request_idx,request_sent_at_utc,first_token_at_utc,full_response_received_at_utc,successful_request,records_in_request,response_token_count,input_token_count,output_token_count,first_token_ms,request_duration_ms,token_generation_duration_sum_ms,token_generation_duration_avg_ms,token_generation_duration_min_ms,token_generation_duration_max_ms,token_generation_duration_stdev_ms,token_generation_duration_p95_ms,inter_token_interval_avg_ms,inter_token_interval_stdev_ms,tokens_per_second,worker_idx,exp_num_users,workload_profile,exclude,consistent,error,response_char_count,success_rate
0,2026-09-18T06:48:53.124+00:00,2026-09-18T06:48:53.245+00:00,2026-09-18T06:48:57.075+00:00,True,68,68.0,,68.0,121.46296400000001,3951.345332,3951.3452270000002,58.10801804411765,16.985158,121.46296400000001,15.277721064537012,78.48986205,57.16242340298508,13.237114563398874,17.209328541674527,0,64,,False,True,,376,87.6246207195492
1,2026-09-18T06:48:53.621+00:00,2026-09-18T06:48:53.768+00:00,2026-09-18T06:48:54.306+00:00,True,10,10.0,,10.0,147.10718599999998,685.7788019999999,685.778686,68.5778686,20.307813,147.10718599999998,32.8540208655867,119.28570919999999,59.85240177777778,18.91575117547903,14.581961371270266,0,64,,False,True,,36,87.6246207195492
2,2026-09-18T06:48:54.059+00:00,2026-09-18T06:48:55.425+00:00,2026-09-18T06:48:59.667+00:00,True,71,71.0,,71.0,1365.1281640000002,5607.8945,5607.89441,78.98442830985915,33.500347000000005,1365.1281640000002,154.99509669172215,69.6987005,60.61094765714286,7.466774977911316,12.660723200124394,0,64,,False,True,,323,87.6246207195492
3,2026-09-18T06:48:54.359+00:00,2026-09-18T06:48:56.947+00:00,2026-09-18T06:49:00.465+00:00,True,59,59.0,,59.0,2588.0397310000003,6106.091315,6106.091204,103.4930712542373,9.032703,2588.0397310000003,329.23890697952396,69.005887,60.65606179310345,11.619940656658859,9.662482422276058,0,64,,False,True,,180,87.6246207195492
4,2026-09-18T06:48:54.763+00:00,2026-09-18T06:48:58.356+00:00,2026-09-18T06:49:03.555+00:00,True,88,88.0,,88.0,3593.1645329999997,8791.964149,8791.964183,99.90868389772727,0.0,3593.1645329999997,376.9190083802872,69.645364,59.75631742528736,13.981606632226217,10.009139995186302,0,64,,False,True,,383,87.6246207195492
5,2026-09-18T06:48:55.166+00:00,2026-09-18T06:48:59.448+00:00,2026-09-18T06:49:04.041+00:00,True,78,78.0,,78.0,4281.668914,8874.795313999999,8874.79532,113.77942717948717,0.0,4281.668914,478.29331229982097,69.7778405,59.65099220779221,15.373348750940854,8.788935095433121,0,64,,False,True,,339,87.6246207195492
6,2026-09-18T06:48:55.535+00:00,2026-09-18T06:49:00.784+00:00,2026-09-18T06:49:05.493+00:00,True,81,81.0,,81.0,5248.908447,9958.302878999999,9958.303016,122.94201254320987,0.0,5248.908447,576.9735449944122,67.287835,58.867430399999996,18.793251186685293,8.13391608833391,0,64,,False,True,,397,87.6246207195492
7,2026-09-18T06:48:56.028+00:00,2026-09-18T06:49:02.855+00:00,2026-09-18T06:49:06.674+00:00,True,65,65.0,,65.0,6827.710693,10645.866981,10645.866928,163.7825681230769,8.081974,6827.710693,839.6379927246218,69.6208584,59.658692,16.74901281465805,6.105655848979465,0,64,,False,True,,251,87.6246207195492
8,2026-09-18T06:48:56.551+00:00,2026-09-18T06:49:04.788+00:00,2026-09-18T06:49:06.558+00:00,True,30,30.0,,30.0,8236.252535,10006.832247,10006.832435,333.56108116666667,9.414662,8236.252535,1492.7434825817525,115.98004424999999,61.0544728275862,22.47397751832612,2.9979517253318457,0,64,,False,True,,139,87.6246207195492
9,2026-09-18T06:48:57.029+00:00,2026-09-18T06:49:06.554+00:00,2026-09-18T06:49:08.527+00:00,True,33,33.0,,33.0,9524.831921,11497.475505,11497.475365,348.40834439393944,0.0,9524.831921,1648.4040343710963,247.9205376,61.645112,60.46511075720423,2.8701952864043085,0,64,,False,True,,136,87.6246207195492
10,2026-09-18T06:48:57.458+00:00,2026-09-18T06:49:07.967+00:00,2026-09-18T06:49:09.798+00:00,True,32,32.0,,32.0,10509.6123,12339.937036000001,12339.937239,385.62303871875,0.0,10509.6123,1847.6448418393638,124.63260565,59.04273341935484,29.485204683148044,2.5932061003751135,0,64,,False,True,,135,87.6246207195492
11,2026-09-18T06:48:57.770+00:00,2026-09-18T06:49:09.214+00:00,2026-09-18T06:49:11.308+00:00,True,36,36.0,,36.0,11443.890054,13537.638277999999,13537.638423999999,376.0455117777778,0.0,11443.890054,1897.5702094101282,102.41474725,59.82137782857143,29.675781263809466,2.659252615613431,0,64,,False,True,,131,87.6246207195492
12,2026-09-18T06:48:58.102+00:00,2026-09-18T06:49:10.461+00:00,2026-09-18T06:49:12.151+00:00,True,29,29.0,,29.0,12359.085014,14049.109206000001,14049.109154,484.45203979310344,0.0,12359.085014,2284.0545929829646,153.0365252,60.35800685714286,33.599715084751075,2.064187812535109,0,64,,False,True,,143,87.6246207195492
13,2026-09-18T06:48:58.527+00:00,2026-09-18T06:49:12.094+00:00,2026-09-18T06:49:14.262+00:00,True,37,37.0,,37.0,13566.162341,15734.496677,15734.496701999999,425.2566676216216,0.0,13566.162341,2220.6155201073825,104.4265242,60.231509333333335,34.07353979227481,2.351521040649809,0,64,,False,True,,73,87.6246207195492
14,2026-09-18T06:48:58.965+00:00,2026-09-18T06:49:13.919+00:00,2026-09-18T06:49:14.909+00:00,True,18,18.0,,18.0,14954.470861,15944.526541,15944.526541,885.8070300555555,38.759558,14954.470861,3511.08405567664,2301.1917345499996,58.2385694117647,7.9321981665352945,1.1289140479470823,0,64,,False,True,,66,87.6246207195492
15,2026-09-18T06:48:59.482+00:00,2026-09-18T06:49:15.512+00:00,2026-09-18T06:49:18.002+00:00,True,43,43.0,,43.0,16029.583793,18519.641521,18519.641426,430.6893354883721,0.0,16029.583793,2435.8083170576174,70.5215666,59.28708876190476,42.437282491486535,2.3218591975034157,0,64,,False,True,,180,87.6246207195492
16,2026-09-18T06:48:59.856+00:00,2026-09-18T06:49:17.074+00:00,2026-09-18T06:49:21.033+00:00,True,66,66.0,,66.0,17217.927134,21176.944606,21176.944687000003,320.86279828787883,0.0,17217.927134,2112.220227946207,82.57874625000001,60.90796110769231,38.032085524272574,3.1165969042248154,0,64,,False,True,,304,87.6246207195492
17,2026-09-18T06:49:00.167+00:00,2026-09-18T06:49:18.066+00:00,2026-09-18T06:49:20.256+00:00,True,36,36.0,,36.0,17899.174099,20088.424403,20088.424451,558.0117903055556,0.0,17899.174099,2973.1875013213953,146.51897549999998,62.55000868571428,50.5102842425272,1.79207683379209,0,64,,False,True,,164,87.6246207195492
18,2026-09-18T06:49:00.613+00:00,2026-09-18T06:49:19.821+00:00,2026-09-18T06:49:24.922+00:00,True,83,83.0,,83.0,19208.257976,24308.986296000003,24308.986237,292.87935225301203,0.0,19208.257976,2102.486012264106,99.5276088,62.20400390243903,63.03333269832695,3.4143752022130798,0,64,,False,True,,340,87.6246207195492
19,2026-09-18T06:49:00.931+00:00,2026-09-18T06:49:21.033+00:00,2026-09-18T06:49:27.087+00:00,True,100,100.0,,100.0,20101.943216,26156.64504,26156.644825,261.56644825,0.0,20101.943216,2004.7472123912646,89.29549130000001,61.158604282828286,52.04098477087578,3.82312027582571,0,64,,False,True,,480,87.6246207195492
20,2026-09-18T06:49:01.314+00:00,2026-09-18T06:49:22.350+00:00,2026-09-18T06:49:26.903+00:00,True,76,76.0,,76.0,21036.08096,25589.293376,25589.293459,336.7012297236842,0.0,21036.08096,2406.353530507935,89.568031,60.709498880000005,39.09787198401865,2.969992132384547,0,64,,False,True,,395,87.6246207195492
21,2026-09-18T06:49:01.834+00:00,2026-09-18T06:49:24.195+00:00,2026-09-18T06:49:24.384+00:00,True,4,4.0,,4.0,22360.129818999998,22549.899290999998,22549.899306,5637.4748265,60.631347999999996,22360.129818999998,11148.436865000871,19015.9873327,63.256490666666664,2.607793747983405,0.1773843842219047,0,64,,False,True,,15,87.6246207195492
22,2026-09-18T06:49:02.365+00:00,2026-09-18T06:49:26.401+00:00,2026-09-18T06:49:31.153+00:00,True,79,79.0,,79.0,24036.211794,28788.657745999997,28788.657823999998,364.41339017721515,0.0,24036.211794,2697.780441025425,75.01895400000001,60.92879425641026,43.75851290673637,2.744136273980212,0,64,,False,True,,353,87.6246207195492
23,2026-09-18T06:49:02.765+00:00,2026-09-18T06:49:27.796+00:00,2026-09-18T06:49:31.340+00:00,True,59,59.0,,59.0,25030.609867,28575.232715,28575.23268,484.3259776271186,0.0,25030.609867,3251.1137726485476,74.8642413,61.11418703448276,48.960183654014656,2.064725092125991,0,64,,False,True,,297,87.6246207195492
24,2026-09-18T06:49:03.090+00:00,2026-09-18T06:49:29.440+00:00,2026-09-18T06:49:34.601+00:00,True,86,86.0,,86.0,26349.855925,31510.690741,31510.690735,366.4033806395349,0.0,26349.855925,2835.252440399521,71.50622975,60.71570371764706,49.17977840781565,2.729232459766471,0,64,,False,True,,337,87.6246207195492
25,2026-09-18T06:49:03.454+00:00,2026-09-18T06:49:30.784+00:00,2026-09-18T06:49:33.462+00:00,True,42,42.0,,42.0,27329.929535,30007.758654999998,30007.758449,714.4704392619047,0.0,27329.929535,4207.532769324108,80.9313488,65.31290536585367,66.39341043755559,1.3996380230484764,0,64,,False,True,,170,87.6246207195492
26,2026-09-18T06:49:03.973+00:00,2026-09-18T06:49:32.602+00:00,2026-09-18T06:49:36.815+00:00,True,70,70.0,,70.0,28628.783090999998,32841.869811,32841.869906,469.16957008571427,0.0,28628.783090999998,3415.516207113577,91.50508389999999,61.05922782608695,84.08268909746477,2.1314255370610575,0,64,,False,True,,293,87.6246207195492
27,2026-09-18T06:49:04.262+00:00,2026-09-18T06:49:33.938+00:00,2026-09-18T06:49:35.945+00:00,True,35,35.0,,35.0,29675.544936000002,31682.330984,31682.330960000003,905.209456,0.01716,29675.544936000002,5006.997919123996,221.9011159,59.023119058823525,95.93069379355109,1.1047166958035843,0,64,,False,True,,200,87.6246207195492
28,2026-09-18T06:49:04.793+00:00,2026-09-18T06:49:35.721+00:00,2026-09-18T06:49:41.679+00:00,True,99,99.0,,99.0,30928.304837,36886.690757,36886.690725,372.5928356060606,0.0,30928.304837,3102.6856804908502,92.4365089,60.799856326530616,49.10895498662433,2.6838948674519614,0,64,,False,True,,465,87.6246207195492
29,2026-09-18T06:49:05.200+00:00,2026-09-18T06:49:37.336+00:00,2026-09-18T06:49:38.987+00:00,True,22,22.0,,22.0,32136.137654,33786.98463,33786.984559,1535.772025409091,0.0,32136.137654,6835.361540964386,475.91397324999997,78.61176076190476,98.36202941160772,0.6511383078697662,0,64,,False,True,,103,87.6246207195492
30,2026-09-18T06:49:05.665+00:00,2026-09-18T06:49:39.056+00:00,2026-09-18T06:49:39.627+00:00,True,11,11.0,,11.0,33390.922576000004,33961.782608,33961.782503,3087.4347730000004,33.664138,33390.922576000004,10050.536509646923,16729.741810000003,57.0860032,12.160955399260125,0.3238934812982653,0,64,,False,True,,74,87.6246207195492
31,2026-09-18T06:49:06.021+00:00,2026-09-18T06:49:40.196+00:00,2026-09-18T06:49:41.550+00:00,True,24,24.0,,24.0,34175.036765,35529.77878099999,35529.778705,1480.4074460416666,36.878172,34175.036765,6963.933622567925,71.02092880000001,58.901826782608694,9.905866088325675,0.6754897109810971,0,64,,False,True,,114,87.6246207195492
32,2026-09-18T06:49:06.425+00:00,2026-09-18T06:49:42.258+00:00,2026-09-18T06:49:48.783+00:00,True,99,99.0,,99.0,35833.113851,42358.525435,42358.525463000005,427.8638935656566,0.0,35833.113851,3595.553030642336,94.63243480000001,66.58583248979592,80.03169027782722,2.33719183997369,0,64,,False,True,,368,87.6246207195492
33,2026-09-18T06:49:06.927+00:00,2026-09-18T06:49:43.921+00:00,2026-09-18T06:49:48.054+00:00,True,68,68.0,,68.0,36994.485535,41127.815711,41127.81579,604.8208204411765,0.0,36994.485535,4479.29408906864,92.91602544999999,61.6914951641791,69.74725617507714,1.6533822383816215,0,64,,False,True,,374,87.6246207195492
34,2026-09-18T06:49:07.382+00:00,2026-09-18T06:49:45.453+00:00,2026-09-18T06:49:50.540+00:00,True,82,82.0,,82.0,38070.614827,43158.084395,43158.084571,526.3181045243903,0.018359999999999998,38070.614827,4197.9054406787,95.64880484999999,62.80826627160494,74.06499710539869,1.8999916504519363,0,64,,False,True,,312,87.6246207195492
35,2026-09-18T06:49:07.898+00:00,2026-09-18T06:49:46.915+00:00,2026-09-18T06:49:50.541+00:00,True,59,59.0,,59.0,39016.147379,42642.363315,42642.363149000004,722.7519177796611,0.01672,39016.147379,5071.889692125773,93.569535,62.5209644137931,75.99075255216367,1.383600612474637,0,64,,False,True,,186,87.6246207195492
36,2026-09-18T06:49:08.222+00:00,2026-09-18T06:49:49.191+00:00,2026-09-18T06:49:52.468+00:00,True,44,44.0,,44.0,40968.739842,44245.972738000004,44245.972746,1005.5902896818183,37.247832,40968.739842,6165.455412566002,96.89960074999999,76.21471851162791,92.32990320733718,0.9944407881038909,0,64,,False,True,,167,87.6246207195492
37,2026-09-18T06:49:08.509+00:00,2026-09-18T06:49:50.076+00:00,2026-09-18T06:49:55.093+00:00,True,81,81.0,,81.0,41566.570922,46583.634858,46583.634827,575.1066028024691,0.0,41566.570922,4612.070453953604,87.24063000000002,62.7132992,70.406677459544,1.738808065255336,0,64,,False,True,,361,87.6246207195492
38,2026-09-18T06:49:08.975+00:00,2026-09-18T06:49:52.467+00:00,2026-09-18T06:49:54.392+00:00,True,39,39.0,,39.0,43492.029076,45416.485268,45416.485115999996,1164.5252593846153,0.0,43492.029076,6956.241224594508,96.95699089999998,50.643584,27.353861386749948,0.8587190261391499,0,64,,False,True,,77,87.6246207195492
39,2026-09-18T06:49:09.302+00:00,2026-09-18T06:49:53.259+00:00,2026-09-18T06:49:56.801+00:00,True,57,57.0,,57.0,43957.113893,47499.717413,47499.717597,833.3283788947368,35.875813,43957.113893,5813.896070410835,93.95836419999999,63.260777142857144,12.500158322901068,1.2000071390824718,0,64,,False,True,,231,87.6246207195492
40,2026-09-18T06:49:09.628+00:00,2026-09-18T06:49:54.773+00:00,2026-09-18T06:49:56.610+00:00,True,31,31.0,,31.0,45144.676206000004,46981.562222,46981.562178,1515.5342638064517,38.953139,45144.676206000004,8097.2350549657895,92.090775,61.229533866666664,12.278195441632494,0.6598333161744815,0,64,,False,True,,139,87.6246207195492
41,2026-09-18T06:49:09.950+00:00,2026-09-18T06:49:56.192+00:00,2026-09-18T06:50:02.702+00:00,True,95,95.0,,95.0,46241.543757,52751.360333,52751.360278,555.2774766105263,0.0,46241.543757,4739.019737928172,95.1896417,69.25336782978724,132.85149699291804,1.8009014251063828,0,64,,False,True,,471,87.6246207195492
42,2026-09-18T06:49:10.417+00:00,2026-09-18T06:49:58.069+00:00,2026-09-18T06:50:00.782+00:00,True,41,41.0,,41.0,47652.659921,50365.739216999995,50365.739406,1228.4326684390244,0.0,47652.659921,7432.3942227489,101.627603,67.8269824,116.60336054647782,0.8140454332130844,0,64,,False,True,,183,87.6246207195492
43,2026-09-18T06:49:10.888+00:00,2026-09-18T06:49:59.919+00:00,2026-09-18T06:50:04.312+00:00,True,73,73.0,,73.0,49031.340362999996,53424.276810999996,53424.276769,731.8394077945205,0.0,49031.340362999996,5733.552078243519,79.5864374,61.013006222222224,152.824400314458,1.3664199940085924,0,64,,False,True,,269,87.6246207195492
44,2026-09-18T06:49:11.394+00:00,2026-09-18T06:50:02.620+00:00,2026-09-18T06:50:05.420+00:00,True,53,53.0,,53.0,51225.957362,54026.096882,54026.096886,1019.3603186037736,0.01663,51225.957362,7029.081819239278,100.96366160000001,53.848836923076924,27.336299815423043,0.9810073845563724,0,64,,False,True,,283,87.6246207195492
45,2026-09-18T06:49:11.899+00:00,2026-09-18T06:50:04.496+00:00,2026-09-18T06:50:08.792+00:00,True,68,68.0,,68.0,52597.473609,56893.618249,56893.618393,836.6708587205883,34.712785000000004,52597.473609,6370.621571146505,100.7336032,64.12156179104478,14.77794154240925,1.19521313800771,0,64,,False,True,,281,87.6246207195492
46,2026-09-18T06:49:12.356+00:00,2026-09-18T06:50:06.164+00:00,2026-09-18T06:50:11.077+00:00,True,78,78.0,,78.0,53808.178531000005,58720.47395500001,58720.473879000005,752.8265881923078,0.0,53808.178531000005,6086.0318500286385,95.421595,63.79604446753247,91.49457004351473,1.328327153145506,0,64,,False,True,,338,87.6246207195492
47,2026-09-18T06:49:12.743+00:00,2026-09-18T06:50:07.698+00:00,2026-09-18T06:50:09.917+00:00,True,25,25.0,,25.0,54954.505071,57174.162031,57174.161896,2286.96647584,0.0,54954.505071,10973.522208022003,690.6673439999998,92.48570666666667,160.03108712276656,0.437260453182417,0,64,,False,True,,109,87.6246207195492
48,2026-09-18T06:49:13.106+00:00,2026-09-18T06:50:09.082+00:00,2026-09-18T06:50:10.667+00:00,True,26,26.0,,26.0,55975.474413,57561.29738900001,57561.297378,2213.896053,0.0,55975.474413,10966.403828393028,643.510508,63.43291904,162.11145170580355,0.4516923901887002,0,64,,False,True,,121,87.6246207195492
49,2026-09-18T06:49:13.537+00:00,2026-09-18T06:50:10.731+00:00,2026-09-18T06:50:14.418+00:00,True,62,62.0,,62.0,57194.085001,60881.057673,60881.057629,981.9525424032258,35.23260500000001,57194.085001,7255.989225512228,89.81727575000001,60.44217495081967,11.732898416305039,1.018379153874264,0,64,,False,True,,268,87.6246207195492
50,2026-09-18T06:49:13.879+00:00,2026-09-18T06:50:11.798+00:00,2026-09-18T06:50:16.048+00:00,True,71,71.0,,71.0,57919.306296999996,62168.52920899999,62168.52903799999,875.6130850422535,35.526994,57919.306296999996,6866.56043610581,72.274427,60.70318445714286,10.250362211602223,1.1420569362564474,0,64,,False,True,,253,87.6246207195492
51,2026-09-18T06:49:14.239+00:00,2026-09-18T06:50:13.182+00:00,2026-09-18T06:50:17.613+00:00,True,72,72.0,,72.0,58943.098673,63373.809713,63373.80978,880.1918025,0.01573,58943.098673,6939.96736639308,100.10963875000002,62.40438084507042,106.84908833482713,1.1361160126882903,0,64,,False,True,,303,87.6246207195492
52,2026-09-18T06:49:14.596+00:00,2026-09-18T06:50:14.771+00:00,2026-09-18T06:50:17.368+00:00,True,42,42.0,,42.0,60174.381097000005,62771.369257000006,62771.36921600001,1494.556409904762,0.01613,60174.381097000005,9276.331195229657,111.97272455000001,63.34117463414634,137.64573359948196,0.6690948516359843,0,64,,False,True,,146,87.6246207195492
53,2026-09-18T06:49:14.988+00:00,2026-09-18T06:50:16.232+00:00,2026-09-18T06:50:21.203+00:00,True,80,80.0,,80.0,61244.295248999995,66215.155281,66215.15531799999,827.689441475,0.0,61244.295248999995,6841.853021596671,96.04547075,62.92227888607595,147.38642759081233,1.2081826231547852,0,64,,False,True,,287,87.6246207195492
54,2026-09-18T06:49:15.347+00:00,2026-09-18T06:50:17.769+00:00,2026-09-18T06:50:23.661+00:00,True,94,94.0,,94.0,62422.44461,68314.467906,68314.46792,726.7496587234042,0.0,62422.44461,6432.534396301678,93.61869700000001,63.35508920430107,94.41009034779903,1.3759896385249317,0,64,,False,True,,486,87.6246207195492
55,2026-09-18T06:49:15.778+00:00,2026-09-18T06:50:19.153+00:00,2026-09-18T06:50:20.607+00:00,True,25,25.0,,25.0,63374.776019000004,64829.259987000005,64829.259965000005,2593.1703986,0.0,63374.776019000004,12664.162103380473,756.3674588,60.60349866666667,187.31261045663192,0.3856283413540918,0,64,,False,True,,146,87.6246207195492
56,2026-09-18T06:49:16.170+00:00,2026-09-18T06:50:20.863+00:00,2026-09-18T06:50:25.705+00:00,True,77,77.0,,77.0,64692.924182999996,69535.009303,69535.009271,903.0520684545454,31.934312000000002,64692.924182999996,7365.1928187117455,94.6959274,63.71164631578947,12.520325277053894,1.1073558596141289,0,64,,False,True,,384,87.6246207195492
57,2026-09-18T06:49:16.563+00:00,2026-09-18T06:50:22.087+00:00,2026-09-18T06:50:24.104+00:00,True,33,33.0,,33.0,65523.933215000005,67541.073951,67541.073774,2046.6992052727273,39.776237,65523.933215000005,11395.286892192958,97.650272,63.035648,13.092338555246592,0.4885915794578716,0,64,,False,True,,118,87.6246207195492
58,2026-09-18T06:49:16.874+00:00,2026-09-18T06:50:23.611+00:00,2026-09-18T06:50:24.225+00:00,True,11,11.0,,11.0,66737.099931,67351.53551500001,67351.53565800001,6122.866878000001,40.847935,66737.099931,20103.470231460284,33412.0397155,61.4435584,12.382858116472278,0.16332218584014563,0,64,,False,True,,67,87.6246207195492
59,2026-09-18T06:49:17.274+00:00,2026-09-18T06:50:25.193+00:00,2026-09-18T06:50:26.964+00:00,True,29,29.0,,29.0,67918.814656,69689.681088,69689.681169,2403.0924541034483,38.489188999999996,67918.814656,12600.469178295465,93.596407,63.24522971428571,12.797840650533624,0.41613047365477995,0,64,,False,True,,121,87.6246207195492
60,2026-09-18T06:49:17.773+00:00,2026-09-18T06:50:26.959+00:00,2026-09-18T06:50:32.249+00:00,True,84,84.0,,84.0,69185.549116,74475.910204,74475.910106,886.6179774523808,0.0,69185.549116,7542.6328372585285,91.99012665000001,63.73929021686747,112.23943767011153,1.1278814823466028,0,64,,False,True,,381,87.6246207195492
61,2026-09-18T06:49:18.100+00:00,2026-09-18T06:50:28.172+00:00,2026-09-18T06:50:30.971+00:00,True,47,47.0,,47.0,70072.14688500001,72870.34131700001,72870.34123300001,1550.4327921914896,38.751418,70072.14688500001,10212.204439369505,77.8875281,60.83031373913044,9.52194236139477,0.6449811974331361,0,64,,False,True,,193,87.6246207195492
62,2026-09-18T06:49:18.584+00:00,2026-09-18T06:50:29.870+00:00,2026-09-18T06:50:34.734+00:00,True,68,68.0,,68.0,71285.803763,76149.724915,76149.72486,1119.848895,0.0,71285.803763,8637.469388027317,93.47431585,72.59583808955225,167.4702303547332,0.8929776184471199,0,64,,False,True,,358,87.6246207195492
63,2026-09-18T06:49:18.975+00:00,2026-09-18T06:50:32.243+00:00,2026-09-18T06:50:36.008+00:00,True,74,74.0,,74.0,73267.586521,77032.61589700001,77032.615875,1040.9812956081082,0.0,73267.586521,8511.921030172329,93.78431385,51.57574487671233,112.45158777945957,0.9606320535569646,0,64,,False,True,,368,87.6246207195492
64,2026-09-18T06:49:19.427+00:00,2026-09-18T06:50:33.166+00:00,2026-09-18T06:50:34.870+00:00,True,28,28.0,,28.0,73738.509779,75442.875091,75442.875084,2694.3883958571428,0.01688,73738.509779,13924.744281072213,713.2260587,63.12464118518518,201.5883334081599,0.37114174090298263,0,64,,False,True,,132,87.6246207195492
65,2026-09-18T06:49:19.716+00:00,2026-09-18T06:50:34.841+00:00,2026-09-18T06:50:37.980+00:00,True,62,62.0,,62.0,75125.125705,78263.285833,78263.285735,1262.3110602419354,0.01801,75125.125705,9534.40584233348,71.83286604999999,51.445248,27.457963526568925,0.792197763486407,0,64,,False,True,,277,87.6246207195492
66,2026-09-18T06:49:20.181+00:00,2026-09-18T06:50:35.778+00:00,2026-09-18T06:50:37.795+00:00,True,35,35.0,,35.0,75596.286471,77613.481223,77613.48133,2217.528038,36.584402000000004,75596.286471,12768.081861030378,81.09221679999999,59.3292574117647,12.252425206271353,0.4509525851499635,0,64,,False,True,,166,87.6246207195492
67,2026-09-18T06:49:20.595+00:00,2026-09-18T06:50:37.670+00:00,2026-09-18T06:50:37.985+00:00,True,6,6.0,,6.0,77074.38196,77390.249096,77390.249008,12898.374834666667,57.802003,77074.38196,31439.69443368419,57822.66353875,63.173427200000006,3.9292710529159476,0.07752914701898946,0,64,,False,True,,29,87.6246207195492
68,2026-09-18T06:49:20.930+00:00,2026-09-18T06:50:38.883+00:00,2026-09-18T06:50:38.883+00:00,True,1,1.0,,1.0,77952.540985,77952.540985,77952.540985,77952.540985,77952.540985,77952.540985,nan,77952.540985,nan,nan,0.01282831819674005,0,64,,False,True,,3,87.6246207195492
69,2026-09-18T06:49:21.592+00:00,2026-09-18T06:50:40.454+00:00,2026-09-18T06:50:43.869+00:00,True,54,54.0,,54.0,78861.35381100001,82276.47496300002,82276.474841,1523.6384229814817,32.642959,78861.35381100001,10722.910379675664,94.74023065,64.4362481509434,13.292131861252978,0.6563236942793669,0,64,,False,True,,323,87.6246207195492
70,2026-09-18T06:49:21.929+00:00,2026-09-18T06:50:42.569+00:00,2026-09-18T06:50:43.052+00:00,True,9,9.0,,9.0,80640.062852,81123.58208400001,81123.582027,9013.731336333334,41.444053,80640.062852,26859.87556221861,48412.0086356,60.439904,8.738675482281153,0.110941846609792,0,64,,False,True,,34,87.6246207195492
71,2026-09-18T06:49:22.361+00:00,2026-09-18T06:50:44.220+00:00,2026-09-18T06:50:46.424+00:00,True,36,36.0,,36.0,81859.415819,84063.159051,84063.159101,2335.0877528055557,0.0,81859.415819,13634.15036920521,366.912181,62.96409234285714,198.8280745809344,0.4282494306234587,0,64,,False,True,,160,87.6246207195492
72,2026-09-18T06:49:22.799+00:00,2026-09-18T06:50:45.792+00:00,2026-09-18T06:50:47.920+00:00,True,37,37.0,,37.0,82992.584204,85121.027852,85121.027806,2300.568319081081,36.355453000000004,82992.584204,13634.181150817516,73.01614020000001,59.12343466666666,10.835984747844606,0.43467520228176676,0,64,,False,True,,158,87.6246207195492
73,2026-09-18T06:49:23.329+00:00,2026-09-18T06:50:47.799+00:00,2026-09-18T06:50:49.965+00:00,True,36,36.0,,36.0,84470.005815,86635.86411899999,86635.864106,2406.5517807222222,39.848966,84470.005815,14068.025367747296,92.87989300000001,61.88166582857143,11.637775438653206,0.4155323013867751,0,64,,False,True,,140,87.6246207195492
74,2026-09-18T06:49:23.827+00:00,2026-09-18T06:50:49.609+00:00,2026-09-18T06:50:51.588+00:00,True,34,34.0,,34.0,85781.82576100001,87761.19088100002,87761.19074800001,2581.2114925882356,37.690191,85781.82576100001,14701.178663832441,78.01885084999999,59.98076121212121,10.345491432847474,0.3874149798867517,0,64,,False,True,,79,87.6246207195492
75,2026-09-18T06:49:24.189+00:00,2026-09-18T06:50:50.853+00:00,2026-09-18T06:50:56.126+00:00,True,85,85.0,,85.0,86663.798931,91936.402835,91936.403033,1081.6047415647058,36.625233,86663.798931,9393.207357636888,90.7188622,62.769094095238096,11.397884024981089,0.9245521619173105,0,64,,False,True,,404,87.6246207195492
76,2026-09-18T06:49:24.527+00:00,2026-09-18T06:50:52.265+00:00,2026-09-18T06:50:53.006+00:00,True,13,13.0,,13.0,87737.579907,88478.99149100001,88478.99145500001,6806.076265769231,40.013995,87737.579907,24316.89309077033,35149.092901200005,61.784298666666665,11.690357732935583,0.1469275336543856,0,64,,False,True,,40,87.6246207195492
77,2026-09-18T06:49:24.953+00:00,2026-09-18T06:50:53.824+00:00,2026-09-18T06:50:59.546+00:00,True,92,92.0,,92.0,88871.038413,94592.773069,94592.77306400001,1028.1823159130436,34.100826999999995,88871.038413,9258.897127684006,89.24179255000001,62.87620501098901,10.752178130814357,0.9725901568917033,0,64,,False,True,,349,87.6246207195492
78,2026-09-18T06:49:25.406+00:00,2026-09-18T06:50:55.180+00:00,2026-09-18T06:50:59.786+00:00,True,76,76.0,,76.0,89774.234735,94380.519535,94380.51948,1241.8489405263158,37.9657,89774.234735,10290.769578007006,69.12797699999999,61.417130666666665,8.70626380952414,0.8052509180331033,0,64,,False,True,,336,87.6246207195492
79,2026-09-18T06:49:25.706+00:00,2026-09-18T06:50:56.558+00:00,2026-09-18T06:51:02.257+00:00,True,93,93.0,,93.0,90852.564191,96551.261663,96551.261635,1038.1856089784947,36.876221,90852.564191,9414.55301151475,73.3753424,61.942363826086954,8.828604084699242,0.9632188994547246,0,64,,False,True,,400,87.6246207195492
80,2026-09-18T06:49:26.088+00:00,2026-09-18T06:50:57.881+00:00,2026-09-18T06:51:00.446+00:00,True,42,42.0,,42.0,91793.589423,94358.475439,94358.475436,2246.6303675238096,33.238239,91793.589423,14154.408794324658,90.02840439999999,62.55819551219513,9.903980789634044,0.4451110491622109,0,64,,False,True,,187,87.6246207195492
81,2026-09-18T06:49:26.377+00:00,2026-09-18T06:50:58.875+00:00,2026-09-18T06:51:03.420+00:00,True,74,74.0,,74.0,92497.74107199999,97042.989072,97042.98913999999,1311.391745135135,37.70684,92497.74107199999,10745.40950690935,77.02995895,62.26367123287671,8.76151656118903,0.7625486468177161,0,64,,True,True,,286,87.6246207195492
82,2026-09-18T06:49:26.829+00:00,2026-09-18T06:51:00.630+00:00,2026-09-18T06:51:06.224+00:00,True,92,92.0,,92.0,93800.597324,99394.833996,99394.833871,1080.3786290326086,37.79918,93800.597324,9772.981198415711,69.0446336,61.475128263736266,6.486337911001356,0.9256014251575932,0,64,,True,True,,425,87.6246207195492
83,2026-09-18T06:49:27.247+00:00,2026-09-18T06:51:02.456+00:00,2026-09-18T06:51:06.039+00:00,True,59,59.0,,59.0,95209.385209,98792.104441,98792.104588,1674.4424506440678,40.379675000000006,95209.385209,12387.166299942272,68.13498460000001,61.771021241379316,7.1478622166982415,0.5972137179771851,0,64,,True,True,,341,87.6246207195492
84,2026-09-18T06:49:27.586+00:00,2026-09-18T06:51:03.486+00:00,2026-09-18T06:51:04.476+00:00,True,17,17.0,,17.0,95899.66218500001,96890.02455300001,96890.024342,5699.413196588236,56.355346,95899.66218500001,23244.072393765102,19234.820623400003,61.897648,3.635279558303121,0.17545665901550883,0,64,,True,True,,62,87.6246207195492
85,2026-09-18T06:49:27.937+00:00,2026-09-18T06:51:04.965+00:00,2026-09-18T06:51:06.450+00:00,True,25,25.0,,25.0,97028.613408,98513.255968,98513.256001,3940.53024004,39.473977,97028.613408,19393.35332285474,91.9177474,61.86010666666667,10.381424823624041,0.2537729542521743,0,64,,True,True,,137,87.6246207195492
86,2026-09-18T06:49:28.409+00:00,2026-09-18T06:51:06.969+00:00,2026-09-18T06:51:10.110+00:00,True,52,52.0,,52.0,98559.773308,101701.39583600001,101701.395924,1955.7960754615385,34.362686000000004,98559.773308,13659.24417514271,84.36737265,61.6004417254902,12.06181008518764,0.5113007503245414,0,64,,True,True,,326,87.6246207195492
87,2026-09-18T06:49:28.789+00:00,2026-09-18T06:51:08.311+00:00,2026-09-18T06:51:13.771+00:00,True,88,88.0,,88.0,99522.29852,104982.05250399999,104982.052436,1192.977868590909,36.391253,99522.29852,10602.427953927061,86.77413494999999,62.75579291954023,10.433815650948075,0.8382385169755283,0,64,,True,True,,350,87.6246207195492
88,2026-09-18T06:49:29.075+00:00,2026-09-18T06:51:09.481+00:00,2026-09-18T06:51:13.958+00:00,True,72,72.0,,72.0,100405.849947,104882.505819,104882.50595199999,1456.7014715555556,37.924099999999996,100405.849947,11825.516002126007,83.98673315,63.05149115492958,9.54406775202971,0.6864824542260014,0,64,,True,True,,340,87.6246207195492
89,2026-09-18T06:49:29.465+00:00,2026-09-18T06:51:11.214+00:00,2026-09-18T06:51:16.330+00:00,True,82,82.0,,82.0,101748.109925,106864.288357,106864.28833699999,1303.2230285,33.921467,101748.109925,11229.226916604053,78.69141465,63.16269669135802,8.280465467708172,0.7673283681641502,0,64,,True,True,,463,87.6246207195492
90,2026-09-18T06:49:29.918+00:00,2026-09-18T06:51:12.634+00:00,2026-09-18T06:51:14.646+00:00,True,33,33.0,,33.0,102715.607568,104727.482384,104727.48230500001,3173.560069848485,37.7736,102715.607568,17869.549480317353,78.66487839999999,62.871088,8.002785916807818,0.3151035358512701,0,64,,True,True,,169,87.6246207195492
91,2026-09-18T06:49:30.384+00:00,2026-09-18T06:51:14.208+00:00,2026-09-18T06:51:15.962+00:00,True,29,29.0,,29.0,103824.800419,105578.374563,105578.374404,3640.6336001379314,56.536395,103824.800419,19268.152050821765,69.4839776,62.627648,3.387085512311378,0.2746774623120885,0,64,,True,True,,126,87.6246207195492
92,2026-09-18T06:49:30.722+00:00,2026-09-18T06:51:15.517+00:00,2026-09-18T06:51:16.924+00:00,True,23,23.0,,23.0,104795.382866,106201.945426,106201.945463,4617.475889695652,56.589535000000005,104795.382866,21838.017997769366,94.55933370000001,63.93466181818182,8.124143409423658,0.2165685374946928,0,64,,True,True,,124,87.6246207195492
93,2026-09-18T06:49:31.014+00:00,2026-09-18T06:51:16.859+00:00,2026-09-18T06:51:17.320+00:00,True,8,8.0,,8.0,105844.766546,106306.001746,106306.001922,13288.25024025,57.091374,105844.766546,37398.48215393135,68832.3562083,65.89074285714285,13.109596304044905,0.07525445288700286,0,64,,True,True,,44,87.6246207195492
94,2026-09-18T06:49:31.405+00:00,2026-09-18T06:51:18.356+00:00,2026-09-18T06:51:18.356+00:00,True,1,1.0,,1.0,106951.32899,106951.32899,106951.32899,106951.32899,106951.32899,106951.32899,nan,106951.32899,nan,nan,0.009350047441612441,0,64,,True,True,,1,87.6246207195492
95,2026-09-18T06:49:31.743+00:00,2026-09-18T06:51:19.362+00:00,2026-09-18T06:51:22.675+00:00,True,54,54.0,,54.0,107618.657418,110931.278474,110931.27843800001,2054.282934037037,38.177178999999995,107618.657418,14636.542790464553,89.94792,62.5022840754717,10.882888909558712,0.4867878631062246,0,64,,True,True,,278,87.6246207195492
96,2026-09-18T06:49:32.227+00:00,2026-09-18T06:51:21.487+00:00,2026-09-18T06:51:27.311+00:00,True,93,93.0,,93.0,109259.931264,115083.964544,115083.964657,1237.4619855591397,35.066076,109259.931264,11323.168495846767,91.9539774,63.304709565217394,11.52308178564969,0.8081056328611563,0,64,,True,True,,457,87.6246207195492
97,2026-09-18T06:49:32.679+00:00,2026-09-18T06:51:23.321+00:00,2026-09-18T06:51:26.604+00:00,True,53,53.0,,53.0,110641.62037199999,113924.98856399998,113924.98877599998,2149.5280901132073,35.777254,110641.62037199999,15189.12502441108,87.30776979999999,63.141696,9.368209229634278,0.4652183921021509,0,64,,True,True,,274,87.6246207195492
98,2026-09-18T06:49:33.008+00:00,2026-09-18T06:51:24.519+00:00,2026-09-18T06:51:27.665+00:00,True,52,52.0,,52.0,111511.291515,114657.309307,114657.30932300001,2204.9482562115386,38.920158,111511.291515,15455.282819462285,90.33659089999999,61.68662337254902,10.344290956411353,0.45352538197776565,0,64,,True,True,,245,87.6246207195492
99,2026-09-18T06:49:33.408+00:00,2026-09-18T06:51:26.024+00:00,2026-09-18T06:51:28.162+00:00,True,35,35.0,,35.0,112616.006194,114753.889842,114753.889947,3278.682569914286,38.09837,112616.006194,19024.954498968422,90.20208279999999,62.878930823529416,11.915428622252362,0.3050005542138056,0,64,,True,True,,116,87.6246207195492
100,2026-09-18T06:49:33.729+00:00,2026-09-18T06:51:27.538+00:00,2026-09-18T06:51:31.161+00:00,True,59,59.0,,59.0,113809.03540800001,117431.79739200001,117431.79741300001,1990.3694476779663,36.917532,113809.03540800001,14808.548042555707,93.0547424,62.46141351724138,12.811624619402552,0.5024192877083508,0,64,,True,True,,322,87.6246207195492
101,2026-09-18T06:49:34.102+00:00,2026-09-18T06:51:28.943+00:00,2026-09-18T06:51:30.027+00:00,True,19,19.0,,19.0,114840.110803,115924.510419,115924.510436,6101.290022947369,37.92507,114840.110803,26332.310602390786,11569.758169,60.24442311111111,13.61344265493753,0.16389976486703284,0,64,,True,True,,83,87.6246207195492
102,2026-09-18T06:49:34.576+00:00,2026-09-18T06:51:31.096+00:00,2026-09-18T06:51:35.579+00:00,True,71,71.0,,71.0,116519.356558,121002.813326,121002.813431,1704.2649779014084,36.877802,116519.356558,13820.70867115552,92.33168900000001,64.0493824,13.41313078683045,0.586763216890794,0,64,,True,True,,341,87.6246207195492
103,2026-09-18T06:49:35.185+00:00,2026-09-18T06:51:33.539+00:00,2026-09-18T06:51:37.255+00:00,True,60,60.0,,60.0,118354.13786599999,122069.99860199999,122069.99847899999,2034.4999746499998,35.083825,118354.13786599999,15271.327473402733,94.988397,62.98069044067796,12.146065143892327,0.4915212639235416,0,64,,True,True,,260,87.6246207195492
104,2026-09-18T06:49:35.341+00:00,2026-09-18T06:51:34.354+00:00,2026-09-18T06:51:37.927+00:00,True,59,59.0,,59.0,119013.210184,122586.00762399999,122586.007743,2077.72894479661,36.278223,119013.210184,15486.184694833488,94.21310950000002,61.59995586206897,11.367372276836713,0.4812947345586686,0,64,,True,True,,297,87.6246207195492
105,2026-09-18T06:49:35.697+00:00,2026-09-18T06:51:35.894+00:00,2026-09-18T06:51:38.660+00:00,True,45,45.0,,45.0,120196.547252,122962.329268,122962.329384,2732.4962085333336,38.423218999999996,120196.547252,17908.475609155143,91.5255206,62.85868218181818,9.899994849954044,0.36596574144200844,0,64,,True,True,,230,87.6246207195492
106,2026-09-18T06:49:35.998+00:00,2026-09-18T06:51:37.007+00:00,2026-09-18T06:51:39.469+00:00,True,40,40.0,,40.0,121008.327179,123470.360843,123470.360912,3086.7590228,40.619584,121008.327179,19123.11790312618,90.6828844,63.12906830769231,10.849630288894742,0.32396438891810164,0,64,,True,True,,181,87.6246207195492
107,2026-09-18T06:49:36.449+00:00,2026-09-18T06:51:39.021+00:00,2026-09-18T06:51:43.884+00:00,True,80,80.0,,80.0,122571.662783,127435.52915100001,127435.529171,1592.9441146375,36.144163999999996,122571.662783,13697.048286041556,70.88983049999999,61.56792870886076,9.546698650054248,0.6277684138244285,0,64,,True,True,,274,87.6246207195492
108,2026-09-18T06:49:36.861+00:00,2026-09-18T06:51:40.747+00:00,2026-09-18T06:51:45.087+00:00,True,72,72.0,,72.0,123885.98476800001,128226.29478400001,128226.29470900001,1780.9207598472224,37.22057100000001,123885.98476800001,14592.901780026637,72.70183784999999,61.131126985915486,9.155706395854006,0.5615072955300282,0,64,,True,True,,389,87.6246207195492
109,2026-09-18T06:49:37.295+00:00,2026-09-18T06:51:42.275+00:00,2026-09-18T06:51:43.262+00:00,True,17,17.0,,17.0,124979.612441,125966.985753,125966.985784,7409.822693176471,40.700735,124979.612441,30297.04201615907,25051.238249800004,61.710832,6.5888104688250975,0.13495599579824932,0,64,,True,True,,71,87.6246207195492
110,2026-09-18T06:49:37.638+00:00,2026-09-18T06:51:43.639+00:00,2026-09-18T06:51:43.883+00:00,True,5,5.0,,5.0,126001.17306900001,126244.39790100002,126244.39800900001,25248.879601800003,57.211844,126001.17306900001,56322.2443275164,100813.6759056,60.806208,2.928563492706962,0.0396057178229878,0,64,,True,True,,19,87.6246207195492
111,2026-09-18T06:49:38.120+00:00,2026-09-18T06:51:45.315+00:00,2026-09-18T06:51:50.549+00:00,True,88,88.0,,88.0,127194.59771799999,132429.012822,132429.01277099998,1504.8751451249998,36.518332,127194.59771799999,13552.57901966467,70.480697,60.16569085057471,9.113199608969142,0.6645069545166984,0,64,,True,True,,431,87.6246207195492
112,2026-09-18T06:49:38.621+00:00,2026-09-18T06:51:47.089+00:00,2026-09-18T06:51:48.279+00:00,True,21,21.0,,21.0,128467.92727500001,129657.83882700001,129657.83876700001,6174.182798428572,37.784559,128467.92727500001,28021.019197840153,71.975356,59.495577600000004,11.245361077420336,0.16196475423302328,0,64,,True,True,,72,87.6246207195492
113,2026-09-18T06:49:39.117+00:00,2026-09-18T06:51:49.077+00:00,2026-09-18T06:51:50.676+00:00,True,28,28.0,,28.0,129960.308294,131559.085382,131559.08545400001,4698.538766214286,38.677628,129960.308294,24549.00050635606,69.21163324999999,59.213966222222226,7.744709663062678,0.21283212724304165,0,64,,True,True,,118,87.6246207195492
114,2026-09-18T06:49:39.640+00:00,2026-09-18T06:51:50.801+00:00,2026-09-18T06:51:54.206+00:00,True,54,54.0,,54.0,131161.295554,134565.977538,134565.97762800002,2491.962548666667,36.961701,131161.295554,17840.052862947286,94.96097015,64.23928271698114,10.7210446175128,0.4012901402566706,0,64,,True,True,,204,87.6246207195492
115,2026-09-18T06:49:40.117+00:00,2026-09-18T06:51:52.562+00:00,2026-09-18T06:51:53.001+00:00,True,8,8.0,,8.0,132444.292734,132883.23442999998,132883.234576,16610.404322,59.256699999999995,132444.292734,46803.9588891503,86111.39886624999,62.70595657142857,2.0703247242310288,0.06020323056039268,0,64,,True,True,,36,87.6246207195492
116,2026-09-18T06:49:40.525+00:00,2026-09-18T06:51:53.894+00:00,2026-09-18T06:51:57.132+00:00,True,55,55.0,,55.0,133368.962553,136606.680825,136606.680918,2483.757834872727,40.730024,133368.962553,17975.385895783566,81.0404979,59.957745777777774,11.08525301619365,0.40261574081034707,0,64,,True,True,,218,87.6246207195492
117,2026-09-18T06:49:40.902+00:00,2026-09-18T06:51:55.556+00:00,2026-09-18T06:51:57.652+00:00,True,37,37.0,,37.0,134653.649431,136749.726999,136749.727004,3695.9385676756756,35.004765,134653.649431,22127.354414296206,73.0792838,58.22437688888889,11.368830970308073,0.27056726775235584,0,64,,True,True,,160,87.6246207195492
118,2026-09-18T06:49:41.390+00:00,2026-09-18T06:51:57.649+00:00,2026-09-18T06:52:00.221+00:00,True,43,43.0,,43.0,136259.24684799998,138831.13292799998,138831.13277399997,3228.6309947441855,40.433553999999994,136259.24684799998,20770.00267462321,67.19825010000001,61.23538285714286,5.232846665205677,0.30972879852749224,0,64,,True,True,,181,87.6246207195492
119,2026-09-18T06:49:41.917+00:00,2026-09-18T06:51:59.539+00:00,2026-09-18T06:52:04.544+00:00,True,81,81.0,,81.0,137622.470767,142627.252591,142627.25263899998,1760.830279493827,35.117715,137622.470767,15284.438576648883,92.103999,62.5597728,11.157894759304998,0.5679139051516108,0,64,,True,True,,437,87.6246207195492
120,2026-09-18T06:49:42.441+00:00,2026-09-18T06:52:01.225+00:00,2026-09-18T06:52:07.125+00:00,True,95,95.0,,95.0,138784.439901,144683.797341,144683.797436,1522.987341431579,35.177224,138784.439901,14232.54905854027,93.24851699999999,62.75912170212766,11.890638605771954,0.6566042759860521,0,64,,True,True,,452,87.6246207195492
121,2026-09-18T06:49:42.917+00:00,2026-09-18T06:52:03.223+00:00,2026-09-18T06:52:05.193+00:00,True,32,32.0,,32.0,140305.908297,142276.454729,142276.45483499998,4446.139213593749,44.821877,140305.908297,24791.579125291624,88.17449965,63.56601393548387,8.212698209428284,0.22491423518354994,0,64,,True,True,,119,87.6246207195492
122,2026-09-18T06:49:43.223+00:00,2026-09-18T06:52:04.296+00:00,2026-09-18T06:52:08.063+00:00,True,61,61.0,,61.0,141072.992452,144840.475588,144840.47545,2374.434023770492,34.617125,141072.992452,18054.50977848754,91.564369,62.7913856,11.489570445497671,0.42115299437095904,0,64,,True,True,,247,87.6246207195492
123,2026-09-18T06:49:43.566+00:00,2026-09-18T06:52:05.598+00:00,2026-09-18T06:52:10.723+00:00,True,84,84.0,,84.0,142032.37149700001,147157.550121,147157.550166,1751.8755972142858,35.434504000000004,142032.37149700001,15490.268384750576,88.04552265000001,61.74914004819277,10.538578999401453,0.5708167873882867,0,64,,True,True,,418,87.6246207195492
124,2026-09-18T06:49:43.865+00:00,2026-09-18T06:52:06.788+00:00,2026-09-18T06:52:11.350+00:00,True,75,75.0,,75.0,142922.823722,147485.48817,147485.488139,1966.4731751866666,34.832235999999995,142922.823722,16496.18933116638,80.333958,61.65762767567568,9.661164200072598,0.5085246076112303,0,64,,True,True,,315,87.6246207195492
125,2026-09-18T06:49:44.154+00:00,2026-09-18T06:52:07.998+00:00,2026-09-18T06:52:11.567+00:00,True,59,59.0,,59.0,143844.412739,147412.764995,147412.76475899998,2498.52143659322,36.508522,143844.412739,18718.939563039516,70.595512,61.523314758620685,8.21306793855337,0.40023670950070833,0,64,,True,True,,220,87.6246207195492
126,2026-09-18T06:49:44.501+00:00,2026-09-18T06:52:09.314+00:00,2026-09-18T06:52:11.669+00:00,True,40,40.0,,40.0,144812.11536899998,147167.57853699996,147167.578609,3679.1894652249994,39.562106,144812.11536899998,22887.2581629817,70.38376054999999,60.39649148717949,9.245241241748179,0.2717989953877202,0,64,,True,True,,79,87.6246207195492
127,2026-09-18T06:49:44.986+00:00,2026-09-18T06:52:11.218+00:00,2026-09-18T06:52:17.432+00:00,True,100,100.0,,100.0,146231.340065,152445.837601,152445.837493,1524.45837493,36.496322,146231.340065,14616.861323103969,91.35911,62.772702383838386,11.638548260474412,0.6559706816117361,0,64,,True,True,,541,87.6246207195492
128,2026-09-18T06:49:45.459+00:00,2026-09-18T06:52:13.124+00:00,2026-09-18T06:52:19.294+00:00,True,99,99.0,,99.0,147664.89999399998,153835.12668199997,153835.12664399997,1553.890168121212,36.763011,147664.89999399998,14834.558426954854,93.1233868,62.96149681632653,12.778335632091562,0.6435461271771022,0,64,,True,True,,417,87.6246207195492
129,2026-09-18T06:49:45.836+00:00,2026-09-18T06:52:14.518+00:00,2026-09-18T06:52:16.530+00:00,True,34,34.0,,34.0,148682.637499,150694.697147,150694.697171,4432.196975617647,36.228063,148682.637499,25488.40792910232,83.60262555,60.97150448484849,11.440287257921094,0.2256217414660159,0,64,,True,True,,93,87.6246207195492
130,2026-09-18T06:49:46.185+00:00,2026-09-18T06:52:16.006+00:00,2026-09-18T06:52:22.131+00:00,True,97,97.0,,97.0,149821.641921,155946.575809,155946.575875,1607.6966585051546,38.895936999999996,149821.641921,15205.609959022768,93.3762378,63.80139466666667,12.4593666592073,0.622007886334122,0,64,,True,True,,415,87.6246207195492
131,2026-09-18T06:49:46.595+00:00,2026-09-18T06:52:17.710+00:00,2026-09-18T06:52:21.131+00:00,True,54,54.0,,54.0,151115.09143200002,154536.04759200002,154536.04758600003,2861.7786590000005,39.821826,151115.09143200002,20555.379532256393,95.52490460000001,64.54634264150944,12.832667887197818,0.34943303417833405,0,64,,True,True,,268,87.6246207195492
132,2026-09-18T06:49:46.985+00:00,2026-09-18T06:52:18.985+00:00,2026-09-18T06:52:23.575+00:00,True,73,73.0,,73.0,151999.74712599997,156589.14514199996,156589.14506199997,2145.0567816712323,39.962785000000004,151999.74712599997,17782.768430404307,94.1233886,63.74163911111111,12.082456035705533,0.46618812519732,0,64,,True,True,,388,87.6246207195492
133,2026-09-18T06:49:47.341+00:00,2026-09-18T06:52:20.426+00:00,2026-09-18T06:52:24.663+00:00,True,68,68.0,,68.0,153084.860866,157321.62477,157321.62489,2313.5533072058824,37.62041000000001,153084.860866,18556.60157249917,92.56471290000002,63.235282149253734,11.91821798814645,0.43223555629694377,0,64,,True,True,,308,87.6246207195492
134,2026-09-18T06:49:47.675+00:00,2026-09-18T06:52:21.590+00:00,2026-09-18T06:52:25.857+00:00,True,68,68.0,,68.0,153915.017203,158182.83774699998,158182.83754799998,2326.218199235294,35.342124000000005,153915.017203,18657.215832716003,89.61989849999998,63.698814089552236,10.657143498903643,0.429882286653374,0,64,,True,True,,312,87.6246207195492
135,2026-09-18T06:49:47.972+00:00,2026-09-18T06:52:22.785+00:00,2026-09-18T06:52:28.057+00:00,True,84,84.0,,84.0,154813.123944,160085.19741599998,160085.197417,1905.7761597261904,38.585528,154813.123944,16884.56905135824,87.52831805,63.5189574939759,9.945594107247675,0.5247205947575293,0,64,,True,True,,430,87.6246207195492
136,2026-09-18T06:49:48.767+00:00,2026-09-18T06:52:23.824+00:00,2026-09-18T06:52:25.728+00:00,True,31,31.0,,31.0,155057.205593,156960.62319299998,156960.623215,5063.24591016129,37.672699,155057.205593,27837.70331966948,94.97325799999999,63.447253333333336,12.097382678950357,0.197501764260213,0,64,,True,True,,134,87.6246207195492
137,2026-09-18T06:49:48.871+00:00,2026-09-18T06:52:25.193+00:00,2026-09-18T06:52:26.541+00:00,True,22,22.0,,22.0,156321.536784,157669.243152,157669.243262,7166.783784636364,57.811692,156321.536784,33314.18174582759,88.823317,64.17649371428571,6.463834328653738,0.1395326035705711,0,64,,True,True,,103,87.6246207195492
138,2026-09-18T06:49:49.179+00:00,2026-09-18T06:52:27.015+00:00,2026-09-18T06:52:29.730+00:00,True,44,44.0,,44.0,157835.783116,160550.998732,160550.99869500002,3648.886333977273,39.409985999999996,157835.783116,23785.122550318127,85.1164473,63.144549209302326,10.707932068394497,0.27405622106061805,0,64,,True,True,,183,87.6246207195492
139,2026-09-18T06:49:49.514+00:00,2026-09-18T06:52:28.519+00:00,2026-09-18T06:52:31.686+00:00,True,52,52.0,,52.0,159005.05742,162172.618636,162172.618645,3118.7042047115383,34.971555,159005.05742,22041.423754829524,84.61310445,62.109043450980394,10.794853851944529,0.32064599090377355,0,64,,True,True,,142,87.6246207195492
140,2026-09-18T06:49:49.811+00:00,2026-09-18T06:52:29.674+00:00,2026-09-18T06:52:35.933+00:00,True,99,99.0,,99.0,159862.90802399997,166122.66379999998,166122.66364599997,1678.0067034949493,36.340562,159862.90802399997,16060.412438724683,95.1466894,63.87505893877551,13.165807720425123,0.5959451753024443,0,64,,True,True,,360,87.6246207195492
141,2026-09-18T06:49:50.212+00:00,2026-09-18T06:52:31.231+00:00,2026-09-18T06:52:36.659+00:00,True,84,84.0,,84.0,161018.68920300002,166446.58091500003,166446.58098600002,1981.5069165000002,37.680199,161018.68920300002,17561.4500420901,98.28536394999999,65.39628568674698,14.652069235544458,0.5046664193294342,0,64,,True,True,,327,87.6246207195492
142,2026-09-18T06:49:50.618+00:00,2026-09-18T06:52:32.826+00:00,2026-09-18T06:52:37.334+00:00,True,71,71.0,,71.0,162207.718689,166716.240929,166716.240805,2348.1160676760564,33.965196000000006,162207.718689,19242.8762865225,99.351485,64.40746057142857,14.667088274495612,0.4258733258641371,0,64,,True,True,,348,87.6246207195492
143,2026-09-18T06:49:51.062+00:00,2026-09-18T06:52:34.789+00:00,2026-09-18T06:52:34.994+00:00,True,5,5.0,,5.0,163726.413229,163931.691949,163931.692036,32786.3384072,38.400898,163726.413229,73197.72797745971,130993.77904580001,51.31968,13.308168908412908,0.03050050872137357,0,64,,True,True,,19,87.6246207195492
144,2026-09-18T06:49:51.480+00:00,2026-09-18T06:52:36.490+00:00,2026-09-18T06:52:37.606+00:00,True,18,18.0,,18.0,165010.717507,166126.777411,166126.777427,9229.26541261111,34.705826,165010.717507,38877.929820353056,24847.250034049997,65.6505825882353,19.71645977540354,0.10835098519649092,0,64,,True,True,,66,87.6246207195492
145,2026-09-18T06:49:51.834+00:00,2026-09-18T06:52:37.730+00:00,2026-09-18T06:52:40.467+00:00,True,46,46.0,,46.0,165896.21891,168632.757278,168632.7572,3665.929504347826,34.778906,165896.21891,24451.09890760668,73.69171525,60.811963733333336,10.26649818763381,0.2727821138817446,0,64,,True,True,,169,87.6246207195492
146,2026-09-18T06:49:52.216+00:00,2026-09-18T06:52:39.126+00:00,2026-09-18T06:52:41.326+00:00,True,37,37.0,,37.0,166909.341475,169109.511715,169109.511865,4570.527347702702,35.284304,166909.341475,27429.681425930932,77.9612626,61.11584,10.88178226067069,0.21879313366096192,0,64,,True,True,,147,87.6246207195492
147,2026-09-18T06:49:52.548+00:00,2026-09-18T06:52:40.429+00:00,2026-09-18T06:52:45.294+00:00,True,78,78.0,,78.0,167880.527408,172746.200112,172746.20019899998,2214.694874346154,40.636175,167880.527408,19001.57467447951,90.74487090000001,63.190554597402596,10.800390439318635,0.4515294689517263,0,64,,True,True,,354,87.6246207195492
148,2026-09-18T06:49:52.950+00:00,2026-09-18T06:52:41.983+00:00,2026-09-18T06:52:46.528+00:00,True,74,74.0,,74.0,169032.543515,173577.305883,173577.306053,2345.6392709864863,37.564800000000005,169032.543515,19642.400016752723,89.691446,62.25701873972603,11.2790425426136,0.4263230128129757,0,64,,True,True,,364,87.6246207195492
149,2026-09-18T06:49:53.410+00:00,2026-09-18T06:52:43.919+00:00,2026-09-18T06:52:45.288+00:00,True,23,23.0,,23.0,170508.572984,171878.220856,171878.220811,7472.966122217391,40.978533999999996,170508.572984,35540.51593038342,103.20582490000001,62.256721454545456,12.700928234134974,0.1338156741759007,0,64,,True,True,,115,87.6246207195492
150,2026-09-18T06:49:53.801+00:00,2026-09-18T06:52:45.222+00:00,2026-09-18T06:52:50.872+00:00,True,91,91.0,,91.0,171421.385675,177071.787211,177071.787314,1945.8438166373626,36.583372000000004,171421.385675,17963.266399664524,90.9721255,62.78223928888889,11.807436127338105,0.5139158610940305,0,64,,True,True,,442,87.6246207195492
151,2026-09-18T06:49:54.231+00:00,2026-09-18T06:52:46.972+00:00,2026-09-18T06:52:50.747+00:00,True,61,61.0,,61.0,172740.932127,176516.147999,176516.147972,2893.707343803279,33.578538,172740.932127,22109.15737043824,93.645835,62.92026453333333,12.542702565732732,0.34557744824765596,0,64,,True,True,,415,87.6246207195492
152,2026-09-18T06:49:54.694+00:00,2026-09-18T06:52:48.942+00:00,2026-09-18T06:52:48.942+00:00,True,1,1.0,,1.0,174247.67207899998,174247.67207899998,174247.67207899998,174247.67207899998,174247.67207899998,174247.67207899998,nan,174247.67207899998,nan,nan,0.005738957588751157,0,64,,True,True,,2,87.6246207195492
153,2026-09-18T06:49:54.983+00:00,2026-09-18T06:52:49.902+00:00,2026-09-18T06:52:56.046+00:00,True,95,95.0,,95.0,174918.748499,181063.157587,181063.157801,1905.9279768526317,38.02347,174918.748499,17939.583407823666,95.8831697,65.36605412765958,13.317178782724897,0.5246787986360668,0,64,,True,True,,503,87.6246207195492
154,2026-09-18T06:49:55.381+00:00,2026-09-18T06:52:51.525+00:00,2026-09-18T06:52:53.485+00:00,True,31,31.0,,31.0,176143.978351,178103.420783,178103.420981,5745.2716445483875,41.489972,176143.978351,31624.663819719743,95.1436575,65.31474773333333,12.170961899654221,0.17405617401234638,0,64,,True,True,,143,87.6246207195492
155,2026-09-18T06:49:55.878+00:00,2026-09-18T06:52:53.486+00:00,2026-09-18T06:52:57.007+00:00,True,54,54.0,,54.0,177608.023595,181129.739563,181129.739517,3354.2544355,37.619930000000004,177608.023595,24160.3522173771,98.43844765,66.44747109433962,13.866737780765567,0.29812884471805845,0,64,,True,True,,243,87.6246207195492
156,2026-09-18T06:49:56.397+00:00,2026-09-18T06:52:55.420+00:00,2026-09-18T06:53:01.288+00:00,True,93,93.0,,93.0,179022.86740000002,184891.295432,184891.29549800002,1988.0784462150539,36.796292,179022.86740000002,18557.19596296312,95.19046759999999,63.787261217391304,11.971172267201968,0.5029982605871453,0,64,,True,True,,396,87.6246207195492
157,2026-09-18T06:49:56.885+00:00,2026-09-18T06:52:57.176+00:00,2026-09-18T06:53:02.956+00:00,True,93,93.0,,93.0,180291.00084,186071.05178399998,186071.051823,2000.7639980967742,36.020373,180291.00084,18688.7940207952,90.413115,62.82664069565217,10.564317944944378,0.499809073514341,0,64,,True,True,,402,87.6246207195492
158,2026-09-18T06:49:57.192+00:00,2026-09-18T06:52:58.394+00:00,2026-09-18T06:53:00.342+00:00,True,32,32.0,,32.0,181202.26857100002,183149.98978700003,183149.98961200003,5723.437175375001,36.611122,181202.26857100002,32021.23431415398,98.12269835,62.82971664516129,13.91194209590231,0.17472018446310258,0,64,,True,True,,178,87.6246207195492
159,2026-09-18T06:49:57.710+00:00,2026-09-18T06:53:00.110+00:00,2026-09-18T06:53:02.950+00:00,True,47,47.0,,47.0,182399.494891,185239.49130700002,185239.491397,3941.2657744042554,39.798116,182399.494891,26596.695869880736,69.56422060000001,61.73905252173913,6.013459003935642,0.2537255941936606,0,64,,True,True,,227,87.6246207195492
160,2026-09-18T06:49:58.106+00:00,2026-09-18T06:53:01.863+00:00,2026-09-18T06:53:06.219+00:00,True,73,73.0,,73.0,183757.255007,188112.568415,188112.568651,2576.884502068493,37.102131,183757.255007,21500.08140220293,70.0380732,60.490464,7.656193217121337,0.3880655110665057,0,64,,True,True,,351,87.6246207195492
161,2026-09-18T06:49:58.479+00:00,2026-09-18T06:53:03.553+00:00,2026-09-18T06:53:08.957+00:00,True,91,91.0,,91.0,185073.985058,190477.51197,190477.511914,2093.1594715824176,36.589072,185073.985058,19394.733805751006,67.76233350000001,60.03918791111111,9.706478946783536,0.47774668546874133,0,64,,True,True,,450,87.6246207195492
162,2026-09-18T06:49:58.902+00:00,2026-09-18T06:53:04.977+00:00,2026-09-18T06:53:08.853+00:00,True,66,66.0,,66.0,186074.62432,189951.148864,189951.148978,2878.047711787879,33.972617,186074.62432,22896.864643583238,72.35803775,59.638839138461535,11.281449803906598,0.34745775634794535,0,64,,True,True,,270,87.6246207195492
163,2026-09-18T06:49:59.313+00:00,2026-09-18T06:53:06.328+00:00,2026-09-18T06:53:11.016+00:00,True,80,80.0,,80.0,187014.310894,191702.808814,191702.80870599998,2396.285108825,35.507254,187014.310894,20902.202865164545,68.12337079999999,59.34807493670886,10.462415794121908,0.4173126126577527,0,64,,True,True,,331,87.6246207195492
164,2026-09-18T06:49:59.831+00:00,2026-09-18T06:53:08.438+00:00,2026-09-18T06:53:10.645+00:00,True,38,38.0,,38.0,188606.28733700002,190813.713129,190813.713244,5021.413506421053,34.176546,188606.28733700002,30586.30361262365,72.65283355000001,59.66015654054054,10.645491023483455,0.19914711252597458,0,64,,True,True,,165,87.6246207195492
165,2026-09-18T06:50:00.229+00:00,2026-09-18T06:53:10.298+00:00,2026-09-18T06:53:11.505+00:00,True,21,21.0,,21.0,190068.789786,191276.42089,191276.420961,9108.400998142857,36.490182,190068.789786,41463.23476873903,69.90245,60.3815552,8.347665992635948,0.10978875442298643,0,64,,True,True,,80,87.6246207195492
166,2026-09-18T06:50:00.573+00:00,2026-09-18T06:53:11.566+00:00,2026-09-18T06:53:17.371+00:00,True,93,93.0,,93.0,190992.918162,196798.29211399998,196798.291998,2116.110666645161,36.52641199999999,190992.918162,19798.503316433846,92.95642220000002,63.1018907826087,12.105424104569522,0.4725650766630006,0,64,,True,True,,455,87.6246207195492
167,2026-09-18T06:50:00.964+00:00,2026-09-18T06:53:12.845+00:00,2026-09-18T06:53:17.204+00:00,True,70,70.0,,70.0,191880.310956,196240.114092,196240.114052,2803.4302007428573,37.18737,191880.310956,22926.534581998643,92.07476495,63.18555269565217,11.770516843604247,0.35670586680959154,0,64,,True,True,,306,87.6246207195492
168,2026-09-18T06:50:01.315+00:00,2026-09-18T06:53:13.964+00:00,2026-09-18T06:53:17.372+00:00,True,55,55.0,,55.0,192648.528103,196057.353959,196057.353745,3564.679159,35.524383,192648.528103,25968.213286502443,92.6959,63.12640474074074,12.638357044288911,0.2805301555355161,0,64,,True,True,,249,87.6246207195492
171,2026-09-18T06:50:02.686+00:00,2026-09-18T06:53:15.886+00:00,2026-09-18T06:53:18.758+00:00,True,46,46.0,,46.0,193199.26516299997,196071.144843,196071.14503699998,4262.416196456521,36.583650999999996,193199.26516299997,28476.271232388204,93.12646025,63.81954844444445,13.924449680463084,0.23460871836513003,0,64,,True,True,,169,87.6246207195492
170,2026-09-18T06:50:02.646+00:00,2026-09-18T06:53:17.308+00:00,2026-09-18T06:53:17.871+00:00,True,9,9.0,,9.0,194661.511672,195224.95000799999,195224.94991,21691.66110111111,55.245337,194661.511672,64863.695509656245,116834.5999808,70.429792,15.137612777748695,0.04610066489775613,0,64,,True,True,,42,87.6246207195492
169,2026-09-18T06:50:02.585+00:00,2026-09-18T06:53:17.772+00:00,2026-09-18T06:53:19.729+00:00,True,32,32.0,,32.0,195186.525982,197143.940126,197143.940046,6160.7481264375,35.532305,195186.525982,34493.26938131343,94.14229080000001,63.142391741935484,13.228188991211072,0.16231794890346588,0,64,,True,True,,136,87.6246207195492
172,2026-09-18T06:50:02.862+00:00,2026-09-18T06:53:20.154+00:00,2026-09-18T06:53:21.691+00:00,True,26,26.0,,26.0,197291.31033399998,198829.20626999997,198829.20637099998,7647.277168115384,37.434781,197291.31033399998,38679.947150286695,91.75225699999999,61.51583744,13.071371893825116,0.13076549712064595,0,64,,True,True,,71,87.6246207195492
173,2026-09-18T06:50:03.303+00:00,2026-09-18T06:53:22.207+00:00,2026-09-18T06:53:22.495+00:00,True,6,6.0,,6.0,198903.916871,199191.694663,199191.69479399998,33198.615799,37.832089,198903.916871,81178.68798204821,149195.67996525,57.555558399999995,13.678531282512344,0.030121737807146155,0,64,,True,True,,15,87.6246207195492
174,2026-09-18T06:50:03.605+00:00,2026-09-18T06:53:23.451+00:00,2026-09-18T06:53:28.135+00:00,True,75,75.0,,75.0,199845.61616499998,204529.680165,204529.68012399998,2727.062401653333,37.819399,199845.61616499998,23068.87806364766,92.71447400000001,63.298162162162164,11.939478524917897,0.3666949458850927,0,64,,True,True,,326,87.6246207195492
175,2026-09-18T06:50:03.962+00:00,2026-09-18T06:53:24.944+00:00,2026-09-18T06:53:28.797+00:00,True,63,63.0,,63.0,200981.439645,204834.501277,204834.501307,3251.3412905873015,34.37337599999999,200981.439645,25313.45387150645,89.18173229999998,62.146155354838704,10.746884268653385,0.3075653740323969,0,64,,True,True,,257,87.6246207195492
176,2026-09-18T06:50:04.411+00:00,2026-09-18T06:53:26.603+00:00,2026-09-18T06:53:29.521+00:00,True,48,48.0,,48.0,202192.33745199998,205109.807404,205109.80754199997,4273.120990458333,40.069766,202192.33745199998,29174.992354765323,94.23689355,62.073828765957444,10.435535562022501,0.2340209890863752,0,64,,True,True,,203,87.6246207195492
177,2026-09-18T06:50:04.924+00:00,2026-09-18T06:53:28.323+00:00,2026-09-18T06:53:28.908+00:00,True,11,11.0,,11.0,203399.22125600002,203983.80749600002,203983.80745300002,18543.982495727276,43.383019,203399.22125600002,61309.54707132073,101733.08979550003,58.458624,6.6170917503342315,0.05392584899277215,0,64,,True,True,,55,87.6246207195492
178,2026-09-18T06:50:05.332+00:00,2026-09-18T06:53:29.787+00:00,2026-09-18T06:53:35.340+00:00,True,90,90.0,,90.0,204454.33491499998,210007.625411,210007.62537199998,2333.4180596888887,38.985167999999994,204454.33491499998,21544.80535136391,92.99742590000001,62.39652242696629,12.043063518582933,0.42855586707322435,0,64,,True,True,,413,87.6246207195492
179,2026-09-18T06:50:05.823+00:00,2026-09-18T06:53:32.231+00:00,2026-09-18T06:53:35.890+00:00,True,59,59.0,,59.0,206408.808694,210067.058422,210067.058529,3560.4586191355934,37.54436,206408.808694,26863.929409904416,92.39343279999999,63.0732711724138,12.43832725819275,0.28086269424250204,0,64,,True,True,,353,87.6246207195492
180,2026-09-18T06:50:06.345+00:00,2026-09-18T06:53:34.218+00:00,2026-09-18T06:53:40.166+00:00,True,95,95.0,,95.0,207873.12369600002,213821.23326400004,213821.23319300002,2250.7498230842107,36.130152,207873.12369600002,21320.84349174429,92.473354,63.277761361702126,11.677270022708443,0.4442963804380725,0,64,,True,True,,404,87.6246207195492
181,2026-09-18T06:50:06.642+00:00,2026-09-18T06:53:35.184+00:00,2026-09-18T06:53:37.723+00:00,True,41,41.0,,41.0,208542.889347,211081.853315,211081.853404,5148.3378879024385,34.864285,208542.889347,32559.017186837,93.969254,63.474099200000005,13.257383309813935,0.19423744559801268,0,64,,True,True,,170,87.6246207195492
182,2026-09-18T06:50:07.014+00:00,2026-09-18T06:53:36.665+00:00,2026-09-18T06:53:40.103+00:00,True,56,56.0,,56.0,209651.23513800002,213089.924162,213089.92397300003,3805.1772138035717,36.909151,209651.23513800002,28007.47145462126,79.95654325,62.52161861818182,9.315841489034701,0.26279984950122004,0,64,,True,True,,267,87.6246207195492
183,2026-09-18T06:50:07.540+00:00,2026-09-18T06:53:39.142+00:00,2026-09-18T06:53:39.610+00:00,True,8,8.0,,8.0,211601.46982199998,212069.36435,212069.36420799998,26508.670525999998,58.95151,211601.46982199998,74788.78551726666,137572.409402,66.84207542857142,10.588036292175914,0.03772350629012483,0,64,,True,True,,24,87.6246207195492
184,2026-09-18T06:50:07.856+00:00,2026-09-18T06:53:40.046+00:00,2026-09-18T06:53:42.135+00:00,True,34,34.0,,34.0,212189.491046,214278.45719000002,214278.45708400002,6302.307561294118,38.608067999999996,212189.491046,36379.343426112784,93.0636613,63.302004363636364,12.651611364800152,0.15867204032485782,0,64,,True,True,,172,87.6246207195492
185,2026-09-18T06:50:08.375+00:00,2026-09-18T06:53:41.672+00:00,2026-09-18T06:53:44.495+00:00,True,47,47.0,,47.0,213296.626576,216119.879824,216119.879912,4598.295317276596,36.048893,213296.626576,31103.560009861954,90.59349950000002,61.37507060869565,10.88205745266249,0.2174718958675854,0,64,,True,True,,222,87.6246207195492
186,2026-09-18T06:50:08.756+00:00,2026-09-18T06:53:43.434+00:00,2026-09-18T06:53:49.021+00:00,True,88,88.0,,88.0,214677.87866699998,220265.263499,220265.26338999998,2503.014356704545,0.0212,214677.87866699998,22877.903373909718,94.8453977,64.22281416091954,22.34830536391771,0.39951828355540736,0,64,,True,True,,450,87.6246207195492
187,2026-09-18T06:50:09.258+00:00,2026-09-18T06:53:45.204+00:00,2026-09-18T06:53:48.544+00:00,True,53,53.0,,53.0,215945.752937,219286.122601,219286.12279800003,4137.474015056604,37.24299,215945.752937,29653.60872491253,93.0836196,64.23787815384615,11.190382234158225,0.24169336103605446,0,64,,True,True,,230,87.6246207195492
188,2026-09-18T06:50:09.636+00:00,2026-09-18T06:53:46.642+00:00,2026-09-18T06:53:51.493+00:00,True,77,77.0,,77.0,217006.20689700003,221856.26027300002,221856.260398,2881.250135038961,0.02183,217006.20689700003,24722.890970353605,92.47455760000001,63.81649178947368,23.584697987600634,0.34707156744303475,0,64,,True,True,,350,87.6246207195492
189,2026-09-18T06:50:09.980+00:00,2026-09-18T06:53:48.245+00:00,2026-09-18T06:53:48.475+00:00,True,5,5.0,,5.0,218264.1826,218494.380616,218494.38055,43698.87611,36.434002,218264.1826,97584.97372329413,174624.58851119998,57.549504,14.128881602089624,0.02288388372233431,0,64,,True,True,,30,87.6246207195492
190,2026-09-18T06:50:10.377+00:00,2026-09-18T06:53:49.907+00:00,2026-09-18T06:53:54.638+00:00,True,77,77.0,,77.0,219529.87497600002,224260.89014400003,224260.88995200003,2912.4790902857144,33.786067,219529.87497600002,25010.659876801157,92.4969228,62.25019957894737,12.003974201198066,0.3433501042047839,0,64,,True,True,,379,87.6246207195492
191,2026-09-18T06:50:10.869+00:00,2026-09-18T06:53:51.612+00:00,2026-09-18T06:53:54.637+00:00,True,49,49.0,,49.0,220743.70651699998,223768.166293,223768.16624099997,4566.697270224489,39.636946,220743.70651699998,31525.81632347239,92.587881,63.00957866666666,12.624236546887746,0.21897663466500347,0,64,,True,True,,197,87.6246207195492
192,2026-09-18T06:50:11.278+00:00,2026-09-18T06:53:53.260+00:00,2026-09-18T06:53:56.303+00:00,True,50,50.0,,50.0,221981.995463,225024.686279,225024.686177,4500.49372354,35.644743999999996,221981.995463,31384.215355835415,86.00956709999998,62.09573093877551,11.762870612791158,0.2221978433868665,0,64,,True,True,,222,87.6246207195492
193,2026-09-18T06:50:11.719+00:00,2026-09-18T06:53:54.930+00:00,2026-09-18T06:53:56.747+00:00,True,30,30.0,,30.0,223210.55457100002,225028.032459,225028.03254900003,7500.9344183,55.000588,223210.55457100002,40741.043205425594,68.80621445,62.67165131034483,3.6873823229122573,0.13331672357516605,0,64,,True,True,,139,87.6246207195492
194,2026-09-18T06:50:12.097+00:00,2026-09-18T06:53:56.302+00:00,2026-09-18T06:54:00.358+00:00,True,66,66.0,,66.0,224205.22185899998,228261.724387,228261.72425399997,3458.5109735454544,33.974546000000004,224205.22185899998,27590.074441643555,75.22513599999999,62.4077312,8.396828445707916,0.28914177432613336,0,64,,True,True,,238,87.6246207195492
195,2026-09-18T06:50:12.614+00:00,2026-09-18T06:53:58.151+00:00,2026-09-18T06:54:00.748+00:00,True,43,43.0,,43.0,225536.64024200002,228133.87877,228133.87876900003,5305.439041139535,36.863461,225536.64024200002,34384.58606774237,72.6812491,61.839012571428576,9.324526012905173,0.18848581469721878,0,64,,True,True,,164,87.6246207195492
196,2026-09-18T06:50:13.011+00:00,2026-09-18T06:53:59.722+00:00,2026-09-18T06:54:05.159+00:00,True,88,88.0,,88.0,226710.515653,232147.85965300002,232147.85958400002,2638.043858909091,35.105554,226710.515653,24160.761751377926,77.85349530000002,62.49820689655172,9.665833648094345,0.37906875442029425,0,64,,True,True,,434,87.6246207195492
197,2026-09-18T06:50:13.369+00:00,2026-09-18T06:54:01.176+00:00,2026-09-18T06:54:01.693+00:00,True,10,10.0,,10.0,227806.322852,228324.099748,228324.09979200002,22832.4099792,34.621855000000004,227806.322852,72020.49251580275,125324.10130250001,57.530766222222226,11.264375758176945,0.04379739156329508,0,64,,True,True,,38,87.6246207195492
198,2026-09-18T06:50:13.831+00:00,2026-09-18T06:54:03.052+00:00,2026-09-18T06:54:08.705+00:00,True,91,91.0,,91.0,229220.495102,234873.84575799998,234873.845737,2581.0312718351647,38.160708,229220.495102,24022.25535006867,92.6489715,62.815007288888886,12.515202643008903,0.38744203172694236,0,64,,True,True,,422,87.6246207195492
199,2026-09-18T06:50:14.349+00:00,2026-09-18T06:54:04.743+00:00,2026-09-18T06:54:05.450+00:00,True,13,13.0,,13.0,230393.905551,231101.02388700002,231101.023907,17777.001839,37.655910000000006,230393.905551,63883.42966700337,92199.12090299999,58.926528,9.420248916767173,0.056252455230819426,0,64,,True,True,,49,87.6246207195492
200,2026-09-18T06:50:14.703+00:00,2026-09-18T06:54:05.944+00:00,2026-09-18T06:54:08.542+00:00,True,40,40.0,,40.0,231241.311125,233838.845077,233838.844912,5845.971122800001,35.361984,231241.311125,36551.93439557804,106.8138173,66.60343466666666,16.680903898153428,0.17105797792846836,0,64,,True,True,,167,87.6246207195492
201,2026-09-18T06:50:15.216+00:00,2026-09-18T06:54:08.111+00:00,2026-09-18T06:54:09.772+00:00,True,27,27.0,,27.0,232895.02088499998,234556.896085,234556.89626399998,8687.29245422222,36.708691,232895.02088499998,44808.36877548886,108.95117769999999,63.91827692307692,14.280151237705093,0.1151106637692528,0,64,,True,True,,107,87.6246207195492
202,2026-09-18T06:50:15.633+00:00,2026-09-18T06:54:09.774+00:00,2026-09-18T06:54:15.228+00:00,True,89,89.0,,89.0,234141.75818900001,239595.15210900002,239595.15194900002,2692.0803589775282,35.426444000000004,234141.75818900001,24812.410393917668,89.2799888,61.97038545454545,11.227443081882432,0.3714599365495962,0,64,,True,True,,452,87.6246207195492
203,2026-09-18T06:50:16.028+00:00,2026-09-18T06:54:11.109+00:00,2026-09-18T06:54:12.320+00:00,True,19,19.0,,19.0,235080.81002,236291.861796,236291.861903,12436.413784368422,39.851595,235080.81002,53915.80325235955,23598.826517,67.28065422222222,14.901144003381168,0.0804090325226835,0,64,,True,True,,104,87.6246207195492
206,2026-09-18T06:50:17.242+00:00,2026-09-18T06:54:13.031+00:00,2026-09-18T06:54:13.639+00:00,True,11,11.0,,11.0,235788.925411,236397.065187,236397.065122,21490.642283818182,42.74085,235788.925411,71074.70036471098,117930.8075275,60.8139776,9.146720223461319,0.046531880551471894,0,64,,True,True,,37,87.6246207195492
204,2026-09-18T06:50:17.207+00:00,2026-09-18T06:54:14.005+00:00,2026-09-18T06:54:15.732+00:00,True,29,29.0,,29.0,236798.454192,238525.337776,238525.337919,8225.011652379311,35.439404,236798.454192,43960.91756813641,86.289008,61.67441371428572,10.41295571857406,0.12158037494211205,0,64,,True,True,,119,87.6246207195492
205,2026-09-18T06:50:17.227+00:00,2026-09-18T06:54:15.165+00:00,2026-09-18T06:54:20.517+00:00,True,84,84.0,,84.0,237938.23513699998,243290.58355299997,243290.58346799997,2896.3164698571427,40.966913,237938.23513699998,25954.156308896487,93.78096579999999,64.4861254939759,11.421611956799174,0.3452661371980346,0,64,,True,True,,256,87.6246207195492
207,2026-09-18T06:50:17.553+00:00,2026-09-18T06:54:17.634+00:00,2026-09-18T06:54:22.066+00:00,True,71,71.0,,71.0,240080.866757,244513.009093,244513.00901,3443.845197323944,38.191729,240080.866757,28484.843825305074,77.932674,63.31631908571429,8.239773822489727,0.2903730981977949,0,64,,True,True,,372,87.6246207195492
208,2026-09-18T06:50:18.051+00:00,2026-09-18T06:54:19.533+00:00,2026-09-18T06:54:20.827+00:00,True,21,21.0,,21.0,241481.88915,242775.367038,242775.367259,11560.731774238095,56.725564,241481.88915,52681.55602679019,94.84646200000002,64.6738944,8.487201333576492,0.08649971476188938,0,64,,True,True,,81,87.6246207195492
209,2026-09-18T06:50:18.432+00:00,2026-09-18T06:54:21.012+00:00,2026-09-18T06:54:25.105+00:00,True,67,67.0,,67.0,242579.33974599998,246672.29437,246672.29445299998,3681.67603661194,37.08603,242579.33974599998,29628.208631942303,73.8821143,62.014464,10.277731639886339,0.27161542471203637,0,64,,True,True,,133,87.6246207195492
210,2026-09-18T06:50:18.769+00:00,2026-09-18T06:54:22.399+00:00,2026-09-18T06:54:24.444+00:00,True,34,34.0,,34.0,243630.74556799998,245675.594208,245675.59428,7225.752772941176,39.882805,243630.74556799998,41771.70226289253,81.47258285,61.96511030303031,9.419578582942181,0.13839388527626423,0,64,,True,True,,166,87.6246207195492
211,2026-09-18T06:50:19.189+00:00,2026-09-18T06:54:24.191+00:00,2026-09-18T06:54:24.256+00:00,True,2,2.0,,2.0,245002.106239,245067.22726299998,245067.22724799998,122533.61362399999,65.121009,245002.106239,173196.60321952222,232755.2569775,65.121024,nan,0.008161025945152799,0,64,,True,True,,7,87.6246207195492
212,2026-09-18T06:50:19.545+00:00,2026-09-18T06:54:25.535+00:00,2026-09-18T06:54:27.969+00:00,True,39,39.0,,39.0,245990.08312,248424.723504,248424.723582,6369.864707230769,41.365632,245990.08312,39379.68024952585,93.7698289,64.06948378947368,11.773437045826093,0.15698920562297433,0,64,,True,True,,168,87.6246207195492
213,2026-09-18T06:50:19.833+00:00,2026-09-18T06:54:26.547+00:00,2026-09-18T06:54:29.802+00:00,True,51,51.0,,51.0,246714.270636,249969.367724,249969.367692,4901.36015082353,39.187357000000006,246714.270636,34537.79488166967,97.05267800000001,65.10194176,14.578126305720858,0.2040249990003211,0,64,,True,True,,215,87.6246207195492
214,2026-09-18T06:50:20.347+00:00,2026-09-18T06:54:28.375+00:00,2026-09-18T06:54:30.240+00:00,True,30,30.0,,30.0,248027.731983,249892.620559,249892.620651,8329.7540217,36.255973,248027.731983,45271.722428642344,95.603408,64.30650262068966,13.366800572647797,0.12005156427945401,0,64,,True,True,,140,87.6246207195492
215,2026-09-18T06:50:20.730+00:00,2026-09-18T06:54:30.169+00:00,2026-09-18T06:54:33.467+00:00,True,54,54.0,,54.0,249438.17073100002,252736.480363,252736.48034600003,4680.305191592593,37.326941,249438.17073100002,33935.7680831274,82.15606550000001,62.23225720754717,9.217438042869617,0.21366128040732765,0,64,,True,True,,219,87.6246207195492
216,2026-09-18T06:50:21.169+00:00,2026-09-18T06:54:31.651+00:00,2026-09-18T06:54:35.497+00:00,True,63,63.0,,63.0,250481.554736,254327.44939199998,254327.449315,4036.9436399206347,38.771937,250481.554736,31549.895677424305,87.6521122,62.03055896774194,8.705477510605308,0.24771215278024056,0,64,,True,True,,247,87.6246207195492
217,2026-09-18T06:50:21.625+00:00,2026-09-18T06:54:33.289+00:00,2026-09-18T06:54:34.592+00:00,True,22,22.0,,22.0,251664.233439,252967.417055,252967.417039,11498.518956318181,38.268089,251664.233439,53641.76508831347,88.91157135000002,62.056362666666665,8.872607834703961,0.08696772199408107,0,64,,True,True,,115,87.6246207195492
218,2026-09-18T06:50:21.982+00:00,2026-09-18T06:54:34.597+00:00,2026-09-18T06:54:35.377+00:00,True,14,14.0,,14.0,252615.02322,253395.371892,253395.371899,18099.669421357143,35.111084000000005,252615.02322,67498.1624914317,88460.24232599999,60.02682092307692,8.574912103673313,0.05524962786600128,0,64,,True,True,,67,87.6246207195492
219,2026-09-18T06:50:22.446+00:00,2026-09-18T06:54:36.524+00:00,2026-09-18T06:54:41.951+00:00,True,86,86.0,,86.0,254077.890988,259504.930732,259504.930957,3017.4991971744184,34.592716,254077.890988,27391.041212828404,91.79836825000001,63.8475264,11.710942560564169,0.33140025415862046,0,64,,True,True,,398,87.6246207195492
220,2026-09-18T06:50:22.890+00:00,2026-09-18T06:54:38.083+00:00,2026-09-18T06:54:40.584+00:00,True,41,41.0,,41.0,255193.22355700002,257693.837189,257693.83724400002,6285.215542536585,37.06373000000001,255193.22355700002,39844.72419422258,93.067995,62.5153408,11.853255284491329,0.15910353327514554,0,64,,True,True,,182,87.6246207195492
221,2026-09-18T06:50:23.321+00:00,2026-09-18T06:54:39.976+00:00,2026-09-18T06:54:40.892+00:00,True,16,16.0,,16.0,256654.89614899998,257571.41838899997,257571.41818199996,16098.213636374998,38.350457999999996,256654.89614899998,64148.44901410751,64215.50797549999,61.10148266666666,6.877300858815996,0.062118693526142056,0,64,,True,True,,75,87.6246207195492
222,2026-09-18T06:50:23.613+00:00,2026-09-18T06:54:40.706+00:00,2026-09-18T06:54:44.324+00:00,True,60,60.0,,60.0,257092.97378,260710.956244,260710.956257,4345.182604283334,38.114798,257092.97378,33182.64416159973,69.13941635,61.3217366779661,6.191784204542869,0.23013992531961663,0,64,,True,True,,220,87.6246207195492
223,2026-09-18T06:50:24.096+00:00,2026-09-18T06:54:42.387+00:00,2026-09-18T06:54:47.240+00:00,True,81,81.0,,81.0,258290.21054600002,263143.273202,263143.273291,3248.682386308642,37.062281000000006,258290.21054600002,28692.17334023796,68.868871,60.6632832,9.091192422164612,0.3078171028822802,0,64,,True,True,,375,87.6246207195492
224,2026-09-18T06:50:24.390+00:00,2026-09-18T06:54:43.459+00:00,2026-09-18T06:54:44.200+00:00,True,13,13.0,,13.0,259069.04875999998,259809.86795999997,259809.86806299997,19985.374466384612,39.140216,259069.04875999998,71835.7045523286,103675.42259659998,61.73493333333334,10.11662860048175,0.05003659061172174,0,64,,True,True,,60,87.6246207195492
225,2026-09-18T06:50:24.809+00:00,2026-09-18T06:54:44.992+00:00,2026-09-18T06:54:50.457+00:00,True,91,91.0,,91.0,260182.855194,265647.87305,265647.873073,2919.2073964065935,34.184516,260182.855194,27268.21097453352,89.271198,60.722420622222224,11.080681576390123,0.3425587374564526,0,64,,True,True,,455,87.6246207195492
226,2026-09-18T06:50:25.193+00:00,2026-09-18T06:54:46.146+00:00,2026-09-18T06:54:46.465+00:00,True,6,6.0,,6.0,260953.195021,261271.624973,261271.62495599999,43545.270826,59.18049,260953.195021,106507.69609301622,195731.59886199998,63.6859904,2.822961905281189,0.022964606281374967,0,64,,True,True,,12,87.6246207195492
227,2026-09-18T06:50:25.588+00:00,2026-09-18T06:54:47.552+00:00,2026-09-18T06:54:47.866+00:00,True,6,6.0,,6.0,261963.60776800002,262278.061784,262278.06175,43713.01029166667,59.317149,261963.60776800002,106920.52000306422,196489.039738,62.8908032,2.742961074888814,0.022876484442459086,0,64,,True,True,,32,87.6246207195492
228,2026-09-18T06:50:26.027+00:00,2026-09-18T06:54:49.440+00:00,2026-09-18T06:54:54.428+00:00,True,84,84.0,,84.0,263413.468082,268401.500082,268401.499984,3195.255952190476,37.044311,263413.468082,28734.210065970474,67.4583068,60.09677108433735,9.430359388167979,0.3129639736526694,0,64,,True,True,,352,87.6246207195492
229,2026-09-18T06:50:26.393+00:00,2026-09-18T06:54:50.964+00:00,2026-09-18T06:54:54.077+00:00,True,53,53.0,,53.0,264570.40815599996,267683.17845999997,267683.17845799995,5050.626008641509,36.239232,264570.40815599996,36333.31912156854,68.7545434,59.860967384615385,9.38728158753729,0.1979952580693068,0,64,,True,True,,226,87.6246207195492
230,2026-09-18T06:50:26.813+00:00,2026-09-18T06:54:52.356+00:00,2026-09-18T06:54:57.757+00:00,True,88,88.0,,88.0,265542.614235,270943.305947,270943.306091,3078.901205579545,36.864751,265542.614235,28300.322927220484,91.5698964,62.07691622988506,12.107092948282421,0.3247911945726902,0,64,,True,True,,343,87.6246207195492
231,2026-09-18T06:50:27.194+00:00,2026-09-18T06:54:53.593+00:00,2026-09-18T06:54:57.809+00:00,True,68,68.0,,68.0,266399.577989,270615.139717,270615.139694,3979.634407264706,37.480650000000004,266399.577989,32298.066603377203,96.11877955,62.91883176119403,12.941174716192632,0.2512793632725503,0,64,,True,True,,469,87.6246207195492
232,2026-09-18T06:50:27.645+00:00,2026-09-18T06:54:55.222+00:00,2026-09-18T06:55:00.559+00:00,True,85,85.0,,85.0,267576.66732300003,272913.887163,272913.88700800005,3210.7516118588237,36.59095,267576.66732300003,29015.875019211795,93.1114214,63.538331428571425,11.486969471859938,0.3114535536597046,0,64,,True,True,,443,87.6246207195492
233,2026-09-18T06:50:27.943+00:00,2026-09-18T06:54:56.510+00:00,2026-09-18T06:55:00.142+00:00,True,57,57.0,,57.0,268567.17617,272198.900458,272198.900501,4775.4193070350875,37.131330999999996,268567.17617,35564.00383770665,95.96157799999999,64.85221942857143,12.724870001106439,0.20940569526214906,0,64,,True,True,,233,87.6246207195492
234,2026-09-18T06:50:28.306+00:00,2026-09-18T06:54:57.934+00:00,2026-09-18T06:55:01.849+00:00,True,63,63.0,,63.0,269628.135712,273543.568416,273543.56840700004,4341.961403285714,36.911031,269628.135712,33961.99728698283,84.99334870000001,63.15214038709678,10.622718033465205,0.23031066080190477,0,64,,True,True,,278,87.6246207195492
235,2026-09-18T06:50:28.631+00:00,2026-09-18T06:54:59.354+00:00,2026-09-18T06:55:01.482+00:00,True,34,34.0,,34.0,270722.84150800004,272850.69533200003,272850.69538700004,8025.020452558825,38.507557,270722.84150800004,46417.52711141501,94.0996515,64.4804189090909,10.391493278079684,0.12461027434300427,0,64,,True,True,,189,87.6246207195492
236,2026-09-18T06:50:29.026+00:00,2026-09-18T06:55:00.998+00:00,2026-09-18T06:55:05.556+00:00,True,72,72.0,,72.0,271971.14907499996,276529.633811,276529.63393199997,3840.689360166666,39.172216999999996,271971.14907499996,32044.543139275327,93.1971408,64.20401036619718,12.372777142183123,0.2603699249434146,0,64,,True,True,,268,87.6246207195492
237,2026-09-18T06:50:29.352+00:00,2026-09-18T06:55:02.038+00:00,2026-09-18T06:55:02.503+00:00,True,8,8.0,,8.0,272685.74124299997,273151.429563,273151.42951899994,34143.92868987499,39.350466999999995,272685.74124299997,96385.44858399339,177277.49777645,66.52690285714286,15.078437710849439,0.029287783749837086,0,64,,True,True,,30,87.6246207195492
238,2026-09-18T06:50:29.791+00:00,2026-09-18T06:55:03.433+00:00,2026-09-18T06:55:08.518+00:00,True,81,81.0,,81.0,273641.599206,278726.35824599996,278726.35811699997,3441.0661495925924,36.265612000000004,273641.599206,30397.5623823122,93.394245,63.559488,12.189518257211006,0.2906076070800256,0,64,,True,True,,201,87.6246207195492
239,2026-09-18T06:50:30.293+00:00,2026-09-18T06:55:05.431+00:00,2026-09-18T06:55:06.111+00:00,True,12,12.0,,12.0,275137.57948400005,275817.35215600004,275817.352169,22984.779347416672,39.961635,275137.57948400005,79407.53959687732,123863.09312705003,61.797515636363634,14.561408365955096,0.04350705242508781,0,64,,True,True,,48,87.6246207195492
240,2026-09-18T06:50:30.594+00:00,2026-09-18T06:55:07.016+00:00,2026-09-18T06:55:09.185+00:00,True,35,35.0,,35.0,276421.727656,278591.129,278591.129075,7959.746545,39.234826,276421.727656,46713.01622852256,93.69503479999999,63.80592188235294,12.224877803045008,0.12563214100044082,0,64,,True,True,,188,87.6246207195492
241,2026-09-18T06:50:31.100+00:00,2026-09-18T06:55:08.643+00:00,2026-09-18T06:55:12.248+00:00,True,60,60.0,,60.0,277543.05645499995,281147.58509499993,281147.5850639999,4685.793084399999,35.908893,277543.05645499995,35822.769007184885,85.92119005,61.09370576271187,10.978480410026586,0.21341104523350596,0,64,,True,True,,279,87.6246207195492
242,2026-09-18T06:50:31.461+00:00,2026-09-18T06:55:10.278+00:00,2026-09-18T06:55:13.571+00:00,True,54,54.0,,54.0,278817.43571399996,282109.76441799995,282109.76441799995,5224.254896629629,35.438474,278817.43571399996,37933.79558619123,91.80918265,62.119409509433964,11.819126502842474,0.1914148562401002,0,64,,True,True,,219,87.6246207195492
243,2026-09-18T06:50:31.836+00:00,2026-09-18T06:55:11.601+00:00,2026-09-18T06:55:17.564+00:00,True,97,97.0,,97.0,279764.791515,285728.687835,285728.687918,2945.6565764742268,34.151606,279764.791515,28399.505406530265,90.15422680000002,62.12392,11.526068179861348,0.3394828875426561,0,64,,True,True,,477,87.6246207195492
244,2026-09-18T06:50:32.362+00:00,2026-09-18T06:55:12.937+00:00,2026-09-18T06:55:13.006+00:00,True,2,2.0,,2.0,280574.800049,280643.796657,280643.79677,140321.898385,68.99672100000001,280574.800049,198347.55569540884,266549.5098826,68.996608,nan,0.007126471433980703,0,64,,True,True,,6,87.6246207195492
245,2026-09-18T06:50:32.720+00:00,2026-09-18T06:55:14.076+00:00,2026-09-18T06:55:16.569+00:00,True,41,41.0,,41.0,281356.381962,283849.404682,283849.404675,6923.156211585366,37.60935,281356.381962,43930.75222761776,78.32100299999999,62.325568,10.58625155638178,0.1444427901687263,0,64,,True,True,,122,87.6246207195492
246,2026-09-18T06:50:33.123+00:00,2026-09-18T06:55:15.781+00:00,2026-09-18T06:55:16.962+00:00,True,20,20.0,,20.0,282657.99343699997,283838.32521299995,283838.32524399995,14191.916262199999,35.982283,282657.99343699997,63190.35853351495,14217.645146699999,62.12272505263158,10.50103468257916,0.07046264800566118,0,64,,True,True,,110,87.6246207195492
247,2026-09-18T06:50:33.468+00:00,2026-09-18T06:55:17.495+00:00,2026-09-18T06:55:21.619+00:00,True,68,68.0,,68.0,284026.66510000004,288150.94362800004,288150.94367300003,4237.513877544118,37.75225,284026.66510000004,34435.82875503473,76.60720725,61.55639594029851,9.12554679024687,0.2359874277829446,0,64,,True,True,,339,87.6246207195492
248,2026-09-18T06:50:34.710+00:00,2026-09-18T06:55:18.394+00:00,2026-09-18T06:55:24.122+00:00,True,94,94.0,,94.0,283684.266655,289412.256927,289412.256957,3078.8537974148935,34.652975,283684.266655,29253.44692277234,78.91564174999999,61.59129324731183,9.709220677261024,0.32479619556579503,0,64,,True,True,,341,87.6246207195492
249,2026-09-18T06:50:34.735+00:00,2026-09-18T06:55:18.457+00:00,2026-09-18T06:55:23.497+00:00,True,82,82.0,,82.0,283721.892962,288761.858658,288761.858786,3521.4860827560974,36.203022,283721.892962,31324.97179235143,77.5867961,62.22179871604938,9.491055135831374,0.28397102159228754,0,64,,True,True,,412,87.6246207195492
250,2026-09-18T06:50:34.858+00:00,2026-09-18T06:55:18.946+00:00,2026-09-18T06:55:24.749+00:00,True,95,95.0,,95.0,284087.677573,289890.87398900004,289890.874014,3051.482884357895,37.793959,284087.677573,29140.448246386673,80.8243858,61.736132085106384,9.436078353199868,0.32770952287240607,0,64,,True,True,,386,87.6246207195492
251,2026-09-18T06:50:35.193+00:00,2026-09-18T06:55:23.493+00:00,2026-09-18T06:55:25.703+00:00,True,38,38.0,,38.0,288300.405958,290510.403526,290510.403582,7645.010620578947,36.014512,288300.405958,46758.813286615616,73.45628314999999,59.729664,10.516910136048221,0.13080426566065848,0,64,,True,True,,218,87.6246207195492
252,2026-09-18T06:50:35.720+00:00,2026-09-18T06:55:25.982+00:00,2026-09-18T06:55:32.160+00:00,True,100,100.0,,100.0,290262.361951,296439.908191,296439.908321,2964.39908321,35.782204,290262.361951,29019.99860309239,95.047902,62.39945696969697,11.747769441867845,0.33733649632480905,0,64,,True,True,,357,87.6246207195492
253,2026-09-18T06:50:36.239+00:00,2026-09-18T06:55:27.889+00:00,2026-09-18T06:55:31.882+00:00,True,66,66.0,,66.0,291649.416042,295642.583658,295642.583731,4479.433086833334,34.173926,291649.416042,35892.001323801735,91.26300425,61.433347938461544,11.399684041902926,0.2232425355758254,0,64,,True,True,,314,87.6246207195492
254,2026-09-18T06:50:36.588+00:00,2026-09-18T06:55:29.286+00:00,2026-09-18T06:55:34.705+00:00,True,88,88.0,,88.0,292697.76704400004,298117.079428,298117.079418,3387.694084295455,36.93732,292697.76704400004,31195.04828690235,90.01679240000001,62.290946942528734,10.41734485655576,0.29518603955481654,0,64,,True,True,,402,87.6246207195492
255,2026-09-18T06:50:37.108+00:00,2026-09-18T06:55:31.073+00:00,2026-09-18T06:55:32.718+00:00,True,27,27.0,,27.0,293965.43687,295609.648582,295609.648675,10948.50550648148,57.009103,293965.43687,56561.504607296236,80.283451,63.238912,5.304374159538175,0.09133666688322048,0,64,,True,True,,128,87.6246207195492
256,2026-09-18T06:50:37.461+00:00,2026-09-18T06:55:32.470+00:00,2026-09-18T06:55:37.505+00:00,False,81,80.0,,80.0,295009.355451,300043.79538699996,300043.795506,3704.2443889629626,0.028050000000000002,295009.355451,32771.82774100527,95.565151,62.9304992,13.501718833519607,0.26662774311601767,0,64,,True,False,Request timeout: 300.0s exceeded,426,87.6246207195492
257,2026-09-18T06:50:37.935+00:00,2026-09-18T06:55:34.135+00:00,2026-09-18T06:55:36.813+00:00,True,42,42.0,,42.0,296200.133982,298878.466142,298878.466217,7116.153957547619,32.660108,296200.133982,45694.59476612271,96.3776393,65.32517463414634,12.719232514490916,0.14052534644648973,0,64,,True,True,,169,87.6246207195492
258,2026-09-18T06:50:38.261+00:00,2026-09-18T06:55:35.614+00:00,2026-09-18T06:55:38.274+00:00,False,43,42.0,,42.0,297352.883798,300013.291606,300013.291579,6977.053292534883,0.020550000000000002,297352.883798,45336.23214321576,91.6264111,63.34304304761905,14.305125634413061,0.13999379752533617,0,64,,True,False,Request timeout: 300.0s exceeded,189,87.6246207195492
259,2026-09-18T06:50:38.584+00:00,2026-09-18T06:55:36.925+00:00,2026-09-18T06:55:37.627+00:00,True,12,12.0,,12.0,298340.422786,299042.642818,299042.64273900003,24920.22022825,36.42384199999999,298340.422786,86105.03413349128,134304.88237439998,63.838184727272726,13.238337368875513,0.04012805627625257,0,64,,True,True,,52,87.6246207195492
260,2026-09-18T06:50:39.013+00:00,2026-09-18T06:55:38.586+00:00,2026-09-18T06:55:39.077+00:00,False,10,9.0,,9.0,299572.476112,300063.368656,300063.368611,30006.3368611,0.020059999999999998,299572.476112,94715.88867573379,164794.24208574998,54.543616,20.639798550037064,0.029993664472646175,0,64,,True,False,Request timeout: 300.0s exceeded,44,87.6246207195492
261,2026-09-18T06:50:39.508+00:00,2026-09-18T06:55:39.605+00:00,2026-09-18T06:55:39.605+00:00,False,1,0.0,,0.0,300097.663502,300097.663502,300097.663502,300097.663502,300097.663502,300097.663502,nan,300097.663502,nan,nan,0.0,0,64,,True,False,"HTTPConnectionPool(host='gpu03', port=9002): Read timed out.",0,87.6246207195492
262,2026-09-18T06:50:40.039+00:00,2026-09-18T06:55:40.056+00:00,2026-09-18T06:55:40.056+00:00,False,1,0.0,,0.0,300017.070239,300017.070239,300017.070239,300017.070239,300017.070239,300017.070239,nan,300017.070239,nan,nan,0.0,0,64,,True,False,TTFT timeout: 300.0s exceeded (TTFT: 300.011s),0,87.6246207195492
263,2026-09-18T06:50:40.373+00:00,2026-09-18T06:55:40.319+00:00,2026-09-18T06:55:40.389+00:00,False,3,2.0,,2.0,299946.394044,300016.097212,300016.097413,100005.36580433334,0.023829999999999997,299946.394044,173154.01321693597,269958.72259350005,34.851584,49.25391316649219,0.006666308970037506,0,64,,True,False,Request timeout: 300.0s exceeded,8,87.6246207195492
264,2026-09-18T06:50:40.710+00:00,2026-09-18T06:55:40.821+00:00,2026-09-18T06:55:40.821+00:00,False,1,0.0,,0.0,300110.916316,300110.916316,300110.916316,300110.916316,300110.916316,300110.916316,nan,300110.916316,nan,nan,0.0,0,64,,True,False,"HTTPConnectionPool(host='gpu03', port=9002): Read timed out.",0,87.6246207195492
265,2026-09-18T06:50:41.015+00:00,2026-09-18T06:55:41.056+00:00,2026-09-18T06:55:41.056+00:00,False,1,0.0,,0.0,300040.60901099996,300040.60901099996,300040.60901099996,300040.60901099996,300040.60901099996,300040.60901099996,nan,300040.60901099996,nan,nan,0.0,0,64,,True,False,"HTTPConnectionPool(host='gpu03', port=9002): Read timed out.",0,87.6246207195492
266,2026-09-18T06:50:41.363+00:00,2026-09-18T06:55:41.409+00:00,2026-09-18T06:55:41.409+00:00,False,1,0.0,,0.0,300046.092191,300046.092191,300046.092191,300046.092191,300046.092191,300046.092191,nan,300046.092191,nan,nan,0.0,0,64,,True,False,TTFT timeout: 300.0s exceeded (TTFT: 300.039s),0,87.6246207195492
267,2026-09-18T06:50:41.713+00:00,2026-09-18T06:55:41.614+00:00,2026-09-18T06:55:41.744+00:00,False,4,3.0,,3.0,299900.34859500005,300030.31902700005,300030.31908200006,75007.57977050002,0.09129999999999999,299900.34859500005,149928.51571448852,254925.73638075005,43.32347733333334,37.729096836864855,0.009998989467894499,0,64,,True,False,Request timeout: 300.0s exceeded,10,87.6246207195492
268,2026-09-18T06:50:42.111+00:00,2026-09-18T06:55:42.218+00:00,2026-09-18T06:55:42.218+00:00,False,1,0.0,,0.0,300106.924146,300106.924146,300106.924146,300106.924146,300106.924146,300106.924146,nan,300106.924146,nan,nan,0.0,0,64,,True,False,"HTTPConnectionPool(host='gpu03', port=9002): Read timed out.",0,87.6246207195492
269,2026-09-18T06:50:42.422+00:00,2026-09-18T06:55:42.531+00:00,2026-09-18T06:55:42.531+00:00,False,1,0.0,,0.0,300109.58486400003,300109.58486400003,300109.58486400003,300109.58486400003,300109.58486400003,300109.58486400003,nan,300109.58486400003,nan,nan,0.0,0,64,,True,False,"HTTPConnectionPool(host='gpu03', port=9002): Read timed out.",0,87.6246207195492
270,2026-09-18T06:50:42.833+00:00,2026-09-18T06:55:42.749+00:00,2026-09-18T06:55:42.892+00:00,False,4,3.0,,3.0,299916.181766,300059.313414,300059.313507,75014.82837675,0.0417,299916.181766,149934.23938691497,254939.7160334,47.71054933333333,41.310818597506845,0.009998023277020629,0,64,,True,False,Request timeout: 300.0s exceeded,13,87.6246207195492
271,2026-09-18T06:50:43.170+00:00,2026-09-18T06:55:43.052+00:00,2026-09-18T06:55:43.211+00:00,False,4,3.0,,3.0,299881.594773,300041.16469299997,300041.164733,75010.29118325,0.038389,299881.594773,149914.20729414967,254912.7062955,53.189973333333334,46.94866527365962,0.009998628031822164,0,64,,True,False,Request timeout: 300.0s exceeded,6,87.6246207195492
272,2026-09-18T06:50:43.541+00:00,2026-09-18T06:55:43.647+00:00,2026-09-18T06:55:43.647+00:00,False,1,0.0,,0.0,300106.412752,300106.412752,300106.412752,300106.412752,300106.412752,300106.412752,nan,300106.412752,nan,nan,0.0,0,64,,True,False,"HTTPConnectionPool(host='gpu03', port=9002): Read timed out.",0,87.6246207195492
273,2026-09-18T06:50:43.985+00:00,2026-09-18T06:55:44.074+00:00,2026-09-18T06:55:44.074+00:00,False,1,0.0,,0.0,300088.532574,300088.532574,300088.532574,300088.532574,300088.532574,300088.532574,nan,300088.532574,nan,nan,0.0,0,64,,True,False,"HTTPConnectionPool(host='gpu03', port=9002): Read timed out.",0,87.6246207195492
274,2026-09-18T06:50:44.361+00:00,2026-09-18T06:55:44.355+00:00,2026-09-18T06:55:44.424+00:00,False,3,2.0,,2.0,299993.740472,300062.793656,300062.79381299997,100020.931271,0.01874,299993.740472,173181.5362722075,270001.26988489996,34.526592,48.80154584586877,0.006665271544105043,0,64,,True,False,Request timeout: 300.0s exceeded,5,87.6246207195492
275,2026-09-18T06:50:44.849+00:00,2026-09-18T06:55:44.627+00:00,2026-09-18T06:55:45.856+00:00,False,22,21.0,,21.0,299777.89210500004,301006.89818500006,301006.89825900004,13682.131739045457,0.027219999999999998,299777.89210500004,63900.386922110265,94.13081075,58.524099047619046,19.924411483438416,0.06976584299770204,0,64,,True,False,Request timeout: 300.0s exceeded,107,87.6246207195492
276,2026-09-18T06:50:45.215+00:00,2026-09-18T06:55:45.539+00:00,2026-09-18T06:55:45.907+00:00,False,8,7.0,,7.0,300323.687581,300692.092061,300692.09199,37586.51149875,0.025920000000000002,300323.687581,106161.85400907311,195241.51962519996,52.62921142857142,28.250677658414396,0.023279627847944677,0,64,,True,False,Request timeout: 300.0s exceeded,29,87.6246207195492
278,2026-09-18T06:50:45.970+00:00,2026-09-18T06:55:46.094+00:00,2026-09-18T06:55:46.094+00:00,False,1,0.0,,0.0,300123.921527,300123.921527,300123.921527,300123.921527,300123.921527,300123.921527,nan,300123.921527,nan,nan,0.0,0,64,,True,False,"HTTPConnectionPool(host='gpu03', port=9002): Read timed out.",0,87.6246207195492
279,2026-09-18T06:50:46.381+00:00,2026-09-18T06:55:46.712+00:00,2026-09-18T06:55:46.712+00:00,False,1,0.0,,0.0,300330.876008,300330.876008,300330.876008,300330.876008,300330.876008,300330.876008,nan,300330.876008,nan,nan,0.0,0,64,,True,False,"HTTPConnectionPool(host='gpu03', port=9002): Read timed out.",0,87.6246207195492
277,2026-09-18T06:50:45.600+00:00,2026-09-18T06:55:46.741+00:00,2026-09-18T06:55:46.741+00:00,False,1,0.0,,0.0,301140.37715899997,301140.37715899997,301140.37715899997,301140.37715899997,301140.37715899997,301140.37715899997,nan,301140.37715899997,nan,nan,0.0,0,64,,True,False,"HTTPConnectionPool(host='gpu03', port=9002): Read timed out.",0,87.6246207195492
280,2026-09-18T06:50:46.831+00:00,2026-09-18T06:55:46.940+00:00,2026-09-18T06:55:46.940+00:00,False,1,0.0,,0.0,300109.079834,300109.079834,300109.079834,300109.079834,300109.079834,300109.079834,nan,300109.079834,nan,nan,0.0,0,64,,True,False,"HTTPConnectionPool(host='gpu03', port=9002): Read timed out.",0,87.6246207195492
281,2026-09-18T06:50:47.336+00:00,2026-09-18T06:55:47.293+00:00,2026-09-18T06:55:47.352+00:00,False,3,2.0,,2.0,299956.71543599997,300015.91134,300015.911164,100005.30372133333,0.02912,299956.71543599997,173163.00459199338,269966.9605532,29.597952,41.81655272826358,0.006666313100085727,0,64,,True,False,Request timeout: 300.0s exceeded,4,87.6246207195492
282,2026-09-18T06:50:47.843+00:00,2026-09-18T06:55:47.472+00:00,2026-09-18T06:55:47.855+00:00,False,9,8.0,,8.0,299628.450819,300012.12211500003,300012.122189,33334.680243222225,0.07762999999999999,299628.450819,99860.16616721015,179803.5102058,47.958912,22.415393337363447,0.02666558918887103,0,64,,True,False,Request timeout: 300.0s exceeded,37,87.6246207195492
283,2026-09-18T06:50:48.325+00:00,2026-09-18T06:55:48.439+00:00,2026-09-18T06:55:48.439+00:00,False,1,0.0,,0.0,300114.28024500003,300114.28024500003,300114.28024500003,300114.28024500003,300114.28024500003,300114.28024500003,nan,300114.28024500003,nan,nan,0.0,0,64,,True,False,"HTTPConnectionPool(host='gpu03', port=9002): Read timed out.",0,87.6246207195492
284,2026-09-18T06:50:48.694+00:00,2026-09-18T06:55:48.654+00:00,2026-09-18T06:55:48.744+00:00,False,3,2.0,,2.0,299960.069996,300049.762924,300049.762957,100016.58765233333,0.046200000000000005,299960.069996,173156.14082627633,269973.0276725,44.846464,63.356948613650644,0.006665561007313919,0,64,,True,False,Request timeout: 300.0s exceeded,6,87.6246207195492
285,2026-09-18T06:50:49.169+00:00,2026-09-18T06:55:49.048+00:00,2026-09-18T06:55:49.240+00:00,False,5,4.0,,4.0,299878.701386,300070.87290599995,300070.87285499997,60014.174570999996,0.02583,299878.701386,134088.34978480206,239917.254108,48.04288,32.464406538492135,0.013330184170367774,0,64,,True,False,Request timeout: 300.0s exceeded,15,87.6246207195492
286,2026-09-18T06:50:49.620+00:00,2026-09-18T06:55:49.770+00:00,2026-09-18T06:55:49.770+00:00,False,1,0.0,,0.0,300150.32057499996,300150.32057499996,300150.32057499996,300150.32057499996,300150.32057499996,300150.32057499996,nan,300150.32057499996,nan,nan,0.0,0,64,,True,False,"HTTPConnectionPool(host='gpu03', port=9002): Read timed out.",0,87.6246207195492
287,2026-09-18T06:50:49.969+00:00,2026-09-18T06:55:50.021+00:00,2026-09-18T06:55:50.021+00:00,False,1,0.0,,0.0,300051.780431,300051.780431,300051.780431,300051.780431,300051.780431,300051.780431,nan,300051.780431,nan,nan,0.0,0,64,,True,False,TTFT timeout: 300.0s exceeded (TTFT: 300.036s),0,87.6246207195492
288,2026-09-18T06:50:50.256+00:00,2026-09-18T06:55:50.168+00:00,2026-09-18T06:55:50.309+00:00,False,4,3.0,,3.0,299911.829267,300052.634899,300052.63481300004,75013.15870325001,0.023190000000000002,299911.829267,149932.4507206569,254935.9087892,46.93521066666666,40.67456004618854,0.009998245811138512,0,64,,True,False,Request timeout: 300.0s exceeded,17,87.6246207195492
289,2026-09-18T06:50:50.597+00:00,2026-09-18T06:55:50.455+00:00,2026-09-18T06:55:50.637+00:00,False,5,4.0,,4.0,299858.786387,300040.016979,300040.016927,60008.0033854,0.05459000000000001,299858.786387,134080.66636713868,239899.5021982,45.307648,30.22544166772074,0.013331555038140003,0,64,,True,False,Request timeout: 300.0s exceeded,15,87.6246207195492
290,2026-09-18T06:50:50.897+00:00,2026-09-18T06:55:51.023+00:00,2026-09-18T06:55:51.023+00:00,False,1,0.0,,0.0,300125.68460900005,300125.68460900005,300125.68460900005,300125.68460900005,300125.68460900005,300125.68460900005,nan,300125.68460900005,nan,nan,0.0,0,64,,True,False,"HTTPConnectionPool(host='gpu03', port=9002): Read timed out.",0,87.6246207195492
291,2026-09-18T06:50:51.408+00:00,2026-09-18T06:55:51.397+00:00,2026-09-18T06:55:51.457+00:00,False,3,2.0,,2.0,299988.716423,300048.38899899996,300048.388911,100016.12963699999,0.04025,299988.716423,173181.34278037713,269995.8080045,29.836288,42.138043068970724,0.006665591528993898,0,64,,True,False,Request timeout: 300.0s exceeded,6,87.6246207195492
292,2026-09-18T06:50:51.863+00:00,2026-09-18T06:55:51.738+00:00,2026-09-18T06:55:51.922+00:00,False,5,4.0,,4.0,299875.126764,300059.055596,300059.055568,60011.8111136,0.07229000000000001,299875.126764,134087.67240757306,239912.69622139996,45.982208,30.676989548211843,0.01333070915675215,0,64,,True,False,Request timeout: 300.0s exceeded,18,87.6246207195492
293,2026-09-18T06:50:52.235+00:00,2026-09-18T06:55:52.339+00:00,2026-09-18T06:55:52.339+00:00,False,1,0.0,,0.0,300104.152885,300104.152885,300104.152885,300104.152885,300104.152885,300104.152885,nan,300104.152885,nan,nan,0.0,0,64,,True,False,"HTTPConnectionPool(host='gpu03', port=9002): Read timed out.",0,87.6246207195492
294,2026-09-18T06:50:52.706+00:00,2026-09-18T06:55:52.725+00:00,2026-09-18T06:55:52.725+00:00,False,1,0.0,,0.0,300019.312972,300019.312972,300019.312972,300019.312972,300019.312972,300019.312972,nan,300019.312972,nan,nan,0.0,0,64,,True,False,TTFT timeout: 300.0s exceeded (TTFT: 300.015s),0,87.6246207195492
295,2026-09-18T06:50:52.999+00:00,2026-09-18T06:55:52.817+00:00,2026-09-18T06:55:53.034+00:00,False,7,6.0,,6.0,299818.65713099996,300035.62788299995,300035.62800399994,42862.23257199999,0.10248,299818.65713099996,113307.1346847923,209894.12009009998,36.161792,22.27270935881847,0.019997625089843405,0,64,,True,False,Request timeout: 300.0s exceeded,25,87.6246207195492
0,2026-09-18T06:48:53.125+00:00,2026-09-18T06:48:53.274+00:00,2026-09-18T06:48:53.707+00:00,True,10,10.0,,10.0,148.264985,582.079001,582.078889,58.2078889,29.437595,148.264985,36.244082829213056,123.8271185,48.201557333333334,18.745956024096074,17.179798588886047,1,64,,False,True,,34,87.6246207195492
1,2026-09-18T06:48:53.505+00:00,2026-09-18T06:48:53.605+00:00,2026-09-18T06:48:53.656+00:00,True,2,2.0,,2.0,99.92033500000001,150.702031,150.70195,75.350975,50.781614999999995,99.92033500000001,34.74632213082704,97.46339900000001,50.781696,nan,13.271221275047049,1,64,,False,True,,7,87.6246207195492
2,2026-09-18T06:48:53.855+00:00,2026-09-18T06:48:54.034+00:00,2026-09-18T06:48:54.345+00:00,True,7,7.0,,7.0,178.466919,489.92419900000004,489.92417,69.98916714285714,8.810234000000001,178.466919,53.36615164607231,150.7434003,51.909546666666664,25.919148466886966,14.2879245693271,1,64,,False,True,,36,87.6246207195492
3,2026-09-18T06:48:54.399+00:00,2026-09-18T06:48:57.196+00:00,2026-09-18T06:48:58.296+00:00,True,19,19.0,,19.0,2796.953813,3897.306069,3897.3059780000003,205.1213672631579,43.508239,2796.953813,627.6695898019839,346.03154900000004,61.13068088888889,6.178145763523407,4.875162397721347,1,64,,False,True,,88,87.6246207195492
4,2026-09-18T06:48:54.836+00:00,2026-09-18T06:48:58.542+00:00,2026-09-18T06:49:00.222+00:00,True,29,29.0,,29.0,3705.380825,5385.813465,5385.813282,185.71769937931035,13.305774999999999,3705.380825,677.0964236635145,94.88633180000001,60.015451428571424,15.407718043537711,5.384516227392216,1,64,,False,True,,119,87.6246207195492
5,2026-09-18T06:48:55.145+00:00,2026-09-18T06:48:59.331+00:00,2026-09-18T06:49:03.388+00:00,True,69,69.0,,69.0,4186.517631,8242.937215,8242.937124,119.46285686956521,0.0,4186.517631,497.0331070038397,69.03416980000002,59.65322917647058,14.795235948932874,8.370802567128374,1,64,,False,True,,376,87.6246207195492
6,2026-09-18T06:48:55.554+00:00,2026-09-18T06:49:00.947+00:00,2026-09-18T06:49:06.554+00:00,True,95,95.0,,95.0,5392.552379,10999.367354999998,10999.36745,115.78281526315789,0.0,5392.552379,547.4043246604351,69.1746737,59.64696782978723,16.952683363932724,8.636860369684417,1,64,,False,True,,372,87.6246207195492
7,2026-09-18T06:48:55.907+00:00,2026-09-18T06:49:02.217+00:00,2026-09-18T06:49:02.732+00:00,True,10,10.0,,10.0,6310.304144000001,6824.344720000001,6824.344669000001,682.4344669000001,0.0,6310.304144000001,1977.6899860109831,3526.4153942000003,57.115619555555554,33.891423289818476,1.4653421552245383,1,64,,False,True,,14,87.6246207195492
8,2026-09-18T06:48:56.416+00:00,2026-09-18T06:49:04.165+00:00,2026-09-18T06:49:07.603+00:00,True,58,58.0,,58.0,7748.854672,11186.217104,11186.217224,192.86581420689654,6.843247,7748.854672,1009.7121713024657,72.26515935,60.30460407017544,17.911224258851583,5.184952112118421,1,64,,False,True,,201,87.6246207195492
9,2026-09-18T06:48:56.945+00:00,2026-09-18T06:49:06.238+00:00,2026-09-18T06:49:11.126+00:00,True,82,82.0,,82.0,9293.165950999999,14181.447038999999,14181.446977,172.94447532926827,0.0,9293.165950999999,1020.3777502761275,69.31672165,60.3491492345679,40.233228232910946,5.7822026041837695,1,64,,False,True,,451,87.6246207195492
10,2026-09-18T06:48:57.268+00:00,2026-09-18T06:49:07.481+00:00,2026-09-18T06:49:11.799+00:00,True,73,73.0,,73.0,10212.879862,14530.971382,14530.971398,199.05440271232877,0.0,10212.879862,1189.031626323597,114.2793,59.97349333333334,41.77315151387484,5.0237522379562,1,64,,False,True,,288,87.6246207195492
11,2026-09-18T06:48:57.596+00:00,2026-09-18T06:49:08.584+00:00,2026-09-18T06:49:12.750+00:00,True,71,71.0,,71.0,10988.460382,15154.111582,15154.111441,213.43818930985915,0.0,10988.460382,1297.2039503916772,67.136965,59.509302857142856,21.527120777274387,4.6851971239497505,1,64,,False,True,,328,87.6246207195492
12,2026-09-18T06:48:58.145+00:00,2026-09-18T06:49:10.525+00:00,2026-09-18T06:49:10.703+00:00,True,4,4.0,,4.0,12379.566046,12558.51619,12558.516153,3139.62903825,54.439468,12379.566046,6159.960264548765,10532.6631865,59.650048,6.461626332654032,0.3185089655086076,1,64,,False,True,,11,87.6246207195492
13,2026-09-18T06:48:58.626+00:00,2026-09-18T06:49:12.567+00:00,2026-09-18T06:49:15.152+00:00,True,44,44.0,,44.0,13941.858322,16526.684690000002,16526.684609,375.60646838636364,0.0,13941.858322,2092.9928799724803,71.17434039999999,60.11224111627907,32.13138813221411,2.6623609529274557,1,64,,False,True,,193,87.6246207195492
14,2026-09-18T06:48:59.105+00:00,2026-09-18T06:49:14.382+00:00,2026-09-18T06:49:16.948+00:00,True,42,42.0,,42.0,15277.410671,17843.478383,17843.478453,424.84472507142857,0.0,15277.410671,2348.0353068071972,72.64156935000001,62.58701736585366,40.27722082396434,2.3538011534799526,1,64,,False,True,,158,87.6246207195492
15,2026-09-18T06:48:59.568+00:00,2026-09-18T06:49:15.866+00:00,2026-09-18T06:49:20.236+00:00,True,69,69.0,,69.0,16298.079844,20668.683108,20668.683072,299.54613147826086,0.0,16298.079844,1954.873640080556,80.6788038,64.2735774117647,46.84169532827811,3.338383952158661,1,64,,False,True,,329,87.6246207195492
16,2026-09-18T06:48:59.947+00:00,2026-09-18T06:49:17.302+00:00,2026-09-18T06:49:17.684+00:00,True,8,8.0,,8.0,17355.317869,17737.111661,17737.11181,2217.13897625,41.432353000000006,17355.317869,6116.755013165316,11303.654688499999,54.541970285714285,10.025162096819876,0.45103172111106665,1,64,,False,True,,26,87.6246207195492
17,2026-09-18T06:49:00.276+00:00,2026-09-18T06:49:18.498+00:00,2026-09-18T06:49:19.820+00:00,True,23,23.0,,23.0,18221.73266,19544.035124,19544.035042000003,849.7406540000001,40.752524,18221.73266,3786.9665668502507,66.2634261,60.10465745454545,6.512237923083414,1.176829649254779,1,64,,False,True,,57,87.6246207195492
18,2026-09-18T06:49:00.812+00:00,2026-09-18T06:49:20.412+00:00,2026-09-18T06:49:21.835+00:00,True,24,24.0,,24.0,19600.536518,21023.153094,21023.152994,875.9647080833333,0.0173,19600.536518,3989.039752446364,350.13029875000007,61.85289460869565,77.63336146076895,1.1415984982219243,1,64,,False,True,,96,87.6246207195492
19,2026-09-18T06:49:01.144+00:00,2026-09-18T06:49:21.652+00:00,2026-09-18T06:49:24.137+00:00,True,38,38.0,,38.0,20508.100861000003,22992.392701000004,22992.392885,605.0629706578948,0.0,20508.100861000003,3316.364740822898,142.1941364,67.1430227027027,52.44578323527077,1.6527205538876897,1,64,,False,True,,150,87.6246207195492
20,2026-09-18T06:49:01.468+00:00,2026-09-18T06:49:22.783+00:00,2026-09-18T06:49:23.278+00:00,True,9,9.0,,9.0,21315.955339,21810.616459,21810.61654,2423.401837777778,36.594522,21315.955339,7084.731898191447,12830.757259000002,61.83264,19.851358414537238,0.4126430821851535,1,64,,False,True,,54,87.6246207195492
21,2026-09-18T06:49:02.005+00:00,2026-09-18T06:49:25.051+00:00,2026-09-18T06:49:25.911+00:00,True,16,16.0,,16.0,23046.760883000003,23906.182323,23906.182366,1494.136397875,36.219173000000005,23046.760883000003,5747.383610619833,5830.208878250001,57.294762666666664,14.504118314315217,0.6692829404470195,1,64,,False,True,,63,87.6246207195492
22,2026-09-18T06:49:02.320+00:00,2026-09-18T06:49:26.338+00:00,2026-09-18T06:49:31.912+00:00,True,93,93.0,,93.0,24017.727118000003,29592.344718,29592.344920000003,318.1972572043011,0.0,24017.727118000003,2484.54133568986,70.582157,60.59366956521739,38.97028484424646,3.1427046719765777,1,64,,False,True,,439,87.6246207195492
23,2026-09-18T06:49:02.774+00:00,2026-09-18T06:49:27.859+00:00,2026-09-18T06:49:29.757+00:00,True,33,33.0,,33.0,25084.721586,26982.647986,26982.647979999998,817.6559993939394,0.0,25084.721586,4356.871772371041,203.6044458,59.3102,67.51653272318299,1.2230082094656578,1,64,,False,True,,171,87.6246207195492
24,2026-09-18T06:49:03.102+00:00,2026-09-18T06:49:29.496+00:00,2026-09-18T06:49:34.189+00:00,True,78,78.0,,78.0,26393.814844,31087.048764,31087.048843,398.55190824358976,0.0,26393.814844,2982.027796744125,71.5168847,60.95108987012987,50.261966524593625,2.5090834640542337,1,64,,False,True,,386,87.6246207195492
25,2026-09-18T06:49:03.511+00:00,2026-09-18T06:49:31.029+00:00,2026-09-18T06:49:35.592+00:00,True,78,78.0,,78.0,27518.294285,32081.405453,32081.405353,411.3000686282051,0.0,27518.294285,3110.051872465324,72.65066784999999,59.261184,76.49322515284088,2.431314928339776,1,64,,False,True,,96,87.6246207195492
26,2026-09-18T06:49:03.827+00:00,2026-09-18T06:49:32.197+00:00,2026-09-18T06:49:36.411+00:00,True,71,71.0,,71.0,28370.002812,32584.033916,32584.033939999998,458.9300554929577,0.0,28370.002812,3360.6198677945595,80.53658599999999,60.200444342857146,76.76986160433081,2.1789812821529226,1,64,,False,True,,360,87.6246207195492
27,2026-09-18T06:49:04.337+00:00,2026-09-18T06:49:34.063+00:00,2026-09-18T06:49:38.990+00:00,True,76,76.0,,76.0,29726.125261999998,34653.334989999996,34653.33496,455.9649336842105,0.0,29726.125261999998,3403.104165778129,98.49868325,65.69612970666667,75.18725614368881,2.193151107156974,1,64,,False,True,,225,87.6246207195492
28,2026-09-18T06:49:04.866+00:00,2026-09-18T06:49:35.909+00:00,2026-09-18T06:49:40.555+00:00,True,77,77.0,,77.0,31042.914837,35689.035541,35689.035696,463.4939700779221,0.0,31042.914837,3531.142782473525,94.54319960000001,61.13316715789474,56.181835779375845,2.1575253809126185,1,64,,False,True,,328,87.6246207195492
29,2026-09-18T06:49:05.399+00:00,2026-09-18T06:49:37.964+00:00,2026-09-18T06:49:40.094+00:00,True,37,37.0,,37.0,32565.521605,34695.548101,34695.548135000005,937.7175171621622,0.0,32565.521605,5344.597561397151,157.15222999999997,59.16740266666667,80.254777115628,1.0664192389263216,1,64,,False,True,,162,87.6246207195492
30,2026-09-18T06:49:05.840+00:00,2026-09-18T06:49:39.442+00:00,2026-09-18T06:49:44.468+00:00,True,83,83.0,,83.0,33602.499428,38627.954020000005,38627.954078,465.3970370843374,33.882427,33602.499428,3681.6517431304956,95.54083020000002,61.286031609756094,13.726218171371556,2.148702982224374,1,64,,False,True,,325,87.6246207195492
31,2026-09-18T06:49:06.307+00:00,2026-09-18T06:49:41.558+00:00,2026-09-18T06:49:43.015+00:00,True,24,24.0,,24.0,35250.643194,36707.815162,36707.814995999994,1529.4922915,40.947534,35250.643194,7182.591680476415,102.58606315000002,63.35530295652174,15.796516946775471,0.6538117263063057,1,64,,False,True,,70,87.6246207195492
32,2026-09-18T06:49:06.786+00:00,2026-09-18T06:49:43.352+00:00,2026-09-18T06:49:47.930+00:00,True,75,75.0,,75.0,36565.286115,41143.276259000006,41143.27642,548.5770189333334,0.0,36565.286115,4215.571719663777,92.0892723,61.86473167567568,66.6431356621464,1.8228980970759203,1,64,,False,True,,375,87.6246207195492
33,2026-09-18T06:49:07.285+00:00,2026-09-18T06:49:45.293+00:00,2026-09-18T06:49:45.806+00:00,True,13,13.0,,13.0,38007.275231,38520.613855,38520.613954,2963.124150307692,0.0,38007.275231,10529.48685234754,15241.4717216,42.77821866666667,26.201609592286143,0.3374816416201164,1,64,,False,True,,49,87.6246207195492
34,2026-09-18T06:49:07.892+00:00,2026-09-18T06:49:47.803+00:00,2026-09-18T06:49:49.318+00:00,True,25,25.0,,25.0,39910.244109,41426.022157,41426.022373,1657.04089492,0.02081,39910.244109,7970.509338315756,558.9019034,63.157418666666665,134.77103462258276,0.6034854108186587,1,64,,False,True,,115,87.6246207195492
35,2026-09-18T06:49:08.255+00:00,2026-09-18T06:49:49.191+00:00,2026-09-18T06:49:54.958+00:00,True,93,93.0,,93.0,40936.342831,46703.482415,46703.482502,502.18798389247314,0.0,40936.342831,4238.928491263976,90.9121586,62.68629982608695,67.25382947158175,1.9912861994661604,1,64,,False,True,,304,87.6246207195492
36,2026-09-18T06:49:08.802+00:00,2026-09-18T06:49:51.224+00:00,2026-09-18T06:49:54.584+00:00,True,55,55.0,,55.0,42421.474709,45781.569429,45781.56923,832.3921678181819,0.0,42421.474709,5712.345879814185,93.82499490000001,62.2239762962963,85.33828045642429,1.2013568055000021,1,64,,False,True,,270,87.6246207195492
37,2026-09-18T06:49:09.254+00:00,2026-09-18T06:49:53.132+00:00,2026-09-18T06:49:57.493+00:00,True,71,71.0,,71.0,43877.987189,48239.551605,48239.551492,679.4303027042254,32.292280999999996,43877.987189,5199.98096212043,94.8916345,62.30806308571429,13.205815685818676,1.4718213092312593,1,64,,False,True,,299,87.6246207195492
38,2026-09-18T06:49:09.752+00:00,2026-09-18T06:49:55.157+00:00,2026-09-18T06:49:58.476+00:00,True,55,55.0,,55.0,45404.741459,48723.393362999996,48723.393267,885.8798775818182,35.528014000000006,45404.741459,6114.103732218976,96.25599940000001,61.45651674074074,14.3106647005963,1.1288212130513553,1,64,,False,True,,146,87.6246207195492
39,2026-09-18T06:49:10.055+00:00,2026-09-18T06:49:56.443+00:00,2026-09-18T06:49:59.077+00:00,True,43,43.0,,43.0,46388.517018,49021.945242,49021.94522,1140.0452376744186,34.943706,46388.517018,7064.638456298836,96.5712724,62.700672,16.003154926889085,0.8771581745222007,1,64,,False,True,,221,87.6246207195492
40,2026-09-18T06:49:10.441+00:00,2026-09-18T06:49:58.283+00:00,2026-09-18T06:49:59.142+00:00,True,14,14.0,,14.0,47841.889162,48700.652938,48700.652767,3478.6180547857143,40.913305,47841.889162,12768.636799467839,16812.75253325,66.058752,15.803201725371308,0.287470478431227,1,64,,False,True,,27,87.6246207195492
41,2026-09-18T06:49:10.835+00:00,2026-09-18T06:49:59.642+00:00,2026-09-18T06:50:02.897+00:00,True,54,54.0,,54.0,48806.577457,52061.549872999996,52061.549871999996,964.1027754074074,0.0,48806.577457,6635.404345001068,387.2622374,61.41457388679245,165.6045305758317,1.0372338152000602,1,64,,False,True,,239,87.6246207195492
42,2026-09-18T06:49:11.298+00:00,2026-09-18T06:50:01.550+00:00,2026-09-18T06:50:04.944+00:00,True,56,56.0,,56.0,50252.548917,53645.883445,53645.883367,957.9622029821429,0.01758,50252.548917,6708.301770008614,93.922444,61.696991418181824,131.5782033161172,1.043882520033686,1,64,,False,True,,209,87.6246207195492
43,2026-09-18T06:49:11.840+00:00,2026-09-18T06:50:04.177+00:00,2026-09-18T06:50:10.290+00:00,True,97,97.0,,97.0,52336.602539,58450.056619,58450.056711,602.5779042371134,0.0,52336.602539,5308.124291942181,95.537935,63.68181333333334,81.11378315334397,1.6595364591737418,1,64,,False,True,,366,87.6246207195492
44,2026-09-18T06:49:12.186+00:00,2026-09-18T06:50:05.478+00:00,2026-09-18T06:50:06.446+00:00,True,15,15.0,,15.0,53291.567902,54259.459614,54259.459486,3617.2972990666667,53.536021,53291.567902,13741.981011477214,16058.4001687,69.13512228571429,15.34523447194103,0.27644949114328643,1,64,,False,True,,60,87.6246207195492
45,2026-09-18T06:49:12.537+00:00,2026-09-18T06:50:06.913+00:00,2026-09-18T06:50:07.532+00:00,True,10,10.0,,10.0,54375.258497,54994.538625,54994.538695,5499.4538695,42.131942,54375.258497,17173.21560737979,29951.014905500004,68.8089031111111,17.98850879634638,0.18183623774332555,1,64,,False,True,,45,87.6246207195492
46,2026-09-18T06:49:12.973+00:00,2026-09-18T06:50:08.528+00:00,2026-09-18T06:50:10.799+00:00,True,37,37.0,,37.0,55555.032226999996,57826.12573099999,57826.125787,1562.8682645135134,0.0,55555.032226999996,9123.809534532867,242.82333659999998,63.08593066666666,136.2929535160405,0.639849195018173,1,64,,False,True,,150,87.6246207195492
47,2026-09-18T06:49:13.282+00:00,2026-09-18T06:50:09.921+00:00,2026-09-18T06:50:12.144+00:00,True,41,41.0,,41.0,56638.961521,58861.965680999994,58861.96558,1435.6576970731708,0.0,56638.961521,8836.866242379669,97.424791,55.575104,21.67800770566534,0.6965448660379067,1,64,,False,True,,152,87.6246207195492
48,2026-09-18T06:49:13.647+00:00,2026-09-18T06:50:11.082+00:00,2026-09-18T06:50:13.828+00:00,True,48,48.0,,48.0,57434.230038999995,60180.650262999996,60180.650111999996,1253.763544,36.874202,57434.230038999995,8281.487658684764,68.97400569999999,58.43447285106383,9.110338807897492,0.7975985601722744,1,64,,False,True,,190,87.6246207195492
49,2026-09-18T06:49:14.009+00:00,2026-09-18T06:50:12.376+00:00,2026-09-18T06:50:15.086+00:00,True,46,46.0,,46.0,58367.385383,61076.748839,61076.748894000004,1327.7554107391304,38.913458,58367.385383,8596.929189070903,71.039136,60.20807679999999,9.291356610905217,0.7531507631694228,1,64,,False,True,,208,87.6246207195492
50,2026-09-18T06:49:14.385+00:00,2026-09-18T06:50:13.630+00:00,2026-09-18T06:50:17.265+00:00,True,46,46.0,,46.0,59244.442379,62880.145675,62880.145712,1366.9596893913044,0.03131,59244.442379,8724.10606466701,89.87240725,80.79340657777777,126.86150186835094,0.7315504680563862,1,64,,False,True,,257,87.6246207195492
51,2026-09-18T06:49:14.836+00:00,2026-09-18T06:50:15.692+00:00,2026-09-18T06:50:20.547+00:00,True,79,79.0,,79.0,60856.056251999995,65711.63845999999,65711.638255,831.7928893037974,0.0,60856.056251999995,6841.394616210533,92.9565741,62.25105394871795,146.90259952626545,1.2022223437342672,1,64,,False,True,,301,87.6246207195492
52,2026-09-18T06:49:15.282+00:00,2026-09-18T06:50:17.408+00:00,2026-09-18T06:50:21.391+00:00,True,64,64.0,,64.0,62125.738446999996,66108.689103,66108.689069,1032.948266703125,0.0,62125.738446999996,7758.667996004475,94.40180645000001,63.22143898412698,115.99513670767602,0.968102693736453,1,64,,False,True,,317,87.6246207195492
53,2026-09-18T06:49:15.791+00:00,2026-09-18T06:50:19.149+00:00,2026-09-18T06:50:21.204+00:00,True,34,34.0,,34.0,63358.147229999995,65412.512925999996,65412.51293,1923.8974391176469,0.0,63358.147229999995,10856.319075901569,391.4188074,62.25350593939394,161.35772403497475,0.5197782271178543,1,64,,False,True,,51,87.6246207195492
54,2026-09-18T06:49:16.251+00:00,2026-09-18T06:50:21.110+00:00,2026-09-18T06:50:24.223+00:00,True,49,49.0,,49.0,64859.061387,67972.099979,67972.100004,1387.185714367347,39.692567000000004,64859.061387,9256.324446682773,94.2044282,64.85497066666666,13.22043828818282,0.7208840099855465,1,64,,False,True,,314,87.6246207195492
55,2026-09-18T06:49:16.747+00:00,2026-09-18T06:50:22.840+00:00,2026-09-18T06:50:24.584+00:00,True,29,29.0,,29.0,66092.324309,67836.342741,67836.342892,2339.1842376551726,40.753045,66092.324309,12261.475354120355,93.21135160000001,62.28637257142857,11.422780657885376,0.42749946161930286,1,64,,False,True,,45,87.6246207195492
56,2026-09-18T06:49:17.160+00:00,2026-09-18T06:50:24.694+00:00,2026-09-18T06:50:26.484+00:00,True,29,29.0,,29.0,67534.319344,69323.969776,69323.96985200001,2390.481719034483,38.805259,67534.319344,12528.946789379504,95.3360822,63.91608685714286,13.904625730176638,0.41832572620559616,1,64,,False,True,,123,87.6246207195492
57,2026-09-18T06:49:17.501+00:00,2026-09-18T06:50:25.873+00:00,2026-09-18T06:50:32.247+00:00,True,100,100.0,,100.0,68371.734214,74745.83111,74745.831085,747.45831085,0.0,68371.734214,6831.520076180706,91.03547354999999,64.38481713131313,104.09703223491384,1.3378672564739378,1,64,,False,True,,349,87.6246207195492
58,2026-09-18T06:49:17.831+00:00,2026-09-18T06:50:27.050+00:00,2026-09-18T06:50:32.239+00:00,True,78,78.0,,78.0,69219.037715,74408.869907,74408.869931,953.9598709102564,0.0,69219.037715,7830.728483052748,93.75311945,67.40041807792207,115.95468126243615,1.0482621238232537,1,64,,False,True,,291,87.6246207195492
59,2026-09-18T06:49:18.318+00:00,2026-09-18T06:50:29.009+00:00,2026-09-18T06:50:32.939+00:00,True,65,65.0,,65.0,70690.668037,74621.09722099999,74621.097186,1148.0168797846154,0.0,70690.668037,8761.41646857714,94.27577939999999,61.412956,129.04647441333915,0.8710673310993288,1,64,,False,True,,309,87.6246207195492
60,2026-09-18T06:49:18.624+00:00,2026-09-18T06:50:30.103+00:00,2026-09-18T06:50:32.226+00:00,True,21,21.0,,21.0,71478.80113699999,73601.67371299998,73601.673661,3504.841602904761,0.0,71478.80113699999,15576.286089567318,1042.508227,106.1436288,221.4347406801404,0.28531959859889505,1,64,,False,True,,57,87.6246207195492
61,2026-09-18T06:49:19.070+00:00,2026-09-18T06:50:32.250+00:00,2026-09-18T06:50:32.532+00:00,True,15,15.0,,15.0,73179.910225,73462.361681,73462.361644,4897.490776266666,0.0,73179.910225,18889.786519415753,22020.448564,20.175104,31.336887132424568,0.2041861935386096,1,64,,False,True,,68,87.6246207195492
62,2026-09-18T06:49:19.411+00:00,2026-09-18T06:50:33.063+00:00,2026-09-18T06:50:34.799+00:00,True,27,27.0,,27.0,73651.962789,75387.843493,75387.843446,2792.1423498518516,0.015519999999999999,73651.962789,14162.806164283405,738.9312709999999,66.76464246153846,197.79908971871993,0.35814792875070156,1,64,,False,True,,144,87.6246207195492
63,2026-09-18T06:49:19.956+00:00,2026-09-18T06:50:34.901+00:00,2026-09-18T06:50:41.042+00:00,True,100,100.0,,100.0,74945.69165899999,81086.45402699999,81086.45385099998,810.8645385099999,21.050511,74945.69165899999,7488.378741372593,92.26694385,62.02790270707071,13.677918129738405,1.2332516102714546,1,64,,False,True,,426,87.6246207195492
64,2026-09-18T06:49:20.270+00:00,2026-09-18T06:50:36.134+00:00,2026-09-18T06:50:38.194+00:00,True,35,35.0,,35.0,75863.6486,77923.412824,77923.41271,2226.3832202857143,37.122701,75863.6486,12813.06319152569,93.64526400000001,60.581300705882356,12.816128410018843,0.44915897201592003,1,64,,False,True,,97,87.6246207195492
65,2026-09-18T06:49:20.625+00:00,2026-09-18T06:50:37.792+00:00,2026-09-18T06:50:39.368+00:00,True,25,25.0,,25.0,77167.514209,78742.864481,78742.864323,3149.71457292,51.874435,77167.514209,15420.378922385797,100.7918042,65.63959466666667,11.343239118630846,0.31748908507173107,1,64,,False,True,,113,87.6246207195492
66,2026-09-18T06:49:21.123+00:00,2026-09-18T06:50:39.493+00:00,2026-09-18T06:50:41.954+00:00,True,39,39.0,,39.0,78370.19613699999,80831.07242499999,80831.072433,2072.5916008461536,36.172602,78370.19613699999,12538.914253461959,98.83401450000001,64.75990231578947,15.490234303523644,0.4824877219857077,1,64,,False,True,,212,87.6246207195492
67,2026-09-18T06:49:21.626+00:00,2026-09-18T06:50:41.291+00:00,2026-09-18T06:50:45.768+00:00,True,64,64.0,,64.0,79664.781624,84141.50405599999,84141.504099,1314.711001546875,0.0,79664.781624,9950.269619860137,95.1983682,71.05908622222222,146.0084629166561,0.7606234368879964,1,64,,False,True,,337,87.6246207195492
68,2026-09-18T06:49:21.883+00:00,2026-09-18T06:50:42.415+00:00,2026-09-18T06:50:45.762+00:00,True,43,43.0,,43.0,80532.011982,83878.90170999999,83878.901737,1950.6721334186045,0.0,80532.011982,12270.124545971428,95.7264471,79.68785066666668,177.9794214814431,0.5126438129658243,1,64,,False,True,,181,87.6246207195492
69,2026-09-18T06:49:22.441+00:00,2026-09-18T06:50:44.507+00:00,2026-09-18T06:50:48.445+00:00,True,65,65.0,,65.0,82065.586878,86003.450302,86003.45044100001,1323.1300067846155,0.0,82065.586878,10172.402116870524,86.92305519999998,61.529116,147.34970919242647,0.7557836316072593,1,64,,False,True,,352,87.6246207195492
70,2026-09-18T06:49:22.935+00:00,2026-09-18T06:50:46.419+00:00,2026-09-18T06:50:47.433+00:00,True,18,18.0,,18.0,83483.638698,84498.312874,84498.31296,4694.3507199999995,39.309478000000006,83483.638698,19663.2156442323,12582.005599699998,59.68671623529412,8.156512401943427,0.2130220046741143,1,64,,False,True,,111,87.6246207195492
71,2026-09-18T06:49:23.305+00:00,2026-09-18T06:50:47.737+00:00,2026-09-18T06:50:49.460+00:00,True,29,29.0,,29.0,84432.085845,86155.013717,86155.013677,2970.8625405862067,38.994777,84432.085845,15667.223454012686,96.30039420000001,61.53313828571429,12.91965766238221,0.336602581194619,1,64,,False,True,,125,87.6246207195492
72,2026-09-18T06:49:23.703+00:00,2026-09-18T06:50:49.272+00:00,2026-09-18T06:50:54.011+00:00,True,78,78.0,,78.0,85569.601253,90308.382949,90308.382893,1157.7997806794872,35.179995000000005,85569.601253,9681.885274986571,71.19793255,61.54261942857143,9.047454330675171,0.8637071936505503,1,64,,False,True,,319,87.6246207195492
73,2026-09-18T06:49:24.029+00:00,2026-09-18T06:50:50.210+00:00,2026-09-18T06:50:53.134+00:00,True,49,49.0,,49.0,86181.155963,89105.161595,89105.161582,1818.4726853469388,34.665656000000006,86181.155963,12302.895555045665,82.0657544,60.916784,10.326751791845371,0.549912026676012,1,64,,False,True,,144,87.6246207195492
74,2026-09-18T06:49:24.398+00:00,2026-09-18T06:50:51.767+00:00,2026-09-18T06:50:55.244+00:00,True,55,55.0,,55.0,87369.30961699999,90845.92632099999,90845.92629399999,1651.7441144363636,42.901351000000005,87369.30961699999,11772.199128926963,92.65203379999998,64.3817908148148,11.019910725297356,0.6054206526075806,1,64,,False,True,,289,87.6246207195492
75,2026-09-18T06:49:24.940+00:00,2026-09-18T06:50:53.824+00:00,2026-09-18T06:50:54.902+00:00,True,17,17.0,,17.0,88883.18317,89961.42189,89961.42172500001,5291.848336764706,36.468882,88883.18317,21540.999810302048,17856.2350068,67.38992,16.436407466141127,0.1889698900133736,1,64,,False,True,,89,87.6246207195492
76,2026-09-18T06:49:25.459+00:00,2026-09-18T06:50:55.618+00:00,2026-09-18T06:50:56.247+00:00,True,11,11.0,,11.0,90158.895653,90787.691301,90787.691169,8253.42646990909,58.601172,90158.895653,27164.971143475737,45112.962034,62.8795648,3.3655827753032543,0.12116179894398128,1,64,,False,True,,27,87.6246207195492
77,2026-09-18T06:49:25.951+00:00,2026-09-18T06:50:57.511+00:00,2026-09-18T06:50:58.374+00:00,True,15,15.0,,15.0,91559.66994499999,92422.99948099999,92422.99956699999,6161.533304466666,56.841345000000004,91559.66994499999,23624.683083340617,27514.521331399996,61.66639542857143,2.8025255168565844,0.1622972645795125,1,64,,False,True,,60,87.6246207195492
78,2026-09-18T06:49:26.487+00:00,2026-09-18T06:50:59.416+00:00,2026-09-18T06:50:59.597+00:00,True,4,4.0,,4.0,92928.548066,93109.125602,93109.125592,23277.281398,48.468281000000005,92928.548066,46434.17879443933,79000.103645,60.192512,11.895258048405003,0.04296034329758628,1,64,,True,True,,15,87.6246207195492
79,2026-09-18T06:49:26.905+00:00,2026-09-18T06:51:01.105+00:00,2026-09-18T06:51:03.979+00:00,True,47,47.0,,47.0,94199.964066,97074.529442,97074.529236,2065.4155156595743,38.470409,94199.964066,13731.363257385214,70.37580360000001,62.49055165217391,6.4521459185260674,0.4841640775408705,1,64,,True,True,,185,87.6246207195492
80,2026-09-18T06:49:27.397+00:00,2026-09-18T06:51:03.012+00:00,2026-09-18T06:51:03.919+00:00,True,15,15.0,,15.0,95614.638171,96521.541211,96521.541052,6434.7694034666665,55.818076999999995,95614.638171,24670.869191102105,28750.1318862,64.77878857142858,9.163177688186407,0.1554057240674327,1,64,,True,True,,58,87.6246207195492
81,2026-09-18T06:49:27.842+00:00,2026-09-18T06:51:04.719+00:00,2026-09-18T06:51:08.003+00:00,True,54,54.0,,54.0,96876.474779,100160.731803,100160.73178,1854.8283662962963,38.433459,96876.474779,13174.79009163117,91.6815263,61.96711366037736,10.79952209328957,0.5391334410995448,1,64,,True,True,,244,87.6246207195492
82,2026-09-18T06:49:28.310+00:00,2026-09-18T06:51:06.514+00:00,2026-09-18T06:51:08.782+00:00,True,38,38.0,,38.0,98204.327875,100472.055235,100472.055038,2644.0014483684213,36.172013,98204.327875,15920.909457733174,98.13246164999998,61.28992864864865,14.435149149571556,0.37821461809574375,1,64,,True,True,,169,87.6246207195492
83,2026-09-18T06:49:28.729+00:00,2026-09-18T06:51:07.999+00:00,2026-09-18T06:51:12.737+00:00,True,77,77.0,,77.0,99270.627385,104007.959865,104007.959848,1350.7527252987013,38.210389000000006,99270.627385,11305.840796638617,89.2692286,62.33332210526316,12.124459035190853,0.7403279527830781,1,64,,True,True,,313,87.6246207195492
84,2026-09-18T06:49:29.126+00:00,2026-09-18T06:51:09.795+00:00,2026-09-18T06:51:11.434+00:00,True,27,27.0,,27.0,100669.719298,102308.90880199999,102308.908885,3789.2188475925923,41.807313,100669.719298,19361.765449246857,88.46055759999999,63.04575015384615,9.19226876809014,0.26390663644212564,1,64,,True,True,,102,87.6246207195492
85,2026-09-18T06:49:29.439+00:00,2026-09-18T06:51:10.789+00:00,2026-09-18T06:51:13.523+00:00,True,44,44.0,,44.0,101350.38354099999,104084.052661,104084.05257199999,2365.546649363636,35.319674,101350.38354099999,15269.56536432857,93.27521735,63.573700465116275,11.530841017554145,0.42273526899752123,1,64,,True,True,,179,87.6246207195492
86,2026-09-18T06:49:29.917+00:00,2026-09-18T06:51:12.535+00:00,2026-09-18T06:51:16.861+00:00,True,70,70.0,,70.0,102618.07642900001,106943.80289300001,106943.80271300001,1527.7686101857144,39.926786,102618.07642900001,12257.714803058549,69.3688165,62.69168788405797,6.718172528397776,0.654549381136528,1,64,,True,True,,360,87.6246207195492
87,2026-09-18T06:49:30.433+00:00,2026-09-18T06:51:14.397+00:00,2026-09-18T06:51:16.024+00:00,True,27,27.0,,27.0,103963.84738199999,105591.30107799999,105591.30093999999,3910.7889237037034,55.922526,103963.84738199999,19995.805730002303,68.7555266,62.59437292307692,3.3157275707070135,0.2557028820021375,1,64,,True,True,,109,87.6246207195492
88,2026-09-18T06:49:30.783+00:00,2026-09-18T06:51:15.904+00:00,2026-09-18T06:51:19.361+00:00,True,53,53.0,,53.0,105120.97687299999,108577.55978499999,108577.55963599999,2048.633200679245,39.147908,105120.97687299999,14430.351406160651,93.96928259999999,66.4727483076923,12.691586645994285,0.48813032918540467,1,64,,True,True,,250,87.6246207195492
89,2026-09-18T06:49:31.115+00:00,2026-09-18T06:51:17.049+00:00,2026-09-18T06:51:17.142+00:00,True,2,2.0,,2.0,105933.762242,106026.754242,106026.7543,53013.37715,92.992058,105933.762242,74840.72632311335,100641.7237328,92.992,nan,0.018863163493952805,1,64,,True,True,,7,87.6246207195492
90,2026-09-18T06:49:31.512+00:00,2026-09-18T06:51:18.708+00:00,2026-09-18T06:51:24.808+00:00,True,97,97.0,,97.0,107196.109738,113296.671658,113296.671588,1168.0069235876288,39.131477,107196.109738,10877.66984230548,92.58020699999999,63.54752,11.694952233611742,0.8561593079521919,1,64,,True,True,,515,87.6246207195492
91,2026-09-18T06:49:31.959+00:00,2026-09-18T06:51:20.335+00:00,2026-09-18T06:51:24.395+00:00,True,65,65.0,,65.0,108376.002028,112436.480236,112436.480244,1729.7920037538463,38.977638,108376.002028,13434.5245286101,95.70473539999999,63.444972,11.983959252029141,0.5781041870358038,1,64,,True,True,,329,87.6246207195492
92,2026-09-18T06:49:32.266+00:00,2026-09-18T06:51:21.684+00:00,2026-09-18T06:51:22.463+00:00,True,13,13.0,,13.0,109417.311114,110197.004426,110197.004411,8476.692647,53.479831,109417.311114,30328.88290919867,43820.455722599996,64.97444266666666,10.303131538812613,0.11797053892449336,1,64,,True,True,,62,87.6246207195492
93,2026-09-18T06:49:32.658+00:00,2026-09-18T06:51:23.110+00:00,2026-09-18T06:51:26.149+00:00,True,49,49.0,,49.0,110451.91470200001,113490.47905400001,113490.47912,2316.1322269387756,39.224008000000005,110451.91470200001,15769.804795188098,90.43173800000001,63.303424,10.127537829714665,0.4317542793760282,1,64,,True,True,,199,87.6246207195492
94,2026-09-18T06:49:33.086+00:00,2026-09-18T06:51:24.876+00:00,2026-09-18T06:51:26.333+00:00,True,24,24.0,,24.0,111789.6841,113246.5865,113246.586534,4718.60777225,53.99168,111789.6841,22806.044894998522,87.69225320000001,63.34358260869565,7.364234933337509,0.21192691754996076,1,64,,True,True,,81,87.6246207195492
95,2026-09-18T06:49:33.634+00:00,2026-09-18T06:51:26.973+00:00,2026-09-18T06:51:32.973+00:00,True,96,96.0,,96.0,113338.484659,119338.49336299999,119338.493405,1243.1093063020833,36.083503,113338.484659,11561.121374862238,92.35794600000001,63.157986357894735,12.567138815739275,0.8044344896159389,1,64,,True,True,,385,87.6246207195492
96,2026-09-18T06:49:34.017+00:00,2026-09-18T06:51:28.568+00:00,2026-09-18T06:51:34.082+00:00,True,89,89.0,,89.0,114551.016938,120064.320746,120064.320704,1349.0373112808988,34.615575,114551.016938,12135.749527704895,94.6064468,62.651179636363636,13.136150904126508,0.7412693416912958,1,64,,True,True,,481,87.6246207195492
97,2026-09-18T06:49:34.460+00:00,2026-09-18T06:51:30.527+00:00,2026-09-18T06:51:31.224+00:00,True,12,12.0,,12.0,116067.91025399999,116764.83595,116764.83611399999,9730.4030095,43.09076,116067.91025399999,33487.63204703348,52281.88465069999,63.35688145454545,12.117010090583669,0.10277066637714914,1,64,,True,True,,63,87.6246207195492
99,2026-09-18T06:49:35.211+00:00,2026-09-18T06:51:31.919+00:00,2026-09-18T06:51:37.256+00:00,True,85,85.0,,85.0,116707.777162,122045.11169,122045.111634,1435.824842752941,37.242041,116707.777162,12651.850692940243,95.37585940000001,63.539696761904764,13.172099799079685,0.6964637814901081,1,64,,True,True,,424,87.6246207195492
98,2026-09-18T06:49:35.150+00:00,2026-09-18T06:51:32.970+00:00,2026-09-18T06:51:34.020+00:00,True,17,17.0,,17.0,117820.208654,118869.553678,118869.553702,6992.326688352941,37.521011,117820.208654,28559.696224058443,23641.5373148,65.584064,17.00936314160112,0.14301391293224233,1,64,,True,True,,57,87.6246207195492
100,2026-09-18T06:49:35.696+00:00,2026-09-18T06:51:35.897+00:00,2026-09-18T06:51:40.903+00:00,True,82,82.0,,82.0,120200.72164399999,125206.535404,125206.53543999999,1526.9089687804876,36.046103,120200.72164399999,13267.128064310307,86.63847055000002,61.80016987654321,9.868572573935444,0.6549178901517655,1,64,,True,True,,314,87.6246207195492
101,2026-09-18T06:49:36.064+00:00,2026-09-18T06:51:37.251+00:00,2026-09-18T06:51:39.534+00:00,True,37,37.0,,37.0,121187.098897,123470.033937,123470.033752,3337.0279392432435,33.699748,121187.098897,19912.61482874969,92.59618100000002,63.414862222222226,12.531878431889112,0.2996678531641052,1,64,,True,True,,143,87.6246207195492
102,2026-09-18T06:49:36.412+00:00,2026-09-18T06:51:38.897+00:00,2026-09-18T06:51:40.621+00:00,True,29,29.0,,29.0,122485.733822,124209.721022,124209.72110099999,4283.093831068965,38.836738,122485.733822,22733.598097487633,83.369804,61.570971428571426,9.152094128306265,0.23347608996612695,1,64,,True,True,,149,87.6246207195492
103,2026-09-18T06:49:36.798+00:00,2026-09-18T06:51:40.495+00:00,2026-09-18T06:51:43.011+00:00,True,42,42.0,,42.0,123696.560849,126213.426385,126213.426401,3005.0815809761907,38.489718999999994,123696.560849,19077.324515269414,91.85492855000001,61.386964292682926,10.852905319414091,0.33276966803740576,1,64,,True,True,,206,87.6246207195492
104,2026-09-18T06:49:37.280+00:00,2026-09-18T06:51:42.214+00:00,2026-09-18T06:51:43.323+00:00,True,19,19.0,,19.0,124933.98819599999,126042.94589199999,126042.94589399999,6633.839257578947,44.038878,124933.98819599999,28647.689081797766,12555.729779399999,61.60876088888889,5.581671721444212,0.15074227173554136,1,64,,True,True,,87,87.6246207195492
105,2026-09-18T06:49:37.777+00:00,2026-09-18T06:51:44.204+00:00,2026-09-18T06:51:46.970+00:00,True,47,47.0,,47.0,126426.9418,129193.443944,129193.443919,2748.7966791276594,35.443214,126426.9418,18432.494666743347,70.43650120000001,60.14135095652174,9.497314210451709,0.3637955500309486,1,64,,True,True,,205,87.6246207195492
106,2026-09-18T06:49:38.083+00:00,2026-09-18T06:51:45.215+00:00,2026-09-18T06:51:45.315+00:00,True,3,3.0,,3.0,127131.838095,127231.737487,127231.737479,42410.57915966667,38.297269,127131.838095,73370.76340389141,114424.814497,49.949696,16.47891423194526,0.023579022492768578,1,64,,True,True,,9,87.6246207195492
107,2026-09-18T06:49:38.480+00:00,2026-09-18T06:51:46.589+00:00,2026-09-18T06:51:49.131+00:00,True,43,43.0,,43.0,128108.164748,130650.74932399999,130650.74930899999,3038.3895188139536,39.229467,128108.164748,19527.081839206578,70.88634019999999,60.537728,8.448457147483348,0.3291217250761001,1,64,,True,True,,207,87.6246207195492
108,2026-09-18T06:49:38.864+00:00,2026-09-18T06:51:47.961+00:00,2026-09-18T06:51:48.941+00:00,True,17,17.0,,17.0,129096.58649799999,130076.613122,130076.61312099999,7651.565477705882,38.770168,129096.58649799999,31295.666468221756,25876.774936399994,61.251664,7.675729872215636,0.1306922097061026,1,64,,True,True,,96,87.6246207195492
109,2026-09-18T06:49:39.418+00:00,2026-09-18T06:51:50.028+00:00,2026-09-18T06:51:50.673+00:00,True,12,12.0,,12.0,130610.03746699999,131255.72322699998,131255.723163,10937.976930249999,43.260949000000004,130610.03746699999,37686.92612086555,58813.118021099996,58.698705454545454,8.298893201801652,0.09142458481026859,1,64,,True,True,,56,87.6246207195492
110,2026-09-18T06:49:39.722+00:00,2026-09-18T06:51:50.856+00:00,2026-09-18T06:51:51.735+00:00,True,15,15.0,,15.0,131134.059124,132012.905588,132012.905516,8800.860367733332,41.248473,131134.059124,33842.462403709476,39407.7312532,62.77474742857142,12.944041934852569,0.11362525453998873,1,64,,True,True,,71,87.6246207195492
111,2026-09-18T06:49:40.032+00:00,2026-09-18T06:51:52.095+00:00,2026-09-18T06:51:54.336+00:00,True,36,36.0,,36.0,132063.24124600002,134304.48668600002,134304.486788,3730.680188555556,41.473922,132063.24124600002,21999.86919659004,88.82537725,64.035584,8.47761596881432,0.26804763480587923,1,64,,True,True,,183,87.6246207195492
112,2026-09-18T06:49:40.536+00:00,2026-09-18T06:51:53.958+00:00,2026-09-18T06:51:59.411+00:00,True,92,92.0,,92.0,133422.504083,138875.301011,138875.301109,1509.5141424891306,34.746796,133422.504083,13904.013990384385,71.8731782,59.920845362637365,9.976714756789486,0.6624648107348684,1,64,,True,True,,405,87.6246207195492
113,2026-09-18T06:49:40.903+00:00,2026-09-18T06:51:55.549+00:00,2026-09-18T06:51:56.851+00:00,True,23,23.0,,23.0,134645.90421500002,135948.16162300002,135948.16179800002,5910.789643391305,39.104617,134645.90421500002,28063.27148911153,88.67108990000001,59.193518545454545,11.804882877171709,0.16918213328828718,1,64,,True,True,,45,87.6246207195492
114,2026-09-18T06:49:41.427+00:00,2026-09-18T06:51:57.776+00:00,2026-09-18T06:52:00.967+00:00,True,53,53.0,,53.0,136349.6181,139540.737716,139540.737692,2632.8441073962263,37.299721,136349.6181,18720.63291209086,69.4445886,61.36768492307692,8.684034785405483,0.3798173986142179,1,64,,True,True,,221,87.6246207195492
115,2026-09-18T06:49:41.846+00:00,2026-09-18T06:51:59.230+00:00,2026-09-18T06:52:02.360+00:00,True,51,51.0,,51.0,137383.66463400002,140514.19775400002,140514.197619,2755.1803454705887,37.679139000000006,137383.66463400002,19228.796760237412,92.468528,62.610662399999995,10.95899110493561,0.36295264688687434,1,64,,True,True,,193,87.6246207195492
116,2026-09-18T06:49:42.265+00:00,2026-09-18T06:52:00.730+00:00,2026-09-18T06:52:01.707+00:00,True,17,17.0,,17.0,138464.344641,139442.035009,139442.03484900002,8202.47263817647,42.763131,138464.344641,33567.7166576477,27749.835997800004,61.105648,6.439195497384934,0.12191445713556007,1,64,,True,True,,69,87.6246207195492
117,2026-09-18T06:49:42.585+00:00,2026-09-18T06:52:01.802+00:00,2026-09-18T06:52:02.627+00:00,True,15,15.0,,15.0,139217.642681,140042.475449,140042.475554,9336.165036933333,38.660388,139217.642681,35930.631531082654,41831.8993254,58.91662628571429,15.153156329054838,0.10711036028110364,1,64,,True,True,,57,87.6246207195492
118,2026-09-18T06:49:42.898+00:00,2026-09-18T06:52:02.968+00:00,2026-09-18T06:52:05.491+00:00,True,41,41.0,,41.0,140069.622597,142593.338437,142593.338334,3477.8863008292683,42.80196,140069.622597,21865.347826236677,90.420351,63.092896,7.905657712711568,0.28753096357383096,1,64,,True,True,,144,87.6246207195492
119,2026-09-18T06:49:43.423+00:00,2026-09-18T06:52:05.005+00:00,2026-09-18T06:52:09.129+00:00,True,67,67.0,,67.0,141581.78956900002,145705.68563300002,145705.68561400002,2174.71172558209,39.957186,141581.78956900002,17289.33834748538,94.2640703,62.4832736969697,10.815588057021872,0.4598310608740279,1,64,,True,True,,278,87.6246207195492
120,2026-09-18T06:49:43.895+00:00,2026-09-18T06:52:06.914+00:00,2026-09-18T06:52:08.000+00:00,True,18,18.0,,18.0,143018.47684299998,144104.29981899998,144104.299779,8005.7944321666655,39.725096,143018.47684299998,33694.72691516312,21532.604482699997,63.87193976470588,15.614121088153023,0.12490952749229986,1,64,,True,True,,99,87.6246207195492
121,2026-09-18T06:49:44.318+00:00,2026-09-18T06:52:08.613+00:00,2026-09-18T06:52:10.310+00:00,True,29,29.0,,29.0,144295.47711500002,145992.39461900003,145992.39452300002,5034.220500793104,38.108629,144295.47711500002,26783.744766075466,75.0367462,60.604196571428574,8.372695710626498,0.19864048449703162,1,64,,True,True,,110,87.6246207195492
122,2026-09-18T06:49:44.680+00:00,2026-09-18T06:52:10.183+00:00,2026-09-18T06:52:15.564+00:00,True,87,87.0,,87.0,145503.302738,150884.48469,150884.48456799999,1734.304420321839,35.136935,145503.302738,15592.88679277886,92.48339700000001,62.5718831627907,10.84868790490461,0.5766000406121676,1,64,,True,True,,422,87.6246207195492
123,2026-09-18T06:49:45.215+00:00,2026-09-18T06:52:12.106+00:00,2026-09-18T06:52:16.992+00:00,True,79,79.0,,79.0,146891.178041,151776.841529,151776.84156600002,1921.225842607595,36.688712,146891.178041,16519.50584348576,92.8977693,62.63671138461538,12.006807814679423,0.520501014543154,1,64,,True,True,,391,87.6246207195492
124,2026-09-18T06:49:45.545+00:00,2026-09-18T06:52:13.323+00:00,2026-09-18T06:52:18.449+00:00,True,82,82.0,,82.0,147778.45016,152904.369136,152904.369037,1864.687427280488,36.248182,147778.45016,16312.416066984746,94.149555,63.28295032098766,12.49647189611242,0.5362829097909264,1,64,,True,True,,325,87.6246207195492
125,2026-09-18T06:49:45.976+00:00,2026-09-18T06:52:14.955+00:00,2026-09-18T06:52:16.127+00:00,True,20,20.0,,20.0,148979.382014,150151.20947,150151.209411,7507.56047055,37.63652,148979.382014,33299.013427434875,7539.1678045,61.6751292631579,11.440875817979753,0.1331990602712792,1,64,,True,True,,69,87.6246207195492
126,2026-09-18T06:49:46.409+00:00,2026-09-18T06:52:16.872+00:00,2026-09-18T06:52:17.920+00:00,True,17,17.0,,17.0,150463.29412099998,151510.67306499998,151510.673159,8912.392538764705,37.63523,150463.29412099998,36476.83583980531,30169.110713799997,65.461184,16.327391696687446,0.11220331647993396,1,64,,True,True,,81,87.6246207195492
127,2026-09-18T06:49:46.724+00:00,2026-09-18T06:52:18.046+00:00,2026-09-18T06:52:18.170+00:00,True,3,3.0,,3.0,151321.389625,151446.081081,151446.081114,50482.027038,62.147235,151321.389625,87329.44970199771,136195.5050879,62.345728,0.28057997077482205,0.019809030240904472,1,64,,True,True,,11,87.6246207195492
128,2026-09-18T06:49:47.230+00:00,2026-09-18T06:52:20.028+00:00,2026-09-18T06:52:20.992+00:00,True,16,16.0,,16.0,152798.10262299998,153761.291359,153761.291488,9610.080718,42.235771,152798.10262299998,38183.47369073647,38266.87515474999,64.2125824,9.83739290934908,0.10405739870279442,1,64,,True,True,,73,87.6246207195492
129,2026-09-18T06:49:47.693+00:00,2026-09-18T06:52:21.588+00:00,2026-09-18T06:52:25.323+00:00,True,60,60.0,,60.0,153895.413619,157630.444659,157630.444557,2627.17407595,38.047608999999994,153895.413619,19859.64265733355,93.26431095,63.30561084745762,10.842331466045739,0.38063712964711394,1,64,,True,True,,159,87.6246207195492
130,2026-09-18T06:49:48.770+00:00,2026-09-18T06:52:23.572+00:00,2026-09-18T06:52:27.352+00:00,True,61,61.0,,61.0,154801.989799,158581.738151,158581.738374,2599.7006290819672,35.358674,154801.989799,19812.30031341685,88.793304,62.995805866666664,9.666895364359712,0.38465967589481453,1,64,,True,True,,224,87.6246207195492
131,2026-09-18T06:49:48.790+00:00,2026-09-18T06:52:24.559+00:00,2026-09-18T06:52:30.753+00:00,True,100,100.0,,100.0,155768.54502700001,161962.20339500002,161962.20350200002,1619.62203502,39.808175000000006,155768.54502700001,15570.601003882246,75.841184,62.56220573737374,9.253510832200163,0.6174280042122909,1,64,,True,True,,432,87.6246207195492
132,2026-09-18T06:49:49.072+00:00,2026-09-18T06:52:26.659+00:00,2026-09-18T06:52:27.868+00:00,True,20,20.0,,20.0,157587.68997,158796.44696200002,158796.44689700002,7939.82234485,40.432974,157587.68997,35223.45448190139,7968.3352272,63.61878905263158,10.04095372791364,0.12594740236717009,1,64,,True,True,,80,87.6246207195492
133,2026-09-18T06:49:49.461+00:00,2026-09-18T06:52:28.289+00:00,2026-09-18T06:52:30.690+00:00,True,40,40.0,,40.0,158828.845949,161229.58066900002,161229.58086400002,4030.7395216000004,38.436778,158828.845949,25103.314582572817,69.66093899999998,61.55730051282051,10.353789198363037,0.24809343194980404,1,64,,True,True,,180,87.6246207195492
134,2026-09-18T06:49:49.924+00:00,2026-09-18T06:52:29.900+00:00,2026-09-18T06:52:32.069+00:00,True,35,35.0,,35.0,159975.796482,162145.131266,162145.13125900002,4632.718035971428,38.367048000000004,159975.796482,27030.062577189965,94.5075066,63.80396423529412,11.57498707963404,0.21585600336393881,1,64,,True,True,,125,87.6246207195492
135,2026-09-18T06:49:50.387+00:00,2026-09-18T06:52:31.848+00:00,2026-09-18T06:52:34.934+00:00,True,49,49.0,,49.0,161460.86109599998,164546.82563999997,164546.825693,3358.0984835306117,35.453994,161460.86109599998,23056.656897833742,100.2147072,64.290928,13.753972251745228,0.29778757389828675,1,64,,True,True,,187,87.6246207195492
136,2026-09-18T06:49:50.871+00:00,2026-09-18T06:52:33.994+00:00,2026-09-18T06:52:34.309+00:00,True,6,6.0,,6.0,163122.883768,163437.683128,163437.683141,27239.613856833334,59.06523,163122.883768,66568.93522302614,122358.70462024999,62.959872,2.8954679378642756,0.03671123993663665,1,64,,True,True,,14,87.6246207195492
137,2026-09-18T06:49:51.380+00:00,2026-09-18T06:52:36.127+00:00,2026-09-18T06:52:36.655+00:00,True,9,9.0,,9.0,164747.727279,165275.17175900002,165275.171596,18363.907955111114,39.550317,164747.727279,54893.93458722978,98889.28064780001,65.93056,17.137680501357803,0.054454640126609985,1,64,,True,True,,70,87.6246207195492
138,2026-09-18T06:49:51.932+00:00,2026-09-18T06:52:38.147+00:00,2026-09-18T06:52:38.588+00:00,True,8,8.0,,8.0,166215.12850400002,166656.13253600002,166656.13263200002,20832.016579000003,59.717999000000006,166215.12850400002,58743.64822260392,108063.44756700001,63.000576,2.4620547270516417,0.048003034021396655,1,64,,True,True,,26,87.6246207195492
139,2026-09-18T06:49:52.314+00:00,2026-09-18T06:52:39.380+00:00,2026-09-18T06:52:41.392+00:00,True,34,34.0,,34.0,167065.407742,169077.05651000002,169077.05635300002,4972.854598617648,38.842487999999996,167065.407742,28641.02865042042,81.85793675000001,60.95905357575758,10.834133686642136,0.2010917430301318,1,64,,True,True,,134,87.6246207195492
140,2026-09-18T06:49:52.705+00:00,2026-09-18T06:52:41.260+00:00,2026-09-18T06:52:43.177+00:00,True,31,31.0,,31.0,168555.01065900002,170471.77123500002,170471.77120600003,5499.089393741936,39.051977,168555.01065900002,30261.899853177933,95.3504075,63.8920192,10.011588771479602,0.1818482894582332,1,64,,True,True,,136,87.6246207195492
141,2026-09-18T06:49:53.122+00:00,2026-09-18T06:52:42.819+00:00,2026-09-18T06:52:46.973+00:00,True,68,68.0,,68.0,169696.467023,173850.56110300001,173850.561011,2556.6258972205883,36.793072,169696.467023,20571.20360645071,91.90586235,62.001404179104476,11.255030586402636,0.3911405264876454,1,64,,True,True,,209,87.6246207195492
142,2026-09-18T06:49:53.680+00:00,2026-09-18T06:52:44.645+00:00,2026-09-18T06:52:48.611+00:00,True,64,64.0,,64.0,170964.77525900002,174930.87983500003,174930.879867,2733.294997921875,36.670680999999995,170964.77525900002,21362.732225892534,93.83194019999999,62.95404088888889,14.091307990766168,0.36585878982811204,1,64,,True,True,,316,87.6246207195492
143,2026-09-18T06:49:54.075+00:00,2026-09-18T06:52:46.222+00:00,2026-09-18T06:52:48.614+00:00,True,38,38.0,,38.0,172147.523567,174538.672111,174538.67201,4593.122947631578,39.223656000000005,172147.523567,27915.53608896242,100.1564677,64.62563632432432,14.832302761943412,0.21771679330660565,1,64,,True,True,,162,87.6246207195492
144,2026-09-18T06:49:54.483+00:00,2026-09-18T06:52:48.038+00:00,2026-09-18T06:52:52.958+00:00,True,79,79.0,,79.0,173555.29488600002,178475.42826200003,178475.428217,2259.1826356582283,36.397782,173555.29488600002,19519.402691643598,93.0003198,63.078633025641025,11.51073589763459,0.4426379629358773,1,64,,True,True,,379,87.6246207195492
145,2026-09-18T06:49:55.042+00:00,2026-09-18T06:52:50.026+00:00,2026-09-18T06:52:50.618+00:00,True,11,11.0,,11.0,174984.824153,175576.15983299998,175576.159989,15961.469089909091,38.410758,174984.824153,52742.08135987163,87530.396866,59.133568,11.835165774462101,0.06265087475692996,1,64,,True,True,,44,87.6246207195492
146,2026-09-18T06:49:55.553+00:00,2026-09-18T06:52:52.176+00:00,2026-09-18T06:52:58.207+00:00,True,94,94.0,,94.0,176622.513163,182653.725195,182653.725327,1943.1247375212765,37.970919,176622.513163,18210.536921959352,93.6996148,64.85174227956989,13.01970784038551,0.5146350007351133,1,64,,True,True,,328,87.6246207195492
147,2026-09-18T06:49:55.861+00:00,2026-09-18T06:52:53.483+00:00,2026-09-18T06:52:56.109+00:00,True,40,40.0,,40.0,177621.67176,180248.48929599999,180248.489303,4506.212232575,41.496472999999995,177621.67176,28073.806050259835,99.162479,67.35429579487179,14.142951891429021,0.22191586823406276,1,64,,True,True,,244,87.6246207195492
148,2026-09-18T06:49:56.400+00:00,2026-09-18T06:52:55.418+00:00,2026-09-18T06:52:58.977+00:00,True,56,56.0,,56.0,179018.277678,182576.827694,182576.827541,3260.3004918035717,35.954263,179018.277678,23913.681323380235,95.1808475,64.70090938181818,13.492385645019198,0.3067201939440879,1,64,,True,True,,118,87.6246207195492
149,2026-09-18T06:49:56.890+00:00,2026-09-18T06:52:57.252+00:00,2026-09-18T06:52:58.334+00:00,True,18,18.0,,18.0,180362.073516,181444.658604,181444.65853400002,10080.258807444445,36.596701,180362.073516,42496.741021778485,27137.7591535,63.68147576470588,14.938783852599009,0.09920380207655882,1,64,,True,True,,56,87.6246207195492
150,2026-09-18T06:49:57.240+00:00,2026-09-18T06:52:58.582+00:00,2026-09-18T06:53:03.739+00:00,True,84,84.0,,84.0,181342.13116800002,186499.091936,186499.091844,2220.227283857143,36.530612,181342.13116800002,19779.271540472662,72.79495975,62.13205744578313,9.096196470423031,0.4504043377799709,1,64,,True,True,,390,87.6246207195492
151,2026-09-18T06:49:57.612+00:00,2026-09-18T06:52:59.951+00:00,2026-09-18T06:53:03.048+00:00,True,52,52.0,,52.0,182339.658486,185436.509686,185436.509881,3566.086728480769,37.494699999999995,182339.658486,25277.541409363224,68.67270105,60.7225725490196,7.288461713157092,0.28041942812691906,1,64,,True,True,,228,87.6246207195492
152,2026-09-18T06:49:57.981+00:00,2026-09-18T06:53:01.533+00:00,2026-09-18T06:53:01.861+00:00,True,6,6.0,,6.0,183552.032223,183880.420831,183880.420999,30646.736833166666,55.194477,183552.032223,74907.99112972095,137684.66416599997,65.6777216,10.55406076913852,0.03262990139398502,1,64,,True,True,,21,87.6246207195492
153,2026-09-18T06:49:58.401+00:00,2026-09-18T06:53:03.302+00:00,2026-09-18T06:53:04.647+00:00,True,23,23.0,,23.0,184901.92115200002,186246.36915200003,186246.36913000004,8097.668223043479,38.211559,184901.92115200002,38541.9736546067,67.7699312,61.11127272727273,6.281363485794542,0.12349234030559361,1,64,,True,True,,92,87.6246207195492
154,2026-09-18T06:49:58.834+00:00,2026-09-18T06:53:04.774+00:00,2026-09-18T06:53:06.094+00:00,True,23,23.0,,23.0,185939.877583,187260.188879,187260.188986,8141.747347217391,36.924261,185939.877583,38758.63206696152,76.5883463,60.01414981818182,10.11220820106162,0.12282375734898823,1,64,,True,True,,97,87.6246207195492
155,2026-09-18T06:49:59.342+00:00,2026-09-18T06:53:06.392+00:00,2026-09-18T06:53:08.092+00:00,True,30,30.0,,30.0,187049.978186,188750.056778,188750.05690999998,6291.668563666666,37.066071,187049.978186,34139.79620489078,80.12141754999999,58.62339972413793,11.430092298944817,0.15894034954005212,1,64,,True,True,,171,87.6246207195492
156,2026-09-18T06:49:59.652+00:00,2026-09-18T06:53:07.889+00:00,2026-09-18T06:53:09.725+00:00,True,32,32.0,,32.0,188236.796952,190073.06652,190073.066492,5939.783327875,36.936701,188236.796952,33265.4098325843,83.13537900000001,59.23450219354839,12.336111657368383,0.16835630942289698,1,64,,True,True,,139,87.6246207195492
157,2026-09-18T06:50:00.171+00:00,2026-09-18T06:53:10.002+00:00,2026-09-18T06:53:15.825+00:00,True,94,94.0,,94.0,189831.36695199998,195654.489384,195654.48937499998,2081.4307380319146,33.135847999999996,189831.36695199998,19573.155524299273,90.75587295,62.61421969892473,11.217561517408058,0.4804387586298187,1,64,,True,True,,343,87.6246207195492
158,2026-09-18T06:50:00.676+00:00,2026-09-18T06:53:11.819+00:00,2026-09-18T06:53:12.784+00:00,True,16,16.0,,16.0,191142.95351,192107.508518,192107.508618,12006.719288625,38.507529000000005,191142.95351,47769.665039891224,47861.9743925,64.3036672,16.253769124317945,0.08328669776330394,1,64,,True,True,,64,87.6246207195492
159,2026-09-18T06:50:01.226+00:00,2026-09-18T06:53:13.557+00:00,2026-09-18T06:53:18.864+00:00,True,84,84.0,,84.0,192331.645107,197637.893299,197637.89324399998,2352.832062428571,33.500406000000005,192331.645107,20978.131883194623,93.77407165000001,63.93070110843374,13.644828518715482,0.42501970951956625,1,64,,True,True,,385,87.6246207195492
160,2026-09-18T06:50:01.536+00:00,2026-09-18T06:53:15.049+00:00,2026-09-18T06:53:20.033+00:00,True,80,80.0,,80.0,193512.848413,198497.219357,198497.219302,2481.215241275,36.410242,193512.848413,21628.34345600614,93.02607234999999,63.09330308860759,12.06602943843887,0.40302831575750636,1,64,,True,True,,297,87.6246207195492
161,2026-09-18T06:50:02.601+00:00,2026-09-18T06:53:16.954+00:00,2026-09-18T06:53:17.649+00:00,True,12,12.0,,12.0,194353.523218,195048.238354,195048.23827099998,16254.019855916666,44.070757,194353.523218,56086.799002397995,87509.03808215,63.15592145454546,11.492535860850941,0.061523242154183276,1,64,,True,True,,76,87.6246207195492
162,2026-09-18T06:50:02.626+00:00,2026-09-18T06:53:19.608+00:00,2026-09-18T06:53:20.566+00:00,True,16,16.0,,16.0,196982.204637,197939.75087699998,197939.75067799998,12371.234417374999,39.473336,196982.204637,49229.59341407381,49318.94694525,63.836416,11.958095939985476,0.08083267726219591,1,64,,True,True,,63,87.6246207195492
163,2026-09-18T06:50:02.820+00:00,2026-09-18T06:53:19.611+00:00,2026-09-18T06:53:23.516+00:00,True,64,64.0,,64.0,196791.55053900002,200696.19284300003,200696.19270500002,3135.8780110156254,37.316410000000005,196791.55053900002,24591.20094074574,98.0281768,61.97844926984127,14.878007526511855,0.3188899554764634,1,64,,True,True,,252,87.6246207195492
164,2026-09-18T06:50:03.226+00:00,2026-09-18T06:53:21.824+00:00,2026-09-18T06:53:27.000+00:00,True,83,83.0,,83.0,198597.223666,203773.66245,203773.662506,2455.104367542169,35.465474,198597.223666,21791.95216180208,96.60305,63.127302243902434,13.271232853223072,0.4073146598146153,1,64,,True,True,,403,87.6246207195492
165,2026-09-18T06:50:03.718+00:00,2026-09-18T06:53:23.838+00:00,2026-09-18T06:53:29.338+00:00,True,89,89.0,,89.0,200120.08738999997,205619.64015799997,205619.64026599997,2310.333036696629,39.132366999999995,200120.08738999997,21206.06506249139,90.05688980000001,62.49491781818182,10.707726268601068,0.43283803012013644,1,64,,True,True,,364,87.6246207195492
166,2026-09-18T06:50:04.231+00:00,2026-09-18T06:53:26.045+00:00,2026-09-18T06:53:32.045+00:00,True,98,98.0,,98.0,201813.526984,207813.293,207813.292846,2120.5438045510205,36.212531999999996,201813.526984,20379.999527067263,90.46888200000001,61.853257896907216,10.869509990088163,0.47157714785839033,1,64,,True,True,,419,87.6246207195492
167,2026-09-18T06:50:04.537+00:00,2026-09-18T06:53:27.180+00:00,2026-09-18T06:53:28.073+00:00,True,15,15.0,,15.0,202643.454727,203535.654151,203535.65411,13569.043607333333,36.683142,202643.454727,52305.86262028017,60859.27396219999,63.728530285714285,15.851103794723365,0.07369716162295442,1,64,,True,True,,49,87.6246207195492
168,2026-09-18T06:50:04.842+00:00,2026-09-18T06:53:28.197+00:00,2026-09-18T06:53:29.523+00:00,True,23,23.0,,23.0,203354.75506999998,204680.88627,204680.88635299998,8899.168971869565,38.926267,203354.75506999998,42389.82906459015,68.55522549999999,60.278690909090905,6.266623120559323,0.11237004304183092,1,64,,True,True,,109,87.6246207195492
169,2026-09-18T06:50:05.154+00:00,2026-09-18T06:53:29.208+00:00,2026-09-18T06:53:33.415+00:00,True,69,69.0,,69.0,204053.96212799998,208261.06433599998,208261.06433899998,3018.276294768116,33.876707,204053.96212799998,24557.764716836093,90.15671379999999,61.86915011764706,11.342668290920605,0.33131493022948444,1,64,,True,True,,322,87.6246207195492
170,2026-09-18T06:50:05.555+00:00,2026-09-18T06:53:30.915+00:00,2026-09-18T06:53:32.043+00:00,True,19,19.0,,19.0,205360.37123699998,206488.343077,206488.34300099997,10867.80752636842,35.668114,205360.37123699998,47098.52530316897,20620.5538593,62.665102222222224,11.76312893302592,0.09201487946907906,1,64,,True,True,,84,87.6246207195492
171,2026-09-18T06:50:05.974+00:00,2026-09-18T06:53:32.580+00:00,2026-09-18T06:53:35.828+00:00,True,53,53.0,,53.0,206605.911361,209854.819393,209854.81935200002,3959.5248934339625,35.700974,206605.911361,28370.9250292256,91.14738960000001,62.479000615384614,12.452350037465434,0.2525555531833923,1,64,,True,True,,175,87.6246207195492
172,2026-09-18T06:50:06.450+00:00,2026-09-18T06:53:34.572+00:00,2026-09-18T06:53:38.641+00:00,True,65,65.0,,65.0,208121.316619,212190.937611,212190.93746699998,3264.475961030769,35.659642999999996,208121.316619,25806.388345366526,93.3098914,63.587828,12.90294575578879,0.3063278796531902,1,64,,True,True,,323,87.6246207195492
173,2026-09-18T06:50:07.011+00:00,2026-09-18T06:53:36.664+00:00,2026-09-18T06:53:38.706+00:00,True,34,34.0,,34.0,209652.995595,211694.031883,211694.031792,6226.295052705882,36.097473,209652.995595,35944.58626367393,78.0735698,61.849584484848485,9.680279997312875,0.16060915698743589,1,64,,True,True,,171,87.6246207195492
174,2026-09-18T06:50:07.478+00:00,2026-09-18T06:53:38.827+00:00,2026-09-18T06:53:39.080+00:00,True,5,5.0,,5.0,211349.811404,211602.52052400002,211602.52046200001,42320.5040924,56.032205000000005,211349.811404,94490.25544400966,169093.27817199996,63.17728,5.25044036710776,0.023629208138061374,1,64,,True,True,,19,87.6246207195492
175,2026-09-18T06:50:07.965+00:00,2026-09-18T06:53:40.411+00:00,2026-09-18T06:53:43.493+00:00,True,51,51.0,,51.0,212445.547285,215527.808021,215527.807937,4226.035449745098,37.057511,212445.547285,29739.69713525888,91.87611850000002,61.64521472,11.844016665303426,0.23662839829480753,1,64,,True,True,,241,87.6246207195492
176,2026-09-18T06:50:08.411+00:00,2026-09-18T06:53:42.004+00:00,2026-09-18T06:53:48.052+00:00,True,97,97.0,,97.0,213592.89657100002,219640.19487500002,219640.19471500002,2264.3319042783505,34.372936,213592.89657100002,21680.679676960073,90.0090534,62.99269066666666,11.021346719538919,0.4416313692273125,1,64,,True,True,,478,87.6246207195492
177,2026-09-18T06:50:08.957+00:00,2026-09-18T06:53:44.038+00:00,2026-09-18T06:53:49.973+00:00,True,93,93.0,,93.0,215081.50514700002,221016.527995,221016.527891,2376.52180527957,0.01859,215081.50514700002,22296.234400105262,93.545759,64.51111791304348,22.029361482288248,0.4207830104095378,1,64,,True,True,,369,87.6246207195492
178,2026-09-18T06:50:09.461+00:00,2026-09-18T06:53:45.872+00:00,2026-09-18T06:53:52.061+00:00,True,98,98.0,,98.0,216410.252074,222599.103786,222599.103893,2271.419427479592,0.018920000000000003,216410.252074,21854.30224232355,92.07496855,63.80259496907216,21.634253805078934,0.4402533448392237,1,64,,True,True,,527,87.6246207195492
179,2026-09-18T06:50:09.924+00:00,2026-09-18T06:53:47.661+00:00,2026-09-18T06:53:50.094+00:00,True,39,39.0,,39.0,217736.55013699998,220169.54239299998,220169.542172,5645.372876205128,0.01797,217736.55013699998,34855.52315596632,110.98782760000002,64.026112,41.23464625263885,0.17713621773526453,1,64,,True,True,,130,87.6246207195492
180,2026-09-18T06:50:10.408+00:00,2026-09-18T06:53:50.032+00:00,2026-09-18T06:53:50.098+00:00,True,2,2.0,,2.0,219624.55498800002,219690.50954800003,219690.50945500002,109845.25472750001,65.95446700000001,219624.55498800002,155251.37529622737,208646.62496195003,65.95456,nan,0.009103715968955052,1,64,,True,True,,6,87.6246207195492
181,2026-09-18T06:50:10.898+00:00,2026-09-18T06:53:51.675+00:00,2026-09-18T06:53:54.087+00:00,True,39,39.0,,39.0,220776.47898500002,223188.85120900001,223188.85130500002,5722.791059102565,35.974822999999994,220776.47898500002,35342.366921127235,93.18299490000001,63.48347957894737,13.283045017265755,0.1747399110158928,1,64,,True,True,,176,87.6246207195492
182,2026-09-18T06:50:11.348+00:00,2026-09-18T06:53:53.562+00:00,2026-09-18T06:53:56.749+00:00,True,52,52.0,,52.0,222213.664248,225400.29567199998,225400.29567199998,4334.621070615384,40.958093999999996,222213.664248,30806.827663040902,84.4276627,62.48296909803922,10.34011480144722,0.23070067341734915,1,64,,True,True,,222,87.6246207195492
183,2026-09-18T06:50:11.880+00:00,2026-09-18T06:53:55.553+00:00,2026-09-18T06:53:57.908+00:00,True,38,38.0,,38.0,223673.30056099998,226028.31137699998,226028.311322,5948.1134558421045,55.999165999999995,223673.30056099998,36274.2761369302,74.1236756,63.64894097297297,7.080388632348708,0.16812053219571493,1,64,,True,True,,174,87.6246207195492
184,2026-09-18T06:50:12.262+00:00,2026-09-18T06:53:57.060+00:00,2026-09-18T06:53:58.603+00:00,True,25,25.0,,25.0,224798.336845,226341.517645,226341.517685,9053.6607074,56.469913999999996,224798.336845,44946.808029601365,86.4440556,64.2992,6.854827439328668,0.11045255974297503,1,64,,True,True,,77,87.6246207195492
185,2026-09-18T06:50:12.770+00:00,2026-09-18T06:53:58.666+00:00,2026-09-18T06:54:01.231+00:00,True,42,42.0,,42.0,225895.143207,228461.00355899998,228461.003523,5439.547702928571,39.093136,225895.143207,34846.72211338045,87.76383975,62.581959804878046,9.936975977998376,0.1838388142646564,1,64,,True,True,,155,87.6246207195492
186,2026-09-18T06:50:13.312+00:00,2026-09-18T06:54:00.907+00:00,2026-09-18T06:54:03.110+00:00,True,36,36.0,,36.0,227595.044789,229798.373301,229798.37343500002,6383.288150972223,36.685802,227595.044789,37922.016777659344,91.61388625,62.952243200000005,10.281693082802168,0.15665907239841778,1,64,,True,True,,158,87.6246207195492
187,2026-09-18T06:50:13.742+00:00,2026-09-18T06:54:02.799+00:00,2026-09-18T06:54:04.748+00:00,True,33,33.0,,33.0,229056.806071,231005.725111,231005.725052,7000.173486424243,35.573063000000005,229056.806071,39863.07079929414,72.63509599999999,60.90372,8.578766534913287,0.14285360236913283,1,64,,True,True,,134,87.6246207195492
188,2026-09-18T06:50:14.122+00:00,2026-09-18T06:54:03.932+00:00,2026-09-18T06:54:06.514+00:00,True,43,43.0,,43.0,229809.561142,232391.188534,232391.188708,5404.446249023255,38.608847999999995,229809.561142,35036.25621977002,66.00878709999999,61.46731885714286,5.193312174255056,0.18503283309172838,1,64,,True,True,,152,87.6246207195492
189,2026-09-18T06:50:14.464+00:00,2026-09-18T06:54:05.060+00:00,2026-09-18T06:54:07.116+00:00,True,34,34.0,,34.0,230596.405959,232652.379335,232652.379579,6842.7170464411765,38.912867,230596.405959,39536.274717274464,97.2333018,62.30222351515152,13.088478917311352,0.14614077920536905,1,64,,True,True,,84,87.6246207195492
190,2026-09-18T06:50:14.986+00:00,2026-09-18T06:54:07.349+00:00,2026-09-18T06:54:10.523+00:00,True,52,52.0,,52.0,232363.260336,235536.911536,235536.91130500002,4529.555986634616,35.897253,232363.260336,32214.360151932597,95.50817739999998,62.22845490196078,14.409190389448602,0.22077219091009523,1,64,,True,True,,264,87.6246207195492
191,2026-09-18T06:50:15.465+00:00,2026-09-18T06:54:09.027+00:00,2026-09-18T06:54:09.840+00:00,True,14,14.0,,14.0,233561.953638,234374.158182,234374.158158,16741.011297,38.020229,233561.953638,62405.36128410596,81809.60238815,62.477272615384614,12.970830852650455,0.059733547881710126,1,64,,True,True,,67,87.6246207195492
192,2026-09-18T06:50:15.930+00:00,2026-09-18T06:54:10.894+00:00,2026-09-18T06:54:11.931+00:00,True,16,16.0,,16.0,234963.830572,236001.512492,236001.512639,14750.0945399375,47.908531,234963.830572,58723.66510995982,58820.0078995,69.17879466666668,16.517312267177243,0.06779617567299433,1,64,,True,True,,89,87.6246207195492
193,2026-09-18T06:50:16.234+00:00,2026-09-18T06:54:11.932+00:00,2026-09-18T06:54:17.089+00:00,True,84,84.0,,84.0,235697.58835,240854.627198,240854.627095,2867.3169892261903,36.563902,235697.58835,25709.938345438924,89.8826165,62.1329981686747,11.128521529281546,0.34875809104114036,1,64,,True,True,,401,87.6246207195492
194,2026-09-18T06:50:17.197+00:00,2026-09-18T06:54:14.198+00:00,2026-09-18T06:54:16.263+00:00,True,35,35.0,,35.0,237001.320832,239066.14463999998,239066.144656,6830.461275885714,38.161449,237001.320832,40050.270681396454,77.4185165,60.730112,9.122970304487273,0.14640299676353205,1,64,,True,True,,149,87.6246207195492
195,2026-09-18T06:50:17.252+00:00,2026-09-18T06:54:14.610+00:00,2026-09-18T06:54:17.761+00:00,True,50,50.0,,50.0,237357.508274,240508.30225799998,240508.302405,4810.1660481,38.128319000000005,237357.508274,33558.329320186676,97.29055345,64.30191804081633,12.42120992654382,0.20789303126161357,1,64,,True,True,,188,87.6246207195492
196,2026-09-18T06:50:17.425+00:00,2026-09-18T06:54:16.521+00:00,2026-09-18T06:54:19.222+00:00,True,42,42.0,,42.0,239095.52837599997,241796.89643999998,241796.89647799998,5757.068963761904,39.228896,239095.52837599997,36883.07630980555,102.1581386,65.88702595121951,12.015405066799575,0.17369949994549236,1,64,,True,True,,189,87.6246207195492
197,2026-09-18T06:50:17.858+00:00,2026-09-18T06:54:18.695+00:00,2026-09-18T06:54:21.877+00:00,True,51,51.0,,51.0,240836.561774,244019.147118,244019.147295,4784.689162647059,39.645666,240836.561774,33714.95218517092,86.43593849999999,63.651706880000006,8.745635727425961,0.20899999283801282,1,64,,True,True,,210,87.6246207195492
198,2026-09-18T06:50:18.182+00:00,2026-09-18T06:54:19.911+00:00,2026-09-18T06:54:20.517+00:00,True,10,10.0,,10.0,241729.042684,242334.250748,242334.25078099998,24233.425078099997,54.820327,241729.042684,76420.17116607957,132993.04888795,67.24534044444445,12.17210241597867,0.04126531833256563,1,64,,True,True,,38,87.6246207195492
199,2026-09-18T06:50:18.565+00:00,2026-09-18T06:54:21.628+00:00,2026-09-18T06:54:22.973+00:00,True,22,22.0,,22.0,243062.803077,244407.260805,244407.26075999998,11109.420943636364,39.472187,243062.803077,51807.515368916494,103.685404,64.02179657142858,11.06785427377591,0.09001369242279865,1,64,,True,True,,122,87.6246207195492
200,2026-09-18T06:50:19.032+00:00,2026-09-18T06:54:23.477+00:00,2026-09-18T06:54:25.537+00:00,True,34,34.0,,34.0,244444.748037,246504.84890100002,246504.84875,7250.142610294118,40.160005,244444.748037,41911.22327912828,84.3696967,62.42729890909091,9.472041895651817,0.1379283212950302,1,64,,True,True,,97,87.6246207195492
201,2026-09-18T06:50:19.369+00:00,2026-09-18T06:54:25.043+00:00,2026-09-18T06:54:27.083+00:00,True,34,34.0,,34.0,245674.22618599999,247714.27328999998,247714.273127,7285.7139154999995,37.22861,245674.22618599999,42122.18130932131,81.4153541,61.81960921212121,9.718265466331761,0.13725490884490163,1,64,,True,True,,132,87.6246207195492
202,2026-09-18T06:50:19.898+00:00,2026-09-18T06:54:26.917+00:00,2026-09-18T06:54:31.329+00:00,True,70,70.0,,70.0,247019.30409299998,251431.336861,251431.336663,3591.876238042857,35.477894,247019.30409299998,29516.81445110747,96.61877444999999,63.94250388405797,13.650699786654023,0.27840602875487414,1,64,,True,True,,430,87.6246207195492
203,2026-09-18T06:50:20.303+00:00,2026-09-18T06:54:28.190+00:00,2026-09-18T06:54:30.649+00:00,True,40,40.0,,40.0,247887.620246,250345.951126,250345.951164,6258.6487791,34.633775,247887.620246,39184.509524243156,92.01028165,63.034125128205126,12.387606560993689,0.1597788972423519,1,64,,True,True,,179,87.6246207195492
204,2026-09-18T06:50:20.776+00:00,2026-09-18T06:54:30.338+00:00,2026-09-18T06:54:33.839+00:00,True,57,57.0,,57.0,249562.260627,253062.711699,253062.711713,4439.696696719298,41.746311,249562.260627,33047.05062828559,81.788623,62.50805485714286,8.573114099221716,0.22524061177293248,1,64,,True,True,,221,87.6246207195492
205,2026-09-18T06:50:21.212+00:00,2026-09-18T06:54:31.707+00:00,2026-09-18T06:54:35.811+00:00,True,67,67.0,,67.0,250494.60604100002,254598.989529,254598.98939700003,3799.9849163731346,34.615755,250494.60604100002,30595.19069574687,84.53394759999999,62.187628606060606,8.95006062000284,0.263158939177048,1,64,,True,True,,317,87.6246207195492
206,2026-09-18T06:50:21.661+00:00,2026-09-18T06:54:33.284+00:00,2026-09-18T06:54:35.131+00:00,True,31,31.0,,31.0,251623.054285,253470.195917,253470.195947,8176.457933774193,38.694788,251623.054285,45181.77686810373,78.63712749999999,61.57138773333333,8.396676775057696,0.12230234757127459,1,64,,True,True,,110,87.6246207195492
207,2026-09-18T06:50:22.087+00:00,2026-09-18T06:54:35.134+00:00,2026-09-18T06:54:39.482+00:00,True,70,70.0,,70.0,253046.843248,257395.44535999998,257395.44543599998,3677.077791942857,37.48248,253046.843248,30237.35247721302,94.94709295000001,63.02321901449275,12.478694758761579,0.2719550841394888,1,64,,True,True,,361,87.6246207195492
208,2026-09-18T06:50:22.406+00:00,2026-09-18T06:54:36.467+00:00,2026-09-18T06:54:38.628+00:00,True,34,34.0,,34.0,254061.21790000002,256222.1203,256222.12016500003,7535.944710735294,38.185668,254061.21790000002,43559.911652562536,103.28084635,65.48189090909091,14.356364075254962,0.13269736414713448,1,64,,True,True,,141,87.6246207195492
209,2026-09-18T06:50:22.805+00:00,2026-09-18T06:54:37.783+00:00,2026-09-18T06:54:39.764+00:00,True,33,33.0,,33.0,254978.042743,256959.714167,256959.714312,7786.658009454545,37.35031,254978.042743,44375.201086279114,89.7259396,61.927232,10.630748792351365,0.1284248003893445,1,64,,True,True,,133,87.6246207195492
210,2026-09-18T06:50:23.151+00:00,2026-09-18T06:54:39.198+00:00,2026-09-18T06:54:43.020+00:00,True,63,63.0,,63.0,256047.56743999998,259869.50433599998,259869.504185,4124.91276484127,38.256969,256047.56743999998,32251.19611185163,68.09062540000001,61.64414348387097,9.038220864087378,0.24242936915962152,1,64,,True,True,,338,87.6246207195492
211,2026-09-18T06:50:23.502+00:00,2026-09-18T06:54:40.291+00:00,2026-09-18T06:54:45.514+00:00,True,86,86.0,,86.0,256788.555653,262012.08435699999,262012.084484,3046.6521451627905,38.250958,256788.555653,27683.596328768097,68.53556899999998,61.453278870588235,7.192860411535783,0.32822913573261836,1,64,,True,True,,415,87.6246207195492
212,2026-09-18T06:50:23.977+00:00,2026-09-18T06:54:42.073+00:00,2026-09-18T06:54:45.325+00:00,True,54,54.0,,54.0,258096.50592199998,261348.120642,261348.12044499998,4839.78000824074,34.057366,258096.50592199998,35114.13797847304,70.448698,61.35122113207547,8.66622916389532,0.2066209616022849,1,64,,True,True,,243,87.6246207195492
213,2026-09-18T06:50:24.282+00:00,2026-09-18T06:54:43.145+00:00,2026-09-18T06:54:43.905+00:00,True,13,13.0,,13.0,258863.00628799998,259623.66369599997,259623.66368399997,19971.05105261538,46.725293,258863.00628799998,71778.09980111201,103590.34159459999,63.388117333333334,6.964181637616052,0.050072477273188906,1,64,,True,True,,46,87.6246207195492
214,2026-09-18T06:50:24.705+00:00,2026-09-18T06:54:44.870+00:00,2026-09-18T06:54:44.925+00:00,True,2,2.0,,2.0,260165.617789,260220.49753300002,260220.49765600002,130110.24882800001,54.879867,260165.617789,183926.06664408307,247160.0808929,54.879744,nan,0.007685789624417919,1,64,,True,True,,3,87.6246207195492
215,2026-09-18T06:50:25.089+00:00,2026-09-18T06:54:45.862+00:00,2026-09-18T06:54:49.126+00:00,True,56,56.0,,56.0,260773.194851,264037.389155,264037.38901,4714.953375178571,39.053927,260773.194851,34839.35434239904,71.16019625000001,59.348987345454546,9.333155019680618,0.21209117458408844,1,64,,True,True,,235,87.6246207195492
216,2026-09-18T06:50:25.472+00:00,2026-09-18T06:54:47.235+00:00,2026-09-18T06:54:49.611+00:00,True,41,41.0,,41.0,261763.699796,264138.972756,264138.972699,6442.413968268293,38.176938,261763.699796,40871.34885600669,67.495244,59.381824,9.227496838723061,0.15522131994461114,1,64,,True,True,,153,87.6246207195492
217,2026-09-18T06:50:25.831+00:00,2026-09-18T06:54:48.537+00:00,2026-09-18T06:54:51.543+00:00,True,51,51.0,,51.0,262706.615551,265712.602111,265712.60206299997,5210.051020843137,36.346591999999994,262706.615551,36777.86705124482,79.4059015,60.119731200000004,9.981849234679906,0.19193670000903845,1,64,,True,True,,229,87.6246207195492
218,2026-09-18T06:50:26.274+00:00,2026-09-18T06:54:50.358+00:00,2026-09-18T06:54:53.470+00:00,True,53,53.0,,53.0,264084.07301,267196.448306,267196.448313,5041.442421,35.991623,264084.07301,36266.51747371046,79.6183992,59.85337107692308,11.43475743407121,0.19835593001334767,1,64,,True,True,,283,87.6246207195492
219,2026-09-18T06:50:26.689+00:00,2026-09-18T06:54:51.857+00:00,2026-09-18T06:54:52.967+00:00,True,20,20.0,,20.0,265167.71855,266277.439638,266277.439592,13313.871979599999,39.164136,265167.71855,59280.245628892255,13348.374642349998,58.40637305263158,12.650483390606128,0.07510963011808168,1,64,,True,True,,92,87.6246207195492
220,2026-09-18T06:50:27.169+00:00,2026-09-18T06:54:53.401+00:00,2026-09-18T06:54:56.239+00:00,True,48,48.0,,48.0,266232.290723,269069.371043,269069.371161,5605.6118991875,35.901313,266232.290723,38418.609728452866,69.2880967,60.36341106382979,9.936922699522492,0.17839265693429338,1,64,,True,True,,221,87.6246207195492
221,2026-09-18T06:50:27.504+00:00,2026-09-18T06:54:54.758+00:00,2026-09-18T06:55:00.429+00:00,True,90,90.0,,90.0,267253.985171,272924.404371,272924.404263,3032.4933807,36.790150999999994,267253.985171,28164.33071662459,95.18942295000001,63.712575280898875,13.178084313411851,0.3297616429993502,1,64,,True,True,,384,87.6246207195492
222,2026-09-18T06:50:27.940+00:00,2026-09-18T06:54:56.510+00:00,2026-09-18T06:55:01.480+00:00,True,78,78.0,,78.0,268569.800245,273539.101493,273539.101707,3506.9115603461537,38.266589,268569.800245,30402.236710241094,94.63859099999999,64.53637984415585,11.976679771369842,0.2851511888950036,1,64,,True,True,,385,87.6246207195492
223,2026-09-18T06:50:28.416+00:00,2026-09-18T06:54:58.429+00:00,2026-09-18T06:55:04.144+00:00,True,91,91.0,,91.0,270013.130356,275727.917172,275727.917155,3029.9771115934063,37.070949999999996,270013.130356,28298.41286147605,93.6087095,63.49763128888889,11.208457871475686,0.33003549634487644,1,64,,True,True,,478,87.6246207195492
224,2026-09-18T06:50:28.834+00:00,2026-09-18T06:55:00.136+00:00,2026-09-18T06:55:01.063+00:00,True,16,16.0,,16.0,271302.237864,272229.061032,272229.06117600005,17014.316323500003,42.123301,271302.237864,67810.11265969022,67876.70243250001,61.788211200000006,6.0137698096603405,0.0587740336734998,1,64,,True,True,,78,87.6246207195492
225,2026-09-18T06:50:29.344+00:00,2026-09-18T06:55:01.972+00:00,2026-09-18T06:55:08.196+00:00,True,99,99.0,,99.0,272628.048322,278851.778498,278851.778355,2816.684629848485,37.630119,272628.048322,27393.769796042885,94.1915299,63.50745077551021,12.289294654930938,0.3550273214438547,1,64,,True,True,,367,87.6246207195492
226,2026-09-18T06:50:29.868+00:00,2026-09-18T06:55:03.557+00:00,2026-09-18T06:55:03.620+00:00,True,2,2.0,,2.0,273688.244417,273751.235521,273751.235718,136875.617859,62.991301,273688.244417,193482.2719822091,260006.98176119998,62.991104,nan,0.007305903099190126,1,64,,True,True,,7,87.6246207195492
227,2026-09-18T06:50:30.338+00:00,2026-09-18T06:55:05.833+00:00,2026-09-18T06:55:08.981+00:00,True,51,51.0,,51.0,275494.728673,278643.559649,278643.559865,5463.599213039216,37.064811,275494.728673,38568.16123906864,91.238989,62.97661952,11.040894413091017,0.183029530861016,1,64,,True,True,,233,87.6246207195492
228,2026-09-18T06:50:30.710+00:00,2026-09-18T06:55:07.509+00:00,2026-09-18T06:55:10.174+00:00,True,44,44.0,,44.0,276798.36598500004,279463.37257700006,279463.37269600003,6351.440288545456,39.185976000000004,276798.36598500004,41719.58215461283,91.08726645,61.976897488372096,12.301153122340267,0.15744460390020074,1,64,,True,True,,100,87.6246207195492
229,2026-09-18T06:50:31.189+00:00,2026-09-18T06:55:09.251+00:00,2026-09-18T06:55:15.248+00:00,True,98,98.0,,98.0,278062.39193800004,284059.04806600005,284059.04806900007,2898.561714989796,35.963363,278062.39193800004,28082.3008329162,90.40007904999999,61.82119719587629,11.769311055963588,0.34499869188194304,1,64,,True,True,,306,87.6246207195492
230,2026-09-18T06:50:31.709+00:00,2026-09-18T06:55:11.135+00:00,2026-09-18T06:55:16.252+00:00,True,83,83.0,,83.0,279426.618903,284543.388439,284543.38833600003,3428.233594409639,35.292574,279426.618903,30664.20905752795,88.992733,62.399628487804875,11.848354743087324,0.2916954087576469,1,64,,True,True,,368,87.6246207195492
232,2026-09-18T06:50:32.641+00:00,2026-09-18T06:55:13.817+00:00,2026-09-18T06:55:19.459+00:00,True,92,92.0,,92.0,281176.478642,286817.664434,286817.664279,3117.5833073804347,35.959713,281176.478642,29308.21354544143,87.87442010000001,61.99105265934066,11.454916937880068,0.32076127591914844,1,64,,True,True,,316,87.6246207195492
233,2026-09-18T06:50:32.952+00:00,2026-09-18T06:55:14.999+00:00,2026-09-18T06:55:18.826+00:00,True,64,64.0,,64.0,282047.285739,285873.824235,285873.82436100004,4466.778505640626,39.882055,282047.285739,35248.31952649344,73.504715,60.73870628571429,9.06700402598503,0.2238749916025518,1,64,,True,True,,250,87.6246207195492
231,2026-09-18T06:50:32.204+00:00,2026-09-18T06:55:16.573+00:00,2026-09-18T06:55:17.852+00:00,True,22,22.0,,22.0,284369.04006699997,285648.804035,285648.80391699995,12984.036541681817,37.894309,284369.04006699997,60614.69142147631,91.74965710000001,60.941141333333334,11.635724902594859,0.07701765135800949,1,64,,True,True,,69,87.6246207195492
234,2026-09-18T06:50:33.333+00:00,2026-09-18T06:55:17.091+00:00,2026-09-18T06:55:21.018+00:00,True,65,65.0,,65.0,283757.853409,287684.142817,287684.14285199996,4425.909890030769,37.16059,283757.853409,35188.22192584017,72.9469242,61.348272,9.290744656765217,0.22594224124945053,1,64,,True,True,,254,87.6246207195492
235,2026-09-18T06:50:33.682+00:00,2026-09-18T06:55:18.148+00:00,2026-09-18T06:55:22.965+00:00,True,79,79.0,,79.0,284465.87330000004,289282.544532,289282.54461300006,3661.8043621898737,35.949002,284465.87330000004,31997.96493747831,77.33231359999999,61.75219528205128,9.4404083119917,0.27308941204110965,1,64,,True,True,,407,87.6246207195492
238,2026-09-18T06:50:34.839+00:00,2026-09-18T06:55:19.006+00:00,2026-09-18T06:55:21.886+00:00,True,47,47.0,,47.0,284166.871605,287047.313205,287047.313201,6107.389642574468,41.144803,284166.871605,41440.865565799846,86.4048118,62.61829565217391,9.53151766883309,0.16373607359436979,1,64,,True,True,,226,87.6246207195492
236,2026-09-18T06:50:34.759+00:00,2026-09-18T06:55:20.218+00:00,2026-09-18T06:55:21.746+00:00,True,26,26.0,,26.0,285459.579822,286987.672494,286987.672565,11037.987406346154,41.336973,285459.579822,55971.24249155548,69.246437,61.12370688,5.95782784328959,0.09059622587288511,1,64,,True,True,,113,87.6246207195492
237,2026-09-18T06:50:34.774+00:00,2026-09-18T06:55:22.463+00:00,2026-09-18T06:55:28.186+00:00,True,93,93.0,,93.0,287689.340108,293412.22881199996,293412.22868099995,3154.9702008709673,37.13028,287689.340108,29825.546177254873,88.1345706,62.205312,10.093626889850023,0.31696020433963756,1,64,,True,True,,439,87.6246207195492
239,2026-09-18T06:50:35.169+00:00,2026-09-18T06:55:23.437+00:00,2026-09-18T06:55:27.176+00:00,True,62,62.0,,62.0,288268.07067000004,292007.47367800004,292007.473485,4709.797959435485,34.987244,288268.07067000004,36602.297561846506,85.94832964999999,61.301688655737706,9.830593607552487,0.21232333275266818,1,64,,True,True,,217,87.6246207195492
240,2026-09-18T06:50:35.705+00:00,2026-09-18T06:55:25.919+00:00,2026-09-18T06:55:31.452+00:00,True,90,90.0,,90.0,290214.57881,295747.032954,295747.033121,3286.078145788889,34.822375,290214.57881,30584.752209350914,88.83363100000001,62.162406112359555,11.293420809086841,0.30431412650553435,1,64,,True,True,,353,87.6246207195492
241,2026-09-18T06:50:36.147+00:00,2026-09-18T06:55:27.488+00:00,2026-09-18T06:55:30.010+00:00,True,43,43.0,,43.0,291341.069233,293863.126449,293863.126392,6834.026195162791,39.963035000000005,291341.069233,44419.94096011953,93.1197415,60.04898133333334,12.822052569981375,0.14632662668367363,1,64,,True,True,,122,87.6246207195492
242,2026-09-18T06:50:36.575+00:00,2026-09-18T06:55:29.225+00:00,2026-09-18T06:55:33.741+00:00,True,74,74.0,,74.0,292650.138764,297166.080652,297166.080602,4015.7578459729725,38.049588,292650.138764,34012.69755428974,87.6651451,61.86221764383562,9.401620208553554,0.2490189991995036,1,64,,True,True,,317,87.6246207195492
243,2026-09-18T06:50:37.058+00:00,2026-09-18T06:55:31.009+00:00,2026-09-18T06:55:33.804+00:00,True,46,46.0,,46.0,293950.10168,296745.362096,296745.362236,6450.986135565217,35.657493,293950.10168,43331.42027673439,82.60303325,62.116898133333336,8.983480825740042,0.15501505962920004,1,64,,True,True,,164,87.6246207195492
244,2026-09-18T06:50:37.457+00:00,2026-09-18T06:55:32.469+00:00,2026-09-18T06:55:34.513+00:00,True,34,34.0,,34.0,295011.723536,297055.404048,297055.404032,8736.923648,40.470794000000005,295011.723536,50583.47329668332,89.86872455000001,61.92971248484849,10.048298647065371,0.11445676307072358,1,64,,True,True,,124,87.6246207195492
245,2026-09-18T06:50:37.864+00:00,2026-09-18T06:55:33.918+00:00,2026-09-18T06:55:37.905+00:00,True,62,62.0,,62.0,296053.507759,300040.610735,300040.61081,4839.364690483871,38.433108,296053.507759,37590.53374514001,92.80026905000001,65.36234386885246,11.355445606036579,0.20663869416916786,1,64,,True,True,,297,87.6246207195492
246,2026-09-18T06:50:38.270+00:00,2026-09-18T06:55:35.612+00:00,2026-09-18T06:55:38.326+00:00,False,44,43.0,,43.0,297341.657509,300055.596197,300055.596209,6819.445368386363,0.03532,297341.657509,44816.42879295171,93.03522045,63.11485320930233,14.330443054392807,0.14330677562756924,1,64,,True,False,Request timeout: 300.0s exceeded,231,87.6246207195492
247,2026-09-18T06:50:38.761+00:00,2026-09-18T06:55:37.498+00:00,2026-09-18T06:55:37.562+00:00,True,2,2.0,,2.0,298737.17499699997,298801.498325,298801.49836599996,149400.74918299998,64.323369,298737.17499699997,211193.59874248234,283803.53241559997,64.323328,nan,0.006693406864461713,1,64,,True,True,,12,87.6246207195492
248,2026-09-18T06:50:39.229+00:00,2026-09-18T06:55:39.265+00:00,2026-09-18T06:55:39.265+00:00,False,1,0.0,,0.0,300036.068565,300036.068565,300036.068565,300036.068565,300036.068565,300036.068565,nan,300036.068565,nan,nan,0.0,1,64,,True,False,TTFT timeout: 300.0s exceeded (TTFT: 300.023s),0,87.6246207195492
249,2026-09-18T06:50:39.758+00:00,2026-09-18T06:55:39.788+00:00,2026-09-18T06:55:39.788+00:00,False,1,0.0,,0.0,300029.961622,300029.961622,300029.961622,300029.961622,300029.961622,300029.961622,nan,300029.961622,nan,nan,0.0,1,64,,True,False,"HTTPConnectionPool(host='gpu03', port=9002): Read timed out.",0,87.6246207195492
250,2026-09-18T06:50:40.308+00:00,2026-09-18T06:55:40.227+00:00,2026-09-18T06:55:40.319+00:00,False,3,2.0,,2.0,299918.893017,300010.384089,300010.384075,100003.46135833333,0.02975,299918.893017,173131.8484606045,269936.1498461,45.745536,64.65196094327843,0.006666435917120413,1,64,,True,False,Request timeout: 300.0s exceeded,5,87.6246207195492
251,2026-09-18T06:50:40.850+00:00,2026-09-18T06:55:40.951+00:00,2026-09-18T06:55:40.951+00:00,False,1,0.0,,0.0,300101.10603100003,300101.10603100003,300101.10603100003,300101.10603100003,300101.10603100003,300101.10603100003,nan,300101.10603100003,nan,nan,0.0,1,64,,True,False,"HTTPConnectionPool(host='gpu03', port=9002): Read timed out.",0,87.6246207195492
252,2026-09-18T06:50:41.176+00:00,2026-09-18T06:55:41.248+00:00,2026-09-18T06:55:41.248+00:00,False,1,0.0,,0.0,300072.692116,300072.692116,300072.692116,300072.692116,300072.692116,300072.692116,nan,300072.692116,nan,nan,0.0,1,64,,True,False,"HTTPConnectionPool(host='gpu03', port=9002): Read timed out.",0,87.6246207195492
253,2026-09-18T06:50:41.518+00:00,2026-09-18T06:55:41.500+00:00,2026-09-18T06:55:41.613+00:00,False,3,2.0,,2.0,299982.32144599996,300095.02442199993,300095.024344,100031.67478133332,0.023370000000000002,299982.32144599996,173162.34867622424,269995.3572541999,56.351488,79.65973103168372,0.006664555681494932,1,64,,True,False,Request timeout: 300.0s exceeded,6,87.6246207195492
254,2026-09-18T06:50:41.898+00:00,2026-09-18T06:55:41.834+00:00,2026-09-18T06:55:41.954+00:00,False,4,3.0,,3.0,299936.670082,300055.89645,300055.896358,75013.9740895,0.039380000000000005,299936.670082,149948.46662310453,254955.1248214,39.74212266666667,34.383716165549146,0.009998137132092343,1,64,,True,False,Request timeout: 300.0s exceeded,9,87.6246207195492
255,2026-09-18T06:50:42.429+00:00,2026-09-18T06:55:42.519+00:00,2026-09-18T06:55:42.519+00:00,False,1,0.0,,0.0,300089.88366000005,300089.88366000005,300089.88366000005,300089.88366000005,300089.88366000005,300089.88366000005,nan,300089.88366000005,nan,nan,0.0,1,64,,True,False,"HTTPConnectionPool(host='gpu03', port=9002): Read timed out.",0,87.6246207195492
256,2026-09-18T06:50:42.848+00:00,2026-09-18T06:55:42.747+00:00,2026-09-18T06:55:42.890+00:00,False,4,3.0,,3.0,299899.194757,300042.73626100004,300042.736148,75010.684037,0.03735,299899.194757,149925.67762485906,254925.0893512,47.847168,41.40455938244946,0.009998575660869763,1,64,,True,False,Request timeout: 300.0s exceeded,10,87.6246207195492
257,2026-09-18T06:50:43.209+00:00,2026-09-18T06:55:43.051+00:00,2026-09-18T06:55:43.269+00:00,False,5,4.0,,4.0,299842.409015,300060.79032699997,300060.790225,60012.158045,0.022760000000000002,299842.409015,134069.1902869916,239892.28601759995,54.595328,38.88627656926648,0.013330632088387437,1,64,,True,False,Request timeout: 300.0s exceeded,21,87.6246207195492
258,2026-09-18T06:50:43.635+00:00,2026-09-18T06:55:43.701+00:00,2026-09-18T06:55:43.701+00:00,False,1,0.0,,0.0,300066.325435,300066.325435,300066.325435,300066.325435,300066.325435,300066.325435,nan,300066.325435,nan,nan,0.0,1,64,,True,False,"HTTPConnectionPool(host='gpu03', port=9002): Read timed out.",0,87.6246207195492
259,2026-09-18T06:50:44.029+00:00,2026-09-18T06:55:44.142+00:00,2026-09-18T06:55:44.142+00:00,False,1,0.0,,0.0,300112.288718,300112.288718,300112.288718,300112.288718,300112.288718,300112.288718,nan,300112.288718,nan,nan,0.0,1,64,,True,False,"HTTPConnectionPool(host='gpu03', port=9002): Read timed out.",0,87.6246207195492
260,2026-09-18T06:50:44.486+00:00,2026-09-18T06:55:44.355+00:00,2026-09-18T06:55:44.496+00:00,False,4,3.0,,3.0,299868.250884,300009.574148,300009.57416899997,75002.39354224999,0.04069,299868.250884,149910.5752558728,254898.6664908,47.107754666666665,40.763035495493575,0.00999968087191793,1,64,,True,False,Request timeout: 300.0s exceeded,6,87.6246207195492
261,2026-09-18T06:50:44.992+00:00,2026-09-18T06:55:45.240+00:00,2026-09-18T06:55:45.856+00:00,False,11,10.0,,10.0,300248.131859,300864.27035500004,300864.270493,27351.297317545457,0.023600000000000003,300248.131859,90509.64427544716,150169.4079595,61.6138496,26.94782254879468,0.03323757915222256,1,64,,True,False,Request timeout: 300.0s exceeded,35,87.6246207195492
263,2026-09-18T06:50:45.792+00:00,2026-09-18T06:55:45.910+00:00,2026-09-18T06:55:45.910+00:00,False,1,0.0,,0.0,300117.823263,300117.823263,300117.823263,300117.823263,300117.823263,300117.823263,nan,300117.823263,nan,nan,0.0,1,64,,True,False,TTFT timeout: 300.0s exceeded (TTFT: 300.006s),0,87.6246207195492
262,2026-09-18T06:50:45.471+00:00,2026-09-18T06:55:46.712+00:00,2026-09-18T06:55:46.712+00:00,False,1,0.0,,0.0,301241.323293,301241.323293,301241.323293,301241.323293,301241.323293,301241.323293,nan,301241.323293,nan,nan,0.0,1,64,,True,False,"HTTPConnectionPool(host='gpu03', port=9002): Read timed out.",0,87.6246207195492
264,2026-09-18T06:50:46.192+00:00,2026-09-18T06:55:46.721+00:00,2026-09-18T06:55:46.721+00:00,False,1,0.0,,0.0,300529.139731,300529.139731,300529.139731,300529.139731,300529.139731,300529.139731,nan,300529.139731,nan,nan,0.0,1,64,,True,False,"HTTPConnectionPool(host='gpu03', port=9002): Read timed out.",0,87.6246207195492
265,2026-09-18T06:50:46.611+00:00,2026-09-18T06:55:46.721+00:00,2026-09-18T06:55:46.721+00:00,False,1,0.0,,0.0,300109.776737,300109.776737,300109.776737,300109.776737,300109.776737,300109.776737,nan,300109.776737,nan,nan,0.0,1,64,,True,False,"HTTPConnectionPool(host='gpu03', port=9002): Read timed out.",0,87.6246207195492
266,2026-09-18T06:50:47.130+00:00,2026-09-18T06:55:47.108+00:00,2026-09-18T06:55:47.292+00:00,False,3,2.0,,2.0,299977.92407099996,300162.10685499996,300162.10683599993,100054.03561199999,0.02112,299977.92407099996,173139.19070897333,269998.5478283999,92.091392,130.20684633444384,0.006663066237625208,1,64,,True,False,Request timeout: 300.0s exceeded,3,87.6246207195492
267,2026-09-18T06:50:47.500+00:00,2026-09-18T06:55:47.288+00:00,2026-09-18T06:55:47.531+00:00,False,6,5.0,,5.0,299788.89090600004,300030.98191400006,300030.981702,50005.163617000006,0.038090000000000006,299788.89090600004,122368.53799849968,224857.86445400002,48.4182016,27.190931823485798,0.016664945626959235,1,64,,True,False,Request timeout: 300.0s exceeded,12,87.6246207195492
268,2026-09-18T06:50:47.946+00:00,2026-09-18T06:55:48.014+00:00,2026-09-18T06:55:48.014+00:00,False,1,0.0,,0.0,300068.71352,300068.71352,300068.71352,300068.71352,300068.71352,300068.71352,nan,300068.71352,nan,nan,0.0,1,64,,True,False,TTFT timeout: 300.0s exceeded (TTFT: 300.063s),0,87.6246207195492
269,2026-09-18T06:50:48.449+00:00,2026-09-18T06:55:48.556+00:00,2026-09-18T06:55:48.556+00:00,False,1,0.0,,0.0,300106.715437,300106.715437,300106.715437,300106.715437,300106.715437,300106.715437,nan,300106.715437,nan,nan,0.0,1,64,,True,False,TTFT timeout: 300.0s exceeded (TTFT: 300.096s),0,87.6246207195492
270,2026-09-18T06:50:49.001+00:00,2026-09-18T06:55:48.815+00:00,2026-09-18T06:55:49.047+00:00,False,5,4.0,,4.0,299814.40707099997,300046.653855,300046.653885,60009.330776999996,0.02061,299814.40707099997,134055.11736041447,239869.3058414,58.061696,39.54564177975244,0.01333126015107315,1,64,,True,False,Request timeout: 300.0s exceeded,22,87.6246207195492
271,2026-09-18T06:50:49.303+00:00,2026-09-18T06:55:49.360+00:00,2026-09-18T06:55:49.360+00:00,False,1,0.0,,0.0,300056.771149,300056.771149,300056.771149,300056.771149,300056.771149,300056.771149,nan,300056.771149,nan,nan,0.0,1,64,,True,False,TTFT timeout: 300.0s exceeded (TTFT: 300.047s),0,87.6246207195492
272,2026-09-18T06:50:49.827+00:00,2026-09-18T06:55:49.904+00:00,2026-09-18T06:55:49.904+00:00,False,1,0.0,,0.0,300077.62947600003,300077.62947600003,300077.62947600003,300077.62947600003,300077.62947600003,300077.62947600003,nan,300077.62947600003,nan,nan,0.0,1,64,,True,False,TTFT timeout: 300.0s exceeded (TTFT: 300.058s),0,87.6246207195492
273,2026-09-18T06:50:50.262+00:00,2026-09-18T06:55:50.167+00:00,2026-09-18T06:55:50.309+00:00,False,4,3.0,,3.0,299904.701319,300046.547847,300046.547923,75011.63698075,0.07647,299904.701319,149928.71329664814,254930.10159479998,47.282176,41.00277998198424,0.009998448645807326,1,64,,True,False,Request timeout: 300.0s exceeded,5,87.6246207195492
274,2026-09-18T06:50:50.766+00:00,2026-09-18T06:55:50.738+00:00,2026-09-18T06:55:50.800+00:00,False,3,2.0,,2.0,299972.02673000004,300033.89757800003,300033.89738400007,100011.29912800001,0.02208,299972.02673000004,173171.07262175684,269981.00891440007,30.935424,43.717798814100966,0.0066659134722604416,1,64,,True,False,Request timeout: 300.0s exceeded,2,87.6246207195492
275,2026-09-18T06:50:51.249+00:00,2026-09-18T06:55:51.302+00:00,2026-09-18T06:55:51.302+00:00,False,1,0.0,,0.0,300053.659635,300053.659635,300053.659635,300053.659635,300053.659635,300053.659635,nan,300053.659635,nan,nan,0.0,1,64,,True,False,TTFT timeout: 300.0s exceeded (TTFT: 300.039s),0,87.6246207195492
276,2026-09-18T06:50:51.566+00:00,2026-09-18T06:55:51.550+00:00,2026-09-18T06:55:51.680+00:00,False,4,3.0,,3.0,299983.425839,300113.720623,300113.720635,75028.43015875,0.035679999999999996,299983.425839,149970.00202883707,254999.91356539997,43.43159466666666,46.994437112645805,0.009996210748953299,1,64,,True,False,Request timeout: 300.0s exceeded,10,87.6246207195492
277,2026-09-18T06:50:52.104+00:00,2026-09-18T06:55:52.171+00:00,2026-09-18T06:55:52.171+00:00,False,1,0.0,,0.0,300067.845257,300067.845257,300067.845257,300067.845257,300067.845257,300067.845257,nan,300067.845257,nan,nan,0.0,1,64,,True,False,"HTTPConnectionPool(host='gpu03', port=9002): Read timed out.",0,87.6246207195492
278,2026-09-18T06:50:52.458+00:00,2026-09-18T06:55:52.563+00:00,2026-09-18T06:55:52.563+00:00,False,1,0.0,,0.0,300104.780339,300104.780339,300104.780339,300104.780339,300104.780339,300104.780339,nan,300104.780339,nan,nan,0.0,1,64,,True,False,"HTTPConnectionPool(host='gpu03', port=9002): Read timed out.",0,87.6246207195492
279,2026-09-18T06:50:52.806+00:00,2026-09-18T06:55:52.727+00:00,2026-09-18T06:55:52.817+00:00,False,3,2.0,,2.0,299921.081534,300010.808766,300010.808685,100003.602895,0.03593,299921.081534,173133.6209652795,269937.94250269997,44.863616,63.39568675155117,0.006666426480520387,1,64,,True,False,Request timeout: 300.0s exceeded,7,87.6246207195492
0,2026-09-18T06:48:53.126+00:00,2026-09-18T06:48:53.273+00:00,2026-09-18T06:48:57.440+00:00,True,73,73.0,,73.0,147.163777,4313.805953,4313.805994,59.093232794520546,16.23872,147.163777,16.246977569163274,79.1296208,57.870030222222226,12.526750466178788,16.922411623367704,2,64,,False,True,,287,87.6246207195492
1,2026-09-18T06:48:53.566+00:00,2026-09-18T06:48:53.708+00:00,2026-09-18T06:48:58.170+00:00,True,76,76.0,,76.0,141.307587,4603.950531,4603.950665,60.57829822368421,19.378064,141.307587,14.057875373482194,71.18360275,59.50190592,10.538002946596304,16.50756225295332,2,64,,False,True,,371,87.6246207195492
2,2026-09-18T06:48:53.976+00:00,2026-09-18T06:48:54.604+00:00,2026-09-18T06:49:00.344+00:00,True,96,96.0,,96.0,627.1110940000001,6367.47231,6367.472218,66.32783560416667,11.758319,627.1110940000001,58.72613432478086,69.9377905,60.42485490526315,10.233420519817578,15.076626222501782,2,64,,False,True,,431,87.6246207195492
3,2026-09-18T06:48:54.452+00:00,2026-09-18T06:48:57.447+00:00,2026-09-18T06:49:01.250+00:00,True,64,64.0,,64.0,2995.153134,6797.359854,6797.359869,106.208747953125,8.689994,2995.153134,367.0384542578069,70.21681129999999,60.35248761904762,11.852214761464413,9.415420306508903,2,64,,False,True,,273,87.6246207195492
4,2026-09-18T06:48:54.876+00:00,2026-09-18T06:48:58.708+00:00,2026-09-18T06:49:00.945+00:00,True,38,38.0,,38.0,3831.97648,6068.749344,6068.749283,159.7039285,8.564304,3831.97648,611.9749623560533,79.65253865000001,60.45332064864865,13.877554792376213,6.261586670665435,2,64,,False,True,,129,87.6246207195492
5,2026-09-18T06:48:55.351+00:00,2026-09-18T06:49:00.282+00:00,2026-09-18T06:49:00.528+00:00,True,5,5.0,,5.0,4931.170327,5177.817879,5177.817829,1035.5635657999999,57.747622,4931.170327,2177.7143167621402,3958.4833463999994,61.661888,4.779701291616175,0.9656577571565066,2,64,,False,True,,15,87.6246207195492
6,2026-09-18T06:48:55.801+00:00,2026-09-18T06:49:01.910+00:00,2026-09-18T06:49:04.167+00:00,True,39,39.0,,39.0,6109.087377999999,8365.989522,8365.989555,214.51255269230768,0.0,6109.087377999999,968.8482074760622,72.3256994,59.39216168421052,15.560826294509841,4.661731872534851,2,64,,False,True,,127,87.6246207195492
7,2026-09-18T06:48:56.319+00:00,2026-09-18T06:49:03.981+00:00,2026-09-18T06:49:08.028+00:00,True,68,68.0,,68.0,7662.454422000001,11709.439382,11709.439581,172.19764089705885,0.01844,7662.454422000001,922.6763942527866,71.8271099,60.402760597014925,38.515414512764195,5.807280586338834,2,64,,False,True,,377,87.6246207195492
8,2026-09-18T06:48:56.639+00:00,2026-09-18T06:49:05.131+00:00,2026-09-18T06:49:09.375+00:00,True,71,71.0,,71.0,8492.816757999999,12736.771701999998,12736.771611999999,179.39114946478873,0.0,8492.816757999999,1001.4838473987073,109.8521455,60.62792777142857,39.47450470298802,5.574410978007181,2,64,,False,True,,362,87.6246207195492
9,2026-09-18T06:48:57.012+00:00,2026-09-18T06:49:06.424+00:00,2026-09-18T06:49:08.341+00:00,True,32,32.0,,32.0,9412.299050000001,11329.00689,11329.006848,354.031464,0.0,9412.299050000001,1654.113646178099,257.70342089999997,61.82928516129032,63.19109106085286,2.8246076916279463,2,64,,False,True,,140,87.6246207195492
10,2026-09-18T06:48:57.358+00:00,2026-09-18T06:49:07.933+00:00,2026-09-18T06:49:12.275+00:00,True,77,77.0,,77.0,10575.666607000001,14917.541807000001,14917.541829000002,193.73430946753248,0.0,10575.666607000001,1199.0614003446472,68.009229,57.12993684210526,29.694181186760417,5.161708342849627,2,64,,False,True,,230,87.6246207195492
11,2026-09-18T06:48:57.715+00:00,2026-09-18T06:49:08.970+00:00,2026-09-18T06:49:13.827+00:00,True,80,80.0,,80.0,11255.272325,16112.339589,16112.339429,201.4042428625,0.0,11255.272325,1251.8133169310677,68.38990685,61.48186410126583,28.012519234840017,4.965138647811056,2,64,,False,True,,346,87.6246207195492
12,2026-09-18T06:48:58.163+00:00,2026-09-18T06:49:10.638+00:00,2026-09-18T06:49:11.551+00:00,True,16,16.0,,16.0,12475.848367,13388.218799,13388.218812000001,836.7636757500001,0.0,12475.848367,3104.086410067267,3277.4227645,60.82469546666667,46.88486516795442,1.195080558527702,2,64,,False,True,,76,87.6246207195492
13,2026-09-18T06:48:58.586+00:00,2026-09-18T06:49:12.274+00:00,2026-09-18T06:49:13.290+00:00,True,18,18.0,,18.0,13687.745153999998,14703.986305999999,14703.986366,816.8881314444444,35.732023999999996,13687.745153999998,3212.1568613497016,2112.92188925,59.77889129411764,9.917507833227885,1.2241578321284925,2,64,,False,True,,86,87.6246207195492
14,2026-09-18T06:48:59.042+00:00,2026-09-18T06:49:14.148+00:00,2026-09-18T06:49:18.495+00:00,True,74,74.0,,74.0,15105.72385,19452.552394,19452.552572,262.8723320540541,0.0,15105.72385,1749.370416457177,70.49000649999999,59.54559649315068,31.946266283818716,3.804128039404473,2,64,,False,True,,349,87.6246207195492
15,2026-09-18T06:48:59.386+00:00,2026-09-18T06:49:15.156+00:00,2026-09-18T06:49:20.571+00:00,True,91,91.0,,91.0,15770.018125,21184.274509000003,21184.274334,232.79422345054945,0.0,15770.018125,1647.3950600986757,70.24428449999999,60.158404266666665,42.970532690349245,4.2956391997913,2,64,,False,True,,450,87.6246207195492
16,2026-09-18T06:48:59.813+00:00,2026-09-18T06:49:16.949+00:00,2026-09-18T06:49:19.446+00:00,True,44,44.0,,44.0,17136.000035999998,19632.293668,19632.293697999998,446.1884931363636,5.2911909999999995,17136.000035999998,2574.624089590407,67.95342065000001,58.053340279069765,11.876162459546503,2.2412052684255928,2,64,,False,True,,185,87.6246207195492
17,2026-09-18T06:49:00.368+00:00,2026-09-18T06:49:19.036+00:00,2026-09-18T06:49:19.501+00:00,True,9,9.0,,9.0,18668.166399,19133.342463,19133.342475,2125.926941666667,39.906355000000005,18668.166399,6203.345158823066,11227.740761400002,58.147008,8.7196753415337,0.47038305081321635,2,64,,False,True,,32,87.6246207195492
18,2026-09-18T06:49:00.733+00:00,2026-09-18T06:49:20.349+00:00,2026-09-18T06:49:22.826+00:00,True,41,41.0,,41.0,19616.030728,22092.467976,22092.467837,538.8406789512195,0.01759,19616.030728,3054.401879210682,90.62736100000001,61.9109312,59.30667562120374,1.855836117745653,2,64,,False,True,,193,87.6246207195492
19,2026-09-18T06:49:01.123+00:00,2026-09-18T06:49:21.577+00:00,2026-09-18T06:49:25.786+00:00,True,71,71.0,,71.0,20453.826782,24662.150622,24662.150572,347.3542334084507,0.0,20453.826782,2420.639766059501,88.79430499999998,60.118912,41.57305663135831,2.8789054567148766,2,64,,False,True,,267,87.6246207195492
20,2026-09-18T06:49:01.632+00:00,2026-09-18T06:49:23.592+00:00,2026-09-18T06:49:23.652+00:00,True,2,2.0,,2.0,21960.160182,22020.20703,22020.207051,11010.1035255,60.046869,21960.160182,15485.718632376087,20865.15451635,60.046848,nan,0.0908256674097219,2,64,,False,True,,3,87.6246207195492
21,2026-09-18T06:49:02.142+00:00,2026-09-18T06:49:25.518+00:00,2026-09-18T06:49:29.120+00:00,True,62,62.0,,62.0,23376.002642,26977.44853,26977.44858,435.12013838709674,0.0,23376.002642,2961.657279212772,69.52873254999999,59.04009652459016,49.08261440857592,2.298215857257721,2,64,,False,True,,274,87.6246207195492
22,2026-09-18T06:49:02.498+00:00,2026-09-18T06:49:26.963+00:00,2026-09-18T06:49:32.791+00:00,True,98,98.0,,98.0,24464.469839,30293.052239,30293.052448000002,309.11278008163265,0.0,24464.469839,2465.525043116611,70.01366234999999,60.088478350515466,39.31538423279108,3.2350652297041385,2,64,,False,True,,390,87.6246207195492
23,2026-09-18T06:49:02.815+00:00,2026-09-18T06:49:28.466+00:00,2026-09-18T06:49:33.462+00:00,True,88,88.0,,88.0,25651.007684,30647.004868,30647.0048,348.26141818181816,0.0,25651.007684,2728.7355991385193,68.92563969999999,57.42525498850574,49.872064414581864,2.8714062068716215,2,64,,False,True,,348,87.6246207195492
24,2026-09-18T06:49:03.363+00:00,2026-09-18T06:49:30.474+00:00,2026-09-18T06:49:36.414+00:00,True,100,100.0,,100.0,27111.052491000002,33051.236555,33051.236461,330.51236461,0.0,27111.052491000002,2706.027575524319,70.46811310000001,60.00185923232323,71.01248469852652,3.0256054061272923,2,64,,False,True,,458,87.6246207195492
25,2026-09-18T06:49:03.706+00:00,2026-09-18T06:49:31.847+00:00,2026-09-18T06:49:35.210+00:00,True,56,56.0,,56.0,28141.094977,31504.536897,31504.536929,562.5810165892857,0.0,28141.094977,3753.4362460884186,171.50788375,61.15348945454545,91.54460705118757,1.7775217640267096,2,64,,False,True,,258,87.6246207195492
26,2026-09-18T06:49:04.088+00:00,2026-09-18T06:49:33.457+00:00,2026-09-18T06:49:38.985+00:00,True,94,94.0,,94.0,29368.958105,34897.037465,34897.037576,371.2450805957447,0.0,29368.958105,3023.899472021953,95.33698795000001,59.44171354838709,72.23756714975168,2.693638395358842,2,64,,False,True,,409,87.6246207195492
27,2026-09-18T06:49:04.627+00:00,2026-09-18T06:49:35.235+00:00,2026-09-18T06:49:39.814+00:00,True,75,75.0,,75.0,30608.795434,35187.61425,35187.614057,469.16818742666663,0.0,30608.795434,3527.709931601456,96.6587287,61.87592994594595,57.074474357414076,2.1314318006086475,2,64,,False,True,,319,87.6246207195492
28,2026-09-18T06:49:05.059+00:00,2026-09-18T06:49:36.746+00:00,2026-09-18T06:49:38.393+00:00,True,27,27.0,,27.0,31687.129672,33334.044744,33334.044803,1234.594251962963,15.630370999999998,31687.129672,6086.023048550363,99.7004797,63.34288738461538,16.856027723370982,0.8099827130897429,2,64,,False,True,,117,87.6246207195492
29,2026-09-18T06:49:05.457+00:00,2026-09-18T06:49:38.086+00:00,2026-09-18T06:49:39.377+00:00,True,23,23.0,,23.0,32628.779609,33920.082265000005,33920.082297,1474.786186826087,0.0,32628.779609,6792.0520833150185,453.17369460000003,58.695575272727275,101.22804621368135,0.6780643932497844,2,64,,False,True,,82,87.6246207195492
30,2026-09-18T06:49:05.943+00:00,2026-09-18T06:49:39.759+00:00,2026-09-18T06:49:39.759+00:00,True,1,1.0,,1.0,33815.269858,33815.269858,33815.269858,33815.269858,33815.269858,33815.269858,nan,33815.269858,nan,nan,0.029572438847872168,2,64,,False,True,,1,87.6246207195492
31,2026-09-18T06:49:06.392+00:00,2026-09-18T06:49:41.848+00:00,2026-09-18T06:49:47.549+00:00,True,93,93.0,,93.0,35456.075196000005,41156.53804400001,41156.538120000005,442.54342064516135,0.0,35456.075196000005,3670.6852151201165,95.6233682,61.96155269565217,60.094476322778135,2.259665278468629,2,64,,False,True,,437,87.6246207195492
32,2026-09-18T06:49:06.821+00:00,2026-09-18T06:49:43.607+00:00,2026-09-18T06:49:46.723+00:00,True,51,51.0,,51.0,36785.992008,39901.661768,39901.6618,782.3855254901961,0.0,36785.992008,5142.963761767839,95.48199949999999,62.3133952,80.67818543316386,1.278142256243086,2,64,,False,True,,225,87.6246207195492
33,2026-09-18T06:49:07.227+00:00,2026-09-18T06:49:45.299+00:00,2026-09-18T06:49:49.891+00:00,True,83,83.0,,83.0,38072.60047,42664.875413999995,42664.875269,514.0346417951807,0.0,38072.60047,4173.454124397769,92.35485599999998,56.00335297560976,70.63377929180788,1.9453941724804498,2,64,,False,True,,363,87.6246207195492
34,2026-09-18T06:49:07.905+00:00,2026-09-18T06:49:47.416+00:00,2026-09-18T06:49:53.414+00:00,True,97,97.0,,97.0,39510.943756,45508.979468,45508.979631,469.16473846391756,0.0,39510.943756,4006.5169330881,90.50279180000001,62.47953866666666,95.74413570208223,2.1314474886919035,2,64,,False,True,,401,87.6246207195492
35,2026-09-18T06:49:08.068+00:00,2026-09-18T06:49:48.763+00:00,2026-09-18T06:49:51.400+00:00,True,47,47.0,,47.0,40694.940335,43332.461231,43332.461279,921.9672612553192,0.01898,40694.940335,5927.645615265397,90.85552230000002,57.33741078260869,22.563476446892754,1.0846372134148763,2,64,,False,True,,205,87.6246207195492
36,2026-09-18T06:49:08.612+00:00,2026-09-18T06:49:50.418+00:00,2026-09-18T06:49:55.280+00:00,True,79,79.0,,79.0,41805.248293,46667.772709,46667.772803,590.7313013037974,0.0,41805.248293,4696.97986082716,80.0298958,62.34005661538462,71.4001699218048,1.692817021558105,2,64,,False,True,,392,87.6246207195492
37,2026-09-18T06:49:08.975+00:00,2026-09-18T06:49:52.469+00:00,2026-09-18T06:49:53.915+00:00,True,33,33.0,,33.0,43494.108342,44939.78207,44939.782146,1361.8115801818183,0.0,43494.108342,7563.545016575441,80.53936320000001,45.177304,29.820213948759783,0.7343159775140405,2,64,,False,True,,103,87.6246207195492
38,2026-09-18T06:49:09.422+00:00,2026-09-18T06:49:53.911+00:00,2026-09-18T06:49:56.606+00:00,True,44,44.0,,44.0,44489.049364,47184.319252,47184.319430999996,1072.370896159091,35.478685,44489.049364,6697.539350819914,100.32998915,62.680695069767445,12.974790757737173,0.9325131886508031,2,64,,False,True,,164,87.6246207195492
39,2026-09-18T06:49:09.858+00:00,2026-09-18T06:49:55.850+00:00,2026-09-18T06:49:58.896+00:00,True,50,50.0,,50.0,45991.580888,49037.886679999996,49037.886697999995,980.7577339599999,37.146112,45991.580888,6495.417115591436,94.31505320000001,62.169505959183674,15.219580222416695,1.0196197957362712,2,64,,False,True,,190,87.6246207195492
40,2026-09-18T06:49:10.192+00:00,2026-09-18T06:49:57.018+00:00,2026-09-18T06:50:02.762+00:00,True,93,93.0,,93.0,46825.855832999994,52570.137944999995,52570.137945999995,565.2703004946236,0.0,46825.855832999994,4851.165755111998,98.19079660000001,62.43784904347826,140.92891026554855,1.7690651696082402,2,64,,False,True,,462,87.6246207195492
41,2026-09-18T06:49:10.683+00:00,2026-09-18T06:49:59.201+00:00,2026-09-18T06:50:04.495+00:00,True,87,87.0,,87.0,48517.575008,53811.956064,53811.955841,618.5282280574712,0.0,48517.575008,5196.685553861424,89.68517960000001,61.56257041860465,131.9401614051939,1.6167410806722686,2,64,,False,True,,353,87.6246207195492
42,2026-09-18T06:49:11.080+00:00,2026-09-18T06:50:00.777+00:00,2026-09-18T06:50:01.065+00:00,True,8,8.0,,8.0,49697.104688,49984.828208,49984.828207,6248.103525875,0.0,49697.104688,17556.06302291143,32326.80897145,41.10336,25.10852285107817,0.16004856447060095,2,64,,False,True,,31,87.6246207195492
43,2026-09-18T06:49:11.444+00:00,2026-09-18T06:50:02.582+00:00,2026-09-18T06:50:07.566+00:00,True,80,80.0,,80.0,51138.293084,56122.120284,56122.12035,701.526504375,0.03118,51138.293084,5710.409954353309,97.77299874999999,63.08642025316456,18.077300297701598,1.4254628940454948,2,64,,False,True,,359,87.6246207195492
44,2026-09-18T06:49:11.851+00:00,2026-09-18T06:50:04.305+00:00,2026-09-18T06:50:07.945+00:00,True,58,58.0,,58.0,52454.470391,56093.566711,56093.566738,967.1304610000001,34.674536,52454.470391,6879.241132410556,97.85845705,63.8437950877193,14.415465141022382,1.0339866655087586,2,64,,False,True,,228,87.6246207195492
45,2026-09-18T06:49:12.306+00:00,2026-09-18T06:50:05.883+00:00,2026-09-18T06:50:08.951+00:00,True,49,49.0,,49.0,53576.270129000004,56644.863793000004,56644.863808,1156.017628734694,35.429044999999995,53576.270129000004,7644.634179251353,98.9623912,63.92903466666667,14.79737854934519,0.8650387117014352,2,64,,False,True,,252,87.6246207195492
46,2026-09-18T06:49:12.836+00:00,2026-09-18T06:50:08.097+00:00,2026-09-18T06:50:13.888+00:00,True,96,96.0,,96.0,55261.588436,61052.047571999996,61052.047633999995,635.9588295208333,0.0,55261.588436,5634.492635924499,89.49022525000001,60.95220143157895,82.75063921975898,1.572428834377506,2,64,,False,True,,495,87.6246207195492
47,2026-09-18T06:49:13.273+00:00,2026-09-18T06:50:09.905+00:00,2026-09-18T06:50:10.926+00:00,True,22,22.0,,22.0,56632.246863,57653.747791,57653.747699,2620.624895409091,0.0,56632.246863,12063.698343309501,96.23463620000001,48.642901333333334,29.10766478976899,0.3815883761755085,2,64,,False,True,,75,87.6246207195492
48,2026-09-18T06:49:13.643+00:00,2026-09-18T06:50:11.078+00:00,2026-09-18T06:50:16.107+00:00,True,84,84.0,,84.0,57434.948228,62464.127876,62464.127870000004,743.6205698809524,33.982867,57434.948228,6260.063473459126,73.24795005,60.59252587951807,10.097765410291379,1.3447718371535053,2,64,,False,True,,381,87.6246207195492
49,2026-09-18T06:49:14.161+00:00,2026-09-18T06:50:13.051+00:00,2026-09-18T06:50:15.565+00:00,True,41,41.0,,41.0,58890.17959000001,61403.67181400001,61403.67170300001,1497.6505293414637,34.134067,58890.17959000001,9187.293022715945,91.364361,62.8373056,10.342387746322267,0.6677125127662483,2,64,,False,True,,195,87.6246207195492
50,2026-09-18T06:49:14.461+00:00,2026-09-18T06:50:14.210+00:00,2026-09-18T06:50:14.709+00:00,True,9,9.0,,9.0,59749.380789999996,60247.993782,60247.99391999999,6694.221546666666,42.469792,59749.380789999996,19895.68788310346,35883.7600588,62.326624,12.000646738192643,0.14938256753520127,2,64,,False,True,,35,87.6246207195492
51,2026-09-18T06:49:14.805+00:00,2026-09-18T06:50:15.561+00:00,2026-09-18T06:50:18.779+00:00,True,52,52.0,,52.0,60755.948677,63974.320773,63974.32096,1230.275403076923,0.01632,60755.948677,8417.346282421553,112.33714585000001,63.105335215686274,114.47948252593403,0.8128261366699231,2,64,,False,True,,256,87.6246207195492
52,2026-09-18T06:49:15.177+00:00,2026-09-18T06:50:17.243+00:00,2026-09-18T06:50:21.956+00:00,True,80,80.0,,80.0,62066.133415,66778.740391,66778.740391,834.7342548874999,0.0,62066.133415,6933.29506127287,92.31023050000002,59.653252860759494,103.2991018858633,1.1979860586106814,2,64,,False,True,,523,87.6246207195492
53,2026-09-18T06:49:15.550+00:00,2026-09-18T06:50:18.482+00:00,2026-09-18T06:50:18.777+00:00,True,6,6.0,,6.0,62932.114062,63227.104142000004,63227.104258,10537.850709666667,50.259847,62932.114062,25667.842883285877,47216.118205000006,58.998016,6.941294496723216,0.09489601147199098,2,64,,False,True,,17,87.6246207195492
54,2026-09-18T06:49:15.995+00:00,2026-09-18T06:50:20.230+00:00,2026-09-18T06:50:20.987+00:00,True,13,13.0,,13.0,64234.930295,64992.203895,64992.204008,4999.400308307692,55.151919,64234.930295,17798.06247015863,25736.3791694,63.10613333333333,5.380356612944829,0.20002399089285414,2,64,,False,True,,45,87.6246207195492
55,2026-09-18T06:49:16.543+00:00,2026-09-18T06:50:22.016+00:00,2026-09-18T06:50:22.311+00:00,True,6,6.0,,6.0,65473.572047,65768.480463,65768.480433,10961.4134055,39.571767,65473.572047,26705.39657385282,49122.2980735,58.981683200000006,11.21528041883658,0.0912291109321809,2,64,,False,True,,25,87.6246207195492
56,2026-09-18T06:49:16.928+00:00,2026-09-18T06:50:23.725+00:00,2026-09-18T06:50:28.913+00:00,True,84,84.0,,84.0,66796.397342,71984.530462,71984.530251,856.9586934642857,34.969906,66796.397342,7281.274720164183,92.60126145,62.50762795180723,12.38704355245519,1.166917384344722,2,64,,False,True,,402,87.6246207195492
57,2026-09-18T06:49:17.283+00:00,2026-09-18T06:50:25.267+00:00,2026-09-18T06:50:27.567+00:00,True,37,37.0,,37.0,67984.11155599999,70284.10566799999,70284.10559299999,1899.570421432432,36.045283000000005,67984.11155599999,11166.025042776002,95.98166379999999,63.88872533333333,14.530336953165776,0.5264348126556004,2,64,,False,True,,126,87.6246207195492
58,2026-09-18T06:49:17.743+00:00,2026-09-18T06:50:26.666+00:00,2026-09-18T06:50:28.040+00:00,True,23,23.0,,23.0,68923.633119,70297.35574300001,70297.35571500001,3056.4067702173916,39.862606,68923.633119,14358.5562873419,94.0768462,62.44193745454545,12.694512427469935,0.32718158111217815,2,64,,False,True,,115,87.6246207195492
59,2026-09-18T06:49:18.252+00:00,2026-09-18T06:50:28.794+00:00,2026-09-18T06:50:33.066+00:00,True,70,70.0,,70.0,70541.957601,74813.935073,74813.93503000001,1068.7705004285715,0.0,70541.957601,8424.885723922158,94.69824219999998,61.91271698550725,124.67117406493831,0.9356545666485424,2,64,,False,True,,330,87.6246207195492
60,2026-09-18T06:49:18.554+00:00,2026-09-18T06:50:29.771+00:00,2026-09-18T06:50:34.779+00:00,True,72,72.0,,72.0,71216.31257,76224.92953,76224.92963,1058.6795781944443,0.0,71216.31257,8386.334494766495,92.61550465,70.54390084507043,171.31077519702595,0.9445728640741192,2,64,,False,True,,257,87.6246207195492
61,2026-09-18T06:49:19.097+00:00,2026-09-18T06:50:32.233+00:00,2026-09-18T06:50:37.325+00:00,True,94,94.0,,94.0,73136.50935600001,78227.963052,78227.963203,832.2123745000001,0.0,73136.50935600001,7538.492649124431,92.9256459,54.74681393548387,102.12840703081118,1.2016163572802725,2,64,,False,True,,300,87.6246207195492
62,2026-09-18T06:49:19.628+00:00,2026-09-18T06:50:34.755+00:00,2026-09-18T06:50:39.431+00:00,True,91,91.0,,91.0,75127.03663,79802.450646,79802.450734,876.9500080659341,0.01601,75127.03663,7870.04888070901,82.95378649999999,51.949044622222225,25.635374503302447,1.1403158582644513,2,64,,False,True,,372,87.6246207195492
63,2026-09-18T06:49:19.937+00:00,2026-09-18T06:50:34.820+00:00,2026-09-18T06:50:36.234+00:00,True,25,25.0,,25.0,74882.66497499999,76296.472847,76296.47299699999,3051.8589198799996,23.448526,74882.66497499999,14964.761604879019,102.71196060000003,58.908661333333335,17.973091248411485,0.32766914468160774,2,64,,False,True,,108,87.6246207195492
64,2026-09-18T06:49:20.415+00:00,2026-09-18T06:50:36.821+00:00,2026-09-18T06:50:39.115+00:00,True,37,37.0,,37.0,76406.469581,78700.525517,78700.525759,2127.0412367297295,33.554018,76406.469581,12550.67648311259,97.28789420000001,63.723776,12.840207641554818,0.4701366319594356,2,64,,False,True,,119,87.6246207195492
65,2026-09-18T06:49:20.823+00:00,2026-09-18T06:50:38.505+00:00,2026-09-18T06:50:43.871+00:00,True,84,84.0,,84.0,77681.943283,83047.375859,83047.375909,988.6592370119048,36.593652,77681.943283,8468.75300776714,98.52025565,64.64376597590362,13.939942662798684,1.011470851801716,2,64,,False,True,,469,87.6246207195492
66,2026-09-18T06:49:21.619+00:00,2026-09-18T06:50:40.711+00:00,2026-09-18T06:50:45.779+00:00,True,80,80.0,,80.0,79091.634205,84159.569181,84159.56912599999,1051.9946140749998,0.0,79091.634205,8836.491247327713,96.99460299999998,64.15107564556962,130.40008110047023,0.9505752082445419,2,64,,False,True,,339,87.6246207195492
67,2026-09-18T06:49:21.786+00:00,2026-09-18T06:50:42.095+00:00,2026-09-18T06:50:45.954+00:00,True,63,63.0,,63.0,80309.756133,84168.546277,84168.546271,1336.008670968254,0.0,80309.756133,10111.305365054874,93.5803629,62.23855070967742,148.18992427126437,0.7484981360218105,2,64,,False,True,,201,87.6246207195492
68,2026-09-18T06:49:22.220+00:00,2026-09-18T06:50:43.747+00:00,2026-09-18T06:50:45.765+00:00,True,29,29.0,,29.0,81527.211613,83545.046365,83545.046319,2880.863666172414,0.0,81527.211613,15127.420625746203,744.9628835999999,72.06552685714286,222.62515950859773,0.34711812682827276,2,64,,False,True,,148,87.6246207195492
69,2026-09-18T06:49:22.567+00:00,2026-09-18T06:50:45.751+00:00,2026-09-18T06:50:49.907+00:00,True,83,83.0,,83.0,83184.273518,87340.48907,87340.489066,1052.2950489879518,0.0,83184.273518,9125.130331769631,69.9928151,50.68555551219512,24.90384112466241,0.950303815375693,2,64,,False,True,,341,87.6246207195492
70,2026-09-18T06:49:23.066+00:00,2026-09-18T06:50:47.037+00:00,2026-09-18T06:50:49.341+00:00,True,39,39.0,,39.0,83971.088336,86275.345872,86275.345692,2212.188351076923,37.77069,83971.088336,13436.430487993975,89.9881628,60.63835621052632,11.802242568716421,0.4520410739107468,2,64,,False,True,,181,87.6246207195492
71,2026-09-18T06:49:23.583+00:00,2026-09-18T06:50:48.697+00:00,2026-09-18T06:50:50.726+00:00,True,34,34.0,,34.0,85113.724845,87143.41111700001,87143.411079,2563.0415023235296,39.225828,85113.724845,14586.338082259002,78.18757225000002,61.505644606060606,9.220479394523265,0.39016145413852465,2,64,,False,True,,132,87.6246207195492
72,2026-09-18T06:49:24.006+00:00,2026-09-18T06:50:50.150+00:00,2026-09-18T06:50:52.448+00:00,True,39,39.0,,39.0,86144.25803200001,88442.150896,88442.15109900001,2267.7474640769233,37.264071,86144.25803200001,13784.440663589492,70.90936040000001,60.470864842105264,8.82859902144566,0.44096620904053413,2,64,,False,True,,171,87.6246207195492
73,2026-09-18T06:49:24.525+00:00,2026-09-18T06:50:52.263+00:00,2026-09-18T06:50:57.040+00:00,True,77,77.0,,77.0,87738.286475,92514.832011,92514.831946,1201.491323974026,36.318413,87738.286475,9991.54923626322,92.08865600000001,62.849283368421055,10.904786748738912,0.8322989765667488,2,64,,False,True,,332,87.6246207195492
74,2026-09-18T06:49:25.042+00:00,2026-09-18T06:50:54.105+00:00,2026-09-18T06:50:54.635+00:00,True,9,9.0,,9.0,89062.40018899999,89592.878269,89592.87836799999,9954.76426311111,58.589922,89062.40018899999,29665.367537850674,53480.2324462,66.30976,16.603548141283742,0.100454413050307,2,64,,False,True,,42,87.6246207195492
75,2026-09-18T06:49:25.344+00:00,2026-09-18T06:50:55.058+00:00,2026-09-18T06:50:56.434+00:00,True,24,24.0,,24.0,89714.833374,91090.104798,91090.10478899999,3795.4210328749996,34.973835,89714.833374,18300.760340520006,70.018595,59.79440973913044,9.062110778140003,0.26347538026465145,2,64,,False,True,,120,87.6246207195492
76,2026-09-18T06:49:25.884+00:00,2026-09-18T06:50:57.317+00:00,2026-09-18T06:50:57.572+00:00,True,5,5.0,,5.0,91432.62612999999,91687.390674,91687.39082799999,18337.478165599998,55.238198,91432.62612999999,40861.430340416955,73160.40669139998,63.691136,6.780810657597414,0.05453312569203544,2,64,,False,True,,17,87.6246207195492
77,2026-09-18T06:49:26.256+00:00,2026-09-18T06:50:58.435+00:00,2026-09-18T06:51:04.534+00:00,True,99,99.0,,99.0,92178.209152,98277.195904,98277.19591499999,992.6989486363636,37.55014,92178.209152,9258.007276275226,71.7181779,62.234558693877545,8.080863934559916,1.0073547488748669,2,64,,True,True,,517,87.6246207195492
78,2026-09-18T06:49:26.717+00:00,2026-09-18T06:51:00.099+00:00,2026-09-18T06:51:01.287+00:00,True,20,20.0,,20.0,93382.07090800001,94570.280572,94570.280549,4728.514027450001,36.291193,93382.07090800001,20866.884697599562,4758.08718305,62.5373507368421,10.765868998513985,0.2114829297220201,2,64,,True,True,,110,87.6246207195492
79,2026-09-18T06:49:27.215+00:00,2026-09-18T06:51:02.324+00:00,2026-09-18T06:51:07.879+00:00,True,90,90.0,,90.0,95109.367755,100664.816075,100664.816254,1118.4979583777779,39.470467,95109.367755,10018.831753233446,82.6243889,62.420767640449434,8.832154362335503,0.8940561708566158,2,64,,True,True,,391,87.6246207195492
80,2026-09-18T06:49:27.739+00:00,2026-09-18T06:51:04.040+00:00,2026-09-18T06:51:04.660+00:00,True,11,11.0,,11.0,96301.594742,96921.681014,96921.680864,8811.061896727273,53.753421,96301.594742,29017.327464689308,48186.09029050001,62.00862720000001,5.381274777501306,0.11349369805514505,2,64,,True,True,,37,87.6246207195492
81,2026-09-18T06:49:28.233+00:00,2026-09-18T06:51:06.157+00:00,2026-09-18T06:51:09.039+00:00,True,47,47.0,,47.0,97923.133405,100805.964765,100805.96484,2144.8077625531914,38.32807,97923.133405,14274.42104651653,92.5722666,62.670246956521744,12.576956562674656,0.4662422517315015,2,64,,True,True,,224,87.6246207195492
82,2026-09-18T06:49:28.670+00:00,2026-09-18T06:51:07.750+00:00,2026-09-18T06:51:11.083+00:00,True,55,55.0,,55.0,99079.753168,102412.929232,102412.92906899999,1862.0532558,36.962742,99079.753168,13351.592874302542,83.7764792,61.725482666666664,11.361522583759653,0.5370415670408798,2,64,,True,True,,241,87.6246207195492
83,2026-09-18T06:49:29.171+00:00,2026-09-18T06:51:09.855+00:00,2026-09-18T06:51:15.961+00:00,True,98,98.0,,98.0,100684.659911,106790.474439,106790.474361,1089.6987179693876,40.554395,100684.659911,10164.331091368535,74.60539675000001,62.9465415257732,7.994530639586156,0.9176848451589077,2,64,,True,True,,421,87.6246207195492
84,2026-09-18T06:49:29.648+00:00,2026-09-18T06:51:11.826+00:00,2026-09-18T06:51:13.647+00:00,True,30,30.0,,30.0,102178.77549,103999.540162,103999.540191,3466.6513397,36.689201999999995,102178.77549,18643.74776474758,95.39893745,62.78498868965517,12.332818539958916,0.2884628139054175,2,64,,True,True,,154,87.6246207195492
85,2026-09-18T06:49:30.095+00:00,2026-09-18T06:51:13.524+00:00,2026-09-18T06:51:14.269+00:00,True,13,13.0,,13.0,103429.313419,104174.612363,104174.612169,8013.431705307692,56.760425000000005,103429.313419,28668.90461798031,41411.5693798,62.108245333333336,2.7047408073226915,0.12479048114622261,2,64,,True,True,,51,87.6246207195492
86,2026-09-18T06:49:30.599+00:00,2026-09-18T06:51:15.017+00:00,2026-09-18T06:51:17.876+00:00,True,45,45.0,,45.0,104418.105803,107277.504971,107277.504911,2383.9445535777777,35.040565,104418.105803,15556.048408588415,93.52108119999998,64.98634472727272,11.032880000138118,0.4194728429987695,2,64,,True,True,,200,87.6246207195492
87,2026-09-18T06:49:30.929+00:00,2026-09-18T06:51:16.485+00:00,2026-09-18T06:51:18.805+00:00,True,36,36.0,,36.0,105556.597278,107876.117534,107876.117445,2996.5588179166666,41.019244,105556.597278,17581.725063174817,94.65703475000002,66.27200731428572,12.306978667209458,0.33371612570922987,2,64,,True,True,,82,87.6246207195492
88,2026-09-18T06:49:31.312+00:00,2026-09-18T06:51:18.096+00:00,2026-09-18T06:51:18.713+00:00,True,11,11.0,,11.0,106784.323319,107400.792567,107400.79249800001,9763.708408909091,45.724205000000005,106784.323319,32178.098276542296,53426.8252305,61.646924799999994,6.647183328821661,0.10242010079337034,2,64,,True,True,,44,87.6246207195492
89,2026-09-18T06:49:31.716+00:00,2026-09-18T06:51:19.360+00:00,2026-09-18T06:51:22.020+00:00,True,44,44.0,,44.0,107643.71479099999,110303.46698299999,110303.46702,2506.8969777272723,34.858805999999994,107643.71479099999,16218.578760119723,86.06027290000002,61.854702139534886,10.173304383636799,0.39889951969307813,2,64,,True,True,,158,87.6246207195492
90,2026-09-18T06:49:32.085+00:00,2026-09-18T06:51:20.799+00:00,2026-09-18T06:51:26.604+00:00,True,94,94.0,,94.0,108714.706092,114519.82609199999,114519.82616,1218.2960229787234,36.208763,108714.706092,11206.632426132084,90.34875715,62.420645161290324,10.493192209106223,0.8208185709650371,2,64,,True,True,,372,87.6246207195492
91,2026-09-18T06:49:32.634+00:00,2026-09-18T06:51:22.867+00:00,2026-09-18T06:51:23.441+00:00,True,11,11.0,,11.0,110233.290087,110807.507815,110807.507604,10073.409782181818,38.245489,110233.290087,33219.275357110295,55150.7920005,57.4217728,9.235117494815258,0.09927125171306245,2,64,,True,True,,50,87.6246207195492
92,2026-09-18T06:49:33.176+00:00,2026-09-18T06:51:25.306+00:00,2026-09-18T06:51:30.366+00:00,True,82,82.0,,82.0,112129.840492,117190.19966,117190.199717,1429.1487770365854,35.303015,112129.840492,12375.77640916571,92.77055754999999,62.47356997530864,12.320335747708016,0.6997172138788385,2,64,,True,True,,359,87.6246207195492
93,2026-09-18T06:49:33.729+00:00,2026-09-18T06:51:27.437+00:00,2026-09-18T06:51:29.566+00:00,True,35,35.0,,35.0,113708.398615,115837.276183,115837.276295,3309.6364655714287,39.750346,113708.398615,19209.648497031012,95.8808074,62.61404611764706,13.820671960234964,0.3021479885689553,2,64,,True,True,,151,87.6246207195492
94,2026-09-18T06:49:34.087+00:00,2026-09-18T06:51:28.814+00:00,2026-09-18T06:51:34.209+00:00,True,87,87.0,,87.0,114726.750153,120122.400201,120122.400127,1380.7172428390804,35.485224,114726.750153,12293.27953876576,93.86272729999999,62.7401168372093,13.469391079325344,0.7242612523095068,2,64,,True,True,,396,87.6246207195492
95,2026-09-18T06:49:34.551+00:00,2026-09-18T06:51:30.907+00:00,2026-09-18T06:51:36.888+00:00,True,95,95.0,,95.0,116355.66664200001,122337.06081800001,122337.06093200001,1287.758536126316,37.822900000000004,116355.66664200001,11931.317067134638,94.37200430000001,63.63185293617021,12.075688235708466,0.7765430963012168,2,64,,True,True,,387,87.6246207195492
96,2026-09-18T06:49:35.240+00:00,2026-09-18T06:51:33.598+00:00,2026-09-18T06:51:34.993+00:00,True,22,22.0,,22.0,118357.992178,119752.79333,119752.793456,5443.308793454546,39.916666,118357.992178,25219.852498223147,94.83488449999999,66.41910247619047,15.232288138930066,0.18371178983170028,2,64,,True,True,,109,87.6246207195492
97,2026-09-18T06:49:35.361+00:00,2026-09-18T06:51:34.421+00:00,2026-09-18T06:51:39.592+00:00,True,84,84.0,,84.0,119059.968927,124230.960031,124230.95999799999,1478.9399999761904,36.423122000000006,119059.968927,12983.714813735396,92.9195456,62.30109763855422,11.238503480278892,0.6761599522296137,2,64,,True,True,,390,87.6246207195492
98,2026-09-18T06:49:35.727+00:00,2026-09-18T06:51:36.024+00:00,2026-09-18T06:51:36.630+00:00,True,11,11.0,,11.0,120297.048166,120903.641958,120903.641773,10991.240161181817,41.035384,120297.048166,36252.63591360494,60181.54150649999,60.659379200000004,7.279313807065987,0.0909815438299305,2,64,,True,True,,49,87.6246207195492
99,2026-09-18T06:49:36.089+00:00,2026-09-18T06:51:37.422+00:00,2026-09-18T06:51:39.339+00:00,True,31,31.0,,31.0,121332.902257,123250.266481,123250.266359,3975.8150438387097,35.72169400000001,121332.902257,21780.557661539537,96.273607,63.912140799999996,13.53367661295971,0.2515207543569806,2,64,,True,True,,126,87.6246207195492
100,2026-09-18T06:49:36.505+00:00,2026-09-18T06:51:39.340+00:00,2026-09-18T06:51:40.620+00:00,True,22,22.0,,22.0,122835.116794,124115.18898600001,124115.189125,5641.599505681818,43.108419999999995,122835.116794,26175.53954987199,67.37591404999999,60.955818666666666,5.144028270417701,0.17725469525314558,2,64,,True,True,,106,87.6246207195492
101,2026-09-18T06:49:36.877+00:00,2026-09-18T06:51:40.797+00:00,2026-09-18T06:51:43.074+00:00,True,38,38.0,,38.0,123920.657064,126197.428648,126197.42849,3320.984960263158,37.567981,123920.657064,20092.605778931615,92.33032255,61.534367135135135,10.895624808536565,0.3011154855301581,2,64,,True,True,,140,87.6246207195492
102,2026-09-18T06:49:37.307+00:00,2026-09-18T06:51:42.441+00:00,2026-09-18T06:51:45.310+00:00,True,48,48.0,,48.0,125134.561894,128003.03728599999,128003.037266,2666.7299430416665,31.266201000000002,125134.561894,18052.81060106657,70.26505235,61.03139131914894,7.376415245154263,0.37499110191231283,2,64,,True,True,,249,87.6246207195492
103,2026-09-18T06:49:37.856+00:00,2026-09-18T06:51:44.388+00:00,2026-09-18T06:51:45.688+00:00,True,23,23.0,,23.0,126532.389514,127831.793802,127831.793825,5557.904079347826,40.902894,126532.389514,26371.512394502934,68.60326520000001,59.06383127272727,7.418982965443958,0.17992394001468007,2,64,,True,True,,83,87.6246207195492
104,2026-09-18T06:49:38.213+00:00,2026-09-18T06:51:45.441+00:00,2026-09-18T06:51:48.533+00:00,True,52,52.0,,52.0,127227.24892499999,130320.14287699999,130320.143031,2506.15659675,36.706261,127227.24892499999,17634.837902386567,74.0222071,60.644979450980394,10.147574150762047,0.3990173648679862,2,64,,True,True,,229,87.6246207195492
105,2026-09-18T06:49:38.598+00:00,2026-09-18T06:51:46.841+00:00,2026-09-18T06:51:48.528+00:00,True,29,29.0,,29.0,128243.05704500001,129930.22043700001,129930.22049,4480.352430689655,39.095647,128243.05704500001,23802.950002633865,71.482205,60.25583542857142,8.265687613810021,0.22319672746234887,2,64,,True,True,,173,87.6246207195492
106,2026-09-18T06:49:38.983+00:00,2026-09-18T06:51:48.340+00:00,2026-09-18T06:51:52.186+00:00,True,63,63.0,,63.0,129356.575292,133202.945596,133202.94548199998,2114.3324679682537,33.464008,129356.575292,16289.584174130876,88.0502007,62.03823070967742,10.997981463735291,0.4729625138401733,2,64,,True,True,,250,87.6246207195492
107,2026-09-18T06:49:39.316+00:00,2026-09-18T06:51:49.441+00:00,2026-09-18T06:51:52.811+00:00,True,55,55.0,,55.0,130125.145722,133495.096442,133495.096471,2427.1835722,36.161442,130125.145722,17537.659446722937,92.82670200000001,62.40649481481481,10.805365088331946,0.4120001518100405,2,64,,True,True,,172,87.6246207195492
108,2026-09-18T06:49:39.637+00:00,2026-09-18T06:51:50.797+00:00,2026-09-18T06:51:54.074+00:00,True,52,52.0,,52.0,131159.624018,134436.38229,134436.382301,2585.31504425,36.082643,131159.624018,18179.660256223015,89.87444905000001,64.25016219607843,10.291230951502222,0.3868000545256267,2,64,,True,True,,240,87.6246207195492
109,2026-09-18T06:49:39.987+00:00,2026-09-18T06:51:51.970+00:00,2026-09-18T06:51:55.910+00:00,True,64,64.0,,64.0,131983.504846,135922.770126,135922.770052,2123.7932820625,37.074220999999994,131983.504846,16490.124979512162,85.89543115000001,62.528020317460324,9.817642495380632,0.4708556185300829,2,64,,True,True,,135,87.6246207195492
110,2026-09-18T06:49:40.308+00:00,2026-09-18T06:51:53.128+00:00,2026-09-18T06:51:56.389+00:00,True,54,54.0,,54.0,132819.380741,136080.630277,136080.630102,2520.0116685555554,36.530892,132819.380741,18066.05794523722,79.58580054999999,61.533010113207546,10.772012621949264,0.3968235588715299,2,64,,True,True,,217,87.6246207195492
111,2026-09-18T06:49:40.876+00:00,2026-09-18T06:51:55.426+00:00,2026-09-18T06:51:58.198+00:00,True,48,48.0,,48.0,134550.00271399997,137322.60303399997,137322.60304599997,2860.887563458333,35.748332999999995,134550.00271399997,19412.10797254934,70.14879590000001,58.99149617021277,10.13618466471081,0.3495418739485705,2,64,,True,True,,255,87.6246207195492
112,2026-09-18T06:49:41.299+00:00,2026-09-18T06:51:57.263+00:00,2026-09-18T06:52:00.844+00:00,True,60,60.0,,60.0,135964.129351,139544.751431,139544.75140600002,2325.7458567666667,36.312582,135964.129351,17545.060840385722,69.75491740000001,60.68850983050848,8.598609149173493,0.4299695931571307,2,64,,True,True,,257,87.6246207195492
113,2026-09-18T06:49:41.849+00:00,2026-09-18T06:51:59.230+00:00,2026-09-18T06:51:59.355+00:00,True,3,3.0,,3.0,137381.62387799998,137506.59514199998,137506.59497499999,45835.531658333326,60.548727,137381.62387799998,79281.24150308232,123649.9037272,62.485632,2.7390035727702147,0.021817135366503454,2,64,,True,True,,15,87.6246207195492
114,2026-09-18T06:49:42.146+00:00,2026-09-18T06:52:00.220+00:00,2026-09-18T06:52:00.844+00:00,True,11,11.0,,11.0,138073.39446200003,138697.70012600004,138697.69988800003,12608.881808000002,39.375175999999996,138073.39446200003,41611.873522174756,69084.1897975,62.4305664,14.341900084276165,0.07930917376428767,2,64,,True,True,,45,87.6246207195492
115,2026-09-18T06:49:42.536+00:00,2026-09-18T06:52:01.517+00:00,2026-09-18T06:52:01.799+00:00,True,5,5.0,,5.0,138980.346675,139262.45253100002,139262.452549,27852.4905098,60.174707999999995,138980.346675,62122.3614244354,111202.6379198,70.526464,14.559646198075008,0.0359034320387758,2,64,,True,True,,12,87.6246207195492
116,2026-09-18T06:49:42.909+00:00,2026-09-18T06:52:03.161+00:00,2026-09-18T06:52:04.011+00:00,True,15,15.0,,15.0,140251.425498,141101.488346,141101.488364,9406.765890933333,40.195996,140251.425498,36197.08543452657,42123.71232010001,60.71877485714286,6.87395919695675,0.1063064619362339,2,64,,True,True,,60,87.6246207195492
117,2026-09-18T06:49:43.386+00:00,2026-09-18T06:52:04.817+00:00,2026-09-18T06:52:10.435+00:00,True,92,92.0,,92.0,141430.32632300002,147049.02149100002,147049.021482,1598.3589291521741,34.168577,141430.32632300002,14738.696762929947,83.48648305,61.74390294505495,9.763336171590325,0.6256417014351283,2,64,,True,True,,312,87.6246207195492
118,2026-09-18T06:49:43.689+00:00,2026-09-18T06:52:06.235+00:00,2026-09-18T06:52:07.129+00:00,True,15,15.0,,15.0,142545.319929,143439.57298499998,143439.57280199998,9562.638186799999,35.876723,142545.319929,36788.5530937862,42832.2641496,63.87521828571428,13.371627002928687,0.10457365208113528,2,64,,True,True,,71,87.6246207195492
119,2026-09-18T06:49:44.088+00:00,2026-09-18T06:52:07.577+00:00,2026-09-18T06:52:13.329+00:00,True,94,94.0,,94.0,143488.817472,149241.181504,149241.181472,1587.672143319149,38.199538999999994,143488.817472,14793.364512166132,76.24625765,61.85337668817204,8.99738054267175,0.6298529605079587,2,64,,True,True,,476,87.6246207195492
120,2026-09-18T06:49:44.625+00:00,2026-09-18T06:52:09.958+00:00,2026-09-18T06:52:14.699+00:00,True,77,77.0,,77.0,145333.060776,150073.8938,150073.89395,1949.0116097402597,34.999145,145333.060776,16555.13372600144,87.1665776,62.37938189473684,10.25082866804915,0.5130805768431392,2,64,,True,True,,314,87.6246207195492
121,2026-09-18T06:49:44.957+00:00,2026-09-18T06:52:11.023+00:00,2026-09-18T06:52:14.831+00:00,True,61,61.0,,61.0,146066.00458399998,149873.586024,149873.58589699998,2456.9440310983605,37.416239999999995,146066.00458399998,18693.713508014225,90.768151,63.45969066666667,11.025712239866774,0.40700967807784205,2,64,,True,True,,279,87.6246207195492
122,2026-09-18T06:49:45.264+00:00,2026-09-18T06:52:12.295+00:00,2026-09-18T06:52:12.967+00:00,True,12,12.0,,12.0,147031.287359,147702.513215,147702.513237,12308.54276975,34.152646999999995,147031.287359,42426.66405989779,66213.72922560001,61.02053236363637,15.284396992986379,0.08124438602160043,2,64,,True,True,,61,87.6246207195492
123,2026-09-18T06:49:45.735+00:00,2026-09-18T06:52:14.146+00:00,2026-09-18T06:52:19.908+00:00,True,92,92.0,,92.0,148411.550816,154173.079904,154173.07975900001,1675.7943452065217,34.010567,148411.550816,15466.378556104866,92.8453025,63.313506461538466,13.312619584173765,0.5967319330799271,2,64,,True,True,,387,87.6246207195492
124,2026-09-18T06:49:46.131+00:00,2026-09-18T06:52:15.630+00:00,2026-09-18T06:52:20.250+00:00,True,73,73.0,,73.0,149498.879393,154119.30051300002,154119.30058100002,2111.2232956301373,38.370209,149498.879393,17490.015206524276,96.1689892,64.17251555555555,14.198000941837513,0.4736590404771687,2,64,,True,True,,379,87.6246207195492
125,2026-09-18T06:49:46.675+00:00,2026-09-18T06:52:17.917+00:00,2026-09-18T06:52:18.234+00:00,True,6,6.0,,6.0,151242.710533,151558.815749,151558.815714,25259.802619000002,57.935203,151242.710533,61718.768229627836,113449.12048550001,63.221043200000004,3.7131938246877443,0.03958859120367328,2,64,,True,True,,28,87.6246207195492
126,2026-09-18T06:49:46.997+00:00,2026-09-18T06:52:19.237+00:00,2026-09-18T06:52:24.995+00:00,True,91,91.0,,91.0,152239.835498,157997.900138,157997.900086,1736.2406602857143,37.57242,152239.835498,15952.368337804,91.03725549999999,63.978496,11.3554701940383,0.5759570217105286,2,64,,True,True,,394,87.6246207195492
127,2026-09-18T06:49:47.381+00:00,2026-09-18T06:52:20.697+00:00,2026-09-18T06:52:22.412+00:00,True,28,28.0,,28.0,153315.432187,155030.807035,155030.806889,5536.81453175,41.924712,153315.432187,28961.88869769907,92.4740775,63.53240177777778,10.765401860490746,0.18060926428434754,2,64,,True,True,,139,87.6246207195492
128,2026-09-18T06:49:47.773+00:00,2026-09-18T06:52:21.900+00:00,2026-09-18T06:52:23.576+00:00,True,27,27.0,,27.0,154126.267717,155802.324293,155802.324383,5770.45645862963,36.974462,154126.267717,29649.210615321073,94.691972,64.46371446153846,12.691248168409402,0.1732965160983357,2,64,,True,True,,102,87.6246207195492
129,2026-09-18T06:49:48.161+00:00,2026-09-18T06:52:23.516+00:00,2026-09-18T06:52:25.981+00:00,True,40,40.0,,40.0,155354.453281,157819.879969,157819.880006,3945.49700015,38.825677999999996,155354.453281,24553.702873524388,93.73765354999999,63.21606892307692,10.908184163981039,0.25345349399490774,2,64,,True,True,,153,87.6246207195492
130,2026-09-18T06:49:48.790+00:00,2026-09-18T06:52:23.820+00:00,2026-09-18T06:52:24.274+00:00,True,8,8.0,,8.0,155030.205093,155484.390053,155484.390096,19435.548762,39.901425,155030.205093,54788.51734597998,100804.57844585,64.88356571428572,17.869417658922384,0.05145211038402658,2,64,,True,True,,34,87.6246207195492
131,2026-09-18T06:49:48.986+00:00,2026-09-18T06:52:26.422+00:00,2026-09-18T06:52:31.563+00:00,True,84,84.0,,84.0,157436.226554,162577.19832999998,162577.198301,1935.4428369166667,35.630914,157436.226554,17170.945679341447,80.879041,61.93941898795181,10.581824343580225,0.5166776206187069,2,64,,True,True,,436,87.6246207195492
132,2026-09-18T06:49:49.339+00:00,2026-09-18T06:52:27.988+00:00,2026-09-18T06:52:29.673+00:00,True,28,28.0,,28.0,158649.062737,160334.785873,160334.785914,5726.242354071429,43.773219,158649.062737,29970.057524051754,92.14744789999999,62.43419022222223,10.53147753906529,0.1746345925342651,2,64,,True,True,,91,87.6246207195492
133,2026-09-18T06:49:49.712+00:00,2026-09-18T06:52:29.357+00:00,2026-09-18T06:52:34.181+00:00,True,77,77.0,,77.0,159645.203033,164469.017689,164469.017561,2135.961267025974,40.755094,159645.203033,18186.030207999054,97.8216834,63.47124547368421,12.234040435320962,0.4681732832234816,2,64,,True,True,,320,87.6246207195492
134,2026-09-18T06:49:50.241+00:00,2026-09-18T06:52:31.325+00:00,2026-09-18T06:52:32.765+00:00,True,23,23.0,,23.0,161083.13595199998,162523.71553599997,162523.71558699998,7066.248503782608,44.094288,161083.13595199998,33574.50451680207,99.54294829999999,65.48089018181818,13.31237260540673,0.14151780818046436,2,64,,True,True,,116,87.6246207195492
135,2026-09-18T06:49:50.708+00:00,2026-09-18T06:52:33.201+00:00,2026-09-18T06:52:34.996+00:00,True,29,29.0,,29.0,162492.798866,164287.448978,164287.44891,5665.084445172413,38.759889,162492.798866,30162.257021968508,105.2827298,64.09464685714286,15.543304181259135,0.17651987525768592,2,64,,True,True,,120,87.6246207195492
136,2026-09-18T06:49:51.193+00:00,2026-09-18T06:52:35.323+00:00,2026-09-18T06:52:38.341+00:00,True,47,47.0,,47.0,164130.236484,167148.27322,167148.27325899998,3556.3462395531915,37.043521,164130.236484,23931.290870826128,105.162582,65.60949426086957,16.329365725099265,0.28118746963146163,2,64,,True,True,,199,87.6246207195492
137,2026-09-18T06:49:51.619+00:00,2026-09-18T06:52:36.788+00:00,2026-09-18T06:52:40.073+00:00,True,53,53.0,,53.0,165169.618419,168454.59249900002,168454.592546,3178.3885386037737,36.854662,165169.618419,22679.118887573768,95.13294099999999,63.172578461538464,14.225169149976548,0.3146248446762567,2,64,,True,True,,195,87.6246207195492
138,2026-09-18T06:49:52.086+00:00,2026-09-18T06:52:38.591+00:00,2026-09-18T06:52:42.759+00:00,True,67,67.0,,67.0,166504.840371,170673.667251,170673.66725199998,2547.3681679402985,39.570385,166504.840371,20334.089875633785,92.09071359999999,63.16404363636363,10.67762514533604,0.39256202247923183,2,64,,True,True,,165,87.6246207195492
139,2026-09-18T06:49:52.385+00:00,2026-09-18T06:52:39.728+00:00,2026-09-18T06:52:41.921+00:00,True,36,36.0,,36.0,167342.66040400002,169535.52824400002,169535.52809700003,4709.320224916667,37.106701,167342.66040400002,27880.003348920633,90.05409925,62.653366857142856,11.1743362384774,0.2123448717379631,2,64,,True,True,,134,87.6246207195492
140,2026-09-18T06:49:52.842+00:00,2026-09-18T06:52:41.738+00:00,2026-09-18T06:52:42.232+00:00,True,9,9.0,,9.0,168895.653361,169390.113265,169390.113259,18821.123695444447,56.206686000000005,168895.653361,56277.948760702966,101364.6397098,61.807488,4.184498755400392,0.053131790436435185,2,64,,True,True,,37,87.6246207195492
141,2026-09-18T06:49:53.176+00:00,2026-09-18T06:52:42.945+00:00,2026-09-18T06:52:48.328+00:00,True,87,87.0,,87.0,169769.29841699998,175152.328433,175152.32828299998,2013.2451526781608,35.142064,169769.29841699998,18194.473606332176,95.52465260000001,62.59337227906977,13.613455199487028,0.4967104963910292,2,64,,True,True,,457,87.6246207195492
142,2026-09-18T06:49:53.649+00:00,2026-09-18T06:52:44.590+00:00,2026-09-18T06:52:49.908+00:00,True,86,86.0,,86.0,170940.457244,176258.483996,176258.483997,2049.5172557790697,38.433608,170940.457244,18426.241405589848,91.52089175,62.56502061176471,12.821030930143007,0.4879197758330412,2,64,,True,True,,354,87.6246207195492
143,2026-09-18T06:49:54.027+00:00,2026-09-18T06:52:45.902+00:00,2026-09-18T06:52:46.071+00:00,True,4,4.0,,4.0,171874.658076,172044.32105199998,172044.321219,43011.08030475,34.780245,171874.658076,85909.05324626819,146103.9081561,56.55432533333334,18.986883729647616,0.023249822926680676,2,64,,True,True,,22,87.6246207195492
144,2026-09-18T06:49:54.335+00:00,2026-09-18T06:52:47.322+00:00,2026-09-18T06:52:48.807+00:00,True,24,24.0,,24.0,172987.28207699998,174471.94230099997,174471.942108,7269.6642544999995,37.804038999999996,172987.28207699998,35297.70774498574,110.2605925,64.55044452173914,14.774472351219035,0.13755793443621475,2,64,,True,True,,79,87.6246207195492
145,2026-09-18T06:49:54.744+00:00,2026-09-18T06:52:49.065+00:00,2026-09-18T06:52:49.492+00:00,True,8,8.0,,8.0,174320.762041,174748.219065,174748.21912300002,21843.527390375002,50.610184999999994,174320.762041,61610.10680563173,113331.44467895,61.06528914285714,5.06117767782728,0.04578015182532012,2,64,,True,True,,38,87.6246207195492
146,2026-09-18T06:49:55.069+00:00,2026-09-18T06:52:50.152+00:00,2026-09-18T06:52:51.163+00:00,True,18,18.0,,18.0,175082.94632,176094.657552,176094.65766,9783.036536666667,36.822120999999996,175082.94632,41253.420074750946,26330.721053999998,59.5124254117647,9.753215918971643,0.10221775180592675,2,64,,True,True,,77,87.6246207195492
147,2026-09-18T06:49:55.579+00:00,2026-09-18T06:52:52.240+00:00,2026-09-18T06:52:53.300+00:00,True,18,18.0,,18.0,176661.043,177721.27596,177721.276019,9873.404223277777,35.894143,176661.043,41624.70851349539,26579.024586900003,62.36664470588236,10.782967165548845,0.10128218978155035,2,64,,True,True,,68,87.6246207195492
148,2026-09-18T06:49:55.957+00:00,2026-09-18T06:52:53.591+00:00,2026-09-18T06:52:59.740+00:00,True,95,95.0,,95.0,177633.052706,183782.049826,183782.04974,1934.5478919999998,36.278252,177633.052706,18218.059897707142,94.97790250000001,65.4148629787234,13.088812956921883,0.516916641695658,2,64,,True,True,,423,87.6246207195492
149,2026-09-18T06:49:56.341+00:00,2026-09-18T06:52:55.231+00:00,2026-09-18T06:52:58.141+00:00,True,46,46.0,,46.0,178890.162198,181800.120854,181800.120873,3952.1765407173916,39.747485999999995,178890.162198,26366.384368866045,96.76663199999999,64.66574791111111,13.465333430557596,0.25302513432838514,2,64,,True,True,,187,87.6246207195492
150,2026-09-18T06:49:56.861+00:00,2026-09-18T06:52:57.169+00:00,2026-09-18T06:52:57.506+00:00,True,6,6.0,,6.0,180308.398868,180644.960788,180644.96080899998,30107.493468166664,57.436893,180308.398868,73583.11602766036,135252.06706725,67.312384,10.513994722500483,0.03321432257964525,2,64,,True,True,,45,87.6246207195492
151,2026-09-18T06:49:57.229+00:00,2026-09-18T06:52:58.456+00:00,2026-09-18T06:53:02.462+00:00,True,65,65.0,,65.0,181226.834473,185232.850473,185232.85035,2849.7361592307693,38.128229,181226.834473,22470.66068452775,87.65541219999999,62.594,10.022364388164346,0.3509096784615673,2,64,,True,True,,346,87.6246207195492
152,2026-09-18T06:49:57.681+00:00,2026-09-18T06:53:00.051+00:00,2026-09-18T06:53:05.965+00:00,True,98,98.0,,98.0,182369.22766899999,188283.770517,188283.77057099997,1921.262965010204,35.866563,182369.22766899999,18415.916132756345,68.06289735,60.974668536082476,7.63577242529616,0.520490957510072,2,64,,True,True,,360,87.6246207195492
153,2026-09-18T06:49:58.014+00:00,2026-09-18T06:53:01.672+00:00,2026-09-18T06:53:06.393+00:00,True,79,79.0,,79.0,183658.240433,188379.099569,188379.099594,2384.5455644810127,36.272483,183658.240433,20656.358286414325,70.0661688,60.52383507692308,7.455600850362414,0.41936711758760514,2,64,,True,True,,443,87.6246207195492
154,2026-09-18T06:49:58.337+00:00,2026-09-18T06:53:02.951+00:00,2026-09-18T06:53:05.838+00:00,True,49,49.0,,49.0,184613.880301,187500.73316499998,187500.73318799998,3826.545575265306,36.17198200000001,184613.880301,26364.820950095927,69.78000739999999,60.142768,8.37534868602856,0.2613323114682446,2,64,,True,True,,216,87.6246207195492
155,2026-09-18T06:49:58.693+00:00,2026-09-18T06:53:04.414+00:00,2026-09-18T06:53:07.359+00:00,True,51,51.0,,51.0,185721.578903,188666.512535,188666.51233199998,3699.3433790588233,35.645213000000005,185721.578903,25997.976934275306,70.0250845,58.89867264,9.174203367454659,0.27031824203852217,2,64,,True,True,,205,87.6246207195492
156,2026-09-18T06:49:59.131+00:00,2026-09-18T06:53:05.733+00:00,2026-09-18T06:53:08.089+00:00,True,41,41.0,,41.0,186602.35588800002,188958.348464,188958.348357,4608.7402038292685,36.376302,186602.35588800002,29133.19513149255,68.417773,58.8998144,10.487171043328889,0.21697903444478528,2,64,,True,True,,152,87.6246207195492
157,2026-09-18T06:49:59.621+00:00,2026-09-18T06:53:07.700+00:00,2026-09-18T06:53:08.438+00:00,True,14,14.0,,14.0,188078.544268,188816.87694,188816.876969,13486.9197835,35.522463,188078.544268,50250.9274467146,65870.67939019999,56.79482092307692,11.35167112202653,0.07414591442717675,2,64,,True,True,,67,87.6246207195492
158,2026-09-18T06:50:00.129+00:00,2026-09-18T06:53:09.950+00:00,2026-09-18T06:53:10.132+00:00,True,4,4.0,,4.0,189820.661713,190002.28244900002,190002.282424,47500.570606,52.334512000000004,189820.661713,94880.06094398069,161357.68661665003,60.54024533333334,7.657156941722256,0.02105237867904914,2,64,,True,True,,12,87.6246207195492
159,2026-09-18T06:50:00.553+00:00,2026-09-18T06:53:11.510+00:00,2026-09-18T06:53:16.739+00:00,True,84,84.0,,84.0,190956.92481099998,196186.59597899998,196186.59595199997,2335.5547137142853,37.725979,190956.92481099998,20828.237264602867,92.12915349999999,63.008086361445784,11.94029577149784,0.4281638079341131,2,64,,True,True,,291,87.6246207195492
160,2026-09-18T06:50:00.990+00:00,2026-09-18T06:53:12.968+00:00,2026-09-18T06:53:16.864+00:00,True,63,63.0,,63.0,191978.19139300002,195874.055713,195874.05569500002,3109.11199515873,38.195539,191978.19139300002,24179.06499813067,95.5509576,62.83652129032258,12.16176022757001,0.3216352455187292,2,64,,True,True,,275,87.6246207195492
161,2026-09-18T06:50:01.322+00:00,2026-09-18T06:53:14.160+00:00,2026-09-18T06:53:17.990+00:00,True,61,61.0,,61.0,192837.53481,196668.108378,196668.10822400003,3224.0673479344264,35.933593,192837.53481,24682.146050178097,95.94706100000002,63.842892799999994,14.176970297768895,0.3101672177715606,2,64,,True,True,,301,87.6246207195492
162,2026-09-18T06:50:02.615+00:00,2026-09-18T06:53:15.633+00:00,2026-09-18T06:53:21.693+00:00,True,98,98.0,,98.0,193018.747601,199078.62984100002,199078.62981100002,2031.4145899081634,35.828233999999995,193018.747601,19491.5308335844,90.97347819999999,62.473012783505155,12.002400474369153,0.49226780432571077,2,64,,True,True,,310,87.6246207195492
163,2026-09-18T06:50:02.713+00:00,2026-09-18T06:53:16.350+00:00,2026-09-18T06:53:19.492+00:00,True,50,50.0,,50.0,193637.67477399998,196779.70536599998,196779.70527399998,3935.5941054799996,35.317824,193637.67477399998,27375.437628966567,96.0467726,64.12307330612245,13.81659305907978,0.25409124333732797,2,64,,True,True,,214,87.6246207195492
164,2026-09-18T06:50:02.779+00:00,2026-09-18T06:53:18.398+00:00,2026-09-18T06:53:21.469+00:00,True,51,51.0,,51.0,195618.416411,198689.70985100002,198689.70976300002,3895.876662019608,37.746729,195618.416411,27383.45845341322,92.34853799999999,61.425868799999996,11.910179237404424,0.25668163710262376,2,64,,True,True,,109,87.6246207195492
165,2026-09-18T06:50:03.125+00:00,2026-09-18T06:53:21.695+00:00,2026-09-18T06:53:27.120+00:00,True,87,87.0,,87.0,198569.80069,203994.996978,203994.996885,2344.770079137931,34.991785,198569.80069,21282.158609632617,96.98544829999999,63.08367776744186,14.156662336585674,0.4264810475199182,2,64,,True,True,,324,87.6246207195492
166,2026-09-18T06:50:03.520+00:00,2026-09-18T06:53:22.839+00:00,2026-09-18T06:53:27.780+00:00,True,79,79.0,,79.0,199318.941651,204260.221139,204260.2213,2585.5724215189875,33.608467,199318.941651,22418.009151741415,93.6462428,63.349737025641026,12.763025197004046,0.386761551316642,2,64,,True,True,,279,87.6246207195492
167,2026-09-18T06:50:03.938+00:00,2026-09-18T06:53:24.817+00:00,2026-09-18T06:53:29.463+00:00,True,76,76.0,,76.0,200879.115636,205524.610676,205524.610628,2704.271192473684,35.430603000000005,200879.115636,23035.31240754407,93.16182875,61.939933866666664,10.88765456154187,0.36978539820620543,2,64,,True,True,,266,87.6246207195492
168,2026-09-18T06:50:04.475+00:00,2026-09-18T06:53:27.057+00:00,2026-09-18T06:53:28.547+00:00,True,25,25.0,,25.0,202582.456892,204071.96678,204071.96672,8162.878668799999,38.634898,202582.456892,40504.08034656763,88.7850102,62.062912,11.446721116193899,0.12250580221511403,2,64,,True,True,,136,87.6246207195492
169,2026-09-18T06:50:04.913+00:00,2026-09-18T06:53:28.263+00:00,2026-09-18T06:53:31.332+00:00,True,51,51.0,,51.0,203349.560618,206418.328362,206418.328476,4047.4182054117646,38.506347999999996,203349.560618,28466.041304412985,83.18306499999998,61.37535488,9.61246177132701,0.2470710832933414,2,64,,True,True,,103,87.6246207195492
170,2026-09-18T06:50:05.436+00:00,2026-09-18T06:53:30.332+00:00,2026-09-18T06:53:33.622+00:00,True,54,54.0,,54.0,204896.30357699998,208186.028761,208186.028692,3855.296827629629,36.972241000000004,204896.30357699998,27874.41125538157,92.1366021,62.07028649056604,12.459523481800918,0.2593834001319687,2,64,,True,True,,250,87.6246207195492
171,2026-09-18T06:50:05.874+00:00,2026-09-18T06:53:32.293+00:00,2026-09-18T06:53:34.222+00:00,True,32,32.0,,32.0,206418.989042,208347.57221,208347.57212,6510.86162875,36.481772,206418.989042,36479.07135899034,92.97353924999999,62.212360258064514,13.238296448902155,0.15358950267846752,2,64,,True,True,,120,87.6246207195492
172,2026-09-18T06:50:06.308+00:00,2026-09-18T06:53:34.097+00:00,2026-09-18T06:53:37.601+00:00,True,56,56.0,,56.0,207789.042573,211292.84519700002,211292.845368,3773.0865244285715,38.643368,207789.042573,27758.46850234639,92.13968550000001,63.70550225454546,12.405496265806743,0.26503500365943816,2,64,,True,True,,257,87.6246207195492
173,2026-09-18T06:50:06.747+00:00,2026-09-18T06:53:35.568+00:00,2026-09-18T06:53:41.669+00:00,True,98,98.0,,98.0,208820.123517,214921.202557,214921.202619,2193.073496112245,34.301076,208820.123517,21087.667078450144,89.424021,62.897722061855674,10.91457441565868,0.4559810704297966,2,64,,True,True,,422,87.6246207195492
174,2026-09-18T06:50:07.133+00:00,2026-09-18T06:53:37.119+00:00,2026-09-18T06:53:37.539+00:00,True,8,8.0,,8.0,209985.9827,210405.635052,210405.634876,26300.7043595,36.220913,209985.9827,74220.0611966745,136515.208043,59.950336,10.785417797363253,0.038021795366948545,2,64,,True,True,,25,87.6246207195492
175,2026-09-18T06:50:07.448+00:00,2026-09-18T06:53:38.767+00:00,2026-09-18T06:53:43.305+00:00,True,74,74.0,,74.0,211318.683972,215856.377156,215856.377176,2916.978069945946,35.228604,211318.683972,24558.074332998993,90.1301208,62.16018060273973,10.639288468240673,0.3428205410235343,2,64,,True,True,,326,87.6246207195492
176,2026-09-18T06:50:07.810+00:00,2026-09-18T06:53:39.982+00:00,2026-09-18T06:53:42.424+00:00,True,40,40.0,,40.0,212172.504139,214613.75367499999,214613.753609,5365.343840225,38.364197999999995,212172.504139,33537.523217040245,90.52272224999999,62.59614194871795,11.846996569706882,0.18638134469505593,2,64,,True,True,,231,87.6246207195492
177,2026-09-18T06:50:08.270+00:00,2026-09-18T06:53:41.452+00:00,2026-09-18T06:53:43.246+00:00,True,30,30.0,,30.0,213182.6055,214976.527036,214976.52718,7165.884239333333,37.950599000000004,213182.6055,38910.34915427851,96.50972985,61.85936331034483,14.037291761645522,0.1395501193252424,2,64,,True,True,,88,87.6246207195492
178,2026-09-18T06:50:08.810+00:00,2026-09-18T06:53:43.615+00:00,2026-09-18T06:53:49.271+00:00,True,89,89.0,,89.0,214804.626419,220460.722419,220460.722343,2477.0867678988766,0.019129999999999998,214804.626419,22762.443050132853,94.30273,64.27381818181819,22.70906226876718,0.40370002884618006,2,64,,True,True,,426,87.6246207195492
179,2026-09-18T06:50:09.264+00:00,2026-09-18T06:53:45.200+00:00,2026-09-18T06:53:48.310+00:00,True,49,49.0,,49.0,215935.653486,219045.150574,219045.150498,4470.309193836734,34.79996499999999,215935.653486,30838.69794581934,92.50137040000001,64.78118933333333,10.949115078003128,0.22369817305517722,2,64,,True,True,,219,87.6246207195492
180,2026-09-18T06:50:09.681+00:00,2026-09-18T06:53:46.862+00:00,2026-09-18T06:53:49.641+00:00,True,44,44.0,,44.0,217180.988559,219960.36033499998,219960.360237,4999.099096295455,0.01927,217180.988559,32731.53614615806,96.1333571,64.63655293023255,31.210714929416962,0.20003604255324883,2,64,,True,True,,174,87.6246207195492
181,2026-09-18T06:50:10.087+00:00,2026-09-18T06:53:48.957+00:00,2026-09-18T06:53:54.508+00:00,True,91,91.0,,91.0,218870.052326,224420.554214,224420.554241,2466.159936714286,0.03436,218870.052326,22937.354187327102,88.7957945,61.672243200000004,12.7213385494398,0.40548870542947424,2,64,,True,True,,521,87.6246207195492
182,2026-09-18T06:50:10.426+00:00,2026-09-18T06:53:50.093+00:00,2026-09-18T06:53:56.125+00:00,True,98,98.0,,98.0,219666.592329,225699.254345,225699.254318,2303.053615489796,35.885243,219666.592329,22183.397448103882,90.6193304,62.192391917525775,11.805543279519526,0.43420613100563854,2,64,,True,True,,497,87.6246207195492
183,2026-09-18T06:50:10.822+00:00,2026-09-18T06:53:51.488+00:00,2026-09-18T06:53:56.492+00:00,True,81,81.0,,81.0,220666.283253,225670.783733,225670.78376,2786.059058765432,35.427304,220666.283253,24511.52803532892,88.135445,62.556256,11.818248549056623,0.35892993616681146,2,64,,True,True,,384,87.6246207195492
184,2026-09-18T06:50:11.206+00:00,2026-09-18T06:53:52.847+00:00,2026-09-18T06:53:53.565+00:00,True,13,13.0,,13.0,221641.007123,222359.22408299998,222359.22415,17104.555703846152,40.977024,221641.007123,61455.55599352307,88702.6592402,59.85141333333333,9.819306011794643,0.05846395648128135,2,64,,True,True,,48,87.6246207195492
185,2026-09-18T06:50:11.645+00:00,2026-09-18T06:53:54.631+00:00,2026-09-18T06:53:55.615+00:00,True,17,17.0,,17.0,222985.937344,223970.51232,223970.51237100002,13174.73602182353,40.712394,222985.937344,54067.11031488095,44674.775652000004,61.535936,12.171108895124782,0.07590284910234561,2,64,,True,True,,57,87.6246207195492
186,2026-09-18T06:50:12.096+00:00,2026-09-18T06:53:56.241+00:00,2026-09-18T06:54:02.268+00:00,True,97,97.0,,97.0,224144.727853,230171.49956499998,230171.49951899998,2372.902056896907,35.526364,224144.727853,22752.076591858055,79.6552908,62.778872,9.18443721268903,0.42142489484284473,2,64,,True,True,,272,87.6246207195492
187,2026-09-18T06:50:12.643+00:00,2026-09-18T06:53:58.273+00:00,2026-09-18T06:54:00.689+00:00,True,40,40.0,,40.0,225629.607508,228045.548116,228045.54830499997,5701.138707624999,36.800911,225629.607508,35665.3801332652,78.5961887,61.94719507692308,10.411956259190589,0.17540355569516836,2,64,,True,True,,171,87.6246207195492
188,2026-09-18T06:50:13.059+00:00,2026-09-18T06:54:00.105+00:00,2026-09-18T06:54:05.821+00:00,True,93,93.0,,93.0,227046.06900400002,232761.78074800002,232761.78079400002,2502.814847247312,34.755375,227046.06900400002,23537.140320499373,77.48305,62.127301565217394,9.800138197680472,0.3995501310444374,2,64,,True,True,,320,87.6246207195492
189,2026-09-18T06:50:13.520+00:00,2026-09-18T06:54:02.002+00:00,2026-09-18T06:54:07.539+00:00,True,89,89.0,,89.0,228481.93283399998,234018.59561799996,234018.59575799998,2629.422424247191,35.836813,228481.93283399998,24212.37006540296,91.80911379999999,62.916622545454544,11.651972971339545,0.3803116575627993,2,64,,True,True,,348,87.6246207195492
190,2026-09-18T06:50:13.968+00:00,2026-09-18T06:54:03.298+00:00,2026-09-18T06:54:08.964+00:00,True,91,91.0,,91.0,229330.15115400002,234995.92933,234995.92932500003,2582.372849725275,34.031407,229330.15115400002,24033.73612770972,93.44734,62.953090844444446,12.853629730196696,0.3872407503374688,2,64,,True,True,,401,87.6246207195492
191,2026-09-18T06:50:14.406+00:00,2026-09-18T06:54:04.932+00:00,2026-09-18T06:54:05.883+00:00,True,17,17.0,,17.0,230525.589352,231476.79088800002,231476.790642,13616.281802470588,37.041221,230525.589352,55896.24976267215,46158.18779519999,59.450096,8.631465612364412,0.07344148817159576,2,64,,True,True,,75,87.6246207195492
192,2026-09-18T06:50:14.728+00:00,2026-09-18T06:54:06.066+00:00,2026-09-18T06:54:10.836+00:00,True,76,76.0,,76.0,231337.216195,236107.216067,236107.21628499997,3106.673898486842,37.35461,231337.216195,26528.906691886208,93.47774450000001,63.599998293333336,13.718803960991892,0.32188766301167826,2,64,,True,True,,358,87.6246207195492
193,2026-09-18T06:50:15.190+00:00,2026-09-18T06:54:08.048+00:00,2026-09-18T06:54:08.906+00:00,True,14,14.0,,14.0,232858.88713299998,233716.42057299998,233716.420647,16694.030046214284,43.008489999999995,232858.88713299998,62216.52851432093,81582.28407164999,65.96411076923077,19.429722307552034,0.05990165331848037,2,64,,True,True,,49,87.6246207195492
194,2026-09-18T06:50:15.608+00:00,2026-09-18T06:54:09.362+00:00,2026-09-18T06:54:12.448+00:00,True,50,50.0,,50.0,233753.844146,236840.36677,236840.366817,4736.80733634,36.698222,233753.844146,33048.87956613113,91.51306255,62.990257632653055,11.815826294224989,0.21111266074231302,2,64,,True,True,,256,87.6246207195492
195,2026-09-18T06:50:16.113+00:00,2026-09-18T06:54:11.586+00:00,2026-09-18T06:54:16.862+00:00,True,86,86.0,,86.0,235472.581604,240748.7137,240748.71351600002,2799.4036455348837,36.108083,235472.581604,25384.97083197768,92.03247524999999,62.07214230588235,11.897450044658115,0.35721893869458293,2,64,,True,True,,346,87.6246207195492
197,2026-09-18T06:50:17.224+00:00,2026-09-18T06:54:12.970+00:00,2026-09-18T06:54:17.338+00:00,True,71,71.0,,71.0,235746.211321,240113.54930500002,240113.549195,3381.8809745774647,35.542763,235746.211321,27970.525818815255,92.4859165,62.39054262857143,11.313504034979584,0.29569343423354044,2,64,,True,True,,325,87.6246207195492
196,2026-09-18T06:50:17.214+00:00,2026-09-18T06:54:13.578+00:00,2026-09-18T06:54:16.371+00:00,True,47,47.0,,47.0,236363.75231600003,239157.34745200002,239157.34756600004,5088.4542035319155,38.863006999999996,236363.75231600003,34468.339392406895,70.0857596,60.73032904347826,8.803104015094572,0.19652333704459202,2,64,,True,True,,181,87.6246207195492
198,2026-09-18T06:50:17.433+00:00,2026-09-18T06:54:16.521+00:00,2026-09-18T06:54:16.741+00:00,True,4,4.0,,4.0,239087.933069,239307.73108499998,239307.731088,59826.932772,55.782126,239087.933069,119507.33482585984,203239.34303135,73.26600533333333,21.54329478938682,0.016714879965909816,2,64,,True,True,,7,87.6246207195492
199,2026-09-18T06:50:17.878+00:00,2026-09-18T06:54:18.755+00:00,2026-09-18T06:54:18.817+00:00,True,2,2.0,,2.0,240877.494787,240938.937603,240938.937662,120469.468831,61.442875,240877.494787,170282.66332554686,228836.6921914,61.442816,nan,0.008300858383029151,2,64,,True,True,,8,87.6246207195492
200,2026-09-18T06:50:18.246+00:00,2026-09-18T06:54:20.330+00:00,2026-09-18T06:54:26.424+00:00,True,99,99.0,,99.0,242083.606109,248177.587293,248177.58729999998,2506.844316161616,33.324467,242083.606109,24324.070107724285,73.73716470000001,62.18348146938776,9.722813091849675,0.39890789929841647,2,64,,True,True,,425,87.6246207195492
201,2026-09-18T06:50:18.684+00:00,2026-09-18T06:54:22.001+00:00,2026-09-18T06:54:23.730+00:00,True,29,29.0,,29.0,243316.691319,245046.172535,245046.172471,8449.86801624138,37.058261,243316.691319,45171.30746363488,100.6099634,61.76718628571428,13.9030354491561,0.11834504371153941,2,64,,True,True,,86,87.6246207195492
202,2026-09-18T06:50:19.123+00:00,2026-09-18T06:54:23.925+00:00,2026-09-18T06:54:27.305+00:00,True,55,55.0,,55.0,244801.393287,248181.80570300002,248181.80571800002,4512.3964676000005,39.853114999999995,244801.393287,33000.573363104275,80.8124739,62.60022992592592,9.129518637085903,0.22161173275457058,2,64,,True,True,,276,87.6246207195492
203,2026-09-18T06:50:19.607+00:00,2026-09-18T06:54:25.817+00:00,2026-09-18T06:54:26.548+00:00,True,13,13.0,,13.0,246210.12092699998,246940.66070299997,246940.660889,18995.435453,40.083295,246210.12092699998,68269.51691618524,98524.32037979999,60.87831466666666,7.027991684648743,0.05264422619989398,2,64,,True,True,,66,87.6246207195492
204,2026-09-18T06:50:20.151+00:00,2026-09-18T06:54:27.580+00:00,2026-09-18T06:54:33.228+00:00,True,90,90.0,,90.0,247428.86507,253076.254766,253076.254786,2811.9583865111113,37.094750999999995,247428.86507,26074.606409613734,91.87946495,63.45381680898876,11.739037532676537,0.35562403941537707,2,64,,True,True,,366,87.6246207195492
205,2026-09-18T06:50:20.548+00:00,2026-09-18T06:54:29.619+00:00,2026-09-18T06:54:34.888+00:00,True,86,86.0,,86.0,249070.819894,254340.52869399998,254340.528628,2957.4480073023255,34.362806,249070.819894,26851.313620271634,77.08145325000001,61.99657411764706,9.467620988974893,0.3381293592554712,2,64,,True,True,,418,87.6246207195492
206,2026-09-18T06:50:20.916+00:00,2026-09-18T06:54:30.787+00:00,2026-09-18T06:54:35.687+00:00,True,80,80.0,,80.0,249870.965666,254770.899874,254770.899692,3184.6362461500003,37.25283,249870.965666,27929.49002575817,75.46530440000001,62.024483645569624,8.680722008795238,0.3140076046344577,2,64,,True,True,,325,87.6246207195492
207,2026-09-18T06:50:21.231+00:00,2026-09-18T06:54:31.770+00:00,2026-09-18T06:54:31.892+00:00,True,3,3.0,,3.0,250538.355758,250660.774446,250660.77444799998,83553.59148266667,59.512097999999995,250538.355758,144613.0479173547,225490.8108414,61.209344,2.400316395144607,0.011968366437191758,2,64,,True,True,,12,87.6246207195492
208,2026-09-18T06:50:21.567+00:00,2026-09-18T06:54:33.013+00:00,2026-09-18T06:54:38.210+00:00,True,83,83.0,,83.0,251445.48652,256642.24172,256642.241631,3092.075200373494,36.300742,251445.48652,27592.77386853941,90.947346,63.37506341463415,11.650836494266004,0.32340739951357683,2,64,,True,True,,353,87.6246207195492
209,2026-09-18T06:50:21.870+00:00,2026-09-18T06:54:34.089+00:00,2026-09-18T06:54:35.439+00:00,True,23,23.0,,23.0,252219.41497299998,253569.16652499998,253569.16656599997,11024.746372434782,40.231415,252219.41497299998,52578.59161304825,93.48041239999999,61.352343272727275,10.146005828966224,0.0907050345087299,2,64,,True,True,,115,87.6246207195492
210,2026-09-18T06:50:22.288+00:00,2026-09-18T06:54:35.810+00:00,2026-09-18T06:54:38.087+00:00,True,36,36.0,,36.0,253522.064063,255799.482815,255799.482819,7105.541189416666,38.973448,253522.064063,42242.834860414034,104.01028249999999,65.0691072,14.350205091896969,0.1407352337222512,2,64,,True,True,,153,87.6246207195492
211,2026-09-18T06:50:22.644+00:00,2026-09-18T06:54:37.425+00:00,2026-09-18T06:54:40.102+00:00,True,43,43.0,,43.0,254780.938816,257457.992512,257457.992673,5987.3951784418605,35.691953,254780.938816,38844.01163534549,101.3681807,63.73937371428572,15.144155038198548,0.16701753781442927,2,64,,True,True,,184,87.6246207195492
212,2026-09-18T06:50:22.961+00:00,2026-09-18T06:54:38.498+00:00,2026-09-18T06:54:44.200+00:00,True,93,93.0,,93.0,255536.89555199997,261238.88671999998,261238.886847,2809.020288677419,35.945332,255536.89555199997,26491.516371040056,70.983981,61.97816486956522,9.013186148393407,0.3559960049120822,2,64,,True,True,,439,87.6246207195492
213,2026-09-18T06:50:23.292+00:00,2026-09-18T06:54:39.978+00:00,2026-09-18T06:54:45.050+00:00,True,84,84.0,,84.0,256686.48586000002,261758.074212,261758.07415600002,3116.1675494761907,36.210582,256686.48586000002,28000.125544705374,67.35163399999999,61.103474120481934,6.657806097233176,0.3209070064137457,2,64,,True,True,,245,87.6246207195492
214,2026-09-18T06:50:23.790+00:00,2026-09-18T06:54:41.577+00:00,2026-09-18T06:54:41.697+00:00,True,3,3.0,,3.0,257787.006786,257906.871106,257906.871072,85968.957024,57.345363,257787.006786,148798.79594507566,232014.55799970002,59.93216,3.658400780231712,0.011632105756372024,2,64,,True,True,,10,87.6246207195492
215,2026-09-18T06:50:24.228+00:00,2026-09-18T06:54:43.023+00:00,2026-09-18T06:54:46.728+00:00,True,62,62.0,,62.0,258795.10651699998,262500.493525,262500.493411,4233.87892598387,35.448464,258795.10651699998,32859.298194350915,71.27965375000001,60.74404931147541,9.324780576604935,0.23619003213072148,2,64,,True,True,,237,87.6246207195492
216,2026-09-18T06:50:24.562+00:00,2026-09-18T06:54:44.383+00:00,2026-09-18T06:54:45.112+00:00,True,13,13.0,,13.0,259821.474906,260550.59439399999,260550.59432099998,20042.353409307692,40.317983999999996,259821.474906,72044.66012926452,103968.55623,60.75995733333333,7.425337520810673,0.04989434021532736,2,64,,True,True,,54,87.6246207195492
217,2026-09-18T06:50:24.946+00:00,2026-09-18T06:54:45.449+00:00,2026-09-18T06:54:46.027+00:00,True,11,11.0,,11.0,260502.069302,261080.623414,261080.623199,23734.602109,41.218743,260502.069302,78526.88557525442,130284.2901135,57.855411200000006,8.871960184680281,0.04213257903309474,2,64,,True,True,,73,87.6246207195492
218,2026-09-18T06:50:25.488+00:00,2026-09-18T06:54:47.236+00:00,2026-09-18T06:54:51.376+00:00,True,70,70.0,,70.0,261747.90220500002,265888.17177300004,265888.171844,3798.402454914286,35.13298399999999,261747.90220500002,31277.688192818667,81.32880739999999,60.003906782608695,11.030034687437906,0.263268574653866,2,64,,True,True,,340,87.6246207195492
219,2026-09-18T06:50:26.002+00:00,2026-09-18T06:54:49.243+00:00,2026-09-18T06:54:53.888+00:00,True,78,78.0,,78.0,263241.52566499996,267886.644385,267886.64450799994,3434.444160358974,35.567293,263241.52566499996,29799.4047327306,71.79359685,60.32621714285714,10.816464655838997,0.29116793104437244,2,64,,True,True,,354,87.6246207195492
220,2026-09-18T06:50:26.373+00:00,2026-09-18T06:54:50.865+00:00,2026-09-18T06:54:52.011+00:00,True,20,20.0,,20.0,264492.016563,265637.935283,265637.93511799996,13281.8967559,37.594229,264492.016563,59128.72793017534,13314.00903695,60.31151157894737,11.919283232822863,0.07529045118760166,2,64,,True,True,,73,87.6246207195492
221,2026-09-18T06:50:26.905+00:00,2026-09-18T06:54:52.788+00:00,2026-09-18T06:54:52.788+00:00,True,1,1.0,,1.0,265883.076805,265883.076805,265883.076805,265883.076805,265883.076805,265883.076805,nan,265883.076805,nan,nan,0.0037610517074518623,2,64,,True,True,,2,87.6246207195492
222,2026-09-18T06:50:27.344+00:00,2026-09-18T06:54:54.234+00:00,2026-09-18T06:54:59.095+00:00,True,78,78.0,,78.0,266890.365936,271751.132912,271751.132989,3483.988884474359,33.998625999999994,266890.365936,30212.23848456685,95.2135993,63.12684384415584,13.538168729352344,0.2870273222568621,2,64,,True,True,,359,87.6246207195492
223,2026-09-18T06:50:27.702+00:00,2026-09-18T06:54:55.450+00:00,2026-09-18T06:54:59.056+00:00,True,57,57.0,,57.0,267747.430432,271353.411872,271353.411784,4760.586171649124,34.032826,267747.430432,35455.48691122245,95.58521280000001,64.39252571428571,13.154217070018138,0.21005816586852954,2,64,,True,True,,118,87.6246207195492
224,2026-09-18T06:50:28.226+00:00,2026-09-18T06:54:57.592+00:00,2026-09-18T06:54:57.933+00:00,True,6,6.0,,6.0,269366.946014,269707.217886,269707.218006,44951.203000999994,53.032851,269366.946014,109940.81369478567,202051.1996765,68.0543744,20.765710424059293,0.022246345674501313,2,64,,True,True,,19,87.6246207195492
225,2026-09-18T06:50:28.608+00:00,2026-09-18T06:54:59.289+00:00,2026-09-18T06:55:04.465+00:00,True,82,82.0,,82.0,270681.109097,275857.49540099996,275857.495556,3364.1157994634145,35.618593000000004,270681.109097,29884.673211006466,96.19099084999999,63.90600375308642,12.279170228454175,0.29725492824039745,2,64,,True,True,,405,87.6246207195492
226,2026-09-18T06:50:29.049+00:00,2026-09-18T06:55:01.057+00:00,2026-09-18T06:55:01.973+00:00,True,15,15.0,,15.0,272008.67125300004,272924.57858100004,272924.578404,18194.971893600003,41.794932,272008.67125300004,70215.44591074402,81668.62258500002,65.421952,11.429083645701462,0.054960238751630856,2,64,,True,True,,60,87.6246207195492
227,2026-09-18T06:50:29.425+00:00,2026-09-18T06:55:02.261+00:00,2026-09-18T06:55:07.083+00:00,True,78,78.0,,78.0,272835.87050900003,277657.699885,277657.699884,3559.7141010769233,38.285078,272835.87050900003,30885.490968580856,92.62963555,62.62116072727272,12.235139099275536,0.2809214368350165,2,64,,True,True,,250,87.6246207195492
228,2026-09-18T06:50:29.746+00:00,2026-09-18T06:55:03.297+00:00,2026-09-18T06:55:06.371+00:00,True,49,49.0,,49.0,273551.21469700005,276625.022057,276625.02184000006,5645.408608979593,37.26861,273551.21469700005,39069.598776443025,93.3243044,64.03765333333334,12.806827127880346,0.17713509658538154,2,64,,True,True,,244,87.6246207195492
229,2026-09-18T06:50:30.099+00:00,2026-09-18T06:55:04.574+00:00,2026-09-18T06:55:09.251+00:00,True,75,75.0,,75.0,274474.623144,279151.916968,279151.916859,3722.0255581200004,37.666050000000006,274474.623144,31686.303257857864,93.95832569999999,63.2066732972973,11.953073309483038,0.2686709115760701,2,64,,True,True,,337,87.6246207195492
230,2026-09-18T06:50:30.570+00:00,2026-09-18T06:55:06.808+00:00,2026-09-18T06:55:12.598+00:00,True,95,95.0,,95.0,276237.364543,282027.509311,282027.50918,2968.7106229473684,36.283682,276237.364543,28335.038422983354,94.16361780000001,61.59728476595745,12.121354194674991,0.3368465729888807,2,64,,True,True,,387,87.6246207195492
231,2026-09-18T06:50:31.001+00:00,2026-09-18T06:55:08.411+00:00,2026-09-18T06:55:13.004+00:00,True,76,76.0,,76.0,277410.330958,282002.931534,282002.931553,3710.564888855263,35.341564,277410.330958,31814.125086644515,88.93282874999998,61.234674346666665,10.93895013109779,0.2695007445014343,2,64,,True,True,,313,87.6246207195492
232,2026-09-18T06:50:31.555+00:00,2026-09-18T06:55:10.441+00:00,2026-09-18T06:55:11.136+00:00,True,12,12.0,,12.0,278886.34725199995,279581.52318799996,279581.52307799994,23298.460256499995,56.970043,278886.34725199995,80489.3102668253,125537.07987189999,63.197812363636366,3.5533501731189756,0.042921291304113825,2,64,,True,True,,49,87.6246207195492
233,2026-09-18T06:50:32.003+00:00,2026-09-18T06:55:12.245+00:00,2026-09-18T06:55:14.464+00:00,True,37,37.0,,37.0,280241.927365,282461.434053,282461.434182,7634.09281572973,31.648490000000002,280241.927365,46061.35485199337,89.4758162,61.65296355555555,11.834358569139935,0.13099133382243416,2,64,,True,True,,123,87.6246207195492
234,2026-09-18T06:50:32.435+00:00,2026-09-18T06:55:13.171+00:00,2026-09-18T06:55:17.623+00:00,True,73,73.0,,73.0,280735.801975,285188.350071,285188.35005300003,3906.6897267534246,36.42366199999999,280735.801975,32850.404207437015,84.20446240000001,61.840945777777776,11.01320683681677,0.25597118529500257,2,64,,True,True,,360,87.6246207195492
235,2026-09-18T06:50:32.876+00:00,2026-09-18T06:55:14.769+00:00,2026-09-18T06:55:17.854+00:00,True,51,51.0,,51.0,281892.95348,284977.38816800003,284977.388064,5587.79192282353,37.877099,281892.95348,39464.27214326343,84.6930115,61.68869376,10.729201368989035,0.17896156718909378,2,64,,True,True,,265,87.6246207195492
236,2026-09-18T06:50:33.235+00:00,2026-09-18T06:55:16.506+00:00,2026-09-18T06:55:17.686+00:00,True,20,20.0,,20.0,283270.776725,284450.475925,284450.475982,14222.5237991,38.273248,283270.776725,63327.38847305554,14251.2194634,62.08943157894736,10.425940106285744,0.07031100909556336,2,64,,True,True,,70,87.6246207195492
237,2026-09-18T06:50:33.637+00:00,2026-09-18T06:55:18.022+00:00,2026-09-18T06:55:18.086+00:00,True,2,2.0,,2.0,284385.797981,284449.070685,284449.07087199995,142224.53543599998,63.272891,284385.797981,201046.38553522128,270169.6717265,63.272704,nan,0.00703113564471725,2,64,,True,True,,7,87.6246207195492
238,2026-09-18T06:50:34.718+00:00,2026-09-18T06:55:18.457+00:00,2026-09-18T06:55:19.779+00:00,True,22,22.0,,22.0,283738.66334100004,285060.722605,285060.722461,12957.305566409093,39.603566,283738.66334100004,60479.865219059655,91.82286034999998,62.955203047619044,11.436994337992541,0.07717653908597127,2,64,,True,True,,108,87.6246207195492
239,2026-09-18T06:50:34.759+00:00,2026-09-18T06:55:18.888+00:00,2026-09-18T06:55:20.958+00:00,True,34,34.0,,34.0,284129.40763800003,286199.20706200006,286199.20710400003,8417.623738352942,39.461196,284129.40763800003,48717.035765725195,92.43368615,62.72119466666666,9.794683750115603,0.11879837246591145,2,64,,True,True,,201,87.6246207195492
240,2026-09-18T06:50:34.971+00:00,2026-09-18T06:55:22.460+00:00,2026-09-18T06:55:28.011+00:00,True,90,90.0,,90.0,287488.51835900004,293040.052695,293040.05252300005,3256.000583588889,34.554894999999995,287488.51835900004,30297.37747028489,88.68075789999999,62.37679029213483,10.853986390057464,0.3071252518974708,2,64,,True,True,,450,87.6246207195492
241,2026-09-18T06:50:35.447+00:00,2026-09-18T06:55:25.099+00:00,2026-09-18T06:55:27.723+00:00,True,43,43.0,,43.0,289651.821084,292276.117788,292276.117892,6797.119020744186,41.396332,289651.821084,44161.96092842802,90.259647,62.48325485714286,9.154751522289391,0.14712115490458816,2,64,,True,True,,217,87.6246207195492
242,2026-09-18T06:50:35.767+00:00,2026-09-18T06:55:26.341+00:00,2026-09-18T06:55:30.421+00:00,True,67,67.0,,67.0,290573.428655,294653.390767,294653.390931,4397.811804940298,35.425603,290573.428655,35491.64427258082,93.2589269,61.81760775757576,12.5124407170411,0.2273858102416371,2,64,,True,True,,287,87.6246207195492
243,2026-09-18T06:50:36.228+00:00,2026-09-18T06:55:27.783+00:00,2026-09-18T06:55:30.223+00:00,True,41,41.0,,41.0,291555.03472000005,293995.1737280001,293995.173851,7170.613996365855,37.738789,291555.03472000005,45523.721543028514,92.176867,61.003475200000004,14.056672523902593,0.1394580716414501,2,64,,True,True,,168,87.6246207195492
244,2026-09-18T06:50:36.655+00:00,2026-09-18T06:55:29.701+00:00,2026-09-18T06:55:31.631+00:00,True,31,31.0,,31.0,293046.098399,294976.01251100004,294976.012378,9515.355238,55.791495000000005,293046.098399,52621.079496435275,89.6594865,64.3304704,7.936014426070981,0.10509329126836703,2,64,,True,True,,139,87.6246207195492
245,2026-09-18T06:50:37.056+00:00,2026-09-18T06:55:30.916+00:00,2026-09-18T06:55:32.714+00:00,True,29,29.0,,29.0,293860.33617900003,295657.80101100006,295657.80101700005,10195.096586793105,57.895771999999994,293860.33617900003,54556.574345965986,91.8873656,64.19517257142857,8.147911075265636,0.09808636843281211,2,64,,True,True,,148,87.6246207195492
246,2026-09-18T06:50:37.365+00:00,2026-09-18T06:55:32.154+00:00,2026-09-18T06:55:32.986+00:00,True,15,15.0,,15.0,294788.782327,295620.261367,295620.261358,19708.017423866666,38.722358,294788.782327,76098.80195693884,88484.6045865,59.39136,8.426695328564044,0.05074077105079796,2,64,,True,True,,60,87.6246207195492
247,2026-09-18T06:50:37.734+00:00,2026-09-18T06:55:33.389+00:00,2026-09-18T06:55:34.773+00:00,True,23,23.0,,23.0,295654.21687199996,297038.440104,297038.44015499996,12914.714789347825,43.642868,295654.21687199996,61635.04674289193,85.1167612,62.91923781818182,8.16953606628675,0.07743105569752916,2,64,,True,True,,91,87.6246207195492
248,2026-09-18T06:50:38.147+00:00,2026-09-18T06:55:35.085+00:00,2026-09-18T06:55:38.214+00:00,False,50,49.0,,49.0,296938.29774,300067.23265200004,300067.232761,6001.34465522,0.03595,296938.29774,41984.38901187714,96.30325135,63.85581453061224,15.500322796927783,0.16329673709100806,2,64,,True,False,Request timeout: 300.0s exceeded,255,87.6246207195492
249,2026-09-18T06:50:38.611+00:00,2026-09-18T06:55:36.988+00:00,2026-09-18T06:55:38.650+00:00,False,28,27.0,,27.0,298376.368148,300038.62529999996,300038.62517099996,10715.66518467857,0.03602,298376.368148,56376.20091208292,95.33574440000001,61.5650797037037,16.212756659055472,0.08998841390172174,2,64,,True,False,Request timeout: 300.0s exceeded,134,87.6246207195492
250,2026-09-18T06:50:38.955+00:00,2026-09-18T06:55:38.400+00:00,2026-09-18T06:55:39.015+00:00,False,12,11.0,,11.0,299444.68712300004,300059.913491,300059.91355900007,25004.992796583338,0.02431,299444.68712300004,86426.09169873733,134785.75042525004,55.92966981818182,18.737606929999263,0.03665934536880393,2,64,,True,False,Request timeout: 300.0s exceeded,33,87.6246207195492
251,2026-09-18T06:50:39.485+00:00,2026-09-18T06:55:39.573+00:00,2026-09-18T06:55:39.573+00:00,False,1,0.0,,0.0,300087.71046100004,300087.71046100004,300087.71046100004,300087.71046100004,300087.71046100004,300087.71046100004,nan,300087.71046100004,nan,nan,0.0,2,64,,True,False,TTFT timeout: 300.0s exceeded (TTFT: 300.069s),0,87.6246207195492
252,2026-09-18T06:50:39.989+00:00,2026-09-18T06:55:39.987+00:00,2026-09-18T06:55:40.055+00:00,True,2,2.0,,2.0,299997.710617,300065.369625,300065.36987,150032.684935,67.65925299999999,299997.710617,212082.5732011139,285001.2080488,67.659008,nan,0.006665214324796811,2,64,,True,True,,5,87.6246207195492
253,2026-09-18T06:50:40.470+00:00,2026-09-18T06:55:40.387+00:00,2026-09-18T06:55:40.520+00:00,False,4,3.0,,3.0,299917.628085,300049.931957,300049.931977,75012.48299425,0.019289999999999998,299917.628085,149936.7666736544,254940.53948445,44.101290666666664,38.409674318699516,0.009998335878409492,2,64,,True,False,Request timeout: 300.0s exceeded,8,87.6246207195492
254,2026-09-18T06:50:40.978+00:00,2026-09-18T06:55:41.079+00:00,2026-09-18T06:55:41.079+00:00,False,1,0.0,,0.0,300100.42460900004,300100.42460900004,300100.42460900004,300100.42460900004,300100.42460900004,300100.42460900004,nan,300100.42460900004,nan,nan,0.0,2,64,,True,False,TTFT timeout: 300.0s exceeded (TTFT: 300.087s),0,87.6246207195492
255,2026-09-18T06:50:41.336+00:00,2026-09-18T06:55:41.409+00:00,2026-09-18T06:55:41.409+00:00,False,1,0.0,,0.0,300073.329201,300073.329201,300073.329201,300073.329201,300073.329201,300073.329201,nan,300073.329201,nan,nan,0.0,2,64,,True,False,TTFT timeout: 300.0s exceeded (TTFT: 300.051s),0,87.6246207195492
256,2026-09-18T06:50:41.827+00:00,2026-09-18T06:55:41.835+00:00,2026-09-18T06:55:41.894+00:00,False,3,2.0,,2.0,300007.674541,300066.868909,300066.869059,100022.28968633333,0.039429,300007.674541,173192.42619198788,270012.8225958,29.597184,41.80098506536897,0.006665181022055892,2,64,,True,False,Request timeout: 300.0s exceeded,3,87.6246207195492
257,2026-09-18T06:50:42.259+00:00,2026-09-18T06:55:42.316+00:00,2026-09-18T06:55:42.316+00:00,False,1,0.0,,0.0,300057.89266500005,300057.89266500005,300057.89266500005,300057.89266500005,300057.89266500005,300057.89266500005,nan,300057.89266500005,nan,nan,0.0,2,64,,True,False,"HTTPConnectionPool(host='gpu03', port=9002): Read timed out.",0,87.6246207195492
258,2026-09-18T06:50:42.677+00:00,2026-09-18T06:55:42.747+00:00,2026-09-18T06:55:42.747+00:00,False,1,0.0,,0.0,300069.157243,300069.157243,300069.157243,300069.157243,300069.157243,300069.157243,nan,300069.157243,nan,nan,0.0,2,64,,True,False,TTFT timeout: 300.0s exceeded (TTFT: 300.050s),0,87.6246207195492
259,2026-09-18T06:50:43.004+00:00,2026-09-18T06:55:42.890+00:00,2026-09-18T06:55:43.053+00:00,False,4,3.0,,3.0,299885.804028,300049.2439,300049.24387199996,75012.31096799999,0.03549,299885.804028,149915.6671159944,254916.34835775,54.47995733333334,47.77976431187033,0.009998358806062634,2,64,,True,False,Request timeout: 300.0s exceeded,10,87.6246207195492
260,2026-09-18T06:50:43.410+00:00,2026-09-18T06:55:43.269+00:00,2026-09-18T06:55:43.451+00:00,False,6,5.0,,5.0,299858.927789,300041.283245,300041.28331699996,50006.88055283333,0.07089,299858.927789,122402.00709972698,224910.15159174998,36.471091200000004,22.915465056527115,0.016664373468624413,2,64,,True,False,Request timeout: 300.0s exceeded,15,87.6246207195492
261,2026-09-18T06:50:43.779+00:00,2026-09-18T06:55:43.838+00:00,2026-09-18T06:55:43.838+00:00,False,1,0.0,,0.0,300059.589844,300059.589844,300059.589844,300059.589844,300059.589844,300059.589844,nan,300059.589844,nan,nan,0.0,2,64,,True,False,"HTTPConnectionPool(host='gpu03', port=9002): Read timed out.",0,87.6246207195492
262,2026-09-18T06:50:44.218+00:00,2026-09-18T06:55:44.230+00:00,2026-09-18T06:55:44.230+00:00,False,1,0.0,,0.0,300012.559011,300012.559011,300012.559011,300012.559011,300012.559011,300012.559011,nan,300012.559011,nan,nan,0.0,2,64,,True,False,"HTTPConnectionPool(host='gpu03', port=9002): Read timed out.",0,87.6246207195492
263,2026-09-18T06:50:44.607+00:00,2026-09-18T06:55:44.424+00:00,2026-09-18T06:55:45.316+00:00,True,16,16.0,,16.0,299817.143268,300709.352932,300709.352893,18794.3345558125,38.209219,299817.143268,74939.41647859298,75012.08607825,59.480644266666665,11.489196470271013,0.05320752362371021,2,64,,True,True,,52,87.6246207195492
264,2026-09-18T06:50:45.037+00:00,2026-09-18T06:55:45.317+00:00,2026-09-18T06:55:45.859+00:00,False,10,9.0,,9.0,300280.56726599997,300822.51235399995,300822.51239,30082.251238999997,0.024120000000000003,300280.56726599997,94938.01449017874,165194.45671365,60.21612088888889,27.483318929538463,0.029917973656868598,2,64,,True,False,Request timeout: 300.0s exceeded,36,87.6246207195492
265,2026-09-18T06:50:45.436+00:00,2026-09-18T06:55:45.816+00:00,2026-09-18T06:55:45.908+00:00,False,4,3.0,,3.0,300380.18751,300471.35781400005,300471.357579,75117.83939475,0.022,300380.18751,150174.90030516993,255330.51311370003,30.390101333333334,26.524969894117906,0.009984312720605742,2,64,,True,False,Request timeout: 300.0s exceeded,11,87.6246207195492
266,2026-09-18T06:50:45.947+00:00,2026-09-18T06:55:45.990+00:00,2026-09-18T06:55:45.990+00:00,False,1,0.0,,0.0,300042.487001,300042.487001,300042.487001,300042.487001,300042.487001,300042.487001,nan,300042.487001,nan,nan,0.0,2,64,,True,False,"HTTPConnectionPool(host='gpu03', port=9002): Read timed out.",0,87.6246207195492
267,2026-09-18T06:50:46.414+00:00,2026-09-18T06:55:46.712+00:00,2026-09-18T06:55:46.712+00:00,False,1,0.0,,0.0,300298.873948,300298.873948,300298.873948,300298.873948,300298.873948,300298.873948,nan,300298.873948,nan,nan,0.0,2,64,,True,False,"HTTPConnectionPool(host='gpu03', port=9002): Read timed out.",0,87.6246207195492
268,2026-09-18T06:50:46.822+00:00,2026-09-18T06:55:46.930+00:00,2026-09-18T06:55:46.930+00:00,False,1,0.0,,0.0,300108.558444,300108.558444,300108.558444,300108.558444,300108.558444,300108.558444,nan,300108.558444,nan,nan,0.0,2,64,,True,False,"HTTPConnectionPool(host='gpu03', port=9002): Read timed out.",0,87.6246207195492
269,2026-09-18T06:50:47.180+00:00,2026-09-18T06:55:47.106+00:00,2026-09-18T06:55:47.287+00:00,False,3,2.0,,2.0,299926.747066,300107.328186,300107.328167,100035.77605566668,0.02453,299926.747066,173110.68241603376,269952.12801650004,90.29056,127.6553787937528,0.006664282448845912,2,64,,True,False,Request timeout: 300.0s exceeded,3,87.6246207195492
270,2026-09-18T06:50:47.699+00:00,2026-09-18T06:55:47.353+00:00,2026-09-18T06:55:47.733+00:00,False,9,8.0,,8.0,299653.322926,300034.10654199996,300034.10661099997,33337.12295677778,0.056829,299653.322926,99868.57702458193,179817.37647599998,47.597952,21.558950204503372,0.026663635318673773,2,64,,True,False,Request timeout: 300.0s exceeded,43,87.6246207195492
271,2026-09-18T06:50:48.190+00:00,2026-09-18T06:55:48.297+00:00,2026-09-18T06:55:48.297+00:00,False,1,0.0,,0.0,300106.82812300004,300106.82812300004,300106.82812300004,300106.82812300004,300106.82812300004,300106.82812300004,nan,300106.82812300004,nan,nan,0.0,2,64,,True,False,"HTTPConnectionPool(host='gpu03', port=9002): Read timed out.",0,87.6246207195492
272,2026-09-18T06:50:48.659+00:00,2026-09-18T06:55:48.656+00:00,2026-09-18T06:55:48.745+00:00,False,3,2.0,,2.0,299996.941497,300086.18591299996,300086.185719,100028.728573,0.03525,299996.941497,173177.5580812994,270006.16824449995,44.622208,63.055370399901705,0.006664751974220612,2,64,,True,False,Request timeout: 300.0s exceeded,17,87.6246207195492
273,2026-09-18T06:50:48.977+00:00,2026-09-18T06:55:48.816+00:00,2026-09-18T06:55:49.046+00:00,False,5,4.0,,4.0,299838.410347,300068.833643,300068.833654,60013.7667308,0.027800000000000002,299838.410347,134066.05572762838,239888.16378079998,57.605824,39.10002812259599,0.013330274762086449,2,64,,True,False,Request timeout: 300.0s exceeded,13,87.6246207195492
274,2026-09-18T06:50:49.286+00:00,2026-09-18T06:55:49.298+00:00,2026-09-18T06:55:49.298+00:00,False,1,0.0,,0.0,300011.36503399996,300011.36503399996,300011.36503399996,300011.36503399996,300011.36503399996,300011.36503399996,nan,300011.36503399996,nan,nan,0.0,2,64,,True,False,TTFT timeout: 300.0s exceeded (TTFT: 300.004s),0,87.6246207195492
275,2026-09-18T06:50:49.741+00:00,2026-09-18T06:55:49.829+00:00,2026-09-18T06:55:49.829+00:00,False,1,0.0,,0.0,300088.290179,300088.290179,300088.290179,300088.290179,300088.290179,300088.290179,nan,300088.290179,nan,nan,0.0,2,64,,True,False,"HTTPConnectionPool(host='gpu03', port=9002): Read timed out.",0,87.6246207195492
276,2026-09-18T06:50:50.096+00:00,2026-09-18T06:55:50.022+00:00,2026-09-18T06:55:50.166+00:00,False,4,3.0,,3.0,299926.212683,300070.245707,300070.245593,75017.56139825,0.036659,299926.212683,149939.1046942712,254948.13762080003,48.011008,41.548572515064244,0.009997659024578245,2,64,,True,False,Request timeout: 300.0s exceeded,12,87.6246207195492
277,2026-09-18T06:50:50.434+00:00,2026-09-18T06:55:50.309+00:00,2026-09-18T06:55:50.453+00:00,False,4,3.0,,3.0,299874.939481,300019.053657,300019.053671,75004.76341775,0.0229,299874.939481,149913.4545566827,254904.6854818,48.038058666666664,41.59977379804757,0.00999936491843542,2,64,,True,False,Request timeout: 300.0s exceeded,19,87.6246207195492
278,2026-09-18T06:50:50.860+00:00,2026-09-18T06:55:50.926+00:00,2026-09-18T06:55:50.926+00:00,False,1,0.0,,0.0,300065.81021200004,300065.81021200004,300065.81021200004,300065.81021200004,300065.81021200004,300065.81021200004,nan,300065.81021200004,nan,nan,0.0,2,64,,True,False,"HTTPConnectionPool(host='gpu03', port=9002): Read timed out.",0,87.6246207195492
279,2026-09-18T06:50:51.162+00:00,2026-09-18T06:55:51.214+00:00,2026-09-18T06:55:51.214+00:00,False,1,0.0,,0.0,300051.92192,300051.92192,300051.92192,300051.92192,300051.92192,300051.92192,nan,300051.92192,nan,nan,0.0,2,64,,True,False,TTFT timeout: 300.0s exceeded (TTFT: 300.040s),0,87.6246207195492
280,2026-09-18T06:50:51.694+00:00,2026-09-18T06:55:51.680+00:00,2026-09-18T06:55:51.737+00:00,False,3,2.0,,2.0,299986.634129,300043.94971300004,300043.949602,100014.64986733334,0.023260000000000003,299986.634129,173180.82078306028,269993.6999374,28.657792,40.49529259491814,0.006665690149436618,2,64,,True,False,Request timeout: 300.0s exceeded,7,87.6246207195492
281,2026-09-18T06:50:52.210+00:00,2026-09-18T06:55:52.314+00:00,2026-09-18T06:55:52.314+00:00,False,1,0.0,,0.0,300104.669225,300104.669225,300104.669225,300104.669225,300104.669225,300104.669225,nan,300104.669225,nan,nan,0.0,2,64,,True,False,"HTTPConnectionPool(host='gpu03', port=9002): Read timed out.",0,87.6246207195492
282,2026-09-18T06:50:52.561+00:00,2026-09-18T06:55:52.591+00:00,2026-09-18T06:55:52.591+00:00,False,1,0.0,,0.0,300030.60244499997,300030.60244499997,300030.60244499997,300030.60244499997,300030.60244499997,300030.60244499997,nan,300030.60244499997,nan,nan,0.0,2,64,,True,False,"HTTPConnectionPool(host='gpu03', port=9002): Read timed out.",0,87.6246207195492
283,2026-09-18T06:50:52.927+00:00,2026-09-18T06:55:52.819+00:00,2026-09-18T06:55:52.965+00:00,False,5,4.0,,4.0,299891.543356,300037.537596,300037.537732,60007.5075464,0.040259,299891.543356,134099.255050765,239927.43463019998,36.49856,29.013297489420996,0.013331665204458493,2,64,,True,False,Request timeout: 300.0s exceeded,12,87.6246207195492
0,2026-09-18T06:48:53.127+00:00,2026-09-18T06:48:53.322+00:00,2026-09-18T06:48:53.479+00:00,True,4,4.0,,4.0,194.799818,352.41594599999996,352.415824,88.103956,28.950146,194.799818,77.06965692189692,179.73714439999995,52.53870933333334,36.335432889028716,11.350224203532493,3,64,,False,True,,10,87.6246207195492
1,2026-09-18T06:48:53.484+00:00,2026-09-18T06:48:53.604+00:00,2026-09-18T06:48:54.768+00:00,True,22,22.0,,22.0,120.228347,1284.252155,1284.251934,58.37508790909091,13.027626,120.228347,20.366691937684138,81.749506,55.429705142857145,15.334319118775486,17.130592239496767,3,64,,False,True,,70,87.6246207195492
2,2026-09-18T06:48:53.988+00:00,2026-09-18T06:48:54.665+00:00,2026-09-18T06:48:56.942+00:00,True,39,39.0,,39.0,676.698642,2953.5221939999997,2953.522042,75.73133441025641,35.360624,676.698642,99.15345460138954,72.8056509,59.916409263157895,8.895084712293984,13.204573197122894,3,64,,False,True,,175,87.6246207195492
3,2026-09-18T06:48:54.382+00:00,2026-09-18T06:48:57.190+00:00,2026-09-18T06:48:59.572+00:00,True,40,40.0,,40.0,2808.240612,5190.289124,5190.289176,129.7572294,38.757598,2808.240612,434.414020161272,69.45830950000001,61.07816697435898,6.643449557206713,7.70669977035368,3,64,,False,True,,170,87.6246207195492
4,2026-09-18T06:48:54.779+00:00,2026-09-18T06:48:58.418+00:00,2026-09-18T06:49:03.266+00:00,True,82,82.0,,82.0,3639.603037,8486.767197000001,8486.767018999999,103.49715876829268,0.0,3639.603037,395.56729771252617,69.26870754999999,59.84153283950617,14.114142577928094,9.662100785442341,3,64,,False,True,,451,87.6246207195492
5,2026-09-18T06:48:55.151+00:00,2026-09-18T06:48:59.387+00:00,2026-09-18T06:49:03.134+00:00,True,64,64.0,,64.0,4235.896758999999,7982.625719,7982.625547,124.728524171875,0.0,4235.896758999999,522.2987015707378,68.62222849999999,59.47188825396825,16.143762317313605,8.017412096331809,3,64,,False,True,,374,87.6246207195492
6,2026-09-18T06:48:55.443+00:00,2026-09-18T06:49:00.529+00:00,2026-09-18T06:49:06.299+00:00,True,98,98.0,,98.0,5086.265329,10855.494897,10855.494928,110.77035640816327,0.0,5086.265329,508.0616825179687,66.54504455,59.47659348453608,16.93285383191797,9.027686064048822,3,64,,False,True,,443,87.6246207195492
7,2026-09-18T06:48:55.799+00:00,2026-09-18T06:49:01.913+00:00,2026-09-18T06:49:05.548+00:00,True,63,63.0,,63.0,6114.178569,9748.229641,9748.229726,154.73380517460316,0.0,6114.178569,763.1881768577247,69.5108181,58.61372696774194,20.03268771703635,6.462711930280018,3,64,,False,True,,304,87.6246207195492
8,2026-09-18T06:48:56.152+00:00,2026-09-18T06:49:03.265+00:00,2026-09-18T06:49:05.197+00:00,True,34,34.0,,34.0,7113.461941,9045.463477,9045.463480999999,266.0430435588235,39.273097,7113.461941,1209.9351426467824,66.23665294999999,58.54550109090909,8.201519726132181,3.7587902583933013,3,64,,False,True,,139,87.6246207195492
9,2026-09-18T06:48:56.623+00:00,2026-09-18T06:49:05.072+00:00,2026-09-18T06:49:07.355+00:00,True,38,38.0,,38.0,8448.659751000001,10732.022567,10732.022808000002,282.4216528421053,5.28922,8448.659751000001,1360.695054923436,84.16823405,61.71250854054054,20.656010772674747,3.5408050777722524,3,64,,False,True,,99,87.6246207195492
10,2026-09-18T06:48:56.972+00:00,2026-09-18T06:49:06.431+00:00,2026-09-18T06:49:07.900+00:00,True,22,22.0,,22.0,9458.472334,10927.564942,10927.564984,496.70749927272726,0.03607,9458.472334,2002.352496142044,289.7201974,69.95679085714285,54.79844102065014,2.013257310001718,3,64,,False,True,,98,87.6246207195492
11,2026-09-18T06:48:57.434+00:00,2026-09-18T06:49:07.937+00:00,2026-09-18T06:49:09.539+00:00,True,29,29.0,,29.0,10503.276352,12105.05248,12105.052556,417.41560537931036,0.0,10503.276352,1940.0184410182035,141.67111880000002,57.20629028571428,30.547750563029663,2.3956938681524824,3,64,,False,True,,119,87.6246207195492
12,2026-09-18T06:48:57.758+00:00,2026-09-18T06:49:09.153+00:00,2026-09-18T06:49:12.990+00:00,True,65,65.0,,65.0,11394.815145999999,15232.499882,15232.500004,234.3461539076923,0.0,11394.815145999999,1406.099279799505,70.1413576,59.963824,22.92679621806673,4.267191892567119,3,64,,False,True,,284,87.6246207195492
13,2026-09-18T06:48:58.239+00:00,2026-09-18T06:49:11.030+00:00,2026-09-18T06:49:14.726+00:00,True,64,64.0,,64.0,12790.800722,16486.819154,16486.819233,257.606550515625,0.0,12790.800722,1591.7215416911604,68.58239214999999,58.66695923809524,25.73928228552592,3.881888883609938,3,64,,False,True,,263,87.6246207195492
14,2026-09-18T06:48:58.629+00:00,2026-09-18T06:49:12.627+00:00,2026-09-18T06:49:15.388+00:00,True,47,47.0,,47.0,13998.243088,16759.3828,16759.382767,356.5826120638298,0.0,13998.243088,2033.3178267671842,69.8354743,60.024776347826084,30.22207364203355,2.804399216897176,3,64,,False,True,,181,87.6246207195492
15,2026-09-18T06:48:59.003+00:00,2026-09-18T06:49:13.980+00:00,2026-09-18T06:49:19.033+00:00,True,86,86.0,,86.0,14976.765209000001,20030.062873000003,20030.062899,232.907708127907,0.0,14976.765209000001,1608.8445726583523,68.40680575,59.45056075294118,29.6028273333188,4.293546183318562,3,64,,False,True,,305,87.6246207195492
16,2026-09-18T06:48:59.391+00:00,2026-09-18T06:49:15.261+00:00,2026-09-18T06:49:20.758+00:00,True,92,92.0,,92.0,15870.364528999999,21367.494768999997,21367.494614,232.2553762391304,0.0,15870.364528999999,1648.8225378324332,70.20061555000001,60.40802461538462,41.661171686906,4.305605359664053,3,64,,False,True,,423,87.6246207195492
17,2026-09-18T06:48:59.787+00:00,2026-09-18T06:49:16.952+00:00,2026-09-18T06:49:21.630+00:00,True,76,76.0,,76.0,17165.610862,21842.960238,21842.96024,287.4073715789474,0.0,17165.610862,1962.6477804935103,93.17166149999998,62.364658346666666,55.37386951439674,3.4793818773603538,3,64,,False,True,,334,87.6246207195492
18,2026-09-18T06:49:00.141+00:00,2026-09-18T06:49:18.059+00:00,2026-09-18T06:49:18.848+00:00,True,14,14.0,,14.0,17918.727023,18707.377775,18707.377597,1336.2412569285714,41.464743000000006,17918.727023,4772.771752124182,6315.66535215,60.66544246153846,6.457402550988137,0.748367845476943,3,64,,False,True,,23,87.6246207195492
19,2026-09-18T06:49:00.477+00:00,2026-09-18T06:49:19.220+00:00,2026-09-18T06:49:23.050+00:00,True,62,62.0,,62.0,18743.124521,22572.737833000003,22572.737914,364.076417967742,0.0,18743.124521,2373.1002885115745,100.39936114999999,62.78054609836066,57.873895208534776,2.746676121376809,3,64,,False,True,,267,87.6246207195492
20,2026-09-18T06:49:00.889+00:00,2026-09-18T06:49:20.821+00:00,2026-09-18T06:49:20.947+00:00,True,3,3.0,,3.0,19931.767022,20058.052334,20058.052317,6686.017439,58.519421,19931.767022,11471.156562695924,17945.3669072,63.142656,6.538418415733273,0.14956586761491097,3,64,,False,True,,7,87.6246207195492
21,2026-09-18T06:49:01.263+00:00,2026-09-18T06:49:22.230+00:00,2026-09-18T06:49:25.788+00:00,True,60,60.0,,60.0,20966.337139,24524.728434999997,24524.728586999998,408.74547645,0.0,20966.337139,2699.310802105506,91.87839439999999,60.311716881355935,44.12281069546187,2.4465102706039406,3,64,,False,True,,120,87.6246207195492
22,2026-09-18T06:49:01.751+00:00,2026-09-18T06:49:24.132+00:00,2026-09-18T06:49:29.441+00:00,True,92,92.0,,92.0,22380.86884,27689.829096,27689.829155,300.9764038586956,0.0,22380.86884,2327.6234200374174,69.8689185,58.340222593406594,39.94033585286745,3.3225196038963665,3,64,,False,True,,416,87.6246207195492
23,2026-09-18T06:49:02.197+00:00,2026-09-18T06:49:25.785+00:00,2026-09-18T06:49:28.463+00:00,True,40,40.0,,40.0,23588.072178,26266.253041999997,26266.252891,656.656322275,37.87523,23588.072178,3719.1458828338227,103.9597084,68.67130420512821,55.40181432214694,1.5228666203755674,3,64,,False,True,,90,87.6246207195492
24,2026-09-18T06:49:02.563+00:00,2026-09-18T06:49:27.211+00:00,2026-09-18T06:49:29.115+00:00,True,34,34.0,,34.0,24648.298607,26552.695407,26552.695569,780.9616343823529,0.0,24648.298607,4217.721667121259,183.20663025,57.708993939393935,63.96326162964834,1.2804726404927123,3,64,,False,True,,119,87.6246207195492
25,2026-09-18T06:49:02.922+00:00,2026-09-18T06:49:28.466+00:00,2026-09-18T06:49:33.777+00:00,True,89,89.0,,89.0,25543.951322999998,30854.171610999998,30854.171415999997,346.6760833258427,0.0,25543.951322999998,2701.680841923225,71.9283228,60.34341236363637,48.1260269673367,2.884537012436597,3,64,,False,True,,339,87.6246207195492
26,2026-09-18T06:49:03.287+00:00,2026-09-18T06:49:30.097+00:00,2026-09-18T06:49:30.718+00:00,True,11,11.0,,11.0,26810.58467,27431.507038,27431.506996,2493.7733632727272,54.072559,26810.58467,8064.975541349239,13439.760801000002,62.092236799999995,5.390148878616347,0.4009987488023187,3,64,,False,True,,72,87.6246207195492
27,2026-09-18T06:49:03.691+00:00,2026-09-18T06:49:31.728+00:00,2026-09-18T06:49:35.781+00:00,True,69,69.0,,69.0,28036.914989999997,32090.226221999998,32090.226298999998,465.0757434637681,0.0,28036.914989999997,3369.0946651224463,70.890314,59.60751811764706,83.62128100592656,2.1501873973295917,3,64,,False,True,,334,87.6246207195492
28,2026-09-18T06:49:04.100+00:00,2026-09-18T06:49:33.456+00:00,2026-09-18T06:49:34.186+00:00,True,17,17.0,,17.0,29355.542140999998,30085.733756999998,30085.733743999997,1769.7490437647057,0.0,29355.542140999998,7108.737153522731,5925.206896199999,45.636976,24.930668587728125,0.5650518660208723,3,64,,False,True,,68,87.6246207195492
29,2026-09-18T06:49:04.403+00:00,2026-09-18T06:49:34.431+00:00,2026-09-18T06:49:38.433+00:00,True,66,66.0,,66.0,30028.190309999998,34030.401126,34030.401358999996,515.6121418030302,0.016120000000000002,30028.190309999998,3689.102871314124,93.18348350000001,61.572474092307694,59.167206128707456,1.9394423167576038,3,64,,False,True,,315,87.6246207195492
30,2026-09-18T06:49:04.732+00:00,2026-09-18T06:49:35.473+00:00,2026-09-18T06:49:38.992+00:00,True,53,53.0,,53.0,30741.804931000002,34259.838083,34259.838051,646.4120386981133,0.0,30741.804931000002,4213.90648632381,101.7666038,67.65448369230769,64.74688277486996,1.5470008898348824,3,64,,False,True,,182,87.6246207195492
31,2026-09-18T06:49:05.187+00:00,2026-09-18T06:49:37.270+00:00,2026-09-18T06:49:42.525+00:00,True,88,88.0,,88.0,32082.867081999997,37338.00410599999,37338.004197999995,424.29550224999997,0.0,32082.867081999997,3414.0035172028497,97.4577354,60.40387383908046,52.39584154746885,2.3568479919326735,3,64,,False,True,,394,87.6246207195492
32,2026-09-18T06:49:05.520+00:00,2026-09-18T06:49:38.994+00:00,2026-09-18T06:49:43.484+00:00,True,82,82.0,,82.0,33473.835841,37963.778369,37963.778338000004,462.9729065609756,0.0,33473.835841,3690.504575210699,91.14169005,55.4313892345679,21.028771732666808,2.159953606381776,3,64,,False,True,,365,87.6246207195492
33,2026-09-18T06:49:05.972+00:00,2026-09-18T06:49:39.879+00:00,2026-09-18T06:49:45.801+00:00,True,98,98.0,,98.0,33907.058078,39828.49603,39828.495875,406.4132232142857,0.0,33907.058078,3419.4649958607974,93.55756405,61.04575208247422,58.862882954548304,2.460549851698731,3,64,,False,True,,527,87.6246207195492
34,2026-09-18T06:49:06.323+00:00,2026-09-18T06:49:41.557+00:00,2026-09-18T06:49:47.298+00:00,True,93,93.0,,93.0,35234.774583,40975.662135,40975.662342999996,440.5985198172043,0.0,35234.774583,3647.696654282126,98.747772,62.400951652173916,60.201169572354814,2.2696399558742604,3,64,,False,True,,423,87.6246207195492
35,2026-09-18T06:49:06.814+00:00,2026-09-18T06:49:43.415+00:00,2026-09-18T06:49:43.921+00:00,True,9,9.0,,9.0,36601.392008,37107.100808,37107.100936,4123.011215111112,58.254613,36601.392008,12179.39313002334,21988.431834,63.2136,3.043282877381313,0.24254117955934917,3,64,,False,True,,47,87.6246207195492
36,2026-09-18T06:49:07.306+00:00,2026-09-18T06:49:45.313+00:00,2026-09-18T06:49:46.402+00:00,True,20,20.0,,20.0,38006.620613,39095.692741,39095.692534,1954.7846267,18.219646,38006.620613,8485.729883144551,1962.6044132000002,57.31958568421052,12.120944011673627,0.5115653054799518,3,64,,False,True,,100,87.6246207195492
37,2026-09-18T06:49:07.886+00:00,2026-09-18T06:49:47.134+00:00,2026-09-18T06:49:50.286+00:00,True,51,51.0,,51.0,39248.089821,42400.072925,42400.072817,831.3739768039216,0.01626,39248.089821,5487.582242783986,90.536383,63.03966208,80.43332374787558,1.2028281198999846,3,64,,False,True,,219,87.6246207195492
38,2026-09-18T06:49:08.192+00:00,2026-09-18T06:49:49.130+00:00,2026-09-18T06:49:55.093+00:00,True,96,96.0,,96.0,40938.454487,46901.520599,46901.520546,488.55750568750005,0.0,40938.454487,4172.366620054634,87.70211025,62.76911696842105,65.5454062031002,2.0468419525410195,3,64,,False,True,,405,87.6246207195492
39,2026-09-18T06:49:08.680+00:00,2026-09-18T06:49:50.666+00:00,2026-09-18T06:49:51.225+00:00,True,10,10.0,,10.0,41985.97359,42545.195606,42545.195789000005,4254.5195789,44.269998,41985.97359,13257.48416636342,23125.71272235,62.13577955555555,8.805190674588358,0.23504416556471855,3,64,,False,True,,38,87.6246207195492
40,2026-09-18T06:49:09.016+00:00,2026-09-18T06:49:52.459+00:00,2026-09-18T06:49:55.016+00:00,True,45,45.0,,45.0,43443.341317,46000.188421,46000.188369999996,1022.2264082222222,0.0,43443.341317,6467.515231101495,88.9524682,58.110161454545455,18.842918226344928,0.9782568625187763,3,64,,False,True,,246,87.6246207195492
41,2026-09-18T06:49:09.489+00:00,2026-09-18T06:49:54.229+00:00,2026-09-18T06:49:56.866+00:00,True,43,43.0,,43.0,44739.236993,47376.857473,47376.857317,1101.7873794651161,36.566152,44739.236993,6813.105013736201,96.5321598,62.80048761904762,13.112929723384152,0.9076161293413275,3,64,,False,True,,232,87.6246207195492
42,2026-09-18T06:49:09.800+00:00,2026-09-18T06:49:55.423+00:00,2026-09-18T06:49:56.870+00:00,True,25,25.0,,25.0,45623.141596,47070.079196,47070.079177,1882.80316708,38.808578000000004,45623.141596,9112.576598497897,87.2185052,60.28906666666666,10.763964085303577,0.5311229644611367,3,64,,False,True,,103,87.6246207195492
43,2026-09-18T06:49:10.311+00:00,2026-09-18T06:49:57.623+00:00,2026-09-18T06:49:59.575+00:00,True,31,31.0,,31.0,47311.640799,49264.228831,49264.228746,1589.1686692258065,36.626133,47311.640799,8485.74036977627,95.82337299999999,65.08626773333333,12.339692990271162,0.62925982473703,3,64,,False,True,,93,87.6246207195492
44,2026-09-18T06:49:10.715+00:00,2026-09-18T06:49:59.203+00:00,2026-09-18T06:50:02.624+00:00,True,54,54.0,,54.0,48487.461795,51908.862371,51908.862333000005,961.275228388889,0.0,48487.461795,6591.549982608612,326.44973254999996,64.5547278490566,165.01963513990955,1.0402847901781076,3,64,,False,True,,251,87.6246207195492
45,2026-09-18T06:49:11.055+00:00,2026-09-18T06:50:00.790+00:00,2026-09-18T06:50:06.044+00:00,True,88,88.0,,88.0,49735.475956,54989.417460000004,54989.417444,624.8797436818182,0.0,49735.475956,5296.501795306365,93.9712017,60.390132229885054,109.54125658803632,1.6003079149549513,3,64,,False,True,,428,87.6246207195492
46,2026-09-18T06:49:11.559+00:00,2026-09-18T06:50:02.948+00:00,2026-09-18T06:50:08.346+00:00,True,86,86.0,,86.0,51388.779414,56787.113622,56787.113614999995,660.3152745930232,35.931484,51388.779414,5534.561962637095,96.95992375,63.509814211764706,13.305778181180363,1.5144280896622748,3,64,,False,True,,400,87.6246207195492
47,2026-09-18T06:49:11.880+00:00,2026-09-18T06:50:04.368+00:00,2026-09-18T06:50:10.231+00:00,True,93,93.0,,93.0,52487.749801,58350.654121,58350.654005,627.4263871505376,0.0,52487.749801,5436.77002187243,95.65471000000001,63.727220869565215,84.66579939893913,1.5938124670744684,3,64,,False,True,,376,87.6246207195492
48,2026-09-18T06:49:12.178+00:00,2026-09-18T06:50:05.415+00:00,2026-09-18T06:50:06.571+00:00,True,18,18.0,,18.0,53236.978713,54393.462041,54393.462209,3021.859011611111,52.668293,53236.978713,12532.049441465106,8074.99572905,68.02843105882353,14.300621219764652,0.3309221241779424,3,64,,False,True,,71,87.6246207195492
49,2026-09-18T06:49:12.525+00:00,2026-09-18T06:50:06.803+00:00,2026-09-18T06:50:12.705+00:00,True,96,96.0,,96.0,54277.237858,60179.389282000004,60179.38929,626.8686384375,0.0,54277.237858,5533.935237461061,92.9284885,62.12790972631579,83.86026743015512,1.5952305456299163,3,64,,False,True,,395,87.6246207195492
50,2026-09-18T06:49:13.016+00:00,2026-09-18T06:50:08.653+00:00,2026-09-18T06:50:11.262+00:00,True,42,42.0,,42.0,55636.849816,58246.46364,58246.463732000004,1386.820565047619,0.0,55636.849816,8576.023461403363,93.87610424999998,63.64911765853658,125.25489406949971,0.7210738193409745,3,64,,False,True,,149,87.6246207195492
51,2026-09-18T06:49:13.545+00:00,2026-09-18T06:50:10.802+00:00,2026-09-18T06:50:16.172+00:00,True,89,89.0,,89.0,57256.590645000004,62627.463733000004,62627.463867000006,703.6793692921349,29.983085,57256.590645000004,6062.728051773338,85.63651,61.03264872727273,11.63093176315729,1.4211017770004892,3,64,,False,True,,342,87.6246207195492
52,2026-09-18T06:49:13.839+00:00,2026-09-18T06:50:11.743+00:00,2026-09-18T06:50:15.021+00:00,True,56,56.0,,56.0,57903.420106,61181.600714,61181.600717999994,1092.52858425,35.511184,57903.420106,7729.711880521697,73.81383875000002,59.603283781818185,10.286543073822209,0.9153078596582991,3,64,,False,True,,260,87.6246207195492
53,2026-09-18T06:49:14.150+00:00,2026-09-18T06:50:13.051+00:00,2026-09-18T06:50:18.531+00:00,True,88,88.0,,88.0,58901.636519,64381.580455,64381.58054,731.6088697727273,0.016829999999999998,58901.636519,6272.829282548126,93.78837855,62.987861333333335,87.860093982894,1.366850570894392,3,64,,False,True,,559,87.6246207195492
54,2026-09-18T06:49:14.633+00:00,2026-09-18T06:50:14.834+00:00,2026-09-18T06:50:15.507+00:00,True,11,11.0,,11.0,60201.049578,60873.553642,60873.553747,5533.959431545454,57.544674,60201.049578,18131.025192342866,30147.199482999997,67.2504064,10.141578267814218,0.18070244534583074,3,64,,False,True,,67,87.6246207195492
55,2026-09-18T06:49:14.958+00:00,2026-09-18T06:50:16.110+00:00,2026-09-18T06:50:21.955+00:00,True,93,93.0,,93.0,61152.826387,66997.253907,66997.25395500001,720.4005801612903,0.0,61152.826387,6336.022706264107,100.79022079999999,63.52638608695652,131.8638216069362,1.3881165954815826,3,64,,False,True,,510,87.6246207195492
56,2026-09-18T06:49:15.417+00:00,2026-09-18T06:50:18.076+00:00,2026-09-18T06:50:20.199+00:00,True,35,35.0,,35.0,62658.816145000004,64782.60161700001,64782.601607000004,1850.9314744857145,0.0,62658.816145000004,10581.834324506375,343.51617339999996,62.464278588235295,156.2492053537381,0.5402685154097829,3,64,,False,True,,217,87.6246207195492
57,2026-09-18T06:49:15.873+00:00,2026-09-18T06:50:20.209+00:00,2026-09-18T06:50:25.065+00:00,True,90,90.0,,90.0,64336.024567,69191.428855,69191.42868,768.793652,0.0,64336.024567,6775.90549611237,91.00462845,54.55510435955057,24.46426347945611,1.300739144852857,3,64,,False,True,,417,87.6246207195492
58,2026-09-18T06:49:16.359+00:00,2026-09-18T06:50:21.525+00:00,2026-09-18T06:50:27.436+00:00,True,94,94.0,,94.0,65165.252214,71076.305782,71076.305789,756.1309126489361,36.710671999999995,65165.252214,6714.738743959204,92.20569245,63.559715784946235,12.690354239320076,1.3225223084653537,3,64,,False,True,,393,87.6246207195492
59,2026-09-18T06:49:16.665+00:00,2026-09-18T06:50:22.312+00:00,2026-09-18T06:50:25.136+00:00,True,46,46.0,,46.0,65646.61859,68470.491102,68470.491091,1488.4889367608696,35.480444000000006,65646.61859,9669.821162124694,95.03134949999999,62.75272248888889,12.330047182181945,0.6718222588979847,3,64,,False,True,,214,87.6246207195492
60,2026-09-18T06:49:17.089+00:00,2026-09-18T06:50:24.473+00:00,2026-09-18T06:50:25.745+00:00,True,22,22.0,,22.0,67384.24119,68656.181542,68656.181493,3120.735522409091,38.913968000000004,67384.24119,14353.460399499676,92.1697158,60.56858819047619,12.486510039225948,0.3204372790022066,3,64,,False,True,,113,87.6246207195492
61,2026-09-18T06:49:17.402+00:00,2026-09-18T06:50:25.475+00:00,2026-09-18T06:50:28.082+00:00,True,43,43.0,,43.0,68072.960724,70679.96002,70679.96011500001,1643.7200026744188,38.214029000000004,68072.960724,10371.571093050827,93.9030033,62.07141180952381,12.796505788316447,0.6083761222817964,3,64,,False,True,,225,87.6246207195492
62,2026-09-18T06:49:17.761+00:00,2026-09-18T06:50:26.792+00:00,2026-09-18T06:50:32.228+00:00,True,76,76.0,,76.0,69031.007221,74467.123445,74467.123403,979.8305710921054,0.0,69031.007221,7910.902552217428,90.653356,72.48154965333333,114.46863942946138,1.020584608134248,3,64,,False,True,,285,87.6246207195492
63,2026-09-18T06:49:18.254+00:00,2026-09-18T06:50:28.793+00:00,2026-09-18T06:50:32.240+00:00,True,45,45.0,,45.0,70538.579597,73985.67847700001,73985.678338,1644.126185288889,0.0,70538.579597,10504.655177716928,92.7600954,78.34315636363635,151.18609023800698,0.6082258205415956,3,64,,False,True,,215,87.6246207195492
64,2026-09-18T06:49:18.691+00:00,2026-09-18T06:50:30.291+00:00,2026-09-18T06:50:34.846+00:00,True,72,72.0,,72.0,71599.428875,76155.02260299999,76155.022441,1057.7086450138888,0.0,71599.428875,8432.2657125784,94.22060359999999,64.16329194366197,173.1954644438928,0.9454399399937108,3,64,,False,True,,357,87.6246207195492
65,2026-09-18T06:49:19.016+00:00,2026-09-18T06:50:32.246+00:00,2026-09-18T06:50:34.760+00:00,True,46,46.0,,46.0,73230.355731,75743.525139,75743.525115,1646.5983720652175,0.0,73230.355731,10789.947325847654,96.8842315,55.84820906666667,145.16111331646076,0.607312637160517,3,64,,False,True,,91,87.6246207195492
66,2026-09-18T06:49:19.538+00:00,2026-09-18T06:50:33.456+00:00,2026-09-18T06:50:36.635+00:00,True,53,53.0,,53.0,73917.391961,77096.614489,77096.614476,1454.6531033207548,0.01635,73917.391961,10145.913400638214,83.4253902,61.13889476923077,142.1594725708016,0.6874491227829718,3,64,,False,True,,255,87.6246207195492
67,2026-09-18T06:49:19.943+00:00,2026-09-18T06:50:34.936+00:00,2026-09-18T06:50:38.039+00:00,True,55,55.0,,55.0,74993.050801,78095.589297,78095.58909800001,1419.9198017818183,0.03505,74993.050801,10104.334157444271,82.30513,57.45441659259259,20.49565017673883,0.7042651255352368,3,64,,False,True,,230,87.6246207195492
68,2026-09-18T06:49:20.399+00:00,2026-09-18T06:50:36.762+00:00,2026-09-18T06:50:42.986+00:00,True,99,99.0,,99.0,76362.97220999999,82587.09585799999,82587.095817,834.213089060606,36.495523,76362.97220999999,7668.395286546018,98.75442989999999,63.51146579591837,13.027665479798838,1.1987344871675876,3,64,,False,True,,407,87.6246207195492
69,2026-09-18T06:49:20.774+00:00,2026-09-18T06:50:38.446+00:00,2026-09-18T06:50:39.620+00:00,True,19,19.0,,19.0,77671.760601,78845.964761,78845.964884,4149.787625473684,55.557187,77671.760601,17804.161521957154,7861.839640499999,65.23356444444445,10.932936485151528,0.24097618765390608,3,64,,False,True,,92,87.6246207195492
70,2026-09-18T06:49:21.137+00:00,2026-09-18T06:50:39.553+00:00,2026-09-18T06:50:42.952+00:00,True,54,54.0,,54.0,78415.69330300001,81814.455543,81814.45543300001,1515.0825080185186,37.017281000000004,78415.69330300001,10662.305875909815,94.67340315000001,64.12758943396226,13.422914124191777,0.6600300599888329,3,64,,False,True,,205,87.6246207195492
71,2026-09-18T06:49:21.569+00:00,2026-09-18T06:50:39.994+00:00,2026-09-18T06:50:40.115+00:00,True,4,4.0,,4.0,78425.109479,78545.985511,78545.98548500001,19636.496371250003,39.461537,78425.109479,39192.408747344474,66667.5575846,40.29201066666666,1.019859543877162,0.05092558167011372,3,64,,False,True,,15,87.6246207195492
72,2026-09-18T06:49:22.021+00:00,2026-09-18T06:50:43.143+00:00,2026-09-18T06:50:44.569+00:00,True,24,24.0,,24.0,81122.014411,82547.709643,82547.709623,3439.4879009583333,34.221767,81122.014411,16546.314030615544,92.86156465,61.986749217391306,13.376039486347679,0.29074095579143894,3,64,,False,True,,94,87.6246207195492
73,2026-09-18T06:49:22.362+00:00,2026-09-18T06:50:44.285+00:00,2026-09-18T06:50:48.572+00:00,True,71,71.0,,71.0,81923.005011,86209.648723,86209.648668,1214.2204037746478,0.0,81923.005011,9716.230862358385,81.2629695,61.23776731428572,142.24963055031373,0.8235737072555523,3,64,,False,True,,310,87.6246207195492
74,2026-09-18T06:49:22.887+00:00,2026-09-18T06:50:46.109+00:00,2026-09-18T06:50:48.444+00:00,True,40,40.0,,40.0,83222.56076000001,85557.599992,85557.600099,2138.9400024750003,37.657830000000004,83222.56076000001,13149.179785422095,75.467901,59.87280082051282,10.736909140244085,0.4675212956387296,3,64,,False,True,,237,87.6246207195492
75,2026-09-18T06:49:23.180+00:00,2026-09-18T06:50:47.286+00:00,2026-09-18T06:50:49.845+00:00,True,43,43.0,,43.0,84105.362768,86664.42760000001,86664.42768200001,2015.4518065581397,37.129281999999996,84105.362768,12816.66112026164,92.5408362,60.93011504761905,11.79321581614537,0.4961666648104648,3,64,,False,True,,177,87.6246207195492
76,2026-09-18T06:49:23.589+00:00,2026-09-18T06:50:48.764+00:00,2026-09-18T06:50:52.330+00:00,True,59,59.0,,59.0,85174.29895299999,88741.05684099998,88741.056722,1504.0857071525422,34.988915,85174.29895299999,11080.74804084784,88.51089449999999,61.49582565517242,10.501951415576876,0.6648557285689314,3,64,,False,True,,263,87.6246207195492
77,2026-09-18T06:49:24.115+00:00,2026-09-18T06:50:50.559+00:00,2026-09-18T06:50:52.702+00:00,True,36,36.0,,36.0,86444.739256,88587.524536,88587.52446,2460.7645683333335,37.118151,86444.739256,14397.25657184803,90.27471325,61.222436571428574,10.568650769299891,0.4063777624282796,3,64,,False,True,,108,87.6246207195492
78,2026-09-18T06:49:24.465+00:00,2026-09-18T06:50:52.019+00:00,2026-09-18T06:50:58.196+00:00,True,99,99.0,,99.0,87553.99418600001,93731.23476200001,93731.234955,946.7801510606062,35.264233999999995,87553.99418600001,8793.178713431305,90.78313159999999,63.03306710204082,10.556335648831828,1.0562114139579863,3,64,,False,True,,497,87.6246207195492
79,2026-09-18T06:49:24.971+00:00,2026-09-18T06:50:53.950+00:00,2026-09-18T06:50:56.558+00:00,True,42,42.0,,42.0,88978.295264,91586.55177600001,91586.551777,2180.6321851666667,36.399303,88978.295264,13719.838770323233,93.92582025,63.61601248780487,12.882937552809924,0.45858261049856425,3,64,,False,True,,195,87.6246207195492
80,2026-09-18T06:49:25.332+00:00,2026-09-18T06:50:54.998+00:00,2026-09-18T06:51:00.865+00:00,True,96,96.0,,96.0,89665.820735,95532.430399,95532.430588,995.1294852916667,37.385281000000006,89665.820735,9145.180544910423,68.7898225,61.75378593684211,8.334067598687962,1.0048943547133382,3,64,,False,True,,408,87.6246207195492
81,2026-09-18T06:49:25.727+00:00,2026-09-18T06:50:56.744+00:00,2026-09-18T06:50:58.318+00:00,True,26,26.0,,26.0,91017.811016,92591.45786400001,92591.45773400001,3561.209912846154,35.159885,91017.811016,17837.718616749597,84.43673375,62.945873920000004,8.603932957820094,0.28080344126549195,3,64,,False,True,,69,87.6246207195492
82,2026-09-18T06:49:26.113+00:00,2026-09-18T06:50:58.005+00:00,2026-09-18T06:50:59.322+00:00,True,23,23.0,,23.0,91892.320221,93208.690397,93208.690304,4052.551752347826,39.016087,91892.320221,19148.3984516483,66.965501,59.835008,8.024958820180759,0.24675810701810133,3,64,,False,True,,92,87.6246207195492
83,2026-09-18T06:49:26.551+00:00,2026-09-18T06:50:59.725+00:00,2026-09-18T06:50:59.916+00:00,True,4,4.0,,4.0,93174.54751100001,93364.91013500001,93364.91033900001,23341.227584750002,62.521843999999994,93174.54751100001,46555.54663511888,79208.15518985002,63.454208,1.5687777127636662,0.04284264820922809,3,64,,True,True,,13,87.6246207195492
84,2026-09-18T06:49:27.030+00:00,2026-09-18T06:51:01.463+00:00,2026-09-18T06:51:02.323+00:00,True,15,15.0,,15.0,94432.743225,95293.014841,95293.014823,6352.867654866666,42.563941,94432.743225,24366.56428106937,28376.087512399998,61.44797257142857,5.716081223348168,0.15740922905029364,3,64,,True,True,,53,87.6246207195492
85,2026-09-18T06:49:27.353+00:00,2026-09-18T06:51:02.830+00:00,2026-09-18T06:51:07.750+00:00,True,80,80.0,,80.0,95476.26923600001,100396.17989200001,100396.17986100001,1254.9522482625,35.736013,95476.26923600001,10667.613478530811,90.24339934999998,62.277350075949364,10.27458699518142,0.7968430679938124,3,64,,True,True,,290,87.6246207195492
86,2026-09-18T06:49:27.699+00:00,2026-09-18T06:51:03.860+00:00,2026-09-18T06:51:05.912+00:00,True,35,35.0,,35.0,96160.861162,98213.23825,98213.238154,2806.0925186857144,38.228120000000004,96160.861162,16243.949811472901,68.92148069999999,60.364032,5.79940590695188,0.35636743705474966,3,64,,True,True,,97,87.6246207195492
87,2026-09-18T06:49:27.985+00:00,2026-09-18T06:51:05.237+00:00,2026-09-18T06:51:08.913+00:00,True,60,60.0,,60.0,97251.179237,100927.288549,100927.288623,1682.12147705,34.548885999999996,97251.179237,12547.035446786356,94.23048305000002,62.306937491525424,12.360510595693086,0.5944873865393709,3,64,,True,True,,240,87.6246207195492
88,2026-09-18T06:49:28.384+00:00,2026-09-18T06:51:06.728+00:00,2026-09-18T06:51:07.998+00:00,True,22,22.0,,22.0,98344.411637,99614.545653,99614.545896,4527.933904363636,36.816272,98344.411637,20954.207291819537,93.36595265,60.48257219047619,11.887595306651281,0.22085128086248967,3,64,,True,True,,120,87.6246207195492
89,2026-09-18T06:49:28.836+00:00,2026-09-18T06:51:08.374+00:00,2026-09-18T06:51:10.234+00:00,True,31,31.0,,31.0,99537.605412,101397.71293200001,101397.71273,3270.8939590322584,35.461565,99537.605412,17866.348341541572,83.4820155,62.003584,10.227408574566436,0.30572681674575264,3,64,,True,True,,133,87.6246207195492
90,2026-09-18T06:49:29.225+00:00,2026-09-18T06:51:09.984+00:00,2026-09-18T06:51:11.568+00:00,True,26,26.0,,26.0,100758.541505,102342.228417,102342.228264,3936.2395486153846,40.470775,100758.541505,19747.954771228062,91.95057725000001,63.34747648,10.121759200024753,0.2540495785772939,3,64,,True,True,,79,87.6246207195492
91,2026-09-18T06:49:29.662+00:00,2026-09-18T06:51:11.895+00:00,2026-09-18T06:51:15.077+00:00,True,52,52.0,,52.0,102232.41244,105415.024408,105415.02425,2027.2120048076922,36.704292,102232.41244,14168.43356450477,79.6756194,62.40415623529412,8.757168214654431,0.49328831722068733,3,64,,True,True,,286,87.6246207195492
92,2026-09-18T06:49:30.041+00:00,2026-09-18T06:51:13.210+00:00,2026-09-18T06:51:16.544+00:00,True,54,54.0,,54.0,103169.012009,106503.727913,106503.727878,1972.2912569999999,54.848248,103169.012009,14030.963007372467,66.9287993,62.919168,5.242832082713722,0.5070245056972197,3,64,,True,True,,286,87.6246207195492
93,2026-09-18T06:49:30.519+00:00,2026-09-18T06:51:14.764+00:00,2026-09-18T06:51:15.516+00:00,True,13,13.0,,13.0,104245.066022,104996.69687,104996.697011,8076.669000846154,54.769197999999996,104245.066022,28895.00757104071,41741.112970999995,62.635904,4.7604439577299935,0.1238134187792188,3,64,,True,True,,50,87.6246207195492
94,2026-09-18T06:49:30.992+00:00,2026-09-18T06:51:16.736+00:00,2026-09-18T06:51:19.542+00:00,True,43,43.0,,43.0,105744.536041,108550.262505,108550.262418,2524.424707395349,35.774573,105744.536041,16115.708974163384,95.17597399999998,66.80301104761905,13.803516790047773,0.3961298573370041,3,64,,True,True,,198,87.6246207195492
95,2026-09-18T06:49:31.408+00:00,2026-09-18T06:51:18.358+00:00,2026-09-18T06:51:22.932+00:00,True,73,73.0,,73.0,106950.036433,111524.501201,111524.501327,1527.732894890411,37.51341,106950.036433,12510.124364754198,94.41930919999999,63.53423288888889,11.842799259496722,0.6545646850142149,3,64,,True,True,,223,87.6246207195492
96,2026-09-18T06:49:31.882+00:00,2026-09-18T06:51:19.981+00:00,2026-09-18T06:51:24.332+00:00,True,70,70.0,,70.0,108099.29712999999,112449.479018,112449.47903999999,1606.4211291428571,35.540604,108099.29712999999,12912.8075283513,93.0160059,63.04611431884058,12.24579547314548,0.6225017724519201,3,64,,True,True,,251,87.6246207195492
97,2026-09-18T06:49:32.179+00:00,2026-09-18T06:51:21.261+00:00,2026-09-18T06:51:26.026+00:00,True,76,76.0,,76.0,109082.003234,113847.78755400001,113847.787425,1497.9972029605265,32.91294,109082.003234,12505.279634903176,90.253348,63.54379093333333,10.909726916913323,0.6675579880193268,3,64,,True,True,,330,87.6246207195492
98,2026-09-18T06:49:32.465+00:00,2026-09-18T06:51:22.157+00:00,2026-09-18T06:51:23.322+00:00,True,20,20.0,,20.0,109691.853997,110856.918957,110856.919041,5542.84595205,35.537493999999995,109691.853997,24514.136265694782,5574.2892061,61.319208421052636,13.356244586690336,0.1804127355168309,3,64,,True,True,,92,87.6246207195492
99,2026-09-18T06:49:32.947+00:00,2026-09-18T06:51:24.332+00:00,2026-09-18T06:51:30.406+00:00,True,99,99.0,,99.0,111385.025158,117459.020166,117459.020197,1186.4547494646465,34.622506,111385.025158,11188.393053859392,91.04415959999999,61.97954089795918,11.645115849646782,0.8428471466907128,3,64,,True,True,,508,87.6246207195492
100,2026-09-18T06:49:33.443+00:00,2026-09-18T06:51:26.274+00:00,2026-09-18T06:51:30.153+00:00,True,63,63.0,,63.0,112831.044076,116710.249196,116710.249137,1852.5436370952382,34.210627,112831.044076,14207.49860494136,92.7494441,62.56782451612903,13.206093695951232,0.5397983504790528,3,64,,True,True,,270,87.6246207195492
101,2026-09-18T06:49:33.755+00:00,2026-09-18T06:51:27.665+00:00,2026-09-18T06:51:33.698+00:00,True,96,96.0,,96.0,113909.97590199999,119943.08924599999,119943.089136,1249.4071784999999,35.824424,113909.97590199999,11619.414380008875,95.59333825,63.50645625263158,13.489831052588528,0.8003795850472605,3,64,,True,True,,412,87.6246207195492
102,2026-09-18T06:49:34.256+00:00,2026-09-18T06:51:29.704+00:00,2026-09-18T06:51:33.132+00:00,True,55,55.0,,55.0,115448.097928,118876.890248,118876.890153,2161.3980027818184,34.057097,115448.097928,15558.46137412167,93.2685137,63.49615407407408,12.393271045820569,0.46266351588823906,3,64,,True,True,,249,87.6246207195492
103,2026-09-18T06:49:35.197+00:00,2026-09-18T06:51:32.714+00:00,2026-09-18T06:51:34.206+00:00,True,24,24.0,,24.0,117517.587304,119009.3034,119009.303353,4958.720973041667,38.796508,117517.587304,23974.94253814489,94.1339251,64.85722156521739,14.859124061437061,0.20166490614043875,3,64,,True,True,,119,87.6246207195492
104,2026-09-18T06:49:35.242+00:00,2026-09-18T06:51:33.475+00:00,2026-09-18T06:51:34.699+00:00,True,19,19.0,,19.0,118232.36855099999,119456.35959099999,119456.359485,6287.176815,39.248957000000004,118232.36855099999,27108.769523403083,11908.7069427,67.99950222222222,15.303071256608405,0.1590539010652346,3,64,,True,True,,58,87.6246207195492
105,2026-09-18T06:49:35.525+00:00,2026-09-18T06:51:35.052+00:00,2026-09-18T06:51:37.730+00:00,True,45,45.0,,45.0,119526.89468299999,122204.910939,122204.91087699999,2715.6646861555555,36.372012999999995,119526.89468299999,17808.946622078845,69.63694459999999,60.86400581818182,9.053161555787112,0.36823397402140634,3,64,,True,True,,233,87.6246207195492
106,2026-09-18T06:49:35.975+00:00,2026-09-18T06:51:36.885+00:00,2026-09-18T06:51:37.551+00:00,True,12,12.0,,12.0,120909.586541,121575.670381,121575.670399,10131.305866583332,39.250688000000004,120909.586541,34886.11179001212,54447.90414949999,60.553076363636364,7.78382388267966,0.0987039591259813,3,64,,True,True,,35,87.6246207195492
107,2026-09-18T06:49:36.344+00:00,2026-09-18T06:51:38.415+00:00,2026-09-18T06:51:43.947+00:00,True,91,91.0,,91.0,122070.8253,127602.54011599999,127602.540033,1402.2257146483516,35.675404,122070.8253,12790.059116644934,69.200662,61.46349795555556,8.395812920310107,0.7131519475809367,3,64,,True,True,,357,87.6246207195492
108,2026-09-18T06:49:36.844+00:00,2026-09-18T06:51:40.679+00:00,2026-09-18T06:51:44.140+00:00,True,57,57.0,,57.0,123835.575461,127296.492453,127296.492376,2233.2717960701752,34.469775999999996,123835.575461,16394.239634833255,76.2639008,61.80208914285714,9.764459803687865,0.44777353171019507,3,64,,True,True,,252,87.6246207195492
109,2026-09-18T06:49:37.330+00:00,2026-09-18T06:51:42.508+00:00,2026-09-18T06:51:42.819+00:00,True,6,6.0,,6.0,125178.02211399999,125488.94973,125488.949809,20914.824968166664,55.453447,125178.02211399999,51078.3265830299,93900.45865675001,62.185523200000006,4.942845180525403,0.04781297487077152,3,64,,True,True,,23,87.6246207195492
110,2026-09-18T06:49:37.662+00:00,2026-09-18T06:51:43.694+00:00,2026-09-18T06:51:44.263+00:00,True,10,10.0,,10.0,126032.81428,126601.65984800001,126601.65982700001,12660.1659827,55.043848,126032.81428,39835.08862753893,69353.24802175,63.20506311111111,6.814643302682182,0.07898790594061848,3,64,,True,True,,57,87.6246207195492
111,2026-09-18T06:49:38.170+00:00,2026-09-18T06:51:45.375+00:00,2026-09-18T06:51:47.669+00:00,True,39,39.0,,39.0,127205.42397599999,129498.98224799999,129498.982171,3320.486722333333,37.392540000000004,127205.42397599999,20359.507478562966,78.2127589,60.356796631578945,10.438186161588598,0.3011606680067351,3,64,,True,True,,204,87.6246207195492
112,2026-09-18T06:49:38.649+00:00,2026-09-18T06:51:47.091+00:00,2026-09-18T06:51:53.004+00:00,True,97,97.0,,97.0,128441.922292,134355.030516,134355.03053,1385.1034075257733,35.342504,128441.922292,13035.051355385267,78.2268238,61.594877333333336,10.321041471952654,0.721967756826556,3,64,,True,True,,347,87.6246207195492
113,2026-09-18T06:49:39.041+00:00,2026-09-18T06:51:48.590+00:00,2026-09-18T06:51:52.812+00:00,True,69,69.0,,69.0,129549.80218099999,133771.200453,133771.200422,1938.7130495942029,35.813112999999994,129549.80218099999,15588.493367690005,86.5103526,62.07938635294118,10.364428749033015,0.5158060910445584,3,64,,True,True,,355,87.6246207195492
114,2026-09-18T06:49:39.514+00:00,2026-09-18T06:51:50.365+00:00,2026-09-18T06:51:51.671+00:00,True,22,22.0,,22.0,130851.237515,132157.536395,132157.53651,6007.160750454545,41.512002,130851.237515,27884.317434474837,92.21813254999999,62.204708571428576,10.685423833865517,0.16646799418419198,3,64,,True,True,,87,87.6246207195492
115,2026-09-18T06:49:40.019+00:00,2026-09-18T06:51:52.033+00:00,2026-09-18T06:51:58.090+00:00,True,100,100.0,,100.0,132013.924758,138071.159958,138071.159907,1380.7115990700001,36.612762000000004,132013.924758,13195.278423301892,70.72994485,61.184193939393936,10.789779396995065,0.7242642129639462,3,64,,True,True,,516,87.6246207195492
116,2026-09-18T06:49:40.408+00:00,2026-09-18T06:51:53.443+00:00,2026-09-18T06:51:57.962+00:00,True,76,76.0,,76.0,133035.50121699998,137554.07376099998,137554.07380399999,1809.9220237368418,35.433664,133035.50121699998,15253.311818854596,79.831401,60.24763392,11.29368814753244,0.5525099905950434,3,64,,True,True,,421,87.6246207195492
117,2026-09-18T06:49:40.707+00:00,2026-09-18T06:51:54.839+00:00,2026-09-18T06:51:56.788+00:00,True,33,33.0,,33.0,134131.297618,136080.853074,136080.85291400002,4123.6622095151515,37.639489999999995,134131.297618,23338.659589056406,92.5982052,60.923608,12.314738973253945,0.2425028889409944,3,64,,True,True,,156,87.6246207195492
118,2026-09-18T06:49:41.036+00:00,2026-09-18T06:51:56.031+00:00,2026-09-18T06:52:02.049+00:00,True,100,100.0,,100.0,134995.27345100002,141013.280747,141013.28071400002,1410.13280714,36.779621,134995.27345100002,13493.451911442216,68.81598235,60.78795248484848,9.573064545838784,0.7091530632452678,3,64,,True,True,,397,87.6246207195492
119,2026-09-18T06:49:41.528+00:00,2026-09-18T06:51:58.022+00:00,2026-09-18T06:51:59.415+00:00,True,24,24.0,,24.0,136493.903508,137886.88629199998,137886.88634199998,5745.286930916666,41.825152,136493.903508,27849.33945219121,68.68940395,60.56446886956522,6.564972379861523,0.1740557107742337,3,64,,True,True,,133,87.6246207195492
120,2026-09-18T06:49:41.937+00:00,2026-09-18T06:51:59.598+00:00,2026-09-18T06:52:00.441+00:00,True,14,14.0,,14.0,137661.360634,138504.34226600002,138504.342263,9893.1673045,54.822997,137661.360634,36774.21680926809,48241.980598300004,64.84474092307693,9.314128665106598,0.10107986342487917,3,64,,True,True,,54,87.6246207195492
121,2026-09-18T06:49:42.414+00:00,2026-09-18T06:52:01.097+00:00,2026-09-18T06:52:02.842+00:00,True,29,29.0,,29.0,138683.803119,140428.03735899998,140428.03742799998,4842.346118206896,35.620523,138683.803119,25741.372118752344,92.8365814,62.29408,14.830460730135263,0.20651146697907904,3,64,,True,True,,90,87.6246207195492
122,2026-09-18T06:49:42.720+00:00,2026-09-18T06:52:02.357+00:00,2026-09-18T06:52:06.788+00:00,True,72,72.0,,72.0,139636.871377,144068.251089,144068.250989,2000.9479304027777,36.798872,139636.871377,16449.010892232433,87.54495205,62.41379876056338,10.52487127514055,0.49976312932070704,3,64,,True,True,,346,87.6246207195492
123,2026-09-18T06:49:43.147+00:00,2026-09-18T06:52:03.950+00:00,2026-09-18T06:52:05.846+00:00,True,31,31.0,,31.0,140802.803756,142698.207276,142698.207104,4603.167971096775,38.609588,140802.803756,25277.58447245898,92.8057465,63.180117333333335,9.8645843882384,0.21724169204201207,3,64,,True,True,,150,87.6246207195492
124,2026-09-18T06:49:43.567+00:00,2026-09-18T06:52:05.596+00:00,2026-09-18T06:52:09.255+00:00,True,59,59.0,,59.0,142029.644402,145688.57841800002,145688.578343,2469.297938016949,36.384921999999996,142029.644402,18482.474590907415,91.07453939999999,63.085069241379315,10.327327264306575,0.4049734072544871,3,64,,True,True,,288,87.6246207195492
125,2026-09-18T06:49:44.065+00:00,2026-09-18T06:52:07.457+00:00,2026-09-18T06:52:10.551+00:00,True,52,52.0,,52.0,143392.289453,146486.26756500002,146486.267548,2817.043606692308,38.342538999999995,143392.289453,19876.520835217652,67.74943255,60.66623749019608,6.221008867920197,0.3549820803299952,3,64,,True,True,,209,87.6246207195492
126,2026-09-18T06:49:44.482+00:00,2026-09-18T06:52:09.193+00:00,2026-09-18T06:52:15.008+00:00,True,95,95.0,,95.0,144710.869308,150525.718076,150525.718161,1584.4812438,34.188936,144710.869308,14840.678581150922,78.780942,61.86009327659574,10.056076373502815,0.631121387190691,3,64,,True,True,,329,87.6246207195492
127,2026-09-18T06:49:44.869+00:00,2026-09-18T06:52:10.678+00:00,2026-09-18T06:52:16.591+00:00,True,96,96.0,,96.0,145808.714845,151722.373469,151722.373464,1580.44139025,34.151036,145808.714845,14875.19054605612,91.71293899999999,62.249038147368424,11.1963892308939,0.6327346310569993,3,64,,True,True,,482,87.6246207195492
128,2026-09-18T06:49:45.188+00:00,2026-09-18T06:52:12.105+00:00,2026-09-18T06:52:15.627+00:00,True,57,57.0,,57.0,146916.27514500002,150438.63930500002,150438.63926900004,2639.274373140351,37.58833,146916.27514500002,19451.208579217055,93.1526648,62.89936,12.239430068627941,0.3788920204498655,3,64,,True,True,,286,87.6246207195492
129,2026-09-18T06:49:45.526+00:00,2026-09-18T06:52:13.192+00:00,2026-09-18T06:52:15.945+00:00,True,45,45.0,,45.0,147666.744598,150419.343382,150419.343229,3342.6520717555554,38.249359,147666.744598,22003.535396361687,88.612179,62.55906327272727,10.725356381143746,0.29916365135113965,3,64,,True,True,,170,87.6246207195492
130,2026-09-18T06:49:45.938+00:00,2026-09-18T06:52:14.833+00:00,2026-09-18T06:52:17.310+00:00,True,41,41.0,,41.0,148895.142311,151372.250535,151372.250716,3692.0061150243905,35.542994,148895.142311,23243.846573757004,94.00255499999999,61.9277056,13.020270312438306,0.2708554563672822,3,64,,True,True,,179,87.6246207195492
131,2026-09-18T06:49:46.458+00:00,2026-09-18T06:52:17.055+00:00,2026-09-18T06:52:20.428+00:00,True,53,53.0,,53.0,150596.740152,153970.077496,153970.07752400002,2905.095802339623,36.601312,150596.740152,20677.146817958037,95.0268626,64.871872,13.77295550768102,0.3442227273112653,3,64,,True,True,,227,87.6246207195492
132,2026-09-18T06:49:46.897+00:00,2026-09-18T06:52:18.673+00:00,2026-09-18T06:52:21.463+00:00,True,45,45.0,,45.0,151776.02307499998,154565.38883499996,154565.38864599998,3434.786414355555,38.211228999999996,151776.02307499998,22615.98669484697,93.2511804,63.394676363636364,12.45427758080343,0.2911389175751237,3,64,,True,True,,231,87.6246207195492
133,2026-09-18T06:49:47.350+00:00,2026-09-18T06:52:20.492+00:00,2026-09-18T06:52:22.130+00:00,True,27,27.0,,27.0,153141.65875099998,154780.07052699997,154780.07042699997,5732.595200999999,40.791934,153141.65875099998,29459.999879466868,85.4505795,63.01583753846154,8.974167277377552,0.17444106278068983,3,64,,True,True,,130,87.6246207195492
134,2026-09-18T06:49:47.825+00:00,2026-09-18T06:52:22.190+00:00,2026-09-18T06:52:24.121+00:00,True,31,31.0,,31.0,154365.6375,156296.64038,156296.640401,5041.827109709678,40.140315,154365.6375,27713.32868410742,93.5120255,64.36676266666666,11.608783932768596,0.1983407955835167,3,64,,True,True,,104,87.6246207195492
135,2026-09-18T06:49:48.131+00:00,2026-09-18T06:52:23.425+00:00,2026-09-18T06:52:25.538+00:00,True,34,34.0,,34.0,155294.340433,157407.555153,157407.555314,4629.633979823529,35.661493,155294.340433,26621.7801992449,93.74115235,64.0368096969697,12.30462672559485,0.2159997972584736,3,64,,True,True,,141,87.6246207195492
136,2026-09-18T06:49:48.770+00:00,2026-09-18T06:52:25.255+00:00,2026-09-18T06:52:26.848+00:00,True,26,26.0,,26.0,156485.401881,158078.623769,158078.623601,6079.947061576923,53.993089,156485.401881,30676.814533041164,83.34936175000001,63.72887552,6.035862941114145,0.1644751161168619,3,64,,True,True,,90,87.6246207195492
137,2026-09-18T06:49:48.838+00:00,2026-09-18T06:52:25.383+00:00,2026-09-18T06:52:27.193+00:00,True,30,30.0,,30.0,156544.799219,158354.63934700002,158354.63949600002,5278.487983200001,38.149958,156544.799219,28569.646318875766,83.62215669999999,62.40828027586207,8.41529088051601,0.189448191247883,3,64,,True,True,,107,87.6246207195492
138,2026-09-18T06:49:49.259+00:00,2026-09-18T06:52:27.486+00:00,2026-09-18T06:52:29.050+00:00,True,26,26.0,,26.0,158226.43747600002,159790.200164,159790.20014000003,6145.77692846154,37.48315,158226.43747600002,31018.49229846259,97.58698025,62.550507520000004,11.559032079442426,0.1627133577235338,3,64,,True,True,,108,87.6246207195492
139,2026-09-18T06:49:49.680+00:00,2026-09-18T06:52:29.106+00:00,2026-09-18T06:52:35.260+00:00,True,98,98.0,,98.0,159425.873302,165580.13557399999,165580.13572999998,1689.5932217346938,37.371410000000004,159425.873302,16098.041256702529,95.23800349999999,63.446002804123715,12.896575692367545,0.5918584355561327,3,64,,True,True,,491,87.6246207195492
140,2026-09-18T06:49:50.107+00:00,2026-09-18T06:52:30.809+00:00,2026-09-18T06:52:32.199+00:00,True,22,22.0,,22.0,160702.500613,162092.07578100002,162092.075843,7367.821629227274,39.280447,160702.500613,34247.78318534225,99.19402585,66.1702460952381,13.352558829217633,0.13572532706487048,3,64,,True,True,,92,87.6246207195492
141,2026-09-18T06:49:50.495+00:00,2026-09-18T06:52:32.442+00:00,2026-09-18T06:52:34.601+00:00,True,34,34.0,,34.0,161947.024116,164105.387252,164105.387233,4826.629036264705,37.305681,161947.024116,27762.472483073994,102.7075222,65.40494351515152,14.817328144903039,0.20718393569730684,3,64,,True,True,,144,87.6246207195492
142,2026-09-18T06:49:51.013+00:00,2026-09-18T06:52:34.536+00:00,2026-09-18T06:52:38.027+00:00,True,55,55.0,,55.0,163522.72002900002,167014.308125,167014.308132,3036.623784218182,36.577301,163522.72002900002,22040.68646567003,100.5937575,64.6590388148148,16.44050244393102,0.3293131026764237,3,64,,True,True,,191,87.6246207195492
143,2026-09-18T06:49:51.379+00:00,2026-09-18T06:52:36.128+00:00,2026-09-18T06:52:37.127+00:00,True,16,16.0,,16.0,164748.483128,165747.482168,165747.48215599998,10359.217634749999,41.066354,164748.483128,41170.473043652244,41262.998531,66.599936,14.074763506081332,0.09653238643940643,3,64,,True,True,,64,87.6246207195492
144,2026-09-18T06:49:51.798+00:00,2026-09-18T06:52:37.604+00:00,2026-09-18T06:52:43.642+00:00,True,97,97.0,,97.0,165805.44335100002,171843.29679100003,171843.29678700003,1771.580379247423,34.679866000000004,165805.44335100002,16828.609114321778,91.4280556,62.894306666666665,10.028803620911896,0.5644677552827315,3,64,,True,True,,533,87.6246207195492
145,2026-09-18T06:49:52.198+00:00,2026-09-18T06:52:39.122+00:00,2026-09-18T06:52:40.302+00:00,True,21,21.0,,21.0,166924.114208,168103.503904,168103.5038,8004.9287523809535,33.733967,166924.114208,36412.96164043653,77.77952499999999,58.9694848,11.759426633750016,0.12492303558403287,3,64,,True,True,,89,87.6246207195492
146,2026-09-18T06:49:52.616+00:00,2026-09-18T06:52:40.721+00:00,2026-09-18T06:52:43.299+00:00,True,41,41.0,,41.0,168105.202849,170683.297953,170683.297754,4163.007262292683,40.434504999999994,168105.202849,26243.558117228647,92.12608900000001,64.4523776,10.284370759074116,0.24021096669511224,3,64,,True,True,,200,87.6246207195492
147,2026-09-18T06:49:53.120+00:00,2026-09-18T06:52:42.821+00:00,2026-09-18T06:52:43.644+00:00,True,14,14.0,,14.0,169701.63494400002,170524.65139200003,170524.65147,12180.332247857144,42.684830999999996,169701.63494400002,45337.75089560718,59454.698785550005,63.308957538461534,10.93879404551971,0.08209956675306121,3,64,,True,True,,58,87.6246207195492
148,2026-09-18T06:49:53.631+00:00,2026-09-18T06:52:44.523+00:00,2026-09-18T06:52:44.523+00:00,True,1,1.0,,1.0,170892.194795,170892.194795,170892.194795,170892.194795,170892.194795,170892.194795,nan,170892.194795,nan,nan,0.005851642324563662,3,64,,True,True,,3,87.6246207195492
149,2026-09-18T06:49:54.069+00:00,2026-09-18T06:52:46.130+00:00,2026-09-18T06:52:51.381+00:00,True,84,84.0,,84.0,172061.65119600002,177312.13798000003,177312.13790800003,2110.858784619048,35.127454,172061.65119600002,18766.567876280198,94.63717714999999,63.258876915662654,13.402639281564682,0.4737408332952074,3,64,,True,True,,287,87.6246207195492
150,2026-09-18T06:49:54.543+00:00,2026-09-18T06:52:48.271+00:00,2026-09-18T06:52:52.050+00:00,True,60,60.0,,60.0,173728.626231,177506.830647,177506.830505,2958.447175083333,39.193997,173728.626231,22420.005078877908,94.70581545,64.03736298305084,11.817154150169731,0.33801516133944925,3,64,,True,True,,215,87.6246207195492
151,2026-09-18T06:49:54.837+00:00,2026-09-18T06:52:49.185+00:00,2026-09-18T06:52:52.430+00:00,True,52,52.0,,52.0,174348.008228,177592.721444,177592.721367,3415.244641673077,36.364072,174348.008228,24168.89905493117,93.28246165,63.621827764705884,12.601831160766398,0.29280479277072774,3,64,,True,True,,230,87.6246207195492
152,2026-09-18T06:49:55.162+00:00,2026-09-18T06:52:50.746+00:00,2026-09-18T06:52:55.354+00:00,True,71,71.0,,71.0,175584.341322,180192.227146,180192.227124,2537.918691887324,42.280811,175584.341322,20830.219676365814,96.04122,65.82694034285714,13.51564183523026,0.39402365531823164,3,64,,True,True,,377,87.6246207195492
153,2026-09-18T06:49:55.552+00:00,2026-09-18T06:52:52.177+00:00,2026-09-18T06:52:52.237+00:00,True,2,2.0,,2.0,176625.02441800002,176685.167522,176685.16755600003,88342.58377800001,60.143138,176625.02441800002,124850.2248724857,167796.78035400005,60.143104,nan,0.011319569311051362,3,64,,True,True,,3,87.6246207195492
154,2026-09-18T06:49:55.966+00:00,2026-09-18T06:52:53.591+00:00,2026-09-18T06:52:57.377+00:00,True,58,58.0,,58.0,177625.185131,181411.177579,181411.177769,3127.778927051724,37.22656,177625.185131,23314.612039245516,98.18982735000002,66.42092014035087,13.929539108795769,0.31971569102869896,3,64,,True,True,,267,87.6246207195492
155,2026-09-18T06:49:56.360+00:00,2026-09-18T06:52:55.357+00:00,2026-09-18T06:52:56.620+00:00,True,20,20.0,,20.0,178996.582,180259.769712,180259.76954,9012.988476999999,54.512049,178996.582,40009.98859642988,9053.326789199999,66.48356378947368,13.822461716635859,0.11095099051748421,3,64,,True,True,,127,87.6246207195492
156,2026-09-18T06:49:56.649+00:00,2026-09-18T06:52:56.311+00:00,2026-09-18T06:52:58.139+00:00,True,30,30.0,,30.0,179661.67733,181489.19963400002,181489.199727,6049.6399909,34.332546,179661.67733,32790.0821134997,95.7920103,63.01801048275862,14.538164960332763,0.165299092510736,3,64,,True,True,,115,87.6246207195492
157,2026-09-18T06:49:57.007+00:00,2026-09-18T06:52:57.604+00:00,2026-09-18T06:52:59.739+00:00,True,34,34.0,,34.0,180597.499404,182732.390924,182732.390926,5374.482086058823,39.065927,180597.499404,30961.12340681255,97.66562545,64.69368242424243,13.017775703905254,0.1860644400704027,3,64,,True,True,,101,87.6246207195492
158,2026-09-18T06:49:57.532+00:00,2026-09-18T06:52:59.565+00:00,2026-09-18T06:52:59.734+00:00,True,4,4.0,,4.0,182032.308642,182201.97469,182201.97493499998,45550.493733749994,45.059555,182032.308642,90987.87696983891,154736.89465664997,56.55534933333334,9.97265058415692,0.021953658882158847,3,64,,True,True,,16,87.6246207195492
159,2026-09-18T06:49:57.991+00:00,2026-09-18T06:53:01.611+00:00,2026-09-18T06:53:03.428+00:00,True,31,31.0,,31.0,183620.916093,185437.02642900002,185437.026571,5981.839566806452,41.114773,183620.916093,32968.41794234252,68.3181125,60.5370112,6.492923684059654,0.16717265476573664,3,64,,True,True,,125,87.6246207195492
160,2026-09-18T06:49:58.306+00:00,2026-09-18T06:53:02.705+00:00,2026-09-18T06:53:04.709+00:00,True,34,34.0,,34.0,184398.766164,186402.732116,186402.7321,5482.433297058824,34.810635000000005,184398.766164,31613.713808203633,68.82983975,60.72624096969697,7.10114780588709,0.18240075997835434,3,64,,True,True,,167,87.6246207195492
161,2026-09-18T06:49:58.681+00:00,2026-09-18T06:53:04.354+00:00,2026-09-18T06:53:06.930+00:00,True,44,44.0,,44.0,185673.182474,188248.836874,188248.836772,4278.382653909091,35.725933,185673.182474,27982.256611321623,75.44872255,59.89893953488372,8.516848415500775,0.23373318385733444,3,64,,True,True,,236,87.6246207195492
162,2026-09-18T06:49:59.154+00:00,2026-09-18T06:53:05.963+00:00,2026-09-18T06:53:11.271+00:00,True,90,90.0,,90.0,186808.977902,192117.18859,192117.18858500003,2134.6354287222225,36.772591,186808.977902,19685.110798378533,68.80949345,59.64281671910113,9.880920259863883,0.4684640695636571,3,64,,True,True,,338,87.6246207195492
163,2026-09-18T06:49:59.451+00:00,2026-09-18T06:53:06.930+00:00,2026-09-18T06:53:10.420+00:00,True,60,60.0,,60.0,187479.443872,190969.713568,190969.71366100002,3182.8285610166668,33.844337,187479.443872,24195.857764963763,69.69596634999999,59.15711349152543,11.712093972930372,0.314185945399323,3,64,,True,True,,302,87.6246207195492
164,2026-09-18T06:49:59.900+00:00,2026-09-18T06:53:08.667+00:00,2026-09-18T06:53:12.518+00:00,True,65,65.0,,65.0,188766.943886,192617.848974,192617.84884299999,2963.3515206615384,37.42864,188766.943886,23406.19617596981,68.80845140000001,60.170392,8.750642589238506,0.3374557464234472,3,64,,True,True,,297,87.6246207195492
165,2026-09-18T06:50:00.248+00:00,2026-09-18T06:53:10.357+00:00,2026-09-18T06:53:13.805+00:00,True,57,57.0,,57.0,190108.64681200002,193556.89743600003,193556.897541,3395.7350445789475,36.313362,190108.64681200002,25172.351568111542,75.14155779999999,61.575904,10.35066871821768,0.2944870513790249,3,64,,True,True,,253,87.6246207195492
166,2026-09-18T06:50:00.769+00:00,2026-09-18T06:53:12.050+00:00,2026-09-18T06:53:14.752+00:00,True,44,44.0,,44.0,191281.587639,193982.934199,193982.934104,4408.703047818182,39.630196000000005,191281.587639,28827.31648294394,96.19222855,62.82201302325582,13.120562861622613,0.22682407698226695,3,64,,True,True,,239,87.6246207195492
167,2026-09-18T06:50:01.241+00:00,2026-09-18T06:53:13.739+00:00,2026-09-18T06:53:17.207+00:00,True,55,55.0,,55.0,192497.871186,195965.732434,195965.732448,3563.0133172363635,37.364781,192497.871186,25947.751732050616,95.3937735,64.21965274074074,13.511450886549289,0.2806613141842217,3,64,,True,True,,246,87.6246207195492
170,2026-09-18T06:50:02.741+00:00,2026-09-18T06:53:17.434+00:00,2026-09-18T06:53:18.930+00:00,True,24,24.0,,24.0,194692.440172,196188.47678,196188.476847,8174.5198686250005,39.938335,194692.440172,39728.15337229339,93.53068315,65.04506991304348,15.00088466736283,0.12233134378688762,3,64,,True,True,,89,87.6246207195492
169,2026-09-18T06:50:02.731+00:00,2026-09-18T06:53:17.496+00:00,2026-09-18T06:53:19.370+00:00,True,30,30.0,,30.0,194765.635135,196639.317567,196639.317495,6554.643916499999,39.396777,194765.635135,35547.38355473199,94.6827335,64.60973903448276,13.186200567995085,0.1525635888650714,3,64,,True,True,,140,87.6246207195492
168,2026-09-18T06:50:02.705+00:00,2026-09-18T06:53:18.399+00:00,2026-09-18T06:53:19.670+00:00,True,22,22.0,,22.0,195693.437783,196965.017687,196965.017657,8952.955348045454,40.624524,195693.437783,41709.07273961933,89.13488195,60.551424,10.357818023129619,0.11169496115782611,3,64,,True,True,,97,87.6246207195492
171,2026-09-18T06:50:02.756+00:00,2026-09-18T06:53:19.543+00:00,2026-09-18T06:53:23.645+00:00,True,67,67.0,,67.0,196787.291218,200888.867922,200888.868016,2998.3413136716417,35.208574,196787.291218,24033.805605453097,94.78623049999999,62.14510157575758,13.643106259466757,0.333517733924482,3,64,,True,True,,278,87.6246207195492
172,2026-09-18T06:50:03.029+00:00,2026-09-18T06:53:21.125+00:00,2026-09-18T06:53:21.924+00:00,True,14,14.0,,14.0,198096.50753600002,198895.279248,198895.279034,14206.805645285716,37.5421,198096.50753600002,52927.09956050507,69396.37089495,61.44397784615385,17.024190060209158,0.0703887998394551,3,64,,True,True,,67,87.6246207195492
173,2026-09-18T06:50:03.321+00:00,2026-09-18T06:53:22.322+00:00,2026-09-18T06:53:27.844+00:00,True,88,88.0,,88.0,199001.054169,204522.419929,204522.419975,2324.1184088068185,38.251729,199001.054169,21206.822564443915,96.07905414999999,63.46397425287356,13.415731087009046,0.4302706765867,3,64,,True,True,,319,87.6246207195492
174,2026-09-18T06:50:03.694+00:00,2026-09-18T06:53:23.705+00:00,2026-09-18T06:53:28.668+00:00,True,80,80.0,,80.0,200011.43974399997,204974.37043199997,204974.37030199997,2562.179628775,36.534382,200011.43974399997,22354.93790185014,92.48842145,62.82190744303797,11.314742429269437,0.39029269772310343,3,64,,True,True,,336,87.6246207195492
175,2026-09-18T06:50:03.995+00:00,2026-09-18T06:53:25.070+00:00,2026-09-18T06:53:29.697+00:00,True,76,76.0,,76.0,201075.059399,205702.585799,205702.58577499999,2706.612970723684,37.032021,201075.059399,23057.81587869814,89.49819550000001,61.700352,10.22493891510174,0.36946545764019983,3,64,,True,True,,407,87.6246207195492
176,2026-09-18T06:50:04.451+00:00,2026-09-18T06:53:26.818+00:00,2026-09-18T06:53:30.844+00:00,True,67,67.0,,67.0,202366.856996,206393.26953999998,206393.26952399997,3080.496560059701,34.699085,202366.856996,24715.595632920034,85.65341570000001,61.006250666666666,10.644154429299876,0.32462298867267614,3,64,,True,True,,302,87.6246207195492
177,2026-09-18T06:50:04.951+00:00,2026-09-18T06:53:28.443+00:00,2026-09-18T06:53:30.665+00:00,True,38,38.0,,38.0,203492.053652,205714.579604,205714.5798,5413.541573684211,37.692999,203492.053652,33001.027151358954,79.97841495,60.06826897297297,9.675144471304437,0.1847219583227883,3,64,,True,True,,169,87.6246207195492
178,2026-09-18T06:50:05.368+00:00,2026-09-18T06:53:29.949+00:00,2026-09-18T06:53:31.988+00:00,True,34,34.0,,34.0,204580.560888,206619.614456,206619.614389,6077.047482029412,35.609224000000005,204580.560888,35074.68169690974,86.29160035,61.78950206060606,11.311805960660928,0.16455359327582306,3,64,,True,True,,154,87.6246207195492
179,2026-09-18T06:50:05.689+00:00,2026-09-18T06:53:31.394+00:00,2026-09-18T06:53:32.424+00:00,True,18,18.0,,18.0,205704.170882,206734.500226,206734.500188,11485.250010444444,39.694586,205704.170882,48470.65336217001,30913.349100850002,60.60760847058824,8.259250917220264,0.08706819606946392,3,64,,True,True,,91,87.6246207195492
180,2026-09-18T06:50:06.109+00:00,2026-09-18T06:53:33.077+00:00,2026-09-18T06:53:35.024+00:00,True,33,33.0,,33.0,206967.621413,208915.248165,208915.248244,6330.76509830303,38.329949,206967.621413,36017.84479578211,79.3096998,60.863336,10.014706751594245,0.15795879089656872,3,64,,True,True,,156,87.6246207195492
181,2026-09-18T06:50:06.430+00:00,2026-09-18T06:53:34.472+00:00,2026-09-18T06:53:39.356+00:00,True,78,78.0,,78.0,208042.835606,212926.848662,212926.848551,2729.8313916794873,37.32093,208042.835606,23549.033728195223,92.8409807,63.428740987012986,12.223531129273022,0.36632299068971413,3,64,,True,True,,443,87.6246207195492
182,2026-09-18T06:50:06.952+00:00,2026-09-18T06:53:36.333+00:00,2026-09-18T06:53:39.981+00:00,True,60,60.0,,60.0,209380.54160499998,213029.11222899996,213029.11229799996,3550.485204966666,38.598708,209380.54160499998,27022.929960973157,78.99889359999999,61.84018006779661,9.963068186746863,0.281651645506093,3,64,,True,True,,227,87.6246207195492
183,2026-09-18T06:50:07.375+00:00,2026-09-18T06:53:38.323+00:00,2026-09-18T06:53:42.132+00:00,True,61,61.0,,61.0,210947.838167,214757.023703,214757.023661,3520.606945262295,35.498504000000004,210947.838167,27000.97714109879,92.211947,63.486425600000004,12.216000869249726,0.28404193235775355,3,64,,True,True,,329,87.6246207195492
184,2026-09-18T06:50:07.858+00:00,2026-09-18T06:53:40.044+00:00,2026-09-18T06:53:41.516+00:00,True,25,25.0,,25.0,212185.888392,213657.543816,213657.543843,8546.30175372,33.484227,212185.888392,42424.91499546324,87.8201884,61.318976,9.924628268134125,0.11700967610827626,3,64,,True,True,,103,87.6246207195492
185,2026-09-18T06:50:08.262+00:00,2026-09-18T06:53:41.453+00:00,2026-09-18T06:53:43.619+00:00,True,36,36.0,,36.0,213190.352436,215356.57554,215356.57572099997,5982.127103361111,37.200941,213190.352436,35521.41190040705,89.26479275,61.892088685714285,11.610803076479927,0.16716461946764852,3,64,,True,True,,188,87.6246207195492
186,2026-09-18T06:50:08.602+00:00,2026-09-18T06:53:42.933+00:00,2026-09-18T06:53:48.604+00:00,True,90,90.0,,90.0,214330.626508,220001.987532,220001.987405,2444.466526722222,34.477346,214330.626508,22585.717287273797,89.30349835000001,63.7231575730337,10.816958793096592,0.4090872133003308,3,64,,True,True,,426,87.6246207195492
187,2026-09-18T06:50:09.055+00:00,2026-09-18T06:53:44.277+00:00,2026-09-18T06:53:45.042+00:00,True,13,13.0,,13.0,215222.13577300002,215986.496989,215986.496925,16614.345917307695,39.862095000000004,215222.13577300002,59674.21544798672,86144.13079000002,63.696768,12.902904268818185,0.06018894783344756,3,64,,True,True,,60,87.6246207195492
188,2026-09-18T06:50:09.384+00:00,2026-09-18T06:53:45.514+00:00,2026-09-18T06:53:46.730+00:00,True,20,20.0,,20.0,216130.01574,217346.0375,217346.037618,10867.3018809,42.63179,216130.01574,48313.83037365032,10892.4582405,64.0011452631579,8.739878404651538,0.09201916091983044,3,64,,True,True,,85,87.6246207195492
189,2026-09-18T06:50:09.677+00:00,2026-09-18T06:53:46.801+00:00,2026-09-18T06:53:49.522+00:00,True,43,43.0,,43.0,217123.757227,219844.304811,219844.304885,5112.658253139535,0.01777,217123.757227,33101.19774583293,94.9084403,64.77494247619047,29.99874043488729,0.19559296765484588,3,64,,True,True,,206,87.6246207195492
190,2026-09-18T06:50:10.044+00:00,2026-09-18T06:53:48.667+00:00,2026-09-18T06:53:50.032+00:00,True,22,22.0,,22.0,218623.239848,219988.08132,219988.081378,9999.458244454545,0.0176,218623.239848,46596.792337313644,216.3110613,64.99245104761904,41.295653588940745,0.10000541787533601,3,64,,True,True,,95,87.6246207195492
191,2026-09-18T06:50:10.536+00:00,2026-09-18T06:53:50.454+00:00,2026-09-18T06:53:54.092+00:00,True,59,59.0,,59.0,219918.114467,223555.883427,223555.883328,3789.0827682711865,37.54639,219918.114467,28622.73701911236,89.9974774,62.720154482758616,12.447869606237385,0.2639161139289178,3,64,,True,True,,319,87.6246207195492
192,2026-09-18T06:50:10.974+00:00,2026-09-18T06:53:51.909+00:00,2026-09-18T06:53:57.750+00:00,True,94,94.0,,94.0,220935.249017,226775.736441,226775.736487,2412.5078349680853,38.421938000000004,220935.249017,22781.25587692029,88.22019114999999,62.800940043010755,10.31691282260881,0.4145064259308706,3,64,,True,True,,503,87.6246207195492
193,2026-09-18T06:50:11.466+00:00,2026-09-18T06:53:53.747+00:00,2026-09-18T06:53:55.676+00:00,True,32,32.0,,32.0,222280.906129,224210.658193,224210.658146,7006.5830670625,37.57141,222280.906129,39283.08184658588,100.1385527,62.25006658064516,13.347187715535686,0.1427229207473914,3,64,,True,True,,155,87.6246207195492
194,2026-09-18T06:50:11.831+00:00,2026-09-18T06:53:55.235+00:00,2026-09-18T06:53:57.623+00:00,True,39,39.0,,39.0,223404.158356,225791.847828,225791.847856,5789.534560410257,53.86114,223404.158356,35763.23410230939,68.4586759,62.83393347368421,3.3663099033931094,0.1727254565439793,3,64,,True,True,,204,87.6246207195492
195,2026-09-18T06:50:12.150+00:00,2026-09-18T06:53:56.434+00:00,2026-09-18T06:53:57.185+00:00,True,13,13.0,,13.0,224283.8171,225034.662284,225034.66235499998,17310.358642692307,58.454201,224283.8171,62187.784832972306,89755.163486,62.570432,3.132306991594882,0.05776887821660843,3,64,,True,True,,44,87.6246207195492
196,2026-09-18T06:50:12.507+00:00,2026-09-18T06:53:57.809+00:00,2026-09-18T06:53:58.025+00:00,True,4,4.0,,4.0,225302.66723300001,225517.96374500002,225517.96372000003,56379.49093000001,59.026449,225302.66723300001,112615.4521596188,191521.6472312,71.765504,20.883969812253227,0.017736946243993766,3,64,,True,True,,11,87.6246207195492
197,2026-09-18T06:50:12.871+00:00,2026-09-18T06:53:59.124+00:00,2026-09-18T06:54:03.053+00:00,True,63,63.0,,63.0,226252.758974,230181.989054,230181.989219,3653.6823685555555,37.672489999999996,226252.758974,28497.185643080942,89.36565610000001,63.37467870967742,10.300574441797766,0.2736964792897866,3,64,,True,True,,258,87.6246207195492
198,2026-09-18T06:50:13.269+00:00,2026-09-18T06:54:00.844+00:00,2026-09-18T06:54:02.207+00:00,True,23,23.0,,23.0,227575.80362700002,228938.677227,228938.67720600002,9953.855530695653,37.89985,227575.80362700002,47439.91901581475,77.0740223,61.9488,9.386995462016385,0.1004635838670229,3,64,,True,True,,117,87.6246207195492
199,2026-09-18T06:50:13.659+00:00,2026-09-18T06:54:02.419+00:00,2026-09-18T06:54:03.302+00:00,True,15,15.0,,15.0,228760.530228,229642.940468,229642.94027599998,15309.529351733332,44.355598,228760.530228,59049.441575064906,68692.26972899999,63.02930285714286,9.732128873903852,0.06531879433972934,3,64,,True,True,,77,87.6246207195492
200,2026-09-18T06:50:14.166+00:00,2026-09-18T06:54:04.053+00:00,2026-09-18T06:54:06.737+00:00,True,44,44.0,,44.0,229887.289025,232571.55987300002,232571.559959,5285.7172717954545,39.67219600000001,229887.289025,34647.40308799316,86.60447520000001,62.424903441860465,9.184173384878248,0.18918908237975018,3,64,,True,True,,224,87.6246207195492
201,2026-09-18T06:50:14.572+00:00,2026-09-18T06:54:05.705+00:00,2026-09-18T06:54:05.823+00:00,True,3,3.0,,3.0,231132.307783,231251.017287,231251.01733,77083.67244333333,58.25884,231132.307783,133410.031626978,208025.12207540002,59.354752,1.5497065353569366,0.012972915904092103,3,64,,True,True,,11,87.6246207195492
202,2026-09-18T06:50:14.920+00:00,2026-09-18T06:54:07.050+00:00,2026-09-18T06:54:07.468+00:00,True,7,7.0,,7.0,232129.250526,232547.234526,232547.234413,33221.033487571425,59.013949000000004,232129.250526,87710.28063898513,162521.3814573,69.664,16.566863739017545,0.030101411501487298,3,64,,True,True,,23,87.6246207195492
203,2026-09-18T06:50:15.416+00:00,2026-09-18T06:54:08.903+00:00,2026-09-18T06:54:08.903+00:00,True,1,1.0,,1.0,233487.39379,233487.39379,233487.39379,233487.39379,233487.39379,233487.39379,nan,233487.39379,nan,nan,0.004282886470947576,3,64,,True,True,,3,87.6246207195492
204,2026-09-18T06:50:15.830+00:00,2026-09-18T06:54:10.521+00:00,2026-09-18T06:54:12.785+00:00,True,36,36.0,,36.0,234690.106278,236954.43216599998,236954.432308,6582.067564111111,35.387133,234690.106278,39104.23760194981,96.832063,64.69502537142857,13.882587367978854,0.15192794526324777,3,64,,True,True,,181,87.6246207195492
205,2026-09-18T06:50:16.306+00:00,2026-09-18T06:54:12.194+00:00,2026-09-18T06:54:12.254+00:00,True,2,2.0,,2.0,235887.922682,235947.642874,235947.64282,117973.82141,59.720138,235887.922682,166755.72121389702,224096.5125548,59.720192,nan,0.008476456792018191,3,64,,True,True,,7,87.6246207195492
206,2026-09-18T06:50:17.311+00:00,2026-09-18T06:54:13.513+00:00,2026-09-18T06:54:18.241+00:00,True,76,76.0,,76.0,236202.090266,240930.44713000002,240930.447323,3170.137464776316,37.905199,236202.090266,27087.008507915976,91.98604225000001,63.04475818666667,11.232434163121923,0.31544373451061714,3,64,,True,True,,241,87.6246207195492
207,2026-09-18T06:50:17.316+00:00,2026-09-18T06:54:15.356+00:00,2026-09-18T06:54:17.638+00:00,True,36,36.0,,36.0,238039.935065,240322.084953,240322.084982,6675.613471722222,39.110627,238039.935065,39662.45797594252,103.26430424999998,65.20428251428571,15.243715345297868,0.14979896669521883,3,64,,True,True,,182,87.6246207195492
208,2026-09-18T06:50:17.490+00:00,2026-09-18T06:54:17.214+00:00,2026-09-18T06:54:18.378+00:00,True,19,19.0,,19.0,239724.68591600002,240888.643932,240888.64408600001,12678.349688736844,36.685181,239724.68591600002,54981.781123599605,24066.1691891,64.66433422222222,12.744260494888437,0.07887461895199789,3,64,,True,True,,73,87.6246207195492
209,2026-09-18T06:50:17.850+00:00,2026-09-18T06:54:18.695+00:00,2026-09-18T06:54:22.399+00:00,True,59,59.0,,59.0,240844.745039,244549.047631,244549.047845,4144.899116016949,39.996246,240844.745039,31347.00185170625,91.2273077,63.86728606896552,10.079339362277933,0.24126039570199057,3,64,,True,True,,318,87.6246207195492
210,2026-09-18T06:50:18.309+00:00,2026-09-18T06:54:20.576+00:00,2026-09-18T06:54:21.555+00:00,True,17,17.0,,17.0,242267.57763299998,243246.329889,243246.329931,14308.607643,35.374424,242267.57763299998,58743.682525539225,48507.867744999996,61.172016,8.317650641297025,0.0698880020420352,3,64,,True,True,,43,87.6246207195492
211,2026-09-18T06:50:18.655+00:00,2026-09-18T06:54:22.006+00:00,2026-09-18T06:54:22.970+00:00,True,16,16.0,,16.0,243351.313875,244315.650771,244315.650899,15269.7281811875,32.877819,243351.313875,60821.75770683644,60916.5283935,64.2891264,14.083439614044678,0.06548905053568178,3,64,,True,True,,92,87.6246207195492
212,2026-09-18T06:50:18.970+00:00,2026-09-18T06:54:23.310+00:00,2026-09-18T06:54:28.195+00:00,True,78,78.0,,78.0,244340.390135,249225.625847,249225.625998,3195.2003333076923,37.827769,244340.390135,27658.920023038736,93.8258589,63.44461963636363,11.802504165792225,0.312969421723448,3,64,,True,True,,359,87.6246207195492
213,2026-09-18T06:50:19.425+00:00,2026-09-18T06:54:25.104+00:00,2026-09-18T06:54:29.491+00:00,True,69,69.0,,69.0,245678.196247,250065.851415,250065.851532,3624.142775826087,34.964225,245678.196247,29568.41444808084,93.330753,64.52434070588235,13.477325893858932,0.2759273191823787,3,64,,True,True,,320,87.6246207195492
214,2026-09-18T06:50:19.874+00:00,2026-09-18T06:54:26.795+00:00,2026-09-18T06:54:32.079+00:00,True,84,84.0,,84.0,246920.95463800002,252204.28289400003,252204.28291600003,3002.4319394761906,38.034239,246920.95463800002,26934.34223141431,94.8297653,63.654557301204825,11.963600222342292,0.33306333673684957,3,64,,True,True,,279,87.6246207195492
215,2026-09-18T06:50:20.296+00:00,2026-09-18T06:54:28.130+00:00,2026-09-18T06:54:29.617+00:00,True,24,24.0,,24.0,247834.45620500002,249321.45063700003,249321.450642,10388.393776750001,34.986494,247834.45620500002,50575.80149198282,96.15872734999999,64.65193182608695,14.47191172125663,0.09626127209945862,3,64,,True,True,,102,87.6246207195492
216,2026-09-18T06:50:20.820+00:00,2026-09-18T06:54:30.472+00:00,2026-09-18T06:54:34.825+00:00,True,71,71.0,,71.0,249652.464638,254005.350142,254005.349968,3577.540140394366,37.075621,249652.464638,29620.918091392952,81.992351,62.18407862857143,9.133299705269613,0.2795216713360877,3,64,,True,True,,362,87.6246207195492
217,2026-09-18T06:50:21.160+00:00,2026-09-18T06:54:31.528+00:00,2026-09-18T06:54:37.527+00:00,True,96,96.0,,96.0,250368.355769,256367.69247299997,256367.692426,2670.4967961041666,37.724669,250368.355769,25546.670375208076,94.02678175,63.15091267368421,11.088074266063753,0.37446216047722347,3,64,,True,True,,508,87.6246207195492
218,2026-09-18T06:50:21.596+00:00,2026-09-18T06:54:33.159+00:00,2026-09-18T06:54:34.088+00:00,True,16,16.0,,16.0,251562.44592,252491.796064,252491.795939,15780.7372461875,54.994987,251562.44592,62875.12242990127,62942.498265,61.95667626666667,3.968395485505364,0.0633683955257874,3,64,,True,True,,92,87.6246207195492
219,2026-09-18T06:50:21.907+00:00,2026-09-18T06:54:34.191+00:00,2026-09-18T06:54:39.139+00:00,True,79,79.0,,79.0,252283.590602,257232.38292200002,257232.382887,3256.106112493671,33.589467,252283.590602,28376.98584835707,94.411615,63.446055384615384,12.104109263107787,0.30711529824747996,3,64,,True,True,,411,87.6246207195492
220,2026-09-18T06:50:22.233+00:00,2026-09-18T06:54:35.623+00:00,2026-09-18T06:54:39.605+00:00,True,64,64.0,,64.0,253389.875272,257371.494216,257371.494387,4021.429599796875,36.163072,253389.875272,31665.83711307738,96.18862215000001,63.200300698412704,13.283696549494367,0.24866778737464906,3,64,,True,True,,154,87.6246207195492
221,2026-09-18T06:50:22.697+00:00,2026-09-18T06:54:37.528+00:00,2026-09-18T06:54:39.140+00:00,True,27,27.0,,27.0,254831.06133000003,256443.63656200003,256443.63653100003,9497.912464111112,36.817091,254831.06133000003,49030.3258414319,93.9750294,62.0221243076923,11.887578554548922,0.10528629355742365,3,64,,True,True,,125,87.6246207195492
222,2026-09-18T06:50:23.150+00:00,2026-09-18T06:54:39.139+00:00,2026-09-18T06:54:39.323+00:00,True,4,4.0,,4.0,255989.52246900002,256172.545829,256172.54597700003,64043.13649425001,55.933865,255989.52246900002,127964.25736942694,217600.77652365004,61.00778666666666,4.507649688928958,0.015614475731798657,3,64,,True,True,,13,87.6246207195492
223,2026-09-18T06:50:23.666+00:00,2026-09-18T06:54:40.893+00:00,2026-09-18T06:54:43.702+00:00,True,47,47.0,,47.0,257227.050487,260036.417015,260036.416988,5532.6897231489365,41.672982000000005,257227.050487,37511.51345315415,68.3644866,61.07318539130435,5.2574806603639335,0.18074391479286087,3,64,,True,True,,209,87.6246207195492
224,2026-09-18T06:50:24.095+00:00,2026-09-18T06:54:42.330+00:00,2026-09-18T06:54:44.638+00:00,True,39,39.0,,39.0,258235.073219,260543.227331,260543.227458,6680.595575846154,39.488586000000005,258235.073219,41340.97973692026,69.87418000000001,60.74089768421052,6.790289471599923,0.14968725305015707,3,64,,True,True,,211,87.6246207195492
225,2026-09-18T06:50:24.501+00:00,2026-09-18T06:54:43.904+00:00,2026-09-18T06:54:47.239+00:00,True,56,56.0,,56.0,259402.917752,262738.797432,262738.797458,4691.764240321429,36.315112,259402.917752,34656.069319826194,75.632751,60.65235781818182,9.780738915649987,0.21313943942555144,3,64,,True,True,,242,87.6246207195492
226,2026-09-18T06:50:24.903+00:00,2026-09-18T06:54:45.234+00:00,2026-09-18T06:54:47.990+00:00,True,46,46.0,,46.0,260330.675514,263087.405626,263087.405454,5719.291422913044,37.718050000000005,260330.675514,38374.6330813933,87.72959074999999,61.260669155555554,10.590222809099503,0.17484683423193853,3,64,,True,True,,209,87.6246207195492
227,2026-09-18T06:50:25.247+00:00,2026-09-18T06:54:46.520+00:00,2026-09-18T06:54:52.051+00:00,True,93,93.0,,93.0,261272.862581,266804.182901,266804.18288599997,2868.8621815698925,35.573333,261272.862581,27086.501506799512,89.4276046,60.12304695652174,11.007413977466223,0.3485702472457429,3,64,,True,True,,478,87.6246207195492
228,2026-09-18T06:50:25.647+00:00,2026-09-18T06:54:47.736+00:00,2026-09-18T06:54:51.209+00:00,True,59,59.0,,59.0,262089.363222,265561.511702,265561.511641,4501.042570186441,37.10471,262089.363222,34113.336339751346,71.1412623,59.86462896551724,9.400648767404814,0.22217074914909693,3,64,,True,True,,227,87.6246207195492
229,2026-09-18T06:50:25.955+00:00,2026-09-18T06:54:49.125+00:00,2026-09-18T06:54:49.549+00:00,True,8,8.0,,8.0,263170.176849,263594.37832099997,263594.378445,32949.297305625,55.781096,263170.176849,93023.282965885,171083.33864549999,60.60021028571428,3.422647634580658,0.0303496609106654,3,64,,True,True,,20,87.6246207195492
230,2026-09-18T06:50:26.325+00:00,2026-09-18T06:54:50.556+00:00,2026-09-18T06:54:51.092+00:00,True,10,10.0,,10.0,264231.556263,264766.841255,264766.841321,26476.6841321,45.660104,264231.556263,83538.54691022905,145356.68169675,59.476110222222225,5.514901137875497,0.03776907996711297,3,64,,True,True,,37,87.6246207195492
231,2026-09-18T06:50:26.809+00:00,2026-09-18T06:54:52.292+00:00,2026-09-18T06:54:56.112+00:00,True,65,65.0,,65.0,265483.03397600004,269303.22008800006,269303.219984,4143.126461292308,35.810213000000005,265483.03397600004,32921.71528272831,66.6635512,59.690408,9.358237424029722,0.24136361971000567,3,64,,True,True,,322,87.6246207195492
232,2026-09-18T06:50:27.321+00:00,2026-09-18T06:54:54.078+00:00,2026-09-18T06:54:55.275+00:00,True,21,21.0,,21.0,266757.125007,267953.734543,267953.734627,12759.701648904762,37.17405,266757.125007,58198.122389489945,101.44579100000001,59.8304768,13.312186798261862,0.07837173844886276,3,64,,True,True,,75,87.6246207195492
233,2026-09-18T06:50:27.846+00:00,2026-09-18T06:54:56.179+00:00,2026-09-18T06:54:56.704+00:00,True,9,9.0,,9.0,268333.636311,268857.921751,268857.92180899996,29873.10242322222,54.858468,268333.636311,89422.70103403786,161038.6426302,65.53568,12.994400161664718,0.03347492958877833,3,64,,True,True,,23,87.6246207195492
234,2026-09-18T06:50:28.326+00:00,2026-09-18T06:54:57.994+00:00,2026-09-18T06:55:00.684+00:00,True,44,44.0,,44.0,269667.614907,272357.116347,272357.116152,6189.934458,38.743396999999995,269667.614907,40644.494940485674,89.35270144999998,62.54654511627907,11.562592603074727,0.16155259899264482,3,64,,True,True,,186,87.6246207195492
235,2026-09-18T06:50:28.713+00:00,2026-09-18T06:54:59.616+00:00,2026-09-18T06:55:02.896+00:00,True,53,53.0,,53.0,270903.68830599997,274182.91262599995,274182.91267399996,5173.262503283018,39.746044999999995,270903.68830599997,37202.822579477695,89.15508699999998,63.062006153846156,10.345671389735749,0.19330161567104953,3,64,,True,True,,167,87.6246207195492
236,2026-09-18T06:50:28.997+00:00,2026-09-18T06:55:00.809+00:00,2026-09-18T06:55:01.124+00:00,True,6,6.0,,6.0,271812.46067299997,272127.312513,272127.312613,45354.55210216666,56.956832999999996,271812.46067299997,110941.2648929546,203875.86006374995,62.970368,3.7118518348360836,0.022048503491222952,3,64,,True,True,,13,87.6246207195492
237,2026-09-18T06:50:29.337+00:00,2026-09-18T06:55:01.911+00:00,2026-09-18T06:55:01.911+00:00,True,1,1.0,,1.0,272574.370473,272574.370473,272574.370473,272574.370473,272574.370473,272574.370473,nan,272574.370473,nan,nan,0.0036687235056791796,3,64,,True,True,,3,87.6246207195492
238,2026-09-18T06:50:29.853+00:00,2026-09-18T06:55:03.559+00:00,2026-09-18T06:55:06.434+00:00,True,46,46.0,,46.0,273706.150093,276581.413837,276581.413709,6012.639428456521,35.197494,273706.150093,40346.351561639814,94.38288549999999,63.894749866666665,13.310437423099911,0.16631630940721695,3,64,,True,True,,205,87.6246207195492
239,2026-09-18T06:50:30.262+00:00,2026-09-18T06:55:05.435+00:00,2026-09-18T06:55:10.696+00:00,True,87,87.0,,87.0,275173.072968,280434.11770400003,280434.117688,3223.38066308046,37.31562,275173.072968,29495.093531004437,91.14176599999999,61.174938790697674,11.181981561145959,0.3102332936958443,3,64,,True,True,,356,87.6246207195492
240,2026-09-18T06:50:30.658+00:00,2026-09-18T06:55:07.136+00:00,2026-09-18T06:55:09.953+00:00,True,46,46.0,,46.0,276477.21151999995,279294.59007999994,279294.58990399993,6071.6215196521725,37.82547,276477.21151999995,40755.11151142462,92.51924100000001,62.60841244444445,11.970397292646107,0.164700648110742,3,64,,True,True,,154,87.6246207195492
241,2026-09-18T06:50:31.082+00:00,2026-09-18T06:55:08.639+00:00,2026-09-18T06:55:11.422+00:00,True,47,47.0,,47.0,277556.450511,280339.385039,280339.38507,5964.667767446808,35.781613,277556.450511,40476.946384402116,87.78869259999999,60.49857669565217,11.912732354268227,0.16765393129995448,3,64,,True,True,,255,87.6246207195492
242,2026-09-18T06:50:31.389+00:00,2026-09-18T06:55:09.956+00:00,2026-09-18T06:55:14.460+00:00,True,74,74.0,,74.0,278567.149485,283071.006893,283071.006877,3825.283876716216,36.741481,278567.149485,32375.603194254945,93.27729,61.69667682191781,11.25053151728154,0.2614185070107578,3,64,,True,True,,259,87.6246207195492
243,2026-09-18T06:50:31.833+00:00,2026-09-18T06:55:11.602+00:00,2026-09-18T06:55:13.695+00:00,True,35,35.0,,35.0,279768.933928,281861.6986,281861.698592,8053.191388342857,41.699741,279768.933928,47279.17787587801,87.56069240000001,61.55190211764706,10.23955228204549,0.1241743740772305,3,64,,True,True,,147,87.6246207195492
244,2026-09-18T06:50:32.355+00:00,2026-09-18T06:55:12.943+00:00,2026-09-18T06:55:15.432+00:00,True,41,41.0,,41.0,280587.079997,283076.301629,283076.301577,6904.300038463414,33.128477,280587.079997,43810.62301995753,98.15195600000001,62.2305408,13.329064294548134,0.1448372744876914,3,64,,True,True,,185,87.6246207195492
245,2026-09-18T06:50:32.816+00:00,2026-09-18T06:55:14.577+00:00,2026-09-18T06:55:17.960+00:00,True,56,56.0,,56.0,281760.214622,285143.264606,285143.264656,5091.844011714285,35.919052,281760.214622,37643.57426746204,76.749551,61.50999970909091,10.531279629394072,0.19639250493038524,3,64,,True,True,,261,87.6246207195492
246,2026-09-18T06:50:33.221+00:00,2026-09-18T06:55:16.442+00:00,2026-09-18T06:55:22.110+00:00,True,93,93.0,,93.0,283220.89267900004,288888.519687,288888.51973700005,3106.328169215054,36.519312,283220.89267900004,29362.251929681333,78.10182599999999,61.60464139130435,9.650887044922667,0.32192348834339984,3,64,,True,True,,402,87.6246207195492
247,2026-09-18T06:50:33.619+00:00,2026-09-18T06:55:17.954+00:00,2026-09-18T06:55:18.634+00:00,True,12,12.0,,12.0,284334.854827,285014.939819,285014.939931,23751.24499425,44.191718,284334.854827,82062.55520089278,127990.85755875,61.825908363636366,7.589671883259767,0.0421030560981142,3,64,,True,True,,59,87.6246207195492
250,2026-09-18T06:50:34.861+00:00,2026-09-18T06:55:19.711+00:00,2026-09-18T06:55:22.108+00:00,True,40,40.0,,40.0,284850.103332,287247.346724,287247.346734,7181.1836683500005,33.973746,284850.103332,45029.03788918526,76.4732644,61.46777928205128,9.045879728320111,0.13925280931640344,3,64,,True,True,,145,87.6246207195492
249,2026-09-18T06:50:34.820+00:00,2026-09-18T06:55:20.346+00:00,2026-09-18T06:55:26.337+00:00,True,99,99.0,,99.0,285525.576435,291516.888819,291516.888875,2944.615039141414,34.405796,285525.576435,28690.25738857037,70.8937738,61.13584065306122,9.684134842834522,0.3396029657186282,3,64,,True,True,,475,87.6246207195492
248,2026-09-18T06:50:34.717+00:00,2026-09-18T06:55:20.585+00:00,2026-09-18T06:55:22.464+00:00,True,32,32.0,,32.0,285867.238688,287746.360096,287746.360012,8992.073750375,37.24106,285867.238688,50523.950768595605,71.9403636,60.61681961290322,8.303546361288442,0.11120905226854624,3,64,,True,True,,134,87.6246207195492
251,2026-09-18T06:50:35.229+00:00,2026-09-18T06:55:23.618+00:00,2026-09-18T06:55:24.345+00:00,True,14,14.0,,14.0,288388.826891,289116.64922699996,289116.649315,20651.18923678571,41.315293,288388.826891,77060.19362291877,100980.1727908,55.98633353846154,9.782888045385034,0.04842336142671568,3,64,,True,True,,51,87.6246207195492
252,2026-09-18T06:50:35.639+00:00,2026-09-18T06:55:25.663+00:00,2026-09-18T06:55:28.971+00:00,True,54,54.0,,54.0,290023.106082,293331.83261000004,293331.832644,5432.070974888889,36.835231,290023.106082,39458.65217746089,91.0858816,62.42880241509434,12.396397554028058,0.18409185092364597,3,64,,True,True,,251,87.6246207195492
253,2026-09-18T06:50:35.982+00:00,2026-09-18T06:55:26.862+00:00,2026-09-18T06:55:30.917+00:00,True,67,67.0,,67.0,290880.321983,294935.808959,294935.808775,4402.026996641791,37.47637,290880.321983,35529.18214632822,89.91144400000002,61.44677236363637,11.246981315472409,0.22716807510245016,3,64,,True,True,,286,87.6246207195492
254,2026-09-18T06:50:36.399+00:00,2026-09-18T06:55:28.669+00:00,2026-09-18T06:55:30.485+00:00,True,31,31.0,,31.0,292269.681733,294085.943621,294085.94362599996,9486.643342774192,35.764263,292269.681733,52482.31219546035,91.0375345,60.54206293333333,12.37377894239172,0.10541136246875815,3,64,,True,True,,147,87.6246207195492
255,2026-09-18T06:50:36.709+00:00,2026-09-18T06:55:30.007+00:00,2026-09-18T06:55:31.634+00:00,True,26,26.0,,26.0,293297.433745,294924.285329,294924.285353,11343.241744346153,59.07521,293297.433745,57507.597640457265,91.38520875,65.07406336,8.20872527170804,0.08815821990039222,3,64,,True,True,,122,87.6246207195492
256,2026-09-18T06:50:37.228+00:00,2026-09-18T06:55:31.633+00:00,2026-09-18T06:55:33.383+00:00,True,29,29.0,,29.0,294404.811992,296155.30491999997,296155.30488799996,10212.251892689654,39.571036,294404.811992,54657.99302178395,94.93288400000002,62.51760457142858,11.295600300692929,0.09792159558929302,3,64,,True,True,,112,87.6246207195492
257,2026-09-18T06:50:37.669+00:00,2026-09-18T06:55:33.106+00:00,2026-09-18T06:55:37.688+00:00,False,73,72.0,,72.0,295436.692092,300018.870908,300018.870787,4109.847545027397,0.028399999999999998,295436.692092,34570.80336394476,92.2067032,63.64137244444445,13.648308598231422,0.23998490422317006,3,64,,True,False,Request timeout: 300.0s exceeded,371,87.6246207195492
258,2026-09-18T06:50:38.055+00:00,2026-09-18T06:55:34.637+00:00,2026-09-18T06:55:37.748+00:00,True,49,49.0,,49.0,296582.415301,299693.389509,299693.389495,6116.191622346939,40.414045,296582.415301,42359.65930116367,97.0403658,64.81196266666666,12.061283459249708,0.16350043649704357,3,64,,True,True,,207,87.6246207195492
259,2026-09-18T06:50:38.466+00:00,2026-09-18T06:55:36.467+00:00,2026-09-18T06:55:38.523+00:00,False,34,33.0,,33.0,298000.425867,300057.033867,300057.03381,8825.206876764707,0.03754,298000.425867,51095.96548953244,91.97143725,62.32145454545455,14.955788935405241,0.1099790915570645,3,64,,True,False,Request timeout: 300.0s exceeded,150,87.6246207195492
260,2026-09-18T06:50:38.924+00:00,2026-09-18T06:55:38.210+00:00,2026-09-18T06:55:38.950+00:00,False,14,13.0,,13.0,299285.509333,300025.951957,300025.951954,21430.425139571427,0.020329999999999997,299285.509333,79972.1963646298,104799.19202525001,56.95712492307692,18.07630413316396,0.04332958504157391,3,64,,True,False,Request timeout: 300.0s exceeded,49,87.6246207195492
261,2026-09-18T06:50:39.265+00:00,2026-09-18T06:55:39.326+00:00,2026-09-18T06:55:39.326+00:00,False,1,0.0,,0.0,300060.1278,300060.1278,300060.1278,300060.1278,300060.1278,300060.1278,nan,300060.1278,nan,nan,0.0,3,64,,True,False,TTFT timeout: 300.0s exceeded (TTFT: 300.053s),0,87.6246207195492
262,2026-09-18T06:50:39.559+00:00,2026-09-18T06:55:39.669+00:00,2026-09-18T06:55:39.669+00:00,False,1,0.0,,0.0,300110.171037,300110.171037,300110.171037,300110.171037,300110.171037,300110.171037,nan,300110.171037,nan,nan,0.0,3,64,,True,False,"HTTPConnectionPool(host='gpu03', port=9002): Read timed out.",0,87.6246207195492
263,2026-09-18T06:50:39.873+00:00,2026-09-18T06:55:39.970+00:00,2026-09-18T06:55:39.970+00:00,False,1,0.0,,0.0,300097.57257300004,300097.57257300004,300097.57257300004,300097.57257300004,300097.57257300004,300097.57257300004,nan,300097.57257300004,nan,nan,0.0,3,64,,True,False,"HTTPConnectionPool(host='gpu03', port=9002): Read timed out.",0,87.6246207195492
264,2026-09-18T06:50:40.195+00:00,2026-09-18T06:55:40.159+00:00,2026-09-18T06:55:40.229+00:00,False,3,2.0,,2.0,299963.819915,300033.174923,300033.174936,100011.058312,0.03693,299963.819915,173164.1745698845,269974.3697326,34.677504,48.98890085861196,0.006665929527670654,3,64,,True,False,Request timeout: 300.0s exceeded,7,87.6246207195492
265,2026-09-18T06:50:40.718+00:00,2026-09-18T06:55:40.791+00:00,2026-09-18T06:55:40.791+00:00,False,1,0.0,,0.0,300073.671906,300073.671906,300073.671906,300073.671906,300073.671906,300073.671906,nan,300073.671906,nan,nan,0.0,3,64,,True,False,"HTTPConnectionPool(host='gpu03', port=9002): Read timed out.",0,87.6246207195492
266,2026-09-18T06:50:41.198+00:00,2026-09-18T06:55:41.248+00:00,2026-09-18T06:55:41.248+00:00,False,1,0.0,,0.0,300050.779447,300050.779447,300050.779447,300050.779447,300050.779447,300050.779447,nan,300050.779447,nan,nan,0.0,3,64,,True,False,"HTTPConnectionPool(host='gpu03', port=9002): Read timed out.",0,87.6246207195492
267,2026-09-18T06:50:41.615+00:00,2026-09-18T06:55:41.613+00:00,2026-09-18T06:55:41.683+00:00,False,3,2.0,,2.0,299998.48050400004,300068.10252,300068.10240300006,100022.70080100001,0.02264,299998.48050400004,173184.10885844455,270005.5923795,34.811008,49.1979781916732,0.006665153620807452,3,64,,True,False,Request timeout: 300.0s exceeded,6,87.6246207195492
268,2026-09-18T06:50:41.946+00:00,2026-09-18T06:55:41.893+00:00,2026-09-18T06:55:41.993+00:00,False,4,3.0,,3.0,299947.4398,300046.767544,300046.767354,75011.6918385,0.07507,299947.4398,149957.1673568021,254964.2931127,33.109248,30.361917400566913,0.009998441324851363,3,64,,True,False,Request timeout: 300.0s exceeded,9,87.6246207195492
269,2026-09-18T06:50:42.391+00:00,2026-09-18T06:55:42.500+00:00,2026-09-18T06:55:42.500+00:00,False,1,0.0,,0.0,300109.49034500006,300109.49034500006,300109.49034500006,300109.49034500006,300109.49034500006,300109.49034500006,nan,300109.49034500006,nan,nan,0.0,3,64,,True,False,"HTTPConnectionPool(host='gpu03', port=9002): Read timed out.",0,87.6246207195492
270,2026-09-18T06:50:42.838+00:00,2026-09-18T06:55:42.747+00:00,2026-09-18T06:55:42.892+00:00,False,4,3.0,,3.0,299909.881418,300054.12000999996,300054.119867,75013.52996675,0.021059,299909.881418,149930.9048186304,254934.22091104998,48.07953066666666,41.619709193469255,0.00999819632504969,3,64,,True,False,Request timeout: 300.0s exceeded,9,87.6246207195492
271,2026-09-18T06:50:43.199+00:00,2026-09-18T06:55:43.052+00:00,2026-09-18T06:55:43.270+00:00,False,5,4.0,,4.0,299853.033065,300070.33866500005,300070.338728,60014.067745600005,0.02062,299853.033065,134074.06164414674,239900.40189840004,54.3264,38.36738976516441,0.013330207903239709,3,64,,True,False,Request timeout: 300.0s exceeded,15,87.6246207195492
272,2026-09-18T06:50:43.495+00:00,2026-09-18T06:55:43.611+00:00,2026-09-18T06:55:43.611+00:00,False,1,0.0,,0.0,300116.005365,300116.005365,300116.005365,300116.005365,300116.005365,300116.005365,nan,300116.005365,nan,nan,0.0,3,64,,True,False,"HTTPConnectionPool(host='gpu03', port=9002): Read timed out.",0,87.6246207195492
273,2026-09-18T06:50:43.983+00:00,2026-09-18T06:55:44.074+00:00,2026-09-18T06:55:44.074+00:00,False,1,0.0,,0.0,300090.54357,300090.54357,300090.54357,300090.54357,300090.54357,300090.54357,nan,300090.54357,nan,nan,0.0,3,64,,True,False,"HTTPConnectionPool(host='gpu03', port=9002): Read timed out.",0,87.6246207195492
274,2026-09-18T06:50:44.478+00:00,2026-09-18T06:55:44.356+00:00,2026-09-18T06:55:44.495+00:00,False,4,3.0,,3.0,299877.910606,300017.152078,300017.152065,75004.28801625,0.03089,299877.910606,149915.75199720898,254907.0721897,46.413824,40.2604257394964,0.009999428296752995,3,64,,True,False,Request timeout: 300.0s exceeded,10,87.6246207195492
275,2026-09-18T06:50:44.784+00:00,2026-09-18T06:55:44.569+00:00,2026-09-18T06:55:45.815+00:00,False,22,21.0,,21.0,299784.90237300005,301030.929125,301030.92903500004,13683.224047045456,0.040049999999999995,299784.90237300005,63901.70837677987,92.79323335000001,59.33460723809524,18.7438984519646,0.0697602736736728,3,64,,True,False,Request timeout: 300.0s exceeded,107,87.6246207195492
276,2026-09-18T06:50:45.201+00:00,2026-09-18T06:55:45.539+00:00,2026-09-18T06:55:45.910+00:00,False,8,7.0,,7.0,300338.14313499996,300708.31017499993,300708.31032,37588.53879,0.02229,300338.14313499996,106166.87590517278,195252.39099299998,52.88100571428571,28.770882634218076,0.023278372306792208,3,64,,True,False,Request timeout: 300.0s exceeded,30,87.6246207195492
278,2026-09-18T06:50:46.087+00:00,2026-09-18T06:55:46.178+00:00,2026-09-18T06:55:46.178+00:00,False,1,0.0,,0.0,300090.94018599996,300090.94018599996,300090.94018599996,300090.94018599996,300090.94018599996,300090.94018599996,nan,300090.94018599996,nan,nan,0.0,3,64,,True,False,"HTTPConnectionPool(host='gpu03', port=9002): Read timed out.",0,87.6246207195492
279,2026-09-18T06:50:46.550+00:00,2026-09-18T06:55:46.719+00:00,2026-09-18T06:55:46.719+00:00,False,1,0.0,,0.0,300168.951198,300168.951198,300168.951198,300168.951198,300168.951198,300168.951198,nan,300168.951198,nan,nan,0.0,3,64,,True,False,"HTTPConnectionPool(host='gpu03', port=9002): Read timed out.",0,87.6246207195492
277,2026-09-18T06:50:45.565+00:00,2026-09-18T06:55:46.741+00:00,2026-09-18T06:55:46.741+00:00,False,1,0.0,,0.0,301175.459814,301175.459814,301175.459814,301175.459814,301175.459814,301175.459814,nan,301175.459814,nan,nan,0.0,3,64,,True,False,"HTTPConnectionPool(host='gpu03', port=9002): Read timed out.",0,87.6246207195492
280,2026-09-18T06:50:46.948+00:00,2026-09-18T06:55:47.044+00:00,2026-09-18T06:55:47.044+00:00,False,1,0.0,,0.0,300096.089264,300096.089264,300096.089264,300096.089264,300096.089264,300096.089264,nan,300096.089264,nan,nan,0.0,3,64,,True,False,"HTTPConnectionPool(host='gpu03', port=9002): Read timed out.",0,87.6246207195492
282,2026-09-18T06:50:47.672+00:00,2026-09-18T06:55:47.290+00:00,2026-09-18T06:55:47.694+00:00,False,9,8.0,,8.0,299618.273243,300021.927131,300021.927085,33335.76967611111,0.01959,299618.273243,99855.94092934213,179796.4304978,50.456736,21.85005984346305,0.02666471773080413,3,64,,True,False,Request timeout: 300.0s exceeded,25,87.6246207195492
281,2026-09-18T06:50:47.315+00:00,2026-09-18T06:55:47.291+00:00,2026-09-18T06:55:47.350+00:00,False,3,2.0,,2.0,299975.78173000005,300035.08157000004,300035.08163900004,100011.69387966668,0.019170000000000003,299975.78173000005,173173.9824579468,269984.1316309001,29.64992,41.90416608687971,0.006665887167375751,3,64,,True,False,Request timeout: 300.0s exceeded,7,87.6246207195492
283,2026-09-18T06:50:48.041+00:00,2026-09-18T06:55:48.147+00:00,2026-09-18T06:55:48.147+00:00,False,1,0.0,,0.0,300106.65124800004,300106.65124800004,300106.65124800004,300106.65124800004,300106.65124800004,300106.65124800004,nan,300106.65124800004,nan,nan,0.0,3,64,,True,False,"HTTPConnectionPool(host='gpu03', port=9002): Read timed out.",0,87.6246207195492
284,2026-09-18T06:50:48.533+00:00,2026-09-18T06:55:48.557+00:00,2026-09-18T06:55:48.557+00:00,False,1,0.0,,0.0,300023.508051,300023.508051,300023.508051,300023.508051,300023.508051,300023.508051,nan,300023.508051,nan,nan,0.0,3,64,,True,False,TTFT timeout: 300.0s exceeded (TTFT: 300.017s),0,87.6246207195492
285,2026-09-18T06:50:49.031+00:00,2026-09-18T06:55:48.889+00:00,2026-09-18T06:55:49.105+00:00,False,5,4.0,,4.0,299857.786119,300073.779207,300073.779194,60014.755838799996,0.16283,299857.786119,134076.33387490714,239903.6333246,53.998272,37.65575032839657,0.013330055063693782,3,64,,True,False,Request timeout: 300.0s exceeded,33,87.6246207195492
286,2026-09-18T06:50:49.471+00:00,2026-09-18T06:55:49.579+00:00,2026-09-18T06:55:49.579+00:00,False,1,0.0,,0.0,300107.809649,300107.809649,300107.809649,300107.809649,300107.809649,300107.809649,nan,300107.809649,nan,nan,0.0,3,64,,True,False,"HTTPConnectionPool(host='gpu03', port=9002): Read timed out.",0,87.6246207195492
287,2026-09-18T06:50:49.861+00:00,2026-09-18T06:55:49.904+00:00,2026-09-18T06:55:49.904+00:00,False,1,0.0,,0.0,300043.17886,300043.17886,300043.17886,300043.17886,300043.17886,300043.17886,nan,300043.17886,nan,nan,0.0,3,64,,True,False,TTFT timeout: 300.0s exceeded (TTFT: 300.033s),0,87.6246207195492
288,2026-09-18T06:50:50.155+00:00,2026-09-18T06:55:50.093+00:00,2026-09-18T06:55:50.167+00:00,False,3,2.0,,2.0,299938.417539,300012.792195,300012.79213899997,100004.26404633332,0.02827,299938.417539,173148.0599961068,269952.0104181,37.187328,52.550637313428346,0.00666638240778765,3,64,,True,False,Request timeout: 300.0s exceeded,5,87.6246207195492
289,2026-09-18T06:50:50.472+00:00,2026-09-18T06:55:50.381+00:00,2026-09-18T06:55:50.516+00:00,False,4,3.0,,3.0,299908.693447,300043.650247,300043.650214,75010.9125535,0.02162,299908.693447,149931.85737714995,254933.39244925,44.9856,39.382361165652426,0.009998545203440765,3,64,,True,False,Request timeout: 300.0s exceeded,18,87.6246207195492
290,2026-09-18T06:50:50.979+00:00,2026-09-18T06:55:51.106+00:00,2026-09-18T06:55:51.106+00:00,False,1,0.0,,0.0,300127.01318400004,300127.01318400004,300127.01318400004,300127.01318400004,300127.01318400004,300127.01318400004,nan,300127.01318400004,nan,nan,0.0,3,64,,True,False,"HTTPConnectionPool(host='gpu03', port=9002): Read timed out.",0,87.6246207195492
291,2026-09-18T06:50:51.309+00:00,2026-09-18T06:55:51.398+00:00,2026-09-18T06:55:51.398+00:00,False,1,0.0,,0.0,300088.29923799995,300088.29923799995,300088.29923799995,300088.29923799995,300088.29923799995,300088.29923799995,nan,300088.29923799995,nan,nan,0.0,3,64,,True,False,TTFT timeout: 300.0s exceeded (TTFT: 300.080s),0,87.6246207195492
292,2026-09-18T06:50:51.763+00:00,2026-09-18T06:55:51.679+00:00,2026-09-18T06:55:51.798+00:00,False,4,3.0,,3.0,299916.04732,300035.050712,300035.05068700004,75008.76267175001,0.08339,299916.04732,149938.1923865984,254937.85219225,39.66779733333333,34.33664022338944,0.00999883177942321,3,64,,True,False,Request timeout: 300.0s exceeded,10,87.6246207195492
293,2026-09-18T06:50:52.286+00:00,2026-09-18T06:55:52.350+00:00,2026-09-18T06:55:52.350+00:00,False,1,0.0,,0.0,300063.827669,300063.827669,300063.827669,300063.827669,300063.827669,300063.827669,nan,300063.827669,nan,nan,0.0,3,64,,True,False,"HTTPConnectionPool(host='gpu03', port=9002): Read timed out.",0,87.6246207195492
294,2026-09-18T06:50:52.725+00:00,2026-09-18T06:55:52.726+00:00,2026-09-18T06:55:52.817+00:00,False,3,2.0,,2.0,300001.304806,300092.72496599995,300092.72504399996,100030.908348,0.02469,300001.304806,173179.44936347296,270010.3138801999,45.71008,64.60905936065029,0.006664606748552792,3,64,,True,False,Request timeout: 300.0s exceeded,9,87.6246207195492
295,2026-09-18T06:50:53.065+00:00,2026-09-18T06:55:52.889+00:00,2026-09-18T06:55:53.107+00:00,False,8,7.0,,7.0,299824.21165899996,300042.54945099994,300042.54945,37505.31868125,0.021070000000000002,299824.21165899996,105992.8396591737,194899.28662679996,31.19111314285714,13.790275510016608,0.023330024400899752,3,64,,True,False,Request timeout: 300.0s exceeded,29,87.6246207195492
0,2026-09-18T06:48:53.128+00:00,2026-09-18T06:48:53.321+00:00,2026-09-18T06:48:57.319+00:00,True,70,70.0,,70.0,192.916481,4191.122689,4191.122622,59.87318031428571,18.585765,192.916481,20.455290875460978,78.7439575,57.94501750724638,12.668779084869389,16.701968707268257,4,64,,False,True,,324,87.6246207195492
1,2026-09-18T06:48:53.579+00:00,2026-09-18T06:48:53.709+00:00,2026-09-18T06:48:58.009+00:00,True,73,73.0,,73.0,130.003868,4430.0522519999995,4430.052208,60.685646684931505,16.819469,130.003868,13.277425237422358,74.547127,59.72289422222222,10.49556286741376,16.478360941915142,4,64,,False,True,,323,87.6246207195492
2,2026-09-18T06:48:53.973+00:00,2026-09-18T06:48:54.467+00:00,2026-09-18T06:49:00.095+00:00,True,95,95.0,,95.0,493.715032,6122.19068,6122.190644,64.44411204210526,18.302666000000002,493.715032,45.70020803947839,69.34714609999999,59.877400510638296,10.41398461486268,15.517321325901596,4,64,,False,True,,409,87.6246207195492
3,2026-09-18T06:48:54.364+00:00,2026-09-18T06:48:57.010+00:00,2026-09-18T06:48:59.202+00:00,True,37,37.0,,37.0,2646.4319330000003,4838.419645,4838.419699,130.76809997297298,42.360921000000005,2646.4319330000003,425.1103525159952,69.9671326,60.888547555555554,6.588369649438529,7.647125035596204,4,64,,False,True,,197,87.6246207195492
4,2026-09-18T06:48:54.774+00:00,2026-09-18T06:48:58.421+00:00,2026-09-18T06:49:01.561+00:00,True,53,53.0,,53.0,3647.762002,6787.01653,6787.016359,128.05691243396225,11.18381,3647.762002,492.89718143599913,68.6307186,60.37027938461539,11.475385630120652,7.809027687751926,4,64,,False,True,,250,87.6246207195492
5,2026-09-18T06:48:55.227+00:00,2026-09-18T06:48:59.851+00:00,2026-09-18T06:49:01.129+00:00,True,22,22.0,,22.0,4624.211677,5902.499549,5902.499652,268.2954387272727,37.219371,4624.211677,972.9272275409305,68.70977959999999,60.87085104761905,6.3435510719578385,3.727234507578613,4,64,,False,True,,102,87.6246207195492
6,2026-09-18T06:48:55.598+00:00,2026-09-18T06:49:01.249+00:00,2026-09-18T06:49:04.537+00:00,True,57,57.0,,57.0,5651.333049,8938.544057,8938.543830999999,156.8165584385965,0.0,5651.333049,740.8849323665696,68.1796494,58.70019657142858,13.60053254850807,6.376877446317654,4,64,,False,True,,292,87.6246207195492
7,2026-09-18T06:48:55.859+00:00,2026-09-18T06:49:02.093+00:00,2026-09-18T06:49:03.859+00:00,True,31,31.0,,31.0,6233.595407,7999.557647,7999.557595,258.050245,0.0,6233.595407,1109.1673203152536,95.6077725,58.865408,18.741732982815922,3.875214276582611,4,64,,False,True,,93,87.6246207195492
8,2026-09-18T06:48:56.193+00:00,2026-09-18T06:49:03.453+00:00,2026-09-18T06:49:06.922+00:00,True,59,59.0,,59.0,7260.877608,10729.795368,10729.795261,181.86093662711863,4.8867709999999995,7260.877608,937.6615728819357,68.1819584,59.80892689655172,17.596751126073176,5.498706916252907,4,64,,False,True,,224,87.6246207195492
9,2026-09-18T06:48:56.602+00:00,2026-09-18T06:49:04.971+00:00,2026-09-18T06:49:07.538+00:00,True,43,43.0,,43.0,8369.147489,10935.461217,10935.461270000002,254.3130527906977,3.523793,8369.147489,1267.1240471141148,69.13003429999999,61.10270780952381,20.322323578271323,3.9321615382031854,4,64,,False,True,,205,87.6246207195492
10,2026-09-18T06:48:56.944+00:00,2026-09-18T06:49:06.305+00:00,2026-09-18T06:49:08.029+00:00,True,29,29.0,,29.0,9361.258914,11085.028002,11085.027941,382.24234279310343,0.01765,9361.258914,1727.5422568488882,196.7296842,61.56318171428572,47.586496317748,2.6161413389995696,4,64,,False,True,,120,87.6246207195492
11,2026-09-18T06:48:57.369+00:00,2026-09-18T06:49:07.886+00:00,2026-09-18T06:49:12.441+00:00,True,80,80.0,,80.0,10516.481506999999,15071.759330999997,15071.759322999998,188.39699153749999,0.0,10516.481506999999,1169.6788841190853,70.52106399999998,57.66174460759494,28.68313480328751,5.307940383273893,4,64,,False,True,,277,87.6246207195492
12,2026-09-18T06:48:57.810+00:00,2026-09-18T06:49:09.380+00:00,2026-09-18T06:49:12.381+00:00,True,51,51.0,,51.0,11569.896490000001,14570.926122,14570.926033000002,285.70443201960785,0.0,11569.896490000001,1611.9167095498294,68.090288,60.020592640000004,26.389423802721108,3.500120690543983,4,64,,False,True,,256,87.6246207195492
13,2026-09-18T06:48:58.165+00:00,2026-09-18T06:49:10.641+00:00,2026-09-18T06:49:14.209+00:00,True,60,60.0,,60.0,12475.852127,16043.160671,16043.160728,267.38601213333334,0.0,12475.852127,1603.1958437034334,74.6272546,60.4628566779661,35.01689852968392,3.7399114320694573,4,64,,False,True,,263,87.6246207195492
14,2026-09-18T06:48:58.527+00:00,2026-09-18T06:49:12.096+00:00,2026-09-18T06:49:17.689+00:00,True,95,95.0,,95.0,13569.211135,19162.113022999998,19162.112871999998,201.70645128421052,0.0,13569.211135,1386.500858873599,68.661643,59.49895625531915,34.85984190661721,4.957699596384435,4,64,,False,True,,322,87.6246207195492
15,2026-09-18T06:48:58.840+00:00,2026-09-18T06:49:13.349+00:00,2026-09-18T06:49:17.072+00:00,True,63,63.0,,63.0,14509.350088,18231.563464,18231.563620999998,289.38989874603175,0.0,14509.350088,1820.9265696553168,70.17462590000001,60.03569961290322,42.32701707988178,3.455545659833269,4,64,,False,True,,383,87.6246207195492
16,2026-09-18T06:48:59.163+00:00,2026-09-18T06:49:14.454+00:00,2026-09-18T06:49:18.624+00:00,True,71,71.0,,71.0,15290.703415999998,19460.43884,19460.438807,274.0906874225352,0.0,15290.703415999998,1807.8984707374032,70.06516,59.56764891428571,32.90619203532807,3.6484274883905963,4,64,,False,True,,222,87.6246207195492
17,2026-09-18T06:48:59.576+00:00,2026-09-18T06:49:15.992+00:00,2026-09-18T06:49:19.259+00:00,True,56,56.0,,56.0,16415.478236,19682.323932,19682.323894999998,351.4700695535714,0.0,16415.478236,2185.9815950740085,69.63919875,59.39719447272728,37.052252632542384,2.845192477954996,4,64,,False,True,,267,87.6246207195492
18,2026-09-18T06:48:59.915+00:00,2026-09-18T06:49:17.180+00:00,2026-09-18T06:49:22.409+00:00,True,86,86.0,,86.0,17264.167189,22493.842709,22493.842661,261.5563100116279,0.0,17264.167189,1855.7110391902295,84.81396699999999,61.52559435294118,51.35926077575958,3.823268487851148,4,64,,False,True,,370,87.6246207195492
19,2026-09-18T06:49:00.178+00:00,2026-09-18T06:49:18.187+00:00,2026-09-18T06:49:21.625+00:00,True,52,52.0,,52.0,18009.318864,21447.048656,21447.048726,412.44324473076927,0.0,18009.318864,2488.9171339112218,197.29763169999998,67.40646650980392,64.58060145434374,2.424576026009646,4,64,,False,True,,211,87.6246207195492
20,2026-09-18T06:49:00.500+00:00,2026-09-18T06:49:19.446+00:00,2026-09-18T06:49:24.137+00:00,True,73,73.0,,73.0,18945.970404,23636.740579999998,23636.740427,323.79096475342465,0.0,18945.970404,2210.8487878496194,195.1570412,65.14958577777777,67.48361122430916,3.088412285650258,4,64,,False,True,,295,87.6246207195492
21,2026-09-18T06:49:00.786+00:00,2026-09-18T06:49:20.351+00:00,2026-09-18T06:49:26.220+00:00,True,97,97.0,,97.0,19564.648954,25433.518586,25433.518528,262.20122193814433,0.0,19564.648954,1980.9804917942154,93.5676116,61.13405866666666,52.88111105929865,3.8138647498578555,4,64,,False,True,,325,87.6246207195492
22,2026-09-18T06:49:01.226+00:00,2026-09-18T06:49:21.961+00:00,2026-09-18T06:49:26.525+00:00,True,76,76.0,,76.0,20735.418669,25299.684396999997,25299.684386999998,332.89058403947365,0.0,20735.418669,2371.857143573854,89.25085900000002,60.856876373333336,39.36069969634179,3.0039900422240833,4,64,,False,True,,337,87.6246207195492
23,2026-09-18T06:49:01.646+00:00,2026-09-18T06:49:23.595+00:00,2026-09-18T06:49:25.970+00:00,True,41,41.0,,41.0,21948.284784000003,24323.467376000004,24323.467430000004,593.2553031707317,0.0,21948.284784000003,3418.912852375656,93.56324599999999,59.3795648,55.55949103911516,1.685614939934705,4,64,,False,True,,209,87.6246207195492
24,2026-09-18T06:49:02.083+00:00,2026-09-18T06:49:25.325+00:00,2026-09-18T06:49:28.480+00:00,True,54,54.0,,54.0,23242.606068999998,26397.363445,26397.363467,488.84006420370366,0.0,23242.606068999998,3155.2482682775353,76.1351141,59.5237240754717,52.60988521767276,2.0456588443960033,4,64,,False,True,,170,87.6246207195492
25,2026-09-18T06:49:02.408+00:00,2026-09-18T06:49:26.648+00:00,2026-09-18T06:49:26.899+00:00,True,5,5.0,,5.0,24239.741625,24490.604984999998,24490.60499,4898.120997999999,37.551881,24239.741625,10812.31489099631,19410.912958399997,62.71584,24.17012981691774,0.20415992185829623,4,64,,False,True,,24,87.6246207195492
26,2026-09-18T06:49:02.801+00:00,2026-09-18T06:49:28.463+00:00,2026-09-18T06:49:33.942+00:00,True,97,97.0,,97.0,25662.597032,31141.697704000002,31141.697501000002,321.04842784536083,0.0,25662.597032,2600.277721915769,69.73474060000001,57.073965333333334,47.57696694715091,3.1147948619236905,4,64,,False,True,,426,87.6246207195492
27,2026-09-18T06:49:03.056+00:00,2026-09-18T06:49:29.308+00:00,2026-09-18T06:49:30.414+00:00,True,18,18.0,,18.0,26252.326956999997,27358.295852999996,27358.295732,1519.9053184444442,55.156667,26252.326956999997,6172.402724494357,4014.4411350999994,65.05699388235294,7.24233545579078,0.6579357170752358,4,64,,False,True,,93,87.6246207195492
28,2026-09-18T06:49:03.328+00:00,2026-09-18T06:49:30.223+00:00,2026-09-18T06:49:35.354+00:00,True,87,87.0,,87.0,26895.805231,32026.360110999998,32026.360151999997,368.1190822068965,0.0,26895.805231,2878.0060741900024,72.6129629,59.657614883720925,71.13611511079608,2.716512263599958,4,64,,False,True,,384,87.6246207195492
29,2026-09-18T06:49:03.682+00:00,2026-09-18T06:49:31.732+00:00,2026-09-18T06:49:32.313+00:00,True,11,11.0,,11.0,28049.613778000003,28630.563282000003,28630.563378000003,2602.7784889090913,43.450319,28049.613778000003,8439.764436846583,14061.194226000001,58.0949504,8.619318542381246,0.3842048056007227,4,64,,False,True,,37,87.6246207195492
30,2026-09-18T06:49:04.128+00:00,2026-09-18T06:49:33.482+00:00,2026-09-18T06:49:33.879+00:00,True,8,8.0,,8.0,29353.546974,29750.614494,29750.614506,3718.82681325,40.555055,29353.546974,10357.995865888714,19102.7147159,56.723931428571426,10.710157501366742,0.26890200878416853,4,64,,False,True,,31,87.6246207195492
31,2026-09-18T06:49:04.384+00:00,2026-09-18T06:49:34.307+00:00,2026-09-18T06:49:37.961+00:00,True,60,60.0,,60.0,29923.120866,33576.600034,33576.600156,559.6100026,0.016190000000000003,29923.120866,3855.5846666192315,99.25966399999999,61.92337572881356,63.90418996278594,1.7869587730515715,4,64,,False,True,,227,87.6246207195492
32,2026-09-18T06:49:04.805+00:00,2026-09-18T06:49:35.719+00:00,2026-09-18T06:49:41.027+00:00,True,88,88.0,,88.0,30913.377845,36222.017588999995,36222.017532,411.6138355909091,0.0,30913.377845,3289.276226983509,97.06007729999999,61.018847632183906,51.83169496641283,2.429461577720731,4,64,,False,True,,333,87.6246207195492
33,2026-09-18T06:49:05.079+00:00,2026-09-18T06:49:36.809+00:00,2026-09-18T06:49:38.986+00:00,True,32,32.0,,32.0,31730.454451999998,33906.959539999996,33906.959386999995,1059.5924808437499,0.0,31730.454451999998,5597.382572726693,282.328473,70.20984154838709,82.55281422997602,0.9437590522455911,4,64,,False,True,,169,87.6246207195492
34,2026-09-18T06:49:05.462+00:00,2026-09-18T06:49:38.085+00:00,2026-09-18T06:49:41.976+00:00,True,66,66.0,,66.0,32623.136149,36514.186645,36514.186741000005,553.2452536515152,0.0,32623.136149,4008.673728280139,91.89821749999999,59.86231532307693,57.90478440161612,1.8075166411802734,4,64,,False,True,,319,87.6246207195492
35,2026-09-18T06:49:05.757+00:00,2026-09-18T06:49:39.382+00:00,2026-09-18T06:49:43.920+00:00,True,75,75.0,,75.0,33625.25139500001,38163.24768300001,38163.247693000005,508.8433025733334,33.081229,33625.25139500001,3875.650551436379,92.71473900000001,61.32427416216216,13.171615398726146,1.9652415492250963,4,64,,False,True,,318,87.6246207195492
36,2026-09-18T06:49:06.198+00:00,2026-09-18T06:49:41.130+00:00,2026-09-18T06:49:44.310+00:00,True,52,52.0,,52.0,34932.641569,38112.201761,38112.201573,732.926953326923,40.561385,34932.641569,4835.660963000046,102.90505805000001,62.344317490196076,14.317628546872184,1.364392441194812,4,64,,False,True,,237,87.6246207195492
37,2026-09-18T06:49:06.476+00:00,2026-09-18T06:49:42.380+00:00,2026-09-18T06:49:47.737+00:00,True,87,87.0,,87.0,35904.097331,41261.043506999995,41261.043338999996,474.26486596551723,0.0,35904.097331,3843.1401752054867,95.998541,62.29007181395349,62.04784658540436,2.108526411486426,4,64,,False,True,,425,87.6246207195492
38,2026-09-18T06:49:06.789+00:00,2026-09-18T06:49:43.351+00:00,2026-09-18T06:49:43.549+00:00,True,4,4.0,,4.0,36562.430130999994,36759.997874999994,36759.99784599999,9189.999461499998,61.254177000000006,36562.430130999994,18248.28743479278,31088.486681649996,65.85591466666666,4.197223830046396,0.10881393447305797,4,64,,False,True,,11,87.6246207195492
39,2026-09-18T06:49:07.150+00:00,2026-09-18T06:49:44.547+00:00,2026-09-18T06:49:45.292+00:00,True,8,8.0,,8.0,37397.286235,38142.033755,38142.033751,4767.754218875,0.0,37397.286235,13185.83355746279,24514.99395025,106.39250285714284,215.65223832224416,0.20974235541258437,4,64,,False,True,,33,87.6246207195492
40,2026-09-18T06:49:07.484+00:00,2026-09-18T06:49:45.926+00:00,2026-09-18T06:49:50.669+00:00,True,76,76.0,,76.0,38442.162442,43184.769802,43184.769783,568.2206550394737,0.01685,38442.162442,4402.891424522196,93.67892425,63.234764799999994,68.54616026153683,1.759879706397792,4,64,,False,True,,312,87.6246207195492
41,2026-09-18T06:49:07.937+00:00,2026-09-18T06:49:47.929+00:00,2026-09-18T06:49:49.949+00:00,True,33,33.0,,33.0,39992.00249,42011.685818,42011.685573999996,1273.081381030303,0.01696,39992.00249,6951.748853384284,339.21541620000005,63.115104,121.09005872316372,0.7854957342811766,4,64,,False,True,,141,87.6246207195492
42,2026-09-18T06:49:08.295+00:00,2026-09-18T06:49:49.320+00:00,2026-09-18T06:49:49.631+00:00,True,6,6.0,,6.0,41025.043678,41335.472606,41335.472506,6889.245417666667,57.851634,41025.043678,16723.05796929103,30785.972284250005,62.0857856,4.2360324045687845,0.14515377765704018,4,64,,False,True,,22,87.6246207195492
43,2026-09-18T06:49:08.695+00:00,2026-09-18T06:49:50.668+00:00,2026-09-18T06:49:52.458+00:00,True,30,30.0,,30.0,41972.496655,43762.271247000004,43762.271364,1458.7423788,0.0,41972.496655,7652.702059340682,395.50000235,61.716365241379314,117.80149101892209,0.6855220066316042,4,64,,False,True,,140,87.6246207195492
44,2026-09-18T06:49:09.044+00:00,2026-09-18T06:49:52.460+00:00,2026-09-18T06:49:52.460+00:00,True,3,3.0,,3.0,43416.279567000005,43416.279567000005,43416.279567000005,14472.093189000001,0.0,43416.279567000005,25066.4006952195,39074.6516103,0.0,0.0,0.0690985047525871,4,64,,False,True,,9,87.6246207195492
45,2026-09-18T06:49:09.387+00:00,2026-09-18T06:49:53.719+00:00,2026-09-18T06:49:55.160+00:00,True,23,23.0,,23.0,44331.613813,45772.551029,45772.550975000006,1990.110911956522,55.042218,44331.613813,9230.126230692738,89.10834290000001,65.49714618181818,7.425129475589972,0.5024845564195876,4,64,,False,True,,106,87.6246207195492
46,2026-09-18T06:49:09.698+00:00,2026-09-18T06:49:54.954+00:00,2026-09-18T06:49:55.948+00:00,True,17,17.0,,17.0,45255.827603,46249.747602999996,46249.747519,2720.573383470588,38.586048999999996,45255.827603,10961.093743445392,9129.7622158,62.12,14.999129411269033,0.36756957348016517,4,64,,False,True,,58,87.6246207195492
47,2026-09-18T06:49:10.103+00:00,2026-09-18T06:49:56.607+00:00,2026-09-18T06:49:58.286+00:00,True,28,28.0,,28.0,46504.246345,48183.079241,48183.079358,1720.8242627857144,34.670946,46504.246345,8776.7423845125,97.61596349999999,62.17899614814815,17.41092017625739,0.5811168659427272,4,64,,False,True,,112,87.6246207195492
48,2026-09-18T06:49:10.545+00:00,2026-09-18T06:49:58.623+00:00,2026-09-18T06:50:04.178+00:00,True,91,91.0,,91.0,48078.270967,53633.157623,53633.157659,589.3753588901099,0.0,48078.270967,5035.301806971071,92.84510450000002,61.72096284444444,135.36697452651205,1.6967115872546656,4,64,,False,True,,474,87.6246207195492
49,2026-09-18T06:49:10.909+00:00,2026-09-18T06:50:00.021+00:00,2026-09-18T06:50:05.480+00:00,True,90,90.0,,90.0,49111.855886,54571.320845999995,54571.320984,606.3480109333333,0.0,49111.855886,5171.981291150339,98.8501254,61.34230292134831,129.49550839993145,1.6492179152852022,4,64,,False,True,,364,87.6246207195492
50,2026-09-18T06:49:11.162+00:00,2026-09-18T06:50:00.937+00:00,2026-09-18T06:50:01.127+00:00,True,4,4.0,,4.0,49774.705356,49964.542924,49964.542876,12491.135719,62.206195,49774.705356,24855.71312745509,42318.27482010001,63.279189333333335,1.6411199888726398,0.08005677158068503,4,64,,False,True,,12,87.6246207195492
51,2026-09-18T06:49:11.411+00:00,2026-09-18T06:50:02.598+00:00,2026-09-18T06:50:03.984+00:00,True,27,27.0,,27.0,51186.445395,52572.782931,52572.782818,1947.1401043703704,0.019129999999999998,51186.445395,9840.6264931981,123.37804500000001,53.32067446153847,32.64073973462481,0.5135737256944641,4,64,,False,True,,109,87.6246207195492
52,2026-09-18T06:49:11.848+00:00,2026-09-18T06:50:04.306+00:00,2026-09-18T06:50:07.941+00:00,True,58,58.0,,58.0,52458.706153,56093.090792999996,56093.090649,967.1222525689655,35.859404000000005,52458.706153,6879.806128919911,96.47054299999999,63.76113403508772,13.388172665979159,1.0339954382980439,4,64,,False,True,,288,87.6246207195492
53,2026-09-18T06:49:12.200+00:00,2026-09-18T06:50:05.545+00:00,2026-09-18T06:50:10.627+00:00,True,80,80.0,,80.0,53345.749762,58427.074562,58427.074628,730.33843285,0.0,53345.749762,5957.699399995368,97.38466470000002,64.32056708860759,88.87299836213478,1.3692282319407905,4,64,,False,True,,184,87.6246207195492
54,2026-09-18T06:49:12.646+00:00,2026-09-18T06:50:07.229+00:00,2026-09-18T06:50:08.950+00:00,True,29,29.0,,29.0,54583.212655,56304.569967,56304.56988,1941.536892413793,33.746817,54583.212655,10124.442134863242,95.2913304,61.47704685714286,14.492800486443686,0.5150558829771161,4,64,,False,True,,134,87.6246207195492
55,2026-09-18T06:49:12.997+00:00,2026-09-18T06:50:08.659+00:00,2026-09-18T06:50:11.968+00:00,True,54,54.0,,54.0,55661.8756,58970.908304,58970.908425,1092.0538597222221,0.0,55661.8756,7566.92449328843,92.45146685000002,62.434579320754715,111.0065699460972,0.9157057531083879,4,64,,False,True,,256,87.6246207195492
56,2026-09-18T06:49:13.438+00:00,2026-09-18T06:50:10.292+00:00,2026-09-18T06:50:11.611+00:00,True,22,22.0,,22.0,56854.395656,58173.270792,58173.270883,2644.239585590909,43.72497,56854.395656,12108.014338204304,90.21518675000002,62.8035779047619,12.581116556441156,0.3781805578486648,4,64,,False,True,,101,87.6246207195492
57,2026-09-18T06:49:13.848+00:00,2026-09-18T06:50:11.799+00:00,2026-09-18T06:50:17.364+00:00,True,91,91.0,,91.0,57951.075069,63515.830013,63515.829933,697.9761531098901,0.01685,57951.075069,6069.118277552996,82.453048,61.83061048888889,91.12657873504011,1.4327137027316612,4,64,,False,True,,289,87.6246207195492
58,2026-09-18T06:49:14.289+00:00,2026-09-18T06:50:13.304+00:00,2026-09-18T06:50:13.777+00:00,True,9,9.0,,9.0,59015.455081,59487.616617,59487.61644,6609.73516,44.202809,59015.455081,19652.14774507105,35441.1690218,59.020192,11.164036801102267,0.1512919917088767,4,64,,False,True,,52,87.6246207195492
59,2026-09-18T06:49:14.724+00:00,2026-09-18T06:50:15.144+00:00,2026-09-18T06:50:18.598+00:00,True,55,55.0,,55.0,60420.497685,63874.675477000004,63874.675483,1161.3577360545455,0.016829999999999998,60420.497685,8139.311292171657,110.48289639999999,63.96625540740741,117.90833566046578,0.8610611261704868,4,64,,False,True,,169,87.6246207195492
60,2026-09-18T06:49:15.160+00:00,2026-09-18T06:50:17.233+00:00,2026-09-18T06:50:20.227+00:00,True,56,56.0,,56.0,62072.260394000004,65066.604586,65066.604620000006,1161.9036539285714,0.0,62072.260394000004,8288.427645423702,116.19892275000001,54.44262167272727,126.52045136055962,0.8606565588647481,4,64,,False,True,,237,87.6246207195492
61,2026-09-18T06:49:15.559+00:00,2026-09-18T06:50:18.602+00:00,2026-09-18T06:50:20.213+00:00,True,24,24.0,,24.0,63042.863149,64653.677100999994,64653.676947,2693.903206125,0.0,63042.863149,12855.649088748507,809.4749488,70.0353892173913,192.2061101524112,0.37120858512823535,4,64,,False,True,,115,87.6246207195492
62,2026-09-18T06:49:15.979+00:00,2026-09-18T06:50:20.233+00:00,2026-09-18T06:50:25.189+00:00,True,79,79.0,,79.0,64253.92669,69209.853218,69209.853097,876.074089835443,35.422695,64253.92669,7221.99166697573,90.5554808,63.53751958974359,11.2471667939613,1.141455967998698,4,64,,False,True,,335,87.6246207195492
63,2026-09-18T06:49:16.370+00:00,2026-09-18T06:50:21.588+00:00,2026-09-18T06:50:21.894+00:00,True,5,5.0,,5.0,65218.229355999996,65523.532651999994,65523.532762999996,13104.706552599999,57.724954,65218.229355999996,29132.350824641406,52193.98387899999,76.325824,21.482984689740046,0.07630846197739895,4,64,,False,True,,20,87.6246207195492
64,2026-09-18T06:49:16.679+00:00,2026-09-18T06:50:22.433+00:00,2026-09-18T06:50:25.807+00:00,True,55,55.0,,55.0,65754.393972,69128.46757200001,69128.46738700001,1256.881225218182,40.408385,65754.393972,8857.90242236258,90.0378521,62.482844444444446,11.18623344881144,0.7956201248453156,4,64,,False,True,,249,87.6246207195492
65,2026-09-18T06:49:17.121+00:00,2026-09-18T06:50:24.634+00:00,2026-09-18T06:50:26.428+00:00,True,29,29.0,,29.0,67513.302793,69307.406857,69307.40667299999,2389.9105749310343,37.77322,67513.302793,12525.015047505778,96.021085,64.07514514285714,14.33325804457245,0.4184256966911903,4,64,,False,True,,142,87.6246207195492
66,2026-09-18T06:49:17.386+00:00,2026-09-18T06:50:25.479+00:00,2026-09-18T06:50:25.749+00:00,True,6,6.0,,6.0,68093.154706,68363.709586,68363.70976700001,11393.951627833334,36.671362,68093.154706,27776.825424800616,51086.1844195,54.110976,12.224661388264627,0.08776586344326642,4,64,,False,True,,13,87.6246207195492
67,2026-09-18T06:49:17.733+00:00,2026-09-18T06:50:26.603+00:00,2026-09-18T06:50:29.194+00:00,True,42,42.0,,42.0,68869.719658,71460.66673,71460.666728,1701.444445904762,33.190829,68869.719658,10617.0868873599,94.71706305,63.19383102439024,14.343800451058618,0.5877359101432498,4,64,,False,True,,201,87.6246207195492
68,2026-09-18T06:49:17.983+00:00,2026-09-18T06:50:27.435+00:00,2026-09-18T06:50:30.356+00:00,True,49,49.0,,49.0,69452.323908,72373.049924,72373.049889,1477.0010181428572,35.584984,69452.323908,9913.074865368957,87.66512620000002,60.848458666666666,11.857523804495965,0.677047603375229,4,64,,False,True,,238,87.6246207195492
69,2026-09-18T06:49:18.415+00:00,2026-09-18T06:50:29.297+00:00,2026-09-18T06:50:34.840+00:00,True,76,76.0,,76.0,70881.66135600001,76425.24535600001,76425.24520800001,1005.5953316842107,0.0,70881.66135600001,8123.893718114226,91.86175349999999,73.91445333333333,166.72066478497433,0.9944357999242376,4,64,,False,True,,397,87.6246207195492
70,2026-09-18T06:49:18.687+00:00,2026-09-18T06:50:30.225+00:00,2026-09-18T06:50:34.804+00:00,True,60,60.0,,60.0,71537.938039,76116.514167,76116.514182,1268.6085697,0.0,71537.938039,9227.31160021332,144.36379505000002,77.60298522033898,184.9349629496735,0.7882652096805131,4,64,,False,True,,334,87.6246207195492
71,2026-09-18T06:49:19.011+00:00,2026-09-18T06:50:32.242+00:00,2026-09-18T06:50:35.780+00:00,True,70,70.0,,70.0,73231.627089,76769.579345,76769.579311,1096.7082758714287,0.0,73231.627089,8747.73323086976,95.67298195000001,51.27467037681159,133.777162633152,0.9118195071178163,4,64,,False,True,,167,87.6246207195492
72,2026-09-18T06:49:19.336+00:00,2026-09-18T06:50:32.726+00:00,2026-09-18T06:50:38.103+00:00,True,90,90.0,,90.0,73390.025031,78766.544455,78766.544572,875.1838285777777,0.01634,73390.025031,7730.32222677257,79.83494825,60.41033060674157,104.77838872235743,1.1426170923547085,4,64,,False,True,,467,87.6246207195492
73,2026-09-18T06:49:19.680+00:00,2026-09-18T06:50:34.913+00:00,2026-09-18T06:50:34.913+00:00,True,10,10.0,,10.0,75232.89631499999,75233.11007499999,75233.11006499999,7523.311006499999,0.01663,75232.89631499999,23790.72322226306,41378.11990124999,0.023751111111111108,0.013930127605700929,0.1329201994976811,4,64,,False,True,,45,87.6246207195492
74,2026-09-18T06:49:20.117+00:00,2026-09-18T06:50:35.602+00:00,2026-09-18T06:50:37.920+00:00,True,40,40.0,,40.0,75484.388037,77802.468805,77802.469011,1945.0617252749998,36.057344,75484.388037,11925.737936249525,81.73066475,59.43796841025641,12.325493481788463,0.5141225029793577,4,64,,False,True,,161,87.6246207195492
75,2026-09-18T06:49:20.404+00:00,2026-09-18T06:50:36.756+00:00,2026-09-18T06:50:43.049+00:00,True,100,100.0,,100.0,76351.98572,82644.595256,82644.59524,826.4459524,36.696192,76351.98572,7628.852925438718,96.52988345,63.561712484848485,12.736582467611392,1.210000480857095,4,64,,False,True,,404,87.6246207195492
76,2026-09-18T06:49:20.701+00:00,2026-09-18T06:50:38.197+00:00,2026-09-18T06:50:42.759+00:00,True,72,72.0,,72.0,77495.975815,82057.963655,82057.96362899999,1139.6939392916665,38.08171,77495.975815,9125.425343934952,100.66802165000001,64.25334985915494,13.147799178180213,0.8774285491986232,4,64,,False,True,,332,87.6246207195492
77,2026-09-18T06:49:21.153+00:00,2026-09-18T06:50:39.623+00:00,2026-09-18T06:50:44.379+00:00,True,76,76.0,,76.0,78469.989213,83226.50991699999,83226.50976999999,1095.085654868421,32.57374,78469.989213,8993.862112616811,96.05672775000001,63.42027605333333,14.689408335937431,0.9131705760074905,4,64,,False,True,,201,87.6246207195492
78,2026-09-18T06:49:21.576+00:00,2026-09-18T06:50:40.585+00:00,2026-09-18T06:50:40.709+00:00,True,3,3.0,,3.0,79008.61840899999,79132.45840899998,79132.45835999999,26377.486119999998,58.111903,79008.61840899999,45579.89775129031,71114.32937289999,61.92,5.385325245516746,0.03791111839966292,4,64,,False,True,,11,87.6246207195492
79,2026-09-18T06:49:21.799+00:00,2026-09-18T06:50:42.156+00:00,2026-09-18T06:50:47.618+00:00,True,89,89.0,,89.0,80357.101104,85818.883888,85818.883766,964.2571209662922,0.0,80357.101104,8512.16928233537,87.1241922,62.06571345454545,125.35287840670229,1.0370677870403393,4,64,,False,True,,380,87.6246207195492
80,2026-09-18T06:49:22.071+00:00,2026-09-18T06:50:43.370+00:00,2026-09-18T06:50:45.915+00:00,True,41,41.0,,41.0,81299.387113,83844.194281,83844.19425300001,2044.9803476341465,0.0,81299.387113,12688.216660850361,92.494308,63.6201792,185.44228894243093,0.489002254140464,4,64,,False,True,,147,87.6246207195492
81,2026-09-18T06:49:22.366+00:00,2026-09-18T06:50:44.278+00:00,2026-09-18T06:50:49.525+00:00,True,86,86.0,,86.0,81911.583772,87159.111708,87159.111711,1013.4780431511628,0.0,81911.583772,8826.999853120642,84.85787024999999,61.735622776470585,127.05803712219819,0.9867011987010234,4,64,,False,True,,292,87.6246207195492
82,2026-09-18T06:49:22.723+00:00,2026-09-18T06:50:45.763+00:00,2026-09-18T06:50:48.175+00:00,True,46,46.0,,46.0,83040.382416,85452.50427199999,85452.50447199999,1857.663140695652,0.0,83040.382416,12235.748240512494,71.34196825,53.60270791111111,19.44396393819495,0.5383107305267437,4,64,,False,True,,182,87.6246207195492
83,2026-09-18T06:49:23.044+00:00,2026-09-18T06:50:46.860+00:00,2026-09-18T06:50:48.061+00:00,True,22,22.0,,22.0,83816.069093,85016.447717,85016.447741,3864.3839882272728,36.77791199999999,83816.069093,17857.462686169343,78.56802865,57.160886857142856,11.383785016551158,0.2587734560873784,4,64,,False,True,,69,87.6246207195492
84,2026-09-18T06:49:23.312+00:00,2026-09-18T06:50:47.744+00:00,2026-09-18T06:50:49.653+00:00,True,32,32.0,,32.0,84431.540116,86340.657812,86340.657653,2698.14555165625,37.329121,84431.540116,14914.646079800956,92.52982465,61.58444180645161,11.28621951654099,0.3706249270150047,4,64,,False,True,,104,87.6246207195492
85,2026-09-18T06:49:23.760+00:00,2026-09-18T06:50:49.525+00:00,2026-09-18T06:50:55.550+00:00,True,98,98.0,,98.0,85764.412553,91790.051209,91790.051201,936.6331755204081,37.72043,85764.412553,8657.24629112452,89.55258749999999,62.1199861443299,11.378199413534787,1.0676538329503744,4,64,,False,True,,364,87.6246207195492
86,2026-09-18T06:49:24.202+00:00,2026-09-18T06:50:50.979+00:00,2026-09-18T06:50:52.704+00:00,True,29,29.0,,29.0,86777.262402,88501.63206599999,88501.63195,3051.7804120689652,35.625754,86777.262402,16102.701979683847,93.064177,61.584630857142855,12.753370504049025,0.32767757297823935,4,64,,False,True,,138,87.6246207195492
87,2026-09-18T06:49:24.468+00:00,2026-09-18T06:50:52.017+00:00,2026-09-18T06:50:54.794+00:00,True,44,44.0,,44.0,87548.690456,90325.806616,90325.80656699999,2052.859240159091,40.338865,87548.690456,13188.73018495116,96.86674864999999,64.58409674418604,11.522129180222642,0.48712545891847026,4,64,,False,True,,185,87.6246207195492
88,2026-09-18T06:49:24.888+00:00,2026-09-18T06:50:53.637+00:00,2026-09-18T06:50:56.682+00:00,True,49,49.0,,49.0,88749.157008,91793.80904,91793.809073,1873.3430423061222,39.000668,88749.157008,12669.39512980933,93.08731199999998,63.430250666666666,12.03075469915487,0.5338050628081878,4,64,,False,True,,206,87.6246207195492
89,2026-09-18T06:49:25.158+00:00,2026-09-18T06:50:54.514+00:00,2026-09-18T06:50:55.309+00:00,True,13,13.0,,13.0,89356.138637,90151.090829,90151.091006,6934.699308153846,40.436996,89356.138637,24764.564517008934,35798.7406364,66.246016,14.778552720675828,0.14420235939971712,4,64,,False,True,,55,87.6246207195492
90,2026-09-18T06:49:25.570+00:00,2026-09-18T06:50:56.187+00:00,2026-09-18T06:50:58.808+00:00,True,43,43.0,,43.0,90616.714326,93237.797718,93237.797696,2168.320876651163,42.015233,90616.714326,13809.404103916679,69.26760929999999,62.40674742857143,6.854469672110924,0.4611863541656631,4,64,,False,True,,193,87.6246207195492
91,2026-09-18T06:49:25.842+00:00,2026-09-18T06:50:57.256+00:00,2026-09-18T06:51:02.030+00:00,True,78,78.0,,78.0,91414.523603,96188.09851499999,96188.098588,1233.180751128205,41.460264,91414.523603,10343.639631409984,69.1812835,61.994479376623374,7.321797738289691,0.8109111335414988,4,64,,False,True,,411,87.6246207195492
92,2026-09-18T06:49:26.114+00:00,2026-09-18T06:50:58.010+00:00,2026-09-18T06:50:59.418+00:00,True,24,24.0,,24.0,91896.395413,93304.039061,93304.039007,3887.6682919583336,37.130331,91896.395413,18745.783314733842,90.68167775,61.20189773913044,10.727025715654817,0.25722359119211724,4,64,,False,True,,153,87.6246207195492
93,2026-09-18T06:49:26.440+00:00,2026-09-18T06:50:59.052+00:00,2026-09-18T06:51:01.711+00:00,True,44,44.0,,44.0,92612.02231100001,95270.652711,95270.65280000001,2165.2421090909093,40.076765,92612.02231100001,13952.470392162182,90.11693275000002,61.82861395348837,10.310792274719695,0.46184211767156014,4,64,,True,True,,168,87.6246207195492
94,2026-09-18T06:49:26.863+00:00,2026-09-18T06:51:00.759+00:00,2026-09-18T06:51:04.236+00:00,True,57,57.0,,57.0,93896.343577,97372.85506500001,97372.85511300001,1708.2957037368421,38.842769,93896.343577,12428.653833717653,69.8602542,62.08056228571429,7.251030504027163,0.5853787481321193,4,64,,True,True,,242,87.6246207195492
95,2026-09-18T06:49:27.183+00:00,2026-09-18T06:51:02.156+00:00,2026-09-18T06:51:04.296+00:00,True,35,35.0,,35.0,94973.270347,97112.879947,97112.880037,2774.653715342857,39.53112599999999,94973.270347,16042.777368667632,77.1284061,62.92969411764706,7.551532310666379,0.3604053346899143,4,64,,True,True,,164,87.6246207195492
96,2026-09-18T06:49:27.629+00:00,2026-09-18T06:51:03.605+00:00,2026-09-18T06:51:08.001+00:00,True,72,72.0,,72.0,95975.547435,100372.093739,100372.093678,1394.0568566388888,36.647232,95975.547435,11303.533329238551,82.40777259999999,61.92318738028169,9.941457995250317,0.7173308567939546,4,64,,True,True,,311,87.6246207195492
97,2026-09-18T06:49:27.942+00:00,2026-09-18T06:51:05.030+00:00,2026-09-18T06:51:08.848+00:00,True,63,63.0,,63.0,97087.694129,100906.071857,100906.071912,1601.683681142857,35.368894999999995,97087.694129,12224.146742134059,92.4232625,61.5867375483871,12.43838253136697,0.624343003751856,4,64,,True,True,,328,87.6246207195492
98,2026-09-18T06:49:28.311+00:00,2026-09-18T06:51:06.575+00:00,2026-09-18T06:51:09.601+00:00,True,50,50.0,,50.0,98263.403085,101289.82638099999,101289.826325,2025.7965265,34.226377,98263.403085,13887.816371434037,95.7628241,61.763740734693876,14.436682111591145,0.49363299145094625,4,64,,True,True,,218,87.6246207195492
99,2026-09-18T06:49:28.619+00:00,2026-09-18T06:51:07.558+00:00,2026-09-18T06:51:13.583+00:00,True,97,97.0,,97.0,98939.47535699999,104964.29993299999,104964.29994699999,1082.1061850206183,35.805684,98939.47535699999,10039.41565511892,89.63887799999999,62.75858933333333,11.158017815033329,0.9241237264662013,4,64,,True,True,,392,87.6246207195492
100,2026-09-18T06:49:28.936+00:00,2026-09-18T06:51:08.718+00:00,2026-09-18T06:51:09.734+00:00,True,17,17.0,,17.0,99781.90704,100798.74928,100798.74936900001,5929.3381981764705,37.850480000000005,99781.90704,24185.256740551988,20029.890720000003,63.55264,13.107510995643823,0.16865288628509853,4,64,,True,True,,82,87.6246207195492
101,2026-09-18T06:49:29.246+00:00,2026-09-18T06:51:09.981+00:00,2026-09-18T06:51:14.829+00:00,True,78,78.0,,78.0,100734.824389,105583.155653,105583.155447,1353.6301980384615,36.483613,100734.824389,11398.84696118168,79.311894,62.96534109090909,9.071044721138751,0.738754202955893,4,64,,True,True,,342,87.6246207195492
102,2026-09-18T06:49:29.680+00:00,2026-09-18T06:51:11.957+00:00,2026-09-18T06:51:18.163+00:00,True,98,98.0,,98.0,102277.33034700001,108483.62513100001,108483.62522200002,1106.9757675714286,35.730033999999996,102277.33034700001,10325.111928272729,92.05056835,63.98242045360824,9.774419771061126,0.9033621422740948,4,64,,True,True,,524,87.6246207195492
103,2026-09-18T06:49:30.107+00:00,2026-09-18T06:51:13.524+00:00,2026-09-18T06:51:19.204+00:00,True,89,89.0,,89.0,103416.66539200001,109096.89272,109096.89279000001,1225.8077841573036,36.225163,103416.66539200001,10955.306962916042,92.66433239999998,64.54803781818183,9.913073255067227,0.8157885873837012,4,64,,True,True,,356,87.6246207195492
104,2026-09-18T06:49:30.481+00:00,2026-09-18T06:51:14.646+00:00,2026-09-18T06:51:20.679+00:00,True,94,94.0,,94.0,104164.89825,110197.86925799999,110197.869125,1172.3177566489362,37.131491000000004,104164.89825,10737.103211480982,92.46592830000002,64.870656,10.615952398143925,0.8530110485160394,4,64,,True,True,,378,87.6246207195492
105,2026-09-18T06:49:30.756+00:00,2026-09-18T06:51:15.710+00:00,2026-09-18T06:51:17.266+00:00,True,25,25.0,,25.0,104954.516682,106509.921226,106509.921403,4260.39685612,51.019116000000004,104954.516682,20977.943979516396,97.5073936,64.80852266666666,10.141284626475711,0.23471991822201518,4,64,,True,True,,117,87.6246207195492
106,2026-09-18T06:49:31.142+00:00,2026-09-18T06:51:17.138+00:00,2026-09-18T06:51:21.867+00:00,True,75,75.0,,75.0,105996.179046,110724.712038,110724.711845,1476.3294912666668,38.937768,105996.179046,12232.011678281953,91.6879061,63.89909448648649,11.793797755259943,0.6773555660660512,4,64,,True,True,,439,87.6246207195492
107,2026-09-18T06:49:31.462+00:00,2026-09-18T06:51:18.541+00:00,2026-09-18T06:51:21.266+00:00,True,44,44.0,,44.0,107078.398116,109803.682724,109803.682562,2495.5382400454546,34.031127,107078.398116,16133.125822629869,94.7595373,63.37871181395349,12.362987911283241,0.4007151573467475,4,64,,True,True,,211,87.6246207195492
108,2026-09-18T06:49:31.754+00:00,2026-09-18T06:51:19.362+00:00,2026-09-18T06:51:24.142+00:00,True,77,77.0,,77.0,107607.472018,112387.982738,112387.982923,1459.584193805195,33.453568,107607.472018,12255.846597431988,92.43581920000001,62.90145684210526,11.518404096102959,0.6851266311942191,4,64,,True,True,,396,87.6246207195492
109,2026-09-18T06:49:32.202+00:00,2026-09-18T06:51:21.429+00:00,2026-09-18T06:51:21.493+00:00,True,2,2.0,,2.0,109227.082424,109291.21605599999,109291.215936,54645.607968,64.133512,109227.082424,77189.86142999584,103768.93497839998,64.133632,nan,0.018299732331418246,4,64,,True,True,,20,87.6246207195492
110,2026-09-18T06:49:32.623+00:00,2026-09-18T06:51:22.868+00:00,2026-09-18T06:51:24.328+00:00,True,24,24.0,,24.0,110244.832365,111705.287533,111705.287453,4654.3869772083335,38.21260899999999,110244.832365,22490.674042941195,96.07247005,63.49805078260869,12.560463769746224,0.21485106506627913,4,64,,True,True,,116,87.6246207195492
111,2026-09-18T06:49:32.876+00:00,2026-09-18T06:51:24.017+00:00,2026-09-18T06:51:27.479+00:00,True,57,57.0,,57.0,111141.724087,114602.842295,114602.84235199999,2010.576181614035,37.638261,111141.724087,14712.898098085789,92.6651086,61.80568228571428,10.216081609384718,0.4973698632471601,4,64,,True,True,,200,87.6246207195492
112,2026-09-18T06:49:33.228+00:00,2026-09-18T06:51:25.438+00:00,2026-09-18T06:51:30.908+00:00,True,89,89.0,,89.0,112210.32578300001,117680.069143,117680.06903000001,1322.2479666292136,36.801732,112210.32578300001,11887.688812350301,90.0280812,62.15617454545455,12.607108458798756,0.7562877949353586,4,64,,True,True,,423,87.6246207195492
113,2026-09-18T06:49:33.673+00:00,2026-09-18T06:51:27.100+00:00,2026-09-18T06:51:28.986+00:00,True,30,30.0,,30.0,113427.098744,115313.15724,115313.15730400001,3843.771910133333,42.629452,113427.098744,20696.990686568395,97.95225140000001,65.03649986206896,13.84056922973653,0.26016111880070486,4,64,,True,True,,143,87.6246207195492
114,2026-09-18T06:49:33.944+00:00,2026-09-18T06:51:28.381+00:00,2026-09-18T06:51:28.381+00:00,True,1,1.0,,1.0,114437.142258,114437.142258,114437.142258,114437.142258,114437.142258,114437.142258,nan,114437.142258,nan,nan,0.008738421637141962,4,64,,True,True,,2,87.6246207195492
115,2026-09-18T06:49:34.258+00:00,2026-09-18T06:51:29.768+00:00,2026-09-18T06:51:34.420+00:00,True,74,74.0,,74.0,115510.335913,120162.515113,120162.515294,1623.8177742432433,37.041391000000004,115510.335913,13420.401810731079,95.24899894999999,63.72848219178082,13.08977786584755,0.6158326490620716,4,64,,True,True,,356,87.6246207195492
116,2026-09-18T06:49:34.526+00:00,2026-09-18T06:51:30.845+00:00,2026-09-18T06:51:32.173+00:00,True,22,22.0,,22.0,116319.316438,117647.23656599999,117647.236441,5347.6016564090905,57.961203000000005,116319.316438,24785.8802942071,72.2402041,63.2342918095238,3.942851184552108,0.18699971747876984,4,64,,True,True,,115,87.6246207195492
118,2026-09-18T06:49:35.239+00:00,2026-09-18T06:51:33.190+00:00,2026-09-18T06:51:35.203+00:00,True,33,33.0,,33.0,117950.664101,119964.041125,119964.041315,3635.2739792424245,37.97357,117950.664101,20521.627151868386,94.2381958,62.918032,14.037931686338375,0.27508243045609554,4,64,,True,True,,165,87.6246207195492
117,2026-09-18T06:49:35.214+00:00,2026-09-18T06:51:33.191+00:00,2026-09-18T06:51:35.708+00:00,True,41,41.0,,41.0,117977.911922,120494.741618,120494.741544,2938.896135219512,40.795483999999995,117977.911922,18415.23285446674,94.92182399999997,62.9207424,13.87802140121367,0.3402638110962616,4,64,,True,True,,151,87.6246207195492
119,2026-09-18T06:49:35.445+00:00,2026-09-18T06:51:34.544+00:00,2026-09-18T06:51:35.396+00:00,True,15,15.0,,15.0,119099.562664,119951.756712,119951.756697,7996.7837798,36.997531,119099.562664,30735.66249234705,35795.0492768,60.87100342857143,17.19898462394159,0.12505027363637933,4,64,,True,True,,61,87.6246207195492
120,2026-09-18T06:49:35.741+00:00,2026-09-18T06:51:36.085+00:00,2026-09-18T06:51:39.840+00:00,True,61,61.0,,61.0,120343.36207999999,124098.74563199999,124098.74561999999,2034.4056659016392,36.355933,120343.36207999999,15400.378383271893,91.772221,62.58972586666667,10.582167977740857,0.4915440497753959,4,64,,True,True,,323,87.6246207195492
121,2026-09-18T06:49:36.013+00:00,2026-09-18T06:51:37.068+00:00,2026-09-18T06:51:41.030+00:00,True,65,65.0,,65.0,121055.100662,125017.52984599999,125017.52969899999,1923.346610753846,32.756009,121055.100662,15007.361828329624,92.0165238,61.912956,10.910202667153271,0.5199270860660004,4,64,,True,True,,251,87.6246207195492
122,2026-09-18T06:49:36.368+00:00,2026-09-18T06:51:38.714+00:00,2026-09-18T06:51:44.325+00:00,True,92,92.0,,92.0,122346.19461,127957.238706,127957.238826,1390.839552456522,37.369651,122346.19461,12749.046730915383,71.12853704999999,61.65982523076923,8.2992692367358,0.7189901949305355,4,64,,True,True,,443,87.6246207195492
123,2026-09-18T06:49:36.782+00:00,2026-09-18T06:51:40.303+00:00,2026-09-18T06:51:42.626+00:00,True,39,39.0,,39.0,123521.77903300001,125844.77935300002,125844.77931400001,3226.7892131794874,37.156961,123521.77903300001,19769.52839960521,91.73878970000001,61.13158736842106,10.769944635020977,0.3099055852813991,4,64,,True,True,,199,87.6246207195492
124,2026-09-18T06:49:37.176+00:00,2026-09-18T06:51:41.801+00:00,2026-09-18T06:51:46.593+00:00,True,79,79.0,,79.0,124624.29682999999,129416.56230199999,129416.56228499999,1638.1843327215188,35.206644,124624.29682999999,14014.419796538374,74.6526153,61.43930092307692,9.833111994193189,0.6104319153189185,4,64,,True,True,,358,87.6246207195492
125,2026-09-18T06:49:37.541+00:00,2026-09-18T06:51:43.386+00:00,2026-09-18T06:51:43.698+00:00,True,6,6.0,,6.0,125845.67110699999,126157.77145899998,126157.77145999999,21026.29524333333,54.634769,125845.67110699999,51350.79741770729,94401.20622624998,62.4200704,5.230540017282804,0.047559495785401855,4,64,,True,True,,50,87.6246207195492
126,2026-09-18T06:49:37.864+00:00,2026-09-18T06:51:44.510+00:00,2026-09-18T06:51:49.131+00:00,True,78,78.0,,78.0,126645.37363500001,131266.836931,131266.836702,1682.908162846154,36.986221,126645.37363500001,14332.97218397402,69.23580650000001,60.01900384415584,9.629652530282787,0.5942094882731155,4,64,,True,True,,283,87.6246207195492
127,2026-09-18T06:49:38.319+00:00,2026-09-18T06:51:45.810+00:00,2026-09-18T06:51:46.334+00:00,True,10,10.0,,10.0,127491.443491,128015.423523,128015.423614,12801.5423614,39.264227,127491.443491,40297.924898152654,70151.26323145001,58.22000355555555,10.946685901947209,0.0781155873628254,4,64,,True,True,,41,87.6246207195492
128,2026-09-18T06:49:38.677+00:00,2026-09-18T06:51:47.357+00:00,2026-09-18T06:51:51.209+00:00,True,65,65.0,,65.0,128680.25273899999,132532.299843,132532.299798,2038.958458430769,35.146964,128680.25273899999,15953.357906670113,70.9381804,60.188236,8.714804791775926,0.4904464804202455,4,64,,True,True,,270,87.6246207195492
129,2026-09-18T06:49:39.062+00:00,2026-09-18T06:51:48.825+00:00,2026-09-18T06:51:51.551+00:00,True,46,46.0,,46.0,129763.406232,132489.331608,132489.331671,2880.2028624130435,36.617252,129763.406232,19123.641293770237,73.403031,60.57611946666667,9.492072872249928,0.3471977663537584,4,64,,True,True,,227,87.6246207195492
130,2026-09-18T06:49:39.410+00:00,2026-09-18T06:51:50.024+00:00,2026-09-18T06:51:55.172+00:00,True,83,83.0,,83.0,130613.442311,135761.781511,135761.781564,1635.6841152289157,37.63814,130613.442311,14329.800818553405,92.029768,62.784624390243906,11.409133414335063,0.611364988557365,4,64,,True,True,,396,87.6246207195492
131,2026-09-18T06:49:39.811+00:00,2026-09-18T06:51:51.268+00:00,2026-09-18T06:51:55.300+00:00,True,64,64.0,,64.0,131456.97106,135489.583668,135489.58361300002,2117.0247439531254,36.403492,131456.97106,16424.124163017408,92.79001965000002,64.00972393650794,11.548850773896008,0.4723610351982767,4,64,,True,True,,278,87.6246207195492
132,2026-09-18T06:49:40.091+00:00,2026-09-18T06:51:52.313+00:00,2026-09-18T06:51:53.448+00:00,True,19,19.0,,19.0,132222.882088,133357.591336,133357.591503,7018.820605421053,54.697758,132222.882088,30319.547544697023,13283.9054875,63.03940266666667,3.9980494944965645,0.14247407897559208,4,64,,True,True,,80,87.6246207195492
133,2026-09-18T06:49:40.427+00:00,2026-09-18T06:51:53.448+00:00,2026-09-18T06:51:55.911+00:00,True,41,41.0,,41.0,133021.464732,135484.410268,135484.410201,3304.497809780488,35.565343,133021.464732,20764.84922733037,88.552985,61.5736384,11.02697860015835,0.3026178430337366,4,64,,True,True,,179,87.6246207195492
134,2026-09-18T06:49:40.729+00:00,2026-09-18T06:51:54.899+00:00,2026-09-18T06:51:56.751+00:00,True,31,31.0,,31.0,134169.629207,136021.803799,136021.803954,4387.800127548387,35.409033,134169.629207,24086.491149581117,92.56842700000001,61.73915306666667,12.335013588302267,0.2279046383314313,4,64,,True,True,,132,87.6246207195492
135,2026-09-18T06:49:41.035+00:00,2026-09-18T06:51:56.031+00:00,2026-09-18T06:51:56.486+00:00,True,8,8.0,,8.0,134995.39408199998,135450.47324999998,135450.473233,16931.309154125,51.891553,134995.39408199998,47705.09642671022,87780.86661595,65.01130971428572,15.298681314544181,0.05906217828589241,4,64,,True,True,,32,87.6246207195492
136,2026-09-18T06:49:41.333+00:00,2026-09-18T06:51:57.424+00:00,2026-09-18T06:51:59.351+00:00,True,33,33.0,,33.0,136091.378593,138018.690721,138018.69063,4182.384564545455,39.887396,136091.378593,23679.98454616902,68.192829,60.228504,6.2585544302110465,0.23909805134080253,4,64,,True,True,,141,87.6246207195492
137,2026-09-18T06:49:41.579+00:00,2026-09-18T06:51:58.244+00:00,2026-09-18T06:51:59.789+00:00,True,26,26.0,,26.0,136665.596038,138210.169478,138210.16936899998,5315.775744961538,52.951031,136665.596038,26790.212168909668,67.84377175,61.782937600000004,4.075994365023256,0.18811929757555668,4,64,,True,True,,139,87.6246207195492
138,2026-09-18T06:49:41.837+00:00,2026-09-18T06:51:59.164+00:00,2026-09-18T06:52:03.831+00:00,True,76,76.0,,76.0,137326.33731099998,141993.21295899997,141993.21302199998,1868.3317502894733,34.712815,137326.33731099998,15745.277483690545,92.38620025,62.22500864,11.23486670881984,0.5352368498200314,4,64,,True,True,,320,87.6246207195492
139,2026-09-18T06:49:42.241+00:00,2026-09-18T06:52:00.658+00:00,2026-09-18T06:52:01.648+00:00,True,17,17.0,,17.0,138417.07807,139406.369846,139406.369886,8200.37469917647,42.166610999999996,138417.07807,33556.077058220304,27740.2595956,61.830736,6.923515640863853,0.12194564723821179,4,64,,True,True,,63,87.6246207195492
140,2026-09-18T06:49:42.615+00:00,2026-09-18T06:52:02.090+00:00,2026-09-18T06:52:02.227+00:00,True,3,3.0,,3.0,139475.47541999997,139611.85173999998,139611.85165599998,46537.28388533332,57.591812,139475.47541999997,80486.83554832112,125535.80632039998,68.18816,14.98550471007927,0.021488147049198363,4,64,,True,True,,13,87.6246207195492
141,2026-09-18T06:49:42.865+00:00,2026-09-18T06:52:02.845+00:00,2026-09-18T06:52:03.599+00:00,True,13,13.0,,13.0,139979.726435,140734.47254699998,140734.472599,10825.728661461537,52.332502,139979.726435,38805.947054688404,56034.4632428,62.89550933333334,4.790590722603203,0.09237253506356441,4,64,,True,True,,59,87.6246207195492
142,2026-09-18T06:49:43.213+00:00,2026-09-18T06:52:04.143+00:00,2026-09-18T06:52:08.692+00:00,True,73,73.0,,73.0,140929.39177000002,145478.522266,145478.522292,1992.8564697534248,37.806239999999995,140929.39177000002,16487.146207615668,90.35400959999998,63.182368,10.753327162104966,0.5017922842694487,4,64,,True,True,,394,87.6246207195492
143,2026-09-18T06:49:43.639+00:00,2026-09-18T06:52:05.905+00:00,2026-09-18T06:52:07.454+00:00,True,25,25.0,,25.0,142265.95332,143815.208232,143815.208282,5752.60833128,41.903462,142265.95332,28440.283928734545,94.63253799999998,64.552288,14.86466656375374,0.1738341883820136,4,64,,True,True,,113,87.6246207195492
144,2026-09-18T06:49:43.990+00:00,2026-09-18T06:52:07.191+00:00,2026-09-18T06:52:12.909+00:00,True,94,94.0,,94.0,143201.04352099999,148919.101249,148919.10149399997,1584.245760574468,34.514656,143201.04352099999,14763.721822962598,83.77187265,61.48449169892473,10.347186395607368,0.6312151981284618,4,64,,True,True,,402,87.6246207195492
145,2026-09-18T06:49:44.331+00:00,2026-09-18T06:52:08.752+00:00,2026-09-18T06:52:11.093+00:00,True,40,40.0,,40.0,144420.930922,146761.843562,146761.843669,3669.0460917249998,38.744387,144420.930922,22825.46485301845,67.48021539999999,60.02340102564102,7.5315009673019695,0.2725504056720429,4,64,,True,True,,131,87.6246207195492
146,2026-09-18T06:49:44.715+00:00,2026-09-18T06:52:10.248+00:00,2026-09-18T06:52:13.259+00:00,True,49,49.0,,49.0,145533.568271,148543.77499099998,148543.77479999998,3031.505608163265,36.563152,145533.568271,20781.553135092443,87.8900822,62.71264,9.945189831369012,0.32986909079810867,4,64,,True,True,,238,87.6246207195492
147,2026-09-18T06:49:45.044+00:00,2026-09-18T06:52:11.501+00:00,2026-09-18T06:52:17.499+00:00,True,97,97.0,,97.0,146457.566032,152455.12840000002,152455.128505,1571.7023557216496,34.564595999999995,146457.566032,14864.17381125492,88.8287524,62.474608,11.423884239576253,0.6362527847898883,4,64,,True,True,,435,87.6246207195492
148,2026-09-18T06:49:45.484+00:00,2026-09-18T06:52:13.197+00:00,2026-09-18T06:52:14.205+00:00,True,17,17.0,,17.0,147713.340123,148721.711323,148721.71138300002,8748.335963705882,41.567743,147713.340123,35810.463128355375,29613.5719326,63.0232,9.683941011220366,0.11430745281755596,4,64,,True,True,,71,87.6246207195492
149,2026-09-18T06:49:45.787+00:00,2026-09-18T06:52:14.325+00:00,2026-09-18T06:52:17.158+00:00,True,47,47.0,,47.0,148538.08159000002,151370.650422,151370.65038200002,3220.6521357872343,39.384427,148538.08159000002,21657.526929853568,85.97413039999999,61.577583304347826,11.400050872174035,0.31049612239209273,4,64,,True,True,,245,87.6246207195492
150,2026-09-18T06:49:46.219+00:00,2026-09-18T06:52:16.132+00:00,2026-09-18T06:52:16.316+00:00,True,4,4.0,,4.0,149913.622809,150097.503257,150097.503236,37524.375809,56.169616000000005,149913.622809,74926.1647667706,127436.40917819999,61.29348266666666,4.743463523321048,0.02664934401441121,4,64,,True,True,,12,87.6246207195492
151,2026-09-18T06:49:46.531+00:00,2026-09-18T06:52:17.306+00:00,2026-09-18T06:52:20.552+00:00,True,51,51.0,,51.0,150775.22523699998,154020.83906099998,154020.839108,3020.0164530980387,40.535883999999996,150775.22523699998,21103.669260703366,96.079731,64.91227648,13.594738484465097,0.33112402393679624,4,64,,True,True,,247,87.6246207195492
152,2026-09-18T06:49:46.794+00:00,2026-09-18T06:52:18.320+00:00,2026-09-18T06:52:22.660+00:00,True,69,69.0,,69.0,151526.30033199998,155866.08170799998,155866.081893,2258.9287230869563,34.389286,151526.30033199998,18233.943988001694,95.4352084,63.820314352941175,12.350080151256908,0.44268771784014443,4,64,,True,True,,271,87.6246207195492
153,2026-09-18T06:49:47.187+00:00,2026-09-18T06:52:19.846+00:00,2026-09-18T06:52:20.927+00:00,True,18,18.0,,18.0,152659.009953,153740.497825,153740.497727,8541.138762611112,36.763951999999996,152659.009953,35967.080412709984,22973.6407447,63.61693364705882,10.160606877221367,0.1170804066244736,4,64,,True,True,,89,87.6246207195492
154,2026-09-18T06:49:47.501+00:00,2026-09-18T06:52:21.053+00:00,2026-09-18T06:52:21.398+00:00,True,6,6.0,,6.0,153552.76949200002,153897.89794000002,153897.897869,25649.64964483334,51.579934,153552.76949200002,62659.47759464306,115187.84539575002,69.02568959999999,15.670068525477635,0.03898688728249695,4,64,,True,True,,28,87.6246207195492
155,2026-09-18T06:49:47.935+00:00,2026-09-18T06:52:22.594+00:00,2026-09-18T06:52:27.349+00:00,True,76,76.0,,76.0,154659.19783000002,159414.14899800002,159414.14896700002,2097.554591671053,34.708176,154659.19783000002,17733.357556157072,91.22185674999999,63.39934890666667,10.850330732157563,0.47674563693184774,4,64,,True,True,,368,87.6246207195492
156,2026-09-18T06:49:48.808+00:00,2026-09-18T06:52:23.572+00:00,2026-09-18T06:52:24.744+00:00,True,20,20.0,,20.0,154763.6186,155935.44938399998,155935.449215,7796.7724607499995,35.548374,154763.6186,34592.408622076975,7827.502223299999,61.67530442105264,13.4416358719011,0.12825819965252963,4,64,,True,True,,60,87.6246207195492
157,2026-09-18T06:49:48.848+00:00,2026-09-18T06:52:24.866+00:00,2026-09-18T06:52:25.726+00:00,True,14,14.0,,14.0,156018.52823,156878.244326,156878.24425699998,11205.5888755,57.621482,156018.52823,41680.03216330501,54667.59498475,66.13200738461538,9.821713852371774,0.08924118229489728,4,64,,True,True,,73,87.6246207195492
158,2026-09-18T06:49:49.035+00:00,2026-09-18T06:52:26.599+00:00,2026-09-18T06:52:30.402+00:00,True,62,62.0,,62.0,157563.608797,161366.995165,161366.995256,2602.6934718709676,37.686,157563.608797,20002.682196155147,78.77056515,62.350596196721305,9.884345900321172,0.3842173545873129,4,64,,True,True,,259,87.6246207195492
159,2026-09-18T06:49:49.306+00:00,2026-09-18T06:52:27.805+00:00,2026-09-18T06:52:28.932+00:00,True,19,19.0,,19.0,158498.697338,159626.14361,159626.143637,8401.375980894736,39.683617,158498.697338,36347.727686110644,15945.292361599999,62.635904,13.537771093343768,0.11902812139859101,4,64,,True,True,,95,87.6246207195492
160,2026-09-18T06:49:49.682+00:00,2026-09-18T06:52:29.168+00:00,2026-09-18T06:52:35.322+00:00,True,98,98.0,,98.0,159486.272139,165639.787659,165639.787829,1690.201916622449,37.79096,159486.272139,16104.1431642045,95.20219905,63.4383043298969,12.80528876435545,0.591645288762088,4,64,,True,True,,361,87.6246207195492
161,2026-09-18T06:49:50.036+00:00,2026-09-18T06:52:30.590+00:00,2026-09-18T06:52:35.614+00:00,True,79,79.0,,79.0,160553.746492,165577.956156,165577.956327,2095.9234978101267,35.713854,160553.746492,18056.466230896873,98.6353545,64.41294441025642,14.172830918213595,0.4771166514796801,4,64,,True,True,,307,87.6246207195492
162,2026-09-18T06:49:50.403+00:00,2026-09-18T06:52:31.942+00:00,2026-09-18T06:52:37.548+00:00,True,87,87.0,,87.0,161539.595748,167144.973284,167144.97326,1921.206589195402,36.439722,161539.595748,17311.88165525093,98.4847515,65.17880855813954,15.670151136836214,0.5205062305533785,4,64,,True,True,,390,87.6246207195492
163,2026-09-18T06:49:50.661+00:00,2026-09-18T06:52:32.955+00:00,2026-09-18T06:52:33.598+00:00,True,11,11.0,,11.0,162293.198199,162937.060471,162937.060468,14812.460042545456,43.549188,162293.198199,48913.82915684443,81197.239745,64.38622720000001,14.48354764528572,0.06751073063551316,4,64,,True,True,,35,87.6246207195492
164,2026-09-18T06:49:50.977+00:00,2026-09-18T06:52:34.309+00:00,2026-09-18T06:52:36.851+00:00,True,40,40.0,,40.0,163331.51234599997,165874.02780199997,165874.02782699998,4146.850695675,38.452559,163331.51234599997,25814.675790651847,98.65812494999999,65.192704,14.608816438912928,0.2411468542124454,4,64,,True,True,,189,87.6246207195492
165,2026-09-18T06:49:51.366+00:00,2026-09-18T06:52:36.133+00:00,2026-09-18T06:52:42.170+00:00,True,96,96.0,,96.0,164766.29454499998,170803.41403299998,170803.41404299997,1779.202229614583,36.830290999999995,164766.29454499998,16809.908250044875,92.91882925,63.54862618947368,12.550728884542231,0.5620496554094193,4,64,,True,True,,503,87.6246207195492
166,2026-09-18T06:49:51.750+00:00,2026-09-18T06:52:37.332+00:00,2026-09-18T06:52:40.076+00:00,True,44,44.0,,44.0,165582.342127,168325.994991,168325.994943,3825.5907941590913,38.468888,165582.342127,24952.861809962295,94.3848293,63.805880558139535,13.565586943825918,0.2613975340074632,4,64,,True,True,,227,87.6246207195492
167,2026-09-18T06:49:52.056+00:00,2026-09-18T06:52:38.404+00:00,2026-09-18T06:52:38.934+00:00,True,9,9.0,,9.0,166348.107664,166877.572752,166877.572556,18541.952506222224,50.544795,166348.107664,55427.30935464729,99845.18137079998,66.183136,12.177401316945934,0.05393175279086228,4,64,,True,True,,36,87.6246207195492
168,2026-09-18T06:49:52.359+00:00,2026-09-18T06:52:39.662+00:00,2026-09-18T06:52:42.473+00:00,True,46,46.0,,46.0,167302.72053,170114.06798599998,170114.067851,3698.1319098043477,36.656971,167302.72053,24658.23136049391,86.37512149999999,62.47438791111111,10.819750297001415,0.270406795537837,4,64,,True,True,,196,87.6246207195492
169,2026-09-18T06:49:52.763+00:00,2026-09-18T06:52:41.482+00:00,2026-09-18T06:52:44.279+00:00,True,45,45.0,,45.0,168718.931602,171516.207762,171516.207718,3811.471282622222,38.399139000000005,168718.931602,25141.65840263114,89.58673780000001,63.57445818181818,10.58995339311412,0.26236587543051954,4,64,,True,True,,163,87.6246207195492
170,2026-09-18T06:49:53.016+00:00,2026-09-18T06:52:42.415+00:00,2026-09-18T06:52:43.300+00:00,True,15,15.0,,15.0,169399.411119,170284.528303,170284.528359,11352.3018906,42.641281,169399.411119,43722.41700599705,50882.6965888,63.222656,10.414997670845723,0.08808786182447167,4,64,,True,True,,62,87.6246207195492
171,2026-09-18T06:49:53.363+00:00,2026-09-18T06:52:43.754+00:00,2026-09-18T06:52:49.492+00:00,True,92,92.0,,92.0,170390.42855500002,176128.309899,176128.30995700002,1914.438151706522,37.045601000000005,170390.42855500002,17757.86066352735,91.2269557,63.05364114285714,12.389552751861384,0.5223464646470348,4,64,,True,True,,389,87.6246207195492
172,2026-09-18T06:49:53.797+00:00,2026-09-18T06:52:45.159+00:00,2026-09-18T06:52:46.649+00:00,True,25,25.0,,25.0,171361.819506,172851.897202,172851.897229,6914.07588916,39.950966,171361.819506,34259.947928055044,87.8296646,62.08657066666667,9.792651036238263,0.14463248830172942,4,64,,True,True,,99,87.6246207195492
173,2026-09-18T06:49:54.066+00:00,2026-09-18T06:52:46.067+00:00,2026-09-18T06:52:50.151+00:00,True,65,65.0,,65.0,172001.408689,176084.795825,176084.795662,2708.9968563384614,35.609233999999994,172001.408689,21326.239286281005,95.54245340000001,63.802924,13.146948424348384,0.3691403320511531,4,64,,True,True,,295,87.6246207195492
174,2026-09-18T06:49:54.447+00:00,2026-09-18T06:52:47.917+00:00,2026-09-18T06:52:52.957+00:00,True,81,81.0,,81.0,173470.297674,178509.85428200001,178509.854422,2203.8253632345677,34.059787,173470.297674,19267.481565364695,86.676748,62.994457600000004,11.569954538397056,0.4537564624978107,4,64,,True,True,,391,87.6246207195492
175,2026-09-18T06:49:54.715+00:00,2026-09-18T06:52:48.998+00:00,2026-09-18T06:52:50.876+00:00,True,32,32.0,,32.0,174282.959882,176161.238538,176161.238534,5505.0387041875,35.853513,174282.959882,30798.456255557536,77.44045495,60.589634064516126,9.4275364042913,0.18165176553920082,4,64,,True,True,,140,87.6246207195492
176,2026-09-18T06:49:55.123+00:00,2026-09-18T06:52:50.390+00:00,2026-09-18T06:52:54.404+00:00,True,63,63.0,,63.0,175266.90310499998,179280.77548899996,179280.775347,2845.7265928095235,38.587488,175266.90310499998,22073.401625611776,96.27032399999999,64.73987716129032,13.161369260972181,0.351404102465328,4,64,,True,True,,314,87.6246207195492
177,2026-09-18T06:49:55.433+00:00,2026-09-18T06:52:51.678+00:00,2026-09-18T06:52:55.958+00:00,True,66,66.0,,66.0,176245.331731,180524.99611500002,180524.99604600001,2735.227212818182,41.386973,176245.331731,21686.199806269324,97.300513,65.84099052307693,12.611953850663971,0.3656003402318644,4,64,,True,True,,302,87.6246207195492
178,2026-09-18T06:49:55.689+00:00,2026-09-18T06:52:52.619+00:00,2026-09-18T06:52:58.759+00:00,True,96,96.0,,96.0,176930.237255,183070.294855,183070.294845,1906.9822379687498,35.894533,176930.237255,18051.274896842555,94.95180524999999,64.6321852631579,13.051978894301794,0.5243887331696078,4,64,,True,True,,415,87.6246207195492
179,2026-09-18T06:49:56.122+00:00,2026-09-18T06:52:54.033+00:00,2026-09-18T06:52:57.047+00:00,True,47,47.0,,47.0,177911.075602,180925.049106,180925.049213,3849.4691321914893,39.315205999999996,177911.075602,25941.443903477426,97.5832547,65.52116313043479,13.851564759844871,0.25977607983106715,4,64,,True,True,,198,87.6246207195492
180,2026-09-18T06:49:56.559+00:00,2026-09-18T06:52:56.049+00:00,2026-09-18T06:53:01.615+00:00,True,89,89.0,,89.0,179489.06041499999,185055.14732699998,185055.147228,2079.271317168539,34.916845,179489.06041499999,19019.10098310615,91.2629636,63.25098763636363,11.133807911450194,0.4809377165971686,4,64,,True,True,,323,87.6246207195492
181,2026-09-18T06:49:56.867+00:00,2026-09-18T06:52:57.177+00:00,2026-09-18T06:53:02.995+00:00,True,94,94.0,,94.0,180309.447926,186127.980022,186127.979997,1980.0848935851063,38.751978,180309.447926,18591.04914755624,89.63973995,62.56486124731183,10.019701065922268,0.5050288515938838,4,64,,True,True,,442,87.6246207195492
182,2026-09-18T06:49:57.276+00:00,2026-09-18T06:52:58.851+00:00,2026-09-18T06:53:04.647+00:00,True,95,95.0,,95.0,181574.761102,187370.609806,187370.60997599998,1972.322210273684,38.653186999999996,181574.761102,18622.85319474587,69.0683634,61.65796493617021,8.119217888711583,0.5070165491715121,4,64,,True,True,,396,87.6246207195492
183,2026-09-18T06:49:57.602+00:00,2026-09-18T06:52:59.859+00:00,2026-09-18T06:53:02.266+00:00,True,40,40.0,,40.0,182256.73808,184663.64956800002,184663.649515,4616.591237875,39.228477,182256.73808,28807.56360157342,77.5278014,61.715679179487175,8.227480391746735,0.21661003718693708,4,64,,True,True,,208,87.6246207195492
184,2026-09-18T06:49:57.893+00:00,2026-09-18T06:53:01.218+00:00,2026-09-18T06:53:05.555+00:00,True,72,72.0,,72.0,183324.36058,187661.997444,187661.997567,2606.4166328750002,36.062712,183324.36058,21597.784256820665,69.30658605,61.093476957746475,6.9585686203852655,0.3836685156326626,4,64,,True,True,,368,87.6246207195492
185,2026-09-18T06:49:58.267+00:00,2026-09-18T06:53:02.521+00:00,2026-09-18T06:53:06.806+00:00,True,72,72.0,,72.0,184254.193194,188539.01648999998,188539.01658999998,2618.5974526388886,37.47816,184254.193194,21707.4539234297,72.047137,60.34962388732394,7.51758396839635,0.3818838208685514,4,64,,True,True,,365,87.6246207195492
186,2026-09-18T06:49:58.601+00:00,2026-09-18T06:53:03.863+00:00,2026-09-18T06:53:05.555+00:00,True,29,29.0,,29.0,185261.950614,186954.05199,186954.051913,6446.691445275862,35.784663,185261.950614,34391.05976121108,72.5412466,60.432192,9.121416846748414,0.15511832822725438,4,64,,True,True,,111,87.6246207195492
187,2026-09-18T06:49:58.911+00:00,2026-09-18T06:53:04.973+00:00,2026-09-18T06:53:05.452+00:00,True,9,9.0,,9.0,186062.70726199998,186541.73881399998,186541.738617,20726.859846333333,40.592383999999996,186062.70726199998,62000.94326691815,111664.83438639999,59.878944,8.299419780411915,0.04824657504117008,4,64,,True,True,,73,87.6246207195492
188,2026-09-18T06:49:59.286+00:00,2026-09-18T06:53:06.218+00:00,2026-09-18T06:53:09.846+00:00,True,62,62.0,,62.0,186931.22741999998,190559.83029999997,190559.83033199998,3073.5456505161287,36.232653,186931.22741999998,23732.73745622021,68.56288855000001,59.48529311475409,10.92516659549323,0.3253571327304022,4,64,,True,True,,257,87.6246207195492
189,2026-09-18T06:49:59.681+00:00,2026-09-18T06:53:08.050+00:00,2026-09-18T06:53:13.212+00:00,True,86,86.0,,86.0,188369.540434,193530.991698,193530.99159299998,2250.3603673604653,33.861907,188369.540434,20305.864980481703,70.08994175,60.72295604705882,11.053416756152004,0.4443732719263937,4,64,,True,True,,438,87.6246207195492
190,2026-09-18T06:50:00.131+00:00,2026-09-18T06:53:09.952+00:00,2026-09-18T06:53:10.001+00:00,True,2,2.0,,2.0,189821.043592,189870.281608,189870.28165,94935.140825,49.238057999999995,189821.043592,134188.93057110618,180332.45331530002,49.238016,nan,0.010533507313846698,4,64,,True,True,,7,87.6246207195492
191,2026-09-18T06:50:00.521+00:00,2026-09-18T06:53:11.401+00:00,2026-09-18T06:53:13.339+00:00,True,32,32.0,,32.0,190879.46959599998,192817.91669999997,192817.91660599998,6025.5598939374995,37.57089,190879.46959599998,33731.98994393022,96.18320539999999,62.53055174193548,11.961918492538803,0.16595968127685928,4,64,,True,True,,157,87.6246207195492
192,2026-09-18T06:50:00.944+00:00,2026-09-18T06:53:12.680+00:00,2026-09-18T06:53:17.242+00:00,True,74,74.0,,74.0,191735.96680599998,196298.546006,196298.54601299998,2652.6830542297294,34.041406,191735.96680599998,22281.591005999777,91.8635838,62.50108493150685,12.035696720378176,0.37697681162517704,4,64,,True,True,,268,87.6246207195492
193,2026-09-18T06:50:01.330+00:00,2026-09-18T06:53:14.155+00:00,2026-09-18T06:53:19.612+00:00,True,87,87.0,,87.0,192824.67609400002,198282.16319800002,198282.163269,2279.105324931035,36.064723,192824.67609400002,20666.175606551944,93.3769316,63.45915237209302,12.795735602613345,0.4387686647997873,4,64,,True,True,,429,87.6246207195492
194,2026-09-18T06:50:02.576+00:00,2026-09-18T06:53:15.483+00:00,2026-09-18T06:53:19.924+00:00,True,71,71.0,,71.0,192906.905442,197348.53360199998,197348.533534,2779.556810338028,36.267120999999996,192906.905442,22886.31084915209,93.354895,63.45183085714286,12.719763807947627,0.359769584825942,4,64,,True,True,,301,87.6246207195492
196,2026-09-18T06:50:02.753+00:00,2026-09-18T06:53:18.989+00:00,2026-09-18T06:53:20.876+00:00,True,32,32.0,,32.0,196236.227128,198122.649656,198122.649604,6191.332800125,38.539218,196236.227128,34679.23586282093,81.9537697,60.85233961290322,10.0485460373678,0.16151611163873258,4,64,,True,True,,128,87.6246207195492
195,2026-09-18T06:50:02.652+00:00,2026-09-18T06:53:19.243+00:00,2026-09-18T06:53:19.670+00:00,True,8,8.0,,8.0,196590.781468,197017.4943,197017.494251,24627.186781375,47.995121,196590.781468,69483.78543672919,127808.0416989,60.958976,7.419258436908817,0.04060553114038869,4,64,,True,True,,49,87.6246207195492
197,2026-09-18T06:50:03.008+00:00,2026-09-18T06:53:21.001+00:00,2026-09-18T06:53:21.508+00:00,True,9,9.0,,9.0,197993.23135,198500.546294,198500.546312,22055.616256888887,42.036961000000005,197993.23135,65976.60678898991,118831.49975159999,63.414368,13.048618031092882,0.04533992559733343,4,64,,True,True,,41,87.6246207195492
198,2026-09-18T06:50:03.301+00:00,2026-09-18T06:53:22.210+00:00,2026-09-18T06:53:27.378+00:00,True,83,83.0,,83.0,198909.337301,204076.894677,204076.894637,2458.7577667108435,38.509988,198909.337301,21826.22292411837,94.5050392,63.0189923902439,13.200656406538169,0.40670944220004496,4,64,,True,True,,363,87.6246207195492
199,2026-09-18T06:50:03.732+00:00,2026-09-18T06:53:23.833+00:00,2026-09-18T06:53:26.537+00:00,True,44,44.0,,44.0,200100.880866,202805.02909,202805.02918399998,4609.205208727272,29.812444,200100.880866,30156.864802832068,94.98649395000001,62.887168,12.621712251577973,0.2169571444920819,4,64,,True,True,,204,87.6246207195492
200,2026-09-18T06:50:04.018+00:00,2026-09-18T06:53:25.070+00:00,2026-09-18T06:53:28.079+00:00,True,49,49.0,,49.0,201052.9008,204061.781696,204061.78156,4164.526154285714,36.564681,201052.9008,28712.890481301594,92.6847502,62.685018666666664,12.137966923023257,0.2401233567243743,4,64,,True,True,,244,87.6246207195492
201,2026-09-18T06:50:04.316+00:00,2026-09-18T06:53:26.483+00:00,2026-09-18T06:53:28.487+00:00,True,33,33.0,,33.0,202167.23587099998,204171.74607899997,204171.74613699998,6187.0226102121205,35.990403,202167.23587099998,35181.89644069873,96.9845148,62.640944,12.920178538013873,0.1616286319422049,4,64,,True,True,,159,87.6246207195492
202,2026-09-18T06:50:04.733+00:00,2026-09-18T06:53:27.717+00:00,2026-09-18T06:53:32.049+00:00,True,72,72.0,,72.0,202984.658655,207316.725215,207316.72500200002,2879.398958361111,38.226038,202984.658655,23914.782428680453,75.19025780000001,61.01502197183099,9.03408962316127,0.3472947005376997,4,64,,True,True,,344,87.6246207195492
203,2026-09-18T06:50:05.156+00:00,2026-09-18T06:53:29.276+00:00,2026-09-18T06:53:35.246+00:00,True,97,97.0,,97.0,204119.691104,210090.296416,210090.296321,2165.879343515464,35.697553,204119.691104,20718.902763724993,89.5258328,62.19380533333334,11.261659874895111,0.461706236103024,4,64,,True,True,,423,87.6246207195492
204,2026-09-18T06:50:05.593+00:00,2026-09-18T06:53:31.201+00:00,2026-09-18T06:53:35.890+00:00,True,76,76.0,,76.0,205608.39992300002,210297.32254700002,210297.322454,2767.070032289474,35.586313000000004,205608.39992300002,23577.732227531244,88.99464125,62.51896832,11.287281341878408,0.3613930937376272,4,64,,True,True,,271,87.6246207195492
205,2026-09-18T06:50:06.049+00:00,2026-09-18T06:53:32.763+00:00,2026-09-18T06:53:36.012+00:00,True,53,53.0,,53.0,206714.197287,209963.291943,209963.29201799998,3961.571547509434,37.673550000000006,206714.197287,28385.798664092745,90.8340178,62.48258953846154,12.250101516550393,0.25242507635281425,4,64,,True,True,,230,87.6246207195492
206,2026-09-18T06:50:06.456+00:00,2026-09-18T06:53:34.571+00:00,2026-09-18T06:53:37.915+00:00,True,53,53.0,,53.0,208115.2716,211458.730416,211458.730324,3989.7873646037738,38.910897,208115.2716,28578.001658486624,93.4448836,64.29728492307692,12.061237319350708,0.250639923429663,4,64,,True,True,,304,87.6246207195492
207,2026-09-18T06:50:06.716+00:00,2026-09-18T06:53:35.403+00:00,2026-09-18T06:53:35.826+00:00,True,8,8.0,,8.0,208687.631095,209110.27583099998,209110.275836,26138.7844795,38.653718,208687.631095,73760.87352833636,135673.94606435,60.37781942857143,11.458297341931958,0.03825732603626562,4,64,,True,True,,39,87.6246207195492
208,2026-09-18T06:50:07.128+00:00,2026-09-18T06:53:37.119+00:00,2026-09-18T06:53:41.297+00:00,True,69,69.0,,69.0,209991.50404899998,214168.962481,214168.96257499998,3103.898008333333,37.795159,209991.50404899998,25272.612267207784,73.8186202,61.43321223529412,9.063557110403034,0.32217553468384263,4,64,,True,True,,336,87.6246207195492
209,2026-09-18T06:50:07.464+00:00,2026-09-18T06:53:38.833+00:00,2026-09-18T06:53:39.139+00:00,True,6,6.0,,6.0,211368.82878799998,211674.4997,211674.499827,35279.083304499996,56.644394,211368.82878799998,86266.0051408909,158542.82459074998,61.1341824,3.7917023460831945,0.028345407729809792,4,64,,True,True,,19,87.6246207195492
210,2026-09-18T06:50:07.799+00:00,2026-09-18T06:53:39.982+00:00,2026-09-18T06:53:42.871+00:00,True,48,48.0,,48.0,212183.15067899998,215071.979607,215071.979803,4480.666245895833,34.131406000000005,212183.15067899998,30617.13041879412,89.2622812,61.46444527659574,11.884268052314573,0.2231810954068037,4,64,,True,True,,236,87.6246207195492
211,2026-09-18T06:50:08.224+00:00,2026-09-18T06:53:41.301+00:00,2026-09-18T06:53:47.245+00:00,True,95,95.0,,95.0,213077.181579,219020.36749899999,219020.367618,2305.477553873684,36.149123,213077.181579,21854.77353070213,91.49766029999999,63.22538212765957,11.034098264648259,0.43374961463542316,4,64,,True,True,,383,87.6246207195492
212,2026-09-18T06:50:08.641+00:00,2026-09-18T06:53:42.998+00:00,2026-09-18T06:53:46.932+00:00,True,63,63.0,,63.0,214357.091479,218291.112599,218291.11256,3464.9382946031747,37.27256,214357.091479,26998.46249915566,89.91962109999999,63.451953548387095,9.530229543021004,0.2886054280905645,4,64,,True,True,,320,87.6246207195492
213,2026-09-18T06:50:09.053+00:00,2026-09-18T06:53:44.213+00:00,2026-09-18T06:53:49.644+00:00,True,85,85.0,,85.0,215160.619269,220591.521029,220591.52092399998,2595.1943638117646,0.01898,215160.619269,23330.443910376864,94.0046486,64.65359238095238,22.53696274159049,0.38532759375110115,4,64,,True,True,,413,87.6246207195492
214,2026-09-18T06:50:09.307+00:00,2026-09-18T06:53:45.328+00:00,2026-09-18T06:53:47.547+00:00,True,35,35.0,,35.0,216020.933135,218240.474127,218240.474339,6235.442123971428,41.668631999999995,216020.933135,36503.16897866506,97.14374380000001,65.28061741176471,9.766632382100605,0.16037355188127275,4,64,,True,True,,153,87.6246207195492
215,2026-09-18T06:50:09.761+00:00,2026-09-18T06:53:47.114+00:00,2026-09-18T06:53:47.596+00:00,True,8,8.0,,8.0,217353.379056,217834.682352,217834.682297,27229.335287125,54.169678999999995,217353.379056,76821.71546758074,141312.4689143,68.75761371428571,12.198135858558249,0.0367250977375254,4,64,,True,True,,47,87.6246207195492
216,2026-09-18T06:50:10.217+00:00,2026-09-18T06:53:49.463+00:00,2026-09-18T06:53:55.176+00:00,True,93,93.0,,93.0,219245.509521,224958.157969,224958.158041,2418.904925172043,36.025863,219245.509521,22728.264532206547,91.1756392,62.09400486956522,11.9639938770225,0.4134102129908786,4,64,,True,True,,430,87.6246207195492
217,2026-09-18T06:50:10.594+00:00,2026-09-18T06:53:50.702+00:00,2026-09-18T06:53:55.368+00:00,True,76,76.0,,76.0,220108.107831,224773.855287,224773.855256,2957.5507270526314,35.025925,220108.107831,25240.998964518345,94.56107825,62.20996608,13.174806821036192,0.33811761560507225,4,64,,True,True,,385,87.6246207195492
218,2026-09-18T06:50:10.881+00:00,2026-09-18T06:53:51.618+00:00,2026-09-18T06:53:53.438+00:00,True,30,30.0,,30.0,220736.72481,222557.070922,222557.071028,7418.569034266668,36.336852,220736.72481,40289.369547136346,93.83416550000001,62.770555586206896,12.967265128864863,0.13479688547174562,4,64,,True,True,,155,87.6246207195492
219,2026-09-18T06:50:11.253+00:00,2026-09-18T06:53:53.193+00:00,2026-09-18T06:53:56.493+00:00,True,54,54.0,,54.0,221940.42499200001,225239.888672,225239.88854500002,4171.10904712963,33.871737,221940.42499200001,30193.796787299972,83.90005425,62.25403169811321,11.436509851054328,0.23974439127270286,4,64,,True,True,,226,87.6246207195492
220,2026-09-18T06:50:11.705+00:00,2026-09-18T06:53:54.843+00:00,2026-09-18T06:54:00.299+00:00,True,88,88.0,,88.0,223138.037878,228593.876086,228593.876074,2597.657682659091,35.323694,223138.037878,23779.911287868206,71.96956519999999,62.710784,8.548884433647693,0.3849621936805221,4,64,,True,True,,466,87.6246207195492
221,2026-09-18T06:50:11.971+00:00,2026-09-18T06:53:55.867+00:00,2026-09-18T06:54:01.105+00:00,True,84,84.0,,84.0,223896.173171,229133.404531,229133.404496,2727.778624952381,33.451627,223896.173171,24422.192144910197,75.03464665,63.09917301204819,8.777732567758395,0.36659866409236475,4,64,,True,True,,443,87.6246207195492
222,2026-09-18T06:50:12.283+00:00,2026-09-18T06:53:57.188+00:00,2026-09-18T06:54:01.623+00:00,True,72,72.0,,72.0,224905.22494400002,229340.789232,229340.789159,3185.2887383194447,37.451029000000005,224905.22494400002,26497.974324176008,83.85107230000001,62.472736450704225,9.99802070878115,0.3139432817036535,4,64,,True,True,,294,87.6246207195492
223,2026-09-18T06:50:12.725+00:00,2026-09-18T06:53:58.533+00:00,2026-09-18T06:54:00.042+00:00,True,26,26.0,,26.0,225807.14075299999,227316.27048099999,227316.27046799997,8742.93347953846,39.774686,225807.14075299999,44272.58642647959,88.56189400000001,60.36518912,10.877771308579929,0.11437808628913426,4,64,,True,True,,108,87.6246207195492
224,2026-09-18T06:50:13.018+00:00,2026-09-18T06:53:59.789+00:00,2026-09-18T06:54:00.422+00:00,True,11,11.0,,11.0,226770.93865,227404.08476199998,227404.084605,20673.098600454545,58.430641,226770.93865,68354.92061368615,113419.192797,63.3146112,2.993254410047172,0.04837204226789746,4,64,,True,True,,50,87.6246207195492
225,2026-09-18T06:50:13.396+00:00,2026-09-18T06:54:01.232+00:00,2026-09-18T06:54:01.290+00:00,True,2,2.0,,2.0,227835.873586,227894.59205,227894.592086,113947.296043,58.7185,227835.873586,161062.7709606905,216447.0158317,58.718464,nan,0.008775987100041412,4,64,,True,True,,10,87.6246207195492
226,2026-09-18T06:50:13.808+00:00,2026-09-18T06:54:02.989+00:00,2026-09-18T06:54:08.418+00:00,True,87,87.0,,87.0,229180.66710800002,234610.52746,234610.52746100002,2696.672729436782,36.290362,229180.66710800002,24563.980804894614,93.60466430000001,63.13791106976745,12.816279015993842,0.3708273492323702,4,64,,True,True,,445,87.6246207195492
227,2026-09-18T06:50:14.216+00:00,2026-09-18T06:54:04.372+00:00,2026-09-18T06:54:05.639+00:00,True,22,22.0,,22.0,230156.620819,231423.920915,231423.920787,10519.269126681818,41.714421,230156.620819,49056.69074644904,67.43721704999999,60.34762361904762,6.951988445537222,0.09506363868098323,4,64,,True,True,,132,87.6246207195492
228,2026-09-18T06:50:14.613+00:00,2026-09-18T06:54:05.762+00:00,2026-09-18T06:54:06.323+00:00,True,10,10.0,,10.0,231148.900291,231710.364099,231710.363999,23171.0363999,55.077847,231148.900291,73075.97264314951,127162.24144239999,62.38486755555555,4.265624275653187,0.04315732720409271,4,64,,True,True,,45,87.6246207195492
229,2026-09-18T06:50:14.890+00:00,2026-09-18T06:54:06.648+00:00,2026-09-18T06:54:09.646+00:00,True,47,47.0,,47.0,231758.85560100002,234756.186801,234756.18658900002,4994.812480617022,39.535326,231758.85560100002,33796.00251380495,99.9886865,65.15937391304348,15.512727660836077,0.20020771610096622,4,64,,True,True,,203,87.6246207195492
230,2026-09-18T06:50:15.256+00:00,2026-09-18T06:54:08.414+00:00,2026-09-18T06:54:12.717+00:00,True,70,70.0,,70.0,233157.879701,237461.402005,237461.401904,3392.3057414857144,36.977561,233157.879701,27860.244907035438,94.0704165,62.36988846376812,12.36307657034983,0.2947847498960108,4,64,,True,True,,351,87.6246207195492
231,2026-09-18T06:50:15.649+00:00,2026-09-18T06:54:09.832+00:00,2026-09-18T06:54:12.848+00:00,True,49,49.0,,49.0,234183.027751,237198.52112699999,237198.521135,4840.786145612245,37.776509,234183.027751,33445.74605459306,95.0743276,62.822778666666665,13.03488475390092,0.20657801645299717,4,64,,True,True,,240,87.6246207195492
232,2026-09-18T06:50:15.908+00:00,2026-09-18T06:54:10.772+00:00,2026-09-18T06:54:11.976+00:00,True,19,19.0,,19.0,234863.52945,236067.854058,236067.854065,12424.623898157895,41.403631999999995,234863.52945,53866.04166162599,23584.0753824,66.90692266666666,15.82086664301212,0.08048533365890576,4,64,,True,True,,71,87.6246207195492
233,2026-09-18T06:50:16.362+00:00,2026-09-18T06:54:12.451+00:00,2026-09-18T06:54:14.073+00:00,True,28,28.0,,28.0,236089.17513299998,237710.80431699997,237710.804327,8489.671583107141,37.882228000000005,236089.17513299998,44605.31091810783,74.58532015,60.06034014814815,9.254221631136254,0.11779018661120895,4,64,,True,True,,116,87.6246207195492
234,2026-09-18T06:50:17.279+00:00,2026-09-18T06:54:14.981+00:00,2026-09-18T06:54:18.075+00:00,True,49,49.0,,49.0,237701.614809,240795.460569,240795.460467,4914.193070755102,38.374158,237701.614809,33948.168173806844,99.8489624,64.45512,13.175934021628036,0.20349220821776678,4,64,,True,True,,229,87.6246207195492
235,2026-09-18T06:50:17.304+00:00,2026-09-18T06:54:15.233+00:00,2026-09-18T06:54:21.555+00:00,True,100,100.0,,100.0,237928.912563,244250.628275,244250.628298,2442.50628298,36.318192,237928.912563,23786.50837462495,94.70717630000001,63.85571426262626,11.369545401992323,0.40941552824752914,4,64,,True,True,,633,87.6246207195492
236,2026-09-18T06:50:17.450+00:00,2026-09-18T06:54:16.738+00:00,2026-09-18T06:54:21.052+00:00,True,68,68.0,,68.0,239288.533173,243601.696693,243601.69685900002,3582.377894985294,34.095665999999994,239288.533173,29010.192089587297,88.1818234,64.37557492537314,10.286455779018805,0.2791441969540026,4,64,,True,True,,324,87.6246207195492
237,2026-09-18T06:50:17.898+00:00,2026-09-18T06:54:18.824+00:00,2026-09-18T06:54:19.972+00:00,True,19,19.0,,19.0,240925.942716,242074.53254,242074.532606,12740.764873999999,54.670297,240925.942716,55257.56345361289,24178.2716634,63.810545777777776,8.660656284135323,0.07848822344358125,4,64,,True,True,,53,87.6246207195492
238,2026-09-18T06:50:18.165+00:00,2026-09-18T06:54:19.846+00:00,2026-09-18T06:54:24.061+00:00,True,68,68.0,,68.0,241680.975465,245895.557225,245895.557115,3616.1111340441175,37.876368,241680.975465,29300.497031638366,87.4903305,62.90420537313433,11.083332781416543,0.2765401732646127,4,64,,True,True,,244,87.6246207195492
239,2026-09-18T06:50:18.620+00:00,2026-09-18T06:54:21.880+00:00,2026-09-18T06:54:26.425+00:00,True,74,74.0,,74.0,243260.49679499998,247805.380507,247805.380556,3348.7213588648647,36.708391000000006,243260.49679499998,28271.22274994901,80.69922860000001,62.25868098630137,10.221847534811475,0.2986214417483548,4,64,,True,True,,316,87.6246207195492
240,2026-09-18T06:50:19.010+00:00,2026-09-18T06:54:23.477+00:00,2026-09-18T06:54:27.305+00:00,True,62,62.0,,62.0,244467.08802599998,248294.70940199998,248294.70938999997,4004.753377258064,36.715271,244467.08802599998,31039.383690683368,88.34343594999999,62.74789140983607,9.580068720082261,0.24970326653081962,4,64,,True,True,,253,87.6246207195492
241,2026-09-18T06:50:19.335+00:00,2026-09-18T06:54:24.814+00:00,2026-09-18T06:54:24.983+00:00,True,4,4.0,,4.0,245478.686973,245647.816701,245647.81688600002,61411.954221500004,36.139532,245478.686973,122711.15600220824,208666.8971328,56.376576,17.527725011429407,0.016283474665963586,4,64,,True,True,,15,87.6246207195492
242,2026-09-18T06:50:19.738+00:00,2026-09-18T06:54:26.254+00:00,2026-09-18T06:54:32.220+00:00,True,95,95.0,,95.0,246515.32541100003,252481.44099500004,252481.44089100003,2657.6993778,37.29603,246515.32541100003,25285.42956489944,92.11594170000001,63.46931472340426,11.63009651960101,0.37626527964042045,4,64,,True,True,,432,87.6246207195492
243,2026-09-18T06:50:20.152+00:00,2026-09-18T06:54:27.647+00:00,2026-09-18T06:54:28.319+00:00,True,11,11.0,,11.0,247494.205487,248167.050031,248167.04979699999,22560.640890636365,39.291697,247494.205487,74602.02566504107,123798.58361200002,67.2844544,18.266622363370043,0.044324981896774474,4,64,,True,True,,47,87.6246207195492
244,2026-09-18T06:50:20.422+00:00,2026-09-18T06:54:28.829+00:00,2026-09-18T06:54:34.885+00:00,True,99,99.0,,99.0,248407.40912,254463.428576,254463.428541,2570.337662030303,36.805861,248407.40912,24959.67509721341,79.15797309999999,61.79611689795918,9.698405459447608,0.3890539420694471,4,64,,True,True,,425,87.6246207195492
245,2026-09-18T06:50:20.789+00:00,2026-09-18T06:54:30.342+00:00,2026-09-18T06:54:32.540+00:00,True,36,36.0,,36.0,249553.077544,251751.2282,251751.228059,6993.089668305555,40.202144999999994,249553.077544,41581.71287111484,80.073388,62.80430445714286,7.538677457274742,0.14299830931271698,4,64,,True,True,,146,87.6246207195492
246,2026-09-18T06:50:21.093+00:00,2026-09-18T06:54:31.396+00:00,2026-09-18T06:54:32.763+00:00,True,23,23.0,,23.0,250302.682114,251670.298882,251670.298973,10942.186911869565,40.419574,250302.682114,52178.755868938635,94.30999269999998,62.164398545454546,10.164441557753067,0.09138940948603534,4,64,,True,True,,106,87.6246207195492
247,2026-09-18T06:50:21.352+00:00,2026-09-18T06:54:32.082+00:00,2026-09-18T06:54:32.882+00:00,True,14,14.0,,14.0,250729.666067,251529.911315,251529.911338,17966.42223842857,44.700076,250729.666067,66993.87105776998,87814.72771980001,61.55732676923077,12.099010320132622,0.05565938431261678,4,64,,True,True,,33,87.6246207195492
248,2026-09-18T06:50:21.697+00:00,2026-09-18T06:54:33.469+00:00,2026-09-18T06:54:36.062+00:00,True,43,43.0,,43.0,251771.81547600002,254364.500276,254364.500422,5915.453498186047,41.214793,251771.81547600002,38385.42886230059,71.1158712,61.73059047619048,7.829567212765347,0.1690487467918776,4,64,,True,True,,192,87.6246207195492
249,2026-09-18T06:50:21.965+00:00,2026-09-18T06:54:34.593+00:00,2026-09-18T06:54:35.869+00:00,True,22,22.0,,22.0,252628.06777599998,253904.06905599998,253904.069057,11541.094048045454,41.578812,252628.06777599998,53847.530844737805,69.86229320000001,60.761965714285715,5.996499075553811,0.08664689810523586,4,64,,True,True,,98,87.6246207195492
250,2026-09-18T06:50:22.383+00:00,2026-09-18T06:54:36.191+00:00,2026-09-18T06:54:38.145+00:00,True,31,31.0,,31.0,253808.160444,255762.22918,255762.229146,8250.394488580645,36.338142,253808.160444,45573.59536828471,104.95494900000001,65.13562453333333,16.12672764823504,0.12120632549766706,4,64,,True,True,,185,87.6246207195492
251,2026-09-18T06:50:22.656+00:00,2026-09-18T06:54:37.424+00:00,2026-09-18T06:54:41.577+00:00,True,67,67.0,,67.0,254767.84199000002,258920.53703,258920.536984,3864.4856266268657,38.772006999999995,254767.84199000002,31117.160955047995,94.94196329999998,62.91962181818182,11.559156257293452,0.2587666500639036,4,64,,True,True,,238,87.6246207195492
252,2026-09-18T06:50:23.044+00:00,2026-09-18T06:54:38.629+00:00,2026-09-18T06:54:41.953+00:00,True,54,54.0,,54.0,255584.81187,258909.220446,258909.220426,4794.615193074074,35.572974,255584.81187,34772.15335230095,93.58935535,62.72469011320755,10.638146114718257,0.20856731138033238,4,64,,True,True,,236,87.6246207195492
253,2026-09-18T06:50:23.365+00:00,2026-09-18T06:54:40.038+00:00,2026-09-18T06:54:44.639+00:00,True,76,76.0,,76.0,256673.61702200002,261274.54681400003,261274.54675900002,3437.822983671053,38.770648,256673.61702200002,29435.446904054577,68.38799524999999,61.34573056,6.153941289557278,0.29088175992169646,4,64,,True,True,,302,87.6246207195492
254,2026-09-18T06:50:23.815+00:00,2026-09-18T06:54:41.577+00:00,2026-09-18T06:54:43.082+00:00,True,26,26.0,,26.0,257762.583001,259267.263705,259267.26357399998,9971.81782976923,36.287112,257762.583001,50539.598477725856,71.22172375,60.18722816,7.960683927878264,0.10028261813100851,4,64,,True,True,,87,87.6246207195492
255,2026-09-18T06:50:24.093+00:00,2026-09-18T06:54:42.329+00:00,2026-09-18T06:54:42.956+00:00,True,12,12.0,,12.0,258235.754217,258862.640361,258862.640564,21571.886713666667,36.362442,258235.754217,74529.79017468217,116244.30600465002,56.98964945454545,9.658562258143604,0.046356631390552364,4,64,,True,True,,41,87.6246207195492
256,2026-09-18T06:50:24.342+00:00,2026-09-18T06:54:43.265+00:00,2026-09-18T06:54:43.395+00:00,True,3,3.0,,3.0,258923.562843,259052.92629899998,259052.926391,86350.97546366666,60.436017,258923.562843,149452.24472762088,233038.09931179998,64.681728,6.004411374581192,0.011580645093880883,4,64,,True,True,,8,87.6246207195492
257,2026-09-18T06:50:24.592+00:00,2026-09-18T06:54:44.515+00:00,2026-09-18T06:54:47.403+00:00,True,49,49.0,,49.0,259922.29510699998,262810.582595,262810.58268,5363.481279183673,39.401516,259922.29510699998,37123.16150979193,80.11827399999999,60.172656,9.378225571800733,0.18644606893745472,4,64,,True,True,,234,87.6246207195492
258,2026-09-18T06:50:24.968+00:00,2026-09-18T06:54:45.514+00:00,2026-09-18T06:54:46.523+00:00,True,18,18.0,,18.0,260546.79932800002,261555.31952000002,261555.31953000004,14530.851085000002,41.078273,260546.79932800002,61397.48702971725,39139.630530250004,59.324717176470585,7.741648830641153,0.06881909354026201,4,64,,True,True,,75,87.6246207195492
259,2026-09-18T06:50:25.355+00:00,2026-09-18T06:54:46.906+00:00,2026-09-18T06:54:52.172+00:00,True,88,88.0,,88.0,261550.990158,266816.837198,266816.837329,3032.009515102273,35.121944000000006,261550.990158,27874.97922829615,89.02184945,60.52697747126437,11.122052524510714,0.3298142685601838,4,64,,True,True,,175,87.6246207195492
260,2026-09-18T06:50:25.610+00:00,2026-09-18T06:54:47.611+00:00,2026-09-18T06:54:51.256+00:00,True,62,62.0,,62.0,262001.023869,265645.569149,265645.569125,4284.605953629032,38.436707999999996,262001.023869,33266.57695187598,69.38136115,59.74664393442623,9.997560562224914,0.23339369144615524,4,64,,True,True,,292,87.6246207195492
261,2026-09-18T06:50:25.934+00:00,2026-09-18T06:54:49.024+00:00,2026-09-18T06:54:51.797+00:00,True,47,47.0,,47.0,263090.09087,265862.814326,265862.81437000004,5656.655624893618,31.672151000000003,263090.09087,38366.843227771686,86.6376188,60.27659686956522,11.221245409896795,0.17678290256255536,4,64,,True,True,,234,87.6246207195492
262,2026-09-18T06:50:26.339+00:00,2026-09-18T06:54:50.617+00:00,2026-09-18T06:54:53.649+00:00,True,52,52.0,,52.0,264277.507025,267309.740753,267309.740729,5140.571937096154,32.036821,264277.507025,36640.452674847125,69.33021425000001,59.455563294117646,10.326962536583688,0.19453088336219337,4,64,,True,True,,172,87.6246207195492
263,2026-09-18T06:50:26.767+00:00,2026-09-18T06:54:52.232+00:00,2026-09-18T06:54:56.114+00:00,True,66,66.0,,66.0,265464.997551,269346.35665499995,269346.356474,4081.005401121212,35.924701999999996,265464.997551,32669.133565854776,68.69395625,59.713216984615386,9.649085444642669,0.24503765641997527,4,64,,True,True,,291,87.6246207195492
264,2026-09-18T06:50:27.194+00:00,2026-09-18T06:54:53.648+00:00,2026-09-18T06:54:58.930+00:00,True,85,85.0,,85.0,266453.722509,271736.386445,271736.38656199997,3196.898665435294,33.399807,266453.722509,28894.14565258545,94.2271976,62.88885638095238,13.026057631291497,0.3128031586495104,4,64,,True,True,,357,87.6246207195492
265,2026-09-18T06:50:27.501+00:00,2026-09-18T06:54:54.698+00:00,2026-09-18T06:54:57.269+00:00,True,41,41.0,,41.0,267196.729339,269767.764219,269767.764245,6579.70156695122,38.551048,267196.729339,41719.081879167694,94.225543,64.275872,12.057294631390372,0.15198257700914855,4,64,,True,True,,181,87.6246207195492
266,2026-09-18T06:50:27.757+00:00,2026-09-18T06:54:55.643+00:00,2026-09-18T06:54:58.889+00:00,True,51,51.0,,51.0,267885.876741,271132.585989,271132.585996,5316.325215607842,41.131213,267885.876741,37502.43543676715,99.07023949999999,64.93418496,13.099650857486397,0.18809985459316608,4,64,,True,True,,220,87.6246207195492
267,2026-09-18T06:50:28.163+00:00,2026-09-18T06:54:57.335+00:00,2026-09-18T06:54:58.554+00:00,True,20,20.0,,20.0,269172.167342,270391.699886,270391.699854,13519.5849927,41.022173,269172.167342,60174.37516607776,13553.605092449998,64.18592336842106,12.30408898768754,0.0739667675022281,4,64,,True,True,,99,87.6246207195492
268,2026-09-18T06:50:28.573+00:00,2026-09-18T06:54:59.161+00:00,2026-09-18T06:55:02.322+00:00,True,50,50.0,,50.0,270587.695513,273749.203865,273749.203852,5474.984077040001,35.393453,270587.695513,38257.755565404856,91.32873135,64.52057861224489,9.969795234431032,0.18264893301628599,4,64,,True,True,,256,87.6246207195492
269,2026-09-18T06:50:29.011+00:00,2026-09-18T06:55:00.876+00:00,2026-09-18T06:55:02.040+00:00,True,19,19.0,,19.0,271864.85422399995,273029.46939199994,273029.46934799996,14369.972070947366,35.775223,271864.85422399995,62355.23273191501,27272.839503499996,64.70084266666666,11.926711698907003,0.06958955764852218,4,64,,True,True,,94,87.6246207195492
270,2026-09-18T06:50:29.259+00:00,2026-09-18T06:55:01.684+00:00,2026-09-18T06:55:04.630+00:00,True,48,48.0,,48.0,272424.832985,275371.127513,275371.127628,5736.898492249999,38.427938000000005,272424.832985,39312.09159464917,94.28913329999999,62.68711761702128,12.790895759289652,0.17431021339640618,4,64,,True,True,,142,87.6246207195492
271,2026-09-18T06:50:29.667+00:00,2026-09-18T06:55:03.025+00:00,2026-09-18T06:55:05.942+00:00,True,46,46.0,,46.0,273357.548313,276275.141145,276275.14105000003,6005.981327173913,40.021865,273357.548313,40294.814522771645,97.48988475,64.83539626666666,13.8493983418987,0.16650068409831126,4,64,,True,True,,197,87.6246207195492
272,2026-09-18T06:50:30.067+00:00,2026-09-18T06:55:04.342+00:00,2026-09-18T06:55:07.566+00:00,True,53,53.0,,53.0,274275.32886799995,277499.57949199993,277499.57946999994,5235.841122075471,34.965795,274275.32886799995,37666.098251014744,89.701211,62.0048196923077,10.434198603986475,0.19099128040850938,4,64,,True,True,,79,87.6246207195492
273,2026-09-18T06:50:30.439+00:00,2026-09-18T06:55:06.244+00:00,2026-09-18T06:55:07.758+00:00,True,26,26.0,,26.0,275804.88907800004,277319.19871,277319.19879700005,10666.123030653847,38.359178,275804.88907800004,54077.91009737059,69.2527225,60.57238528,6.894814543789916,0.09375477832383644,4,64,,True,True,,104,87.6246207195492
274,2026-09-18T06:50:30.866+00:00,2026-09-18T06:55:07.911+00:00,2026-09-18T06:55:13.446+00:00,True,91,91.0,,91.0,277045.04282800003,282580.58279600006,282580.58279300004,3105.281129593407,37.48509,277045.04282800003,29035.766436916914,90.82381,61.505999644444444,11.543242828872534,0.3220320345424955,4,64,,True,True,,433,87.6246207195492
275,2026-09-18T06:50:31.228+00:00,2026-09-18T06:55:09.309+00:00,2026-09-18T06:55:13.497+00:00,True,70,70.0,,70.0,278081.105672,282269.57773599995,282269.577725,4032.422538928571,37.22145,278081.105672,33229.795755070976,84.29503885,60.702493681159424,10.92322386305091,0.2479898845686776,4,64,,True,True,,369,87.6246207195492
276,2026-09-18T06:50:31.669+00:00,2026-09-18T06:55:11.014+00:00,2026-09-18T06:55:11.419+00:00,True,7,7.0,,7.0,279344.82042799995,279749.35751599993,279749.35757899994,39964.193939857134,56.872543,279344.82042799995,105556.93479820076,195567.33405199996,67.422848,10.097394087539536,0.02502239884357784,4,64,,True,True,,25,87.6246207195492
277,2026-09-18T06:50:31.942+00:00,2026-09-18T06:55:11.883+00:00,2026-09-18T06:55:16.700+00:00,True,79,79.0,,79.0,279941.18297,284757.88569,284757.88561500004,3604.530197658228,35.079374,279941.18297,31488.897855731866,79.7099648,61.752598974358975,10.634622652455452,0.27742866473591843,4,64,,True,True,,338,87.6246207195492
278,2026-09-18T06:50:32.296+00:00,2026-09-18T06:55:12.661+00:00,2026-09-18T06:55:15.371+00:00,True,44,44.0,,44.0,280364.77203600004,283075.24166800006,283075.24174100003,6433.528221386365,35.856213000000004,280364.77203600004,42257.078716632794,92.82540599999999,63.034177488372094,12.418354110309345,0.15543570585945007,4,64,,True,True,,214,87.6246207195492
279,2026-09-18T06:50:32.706+00:00,2026-09-18T06:55:14.015+00:00,2026-09-18T06:55:14.266+00:00,True,5,5.0,,5.0,281309.30858099996,281559.43926899997,281559.43941199995,56311.88788239999,60.958816,281309.30858099996,125777.38187072166,225060.4721964,62.532672,1.801410492436783,0.01775823965618512,4,64,,True,True,,11,87.6246207195492
280,2026-09-18T06:50:32.980+00:00,2026-09-18T06:55:15.183+00:00,2026-09-18T06:55:21.080+00:00,True,97,97.0,,97.0,282202.945666,288099.604866,288099.604844,2970.0990190103093,37.02596,282202.945666,28647.132803075267,70.163824,61.42353333333334,9.47567065507884,0.33668911154916836,4,64,,True,True,,510,87.6246207195492
281,2026-09-18T06:50:33.316+00:00,2026-09-18T06:55:16.920+00:00,2026-09-18T06:55:20.066+00:00,True,53,53.0,,53.0,283604.101377,286750.18624099996,286750.186145,5410.380870660377,39.323246,283604.101377,38947.70978338296,72.1811724,60.501632,8.992300037069258,0.18482987123661712,4,64,,True,True,,198,87.6246207195492
282,2026-09-18T06:50:33.590+00:00,2026-09-18T06:55:17.961+00:00,2026-09-18T06:55:20.585+00:00,True,43,43.0,,43.0,284371.1031,286994.72473200003,286994.724758,6674.295924604651,39.107116999999995,284371.1031,43356.66151480622,88.36172729999998,62.467181714285715,9.444395678298818,0.14982853792923911,4,64,,True,True,,195,87.6246207195492
284,2026-09-18T06:50:34.893+00:00,2026-09-18T06:55:20.709+00:00,2026-09-18T06:55:25.102+00:00,True,73,73.0,,73.0,285816.590588,290209.61382,290209.613695,3975.4741602054796,35.671793,285816.590588,33445.161774302345,72.7754814,61.014211555555555,9.380828171724676,0.2515423215623643,4,64,,True,True,,290,87.6246207195492
283,2026-09-18T06:50:34.841+00:00,2026-09-18T06:55:22.107+00:00,2026-09-18T06:55:22.359+00:00,True,5,5.0,,5.0,287265.87825,287518.061034,287518.06103700004,57503.6122074,59.607538,287265.87825,128441.01142047756,229826.14231900004,63.045696,3.5390552474798502,0.017390211877537434,4,64,,True,True,,12,87.6246207195492
285,2026-09-18T06:50:34.929+00:00,2026-09-18T06:55:22.775+00:00,2026-09-18T06:55:26.987+00:00,True,69,69.0,,69.0,287845.877869,292058.439277,292058.439116,4232.73100168116,37.34228,287845.877869,34645.11537785724,91.34192039999999,61.949432470588235,10.766634396845665,0.23625408726695826,4,64,,True,True,,335,87.6246207195492
286,2026-09-18T06:50:35.078+00:00,2026-09-18T06:55:23.025+00:00,2026-09-18T06:55:23.182+00:00,True,3,3.0,,3.0,287947.23666500003,288104.51180100004,288104.51190900005,96034.83730300001,63.871050000000004,287947.23666500003,166201.01380470424,259161.8534179,78.637568,20.883114676430047,0.010412887952522466,4,64,,True,True,,6,87.6246207195492
287,2026-09-18T06:50:35.384+00:00,2026-09-18T06:55:24.663+00:00,2026-09-18T06:55:25.475+00:00,True,14,14.0,,14.0,289278.566916,290091.485956,290091.48601,20720.82042928571,41.787862000000004,289278.566916,77296.23714060661,101301.78051405,62.53223384615385,9.435348727572446,0.04826063734295004,4,64,,True,True,,76,87.6246207195492
288,2026-09-18T06:50:35.746+00:00,2026-09-18T06:55:26.232+00:00,2026-09-18T06:55:26.272+00:00,True,2,2.0,,2.0,290485.48001099995,290525.68250699993,290525.682566,145262.841283,40.202555000000004,290485.48001099995,205375.82525274585,275963.21613819996,40.202496,nan,0.006884072976755891,4,64,,True,True,,3,87.6246207195492
289,2026-09-18T06:50:36.165+00:00,2026-09-18T06:55:27.551+00:00,2026-09-18T06:55:31.073+00:00,True,58,58.0,,58.0,291386.56773799995,294908.6881859999,294908.688239,5084.632555844827,35.481604,291386.56773799995,38252.81936349762,89.2524337,61.791586807017545,13.099398266477388,0.1966710453895451,4,64,,True,True,,220,87.6246207195492
290,2026-09-18T06:50:36.573+00:00,2026-09-18T06:55:29.132+00:00,2026-09-18T06:55:29.944+00:00,True,15,15.0,,15.0,292559.20732499997,293371.280797,293371.28092099994,19558.08539473333,39.403247,292559.20732499997,75523.48676827515,87831.31698949999,58.005248,13.644844806022553,0.05112974916716316,4,64,,True,True,,68,87.6246207195492
291,2026-09-18T06:50:37.000+00:00,2026-09-18T06:55:30.730+00:00,2026-09-18T06:55:32.216+00:00,True,24,24.0,,24.0,293730.099773,295216.258365,295216.25836599997,12300.677431916667,54.720088000000004,293730.099773,59944.21671251491,95.5898337,64.61559095652174,9.822294531003694,0.08129633555048596,4,64,,True,True,,40,87.6246207195492
292,2026-09-18T06:50:37.437+00:00,2026-09-18T06:55:32.342+00:00,2026-09-18T06:55:36.281+00:00,True,63,63.0,,63.0,294905.418696,298843.969736,298843.969777,4743.555075825397,36.303221,294905.418696,37146.58890196354,95.71423130000001,63.525016774193546,12.020576156502857,0.21081235152797112,4,64,,True,True,,231,87.6246207195492
293,2026-09-18T06:50:37.799+00:00,2026-09-18T06:55:33.633+00:00,2026-09-18T06:55:35.888+00:00,True,36,36.0,,36.0,295833.220974,298088.394094,298088.39431299997,8280.23317536111,35.986192,295833.220974,49294.79946219183,94.0877035,64.43351771428571,12.557855974753663,0.12076954592417867,4,64,,True,True,,175,87.6246207195492
294,2026-09-18T06:50:38.205+00:00,2026-09-18T06:55:35.379+00:00,2026-09-18T06:55:37.967+00:00,True,41,41.0,,41.0,297174.887605,299762.035125,299762.035112,7311.26914907317,42.585029999999996,297174.887605,46400.8202437621,92.638086,64.678688,10.783147705477468,0.13677515894533843,4,64,,True,True,,223,87.6246207195492
295,2026-09-18T06:50:38.466+00:00,2026-09-18T06:55:36.462+00:00,2026-09-18T06:55:38.523+00:00,False,34,33.0,,33.0,297995.607487,300056.733631,300056.733641,8825.198048264707,0.020550000000000002,297995.607487,51095.115988191224,96.11558625000002,62.458368,16.05941220594278,0.10997920160186216,4,64,,True,False,Request timeout: 300.0s exceeded,146,87.6246207195492
296,2026-09-18T06:50:38.913+00:00,2026-09-18T06:55:38.214+00:00,2026-09-18T06:55:38.950+00:00,False,14,13.0,,13.0,299300.853375,300036.279935,300036.279835,21431.162845357143,0.03904,299300.853375,79976.4002762055,104803.75282725,56.57127384615385,17.683449282949795,0.04332809353194329,4,64,,True,False,Request timeout: 300.0s exceeded,77,87.6246207195492
297,2026-09-18T06:50:39.186+00:00,2026-09-18T06:55:39.015+00:00,2026-09-18T06:55:39.204+00:00,False,5,4.0,,4.0,299829.127506,300017.50638599996,300017.506312,60003.5012624,0.039549999999999995,299829.127506,134066.6035211265,239876.43397420002,47.09472,31.43704398454723,0.013332555317134174,4,64,,True,False,Request timeout: 300.0s exceeded,19,87.6246207195492
298,2026-09-18T06:50:39.629+00:00,2026-09-18T06:55:39.731+00:00,2026-09-18T06:55:39.731+00:00,False,1,0.0,,0.0,300101.815121,300101.815121,300101.815121,300101.815121,300101.815121,300101.815121,nan,300101.815121,nan,nan,0.0,4,64,,True,False,"HTTPConnectionPool(host='gpu03', port=9002): Read timed out.",0,87.6246207195492
299,2026-09-18T06:50:39.896+00:00,2026-09-18T06:55:39.971+00:00,2026-09-18T06:55:39.971+00:00,False,1,0.0,,0.0,300074.723385,300074.723385,300074.723385,300074.723385,300074.723385,300074.723385,nan,300074.723385,nan,nan,0.0,4,64,,True,False,"HTTPConnectionPool(host='gpu03', port=9002): Read timed out.",0,87.6246207195492
300,2026-09-18T06:50:40.305+00:00,2026-09-18T06:55:40.227+00:00,2026-09-18T06:55:40.318+00:00,False,3,2.0,,2.0,299921.703572,300013.00571600004,300013.00579,100004.33526333334,0.029219000000000002,299921.703572,173133.5256238784,269938.66051470005,45.651072,64.51909275066636,0.00666637766328454,4,64,,True,False,Request timeout: 300.0s exceeded,7,87.6246207195492
301,2026-09-18T06:50:40.643+00:00,2026-09-18T06:55:40.732+00:00,2026-09-18T06:55:40.732+00:00,False,1,0.0,,0.0,300088.47692000004,300088.47692000004,300088.47692000004,300088.47692000004,300088.47692000004,300088.47692000004,nan,300088.47692000004,nan,nan,0.0,4,64,,True,False,TTFT timeout: 300.0s exceeded (TTFT: 300.077s),0,87.6246207195492
302,2026-09-18T06:50:40.915+00:00,2026-09-18T06:55:41.003+00:00,2026-09-18T06:55:41.003+00:00,False,1,0.0,,0.0,300087.898984,300087.898984,300087.898984,300087.898984,300087.898984,300087.898984,nan,300087.898984,nan,nan,0.0,4,64,,True,False,"HTTPConnectionPool(host='gpu03', port=9002): Read timed out.",0,87.6246207195492
303,2026-09-18T06:50:41.329+00:00,2026-09-18T06:55:41.409+00:00,2026-09-18T06:55:41.409+00:00,False,1,0.0,,0.0,300079.801099,300079.801099,300079.801099,300079.801099,300079.801099,300079.801099,nan,300079.801099,nan,nan,0.0,4,64,,True,False,TTFT timeout: 300.0s exceeded (TTFT: 300.051s),0,87.6246207195492
304,2026-09-18T06:50:41.782+00:00,2026-09-18T06:55:41.744+00:00,2026-09-18T06:55:41.836+00:00,False,3,2.0,,2.0,299962.155398,300054.677126,300054.67704299995,100018.225681,0.03903,299962.155398,173156.5286365535,269975.1881197,46.260864,65.36734935908623,0.006665451840832839,4,64,,True,False,Request timeout: 300.0s exceeded,7,87.6246207195492
305,2026-09-18T06:50:42.057+00:00,2026-09-18T06:55:42.160+00:00,2026-09-18T06:55:42.160+00:00,False,1,0.0,,0.0,300103.386885,300103.386885,300103.386885,300103.386885,300103.386885,300103.386885,nan,300103.386885,nan,nan,0.0,4,64,,True,False,"HTTPConnectionPool(host='gpu03', port=9002): Read timed out.",0,87.6246207195492
306,2026-09-18T06:50:42.329+00:00,2026-09-18T06:55:42.430+00:00,2026-09-18T06:55:42.430+00:00,False,1,0.0,,0.0,300100.576153,300100.576153,300100.576153,300100.576153,300100.576153,300100.576153,nan,300100.576153,nan,nan,0.0,4,64,,True,False,"HTTPConnectionPool(host='gpu03', port=9002): Read timed out.",0,87.6246207195492
307,2026-09-18T06:50:42.678+00:00,2026-09-18T06:55:42.749+00:00,2026-09-18T06:55:42.749+00:00,False,1,0.0,,0.0,300070.236961,300070.236961,300070.236961,300070.236961,300070.236961,300070.236961,nan,300070.236961,nan,nan,0.0,4,64,,True,False,TTFT timeout: 300.0s exceeded (TTFT: 300.048s),0,87.6246207195492
308,2026-09-18T06:50:43.134+00:00,2026-09-18T06:55:43.054+00:00,2026-09-18T06:55:43.210+00:00,False,4,3.0,,3.0,299919.111753,300075.425097,300075.4251,75018.856275,0.02459,299919.111753,149933.5084705321,254944.69747035002,52.104448,46.555118680271285,0.009997486462046144,4,64,,True,False,Request timeout: 300.0s exceeded,11,87.6246207195492
309,2026-09-18T06:50:43.433+00:00,2026-09-18T06:55:43.562+00:00,2026-09-18T06:55:43.562+00:00,False,1,0.0,,0.0,300128.965052,300128.965052,300128.965052,300128.965052,300128.965052,300128.965052,nan,300128.965052,nan,nan,0.0,4,64,,True,False,"HTTPConnectionPool(host='gpu03', port=9002): Read timed out.",0,87.6246207195492
310,2026-09-18T06:50:43.824+00:00,2026-09-18T06:55:43.910+00:00,2026-09-18T06:55:43.910+00:00,False,1,0.0,,0.0,300085.848032,300085.848032,300085.848032,300085.848032,300085.848032,300085.848032,nan,300085.848032,nan,nan,0.0,4,64,,True,False,"HTTPConnectionPool(host='gpu03', port=9002): Read timed out.",0,87.6246207195492
311,2026-09-18T06:50:44.231+00:00,2026-09-18T06:55:44.253+00:00,2026-09-18T06:55:44.253+00:00,False,1,0.0,,0.0,300021.498373,300021.498373,300021.498373,300021.498373,300021.498373,300021.498373,nan,300021.498373,nan,nan,0.0,4,64,,True,False,TTFT timeout: 300.0s exceeded (TTFT: 300.016s),0,87.6246207195492
312,2026-09-18T06:50:44.565+00:00,2026-09-18T06:55:44.354+00:00,2026-09-18T06:55:44.628+00:00,False,6,5.0,,5.0,299788.97420099995,300062.89164099994,300062.89149699995,50010.48191616666,0.019530000000000002,299788.97420099995,122365.97410975471,224860.07161624994,54.783488,31.02198570838946,0.01666317341893139,4,64,,True,False,Request timeout: 300.0s exceeded,31,87.6246207195492
313,2026-09-18T06:50:44.917+00:00,2026-09-18T06:55:45.019+00:00,2026-09-18T06:55:45.858+00:00,False,15,14.0,,14.0,300101.62266500003,300940.69850500004,300940.698501,20062.7132334,0.03683,300101.62266500003,77470.43404019428,90096.0030783,59.93398857142857,22.911580959670793,0.04652079319795755,4,64,,True,False,Request timeout: 300.0s exceeded,55,87.6246207195492
314,2026-09-18T06:50:45.207+00:00,2026-09-18T06:55:45.537+00:00,2026-09-18T06:55:45.909+00:00,False,8,7.0,,7.0,300330.19887900003,300702.446943,300702.446951,37587.805868875,0.03599,300330.19887900003,106163.96201299247,195245.89055105002,53.17829485714286,28.455133254824,0.02327882619899961,4,64,,True,False,Request timeout: 300.0s exceeded,30,87.6246207195492
316,2026-09-18T06:50:45.971+00:00,2026-09-18T06:55:46.093+00:00,2026-09-18T06:55:46.093+00:00,False,1,0.0,,0.0,300121.900071,300121.900071,300121.900071,300121.900071,300121.900071,300121.900071,nan,300121.900071,nan,nan,0.0,4,64,,True,False,"HTTPConnectionPool(host='gpu03', port=9002): Read timed out.",0,87.6246207195492
318,2026-09-18T06:50:46.582+00:00,2026-09-18T06:55:46.713+00:00,2026-09-18T06:55:46.713+00:00,False,1,0.0,,0.0,300130.830328,300130.830328,300130.830328,300130.830328,300130.830328,300130.830328,nan,300130.830328,nan,nan,0.0,4,64,,True,False,"HTTPConnectionPool(host='gpu03', port=9002): Read timed out.",0,87.6246207195492
317,2026-09-18T06:50:46.298+00:00,2026-09-18T06:55:46.713+00:00,2026-09-18T06:55:46.713+00:00,False,1,0.0,,0.0,300415.35395200003,300415.35395200003,300415.35395200003,300415.35395200003,300415.35395200003,300415.35395200003,nan,300415.35395200003,nan,nan,0.0,4,64,,True,False,"HTTPConnectionPool(host='gpu03', port=9002): Read timed out.",0,87.6246207195492
315,2026-09-18T06:50:45.560+00:00,2026-09-18T06:55:46.741+00:00,2026-09-18T06:55:46.741+00:00,False,1,0.0,,0.0,301180.96930500004,301180.96930500004,301180.96930500004,301180.96930500004,301180.96930500004,301180.96930500004,nan,301180.96930500004,nan,nan,0.0,4,64,,True,False,"HTTPConnectionPool(host='gpu03', port=9002): Read timed out.",0,87.6246207195492
319,2026-09-18T06:50:46.976+00:00,2026-09-18T06:55:47.088+00:00,2026-09-18T06:55:47.088+00:00,False,1,0.0,,0.0,300112.710093,300112.710093,300112.710093,300112.710093,300112.710093,300112.710093,nan,300112.710093,nan,nan,0.0,4,64,,True,False,"HTTPConnectionPool(host='gpu03', port=9002): Read timed out.",0,87.6246207195492
321,2026-09-18T06:50:47.555+00:00,2026-09-18T06:55:47.291+00:00,2026-09-18T06:55:47.593+00:00,True,6,6.0,,6.0,299735.215516,300037.995164,300037.995198,50006.332533,57.575632,299735.215516,122341.66748399849,224817.321182,60.5559296,2.1624059558512134,0.01999746730983326,4,64,,True,True,,26,87.6246207195492
320,2026-09-18T06:50:47.241+00:00,2026-09-18T06:55:47.292+00:00,2026-09-18T06:55:47.292+00:00,False,1,0.0,,0.0,300050.579823,300050.579823,300050.579823,300050.579823,300050.579823,300050.579823,nan,300050.579823,nan,nan,0.0,4,64,,True,False,TTFT timeout: 300.0s exceeded (TTFT: 300.043s),0,87.6246207195492
322,2026-09-18T06:50:47.845+00:00,2026-09-18T06:55:47.530+00:00,2026-09-18T06:55:47.855+00:00,False,8,7.0,,7.0,299685.406532,300010.39699599997,300010.39691199997,37501.299613999996,0.03996,299685.406532,105938.37930282552,194817.9453433,46.427209142857144,23.34675751520543,0.023332524706113206,4,64,,True,False,Request timeout: 300.0s exceeded,32,87.6246207195492
323,2026-09-18T06:50:48.204+00:00,2026-09-18T06:55:48.308+00:00,2026-09-18T06:55:48.308+00:00,False,1,0.0,,0.0,300104.476097,300104.476097,300104.476097,300104.476097,300104.476097,300104.476097,nan,300104.476097,nan,nan,0.0,4,64,,True,False,"HTTPConnectionPool(host='gpu03', port=9002): Read timed out.",0,87.6246207195492
324,2026-09-18T06:50:48.579+00:00,2026-09-18T06:55:48.557+00:00,2026-09-18T06:55:48.655+00:00,False,3,2.0,,2.0,299978.278384,300075.798768,300075.798991,100025.26633033334,0.027149999999999997,299978.278384,173164.39485910657,269990.1998913,48.760192,68.91894873108754,0.006664982675081626,4,64,,True,False,Request timeout: 300.0s exceeded,6,87.6246207195492
325,2026-09-18T06:50:48.829+00:00,2026-09-18T06:55:48.744+00:00,2026-09-18T06:55:48.889+00:00,False,4,3.0,,3.0,299915.475186,300060.51301,300060.51288399997,75015.12822099999,0.02032,299915.475186,149933.56854727145,254939.3474496,48.345941333333336,41.9044759724242,0.00999798330645399,4,64,,True,False,Request timeout: 300.0s exceeded,4,87.6246207195492
326,2026-09-18T06:50:49.084+00:00,2026-09-18T06:55:48.959+00:00,2026-09-18T06:55:49.047+00:00,True,2,2.0,,2.0,299874.637955,299963.523971,299963.523959,149981.7619795,88.886004,299874.637955,211980.53810766037,284885.35035744996,88.886016,nan,0.006667477343656481,4,64,,True,True,,3,87.6246207195492
327,2026-09-18T06:50:49.498+00:00,2026-09-18T06:55:49.609+00:00,2026-09-18T06:55:49.609+00:00,False,1,0.0,,0.0,300111.13431199995,300111.13431199995,300111.13431199995,300111.13431199995,300111.13431199995,300111.13431199995,nan,300111.13431199995,nan,nan,0.0,4,64,,True,False,"HTTPConnectionPool(host='gpu03', port=9002): Read timed out.",0,87.6246207195492
328,2026-09-18T06:50:49.830+00:00,2026-09-18T06:55:49.905+00:00,2026-09-18T06:55:49.905+00:00,False,1,0.0,,0.0,300074.863701,300074.863701,300074.863701,300074.863701,300074.863701,300074.863701,nan,300074.863701,nan,nan,0.0,4,64,,True,False,TTFT timeout: 300.0s exceeded (TTFT: 300.058s),0,87.6246207195492
329,2026-09-18T06:50:50.100+00:00,2026-09-18T06:55:50.094+00:00,2026-09-18T06:55:50.166+00:00,False,3,2.0,,2.0,299993.553057,300065.781921,300065.782112,100021.92737066666,0.055380000000000006,299993.553057,173180.5116345034,270001.4151188,36.114432,50.99531917865591,0.006665205166667592,4,64,,True,False,Request timeout: 300.0s exceeded,3,87.6246207195492
330,2026-09-18T06:50:50.351+00:00,2026-09-18T06:55:50.236+00:00,2026-09-18T06:55:50.382+00:00,False,4,3.0,,3.0,299885.46619300003,300031.366737,300031.36671000003,75007.84167750001,0.01975,299885.46619300003,149918.42028473158,254913.61795900002,48.63351466666666,42.10128309910288,0.009998954551407703,4,64,,True,False,Request timeout: 300.0s exceeded,10,87.6246207195492
331,2026-09-18T06:50:50.654+00:00,2026-09-18T06:55:50.453+00:00,2026-09-18T06:55:50.677+00:00,False,6,5.0,,5.0,299798.293919,300022.752671,300022.752608,50003.79210133334,0.03756,299798.293919,122373.81633864001,224864.60869200004,44.8917504,26.7413882420876,0.01666540272524903,4,64,,True,False,Request timeout: 300.0s exceeded,16,87.6246207195492
332,2026-09-18T06:50:51.061+00:00,2026-09-18T06:55:51.171+00:00,2026-09-18T06:55:51.171+00:00,False,1,0.0,,0.0,300110.675073,300110.675073,300110.675073,300110.675073,300110.675073,300110.675073,nan,300110.675073,nan,nan,0.0,4,64,,True,False,"HTTPConnectionPool(host='gpu03', port=9002): Read timed out.",0,87.6246207195492
333,2026-09-18T06:50:51.475+00:00,2026-09-18T06:55:51.458+00:00,2026-09-18T06:55:51.549+00:00,False,3,2.0,,2.0,299982.746032,300074.59447999997,300074.59439,100024.86479666666,0.03824,299982.746032,173168.61091610152,269993.6524406,45.924224,64.89271666013683,0.006665009423626166,4,64,,True,False,Request timeout: 300.0s exceeded,7,87.6246207195492
334,2026-09-18T06:50:51.737+00:00,2026-09-18T06:55:51.679+00:00,2026-09-18T06:55:51.798+00:00,False,4,3.0,,3.0,299942.062672,300061.73575999995,300061.735557,75015.43388925,0.077659,299942.062672,149951.0884999238,254959.8674371,39.891029333333336,34.492705557111016,0.009997942564724435,4,64,,True,False,Request timeout: 300.0s exceeded,9,87.6246207195492
335,2026-09-18T06:50:52.108+00:00,2026-09-18T06:55:52.214+00:00,2026-09-18T06:55:52.214+00:00,False,1,0.0,,0.0,300106.431574,300106.431574,300106.431574,300106.431574,300106.431574,300106.431574,nan,300106.431574,nan,nan,0.0,4,64,,True,False,"HTTPConnectionPool(host='gpu03', port=9002): Read timed out.",0,87.6246207195492
336,2026-09-18T06:50:52.403+00:00,2026-09-18T06:55:52.508+00:00,2026-09-18T06:55:52.508+00:00,False,1,0.0,,0.0,300105.604778,300105.604778,300105.604778,300105.604778,300105.604778,300105.604778,nan,300105.604778,nan,nan,0.0,4,64,,True,False,"HTTPConnectionPool(host='gpu03', port=9002): Read timed out.",0,87.6246207195492
337,2026-09-18T06:50:52.785+00:00,2026-09-18T06:55:52.727+00:00,2026-09-18T06:55:52.818+00:00,False,3,2.0,,2.0,299941.863846,300032.97015,300032.97004499997,100010.990015,0.022359999999999998,299941.863846,173145.2217249112,269956.7858453,45.553152,64.39002596410994,0.006665934077178618,4,64,,True,False,Request timeout: 300.0s exceeded,5,87.6246207195492
0,2026-09-18T06:48:53.129+00:00,2026-09-18T06:48:53.322+00:00,2026-09-18T06:48:54.187+00:00,True,17,17.0,,17.0,192.811252,1057.9589,1057.958844,62.23287317647059,8.362714,192.811252,40.283780881641384,113.8487744,54.071728,22.873765333995273,16.06867714804422,5,64,,False,True,,76,87.6246207195492
1,2026-09-18T06:48:53.732+00:00,2026-09-18T06:48:53.909+00:00,2026-09-18T06:48:55.608+00:00,True,31,31.0,,31.0,176.88209099999997,1875.5281069999999,1875.528225,60.50091048387097,21.60358,176.88209099999997,24.38629315780671,75.7501495,56.62153386666667,11.514121593861782,16.528677914396088,5,64,,False,True,,207,87.6246207195492
2,2026-09-18T06:48:54.198+00:00,2026-09-18T06:48:56.263+00:00,2026-09-18T06:48:57.191+00:00,True,16,16.0,,16.0,2065.609271,2993.424951,2993.4251769999996,187.08907356249998,50.642986,2065.609271,500.96055410876045,569.8866679999999,61.85437866666666,4.841406652366979,5.345047984134345,5,64,,False,True,,95,87.6246207195492
3,2026-09-18T06:48:54.753+00:00,2026-09-18T06:48:58.358+00:00,2026-09-18T06:48:59.974+00:00,True,28,28.0,,28.0,3605.171811,5220.9058270000005,5220.905778,186.46092064285716,6.603067,3605.171811,670.1845546946914,97.63573995,59.84200059259259,15.836255519347755,5.363054023153902,5,64,,False,True,,116,87.6246207195492
4,2026-09-18T06:48:55.206+00:00,2026-09-18T06:48:59.793+00:00,2026-09-18T06:49:02.614+00:00,True,48,48.0,,48.0,4587.089627,7408.574683000001,7408.574764,154.34530758333335,0.0,4587.089627,653.5937433135432,69.84973605,60.03159693617021,15.031812952447895,6.478979028198587,5,64,,False,True,,193,87.6246207195492
5,2026-09-18T06:48:55.565+00:00,2026-09-18T06:49:01.002+00:00,2026-09-18T06:49:02.095+00:00,True,19,19.0,,19.0,5437.188466,6530.840945999999,6530.841004,343.7284738947368,35.587724,5437.188466,1233.4599676904627,604.6484181999999,60.75847111111111,7.6381483286215754,2.909273117673627,5,64,,False,True,,83,87.6246207195492
6,2026-09-18T06:48:55.976+00:00,2026-09-18T06:49:02.677+00:00,2026-09-18T06:49:05.074+00:00,True,42,42.0,,42.0,6700.491179,9097.659819,9097.659715,216.6109455952381,35.855193,6700.491179,1024.9222790455553,67.47152815,58.467527804878046,8.670223991011534,4.6165718256781965,5,64,,False,True,,201,87.6246207195492
7,2026-09-18T06:48:56.443+00:00,2026-09-18T06:49:04.291+00:00,2026-09-18T06:49:05.197+00:00,True,17,17.0,,17.0,7848.404956,8753.951452000001,8753.951273,514.9383101764706,37.99404,7848.404956,1889.812412314759,1623.6299712000002,56.596656,9.269688106078565,1.94198015527217,5,64,,False,True,,103,87.6246207195492
8,2026-09-18T06:48:56.797+00:00,2026-09-18T06:49:05.619+00:00,2026-09-18T06:49:07.921+00:00,True,37,37.0,,37.0,8821.612688,11123.910032,11123.910059999998,300.6462178378378,0.01686,8821.612688,1440.5142815606985,121.71392019999999,63.952704,47.57045980658897,3.326168576836976,5,64,,False,True,,174,87.6246207195492
9,2026-09-18T06:48:57.395+00:00,2026-09-18T06:49:07.901+00:00,2026-09-18T06:49:09.604+00:00,True,32,32.0,,32.0,10506.115097,12209.469208999999,12209.469402,381.5459188125,0.0,10506.115097,1847.7726562803582,119.3914581,54.94690683870967,30.87730846940726,2.620916556832115,5,64,,False,True,,124,87.6246207195492
10,2026-09-18T06:48:57.748+00:00,2026-09-18T06:49:09.029+00:00,2026-09-18T06:49:14.046+00:00,True,84,84.0,,84.0,11281.174867,16297.368403,16297.368414999999,194.0162906547619,0.0,11281.174867,1224.635325960738,68.9878825,60.43606669879518,29.55341194952322,5.154206367730963,5,64,,False,True,,410,87.6246207195492
11,2026-09-18T06:48:58.134+00:00,2026-09-18T06:49:10.521+00:00,2026-09-18T06:49:11.035+00:00,True,8,8.0,,8.0,12386.674493,12900.760381,12900.760587,1612.595073375,0.0,12386.674493,4353.788419323076,8124.375728150001,73.44084114285715,63.9768307803097,0.6201184863321895,5,64,,False,True,,41,87.6246207195492
12,2026-09-18T06:48:58.635+00:00,2026-09-18T06:49:12.627+00:00,2026-09-18T06:49:13.285+00:00,True,12,12.0,,12.0,13991.503151,14650.010671,14650.010657,1220.8342214166667,38.729918,13991.503151,4021.7256936672275,6334.1767765,59.86432,8.402021152151619,0.8191120313484992,5,64,,False,True,,69,87.6246207195492
13,2026-09-18T06:48:59.158+00:00,2026-09-18T06:49:14.452+00:00,2026-09-18T06:49:18.309+00:00,True,66,66.0,,66.0,15294.440369000002,19151.014833,19151.014702,290.16688942424247,0.0,15294.440369000002,1875.6162015121652,69.7275905,59.331914830769236,34.030070742967915,3.446292563372273,5,64,,False,True,,303,87.6246207195492
14,2026-09-18T06:48:59.746+00:00,2026-09-18T06:49:16.596+00:00,2026-09-18T06:49:21.628+00:00,True,79,79.0,,79.0,16849.31492,21881.264232,21881.264279,276.97802884810125,0.0,16849.31492,1889.381485173252,112.92616829999999,64.51217066666666,60.09313355762629,3.6103946811476897,5,64,,False,True,,410,87.6246207195492
15,2026-09-18T06:49:00.277+00:00,2026-09-18T06:49:18.495+00:00,2026-09-18T06:49:19.442+00:00,True,17,17.0,,17.0,18217.998677,19165.164373,19165.164297,1127.3626057058823,36.193213,18217.998677,4404.165254235463,3698.0424178,59.197856,9.269921332032515,0.8870260473189421,5,64,,False,True,,81,87.6246207195492
16,2026-09-18T06:49:00.606+00:00,2026-09-18T06:49:19.757+00:00,2026-09-18T06:49:22.165+00:00,True,39,39.0,,39.0,19150.564784000002,21559.152048000004,21559.151848,552.7987653333333,0.0,19150.564784000002,3057.475817475248,343.3004595,63.38387536842106,82.37907211083356,1.808976527145832,5,64,,False,True,,149,87.6246207195492
17,2026-09-18T06:49:01.046+00:00,2026-09-18T06:49:21.638+00:00,2026-09-18T06:49:23.598+00:00,True,35,35.0,,35.0,20591.427326,22551.614974,22551.614954,644.3318558285714,0.02197,20591.427326,3470.8925121084953,92.3020814,57.652577882352944,19.116042452239096,1.551995280176248,5,64,,False,True,,164,87.6246207195492
18,2026-09-18T06:49:01.528+00:00,2026-09-18T06:49:23.177+00:00,2026-09-18T06:49:24.138+00:00,True,14,14.0,,14.0,21648.584050999998,22609.830003,22609.830205,1614.987871785714,0.0,21648.584050999998,5766.6928869123985,7809.912309949998,73.9419963076923,88.52618925182266,0.6191997019943273,5,64,,False,True,,47,87.6246207195492
19,2026-09-18T06:49:01.993+00:00,2026-09-18T06:49:24.926+00:00,2026-09-18T06:49:26.837+00:00,True,33,33.0,,33.0,22933.234594,24844.37469,24844.374622000003,752.8598370303031,33.884448,22933.234594,3981.785856681311,90.3074682,59.723128,12.364239324545961,1.3282684878071285,5,64,,False,True,,129,87.6246207195492
20,2026-09-18T06:49:02.409+00:00,2026-09-18T06:49:26.586+00:00,2026-09-18T06:49:29.375+00:00,True,48,48.0,,48.0,24177.210192000002,26966.0852,26966.085270000003,561.7934431250001,0.0,24177.210192000002,3481.53365216021,82.1325665,59.33776612765958,54.57153830305313,1.7800136595281542,5,64,,False,True,,216,87.6246207195492
21,2026-09-18T06:49:03.008+00:00,2026-09-18T06:49:29.181+00:00,2026-09-18T06:49:34.429+00:00,True,87,87.0,,87.0,26172.663735,31420.610231,31420.610363,361.15644095402297,0.0,26172.663735,2799.861215123444,69.2039066,61.02263367441861,47.57017186768883,2.768883206290011,5,64,,False,True,,404,87.6246207195492
22,2026-09-18T06:49:03.495+00:00,2026-09-18T06:49:30.907+00:00,2026-09-18T06:49:31.382+00:00,True,9,9.0,,9.0,27411.030184,27886.40068,27886.400720999998,3098.488969,37.950928999999995,27411.030184,9117.20791510527,16475.1223456,59.421312,10.166169938937449,0.32273795759001483,5,64,,False,True,,35,87.6246207195492
23,2026-09-18T06:49:04.052+00:00,2026-09-18T06:49:33.440+00:00,2026-09-18T06:49:37.657+00:00,True,76,76.0,,76.0,29387.669241,33604.768761,33604.76882,442.16801078947367,0.0,29387.669241,3365.134686448257,91.25044450000001,56.227993600000005,63.30863810598725,2.2615837811745862,5,64,,False,True,,342,87.6246207195492
24,2026-09-18T06:49:04.612+00:00,2026-09-18T06:49:35.204+00:00,2026-09-18T06:49:39.442+00:00,True,70,70.0,,70.0,30591.354436999998,34830.316869,34830.317047,497.5759578142857,0.0,30591.354436999998,3649.482806728407,93.10376935000001,61.43423814492754,58.32877835269135,2.0097434158660223,5,64,,False,True,,315,87.6246207195492
25,2026-09-18T06:49:05.060+00:00,2026-09-18T06:49:36.751+00:00,2026-09-18T06:49:42.080+00:00,True,89,89.0,,89.0,31691.239293000002,37020.532861,37020.532712,415.9610417078652,0.0,31691.239293000002,3353.231556199068,96.52015159999999,60.56015418181818,51.18740936176493,2.4040712848236385,5,64,,False,True,,192,87.6246207195492
26,2026-09-18T06:49:05.615+00:00,2026-09-18T06:49:38.997+00:00,2026-09-18T06:49:43.609+00:00,True,80,80.0,,80.0,33381.789252,37994.338884000004,37994.338853,474.92923566250005,0.0,33381.789252,3725.7133170305274,95.6943024,58.38670420253165,18.150027364957058,2.10557683986151,5,64,,False,True,,315,87.6246207195492
27,2026-09-18T06:49:05.995+00:00,2026-09-18T06:49:39.938+00:00,2026-09-18T06:49:42.888+00:00,True,50,50.0,,50.0,33943.258852,36893.247716,36893.24772,737.8649544,36.045653,33943.258852,4791.805637109027,97.63156140000001,60.20385436734694,13.28710541091595,1.3552615477199048,5,64,,False,True,,198,87.6246207195492
28,2026-09-18T06:49:06.359+00:00,2026-09-18T06:49:41.684+00:00,2026-09-18T06:49:42.527+00:00,True,14,14.0,,14.0,35324.639369000004,36168.158857,36168.159053,2583.4399323571433,37.333611,35324.639369000004,9423.590193095613,12431.923716700001,64.88611446153847,22.48101390623199,0.38708080373547776,5,64,,False,True,,85,87.6246207195492
29,2026-09-18T06:49:06.867+00:00,2026-09-18T06:49:43.735+00:00,2026-09-18T06:49:46.952+00:00,True,53,53.0,,53.0,36867.912258000004,40085.686594000006,40085.686781000004,756.3337128490567,0.0,36867.912258000004,5056.29106207325,97.14493480000002,61.8802756923077,78.24157790498292,1.3221676988297613,5,64,,False,True,,201,87.6246207195492
30,2026-09-18T06:49:07.446+00:00,2026-09-18T06:49:45.747+00:00,2026-09-18T06:49:51.519+00:00,True,93,93.0,,93.0,38300.311223,44072.509367,44072.509333999995,473.89794982795695,0.01654,38300.311223,3965.529390367601,92.9755226,62.741284173913044,61.91313044601062,2.110158947963949,5,64,,False,True,,393,87.6246207195492
31,2026-09-18T06:49:08.011+00:00,2026-09-18T06:49:48.832+00:00,2026-09-18T06:49:53.352+00:00,True,83,83.0,,83.0,40821.367021,45341.154029,45341.153883,546.2789624457831,0.0,40821.367021,4475.251555462033,90.68751780000001,55.11935375609756,72.15014932659084,1.8305665521198156,5,64,,False,True,,387,87.6246207195492
32,2026-09-18T06:49:08.367+00:00,2026-09-18T06:49:49.565+00:00,2026-09-18T06:49:50.832+00:00,True,21,21.0,,21.0,41197.910469999995,42464.895174,42464.89520299999,2022.1378668095235,35.111065,41197.910469999995,8976.307730078875,96.611521,63.3492352,14.127807933990256,0.49452612361227916,5,64,,False,True,,106,87.6246207195492
33,2026-09-18T06:49:08.839+00:00,2026-09-18T06:49:51.403+00:00,2026-09-18T06:49:52.469+00:00,True,16,16.0,,16.0,42564.140017,43629.849584999996,43629.849551,2726.8655969375,0.0,42564.140017,10624.4917099863,11138.82845125,71.04730453333333,166.55456857153857,0.36672141096495603,5,64,,False,True,,65,87.6246207195492
34,2026-09-18T06:49:09.274+00:00,2026-09-18T06:49:53.132+00:00,2026-09-18T06:49:53.724+00:00,True,10,10.0,,10.0,43858.941954,44450.141186,44450.141233,4445.0141233,54.07748,43858.941954,13848.647056652731,24165.071587950002,65.68880355555555,11.772639430364023,0.2249711639419853,5,64,,False,True,,48,87.6246207195492
35,2026-09-18T06:49:09.842+00:00,2026-09-18T06:49:55.850+00:00,2026-09-18T06:49:59.957+00:00,True,67,67.0,,67.0,46008.501516000004,50114.760972000004,50114.760841,747.9815050895523,35.551574,46008.501516000004,5613.248495129695,92.95235830000001,62.216052363636365,13.643451826769871,1.336931448948426,5,64,,False,True,,355,87.6246207195492
36,2026-09-18T06:49:10.305+00:00,2026-09-18T06:49:57.460+00:00,2026-09-18T06:49:57.963+00:00,True,9,9.0,,9.0,47154.834927,47658.687471000005,47658.687588,5295.409732,39.252018,47154.834927,15697.289498244858,28328.565854200002,62.981568,13.460907569234825,0.1888428002864418,5,64,,False,True,,30,87.6246207195492
37,2026-09-18T06:49:10.758+00:00,2026-09-18T06:49:59.332+00:00,2026-09-18T06:50:00.777+00:00,True,13,13.0,,13.0,48573.461077,50018.430037,50018.430041,3847.571541615385,40.710175,48573.461077,13439.838378828274,19884.5162314,120.41408,201.23263076723475,0.2599041991198753,5,64,,False,True,,37,87.6246207195492
38,2026-09-18T06:49:11.092+00:00,2026-09-18T06:50:00.782+00:00,2026-09-18T06:50:06.041+00:00,True,87,87.0,,87.0,49689.621952,54948.665024,54948.66509,631.5938516091954,0.015380000000000001,49689.621952,5321.753933982461,91.38703000000001,61.15166362790698,104.97585059064798,1.5832959720131672,5,64,,False,True,,350,87.6246207195492
39,2026-09-18T06:49:11.494+00:00,2026-09-18T06:50:02.762+00:00,2026-09-18T06:50:07.109+00:00,True,70,70.0,,70.0,51268.619065,55615.160633,55615.160806,794.5022972285714,24.612564,51268.619065,6120.258864349785,97.25604994999999,62.99335605797101,14.090060614698032,1.2586496056700152,5,64,,False,True,,325,87.6246207195492
40,2026-09-18T06:49:12.033+00:00,2026-09-18T06:50:05.066+00:00,2026-09-18T06:50:07.819+00:00,True,44,44.0,,44.0,53032.713467,55786.477563,55786.477477,1267.8744881136363,38.662898999999996,53032.713467,7985.33999921754,99.45883450000001,64.0410254883721,14.109134344424437,0.7887216028348544,5,64,,False,True,,196,87.6246207195492
41,2026-09-18T06:49:12.522+00:00,2026-09-18T06:50:06.733+00:00,2026-09-18T06:50:06.843+00:00,True,3,3.0,,3.0,54211.14267,54320.766990000004,54320.766968,18106.922322666665,37.97092,54211.14267,31267.176540160977,48797.1937408,54.81216,23.817076074054768,0.05522749707404306,5,64,,False,True,,10,87.6246207195492
42,2026-09-18T06:49:12.912+00:00,2026-09-18T06:50:08.284+00:00,2026-09-18T06:50:08.340+00:00,True,2,2.0,,2.0,55372.514832999994,55428.274704999996,55428.27475,27714.137375,55.759917,55372.514832999994,39114.85251433789,52606.6770872,55.759872,nan,0.036082667386715304,5,64,,False,True,,11,87.6246207195492
43,2026-09-18T06:49:13.354+00:00,2026-09-18T06:50:09.920+00:00,2026-09-18T06:50:10.922+00:00,True,20,20.0,,20.0,56565.252878,57567.468814,57567.46882,2878.373441,0.0,56565.252878,12636.60325453528,2916.3726824500004,52.74820715789474,24.798660067076835,0.3474184363502211,5,64,,False,True,,89,87.6246207195492
44,2026-09-18T06:49:13.775+00:00,2026-09-18T06:50:11.445+00:00,2026-09-18T06:50:15.859+00:00,True,74,74.0,,74.0,57669.234287,62083.908207,62083.908213,838.9717326081081,35.034266,57669.234287,6696.891291915894,75.71076655,60.47498520547945,11.087191445997428,1.191935271749797,5,64,,False,True,,301,87.6246207195492
45,2026-09-18T06:49:14.366+00:00,2026-09-18T06:50:13.533+00:00,2026-09-18T06:50:14.958+00:00,True,24,24.0,,24.0,59166.304362999996,60592.231787,60592.231842999994,2524.6763267916663,38.768509,59166.304362999996,12064.620702715862,94.88524745,61.996844521739135,10.596849498712945,0.3960903781258174,5,64,,False,True,,88,87.6246207195492
46,2026-09-18T06:49:14.966+00:00,2026-09-18T06:50:16.167+00:00,2026-09-18T06:50:21.961+00:00,True,92,92.0,,92.0,61201.179457000006,66995.12684900001,66995.126929,728.207901402174,0.0,61201.179457000006,6375.3651549463775,100.332375,63.66975156043956,131.38884777310298,1.373234208621746,5,64,,False,True,,465,87.6246207195492
47,2026-09-18T06:49:15.494+00:00,2026-09-18T06:50:18.266+00:00,2026-09-18T06:50:22.618+00:00,True,70,70.0,,70.0,62772.628226,67124.717058,67124.717087,958.9245298142857,0.0,62772.628226,7496.038807030346,91.21942035000001,63.073751188405794,111.23827735377799,1.0428349357437972,5,64,,False,True,,285,87.6246207195492
48,2026-09-18T06:49:15.993+00:00,2026-09-18T06:50:20.230+00:00,2026-09-18T06:50:22.186+00:00,True,31,31.0,,31.0,64237.395471,66193.704719,66193.704862,2135.280802,44.366508,64237.395471,11525.670808241397,98.857153,65.21030826666667,12.071892144788682,0.46832248068904164,5,64,,False,True,,118,87.6246207195492
49,2026-09-18T06:49:16.344+00:00,2026-09-18T06:50:21.448+00:00,2026-09-18T06:50:21.529+00:00,True,2,2.0,,2.0,65103.312358,65184.465126,65184.465198000005,32592.232599000003,81.15284,65103.312358,45977.60992257122,61852.204382100004,81.152768,nan,0.030682157108047878,5,64,,False,True,,4,87.6246207195492
50,2026-09-18T06:49:16.773+00:00,2026-09-18T06:50:22.784+00:00,2026-09-18T06:50:22.784+00:00,True,1,1.0,,1.0,66011.499288,66011.499288,66011.499288,66011.499288,66011.499288,66011.499288,nan,66011.499288,nan,nan,0.01514887573810623,5,64,,False,True,,3,87.6246207195492
51,2026-09-18T06:49:17.117+00:00,2026-09-18T06:50:24.535+00:00,2026-09-18T06:50:27.725+00:00,True,52,52.0,,52.0,67418.618557,70608.70111699999,70608.700892,1357.8596325384615,37.187082000000004,67418.618557,9340.615458411568,91.61782009999999,62.55063843137255,13.408254963727336,0.7364531449719629,5,64,,False,True,,302,87.6246207195492
52,2026-09-18T06:49:17.674+00:00,2026-09-18T06:50:26.421+00:00,2026-09-18T06:50:30.671+00:00,True,70,70.0,,70.0,68747.166863,72997.53332700001,72997.533402,1042.8219057428573,33.149719,68747.166863,8209.503900675854,90.80541710000001,61.599513971014495,11.820372754062749,0.9589365120931929,5,64,,False,True,,253,87.6246207195492
53,2026-09-18T06:49:18.020+00:00,2026-09-18T06:50:27.791+00:00,2026-09-18T06:50:29.007+00:00,True,20,20.0,,20.0,69771.233449,70987.59440900001,70987.59458500001,3549.3797292500003,38.46953,69771.233449,15587.01261915038,3578.35885115,64.01899789473684,13.59620853236407,0.2817393682164886,5,64,,False,True,,91,87.6246207195492
54,2026-09-18T06:49:18.377+00:00,2026-09-18T06:50:29.071+00:00,2026-09-18T06:50:34.866+00:00,True,90,90.0,,90.0,70693.465682,76489.16232199999,76489.16218,849.8795797777777,0.0,70693.465682,7446.508979036236,91.72607915,65.12018696629214,156.56874139052647,1.176637281254602,5,64,,False,True,,417,87.6246207195492
55,2026-09-18T06:49:18.758+00:00,2026-09-18T06:50:30.417+00:00,2026-09-18T06:50:32.237+00:00,True,18,18.0,,18.0,71659.140746,73479.497098,73479.497198,4082.194288777778,0.0,71659.140746,16866.66163463661,11643.335308050002,107.07978541176472,245.31583696566705,0.24496629278767793,5,64,,False,True,,84,87.6246207195492
56,2026-09-18T06:49:19.319+00:00,2026-09-18T06:50:32.668+00:00,2026-09-18T06:50:34.827+00:00,True,29,29.0,,29.0,73349.44147599999,75508.38163599999,75508.38144299999,2603.7372911379307,0.01668,73349.44147599999,13607.822467152311,696.3446950000001,77.10500571428571,205.1433957294789,0.3840633234572428,5,64,,False,True,,156,87.6246207195492
57,2026-09-18T06:49:19.899+00:00,2026-09-18T06:50:34.800+00:00,2026-09-18T06:50:38.634+00:00,True,65,65.0,,65.0,74900.9725,78734.562516,78734.56243800001,1211.3009605846155,0.07393999999999999,74900.9725,9282.902453007291,81.74406479999999,59.899844,13.643505374031536,0.8255586609348474,5,64,,False,True,,251,87.6246207195492
58,2026-09-18T06:49:20.499+00:00,2026-09-18T06:50:37.015+00:00,2026-09-18T06:50:39.618+00:00,True,42,42.0,,42.0,76515.70565,79119.21899400001,79119.219046,1883.7909296666667,34.242676,76515.70565,11796.837700930908,90.27718405,63.50032546341463,12.350680017553488,0.530844471596529,5,64,,False,True,,200,87.6246207195492
59,2026-09-18T06:49:21.036+00:00,2026-09-18T06:50:39.241+00:00,2026-09-18T06:50:41.476+00:00,True,36,36.0,,36.0,78204.988711,80439.52720699999,80439.527256,2234.4313126666666,37.270691,78204.988711,13023.532466577388,100.9784955,63.843957028571424,14.954996634646852,0.4475411685023829,5,64,,False,True,,148,87.6246207195492
60,2026-09-18T06:49:21.583+00:00,2026-09-18T06:50:41.150+00:00,2026-09-18T06:50:41.354+00:00,True,4,4.0,,4.0,79566.982455,79770.99807100001,79770.997888,19942.749472,42.563402,79566.982455,39749.49541272567,67646.7287253,68.00520533333332,28.38668820326072,0.05014353708398895,5,64,,False,True,,20,87.6246207195492
61,2026-09-18T06:49:22.002+00:00,2026-09-18T06:50:42.882+00:00,2026-09-18T06:50:48.637+00:00,True,94,94.0,,94.0,80880.116879,86634.865039,86634.865039,921.6475004148936,0.0,80880.116879,8336.615856941733,90.7691863,61.87901247311828,119.76649008720754,1.0850135214925825,5,64,,False,True,,312,87.6246207195492
62,2026-09-18T06:49:22.599+00:00,2026-09-18T06:50:45.762+00:00,2026-09-18T06:50:49.340+00:00,True,72,72.0,,72.0,83162.969358,86740.427534,86740.427397,1204.7281582916667,0.0,83162.969358,9794.94400603708,81.20348955,50.38673487323943,25.298300691914474,0.8300627751895489,5,64,,False,True,,374,87.6246207195492
63,2026-09-18T06:49:23.030+00:00,2026-09-18T06:50:46.738+00:00,2026-09-18T06:50:48.931+00:00,True,38,38.0,,38.0,83708.288272,85901.31201600001,85901.31199300001,2260.5608419210525,36.695762,83708.288272,13569.668054476391,80.41091825,59.270912,12.47801866003285,0.442368097857715,5,64,,False,True,,182,87.6246207195492
64,2026-09-18T06:49:23.609+00:00,2026-09-18T06:50:48.825+00:00,2026-09-18T06:50:50.728+00:00,True,32,32.0,,32.0,85216.486116,87119.064548,87119.064575,2722.47076796875,39.761717,85216.486116,15053.442736022409,83.66380665000001,61.37349780645161,10.193466542191024,0.36731340225042197,5,64,,False,True,,148,87.6246207195492
65,2026-09-18T06:49:24.055+00:00,2026-09-18T06:50:50.436+00:00,2026-09-18T06:50:50.858+00:00,True,8,8.0,,8.0,86380.832884,86803.131764,86803.131802,10850.39147525,44.088879,86380.832884,30518.908105858714,56172.5055334,60.32841142857143,8.744432320602462,0.09216257337062869,5,64,,False,True,,39,87.6246207195492
66,2026-09-18T06:49:24.531+00:00,2026-09-18T06:50:52.330+00:00,2026-09-18T06:50:52.769+00:00,True,8,8.0,,8.0,87798.829414,88237.31645400001,88237.31658200001,11029.664572750002,41.862163,87798.829414,31019.429694218074,57100.30486185,62.64100571428572,14.26433978489723,0.09066458865133971,5,64,,False,True,,39,87.6246207195492
67,2026-09-18T06:49:25.125+00:00,2026-09-18T06:50:54.394+00:00,2026-09-18T06:50:57.756+00:00,True,55,55.0,,55.0,89269.263617,92630.591745,92630.591866,1684.1925793818182,37.165381000000004,89269.263617,12028.676097746327,90.60434070000001,62.246817185185186,10.392839269587437,0.5937563278383006,5,64,,False,True,,236,87.6246207195492
68,2026-09-18T06:49:25.574+00:00,2026-09-18T06:50:56.186+00:00,2026-09-18T06:50:56.430+00:00,True,5,5.0,,5.0,90612.34022499999,90856.00230499999,90856.00232399999,18171.2004648,58.645571000000004,90612.34022499999,40495.82829611179,72502.837252,60.91552,2.9072501290266257,0.055032137372885925,5,64,,False,True,,18,87.6246207195492
69,2026-09-18T06:49:26.050+00:00,2026-09-18T06:50:57.695+00:00,2026-09-18T06:51:01.900+00:00,True,69,69.0,,69.0,91644.27497900001,95849.907491,95849.90765600001,1389.1290964637683,35.767194,91644.27497900001,11025.23201855111,74.0497708,61.84753694117647,8.676159540927541,0.7198754991649717,5,64,,False,True,,293,87.6246207195492
70,2026-09-18T06:49:26.577+00:00,2026-09-18T06:50:59.722+00:00,2026-09-18T06:51:03.921+00:00,True,68,68.0,,68.0,93145.844964,97344.69552400001,97344.695553,1431.539640485294,35.183295,93145.844964,11287.995335092302,70.0645514,62.66941134328358,7.186700131955521,0.6985485920312404,5,64,,True,True,,319,87.6246207195492
71,2026-09-18T06:49:27.102+00:00,2026-09-18T06:51:01.776+00:00,2026-09-18T06:51:02.454+00:00,True,12,12.0,,12.0,94673.68579,95351.492126,95351.492016,7945.957668,40.597025,94673.68579,27312.15220833307,42641.12909960001,61.61875781818182,7.83117383948156,0.12585015433364044,5,64,,True,True,,59,87.6246207195492
72,2026-09-18T06:49:27.565+00:00,2026-09-18T06:51:03.416+00:00,2026-09-18T06:51:07.219+00:00,True,62,62.0,,62.0,95851.528393,99653.686473,99653.686497,1607.3175241451613,35.865142999999996,95851.528393,12165.244595400454,88.31462565,62.33046032786885,10.304624374520747,0.6221546055579006,5,64,,True,True,,276,87.6246207195492
73,2026-09-18T06:49:27.931+00:00,2026-09-18T06:51:04.908+00:00,2026-09-18T06:51:06.455+00:00,True,26,26.0,,26.0,96976.960663,98524.367767,98524.367759,3789.398759961539,35.983494,96976.960663,19006.610584416158,89.84759600000001,61.89628415999999,10.38129548808577,0.26389410649644895,5,64,,True,True,,79,87.6246207195492
74,2026-09-18T06:49:28.290+00:00,2026-09-18T06:51:06.386+00:00,2026-09-18T06:51:10.045+00:00,True,60,60.0,,60.0,98096.628484,101754.94835600001,101754.948434,1695.9158072333335,36.386193,98096.628484,12656.221416407045,91.56464989999999,62.00542155932204,12.430355999717177,0.58965191343898,5,64,,True,True,,282,87.6246207195492
75,2026-09-18T06:49:28.899+00:00,2026-09-18T06:51:08.599+00:00,2026-09-18T06:51:11.371+00:00,True,45,45.0,,45.0,99700.026002,102471.97557,102471.975552,2277.1550122666667,39.749507,99700.026002,14853.014867363543,92.59001500000001,62.99885381818182,10.769147541267458,0.4391444563226937,5,64,,True,True,,263,87.6246207195492
76,2026-09-18T06:49:29.381+00:00,2026-09-18T06:51:10.667+00:00,2026-09-18T06:51:11.633+00:00,True,16,16.0,,16.0,101285.54273100001,102251.925323,102251.925262,6390.745328875,40.275385,101285.54273100001,25305.28155440206,25391.325783000008,64.42550613333333,11.038738574430878,0.15647627122382451,5,64,,True,True,,79,87.6246207195492
77,2026-09-18T06:49:29.914+00:00,2026-09-18T06:51:12.530+00:00,2026-09-18T06:51:18.865+00:00,True,100,100.0,,100.0,102615.849913,108950.857657,108950.857649,1089.50857649,40.490235999999996,102615.849913,10255.190722607515,93.68000599999999,63.98997721212121,9.898683606221661,0.9178450004939,5,64,,True,True,,546,87.6246207195492
78,2026-09-18T06:49:30.407+00:00,2026-09-18T06:51:14.328+00:00,2026-09-18T06:51:17.202+00:00,True,46,46.0,,46.0,103920.59884199999,106795.184698,106795.18449199999,2321.6344454782607,55.705777000000005,103920.59884199999,15312.83982902783,89.21386774999999,63.87968568888889,7.907076985112168,0.43073103089882536,5,64,,True,True,,235,87.6246207195492
79,2026-09-18T06:49:30.835+00:00,2026-09-18T06:51:16.145+00:00,2026-09-18T06:51:21.622+00:00,True,86,86.0,,86.0,105309.943994,110786.535866,110786.536049,1288.2155354534884,35.804044000000005,105309.943994,11348.921536277283,93.30592425,64.4304926117647,11.688629128018466,0.7762676152634636,5,64,,True,True,,406,87.6246207195492
80,2026-09-18T06:49:31.333+00:00,2026-09-18T06:51:18.162+00:00,2026-09-18T06:51:24.139+00:00,True,95,95.0,,95.0,106828.576787,112805.254931,112805.254867,1187.4237354421052,33.623868,106828.576787,10953.86420677445,95.56118269999999,63.58168238297872,12.30053321375129,0.8421593484994027,5,64,,True,True,,462,87.6246207195492
81,2026-09-18T06:49:31.817+00:00,2026-09-18T06:51:19.605+00:00,2026-09-18T06:51:24.518+00:00,True,79,79.0,,79.0,107788.77377300001,112701.714061,112701.713942,1426.6039739493672,34.463876,107788.77377300001,12120.102970396256,90.96534270000002,62.98641394871795,11.050083125815714,0.7009653815667889,5,64,,True,True,,337,87.6246207195492
82,2026-09-18T06:49:32.382+00:00,2026-09-18T06:51:22.021+00:00,2026-09-18T06:51:27.096+00:00,True,82,82.0,,82.0,109639.13822400001,114713.480112,114713.480074,1398.9448789512196,36.008123,109639.13822400001,12100.7041082217,90.74328625,62.64619614814815,10.925812400730088,0.7148244471350679,5,64,,True,True,,317,87.6246207195492
83,2026-09-18T06:49:32.730+00:00,2026-09-18T06:51:23.539+00:00,2026-09-18T06:51:24.208+00:00,True,11,11.0,,11.0,110809.487532,111478.472108,111478.472184,10134.406562181817,54.869299,110809.487532,33390.14857987195,55451.130300000004,66.8984576,11.05921307617334,0.0986737599824945,5,64,,True,True,,64,87.6246207195492
84,2026-09-18T06:49:33.153+00:00,2026-09-18T06:51:25.179+00:00,2026-09-18T06:51:29.772+00:00,True,74,74.0,,74.0,112025.534344,116618.661768,116618.661854,1575.927862891892,35.689514,112025.534344,13015.39545210437,90.9565625,62.91955375342466,12.43120553022267,0.6345468116176367,5,64,,True,True,,345,87.6246207195492
85,2026-09-18T06:49:33.700+00:00,2026-09-18T06:51:27.255+00:00,2026-09-18T06:51:28.815+00:00,True,25,25.0,,25.0,113555.377487,115115.217743,115115.21783000001,4604.6087132,36.425193,113555.377487,22698.08027833598,96.24666,64.993344,12.784660330355933,0.2171737194279009,5,64,,True,True,,89,87.6246207195492
86,2026-09-18T06:49:34.073+00:00,2026-09-18T06:51:28.630+00:00,2026-09-18T06:51:31.418+00:00,True,47,47.0,,47.0,114557.425845,117345.37746100001,117345.37761600001,2496.7101620425533,35.491034,114557.425845,16701.08139907792,88.52347599999999,60.60764382608696,11.666338450593084,0.4005270681891202,5,64,,True,True,,260,87.6246207195492
87,2026-09-18T06:49:34.606+00:00,2026-09-18T06:51:31.288+00:00,2026-09-18T06:51:36.155+00:00,True,77,77.0,,77.0,116682.230727,121548.674759,121548.674621,1578.554215857143,34.979925,116682.230727,13289.883681287503,92.3269628,64.03215831578947,13.278707381911254,0.6334910697518615,5,64,,True,True,,312,87.6246207195492
88,2026-09-18T06:49:35.156+00:00,2026-09-18T06:51:31.914+00:00,2026-09-18T06:51:36.948+00:00,True,80,80.0,,80.0,116758.05001899999,121792.43568299999,121792.43574199999,1522.4054467749997,35.315024,116758.05001899999,13046.828838636315,95.0172575,63.72640081012658,13.433994415119484,0.6568552435245085,5,64,,True,True,,335,87.6246207195492
89,2026-09-18T06:49:35.491+00:00,2026-09-18T06:51:34.865+00:00,2026-09-18T06:51:34.929+00:00,True,2,2.0,,2.0,119373.91865600001,119437.94041600001,119437.94025700001,59718.970128500005,64.021601,119373.91865600001,84364.8372702594,113408.42380325001,64.02176,nan,0.016745097856125442,5,64,,True,True,,7,87.6246207195492
90,2026-09-18T06:49:36.100+00:00,2026-09-18T06:51:37.418+00:00,2026-09-18T06:51:42.883+00:00,True,89,89.0,,89.0,121318.066725,126783.462181,126783.46226,1424.5332838202246,36.938532,121318.066725,12853.110541000498,89.44850419999999,62.10676654545455,10.807000504198015,0.7019843003888067,5,64,,True,True,,453,87.6246207195492
91,2026-09-18T06:49:36.476+00:00,2026-09-18T06:51:39.149+00:00,2026-09-18T06:51:40.751+00:00,True,27,27.0,,27.0,122672.991705,124274.29064899999,124274.29066099999,4602.751505962962,39.647466,122672.991705,23596.57731338431,85.6106013,61.58842092307692,9.266547925910519,0.21726134873912686,5,64,,True,True,,122,87.6246207195492
92,2026-09-18T06:49:36.925+00:00,2026-09-18T06:51:40.864+00:00,2026-09-18T06:51:43.817+00:00,True,49,49.0,,49.0,123938.79558,126891.93222,126891.932404,2589.6312735510205,33.998187,123938.79558,17696.7555901519,81.1771676,61.52368,9.433829531279608,0.38615536183219135,5,64,,True,True,,260,87.6246207195492
93,2026-09-18T06:49:37.467+00:00,2026-09-18T06:51:43.010+00:00,2026-09-18T06:51:45.379+00:00,True,40,40.0,,40.0,125543.262587,127911.480955,127911.480874,3197.78702185,37.42161,125543.262587,19840.53279997007,72.28970095000001,60.72354789743589,7.282930046889326,0.3127162605057495,5,64,,True,True,,165,87.6246207195492
94,2026-09-18T06:49:38.026+00:00,2026-09-18T06:51:44.918+00:00,2026-09-18T06:51:48.216+00:00,True,56,56.0,,56.0,126892.503692,130190.496396,130190.496456,2324.830293857143,35.383824,126892.503692,16948.71388983515,73.204044,59.96350370909091,9.809540106741649,0.4301389237326892,5,64,,True,True,,216,87.6246207195492
95,2026-09-18T06:49:38.358+00:00,2026-09-18T06:51:45.999+00:00,2026-09-18T06:51:46.779+00:00,True,14,14.0,,14.0,127640.815932,128420.683324,128420.683298,9172.905949857142,41.946101999999996,127640.815932,34097.41197644974,44731.77381545,59.98979938461538,11.970187109263062,0.10901670694804345,5,64,,True,True,,66,87.6246207195492
96,2026-09-18T06:49:38.762+00:00,2026-09-18T06:51:47.731+00:00,2026-09-18T06:51:52.873+00:00,True,84,84.0,,84.0,128968.847889,134111.060497,134111.060414,1596.5602430238096,35.524733999999995,128968.847889,14064.898786748523,78.25714830000001,61.95436877108434,10.147096501332445,0.6263465495590428,5,64,,True,True,,325,87.6246207195492
97,2026-09-18T06:49:39.107+00:00,2026-09-18T06:51:49.077+00:00,2026-09-18T06:51:53.065+00:00,True,65,65.0,,65.0,129969.92577599999,133958.235792,133958.236022,2060.8959388,37.63991,129969.92577599999,16113.059008331125,88.32564320000002,62.317344,10.355750182762014,0.48522585875889696,5,64,,True,True,,240,87.6246207195492
98,2026-09-18T06:49:39.604+00:00,2026-09-18T06:51:50.678+00:00,2026-09-18T06:51:50.678+00:00,True,1,1.0,,1.0,131073.930899,131073.930899,131073.930899,131073.930899,131073.930899,131073.930899,nan,131073.930899,nan,nan,0.007629282139791455,5,64,,True,True,,3,87.6246207195492
99,2026-09-18T06:49:40.100+00:00,2026-09-18T06:51:52.380+00:00,2026-09-18T06:51:54.019+00:00,True,27,27.0,,27.0,132280.064301,133918.948653,133918.94873600002,4959.961064296296,39.076757,132280.064301,25445.18056108563,82.91902900000001,63.03401353846154,8.032420744322366,0.20161448601243298,5,64,,True,True,,110,87.6246207195492
100,2026-09-18T06:49:40.634+00:00,2026-09-18T06:51:54.522+00:00,2026-09-18T06:51:55.612+00:00,True,19,19.0,,19.0,133887.785153,134977.653953,134977.653882,7104.087046421053,35.547233999999996,133887.785153,30702.07692269424,13472.078391500001,60.54826666666666,14.332771992342781,0.14076404088795252,5,64,,True,True,,104,87.6246207195492
101,2026-09-18T06:49:41.220+00:00,2026-09-18T06:51:56.607+00:00,2026-09-18T06:51:56.910+00:00,True,7,7.0,,7.0,135386.965538,135689.85270599998,135689.852784,19384.26468342857,37.919409,135386.965538,51152.38425471151,94789.9686779,50.48119466666667,12.515360404649044,0.05158823493726493,5,64,,True,True,,33,87.6246207195492
102,2026-09-18T06:49:41.577+00:00,2026-09-18T06:51:58.193+00:00,2026-09-18T06:52:02.052+00:00,True,63,63.0,,63.0,136616.03044,140475.086312,140475.086317,2229.7632748730157,39.447926,136616.03044,17204.162145884762,69.1947782,62.24283664516129,8.4111070491766,0.44847810137717115,5,64,,True,True,,345,87.6246207195492
103,2026-09-18T06:49:41.942+00:00,2026-09-18T06:51:59.600+00:00,2026-09-18T06:52:04.358+00:00,True,77,77.0,,77.0,137657.69993099998,142416.04053899998,142416.040713,1849.558970298701,33.802747000000004,137657.69993099998,15680.420046639321,91.63792519999998,62.609744842105265,11.623296253487032,0.5406694337841382,5,64,,True,True,,230,87.6246207195492
104,2026-09-18T06:49:42.502+00:00,2026-09-18T06:52:01.417+00:00,2026-09-18T06:52:01.713+00:00,True,6,6.0,,6.0,138915.766016,139210.93350400002,139210.93359600002,23201.822266000003,36.404792,138915.766016,56688.024887529245,104203.9894325,59.033497600000004,13.176031717817803,0.043100062969031086,5,64,,True,True,,40,87.6246207195492
105,2026-09-18T06:49:43.080+00:00,2026-09-18T06:52:03.828+00:00,2026-09-18T06:52:09.258+00:00,True,87,87.0,,87.0,140748.30030899998,146178.336021,146178.33591999998,1680.2107577011493,39.697226,140748.30030899998,15083.035732455957,92.38486,63.13995013953488,10.102103378352385,0.595163430971752,5,64,,True,True,,343,87.6246207195492
106,2026-09-18T06:49:43.585+00:00,2026-09-18T06:52:05.657+00:00,2026-09-18T06:52:11.569+00:00,True,96,96.0,,96.0,142072.52620199998,147983.88082599998,147983.88075599997,1541.4987578749997,36.599672,142072.52620199998,14493.869301346083,89.66859500000001,62.22478551578947,10.278055630354949,0.6487193028332401,5,64,,True,True,,389,87.6246207195492
107,2026-09-18T06:49:44.132+00:00,2026-09-18T06:52:07.875+00:00,2026-09-18T06:52:11.986+00:00,True,68,68.0,,68.0,143743.205277,147853.480349,147853.480357,2174.315887602941,36.283083,143743.205277,17423.98644319965,69.12340300000001,61.34738913432836,8.064892263090115,0.4599147740011919,5,64,,True,True,,265,87.6246207195492
108,2026-09-18T06:49:44.589+00:00,2026-09-18T06:52:09.830+00:00,2026-09-18T06:52:09.830+00:00,True,1,1.0,,1.0,145240.44427900002,145240.44427900002,145240.44427900002,145240.44427900002,145240.44427900002,145240.44427900002,nan,145240.44427900002,nan,nan,0.00688513454337173,5,64,,True,True,,4,87.6246207195492
109,2026-09-18T06:49:44.920+00:00,2026-09-18T06:52:10.961+00:00,2026-09-18T06:52:12.525+00:00,True,26,26.0,,26.0,146041.761799,147605.362439,147605.362345,5677.129320961539,35.520034,146041.761799,28628.88175391239,86.935103,62.544025600000005,10.225144065558654,0.17614536200027875,5,64,,True,True,,98,87.6246207195492
110,2026-09-18T06:49:45.320+00:00,2026-09-18T06:52:12.689+00:00,2026-09-18T06:52:13.613+00:00,True,14,14.0,,14.0,147369.009709,148293.46641300002,148293.46630600002,10592.390450428571,55.577786,147369.009709,39367.02126708501,51643.25679205,71.11205415384616,13.718946280947442,0.09440739594696468,5,64,,True,True,,71,87.6246207195492
111,2026-09-18T06:49:45.713+00:00,2026-09-18T06:52:14.018+00:00,2026-09-18T06:52:14.200+00:00,True,4,4.0,,4.0,148304.525627,148486.965563,148486.965577,37121.74139425,58.458830999999996,148304.525627,74121.85617431803,126068.19301505,60.813312,2.0635798910127034,0.026938391426033156,5,64,,True,True,,11,87.6246207195492
112,2026-09-18T06:49:46.176+00:00,2026-09-18T06:52:15.879+00:00,2026-09-18T06:52:20.366+00:00,True,71,71.0,,71.0,149702.83570300002,154189.84267900002,154189.84275,2171.6879260563383,38.068319,149702.83570300002,17758.856302878892,99.36322050000001,64.10009965714285,14.238004101167155,0.4604713174771913,5,64,,True,True,,320,87.6246207195492
113,2026-09-18T06:49:46.601+00:00,2026-09-18T06:52:17.773+00:00,2026-09-18T06:52:21.527+00:00,True,59,59.0,,59.0,151171.759946,154926.259274,154926.259218,2625.8688003050847,39.09085700000001,151171.759946,19672.463347679586,93.94769480000001,64.73274703448276,12.70987471094136,0.38082633813325073,5,64,,True,True,,268,87.6246207195492
114,2026-09-18T06:49:46.979+00:00,2026-09-18T06:52:18.990+00:00,2026-09-18T06:52:19.661+00:00,True,12,12.0,,12.0,152011.26004499997,152681.29806099998,152681.29808599997,12723.441507166664,35.220654,152011.26004499997,43864.290345077,68455.62290915,60.912546909090906,17.926176023103206,0.07859508762629003,5,64,,True,True,,56,87.6246207195492
115,2026-09-18T06:49:47.496+00:00,2026-09-18T06:52:21.053+00:00,2026-09-18T06:52:21.585+00:00,True,9,9.0,,9.0,153557.011273,154088.86842500002,154088.868472,17120.985385777778,56.318555,153557.011273,51163.5109587074,92171.338571,66.482144,12.095353751613361,0.05840785315637896,5,64,,True,True,,32,87.6246207195492
116,2026-09-18T06:49:47.882+00:00,2026-09-18T06:52:22.313+00:00,2026-09-18T06:52:27.261+00:00,True,79,79.0,,79.0,154431.21923699998,159378.868773,159378.86882499998,2017.4540357594935,36.640021,154431.21923699998,17367.736569464127,94.8015186,63.431404307692304,11.146791147656344,0.4956742421890198,5,64,,True,True,,316,87.6246207195492
117,2026-09-18T06:49:48.866+00:00,2026-09-18T06:52:25.475+00:00,2026-09-18T06:52:31.564+00:00,True,99,99.0,,99.0,156609.057579,162697.697323,162697.697329,1643.411084131313,34.847566,156609.057579,15733.561450744697,73.866686,62.12897697959184,9.991233994554186,0.6084904803751314,5,64,,True,True,,480,87.6246207195492
118,2026-09-18T06:49:48.910+00:00,2026-09-18T06:52:25.980+00:00,2026-09-18T06:52:29.668+00:00,True,60,60.0,,60.0,157069.807659,160758.36701900003,160758.366983,2679.3061163833336,38.642599000000004,157069.807659,20269.55625628385,80.3780459,62.517955254237286,9.769299519621757,0.37323096217386065,5,64,,True,True,,247,87.6246207195492
119,2026-09-18T06:49:49.184+00:00,2026-09-18T06:52:27.074+00:00,2026-09-18T06:52:27.129+00:00,True,2,2.0,,2.0,157890.310704,157945.253424,157945.25346100001,78972.62673050001,54.942757,157890.310704,111606.45898639754,149998.54230665,54.94272,nan,0.012662615410360267,5,64,,True,True,,10,87.6246207195492
120,2026-09-18T06:49:49.657+00:00,2026-09-18T06:52:29.109+00:00,2026-09-18T06:52:30.155+00:00,True,18,18.0,,18.0,159451.65907499997,160497.90265899998,160497.90254399998,8916.550141333331,36.709792,159451.65907499997,37568.61115263507,23975.340308649997,61.543740235294116,7.37846853784828,0.11215099824851602,5,64,,True,True,,72,87.6246207195492
121,2026-09-18T06:49:49.997+00:00,2026-09-18T06:52:30.527+00:00,2026-09-18T06:52:36.261+00:00,True,90,90.0,,90.0,160529.859818,166264.199914,166264.19993,1847.3799992222223,34.941365,160529.859818,16914.54721107323,95.42823745000001,64.43078759550562,14.122396470151067,0.5413071487821938,5,64,,True,True,,217,87.6246207195492
122,2026-09-18T06:49:50.334+00:00,2026-09-18T06:52:31.623+00:00,2026-09-18T06:52:36.784+00:00,True,80,80.0,,80.0,161289.665156,166450.94618,166450.946045,2080.6368255625002,34.771045,161289.665156,18025.433929327766,100.4677464,65.33267118987342,14.268722531703817,0.48062208017422764,5,64,,True,True,,392,87.6246207195492
123,2026-09-18T06:49:50.922+00:00,2026-09-18T06:52:34.116+00:00,2026-09-18T06:52:36.592+00:00,True,39,39.0,,39.0,163194.162453,165669.861909,165669.861829,4247.9451751025645,33.752737,163194.162453,26121.551982698893,98.73190380000001,65.14998568421052,15.33687410367019,0.23540793449458008,5,64,,True,True,,150,87.6246207195492
124,2026-09-18T06:49:51.318+00:00,2026-09-18T06:52:35.742+00:00,2026-09-18T06:52:37.607+00:00,True,29,29.0,,29.0,164423.24036599998,166289.11991799998,166289.11971899998,5734.107576517241,39.931185,164423.24036599998,30520.26047283168,112.0233036,66.63855542857142,19.022928892747597,0.17439505371307754,5,64,,True,True,,137,87.6246207195492
125,2026-09-18T06:49:51.706+00:00,2026-09-18T06:52:37.132+00:00,2026-09-18T06:52:41.737+00:00,True,74,74.0,,74.0,165426.63244800002,170031.49696000002,170031.49697600002,2297.7229321081086,36.296053,165426.63244800002,19223.126683034978,92.7730754,63.08033578082192,12.819127666836616,0.435213482931392,5,64,,True,True,,346,87.6246207195492
126,2026-09-18T06:49:52.099+00:00,2026-09-18T06:52:38.680+00:00,2026-09-18T06:52:41.484+00:00,True,46,46.0,,46.0,166581.253448,169385.665096,169385.665032,3682.2970659130438,37.805609,166581.253448,24551.879624356083,88.27402075,62.320258844444446,10.927871807222173,0.2715696158463546,5,64,,True,True,,182,87.6246207195492
127,2026-09-18T06:49:52.633+00:00,2026-09-18T06:52:40.841+00:00,2026-09-18T06:52:45.099+00:00,True,68,68.0,,68.0,168208.786835,172466.563987,172466.563949,2536.27299925,37.300419999999995,168208.786835,20390.608251411257,92.0069107,63.54891271641791,11.261081513075052,0.3942793224843607,5,64,,True,True,,375,87.6246207195492
128,2026-09-18T06:49:53.173+00:00,2026-09-18T06:52:42.941+00:00,2026-09-18T06:52:44.052+00:00,True,19,19.0,,19.0,169768.570938,170879.65061799999,170879.650626,8993.665822421051,37.467231,169768.570938,38933.42182602581,17059.3775709,61.72664888888889,11.487901444671428,0.11118936591504591,5,64,,True,True,,112,87.6246207195492
129,2026-09-18T06:49:53.648+00:00,2026-09-18T06:52:44.527+00:00,2026-09-18T06:52:46.528+00:00,True,34,34.0,,34.0,170878.49745,172880.278954,172880.279099,5084.714091147059,36.191792,170878.49745,29295.019620023693,82.51455150000001,60.66004557575758,11.500038391251481,0.19666789182499364,5,64,,True,True,,160,87.6246207195492
130,2026-09-18T06:49:54.074+00:00,2026-09-18T06:52:46.227+00:00,2026-09-18T06:52:49.250+00:00,True,48,48.0,,48.0,172153.223606,175176.41157400003,175176.411548,3649.508573916667,35.382474,172153.223606,24838.896905664697,94.96878835,64.32314825531915,13.619844804498047,0.2740094945929595,5,64,,True,True,,302,87.6246207195492
131,2026-09-18T06:49:54.482+00:00,2026-09-18T06:52:48.038+00:00,2026-09-18T06:52:49.064+00:00,True,17,17.0,,17.0,173556.523762,174582.040306,174582.040129,10269.531772294118,39.430647,173556.523762,42078.096031522036,34784.0017924,64.094784,10.916659443213765,0.09737542286825793,5,64,,True,True,,78,87.6246207195492
132,2026-09-18T06:49:54.961+00:00,2026-09-18T06:52:49.800+00:00,2026-09-18T06:52:54.277+00:00,True,71,71.0,,71.0,174838.899668,179316.053716,179316.053695,2525.578221056338,36.131063000000005,174838.899668,20741.973531357242,92.7681915,63.95934354285714,13.26717715649759,0.3959489322269466,5,64,,True,True,,349,87.6246207195492
133,2026-09-18T06:49:55.309+00:00,2026-09-18T06:52:51.099+00:00,2026-09-18T06:52:55.165+00:00,True,62,62.0,,62.0,175789.746974,179855.63420600002,179855.63427,2900.897326935484,40.856394,175789.746974,22316.85961458243,96.2840575,66.65388904918034,14.251790123705488,0.3447209217198472,5,64,,True,True,,285,87.6246207195492
134,2026-09-18T06:49:55.862+00:00,2026-09-18T06:52:53.486+00:00,2026-09-18T06:52:57.759+00:00,True,66,66.0,,66.0,177623.950465,181896.877441,181896.87730300002,2756.013292469697,38.574878,177623.950465,21855.909722881777,97.4835275,65.7373380923077,14.186268953149753,0.3628429521634187,5,64,,True,True,,269,87.6246207195492
135,2026-09-18T06:49:56.206+00:00,2026-09-18T06:52:54.522+00:00,2026-09-18T06:52:54.748+00:00,True,4,4.0,,4.0,178315.379106,178542.19101,178542.19099200002,44635.547748000005,57.714372000000004,178315.379106,89119.8897890857,151583.57172465,75.603968,24.346751408818715,0.022403668160294744,5,64,,True,True,,15,87.6246207195492
136,2026-09-18T06:49:56.718+00:00,2026-09-18T06:52:56.559+00:00,2026-09-18T06:52:57.545+00:00,True,17,17.0,,17.0,179840.884234,180827.44193,180827.442062,10636.908356588236,39.158557,179840.884234,43602.86878820762,36044.3901692,61.659856,14.42556389379924,0.09401227943367611,5,64,,True,True,,79,87.6246207195492
137,2026-09-18T06:49:57.275+00:00,2026-09-18T06:52:58.854+00:00,2026-09-18T06:52:59.446+00:00,True,10,10.0,,10.0,181579.28134400002,182171.79104,182171.79107700003,18217.1791077,51.544614,181579.28134400002,57399.593749980224,99916.50004415,65.83441066666667,15.769645913179916,0.05489324084102719,5,64,,True,True,,28,87.6246207195492
138,2026-09-18T06:49:57.869+00:00,2026-09-18T06:53:00.969+00:00,2026-09-18T06:53:04.710+00:00,True,62,62.0,,62.0,183100.69592899998,186840.76300099998,186840.76297199997,3013.560693096774,35.570944000000004,183100.69592899998,23246.025915005786,70.75993774999999,61.31257495081967,6.816227918022143,0.3318333697859507,5,64,,True,True,,176,87.6246207195492
139,2026-09-18T06:49:58.454+00:00,2026-09-18T06:53:03.428+00:00,2026-09-18T06:53:07.574+00:00,True,70,70.0,,70.0,184973.93255599999,189120.58778799998,189120.58786899998,2701.722683842857,35.751402999999996,184973.93255599999,22101.43256040679,71.9563134,60.09645263768115,9.092695244572838,0.37013421340710123,5,64,,True,True,,329,87.6246207195492
140,2026-09-18T06:49:59.032+00:00,2026-09-18T06:53:05.390+00:00,2026-09-18T06:53:05.963+00:00,True,11,11.0,,11.0,186358.70283599998,186931.748596,186931.74873499997,16993.795339545453,37.779309,186358.70283599998,56171.9858961273,93212.97003999999,57.304576,10.08153322316138,0.058845006707626664,5,64,,True,True,,75,87.6246207195492
141,2026-09-18T06:49:59.643+00:00,2026-09-18T06:53:07.761+00:00,2026-09-18T06:53:12.716+00:00,True,83,83.0,,83.0,188118.340363,193073.10029899998,193073.10049799999,2326.181933710843,33.771037,188118.340363,20642.0409560091,69.56536410000001,60.423901658536586,11.048366582877625,0.42988898956645544,5,64,,True,True,,387,87.6246207195492
142,2026-09-18T06:50:00.117+00:00,2026-09-18T06:53:09.782+00:00,2026-09-18T06:53:10.829+00:00,True,19,19.0,,19.0,189664.849574,190712.279974,190712.279877,10037.488414578947,35.783943,189664.849574,43498.75176599652,19027.214882,58.190577777777776,9.327012151417684,0.09962651593589196,5,64,,True,True,,102,87.6246207195492
143,2026-09-18T06:50:00.542+00:00,2026-09-18T06:53:11.402+00:00,2026-09-18T06:53:14.914+00:00,True,57,57.0,,57.0,190859.855132,194371.28886,194371.288894,3410.0226121754386,39.335317,190859.855132,25271.70304908662,94.31028859999998,62.704173714285716,12.51019529458433,0.2932531874141939,5,64,,True,True,,307,87.6246207195492
144,2026-09-18T06:50:01.070+00:00,2026-09-18T06:53:13.089+00:00,2026-09-18T06:53:18.991+00:00,True,94,94.0,,94.0,192018.929045,197920.715669,197920.715761,2105.5395293723404,36.83907,192018.929045,19798.69869725612,91.6230243,63.46007122580645,12.323135252871921,0.47493765209097344,5,64,,True,True,,371,87.6246207195492
145,2026-09-18T06:50:01.545+00:00,2026-09-18T06:53:15.050+00:00,2026-09-18T06:53:17.309+00:00,True,37,37.0,,37.0,193505.47625799998,195764.11792199998,195764.117828,5290.922103459459,40.131854,193505.47625799998,31801.79219027744,93.86031819999998,62.740046222222226,12.14607979328624,0.18900297149829182,5,64,,True,True,,167,87.6246207195492
146,2026-09-18T06:50:02.585+00:00,2026-09-18T06:53:16.633+00:00,2026-09-18T06:53:16.633+00:00,True,1,1.0,,1.0,194047.53238999998,194047.53238999998,194047.53238999998,194047.53238999998,194047.53238999998,194047.53238999998,nan,194047.53238999998,nan,nan,0.0051533765345193015,5,64,,True,True,,5,87.6246207195492
147,2026-09-18T06:50:02.672+00:00,2026-09-18T06:53:17.559+00:00,2026-09-18T06:53:22.616+00:00,True,82,82.0,,82.0,194887.06886000003,199943.30822000004,199943.30818400002,2438.333026634147,36.201873,194887.06886000003,21514.787268105745,93.26220905,62.422708148148146,13.649767303418654,0.41011625110140926,5,64,,True,True,,370,87.6246207195492
148,2026-09-18T06:50:03.176+00:00,2026-09-18T06:53:21.692+00:00,2026-09-18T06:53:25.667+00:00,True,64,64.0,,64.0,198516.153398,202491.722294,202491.722181,3163.933159078125,37.5757,198516.153398,24806.63520689156,96.6158891,63.10426819047619,14.316193125449487,0.31606230257194257,5,64,,True,True,,191,87.6246207195492
149,2026-09-18T06:50:03.679+00:00,2026-09-18T06:53:23.642+00:00,2026-09-18T06:53:27.503+00:00,True,62,62.0,,62.0,199962.346345,203824.093289,203824.093371,3287.485376951613,39.98596499999999,199962.346345,25387.20596170933,92.85828864999999,63.30732695081967,11.628150911440434,0.3041838626608821,5,64,,True,True,,272,87.6246207195492
150,2026-09-18T06:50:04.139+00:00,2026-09-18T06:53:25.669+00:00,2026-09-18T06:53:29.520+00:00,True,63,63.0,,63.0,201529.47964700003,205380.96739100004,205380.96727200004,3260.01535352381,36.909521,201529.47964700003,25382.50352962414,90.19074129999998,62.12077006451613,10.542053978250944,0.30674702140272764,5,64,,True,True,,272,87.6246207195492
151,2026-09-18T06:50:04.516+00:00,2026-09-18T06:53:27.118+00:00,2026-09-18T06:53:28.323+00:00,True,20,20.0,,20.0,202601.714085,203806.763685,203806.763524,10190.3381762,35.958432,202601.714085,45288.94023228984,10221.99139275,63.42366315789474,12.701738319196442,0.09813217009280237,5,64,,True,True,,80,87.6246207195492
152,2026-09-18T06:50:04.949+00:00,2026-09-18T06:53:28.443+00:00,2026-09-18T06:53:32.484+00:00,True,67,67.0,,67.0,203494.042009,207535.035289,207535.03531,3097.537840447761,36.489401,203494.042009,24853.275779890777,79.5869376,61.22717090909091,9.603523112354466,0.3228370569176433,5,64,,True,True,,266,87.6246207195492
153,2026-09-18T06:50:05.456+00:00,2026-09-18T06:53:30.524+00:00,2026-09-18T06:53:34.101+00:00,True,58,58.0,,58.0,205067.683277,208644.645325,208644.645155,3597.321468189655,36.366122000000004,205067.683277,26918.46860864019,91.86319524999999,62.75372014035088,11.912126691891995,0.27798460827813243,5,64,,True,True,,115,87.6246207195492
154,2026-09-18T06:50:06.022+00:00,2026-09-18T06:53:32.635+00:00,2026-09-18T06:53:38.009+00:00,True,87,87.0,,87.0,206612.373838,211986.466894,211986.466929,2436.6260566551723,35.962153,206612.373838,22144.47570808887,91.90074620000001,62.489454139534885,12.869958070893228,0.41040355676809676,5,64,,True,True,,443,87.6246207195492
155,2026-09-18T06:50:06.395+00:00,2026-09-18T06:53:34.407+00:00,2026-09-18T06:53:37.661+00:00,True,52,52.0,,52.0,208011.274896,211265.484944,211265.48505699998,4062.797789557692,35.945093,208011.274896,28837.12805090308,92.24694804999999,63.808040156862745,13.024983225033907,0.24613580402773128,5,64,,True,True,,236,87.6246207195492
156,2026-09-18T06:50:06.917+00:00,2026-09-18T06:53:36.020+00:00,2026-09-18T06:53:37.602+00:00,True,26,26.0,,26.0,209103.486584,210685.803896,210685.803768,8103.300144923077,32.28378,209103.486584,40996.1574766263,96.99250125,63.29269248,14.789796968485192,0.12340651111374489,5,64,,True,True,,75,87.6246207195492
157,2026-09-18T06:50:07.426+00:00,2026-09-18T06:53:38.580+00:00,2026-09-18T06:53:39.017+00:00,True,8,8.0,,8.0,211154.74448,211591.397792,211591.397994,26448.92474925,53.59411,211154.74448,74632.4216380256,137273.99942475,62.37904457142857,4.5747204761584745,0.03780872040868227,5,64,,True,True,,24,87.6246207195492
158,2026-09-18T06:50:07.838+00:00,2026-09-18T06:53:39.980+00:00,2026-09-18T06:53:44.212+00:00,True,70,70.0,,70.0,212142.166045,216374.786333,216374.78657899998,3091.0683796999997,33.453298000000004,212142.166045,25348.509078364143,88.842199,61.34232301449275,10.82626509473441,0.32351274003002484,5,64,,True,True,,410,87.6246207195492
159,2026-09-18T06:50:08.208+00:00,2026-09-18T06:53:41.174+00:00,2026-09-18T06:53:46.579+00:00,True,87,87.0,,87.0,212965.486949,218370.86832500002,218370.868511,2510.0099828850575,37.153161,212965.486949,22825.560711545168,89.1914041,62.85327181395349,10.713973607062735,0.39840479028786224,5,64,,True,True,,351,87.6246207195492
160,2026-09-18T06:50:08.770+00:00,2026-09-18T06:53:43.494+00:00,2026-09-18T06:53:46.511+00:00,True,49,49.0,,49.0,214724.02938999998,217741.14068599997,217741.14074399997,4443.69674987755,39.250777,214724.02938999998,30665.88327705221,86.750036,62.85648533333334,9.47640555865937,0.22503785846636074,5,64,,True,True,,173,87.6246207195492
161,2026-09-18T06:50:09.306+00:00,2026-09-18T06:53:45.328+00:00,2026-09-18T06:53:51.490+00:00,True,98,98.0,,98.0,216022.226953,222184.775433,222184.77533200002,2267.191585020408,0.01872,216022.226953,21815.133094616092,91.23380685000001,63.53142762886598,21.5293962476664,0.44107432567787247,5,64,,True,True,,510,87.6246207195492
162,2026-09-18T06:50:09.799+00:00,2026-09-18T06:53:47.180+00:00,2026-09-18T06:53:51.115+00:00,True,63,63.0,,63.0,217381.593642,221316.97642599998,221316.976391,3512.967879222222,0.02228,217381.593642,27379.521698651024,91.80466619999999,63.47391587096774,26.021575389182804,0.2846595910416516,5,64,,True,True,,253,87.6246207195492
163,2026-09-18T06:50:10.239+00:00,2026-09-18T06:53:49.581+00:00,2026-09-18T06:53:53.499+00:00,True,64,64.0,,64.0,219341.731301,223260.608997,223260.60894799998,3488.4470148124997,35.620874,219341.731301,27409.9432466898,88.95455764999998,62.204407873015874,11.526111433841537,0.2866605098298374,5,64,,True,True,,301,87.6246207195492
164,2026-09-18T06:50:10.705+00:00,2026-09-18T06:53:50.923+00:00,2026-09-18T06:53:55.487+00:00,True,74,74.0,,74.0,220218.156333,224782.51806099998,224782.518266,3037.601598189189,35.846642,220218.156333,25592.575377014626,94.61994595,62.52550312328767,12.759664690095727,0.3292070959891924,5,64,,True,True,,360,87.6246207195492
165,2026-09-18T06:50:11.288+00:00,2026-09-18T06:53:53.257+00:00,2026-09-18T06:53:54.934+00:00,True,28,28.0,,28.0,221969.076037,223646.782789,223646.78292599999,7987.3851045,34.782394999999994,221969.076037,41936.4722309465,99.46983130000001,62.137287111111114,15.195546408401452,0.12519741912145751,5,64,,True,True,,124,87.6246207195492
166,2026-09-18T06:50:11.806+00:00,2026-09-18T06:53:55.177+00:00,2026-09-18T06:53:55.299+00:00,True,3,3.0,,3.0,223370.513809,223492.773521,223492.773511,74497.59117033333,58.224392,223370.513809,128927.73297345887,201039.86595910002,61.129856,4.108957907495281,0.01342325280919256,5,64,,True,True,,9,87.6246207195492
167,2026-09-18T06:50:12.216+00:00,2026-09-18T06:53:56.745+00:00,2026-09-18T06:54:02.424+00:00,True,91,91.0,,91.0,224529.286429,230207.864861,230207.864648,2529.7567543736263,36.386302,224529.286429,23530.4524089895,84.627866,63.09531591111111,9.654725220328793,0.3952949220694349,5,64,,True,True,,436,87.6246207195492
168,2026-09-18T06:50:12.785+00:00,2026-09-18T06:53:58.729+00:00,2026-09-18T06:53:59.276+00:00,True,10,10.0,,10.0,225943.301836,226490.955468,226490.95541,22649.095541,36.881761,225943.301836,71430.3043820698,124308.6515281,60.85040355555555,14.898757515048352,0.0441518734350205,5,64,,True,True,,42,87.6246207195492
169,2026-09-18T06:50:13.328+00:00,2026-09-18T06:54:01.028+00:00,2026-09-18T06:54:04.053+00:00,True,50,50.0,,50.0,227699.941422,230724.868654,230724.86876,4614.4973752,35.877832999999995,227699.941422,32192.9059957598,85.9280792,61.73320881632653,11.054185583136462,0.2167083257721173,5,64,,True,True,,188,87.6246207195492
170,2026-09-18T06:50:13.795+00:00,2026-09-18T06:54:02.991+00:00,2026-09-18T06:54:04.744+00:00,True,30,30.0,,30.0,229196.02196900002,230949.08104100003,230949.08109700002,7698.302703233334,37.05651,229196.02196900002,41834.241295518426,70.3333552,60.4503128275862,8.60709395118139,0.12989876324588687,5,64,,True,True,,160,87.6246207195492
171,2026-09-18T06:50:14.354+00:00,2026-09-18T06:54:04.749+00:00,2026-09-18T06:54:09.646+00:00,True,78,78.0,,78.0,230395.165498,235292.64236199998,235292.64231899998,3016.572337423077,33.388157,230395.165498,26079.9174186834,94.8218797,63.603595636363636,13.870413527216147,0.3315020785052694,5,64,,True,True,,269,87.6246207195492
172,2026-09-18T06:50:14.739+00:00,2026-09-18T06:54:06.133+00:00,2026-09-18T06:54:07.862+00:00,True,27,27.0,,27.0,231394.376358,233123.337638,233123.33777100002,8634.197695222223,34.366086,231394.376358,44519.07406324836,101.0383752,66.49851076923076,17.255595482842004,0.1158185202458207,5,64,,True,True,,136,87.6246207195492
173,2026-09-18T06:50:15.162+00:00,2026-09-18T06:54:07.928+00:00,2026-09-18T06:54:08.968+00:00,True,17,17.0,,17.0,232765.641759,233806.432287,233806.43231,13753.31954764706,39.641625999999995,232765.641759,56438.18598399039,46651.30849579999,65.049408,16.900045251176024,0.07270971903430061,5,64,,True,True,,67,87.6246207195492
174,2026-09-18T06:50:15.616+00:00,2026-09-18T06:54:09.528+00:00,2026-09-18T06:54:10.454+00:00,True,17,17.0,,17.0,233912.44536800002,234838.80108,234838.801184,13814.047128470589,37.08596,233912.44536800002,56718.0596922582,46835.722965600005,57.897232,9.16421858432842,0.07239008171485595,5,64,,True,True,,60,87.6246207195492
175,2026-09-18T06:50:16.027+00:00,2026-09-18T06:54:11.112+00:00,2026-09-18T06:54:14.426+00:00,True,54,54.0,,54.0,235084.748203,238399.33482699998,238399.334847,4414.802497166666,36.424603000000005,235084.748203,31982.47408384199,95.60479145,62.53937026415094,12.573404628816212,0.22651069911409927,5,64,,True,True,,262,87.6246207195492
176,2026-09-18T06:50:16.363+00:00,2026-09-18T06:54:12.444+00:00,2026-09-18T06:54:15.446+00:00,True,50,50.0,,50.0,236081.09745899998,239082.802163,239082.80226799997,4781.65604536,38.153619,236081.09745899998,33378.24667283274,72.59741095,61.259279673469386,8.494791600235988,0.20913256640647618,5,64,,True,True,,219,87.6246207195492
177,2026-09-18T06:50:17.206+00:00,2026-09-18T06:54:12.574+00:00,2026-09-18T06:54:13.850+00:00,True,22,22.0,,22.0,235367.82778,236643.99802,236643.99805,10756.54536590909,40.889223,235367.82778,50167.63400226853,71.09269935,60.77001142857142,8.7261817233473,0.09296665110492541,5,64,,True,True,,104,87.6246207195492
178,2026-09-18T06:50:17.333+00:00,2026-09-18T06:54:13.641+00:00,2026-09-18T06:54:19.480+00:00,True,93,93.0,,93.0,236308.471936,242146.86143999998,242146.861645,2603.729695107527,37.959418,236308.471936,24497.46889678342,91.2954026,63.460755478260864,10.960945796778008,0.38406444521703564,5,64,,True,True,,272,87.6246207195492
179,2026-09-18T06:50:17.503+00:00,2026-09-18T06:54:17.401+00:00,2026-09-18T06:54:21.423+00:00,True,64,64.0,,64.0,239897.80298100002,243920.477925,243920.47784,3811.25746625,36.79093099999999,239897.80298100002,29979.2455978,88.27331995,63.85198323809524,10.245471840111016,0.26238059446439155,5,64,,True,True,,307,87.6246207195492
180,2026-09-18T06:50:17.877+00:00,2026-09-18T06:54:18.755+00:00,2026-09-18T06:54:24.981+00:00,True,100,100.0,,100.0,240877.54506600002,247103.64196200002,247103.64208000002,2471.0364208,37.816849000000005,240877.54506600002,24081.46736121584,79.570093,62.88986763636363,9.465583403153563,0.4046884910558225,5,64,,True,True,,443,87.6246207195492
181,2026-09-18T06:50:18.327+00:00,2026-09-18T06:54:20.640+00:00,2026-09-18T06:54:22.007+00:00,True,23,23.0,,23.0,242312.664378,243680.19231399999,243680.192488,10594.79097773913,42.936910000000005,242312.664378,50512.72225661276,71.11746149999999,62.160360727272725,6.156051836377151,0.09438600561494467,5,64,,True,True,,118,87.6246207195492
182,2026-09-18T06:50:18.825+00:00,2026-09-18T06:54:22.588+00:00,2026-09-18T06:54:23.482+00:00,True,16,16.0,,16.0,243763.030789,244656.99789300002,244656.997895,15291.0623684375,37.993359,243763.030789,60925.85882897005,60993.300304000004,59.59780693333333,8.727914476489651,0.06539767976306793,5,64,,True,True,,85,87.6246207195492
183,2026-09-18T06:50:19.426+00:00,2026-09-18T06:54:25.177+00:00,2026-09-18T06:54:30.410+00:00,True,83,83.0,,83.0,245750.91601,250983.38039399998,250983.380404,3023.896149445783,33.872726,245750.91601,26967.666307089665,93.93946910000001,63.81054126829268,12.76936729337627,0.330699187610369,5,64,,True,True,,379,87.6246207195492
184,2026-09-18T06:50:19.880+00:00,2026-09-18T06:54:26.856+00:00,2026-09-18T06:54:29.488+00:00,True,41,41.0,,41.0,246976.09773500002,249608.252103,249608.25210600003,6088.00614892683,36.092192000000004,246976.09773500002,38560.91257486041,96.84793900000001,65.8038592,15.737869184831753,0.16425738994831585,5,64,,True,True,,176,87.6246207195492
185,2026-09-18T06:50:20.215+00:00,2026-09-18T06:54:27.872+00:00,2026-09-18T06:54:33.468+00:00,True,89,89.0,,89.0,247656.86852000002,253252.34781600002,253252.347684,2845.5319964494383,38.616468,247656.86852000002,26244.83822706397,92.20789380000001,63.584992,11.889626184277544,0.35142813390485433,5,64,,True,True,,332,87.6246207195492
186,2026-09-18T06:50:20.616+00:00,2026-09-18T06:54:29.619+00:00,2026-09-18T06:54:33.223+00:00,True,59,59.0,,59.0,249002.85306999998,252607.43444599997,252607.43450099998,4281.481940694915,38.628498,249002.85306999998,32409.320579204563,80.08165799999999,62.147954758620685,9.193908735689984,0.2335639888406074,5,64,,True,True,,331,87.6246207195492
187,2026-09-18T06:50:21.120+00:00,2026-09-18T06:54:31.469+00:00,2026-09-18T06:54:36.976+00:00,True,89,89.0,,89.0,250349.191345,255855.993521,255855.993595,2874.7864448876403,36.638302,250349.191345,26530.329921549644,90.701258,62.57729745454545,10.08015627088839,0.34785192551174343,5,64,,True,True,,217,87.6246207195492
188,2026-09-18T06:50:21.473+00:00,2026-09-18T06:54:32.598+00:00,2026-09-18T06:54:38.440+00:00,True,94,94.0,,94.0,251124.852463,256966.981615,256966.981515,2733.691292712766,34.138826,251124.852463,25895.074278845554,92.24248645,62.818593032258065,11.872694155356166,0.3658057521990713,5,64,,True,True,,483,87.6246207195492
189,2026-09-18T06:50:21.987+00:00,2026-09-18T06:54:34.697+00:00,2026-09-18T06:54:40.772+00:00,True,97,97.0,,97.0,252710.332881,258785.00475300002,258785.004737,2667.886646773196,34.806485,252710.332881,25652.42457638283,94.7820846,63.277832,11.8941592326833,0.37482851872573775,5,64,,True,True,,425,87.6246207195492
190,2026-09-18T06:50:22.501+00:00,2026-09-18T06:54:36.757+00:00,2026-09-18T06:54:39.816+00:00,True,49,49.0,,49.0,254255.99718200002,257314.249726,257314.24968600002,5251.311218081633,37.818089,254255.99718200002,36313.185499504354,92.3481474,63.713594666666665,12.56854577395284,0.19042862978703062,5,64,,True,True,,198,87.6246207195492
191,2026-09-18T06:50:22.886+00:00,2026-09-18T06:54:38.086+00:00,2026-09-18T06:54:43.906+00:00,True,95,95.0,,95.0,255200.056615,261019.76426300002,261019.764189,2747.5764651473687,36.318612,255200.056615,26176.622881876836,71.83266880000001,61.9117834893617,9.035907482880738,0.3639571136240828,5,64,,True,True,,448,87.6246207195492
192,2026-09-18T06:50:23.253+00:00,2026-09-18T06:54:39.877+00:00,2026-09-18T06:54:43.334+00:00,True,57,57.0,,57.0,256624.87473699998,260081.66065699997,260081.66065499999,4562.836151842105,38.919577,256624.87473699998,33982.61982919203,67.50735820000001,61.72832,7.992944564943643,0.2191619349707727,5,64,,True,True,,239,87.6246207195492
193,2026-09-18T06:50:23.843+00:00,2026-09-18T06:54:41.702+00:00,2026-09-18T06:54:47.613+00:00,True,98,98.0,,98.0,257859.608528,263770.887888,263770.887933,2691.5396727857146,35.652072999999994,257859.608528,26041.599377736966,68.33890425,60.941024329896905,8.527131924039479,0.37153455707216587,5,64,,True,True,,400,87.6246207195492
194,2026-09-18T06:50:24.176+00:00,2026-09-18T06:54:42.825+00:00,2026-09-18T06:54:43.762+00:00,True,16,16.0,,16.0,258648.85342300002,259585.767855,259585.76771800002,16224.110482375001,53.358309999999996,258648.85342300002,64646.59826406356,64714.97681425,62.46096213333333,4.505901044349698,0.06163666110130242,5,64,,True,True,,64,87.6246207195492
195,2026-09-18T06:50:24.733+00:00,2026-09-18T06:54:44.928+00:00,2026-09-18T06:54:45.111+00:00,True,4,4.0,,4.0,260195.048433,260377.235185,260377.23520199998,65094.308800499995,57.740852,260195.048433,130067.15980808661,221175.6862221,60.728917333333335,4.551387522361652,0.01536232611563745,5,64,,True,True,,14,87.6246207195492
196,2026-09-18T06:50:25.135+00:00,2026-09-18T06:54:46.087+00:00,2026-09-18T06:54:51.609+00:00,True,93,93.0,,93.0,260951.79240500001,266473.32686900004,266473.326878,2865.3045900860216,33.447508,260951.79240500001,27053.21903725311,76.2040254,60.016678956521744,10.817462730731044,0.34900303566112406,5,64,,True,True,,444,87.6246207195492
197,2026-09-18T06:50:25.601+00:00,2026-09-18T06:54:47.618+00:00,2026-09-18T06:54:47.869+00:00,True,5,5.0,,5.0,262016.22763,262267.828014,262267.827939,52453.5655878,57.909492,262016.22763,117149.08952129108,209626.5196206,62.900096,4.078563149282846,0.019064480908169555,5,64,,True,True,,25,87.6246207195492
198,2026-09-18T06:50:26.109+00:00,2026-09-18T06:54:49.739+00:00,2026-09-18T06:54:51.379+00:00,True,28,28.0,,28.0,263629.90086500003,265269.961537,265269.96169400006,9473.927203357143,40.826783000000006,263629.90086500003,49809.890350301255,95.04724709999999,60.74298785185185,12.129351645169928,0.10555284826734723,5,64,,True,True,,139,87.6246207195492
199,2026-09-18T06:50:26.605+00:00,2026-09-18T06:54:51.601+00:00,2026-09-18T06:54:57.530+00:00,True,97,97.0,,97.0,264996.253644,270925.145036,270925.145202,2793.042734041237,34.308136,264996.253644,26900.0246622562,90.2674168,61.75928533333334,11.36685826523009,0.35803247419914025,5,64,,True,True,,477,87.6246207195492
200,2026-09-18T06:50:26.965+00:00,2026-09-18T06:54:52.903+00:00,2026-09-18T06:54:54.239+00:00,True,23,23.0,,23.0,265938.761148,267274.032828,267274.03279900004,11620.610121695652,47.428761,265938.761148,55439.40955027969,67.94252119999999,60.69416727272727,4.85465243290734,0.08605400141809244,5,64,,True,True,,121,87.6246207195492
201,2026-09-18T06:50:27.396+00:00,2026-09-18T06:54:54.363+00:00,2026-09-18T06:54:54.424+00:00,True,2,2.0,,2.0,266967.251141,267028.568005,267028.56821600004,133514.28410800002,61.317074999999996,266967.251141,188730.99591699816,253621.9544377,61.316864,nan,0.007489835319652206,5,64,,True,True,,7,87.6246207195492
202,2026-09-18T06:50:27.946+00:00,2026-09-18T06:54:56.571+00:00,2026-09-18T06:55:01.185+00:00,True,73,73.0,,73.0,268625.37132200005,273239.36044200003,273239.36023900006,3743.0049347808226,37.61276,268625.37132200005,31432.723502304576,91.4741282,64.08318222222222,11.964979601950793,0.2671650229378119,5,64,,True,True,,346,87.6246207195492
203,2026-09-18T06:50:28.451+00:00,2026-09-18T06:54:58.489+00:00,2026-09-18T06:55:03.949+00:00,True,87,87.0,,87.0,270038.045618,275498.229426,275498.22955399996,3166.6463167126435,39.434886,270038.045618,28944.31269646148,92.11914759999999,63.49050939534884,11.440535355680549,0.3157915032022686,5,64,,True,True,,210,87.6246207195492
204,2026-09-18T06:50:29.047+00:00,2026-09-18T06:55:01.058+00:00,2026-09-18T06:55:01.480+00:00,True,7,7.0,,7.0,272011.136109,272433.194605,272433.194777,38919.02782528572,62.656013,272011.136109,102783.95904225956,190435.7481438,70.34308266666667,11.403749422618276,0.02569437256039697,5,64,,True,True,,23,87.6246207195492
205,2026-09-18T06:50:29.512+00:00,2026-09-18T06:55:02.563+00:00,2026-09-18T06:55:08.257+00:00,True,91,91.0,,91.0,273051.395422,278744.922974,278744.92298,3063.1310217582413,36.965371,273051.395422,28616.934685362095,94.33480800000001,63.261417244444445,12.117861568594808,0.3264633451583549,5,64,,True,True,,221,87.6246207195492
206,2026-09-18T06:50:30.109+00:00,2026-09-18T06:55:04.571+00:00,2026-09-18T06:55:07.195+00:00,True,43,43.0,,43.0,274461.653917,277085.72278099996,277085.72274399997,6443.854017302326,36.617552,274461.653917,41845.48359397207,92.5783515,62.4778300952381,11.490804694934875,0.15518663166194918,5,64,,True,True,,164,87.6246207195492
207,2026-09-18T06:50:30.629+00:00,2026-09-18T06:55:07.017+00:00,2026-09-18T06:55:10.343+00:00,True,55,55.0,,55.0,276388.326407,279713.339911,279713.339839,5085.697087981818,37.576129,276388.326407,37259.89348472902,92.48009640000001,61.57432414814815,11.802641897753736,0.19662987835152967,5,64,,True,True,,245,87.6246207195492
208,2026-09-18T06:50:31.190+00:00,2026-09-18T06:55:09.084+00:00,2026-09-18T06:55:15.182+00:00,True,100,100.0,,100.0,277894.608323,283992.148163,283992.148155,2839.9214815500004,36.409591999999996,277894.608323,27783.30423983108,92.31812744999999,61.59131151515152,11.937538779508591,0.3521224112949913,5,64,,True,True,,373,87.6246207195492
209,2026-09-18T06:50:31.661+00:00,2026-09-18T06:55:10.954+00:00,2026-09-18T06:55:13.443+00:00,True,41,41.0,,41.0,279292.349657,281781.987033,281781.987126,6872.731393317073,35.57198399999999,279292.349657,43608.418438722954,94.31651400000001,62.2409344,13.130283696904657,0.14550255831363137,5,64,,True,True,,248,87.6246207195492
211,2026-09-18T06:50:32.537+00:00,2026-09-18T06:55:13.497+00:00,2026-09-18T06:55:16.318+00:00,True,46,46.0,,46.0,280960.083491,283781.229091,283781.22914,6169.157155217391,37.56321,280960.083491,41416.062473514714,92.19989175,62.692124444444445,11.685104436811795,0.16209669733035514,5,64,,True,True,,207,87.6246207195492
212,2026-09-18T06:50:32.924+00:00,2026-09-18T06:55:14.831+00:00,2026-09-18T06:55:15.852+00:00,True,17,17.0,,17.0,281907.229422,282927.738606,282927.73869800003,16642.808158705884,39.892065,281907.229422,68357.077828791,56461.0253188,63.781824,12.691854554077683,0.060086013777793226,5,64,,True,True,,90,87.6246207195492
210,2026-09-18T06:50:32.205+00:00,2026-09-18T06:55:16.632+00:00,2026-09-18T06:55:18.145+00:00,True,26,26.0,,26.0,284427.38497799996,285940.09461,285940.09455999994,10997.695944615383,36.214872,284427.38497799996,55768.93378883965,87.75130025,60.50838528,10.72362526283164,0.09092813666254806,5,64,,True,True,,121,87.6246207195492
213,2026-09-18T06:50:33.297+00:00,2026-09-18T06:55:16.828+00:00,2026-09-18T06:55:20.156+00:00,True,55,55.0,,55.0,283530.88853500003,286858.277207,286858.27724200004,5215.605040763637,34.374936,283530.88853500003,38222.990337480645,91.89317849999999,61.61830874074074,11.63403335261308,0.19173230954152112,5,64,,True,True,,241,87.6246207195492
214,2026-09-18T06:50:33.717+00:00,2026-09-18T06:55:18.209+00:00,2026-09-18T06:55:22.049+00:00,True,63,63.0,,63.0,284492.611478,288332.203926,288332.203834,4576.701648158731,35.425864000000004,284492.611478,35834.89905652084,81.99026099999999,61.92891045161291,10.007680035771697,0.2184979656874154,5,64,,True,True,,205,87.6246207195492
215,2026-09-18T06:50:34.736+00:00,2026-09-18T06:55:18.596+00:00,2026-09-18T06:55:21.685+00:00,True,51,51.0,,51.0,283860.014793,286949.437385,286949.437207,5626.459553078432,33.897917,283860.014793,39739.70153105274,78.225888,61.78845184,9.47843728980335,0.17773166054886982,5,64,,True,True,,184,87.6246207195492
217,2026-09-18T06:50:34.993+00:00,2026-09-18T06:55:22.361+00:00,2026-09-18T06:55:28.182+00:00,True,95,95.0,,95.0,287368.467934,293189.27612600004,293189.27607200004,3086.202906021053,38.007779,287368.467934,29477.03127002619,88.4364554,61.923491404255316,10.266754414352937,0.3240227652773123,5,64,,True,True,,538,87.6246207195492
216,2026-09-18T06:50:34.864+00:00,2026-09-18T06:55:22.965+00:00,2026-09-18T06:55:23.804+00:00,True,15,15.0,,15.0,288100.717634,288939.161922,288939.16204,19262.610802666666,36.229292,288100.717634,74371.82331956865,86495.694609,59.88887771428572,13.483827834126556,0.05191404273557523,5,64,,True,True,,82,87.6246207195492
218,2026-09-18T06:50:35.358+00:00,2026-09-18T06:55:24.595+00:00,2026-09-18T06:55:26.278+00:00,True,28,28.0,,28.0,289236.800615,290919.822951,290919.822928,10389.993676,40.786473,289236.800615,54648.8384603876,91.46458365000001,62.33416059259259,10.914988467531042,0.09624644933431048,5,64,,True,True,,113,87.6246207195492
219,2026-09-18T06:50:35.888+00:00,2026-09-18T06:55:26.680+00:00,2026-09-18T06:55:27.053+00:00,True,7,7.0,,7.0,290791.987051,291165.318507,291165.318471,41595.04549585714,53.805259,290791.987051,109885.52256007398,203574.4389772,62.221909333333336,4.815776761578662,0.02404132482499529,5,64,,True,True,,25,87.6246207195492
220,2026-09-18T06:50:36.454+00:00,2026-09-18T06:55:28.844+00:00,2026-09-18T06:55:34.076+00:00,True,85,85.0,,85.0,292389.529777,297621.163185,297621.163252,3501.4254500235297,36.870081,292389.529777,31707.34387897582,93.235195,62.281350095238096,11.22136200224979,0.28559796988349373,5,64,,True,True,,387,87.6246207195492
221,2026-09-18T06:50:37.019+00:00,2026-09-18T06:55:30.856+00:00,2026-09-18T06:55:36.280+00:00,True,86,86.0,,86.0,293836.822454,299260.982198,299260.982158,3479.7788623023257,37.28868,293836.822454,31678.360070721785,91.20810650000001,63.81364404705882,10.856325902451609,0.28737458310920005,5,64,,True,True,,294,87.6246207195492
222,2026-09-18T06:50:37.614+00:00,2026-09-18T06:55:33.041+00:00,2026-09-18T06:55:37.687+00:00,False,74,73.0,,73.0,295427.654991,300073.635663,300073.635705,4055.049131148649,0.0229,295427.654991,34335.37153666987,93.73983575,63.64357084931507,13.55567504154267,0.24327362128535412,5,64,,True,False,Request timeout: 300.0s exceeded,329,87.6246207195492
223,2026-09-18T06:50:38.059+00:00,2026-09-18T06:55:34.707+00:00,2026-09-18T06:55:38.092+00:00,False,54,53.0,,53.0,296648.615226,300033.19225,300033.19220700004,5556.170226055556,0.02103,296648.615226,40360.076038358064,95.7585843,63.8599438490566,15.52883944487546,0.17664712228185145,5,64,,True,False,Request timeout: 300.0s exceeded,237,87.6246207195492
224,2026-09-18T06:50:38.664+00:00,2026-09-18T06:55:37.341+00:00,2026-09-18T06:55:38.708+00:00,False,23,22.0,,22.0,298676.844712,300043.87908,300043.87911,13045.386048260869,0.047200000000000006,298676.844712,62265.47270375446,90.5211391,62.13792581818182,16.51131720925281,0.07332260890459355,5,64,,True,False,Request timeout: 300.0s exceeded,73,87.6246207195492
225,2026-09-18T06:50:39.270+00:00,2026-09-18T06:55:39.346+00:00,2026-09-18T06:55:39.346+00:00,False,1,0.0,,0.0,300076.388319,300076.388319,300076.388319,300076.388319,300076.388319,300076.388319,nan,300076.388319,nan,nan,0.0,5,64,,True,False,"HTTPConnectionPool(host='gpu03', port=9002): Read timed out.",0,87.6246207195492
226,2026-09-18T06:50:39.727+00:00,2026-09-18T06:55:39.791+00:00,2026-09-18T06:55:39.791+00:00,False,1,0.0,,0.0,300064.098919,300064.098919,300064.098919,300064.098919,300064.098919,300064.098919,nan,300064.098919,nan,nan,0.0,5,64,,True,False,TTFT timeout: 300.0s exceeded (TTFT: 300.060s),0,87.6246207195492
227,2026-09-18T06:50:40.235+00:00,2026-09-18T06:55:40.159+00:00,2026-09-18T06:55:40.317+00:00,False,4,3.0,,3.0,299924.16762900003,300081.92046100006,300081.92047300003,75020.48011825001,0.09916,299924.16762900003,149935.79655132315,254949.06300330002,52.58427733333333,46.8394875975808,0.009997270063425542,5,64,,True,False,Request timeout: 300.0s exceeded,8,87.6246207195492
228,2026-09-18T06:50:40.594+00:00,2026-09-18T06:55:40.610+00:00,2026-09-18T06:55:40.610+00:00,False,1,0.0,,0.0,300016.800286,300016.800286,300016.800286,300016.800286,300016.800286,300016.800286,nan,300016.800286,nan,nan,0.0,5,64,,True,False,TTFT timeout: 300.0s exceeded (TTFT: 300.003s),0,87.6246207195492
229,2026-09-18T06:50:41.016+00:00,2026-09-18T06:55:41.073+00:00,2026-09-18T06:55:41.073+00:00,False,1,0.0,,0.0,300057.05713,300057.05713,300057.05713,300057.05713,300057.05713,300057.05713,nan,300057.05713,nan,nan,0.0,5,64,,True,False,"HTTPConnectionPool(host='gpu03', port=9002): Read timed out.",0,87.6246207195492
230,2026-09-18T06:50:41.450+00:00,2026-09-18T06:55:41.501+00:00,2026-09-18T06:55:41.501+00:00,False,1,0.0,,0.0,300050.75802999997,300050.75802999997,300050.75802999997,300050.75802999997,300050.75802999997,300050.75802999997,nan,300050.75802999997,nan,nan,0.0,5,64,,True,False,TTFT timeout: 300.0s exceeded (TTFT: 300.039s),0,87.6246207195492
231,2026-09-18T06:50:41.945+00:00,2026-09-18T06:55:41.836+00:00,2026-09-18T06:55:41.993+00:00,False,5,4.0,,4.0,299890.713797,300048.193221,300048.193232,60009.6386464,0.04352,299890.713797,134097.59982154917,239924.51706319998,39.369856,27.942458755632224,0.013331191756431628,5,64,,True,False,Request timeout: 300.0s exceeded,21,87.6246207195492
232,2026-09-18T06:50:42.491+00:00,2026-09-18T06:55:42.540+00:00,2026-09-18T06:55:42.540+00:00,False,1,0.0,,0.0,300049.121856,300049.121856,300049.121856,300049.121856,300049.121856,300049.121856,nan,300049.121856,nan,nan,0.0,5,64,,True,False,"HTTPConnectionPool(host='gpu03', port=9002): Read timed out.",0,87.6246207195492
233,2026-09-18T06:50:42.865+00:00,2026-09-18T06:55:42.817+00:00,2026-09-18T06:55:42.891+00:00,True,2,2.0,,2.0,299952.639667,300026.312883,300026.312768,150013.156384,73.67310099999999,299952.639667,212046.45079403254,284958.6913387,73.673216,nan,0.00666608198721534,5,64,,True,True,,2,87.6246207195492
234,2026-09-18T06:50:43.221+00:00,2026-09-18T06:55:43.141+00:00,2026-09-18T06:55:43.269+00:00,False,4,3.0,,3.0,299919.49353,300048.31785,300048.31790799997,75012.07947699999,0.026199999999999998,299919.49353,149938.27918400097,254942.11712819999,42.94144,37.634057037874406,0.009998389664359853,5,64,,True,False,Request timeout: 300.0s exceeded,10,87.6246207195492
235,2026-09-18T06:50:43.763+00:00,2026-09-18T06:55:43.838+00:00,2026-09-18T06:55:43.838+00:00,False,1,0.0,,0.0,300075.60935399996,300075.60935399996,300075.60935399996,300075.60935399996,300075.60935399996,300075.60935399996,nan,300075.60935399996,nan,nan,0.0,5,64,,True,False,"HTTPConnectionPool(host='gpu03', port=9002): Read timed out.",0,87.6246207195492
236,2026-09-18T06:50:44.367+00:00,2026-09-18T06:55:44.354+00:00,2026-09-18T06:55:44.422+00:00,False,3,2.0,,2.0,299987.09375400003,300054.99186600005,300054.99178700004,100018.33059566667,0.05173,299987.09375400003,173178.03217594096,269995.16900890006,33.949056,47.938083613226254,0.006665444849166746,5,64,,True,False,Request timeout: 300.0s exceeded,5,87.6246207195492
237,2026-09-18T06:50:44.822+00:00,2026-09-18T06:55:44.569+00:00,2026-09-18T06:55:45.856+00:00,False,23,22.0,,22.0,299747.157683,301034.144947,301034.145029,13088.441088217392,0.04162,299747.157683,62489.40767664642,90.77512869999998,58.499421090909095,18.803246492135877,0.07308141076113912,5,64,,True,False,Request timeout: 300.0s exceeded,87,87.6246207195492
238,2026-09-18T06:50:45.274+00:00,2026-09-18T06:55:45.540+00:00,2026-09-18T06:55:45.911+00:00,False,8,7.0,,7.0,300265.956478,300636.48498999997,300636.485153,37579.560644125,0.024210000000000002,300265.956478,106141.33549796652,195204.53936419997,52.932644571428575,27.392136208978656,0.023283933752195247,5,64,,True,False,Request timeout: 300.0s exceeded,38,87.6246207195492
240,2026-09-18T06:50:46.203+00:00,2026-09-18T06:55:46.719+00:00,2026-09-18T06:55:46.719+00:00,False,1,0.0,,0.0,300515.56874699995,300515.56874699995,300515.56874699995,300515.56874699995,300515.56874699995,300515.56874699995,nan,300515.56874699995,nan,nan,0.0,5,64,,True,False,"HTTPConnectionPool(host='gpu03', port=9002): Read timed out.",0,87.6246207195492
241,2026-09-18T06:50:46.631+00:00,2026-09-18T06:55:46.741+00:00,2026-09-18T06:55:46.741+00:00,False,1,0.0,,0.0,300109.70098699996,300109.70098699996,300109.70098699996,300109.70098699996,300109.70098699996,300109.70098699996,nan,300109.70098699996,nan,nan,0.0,5,64,,True,False,"HTTPConnectionPool(host='gpu03', port=9002): Read timed out.",0,87.6246207195492
239,2026-09-18T06:50:45.655+00:00,2026-09-18T06:55:46.773+00:00,2026-09-18T06:55:46.773+00:00,False,1,0.0,,0.0,301117.94443000003,301117.94443000003,301117.94443000003,301117.94443000003,301117.94443000003,301117.94443000003,nan,301117.94443000003,nan,nan,0.0,5,64,,True,False,"HTTPConnectionPool(host='gpu03', port=9002): Read timed out.",0,87.6246207195492
242,2026-09-18T06:50:47.088+00:00,2026-09-18T06:55:47.107+00:00,2026-09-18T06:55:47.107+00:00,False,1,0.0,,0.0,300018.843776,300018.843776,300018.843776,300018.843776,300018.843776,300018.843776,nan,300018.843776,nan,nan,0.0,5,64,,True,False,TTFT timeout: 300.0s exceeded (TTFT: 300.001s),0,87.6246207195492
243,2026-09-18T06:50:47.686+00:00,2026-09-18T06:55:47.288+00:00,2026-09-18T06:55:47.734+00:00,False,10,9.0,,9.0,299601.806713,300048.674681,300048.674684,30004.8674684,0.031209,299601.806713,94726.71078713756,164810.63793085,49.65199644444445,21.134498579129286,0.029995133321513406,5,64,,True,False,Request timeout: 300.0s exceeded,49,87.6246207195492
244,2026-09-18T06:50:48.245+00:00,2026-09-18T06:55:48.350+00:00,2026-09-18T06:55:48.350+00:00,False,1,0.0,,0.0,300104.591306,300104.591306,300104.591306,300104.591306,300104.591306,300104.591306,nan,300104.591306,nan,nan,0.0,5,64,,True,False,"HTTPConnectionPool(host='gpu03', port=9002): Read timed out.",0,87.6246207195492
245,2026-09-18T06:50:48.839+00:00,2026-09-18T06:55:48.745+00:00,2026-09-18T06:55:48.889+00:00,False,4,3.0,,3.0,299905.572714,300050.51812200004,300050.517922,75012.6294805,0.03633,299905.572714,149928.6327163872,254930.88004905,48.315136,41.850851439579195,0.009998316346116773,5,64,,True,False,Request timeout: 300.0s exceeded,3,87.6246207195492
246,2026-09-18T06:50:49.179+00:00,2026-09-18T06:55:49.105+00:00,2026-09-18T06:55:49.239+00:00,False,4,3.0,,3.0,299925.95455699996,300059.824637,300059.824735,75014.95618375,0.07407899999999999,299925.95455699996,149940.66897279036,254948.00474089998,44.62336,39.05354906089883,0.009998006243019294,5,64,,True,False,Request timeout: 300.0s exceeded,7,87.6246207195492
247,2026-09-18T06:50:49.574+00:00,2026-09-18T06:55:49.676+00:00,2026-09-18T06:55:49.676+00:00,False,1,0.0,,0.0,300101.923077,300101.923077,300101.923077,300101.923077,300101.923077,300101.923077,nan,300101.923077,nan,nan,0.0,5,64,,True,False,"HTTPConnectionPool(host='gpu03', port=9002): Read timed out.",0,87.6246207195492
248,2026-09-18T06:50:50.019+00:00,2026-09-18T06:55:50.020+00:00,2026-09-18T06:55:50.095+00:00,False,3,2.0,,2.0,300000.701745,300075.66136100003,300075.661364,100025.22045466668,0.041259,300000.701745,173183.85097814523,270008.12340650003,37.479808,52.94616456255285,0.006664985727029491,5,64,,True,False,Request timeout: 300.0s exceeded,6,87.6246207195492
249,2026-09-18T06:50:50.428+00:00,2026-09-18T06:55:50.310+00:00,2026-09-18T06:55:50.454+00:00,False,4,3.0,,3.0,299882.445417,300026.018665,300026.018628,75006.504657,0.02558,299882.445417,149917.29765848766,254911.02440189998,47.85774933333334,41.44118223212255,0.009999132786379136,5,64,,True,False,Request timeout: 300.0s exceeded,5,87.6246207195492
250,2026-09-18T06:50:50.834+00:00,2026-09-18T06:55:50.926+00:00,2026-09-18T06:55:50.926+00:00,False,1,0.0,,0.0,300091.70635399997,300091.70635399997,300091.70635399997,300091.70635399997,300091.70635399997,300091.70635399997,nan,300091.70635399997,nan,nan,0.0,5,64,,True,False,"HTTPConnectionPool(host='gpu03', port=9002): Read timed out.",0,87.6246207195492
251,2026-09-18T06:50:51.401+00:00,2026-09-18T06:55:51.398+00:00,2026-09-18T06:55:51.458+00:00,False,3,2.0,,2.0,299997.439496,300057.040392,300057.040294,100019.01343133334,0.03798,299997.439496,173186.39973819422,270003.6518282,29.800448,42.090253964271014,0.006665399343362061,5,64,,True,False,Request timeout: 300.0s exceeded,9,87.6246207195492
252,2026-09-18T06:50:51.968+00:00,2026-09-18T06:55:51.983+00:00,2026-09-18T06:55:51.983+00:00,False,1,0.0,,0.0,300015.333338,300015.333338,300015.333338,300015.333338,300015.333338,300015.333338,nan,300015.333338,nan,nan,0.0,5,64,,True,False,TTFT timeout: 300.0s exceeded (TTFT: 300.009s),0,87.6246207195492
253,2026-09-18T06:50:52.569+00:00,2026-09-18T06:55:52.624+00:00,2026-09-18T06:55:52.624+00:00,False,1,0.0,,0.0,300055.161639,300055.161639,300055.161639,300055.161639,300055.161639,300055.161639,nan,300055.161639,nan,nan,0.0,5,64,,True,False,TTFT timeout: 300.0s exceeded (TTFT: 300.044s),0,87.6246207195492
254,2026-09-18T06:50:53.079+00:00,2026-09-18T06:55:52.889+00:00,2026-09-18T06:55:53.107+00:00,False,8,7.0,,7.0,299809.85711599997,300028.46882799995,300028.468716,37503.5585895,0.07736,299809.85711599997,105987.75073270578,194889.85118469998,31.23024457142857,13.792722155651301,0.023331119301258554,5,64,,True,False,Request timeout: 300.0s exceeded,34,87.6246207195492
0,2026-09-18T06:48:53.130+00:00,2026-09-18T06:48:53.322+00:00,2026-09-18T06:48:58.228+00:00,True,85,85.0,,85.0,191.987424,5098.667488,5098.667396,59.98432230588235,13.363315,191.987424,18.545764662330328,72.8395966,58.4128579047619,11.646994040359738,16.671022419103082,6,64,,False,True,,442,87.6246207195492
1,2026-09-18T06:48:53.559+00:00,2026-09-18T06:48:53.708+00:00,2026-09-18T06:48:58.479+00:00,True,81,81.0,,81.0,149.127393,4920.668641,4920.668617,60.74899527160494,10.257641,149.127393,14.154709987743527,73.633373,59.644265600000004,10.138339282345108,16.46117751662685,6,64,,False,True,,413,87.6246207195492
2,2026-09-18T06:48:54.023+00:00,2026-09-18T06:48:55.174+00:00,2026-09-18T06:48:59.780+00:00,True,76,76.0,,76.0,1150.608102,5756.495078,5756.495104,75.74335663157895,37.771899,1150.608102,125.27222943417817,70.43472899999999,61.411826346666665,9.187363020395072,13.202478065247467,6,64,,False,True,,446,87.6246207195492
3,2026-09-18T06:48:54.409+00:00,2026-09-18T06:48:57.251+00:00,2026-09-18T06:48:59.261+00:00,True,34,34.0,,34.0,2842.4956779999998,4852.567741999999,4852.5677129999995,142.72257979411765,34.599505,2842.4956779999998,477.08849441681417,68.86281965,60.911274666666664,7.0632674340089,7.006599764846726,6,64,,False,True,,144,87.6246207195492
4,2026-09-18T06:48:54.794+00:00,2026-09-18T06:48:58.415+00:00,2026-09-18T06:49:00.406+00:00,True,34,34.0,,34.0,3621.6793509999998,5612.3174309999995,5612.317601,165.06816473529412,16.12347,3621.6793509999998,610.9184037919068,85.23675379999999,60.322366060606065,13.779957642863062,6.05810352283333,6,64,,False,True,,194,87.6246207195492
5,2026-09-18T06:48:55.205+00:00,2026-09-18T06:48:59.781+00:00,2026-09-18T06:49:04.725+00:00,True,85,85.0,,85.0,4576.718536,9520.402888,9520.402949000001,112.0047405764706,0.0,4576.718536,490.20498894625007,68.20637919999999,58.85338514285714,13.127433834758119,8.928193585918335,6,64,,False,True,,441,87.6246207195492
6,2026-09-18T06:48:55.582+00:00,2026-09-18T06:49:01.188+00:00,2026-09-18T06:49:01.499+00:00,True,6,6.0,,6.0,5605.800093000001,5917.395613000001,5917.395744,986.2326240000001,58.599871,5605.800093000001,2263.118665462833,4221.012758750001,62.319104,3.396708199908847,1.0139595849935272,6,64,,False,True,,20,87.6246207195492
7,2026-09-18T06:48:56.048+00:00,2026-09-18T06:49:02.974+00:00,2026-09-18T06:49:08.343+00:00,True,90,90.0,,90.0,6926.798828,12294.96574,12294.965813,136.61073125555555,0.0,6926.798828,724.7025548404142,69.89786295,60.31648215730337,36.54711372551869,7.320069197687736,6,64,,False,True,,398,87.6246207195492
8,2026-09-18T06:48:56.389+00:00,2026-09-18T06:49:04.104+00:00,2026-09-18T06:49:07.046+00:00,True,50,50.0,,50.0,7715.174443,10656.595499,10656.595457,213.13190914,8.303575,7715.174443,1082.756401656529,67.8635144,60.02900114285714,18.530999537491695,4.6919299887747385,6,64,,False,True,,317,87.6246207195492
9,2026-09-18T06:48:56.653+00:00,2026-09-18T06:49:05.197+00:00,2026-09-18T06:49:10.038+00:00,True,81,81.0,,81.0,8543.944144,13385.376976,13385.377047,165.25156848148148,0.0,8543.944144,943.2625879216268,70.458929,60.5179104,35.49368512589089,6.0513798113593005,6,64,,False,True,,378,87.6246207195492
10,2026-09-18T06:48:57.078+00:00,2026-09-18T06:49:06.737+00:00,2026-09-18T06:49:10.523+00:00,True,64,64.0,,64.0,9659.246941,13444.353885,13444.354067,210.068032296875,0.0,9659.246941,1200.5167006974505,68.3362195,60.0810626031746,38.91809815906595,4.7603626434889845,6,64,,False,True,,245,87.6246207195492
11,2026-09-18T06:48:57.484+00:00,2026-09-18T06:49:08.220+00:00,2026-09-18T06:49:10.704+00:00,True,44,44.0,,44.0,10736.02899,13220.724030000001,13220.724143000001,300.47100325,9.602062,10736.02899,1609.8382391931839,67.45120664999999,57.78360558139535,10.298921375956375,3.328108195901885,6,64,,False,True,,191,87.6246207195492
12,2026-09-18T06:48:57.754+00:00,2026-09-18T06:49:09.209+00:00,2026-09-18T06:49:10.761+00:00,True,27,27.0,,27.0,11454.998574,13007.336749999999,13007.336788999999,481.75321440740737,40.805944000000004,11454.998574,2193.0353540094475,67.26038,59.705314461538464,6.802307527031721,2.075751594576038,6,64,,False,True,,112,87.6246207195492
13,2026-09-18T06:48:58.053+00:00,2026-09-18T06:49:10.280+00:00,2026-09-18T06:49:15.700+00:00,True,91,91.0,,91.0,12227.056749,17646.649708999998,17646.649798,193.91922854945054,0.0,12227.056749,1275.7442421104774,68.5782825,60.217699555555555,28.41424888623862,5.156786217249438,6,64,,False,True,,385,87.6246207195492
14,2026-09-18T06:48:58.360+00:00,2026-09-18T06:49:11.181+00:00,2026-09-18T06:49:11.858+00:00,True,12,12.0,,12.0,12820.551446000001,13497.505046000002,13497.505188000001,1124.792099,53.56423,12820.551446000001,3683.2129255582213,5808.60487855,61.541236363636365,5.650011140094492,0.8890531960613128,6,64,,False,True,,45,87.6246207195492
15,2026-09-18T06:48:58.773+00:00,2026-09-18T06:49:12.993+00:00,2026-09-18T06:49:14.452+00:00,True,25,25.0,,25.0,14219.971686,15678.396262,15678.396496000001,627.1358598400001,0.0,14219.971686,2832.108725564923,193.2865052,60.76769066666667,39.793394470198486,1.5945508445014196,6,64,,False,True,,101,87.6246207195492
16,2026-09-18T06:48:59.086+00:00,2026-09-18T06:49:14.326+00:00,2026-09-18T06:49:18.785+00:00,True,76,76.0,,76.0,15239.509351,19698.520167000002,19698.520095,259.19105388157897,0.0,15239.509351,1741.5508580336377,68.45945499999999,59.45347754666667,31.38377328572873,3.8581578390502247,6,64,,False,True,,357,87.6246207195492
17,2026-09-18T06:48:59.440+00:00,2026-09-18T06:49:15.445+00:00,2026-09-18T06:49:17.414+00:00,True,34,34.0,,34.0,16005.396008,17974.104616,17974.104489999998,528.6501320588235,0.0,16005.396008,2735.055553570486,147.98196670000002,59.657836606060606,46.54145947462494,1.891610220724666,6,64,,False,True,,125,87.6246207195492
18,2026-09-18T06:48:59.892+00:00,2026-09-18T06:49:17.175+00:00,2026-09-18T06:49:18.431+00:00,True,22,22.0,,22.0,17283.417553,18538.665169,18538.665201,842.6666000454545,36.586962,17283.417553,3672.1055026985355,72.05374585,59.773696,9.736930583681081,1.1867089566290876,6,64,,False,True,,104,87.6246207195492
19,2026-09-18T06:49:00.162+00:00,2026-09-18T06:49:18.063+00:00,2026-09-18T06:49:18.622+00:00,True,10,10.0,,10.0,17901.333755,18460.334075,18460.334036,1846.0334036,58.208631999999994,17901.333755,5641.25821520828,9875.625690949999,62.11114666666666,2.9827407928896537,0.5417020060077109,6,64,,False,True,,37,87.6246207195492
20,2026-09-18T06:49:00.581+00:00,2026-09-18T06:49:19.625+00:00,2026-09-18T06:49:22.290+00:00,True,43,43.0,,43.0,19044.70648,21709.467056,21709.466998,504.87132553488374,0.0,19044.70648,2895.4162267694705,306.7664424,63.44668038095238,68.93746521142921,1.9807026993836674,6,64,,False,True,,172,87.6246207195492
21,2026-09-18T06:49:00.894+00:00,2026-09-18T06:49:20.817+00:00,2026-09-18T06:49:24.858+00:00,True,66,66.0,,66.0,19923.164127,23964.425183,23964.425128,363.09735042424245,0.0,19923.164127,2445.463225290503,99.25499125,62.17324701538462,60.797735914139956,2.7540823322905905,6,64,,False,True,,333,87.6246207195492
22,2026-09-18T06:49:01.254+00:00,2026-09-18T06:49:22.168+00:00,2026-09-18T06:49:23.716+00:00,True,26,26.0,,26.0,20913.931887,22461.976431,22461.976469999998,863.9221719230769,39.332347,20913.931887,4089.4274954659186,90.90645875,61.921781759999995,10.05373244995788,1.1575116766713875,6,64,,False,True,,111,87.6246207195492
23,2026-09-18T06:49:01.659+00:00,2026-09-18T06:49:23.776+00:00,2026-09-18T06:49:25.517+00:00,True,30,30.0,,30.0,22117.15964,23858.750168000002,23858.749964000002,795.2916654666667,0.0,22117.15964,4027.546106834187,242.9791459,60.054845793103446,63.81482419061784,1.257400315974506,6,64,,False,True,,143,87.6246207195492
24,2026-09-18T06:49:02.037+00:00,2026-09-18T06:49:25.182+00:00,2026-09-18T06:49:27.143+00:00,True,34,34.0,,34.0,23144.501441,25106.092481,25106.092556,738.4144869411765,39.172667000000004,23144.501441,3959.0686632431493,79.1022156,59.44215272727273,10.56045304829151,1.3542529577524183,6,64,,False,True,,138,87.6246207195492
25,2026-09-18T06:49:02.384+00:00,2026-09-18T06:49:26.520+00:00,2026-09-18T06:49:31.276+00:00,True,79,79.0,,79.0,24136.418408,28892.147304000002,28892.147281,365.7233833037975,0.0,24136.418408,2709.0447993549346,76.05937460000001,60.97088328205128,43.53380943374094,2.7343069785977026,6,64,,False,True,,340,87.6246207195492
26,2026-09-18T06:49:02.675+00:00,2026-09-18T06:49:27.639+00:00,2026-09-18T06:49:32.548+00:00,True,83,83.0,,83.0,24963.435652,29872.404356,29872.40442,359.9084869879518,0.0,24963.435652,2733.8395209104456,70.1772073,59.865472,41.92494036434528,2.7784840821937085,6,64,,False,True,,333,87.6246207195492
27,2026-09-18T06:49:03.014+00:00,2026-09-18T06:49:29.239+00:00,2026-09-18T06:49:33.481+00:00,True,70,70.0,,70.0,26225.418007,30466.675735,30466.675756,435.2382250857143,0.0,26225.418007,3127.6477952716036,73.76818854999999,61.46750330434783,53.89029258368953,2.297592313938743,6,64,,False,True,,333,87.6246207195492
28,2026-09-18T06:49:03.414+00:00,2026-09-18T06:49:30.660+00:00,2026-09-18T06:49:32.314+00:00,True,29,29.0,,29.0,27246.29593,28899.837818,28899.837668,996.5461264827586,40.891694,27246.29593,5048.550186563596,72.8758448,59.05506742857143,8.121739092878748,1.0034658388960789,6,64,,False,True,,130,87.6246207195492
29,2026-09-18T06:49:03.818+00:00,2026-09-18T06:49:32.146+00:00,2026-09-18T06:49:35.211+00:00,True,47,47.0,,47.0,28327.9127,31393.157884,31393.157936,667.9395305531915,0.0,28327.9127,4123.489156311845,351.07468220000004,66.63576486956522,98.80711570872482,1.4971415164306954,6,64,,False,True,,238,87.6246207195492
30,2026-09-18T06:49:04.112+00:00,2026-09-18T06:49:33.459+00:00,2026-09-18T06:49:37.140+00:00,True,64,64.0,,64.0,29346.584086,33028.308758,33028.308654,516.06732271875,0.0,29346.584086,3661.7440392375665,96.34073155,58.440074158730155,73.50068527371211,1.937731673423882,6,64,,False,True,,362,87.6246207195492
31,2026-09-18T06:49:04.451+00:00,2026-09-18T06:49:34.599+00:00,2026-09-18T06:49:35.191+00:00,True,8,8.0,,8.0,30148.450537,30740.124393000002,30740.12439,3842.51554875,0.01641,30148.450537,10630.793636099941,19782.75807295,84.52483657142857,198.63633550620256,0.2602461817565619,6,64,,False,True,,30,87.6246207195492
32,2026-09-18T06:49:04.853+00:00,2026-09-18T06:49:35.910+00:00,2026-09-18T06:49:41.677+00:00,True,96,96.0,,96.0,31057.61038,36824.343691999995,36824.343501999996,383.58691147916664,0.0,31057.61038,3164.023685191843,91.0474945,60.70245591578947,51.517133768906135,2.6069711059332685,6,64,,False,True,,543,87.6246207195492
33,2026-09-18T06:49:05.112+00:00,2026-09-18T06:49:36.965+00:00,2026-09-18T06:49:41.742+00:00,True,81,81.0,,81.0,31853.680495,36630.964847,36630.964852,452.2341339753086,0.0,31853.680495,3533.0723972831374,82.47713800000001,59.7160544,54.141877501942034,2.2112439663634396,6,64,,False,True,,241,87.6246207195492
34,2026-09-18T06:49:05.467+00:00,2026-09-18T06:49:38.210+00:00,2026-09-18T06:49:40.810+00:00,True,45,45.0,,45.0,32742.65059,35343.161566,35343.161652,785.4035922666667,0.0,32742.65059,4872.694278165892,69.766287,59.10252218181818,71.91093798300098,1.2732307469428499,6,64,,False,True,,225,87.6246207195492
35,2026-09-18T06:49:05.730+00:00,2026-09-18T06:49:39.241+00:00,2026-09-18T06:49:44.206+00:00,True,83,83.0,,83.0,33511.489134,38475.98910200001,38475.989096000005,463.56613368674704,34.503077,33511.489134,3671.7425310454464,89.76225290000002,60.54268253658537,13.398454075962718,2.157189507980332,6,64,,False,True,,463,87.6246207195492
36,2026-09-18T06:49:06.122+00:00,2026-09-18T06:49:40.739+00:00,2026-09-18T06:49:43.605+00:00,True,47,47.0,,47.0,34616.684901,37483.373413,37483.373532,797.5185857872341,30.928223000000003,34616.684901,5040.296834296624,103.2502145,62.31931547826087,15.918940850103082,1.2538892773108685,6,64,,False,True,,279,87.6246207195492
37,2026-09-18T06:49:06.399+00:00,2026-09-18T06:49:41.848+00:00,2026-09-18T06:49:43.920+00:00,True,34,34.0,,34.0,35448.6569,37520.302852,37520.302818000004,1103.5383181764707,36.440993,35448.6569,6068.648142805021,108.22179725,62.77715006060606,15.755054665193267,0.9061760544448176,6,64,,False,True,,152,87.6246207195492
38,2026-09-18T06:49:06.820+00:00,2026-09-18T06:49:43.550+00:00,2026-09-18T06:49:45.288+00:00,True,23,23.0,,23.0,36729.858302,38467.955454,38467.955256,1672.5197937391304,0.0,36729.858302,7643.08366970161,542.7878946999999,79.004416,116.8278969189914,0.5979002452444713,6,64,,False,True,,86,87.6246207195492
39,2026-09-18T06:49:07.215+00:00,2026-09-18T06:49:44.675+00:00,2026-09-18T06:49:49.064+00:00,True,72,72.0,,72.0,37460.14388,41849.079048,41849.079014,581.2372085277779,0.0,37460.14388,4408.497559498637,96.94608425,61.815988281690146,97.4648595704107,1.7204679681819888,6,64,,False,True,,320,87.6246207195492
40,2026-09-18T06:49:07.472+00:00,2026-09-18T06:49:45.930+00:00,2026-09-18T06:49:50.477+00:00,True,73,73.0,,73.0,38457.491814,43004.971622,43004.971545,589.1091992465754,0.01623,38457.491814,4494.292001138058,92.77217680000001,63.15944177777778,72.41255379225215,1.6974781576801572,6,64,,False,True,,267,87.6246207195492
41,2026-09-18T06:49:07.922+00:00,2026-09-18T06:49:47.608+00:00,2026-09-18T06:49:50.288+00:00,True,43,43.0,,43.0,39686.252133,42366.591589,42366.591629,985.2695727674419,0.01758,39686.252133,6043.11580958511,91.1116129,63.8176060952381,96.43618540969099,1.014950657752805,6,64,,False,True,,182,87.6246207195492
42,2026-09-18T06:49:08.333+00:00,2026-09-18T06:49:49.444+00:00,2026-09-18T06:49:55.489+00:00,True,97,97.0,,97.0,41111.746559,47156.186879,47156.186757999996,486.1462552371134,0.0,41111.746559,4168.373567261614,91.53251879999999,62.96292,64.96877702692046,2.056994138412766,6,64,,False,True,,444,87.6246207195492
43,2026-09-18T06:49:08.623+00:00,2026-09-18T06:49:50.413+00:00,2026-09-18T06:49:53.132+00:00,True,46,46.0,,46.0,41789.997162,44508.340842,44508.341027,967.5726310217391,0.0,41789.997162,6153.435522425554,73.69026675,60.407637333333334,96.71583216400488,1.0335141488040465,6,64,,False,True,,198,87.6246207195492
44,2026-09-18T06:49:09.007+00:00,2026-09-18T06:49:52.459+00:00,2026-09-18T06:49:56.482+00:00,True,70,70.0,,70.0,43451.870471,47475.250439,47475.250519,678.2178645571429,0.0,43451.870471,5186.555937687783,88.4720005,58.30985460869565,18.75735700520506,1.4744524642358992,6,64,,False,True,,305,87.6246207195492
45,2026-09-18T06:49:09.382+00:00,2026-09-18T06:49:53.539+00:00,2026-09-18T06:49:54.831+00:00,True,21,21.0,,21.0,44157.402704,45448.683344,45448.683382,2164.223018190476,55.836037,44157.402704,9621.849681647805,94.210077,64.564032,8.362801422077904,0.4620595901767165,6,64,,False,True,,117,87.6246207195492
46,2026-09-18T06:49:09.754+00:00,2026-09-18T06:49:55.158+00:00,2026-09-18T06:49:59.021+00:00,True,63,63.0,,63.0,45404.240789999996,49266.796694,49266.796634,782.012644984127,34.474716,45404.240789999996,5712.569314902147,98.1751179,62.29928877419355,15.852159068234968,1.2787516994721215,6,64,,False,True,,309,87.6246207195492
47,2026-09-18T06:49:10.183+00:00,2026-09-18T06:49:56.864+00:00,2026-09-18T06:50:02.690+00:00,True,87,87.0,,87.0,46680.94278,52507.464124,52507.464200999995,603.5340712758621,0.0,46680.94278,4999.261650799301,96.33525030000001,67.7502481860465,135.03564498604206,1.6569072883532046,6,64,,False,True,,399,87.6246207195492
48,2026-09-18T06:49:10.554+00:00,2026-09-18T06:49:58.621+00:00,2026-09-18T06:49:59.634+00:00,True,17,17.0,,17.0,48067.932995999996,49080.628035999995,49080.627997999996,2887.095764588235,41.518983999999996,48067.932995999996,11642.841561803298,9693.911899199999,63.29344,12.511063696363472,0.34636883593931855,6,64,,False,True,,94,87.6246207195492
49,2026-09-18T06:49:10.867+00:00,2026-09-18T06:49:59.790+00:00,2026-09-18T06:50:02.607+00:00,True,45,45.0,,45.0,48923.351332000006,51740.57552400001,51740.575425,1149.790565,0.0,48923.351332000006,7285.702965938028,623.2849975999999,64.02782254545454,180.4850192482119,0.8697236075220429,6,64,,False,True,,201,87.6246207195492
50,2026-09-18T06:49:11.129+00:00,2026-09-18T06:50:00.940+00:00,2026-09-18T06:50:04.942+00:00,True,66,66.0,,66.0,49811.051279,53812.744463,53812.744566,815.3446146363636,0.01594,49811.051279,6125.163575166462,86.71516974999999,61.56451052307692,133.1477635401113,1.2264752645236219,6,64,,False,True,,331,87.6246207195492
51,2026-09-18T06:49:11.396+00:00,2026-09-18T06:50:02.571+00:00,2026-09-18T06:50:04.534+00:00,True,38,38.0,,38.0,51174.956665,53138.359161,53138.359323,1398.3778769210526,0.01859,51174.956665,8293.130739180522,106.52872889999999,53.064932324324324,33.239261599194705,0.7151142903164661,6,64,,False,True,,175,87.6246207195492
52,2026-09-18T06:49:11.708+00:00,2026-09-18T06:50:03.590+00:00,2026-09-18T06:50:07.883+00:00,True,69,69.0,,69.0,51882.229445,56174.435781,56174.435857,814.1222587971014,37.73943,51882.229445,6238.301824883088,94.8769968,63.12068141176471,13.414292114875566,1.2283167430288284,6,64,,False,True,,250,87.6246207195492
53,2026-09-18T06:49:12.138+00:00,2026-09-18T06:50:05.241+00:00,2026-09-18T06:50:09.907+00:00,True,67,67.0,,67.0,53103.137279,57768.601087,57768.601012,862.2179255522389,0.0,53103.137279,6479.65887626964,103.0377411,70.68884557575758,96.93474572349697,1.1597995925000406,6,64,,False,True,,277,87.6246207195492
54,2026-09-18T06:49:12.574+00:00,2026-09-18T06:50:07.108+00:00,2026-09-18T06:50:07.942+00:00,True,15,15.0,,15.0,54534.156095,55368.449087,55368.449326,3691.2299550666667,34.681526,54534.156095,14065.276121967167,16412.4131189,59.592356571428574,11.346378846198435,0.2709124103590227,6,64,,False,True,,53,87.6246207195492
55,2026-09-18T06:49:12.936+00:00,2026-09-18T06:50:08.410+00:00,2026-09-18T06:50:13.951+00:00,True,92,92.0,,92.0,55474.177316,61015.75658,61015.756503000004,663.2147445978261,0.0,55474.177316,5777.836245498701,90.00962905,60.89647542857143,83.8901935604738,1.5078072477782918,6,64,,False,True,,380,87.6246207195492
56,2026-09-18T06:49:13.398+00:00,2026-09-18T06:50:10.068+00:00,2026-09-18T06:50:12.431+00:00,True,40,40.0,,40.0,56670.467415,59033.372759,59033.372726,1475.83431815,33.208329,56670.467415,8950.818202342152,96.70110485,60.587316512820514,13.718433693463318,0.6775828337523161,6,64,,False,True,,179,87.6246207195492
57,2026-09-18T06:49:13.863+00:00,2026-09-18T06:50:11.801+00:00,2026-09-18T06:50:14.011+00:00,True,39,39.0,,39.0,57937.646564,60147.775204000005,60147.775137000004,1542.2506445384615,34.257587,57937.646564,9268.141454063283,72.2257603,58.16128,10.979331111924019,0.648403035153433,6,64,,False,True,,152,87.6246207195492
58,2026-09-18T06:49:14.325+00:00,2026-09-18T06:50:13.405+00:00,2026-09-18T06:50:14.714+00:00,True,22,22.0,,22.0,59079.764103,60388.489095000004,60388.489089,2744.9313222272726,42.415952,59079.764103,12582.564185490162,83.95982829999998,62.32023771428572,8.717238588605323,0.3643078396180894,6,64,,False,True,,75,87.6246207195492
59,2026-09-18T06:49:14.731+00:00,2026-09-18T06:50:15.144+00:00,2026-09-18T06:50:21.111+00:00,True,96,96.0,,96.0,60413.060858000004,66379.48057,66379.48053100001,691.4529221979167,0.0,60413.060858000004,6160.932876830113,91.1747695,62.804418021052626,134.8587967159334,1.4462300574763296,6,64,,False,True,,474,87.6246207195492
60,2026-09-18T06:49:15.095+00:00,2026-09-18T06:50:17.258+00:00,2026-09-18T06:50:22.778+00:00,True,100,100.0,,100.0,62163.273524,67682.839092,67682.839262,676.8283926199999,0.0,62163.273524,6211.466699873438,92.29803679999999,55.75318755555555,94.70128148352495,1.4774793927316185,6,64,,False,True,,493,87.6246207195492
61,2026-09-18T06:49:15.391+00:00,2026-09-18T06:50:17.892+00:00,2026-09-18T06:50:20.203+00:00,True,37,37.0,,37.0,62501.075935999994,64812.510175999996,64812.51008099999,1751.6894616486484,0.0,62501.075935999994,10265.647748545178,256.8123002,64.20650666666667,151.68967275840572,0.5708774417087932,6,64,,False,True,,160,87.6246207195492
62,2026-09-18T06:49:15.844+00:00,2026-09-18T06:50:20.203+00:00,2026-09-18T06:50:20.989+00:00,True,27,27.0,,27.0,64359.539523,65144.768067,65144.768275,2412.76919537037,0.0,64359.539523,12380.226238893734,69.9207276,30.201097846153846,31.807303166216897,0.4144615262461458,6,64,,False,True,,135,87.6246207195492
63,2026-09-18T06:49:16.274+00:00,2026-09-18T06:50:21.200+00:00,2026-09-18T06:50:23.359+00:00,True,34,34.0,,34.0,64925.881023999995,67085.279168,67085.27901,1973.0964414705882,34.888216,64925.881023999995,11123.481980171124,96.137775,65.43630739393939,13.098790915341619,0.5068175972683164,6,64,,False,True,,163,87.6246207195492
64,2026-09-18T06:49:16.678+00:00,2026-09-18T06:50:22.437+00:00,2026-09-18T06:50:24.535+00:00,True,34,34.0,,34.0,65759.360702,67857.164734,67857.164822,1995.7989653529414,39.835206,65759.360702,11266.740768665202,93.28749250000001,63.56981915151515,11.390072704015534,0.5010524700417407,6,64,,False,True,,152,87.6246207195492
65,2026-09-18T06:49:16.975+00:00,2026-09-18T06:50:23.787+00:00,2026-09-18T06:50:24.576+00:00,True,14,14.0,,14.0,66811.320516,67601.141956,67601.14211900001,4828.6530085,38.650369,66811.320516,17839.842910796324,23441.801888500006,60.75549538461539,12.447337734665016,0.20709709325786643,6,64,,False,True,,83,87.6246207195492
66,2026-09-18T06:49:17.425+00:00,2026-09-18T06:50:25.641+00:00,2026-09-18T06:50:26.365+00:00,True,12,12.0,,12.0,68216.03852,68940.492408,68940.492354,5745.0410295,35.82048399999999,68216.03852,19673.268737076633,30750.79478155,65.85944436363637,16.924793483538302,0.1740631605730668,6,64,,False,True,,47,87.6246207195492
67,2026-09-18T06:49:17.690+00:00,2026-09-18T06:50:26.486+00:00,2026-09-18T06:50:28.915+00:00,True,40,40.0,,40.0,68796.058484,71224.61963599999,71224.61962299999,1780.6154905749997,31.594002,68796.058484,10867.77461252869,92.65432285000001,62.270798769230765,13.808620651130692,0.5616035607409868,6,64,,False,True,,175,87.6246207195492
68,2026-09-18T06:49:18.128+00:00,2026-09-18T06:50:28.172+00:00,2026-09-18T06:50:32.243+00:00,True,53,53.0,,53.0,70043.771558,74115.41085399999,74115.410807,1398.403977490566,0.0,70043.771558,9611.488777206001,94.44948779999999,78.30075569230769,139.4525506548549,0.715100940402324,6,64,,False,True,,273,87.6246207195492
69,2026-09-18T06:49:18.439+00:00,2026-09-18T06:50:29.396+00:00,2026-09-18T06:50:29.773+00:00,True,7,7.0,,7.0,70957.129597,71334.05606100001,71334.055991,10190.579427285715,55.990997,70957.129597,26795.53045768673,49691.2269526,62.821077333333335,5.638009201827279,0.09812984689969231,6,64,,False,True,,30,87.6246207195492
70,2026-09-18T06:49:18.869+00:00,2026-09-18T06:50:31.125+00:00,2026-09-18T06:50:32.934+00:00,True,30,30.0,,30.0,72255.278638,74064.972846,74064.97292900001,2468.832430966667,0.0,72255.278638,13181.920316483687,622.4770673999999,62.40324855172413,193.04504177911167,0.40504976707920576,6,64,,False,True,,124,87.6246207195492
71,2026-09-18T06:49:19.230+00:00,2026-09-18T06:50:32.412+00:00,2026-09-18T06:50:32.572+00:00,True,4,4.0,,4.0,73181.94039399999,73342.30263399999,73342.30288799999,18335.575721999998,39.758677000000006,73181.94039399999,36564.24440153541,62213.79912294999,53.45408,11.881077888490758,0.054538783980661136,6,64,,False,True,,21,87.6246207195492
72,2026-09-18T06:49:19.632+00:00,2026-09-18T06:50:34.711+00:00,2026-09-18T06:50:36.005+00:00,True,35,35.0,,35.0,75079.49049699999,76372.647361,76372.64732199999,2182.0756377714283,0.01609,75079.49049699999,12684.375181035088,121.99327960000001,38.0340254117647,37.54704163771511,0.4582792558513939,6,64,,False,True,,158,87.6246207195492
73,2026-09-18T06:49:19.976+00:00,2026-09-18T06:50:35.110+00:00,2026-09-18T06:50:37.860+00:00,True,47,47.0,,47.0,75133.516332,77883.84798,77883.848119,1657.1031514680851,33.209299,75133.516332,10950.634667672475,74.459098,59.78981843478261,11.770621679975035,0.6034627360999067,6,64,,False,True,,193,87.6246207195492
74,2026-09-18T06:49:20.434+00:00,2026-09-18T06:50:36.889+00:00,2026-09-18T06:50:39.430+00:00,True,41,41.0,,41.0,76455.015411,78995.836147,78995.836283,1926.727714219512,35.846334000000006,76455.015411,11930.353024712034,91.025762,63.5205184,12.007568079883596,0.519014697479812,6,64,,False,True,,203,87.6246207195492
75,2026-09-18T06:49:20.734+00:00,2026-09-18T06:50:38.197+00:00,2026-09-18T06:50:44.386+00:00,True,98,98.0,,98.0,77462.69432600001,83651.79103000001,83651.79081,853.5897021428573,36.899872,77462.69432600001,7818.4795047425405,97.37386489999999,63.805120659793815,13.193357703887195,1.1715230336772382,6,64,,False,True,,414,87.6246207195492
76,2026-09-18T06:49:21.153+00:00,2026-09-18T06:50:39.745+00:00,2026-09-18T06:50:39.805+00:00,True,2,2.0,,2.0,78592.214596,78652.80954,78652.809584,39326.404792,60.594988,78592.214596,55530.240762379246,74665.6336156,60.594944,nan,0.02542820799024187,6,64,,False,True,,2,87.6246207195492
77,2026-09-18T06:49:21.615+00:00,2026-09-18T06:50:40.705+00:00,2026-09-18T06:50:46.792+00:00,True,97,97.0,,97.0,79090.492117,85177.940437,85177.940391,878.123096814433,0.0,79090.492117,8024.853521195667,92.295437,63.41092,118.72435971554647,1.1387925031099329,6,64,,False,True,,410,87.6246207195492
78,2026-09-18T06:49:21.872+00:00,2026-09-18T06:50:42.282+00:00,2026-09-18T06:50:42.760+00:00,True,9,9.0,,9.0,80410.616746,80888.572074,80888.572061,8987.61911788889,44.375228,80410.616746,26783.62527551045,48274.335812,59.744416,8.445088903592803,0.11126417204851202,6,64,,False,True,,37,87.6246207195492
79,2026-09-18T06:49:22.216+00:00,2026-09-18T06:50:43.654+00:00,2026-09-18T06:50:45.916+00:00,True,37,37.0,,37.0,81437.628089,83699.68479300001,83699.68482200001,2262.153643837838,0.0,81437.628089,13379.362440499543,318.75744579999997,62.834908444444444,198.30406540076194,0.442056622931206,6,64,,False,True,,150,87.6246207195492
80,2026-09-18T06:49:22.590+00:00,2026-09-18T06:50:45.762+00:00,2026-09-18T06:50:47.429+00:00,True,43,43.0,,43.0,83171.77207199999,84839.00176799999,84839.00179699999,1973.0000417906974,0.0,83171.77207199999,12677.558030868358,71.48505610000001,39.69594514285714,30.26811499426977,0.5068423614599737,6,64,,False,True,,150,87.6246207195492
81,2026-09-18T06:49:22.999+00:00,2026-09-18T06:50:46.603+00:00,2026-09-18T06:50:51.650+00:00,True,84,84.0,,84.0,83604.117065,88650.779721,88650.779685,1055.3664248214286,34.943435,83604.117065,9115.328524621418,77.43238194999999,60.80316453012048,10.231711277996105,0.9475381972314645,6,64,,False,True,,354,87.6246207195492
82,2026-09-18T06:49:23.433+00:00,2026-09-18T06:50:48.321+00:00,2026-09-18T06:50:51.259+00:00,True,48,48.0,,48.0,84887.682443,87826.253963,87826.254115,1829.7136273958333,38.180119,84887.682443,12243.46094304254,84.24370404999999,62.52279829787234,9.692342620036598,0.5465336141994823,6,64,,False,True,,251,87.6246207195492
83,2026-09-18T06:49:23.705+00:00,2026-09-18T06:50:49.343+00:00,2026-09-18T06:50:52.022+00:00,True,45,45.0,,45.0,85638.770934,88317.633526,88317.633487,1962.6140774888888,37.320211,85638.770934,12757.201762035853,75.4247906,60.88324072727273,9.529564340647953,0.5095245219263304,6,64,,False,True,,163,87.6246207195492
84,2026-09-18T06:49:24.107+00:00,2026-09-18T06:50:50.498+00:00,2026-09-18T06:50:55.619+00:00,True,83,83.0,,83.0,86390.30144699999,91511.297287,91511.29723999999,1102.5457498795179,35.586724000000004,86390.30144699999,9475.719874407841,93.15782970000001,62.451168780487805,11.811753285114627,0.9069918410149225,6,64,,False,True,,437,87.6246207195492
85,2026-09-18T06:49:24.374+00:00,2026-09-18T06:50:51.711+00:00,2026-09-18T06:50:52.019+00:00,True,6,6.0,,6.0,87337.44942599999,87644.98478599999,87644.984957,14607.497492833332,57.057795,87337.44942599999,35630.254333330166,65519.14200725,61.507072,2.71327973959192,0.06845799579576643,6,64,,False,True,,37,87.6246207195492
86,2026-09-18T06:49:24.776+00:00,2026-09-18T06:50:53.192+00:00,2026-09-18T06:50:53.514+00:00,True,6,6.0,,6.0,88416.08494300001,88738.55559900001,88738.555697,14789.759282833335,57.932563,88416.08494300001,36069.386110479376,66329.15784825,64.4941312,4.349545718879985,0.06761435274102674,6,64,,False,True,,31,87.6246207195492
87,2026-09-18T06:49:25.057+00:00,2026-09-18T06:50:54.100+00:00,2026-09-18T06:50:55.802+00:00,True,28,28.0,,28.0,89043.794344,90745.437608,90745.437475,3240.90848125,33.480248,89043.794344,16815.792364968347,103.21586724999999,63.02382459259259,16.016821308431332,0.30855545731074374,6,64,,False,True,,116,87.6246207195492
88,2026-09-18T06:49:25.427+00:00,2026-09-18T06:50:55.365+00:00,2026-09-18T06:50:56.745+00:00,True,24,24.0,,24.0,89937.858632,91317.800264,91317.80022800001,3804.9083428333333,39.514387,89937.858632,18346.243244000463,69.7147563,59.99746226086956,7.972979223570374,0.26281842018331514,6,64,,False,True,,125,87.6246207195492
89,2026-09-18T06:49:25.801+00:00,2026-09-18T06:50:56.941+00:00,2026-09-18T06:51:03.015+00:00,True,99,99.0,,99.0,91140.36512,97214.070848,97214.070919,981.9603123131313,33.422538,91140.36512,9153.726429762666,69.487037,61.97658906122449,8.566092050349312,1.0183710972745128,6,64,,False,True,,319,87.6246207195492
90,2026-09-18T06:49:26.248+00:00,2026-09-18T06:50:58.438+00:00,2026-09-18T06:51:01.778+00:00,True,55,55.0,,55.0,92189.71907199999,95530.27792,95530.277989,1736.9141452545452,41.095054,92189.71907199999,12422.521229446738,81.0043761,61.862200888888886,9.470726574925317,0.5757336961382935,6,64,,True,True,,204,87.6246207195492
91,2026-09-18T06:49:26.651+00:00,2026-09-18T06:50:59.911+00:00,2026-09-18T06:51:03.544+00:00,True,59,59.0,,59.0,93259.472575,96892.861887,96892.861831,1642.251895440678,40.870093999999995,93259.472575,12133.19620856541,74.2676002,62.64464331034483,8.124370150270833,0.6089199849294157,6,64,,True,True,,307,87.6246207195492
92,2026-09-18T06:49:27.025+00:00,2026-09-18T06:51:01.463+00:00,2026-09-18T06:51:03.077+00:00,True,27,27.0,,27.0,94437.232347,96051.316187,96051.316299,3557.456159222222,41.320142999999995,94437.232347,18162.507314303646,71.1678591,62.0801476923077,5.518421756803145,0.2810997399289599,6,64,,True,True,,79,87.6246207195492
93,2026-09-18T06:49:27.375+00:00,2026-09-18T06:51:02.894+00:00,2026-09-18T06:51:04.534+00:00,True,27,27.0,,27.0,95519.12999799999,97159.31073399998,97159.31073199998,3598.4929900740735,53.775981,95519.12999799999,18370.526221564087,89.2705481,63.083874461538464,7.76952894523515,0.2778941080996327,6,64,,True,True,,95,87.6246207195492
94,2026-09-18T06:49:27.683+00:00,2026-09-18T06:51:03.732+00:00,2026-09-18T06:51:06.731+00:00,True,49,49.0,,49.0,96049.620878,99047.92667,99047.926818,2021.3862615918367,41.993822,96049.620878,13712.453719191217,85.6254296,62.464704,8.914995213288485,0.49471000198978726,6,64,,True,True,,214,87.6246207195492
95,2026-09-18T06:49:28.042+00:00,2026-09-18T06:51:05.481+00:00,2026-09-18T06:51:08.720+00:00,True,53,53.0,,53.0,97438.57403,100678.232526,100678.232585,1899.5892940566039,37.98082,97438.57403,13375.666030480024,95.82004659999998,62.30112492307692,13.07658799360781,0.5264295833393066,6,64,,True,True,,270,87.6246207195492
96,2026-09-18T06:49:28.309+00:00,2026-09-18T06:51:06.513+00:00,2026-09-18T06:51:09.862+00:00,True,55,55.0,,55.0,98204.83029299999,101553.51816499999,101553.51817699999,1846.4276032181817,38.721517999999996,98204.83029299999,13233.581110012392,90.37597109999999,62.01273837037037,13.024421287387376,0.5415863575562027,6,64,,True,True,,254,87.6246207195492
97,2026-09-18T06:49:28.611+00:00,2026-09-18T06:51:07.453+00:00,2026-09-18T06:51:08.312+00:00,True,15,15.0,,15.0,98841.675637,99700.46706099999,99700.467228,6646.697815199999,39.781116000000004,98841.675637,25504.976576200643,29725.018489699996,61.34224457142857,15.132459770474563,0.15045064925144747,6,64,,True,True,,64,87.6246207195492
98,2026-09-18T06:49:28.897+00:00,2026-09-18T06:51:08.503+00:00,2026-09-18T06:51:14.643+00:00,True,99,99.0,,99.0,99606.217605,105745.774213,105745.774233,1068.1391336666666,34.661836,99606.217605,10004.510270385206,82.4228765,62.648536816326526,10.205830194443765,0.936207623773105,6,64,,True,True,,380,87.6246207195492
99,2026-09-18T06:49:29.214+00:00,2026-09-18T06:51:09.919+00:00,2026-09-18T06:51:13.708+00:00,True,61,61.0,,61.0,100704.339305,104493.837161,104493.837012,1713.0137215081968,37.506451,100704.339305,12885.786925545071,91.62871000000001,63.158297600000004,10.386574661397072,0.5837664847737728,6,64,,True,True,,269,87.6246207195492
100,2026-09-18T06:49:29.607+00:00,2026-09-18T06:51:11.568+00:00,2026-09-18T06:51:14.518+00:00,True,48,48.0,,48.0,101961.035002,104911.000826,104911.000673,2185.6458473541666,39.623167,101961.035002,14707.751489813196,89.92560040000001,62.76523029787234,9.68152017650709,0.4575306652503519,6,64,,True,True,,211,87.6246207195492
101,2026-09-18T06:49:29.911+00:00,2026-09-18T06:51:12.467+00:00,2026-09-18T06:51:16.546+00:00,True,66,66.0,,66.0,102555.126125,106634.11415699999,106634.11419699999,1615.6683969242424,41.561523,102555.126125,12615.940994559576,67.89931,62.75366203076923,7.255324240885453,0.6189388876324007,6,64,,True,True,,331,87.6246207195492
102,2026-09-18T06:49:30.299+00:00,2026-09-18T06:51:14.020+00:00,2026-09-18T06:51:18.096+00:00,True,64,64.0,,64.0,103721.118701,107796.773869,107796.773768,1684.324590125,39.018318,103721.118701,12957.056925376191,92.88330979999999,64.69293917460317,9.877206636301233,0.5937097902185458,6,64,,True,True,,250,87.6246207195492
103,2026-09-18T06:49:30.662+00:00,2026-09-18T06:51:15.330+00:00,2026-09-18T06:51:20.973+00:00,True,88,88.0,,88.0,104667.902161,110310.994385,110310.994387,1253.534027125,34.100117,104667.902161,11150.727612506571,94.63101255000001,64.86312901149425,11.812834232872843,0.7977445991726657,6,64,,True,True,,411,87.6246207195492
104,2026-09-18T06:49:31.049+00:00,2026-09-18T06:51:16.927+00:00,2026-09-18T06:51:20.680+00:00,True,58,58.0,,58.0,105877.753595,109630.679803,109630.679799,1890.1841344655172,34.411336999999996,105877.753595,13893.791278333894,96.8571105,65.84081066666667,13.5135454962797,0.5290489861435015,6,64,,True,True,,278,87.6246207195492
105,2026-09-18T06:49:31.447+00:00,2026-09-18T06:51:18.478+00:00,2026-09-18T06:51:19.607+00:00,True,18,18.0,,18.0,107030.686033,108159.93582500001,108159.93587300001,6008.885326277778,40.488825,107030.686033,25211.72183738183,16137.8331276,66.42645835294118,14.77518163901717,0.16642021708595997,6,64,,True,True,,86,87.6246207195492
106,2026-09-18T06:49:31.713+00:00,2026-09-18T06:51:19.296+00:00,2026-09-18T06:51:22.802+00:00,True,57,57.0,,57.0,107582.148125,111088.482845,111088.482906,1948.9207527368421,35.986703999999996,107582.148125,14241.314490196446,91.3823092,62.61312,11.006481924867947,0.5131044959857017,6,64,,True,True,,272,87.6246207195492
107,2026-09-18T06:49:32.152+00:00,2026-09-18T06:51:21.077+00:00,2026-09-18T06:51:22.739+00:00,True,27,27.0,,27.0,108924.908213,110587.426997,110587.427217,4095.830637666667,36.668712,108924.908213,20950.30595980448,96.09891429999999,63.94303015384615,12.250476599996825,0.24415072068484286,6,64,,True,True,,125,87.6246207195492
108,2026-09-18T06:49:32.478+00:00,2026-09-18T06:51:22.218+00:00,2026-09-18T06:51:26.727+00:00,True,73,73.0,,73.0,109740.216888,114248.907832,114248.90777399999,1565.0535311506849,37.019672,109740.216888,12836.79594160478,87.6902038,62.620707555555555,10.534880770576063,0.6389557798429423,6,64,,True,True,,315,87.6246207195492
109,2026-09-18T06:49:32.858+00:00,2026-09-18T06:51:23.955+00:00,2026-09-18T06:51:29.837+00:00,True,95,95.0,,95.0,111097.15709000001,116979.240162,116979.24006400001,1231.360421726316,34.000147,111097.15709000001,11391.91325487437,91.9102527,62.57535182978723,11.290158984002085,0.8121099082917465,6,64,,True,True,,371,87.6246207195492
110,2026-09-18T06:49:33.229+00:00,2026-09-18T06:51:25.432+00:00,2026-09-18T06:51:26.436+00:00,True,17,17.0,,17.0,112203.044536,113206.484152,113206.483949,6659.204938176471,39.269877,112203.044536,27198.02697615728,22517.3197728,62.714976,10.910139434327073,0.1501680767435057,6,64,,True,True,,103,87.6246207195492
111,2026-09-18T06:49:33.577+00:00,2026-09-18T06:51:26.784+00:00,2026-09-18T06:51:32.112+00:00,True,86,86.0,,86.0,113206.81554099999,118534.73643699999,118534.73643099998,1378.310888732558,36.602762999999996,113206.81554099999,12200.651335929373,90.80069725,62.68142230588235,11.740312108367629,0.7255257200129528,6,64,,True,True,,380,87.6246207195492
112,2026-09-18T06:49:33.898+00:00,2026-09-18T06:51:28.319+00:00,2026-09-18T06:51:32.586+00:00,True,70,70.0,,70.0,114420.869237,118687.503477,118687.503641,1695.5357663,35.203885,114420.869237,13668.524212597229,93.34091624999999,61.83527884057971,12.125780306028137,0.5897840796151301,6,64,,True,True,,336,87.6246207195492
113,2026-09-18T06:49:34.316+00:00,2026-09-18T06:51:30.023+00:00,2026-09-18T06:51:35.455+00:00,True,87,87.0,,87.0,115706.88849099999,121138.97501899999,121138.97495699998,1392.402011,36.641862,115706.88849099999,12398.316416358262,95.9955602,63.1637968372093,13.929835624465197,0.7181833921440604,6,64,,True,True,,369,87.6246207195492
114,2026-09-18T06:49:35.174+00:00,2026-09-18T06:51:31.606+00:00,2026-09-18T06:51:34.355+00:00,True,43,43.0,,43.0,116431.78232299999,119180.89720299999,119180.89726499999,2771.648773604651,39.169688,116431.78232299999,17745.70442424245,95.7675705,65.45511619047619,14.634333230887812,0.36079607562240784,6,64,,True,True,,208,87.6246207195492
115,2026-09-18T06:49:35.189+00:00,2026-09-18T06:51:32.914+00:00,2026-09-18T06:51:36.822+00:00,True,63,63.0,,63.0,117724.193991,121632.214727,121632.21476799999,1930.6700756825396,39.600277,117724.193991,14823.918251810492,93.97810899999999,63.03259251612903,12.635277973807394,0.5179548867164976,6,64,,True,True,,426,87.6246207195492
116,2026-09-18T06:49:35.607+00:00,2026-09-18T06:51:35.710+00:00,2026-09-18T06:51:40.963+00:00,True,86,86.0,,86.0,120103.709635,125356.70624300001,125356.706284,1457.6361195813954,38.928158,120103.709635,12944.455196927753,84.30983175000001,61.79996009411765,9.1216521935636,0.6860422754989408,6,64,,True,True,,368,87.6246207195492
117,2026-09-18T06:49:36.055+00:00,2026-09-18T06:51:37.192+00:00,2026-09-18T06:51:38.078+00:00,True,15,15.0,,15.0,121137.05184999999,122022.34362599999,122022.34358199999,8134.822905466666,35.853362999999995,121137.05184999999,31261.12843717656,36404.837360699996,63.23512685714286,15.088051594861733,0.12292830603200991,6,64,,True,True,,59,87.6246207195492
118,2026-09-18T06:49:36.332+00:00,2026-09-18T06:51:38.421+00:00,2026-09-18T06:51:44.389+00:00,True,98,98.0,,98.0,122089.35127599999,128056.8531,128056.85319199998,1306.7025835918366,35.489914,122089.35127599999,12326.675429880841,70.32950945,61.52063736082474,8.741224664184816,0.7652850872687892,6,64,,True,True,,466,87.6246207195492
119,2026-09-18T06:49:36.783+00:00,2026-09-18T06:51:40.372+00:00,2026-09-18T06:51:40.496+00:00,True,3,3.0,,3.0,123588.329019,123712.714043,123712.71401899999,41237.57133966667,57.192474000000004,123588.329019,71317.84834647263,111236.21536969999,62.192512,7.071158321533467,0.02424973070235337,6,64,,True,True,,18,87.6246207195492
120,2026-09-18T06:49:37.223+00:00,2026-09-18T06:51:41.993+00:00,2026-09-18T06:51:42.691+00:00,True,12,12.0,,12.0,124770.081939,125467.534739,125467.534858,10455.627904833333,40.546544000000004,124770.081939,35999.71910801886,56200.9223449,63.4048,13.505875254454619,0.09564227132510918,6,64,,True,True,,52,87.6246207195492
121,2026-09-18T06:49:37.513+00:00,2026-09-18T06:51:43.259+00:00,2026-09-18T06:51:46.500+00:00,True,55,55.0,,55.0,125745.846852,128987.07821200001,128987.078349,2345.2196063454544,39.311867,125745.846852,16947.474800960026,68.20490189999998,60.02280296296296,7.760296294764988,0.42639930109590785,6,64,,True,True,,265,87.6246207195492
122,2026-09-18T06:49:37.858+00:00,2026-09-18T06:51:44.448+00:00,2026-09-18T06:51:47.237+00:00,True,48,48.0,,48.0,126590.496777,129379.747593,129379.74763,2695.411408958333,34.036076,126590.496777,18263.20175588411,69.03017385,59.3457620425532,10.981259426856818,0.3710008783677439,6,64,,True,True,,151,87.6246207195492
123,2026-09-18T06:49:38.247+00:00,2026-09-18T06:51:45.692+00:00,2026-09-18T06:51:48.874+00:00,True,54,54.0,,54.0,127445.102548,130627.886036,130627.88601599999,2419.034926222222,34.699394999999996,127445.102548,17334.91245469192,71.4774819,60.05251864150944,9.981695601693792,0.4133879957692803,6,64,,True,True,,206,87.6246207195492
124,2026-09-18T06:49:38.606+00:00,2026-09-18T06:51:46.967+00:00,2026-09-18T06:51:49.904+00:00,True,50,50.0,,50.0,128360.510345,131297.902217,131297.90219,2625.9580438000003,35.055724999999995,128360.510345,18144.441913671464,70.7367417,59.94677289795918,9.042427504041573,0.3808133957644159,6,64,,True,True,,216,87.6246207195492
125,2026-09-18T06:49:38.956+00:00,2026-09-18T06:51:48.149+00:00,2026-09-18T06:51:54.141+00:00,True,97,97.0,,97.0,129192.684928,135185.334144,135185.334107,1393.6632382164948,36.329873,129192.684928,13111.195415845375,83.0080312,62.42342933333334,10.079772813807834,0.7175334559344668,6,64,,True,True,,294,87.6246207195492
126,2026-09-18T06:49:39.397+00:00,2026-09-18T06:51:49.838+00:00,2026-09-18T06:51:51.739+00:00,True,32,32.0,,32.0,130441.136772,132342.12058,132342.12067899999,4135.6912712187495,36.648632,130441.136772,23048.114938898216,81.80127885,61.322058322580645,10.145630125301265,0.24179754608553516,6,64,,True,True,,120,87.6246207195492
127,2026-09-18T06:49:39.772+00:00,2026-09-18T06:51:51.129+00:00,2026-09-18T06:51:54.025+00:00,True,45,45.0,,45.0,131357.768557,134253.503085,134253.503159,2983.4111813111112,36.735471,131357.768557,19571.85220146537,95.67709020000001,65.81214836363637,10.789602994602891,0.33518678444844097,6,64,,True,True,,230,87.6246207195492
128,2026-09-18T06:49:40.112+00:00,2026-09-18T06:51:52.494+00:00,2026-09-18T06:51:56.749+00:00,True,70,70.0,,70.0,132381.903391,136636.404255,136636.404271,1951.9486324428572,38.699307999999995,132381.903391,15815.297560903451,84.1895467,61.6594328115942,10.513128723428851,0.512308563604772,6,64,,True,True,,283,87.6246207195492
129,2026-09-18T06:49:40.546+00:00,2026-09-18T06:51:53.957+00:00,2026-09-18T06:51:58.086+00:00,True,70,70.0,,70.0,133410.712614,137540.11216599998,137540.112057,1964.8587436714283,36.801970999999995,133410.712614,15938.48048526619,75.07537709999998,59.84637031884058,10.554063432336603,0.5089424379377819,6,64,,True,True,,372,87.6246207195492
130,2026-09-18T06:49:41.001+00:00,2026-09-18T06:51:55.968+00:00,2026-09-18T06:51:57.035+00:00,True,19,19.0,,19.0,134967.145874,136034.14056200002,136034.14045600002,7159.691602947369,39.566156,134967.145874,30949.989716141004,13575.0082676,59.277482666666664,11.683899742199172,0.13967082029191347,6,64,,True,True,,90,87.6246207195492
131,2026-09-18T06:49:41.415+00:00,2026-09-18T06:51:57.710+00:00,2026-09-18T06:52:02.091+00:00,True,72,72.0,,72.0,136294.963522,140675.297858,140675.297727,1953.8235795416667,37.935939,136294.963522,16055.247052763983,68.81967604999998,61.694849802816904,8.783866410350097,0.5118169365646413,6,64,,True,True,,341,87.6246207195492
132,2026-09-18T06:49:41.880+00:00,2026-09-18T06:51:59.479+00:00,2026-09-18T06:52:03.292+00:00,True,62,62.0,,62.0,137598.733542,141412.30103,141412.301054,2280.843565387097,35.032855000000005,137598.733542,17467.12094930683,94.48141815000001,62.51749980327869,11.985812386609993,0.43843427727582884,6,64,,True,True,,285,87.6246207195492
133,2026-09-18T06:49:42.297+00:00,2026-09-18T06:52:00.779+00:00,2026-09-18T06:52:05.008+00:00,True,68,68.0,,68.0,138481.985678,142710.41703799999,142710.416977,2098.682602602941,37.67307,138481.985678,16785.757730809513,92.08982205000001,63.11091582089552,11.041158999995353,0.47648939307558336,6,64,,True,True,,335,87.6246207195492
134,2026-09-18T06:49:42.762+00:00,2026-09-18T06:52:02.543+00:00,2026-09-18T06:52:05.783+00:00,True,53,53.0,,53.0,139781.219788,143021.035724,143021.03585,2698.510110377358,38.984777,139781.219788,19191.87154417539,92.8349772,62.304152615384616,9.88854265426493,0.370574857968996,6,64,,True,True,,270,87.6246207195492
135,2026-09-18T06:49:43.057+00:00,2026-09-18T06:52:03.706+00:00,2026-09-18T06:52:09.381+00:00,True,91,91.0,,91.0,140649.56100400002,146324.70673200002,146324.70690800002,1607.9638121758244,35.564313999999996,140649.56100400002,14737.473678556995,92.6695775,63.05717475555556,10.441167771743846,0.6219045438899831,6,64,,True,True,,468,87.6246207195492
136,2026-09-18T06:49:43.423+00:00,2026-09-18T06:52:05.002+00:00,2026-09-18T06:52:06.072+00:00,True,19,19.0,,19.0,141579.755513,142649.11333700002,142649.113381,7507.848072684211,37.157911,141579.755513,32466.995395162034,14218.4641238,59.408768,9.043764571987486,0.133193957926073,6,64,,True,True,,76,87.6246207195492
137,2026-09-18T06:49:43.846+00:00,2026-09-18T06:52:06.721+00:00,2026-09-18T06:52:07.129+00:00,True,7,7.0,,7.0,142874.973571,143282.73805100002,143282.73826100002,20468.962608714286,60.268608,142874.973571,53975.97835853444,100039.8505717,67.96074666666667,11.53762764925675,0.04885445445290431,6,64,,True,True,,29,87.6246207195492
138,2026-09-18T06:49:44.266+00:00,2026-09-18T06:52:08.492+00:00,2026-09-18T06:52:09.191+00:00,True,12,12.0,,12.0,144225.313727,144924.369087,144924.369274,12077.030772833334,57.684863,144225.313727,41615.91666027777,64942.61653715,63.550487272727274,4.865153565546664,0.08280180949275855,6,64,,True,True,,47,87.6246207195492
139,2026-09-18T06:49:44.575+00:00,2026-09-18T06:52:09.664+00:00,2026-09-18T06:52:12.628+00:00,True,50,50.0,,50.0,145089.205211,148052.79407499998,148052.794007,2961.0558801399998,37.459669999999996,145089.205211,20510.16077601079,68.03178240000001,60.4814053877551,9.063802093438918,0.3377173684048894,6,64,,True,True,,262,87.6246207195492
140,2026-09-18T06:49:44.995+00:00,2026-09-18T06:52:11.345+00:00,2026-09-18T06:52:16.940+00:00,True,90,90.0,,90.0,146349.792663,151944.990615,151944.990616,1688.277673511111,36.408072,146349.792663,15420.000304098416,89.61367575,62.867392719101126,11.775306195358034,0.5923196259101629,6,64,,True,True,,438,87.6246207195492
141,2026-09-18T06:49:45.308+00:00,2026-09-18T06:52:12.523+00:00,2026-09-18T06:52:14.331+00:00,True,29,29.0,,29.0,147215.318364,149023.285596,149023.285674,5138.733988758621,38.170328999999995,147215.318364,27325.21042090608,92.33858419999999,64.57025828571429,11.876805837430542,0.19460046048520624,6,64,,True,True,,123,87.6246207195492
142,2026-09-18T06:49:45.569+00:00,2026-09-18T06:52:13.458+00:00,2026-09-18T06:52:15.818+00:00,True,39,39.0,,39.0,147889.042354,150249.81189,150249.811724,3852.559274974359,34.733235,147889.042354,23671.25408631229,93.8610696,62.12551410526316,11.687442243289638,0.25956771266078155,6,64,,True,True,,40,87.6246207195492
143,2026-09-18T06:49:45.842+00:00,2026-09-18T06:52:14.635+00:00,2026-09-18T06:52:19.234+00:00,True,74,74.0,,74.0,148793.669172,153391.99032399998,153391.990493,2072.8647363918917,36.347722000000005,148793.669172,17289.595129056022,96.25597515000001,62.99070071232877,13.171312673789458,0.4824241464218216,6,64,,True,True,,366,87.6246207195492
144,2026-09-18T06:49:46.268+00:00,2026-09-18T06:52:16.424+00:00,2026-09-18T06:52:21.774+00:00,True,84,84.0,,84.0,150155.537558,155506.020502,155506.020645,1851.2621505357145,36.529692000000004,150155.537558,16376.284010767795,94.36644015,64.46364992771085,13.211840180794969,0.5401720121756935,6,64,,True,True,,311,87.6246207195492
145,2026-09-18T06:49:46.647+00:00,2026-09-18T06:52:17.827+00:00,2026-09-18T06:52:19.787+00:00,True,31,31.0,,31.0,151180.51922,153140.110388,153140.110287,4940.003557645161,35.920273,151180.51922,27141.0951540473,97.924887,65.3197056,15.180445316148266,0.202429003880548,6,64,,True,True,,139,87.6246207195492
146,2026-09-18T06:49:47.040+00:00,2026-09-18T06:52:19.296+00:00,2026-09-18T06:52:22.412+00:00,True,49,49.0,,49.0,152256.243207,155371.973895,155371.97374,3170.8566069387753,39.454797,152256.243207,21741.621854908204,94.9050236,64.911056,11.495536746303747,0.31537219211177736,6,64,,True,True,,207,87.6246207195492
147,2026-09-18T06:49:47.402+00:00,2026-09-18T06:52:20.756+00:00,2026-09-18T06:52:24.402+00:00,True,58,58.0,,58.0,153354.617283,156999.980227,156999.980208,2706.8962104827588,37.30014,153354.617283,20128.053560446348,91.53797875000001,63.95373585964912,11.697400194238277,0.36942679811895596,6,64,,True,True,,225,87.6246207195492
148,2026-09-18T06:49:47.780+00:00,2026-09-18T06:52:21.965+00:00,2026-09-18T06:52:23.108+00:00,True,19,19.0,,19.0,154185.85944600002,155327.91768600003,155327.91764700002,8175.1535603684215,35.600024,154185.85944600002,35358.107623869044,15499.724564400003,63.44768,10.319245902817512,0.12232186127936807,6,64,,True,True,,85,87.6246207195492
149,2026-09-18T06:49:48.088+00:00,2026-09-18T06:52:23.271+00:00,2026-09-18T06:52:24.119+00:00,True,14,14.0,,14.0,155183.291341,156030.883789,156030.883831,11145.063130785715,34.640975,155183.291341,41457.05581893343,54372.04840145,65.19941907692308,13.165456122375014,0.0897258264519744,6,64,,True,True,,64,87.6246207195492
150,2026-09-18T06:49:48.776+00:00,2026-09-18T06:52:24.273+00:00,2026-09-18T06:52:28.289+00:00,True,65,65.0,,65.0,155497.25460299998,159513.07489099997,159513.07486799997,2454.0473056615383,37.387440000000005,155497.25460299998,19279.280043479932,77.1254544,62.747192,9.221058905100657,0.4074901072806504,6,64,,True,True,,356,87.6246207195492
151,2026-09-18T06:49:48.996+00:00,2026-09-18T06:52:26.418+00:00,2026-09-18T06:52:28.225+00:00,True,30,30.0,,30.0,157422.60102,159229.450812,159229.45074200002,5307.648358066666,37.17153,157422.60102,28729.929547476135,85.22917890000001,62.305165241379314,9.9050932781615,0.18840735710016726,6,64,,True,True,,114,87.6246207195492
152,2026-09-18T06:49:49.294+00:00,2026-09-18T06:52:27.682+00:00,2026-09-18T06:52:29.357+00:00,True,28,28.0,,28.0,158387.933824,160063.66400000002,160063.66404,5716.55943,39.284777000000005,158387.933824,29920.77895446116,94.52052699999999,62.06408059259259,11.131894063956741,0.1749303951957516,6,64,,True,True,,105,87.6246207195492
153,2026-09-18T06:49:49.557+00:00,2026-09-18T06:52:28.750+00:00,2026-09-18T06:52:34.660+00:00,True,94,94.0,,94.0,159192.13100999998,165102.57452999998,165102.574562,1756.4103676808509,35.149274,159192.13100999998,16412.863791127667,95.5680681,63.55315612903226,11.78092314914356,0.5693430297352494,6,64,,True,True,,474,87.6246207195492
154,2026-09-18T06:49:49.985+00:00,2026-09-18T06:52:30.400+00:00,2026-09-18T06:52:31.444+00:00,True,18,18.0,,18.0,160414.543643,161458.629915,161458.629867,8969.9238815,39.665426,160414.543643,37795.59600927205,24142.847960850002,61.41683952941176,11.191729813942604,0.1114836661841867,6,64,,True,True,,68,87.6246207195492
155,2026-09-18T06:49:50.250+00:00,2026-09-18T06:52:31.387+00:00,2026-09-18T06:52:37.335+00:00,True,93,93.0,,93.0,161137.02941100002,167084.65872300003,167084.65892500003,1796.6092357526884,38.344649,161137.02941100002,16702.433834581167,98.585515,64.64814469565218,14.189690942802637,0.5566040635375107,6,64,,True,True,,390,87.6246207195492
156,2026-09-18T06:49:50.679+00:00,2026-09-18T06:52:33.076+00:00,2026-09-18T06:52:35.557+00:00,True,39,39.0,,39.0,162397.67670399998,164877.93321599998,164877.933291,4227.639315153846,38.959718,162397.67670399998,25993.993125724457,104.20134329999999,65.26990821052632,15.54032395193679,0.23653862733048492,6,64,,True,True,,193,87.6246207195492
157,2026-09-18T06:49:51.094+00:00,2026-09-18T06:52:35.000+00:00,2026-09-18T06:52:38.591+00:00,True,56,56.0,,56.0,163905.456755,167496.857459,167496.857621,2991.015314660714,37.809399,163905.456755,21894.06746223606,100.49352800000001,65.29819461818181,15.427535266034472,0.3343346308076719,6,64,,True,True,,176,87.6246207195492
158,2026-09-18T06:49:51.365+00:00,2026-09-18T06:52:36.032+00:00,2026-09-18T06:52:39.252+00:00,True,50,50.0,,50.0,164667.21901899998,167886.856779,167886.85671899997,3357.7371343799996,38.659218,164667.21901899998,23278.173350480287,99.43901259999998,65.70689306122449,14.240177661651153,0.2978196206616587,6,64,,True,True,,209,87.6246207195492
159,2026-09-18T06:49:51.684+00:00,2026-09-18T06:52:37.125+00:00,2026-09-18T06:52:39.548+00:00,True,39,39.0,,39.0,165440.963882,167863.33700200001,167863.337147,4304.188131974359,36.742652,165440.963882,26481.552039135804,96.3965337,63.74666105263158,13.9248883416828,0.23233185218720712,6,64,,True,True,,181,87.6246207195492
160,2026-09-18T06:49:52.090+00:00,2026-09-18T06:52:38.593+00:00,2026-09-18T06:52:42.538+00:00,True,64,64.0,,64.0,166502.74168500002,170447.828405,170447.82850300003,2663.2473203593754,37.109101,166502.74168500002,20805.017429546828,88.0593198,62.620424126984126,9.801470904622613,0.37548146314853603,6,64,,True,True,,297,87.6246207195492
161,2026-09-18T06:49:52.487+00:00,2026-09-18T06:52:40.176+00:00,2026-09-18T06:52:43.988+00:00,True,61,61.0,,61.0,167689.15462599997,171500.872514,171500.87252199996,2811.489713475409,38.815498,167689.15462599997,21462.26416583532,89.39199400000001,63.52863146666667,9.38261994563363,0.3556833216403633,6,64,,True,True,,267,87.6246207195492
162,2026-09-18T06:49:52.754+00:00,2026-09-18T06:52:41.480+00:00,2026-09-18T06:52:43.753+00:00,True,37,37.0,,37.0,168726.21633899998,170999.22165099997,170999.221802,4621.600589243242,40.408574,168726.21633899998,27728.040571650614,91.73696100000001,63.13903644444445,9.150690643496352,0.21637525389159357,6,64,,True,True,,157,87.6246207195492
163,2026-09-18T06:49:53.201+00:00,2026-09-18T06:52:43.180+00:00,2026-09-18T06:52:49.372+00:00,True,99,99.0,,99.0,169978.990695,176170.973799,176170.97378099998,1779.5047856666665,34.818434,169978.990695,17077.186099149876,94.8726029,63.18350106122449,13.04964384894295,0.5619540941685023,6,64,,True,True,,508,87.6246207195492
164,2026-09-18T06:49:53.634+00:00,2026-09-18T06:52:44.522+00:00,2026-09-18T06:52:48.875+00:00,True,70,70.0,,70.0,170888.707292,175241.921244,175241.921437,2503.4560205285716,35.353773000000004,170888.707292,20417.570903660224,93.17570749999999,63.09005727536232,13.51993414456259,0.3994478005210565,6,64,,True,True,,305,87.6246207195492
165,2026-09-18T06:49:54.096+00:00,2026-09-18T06:52:46.418+00:00,2026-09-18T06:52:50.624+00:00,True,68,68.0,,68.0,172322.087271,176527.754087,176527.75423299999,2595.996385779412,33.112517999999994,172322.087271,20889.5146498276,95.43594275000001,62.77114650746269,13.343043395046388,0.38520854894288664,6,64,,True,True,,353,87.6246207195492
166,2026-09-18T06:49:54.366+00:00,2026-09-18T06:52:47.443+00:00,2026-09-18T06:52:51.682+00:00,True,68,68.0,,68.0,173077.390498,177316.189346,177316.189135,2607.5910166911763,40.800374000000005,173077.390498,20981.04844025333,93.56259605,63.26565444776119,13.029504621340578,0.38349572168681384,6,64,,True,True,,220,87.6246207195492
167,2026-09-18T06:49:54.648+00:00,2026-09-18T06:52:48.672+00:00,2026-09-18T06:52:50.393+00:00,True,29,29.0,,29.0,174023.45385800002,175744.36752200002,175744.367514,6060.150603931035,35.225885000000005,174023.45385800002,32303.93214075864,75.8723402,61.461202285714286,8.524432931789939,0.16501240073238607,6,64,,True,True,,143,87.6246207195492
168,2026-09-18T06:49:54.950+00:00,2026-09-18T06:52:49.734+00:00,2026-09-18T06:52:55.235+00:00,True,86,86.0,,86.0,174784.181811,180284.435763,180284.43559699997,2096.330646476744,38.985107000000006,174784.181811,18840.48971703175,94.41187125,64.70887002352941,12.977534107557087,0.47702398510459715,6,64,,True,True,,273,87.6246207195492
169,2026-09-18T06:49:55.293+00:00,2026-09-18T06:52:50.995+00:00,2026-09-18T06:52:51.444+00:00,True,8,8.0,,8.0,175701.795079,176150.180871,176150.180772,22018.7725965,41.729312,175701.795079,62097.32121292449,114242.9885531,64.05511314285714,19.877219820194668,0.04541579214079058,6,64,,True,True,,43,87.6246207195492
170,2026-09-18T06:49:55.552+00:00,2026-09-18T06:52:52.176+00:00,2026-09-18T06:52:53.084+00:00,True,16,16.0,,16.0,176624.958889,177532.442793,177532.442724,11095.77767025,42.242931,176624.958889,44141.115535851226,44208.9700615,60.49892693333333,7.174460514182069,0.09012437247120936,6,64,,True,True,,68,87.6246207195492
171,2026-09-18T06:49:55.898+00:00,2026-09-18T06:52:53.483+00:00,2026-09-18T06:52:56.113+00:00,True,40,40.0,,40.0,177584.595608,180214.4854,180214.485465,4505.362136625,34.983925000000006,177584.595608,28067.931000502384,96.56953580000001,67.43307158974359,13.43187396662854,0.22195774058459786,6,64,,True,True,,186,87.6246207195492
172,2026-09-18T06:49:56.334+00:00,2026-09-18T06:52:55.165+00:00,2026-09-18T06:52:58.519+00:00,True,53,53.0,,53.0,178830.37051100002,182184.14433500002,182184.14438600003,3437.4366865283023,36.013712,178830.37051100002,24555.384495102455,93.270784,64.49565046153846,12.47838229672046,0.29091444918798015,6,64,,True,True,,228,87.6246207195492
173,2026-09-18T06:49:56.747+00:00,2026-09-18T06:52:56.685+00:00,2026-09-18T06:53:02.335+00:00,True,91,91.0,,91.0,179938.611241,185588.703017,185588.703007,2039.43629678022,35.283913999999996,179938.611241,18856.11391196542,91.81966799999998,62.77879751111111,10.956162671226771,0.49033156932868033,6,64,,True,True,,306,87.6246207195492
174,2026-09-18T06:49:57.140+00:00,2026-09-18T06:52:58.042+00:00,2026-09-18T06:52:58.042+00:00,True,1,1.0,,1.0,180901.668523,180901.668523,180901.668523,180901.668523,180901.668523,180901.668523,nan,180901.668523,nan,nan,0.005527864989663482,6,64,,True,True,,4,87.6246207195492
175,2026-09-18T06:49:57.599+00:00,2026-09-18T06:52:59.799+00:00,2026-09-18T06:53:04.542+00:00,True,78,78.0,,78.0,182199.289799,186942.75143099998,186942.751348,2396.7019403589743,35.962583,182199.289799,20623.03324404549,68.2491685,61.60339781818182,7.391811963961961,0.41724003419725836,6,64,,True,True,,380,87.6246207195492
176,2026-09-18T06:49:57.856+00:00,2026-09-18T06:53:00.906+00:00,2026-09-18T06:53:02.103+00:00,True,20,20.0,,20.0,183050.047313,184247.368017,184247.36806699997,9212.36840335,52.697872000000004,183050.047313,40917.14425318375,9225.79343685,63.016879157894735,5.488108857917385,0.10854971886575147,6,64,,True,True,,61,87.6246207195492
177,2026-09-18T06:49:58.111+00:00,2026-09-18T06:53:01.863+00:00,2026-09-18T06:53:06.870+00:00,True,84,84.0,,84.0,183751.541387,188758.583947,188758.58404400002,2247.1260005238096,33.224758,183751.541387,20042.356214251802,68.73409135,60.325813975903614,7.685395104030943,0.44501287434740283,6,64,,True,True,,362,87.6246207195492
178,2026-09-18T06:49:58.377+00:00,2026-09-18T06:53:03.111+00:00,2026-09-18T06:53:06.435+00:00,True,56,56.0,,56.0,184733.682106,188057.96985,188057.969896,3358.1780338571425,37.721258999999996,184733.682106,24678.001000611293,68.72996174999999,60.441595345454544,7.758068058187827,0.29778051972307834,6,64,,True,True,,261,87.6246207195492
179,2026-09-18T06:49:58.842+00:00,2026-09-18T06:53:04.775+00:00,2026-09-18T06:53:08.955+00:00,True,71,71.0,,71.0,185932.73745500002,190113.05515100004,190113.05514600003,2677.648664028169,36.150513,185932.73745500002,22059.071680612524,72.5427645,59.71882422857143,11.10275220223924,0.37346199051720685,6,64,,True,True,,286,87.6246207195492
180,2026-09-18T06:49:59.145+00:00,2026-09-18T06:53:05.899+00:00,2026-09-18T06:53:06.989+00:00,True,19,19.0,,19.0,186754.10352399998,187843.32976399997,187843.329748,9886.49103936842,37.277480000000004,186754.10352399998,42830.44784325151,18740.195534799994,60.512568888888886,7.76712479478748,0.10114812180912125,6,64,,True,True,,73,87.6246207195492
181,2026-09-18T06:49:59.551+00:00,2026-09-18T06:53:07.513+00:00,2026-09-18T06:53:09.888+00:00,True,41,41.0,,41.0,187962.419827,190337.10168300002,190337.101782,4642.368336146342,37.773889000000004,187962.419827,29345.528887493216,69.76464,59.3670464,11.676035786109399,0.21540729388789429,6,64,,True,True,,192,87.6246207195492
182,2026-09-18T06:49:59.965+00:00,2026-09-18T06:53:09.072+00:00,2026-09-18T06:53:14.226+00:00,True,85,85.0,,85.0,189107.369279,194260.97721500002,194260.977172,2285.423260847059,36.025713,189107.369279,20504.921878004916,69.91219200000002,61.352475428571424,9.961621384185694,0.4375557109749608,6,64,,True,True,,196,87.6246207195492
183,2026-09-18T06:50:00.239+00:00,2026-09-18T06:53:10.295+00:00,2026-09-18T06:53:11.443+00:00,True,20,20.0,,20.0,190055.89985100002,191203.66586700003,191203.66608700002,9560.183304350001,38.134828,190055.89985100002,42484.283967734154,9566.3174598,60.40873768421052,7.430176362644467,0.1046005049605684,6,64,,True,True,,88,87.6246207195492
184,2026-09-18T06:50:00.603+00:00,2026-09-18T06:53:11.632+00:00,2026-09-18T06:53:12.843+00:00,True,20,20.0,,20.0,191029.220614,192240.042502,192240.042483,9612.00212415,38.777657,191029.220614,42701.18429356589,9640.5686785,63.727467789473685,13.053477984439343,0.10403659788928692,6,64,,True,True,,107,87.6246207195492
185,2026-09-18T06:50:01.041+00:00,2026-09-18T06:53:13.035+00:00,2026-09-18T06:53:19.055+00:00,True,96,96.0,,96.0,191993.65954300002,198014.12776700003,198014.127917,2062.6471658020837,37.830769999999994,191993.65954300002,19588.80707704587,93.18164025,63.37334972631579,13.003445006466832,0.4848138922337987,6,64,,True,True,,435,87.6246207195492
186,2026-09-18T06:50:01.388+00:00,2026-09-18T06:53:14.564+00:00,2026-09-18T06:53:18.989+00:00,True,70,70.0,,70.0,193176.62225400002,197601.720494,197601.72043800002,2822.8817205428572,38.229678,193176.62225400002,23081.36091622504,94.713649,64.13185855072464,12.953391948652866,0.3542479277255356,6,64,,True,True,,313,87.6246207195492
187,2026-09-18T06:50:02.635+00:00,2026-09-18T06:53:16.140+00:00,2026-09-18T06:53:22.211+00:00,True,98,98.0,,98.0,193505.35751300002,199575.898825,199575.898802,2036.4887632857146,37.859928999999994,193505.35751300002,19540.675389876695,93.0983525,62.58290012371134,13.015324895283156,0.4910412558679353,6,64,,True,True,,427,87.6246207195492
188,2026-09-18T06:50:02.640+00:00,2026-09-18T06:53:17.202+00:00,2026-09-18T06:53:21.004+00:00,True,62,62.0,,62.0,194562.231007,198363.761119,198363.761236,3199.4155038064514,35.018205,194562.231007,24701.516393138525,91.71440899999999,62.3201657704918,12.305832848905055,0.3125570903185573,6,64,,True,True,,305,87.6246207195492
189,2026-09-18T06:50:02.656+00:00,2026-09-18T06:53:18.334+00:00,2026-09-18T06:53:20.568+00:00,True,37,37.0,,37.0,195678.291972,197912.107524,197912.107439,5348.97587672973,38.598648000000004,195678.291972,32159.114026121533,93.57396220000001,62.050432,11.54884968274125,0.18695167497780882,6,64,,True,True,,202,87.6246207195492
190,2026-09-18T06:50:02.888+00:00,2026-09-18T06:53:20.339+00:00,2026-09-18T06:53:22.326+00:00,True,33,33.0,,33.0,197451.042565,199438.39411700002,199438.394093,6043.5876997878795,32.06055,197451.042565,34361.007170644225,96.1161588,62.104736,15.895316303572663,0.16546462954690977,6,64,,True,True,,146,87.6246207195492
191,2026-09-18T06:50:03.313+00:00,2026-09-18T06:53:22.324+00:00,2026-09-18T06:53:24.723+00:00,True,39,39.0,,39.0,199011.69219,201410.129566,201410.129559,5164.362296384616,38.194748,199011.69219,31857.271330516392,106.07713879999997,63.11677305263158,14.575991042455184,0.19363474957310978,6,64,,True,True,,180,87.6246207195492
192,2026-09-18T06:50:03.589+00:00,2026-09-18T06:53:23.305+00:00,2026-09-18T06:53:24.278+00:00,True,16,16.0,,16.0,199716.259108,200688.722468,200688.722411,12543.0451506875,39.871375,199716.259108,49912.859440712826,50007.33198325,64.83089066666666,15.973008856837081,0.07972545643441034,6,64,,True,True,,72,87.6246207195492
193,2026-09-18T06:50:03.960+00:00,2026-09-18T06:53:24.883+00:00,2026-09-18T06:53:25.981+00:00,True,19,19.0,,19.0,200922.850294,202020.81791,202020.818023,10632.674632789474,38.950887,200922.850294,46080.86962397627,20153.4531361,60.99820088888889,6.408606328977242,0.0940497132749184,6,64,,True,True,,77,87.6246207195492
194,2026-09-18T06:50:04.221+00:00,2026-09-18T06:53:26.045+00:00,2026-09-18T06:53:31.205+00:00,True,84,84.0,,84.0,201823.597376,206983.339584,206983.339527,2464.0873753214287,36.538622000000004,201823.597376,22013.979797178916,92.0686073,62.16556877108434,11.184736776842366,0.4058297646990583,6,64,,True,True,,408,87.6246207195492
195,2026-09-18T06:50:04.561+00:00,2026-09-18T06:53:27.270+00:00,2026-09-18T06:53:32.865+00:00,True,92,92.0,,92.0,202708.515484,208303.685532,208303.685483,2264.170494380435,35.896003,202708.515484,21127.41595920907,84.71875345000001,61.48538514285714,10.516101704331252,0.44166285279607687,6,64,,True,True,,469,87.6246207195492
196,2026-09-18T06:50:04.944+00:00,2026-09-18T06:53:28.445+00:00,2026-09-18T06:53:29.646+00:00,True,21,21.0,,21.0,203501.024855,204701.36431099998,204701.36440299999,9747.684019190476,40.880644000000004,203501.024855,44394.467927511614,66.02967600000001,60.0169728,6.121801819207303,0.10258847111587877,6,64,,True,True,,93,87.6246207195492
197,2026-09-18T06:50:05.266+00:00,2026-09-18T06:53:29.578+00:00,2026-09-18T06:53:33.020+00:00,True,56,56.0,,56.0,204312.535122,207754.300242,207754.300253,3709.8982188035716,39.294727,204312.535122,27294.051200990427,93.0515065,62.57754763636363,11.883809014470023,0.26954917387880345,6,64,,True,True,,186,87.6246207195492
198,2026-09-18T06:50:05.642+00:00,2026-09-18T06:53:31.399+00:00,2026-09-18T06:53:32.700+00:00,True,22,22.0,,22.0,205756.844134,207057.57987800002,207057.57998500002,9411.708181136364,38.489028,205756.844134,43854.30223545895,94.97882575000001,61.93979733333334,10.862680404265706,0.10625063817012918,6,64,,True,True,,115,87.6246207195492
199,2026-09-18T06:50:05.951+00:00,2026-09-18T06:53:32.424+00:00,2026-09-18T06:53:32.928+00:00,True,9,9.0,,9.0,206472.240861,206976.90338899998,206976.903369,22997.433707666667,41.684922,206472.240861,68803.0542085007,123922.0920882,63.082816,15.491505273838083,0.04348311262095303,6,64,,True,True,,32,87.6246207195492
200,2026-09-18T06:50:06.240+00:00,2026-09-18T06:53:33.816+00:00,2026-09-18T06:53:37.951+00:00,True,66,66.0,,66.0,207576.211623,211711.52733500002,211711.527227,3207.750412530303,35.108523999999996,207576.211623,25543.037458272232,93.05399600000001,63.62024172307692,12.860979265710094,0.31174495234529875,6,64,,True,True,,318,87.6246207195492
201,2026-09-18T06:50:06.579+00:00,2026-09-18T06:53:35.026+00:00,2026-09-18T06:53:39.203+00:00,True,67,67.0,,67.0,208447.03372799998,212624.07027199998,212624.070174,3173.493584686567,36.261982,208447.03372799998,25458.129392945488,92.1917143,63.288432484848485,12.489366266518568,0.3151101374096077,6,64,,True,True,,392,87.6246207195492
202,2026-09-18T06:50:07.045+00:00,2026-09-18T06:53:36.989+00:00,2026-09-18T06:53:43.118+00:00,True,100,100.0,,100.0,209943.555331,216073.031171,216073.03124,2160.7303124,33.432898,209943.555331,20988.166983869487,92.09123189999998,61.91389737373737,10.975135224631748,0.46280648472441754,6,64,,True,True,,401,87.6246207195492
203,2026-09-18T06:50:07.368+00:00,2026-09-18T06:53:38.261+00:00,2026-09-18T06:53:42.002+00:00,True,60,60.0,,60.0,210892.644931,214633.290051,214633.28986199998,3577.2214977,40.953233,210892.644931,27217.940575729037,93.50101344999999,63.400764745762714,11.013100824949554,0.2795465698063107,6,64,,True,True,,233,87.6246207195492
204,2026-09-18T06:50:07.704+00:00,2026-09-18T06:53:39.608+00:00,2026-09-18T06:53:41.941+00:00,True,38,38.0,,38.0,211904.010383,214237.08814299997,214237.08806399998,5637.8181069473685,38.912668,211904.010383,34365.142208134064,87.19073984999999,63.056155675675676,10.495264159578024,0.17737358330148506,6,64,,True,True,,173,87.6246207195492
205,2026-09-18T06:50:08.009+00:00,2026-09-18T06:53:40.517+00:00,2026-09-18T06:53:43.000+00:00,True,41,41.0,,41.0,212507.919958,214991.072086,214991.07211900002,5243.684685829268,34.959115,212507.919958,33178.468670712966,93.285346,62.0788032,12.939520118813244,0.19070559350296798,6,64,,True,True,,206,87.6246207195492
206,2026-09-18T06:50:08.385+00:00,2026-09-18T06:53:41.822+00:00,2026-09-18T06:53:42.422+00:00,True,11,11.0,,11.0,213437.048713,214037.857417,214037.857371,19457.987033727273,39.563866000000004,213437.048713,64335.57789566566,106762.9692835,60.0808704,14.238917596206152,0.05139277758031941,6,64,,True,True,,53,87.6246207195492
207,2026-09-18T06:50:08.784+00:00,2026-09-18T06:53:43.498+00:00,2026-09-18T06:53:44.276+00:00,True,14,14.0,,14.0,214713.45500999998,215492.26512199998,215492.26504499998,15392.304646071427,40.104445,214713.45500999998,57368.57386378565,75193.83520029999,59.90847015384615,7.336775078471942,0.06496752907615483,6,64,,True,True,,64,87.6246207195492
208,2026-09-18T06:50:09.074+00:00,2026-09-18T06:53:44.491+00:00,2026-09-18T06:53:49.147+00:00,True,73,73.0,,73.0,215417.013699,220072.849859,220072.850022,3014.696575643836,0.02075,215417.013699,25205.09784430525,92.1363218,64.66439111111112,24.591899474755916,0.3317083413368386,6,64,,True,True,,357,87.6246207195492
209,2026-09-18T06:50:09.480+00:00,2026-09-18T06:53:45.937+00:00,2026-09-18T06:53:49.082+00:00,True,49,49.0,,49.0,216456.160688,219601.15883200002,219601.158853,4481.656303122449,0.01863,216456.160688,30912.971577145512,94.9469464,65.52079466666666,38.125820683039784,0.22313179156529925,6,64,,True,True,,211,87.6246207195492
210,2026-09-18T06:50:09.754+00:00,2026-09-18T06:53:47.057+00:00,2026-09-18T06:53:49.707+00:00,True,42,42.0,,42.0,217303.372199,219953.368999,219953.369099,5236.984978547619,0.02253,217303.372199,33520.67934722469,94.62884725000002,64.63406829268293,31.361112387410348,0.19094956440603986,6,64,,True,True,,220,87.6246207195492
211,2026-09-18T06:50:10.023+00:00,2026-09-18T06:53:48.438+00:00,2026-09-18T06:53:52.968+00:00,True,73,73.0,,73.0,218415.369616,222945.19873600002,222945.198604,3054.0438164931506,0.0176,218415.369616,25556.2325216656,91.2210592,62.91429333333333,23.503141245970028,0.3274347257257725,6,64,,True,True,,321,87.6246207195492
212,2026-09-18T06:50:10.475+00:00,2026-09-18T06:53:50.223+00:00,2026-09-18T06:53:53.135+00:00,True,48,48.0,,48.0,219747.139148,222659.81165999998,222659.811467,4638.746072229166,34.419076000000004,219747.139148,31708.825020367018,93.3375719,61.971755574468084,12.436639762448552,0.21557549897372444,6,64,,True,True,,200,87.6246207195492
213,2026-09-18T06:50:10.761+00:00,2026-09-18T06:53:51.114+00:00,2026-09-18T06:53:51.673+00:00,True,10,10.0,,10.0,220352.45042100002,220912.06974900002,220912.069825,22091.2069825,56.384154,220352.45042100002,69661.90018412669,121223.64950175,62.17992533333334,3.3757750231009176,0.045266879312488385,6,64,,True,True,,22,87.6246207195492
214,2026-09-18T06:50:11.167+00:00,2026-09-18T06:53:52.655+00:00,2026-09-18T06:53:53.807+00:00,True,20,20.0,,20.0,221488.536078,222640.10420600002,222640.104094,11132.0052047,41.118193,221488.536078,49512.79038277972,11146.914413550001,60.60884884210526,8.187636310249315,0.08983107545392989,6,64,,True,True,,112,87.6246207195492
215,2026-09-18T06:50:11.505+00:00,2026-09-18T06:53:53.983+00:00,2026-09-18T06:53:56.178+00:00,True,36,36.0,,36.0,222478.425938,224672.613458,224672.61326,6240.9059238888885,37.20904,222478.425938,37069.29131231779,100.6103975,62.691072,12.860278481234552,0.16023314744914288,6,64,,True,True,,164,87.6246207195492
216,2026-09-18T06:50:11.967+00:00,2026-09-18T06:53:55.800+00:00,2026-09-18T06:53:56.060+00:00,True,5,5.0,,5.0,223833.173839,224093.077839,224093.077902,44818.6155804,61.254214999999995,223833.173839,100072.1803419949,179080.09698580002,64.976,3.052333153402492,0.022312157288465004,6,64,,True,True,,27,87.6246207195492
217,2026-09-18T06:50:12.306+00:00,2026-09-18T06:53:57.250+00:00,2026-09-18T06:53:58.598+00:00,True,22,22.0,,22.0,224944.090991,226292.68644700001,226292.68664600002,10286.031211181818,55.062967,224944.090991,47944.55053132291,94.78299575,64.21883123809523,8.36467388511276,0.09721922676963145,6,64,,True,True,,99,87.6246207195492
218,2026-09-18T06:50:12.722+00:00,2026-09-18T06:53:58.533+00:00,2026-09-18T06:54:03.301+00:00,True,77,77.0,,77.0,225811.207015,230579.492967,230579.492899,2994.5388688181815,38.273869,225811.207015,25726.427440034327,88.3718026,62.74060463157895,10.396157040165816,0.33394123219370625,6,64,,True,True,,318,87.6246207195492
219,2026-09-18T06:50:12.974+00:00,2026-09-18T06:53:59.556+00:00,2026-09-18T06:54:00.359+00:00,True,14,14.0,,14.0,226582.221354,227385.417258,227385.417261,16241.815518642858,40.383674,226582.221354,60540.13368012188,79346.9508808,61.784300307692305,6.820674680022099,0.06156947164344791,6,64,,True,True,,47,87.6246207195492
220,2026-09-18T06:50:13.259+00:00,2026-09-18T06:54:00.747+00:00,2026-09-18T06:54:03.241+00:00,True,40,40.0,,40.0,227487.381782,229981.19631,229981.196444,5749.5299111,34.709955,227487.381782,35958.80460999236,92.93133615,63.94396225641026,11.429096759085063,0.1739272629318901,6,64,,True,True,,234,87.6246207195492
221,2026-09-18T06:50:13.658+00:00,2026-09-18T06:54:02.326+00:00,2026-09-18T06:54:06.010+00:00,True,61,61.0,,61.0,228668.409961,232351.738217,232351.738175,3809.044888114754,34.646834999999996,228668.409961,29270.131288424825,76.592236,61.38880426666667,9.663689148357353,0.26253300478015074,6,64,,True,True,,161,87.6246207195492
222,2026-09-18T06:50:14.015+00:00,2026-09-18T06:54:03.437+00:00,2026-09-18T06:54:06.262+00:00,True,48,48.0,,48.0,229422.17566,232247.360684,232247.3605,4838.486677083333,39.587896,229422.17566,33105.563369011565,68.59487934999999,60.11031965957447,7.479378247541346,0.20667619153403288,6,64,,True,True,,199,87.6246207195492
223,2026-09-18T06:50:14.460+00:00,2026-09-18T06:54:04.992+00:00,2026-09-18T06:54:06.259+00:00,True,22,22.0,,22.0,230531.71291,231798.780302,231798.780348,10536.308197636363,39.614736,230531.71291,49136.6631260923,68.69299314999999,60.33654247619048,7.773032188205834,0.0949099040613467,6,64,,True,True,,97,87.6246207195492
224,2026-09-18T06:50:14.778+00:00,2026-09-18T06:54:06.323+00:00,2026-09-18T06:54:07.278+00:00,True,15,15.0,,15.0,231544.963605,232499.894037,232499.893966,15499.992931066667,39.808436,231544.963605,59767.043667450685,69534.4261932,68.20931657142857,18.66597635215559,0.06451615843580945,6,64,,True,True,,62,87.6246207195492
225,2026-09-18T06:50:15.157+00:00,2026-09-18T06:54:07.922+00:00,2026-09-18T06:54:11.403+00:00,True,56,56.0,,56.0,232764.645651,236245.420563,236245.420564,4218.668224357143,36.380212,232764.645651,31096.029736475728,93.94290700000002,63.28681658181818,12.975862630194719,0.23704163181891766,6,64,,True,True,,264,87.6246207195492
226,2026-09-18T06:50:15.582+00:00,2026-09-18T06:54:09.182+00:00,2026-09-18T06:54:14.799+00:00,True,92,92.0,,92.0,233600.107085,239216.97671699998,239216.976709,2600.184529445652,36.045472000000004,233600.107085,24348.062171388785,83.58337929999999,61.723842109890114,11.315571871751299,0.38458808928447596,6,64,,True,True,,426,87.6246207195492
227,2026-09-18T06:50:15.844+00:00,2026-09-18T06:54:10.582+00:00,2026-09-18T06:54:12.255+00:00,True,26,26.0,,26.0,234738.413736,236410.98051999998,236410.98066499998,9092.730025576922,37.04389,234738.413736,46022.87211240543,104.20175449999999,66.90267136,14.96750357184291,0.10997797117042303,6,64,,True,True,,99,87.6246207195492
228,2026-09-18T06:50:16.200+00:00,2026-09-18T06:54:11.814+00:00,2026-09-18T06:54:16.460+00:00,True,77,77.0,,77.0,235614.027236,240259.297508,240259.29734,3120.250614805195,37.143531,235614.027236,26843.74681746154,78.4519426,61.121977263157895,10.292416797751567,0.32048707708152735,6,64,,True,True,,323,87.6246207195492
229,2026-09-18T06:50:17.307+00:00,2026-09-18T06:54:13.332+00:00,2026-09-18T06:54:17.638+00:00,True,69,69.0,,69.0,236024.981907,240330.758547,240330.75865600002,3483.0544732753624,37.302080000000004,236024.981907,28406.448554484738,94.2567662,63.32024470588235,12.290938358340108,0.2871043241288072,6,64,,True,True,,389,87.6246207195492
230,2026-09-18T06:50:17.313+00:00,2026-09-18T06:54:14.614+00:00,2026-09-18T06:54:19.598+00:00,True,79,79.0,,79.0,237300.655009,242285.071521,242285.071388,3066.899637822785,36.539892,237300.655009,26691.22254933928,94.75358450000002,63.90277579487179,11.834296520749596,0.3260621857717416,6,64,,True,True,,339,87.6246207195492
231,2026-09-18T06:50:17.354+00:00,2026-09-18T06:54:15.849+00:00,2026-09-18T06:54:19.160+00:00,True,52,52.0,,52.0,238494.13957300002,241805.14373300003,241805.14370400002,4650.098917384616,36.088642,238494.13957300002,33064.18588918807,100.50607194999999,64.92165019607843,12.71587424525958,0.21504918876919396,6,64,,True,True,,206,87.6246207195492
232,2026-09-18T06:50:17.718+00:00,2026-09-18T06:54:18.079+00:00,2026-09-18T06:54:22.465+00:00,True,70,70.0,,70.0,240360.93641800003,244747.72425800003,244747.72439500003,3496.3960627857145,39.264827,240360.93641800003,28721.029466079857,85.2354737,63.57663536231885,9.506029282717677,0.28600878807849395,6,64,,True,True,,323,87.6246207195492
233,2026-09-18T06:50:18.063+00:00,2026-09-18T06:54:19.598+00:00,2026-09-18T06:54:24.318+00:00,True,76,76.0,,76.0,241534.286652,246255.03058800002,246255.03041500002,3240.1977686184214,38.818008,241534.286652,27698.66437376426,81.3228855,62.94325248,9.613749232656184,0.30862313682904097,6,64,,True,True,,338,87.6246207195492
234,2026-09-18T06:50:18.400+00:00,2026-09-18T06:54:20.828+00:00,2026-09-18T06:54:25.472+00:00,True,76,76.0,,76.0,242427.61219100002,247071.605023,247071.60501600002,3250.9421712631583,37.48816,242427.61219100002,27801.25317558274,78.31149825,61.91990442666667,9.480995657238116,0.30760313388875715,6,64,,True,True,,404,87.6246207195492
235,2026-09-18T06:50:18.689+00:00,2026-09-18T06:54:22.067+00:00,2026-09-18T06:54:22.587+00:00,True,9,9.0,,9.0,243378.153714,243898.609138,243898.60921999998,27099.84546888889,34.421406000000005,243378.153714,81104.36766756045,146069.4830324,65.056928,19.615870735712054,0.03690057943261054,6,64,,True,True,,32,87.6246207195492
236,2026-09-18T06:50:19.048+00:00,2026-09-18T06:54:23.477+00:00,2026-09-18T06:54:24.923+00:00,True,24,24.0,,24.0,244429.08981600002,245874.82754400003,245874.827469,10244.784477875,40.863543,244429.08981600002,49881.049104296624,90.6080026,62.858162086956526,9.921062611980515,0.09761064294271901,6,64,,True,True,,115,87.6246207195492
237,2026-09-18T06:50:19.498+00:00,2026-09-18T06:54:25.177+00:00,2026-09-18T06:54:27.648+00:00,True,40,40.0,,40.0,245679.548272,248150.181232,248150.181347,6203.754533675,35.577063,245679.548272,38835.332472899856,88.76262375,63.34956307692308,11.171891712779004,0.16119270919493423,6,64,,True,True,,168,87.6246207195492
238,2026-09-18T06:50:19.945+00:00,2026-09-18T06:54:27.085+00:00,2026-09-18T06:54:31.529+00:00,True,70,70.0,,70.0,247139.62052700002,251583.705263,251583.705087,3594.052929814286,32.007349999999995,247139.62052700002,29531.139149895753,94.8770924,64.40702515942029,12.875370121458358,0.278237415761182,6,64,,True,True,,401,87.6246207195492
239,2026-09-18T06:50:20.381+00:00,2026-09-18T06:54:28.697+00:00,2026-09-18T06:54:33.101+00:00,True,72,72.0,,72.0,248316.243022,252719.909454,252719.909267,3509.9987398194444,39.338577,248316.243022,29257.041990370828,83.40035250000001,62.02347087323943,9.864600369776253,0.2849003869760622,6,64,,True,True,,373,87.6246207195492
240,2026-09-18T06:50:20.721+00:00,2026-09-18T06:54:30.052+00:00,2026-09-18T06:54:35.748+00:00,True,93,93.0,,93.0,249331.590491,255027.076699,255027.076708,2742.2266312688175,37.59459,249331.590491,25848.06330959623,75.4830964,61.90745878260869,8.18897133521253,0.36466716085117823,6,64,,True,True,,432,87.6246207195492
241,2026-09-18T06:50:21.163+00:00,2026-09-18T06:54:31.584+00:00,2026-09-18T06:54:37.570+00:00,True,96,96.0,,96.0,250421.05612,256407.460472,256407.460421,2670.9110460520833,39.690675999999996,250421.05612,25552.062696377125,90.01844375,63.01478265263158,10.417792951588549,0.37440408256172136,6,64,,True,True,,474,87.6246207195492
242,2026-09-18T06:50:21.437+00:00,2026-09-18T06:54:32.364+00:00,2026-09-18T06:54:37.114+00:00,True,77,77.0,,77.0,250927.726813,255677.269725,255677.26970099998,3320.484022090909,37.44106,250927.726813,28588.748528549175,91.61750679999999,62.49398568421052,10.715746678813508,0.30116091306364173,6,64,,True,True,,294,87.6246207195492
243,2026-09-18T06:50:21.719+00:00,2026-09-18T06:54:33.586+00:00,2026-09-18T06:54:35.007+00:00,True,24,24.0,,24.0,251867.13803600002,253287.27218000003,253287.27218700002,10553.636341125,40.670353999999996,251867.13803600002,51399.561436926306,89.1169185,61.744962782608695,9.336635871745703,0.09475407032274509,6,64,,True,True,,105,87.6246207195492
244,2026-09-18T06:50:22.024+00:00,2026-09-18T06:54:34.824+00:00,2026-09-18T06:54:37.571+00:00,True,44,44.0,,44.0,252799.942022,255546.612102,255546.612079,5807.87754725,37.359519999999996,252799.942022,38101.39751883939,101.22982900000001,63.876048372093024,12.432711167459427,0.17217993867372283,6,64,,True,True,,232,87.6246207195492
245,2026-09-18T06:50:22.404+00:00,2026-09-18T06:54:36.363+00:00,2026-09-18T06:54:37.779+00:00,True,22,22.0,,22.0,253959.032702,255374.79615799998,255374.796321,11607.945287318182,33.783117,253959.032702,54129.87707781524,106.26054769999999,67.41730742857143,17.84264236989857,0.08614789059445253,6,64,,True,True,,99,87.6246207195492
246,2026-09-18T06:50:22.821+00:00,2026-09-18T06:54:37.838+00:00,2026-09-18T06:54:41.138+00:00,True,54,54.0,,54.0,255016.297261,258316.382509,258316.382512,4783.636713185185,37.261480000000006,255016.297261,34694.85063788525,88.46129499999999,62.265759396226414,10.192007682745546,0.20904597484489235,6,64,,True,True,,181,87.6246207195492
247,2026-09-18T06:50:23.206+00:00,2026-09-18T06:54:39.548+00:00,2026-09-18T06:54:41.013+00:00,True,24,24.0,,24.0,256341.829937,257807.175217,257807.175203,10741.965633458334,40.040035,256341.829937,52312.55333578656,97.1404894,63.71066434782609,11.91306828931986,0.09309283180267909,6,64,,True,True,,108,87.6246207195492
248,2026-09-18T06:50:23.616+00:00,2026-09-18T06:54:40.708+00:00,2026-09-18T06:54:40.708+00:00,True,1,1.0,,1.0,257092.047312,257092.047312,257092.047312,257092.047312,257092.047312,257092.047312,nan,257092.047312,nan,nan,0.0038896574610354506,6,64,,True,True,,2,87.6246207195492
249,2026-09-18T06:50:24.028+00:00,2026-09-18T06:54:42.203+00:00,2026-09-18T06:54:45.387+00:00,True,53,53.0,,53.0,258174.308444,261358.707036,261358.707083,4931.296360056604,36.881531,258174.308444,35454.557842792616,71.567706,61.23843446153846,8.434107865248876,0.20278643325511894,6,64,,True,True,,244,87.6246207195492
250,2026-09-18T06:50:24.367+00:00,2026-09-18T06:54:43.334+00:00,2026-09-18T06:54:46.780+00:00,True,58,58.0,,58.0,258967.021191,262413.691271,262413.69137,4524.373989137931,35.785723,258967.021191,33996.09721914904,71.0025747,60.46789614035088,9.346312756162247,0.22102505291959865,6,64,,True,True,,198,87.6246207195492
251,2026-09-18T06:50:24.659+00:00,2026-09-18T06:54:44.640+00:00,2026-09-18T06:54:47.112+00:00,True,42,42.0,,42.0,259980.96452500002,262453.070765,262453.070758,6248.882637095238,38.034039,259980.96452500002,40106.6313730818,87.94773025,60.29527414634146,10.664416716336175,0.16002860960086354,6,64,,True,True,,184,87.6246207195492
252,2026-09-18T06:50:25.071+00:00,2026-09-18T06:54:45.797+00:00,2026-09-18T06:54:45.797+00:00,True,1,1.0,,1.0,260726.274869,260726.274869,260726.274869,260726.274869,260726.274869,260726.274869,nan,260726.274869,nan,nan,0.0038354400625807378,6,64,,True,True,,3,87.6246207195492
253,2026-09-18T06:50:25.478+00:00,2026-09-18T06:54:47.239+00:00,2026-09-18T06:54:52.968+00:00,True,97,97.0,,97.0,261760.768181,267490.28779699997,267490.287855,2757.631833556701,37.5549,261760.768181,26571.721511467444,73.1728832,59.682496,10.708674825704337,0.3626299885460286,6,64,,True,True,,470,87.6246207195492
254,2026-09-18T06:50:25.837+00:00,2026-09-18T06:54:48.603+00:00,2026-09-18T06:54:54.115+00:00,True,93,93.0,,93.0,262765.113901,268278.018349,268278.01856,2884.7098769892473,36.314831,262765.113901,27241.26113277721,68.95931660000001,59.92287443478261,10.034550349914355,0.34665531142777894,6,64,,True,True,,418,87.6246207195492
255,2026-09-18T06:50:26.187+00:00,2026-09-18T06:54:50.018+00:00,2026-09-18T06:54:52.397+00:00,True,41,41.0,,41.0,263831.252915,266210.36715500004,266210.367271,6492.935787097562,38.257658000000006,263831.252915,41194.23189919662,91.71113899999999,59.477856,11.290841968501638,0.1540135361299731,6,64,,True,True,,215,87.6246207195492
256,2026-09-18T06:50:26.604+00:00,2026-09-18T06:54:51.539+00:00,2026-09-18T06:54:53.030+00:00,True,26,26.0,,26.0,264934.699159,266426.20405500004,266426.204186,10247.16169946154,36.273332,264934.699159,51946.27002415333,85.28729050000001,59.66019584,10.85674544518141,0.09758799849369418,6,64,,True,True,,98,87.6246207195492
257,2026-09-18T06:50:26.896+00:00,2026-09-18T06:54:52.622+00:00,2026-09-18T06:54:57.874+00:00,True,85,85.0,,85.0,265726.204569,270978.706585,270978.706602,3187.9847835529413,37.1694,265726.204569,28815.273436340274,91.6598808,62.5297859047619,11.167141467096911,0.31367778328861934,6,64,,True,True,,344,87.6246207195492
258,2026-09-18T06:50:27.272+00:00,2026-09-18T06:54:53.952+00:00,2026-09-18T06:54:56.768+00:00,True,47,47.0,,47.0,266680.362732,269496.162796,269496.16266000003,5733.960907659574,35.916233,266680.362732,38890.40150990189,86.8239298,61.213044869565216,10.94691467741221,0.17439951468094742,6,64,,True,True,,254,87.6246207195492
259,2026-09-18T06:50:27.619+00:00,2026-09-18T06:54:55.114+00:00,2026-09-18T06:54:55.114+00:00,True,1,1.0,,1.0,267495.05791699997,267495.05791699997,267495.05791699997,267495.05791699997,267495.05791699997,267495.05791699997,nan,267495.05791699997,nan,nan,0.0037383868239924123,6,64,,True,True,,3,87.6246207195492
260,2026-09-18T06:50:28.077+00:00,2026-09-18T06:54:57.046+00:00,2026-09-18T06:55:02.565+00:00,True,87,87.0,,87.0,268969.521443,274488.080931,274488.080981,3155.0354135747125,36.866231,268969.521443,28829.68270975258,95.91692859999999,64.16929637209302,12.866393884479736,0.31695365316015234,6,64,,True,True,,363,87.6246207195492
261,2026-09-18T06:50:28.383+00:00,2026-09-18T06:54:58.177+00:00,2026-09-18T06:55:02.902+00:00,True,76,76.0,,76.0,269794.284838,274518.848294,274518.848374,3612.090110184211,36.457811,269794.284838,30940.302962501475,88.56831425,62.994179413333335,11.102643608658015,0.2768480214466246,6,64,,True,True,,274,87.6246207195492
262,2026-09-18T06:50:28.797+00:00,2026-09-18T06:55:00.018+00:00,2026-09-18T06:55:03.435+00:00,True,55,55.0,,55.0,271220.22254000005,274637.34151600004,274637.341329,4993.406205981819,37.36935,271220.22254000005,36562.7961699482,92.4884474,63.27998103703704,10.549134705937934,0.2002640999086272,6,64,,True,True,,215,87.6246207195492
263,2026-09-18T06:50:29.092+00:00,2026-09-18T06:55:01.190+00:00,2026-09-18T06:55:03.301+00:00,True,34,34.0,,34.0,272098.283993,274208.874969,274208.874933,8064.966909794118,35.111804,272098.283993,46653.50383470175,92.379768,63.9573023030303,12.777994587607518,0.12399306916613761,6,64,,True,True,,151,87.6246207195492
264,2026-09-18T06:50:29.421+00:00,2026-09-18T06:55:02.263+00:00,2026-09-18T06:55:03.435+00:00,True,20,20.0,,20.0,272842.458097,274014.744305,274014.74415800004,13700.737207900002,37.387929,272842.458097,60995.63311106838,13729.401378950002,61.69927410526316,12.122013715005119,0.07298877310681655,6,64,,True,True,,109,87.6246207195492
265,2026-09-18T06:50:29.795+00:00,2026-09-18T06:55:03.433+00:00,2026-09-18T06:55:07.824+00:00,True,71,71.0,,71.0,273637.46457300003,278028.74521300005,278028.745286,3915.897820929578,34.194755,273637.46457300003,32467.349443334966,93.0311955,62.73258057142858,11.581331417825782,0.25536927825792377,6,64,,True,True,,270,87.6246207195492
266,2026-09-18T06:50:30.257+00:00,2026-09-18T06:55:05.369+00:00,2026-09-18T06:55:08.517+00:00,True,51,51.0,,51.0,275111.90492299997,278260.04879499995,278260.048747,5456.079387196078,39.393996,275111.90492299997,38514.557206554855,93.21416,62.96287744,11.34840578711255,0.18328179061584504,6,64,,True,True,,255,87.6246207195492
267,2026-09-18T06:50:30.655+00:00,2026-09-18T06:55:07.080+00:00,2026-09-18T06:55:07.442+00:00,True,7,7.0,,7.0,276424.275529,276787.01447299996,276787.01445899997,39541.002065571425,52.614192,276424.275529,104455.70533430761,193516.89184509998,60.45649066666667,5.293719003965461,0.025290203781156203,6,64,,True,True,,43,87.6246207195492
268,2026-09-18T06:50:31.068+00:00,2026-09-18T06:55:08.638+00:00,2026-09-18T06:55:13.953+00:00,True,88,88.0,,88.0,277570.70326499996,282885.67900899996,282885.679165,3214.6099905113633,35.231984,277570.70326499996,29582.626560397453,87.9382566,61.091675218390805,12.396087324395118,0.3110797277129052,6,64,,True,True,,480,87.6246207195492
269,2026-09-18T06:50:31.323+00:00,2026-09-18T06:55:09.704+00:00,2026-09-18T06:55:10.177+00:00,True,9,9.0,,9.0,278381.073837,278853.569453,278853.569651,30983.729961222223,46.436223,278381.073837,92774.0041557623,167056.0229586,59.061952,6.550485602489024,0.03227500375072992,6,64,,True,True,,41,87.6246207195492
270,2026-09-18T06:50:31.618+00:00,2026-09-18T06:55:10.695+00:00,2026-09-18T06:55:11.693+00:00,True,16,16.0,,16.0,279076.79375300003,280075.186585,280075.18635000003,17504.699146875002,44.457156000000005,279076.79375300003,69752.55960896095,69840.42225725001,66.55952213333333,12.51175778437947,0.05712751706100947,6,64,,True,True,,69,87.6246207195492
271,2026-09-18T06:50:31.992+00:00,2026-09-18T06:55:12.186+00:00,2026-09-18T06:55:16.765+00:00,True,75,75.0,,75.0,280194.40296499996,284772.944277,284772.94426599995,3796.9725902133328,36.374382,280194.40296499996,32346.920090505093,81.0235012,61.87217989189189,10.493197822950684,0.2633677163061079,6,64,,True,True,,331,87.6246207195492
272,2026-09-18T06:50:32.308+00:00,2026-09-18T06:55:12.719+00:00,2026-09-18T06:55:16.762+00:00,True,66,66.0,,66.0,280410.677339,284454.16508299997,284454.165104,4309.911592484848,37.100181,280410.677339,34508.512858555536,87.4593555,62.207503753846154,10.957160140144524,0.23202332080721008,6,64,,True,True,,282,87.6246207195492
273,2026-09-18T06:50:32.712+00:00,2026-09-18T06:55:14.076+00:00,2026-09-18T06:55:14.893+00:00,True,14,14.0,,14.0,281364.55206699995,282181.45728299994,282181.45731399994,20155.818379571425,48.067519,281364.55206699995,75181.04548151804,98524.64333954998,62.838862769230765,6.496533033508336,0.04961346551541618,6,64,,True,True,,89,87.6246207195492
274,2026-09-18T06:50:33.135+00:00,2026-09-18T06:55:15.850+00:00,2026-09-18T06:55:16.506+00:00,True,12,12.0,,12.0,282715.158571,283371.239211,283371.23905,23614.269920833332,40.616974,282715.158571,81595.61919751305,127259.44341449998,59.643694545454544,8.392389492061726,0.042347275727106254,6,64,,True,True,,58,87.6246207195492
275,2026-09-18T06:50:33.529+00:00,2026-09-18T06:55:17.688+00:00,2026-09-18T06:55:20.955+00:00,True,54,54.0,,54.0,284158.69175,287425.886374,287425.88647,5322.701601296296,36.813721,284158.69175,38660.71254137431,84.83915825,61.645181584905664,10.29868524667166,0.1878745184758165,6,64,,True,True,,207,87.6246207195492
276,2026-09-18T06:50:34.911+00:00,2026-09-18T06:55:20.216+00:00,2026-09-18T06:55:23.434+00:00,True,53,53.0,,53.0,285305.02884600003,288523.261934,288523.26189900003,5443.835130169812,39.179867,285305.02884600003,39181.15922921657,70.0505002,61.889097846153845,7.429400626641386,0.18369402745808344,6,64,,True,True,,205,87.6246207195492
277,2026-09-18T06:50:34.947+00:00,2026-09-18T06:55:21.143+00:00,2026-09-18T06:55:25.043+00:00,True,65,65.0,,65.0,286196.410064,290096.089552,290096.089416,4463.016760246153,36.447302,286196.410064,35490.7394822116,75.7948162,60.932492,10.27719166898326,0.22406368903621052,6,64,,True,True,,273,87.6246207195492
278,2026-09-18T06:50:35.009+00:00,2026-09-18T06:55:22.235+00:00,2026-09-18T06:55:26.560+00:00,True,71,71.0,,71.0,287225.680801,291551.087521,291551.087655,4106.353347253521,39.336206,287225.680801,34080.08530573413,89.909036,61.791524571428575,10.63957909718232,0.24352507343978258,6,64,,True,True,,354,87.6246207195492
279,2026-09-18T06:50:35.039+00:00,2026-09-18T06:55:22.962+00:00,2026-09-18T06:55:26.686+00:00,True,61,61.0,,61.0,287922.55645200005,291646.2807400001,291646.28069600003,4781.086568786886,36.947191,287922.55645200005,36856.761358861295,90.57725999999998,62.062071466666666,11.623638894354858,0.20915747612218286,6,64,,True,True,,309,87.6246207195492
280,2026-09-18T06:50:35.283+00:00,2026-09-18T06:55:24.122+00:00,2026-09-18T06:55:27.113+00:00,True,49,49.0,,49.0,288839.085764,291829.841604,291829.841673,5955.71105455102,37.915699000000004,288839.085764,41253.82685058755,93.1009612,62.307413333333336,10.75263302259205,0.16790606378935982,6,64,,True,True,,197,87.6246207195492
281,2026-09-18T06:50:35.619+00:00,2026-09-18T06:55:25.663+00:00,2026-09-18T06:55:27.238+00:00,True,26,26.0,,26.0,290044.293022,291619.110558,291619.110508,11216.119634923078,38.691108,290044.293022,56870.01289194968,92.356352,62.99270144,10.940978741119332,0.08915739421278042,6,64,,True,True,,82,87.6246207195492
282,2026-09-18T06:50:36.000+00:00,2026-09-18T06:55:26.983+00:00,2026-09-18T06:55:32.408+00:00,True,88,88.0,,88.0,290982.736771,296407.962499,296407.962522,3368.272301386364,38.619807,290982.736771,31012.218312106932,90.71176785000002,62.358916413793104,10.720344167725248,0.2968881107581477,6,64,,True,True,,377,87.6246207195492
283,2026-09-18T06:50:36.420+00:00,2026-09-18T06:55:28.728+00:00,2026-09-18T06:55:30.225+00:00,True,26,26.0,,26.0,292308.39773900004,293804.579755,293804.579732,11300.176143538463,36.548301,292308.39773900004,57314.65772753431,94.156846,59.84728064,13.435361396676145,0.08849419577353448,6,64,,True,True,,79,87.6246207195492
284,2026-09-18T06:50:36.744+00:00,2026-09-18T06:55:30.128+00:00,2026-09-18T06:55:32.821+00:00,True,43,43.0,,43.0,293383.55536299996,296076.92931499996,296076.92947,6885.509987674418,37.7488,293383.55536299996,44730.794468922104,97.2511528,64.12795123809524,10.214131951891533,0.14523252486941243,6,64,,True,True,,174,87.6246207195492
285,2026-09-18T06:50:37.209+00:00,2026-09-18T06:55:31.572+00:00,2026-09-18T06:55:36.216+00:00,True,74,74.0,,74.0,294363.43943,299007.028294,299007.028408,4040.6355190270274,38.276848,294363.43943,34211.6619740338,92.14458350000001,63.61080635616438,11.218013114881417,0.24748582139426892,6,64,,True,True,,355,87.6246207195492
286,2026-09-18T06:50:37.522+00:00,2026-09-18T06:55:32.716+00:00,2026-09-18T06:55:33.106+00:00,True,8,8.0,,8.0,295193.906052,295583.96122,295583.96129,36947.99516125,37.38929,295193.906052,104347.1061812678,191899.84916850002,55.72216685714286,11.869836710746494,0.02706506796573338,6,64,,True,True,,31,87.6246207195492
287,2026-09-18T06:50:37.927+00:00,2026-09-18T06:55:34.138+00:00,2026-09-18T06:55:37.966+00:00,False,61,60.0,,60.0,296211.59077999997,300038.95282799995,300038.952771,4918.671356901639,0.03890999999999999,296211.59077999997,37917.84298552448,93.72712399999999,63.78936746666667,13.867438887219866,0.19997403481939074,6,64,,True,False,Request timeout: 300.0s exceeded,204,87.6246207195492
288,2026-09-18T06:50:38.210+00:00,2026-09-18T06:55:35.384+00:00,2026-09-18T06:55:37.346+00:00,True,32,32.0,,32.0,297173.849536,299135.829952,299135.830015,9347.99468796875,41.077553,297173.849536,52522.22390775114,93.0415192,63.289690838709674,10.423491118542792,0.10697481476938016,6,64,,True,True,,118,87.6246207195492
289,2026-09-18T06:50:38.650+00:00,2026-09-18T06:55:37.114+00:00,2026-09-18T06:55:38.710+00:00,False,27,26.0,,26.0,298463.95607200003,300059.39645600005,300059.39651100006,11113.31098188889,0.04746,298463.95607200003,57427.60787394371,92.0212968,61.3630916923077,15.761189747041588,0.08664951108709096,6,64,,True,False,Request timeout: 300.0s exceeded,127,87.6246207195492
290,2026-09-18T06:50:39.031+00:00,2026-09-18T06:55:38.711+00:00,2026-09-18T06:55:39.077+00:00,False,8,7.0,,7.0,299679.26175199996,300045.168952,300045.168845,37505.646105625,0.02277,299679.26175199996,105934.14016603239,194813.88718979995,52.27245714285714,23.224773339121217,0.023329820721492207,6,64,,True,False,Request timeout: 300.0s exceeded,33,87.6246207195492
291,2026-09-18T06:50:39.496+00:00,2026-09-18T06:55:39.573+00:00,2026-09-18T06:55:39.573+00:00,False,1,0.0,,0.0,300076.62361199997,300076.62361199997,300076.62361199997,300076.62361199997,300076.62361199997,300076.62361199997,nan,300076.62361199997,nan,nan,0.0,6,64,,True,False,TTFT timeout: 300.0s exceeded (TTFT: 300.062s),0,87.6246207195492
292,2026-09-18T06:50:39.923+00:00,2026-09-18T06:55:39.987+00:00,2026-09-18T06:55:39.987+00:00,False,1,0.0,,0.0,300063.64266500005,300063.64266500005,300063.64266500005,300063.64266500005,300063.64266500005,300063.64266500005,nan,300063.64266500005,nan,nan,0.0,6,64,,True,False,TTFT timeout: 300.0s exceeded (TTFT: 300.049s),0,87.6246207195492
293,2026-09-18T06:50:40.305+00:00,2026-09-18T06:55:40.228+00:00,2026-09-18T06:55:40.319+00:00,False,3,2.0,,2.0,299923.245109,300014.443317,300014.443188,100004.814396,0.038630000000000005,299923.245109,173134.44567679867,269940.036543,45.599104,64.43220346939415,0.006666345719518472,6,64,,True,False,Request timeout: 300.0s exceeded,4,87.6246207195492
294,2026-09-18T06:50:40.626+00:00,2026-09-18T06:55:40.732+00:00,2026-09-18T06:55:40.732+00:00,False,1,0.0,,0.0,300106.143297,300106.143297,300106.143297,300106.143297,300106.143297,300106.143297,nan,300106.143297,nan,nan,0.0,6,64,,True,False,TTFT timeout: 300.0s exceeded (TTFT: 300.097s),0,87.6246207195492
295,2026-09-18T06:50:40.893+00:00,2026-09-18T06:55:41.002+00:00,2026-09-18T06:55:41.002+00:00,False,1,0.0,,0.0,300108.844645,300108.844645,300108.844645,300108.844645,300108.844645,300108.844645,nan,300108.844645,nan,nan,0.0,6,64,,True,False,"HTTPConnectionPool(host='gpu03', port=9002): Read timed out.",0,87.6246207195492
296,2026-09-18T06:50:41.276+00:00,2026-09-18T06:55:41.296+00:00,2026-09-18T06:55:41.296+00:00,False,1,0.0,,0.0,300019.452023,300019.452023,300019.452023,300019.452023,300019.452023,300019.452023,nan,300019.452023,nan,nan,0.0,6,64,,True,False,TTFT timeout: 300.0s exceeded (TTFT: 300.003s),0,87.6246207195492
297,2026-09-18T06:50:41.722+00:00,2026-09-18T06:55:41.614+00:00,2026-09-18T06:55:41.745+00:00,False,4,3.0,,3.0,299891.835441,300022.771249,300022.771226,75005.6928065,0.038939999999999995,299891.835441,149924.09827853605,254918.30512815004,43.64526933333334,37.87172205248688,0.009999241015976715,6,64,,True,False,Request timeout: 300.0s exceeded,6,87.6246207195492
298,2026-09-18T06:50:41.980+00:00,2026-09-18T06:55:42.088+00:00,2026-09-18T06:55:42.088+00:00,False,1,0.0,,0.0,300108.62998699996,300108.62998699996,300108.62998699996,300108.62998699996,300108.62998699996,300108.62998699996,nan,300108.62998699996,nan,nan,0.0,6,64,,True,False,"HTTPConnectionPool(host='gpu03', port=9002): Read timed out.",0,87.6246207195492
299,2026-09-18T06:50:42.406+00:00,2026-09-18T06:55:42.524+00:00,2026-09-18T06:55:42.524+00:00,False,1,0.0,,0.0,300118.055318,300118.055318,300118.055318,300118.055318,300118.055318,300118.055318,nan,300118.055318,nan,nan,0.0,6,64,,True,False,"HTTPConnectionPool(host='gpu03', port=9002): Read timed out.",0,87.6246207195492
300,2026-09-18T06:50:42.815+00:00,2026-09-18T06:55:42.746+00:00,2026-09-18T06:55:42.892+00:00,False,4,3.0,,3.0,299931.00093800004,300076.865386,300076.86520500004,75019.21630125001,0.02086,299931.00093800004,149941.19369861516,254952.44959910004,48.621482666666665,42.10287000853815,0.009997438476774905,6,64,,True,False,Request timeout: 300.0s exceeded,5,87.6246207195492
301,2026-09-18T06:50:43.113+00:00,2026-09-18T06:55:42.978+00:00,2026-09-18T06:55:43.143+00:00,False,4,3.0,,3.0,299865.31016500003,300030.286037,300030.28609600005,75007.57152400001,0.04909,299865.31016500003,149905.16431175204,254899.24529260007,54.99195733333334,48.44066192718697,0.00999899056733905,6,64,,True,False,Request timeout: 300.0s exceeded,10,87.6246207195492
302,2026-09-18T06:50:43.549+00:00,2026-09-18T06:55:43.581+00:00,2026-09-18T06:55:43.581+00:00,False,1,0.0,,0.0,300032.68919999996,300032.68919999996,300032.68919999996,300032.68919999996,300032.68919999996,300032.68919999996,nan,300032.68919999996,nan,nan,0.0,6,64,,True,False,"HTTPConnectionPool(host='gpu03', port=9002): Read timed out.",0,87.6246207195492
303,2026-09-18T06:50:43.929+00:00,2026-09-18T06:55:44.028+00:00,2026-09-18T06:55:44.028+00:00,False,1,0.0,,0.0,300098.76456599997,300098.76456599997,300098.76456599997,300098.76456599997,300098.76456599997,300098.76456599997,nan,300098.76456599997,nan,nan,0.0,6,64,,True,False,"HTTPConnectionPool(host='gpu03', port=9002): Read timed out.",0,87.6246207195492
304,2026-09-18T06:50:44.319+00:00,2026-09-18T06:55:44.254+00:00,2026-09-18T06:55:44.356+00:00,False,3,2.0,,2.0,299934.982143,300037.657087,300037.657011,100012.552337,0.03686,299934.982143,173137.91059845945,269951.7477295,51.337472,72.55001559158569,0.006665829947539128,6,64,,True,False,Request timeout: 300.0s exceeded,7,87.6246207195492
305,2026-09-18T06:50:44.583+00:00,2026-09-18T06:55:44.355+00:00,2026-09-18T06:55:44.628+00:00,False,6,5.0,,5.0,299772.02605299995,300044.64403699996,300044.64399099996,50007.44066516666,0.03781,299772.02605299995,122359.16113717397,224847.52383749996,54.5235968,30.960496627496713,0.016664186811424724,6,64,,True,False,Request timeout: 300.0s exceeded,9,87.6246207195492
306,2026-09-18T06:50:45.042+00:00,2026-09-18T06:55:45.317+00:00,2026-09-18T06:55:45.909+00:00,False,11,10.0,,10.0,300275.559786,300866.898282,300866.898347,27351.536213363637,0.04308,300275.559786,90518.66164619185,150183.164593,59.133849600000005,26.15084315322687,0.033237288838026596,6,64,,True,False,Request timeout: 300.0s exceeded,52,87.6246207195492
307,2026-09-18T06:50:45.311+00:00,2026-09-18T06:55:45.628+00:00,2026-09-18T06:55:45.911+00:00,False,7,6.0,,6.0,300316.88731099997,300599.923471,300599.92352099996,42942.84621728571,0.02402,300316.88731099997,113491.28677000882,210241.52981479996,47.172693333333335,25.17632970853576,0.019960084921907314,6,64,,True,False,Request timeout: 300.0s exceeded,24,87.6246207195492
308,2026-09-18T06:50:45.775+00:00,2026-09-18T06:55:45.818+00:00,2026-09-18T06:55:45.908+00:00,False,4,3.0,,3.0,300042.883114,300133.292074,300133.29190400004,75033.32297600001,0.04532,300042.883114,150006.37507205328,255044.40859690003,30.13632,27.22241503047898,0.009995558904076288,6,64,,True,False,Request timeout: 300.0s exceeded,9,87.6246207195492
309,2026-09-18T06:50:46.230+00:00,2026-09-18T06:55:46.714+00:00,2026-09-18T06:55:46.714+00:00,False,1,0.0,,0.0,300483.662166,300483.662166,300483.662166,300483.662166,300483.662166,300483.662166,nan,300483.662166,nan,nan,0.0,6,64,,True,False,"HTTPConnectionPool(host='gpu03', port=9002): Read timed out.",0,87.6246207195492
310,2026-09-18T06:50:46.648+00:00,2026-09-18T06:55:46.751+00:00,2026-09-18T06:55:46.751+00:00,False,1,0.0,,0.0,300103.176049,300103.176049,300103.176049,300103.176049,300103.176049,300103.176049,nan,300103.176049,nan,nan,0.0,6,64,,True,False,"HTTPConnectionPool(host='gpu03', port=9002): Read timed out.",0,87.6246207195492
311,2026-09-18T06:50:46.958+00:00,2026-09-18T06:55:47.057+00:00,2026-09-18T06:55:47.057+00:00,False,1,0.0,,0.0,300099.544098,300099.544098,300099.544098,300099.544098,300099.544098,300099.544098,nan,300099.544098,nan,nan,0.0,6,64,,True,False,"HTTPConnectionPool(host='gpu03', port=9002): Read timed out.",0,87.6246207195492
312,2026-09-18T06:50:47.210+00:00,2026-09-18T06:55:47.286+00:00,2026-09-18T06:55:47.286+00:00,False,1,0.0,,0.0,300076.107075,300076.107075,300076.107075,300076.107075,300076.107075,300076.107075,nan,300076.107075,nan,nan,0.0,6,64,,True,False,TTFT timeout: 300.0s exceeded (TTFT: 300.057s),0,87.6246207195492
313,2026-09-18T06:50:47.578+00:00,2026-09-18T06:55:47.289+00:00,2026-09-18T06:55:47.592+00:00,False,7,6.0,,6.0,299710.64634100004,300013.52070900006,300013.520703,42859.074386142864,0.08192,299710.64634100004,113260.89947664324,209816.68040440002,50.479061333333334,24.832452302706884,0.019999098660022512,6,64,,True,False,Request timeout: 300.0s exceeded,12,87.6246207195492
314,2026-09-18T06:50:47.981+00:00,2026-09-18T06:55:48.085+00:00,2026-09-18T06:55:48.085+00:00,False,1,0.0,,0.0,300103.75374400005,300103.75374400005,300103.75374400005,300103.75374400005,300103.75374400005,300103.75374400005,nan,300103.75374400005,nan,nan,0.0,6,64,,True,False,"HTTPConnectionPool(host='gpu03', port=9002): Read timed out.",0,87.6246207195492
315,2026-09-18T06:50:48.360+00:00,2026-09-18T06:55:48.473+00:00,2026-09-18T06:55:48.473+00:00,False,1,0.0,,0.0,300112.690258,300112.690258,300112.690258,300112.690258,300112.690258,300112.690258,nan,300112.690258,nan,nan,0.0,6,64,,True,False,"HTTPConnectionPool(host='gpu03', port=9002): Read timed out.",0,87.6246207195492
316,2026-09-18T06:50:48.644+00:00,2026-09-18T06:55:48.556+00:00,2026-09-18T06:55:48.655+00:00,False,3,2.0,,2.0,299911.653437,300010.233661,300010.233532,100003.41117733333,0.03823,299911.653437,173125.62322849184,269930.34227980004,49.290112,69.65243908049372,0.00666643925973513,6,64,,True,False,Request timeout: 300.0s exceeded,2,87.6246207195492
317,2026-09-18T06:50:48.956+00:00,2026-09-18T06:55:48.814+00:00,2026-09-18T06:55:49.046+00:00,False,5,4.0,,4.0,299858.49849,300090.581178,300090.581115,60018.116223000005,0.03947,299858.49849,134074.85397349176,239904.46457300003,58.020672,39.43174378381736,0.01332930871838121,6,64,,True,False,Request timeout: 300.0s exceeded,10,87.6246207195492
318,2026-09-18T06:50:49.334+00:00,2026-09-18T06:55:49.429+00:00,2026-09-18T06:55:49.429+00:00,False,1,0.0,,0.0,300094.37180699996,300094.37180699996,300094.37180699996,300094.37180699996,300094.37180699996,300094.37180699996,nan,300094.37180699996,nan,nan,0.0,6,64,,True,False,"HTTPConnectionPool(host='gpu03', port=9002): Read timed out.",0,87.6246207195492
319,2026-09-18T06:50:49.660+00:00,2026-09-18T06:55:49.725+00:00,2026-09-18T06:55:49.725+00:00,False,1,0.0,,0.0,300064.93748400005,300064.93748400005,300064.93748400005,300064.93748400005,300064.93748400005,300064.93748400005,nan,300064.93748400005,nan,nan,0.0,6,64,,True,False,"HTTPConnectionPool(host='gpu03', port=9002): Read timed out.",0,87.6246207195492
320,2026-09-18T06:50:50.008+00:00,2026-09-18T06:55:50.021+00:00,2026-09-18T06:55:50.094+00:00,False,3,2.0,,2.0,300013.012003,300086.641443,300086.641354,100028.88045133333,0.037329999999999995,300013.012003,173191.34218236455,270019.0700048,36.81472,52.01101867286077,0.00666474185716091,6,64,,True,False,Request timeout: 300.0s exceeded,8,87.6246207195492
321,2026-09-18T06:50:50.278+00:00,2026-09-18T06:55:50.165+00:00,2026-09-18T06:55:50.309+00:00,False,4,3.0,,3.0,299887.15794199996,300030.83333399997,300030.83340299997,75007.70835074999,0.047490000000000004,299887.15794199996,149919.6368787435,254914.94240644996,47.891797333333336,41.438247944297515,0.009998972327821867,6,64,,True,False,Request timeout: 300.0s exceeded,5,87.6246207195492
322,2026-09-18T06:50:50.535+00:00,2026-09-18T06:55:50.381+00:00,2026-09-18T06:55:50.573+00:00,False,5,4.0,,4.0,299846.813291,300038.848363,300038.84835000004,60007.76967000001,0.023889,299846.813291,134074.10425785012,239891.81734980003,48.008768,32.52636904527558,0.013331606962977763,6,64,,True,False,Request timeout: 300.0s exceeded,15,87.6246207195492
323,2026-09-18T06:50:50.817+00:00,2026-09-18T06:55:50.926+00:00,2026-09-18T06:55:50.926+00:00,False,1,0.0,,0.0,300108.570643,300108.570643,300108.570643,300108.570643,300108.570643,300108.570643,nan,300108.570643,nan,nan,0.0,6,64,,True,False,"HTTPConnectionPool(host='gpu03', port=9002): Read timed out.",0,87.6246207195492
324,2026-09-18T06:50:51.273+00:00,2026-09-18T06:55:51.397+00:00,2026-09-18T06:55:51.397+00:00,False,1,0.0,,0.0,300123.39966399997,300123.39966399997,300123.39966399997,300123.39966399997,300123.39966399997,300123.39966399997,nan,300123.39966399997,nan,nan,0.0,6,64,,True,False,TTFT timeout: 300.0s exceeded (TTFT: 300.097s),0,87.6246207195492
325,2026-09-18T06:50:51.700+00:00,2026-09-18T06:55:51.679+00:00,2026-09-18T06:55:51.737+00:00,False,3,2.0,,2.0,299978.55341500003,300036.61037500005,300036.610416,100012.20347200001,0.038149999999999996,299978.55341500003,173175.94137923772,269986.49995860003,29.02848,40.998526348952986,0.006665853202048592,6,64,,True,False,Request timeout: 300.0s exceeded,6,87.6246207195492
326,2026-09-18T06:50:52.095+00:00,2026-09-18T06:55:52.141+00:00,2026-09-18T06:55:52.141+00:00,False,1,0.0,,0.0,300045.913438,300045.913438,300045.913438,300045.913438,300045.913438,300045.913438,nan,300045.913438,nan,nan,0.0,6,64,,True,False,"HTTPConnectionPool(host='gpu03', port=9002): Read timed out.",0,87.6246207195492
327,2026-09-18T06:50:52.531+00:00,2026-09-18T06:55:52.607+00:00,2026-09-18T06:55:52.607+00:00,False,1,0.0,,0.0,300076.20787,300076.20787,300076.20787,300076.20787,300076.20787,300076.20787,nan,300076.20787,nan,nan,0.0,6,64,,True,False,"HTTPConnectionPool(host='gpu03', port=9002): Read timed out.",0,87.6246207195492
328,2026-09-18T06:50:52.898+00:00,2026-09-18T06:55:52.818+00:00,2026-09-18T06:55:52.927+00:00,False,4,3.0,,3.0,299920.173963,300028.667787,300028.667769,75007.16694225,0.02084,299920.173963,149942.00746138155,254942.7532641,36.164608,35.368400865528315,0.009999044498407054,6,64,,True,False,Request timeout: 300.0s exceeded,11,87.6246207195492
0,2026-09-18T06:48:53.131+00:00,2026-09-18T06:48:53.321+00:00,2026-09-18T06:48:57.192+00:00,True,68,68.0,,68.0,190.066387,4060.7966269999997,4060.796424,59.71759447058824,12.683697,190.066387,20.764409298210484,80.8585895,57.77209313432836,13.282112114422088,16.74548278233684,7,64,,False,True,,306,87.6246207195492
1,2026-09-18T06:48:53.777+00:00,2026-09-18T06:48:53.970+00:00,2026-09-18T06:48:59.449+00:00,True,93,93.0,,93.0,193.287431,5672.480775,5672.48077,60.99441688172043,17.334118,193.287431,16.709991364772748,71.2400076,59.556449391304355,9.37432364139621,16.394943180746168,7,64,,False,True,,385,87.6246207195492
2,2026-09-18T06:48:54.221+00:00,2026-09-18T06:48:56.438+00:00,2026-09-18T06:49:00.819+00:00,True,73,73.0,,73.0,2216.9448500000003,6598.143698,6598.143459,90.38552683561645,7.892856,2216.9448500000003,252.58717132919728,68.8406762,60.849984,10.977818186996252,11.063717818411176,7,64,,False,True,,370,87.6246207195492
3,2026-09-18T06:48:54.598+00:00,2026-09-18T06:48:57.695+00:00,2026-09-18T06:49:03.082+00:00,True,91,91.0,,91.0,3097.2340440000003,8484.278396,8484.278544,93.23383015384616,0.0,3097.2340440000003,318.68727394206815,68.26877850000001,59.85604835555556,13.515671321954986,10.725720650904487,7,64,,False,True,,402,87.6246207195492
4,2026-09-18T06:48:54.954+00:00,2026-09-18T06:48:58.953+00:00,2026-09-18T06:49:01.850+00:00,True,49,49.0,,49.0,3998.7860299999998,6895.873006,6895.873036,140.7321027755102,7.453386,3998.7860299999998,562.775681096516,69.75482579999999,60.355978666666665,12.811953361680727,7.105699301214771,7,64,,False,True,,195,87.6246207195492
5,2026-09-18T06:48:55.549+00:00,2026-09-18T06:49:00.879+00:00,2026-09-18T06:49:05.360+00:00,True,76,76.0,,76.0,5330.348036,9811.682308,9811.682288,129.1010827368421,0.0,5330.348036,604.8465943223515,69.768235,59.75112362666667,18.113395327874304,7.74586840607681,7,64,,False,True,,438,87.6246207195492
6,2026-09-18T06:48:56.101+00:00,2026-09-18T06:49:03.201+00:00,2026-09-18T06:49:04.333+00:00,True,20,20.0,,20.0,7100.056697,8232.006009,8232.006064,411.6003032,39.297036999999996,7100.056697,1574.3145735993357,418.9700826,59.576279578947364,7.129404808824915,2.4295414724107496,7,64,,False,True,,85,87.6246207195492
7,2026-09-18T06:48:56.661+00:00,2026-09-18T06:49:05.361+00:00,2026-09-18T06:49:08.747+00:00,True,57,57.0,,57.0,8699.177925,12085.721540999999,12085.721672,212.03020477192982,0.0,8699.177925,1145.0277853331584,94.50055019999999,60.47399314285714,43.276476859569456,4.716309225446849,7,64,,False,True,,245,87.6246207195492
8,2026-09-18T06:48:57.293+00:00,2026-09-18T06:49:07.599+00:00,2026-09-18T06:49:11.250+00:00,True,62,62.0,,62.0,10306.005149,13956.725917,13956.725885,225.10848201612905,0.0,10306.005149,1302.1191540358259,186.80917670000002,59.84788144262295,47.59538136826889,4.442302612282502,7,64,,False,True,,235,87.6246207195492
9,2026-09-18T06:48:57.930+00:00,2026-09-18T06:49:09.913+00:00,2026-09-18T06:49:14.325+00:00,True,74,74.0,,74.0,11982.585674,16394.726218,16394.726395,221.5503566891892,0.0,11982.585674,1386.259080442654,69.09488705,60.440281424657535,30.81449909102827,4.513646584641003,7,64,,False,True,,345,87.6246207195492
10,2026-09-18T06:48:58.446+00:00,2026-09-18T06:49:11.855+00:00,2026-09-18T06:49:12.381+00:00,True,10,10.0,,10.0,13408.701383,13935.013063,13935.013105,1393.5013105,43.23998,13408.701383,4221.716954121419,7404.21229925,58.47907555555555,7.536501811172726,0.717616837156172,7,64,,False,True,,51,87.6246207195492
11,2026-09-18T06:48:58.933+00:00,2026-09-18T06:49:13.859+00:00,2026-09-18T06:49:18.122+00:00,True,73,73.0,,73.0,14926.499792999999,19189.473232999997,19189.473092,262.8694944109589,0.0,14926.499792999999,1740.3886792046928,69.483099,59.20796444444445,32.7447326448326,3.804169041725566,7,64,,False,True,,472,87.6246207195492
12,2026-09-18T06:48:59.393+00:00,2026-09-18T06:49:15.256+00:00,2026-09-18T06:49:19.103+00:00,True,65,65.0,,65.0,15863.764380999999,19710.430621,19710.430763,303.2373963538461,0.0,15863.764380999999,1960.5046877710038,70.4026006,60.10416,34.67561150010959,3.2977463176652937,7,64,,False,True,,329,87.6246207195492
13,2026-09-18T06:48:59.773+00:00,2026-09-18T06:49:16.960+00:00,2026-09-18T06:49:19.446+00:00,True,45,45.0,,45.0,17187.414181,19673.339301,19673.339342,437.1853187111111,0.0,17187.414181,2553.7712705656654,68.90768840000001,56.49829818181818,15.354196257058565,2.287359523032912,7,64,,False,True,,202,87.6246207195492
14,2026-09-18T06:49:00.236+00:00,2026-09-18T06:49:18.318+00:00,2026-09-18T06:49:19.692+00:00,True,24,24.0,,24.0,18082.060369,19456.280401,19456.280274999997,810.6783447916666,34.480676,18082.060369,3678.7977856255616,67.12429815,59.74869704347826,8.236456717988668,1.2335348538031177,7,64,,False,True,,95,87.6246207195492
15,2026-09-18T06:49:00.697+00:00,2026-09-18T06:49:20.251+00:00,2026-09-18T06:49:24.149+00:00,True,62,62.0,,62.0,19553.572904,23451.658792000002,23451.65886,378.25256225806453,0.0,19553.572904,2475.987554966156,104.0277788,63.9030473442623,63.339525124951265,2.6437362299143583,7,64,,False,True,,202,87.6246207195492
16,2026-09-18T06:49:01.337+00:00,2026-09-18T06:49:22.412+00:00,2026-09-18T06:49:28.464+00:00,True,97,97.0,,97.0,21075.147386999997,27126.614394999997,27126.614362999997,279.6558181752577,0.0,21075.147386999997,2134.028670508064,89.9001886,63.03611466666666,49.666291633459345,3.575824044517665,7,64,,False,True,,464,87.6246207195492
17,2026-09-18T06:49:01.771+00:00,2026-09-18T06:49:24.132+00:00,2026-09-18T06:49:28.059+00:00,True,68,68.0,,68.0,22360.265669,26287.905221,26287.905171000002,386.58684075,15.978441,22360.265669,2704.4982746150217,71.14711285,58.62148585074627,12.101093525822177,2.586740914817299,7,64,,False,True,,345,87.6246207195492
18,2026-09-18T06:49:02.218+00:00,2026-09-18T06:49:25.908+00:00,2026-09-18T06:49:27.085+00:00,True,20,20.0,,20.0,23689.951498,24867.123721999997,24867.123790999998,1243.35618955,38.077349000000005,23689.951498,5283.389827690684,1272.786754,61.956432842105265,10.301780595757617,0.8042747614717483,7,64,,False,True,,82,87.6246207195492
19,2026-09-18T06:49:02.844+00:00,2026-09-18T06:49:28.464+00:00,2026-09-18T06:49:30.037+00:00,True,31,31.0,,31.0,25619.792412,27192.580891999998,27192.581028999997,877.1800331935483,0.0,25619.792412,4592.095471592014,80.50907049999999,52.426282666666665,24.065309113182654,1.1400168348536617,7,64,,False,True,,155,87.6246207195492
20,2026-09-18T06:49:03.492+00:00,2026-09-18T06:49:30.838+00:00,2026-09-18T06:49:30.965+00:00,True,3,3.0,,3.0,27345.808225,27472.251745,27472.25177,9157.417256666668,57.522843,27345.808225,15751.609663475972,24618.119472700004,63.22176,8.059342876668792,0.10920109599483432,7,64,,False,True,,9,87.6246207195492
21,2026-09-18T06:49:03.995+00:00,2026-09-18T06:49:32.908+00:00,2026-09-18T06:49:34.185+00:00,True,22,22.0,,22.0,28913.164112,30190.024272,30190.024189,1372.2738267727273,0.0,28913.164112,6152.084339745774,451.69261119999993,60.802864761904765,97.79072186388595,0.7287175327117604,7,64,,False,True,,112,87.6246207195492
22,2026-09-18T06:49:04.545+00:00,2026-09-18T06:49:35.146+00:00,2026-09-18T06:49:38.437+00:00,True,59,59.0,,59.0,30600.751938,33891.799618000005,33891.799507,574.437279779661,0.01789,30600.751938,3976.5581937247453,91.6262818,56.742201379310345,23.25548931825986,1.7408340856785007,7,64,,False,True,,302,87.6246207195492
23,2026-09-18T06:49:05.017+00:00,2026-09-18T06:49:36.532+00:00,2026-09-18T06:49:42.198+00:00,True,94,94.0,,94.0,31514.923219,37180.882387,37180.882526,395.5413034680851,0.0,31514.923219,3244.620505389927,94.32179765000001,60.92429212903226,50.463232144233615,2.5281809888639533,7,64,,False,True,,455,87.6246207195492
24,2026-09-18T06:49:05.501+00:00,2026-09-18T06:49:38.393+00:00,2026-09-18T06:49:42.950+00:00,True,77,77.0,,77.0,32891.812495,37449.034895,37449.034866999995,486.3511021688311,0.0,32891.812495,3741.939711307816,94.7996032,59.963452631578946,55.29995179222823,2.056127753783066,7,64,,False,True,,380,87.6246207195492
25,2026-09-18T06:49:06.058+00:00,2026-09-18T06:49:40.302+00:00,2026-09-18T06:49:43.609+00:00,True,54,54.0,,54.0,34244.199608,37551.249336,37551.249257,695.3935047592593,32.068991000000004,34244.199608,4651.578288569761,103.08175929999999,62.397164679245286,15.132741328498055,1.4380347113572798,7,64,,False,True,,285,87.6246207195492
26,2026-09-18T06:49:06.696+00:00,2026-09-18T06:49:43.015+00:00,2026-09-18T06:49:45.987+00:00,True,49,49.0,,49.0,36318.16172,39290.6942,39290.694315999994,801.8509044081632,0.0,36318.16172,5180.1164829443715,107.1020822,61.92776,83.21353357427992,1.247114641206823,7,64,,False,True,,227,87.6246207195492
27,2026-09-18T06:49:07.226+00:00,2026-09-18T06:49:45.268+00:00,2026-09-18T06:49:50.356+00:00,True,91,91.0,,91.0,38042.393295999995,43130.560207999995,43130.560359999996,473.9622017582417,0.0,38042.393295999995,3982.516001337383,95.7071385,56.53518791111111,64.471955177297,2.1098728966455904,7,64,,False,True,,465,87.6246207195492
28,2026-09-18T06:49:07.888+00:00,2026-09-18T06:49:46.720+00:00,2026-09-18T06:49:52.465+00:00,True,88,88.0,,88.0,38832.02649800001,44577.49005000001,44577.490059,506.562387034091,0.0,38832.02649800001,4133.454177857051,91.87983385,66.03981094252873,90.80695377722495,1.9740905084897211,7,64,,False,True,,333,87.6246207195492
29,2026-09-18T06:49:08.417+00:00,2026-09-18T06:49:49.763+00:00,2026-09-18T06:49:49.949+00:00,True,4,4.0,,4.0,41346.159558,41532.155846,41532.155885,10383.03897125,32.528490000000005,41346.159558,20642.09517325327,35158.183044,61.998762666666664,30.25561031332479,0.09631091665050764,7,64,,False,True,,19,87.6246207195492
30,2026-09-18T06:49:09.021+00:00,2026-09-18T06:49:52.460+00:00,2026-09-18T06:49:57.142+00:00,True,80,80.0,,80.0,43439.364245,48121.318804999995,48121.318606999994,601.5164825874999,0.0,43439.364245,4850.074946914723,92.12670324999999,59.2652475949367,17.85103044483923,1.662464828201834,7,64,,False,True,,334,87.6246207195492
31,2026-09-18T06:49:09.384+00:00,2026-09-18T06:49:53.608+00:00,2026-09-18T06:49:56.011+00:00,True,39,39.0,,39.0,44223.983781999996,46627.386278,46627.386207999996,1195.5740053333332,38.510169000000005,44223.983781999996,7071.387118658676,99.6504579,63.24743410526316,12.013526662883761,0.8364183179274882,7,64,,False,True,,124,87.6246207195492
32,2026-09-18T06:49:09.978+00:00,2026-09-18T06:49:56.259+00:00,2026-09-18T06:50:02.586+00:00,True,92,92.0,,92.0,46280.399536,52608.2124,52608.212562,571.8283974130435,0.0,46280.399536,4819.4136537855875,97.56792805,69.5364050989011,124.79048759240763,1.7487763944627017,7,64,,False,True,,408,87.6246207195492
33,2026-09-18T06:49:10.430+00:00,2026-09-18T06:49:58.220+00:00,2026-09-18T06:50:02.662+00:00,True,70,70.0,,70.0,47789.517598,52231.930398,52231.930392999995,746.1704341857143,0.0,47789.517598,5706.149553230575,97.61502465,64.38279420289855,148.51040832053542,1.3401763914641829,7,64,,False,True,,270,87.6246207195492
34,2026-09-18T06:49:11.018+00:00,2026-09-18T06:50:00.781+00:00,2026-09-18T06:50:02.647+00:00,True,30,30.0,,30.0,49762.755895999995,51629.04248799999,51629.042503,1720.9680834333333,0.0,49762.755895999995,9075.564984275536,603.5344604500001,64.35471006896552,189.96893383352608,0.5810683009852996,7,64,,False,True,,145,87.6246207195492
35,2026-09-18T06:49:11.504+00:00,2026-09-18T06:50:02.762+00:00,2026-09-18T06:50:08.162+00:00,True,87,87.0,,87.0,51257.814765,56657.965549,56657.965493,651.240982678161,33.060269,51257.814765,5488.700768097507,96.3093065,62.792450976744185,14.238491285417046,1.5355298969349513,7,64,,False,True,,541,87.6246207195492
36,2026-09-18T06:49:11.994+00:00,2026-09-18T06:50:04.941+00:00,2026-09-18T06:50:07.171+00:00,True,35,35.0,,35.0,52947.204163999995,55177.102404,55177.10223999999,1576.4886354285713,39.675657,52947.204163999995,8938.636992051044,101.5782441,65.58524235294118,14.833225626347609,0.634321094713062,7,64,,False,True,,159,87.6246207195492
37,2026-09-18T06:49:12.579+00:00,2026-09-18T06:50:07.172+00:00,2026-09-18T06:50:12.870+00:00,True,94,94.0,,94.0,54593.30914500001,60290.74095300001,60290.740925000006,641.3908609042554,0.0,54593.30914500001,5625.171870066239,91.5732963,61.26270761290322,84.01821438800023,1.5591117062780542,7,64,,False,True,,426,87.6246207195492
38,2026-09-18T06:49:13.171+00:00,2026-09-18T06:50:09.904+00:00,2026-09-18T06:50:09.904+00:00,True,6,6.0,,6.0,56732.553548,56732.553548,56732.553548,9455.425591333335,0.0,56732.553548,23160.967999620567,42549.415161000004,0.0,0.0,0.10575938548092233,7,64,,False,True,,13,87.6246207195492
39,2026-09-18T06:49:13.535+00:00,2026-09-18T06:50:10.725+00:00,2026-09-18T06:50:15.350+00:00,True,77,77.0,,77.0,57190.953756999996,61815.901980999995,61815.901985,802.8039218831168,28.755597,57190.953756999996,6510.588679388816,79.2783914,60.85458189473684,11.280668727488923,1.2456341739325758,7,64,,False,True,,275,87.6246207195492
40,2026-09-18T06:49:13.969+00:00,2026-09-18T06:50:12.207+00:00,2026-09-18T06:50:15.022+00:00,True,48,48.0,,48.0,58238.51755,61052.73502199999,61052.734857999996,1271.9319762083333,37.913360999999995,58238.51755,8397.36956809192,72.6839427,59.876967489361704,10.245540946462043,0.7862055644633035,7,64,,False,True,,178,87.6246207195492
41,2026-09-18T06:49:14.440+00:00,2026-09-18T06:50:14.136+00:00,2026-09-18T06:50:15.502+00:00,True,22,22.0,,22.0,59695.722268,61061.791772,61061.791767999995,2775.5359894545454,39.327726999999996,59695.722268,12713.306548575463,90.64369919999999,65.05092876190476,11.20448561398897,0.36029077040756186,7,64,,False,True,,86,87.6246207195492
42,2026-09-18T06:49:15.036+00:00,2026-09-18T06:50:16.295+00:00,2026-09-18T06:50:20.985+00:00,True,76,76.0,,76.0,61259.289842,65948.763122,65948.763251,867.7468848815789,0.0,61259.289842,7021.2353528830545,103.46099175,62.5263104,145.37778144014462,1.1524097860547589,7,64,,False,True,,423,87.6246207195492
43,2026-09-18T06:49:15.487+00:00,2026-09-18T06:50:18.262+00:00,2026-09-18T06:50:23.659+00:00,True,86,86.0,,86.0,62775.277231,68171.448495,68171.448356,792.6912599534884,0.0,62775.277231,6763.134308968168,91.375947,63.4843678117647,101.16522715250083,1.2615251971110402,7,64,,False,True,,392,87.6246207195492
44,2026-09-18T06:49:15.967+00:00,2026-09-18T06:50:20.215+00:00,2026-09-18T06:50:23.726+00:00,True,57,57.0,,57.0,64248.00377,67759.68761000001,67759.687672,1188.766450385965,0.0,64248.00377,8501.564003694495,93.3154738,62.70864,15.556670659958062,0.8412081284682297,7,64,,False,True,,218,87.6246207195492
45,2026-09-18T06:49:16.330+00:00,2026-09-18T06:50:21.393+00:00,2026-09-18T06:50:22.185+00:00,True,13,13.0,,13.0,65062.412223,65854.324415,65854.324432,5065.717264,37.245731,65062.412223,18026.76940789065,26081.464211399998,65.99268266666667,15.453517194384627,0.19740541134514958,7,64,,False,True,,63,87.6246207195492
46,2026-09-18T06:49:16.684+00:00,2026-09-18T06:50:22.434+00:00,2026-09-18T06:50:26.090+00:00,True,59,59.0,,59.0,65750.293999,69405.965807,69405.965635,1176.3722988983052,37.354621,65750.293999,8551.761981757347,89.6078238,63.02882427586207,12.136140849710168,0.850071017872782,7,64,,False,True,,294,87.6246207195492
47,2026-09-18T06:49:17.052+00:00,2026-09-18T06:50:24.354+00:00,2026-09-18T06:50:29.466+00:00,True,83,83.0,,83.0,67302.114961,72414.513553,72414.513579,872.4640190240964,31.897041,67302.114961,7380.535849051224,93.3300562,62.34632429268292,13.6139021273422,1.1461790727801067,7,64,,False,True,,339,87.6246207195492
48,2026-09-18T06:49:17.652+00:00,2026-09-18T06:50:26.303+00:00,2026-09-18T06:50:26.609+00:00,True,6,6.0,,6.0,68651.26956999999,68956.86726599999,68956.86708599998,11492.811181,57.182434,68651.26956999999,28001.81184828388,51505.712078249984,61.119539200000006,4.8848025433128,0.08701091331273937,7,64,,False,True,,17,87.6246207195492
49,2026-09-18T06:49:18.042+00:00,2026-09-18T06:50:27.858+00:00,2026-09-18T06:50:33.232+00:00,True,88,88.0,,88.0,69816.14488699999,75189.66603899999,75189.666164,854.428024590909,0.0,69816.14488699999,7436.665870939219,95.41049335000001,61.76461094252873,111.34039024180379,1.1703735983393708,7,64,,False,True,,430,87.6246207195492
50,2026-09-18T06:49:18.528+00:00,2026-09-18T06:50:29.644+00:00,2026-09-18T06:50:32.242+00:00,True,41,41.0,,41.0,71116.066875,73714.345531,73714.345562,1797.9108673658538,0.0,71116.066875,11097.495039907604,92.4436,64.9569664,163.60722326469804,0.5562010990487295,7,64,,False,True,,196,87.6246207195492
51,2026-09-18T06:49:19.043+00:00,2026-09-18T06:50:32.240+00:00,2026-09-18T06:50:34.827+00:00,True,46,46.0,,46.0,73197.638892,75784.115948,75784.11598,1647.4807821739132,0.0,73197.638892,10785.010429937025,95.217102,57.477267911111106,154.48746002865948,0.6069873538085915,7,64,,False,True,,207,87.6246207195492
52,2026-09-18T06:49:19.400+00:00,2026-09-18T06:50:32.998+00:00,2026-09-18T06:50:38.822+00:00,True,96,96.0,,96.0,73598.612367,79422.04302299999,79422.043094,827.3129488958333,0.016489999999999998,73598.612367,7506.127098068422,83.95032025,61.29927006315789,107.13144159276496,1.208732441851177,7,64,,False,True,,397,87.6246207195492
53,2026-09-18T06:49:19.761+00:00,2026-09-18T06:50:34.710+00:00,2026-09-18T06:50:35.467+00:00,True,19,19.0,,19.0,74949.23887,75706.40059800001,75706.400413,3984.547390157895,0.01758,74949.23887,17184.929109438002,7618.4049283,42.06454044444445,40.34867828238901,0.25096953295785057,7,64,,False,True,,63,87.6246207195492
54,2026-09-18T06:49:20.354+00:00,2026-09-18T06:50:36.506+00:00,2026-09-18T06:50:41.954+00:00,True,86,86.0,,86.0,76151.81734000001,81600.476284,81600.47641300001,948.8427489883723,35.162455,76151.81734000001,8204.760060619414,97.98807375,64.10186992941176,13.326220978744333,1.0539154171194787,7,64,,False,True,,411,87.6246207195492
55,2026-09-18T06:49:20.786+00:00,2026-09-18T06:50:38.442+00:00,2026-09-18T06:50:39.364+00:00,True,15,15.0,,15.0,77656.22778900001,78578.54791700002,78578.547818,5238.569854533334,54.627809,77656.22778900001,20033.74547926755,23372.27880540001,65.88000914285715,12.848023246830529,0.19089179423172867,7,64,,False,True,,54,87.6246207195492
56,2026-09-18T06:49:21.572+00:00,2026-09-18T06:50:39.931+00:00,2026-09-18T06:50:42.091+00:00,True,34,34.0,,34.0,78359.20546,80519.0109,80519.010863,2368.206201852941,39.352377999999995,78359.20546,13427.278100177411,102.9848667,65.4486496969697,16.28949936948091,0.42226052729616925,7,64,,False,True,,152,87.6246207195492
57,2026-09-18T06:49:21.885+00:00,2026-09-18T06:50:42.414+00:00,2026-09-18T06:50:47.487+00:00,True,83,83.0,,83.0,80529.612546,85602.136322,85602.136089,1031.3510372168676,0.0,80529.612546,8833.412748239693,92.53894129999999,61.86004604878049,128.92683160959155,0.9696019698362218,7,64,,False,True,,418,87.6246207195492
58,2026-09-18T06:49:22.491+00:00,2026-09-18T06:50:45.768+00:00,2026-09-18T06:50:47.884+00:00,True,53,53.0,,53.0,83277.814935,85393.381271,85393.38133,1611.1958741509434,0.0,83277.814935,11433.535790944374,69.85336660000002,40.683968,29.188109466897995,0.6206570018793605,7,64,,False,True,,262,87.6246207195492
59,2026-09-18T06:49:23.085+00:00,2026-09-18T06:50:47.041+00:00,2026-09-18T06:50:47.487+00:00,True,9,9.0,,9.0,83956.008854,84402.46927,84402.469218,9378.052135333333,36.274643,83956.008854,27966.735583952268,50400.98086560001,55.807552,10.769673180233996,0.10663195138532468,7,64,,False,True,,40,87.6246207195492
60,2026-09-18T06:49:23.486+00:00,2026-09-18T06:50:48.450+00:00,2026-09-18T06:50:53.952+00:00,True,90,90.0,,90.0,84963.828742,90466.106886,90466.10677,1005.1789641111111,34.154385999999995,84963.828742,8949.461481723878,71.34200235,61.82334993258427,8.839514123820281,0.9948477180897444,7,64,,False,True,,335,87.6246207195492
61,2026-09-18T06:49:23.922+00:00,2026-09-18T06:50:49.909+00:00,2026-09-18T06:50:55.616+00:00,True,93,93.0,,93.0,85987.121192,91694.114856,91694.114891,985.9582246344087,37.700731,85987.121192,8910.023789598488,91.2421552,62.03253982608695,11.357431294840477,1.0142417552756882,7,64,,False,True,,473,87.6246207195492
62,2026-09-18T06:49:24.275+00:00,2026-09-18T06:50:51.256+00:00,2026-09-18T06:50:51.256+00:00,True,1,1.0,,1.0,86980.436746,86980.436746,86980.436746,86980.436746,86980.436746,86980.436746,nan,86980.436746,nan,nan,0.011496838109932659,7,64,,False,True,,3,87.6246207195492
63,2026-09-18T06:49:24.646+00:00,2026-09-18T06:50:52.701+00:00,2026-09-18T06:50:55.512+00:00,True,45,45.0,,45.0,88055.03884000001,90866.05964,90866.059668,2019.2457704,38.356508999999996,88055.03884000001,13116.952271196307,95.5162354,63.88683636363637,12.461335401815944,0.4952344162197017,7,64,,False,True,,157,87.6246207195492
64,2026-09-18T06:49:25.155+00:00,2026-09-18T06:50:54.452+00:00,2026-09-18T06:51:00.574+00:00,True,99,99.0,,99.0,89297.24100499999,95419.09930899998,95419.09943599999,963.8292872323232,38.121889,89297.24100499999,8968.437438342204,89.37097800000001,62.46794187755102,9.802139581709573,1.0375281334337878,7,64,,False,True,,324,87.6246207195492
65,2026-09-18T06:49:25.634+00:00,2026-09-18T06:50:56.373+00:00,2026-09-18T06:50:56.679+00:00,True,6,6.0,,6.0,90738.031403,91044.449067,91044.449076,15174.074846,57.867743000000004,90738.031403,37018.62744217093,68070.24062125,61.283532799999996,3.6004236239002765,0.06590187607796467,7,64,,False,True,,28,87.6246207195492
66,2026-09-18T06:49:26.088+00:00,2026-09-18T06:50:57.945+00:00,2026-09-18T06:50:59.913+00:00,True,33,33.0,,33.0,91856.204367,93825.018191,93825.018343,2843.182374030303,37.437121,91856.204367,15979.405319624735,79.1731838,61.525432,9.580470107918854,0.3517185569079428,7,64,,False,True,,116,87.6246207195492
67,2026-09-18T06:49:26.735+00:00,2026-09-18T06:51:00.291+00:00,2026-09-18T06:51:02.032+00:00,True,29,29.0,,29.0,93555.24585699999,95296.85840099999,95296.858344,3286.0985635862066,45.956855000000004,93555.24585699999,17361.224363697154,83.7786448,62.200448,7.775247174507535,0.3043122353306842,7,64,,True,True,,107,87.6246207195492
68,2026-09-18T06:49:27.093+00:00,2026-09-18T06:51:01.709+00:00,2026-09-18T06:51:05.477+00:00,True,62,62.0,,62.0,94616.47816500001,98384.42491700001,98384.42477200001,1586.8455608387098,37.493081,94616.47816500001,12008.461937537346,67.45902955000001,61.769618885245904,6.888623336466742,0.6301810479891,7,64,,True,True,,316,87.6246207195492
69,2026-09-18T06:49:27.720+00:00,2026-09-18T06:51:03.917+00:00,2026-09-18T06:51:09.798+00:00,True,96,96.0,,96.0,96197.224404,102077.82497999999,102077.824862,1063.3106756458333,35.800744,96197.224404,9811.777246412383,92.2496415,61.90105869473685,11.692946575858164,0.9404589098446131,7,64,,True,True,,403,87.6246207195492
70,2026-09-18T06:49:28.303+00:00,2026-09-18T06:51:06.455+00:00,2026-09-18T06:51:10.047+00:00,True,59,59.0,,59.0,98151.692722,101744.01221,101744.012224,1724.4747834576272,33.568968,98151.692722,12770.204890111192,92.6702958,61.93654289655172,12.851123752125753,0.579886705059594,7,64,,True,True,,231,87.6246207195492
71,2026-09-18T06:49:28.711+00:00,2026-09-18T06:51:08.002+00:00,2026-09-18T06:51:11.898+00:00,True,63,63.0,,63.0,99291.268546,103187.132354,103187.132456,1637.8909913650796,37.555980000000005,99291.268546,12501.612706153925,89.36505640000001,62.83651303225806,11.677699757828066,0.610541242524973,7,64,,True,True,,282,87.6246207195492
72,2026-09-18T06:49:29.185+00:00,2026-09-18T06:51:09.917+00:00,2026-09-18T06:51:14.767+00:00,True,78,78.0,,78.0,100731.825675,105582.259467,105582.259418,1353.6187104871794,39.610397,100731.825675,11398.504212225474,83.84401435,62.992646649350654,8.917475432000876,0.7387604735280277,7,64,,True,True,,382,87.6246207195492
73,2026-09-18T06:49:29.669+00:00,2026-09-18T06:51:11.896+00:00,2026-09-18T06:51:13.893+00:00,True,33,33.0,,33.0,102227.41951,104224.00498200001,104224.00508500001,3158.30318439394,37.81095,102227.41951,17784.65123943736,89.460134,62.393296,10.418008399357026,0.31662571406365797,7,64,,True,True,,151,87.6246207195492
74,2026-09-18T06:49:30.117+00:00,2026-09-18T06:51:13.652+00:00,2026-09-18T06:51:19.795+00:00,True,96,96.0,,96.0,103534.404044,109677.364684,109677.36459499999,1142.4725478645832,37.234711000000004,103534.404044,10560.34041703046,90.735232,64.66274357894737,9.430865365357306,0.8752945539546203,7,64,,True,True,,420,87.6246207195492
75,2026-09-18T06:49:30.678+00:00,2026-09-18T06:51:15.333+00:00,2026-09-18T06:51:21.367+00:00,True,95,95.0,,95.0,104654.910125,110689.03953299999,110689.03946799999,1165.1477838736841,35.913474,104654.910125,10730.787570373508,93.53578569999999,64.19286604255319,11.77955597243395,0.8582602252292326,7,64,,True,True,,645,87.6246207195492
76,2026-09-18T06:49:31.190+00:00,2026-09-18T06:51:17.619+00:00,2026-09-18T06:51:22.467+00:00,True,77,77.0,,77.0,106428.569257,111276.954537,111276.954514,1445.1552534285713,38.755258000000005,106428.569257,12121.397016572477,95.69632680000001,63.794543157894736,12.115495782392783,0.6919671761361623,7,64,,True,True,,304,87.6246207195492
77,2026-09-18T06:49:31.763+00:00,2026-09-18T06:51:19.363+00:00,2026-09-18T06:51:25.371+00:00,True,97,97.0,,97.0,107600.115812,113608.06666000001,113608.066595,1171.2171813917525,37.210601000000004,107600.115812,10918.786750939023,90.29632880000001,62.582821333333335,10.050957328346627,0.8538126107743412,7,64,,True,True,,469,87.6246207195492
78,2026-09-18T06:49:32.346+00:00,2026-09-18T06:51:21.930+00:00,2026-09-18T06:51:25.246+00:00,True,53,53.0,,53.0,109584.10100499999,112899.98478099999,112899.98468999998,2130.1883903773582,36.149183,109584.10100499999,15043.77891602517,92.2301476,63.766995692307695,11.177274699425924,0.46944204733780803,7,64,,True,True,,249,87.6246207195492
79,2026-09-18T06:49:32.759+00:00,2026-09-18T06:51:23.599+00:00,2026-09-18T06:51:27.102+00:00,True,57,57.0,,57.0,110839.95597499999,114342.98957499999,114342.989542,2006.0173603859648,40.679584999999996,110839.95597499999,14672.828445722993,90.1324518,62.55417142857142,9.676237324207559,0.4985001722612167,7,64,,True,True,,267,87.6246207195492
80,2026-09-18T06:49:33.254+00:00,2026-09-18T06:51:25.528+00:00,2026-09-18T06:51:28.318+00:00,True,45,45.0,,45.0,112273.703905,115064.013537,115064.01348200001,2556.978077377778,36.637422,112273.703905,16727.326492716893,93.58882720000001,63.416128,12.286240110516797,0.3910866535654937,7,64,,True,True,,193,87.6246207195492
81,2026-09-18T06:49:33.675+00:00,2026-09-18T06:51:27.101+00:00,2026-09-18T06:51:28.317+00:00,True,19,19.0,,19.0,113426.127526,114641.55255,114641.552557,6033.765924052632,42.77178,113426.127526,26006.251388578054,11428.8066643,67.52361244444445,14.992256778034838,0.16573397321807293,7,64,,True,True,,88,87.6246207195492
82,2026-09-18T06:49:34.315+00:00,2026-09-18T06:51:30.024+00:00,2026-09-18T06:51:31.347+00:00,True,23,23.0,,23.0,115708.679017,117032.521577,117032.521727,5088.3705098695655,37.482741000000004,115708.679017,24114.383225538502,94.8171292,60.17466181818182,12.524714232494665,0.19652656962421725,7,64,,True,True,,102,87.6246207195492
83,2026-09-18T06:49:35.181+00:00,2026-09-18T06:51:32.045+00:00,2026-09-18T06:51:32.371+00:00,True,6,6.0,,6.0,116864.530492,117190.81119600001,117190.81128800001,19531.801881333333,42.83213,116864.530492,47683.10649170251,87671.05130225001,65.2561408,16.977481083252933,0.051198553357268625,7,64,,True,True,,33,87.6246207195492
84,2026-09-18T06:49:35.292+00:00,2026-09-18T06:51:34.145+00:00,2026-09-18T06:51:35.964+00:00,True,30,30.0,,30.0,118853.32506100001,120672.808197,120672.808044,4022.4269348000003,38.11752,118853.32506100001,21688.098234547306,94.34000485,62.74079779310345,13.450237671069273,0.24860613130859266,7,64,,True,True,,90,87.6246207195492
85,2026-09-18T06:49:35.794+00:00,2026-09-18T06:51:36.214+00:00,2026-09-18T06:51:39.087+00:00,True,47,47.0,,47.0,120419.40387899999,123292.409959,123292.410022,2623.2427664255315,39.209697,120419.40387899999,17555.867676627644,90.98699419999998,62.456653913043475,9.647401022314629,0.381207570000696,7,64,,True,True,,238,87.6246207195492
86,2026-09-18T06:49:36.147+00:00,2026-09-18T06:51:37.548+00:00,2026-09-18T06:51:42.338+00:00,True,78,78.0,,78.0,121400.978921,126190.477289,126190.477338,1617.8266325384616,35.107324999999996,121400.978921,13738.916118116233,95.19149985000001,62.20127750649351,11.786930999939123,0.6181132021663195,7,64,,True,True,,303,87.6246207195492
87,2026-09-18T06:49:36.634+00:00,2026-09-18T06:51:39.650+00:00,2026-09-18T06:51:45.213+00:00,True,92,92.0,,92.0,123016.477948,128579.14854,128579.148735,1397.5994427717392,38.178230000000006,123016.477948,12818.98426388276,69.24019515,61.12824826373626,8.693095209304877,0.7155125931743085,7,64,,True,True,,428,87.6246207195492
88,2026-09-18T06:49:36.990+00:00,2026-09-18T06:51:40.961+00:00,2026-09-18T06:51:41.270+00:00,True,6,6.0,,6.0,123971.116399,124280.569455,124280.569377,20713.4282295,53.59208,123971.116399,50585.72982234985,92995.11722325001,61.8906112,5.219355198359582,0.04827786054015872,7,64,,True,True,,21,87.6246207195492
89,2026-09-18T06:49:37.420+00:00,2026-09-18T06:51:42.946+00:00,2026-09-18T06:51:45.625+00:00,True,45,45.0,,45.0,125525.79970999999,128205.353758,128205.353727,2849.0078605999997,38.079569000000006,125525.79970999999,18703.204260882852,68.33543900000001,60.89895563636363,6.593036983847354,0.350999382482434,7,64,,True,True,,194,87.6246207195492
90,2026-09-18T06:49:37.957+00:00,2026-09-18T06:51:44.864+00:00,2026-09-18T06:51:49.074+00:00,True,71,71.0,,71.0,126907.299356,131116.97206,131116.97196,1846.7179149295775,36.072063,126907.299356,15053.991640440396,69.253666,60.138181485714284,9.906035789851531,0.5415012174587889,7,64,,True,True,,412,87.6246207195492
91,2026-09-18T06:49:38.368+00:00,2026-09-18T06:51:46.058+00:00,2026-09-18T06:51:51.205+00:00,True,87,87.0,,87.0,127689.68962100001,132836.751893,132836.751847,1526.8592166321841,36.610872,127689.68962100001,13683.35842840002,69.8695916,59.84956130232558,9.549645148699396,0.6549392299962173,7,64,,True,True,,393,87.6246207195492
92,2026-09-18T06:49:38.800+00:00,2026-09-18T06:51:47.852+00:00,2026-09-18T06:51:49.962+00:00,True,36,36.0,,36.0,129052.75515099999,131162.40839899998,131162.408379,3643.4002327499998,42.344162,129052.75515099999,21498.747813890917,69.620767,60.27580708571429,7.457481579785913,0.2744688850976792,7,64,,True,True,,136,87.6246207195492
93,2026-09-18T06:49:39.395+00:00,2026-09-18T06:51:49.694+00:00,2026-09-18T06:51:54.897+00:00,True,85,85.0,,85.0,130299.717716,135502.811476,135502.811537,1594.1507239647058,34.229286,130299.717716,14126.274585321868,87.5567912,61.94159238095238,11.197974429960595,0.6272932574174303,7,64,,True,True,,382,87.6246207195492
94,2026-09-18T06:49:39.774+00:00,2026-09-18T06:51:51.131+00:00,2026-09-18T06:51:52.559+00:00,True,22,22.0,,22.0,131357.036038,132785.579782,132785.579695,6035.708167954545,56.175525,131357.036038,27990.91314561276,93.488018,68.02589257142857,11.194949791039193,0.16568064119702142,7,64,,True,True,,122,87.6246207195492
95,2026-09-18T06:49:40.264+00:00,2026-09-18T06:51:52.937+00:00,2026-09-18T06:51:53.615+00:00,True,12,12.0,,12.0,132672.852325,133351.159909,133351.15999100002,11112.596665916668,41.073524,132672.852325,38281.55312935212,59739.363560050006,61.66432581818182,7.031465685417996,0.0899879686700056,7,64,,True,True,,55,87.6246207195492
96,2026-09-18T06:49:40.647+00:00,2026-09-18T06:51:54.526+00:00,2026-09-18T06:51:55.656+00:00,True,20,20.0,,20.0,133878.975839,135009.797471,135009.79733099998,6750.4898665499995,37.926218999999996,133878.975839,29922.94369733937,6780.3931974,59.516928,13.7937634132562,0.14813739724552943,7,64,,True,True,,77,87.6246207195492
97,2026-09-18T06:49:41.231+00:00,2026-09-18T06:51:56.710+00:00,2026-09-18T06:51:59.665+00:00,True,51,51.0,,51.0,135478.701507,138434.36077099998,138434.360727,2714.399229941176,36.788651,135478.701507,18962.53682685802,68.303318,59.11318528,7.807894621610635,0.36840564521668795,7,64,,True,True,,263,87.6246207195492
98,2026-09-18T06:49:41.674+00:00,2026-09-18T06:51:58.554+00:00,2026-09-18T06:51:59.048+00:00,True,9,9.0,,9.0,136880.058765,137374.17178899999,137374.17186499998,15263.796873888889,51.654233,136880.058765,45606.09855722457,82155.2784922,61.764128,6.023426270753596,0.06551449870666781,7,64,,True,True,,47,87.6246207195492
99,2026-09-18T06:49:42.179+00:00,2026-09-18T06:52:00.442+00:00,2026-09-18T06:52:05.492+00:00,True,82,82.0,,82.0,138263.046398,143312.336638,143312.33683800002,1747.7114248536586,34.049286,138263.046398,15261.719111979852,89.93994719999999,62.336916543209874,10.92158190775801,0.5721768406241816,7,64,,True,True,,398,87.6246207195492
100,2026-09-18T06:49:42.645+00:00,2026-09-18T06:52:02.147+00:00,2026-09-18T06:52:02.968+00:00,True,14,14.0,,14.0,139501.352791,140322.509911,140322.50988,10023.03642,35.838204,139501.352791,37266.42691044079,48888.420419350005,63.1659323076923,17.790749304096252,0.09977016523492592,7,64,,True,True,,68,87.6246207195492
101,2026-09-18T06:49:43.246+00:00,2026-09-18T06:52:04.417+00:00,2026-09-18T06:52:08.612+00:00,True,68,68.0,,68.0,141171.805947,145366.62348299997,145366.623509,2137.744463367647,37.31732100000001,141171.805947,17112.007402714862,94.94264299999999,62.60921695522388,11.473611809058507,0.4677827576283514,7,64,,True,True,,333,87.6246207195492
102,2026-09-18T06:49:43.682+00:00,2026-09-18T06:52:06.229+00:00,2026-09-18T06:52:10.851+00:00,True,76,76.0,,76.0,142547.12258599998,147169.343386,147169.34332199997,1936.4387279210523,35.287414,142547.12258599998,16344.209678334419,83.74009875,61.629610666666665,9.475056795109518,0.5164118983711506,7,64,,True,True,,318,87.6246207195492
103,2026-09-18T06:49:44.196+00:00,2026-09-18T06:52:08.308+00:00,2026-09-18T06:52:12.755+00:00,True,74,74.0,,74.0,144111.82955899998,148559.50623099998,148559.50619,2007.5608944594592,38.720028,144111.82955899998,16745.57926379863,69.08947065000001,60.92707769863014,8.223084149649663,0.49811689522537195,7,64,,True,True,,348,87.6246207195492
104,2026-09-18T06:49:44.564+00:00,2026-09-18T06:52:09.602+00:00,2026-09-18T06:52:12.631+00:00,True,51,51.0,,51.0,145037.51365799998,148066.92729,148066.927172,2903.2730818039213,35.164725,145037.51365799998,20300.83241089932,69.4367205,60.58827264,9.728693356159171,0.3444388354200985,7,64,,True,True,,198,87.6246207195492
105,2026-09-18T06:49:45.014+00:00,2026-09-18T06:52:11.345+00:00,2026-09-18T06:52:11.856+00:00,True,9,9.0,,9.0,146330.58634900002,146841.610477,146841.610297,16315.734477444446,41.246832999999995,146330.58634900002,48755.57096327016,87833.5124398,63.878016,12.978300607440758,0.06129052909978593,7,64,,True,True,,36,87.6246207195492
106,2026-09-18T06:49:45.592+00:00,2026-09-18T06:52:13.452+00:00,2026-09-18T06:52:16.994+00:00,True,58,58.0,,58.0,147860.074277,151402.253605,151402.253606,2610.3836828620692,37.634671000000004,147860.074277,19406.822513169463,93.8652279,62.14349698245614,11.655029317041716,0.38308544700608455,7,64,,True,True,,311,87.6246207195492
107,2026-09-18T06:49:46.214+00:00,2026-09-18T06:52:16.067+00:00,2026-09-18T06:52:18.108+00:00,True,33,33.0,,33.0,149852.440433,151893.570417,151893.57026900002,4602.83546269697,40.374736,149852.440433,26074.861496959034,96.8359654,63.785312,13.7731630373451,0.21725738561154148,7,64,,True,True,,106,87.6246207195492
108,2026-09-18T06:49:46.665+00:00,2026-09-18T06:52:17.919+00:00,2026-09-18T06:52:21.348+00:00,True,54,54.0,,54.0,151253.452564,154682.872852,154682.872941,2864.4976470555557,38.619268,151253.452564,20574.18646777111,95.2066196,64.70604316981132,13.005741462856387,0.3491013517163403,7,64,,True,True,,244,87.6246207195492
109,2026-09-18T06:49:47.128+00:00,2026-09-18T06:52:19.601+00:00,2026-09-18T06:52:24.275+00:00,True,74,74.0,,74.0,152473.27156,157146.942472,157146.942499,2123.6073310675674,36.219313,152473.27156,17717.218636242127,95.07080965000002,64.02288920547944,10.979753160193209,0.47089684874514887,7,64,,True,True,,309,87.6246207195492
110,2026-09-18T06:49:47.649+00:00,2026-09-18T06:52:21.525+00:00,2026-09-18T06:52:24.056+00:00,True,41,41.0,,41.0,153876.29350600002,156406.89497800003,156406.895109,3814.802319731708,37.856300000000005,153876.29350600002,24021.56188871729,91.865519,63.2650368,11.331231055792575,0.26213678115512107,7,64,,True,True,,219,87.6246207195492
111,2026-09-18T06:49:48.825+00:00,2026-09-18T06:52:24.559+00:00,2026-09-18T06:52:29.545+00:00,True,80,80.0,,80.0,155734.539,160720.76901599998,160720.76908499998,2009.0096135625,36.973421,155734.539,17404.596792013403,78.253053,63.11683564556962,9.731974317613993,0.49775769796146196,7,64,,True,True,,321,87.6246207195492
112,2026-09-18T06:49:48.835+00:00,2026-09-18T06:52:25.978+00:00,2026-09-18T06:52:31.321+00:00,True,87,87.0,,87.0,157142.986584,162486.221656,162486.221564,1867.6577191264369,34.577235,157142.986584,16840.838346530407,74.93303300000001,62.13064037209302,9.910906495658928,0.5354300143933922,7,64,,True,True,,385,87.6246207195492
113,2026-09-18T06:49:49.106+00:00,2026-09-18T06:52:26.790+00:00,2026-09-18T06:52:29.111+00:00,True,38,38.0,,38.0,157683.446342,160004.828998,160004.828944,4210.653393263158,34.789675,157683.446342,25569.457801586806,95.52788355000001,62.74007178378378,12.197253019881702,0.23749283217242761,7,64,,True,True,,183,87.6246207195492
114,2026-09-18T06:49:49.518+00:00,2026-09-18T06:52:28.622+00:00,2026-09-18T06:52:32.951+00:00,True,70,70.0,,70.0,159104.034035,163432.735987,163432.735896,2334.753369942857,34.390696000000005,159104.034035,19009.07377463484,88.5339734,62.73481089855073,10.176726334089444,0.42831076391921896,7,64,,True,True,,335,87.6246207195492
115,2026-09-18T06:49:50.121+00:00,2026-09-18T06:52:30.874+00:00,2026-09-18T06:52:33.077+00:00,True,35,35.0,,35.0,160753.126449,162956.048433,162956.04838300002,4655.887096657143,34.642206,160753.126449,27161.289370640494,99.50737990000002,64.79182305882352,13.858466348675814,0.21478184048130247,7,64,,True,True,,189,87.6246207195492
116,2026-09-18T06:49:50.632+00:00,2026-09-18T06:52:32.888+00:00,2026-09-18T06:52:33.139+00:00,True,5,5.0,,5.0,162255.793869,162506.88455699998,162506.88456099998,32501.376912199998,59.30366,162255.793869,72534.92423176163,129817.88799859998,62.772672,3.34078878159036,0.03076792723969937,7,64,,True,True,,37,87.6246207195492
117,2026-09-18T06:49:51.141+00:00,2026-09-18T06:52:35.219+00:00,2026-09-18T06:52:39.001+00:00,True,59,59.0,,59.0,164078.19631200001,167859.510872,167859.51085400002,2845.0764551525426,37.131431,164078.19631200001,21352.67916166762,100.95181760000001,65.19507862068966,14.951436272572735,0.3514844031982793,7,64,,True,True,,297,87.6246207195492
118,2026-09-18T06:49:51.524+00:00,2026-09-18T06:52:36.552+00:00,2026-09-18T06:52:42.415+00:00,True,94,94.0,,94.0,165027.69181400002,170891.01187800002,170891.011968,1817.9894890212768,37.046261,165027.69181400002,17014.80835916165,93.32676310000001,63.04645230107527,12.23055304494127,0.5500581860156992,7,64,,True,True,,400,87.6246207195492
119,2026-09-18T06:49:52.084+00:00,2026-09-18T06:52:38.528+00:00,2026-09-18T06:52:44.400+00:00,True,94,94.0,,94.0,166443.976324,172316.237444,172316.23737,1833.1514613829786,34.468486,166443.976324,17160.876280300265,90.65181609999999,63.142592688172044,11.1637167962693,0.5455086612516623,7,64,,True,True,,434,87.6246207195492
120,2026-09-18T06:49:52.725+00:00,2026-09-18T06:52:41.329+00:00,2026-09-18T06:52:44.465+00:00,True,50,50.0,,50.0,168604.771386,171740.868666,171740.86872,3434.8173744,40.395855000000005,168604.771386,23835.266395686165,91.77804395000001,64.00198530612245,10.360899303929859,0.29113629381507045,7,64,,True,True,,213,87.6246207195492
121,2026-09-18T06:49:53.199+00:00,2026-09-18T06:52:43.173+00:00,2026-09-18T06:52:45.032+00:00,True,31,31.0,,31.0,169973.38311599998,171832.41492399998,171832.41511099998,5542.981132612903,34.730754999999995,169973.38311599998,30516.993580276325,95.995826,61.96772693333333,12.570365004229972,0.18040833572472945,7,64,,True,True,,148,87.6246207195492
122,2026-09-18T06:49:53.616+00:00,2026-09-18T06:52:44.526+00:00,2026-09-18T06:52:49.799+00:00,True,85,85.0,,85.0,170910.365171,176182.895091,176182.89496900002,2072.739940811765,34.806326,170910.365171,18531.027810455776,91.06766400000001,62.768213333333335,12.397487346260604,0.48245319136171966,7,64,,True,True,,307,87.6246207195492
123,2026-09-18T06:49:54.044+00:00,2026-09-18T06:52:45.964+00:00,2026-09-18T06:52:46.590+00:00,True,11,11.0,,11.0,171919.471162,172546.047546,172546.047574,15686.00432490909,39.974296,171919.471162,51816.78048446328,86003.7487345,62.657638399999996,13.42399295802162,0.06375109807755783,7,64,,True,True,,46,87.6246207195492
124,2026-09-18T06:49:54.409+00:00,2026-09-18T06:52:47.812+00:00,2026-09-18T06:52:49.963+00:00,True,36,36.0,,36.0,173402.84474,175553.864004,175553.863965,4876.49622125,40.204785,173402.84474,28890.232541467823,78.71630300000001,61.45769325714286,9.016582568864013,0.20506526702926767,7,64,,True,True,,171,87.6246207195492
125,2026-09-18T06:49:54.950+00:00,2026-09-18T06:52:49.668+00:00,2026-09-18T06:52:52.305+00:00,True,42,42.0,,42.0,174718.764783,177355.16235099998,177355.162358,4222.741960904762,35.940324000000004,174718.764783,26949.77191255501,94.36742620000001,64.30237970731707,13.457173382085388,0.23681295454416296,7,64,,True,True,,205,87.6246207195492
126,2026-09-18T06:49:55.461+00:00,2026-09-18T06:52:51.834+00:00,2026-09-18T06:52:57.542+00:00,True,89,89.0,,89.0,176373.607501,182081.00206099998,182081.001999,2045.8539550449436,38.583667999999996,176373.607501,18688.694460354185,95.43338019999999,64.85675636363636,12.688905905260432,0.4887934435366498,7,64,,True,True,,462,87.6246207195492
127,2026-09-18T06:49:56.059+00:00,2026-09-18T06:52:53.786+00:00,2026-09-18T06:52:59.801+00:00,True,93,93.0,,93.0,177727.474437,183742.76454899998,183742.764411,1975.7286495806452,37.005591,177727.474437,18422.705274623095,96.136613,65.38358817391304,13.16808110311015,0.5061423791476645,7,64,,True,True,,381,87.6246207195492
128,2026-09-18T06:49:56.672+00:00,2026-09-18T06:52:56.369+00:00,2026-09-18T06:52:57.048+00:00,True,12,12.0,,12.0,179696.571894,180376.009718,180376.009666,15031.334138833332,41.857132,179696.571894,51856.10319258076,80915.8984234,61.76707490909091,14.057375721009562,0.06652769411387252,7,64,,True,True,,52,87.6246207195492
129,2026-09-18T06:49:57.053+00:00,2026-09-18T06:52:57.696+00:00,2026-09-18T06:53:01.096+00:00,True,55,55.0,,55.0,180642.768457,184042.71648899998,184042.716467,3346.231208490909,38.658288,180642.768457,24349.37902359746,95.29961360000001,62.96200059259259,11.971074925136794,0.2988436654774506,7,64,,True,True,,210,87.6246207195492
130,2026-09-18T06:49:57.458+00:00,2026-09-18T06:52:59.139+00:00,2026-09-18T06:53:01.472+00:00,True,39,39.0,,39.0,181680.941429,184013.671797,184013.671732,4718.299275179487,39.291846,181680.941429,29082.40514479677,72.03090769999999,61.387641263157896,8.817747350188935,0.21194077385197757,7,64,,True,True,,157,87.6246207195492
131,2026-09-18T06:49:57.884+00:00,2026-09-18T06:53:01.099+00:00,2026-09-18T06:53:05.451+00:00,True,72,72.0,,72.0,183214.254565,187566.34109300002,187566.341056,2605.0880702222225,38.826508000000004,183214.254565,21584.78405798107,71.01605364999999,61.29699335211267,6.646963456237637,0.383864181496725,7,64,,True,True,,261,87.6246207195492
132,2026-09-18T06:49:58.355+00:00,2026-09-18T06:53:03.049+00:00,2026-09-18T06:53:03.298+00:00,True,5,5.0,,5.0,184694.24997,184942.607346,184942.607276,36988.5214552,60.861256000000004,184694.24997,82570.01241403773,147768.0533644,62.089344,1.304797628479349,0.02703541423878461,7,64,,True,True,,25,87.6246207195492
133,2026-09-18T06:49:58.833+00:00,2026-09-18T06:53:04.769+00:00,2026-09-18T06:53:09.955+00:00,True,88,88.0,,88.0,185935.56230000002,191121.64332400003,191121.64318200003,2171.836854340909,35.310084,185935.56230000002,19814.445754320892,69.60721509999999,59.61012671264368,10.357290161727475,0.46043974125325776,7,64,,True,True,,452,87.6246207195492
134,2026-09-18T06:49:59.466+00:00,2026-09-18T06:53:06.987+00:00,2026-09-18T06:53:08.853+00:00,True,32,32.0,,32.0,187520.712333,189386.525325,189386.525439,5918.32891996875,37.005841000000004,187520.712333,33138.65490557608,97.86482265000001,60.18751587096774,13.922976242963513,0.1689666144150744,7,64,,True,True,,182,87.6246207195492
135,2026-09-18T06:50:00.012+00:00,2026-09-18T06:53:09.493+00:00,2026-09-18T06:53:13.393+00:00,True,65,65.0,,65.0,189481.20931,193381.818846,193381.818944,2975.1049068307693,36.634271999999996,189481.20931,23494.693925960677,70.54572019999999,60.947024,9.691655953084592,0.3361226013277022,7,64,,True,True,,254,87.6246207195492
136,2026-09-18T06:50:00.379+00:00,2026-09-18T06:53:10.769+00:00,2026-09-18T06:53:16.451+00:00,True,91,91.0,,91.0,190390.26938299998,196072.260295,196072.26013999997,2154.640221318681,35.083035,190390.26938299998,19951.708542940753,93.67349999999999,63.133232355555556,11.81327322159827,0.4641146068448755,7,64,,True,True,,343,87.6246207195492
137,2026-09-18T06:50:00.732+00:00,2026-09-18T06:53:11.985+00:00,2026-09-18T06:53:17.651+00:00,True,90,90.0,,90.0,191252.530654,196918.385118,196918.385021,2187.982055788889,35.877343,191252.530654,20153.079971639323,92.34151229999999,63.661286112359555,12.151647201923472,0.45704213929069665,7,64,,True,True,,451,87.6246207195492
138,2026-09-18T06:50:01.227+00:00,2026-09-18T06:53:13.622+00:00,2026-09-18T06:53:14.971+00:00,True,22,22.0,,22.0,192395.03066800002,193743.99476400003,193743.994639,8806.545210863638,40.855042999999995,192395.03066800002,41005.06577251379,96.12651765000001,64.23638552380952,15.114547553613663,0.11355190661159974,7,64,,True,True,,100,87.6246207195492
139,2026-09-18T06:50:01.591+00:00,2026-09-18T06:53:15.107+00:00,2026-09-18T06:53:17.429+00:00,True,38,38.0,,38.0,193516.743266,195838.799458,195838.799668,5153.652622842105,35.972182000000004,193516.743266,31382.382814943718,95.65706490000001,62.75827545945946,12.564613720142779,0.19403713720247537,7,64,,True,True,,164,87.6246207195492
140,2026-09-18T06:50:02.624+00:00,2026-09-18T06:53:17.775+00:00,2026-09-18T06:53:19.611+00:00,True,30,30.0,,30.0,195151.79569600002,196987.800304,196987.800247,6566.260008233334,40.641353,195151.79569600002,35618.123463802774,94.39069475000001,63.31050372413793,12.487907105583382,0.15229369511057392,7,64,,True,True,,143,87.6246207195492
141,2026-09-18T06:50:02.789+00:00,2026-09-18T06:53:18.761+00:00,2026-09-18T06:53:24.883+00:00,True,99,99.0,,99.0,195972.438289,202094.391313,202094.39145300002,2041.3574894242427,35.213474999999995,195972.438289,19689.697241488688,96.6955829,62.468908408163266,13.350971562074383,0.48987010157382677,7,64,,True,True,,347,87.6246207195492
142,2026-09-18T06:50:03.284+00:00,2026-09-18T06:53:22.085+00:00,2026-09-18T06:53:27.119+00:00,True,81,81.0,,81.0,198801.27846399997,203834.44556799997,203834.44543099997,2516.4746349506167,35.111494,198801.27846399997,22082.043838646834,92.48784699999999,62.9145888,12.345489269973829,0.39738131489154066,7,64,,True,True,,418,87.6246207195492
143,2026-09-18T06:50:03.790+00:00,2026-09-18T06:53:24.050+00:00,2026-09-18T06:53:29.151+00:00,True,83,83.0,,83.0,200260.687535,205361.814447,205361.814536,2474.2387293493975,36.024782,200260.687535,21974.64074416921,91.92737419999999,62.20886478048781,11.323656293900738,0.40416471885731575,7,64,,True,True,,482,87.6246207195492
144,2026-09-18T06:50:04.362+00:00,2026-09-18T06:53:26.483+00:00,2026-09-18T06:53:27.377+00:00,True,15,15.0,,15.0,202121.228627,203014.96405100002,203014.964147,13534.330943133333,43.110219,202121.228627,52170.995678875894,60702.341210900006,63.838244571428575,14.295611365916947,0.07388617913028225,7,64,,True,True,,60,87.6246207195492
145,2026-09-18T06:50:05.000+00:00,2026-09-18T06:53:28.669+00:00,2026-09-18T06:53:29.155+00:00,True,9,9.0,,9.0,203668.383741,204154.104829,204154.10479399998,22683.789421555557,52.759502,203668.383741,67869.22302120681,122227.55129099998,60.715136,4.846540760708287,0.04408434504678916,7,64,,True,True,,32,87.6246207195492
146,2026-09-18T06:50:05.523+00:00,2026-09-18T06:53:30.778+00:00,2026-09-18T06:53:32.425+00:00,True,27,27.0,,27.0,205255.07244400002,206902.187964,206902.18790800002,7663.043996592593,39.672095999999996,205255.07244400002,39489.16638654231,86.2215175,63.35059692307692,9.526187660121943,0.13049644503855062,7,64,,True,True,,134,87.6246207195492
147,2026-09-18T06:50:06.115+00:00,2026-09-18T06:53:33.077+00:00,2026-09-18T06:53:34.471+00:00,True,24,24.0,,24.0,206961.816294,208356.245478,208356.24551799998,8681.510229916667,36.384712,206961.816294,42233.52975586782,83.48829004999999,60.627355826086955,11.185188166559525,0.11518733189370184,7,64,,True,True,,74,87.6246207195492
148,2026-09-18T06:50:06.724+00:00,2026-09-18T06:53:35.461+00:00,2026-09-18T06:53:40.415+00:00,True,80,80.0,,80.0,208736.731543,213690.384279,213690.384479,2671.1298059875,37.975439,208736.731543,23330.468066602138,90.71777745,62.70446501265823,11.047763863263283,0.3743734200765432,7,64,,True,True,,359,87.6246207195492
149,2026-09-18T06:50:07.160+00:00,2026-09-18T06:53:37.280+00:00,2026-09-18T06:53:40.861+00:00,True,59,59.0,,59.0,210119.95665900002,213700.860851,213700.86105900002,3622.048492525424,33.884386,210119.95665900002,27347.252327711634,73.77904410000001,61.739727448275865,10.073403988169003,0.27608686163008456,7,64,,True,True,,252,87.6246207195492
150,2026-09-18T06:50:07.631+00:00,2026-09-18T06:53:39.359+00:00,2026-09-18T06:53:44.674+00:00,True,87,87.0,,87.0,211727.724663,217042.580087,217042.580095,2494.742299942529,35.769773,211727.724663,22692.971841663173,91.25595600000001,61.80064446511628,11.355014862306707,0.40084300493076824,7,64,,True,True,,389,87.6246207195492
151,2026-09-18T06:50:08.121+00:00,2026-09-18T06:53:40.924+00:00,2026-09-18T06:53:45.454+00:00,True,73,73.0,,73.0,212803.12222400002,217332.95441600002,217332.95443200003,2977.163759342466,35.811043,212803.12222400002,24899.36062268328,92.4602414,62.914336,11.539353904497617,0.33589015617148277,7,64,,True,True,,279,87.6246207195492
152,2026-09-18T06:50:08.475+00:00,2026-09-18T06:53:42.482+00:00,2026-09-18T06:53:44.088+00:00,True,28,28.0,,28.0,214007.608575,215613.34246299998,215613.342525,7700.47651875,39.245537,214007.608575,40432.398156802315,69.04407605,59.47162548148148,7.885770110145266,0.12986209332015203,7,64,,True,True,,79,87.6246207195492
153,2026-09-18T06:50:09.125+00:00,2026-09-18T06:53:44.802+00:00,2026-09-18T06:53:50.514+00:00,True,90,90.0,,90.0,215677.10002200003,221389.65835800002,221389.65850100003,2459.8850944555556,0.02293,215677.10002200003,22727.606280904696,90.80863285,64.18604871910112,20.983413785954404,0.4065230538206294,7,64,,True,True,,370,87.6246207195492
154,2026-09-18T06:50:09.530+00:00,2026-09-18T06:53:46.191+00:00,2026-09-18T06:53:51.077+00:00,True,77,77.0,,77.0,216661.501264,221546.896464,221546.896479,2877.232421805195,0.018170000000000002,216661.501264,24683.555081854483,92.66983060000001,64.28151578947369,23.521691731973135,0.34755621147918914,7,64,,True,True,,341,87.6246207195492
155,2026-09-18T06:50:10.023+00:00,2026-09-18T06:53:48.546+00:00,2026-09-18T06:53:52.255+00:00,True,60,60.0,,60.0,218523.039296,222231.56896,222231.568928,3703.8594821333336,0.01882,218523.039296,28203.10031081789,94.21194879999999,62.856434983050846,26.214319750326467,0.2699886441912289,7,64,,True,True,,314,87.6246207195492
156,2026-09-18T06:50:10.630+00:00,2026-09-18T06:53:50.700+00:00,2026-09-18T06:53:50.807+00:00,True,3,3.0,,3.0,220070.52253,220176.64809799998,220176.64799099998,73392.21599699999,41.078822,220070.52253,127027.14020694788,198069.9749409,53.062784,16.94793533147917,0.013625423158702592,7,64,,True,True,,17,87.6246207195492
157,2026-09-18T06:50:11.276+00:00,2026-09-18T06:53:53.258+00:00,2026-09-18T06:53:54.319+00:00,True,18,18.0,,18.0,221982.34569299998,223042.617821,223042.617908,12391.256550444443,38.758607000000005,221982.34569299998,52307.04214348542,33382.763332149996,62.36894870588235,14.906732639014642,0.08070206571214865,7,64,,True,True,,67,87.6246207195492
158,2026-09-18T06:50:11.865+00:00,2026-09-18T06:53:55.426+00:00,2026-09-18T06:54:01.033+00:00,True,90,90.0,,90.0,223560.56377200002,229167.900732,229167.90084400002,2546.310009377778,34.555695,223560.56377200002,23558.712947572294,74.31153235,63.00378606741573,8.675740914463546,0.3927251578974419,7,64,,True,True,,398,87.6246207195492
159,2026-09-18T06:50:12.449+00:00,2026-09-18T06:53:57.687+00:00,2026-09-18T06:54:03.662+00:00,True,96,96.0,,96.0,225238.806794,231213.486858,231213.486839,2408.4738212395832,33.053127999999994,225238.806794,22981.922886949666,88.4125885,62.891369094736845,10.235853454618443,0.4152006931107721,7,64,,True,True,,481,87.6246207195492
160,2026-09-18T06:50:13.079+00:00,2026-09-18T06:54:00.173+00:00,2026-09-18T06:54:04.055+00:00,True,63,63.0,,63.0,227093.92847400001,230975.635482,230975.63538700002,3666.279926777778,35.864903,227093.92847400001,28603.25990583769,85.97750860000001,62.6081775483871,11.123893850916238,0.2727560414263244,7,64,,True,True,,229,87.6246207195492
161,2026-09-18T06:50:13.702+00:00,2026-09-18T06:54:02.513+00:00,2026-09-18T06:54:07.406+00:00,True,80,80.0,,80.0,228810.42824399998,233704.18133199998,233704.181421,2921.3022677625,35.757873,228810.42824399998,25574.86026419522,90.99908214999999,61.94624162025317,11.355268312443082,0.3423130880416387,7,64,,True,True,,325,87.6246207195492
162,2026-09-18T06:50:14.060+00:00,2026-09-18T06:54:03.601+00:00,2026-09-18T06:54:06.261+00:00,True,45,45.0,,45.0,229541.64373500002,232201.30991100002,232201.31007500002,5160.029112777778,38.292938,229541.64373500002,34209.0378359738,69.0939746,60.44695854545455,7.483095765401865,0.1937973563424253,7,64,,True,True,,214,87.6246207195492
163,2026-09-18T06:50:14.437+00:00,2026-09-18T06:54:04.993+00:00,2026-09-18T06:54:08.541+00:00,True,56,56.0,,56.0,230555.813436,234104.089148,234104.08919199998,4180.430164142857,38.127648,230555.813436,30800.69870145094,97.23015525,64.51410385454545,14.272722717677576,0.23920983270222568,7,64,,True,True,,164,87.6246207195492
164,2026-09-18T06:50:14.810+00:00,2026-09-18T06:54:06.453+00:00,2026-09-18T06:54:10.583+00:00,True,66,66.0,,66.0,231643.20189899998,235773.08196299998,235773.08185699998,3572.3194220757573,38.288278,231643.20189899998,28505.49000552801,92.98946099999999,63.53661636923077,14.686549987352947,0.2799301746004975,7,64,,True,True,,334,87.6246207195492
165,2026-09-18T06:50:15.171+00:00,2026-09-18T06:54:07.985+00:00,2026-09-18T06:54:10.959+00:00,True,49,49.0,,49.0,232813.577468,235787.886844,235787.88678,4811.997689387756,39.377947,232813.577468,33250.232502941566,82.3798736,61.96477866666667,11.99510634647967,0.20781389856731264,7,64,,True,True,,206,87.6246207195492
166,2026-09-18T06:50:15.810+00:00,2026-09-18T06:54:10.417+00:00,2026-09-18T06:54:16.267+00:00,True,95,95.0,,95.0,234606.952873,240456.633513,240456.633442,2531.1224572842107,34.744645,234606.952873,24063.78333725698,89.07725279999998,62.23064510638298,11.196395298657135,0.39508163535386076,7,64,,True,True,,442,87.6246207195492
167,2026-09-18T06:50:17.241+00:00,2026-09-18T06:54:13.455+00:00,2026-09-18T06:54:15.285+00:00,True,31,31.0,,31.0,236213.710736,238044.223632,238044.223708,7678.845926064517,34.348186,236213.710736,42414.276531869866,70.436393,61.01709653333333,7.649269974267231,0.13022790272753632,7,64,,True,True,,73,87.6246207195492
168,2026-09-18T06:50:17.271+00:00,2026-09-18T06:54:15.552+00:00,2026-09-18T06:54:18.203+00:00,True,42,42.0,,42.0,238280.071006,240931.05827,240931.05849300002,5736.453773642857,36.277872,238280.071006,36757.43808404159,99.20955205,64.65822595121952,11.90324705571891,0.17432372688510997,7,64,,True,True,,238,87.6246207195492
169,2026-09-18T06:50:17.620+00:00,2026-09-18T06:54:17.759+00:00,2026-09-18T06:54:23.353+00:00,True,90,90.0,,90.0,240138.35648699998,245732.91930299997,245732.919324,2730.3657702666665,38.590088,240138.35648699998,25306.181016408642,75.28771405000002,62.86025635955057,9.420198910691115,0.3662512953302194,7,64,,True,True,,450,87.6246207195492
170,2026-09-18T06:50:18.004+00:00,2026-09-18T06:54:19.095+00:00,2026-09-18T06:54:24.377+00:00,True,85,85.0,,85.0,241091.902132,246373.18571599998,246373.185725,2898.508067352941,36.728121,241091.902132,26143.27052897535,72.64067440000001,62.872423619047616,9.338075530864925,0.3450050773706415,7,64,,True,True,,417,87.6246207195492
171,2026-09-18T06:50:18.606+00:00,2026-09-18T06:54:21.813+00:00,2026-09-18T06:54:24.127+00:00,True,38,38.0,,38.0,243206.381278,245520.485342,245520.485426,6461.065405947368,37.135021,243206.381278,39443.14084539823,98.30160120000001,62.54335308108108,12.471495105943479,0.15477323591580375,7,64,,True,True,,185,87.6246207195492
172,2026-09-18T06:50:19.238+00:00,2026-09-18T06:54:24.443+00:00,2026-09-18T06:54:29.619+00:00,True,82,82.0,,82.0,245205.224668,250380.92028400002,250380.920187,3053.4258559390246,36.568802000000005,245205.224668,27071.33394320259,95.69948475,63.897476740740736,12.9883266173595,0.327500992915074,7,64,,True,True,,425,87.6246207195492
173,2026-09-18T06:50:19.604+00:00,2026-09-18T06:54:25.817+00:00,2026-09-18T06:54:30.408+00:00,True,73,73.0,,73.0,246213.213341,250804.152221,250804.152085,3435.6733162328765,37.072860999999996,246213.213341,28809.6170018067,93.7083264,63.76304,13.143814129002813,0.2910637617182466,7,64,,True,True,,359,87.6246207195492
174,2026-09-18T06:50:20.224+00:00,2026-09-18T06:54:27.970+00:00,2026-09-18T06:54:30.951+00:00,True,48,48.0,,48.0,247745.743914,250726.66833,250726.66833299998,5223.4722569375,38.234699,247745.743914,35749.865644930665,93.72785205,63.42392374468085,12.430073635548471,0.19144353618109597,7,64,,True,True,,210,87.6246207195492
175,2026-09-18T06:50:20.706+00:00,2026-09-18T06:54:30.049+00:00,2026-09-18T06:54:33.223+00:00,True,52,52.0,,52.0,249342.96991999997,252517.07859199998,252517.07858799997,4856.097665153846,37.46826,249342.96991999997,34569.0190244519,80.5521771,62.23742494117647,9.263729155527,0.20592666559404516,7,64,,True,True,,222,87.6246207195492
176,2026-09-18T06:50:21.284+00:00,2026-09-18T06:54:31.892+00:00,2026-09-18T06:54:35.134+00:00,True,53,53.0,,53.0,250608.552595,253850.807699,253850.807775,4789.637882547169,38.820046999999995,250608.552595,34415.16882153078,89.0826054,62.35105969230769,9.491329211099698,0.20878405107477144,7,64,,True,True,,247,87.6246207195492
177,2026-09-18T06:50:21.867+00:00,2026-09-18T06:54:34.090+00:00,2026-09-18T06:54:38.863+00:00,True,77,77.0,,77.0,252222.412677,256996.263813,256996.26376899998,3337.613815181818,35.426604,252222.412677,28736.255629780742,91.23091679999999,62.81383073684211,11.786478864000998,0.29961525065604866,7,64,,True,True,,154,87.6246207195492
178,2026-09-18T06:50:22.293+00:00,2026-09-18T06:54:35.813+00:00,2026-09-18T06:54:35.934+00:00,True,3,3.0,,3.0,253519.955456,253640.938752,253640.93867,84546.97955666667,55.921546,253519.955456,146334.88975324022,228174.4660772,60.491648,6.462933352628046,0.011827743639339234,7,64,,True,True,,13,87.6246207195492
179,2026-09-18T06:50:22.713+00:00,2026-09-18T06:54:37.631+00:00,2026-09-18T06:54:43.458+00:00,True,95,95.0,,95.0,254918.764096,260745.89984,260745.899757,2744.6936816526318,33.771207000000004,254918.764096,26147.754831005488,74.73791299999999,61.990805787234045,9.205273761950561,0.364339381974153,7,64,,True,True,,491,87.6246207195492
180,2026-09-18T06:50:23.137+00:00,2026-09-18T06:54:39.135+00:00,2026-09-18T06:54:44.514+00:00,True,88,88.0,,88.0,255998.218624,261377.42656,261377.426693,2970.198030602273,35.363023999999996,255998.218624,27282.911991177258,69.48138275000001,61.829976275862066,8.44097421036556,0.33667788821005673,7,64,,True,True,,478,87.6246207195492
181,2026-09-18T06:50:23.499+00:00,2026-09-18T06:54:40.227+00:00,2026-09-18T06:54:44.806+00:00,True,76,76.0,,76.0,256727.74536700002,261306.44975100004,261306.44951500001,3438.242756776316,36.95396,256727.74536700002,29441.6899515225,68.28894700000001,61.04939178666667,6.656802761429216,0.2908462461313936,7,64,,True,True,,265,87.6246207195492
182,2026-09-18T06:50:23.913+00:00,2026-09-18T06:54:41.949+00:00,2026-09-18T06:54:46.270+00:00,True,72,72.0,,72.0,258036.07979699998,262357.286325,262357.286197,3643.851197180555,36.177282,258036.07979699998,30402.67202649,67.48717455,60.862063774647886,8.06026379246473,0.27443491663047864,7,64,,True,True,,317,87.6246207195492
183,2026-09-18T06:50:24.548+00:00,2026-09-18T06:54:44.260+00:00,2026-09-18T06:54:44.681+00:00,True,8,8.0,,8.0,259712.634101,260132.927733,260132.92766400002,32516.615958000002,40.149825,259712.634101,91801.0547049888,168836.49307925,60.041947428571426,8.893831578319116,0.030753507715144724,7,64,,True,True,,31,87.6246207195492
184,2026-09-18T06:50:25.169+00:00,2026-09-18T06:54:46.144+00:00,2026-09-18T06:54:46.395+00:00,True,5,5.0,,5.0,260974.87694100002,261226.50958100002,261226.50971,52245.301942000006,58.126881999999995,260974.87694100002,116683.37969599945,208793.30289760002,62.90816,3.653509229626406,0.019140477006027678,7,64,,True,True,,26,87.6246207195492
185,2026-09-18T06:50:25.723+00:00,2026-09-18T06:54:48.253+00:00,2026-09-18T06:54:52.848+00:00,True,78,78.0,,78.0,262530.404123,267124.923419,267124.92342199996,3424.678505410256,35.047845,262530.404123,29718.96053595852,71.8971413,59.66908176623377,10.957305452090838,0.2919982119289286,7,64,,True,True,,257,87.6246207195492
186,2026-09-18T06:50:26.349+00:00,2026-09-18T06:54:50.618+00:00,2026-09-18T06:54:55.708+00:00,True,86,86.0,,86.0,264268.458682,269358.660538,269358.660523,3132.0774479418606,32.773908999999996,264268.458682,28490.345143536764,70.28390375,59.88472771764706,10.493952055508105,0.3192769069620002,7,64,,True,True,,496,87.6246207195492
187,2026-09-18T06:50:26.795+00:00,2026-09-18T06:54:52.294+00:00,2026-09-18T06:54:57.873+00:00,True,91,91.0,,91.0,265499.286296,271078.01116,271078.011349,2978.8792455934067,35.861443,265499.286296,27825.39220382636,91.08446899999998,61.985831822222224,11.828857458516964,0.33569672291231517,7,64,,True,True,,470,87.6246207195492
188,2026-09-18T06:50:27.404+00:00,2026-09-18T06:54:54.427+00:00,2026-09-18T06:54:56.055+00:00,True,28,28.0,,28.0,267023.363956,268651.06878800003,268651.068848,9594.681030285716,36.200282,267023.363956,50451.28108214157,92.02982105,60.28536414814815,12.224287474993101,0.10422441320006648,7,64,,True,True,,77,87.6246207195492
189,2026-09-18T06:50:27.982+00:00,2026-09-18T06:54:56.704+00:00,2026-09-18T06:54:58.490+00:00,True,28,28.0,,28.0,268722.326179,270508.26793900004,270508.26793100004,9661.009568964286,42.811389000000005,268722.326179,50771.247647809745,102.9821805,66.14599111111112,14.023814371376726,0.10350885099864686,7,64,,True,True,,83,87.6246207195492
190,2026-09-18T06:50:28.423+00:00,2026-09-18T06:54:58.373+00:00,2026-09-18T06:54:58.373+00:00,True,1,1.0,,1.0,269949.154506,269949.154506,269949.154506,269949.154506,269949.154506,269949.154506,nan,269949.154506,nan,nan,0.0037044013041269723,7,64,,True,True,,3,87.6246207195492
191,2026-09-18T06:50:28.796+00:00,2026-09-18T06:55:00.016+00:00,2026-09-18T06:55:04.188+00:00,True,67,67.0,,67.0,271220.040279,275392.242775,275392.24267300003,4110.33198019403,35.187964,271220.040279,33127.080647478375,92.25354300000001,63.215189333333335,11.578156038358001,0.24328935094493603,7,64,,True,True,,294,87.6246207195492
192,2026-09-18T06:50:29.318+00:00,2026-09-18T06:55:01.909+00:00,2026-09-18T06:55:03.431+00:00,True,25,25.0,,25.0,272590.619763,274112.98161899997,274112.981816,10964.51927264,39.425504999999994,272590.619763,54505.439005691995,98.02731960000001,63.431744,12.635350301505087,0.09120326900368567,7,64,,True,True,,110,87.6246207195492
193,2026-09-18T06:50:29.719+00:00,2026-09-18T06:55:03.206+00:00,2026-09-18T06:55:07.696+00:00,True,72,72.0,,72.0,273486.44532,277976.900872,277976.900796,3860.7902888333333,37.51313,273486.44532,32223.235336914622,94.89487550000001,63.245852845070424,12.147142353237479,0.25901432735647995,7,64,,True,True,,277,87.6246207195492
194,2026-09-18T06:50:30.145+00:00,2026-09-18T06:55:04.777+00:00,2026-09-18T06:55:06.955+00:00,True,36,36.0,,36.0,274632.137857,276810.610049,276810.61027,7689.183618611111,39.151396,274632.137857,45761.65057377297,93.24539475000002,62.242062628571425,10.963356058399162,0.13005281840037639,7,64,,True,True,,157,87.6246207195492
195,2026-09-18T06:50:30.765+00:00,2026-09-18T06:55:07.629+00:00,2026-09-18T06:55:10.173+00:00,True,42,42.0,,42.0,276863.74002100003,279407.446133,279407.44612900005,6652.558241166667,36.300281999999996,276863.74002100003,42711.431468552284,94.63374235,62.041612487804876,13.65298737663778,0.15031811278217577,7,64,,True,True,,213,87.6246207195492
196,2026-09-18T06:50:31.202+00:00,2026-09-18T06:55:08.983+00:00,2026-09-18T06:55:12.244+00:00,True,55,55.0,,55.0,277780.747407,281042.388623,281042.388708,5109.861612872727,34.873245000000004,277780.747407,37447.805500883165,81.3825016,60.400763259259264,11.046165899793468,0.19570001617719987,7,64,,True,True,,175,87.6246207195492
197,2026-09-18T06:50:31.593+00:00,2026-09-18T06:55:10.691+00:00,2026-09-18T06:55:15.662+00:00,True,80,80.0,,80.0,279097.912804,284068.7649,284068.764839,3550.8595604875004,35.530704,279097.912804,31197.062366310995,86.05853345,62.922178430379745,11.268164837505823,0.2816219517417277,7,64,,True,True,,397,87.6246207195492
198,2026-09-18T06:50:32.189+00:00,2026-09-18T06:55:12.311+00:00,2026-09-18T06:55:12.783+00:00,True,9,9.0,,9.0,280122.441323,280594.717291,280594.717477,31177.190830777778,38.697607000000005,280122.441323,93354.46929412549,168100.1599958,59.034496,8.758932186038205,0.03207473072512001,7,64,,True,True,,53,87.6246207195492
199,2026-09-18T06:50:32.733+00:00,2026-09-18T06:55:14.141+00:00,2026-09-18T06:55:17.026+00:00,True,47,47.0,,47.0,281407.690555,284292.418107,284292.418065,6048.774852446808,38.481807999999994,281407.690555,41038.38434247266,90.4495783,62.711468521739135,10.681661930047174,0.1653227346439836,7,64,,True,True,,259,87.6246207195492
200,2026-09-18T06:50:33.318+00:00,2026-09-18T06:55:16.920+00:00,2026-09-18T06:55:17.561+00:00,True,12,12.0,,12.0,283601.802152,284242.303144,284242.303269,23686.858605750003,40.897273,283601.802152,81851.98005237388,127657.89550160003,58.22736290909091,8.900402401139596,0.04221750199484093,7,64,,True,True,,44,87.6246207195492
202,2026-09-18T06:50:34.791+00:00,2026-09-18T06:55:19.238+00:00,2026-09-18T06:55:21.326+00:00,True,34,34.0,,34.0,284446.496302,286534.562094,286534.562264,8427.487125411764,44.792446000000005,284446.496302,48771.32091662663,92.41318140000001,63.27472096969697,8.846990758673993,0.11865933293187168,7,64,,True,True,,132,87.6246207195492
203,2026-09-18T06:50:34.902+00:00,2026-09-18T06:55:22.170+00:00,2026-09-18T06:55:26.685+00:00,True,74,74.0,,74.0,287267.60046600003,291783.122258,291783.12225300004,3943.0151655810814,34.270886,287267.60046600003,33386.991345659044,92.78652425,61.85646290410959,10.951774277556495,0.2536130240410816,7,64,,True,True,,355,87.6246207195492
201,2026-09-18T06:50:34.746+00:00,2026-09-18T06:55:22.361+00:00,2026-09-18T06:55:23.995+00:00,True,28,28.0,,28.0,287615.603478,289249.823254,289249.823171,10330.350827535713,36.750141000000006,287615.603478,54342.80255617441,84.63023855,60.52665837037037,10.729366591366777,0.09680213348103678,7,64,,True,True,,124,87.6246207195492
204,2026-09-18T06:50:35.251+00:00,2026-09-18T06:55:23.930+00:00,2026-09-18T06:55:28.008+00:00,True,66,66.0,,66.0,288679.16145599994,292757.04587199993,292757.04596599995,4435.712817666666,37.38647,288679.16145599994,35526.22770197311,90.73627125000002,62.736683323076925,10.930871945575696,0.2254429088236418,7,64,,True,True,,290,87.6246207195492
205,2026-09-18T06:50:35.863+00:00,2026-09-18T06:55:26.562+00:00,2026-09-18T06:55:26.864+00:00,True,6,6.0,,6.0,290698.73519800004,291000.21257400006,291000.212583,48500.03543050001,54.560488,290698.73519800004,118652.64623600454,218040.10925325003,60.295475200000006,4.773686432123836,0.02061854163929254,7,64,,True,True,,22,87.6246207195492
206,2026-09-18T06:50:36.329+00:00,2026-09-18T06:55:28.246+00:00,2026-09-18T06:55:29.074+00:00,True,15,15.0,,15.0,291916.949027,292744.938275,292744.938354,19516.329223599998,36.950381,291916.949027,75357.36276712973,87637.6858355,59.142089142857145,13.074420693335606,0.05123914383759296,7,64,,True,True,,56,87.6246207195492
207,2026-09-18T06:50:36.692+00:00,2026-09-18T06:55:29.888+00:00,2026-09-18T06:55:30.921+00:00,True,17,17.0,,17.0,293196.197206,294228.972118,294228.972319,17307.586606999997,57.386203,293196.197206,71094.86796805236,58708.25290359999,64.548432,6.942306695406804,0.057778130677023136,7,64,,True,True,,71,87.6246207195492
208,2026-09-18T06:50:37.258+00:00,2026-09-18T06:55:31.760+00:00,2026-09-18T06:55:37.114+00:00,True,85,85.0,,85.0,294501.97935900005,299856.06908700004,299856.069215,3527.7184613529416,36.453341,294501.97935900005,31936.31309166344,91.27820639999999,63.73916342857142,11.282893780279641,0.2834693333331805,7,64,,True,True,,418,87.6246207195492
209,2026-09-18T06:50:37.619+00:00,2026-09-18T06:55:33.041+00:00,2026-09-18T06:55:33.323+00:00,True,5,5.0,,5.0,295421.17418300005,295703.27978300006,295703.27984300005,59140.65596860001,57.252732,295421.17418300005,132084.82617301948,236356.59834760005,70.5264,19.244506628035474,0.016908841875779047,7,64,,True,True,,19,87.6246207195492
210,2026-09-18T06:50:38.097+00:00,2026-09-18T06:55:34.910+00:00,2026-09-18T06:55:38.149+00:00,False,52,51.0,,51.0,296812.770948,300052.18573200004,300052.18563100003,5770.2343390576925,0.03853,296812.770948,41151.71999529146,95.75858059999999,63.51793694117647,15.26654735504244,0.16997043322841204,7,64,,True,False,Request timeout: 300.0s exceeded,186,87.6246207195492
211,2026-09-18T06:50:38.631+00:00,2026-09-18T06:55:37.049+00:00,2026-09-18T06:55:38.710+00:00,False,28,27.0,,27.0,298418.552088,300079.087384,300079.087514,10717.110268357143,0.02432,298418.552088,56384.18480378637,92.24570275,61.501307259259264,15.574093617552412,0.08997628003796582,7,64,,True,False,Request timeout: 300.0s exceeded,94,87.6246207195492
212,2026-09-18T06:50:39.277+00:00,2026-09-18T06:55:39.386+00:00,2026-09-18T06:55:39.386+00:00,False,1,0.0,,0.0,300108.415728,300108.415728,300108.415728,300108.415728,300108.415728,300108.415728,nan,300108.415728,nan,nan,0.0,7,64,,True,False,"HTTPConnectionPool(host='gpu03', port=9002): Read timed out.",0,87.6246207195492
213,2026-09-18T06:50:39.787+00:00,2026-09-18T06:55:39.892+00:00,2026-09-18T06:55:39.892+00:00,False,1,0.0,,0.0,300104.895061,300104.895061,300104.895061,300104.895061,300104.895061,300104.895061,nan,300104.895061,nan,nan,0.0,7,64,,True,False,"HTTPConnectionPool(host='gpu03', port=9002): Read timed out.",0,87.6246207195492
214,2026-09-18T06:50:40.269+00:00,2026-09-18T06:55:40.159+00:00,2026-09-18T06:55:40.318+00:00,False,4,3.0,,3.0,299890.91273000004,300049.505498,300049.50541300006,75012.37635325002,0.031219999999999998,299890.91273000004,149919.02913173064,254920.67968295005,52.864256,46.851565344898866,0.009998350088998884,7,64,,True,False,Request timeout: 300.0s exceeded,7,87.6246207195492
215,2026-09-18T06:50:40.784+00:00,2026-09-18T06:55:40.893+00:00,2026-09-18T06:55:40.893+00:00,False,1,0.0,,0.0,300108.328039,300108.328039,300108.328039,300108.328039,300108.328039,300108.328039,nan,300108.328039,nan,nan,0.0,7,64,,True,False,"HTTPConnectionPool(host='gpu03', port=9002): Read timed out.",0,87.6246207195492
216,2026-09-18T06:50:41.249+00:00,2026-09-18T06:55:41.297+00:00,2026-09-18T06:55:41.297+00:00,False,1,0.0,,0.0,300047.90311,300047.90311,300047.90311,300047.90311,300047.90311,300047.90311,nan,300047.90311,nan,nan,0.0,7,64,,True,False,TTFT timeout: 300.0s exceeded (TTFT: 300.040s),0,87.6246207195492
217,2026-09-18T06:50:41.612+00:00,2026-09-18T06:55:41.613+00:00,2026-09-18T06:55:41.682+00:00,False,3,2.0,,2.0,300001.287478,300070.56440599996,300070.564249,100023.52141633333,0.020030000000000003,300001.287478,173185.82906142046,270008.08440429997,34.638464,48.95758451348677,0.006665098937508479,7,64,,True,False,Request timeout: 300.0s exceeded,2,87.6246207195492
218,2026-09-18T06:50:42.094+00:00,2026-09-18T06:55:42.208+00:00,2026-09-18T06:55:42.208+00:00,False,1,0.0,,0.0,300114.20818300004,300114.20818300004,300114.20818300004,300114.20818300004,300114.20818300004,300114.20818300004,nan,300114.20818300004,nan,nan,0.0,7,64,,True,False,"HTTPConnectionPool(host='gpu03', port=9002): Read timed out.",0,87.6246207195492
219,2026-09-18T06:50:42.741+00:00,2026-09-18T06:55:42.746+00:00,2026-09-18T06:55:42.820+00:00,False,3,2.0,,2.0,300005.420981,300078.797237,300078.79728400003,100026.26576133333,0.039060000000000004,300005.420981,173187.032525344,270012.2126072,36.688128,51.82981831754103,0.006664916076761048,7,64,,True,False,Request timeout: 300.0s exceeded,7,87.6246207195492
220,2026-09-18T06:50:43.115+00:00,2026-09-18T06:55:42.978+00:00,2026-09-18T06:55:43.142+00:00,True,3,3.0,,3.0,299862.800949,300026.332725,300026.332622,100008.77754066666,73.224262,299862.800949,173078.6615309134,269885.5515952,81.765888,12.079420290196047,0.009999122319539061,7,64,,True,True,,5,87.6246207195492
221,2026-09-18T06:50:43.739+00:00,2026-09-18T06:55:43.850+00:00,2026-09-18T06:55:43.850+00:00,False,1,0.0,,0.0,300111.706487,300111.706487,300111.706487,300111.706487,300111.706487,300111.706487,nan,300111.706487,nan,nan,0.0,7,64,,True,False,"HTTPConnectionPool(host='gpu03', port=9002): Read timed out.",0,87.6246207195492
222,2026-09-18T06:50:44.094+00:00,2026-09-18T06:55:44.152+00:00,2026-09-18T06:55:44.152+00:00,False,1,0.0,,0.0,300057.952009,300057.952009,300057.952009,300057.952009,300057.952009,300057.952009,nan,300057.952009,nan,nan,0.0,7,64,,True,False,TTFT timeout: 300.0s exceeded (TTFT: 300.042s),0,87.6246207195492
223,2026-09-18T06:50:44.479+00:00,2026-09-18T06:55:44.355+00:00,2026-09-18T06:55:44.494+00:00,False,4,3.0,,3.0,299876.16059,300015.13300599996,300015.133049,75003.78326225,0.04444,299876.16059,149914.9217903051,254905.18675385,46.32413866666666,40.079825945034706,0.009999495591910703,7,64,,True,False,Request timeout: 300.0s exceeded,13,87.6246207195492
224,2026-09-18T06:50:44.912+00:00,2026-09-18T06:55:44.876+00:00,2026-09-18T06:55:45.854+00:00,False,18,17.0,,17.0,299964.052304,300942.464592,300942.46461900003,16719.025812166667,0.024079999999999997,299964.052304,70688.64284729125,45074.50728715001,57.553664,21.96181812244296,0.056489203087532344,7,64,,True,False,Request timeout: 300.0s exceeded,70,87.6246207195492
226,2026-09-18T06:50:45.898+00:00,2026-09-18T06:55:46.021+00:00,2026-09-18T06:55:46.021+00:00,False,1,0.0,,0.0,300122.790001,300122.790001,300122.790001,300122.790001,300122.790001,300122.790001,nan,300122.790001,nan,nan,0.0,7,64,,True,False,"HTTPConnectionPool(host='gpu03', port=9002): Read timed out.",0,87.6246207195492
225,2026-09-18T06:50:45.544+00:00,2026-09-18T06:55:46.712+00:00,2026-09-18T06:55:46.712+00:00,False,1,0.0,,0.0,301167.837699,301167.837699,301167.837699,301167.837699,301167.837699,301167.837699,nan,301167.837699,nan,nan,0.0,7,64,,True,False,"HTTPConnectionPool(host='gpu03', port=9002): Read timed out.",0,87.6246207195492
227,2026-09-18T06:50:46.403+00:00,2026-09-18T06:55:46.713+00:00,2026-09-18T06:55:46.713+00:00,False,1,0.0,,0.0,300310.078157,300310.078157,300310.078157,300310.078157,300310.078157,300310.078157,nan,300310.078157,nan,nan,0.0,7,64,,True,False,"HTTPConnectionPool(host='gpu03', port=9002): Read timed out.",0,87.6246207195492
228,2026-09-18T06:50:46.785+00:00,2026-09-18T06:55:46.897+00:00,2026-09-18T06:55:46.897+00:00,False,1,0.0,,0.0,300111.40863,300111.40863,300111.40863,300111.40863,300111.40863,300111.40863,nan,300111.40863,nan,nan,0.0,7,64,,True,False,"HTTPConnectionPool(host='gpu03', port=9002): Read timed out.",0,87.6246207195492
229,2026-09-18T06:50:47.187+00:00,2026-09-18T06:55:47.108+00:00,2026-09-18T06:55:47.291+00:00,True,2,2.0,,2.0,299920.939207,300103.47591100005,300103.476005,150051.7380025,182.536798,299920.939207,211947.0569254261,284934.01908655005,182.536704,nan,0.0066643679948349835,7,64,,True,True,,5,87.6246207195492
230,2026-09-18T06:50:47.599+00:00,2026-09-18T06:55:47.288+00:00,2026-09-18T06:55:47.632+00:00,False,8,7.0,,7.0,299689.458611,300033.056691,300033.056856,37504.132107,0.02225,299689.458611,105938.87212624331,194820.87757245,49.08544,23.537979508660072,0.023330762540639663,7,64,,True,False,Request timeout: 300.0s exceeded,47,87.6246207195492
231,2026-09-18T06:50:48.066+00:00,2026-09-18T06:55:48.170+00:00,2026-09-18T06:55:48.170+00:00,False,1,0.0,,0.0,300104.75294,300104.75294,300104.75294,300104.75294,300104.75294,300104.75294,nan,300104.75294,nan,nan,0.0,7,64,,True,False,"HTTPConnectionPool(host='gpu03', port=9002): Read timed out.",0,87.6246207195492
232,2026-09-18T06:50:48.555+00:00,2026-09-18T06:55:48.556+00:00,2026-09-18T06:55:48.655+00:00,False,3,2.0,,2.0,300001.581951,300100.12659099995,300100.126666,100033.37555533332,0.02281,300001.581951,173177.55369083743,270011.27594639995,49.27232,69.64936175178198,0.006664442373680693,7,64,,True,False,Request timeout: 300.0s exceeded,7,87.6246207195492
233,2026-09-18T06:50:49.046+00:00,2026-09-18T06:55:48.887+00:00,2026-09-18T06:55:49.105+00:00,False,5,4.0,,4.0,299841.464549,300059.64413300005,300059.64419,60011.92883800001,0.02621,299841.464549,134068.79032375602,239890.873064,54.544896,38.32458408566296,0.013330683009898587,7,64,,True,False,Request timeout: 300.0s exceeded,8,87.6246207195492
234,2026-09-18T06:50:49.433+00:00,2026-09-18T06:55:49.538+00:00,2026-09-18T06:55:49.538+00:00,False,1,0.0,,0.0,300104.87997500005,300104.87997500005,300104.87997500005,300104.87997500005,300104.87997500005,300104.87997500005,nan,300104.87997500005,nan,nan,0.0,7,64,,True,False,"HTTPConnectionPool(host='gpu03', port=9002): Read timed out.",0,87.6246207195492
235,2026-09-18T06:50:49.876+00:00,2026-09-18T06:55:49.986+00:00,2026-09-18T06:55:49.986+00:00,False,1,0.0,,0.0,300109.896104,300109.896104,300109.896104,300109.896104,300109.896104,300109.896104,nan,300109.896104,nan,nan,0.0,7,64,,True,False,"HTTPConnectionPool(host='gpu03', port=9002): Read timed out.",0,87.6246207195492
236,2026-09-18T06:50:50.414+00:00,2026-09-18T06:55:50.308+00:00,2026-09-18T06:55:50.455+00:00,False,4,3.0,,3.0,299894.375545,300041.002617,300041.00272,75010.25068,0.02545,299894.375545,149922.75388941207,254921.24828155004,48.875690666666664,42.30624578798159,0.009998633432876094,7,64,,True,False,Request timeout: 300.0s exceeded,6,87.6246207195492
237,2026-09-18T06:50:50.984+00:00,2026-09-18T06:55:51.109+00:00,2026-09-18T06:55:51.109+00:00,False,1,0.0,,0.0,300124.793148,300124.793148,300124.793148,300124.793148,300124.793148,300124.793148,nan,300124.793148,nan,nan,0.0,7,64,,True,False,"HTTPConnectionPool(host='gpu03', port=9002): Read timed out.",0,87.6246207195492
238,2026-09-18T06:50:51.465+00:00,2026-09-18T06:55:51.396+00:00,2026-09-18T06:55:51.550+00:00,False,4,3.0,,3.0,299931.81337800005,300085.782018,300085.782209,75021.44555225,0.039479999999999994,299931.81337800005,149940.25023063656,254956.10798040003,51.32288,47.4885763980976,0.009997141416783456,7,64,,True,False,Request timeout: 300.0s exceeded,11,87.6246207195492
239,2026-09-18T06:50:51.896+00:00,2026-09-18T06:55:51.800+00:00,2026-09-18T06:55:51.923+00:00,True,3,3.0,,3.0,299904.458388,300027.38498000003,300027.384817,100009.12827233334,60.661666,299904.458388,173114.43397989956,269920.2390255,61.463296,1.1335430819302812,0.009999087250652074,7,64,,True,True,,10,87.6246207195492
240,2026-09-18T06:50:52.425+00:00,2026-09-18T06:55:52.530+00:00,2026-09-18T06:55:52.530+00:00,False,1,0.0,,0.0,300105.228818,300105.228818,300105.228818,300105.228818,300105.228818,300105.228818,nan,300105.228818,nan,nan,0.0,7,64,,True,False,"HTTPConnectionPool(host='gpu03', port=9002): Read timed out.",0,87.6246207195492
241,2026-09-18T06:50:52.977+00:00,2026-09-18T06:55:52.818+00:00,2026-09-18T06:55:52.999+00:00,False,6,5.0,,5.0,299840.608141,300021.61447699997,300021.614381,50003.60239683333,0.03893,299840.608141,122394.63872457788,224898.53295675,36.201267200000004,25.57123329753407,0.016665465948898513,7,64,,True,False,Request timeout: 300.0s exceeded,31,87.6246207195492
0,2026-09-18T06:48:53.135+00:00,2026-09-18T06:48:53.322+00:00,2026-09-18T06:48:53.557+00:00,True,6,6.0,,6.0,187.094862,422.44257400000004,422.44266500000003,70.40711083333333,29.029576000000002,187.094862,61.989663105749955,163.95147025000003,47.069542399999996,26.806535813874884,14.203113912472277,8,64,,False,True,,20,87.6246207195492
1,2026-09-18T06:48:53.468+00:00,2026-09-18T06:48:53.555+00:00,2026-09-18T06:48:57.256+00:00,True,64,64.0,,64.0,87.101688,3787.67436,3787.674302,59.18241096875,18.758756,90.235782,11.37919268133674,71.32647795000001,58.73924876190476,10.899681865098096,16.896911908762927,8,64,,False,True,,160,87.6246207195492
2,2026-09-18T06:48:53.725+00:00,2026-09-18T06:48:53.908+00:00,2026-09-18T06:48:57.444+00:00,True,61,61.0,,61.0,183.149029,3719.2120050000003,3719.211879,60.97068654098361,7.356066,183.149029,19.854674567883663,71.051668,58.93438293333333,11.98597106184139,16.401323699211925,8,64,,False,True,,286,87.6246207195492
3,2026-09-18T06:48:54.066+00:00,2026-09-18T06:48:55.482+00:00,2026-09-18T06:48:57.131+00:00,True,28,28.0,,28.0,1416.095369,3064.763529,3064.7636359999997,109.45584414285713,38.894158000000004,1416.095369,256.21653623896935,76.2893426,61.0617837037037,8.60730097881052,9.13610454283111,8,64,,False,True,,83,87.6246207195492
4,2026-09-18T06:48:54.424+00:00,2026-09-18T06:48:57.253+00:00,2026-09-18T06:48:58.170+00:00,True,16,16.0,,16.0,2828.906174,3746.435262,3746.4353290000004,234.15220806250002,42.92068,2828.906174,691.962731427984,761.0051562500001,61.16860586666667,6.48239789372894,4.270726405521431,8,64,,False,True,,63,87.6246207195492
5,2026-09-18T06:48:54.831+00:00,2026-09-18T06:48:58.543+00:00,2026-09-18T06:48:59.611+00:00,True,19,19.0,,19.0,3712.374992,4780.3506720000005,4780.350798,251.59741042105264,37.725199999999994,3712.374992,838.111098504331,434.10939320000006,59.33198222222222,8.99188429163802,3.9746038112410673,8,64,,False,True,,68,87.6246207195492
6,2026-09-18T06:48:55.262+00:00,2026-09-18T06:48:59.969+00:00,2026-09-18T06:49:03.323+00:00,True,57,57.0,,57.0,4707.198533,8060.881733,8060.881711999999,141.41897740350876,0.0,4707.198533,615.6832116138409,67.79252179999999,59.8872,12.853496923952648,7.071186737134578,8,64,,False,True,,244,87.6246207195492
7,2026-09-18T06:48:55.592+00:00,2026-09-18T06:49:01.250+00:00,2026-09-18T06:49:02.791+00:00,True,27,27.0,,27.0,5657.574887,7199.195367,7199.195443,266.63686825925924,0.0,5657.574887,1077.552754636423,102.73007259999999,59.293095384615384,19.108385186469526,3.75041912652681,8,64,,False,True,,106,87.6246207195492
8,2026-09-18T06:48:55.910+00:00,2026-09-18T06:49:02.284+00:00,2026-09-18T06:49:07.105+00:00,True,82,82.0,,82.0,6374.271466,11195.59985,11195.600066,136.53170812195123,0.0,6374.271466,697.5734092568747,67.84961905,59.52257264197531,17.86802732463059,7.32430607548018,8,64,,False,True,,244,87.6246207195492
9,2026-09-18T06:48:56.179+00:00,2026-09-18T06:49:03.388+00:00,2026-09-18T06:49:08.845+00:00,True,92,92.0,,92.0,7209.402714,12666.60617,12666.606072999999,137.68050079347825,0.0,7209.402714,746.1933558429895,72.8090984,59.96926874725275,35.0245043850488,7.263192584126897,8,64,,False,True,,369,87.6246207195492
10,2026-09-18T06:48:56.518+00:00,2026-09-18T06:49:04.603+00:00,2026-09-18T06:49:06.490+00:00,True,32,32.0,,32.0,8084.7184369999995,9971.584869,9971.585009999999,311.61203156249996,8.448964,8084.7184369999995,1418.604080729985,108.48522714999999,60.86665909677419,22.59060173701019,3.2091187529760368,8,64,,False,True,,145,87.6246207195492
11,2026-09-18T06:48:56.847+00:00,2026-09-18T06:49:05.992+00:00,2026-09-18T06:49:10.338+00:00,True,73,73.0,,73.0,9145.228617,13491.013961,13491.013991,184.80841083561646,0.0,9145.228617,1063.9690972151495,67.5818082,60.358129777777776,37.88791974566639,5.411009151056351,8,64,,False,True,,336,87.6246207195492
12,2026-09-18T06:48:57.107+00:00,2026-09-18T06:49:06.800+00:00,2026-09-18T06:49:07.418+00:00,True,11,11.0,,11.0,9692.37078,10311.202395999999,10311.202379999999,937.3820345454545,55.008298,9692.37078,2903.704459878469,4880.3474065,61.8831616,4.535978492407251,1.0668009003748393,8,64,,False,True,,33,87.6246207195492
13,2026-09-18T06:48:57.485+00:00,2026-09-18T06:49:08.229+00:00,2026-09-18T06:49:10.405+00:00,True,39,39.0,,39.0,10744.547524,12919.813572,12919.813492,331.27726902564103,0.03742,10744.547524,1711.3819109603876,67.74069589999999,57.243843368421054,12.39460176378079,3.018619408295592,8,64,,False,True,,188,87.6246207195492
14,2026-09-18T06:48:57.808+00:00,2026-09-18T06:49:09.378+00:00,2026-09-18T06:49:14.730+00:00,True,90,90.0,,90.0,11570.268919,16921.350135,16921.349956000002,188.0149995111111,0.0,11570.268919,1213.6035455908864,68.49081394999999,60.124508044943816,28.36472329410691,5.318724527414904,8,64,,False,True,,434,87.6246207195492
15,2026-09-18T06:48:58.236+00:00,2026-09-18T06:49:11.034+00:00,2026-09-18T06:49:14.967+00:00,True,69,69.0,,69.0,12797.31059,16730.633854,16730.633911,242.47295523188404,0.0,12797.31059,1533.891376357757,68.6825348,57.84298917647059,27.317949224332573,4.124171301704945,8,64,,False,True,,352,87.6246207195492
16,2026-09-18T06:48:58.505+00:00,2026-09-18T06:49:11.977+00:00,2026-09-18T06:49:16.951+00:00,True,83,83.0,,83.0,13472.403554999999,18445.767267,18445.767303,222.23816027710842,0.0,13472.403554999999,1472.5856005704006,69.63758109999999,60.65077697560976,36.808192007245204,4.4996772863164844,8,64,,False,True,,396,87.6246207195492
17,2026-09-18T06:48:58.932+00:00,2026-09-18T06:49:13.861+00:00,2026-09-18T06:49:16.592+00:00,True,47,47.0,,47.0,14928.953848,17659.901432,17659.901433,375.74258368085106,34.774646000000004,14928.953848,2168.9676614443397,69.7652892,59.36842573913044,8.346507104384253,2.661396507844337,8,64,,False,True,,198,87.6246207195492
18,2026-09-18T06:48:59.357+00:00,2026-09-18T06:49:15.029+00:00,2026-09-18T06:49:16.955+00:00,True,33,33.0,,33.0,15671.559628,17597.603276,17597.603269,533.2607051212121,0.0,15671.559628,2718.0116819368777,160.4035096,60.188864,48.59406296127784,1.8752553675878196,8,64,,False,True,,174,87.6246207195492
19,2026-09-18T06:48:59.738+00:00,2026-09-18T06:49:16.530+00:00,2026-09-18T06:49:17.076+00:00,True,10,10.0,,10.0,16791.999215999997,17337.533423999997,17337.533291999996,1733.7533291999996,0.0,16791.999215999997,5291.661185301231,9369.567037499999,60.614912,93.41025231320305,0.5767833148720684,8,64,,False,True,,38,87.6246207195492
20,2026-09-18T06:49:00.078+00:00,2026-09-18T06:49:17.808+00:00,2026-09-18T06:49:18.969+00:00,True,20,20.0,,20.0,17730.785322,18891.13297,18891.132926,944.5566463,37.66123,17730.785322,3951.074011952688,951.8925135,61.07092884210526,6.930799973973,1.0586977515727054,8,64,,False,True,,84,87.6246207195492
21,2026-09-18T06:49:00.382+00:00,2026-09-18T06:49:19.095+00:00,2026-09-18T06:49:24.134+00:00,True,79,79.0,,79.0,18713.892545000002,23752.318657000003,23752.318542,300.66226002531647,0.0,18713.892545000002,2099.3392157253215,124.4424841,64.59520656410257,69.29652634344433,3.325991080736787,8,64,,False,True,,355,87.6246207195492
22,2026-09-18T06:49:00.793+00:00,2026-09-18T06:49:20.411+00:00,2026-09-18T06:49:21.656+00:00,True,21,21.0,,21.0,19618.124184999997,20863.301272999997,20863.301440999996,993.4905448095236,0.01804,19618.124184999997,4268.228543260263,399.1876180000001,62.2588544,84.1898516819122,1.0065521139349558,8,64,,False,True,,101,87.6246207195492
23,2026-09-18T06:49:01.254+00:00,2026-09-18T06:49:22.074+00:00,2026-09-18T06:49:28.025+00:00,True,99,99.0,,99.0,20819.912840999998,26770.988937,26770.988843,270.4140287171717,0.0,20819.912840999998,2086.6604422361142,86.33869329999999,60.725266285714284,34.57789102781963,3.698032980140408,8,64,,False,True,,574,87.6246207195492
24,2026-09-18T06:49:01.635+00:00,2026-09-18T06:49:23.596+00:00,2026-09-18T06:49:24.132+00:00,True,6,6.0,,6.0,21960.913980999998,22497.148988999998,22497.148823999996,3749.5248039999997,0.0,21960.913980999998,8922.626415397915,16559.929289749998,107.24700159999999,142.01752140049675,0.26670046070876385,8,64,,False,True,,22,87.6246207195492
25,2026-09-18T06:49:02.036+00:00,2026-09-18T06:49:25.179+00:00,2026-09-18T06:49:29.628+00:00,True,76,76.0,,76.0,23142.935104,27591.828288,27591.828258,363.0503718157895,0.0,23142.935104,2648.2348354261503,68.52859550000001,59.31857578666667,44.10628943668393,2.7544387130392973,8,64,,False,True,,330,87.6246207195492
26,2026-09-18T06:49:02.290+00:00,2026-09-18T06:49:26.274+00:00,2026-09-18T06:49:30.656+00:00,True,73,73.0,,73.0,23984.027801,28366.035353,28366.035279,388.57582573972604,0.0,23984.027801,2800.345688421154,75.395784,60.861216,44.636558892734726,2.5735002826991646,8,64,,False,True,,356,87.6246207195492
27,2026-09-18T06:49:02.603+00:00,2026-09-18T06:49:27.330+00:00,2026-09-18T06:49:30.839+00:00,True,59,59.0,,59.0,24726.927452,28236.126812,28236.126641,478.57841764406777,0.0,24726.927452,3211.6886641869214,73.1474691,60.503437241379316,50.731051606653125,2.08952171070877,8,64,,False,True,,233,87.6246207195492
28,2026-09-18T06:49:02.987+00:00,2026-09-18T06:49:28.826+00:00,2026-09-18T06:49:31.505+00:00,True,44,44.0,,44.0,25839.182634,28518.265898,28518.266116000003,648.1424117272727,36.570752,25839.182634,3886.0179286371836,70.64081130000001,62.30426195348837,7.621938441390896,1.5428708097951263,8,64,,False,True,,146,87.6246207195492
29,2026-09-18T06:49:03.330+00:00,2026-09-18T06:49:30.221+00:00,2026-09-18T06:49:32.130+00:00,True,33,33.0,,33.0,26890.592821,28799.556661,28799.556564,872.7138352727272,38.952527,26890.592821,4670.673672128133,71.7516114,59.65512,8.174336484383145,1.1458509722369508,8,64,,False,True,,156,87.6246207195492
30,2026-09-18T06:49:03.710+00:00,2026-09-18T06:49:31.852+00:00,2026-09-18T06:49:33.835+00:00,True,34,34.0,,34.0,28141.903156,30125.304116,30125.304,886.0383529411765,0.0,28141.903156,4816.601444138214,210.09192725,60.10305939393939,77.99953569231158,1.1286193118276968,8,64,,False,True,,178,87.6246207195492
31,2026-09-18T06:49:03.991+00:00,2026-09-18T06:49:32.729+00:00,2026-09-18T06:49:36.474+00:00,True,63,63.0,,63.0,28738.247967,32482.613535,32482.613519,515.5970399841269,0.0,28738.247967,3613.9732776463106,102.3762002,60.39299303225806,81.45065218329773,1.9394991087191162,8,64,,False,True,,242,87.6246207195492
32,2026-09-18T06:49:04.310+00:00,2026-09-18T06:49:34.061+00:00,2026-09-18T06:49:36.532+00:00,True,42,42.0,,42.0,29750.933597,32221.888861,32221.888855999998,767.1878299047619,0.01695,29750.933597,4581.916588596172,91.94638694999999,60.267201560975614,71.69697478522087,1.3034617610774213,8,64,,False,True,,195,87.6246207195492
33,2026-09-18T06:49:04.629+00:00,2026-09-18T06:49:35.250+00:00,2026-09-18T06:49:40.428+00:00,True,86,86.0,,86.0,30621.230840999997,35798.701304999995,35798.70114,416.263966744186,0.0,30621.230840999997,3295.840065369967,94.85302250000001,60.91141722352941,53.930240159124246,2.4023217844494376,8,64,,False,True,,344,87.6246207195492
34,2026-09-18T06:49:04.935+00:00,2026-09-18T06:49:36.407+00:00,2026-09-18T06:49:39.377+00:00,True,49,49.0,,49.0,31472.104875999998,34441.28606,34441.285897999995,702.8833856734693,0.0,31472.104875999998,4487.697975786113,100.862116,61.857941333333336,69.02736806723102,1.4227111007015631,8,64,,False,True,,286,87.6246207195492
35,2026-09-18T06:49:05.393+00:00,2026-09-18T06:49:37.947+00:00,2026-09-18T06:49:39.340+00:00,True,25,25.0,,25.0,32553.413938,33946.66885,33946.668948,1357.86675792,0.0,32553.413938,6499.764447500854,409.7518378000001,58.052288,96.89115359875352,0.736449284920043,8,64,,False,True,,108,87.6246207195492
36,2026-09-18T06:49:05.759+00:00,2026-09-18T06:49:39.441+00:00,2026-09-18T06:49:44.256+00:00,True,80,80.0,,80.0,33682.534659000004,38497.071107,38497.071147,481.2133893375001,31.185042000000003,33682.534659000004,3759.031580636066,93.97925615,60.94349934177215,13.35215106278943,2.0780801681677397,8,64,,False,True,,421,87.6246207195492
37,2026-09-18T06:49:06.074+00:00,2026-09-18T06:49:40.484+00:00,2026-09-18T06:49:45.744+00:00,True,86,86.0,,86.0,34410.45074099999,39670.392372999995,39670.392437999995,461.2836329999999,0.0,34410.45074099999,3704.4252649762348,98.80596325,61.88166625882353,62.66356601421469,2.1678636094996713,8,64,,False,True,,473,87.6246207195492
38,2026-09-18T06:49:06.417+00:00,2026-09-18T06:49:42.196+00:00,2026-09-18T06:49:48.056+00:00,True,95,95.0,,95.0,35778.678461,41638.540477,41638.540451,438.3004258,0.0,35778.678461,3664.8924574666767,92.1111657,62.33895761702128,59.21636904549508,2.2815401047132147,8,64,,False,True,,524,87.6246207195492
39,2026-09-18T06:49:06.809+00:00,2026-09-18T06:49:43.416+00:00,2026-09-18T06:49:47.800+00:00,True,72,72.0,,72.0,36606.424100000004,40991.034148000006,40991.034101000005,569.3199180694445,0.0,36606.424100000004,4307.360031283333,88.52746899999998,61.75507109859155,68.0163948563918,1.7564816671870416,8,64,,False,True,,333,87.6246207195492
40,2026-09-18T06:49:07.085+00:00,2026-09-18T06:49:44.468+00:00,2026-09-18T06:49:48.811+00:00,True,62,62.0,,62.0,37383.486130000005,41726.01822600001,41726.018219000005,673.0002938548388,0.0,37383.486130000005,4739.77345380035,96.78048075000002,71.18905075409836,103.28298727484702,1.485883452003264,8,64,,False,True,,263,87.6246207195492
41,2026-09-18T06:49:07.403+00:00,2026-09-18T06:49:45.516+00:00,2026-09-18T06:49:46.405+00:00,True,16,16.0,,16.0,38112.940707999995,39001.470627999995,39001.470829,2437.5919268125,37.282851,38112.940707999995,9513.430578974594,9580.450275999998,59.235328,9.294177232851606,0.4102409407227136,8,64,,False,True,,76,87.6246207195492
42,2026-09-18T06:49:07.892+00:00,2026-09-18T06:49:47.261+00:00,2026-09-18T06:49:51.642+00:00,True,71,71.0,,71.0,39369.343897,43749.745305,43749.745396,616.1935971267606,0.016149999999999998,39369.343897,4665.4275440495585,80.9512255,62.57716297142857,73.61796569288336,1.6228665905372863,8,64,,False,True,,386,87.6246207195492
43,2026-09-18T06:49:08.142+00:00,2026-09-18T06:49:48.952+00:00,2026-09-18T06:49:53.133+00:00,True,69,69.0,,69.0,40809.520873,44990.984937,44990.98493,652.0432598550725,0.0,40809.520873,4906.107730577563,85.279743,61.49211858823529,78.6714417814727,1.5336405748089168,8,64,,False,True,,332,87.6246207195492
44,2026-09-18T06:49:08.555+00:00,2026-09-18T06:49:50.227+00:00,2026-09-18T06:49:54.456+00:00,True,69,69.0,,69.0,41671.600718999995,45900.59271899999,45900.592708,665.2259812753622,0.0,41671.600718999995,5009.770596325292,81.220082,62.19105882352942,77.21378001209908,1.503248562004697,8,64,,False,True,,309,87.6246207195492
45,2026-09-18T06:49:08.918+00:00,2026-09-18T06:49:51.742+00:00,2026-09-18T06:49:54.517+00:00,True,45,45.0,,45.0,42824.231607,45599.443895000004,45599.443947,1013.3209766,0.0,42824.231607,6375.1474707383,96.8698868,63.07300654545455,94.89916260987576,0.9868541402307378,8,64,,False,True,,197,87.6246207195492
46,2026-09-18T06:49:09.387+00:00,2026-09-18T06:49:53.664+00:00,2026-09-18T06:49:55.546+00:00,True,30,30.0,,30.0,44277.863443,46159.610131,46159.609951,1538.6536650333335,45.901916,44277.863443,8072.156139224468,102.5597344,64.8878168275862,11.644874585975234,0.649918834124912,8,64,,False,True,,140,87.6246207195492
47,2026-09-18T06:49:09.816+00:00,2026-09-18T06:49:55.604+00:00,2026-09-18T06:50:01.126+00:00,True,90,90.0,,90.0,45788.168352,51309.498528000004,51309.498456,570.1055384,0.0,45788.168352,4820.614552045987,96.8398058,62.037417707865174,80.04498521813998,1.7540611890971078,8,64,,False,True,,394,87.6246207195492
48,2026-09-18T06:49:10.211+00:00,2026-09-18T06:49:57.022+00:00,2026-09-18T06:50:01.606+00:00,True,75,75.0,,75.0,46811.60991,51395.102518,51395.102604,685.26803472,0.0,46811.60991,5398.866931237372,92.35374010000001,61.9390892972973,86.26557193595526,1.4592830119121352,8,64,,False,True,,298,87.6246207195492
49,2026-09-18T06:49:10.603+00:00,2026-09-18T06:49:59.025+00:00,2026-09-18T06:49:59.795+00:00,True,13,13.0,,13.0,48421.611575,49191.717943,49191.717964,3783.9783049230773,52.808042,48421.611575,13411.94287522691,19423.1777192,64.17553066666666,9.743567442623629,0.26427212839087083,8,64,,False,True,,72,87.6246207195492
50,2026-09-18T06:49:10.989+00:00,2026-09-18T06:50:00.785+00:00,2026-09-18T06:50:01.446+00:00,True,20,20.0,,20.0,49795.499205,50456.606661,50456.606695,2522.83033475,0.0,49795.499205,11126.872503403805,2555.32377465,34.7951292631579,30.96231676404608,0.39638020317880057,8,64,,False,True,,75,87.6246207195492
51,2026-09-18T06:49:11.274+00:00,2026-09-18T06:50:01.382+00:00,2026-09-18T06:50:07.524+00:00,True,99,99.0,,99.0,50107.970243,56249.290691,56249.290633000004,568.1746528585859,0.01594,50107.970243,5030.585560287391,95.6867189,62.666535183673474,92.5809586398168,1.760022193770351,8,64,,False,True,,472,87.6246207195492
52,2026-09-18T06:49:11.720+00:00,2026-09-18T06:50:03.646+00:00,2026-09-18T06:50:06.443+00:00,True,45,45.0,,45.0,51925.266036,54722.260596,54722.260446,1216.0502321333333,41.485644,51925.266036,7731.096600093648,99.95773559999999,63.56805818181818,13.267603888941556,0.8223344487213918,8,64,,False,True,,257,87.6246207195492
53,2026-09-18T06:49:12.165+00:00,2026-09-18T06:50:05.355+00:00,2026-09-18T06:50:10.230+00:00,True,77,77.0,,77.0,53190.112619,58064.887915,58064.887786,754.0894517662338,0.0,53190.112619,6054.97895570759,99.1229032,64.14178021052632,93.51604489259005,1.32610262010182,8,64,,False,True,,337,87.6246207195492
54,2026-09-18T06:49:12.499+00:00,2026-09-18T06:50:06.672+00:00,2026-09-18T06:50:11.141+00:00,True,71,71.0,,71.0,54172.224851000006,58641.57269100001,58641.572876000006,825.9376461408451,0.0,54172.224851000006,6422.19007815113,94.72475,63.847826285714284,95.98891493212496,1.2107451547065466,8,64,,False,True,,333,87.6246207195492
55,2026-09-18T06:49:12.763+00:00,2026-09-18T06:50:07.880+00:00,2026-09-18T06:50:09.946+00:00,True,33,33.0,,33.0,55117.278001,57182.733361,57182.733411,1732.8101033636362,0.0,55117.278001,9584.447754712308,380.3100988,64.54548,140.46106490138064,0.5770972820006327,8,64,,False,True,,185,87.6246207195492
56,2026-09-18T06:49:13.143+00:00,2026-09-18T06:50:09.902+00:00,2026-09-18T06:50:09.902+00:00,True,1,1.0,,1.0,56759.958556000005,56759.958556000005,56759.958556000005,56759.958556000005,56759.958556000005,56759.958556000005,nan,56759.958556000005,nan,nan,0.017618053737889692,8,64,,False,True,,3,87.6246207195492
57,2026-09-18T06:49:13.499+00:00,2026-09-18T06:50:10.475+00:00,2026-09-18T06:50:13.179+00:00,True,46,46.0,,46.0,56975.809454,59679.798702,59679.798795,1297.386930326087,30.318114,56975.809454,8391.775884913004,95.34523125,60.08864995555556,13.535761120745933,0.770780079699874,8,64,,False,True,,143,87.6246207195492
58,2026-09-18T06:49:13.783+00:00,2026-09-18T06:50:11.448+00:00,2026-09-18T06:50:13.348+00:00,True,34,34.0,,34.0,57665.559023999995,59565.0076,59565.00745999999,1751.9119841176469,32.111581,57665.559023999995,9879.695890858513,73.0199476,57.559047757575755,10.491019123427902,0.5708049301079918,8,64,,False,True,,195,87.6246207195492
59,2026-09-18T06:49:14.116+00:00,2026-09-18T06:50:12.942+00:00,2026-09-18T06:50:13.831+00:00,True,16,16.0,,16.0,58825.545729000005,59714.42355300001,59714.423579,3732.1514736875,35.114195,58825.545729000005,14691.575074725084,14757.397251000002,59.2585216,10.1513410027892,0.2679419652405934,8,64,,False,True,,65,87.6246207195492
60,2026-09-18T06:49:14.425+00:00,2026-09-18T06:50:14.075+00:00,2026-09-18T06:50:17.319+00:00,True,52,52.0,,52.0,59649.910232,62893.736152000005,62893.736018,1209.494923423077,0.016329999999999997,59649.910232,8263.943969966625,101.3754783,63.60442980392156,116.85967318256458,0.8267913973869784,8,64,,False,True,,152,87.6246207195492
61,2026-09-18T06:49:14.680+00:00,2026-09-18T06:50:14.901+00:00,2026-09-18T06:50:17.551+00:00,True,43,43.0,,43.0,60220.497313,62870.546081,62870.546084,1462.105722883721,0.01617,60220.497313,9174.85364263541,119.6323142,63.09639923809524,132.64045566294237,0.6839450693588767,8,64,,False,True,,206,87.6246207195492
62,2026-09-18T06:49:15.051+00:00,2026-09-18T06:50:16.359+00:00,2026-09-18T06:50:17.223+00:00,True,7,7.0,,7.0,61308.155612,62171.54198,62171.542129,8881.648875571429,0.01712,61308.155612,23120.15472030608,43174.681821499995,143.897728,352.4057773320263,0.11259170638315251,8,64,,False,True,,29,87.6246207195492
63,2026-09-18T06:49:15.516+00:00,2026-09-18T06:50:18.324+00:00,2026-09-18T06:50:18.843+00:00,True,9,9.0,,9.0,62807.622142,63327.249406,63327.249433,7036.361048111111,54.880618999999996,62807.622142,20914.225691095002,37721.1811496,64.953408,11.529789046751153,0.1421189153866406,8,64,,False,True,,51,87.6246207195492
64,2026-09-18T06:49:15.891+00:00,2026-09-18T06:50:20.207+00:00,2026-09-18T06:50:25.131+00:00,True,91,91.0,,91.0,64315.985544,69239.301,69239.300812,760.8714374945055,0.0,64315.985544,6736.455302045439,88.1076975,54.70350506666667,24.076313533338396,1.314282476652963,8,64,,False,True,,336,87.6246207195492
65,2026-09-18T06:49:16.249+00:00,2026-09-18T06:50:21.051+00:00,2026-09-18T06:50:21.839+00:00,True,12,12.0,,12.0,64802.568061,65590.345341,65590.345168,5465.862097333334,55.416436999999995,64802.568061,18686.220986720484,29215.280642899997,71.61611636363637,13.925439178320339,0.18295375542868042,8,64,,False,True,,38,87.6246207195492
66,2026-09-18T06:49:16.508+00:00,2026-09-18T06:50:21.959+00:00,2026-09-18T06:50:25.807+00:00,True,63,63.0,,63.0,65450.757859,69298.339043,69298.339111,1099.9736366825396,35.789902999999995,65450.757859,8238.210082445805,92.2966157,62.057761032258064,11.736167359917332,0.9091126983708535,8,64,,False,True,,279,87.6246207195492
67,2026-09-18T06:49:16.829+00:00,2026-09-18T06:50:23.297+00:00,2026-09-18T06:50:25.874+00:00,True,43,43.0,,43.0,66468.047927,69044.78904700001,69044.789183,1605.6927716976745,35.381074999999996,66468.047927,10126.93181256446,86.9654232,61.35097904761904,10.651252312504115,0.622784146255109,8,64,,False,True,,208,87.6246207195492
68,2026-09-18T06:49:17.171+00:00,2026-09-18T06:50:24.760+00:00,2026-09-18T06:50:29.999+00:00,True,85,85.0,,85.0,67588.284555,72827.207563,72827.20741,856.7906754117648,36.517933,67588.284555,7324.2240308730625,89.51386120000001,62.368131047619045,12.205208128414682,1.1671462197211089,8,64,,False,True,,426,87.6246207195492
69,2026-09-18T06:49:17.560+00:00,2026-09-18T06:50:26.180+00:00,2026-09-18T06:50:27.921+00:00,True,29,29.0,,29.0,68619.760528,70360.342416,70360.342307,2426.2187002413793,37.77787,68619.760528,12730.83162436409,94.2826326,62.16363885714286,12.034214393092578,0.41216399756186206,8,64,,False,True,,170,87.6246207195492
70,2026-09-18T06:49:17.851+00:00,2026-09-18T06:50:27.247+00:00,2026-09-18T06:50:28.426+00:00,True,20,20.0,,20.0,69396.219329,70575.569089,70575.569103,3528.77845515,37.935349,69396.219329,15503.590908646025,3555.7109202499996,62.07104,11.492195548471242,0.28338418319771264,8,64,,False,True,,86,87.6246207195492
71,2026-09-18T06:49:18.250+00:00,2026-09-18T06:50:28.796+00:00,2026-09-18T06:50:30.547+00:00,True,30,30.0,,30.0,70545.948293,72296.57818099999,72296.57820399999,2409.885940133333,37.512811,70545.948293,12868.852216813582,84.1986404,60.36654786206896,10.972842653693423,0.41495739846625546,8,64,,False,True,,132,87.6246207195492
72,2026-09-18T06:49:18.649+00:00,2026-09-18T06:50:30.164+00:00,2026-09-18T06:50:34.987+00:00,True,74,74.0,,74.0,71514.58473199999,76338.48745199999,76338.48738199999,1031.6011808378378,0.0,71514.58473199999,8307.705658078217,92.2139932,66.08085917808219,182.8906570330296,0.9693668615916661,8,64,,False,True,,318,87.6246207195492
73,2026-09-18T06:49:18.987+00:00,2026-09-18T06:50:32.251+00:00,2026-09-18T06:50:35.239+00:00,True,61,61.0,,61.0,73263.889579,76252.279979,76252.279965,1250.0373764754097,0.0,73263.889579,9375.151398991611,94.906625,49.806506666666664,141.40143454949254,0.7999760796241044,8,64,,False,True,,323,87.6246207195492
74,2026-09-18T06:49:19.431+00:00,2026-09-18T06:50:33.229+00:00,2026-09-18T06:50:36.400+00:00,True,53,53.0,,53.0,73798.628138,76969.331242,76969.331118,1452.2515305283018,0.0173,73798.628138,10129.810759836175,74.902438,60.975059692307696,155.13519066237683,0.6885859490367949,8,64,,False,True,,258,87.6246207195492
75,2026-09-18T06:49:19.757+00:00,2026-09-18T06:50:34.711+00:00,2026-09-18T06:50:39.810+00:00,True,89,89.0,,89.0,74953.324823,80052.535575,80052.535403,899.4666899213483,0.01641,74953.324823,7938.975411707037,83.6315392,57.94557672727273,36.08769216871417,1.1117699066086077,8,64,,False,True,,370,87.6246207195492
76,2026-09-18T06:49:20.115+00:00,2026-09-18T06:50:35.537+00:00,2026-09-18T06:50:35.902+00:00,True,7,7.0,,7.0,75421.460044,75786.53140400001,75786.53132000001,10826.647331428572,39.027228,75421.460044,28483.637229614735,52817.8434595,60.84522666666666,12.149383157049492,0.09236469687053842,8,64,,False,True,,20,87.6246207195492
77,2026-09-18T06:49:20.578+00:00,2026-09-18T06:50:37.574+00:00,2026-09-18T06:50:37.736+00:00,True,3,3.0,,3.0,76995.982056,77157.61354399999,77157.61359699999,25719.20453233333,72.594836,76995.982056,44406.99272065683,69305.28752089999,80.815744,11.62596685355674,0.03888145138508226,8,64,,False,True,,10,87.6246207195492
78,2026-09-18T06:49:20.999+00:00,2026-09-18T06:50:39.112+00:00,2026-09-18T06:50:45.755+00:00,True,99,99.0,,99.0,78113.14090000001,84756.25309200001,84756.25326700001,856.1237703737376,0.0,78113.14090000001,7844.708637150904,94.84114109999999,67.78685910204081,116.44204235372932,1.1680554105257448,8,64,,False,True,,381,87.6246207195492
79,2026-09-18T06:49:21.629+00:00,2026-09-18T06:50:40.982+00:00,2026-09-18T06:50:45.750+00:00,True,65,65.0,,65.0,79353.215602,84120.94654599999,84120.946448,1294.1684068923075,0.0,79353.215602,9834.325000421371,100.0674526,74.495796,142.0571338826525,0.7726969639417448,8,64,,False,True,,208,87.6246207195492
80,2026-09-18T06:49:21.704+00:00,2026-09-18T06:50:41.796+00:00,2026-09-18T06:50:47.160+00:00,True,86,86.0,,86.0,80091.51171600001,85456.22570000001,85456.22572700001,993.6770433372094,0.0,80091.51171600001,8630.59425484421,92.44277375000001,63.11428216470588,126.08631087310728,1.006363191160688,8,64,,False,True,,377,87.6246207195492
81,2026-09-18T06:49:22.027+00:00,2026-09-18T06:50:43.143+00:00,2026-09-18T06:50:43.310+00:00,True,4,4.0,,4.0,81116.813031,81283.316199,81283.31600199999,20320.829000499998,39.579766000000006,81116.813031,40530.65759447423,68958.98060835,55.501056,13.834787786046014,0.049210590648234534,8,64,,False,True,,19,87.6246207195492
82,2026-09-18T06:49:22.471+00:00,2026-09-18T06:50:44.569+00:00,2026-09-18T06:50:49.714+00:00,True,84,84.0,,84.0,82098.927866,87243.462906,87243.46294499999,1038.6126541071428,0.0,82098.927866,8951.887276099995,88.8223762,61.98234987951807,129.3067232626826,0.9628228545960554,8,64,,False,True,,441,87.6246207195492
83,2026-09-18T06:49:22.878+00:00,2026-09-18T06:50:46.043+00:00,2026-09-18T06:50:49.777+00:00,True,62,62.0,,62.0,83165.021006,86899.63579,86899.635555,1401.6070250806451,38.460318,83165.021006,10554.198672122056,84.35617785000001,61.22319318032787,11.151969783213184,0.7134667416768928,8,64,,False,True,,303,87.6246207195492
84,2026-09-18T06:49:23.215+00:00,2026-09-18T06:50:47.492+00:00,2026-09-18T06:50:51.709+00:00,True,70,70.0,,70.0,84277.24436,88494.748616,88494.748615,1264.2106945,36.631972000000005,84277.24436,10065.75832022279,84.55220325,61.123250086956524,11.60115225340377,0.7910073885146207,8,64,,False,True,,327,87.6246207195492
85,2026-09-18T06:49:23.588+00:00,2026-09-18T06:50:48.763+00:00,2026-09-18T06:50:53.573+00:00,True,79,79.0,,79.0,85175.121562,89985.717914,89985.718009,1139.0597216329113,38.006819,85175.121562,9576.015462409136,76.44379539999998,61.67431220512821,9.335172200463127,0.8779170943049083,8,64,,False,True,,282,87.6246207195492
86,2026-09-18T06:49:24.001+00:00,2026-09-18T06:50:50.155+00:00,2026-09-18T06:50:54.994+00:00,True,78,78.0,,78.0,86154.126344,90992.603912,90992.60402,1166.5718464102565,39.901307,86154.126344,9747.924851719898,90.456293,62.83737101298701,10.81130694110051,0.8572125276844995,8,64,,False,True,,319,87.6246207195492
87,2026-09-18T06:49:24.324+00:00,2026-09-18T06:50:51.463+00:00,2026-09-18T06:50:51.891+00:00,True,8,8.0,,8.0,87139.097213,87567.529341,87567.52951000001,10945.941188750001,58.054342,87139.097213,30786.68432081161,56663.88515655,61.20458971428572,3.245900161940378,0.09135806457262144,8,64,,False,True,,50,87.6246207195492
88,2026-09-18T06:49:24.678+00:00,2026-09-18T06:50:52.770+00:00,2026-09-18T06:50:53.947+00:00,True,20,20.0,,20.0,88092.21309100001,89269.21149100001,89269.21163300001,4463.460581650001,54.634978000000004,88092.21309100001,19684.166519389055,4471.11875805,61.94728421052632,5.3115906490114355,0.22404140986521845,8,64,,False,True,,74,87.6246207195492
89,2026-09-18T06:49:25.025+00:00,2026-09-18T06:50:54.006+00:00,2026-09-18T06:50:58.374+00:00,True,70,70.0,,70.0,88981.481389,93348.742317,93348.742447,1333.5534635285712,40.721994,88981.481389,10627.76158313434,91.9457682,63.29363663768115,10.786224523717815,0.7498761982490266,8,64,,False,True,,315,87.6246207195492
90,2026-09-18T06:49:25.418+00:00,2026-09-18T06:50:55.249+00:00,2026-09-18T06:51:00.574+00:00,True,87,87.0,,87.0,89830.546041,95155.45279299999,95155.452676,1093.7408353563217,38.609608,89830.546041,9624.211281586295,69.7944936,61.91752037209302,8.929414809668737,0.9142933741197021,8,64,,False,True,,437,87.6246207195492
91,2026-09-18T06:49:25.816+00:00,2026-09-18T06:50:57.003+00:00,2026-09-18T06:51:00.161+00:00,True,52,52.0,,52.0,91186.43945399999,94344.47004599999,94344.47009999999,1814.3167326923076,34.038297,91186.43945399999,12636.7001825163,79.83252699999998,61.92216847058824,9.192362638040974,0.5511716794280164,8,64,,False,True,,261,87.6246207195492
92,2026-09-18T06:49:26.219+00:00,2026-09-18T06:50:58.320+00:00,2026-09-18T06:50:58.435+00:00,True,3,3.0,,3.0,92101.711244,92216.063116,92216.063192,30738.68773066667,55.650237000000004,92101.711244,53141.93723747092,82897.4102907,57.175936,2.1579315042623577,0.03253229316704026,8,64,,True,True,,9,87.6246207195492
93,2026-09-18T06:49:26.559+00:00,2026-09-18T06:50:59.725+00:00,2026-09-18T06:51:04.417+00:00,True,76,76.0,,76.0,93165.313007,97857.52932700001,97857.529313,1287.5990699078948,39.175477,93165.313007,10679.620098611334,68.1836545,62.562884266666664,6.942123070673528,0.776639268563985,8,64,,True,True,,366,87.6246207195492
94,2026-09-18T06:49:26.943+00:00,2026-09-18T06:51:01.284+00:00,2026-09-18T06:51:02.769+00:00,True,25,25.0,,25.0,94340.60918500001,95826.443169,95826.44313500001,3833.0577254000004,39.047658000000006,94340.60918500001,18855.740860879585,68.62361500000002,61.90974933333334,6.1892283404677855,0.26088832240084164,8,64,,True,True,,103,87.6246207195492
95,2026-09-18T06:49:27.384+00:00,2026-09-18T06:51:02.962+00:00,2026-09-18T06:51:08.376+00:00,True,88,88.0,,88.0,95577.57323899999,100991.53394299999,100991.53386,1147.631066590909,35.578114,95577.57323899999,10181.975941287323,92.470766,62.22943337931035,11.19166051004128,0.8713601681668439,8,64,,True,True,,385,87.6246207195492
96,2026-09-18T06:49:27.647+00:00,2026-09-18T06:51:03.605+00:00,2026-09-18T06:51:05.663+00:00,True,35,35.0,,35.0,95958.198487,98016.885975,98016.885996,2800.4824570285714,38.809228000000004,95958.198487,16209.662497939558,68.25644340000001,60.549632,6.610760117302974,0.3570813299345894,8,64,,True,True,,174,87.6246207195492
97,2026-09-18T06:49:27.985+00:00,2026-09-18T06:51:05.175+00:00,2026-09-18T06:51:10.958+00:00,True,94,94.0,,94.0,97190.068,102973.305632,102973.305567,1095.4606975212766,37.93594,97190.068,10017.982386415924,90.6073455,62.18535088172043,11.214532525342833,0.9128579433579779,8,64,,True,True,,445,87.6246207195492
98,2026-09-18T06:49:28.280+00:00,2026-09-18T06:51:06.392+00:00,2026-09-18T06:51:08.787+00:00,True,40,40.0,,40.0,98112.123745,100507.132001,100507.132113,2512.678302825,34.468446,98112.123745,15503.184655361456,98.3686099,61.4104681025641,13.406218219429386,0.39798170740363,8,64,,True,True,,190,87.6246207195492
99,2026-09-18T06:49:28.692+00:00,2026-09-18T06:51:07.939+00:00,2026-09-18T06:51:12.739+00:00,True,78,78.0,,78.0,99246.744618,104047.648554,104047.64853399999,1333.944211974359,37.817989999999995,99246.744618,11230.427280397364,92.05305770000001,62.34940176623376,11.680556328591356,0.7496565379804672,8,64,,True,True,,337,87.6246207195492
100,2026-09-18T06:49:29.039+00:00,2026-09-18T06:51:09.282+00:00,2026-09-18T06:51:13.587+00:00,True,70,70.0,,70.0,100243.049377,104548.068769,104548.068661,1493.5438380142857,33.949997,100243.049377,11973.883618886644,85.52248075,62.39158539130435,10.787878853580937,0.6695484749188977,8,64,,True,True,,295,87.6246207195492
101,2026-09-18T06:49:29.452+00:00,2026-09-18T06:51:11.020+00:00,2026-09-18T06:51:11.894+00:00,True,14,14.0,,14.0,101568.458948,102441.929924,102441.930112,7317.280722285715,58.996351000000004,101568.458948,27127.356546826984,35607.47357525,67.19007507692307,8.99320978928705,0.13666279042562332,8,64,,True,True,,86,87.6246207195492
102,2026-09-18T06:49:29.852+00:00,2026-09-18T06:51:12.408+00:00,2026-09-18T06:51:13.710+00:00,True,22,22.0,,22.0,102556.315153,103858.380049,103858.38012300001,4720.8354601363635,37.39339,102556.315153,21851.86276671572,87.494686,62.003090285714286,9.611897316810543,0.21182691266338335,8,64,,True,True,,96,87.6246207195492
103,2026-09-18T06:49:30.148+00:00,2026-09-18T06:51:13.652+00:00,2026-09-18T06:51:15.141+00:00,True,25,25.0,,25.0,103503.550892,104993.241516,104993.241575,4199.729663,53.84439,103503.550892,20688.296423564912,68.19087400000001,62.070442666666665,3.7985642991364017,0.23811056444228584,8,64,,True,True,,108,87.6246207195492
104,2026-09-18T06:49:30.419+00:00,2026-09-18T06:51:14.395+00:00,2026-09-18T06:51:16.926+00:00,True,41,41.0,,41.0,103976.068189,106507.341405,106507.341215,2597.740029634146,53.303691,103976.068189,16228.452223491415,73.293834,63.2818304,6.9924932016834145,0.3849499899175518,8,64,,True,True,,208,87.6246207195492
105,2026-09-18T06:49:30.681+00:00,2026-09-18T06:51:15.393+00:00,2026-09-18T06:51:17.937+00:00,True,40,40.0,,40.0,104711.233441,107255.126689,107255.126734,2681.37816835,32.71203,104711.233441,16545.990204479476,94.03123310000001,65.228032,11.579722973170972,0.3729425458233352,8,64,,True,True,,168,87.6246207195492
106,2026-09-18T06:49:30.961+00:00,2026-09-18T06:51:16.610+00:00,2026-09-18T06:51:22.675+00:00,True,95,95.0,,95.0,105649.00492800001,111714.47206400002,111714.47218200001,1175.9418124421054,34.728676,105649.00492800001,10832.745835193014,93.748437,64.52624612765958,12.284162188738692,0.8503822131977271,8,64,,True,True,,393,87.6246207195492
107,2026-09-18T06:49:31.404+00:00,2026-09-18T06:51:18.352+00:00,2026-09-18T06:51:21.621+00:00,True,53,53.0,,53.0,106947.848137,110216.91642499999,110216.916397,2079.5644603207547,36.298733,106947.848137,14681.785751558915,92.63680120000001,62.86669784615385,11.507917704036055,0.4808699219603485,8,64,,True,True,,266,87.6246207195492
108,2026-09-18T06:49:31.871+00:00,2026-09-18T06:51:19.981+00:00,2026-09-18T06:51:25.528+00:00,True,89,89.0,,89.0,108109.92820000001,113657.41108,113657.410935,1277.0495610674159,37.316551,108109.92820000001,11452.952570314023,91.22050719999999,63.03957818181818,11.06264526674032,0.7830549645139779,8,64,,True,True,,449,87.6246207195492
109,2026-09-18T06:49:32.205+00:00,2026-09-18T06:51:21.491+00:00,2026-09-18T06:51:25.780+00:00,True,68,68.0,,68.0,109285.836516,113574.63395599999,113574.63386999999,1670.2152039705882,37.760921,109285.836516,13245.096115530394,92.97115004999999,64.01190208955224,10.834541358718043,0.5987252402358075,8,64,,True,True,,135,87.6246207195492
110,2026-09-18T06:49:32.527+00:00,2026-09-18T06:51:22.468+00:00,2026-09-18T06:51:27.481+00:00,True,81,81.0,,81.0,109940.801857,114953.802561,114953.802781,1419.182750382716,36.239363,109940.801857,12208.687157053331,89.435815,62.6625088,11.127380284289801,0.7046308881954341,8,64,,True,True,,296,87.6246207195492
111,2026-09-18T06:49:32.843+00:00,2026-09-18T06:51:23.958+00:00,2026-09-18T06:51:27.819+00:00,True,63,63.0,,63.0,111115.27638600001,114975.53059400001,114975.530773,1825.008424968254,39.532527,111115.27638600001,13991.368031045493,90.81571480000001,62.26216464516129,9.784373329789375,0.5479426767984635,8,64,,True,True,,322,87.6246207195492
112,2026-09-18T06:49:33.251+00:00,2026-09-18T06:51:25.437+00:00,2026-09-18T06:51:26.084+00:00,True,11,11.0,,11.0,112186.427787,112833.28858699999,112833.28874999999,10257.571704545453,56.905605,112186.427787,33805.97837146877,56138.417189499996,64.68608,9.798001240162312,0.09748896037465453,8,64,,True,True,,59,87.6246207195492
113,2026-09-18T06:49:33.652+00:00,2026-09-18T06:51:27.098+00:00,2026-09-18T06:51:28.814+00:00,True,27,27.0,,27.0,113445.59954000001,115162.241588,115162.24163300001,4265.26820862963,43.631619,113445.59954000001,21819.9127613654,97.4446422,66.02469415384616,12.438764805118103,0.23445184487285478,8,64,,True,True,,124,87.6246207195492
114,2026-09-18T06:49:34.075+00:00,2026-09-18T06:51:28.696+00:00,2026-09-18T06:51:31.284+00:00,True,44,44.0,,44.0,114620.75560799999,117209.34466399999,117209.34463699999,2663.84874175,38.223919,114620.75560799999,17270.657972800578,91.42637629999999,60.199745488372095,12.41126715386625,0.3753966897957948,8,64,,True,True,,175,87.6246207195492
115,2026-09-18T06:49:34.405+00:00,2026-09-18T06:51:30.462+00:00,2026-09-18T06:51:32.816+00:00,True,38,38.0,,38.0,116057.211353,118411.80975300001,118411.809875,3116.1002598684213,36.047044,116057.211353,18816.64581951823,93.20904399999999,63.637794594594595,11.594104290843312,0.32091393653441946,8,64,,True,True,,152,87.6246207195492
116,2026-09-18T06:49:35.185+00:00,2026-09-18T06:51:31.604+00:00,2026-09-18T06:51:31.857+00:00,True,5,5.0,,5.0,116419.524216,116672.46194400001,116672.462008,23334.4924016,57.967853000000005,116419.524216,52036.11485160134,93149.3069374,63.234432,4.492025877315787,0.04285501408549929,8,64,,True,True,,21,87.6246207195492
117,2026-09-18T06:49:35.195+00:00,2026-09-18T06:51:33.472+00:00,2026-09-18T06:51:37.298+00:00,True,62,62.0,,62.0,118277.031579,122103.39778700001,122103.397767,1969.4096414032258,36.019983999999994,118277.031579,15013.23663246505,93.96965110000001,62.7273148852459,12.326874349697967,0.5077663777068205,8,64,,True,True,,272,87.6246207195492
118,2026-09-18T06:49:35.516+00:00,2026-09-18T06:51:34.991+00:00,2026-09-18T06:51:38.417+00:00,True,56,56.0,,56.0,119475.524208,122901.081456,122901.081449,2194.662168732143,38.11068,119475.524208,15957.269451494854,89.12803025000001,62.282859054545455,11.20087564437519,0.4556509945768756,8,64,,True,True,,210,87.6246207195492
119,2026-09-18T06:49:35.848+00:00,2026-09-18T06:51:36.401+00:00,2026-09-18T06:51:37.296+00:00,True,16,16.0,,16.0,120552.688042,121447.58800999999,121447.588166,7590.474260375,41.645753,120552.688042,30123.257985534092,30188.80438675,59.659997866666664,7.941765259586038,0.1317440738195851,8,64,,True,True,,61,87.6246207195492
120,2026-09-18T06:49:36.312+00:00,2026-09-18T06:51:38.356+00:00,2026-09-18T06:51:44.329+00:00,True,98,98.0,,98.0,122044.304199,128017.45619900001,128017.456135,1306.3005728061225,37.032462,122044.304199,12322.119005346187,68.90268725,61.578886597938144,8.597875748362267,0.7655206009379018,8,64,,True,True,,402,87.6246207195492
121,2026-09-18T06:49:36.778+00:00,2026-09-18T06:51:40.308+00:00,2026-09-18T06:51:44.797+00:00,True,74,74.0,,74.0,123529.50357799999,128018.87881,128018.87887599999,1729.9848496756756,39.010647,123529.50357799999,14352.866393842261,71.46925719999999,61.49829084931507,8.215285561864015,0.5780397445116479,8,64,,True,True,,366,87.6246207195492
122,2026-09-18T06:49:37.146+00:00,2026-09-18T06:51:41.632+00:00,2026-09-18T06:51:41.996+00:00,True,7,7.0,,7.0,124486.69835400001,124849.86763400001,124849.867712,17835.695387428572,42.185512,124486.69835400001,47028.674461583236,87167.4929673,60.52821333333333,17.264263352981278,0.05606734017949179,8,64,,True,True,,22,87.6246207195492
123,2026-09-18T06:49:37.565+00:00,2026-09-18T06:51:43.448+00:00,2026-09-18T06:51:43.644+00:00,True,4,4.0,,4.0,125883.351817,126078.950153,126078.95007600001,31519.737519000002,60.167539,125883.351817,62909.076302383284,107011.12100605,65.19944533333333,4.424175471017999,0.031726152503220396,8,64,,True,True,,13,87.6246207195492
124,2026-09-18T06:49:37.968+00:00,2026-09-18T06:51:44.861+00:00,2026-09-18T06:51:48.022+00:00,True,54,54.0,,54.0,126892.774882,130054.115298,130054.115071,2408.409538351852,37.350730000000006,126892.774882,17259.805168881325,71.67189809999999,59.64793237735849,9.838492435434334,0.4152117745468253,8,64,,True,True,,256,87.6246207195492
125,2026-09-18T06:49:38.318+00:00,2026-09-18T06:51:45.817+00:00,2026-09-18T06:51:50.306+00:00,True,76,76.0,,76.0,127499.10644599999,131988.074126,131988.074259,1736.685187618421,35.910743000000004,127499.10644599999,14618.287890490712,68.832944,59.8529024,9.35406337550673,0.5758095987327461,8,64,,True,True,,398,87.6246207195492
126,2026-09-18T06:49:38.602+00:00,2026-09-18T06:51:46.900+00:00,2026-09-18T06:51:51.891+00:00,True,83,83.0,,83.0,128297.587713,133289.003009,133289.002889,1605.8916010722892,35.588324,128297.587713,14075.811624634753,72.06266939999999,60.87091824390244,9.700733385835472,0.6227070360365411,8,64,,True,True,,367,87.6246207195492
127,2026-09-18T06:49:39.044+00:00,2026-09-18T06:51:48.651+00:00,2026-09-18T06:51:53.068+00:00,True,72,72.0,,72.0,129606.346405,134023.771557,134023.771571,1861.4412718194444,37.35158,129606.346405,15266.925023444053,80.67127495,62.217255661971826,9.627310714621713,0.537218130511859,8,64,,True,True,,269,87.6246207195492
128,2026-09-18T06:49:39.430+00:00,2026-09-18T06:51:50.093+00:00,2026-09-18T06:51:53.318+00:00,True,52,52.0,,52.0,130663.107148,133887.59534,133887.595267,2574.7614474423076,34.390036,130663.107148,18110.947882026616,88.142204,63.22525866666666,10.268771689238214,0.3883854950710627,8,64,,True,True,,251,87.6246207195492
129,2026-09-18T06:49:39.822+00:00,2026-09-18T06:51:51.365+00:00,2026-09-18T06:51:53.679+00:00,True,37,37.0,,37.0,131543.23154,133857.043508,133857.043497,3617.7579323513514,38.161739000000004,131543.23154,21615.009549090813,91.3532812,64.27255466666666,9.044931954839429,0.27641429266879547,8,64,,True,True,,156,87.6246207195492
130,2026-09-18T06:49:40.146+00:00,2026-09-18T06:51:52.621+00:00,2026-09-18T06:51:57.591+00:00,True,83,83.0,,83.0,132475.132806,137444.830086,137444.829952,1655.9618066506025,37.316201,132475.132806,14534.386636145759,72.70525860000001,60.6060643902439,10.979227057623815,0.6038786613368173,8,64,,True,True,,400,87.6246207195492
131,2026-09-18T06:49:40.491+00:00,2026-09-18T06:51:53.744+00:00,2026-09-18T06:51:53.803+00:00,True,2,2.0,,2.0,133253.15016,133312.06855999999,133312.0687,66656.03435,58.91854,133253.15016,94182.54439343367,126593.438579,58.9184,nan,0.01500239266859667,8,64,,True,True,,4,87.6246207195492
132,2026-09-18T06:49:40.807+00:00,2026-09-18T06:51:55.234+00:00,2026-09-18T06:51:58.674+00:00,True,59,59.0,,59.0,134427.322785,137866.883489,137866.883463,2336.726838355932,40.292035000000006,134427.322785,17493.22835424095,67.71086480000002,59.30277075862069,8.764743628960433,0.42794903683093294,8,64,,True,True,,330,87.6246207195492
133,2026-09-18T06:49:41.125+00:00,2026-09-18T06:51:56.266+00:00,2026-09-18T06:52:00.775+00:00,True,76,76.0,,76.0,135140.922078,139650.478814,139650.478903,1837.5063013552633,35.959503,135140.922078,15494.832886892798,69.76491949999999,60.127423146666665,9.816755144622535,0.5442158211374566,8,64,,True,True,,301,87.6246207195492
134,2026-09-18T06:49:41.420+00:00,2026-09-18T06:51:57.775+00:00,2026-09-18T06:52:00.105+00:00,True,39,39.0,,39.0,136355.098519,138684.826007,138684.825947,3556.021178128205,39.680816,136355.098519,21824.47371097362,68.1991771,61.30861810526316,5.832338172906012,0.28121317322798894,8,64,,True,True,,172,87.6246207195492
135,2026-09-18T06:49:41.755+00:00,2026-09-18T06:51:58.918+00:00,2026-09-18T06:52:01.288+00:00,True,39,39.0,,39.0,137163.225457,139533.277297,139533.277159,3577.776337410256,44.590987,137163.225457,21953.708019602684,73.404452,62.369785263157894,7.091475068522607,0.279503217838047,8,64,,True,True,,196,87.6246207195492
136,2026-09-18T06:49:42.215+00:00,2026-09-18T06:52:00.604+00:00,2026-09-18T06:52:04.483+00:00,True,63,63.0,,63.0,138388.347674,142268.06325799998,142268.063313,2258.223227190476,34.948445,138388.347674,17427.412857517847,92.70489880000001,62.57605780645161,11.500518652161102,0.44282601841392116,8,64,,True,True,,274,87.6246207195492
137,2026-09-18T06:49:42.549+00:00,2026-09-18T06:52:01.709+00:00,2026-09-18T06:52:02.089+00:00,True,7,7.0,,7.0,139159.978909,139540.107421,139540.10739,19934.301055714284,37.15073,139159.978909,52573.5848142705,97439.73169540001,63.354752,17.9916822166874,0.0501647886716944,8,64,,True,True,,29,87.6246207195492
138,2026-09-18T06:49:42.968+00:00,2026-09-18T06:52:03.471+00:00,2026-09-18T06:52:06.659+00:00,True,52,52.0,,52.0,140503.548537,143691.343993,143691.34391599998,2763.295075307692,35.380275000000005,140503.548537,19475.67169398603,89.99404605,62.50579325490196,11.278648071611235,0.361886795369756,8,64,,True,True,,273,87.6246207195492
139,2026-09-18T06:49:43.326+00:00,2026-09-18T06:52:04.603+00:00,2026-09-18T06:52:06.337+00:00,True,29,29.0,,29.0,141277.152669,143010.614941,143010.614759,4931.400508931035,40.334445,141277.152669,26223.01443256339,90.6065626,61.90936685714286,10.612142983156069,0.20278215020587212,8,64,,True,True,,107,87.6246207195492
140,2026-09-18T06:49:43.732+00:00,2026-09-18T06:52:06.531+00:00,2026-09-18T06:52:12.170+00:00,True,92,92.0,,92.0,142798.873785,148438.37253700002,148438.372585,1613.460571576087,34.661795,142798.873785,14881.353887301264,85.4303297,61.97251375824176,9.845196380513539,0.6197858304938496,8,64,,True,True,,418,87.6246207195492
141,2026-09-18T06:49:44.163+00:00,2026-09-18T06:52:08.064+00:00,2026-09-18T06:52:10.247+00:00,True,37,37.0,,37.0,143901.36958199998,146084.46180599998,146084.46186399998,3948.228699027027,34.670385,143901.36958199998,23647.27137587285,71.4374408,60.641450666666664,8.067986715021458,0.25327813473506827,8,64,,True,True,,174,87.6246207195492
142,2026-09-18T06:49:44.433+00:00,2026-09-18T06:52:09.129+00:00,2026-09-18T06:52:14.639+00:00,True,90,90.0,,90.0,144696.366886,150205.67555800002,150205.675667,1668.9519518555555,34.082696000000006,144696.366886,15245.814801478231,83.65645049999999,61.90234462921348,10.533455704550748,0.5991784242882862,8,64,,True,True,,179,87.6246207195492
143,2026-09-18T06:49:44.769+00:00,2026-09-18T06:52:10.370+00:00,2026-09-18T06:52:15.756+00:00,True,87,87.0,,87.0,145600.962084,150987.47882,150987.478815,1735.4882622413793,35.484964,145600.962084,15603.350501637338,91.28748889999999,62.63391553488372,11.109200714926244,0.5762067204507548,8,64,,True,True,,411,87.6246207195492
144,2026-09-18T06:49:45.213+00:00,2026-09-18T06:52:12.103+00:00,2026-09-18T06:52:13.261+00:00,True,19,19.0,,19.0,146890.57783199998,148047.98506399998,148047.98517499998,7791.999219736841,40.257045,146890.57783199998,33684.260950902375,14776.968548399997,64.30040177777778,14.041813406540555,0.12833676859422605,8,64,,True,True,,45,87.6246207195492
145,2026-09-18T06:49:45.658+00:00,2026-09-18T06:52:13.793+00:00,2026-09-18T06:52:19.175+00:00,True,87,87.0,,87.0,148134.980083,153517.16453100002,153517.164503,1764.5651092298851,33.280048,148134.980083,15875.032835565644,93.3256896,62.58354009302325,13.407377329505625,0.566711873983524,8,64,,True,True,,382,87.6246207195492
146,2026-09-18T06:49:46.097+00:00,2026-09-18T06:52:15.521+00:00,2026-09-18T06:52:15.521+00:00,True,1,1.0,,1.0,149423.47943500002,149423.47943500002,149423.47943500002,149423.47943500002,149423.47943500002,149423.47943500002,nan,149423.47943500002,nan,nan,0.006692388664627537,8,64,,True,True,,3,87.6246207195492
147,2026-09-18T06:49:46.508+00:00,2026-09-18T06:52:17.113+00:00,2026-09-18T06:52:18.574+00:00,True,23,23.0,,23.0,150605.625163,152066.384971,152066.384871,6611.581950913043,41.891213,150605.625163,31389.601660799653,94.85399520000001,66.3981730909091,13.932426256108135,0.15124973217707677,8,64,,True,True,,86,87.6246207195492
148,2026-09-18T06:49:46.894+00:00,2026-09-18T06:52:18.676+00:00,2026-09-18T06:52:20.550+00:00,True,31,31.0,,31.0,151782.019924,153656.51464399998,153656.51453,4956.661759032258,38.468008000000005,151782.019924,27249.635834482022,94.47172850000001,62.48315733333334,12.129178892244878,0.20174868648961963,8,64,,True,True,,162,87.6246207195492
149,2026-09-18T06:49:47.338+00:00,2026-09-18T06:52:20.427+00:00,2026-09-18T06:52:22.857+00:00,True,39,39.0,,39.0,153089.15403900002,155518.34955900002,155518.34947100002,3987.649986435898,35.606683,153089.15403900002,24503.649735144976,94.8225465,63.926197894736845,11.250903820546146,0.25077426625598487,8,64,,True,True,,204,87.6246207195492
150,2026-09-18T06:49:47.593+00:00,2026-09-18T06:52:21.467+00:00,2026-09-18T06:52:24.055+00:00,True,42,42.0,,42.0,153873.11844299998,156462.03057099998,156462.030577,3725.2864423095234,40.109445,153873.11844299998,23733.396683040057,93.61227245,63.14419824390244,10.804825063062818,0.2684357338756451,8,64,,True,True,,158,87.6246207195492
151,2026-09-18T06:49:47.934+00:00,2026-09-18T06:52:22.531+00:00,2026-09-18T06:52:23.267+00:00,True,13,13.0,,13.0,154597.52669499998,155333.22717499998,155333.22720399997,11948.709784923076,40.123816,154597.52669499998,42860.636324805506,61888.1427382,61.308373333333336,9.728138118266708,0.08369104432082691,8,64,,True,True,,55,87.6246207195492
152,2026-09-18T06:49:48.769+00:00,2026-09-18T06:52:24.181+00:00,2026-09-18T06:52:25.320+00:00,True,19,19.0,,19.0,155412.265902,156551.76951800002,156551.769548,8239.56681831579,39.954195,155412.265902,35639.49735290043,15621.481572900002,63.30575644444445,11.177669690194907,0.12136560358594617,8,64,,True,True,,78,87.6246207195492
153,2026-09-18T06:49:48.829+00:00,2026-09-18T06:52:24.270+00:00,2026-09-18T06:52:30.400+00:00,True,99,99.0,,99.0,155440.380948,161570.61352400001,161570.61352,1632.0263991919192,38.282829,155440.380948,15616.061867964398,75.9791027,62.553393632653055,9.115742028780009,0.6127351864347185,8,64,,True,True,,432,87.6246207195492
154,2026-09-18T06:49:49.133+00:00,2026-09-18T06:52:26.787+00:00,2026-09-18T06:52:30.216+00:00,True,56,56.0,,56.0,157654.21989500002,161083.523703,161083.52349300002,2876.4914909464287,39.727527,157654.21989500002,21059.1017764289,80.75910225,62.35097832727273,10.303911129970295,0.34764573503650675,8,64,,True,True,,267,87.6246207195492
155,2026-09-18T06:49:49.579+00:00,2026-09-18T06:52:28.810+00:00,2026-09-18T06:52:33.266+00:00,True,72,72.0,,72.0,159230.388649,163686.229161,163686.229113,2273.4198487916665,39.716165999999994,159230.388649,18758.087691078807,89.91536394999999,62.758317070422535,9.880389831498384,0.43986595799199196,8,64,,True,True,,282,87.6246207195492
156,2026-09-18T06:49:50.040+00:00,2026-09-18T06:52:30.689+00:00,2026-09-18T06:52:35.680+00:00,True,78,78.0,,78.0,160649.25630500002,165639.886961,165639.886773,2123.5882919615387,35.980073,160649.25630500002,18182.612900993227,99.0487411,64.81338514285714,13.874510273467747,0.4709010699721447,8,64,,True,True,,331,87.6246207195492
157,2026-09-18T06:49:50.297+00:00,2026-09-18T06:52:31.559+00:00,2026-09-18T06:52:36.908+00:00,True,83,83.0,,83.0,161261.575208,166610.540584,166610.540488,2007.3559094939758,37.082150999999996,161261.575208,17693.60321388584,100.7099987,65.23128507317072,14.426998958802853,0.49816776122969186,8,64,,True,True,,331,87.6246207195492
158,2026-09-18T06:49:50.638+00:00,2026-09-18T06:52:32.888+00:00,2026-09-18T06:52:35.616+00:00,True,43,43.0,,43.0,162250.262289,164978.14248100002,164978.142464,3836.700987534884,35.874052999999996,162250.262289,24733.03238370703,98.7699453,64.94952838095239,14.340999594809482,0.26064058761573317,8,64,,True,True,,150,87.6246207195492
159,2026-09-18T06:49:51.041+00:00,2026-09-18T06:52:34.657+00:00,2026-09-18T06:52:38.026+00:00,True,53,53.0,,53.0,163616.611454,166984.806014,166984.806167,3150.6567201320754,38.480869,163616.611454,22465.578477048373,100.23416959999999,64.7729723076923,16.171923930541727,0.3173941466001193,8,64,,True,True,,203,87.6246207195492
160,2026-09-18T06:49:51.388+00:00,2026-09-18T06:52:36.131+00:00,2026-09-18T06:52:38.406+00:00,True,36,36.0,,36.0,164743.138538,167017.692138,167017.692179,4639.380338305556,36.984391,164743.138538,27446.363414246392,108.41600525000001,64.98724571428572,16.581567874481017,0.21554602712540566,8,64,,True,True,,215,87.6246207195492
161,2026-09-18T06:49:51.654+00:00,2026-09-18T06:52:37.003+00:00,2026-09-18T06:52:41.799+00:00,True,77,77.0,,77.0,165348.54204499998,170144.53462099997,170144.53450599997,2209.669279298701,36.354442000000006,165348.54204499998,18836.02779956145,93.67741559999999,63.10516547368422,12.559641080638093,0.4525564113564911,8,64,,True,True,,427,87.6246207195492
162,2026-09-18T06:49:51.962+00:00,2026-09-18T06:52:38.211+00:00,2026-09-18T06:52:41.263+00:00,True,50,50.0,,50.0,166248.850751,169300.205631,169300.205544,3386.0041108799996,35.687723,166248.850751,23502.333975468213,88.73482675,62.27254857142857,11.376804032540832,0.2953333684010876,8,64,,True,True,,235,87.6246207195492
163,2026-09-18T06:49:52.285+00:00,2026-09-18T06:52:39.381+00:00,2026-09-18T06:52:40.984+00:00,True,28,28.0,,28.0,167095.814046,168698.525342,168698.52524000002,6024.947330000001,33.743297,167095.814046,31566.92451065409,75.3163237,59.35967762962963,10.819791500295986,0.1659765545859753,8,64,,True,True,,122,87.6246207195492
164,2026-09-18T06:49:52.677+00:00,2026-09-18T06:52:41.137+00:00,2026-09-18T06:52:41.798+00:00,True,11,11.0,,11.0,168459.69301699998,169121.581273,169121.58130299998,15374.689209363634,57.699433,168459.69301699998,50772.55258706437,84274.5875455,66.1888256,9.019788935013738,0.06504196517796001,8,64,,True,True,,48,87.6246207195492
165,2026-09-18T06:49:53.107+00:00,2026-09-18T06:52:42.761+00:00,2026-09-18T06:52:43.046+00:00,True,6,6.0,,6.0,169653.855744,169938.356992,169938.356834,28323.059472333334,39.554707,169653.855744,69237.66773372954,127256.4202005,56.9002496,9.953464967170216,0.035306920145652905,8,64,,True,True,,16,87.6246207195492
166,2026-09-18T06:49:53.550+00:00,2026-09-18T06:52:44.277+00:00,2026-09-18T06:52:44.916+00:00,True,12,12.0,,12.0,170726.897094,171366.68487000003,171366.685012,14280.557084333335,37.68917,170726.897094,49267.820831107674,76863.70282410001,58.16252509090909,9.94255971900244,0.07002527947076344,8,64,,True,True,,47,87.6246207195492
167,2026-09-18T06:49:54.019+00:00,2026-09-18T06:52:45.897+00:00,2026-09-18T06:52:50.031+00:00,True,66,66.0,,66.0,171877.97105000002,176012.31063400002,176012.31070800003,2666.853192545455,36.736871,171877.97105000002,21148.890399444885,95.24174525000001,63.60522436923077,13.007307229392904,0.37497377179054475,8,64,,True,True,,279,87.6246207195492
168,2026-09-18T06:49:54.353+00:00,2026-09-18T06:52:47.388+00:00,2026-09-18T06:52:48.739+00:00,True,22,22.0,,22.0,173034.876247,174385.97307900002,174385.972948,7926.635134,37.40751,173034.876247,36877.446450014395,117.10527524999999,64.33794438095238,17.096160496373912,0.1261569357418076,8,64,,True,True,,141,87.6246207195492
169,2026-09-18T06:49:54.730+00:00,2026-09-18T06:52:49.002+00:00,2026-09-18T06:52:50.997+00:00,True,34,34.0,,34.0,174271.591653,176266.732773,176266.73277600002,5184.315669882353,34.473625999999996,174271.591653,29876.964041098243,74.9517113,60.45882181818182,8.757140004309004,0.19288948893031288,8,64,,True,True,,165,87.6246207195492
170,2026-09-18T06:49:54.985+00:00,2026-09-18T06:52:49.904+00:00,2026-09-18T06:52:53.938+00:00,True,64,64.0,,64.0,174919.25932800001,178953.74841600002,178953.748362,2796.15231815625,35.246424,174919.25932800001,21856.90602386027,91.6450395,64.03950933333334,12.551013773785519,0.35763430811867725,8,64,,True,True,,315,87.6246207195492
171,2026-09-18T06:49:55.363+00:00,2026-09-18T06:52:51.321+00:00,2026-09-18T06:52:56.305+00:00,True,76,76.0,,76.0,175957.878629,180941.88938100002,180941.88932900003,2380.814333276316,38.920848,175957.878629,20176.134349198233,96.90452375000001,66.45347669333333,13.039951213792943,0.42002435290133794,8,64,,True,True,,145,87.6246207195492
172,2026-09-18T06:49:55.830+00:00,2026-09-18T06:52:53.302+00:00,2026-09-18T06:52:57.542+00:00,True,66,66.0,,66.0,177472.36332899999,181712.39916899998,181712.39935899997,2753.2181721060606,37.30476,177472.36332899999,21837.312462752285,98.294464,65.23132061538462,13.442590903124316,0.3632113180048726,8,64,,True,True,,282,87.6246207195492
173,2026-09-18T06:49:56.141+00:00,2026-09-18T06:52:54.179+00:00,2026-09-18T06:52:58.081+00:00,True,61,61.0,,61.0,178037.690086,181939.78979799998,181939.789957,2982.6195074918032,35.134544999999996,178037.690086,22787.06745222467,97.025438,65.0349952,13.583932937497769,0.3352757528615687,8,64,,True,True,,263,87.6246207195492
174,2026-09-18T06:49:56.466+00:00,2026-09-18T06:52:55.724+00:00,2026-09-18T06:52:58.761+00:00,True,48,48.0,,48.0,179258.524807,182295.032967,182295.03299500002,3797.8131873958337,37.23092,179258.524807,25864.41806705651,99.34879235,64.60655659574468,14.23214611303971,0.2633094232945404,8,64,,True,True,,104,87.6246207195492
175,2026-09-18T06:49:56.758+00:00,2026-09-18T06:52:56.780+00:00,2026-09-18T06:53:00.967+00:00,True,68,68.0,,68.0,180022.772094,184209.426302,184209.42634300003,2708.962152102941,39.366087,180022.772094,21823.393035110996,90.6841219,62.48737623880597,11.466310947496613,0.3691450614938575,8,64,,True,True,,348,87.6246207195492
176,2026-09-18T06:49:57.087+00:00,2026-09-18T06:52:57.762+00:00,2026-09-18T06:53:03.425+00:00,True,92,92.0,,92.0,180674.695518,186337.793374,186337.79333,2025.4107970652174,38.017009,180674.695518,18830.153430377686,79.03863045,62.231844571428574,9.586016872998528,0.493727001560795,8,64,,True,True,,458,87.6246207195492
177,2026-09-18T06:49:57.518+00:00,2026-09-18T06:52:59.504+00:00,2026-09-18T06:53:03.994+00:00,True,74,74.0,,74.0,181986.111848,186475.668072,186475.668092,2519.941460702703,39.346306,181986.111848,21148.30762643027,68.45758615000001,61.50077019178082,7.050826106986615,0.39683461528840275,8,64,,True,True,,227,87.6246207195492
178,2026-09-18T06:49:57.882+00:00,2026-09-18T06:53:01.032+00:00,2026-09-18T06:53:02.228+00:00,True,20,20.0,,20.0,183150.078815,184346.131807,184346.13178099997,9217.30658905,54.324649,183150.078815,40939.526789811796,9230.0903124,62.950157473684214,4.565409801307453,0.10849156314784446,8,64,,True,True,,88,87.6246207195492
179,2026-09-18T06:49:58.229+00:00,2026-09-18T06:53:02.459+00:00,2026-09-18T06:53:02.833+00:00,True,7,7.0,,7.0,184229.88021099998,184603.72673899998,184603.726832,26371.960976,58.105521,184229.88021099998,69608.79951619577,128980.73697549998,62.30775466666667,2.9814310272556477,0.03791906113518974,8,64,,True,True,,34,87.6246207195492
180,2026-09-18T06:49:58.538+00:00,2026-09-18T06:53:03.682+00:00,2026-09-18T06:53:03.992+00:00,True,6,6.0,,6.0,185143.799906,185453.742946,185453.742877,30908.957146166667,58.866040999999996,185143.799906,75559.33311140107,138874.2098965,61.988608,2.9922846885735987,0.03235308117640454,8,64,,True,True,,15,87.6246207195492
181,2026-09-18T06:49:58.964+00:00,2026-09-18T06:53:05.264+00:00,2026-09-18T06:53:11.019+00:00,True,98,98.0,,98.0,186300.090317,192055.417805,192055.41774499998,1959.7491606632652,35.106565,186300.090317,18813.160013485496,68.14876335000001,59.33327307216494,9.847481107302627,0.5102693853682511,8,64,,True,True,,451,87.6246207195492
182,2026-09-18T06:49:59.255+00:00,2026-09-18T06:53:06.152+00:00,2026-09-18T06:53:06.801+00:00,True,12,12.0,,12.0,186897.33395300002,187545.76147300002,187545.76137200004,15628.81344766667,40.242725,186897.33395300002,53935.59664801351,84139.25966380003,58.947956363636365,7.062093533037342,0.06398438389516778,8,64,,True,True,,53,87.6246207195492
183,2026-09-18T06:49:59.643+00:00,2026-09-18T06:53:07.758+00:00,2026-09-18T06:53:11.691+00:00,True,67,67.0,,67.0,188115.13359,192048.52341400002,192048.523512,2866.395873313433,39.447126,188115.13359,22974.64251756401,69.3252296,59.59681551515152,9.855603246219712,0.3488701647321065,8,64,,True,True,,304,87.6246207195492
184,2026-09-18T06:50:00.063+00:00,2026-09-18T06:53:09.618+00:00,2026-09-18T06:53:15.489+00:00,True,96,96.0,,96.0,189555.25801,195425.401242,195425.40117599998,2035.68126225,37.297821000000006,189555.25801,19340.099233734833,90.53998575,61.790981389473686,11.25688255126508,0.49123603886641576,8,64,,True,True,,489,87.6246207195492
185,2026-09-18T06:50:00.457+00:00,2026-09-18T06:53:11.140+00:00,2026-09-18T06:53:16.959+00:00,True,93,93.0,,93.0,190683.143304,196501.604744,196501.604885,2112.9204826344085,34.866575,190683.143304,19766.36643228688,92.6227852,63.244146086956526,12.134740258149003,0.47327857765415865,8,64,,True,True,,368,87.6246207195492
186,2026-09-18T06:50:00.887+00:00,2026-09-18T06:53:12.453+00:00,2026-09-18T06:53:18.593+00:00,True,97,97.0,,97.0,191565.82736599998,197706.50423,197706.50432399998,2038.211384783505,36.000392999999995,191565.82736599998,19444.07248631739,93.694491,63.965384,13.102310248455472,0.4906262461004114,8,64,,True,True,,407,87.6246207195492
187,2026-09-18T06:50:01.265+00:00,2026-09-18T06:53:13.802+00:00,2026-09-18T06:53:17.020+00:00,True,51,51.0,,51.0,192537.338692,195755.31962,195755.319501,3838.3395980588234,34.913725,192537.338692,26951.61118553947,93.15383700000001,64.35961856,13.378786032108623,0.26052931843181143,8,64,,True,True,,256,87.6246207195492
188,2026-09-18T06:50:02.602+00:00,2026-09-18T06:53:16.569+00:00,2026-09-18T06:53:22.495+00:00,True,96,96.0,,96.0,193966.761521,199892.969009,199892.96908,2082.2184279166668,37.48038,193966.761521,19790.287053780194,91.72921875,62.38113145263158,12.809597868580443,0.4802570119196023,8,64,,True,True,,514,87.6246207195492
189,2026-09-18T06:50:02.637+00:00,2026-09-18T06:53:16.867+00:00,2026-09-18T06:53:18.269+00:00,True,22,22.0,,22.0,194229.803329,195631.19136099998,195631.19136099998,8892.326880045453,32.673749,194229.803329,41395.70793354109,95.60381565,66.73276342857143,13.826651957843753,0.11245650474725784,8,64,,True,True,,65,87.6246207195492
191,2026-09-18T06:50:02.683+00:00,2026-09-18T06:53:18.052+00:00,2026-09-18T06:53:23.308+00:00,True,86,86.0,,86.0,195369.33652900002,200625.48296100003,200625.48286000002,2332.8544518604654,35.527404000000004,195369.33652900002,21060.553605555688,96.757101,61.83701684705883,13.546805762348246,0.4286594042328995,8,64,,True,True,,390,87.6246207195492
190,2026-09-18T06:50:02.648+00:00,2026-09-18T06:53:18.694+00:00,2026-09-18T06:53:24.161+00:00,True,89,89.0,,89.0,196046.328315,201513.493755,201513.493892,2264.1965605842697,36.544881000000004,196046.328315,20774.288010619366,92.2510102,62.12688,13.297087263009953,0.4416577686266814,8,64,,True,True,,439,87.6246207195492
192,2026-09-18T06:50:02.924+00:00,2026-09-18T06:53:20.563+00:00,2026-09-18T06:53:22.085+00:00,True,26,26.0,,26.0,197639.086863,199160.779279,199160.77912,7660.0299661538465,37.541050000000006,197639.086863,38748.27987205955,94.526974,60.86769664,15.922042374396725,0.1305477920608915,8,64,,True,True,,119,87.6246207195492
193,2026-09-18T06:50:03.211+00:00,2026-09-18T06:53:21.828+00:00,2026-09-18T06:53:22.427+00:00,True,11,11.0,,11.0,198616.28247,199215.81603800002,199215.81606100002,18110.528732818184,35.787954,198616.28247,59866.987645358146,99355.107552,59.953356799999995,15.817877853653826,0.05521649946659743,8,64,,True,True,,48,87.6246207195492
194,2026-09-18T06:50:03.580+00:00,2026-09-18T06:53:23.248+00:00,2026-09-18T06:53:27.438+00:00,True,67,67.0,,67.0,199668.29030700002,203857.81760300003,203857.81763,3042.6539944776123,36.991519999999994,199668.29030700002,24385.612194350233,91.48706609999999,63.4776863030303,12.48116646356662,0.3286604398487096,8,64,,True,True,,267,87.6246207195492
195,2026-09-18T06:50:03.992+00:00,2026-09-18T06:53:25.074+00:00,2026-09-18T06:53:26.372+00:00,True,22,22.0,,22.0,201081.27825799998,202379.90840199997,202379.90851199997,9199.086750545453,37.040971,201081.27825799998,42857.48961025255,94.7676345,61.83953066666666,10.705009420430965,0.10870644311341426,8,64,,True,True,,64,87.6246207195492
196,2026-09-18T06:50:04.291+00:00,2026-09-18T06:53:26.259+00:00,2026-09-18T06:53:27.845+00:00,True,26,26.0,,26.0,201968.723053,203554.53681299998,203554.536831,7829.020647346154,36.103322,201968.723053,39596.88748944988,92.9420365,63.4325504,13.630768584181109,0.1277298968967982,8,64,,True,True,,82,87.6246207195492
197,2026-09-18T06:50:04.760+00:00,2026-09-18T06:53:27.841+00:00,2026-09-18T06:53:29.579+00:00,True,30,30.0,,30.0,203080.46179600002,204818.95626,204818.956188,6827.2985396,41.430163,203080.46179600002,37066.30556870124,67.86212499999999,59.94808496551724,6.6134257226716935,0.14647081768114076,8,64,,True,True,,139,87.6246207195492
198,2026-09-18T06:50:05.134+00:00,2026-09-18T06:53:29.093+00:00,2026-09-18T06:53:31.270+00:00,True,36,36.0,,36.0,203959.380755,206135.99413099998,206135.994159,5725.99983775,35.375994,203959.380755,33982.8671185318,93.11352525000001,62.188953600000005,11.279481776418807,0.17464198890525592,8,64,,True,True,,117,87.6246207195492
199,2026-09-18T06:50:05.470+00:00,2026-09-18T06:53:30.597+00:00,2026-09-18T06:53:36.018+00:00,True,87,87.0,,87.0,205127.688444,210547.941628,210547.941649,2420.091283321839,37.37759,205127.688444,21985.242701324274,92.71165289999999,63.02619981395349,11.963022396240353,0.4132075541907373,8,64,,True,True,,497,87.6246207195492
200,2026-09-18T06:50:05.859+00:00,2026-09-18T06:53:32.298+00:00,2026-09-18T06:53:35.887+00:00,True,58,58.0,,58.0,206439.43553400002,210027.94062200002,210027.94064100002,3621.1713903620694,38.027058,206439.43553400002,27098.561952825916,90.84774935,62.95622961403509,12.043375965956386,0.27615373377576513,8,64,,True,True,,264,87.6246207195492
201,2026-09-18T06:50:06.218+00:00,2026-09-18T06:53:33.750+00:00,2026-09-18T06:53:39.607+00:00,True,93,93.0,,93.0,207532.55296399997,213389.61152399998,213389.61161199998,2294.511952817204,33.192688000000004,207532.55296399997,21513.52480982779,91.622111,63.66368,11.75255309349444,0.4358225282655818,8,64,,True,True,,466,87.6246207195492
202,2026-09-18T06:50:06.641+00:00,2026-09-18T06:53:35.185+00:00,2026-09-18T06:53:39.910+00:00,True,76,76.0,,76.0,208544.81155399999,213268.912418,213268.912548,2806.169901947368,36.874951,208544.81155399999,23914.508338562828,93.98328874999999,62.98801152,12.19003265037596,0.3563576103911597,8,64,,True,True,,281,87.6246207195492
203,2026-09-18T06:50:06.920+00:00,2026-09-18T06:53:36.146+00:00,2026-09-18T06:53:39.296+00:00,True,51,51.0,,51.0,209225.722155,212376.353835,212376.353909,4164.242233509804,33.452938,209225.722155,29288.640064970095,92.55379699999999,63.0126336,12.023987126234992,0.2401397287365761,8,64,,True,True,,180,87.6246207195492
204,2026-09-18T06:50:07.364+00:00,2026-09-18T06:53:38.263+00:00,2026-09-18T06:53:40.290+00:00,True,33,33.0,,33.0,210898.420389,212926.080165,212926.08016100002,6452.305459424243,37.675849,210898.420389,36701.67385163503,93.39531720000001,63.364368,10.682980453438022,0.15498336312032676,8,64,,True,True,,154,87.6246207195492
205,2026-09-18T06:50:07.658+00:00,2026-09-18T06:53:39.481+00:00,2026-09-18T06:53:42.360+00:00,True,47,47.0,,47.0,211823.234735,214702.144431,214702.144627,4568.130736744681,36.820111,211823.234735,30888.467723878446,92.7993838,62.58499339130435,12.182924000069656,0.218907920666366,8,64,,True,True,,180,87.6246207195492
206,2026-09-18T06:50:08.015+00:00,2026-09-18T06:53:40.572+00:00,2026-09-18T06:53:43.559+00:00,True,49,49.0,,49.0,212557.562535,215544.380839,215544.380845,4398.864915204082,35.299644,212557.562535,30356.479075201474,92.18190999999999,62.22538133333334,12.042748406143243,0.22733137282108204,8,64,,True,True,,281,87.6246207195492
207,2026-09-18T06:50:08.407+00:00,2026-09-18T06:53:41.941+00:00,2026-09-18T06:53:45.518+00:00,True,59,59.0,,59.0,213534.86396000002,217111.21877600002,217111.21877900002,3679.851165745763,35.588714,213534.86396000002,27791.84619562458,91.2506717,61.66128993103448,11.690612806263749,0.27175012112511804,8,64,,True,True,,208,87.6246207195492
208,2026-09-18T06:50:08.663+00:00,2026-09-18T06:53:43.061+00:00,2026-09-18T06:53:45.044+00:00,True,33,33.0,,33.0,214397.530632,216380.912136,216380.91230700002,6556.997342636364,40.028805,214397.530632,37311.03092159484,80.172768,61.980672,7.837827221370062,0.1525088311822015,8,64,,True,True,,158,87.6246207195492
209,2026-09-18T06:50:09.059+00:00,2026-09-18T06:53:44.434+00:00,2026-09-18T06:53:45.816+00:00,True,23,23.0,,23.0,215374.892537,216756.818169,216756.81818600002,9424.209486347827,36.423242,215374.892537,44895.67307527758,91.993621,62.81480145454545,11.256502380851247,0.10610969562243464,8,64,,True,True,,112,87.6246207195492
210,2026-09-18T06:50:09.361+00:00,2026-09-18T06:53:45.457+00:00,2026-09-18T06:53:49.908+00:00,True,70,70.0,,70.0,216095.304346,220546.68533799998,220546.68549,3150.6669355714284,0.01743,216095.304346,25820.630177058443,95.2077952,64.512768,24.990449810164314,0.31739311743779386,8,64,,True,True,,347,87.6246207195492
211,2026-09-18T06:50:09.691+00:00,2026-09-18T06:53:46.926+00:00,2026-09-18T06:53:50.582+00:00,True,58,58.0,,58.0,217235.57260699998,220890.88012699998,220890.87998899998,3808.4634480862064,0.01886,217235.57260699998,28516.019273194073,89.6997185,64.12820210526316,25.937464057026418,0.2625730857093476,8,64,,True,True,,272,87.6246207195492
212,2026-09-18T06:50:10.100+00:00,2026-09-18T06:53:49.025+00:00,2026-09-18T06:53:49.088+00:00,True,2,2.0,,2.0,218925.378941,218988.159613,218988.159554,109494.079777,62.780612999999995,218925.378941,154759.22742583635,207982.24902460002,62.780672,nan,0.009132913868651336,8,64,,True,True,,3,87.6246207195492
213,2026-09-18T06:50:10.427+00:00,2026-09-18T06:53:50.092+00:00,2026-09-18T06:53:56.179+00:00,True,99,99.0,,99.0,219664.200453,225751.281669,225751.28149,2280.315974646465,33.667077,219664.200453,22070.843271067977,89.6216484,62.113073632653055,11.678560441944265,0.4385357162452585,8,64,,True,True,,358,87.6246207195492
214,2026-09-18T06:50:10.803+00:00,2026-09-18T06:53:51.368+00:00,2026-09-18T06:53:51.611+00:00,True,5,5.0,,5.0,220564.996993,220808.606081,220808.606118,44161.721223600005,57.953942000000005,220564.996993,98612.42905855624,176464.75525460002,60.902272,3.245407415494086,0.02264404494345584,8,64,,True,True,,12,87.6246207195492
215,2026-09-18T06:50:11.218+00:00,2026-09-18T06:53:52.970+00:00,2026-09-18T06:53:55.430+00:00,True,41,41.0,,41.0,221752.034565,224212.35174900002,224212.351709,5468.593944121952,37.35378,221752.034565,34622.24587964846,93.615635,61.507929600000004,12.945683864550007,0.18286236097241623,8,64,,True,True,,255,87.6246207195492
216,2026-09-18T06:50:11.502+00:00,2026-09-18T06:53:53.913+00:00,2026-09-18T06:53:57.059+00:00,True,51,51.0,,51.0,222411.55082300003,225557.49335100004,225557.49331400002,4422.695947333334,37.963769,222411.55082300003,31135.03758372729,84.87301599999999,62.91885056,9.689041711301869,0.22610643185609727,8,64,,True,True,,177,87.6246207195492
217,2026-09-18T06:50:11.899+00:00,2026-09-18T06:53:55.547+00:00,2026-09-18T06:54:00.490+00:00,True,80,80.0,,80.0,223648.108468,228590.783156,228590.783144,2857.3847892999997,36.691212,223648.108468,24997.624769595503,69.6324982,62.56550237974683,7.553319342896157,0.3499703658016895,8,64,,True,True,,372,87.6246207195492
218,2026-09-18T06:50:12.327+00:00,2026-09-18T06:53:57.247+00:00,2026-09-18T06:54:02.738+00:00,True,88,88.0,,88.0,224919.940284,230411.34022,230411.34001400002,2618.310681977273,35.095424,224919.940284,23969.81988175565,90.30419524999999,63.11953949425288,10.44927017594574,0.38192564617686076,8,64,,True,True,,496,87.6246207195492
219,2026-09-18T06:50:12.626+00:00,2026-09-18T06:53:58.210+00:00,2026-09-18T06:53:58.999+00:00,True,14,14.0,,14.0,225583.701503,226372.090879,226372.090887,16169.435063357141,41.187332000000005,225583.701503,60273.572779746915,79005.29296085,60.645336615384615,9.622324361136291,0.06184507968998376,8,64,,True,True,,56,87.6246207195492
220,2026-09-18T06:50:12.995+00:00,2026-09-18T06:53:59.624+00:00,2026-09-18T06:54:03.763+00:00,True,67,67.0,,67.0,226629.316535,230767.757239,230767.75732799998,3444.294885492537,35.633213000000005,226629.316535,27679.519265377287,87.3483027,62.70364703030303,10.758998639433962,0.2903351872099268,8,64,,True,True,,313,87.6246207195492
221,2026-09-18T06:50:13.264+00:00,2026-09-18T06:54:00.844+00:00,2026-09-18T06:54:05.390+00:00,True,75,75.0,,75.0,227580.793037,232126.657229,232126.65720699998,3095.0220960933334,36.137852,227580.793037,26271.674784201397,78.1846035,61.430597189189186,9.665772463233957,0.3230994703292962,8,64,,True,True,,372,87.6246207195492
222,2026-09-18T06:50:13.731+00:00,2026-09-18T06:54:02.677+00:00,2026-09-18T06:54:04.870+00:00,True,37,37.0,,37.0,228946.638177,231139.260257,231139.260422,6247.007038432432,37.597659,228946.638177,37628.58329900213,71.284908,60.906168888888885,7.614206413621714,0.1600766566392066,8,64,,True,True,,143,87.6246207195492
223,2026-09-18T06:50:14.085+00:00,2026-09-18T06:54:03.869+00:00,2026-09-18T06:54:05.887+00:00,True,34,34.0,,34.0,229783.385972,231801.478516,231801.478344,6817.690539529412,42.628690999999996,229783.385972,39397.03807632082,66.86316479999999,61.15431951515151,5.49235401354062,0.14667723526902857,8,64,,True,True,,140,87.6246207195492
224,2026-09-18T06:50:14.557+00:00,2026-09-18T06:54:05.514+00:00,2026-09-18T06:54:06.328+00:00,True,14,14.0,,14.0,230957.28841100002,231771.642331,231771.64219600003,16555.117299714286,55.505496,230957.28841100002,61709.18985097122,80878.23310560001,62.64260923076923,2.8391249192173675,0.06040428354046084,8,64,,True,True,,65,87.6246207195492
225,2026-09-18T06:50:14.956+00:00,2026-09-18T06:54:07.221+00:00,2026-09-18T06:54:08.966+00:00,True,28,28.0,,28.0,232264.23158199998,234009.75426999998,234009.75445399998,8357.4912305,40.759663999999994,232264.23158199998,43881.59881720055,112.72392885000001,64.64898844444444,14.741846818136786,0.11965313192754204,8,64,,True,True,,108,87.6246207195492
226,2026-09-18T06:50:15.296+00:00,2026-09-18T06:54:08.650+00:00,2026-09-18T06:54:09.487+00:00,True,14,14.0,,14.0,233353.936462,234190.504782,234190.50464600002,16727.893189000002,51.271414,233353.936462,62349.26501715629,81733.99427725,64.35140923076924,10.316967745539628,0.05978039123760429,8,64,,True,True,,48,87.6246207195492
227,2026-09-18T06:50:15.653+00:00,2026-09-18T06:54:09.899+00:00,2026-09-18T06:54:11.816+00:00,True,31,31.0,,31.0,234246.577532,236163.438972,236163.439083,7618.175454290323,41.039933,234246.577532,42060.45334807469,98.50763049999999,63.89538133333333,13.164903232801512,0.13126502618246266,8,64,,True,True,,148,87.6246207195492
228,2026-09-18T06:50:16.032+00:00,2026-09-18T06:54:11.172+00:00,2026-09-18T06:54:15.288+00:00,True,67,67.0,,67.0,235140.605518,239256.016974,239256.016963,3570.98532780597,35.140774,235140.605518,28719.381339511874,86.41849409999999,62.35471903030303,10.958715867123109,0.2800347546004701,8,64,,True,True,,289,87.6246207195492
231,2026-09-18T06:50:17.375+00:00,2026-09-18T06:54:14.553+00:00,2026-09-18T06:54:20.177+00:00,True,89,89.0,,89.0,237177.637358,242802.009582,242802.00943900002,2728.112465606742,39.340036,237177.637358,25134.006879077533,92.82010019999998,63.913320727272726,11.044199514317036,0.3665538030480863,8,64,,True,True,,366,87.6246207195492
229,2026-09-18T06:50:17.289+00:00,2026-09-18T06:54:14.866+00:00,2026-09-18T06:54:18.636+00:00,True,60,60.0,,60.0,237577.013102,241346.50379,241346.503845,4022.44173075,32.962168,237577.013102,30662.81511496407,96.42469675000001,63.889672677966104,13.050518769408399,0.24860521721999793,8,64,,True,True,,218,87.6246207195492
230,2026-09-18T06:50:17.334+00:00,2026-09-18T06:54:15.847+00:00,2026-09-18T06:54:19.005+00:00,True,50,50.0,,50.0,238513.008799,241671.263647,241671.263836,4833.4252767200005,39.233146,238513.008799,33721.72014239552,99.19240324999998,64.45418057142858,12.183416179777494,0.2068926162153606,8,64,,True,True,,197,87.6246207195492
232,2026-09-18T06:50:17.424+00:00,2026-09-18T06:54:16.198+00:00,2026-09-18T06:54:19.533+00:00,True,52,52.0,,52.0,238773.991017,242108.569705,242108.569544,4655.934029692307,39.522386,238773.991017,33102.93000148324,99.626093,65.38389584313725,12.184190998485654,0.21477967534713868,8,64,,True,True,,166,87.6246207195492
233,2026-09-18T06:50:17.710+00:00,2026-09-18T06:54:18.008+00:00,2026-09-18T06:54:24.190+00:00,True,99,99.0,,99.0,240298.679545,246480.442361,246480.442213,2489.7014364949496,39.172777,240298.679545,24144.588066436598,80.0422211,63.079212408163265,9.307599634619576,0.40165458586366337,8,64,,True,True,,472,87.6246207195492
234,2026-09-18T06:50:18.098+00:00,2026-09-18T06:54:19.656+00:00,2026-09-18T06:54:25.042+00:00,True,87,87.0,,87.0,241558.14709599997,246944.44853599998,246944.44840199998,2838.441935655172,37.1147,241558.14709599997,25891.038844910465,80.36730320000001,62.63141209302326,9.970738541572807,0.3523059559175188,8,64,,True,True,,101,87.6246207195492
235,2026-09-18T06:50:18.363+00:00,2026-09-18T06:54:20.765+00:00,2026-09-18T06:54:21.749+00:00,True,17,17.0,,17.0,242401.805181,243386.532477,243386.532287,14316.854840411765,37.813369,242401.805181,58776.146891607255,48540.215812200004,61.545456,8.112389709874183,0.06984774312278966,8,64,,True,True,,53,87.6246207195492
236,2026-09-18T06:50:18.825+00:00,2026-09-18T06:54:22.585+00:00,2026-09-18T06:54:28.691+00:00,True,97,97.0,,97.0,243759.97706499998,249866.185321,249866.185083,2575.9400524020616,35.703933,243759.97706499998,24743.620081153756,91.1070038,63.606336,11.25532345341787,0.3882077916040752,8,64,,True,True,,426,87.6246207195492
237,2026-09-18T06:50:19.158+00:00,2026-09-18T06:54:24.128+00:00,2026-09-18T06:54:28.135+00:00,True,64,64.0,,64.0,244969.513162,248976.19425,248976.19438899998,3890.2530373281247,34.985475,244969.513162,30613.241792124143,92.61746995000001,63.598112507936506,12.247904645321395,0.25705268808043885,8,64,,True,True,,311,87.6246207195492
238,2026-09-18T06:50:19.577+00:00,2026-09-18T06:54:25.750+00:00,2026-09-18T06:54:27.181+00:00,True,24,24.0,,24.0,246172.484028,247603.694268,247603.69434800002,10316.820597833334,38.717377,246172.484028,50237.04685242314,90.8482502,62.22653217391305,9.771482984202661,0.09692908690620344,8,64,,True,True,,117,87.6246207195492
239,2026-09-18T06:50:20.035+00:00,2026-09-18T06:54:27.300+00:00,2026-09-18T06:54:29.031+00:00,True,27,27.0,,27.0,247265.186779,248996.221147,248996.221208,9222.082266962963,37.406589999999994,247265.186779,47573.39695396242,101.72201140000001,66.57824492307692,15.918879843556764,0.10843538056772355,8,64,,True,True,,139,87.6246207195492
240,2026-09-18T06:50:20.423+00:00,2026-09-18T06:54:28.828+00:00,2026-09-18T06:54:34.702+00:00,True,96,96.0,,96.0,248404.20397600002,254278.87789600002,254278.87777700002,2648.7383101770833,38.461788,248404.20397600002,25346.338367073866,78.50261,61.83867284210526,9.724289384197558,0.3775382398818984,8,64,,True,True,,493,87.6246207195492
241,2026-09-18T06:50:20.703+00:00,2026-09-18T06:54:29.983+00:00,2026-09-18T06:54:32.540+00:00,True,42,42.0,,42.0,249279.650199,251836.625815,251836.625932,5996.110141238095,36.425663,249279.650199,38455.062960809475,74.27948350000001,62.36525892682927,8.99585742536619,0.16677478847279875,8,64,,True,True,,213,87.6246207195492
242,2026-09-18T06:50:21.001+00:00,2026-09-18T06:54:31.082+00:00,2026-09-18T06:54:37.235+00:00,True,99,99.0,,99.0,250081.13392,256234.381408,256234.38129999998,2588.2260737373736,36.474702,250081.13392,25127.7910909148,85.00338810000001,62.788239673469384,9.819523669898944,0.38636501259510164,8,64,,True,True,,531,87.6246207195492
243,2026-09-18T06:50:21.302+00:00,2026-09-18T06:54:31.952+00:00,2026-09-18T06:54:36.979+00:00,True,81,81.0,,81.0,250649.858507,255676.867531,255676.867536,3156.5045374814813,36.331002,250649.858507,27843.00435062198,93.789405,62.837612799999995,10.69672686676195,0.31680613417316295,8,64,,True,True,,353,87.6246207195492
244,2026-09-18T06:50:21.708+00:00,2026-09-18T06:54:33.527+00:00,2026-09-18T06:54:37.296+00:00,True,61,61.0,,61.0,251819.055617,255587.989249,255587.989171,4189.967035590164,39.230846,251819.055617,32234.085138161707,88.586344,62.81556053333333,10.424457585462566,0.2386653620901267,8,64,,True,True,,313,87.6246207195492
245,2026-09-18T06:50:22.013+00:00,2026-09-18T06:54:34.765+00:00,2026-09-18T06:54:39.814+00:00,True,81,81.0,,81.0,252752.261221,257801.85712499998,257801.857047,3182.738975888889,35.527953000000004,252752.261221,28076.573735321897,94.59103299999998,63.119948799999996,11.88187980207935,0.31419478859970223,8,64,,True,True,,387,87.6246207195492
246,2026-09-18T06:50:22.392+00:00,2026-09-18T06:54:36.359+00:00,2026-09-18T06:54:42.079+00:00,True,91,91.0,,91.0,253967.119487,259686.689151,259686.689128,2853.6998805274725,40.740944000000006,253967.119487,26616.32846994002,92.76285650000001,63.550774044444445,11.277864547769203,0.35042227346156446,8,64,,True,True,,437,87.6246207195492
247,2026-09-18T06:50:22.721+00:00,2026-09-18T06:54:37.633+00:00,2026-09-18T06:54:39.360+00:00,True,29,29.0,,29.0,254911.882329,256639.63068099998,256639.63063399997,8849.642435655172,37.765758999999996,254911.882329,47324.49100860261,88.59650040000001,61.705298285714285,10.853317352028606,0.11299891572882856,8,64,,True,True,,99,87.6246207195492
248,2026-09-18T06:50:23.178+00:00,2026-09-18T06:54:39.484+00:00,2026-09-18T06:54:42.605+00:00,True,51,51.0,,51.0,256306.074125,259427.159053,259427.15911200002,5086.807041411765,34.739065000000004,256306.074125,35881.289421140835,80.81566849999999,62.42169856,9.000084193605637,0.19658697333836542,8,64,,True,True,,241,87.6246207195492
249,2026-09-18T06:50:23.466+00:00,2026-09-18T06:54:40.164+00:00,2026-09-18T06:54:45.962+00:00,True,96,96.0,,96.0,256698.35157199999,262496.463316,262496.463199,2734.3381583229166,34.672115,256698.35157199999,26192.937834635733,69.1065955,61.032755200000004,7.8551431660661635,0.36571921307919764,8,64,,True,True,,412,87.6246207195492
250,2026-09-18T06:50:23.845+00:00,2026-09-18T06:54:41.765+00:00,2026-09-18T06:54:44.741+00:00,True,50,50.0,,50.0,257919.933506,260895.86157,260895.861605,5217.9172321,33.341747000000005,257919.933506,36466.79854126783,69.5588268,60.733225795918365,7.31895550961552,0.1916473480994051,8,64,,True,True,,207,87.6246207195492
251,2026-09-18T06:50:24.135+00:00,2026-09-18T06:54:42.606+00:00,2026-09-18T06:54:44.154+00:00,True,26,26.0,,26.0,258471.93065400003,260019.92297400002,260019.92287700003,10000.766264500002,41.113824,258471.93065400003,50678.37298868742,74.96643449999999,61.9196928,6.141111414302789,0.09999233790481432,8,64,,True,True,,114,87.6246207195492
252,2026-09-18T06:50:24.501+00:00,2026-09-18T06:54:43.903+00:00,2026-09-18T06:54:45.053+00:00,True,20,20.0,,20.0,259402.005503,260552.255743,260552.25556,13027.612777999999,38.961977,259402.005503,57990.515260394845,13036.6769867,60.539486315789475,7.967030610664909,0.0767600339631192,8,64,,True,True,,99,87.6246207195492
253,2026-09-18T06:50:24.965+00:00,2026-09-18T06:54:45.509+00:00,2026-09-18T06:54:49.127+00:00,True,62,62.0,,62.0,260544.43578200002,264162.01095,264162.01082900004,4260.67759401613,35.061215,260544.43578200002,33081.64637317483,69.2424981,59.30451095081967,10.438368051136012,0.2347044519271744,8,64,,True,True,,322,87.6246207195492
254,2026-09-18T06:50:25.231+00:00,2026-09-18T06:54:46.401+00:00,2026-09-18T06:54:51.253+00:00,True,82,82.0,,82.0,261170.516683,266021.756875,266021.75689,3244.1677669512196,37.442,261170.516683,28834.84651680581,87.72193145,59.89185422222222,10.08728379762481,0.3082454644434616,8,64,,True,True,,419,87.6246207195492
255,2026-09-18T06:50:25.547+00:00,2026-09-18T06:54:47.364+00:00,2026-09-18T06:54:53.096+00:00,True,97,97.0,,97.0,261817.08777399999,267549.18684599997,267549.18702199997,2758.239041463917,36.508792,261817.08777399999,26577.437164498337,72.83621360000001,59.70936533333334,10.69238717619805,0.3625501581353441,8,64,,True,True,,455,87.6246207195492
256,2026-09-18T06:50:25.832+00:00,2026-09-18T06:54:48.537+00:00,2026-09-18T06:54:49.021+00:00,True,9,9.0,,9.0,262704.767314,263188.95137799997,263188.951217,29243.216801888888,46.774872,262704.767314,87548.08165565725,157650.4575648,60.523008,6.538093725536825,0.034195964355182705,8,64,,True,True,,38,87.6246207195492
257,2026-09-18T06:50:26.127+00:00,2026-09-18T06:54:49.735+00:00,2026-09-18T06:54:53.593+00:00,True,65,65.0,,65.0,263608.197725,267466.01711699995,267466.01713199995,4114.861802030769,34.754075,263608.197725,32689.098055281887,86.517836,60.278428,11.035913151795613,0.24302152737245303,8,64,,True,True,,244,87.6246207195492
258,2026-09-18T06:50:26.584+00:00,2026-09-18T06:54:51.481+00:00,2026-09-18T06:54:52.559+00:00,True,19,19.0,,19.0,264896.81956,265975.49731999997,265975.49721,13998.710379473683,35.488673000000006,264896.81956,60757.75134900587,26572.5994573,59.926542222222224,12.321277463644632,0.07143515170174022,8,64,,True,True,,55,87.6246207195492
259,2026-09-18T06:50:27.055+00:00,2026-09-18T06:54:53.032+00:00,2026-09-18T06:54:57.932+00:00,True,79,79.0,,79.0,265976.853134,270877.349006,270877.348877,3428.8272009746834,38.664678,265976.853134,29917.667582845745,95.3709945,62.82687015384615,11.597518242647528,0.2916449097345904,8,64,,True,True,,337,87.6246207195492
260,2026-09-18T06:50:27.447+00:00,2026-09-18T06:54:54.526+00:00,2026-09-18T06:54:55.399+00:00,True,15,15.0,,15.0,267079.004601,267951.560121,267951.55989699997,17863.437326466665,44.414826999999995,267079.004601,68943.41137046088,80197.4788064,62.32539428571428,13.630618654865497,0.05598026745291719,8,64,,True,True,,49,87.6246207195492
261,2026-09-18T06:50:27.780+00:00,2026-09-18T06:54:55.706+00:00,2026-09-18T06:54:59.890+00:00,True,66,66.0,,66.0,267926.61974500003,272110.40316900006,272110.40302200004,4122.884894272728,36.737002000000004,267926.61974500003,32971.566769702586,95.09712650000002,64.36589883076924,13.110358889794316,0.2425486097972126,8,64,,True,True,,350,87.6246207195492
262,2026-09-18T06:50:28.212+00:00,2026-09-18T06:54:57.487+00:00,2026-09-18T06:54:58.118+00:00,True,11,11.0,,11.0,269275.294896,269905.79704000003,269905.797133,24536.890648454548,39.909836000000006,269275.294896,81170.5473261722,134689.5664755,63.0502144,16.218279024246925,0.040754960140295914,8,64,,True,True,,31,87.6246207195492
263,2026-09-18T06:50:28.489+00:00,2026-09-18T06:54:58.720+00:00,2026-09-18T06:54:59.617+00:00,True,16,16.0,,16.0,270231.716283,271128.636859,271128.637011,16945.5398131875,39.525196,270231.716283,67542.98115376501,67611.430746,59.79470506666667,10.500530691090395,0.059012578624517524,8,64,,True,True,,50,87.6246207195492
264,2026-09-18T06:50:28.833+00:00,2026-09-18T06:55:00.079+00:00,2026-09-18T06:55:01.324+00:00,True,21,21.0,,21.0,271246.13521100004,272491.378603,272491.37878500007,12975.779942142859,41.549961,271246.13521100004,59177.17294131133,70.984497,62.2621696,6.135626743103098,0.0770666584303038,8,64,,True,True,,68,87.6246207195492
265,2026-09-18T06:50:29.201+00:00,2026-09-18T06:55:01.483+00:00,2026-09-18T06:55:06.497+00:00,True,80,80.0,,80.0,272281.731416,277295.663192,277295.66307,3466.195788375,36.506021000000004,272281.731416,30434.92973593543,93.6664309,63.46749083544304,12.643739537664947,0.28850072546792,8,64,,True,True,,363,87.6246207195492
266,2026-09-18T06:50:29.551+00:00,2026-09-18T06:55:02.621+00:00,2026-09-18T06:55:06.625+00:00,True,64,64.0,,64.0,273069.366117,277074.012261,277074.012275,4329.281441796875,37.18858,273069.366117,34125.72724034569,93.30341245,63.56581180952381,12.358372527037744,0.23098521394244964,8,64,,True,True,,320,87.6246207195492
267,2026-09-18T06:50:29.916+00:00,2026-09-18T06:55:03.717+00:00,2026-09-18T06:55:03.845+00:00,True,3,3.0,,3.0,273800.192874,273928.148074,273928.147884,91309.382628,60.730356,273800.192874,158041.67766359975,246426.896052,63.9776,4.59227953457191,0.010951777030192487,8,64,,True,True,,9,87.6246207195492
268,2026-09-18T06:50:30.306+00:00,2026-09-18T06:55:05.613+00:00,2026-09-18T06:55:08.258+00:00,True,43,43.0,,43.0,275306.632376,277951.050936,277951.05094499997,6463.977928953488,36.138411,275306.632376,41974.26768722815,94.38320910000002,62.96234666666666,11.413028459960444,0.1547034985303978,8,64,,True,True,,203,87.6246207195492
269,2026-09-18T06:50:30.709+00:00,2026-09-18T06:55:07.510+00:00,2026-09-18T06:55:12.597+00:00,True,83,83.0,,83.0,276801.22719999996,281887.584192,281887.58398799994,3396.23595166265,38.762488,276801.22719999996,30376.075483323333,91.61064329999999,62.02874380487805,11.510781870583305,0.2944436174367539,8,64,,True,True,,398,87.6246207195492
270,2026-09-18T06:50:30.966+00:00,2026-09-18T06:55:08.258+00:00,2026-09-18T06:55:11.012+00:00,True,47,47.0,,47.0,277291.86264099996,280046.47716899996,280046.47710399993,5958.435683063829,35.008624000000005,277291.86264099996,40438.441882081206,85.1142351,59.882924521739135,11.201131591313302,0.16782928489272464,8,64,,True,True,,204,87.6246207195492
271,2026-09-18T06:50:31.274+00:00,2026-09-18T06:55:09.472+00:00,2026-09-18T06:55:11.882+00:00,True,40,40.0,,40.0,278197.220293,280607.207109,280607.207162,7015.180179049999,34.068276,278197.220293,43977.073636882815,90.1183474,61.794533743589746,11.511877847602387,0.1425480136882666,8,64,,True,True,,185,87.6246207195492
272,2026-09-18T06:50:31.635+00:00,2026-09-18T06:55:10.823+00:00,2026-09-18T06:55:15.367+00:00,True,73,73.0,,73.0,279188.268143,283732.73636700003,283732.736348,3886.7498129863015,37.2293,279188.268143,32669.12994797207,94.6310868,63.11761422222222,11.848448579125273,0.2572843759049947,8,64,,True,True,,332,87.6246207195492
273,2026-09-18T06:50:32.001+00:00,2026-09-18T06:55:12.245+00:00,2026-09-18T06:55:16.038+00:00,True,62,62.0,,62.0,280243.556482,284036.991618,284036.991576,4581.241799612903,38.140089,280243.556482,35583.07115238916,87.23345825,62.18746124590164,11.102160575476985,0.21828142752400193,8,64,,True,True,,237,87.6246207195492
274,2026-09-18T06:50:32.340+00:00,2026-09-18T06:55:12.877+00:00,2026-09-18T06:55:17.896+00:00,True,83,83.0,,83.0,280537.39827,285555.764734,285555.764627,3440.430899120482,38.140947999999995,280537.39827,30786.26432889064,78.38660720000001,61.199591024390244,10.985363917724245,0.29066126568068373,8,64,,True,True,,458,87.6246207195492
275,2026-09-18T06:50:32.716+00:00,2026-09-18T06:55:14.081+00:00,2026-09-18T06:55:18.885+00:00,True,79,79.0,,79.0,281365.76023400004,286169.19985000003,286169.199734,3622.3949333417727,35.458383999999995,281365.76023400004,31649.19427752009,78.0969604,61.58255917948718,10.12617559460609,0.2760604566857966,8,64,,True,True,,303,87.6246207195492
276,2026-09-18T06:50:33.182+00:00,2026-09-18T06:55:16.319+00:00,2026-09-18T06:55:17.021+00:00,True,12,12.0,,12.0,283137.423488,283838.568576,283838.568652,23653.214054333333,42.82258,283137.423488,81716.33438655402,127463.68820225,63.74046254545455,12.295457898309378,0.042277552554620165,8,64,,True,True,,41,87.6246207195492
277,2026-09-18T06:50:33.626+00:00,2026-09-18T06:55:18.020+00:00,2026-09-18T06:55:22.049+00:00,True,66,66.0,,66.0,284393.897756,288423.19925999996,288423.19933699997,4370.04847480303,39.577666,284393.897756,34998.83971552292,80.757818,61.98925390769231,9.101194225172682,0.22883041367453974,8,64,,True,True,,324,87.6246207195492
279,2026-09-18T06:50:34.780+00:00,2026-09-18T06:55:18.698+00:00,2026-09-18T06:55:20.780+00:00,True,34,34.0,,34.0,283917.562034,285999.321522,285999.321688,8411.744755529411,35.353374,283917.562034,48680.64269202685,96.0473824,63.08362084848485,11.241700067269175,0.11888140090354937,8,64,,True,True,,126,87.6246207195492
278,2026-09-18T06:50:34.714+00:00,2026-09-18T06:55:19.012+00:00,2026-09-18T06:55:24.058+00:00,True,83,83.0,,83.0,284297.96913200006,289344.03095600003,289344.03097400005,3486.0726623373503,36.995081,284297.96913200006,31199.00309776959,74.30016280000001,61.537339317073176,9.733945393161765,0.28685575342876746,8,64,,True,True,,457,87.6246207195492
280,2026-09-18T06:50:34.836+00:00,2026-09-18T06:55:20.156+00:00,2026-09-18T06:55:22.907+00:00,True,46,46.0,,46.0,285319.349552,288070.281264,288070.281361,6262.397420891304,38.824957000000005,285319.349552,42059.03017605723,69.09948750000001,61.13181582222222,6.841671377660337,0.15968325437167752,8,64,,True,True,,169,87.6246207195492
281,2026-09-18T06:50:34.887+00:00,2026-09-18T06:55:22.173+00:00,2026-09-18T06:55:25.418+00:00,True,54,54.0,,54.0,287285.98063099995,290530.7977829999,290530.79779199994,5380.199959111111,38.545678,287285.98063099995,39086.339976821204,77.53105985,61.22296513207547,9.824893633271836,0.185866697823661,8,64,,True,True,,171,87.6246207195492
282,2026-09-18T06:50:35.269+00:00,2026-09-18T06:55:24.055+00:00,2026-09-18T06:55:28.478+00:00,True,72,72.0,,72.0,288785.671005,293208.836445,293208.83631600003,4072.3449488333335,36.96773,288785.671005,34026.377356502686,86.77823515,62.298104788732395,10.328462069389126,0.2455587658031095,8,64,,True,True,,268,87.6246207195492
283,2026-09-18T06:50:35.657+00:00,2026-09-18T06:55:25.798+00:00,2026-09-18T06:55:31.945+00:00,True,100,100.0,,100.0,290141.53596899996,296287.99433699995,296287.994387,2962.87994387,36.176963,290141.53596899996,29007.947076584667,91.2539115,62.085438060606066,10.89016546602956,0.33750945671547977,8,64,,True,True,,485,87.6246207195492
284,2026-09-18T06:50:35.996+00:00,2026-09-18T06:55:26.983+00:00,2026-09-18T06:55:29.765+00:00,True,47,47.0,,47.0,290986.91337300005,293768.32495700003,293768.32504400006,6250.389894553193,34.824875,290986.91337300005,42435.985859850894,93.23333419999999,60.4654692173913,13.205798793421446,0.1599900193694455,8,64,,True,True,,187,87.6246207195492
285,2026-09-18T06:50:36.333+00:00,2026-09-18T06:55:28.243+00:00,2026-09-18T06:55:31.822+00:00,True,59,59.0,,59.0,291910.331089,295489.665489,295489.665554,5008.299416169491,35.750513,291910.331089,37995.455694736745,94.0739141,61.712662068965514,12.09093271559463,0.1996685735264618,8,64,,True,True,,224,87.6246207195492
286,2026-09-18T06:50:36.743+00:00,2026-09-18T06:55:30.069+00:00,2026-09-18T06:55:35.150+00:00,True,81,81.0,,81.0,293326.58453,298407.260626,298407.260498,3684.0402530617284,39.201816,293326.58453,32584.787626097346,89.83461100000001,63.5084512,9.59471114340644,0.27144111651331093,8,64,,True,True,,349,87.6246207195492
287,2026-09-18T06:50:37.122+00:00,2026-09-18T06:55:31.135+00:00,2026-09-18T06:55:35.545+00:00,True,71,71.0,,71.0,294012.358541,298422.894477,298422.894437,4203.1393582676055,39.131757,294012.358541,34885.371212990096,86.97152149999998,63.00765622857143,9.976379723147145,0.23791740283342136,8,64,,True,True,,333,87.6246207195492
288,2026-09-18T06:50:37.501+00:00,2026-09-18T06:55:32.593+00:00,2026-09-18T06:55:32.981+00:00,True,8,8.0,,8.0,295091.43659500004,295479.902515,295479.90249600005,36934.98781200001,39.009267,295091.43659500004,104310.95791114809,191831.97561340005,55.495131428571426,10.56804002015017,0.02707459942929242,8,64,,True,True,,25,87.6246207195492
289,2026-09-18T06:50:37.803+00:00,2026-09-18T06:55:33.575+00:00,2026-09-18T06:55:37.902+00:00,False,69,68.0,,68.0,295771.862019,300099.806723,300099.80689,4349.272563623188,0.03667,295771.862019,35599.08870581663,93.110887,63.64624564705882,14.440516812889914,0.22659128222220343,8,64,,True,False,Request timeout: 300.0s exceeded,264,87.6246207195492
290,2026-09-18T06:50:38.189+00:00,2026-09-18T06:55:35.275+00:00,2026-09-18T06:55:38.214+00:00,False,47,46.0,,46.0,297086.58389,300025.119314,300025.119299,6383.513176574468,0.03725,297086.58389,43325.216685922634,95.3006987,63.88120486956522,15.418841436024927,0.1533204956477573,8,64,,True,False,Request timeout: 300.0s exceeded,222,87.6246207195492
291,2026-09-18T06:50:38.655+00:00,2026-09-18T06:55:37.238+00:00,2026-09-18T06:55:38.709+00:00,False,25,24.0,,24.0,298583.679097,300054.359673,300054.35956,12002.174382399999,0.02376,298583.679097,59704.48234358014,91.94326960000001,61.27835733333334,16.536686359198143,0.07998550671336774,8,64,,True,False,Request timeout: 300.0s exceeded,78,87.6246207195492
292,2026-09-18T06:50:39.030+00:00,2026-09-18T06:55:38.710+00:00,2026-09-18T06:55:39.077+00:00,False,8,7.0,,7.0,299679.33946100005,300046.69894900004,300046.6988320001,37505.83735400001,0.02579,299679.33946100005,105934.094305439,194813.92989215002,52.47992685714286,23.31100732013552,0.023329701758158034,8,64,,True,False,Request timeout: 300.0s exceeded,27,87.6246207195492
293,2026-09-18T06:50:39.499+00:00,2026-09-18T06:55:39.573+00:00,2026-09-18T06:55:39.573+00:00,False,1,0.0,,0.0,300073.769547,300073.769547,300073.769547,300073.769547,300073.769547,300073.769547,nan,300073.769547,nan,nan,0.0,8,64,,True,False,TTFT timeout: 300.0s exceeded (TTFT: 300.056s),0,87.6246207195492
294,2026-09-18T06:50:39.785+00:00,2026-09-18T06:55:39.892+00:00,2026-09-18T06:55:39.892+00:00,False,1,0.0,,0.0,300106.805518,300106.805518,300106.805518,300106.805518,300106.805518,300106.805518,nan,300106.805518,nan,nan,0.0,8,64,,True,False,"HTTPConnectionPool(host='gpu03', port=9002): Read timed out.",0,87.6246207195492
295,2026-09-18T06:50:40.040+00:00,2026-09-18T06:55:40.055+00:00,2026-09-18T06:55:40.055+00:00,False,1,0.0,,0.0,300014.20608499995,300014.20608499995,300014.20608499995,300014.20608499995,300014.20608499995,300014.20608499995,nan,300014.20608499995,nan,nan,0.0,8,64,,True,False,TTFT timeout: 300.0s exceeded (TTFT: 300.010s),0,87.6246207195492
296,2026-09-18T06:50:40.348+00:00,2026-09-18T06:55:40.318+00:00,2026-09-18T06:55:40.388+00:00,False,3,2.0,,2.0,299970.205149,300040.581085,300040.580897,100013.52696566666,0.0352,299970.205149,173167.56653107802,269980.2186889,35.187968,49.71334024121895,0.006665764986748276,8,64,,True,False,Request timeout: 300.0s exceeded,2,87.6246207195492
297,2026-09-18T06:50:40.777+00:00,2026-09-18T06:55:40.833+00:00,2026-09-18T06:55:40.833+00:00,False,1,0.0,,0.0,300055.418149,300055.418149,300055.418149,300055.418149,300055.418149,300055.418149,nan,300055.418149,nan,nan,0.0,8,64,,True,False,"HTTPConnectionPool(host='gpu03', port=9002): Read timed out.",0,87.6246207195492
298,2026-09-18T06:50:41.133+00:00,2026-09-18T06:55:41.192+00:00,2026-09-18T06:55:41.192+00:00,False,1,0.0,,0.0,300058.91417299997,300058.91417299997,300058.91417299997,300058.91417299997,300058.91417299997,300058.91417299997,nan,300058.91417299997,nan,nan,0.0,8,64,,True,False,TTFT timeout: 300.0s exceeded (TTFT: 300.040s),0,87.6246207195492
299,2026-09-18T06:50:41.605+00:00,2026-09-18T06:55:41.615+00:00,2026-09-18T06:55:41.682+00:00,False,3,2.0,,2.0,300009.89738200005,300076.66986200004,300076.66984700004,100025.55661566669,0.04207,300009.89738200005,173191.52267256583,270015.58068330004,33.38624,47.15589906244045,0.006664963327271543,8,64,,True,False,Request timeout: 300.0s exceeded,2,87.6246207195492
300,2026-09-18T06:50:42.028+00:00,2026-09-18T06:55:42.135+00:00,2026-09-18T06:55:42.135+00:00,False,1,0.0,,0.0,300106.17025,300106.17025,300106.17025,300106.17025,300106.17025,300106.17025,nan,300106.17025,nan,nan,0.0,8,64,,True,False,"HTTPConnectionPool(host='gpu03', port=9002): Read timed out.",0,87.6246207195492
301,2026-09-18T06:50:42.385+00:00,2026-09-18T06:55:42.430+00:00,2026-09-18T06:55:42.430+00:00,False,1,0.0,,0.0,300045.316026,300045.316026,300045.316026,300045.316026,300045.316026,300045.316026,nan,300045.316026,nan,nan,0.0,8,64,,True,False,"HTTPConnectionPool(host='gpu03', port=9002): Read timed out.",0,87.6246207195492
302,2026-09-18T06:50:42.721+00:00,2026-09-18T06:55:42.748+00:00,2026-09-18T06:55:42.748+00:00,False,1,0.0,,0.0,300027.692439,300027.692439,300027.692439,300027.692439,300027.692439,300027.692439,nan,300027.692439,nan,nan,0.0,8,64,,True,False,TTFT timeout: 300.0s exceeded (TTFT: 300.020s),0,87.6246207195492
303,2026-09-18T06:50:43.051+00:00,2026-09-18T06:55:42.891+00:00,2026-09-18T06:55:43.142+00:00,False,5,4.0,,4.0,299840.314933,300091.438133,300091.43803200003,60018.2876064,0.02345,299840.314933,134064.59395440973,239890.22838460002,62.7808,42.504246661106485,0.013329270654590308,8,64,,True,False,Request timeout: 300.0s exceeded,22,87.6246207195492
304,2026-09-18T06:50:43.412+00:00,2026-09-18T06:55:43.371+00:00,2026-09-18T06:55:43.451+00:00,False,4,3.0,,3.0,299958.63877200003,300039.01688400004,300039.01684100006,75009.75421025002,0.07490999999999999,299958.63877200003,149965.92423205884,254970.96055065002,26.792704,23.146841863280443,0.009998699606324362,8,64,,True,False,Request timeout: 300.0s exceeded,16,87.6246207195492
305,2026-09-18T06:50:43.699+00:00,2026-09-18T06:55:43.802+00:00,2026-09-18T06:55:43.802+00:00,False,1,0.0,,0.0,300103.62193300005,300103.62193300005,300103.62193300005,300103.62193300005,300103.62193300005,300103.62193300005,nan,300103.62193300005,nan,nan,0.0,8,64,,True,False,"HTTPConnectionPool(host='gpu03', port=9002): Read timed out.",0,87.6246207195492
306,2026-09-18T06:50:43.986+00:00,2026-09-18T06:55:44.054+00:00,2026-09-18T06:55:44.054+00:00,False,1,0.0,,0.0,300067.21852399997,300067.21852399997,300067.21852399997,300067.21852399997,300067.21852399997,300067.21852399997,nan,300067.21852399997,nan,nan,0.0,8,64,,True,False,"HTTPConnectionPool(host='gpu03', port=9002): Read timed out.",0,87.6246207195492
307,2026-09-18T06:50:44.253+00:00,2026-09-18T06:55:44.254+00:00,2026-09-18T06:55:44.355+00:00,False,3,2.0,,2.0,300000.759291,300102.223867,300102.22402100003,100034.07467366668,0.022920000000000003,300000.759291,173176.2362135286,270010.82754290005,50.732288,71.71406829801272,0.00666439579896737,8,64,,True,False,Request timeout: 300.0s exceeded,12,87.6246207195492
308,2026-09-18T06:50:44.512+00:00,2026-09-18T06:55:44.356+00:00,2026-09-18T06:55:44.570+00:00,False,5,4.0,,4.0,299844.511088,300057.721456,300057.72140800004,60011.54428160001,0.042159999999999996,299844.511088,134070.70779996237,239890.37638260002,53.302592,35.59498356530594,0.013330768428788971,8,64,,True,False,Request timeout: 300.0s exceeded,15,87.6246207195492
309,2026-09-18T06:50:44.936+00:00,2026-09-18T06:55:45.120+00:00,2026-09-18T06:55:45.858+00:00,False,13,12.0,,12.0,300183.163222,300921.467734,300921.467557,23147.80519669231,0.04004,300183.163222,83238.76898909149,120128.619265,61.525376,24.4166872289015,0.03987751385888965,8,64,,True,False,Request timeout: 300.0s exceeded,56,87.6246207195492
310,2026-09-18T06:50:45.242+00:00,2026-09-18T06:55:45.536+00:00,2026-09-18T06:55:45.907+00:00,False,8,7.0,,7.0,300294.387645,300665.352381,300665.352409,37583.169051125,0.084919,300294.387645,106151.36581033317,195225.27035689997,52.99496228571429,29.157141260409634,0.023281698222180496,8,64,,True,False,Request timeout: 300.0s exceeded,20,87.6246207195492
312,2026-09-18T06:50:45.971+00:00,2026-09-18T06:55:46.017+00:00,2026-09-18T06:55:46.017+00:00,False,1,0.0,,0.0,300046.46490200004,300046.46490200004,300046.46490200004,300046.46490200004,300046.46490200004,300046.46490200004,nan,300046.46490200004,nan,nan,0.0,8,64,,True,False,"HTTPConnectionPool(host='gpu03', port=9002): Read timed out.",0,87.6246207195492
313,2026-09-18T06:50:46.377+00:00,2026-09-18T06:55:46.712+00:00,2026-09-18T06:55:46.712+00:00,False,1,0.0,,0.0,300335.226,300335.226,300335.226,300335.226,300335.226,300335.226,nan,300335.226,nan,nan,0.0,8,64,,True,False,"HTTPConnectionPool(host='gpu03', port=9002): Read timed out.",0,87.6246207195492
311,2026-09-18T06:50:45.606+00:00,2026-09-18T06:55:46.741+00:00,2026-09-18T06:55:46.741+00:00,False,1,0.0,,0.0,301135.274739,301135.274739,301135.274739,301135.274739,301135.274739,301135.274739,nan,301135.274739,nan,nan,0.0,8,64,,True,False,"HTTPConnectionPool(host='gpu03', port=9002): Read timed out.",0,87.6246207195492
314,2026-09-18T06:50:46.636+00:00,2026-09-18T06:55:46.745+00:00,2026-09-18T06:55:46.745+00:00,False,1,0.0,,0.0,300109.221947,300109.221947,300109.221947,300109.221947,300109.221947,300109.221947,nan,300109.221947,nan,nan,0.0,8,64,,True,False,"HTTPConnectionPool(host='gpu03', port=9002): Read timed out.",0,87.6246207195492
315,2026-09-18T06:50:47.032+00:00,2026-09-18T06:55:47.108+00:00,2026-09-18T06:55:47.108+00:00,False,1,0.0,,0.0,300076.2145,300076.2145,300076.2145,300076.2145,300076.2145,300076.2145,nan,300076.2145,nan,nan,0.0,8,64,,True,False,TTFT timeout: 300.0s exceeded (TTFT: 300.060s),0,87.6246207195492
317,2026-09-18T06:50:47.696+00:00,2026-09-18T06:55:47.286+00:00,2026-09-18T06:55:47.733+00:00,False,10,9.0,,9.0,299589.954045,300036.93106900004,300036.93090700003,30003.693090700002,0.03716,299589.954045,94722.95884144187,164803.48685430002,49.66411377777778,21.250063901733107,0.029996307347678653,8,64,,True,False,Request timeout: 300.0s exceeded,32,87.6246207195492
316,2026-09-18T06:50:47.422+00:00,2026-09-18T06:55:47.291+00:00,2026-09-18T06:55:47.472+00:00,False,5,4.0,,4.0,299869.03554799996,300049.74338799994,300049.743339,60009.94866779999,0.038549999999999994,299869.03554799996,134085.30836563447,239907.81510259997,45.17696,30.162310729908477,0.013331122882606584,8,64,,True,False,Request timeout: 300.0s exceeded,15,87.6246207195492
318,2026-09-18T06:50:47.967+00:00,2026-09-18T06:55:48.071+00:00,2026-09-18T06:55:48.071+00:00,False,1,0.0,,0.0,300103.806074,300103.806074,300103.806074,300103.806074,300103.806074,300103.806074,nan,300103.806074,nan,nan,0.0,8,64,,True,False,"HTTPConnectionPool(host='gpu03', port=9002): Read timed out.",0,87.6246207195492
319,2026-09-18T06:50:48.361+00:00,2026-09-18T06:55:48.487+00:00,2026-09-18T06:55:48.487+00:00,False,1,0.0,,0.0,300126.038072,300126.038072,300126.038072,300126.038072,300126.038072,300126.038072,nan,300126.038072,nan,nan,0.0,8,64,,True,False,"HTTPConnectionPool(host='gpu03', port=9002): Read timed out.",0,87.6246207195492
320,2026-09-18T06:50:48.648+00:00,2026-09-18T06:55:48.655+00:00,2026-09-18T06:55:48.655+00:00,False,1,0.0,,0.0,300006.68255900004,300006.68255900004,300006.68255900004,300006.68255900004,300006.68255900004,300006.68255900004,nan,300006.68255900004,nan,nan,0.0,8,64,,True,False,TTFT timeout: 300.0s exceeded (TTFT: 300.001s),0,87.6246207195492
321,2026-09-18T06:50:48.940+00:00,2026-09-18T06:55:48.815+00:00,2026-09-18T06:55:48.958+00:00,False,4,3.0,,3.0,299874.89829900005,300017.6533710001,300017.6533010001,75004.41332525002,0.018949,299874.89829900005,149913.66043472188,254904.72442995003,47.585024,41.261623384990564,0.009999411588924792,8,64,,True,False,Request timeout: 300.0s exceeded,12,87.6246207195492
322,2026-09-18T06:50:49.366+00:00,2026-09-18T06:55:49.475+00:00,2026-09-18T06:55:49.475+00:00,False,1,0.0,,0.0,300108.33157,300108.33157,300108.33157,300108.33157,300108.33157,300108.33157,nan,300108.33157,nan,nan,0.0,8,64,,True,False,"HTTPConnectionPool(host='gpu03', port=9002): Read timed out.",0,87.6246207195492
323,2026-09-18T06:50:49.773+00:00,2026-09-18T06:55:49.885+00:00,2026-09-18T06:55:49.885+00:00,False,1,0.0,,0.0,300112.391122,300112.391122,300112.391122,300112.391122,300112.391122,300112.391122,nan,300112.391122,nan,nan,0.0,8,64,,True,False,"HTTPConnectionPool(host='gpu03', port=9002): Read timed out.",0,87.6246207195492
324,2026-09-18T06:50:50.230+00:00,2026-09-18T06:55:50.168+00:00,2026-09-18T06:55:50.309+00:00,False,4,3.0,,3.0,299937.380589,300078.84746900003,300078.847594,75019.7118985,0.06436,299937.380589,149945.11617853935,254957.83827195,47.15562666666666,40.897247008935814,0.009997372441621091,8,64,,True,False,Request timeout: 300.0s exceeded,13,87.6246207195492
325,2026-09-18T06:50:50.606+00:00,2026-09-18T06:55:50.454+00:00,2026-09-18T06:55:50.638+00:00,False,5,4.0,,4.0,299848.30486699997,300032.204003,300032.203932,60006.440786399995,0.054130000000000005,299848.30486699997,134075.68062352383,239891.62985319993,45.974784,30.722187386658003,0.01333190219793874,8,64,,True,False,Request timeout: 300.0s exceeded,12,87.6246207195492
326,2026-09-18T06:50:51.005+00:00,2026-09-18T06:55:51.119+00:00,2026-09-18T06:55:51.119+00:00,False,1,0.0,,0.0,300114.088398,300114.088398,300114.088398,300114.088398,300114.088398,300114.088398,nan,300114.088398,nan,nan,0.0,8,64,,True,False,"HTTPConnectionPool(host='gpu03', port=9002): Read timed out.",0,87.6246207195492
327,2026-09-18T06:50:51.366+00:00,2026-09-18T06:55:51.396+00:00,2026-09-18T06:55:51.396+00:00,False,1,0.0,,0.0,300030.616975,300030.616975,300030.616975,300030.616975,300030.616975,300030.616975,nan,300030.616975,nan,nan,0.0,8,64,,True,False,TTFT timeout: 300.0s exceeded (TTFT: 300.019s),0,87.6246207195492
328,2026-09-18T06:50:51.671+00:00,2026-09-18T06:55:51.679+00:00,2026-09-18T06:55:51.679+00:00,False,1,0.0,,0.0,300008.21444,300008.21444,300008.21444,300008.21444,300008.21444,300008.21444,nan,300008.21444,nan,nan,0.0,8,64,,True,False,TTFT timeout: 300.0s exceeded (TTFT: 300.001s),0,87.6246207195492
329,2026-09-18T06:50:51.990+00:00,2026-09-18T06:55:52.044+00:00,2026-09-18T06:55:52.044+00:00,False,1,0.0,,0.0,300054.345105,300054.345105,300054.345105,300054.345105,300054.345105,300054.345105,nan,300054.345105,nan,nan,0.0,8,64,,True,False,TTFT timeout: 300.0s exceeded (TTFT: 300.051s),0,87.6246207195492
330,2026-09-18T06:50:52.381+00:00,2026-09-18T06:55:52.478+00:00,2026-09-18T06:55:52.478+00:00,False,1,0.0,,0.0,300096.069146,300096.069146,300096.069146,300096.069146,300096.069146,300096.069146,nan,300096.069146,nan,nan,0.0,8,64,,True,False,"HTTPConnectionPool(host='gpu03', port=9002): Read timed out.",0,87.6246207195492
331,2026-09-18T06:50:52.747+00:00,2026-09-18T06:55:52.726+00:00,2026-09-18T06:55:52.816+00:00,False,3,2.0,,2.0,299978.93859700003,300068.949221,300068.94930800004,100022.98310266668,0.07684999999999999,299978.93859700003,173166.94292447815,269990.0381234,45.005312,63.53851100764235,0.006665134813822422,8,64,,True,False,Request timeout: 300.0s exceeded,5,87.6246207195492
332,2026-09-18T06:50:53.007+00:00,2026-09-18T06:55:52.819+00:00,2026-09-18T06:55:53.035+00:00,False,7,6.0,,6.0,299811.379464,300028.2066,300028.206598,42861.17237114286,0.03318,299811.379464,113304.39298254599,209888.65880009998,36.137856,21.919273693170037,0.01999811973678611,8,64,,True,False,Request timeout: 300.0s exceeded,22,87.6246207195492
0,2026-09-18T06:48:53.134+00:00,2026-09-18T06:48:53.321+00:00,2026-09-18T06:48:56.379+00:00,True,55,55.0,,55.0,186.865603,3244.9855390000002,3244.98561,58.99973836363636,14.030453999999999,186.865603,22.534706687424688,86.7458058,56.631850666666665,14.25472257651605,16.949228074818855,9,64,,False,True,,172,87.6246207195492
1,2026-09-18T06:48:53.499+00:00,2026-09-18T06:48:53.607+00:00,2026-09-18T06:48:57.444+00:00,True,66,66.0,,66.0,108.36004799999999,3944.819824,3944.819789,59.7699968030303,5.013091,108.36004799999999,13.511129082956254,72.670218,59.022458092307694,12.16327521358341,16.730802151839924,9,64,,False,True,,346,87.6246207195492
2,2026-09-18T06:48:53.930+00:00,2026-09-18T06:48:54.177+00:00,2026-09-18T06:48:56.434+00:00,True,41,41.0,,41.0,246.81979199999998,2503.9858719999997,2503.985847,61.07282553658536,9.112933000000002,246.81979199999998,31.9858060103684,69.201791,56.429152,11.939159843010215,16.373894301269445,9,64,,False,True,,148,87.6246207195492
3,2026-09-18T06:48:54.370+00:00,2026-09-18T06:48:57.190+00:00,2026-09-18T06:48:59.206+00:00,True,34,34.0,,34.0,2819.631171,4836.579395,4836.579543,142.2523395,35.955724000000004,2819.631171,473.13915041604156,69.7659075,61.11964315151515,7.544189778296391,7.0297615780170615,9,64,,False,True,,141,87.6246207195492
4,2026-09-18T06:48:54.784+00:00,2026-09-18T06:48:58.419+00:00,2026-09-18T06:49:01.973+00:00,True,60,60.0,,60.0,3635.2522050000002,7188.4676930000005,7188.467762,119.80779603333333,11.583528,3635.2522050000002,461.67567318228083,67.38356625,60.223991322033896,11.528244333103,8.346702324116572,9,64,,False,True,,276,87.6246207195492
5,2026-09-18T06:48:55.159+00:00,2026-09-18T06:48:59.448+00:00,2026-09-18T06:49:03.138+00:00,True,63,63.0,,63.0,4288.713011,7978.970418999999,7978.970593999999,126.65032688888888,0.0,4288.713011,533.0519960063708,69.0027524,59.520280774193544,15.570794159320927,7.8957555538720445,9,64,,False,True,,95,87.6246207195492
6,2026-09-18T06:48:55.564+00:00,2026-09-18T06:49:01.007+00:00,2026-09-18T06:49:02.095+00:00,True,19,19.0,,19.0,5443.122686,6531.460862,6531.460864,343.76109810526316,42.618771,5443.122686,1234.8759342235999,602.7409246999999,60.463232,4.895728449991914,2.9089969918585727,9,64,,False,True,,96,87.6246207195492
7,2026-09-18T06:48:56.097+00:00,2026-09-18T06:49:03.143+00:00,2026-09-18T06:49:06.495+00:00,True,57,57.0,,57.0,7046.186457000001,10398.254553,10398.254687,182.4255208245614,6.986337000000001,7046.186457000001,925.5297362002284,68.62939279999999,59.85835885714286,17.791974082917125,5.4816892305790805,9,64,,False,True,,263,87.6246207195492
8,2026-09-18T06:48:56.580+00:00,2026-09-18T06:49:04.852+00:00,2026-09-18T06:49:05.366+00:00,True,10,10.0,,10.0,8272.828787999999,8786.366068,8786.365962999998,878.6365962999998,3.661533,8272.828787999999,2598.4032771883735,4621.9312792499995,57.05969777777778,45.16718646967292,1.1381269483433045,9,64,,False,True,,50,87.6246207195492
9,2026-09-18T06:48:57.180+00:00,2026-09-18T06:49:07.164+00:00,2026-09-18T06:49:11.036+00:00,True,64,64.0,,64.0,9983.842137,13856.236377,13856.236411,216.503693921875,0.0,9983.842137,1241.1720354909762,173.10319074999998,61.46657523809524,46.97377678801202,4.61885884872993,9,64,,False,True,,295,87.6246207195492
10,2026-09-18T06:48:57.802+00:00,2026-09-18T06:49:09.378+00:00,2026-09-18T06:49:12.866+00:00,True,59,59.0,,59.0,11576.106419,15064.171187,15064.171317,255.32493757627117,0.0,11576.106419,1499.4372545739127,69.809666,60.13904772413793,23.823352451096802,3.9165779031318704,9,64,,False,True,,270,87.6246207195492
11,2026-09-18T06:48:58.190+00:00,2026-09-18T06:49:10.821+00:00,2026-09-18T06:49:14.083+00:00,True,55,55.0,,55.0,12631.186228,15893.858356,15893.858365,288.979243,0.0,12631.186228,1695.4058999439644,111.89373109999998,60.41985422222223,35.465217850489694,3.460456156590653,9,64,,False,True,,275,87.6246207195492
12,2026-09-18T06:48:58.617+00:00,2026-09-18T06:49:12.509+00:00,2026-09-18T06:49:14.906+00:00,True,41,41.0,,41.0,13891.504296000001,16288.987048,16288.986991000002,397.2923656341464,0.0,13891.504296000001,2160.363201755595,68.11901300000001,59.9370688,32.2915345794542,2.5170380379812554,9,64,,False,True,,183,87.6246207195492
13,2026-09-18T06:48:59.285+00:00,2026-09-18T06:49:14.791+00:00,2026-09-18T06:49:17.869+00:00,True,53,53.0,,53.0,15506.221475,18584.382115,18584.381955,350.6487161320755,0.0,15506.221475,2122.137373278503,70.3297832,59.19539692307692,37.5102466872454,2.8518569878748967,9,64,,False,True,,221,87.6246207195492
14,2026-09-18T06:48:59.829+00:00,2026-09-18T06:49:16.958+00:00,2026-09-18T06:49:17.872+00:00,True,17,17.0,,17.0,17129.976458999998,18043.804555,18043.804600999996,1061.4002706470587,36.190002,17129.976458999998,4140.789334082251,3479.2458733999997,57.114256,10.308320339484993,0.9421516370442643,9,64,,False,True,,47,87.6246207195492
15,2026-09-18T06:49:00.427+00:00,2026-09-18T06:49:19.157+00:00,2026-09-18T06:49:20.634+00:00,True,25,25.0,,25.0,18730.249885,20206.632093,20206.632131000002,808.26528524,0.0,18730.249885,3734.2309972740254,279.194519,61.515925333333335,61.42688151496455,1.237217557331611,9,64,,False,True,,97,87.6246207195492
16,2026-09-18T06:49:00.839+00:00,2026-09-18T06:49:20.695+00:00,2026-09-18T06:49:20.946+00:00,True,5,5.0,,5.0,19855.520213,20106.244821,20106.244647,4021.2489294,59.35318,19855.520213,8851.627263645596,15897.7247496,62.681152,3.512243350767142,0.24867895743404764,9,64,,False,True,,18,87.6246207195492
17,2026-09-18T06:49:01.387+00:00,2026-09-18T06:49:22.540+00:00,2026-09-18T06:49:24.633+00:00,True,35,35.0,,35.0,21152.526033,23245.739728999997,23245.739554,664.1639872571428,0.0,21152.526033,3565.5108799531868,179.58528310000003,61.56510870588235,59.86424971571626,1.5056522359809479,9,64,,False,True,,155,87.6246207195492
18,2026-09-18T06:49:02.020+00:00,2026-09-18T06:49:25.180+00:00,2026-09-18T06:49:29.755+00:00,True,78,78.0,,78.0,23160.056943,27734.993263,27734.993402,355.5768384871795,0.0,23160.056943,2615.9866511081314,67.5474459,59.4147574025974,43.31632593336845,2.8123316728566246,9,64,,False,True,,376,87.6246207195492
19,2026-09-18T06:49:02.506+00:00,2026-09-18T06:49:27.020+00:00,2026-09-18T06:49:29.753+00:00,True,47,47.0,,47.0,24514.381396,27247.774548,27247.774557,579.7398841914894,0.0,24514.381396,3567.5578500186066,68.532421,59.421590260869564,56.347827972545666,1.7249115122119145,9,64,,False,True,,246,87.6246207195492
20,2026-09-18T06:49:03.069+00:00,2026-09-18T06:49:29.433+00:00,2026-09-18T06:49:32.483+00:00,True,51,51.0,,51.0,26364.642049,29414.019840999998,29414.019782,576.7454859215686,35.418044,26364.642049,3683.2601389773336,72.3480955,60.987555840000006,9.412582832919233,1.733867056447397,9,64,,False,True,,248,87.6246207195492
21,2026-09-18T06:49:03.575+00:00,2026-09-18T06:49:31.211+00:00,2026-09-18T06:49:32.319+00:00,True,20,20.0,,20.0,27635.651446,28744.338038,28744.338096,1437.2169048,36.616911,27635.651446,6166.479561671735,1450.9806910500001,58.351925894736844,10.157878653767593,0.6957892011136249,9,64,,False,True,,112,87.6246207195492
22,2026-09-18T06:49:03.950+00:00,2026-09-18T06:49:32.545+00:00,2026-09-18T06:49:33.737+00:00,True,20,20.0,,20.0,28595.153342999998,29786.981311,29786.981467999998,1489.3490734,0.0,28595.153342999998,6380.84255490215,1880.5089437499998,62.72778778947368,103.69299278346736,0.6714342682524269,9,64,,False,True,,80,87.6246207195492
23,2026-09-18T06:49:04.368+00:00,2026-09-18T06:49:34.246+00:00,2026-09-18T06:49:36.289+00:00,True,35,35.0,,35.0,29878.803718,31921.191174,31921.19094,912.0340268571429,0.01627,29878.803718,5040.997135795162,223.8158189,60.07021929411764,85.95034587816441,1.0964503113062931,9,64,,False,True,,142,87.6246207195492
24,2026-09-18T06:49:04.752+00:00,2026-09-18T06:49:35.592+00:00,2026-09-18T06:49:40.203+00:00,True,76,76.0,,76.0,30839.79405,35450.597506,35450.597544000004,466.45523084210527,0.0,30839.79405,3530.9497984535483,96.29791499999999,61.47737941333333,55.780142700492014,2.143828464023407,9,64,,False,True,,326,87.6246207195492
25,2026-09-18T06:49:05.364+00:00,2026-09-18T06:49:37.780+00:00,2026-09-18T06:49:43.237+00:00,True,92,92.0,,92.0,32416.038321,37872.712369,37872.712344,411.6599167826087,0.0,32416.038321,3373.727804872701,93.54513579999998,59.96345107692308,50.49891370103105,2.4291896261252437,9,64,,False,True,,465,87.6246207195492
26,2026-09-18T06:49:05.749+00:00,2026-09-18T06:49:39.342+00:00,2026-09-18T06:49:41.258+00:00,True,34,34.0,,34.0,33592.537845,35509.212917,35509.212939,1044.3886158529413,32.71085,33592.537845,5751.119456936923,69.2565206,58.081062787878786,9.47302429793994,0.9574979901546208,9,64,,False,True,,148,87.6246207195492
27,2026-09-18T06:49:06.249+00:00,2026-09-18T06:49:41.261+00:00,2026-09-18T06:49:47.259+00:00,True,97,97.0,,97.0,35011.660824,41009.595416,41009.595478999996,422.77933483505154,0.0,35011.660824,3549.0440253146185,98.240855,62.47848533333334,59.415532439232884,2.3653000966245865,9,64,,False,True,,446,87.6246207195492
28,2026-09-18T06:49:06.681+00:00,2026-09-18T06:49:42.949+00:00,2026-09-18T06:49:48.792+00:00,True,88,88.0,,88.0,36268.407792000005,42111.633904,42111.633872000006,478.54129400000005,0.0,36268.407792000005,3860.01846042056,94.09281035,67.16351852873564,86.25941863830029,2.089683819929895,9,64,,False,True,,334,87.6246207195492
29,2026-09-18T06:49:07.301+00:00,2026-09-18T06:49:45.292+00:00,2026-09-18T06:49:49.890+00:00,True,77,77.0,,77.0,37991.313431,42588.570135,42588.570080000005,553.0983127272727,0.0,37991.313431,4323.192514699839,91.1550354,60.490219789473684,70.9167240529767,1.8079968347357147,9,64,,False,True,,323,87.6246207195492
30,2026-09-18T06:49:07.891+00:00,2026-09-18T06:49:46.908+00:00,2026-09-18T06:49:48.885+00:00,True,23,23.0,,23.0,39017.095196999995,40994.961437,40994.96141899999,1782.3896269130432,36.741262,39017.095196999995,8117.991900798951,641.4242058,89.90301090909091,137.4764973027813,0.5610445575207043,9,64,,False,True,,115,87.6246207195492
31,2026-09-18T06:49:08.185+00:00,2026-09-18T06:49:49.065+00:00,2026-09-18T06:49:53.781+00:00,True,77,77.0,,77.0,40880.269234,45595.88549,45595.885575,592.1543581168831,0.0,40880.269234,4652.228916770133,89.5132514,62.04758231578948,72.71617948334415,1.688748867853164,9,64,,False,True,,316,87.6246207195492
32,2026-09-18T06:49:08.726+00:00,2026-09-18T06:49:50.959+00:00,2026-09-18T06:49:52.470+00:00,True,19,19.0,,19.0,42232.283717,43743.196485,43743.19664,2302.273507368421,0.0,42232.283717,9670.554114405026,4822.8476666,83.93959822222223,147.38766369433225,0.4343532600896073,9,64,,False,True,,89,87.6246207195492
33,2026-09-18T06:49:09.106+00:00,2026-09-18T06:49:52.539+00:00,2026-09-18T06:49:53.911+00:00,True,23,23.0,,23.0,43433.056227,44805.061603,44805.061756,1948.0461633043478,36.690613,43433.056227,9043.418438533092,84.8824482,62.36388072727273,8.638324562322566,0.5133348594360597,9,64,,False,True,,119,87.6246207195492
34,2026-09-18T06:49:09.768+00:00,2026-09-18T06:49:55.219+00:00,2026-09-18T06:49:55.281+00:00,True,2,2.0,,2.0,45450.528034,45512.588066000004,45512.5881,22756.29405,62.060066,45450.528034,32094.4934878412,43181.1046356,62.060032,nan,0.04394388640566217,9,64,,False,True,,9,87.6246207195492
35,2026-09-18T06:49:10.307+00:00,2026-09-18T06:49:57.558+00:00,2026-09-18T06:49:59.141+00:00,True,25,25.0,,25.0,47250.187742,48833.221342000004,48833.221361,1953.32885444,34.231107,47250.187742,9436.858200470042,98.5738304,65.95973333333333,15.752042430134418,0.5119465665579233,9,64,,False,True,,119,87.6246207195492
36,2026-09-18T06:49:10.979+00:00,2026-09-18T06:50:00.786+00:00,2026-09-18T06:50:00.786+00:00,True,8,8.0,,8.0,49807.715812,49807.715812,49807.715812,6225.9644765,0.0,49807.715812,17609.686803038814,32375.0152778,0.0,0.0,0.1606176848220891,9,64,,False,True,,28,87.6246207195492
37,2026-09-18T06:49:11.435+00:00,2026-09-18T06:50:02.590+00:00,2026-09-18T06:50:06.168+00:00,True,59,59.0,,59.0,51154.911173,54733.513413,54733.513191,927.6866642542373,0.03546,51154.911173,6651.804404870393,99.48012920000001,61.700038620689654,21.732000778335895,1.0779501683878137,9,64,,False,True,,297,87.6246207195492
38,2026-09-18T06:49:12.044+00:00,2026-09-18T06:50:05.062+00:00,2026-09-18T06:50:06.104+00:00,True,17,17.0,,17.0,53017.362465000006,54059.77987300001,54059.78000200001,3179.9870589411767,50.286697999999994,53017.362465000006,12842.802806357708,10678.184675400002,65.151088,11.849647648339163,0.31446668928244376,9,64,,False,True,,90,87.6246207195492
39,2026-09-18T06:49:12.667+00:00,2026-09-18T06:50:07.294+00:00,2026-09-18T06:50:09.903+00:00,True,41,41.0,,41.0,54627.102814000005,57236.328798,57236.328831000006,1396.0080202682927,0.0,54627.102814000005,8522.045136038141,95.890133,65.2306496,126.28242874374241,0.7163282632032237,9,64,,False,True,,197,87.6246207195492
40,2026-09-18T06:49:13.265+00:00,2026-09-18T06:50:09.906+00:00,2026-09-18T06:50:14.714+00:00,True,85,85.0,,85.0,56641.232517,61448.728452999996,61448.72833799999,722.9262157411764,0.0,56641.232517,6137.422098896436,87.49446319999998,57.232094476190476,17.81234770913165,1.383267028300082,9,64,,False,True,,372,87.6246207195492
41,2026-09-18T06:49:13.921+00:00,2026-09-18T06:50:11.965+00:00,2026-09-18T06:50:13.890+00:00,True,34,34.0,,34.0,58044.004988,59968.418428,59968.418608,1763.777017882353,35.916854,58044.004988,9944.467909081983,71.29827029999998,58.315558787878786,9.297232053871545,0.5669650941490393,9,64,,False,True,,123,87.6246207195492
42,2026-09-18T06:49:14.587+00:00,2026-09-18T06:50:14.713+00:00,2026-09-18T06:50:17.432+00:00,True,44,44.0,,44.0,60125.955586000004,62844.881666,62844.88169,1428.2927656818183,0.01607,60125.955586000004,9055.834395645752,97.97344815000001,63.23083906976745,138.72792631288897,0.7001365717234638,9,64,,False,True,,215,87.6246207195492
43,2026-09-18T06:49:14.974+00:00,2026-09-18T06:50:16.172+00:00,2026-09-18T06:50:21.834+00:00,True,90,90.0,,90.0,61198.473393,66860.143281,66860.143278,742.8904808666666,0.0,61198.473393,6445.530350821202,110.24139255000001,63.61426840449438,132.67908244912635,1.346093435991421,9,64,,False,True,,429,87.6246207195492
44,2026-09-18T06:49:15.476+00:00,2026-09-18T06:50:18.202+00:00,2026-09-18T06:50:21.272+00:00,True,50,50.0,,50.0,62726.67104,65796.65888,65796.658747,1315.93317494,0.0,62726.67104,8862.975976392841,93.25948790000001,62.65281306122449,130.80026029957088,0.7599170056824622,9,64,,False,True,,196,87.6246207195492
45,2026-09-18T06:49:15.936+00:00,2026-09-18T06:50:20.203+00:00,2026-09-18T06:50:24.577+00:00,True,74,74.0,,74.0,64266.711285,68640.991221,68640.991286,927.5809633243243,0.0,64266.711285,7463.911234337268,91.7561685,59.92164295890411,18.8782949507512,1.0780730097813689,9,64,,False,True,,376,87.6246207195492
46,2026-09-18T06:49:16.452+00:00,2026-09-18T06:50:21.838+00:00,2026-09-18T06:50:28.041+00:00,True,100,100.0,,100.0,65385.799957999996,71589.024278,71589.024234,715.89024234,35.101375,65385.799957999996,6532.3258594411045,93.34159195000001,62.65883151515152,12.451209670985698,1.3968621727776638,9,64,,False,True,,360,87.6246207195492
47,2026-09-18T06:49:16.828+00:00,2026-09-18T06:50:23.226+00:00,2026-09-18T06:50:26.853+00:00,True,59,59.0,,59.0,66398.395445,70025.051701,70025.051674,1186.8652826101695,32.435810000000004,66398.395445,8636.202202226788,89.0762558,62.528556137931034,11.807822509776509,0.8425556078405214,9,64,,False,True,,243,87.6246207195492
48,2026-09-18T06:49:17.356+00:00,2026-09-18T06:50:25.328+00:00,2026-09-18T06:50:25.996+00:00,True,12,12.0,,12.0,67972.058569,68640.272585,68640.27267600001,5720.022723,39.905055999999995,67972.058569,19604.311690900082,30639.188646849998,60.746728727272725,14.096451724936038,0.17482448055753155,9,64,,False,True,,36,87.6246207195492
49,2026-09-18T06:49:17.968+00:00,2026-09-18T06:50:27.439+00:00,2026-09-18T06:50:33.398+00:00,True,98,98.0,,98.0,69471.184962,75429.669186,75429.66914,769.6905014285715,0.0,69471.184962,7012.198213853194,92.93378360000001,61.42767241237114,103.35778455387718,1.299223515860111,9,64,,False,True,,206,87.6246207195492
50,2026-09-18T06:49:18.572+00:00,2026-09-18T06:50:29.833+00:00,2026-09-18T06:50:33.062+00:00,True,53,53.0,,53.0,71260.657798,74489.69895,74489.699002,1405.4660189056603,0.0,71260.657798,9780.909992879633,98.30196080000002,62.09694523076923,143.7107824919271,0.7115077755324986,9,64,,False,True,,264,87.6246207195492
51,2026-09-18T06:49:19.188+00:00,2026-09-18T06:50:32.241+00:00,2026-09-18T06:50:35.153+00:00,True,48,48.0,,48.0,73053.10943099999,75965.625271,75965.625347,1582.6171947291664,0.01641,73053.10943099999,10536.339744382123,113.12676035,61.96842212765957,144.96009924717802,0.6318647391996665,9,64,,False,True,,207,87.6246207195492
52,2026-09-18T06:49:19.725+00:00,2026-09-18T06:50:34.795+00:00,2026-09-18T06:50:39.552+00:00,True,86,86.0,,86.0,75070.048477,79827.370205,79827.37011,928.2252338372093,0.0162,75070.048477,8089.006411223343,85.28782500000001,55.96849091764706,22.211658307357606,1.0773247293396793,9,64,,False,True,,384,87.6246207195492
53,2026-09-18T06:49:20.383+00:00,2026-09-18T06:50:36.696+00:00,2026-09-18T06:50:37.255+00:00,True,11,11.0,,11.0,76312.666523,76872.288411,76872.28858000001,6988.389870909092,37.479040999999995,76312.666523,22992.264822559348,38193.096158500004,55.9621888,13.123489489491842,0.14309447822326,9,64,,False,True,,57,87.6246207195492
54,2026-09-18T06:49:20.798+00:00,2026-09-18T06:50:38.505+00:00,2026-09-18T06:50:38.635+00:00,True,3,3.0,,3.0,77706.22762800001,77836.522412,77836.522408,25945.507469333337,64.04298200000001,77706.22762800001,44826.098589187626,69942.230045,65.147392,1.561834830867848,0.03854231801519298,9,64,,False,True,,8,87.6246207195492
55,2026-09-18T06:49:21.183+00:00,2026-09-18T06:50:39.748+00:00,2026-09-18T06:50:41.665+00:00,True,31,31.0,,31.0,78564.50965800001,80482.24789800002,80482.24781900001,2596.2015425483874,38.66192899999999,78564.50965800001,14099.129262218124,99.24580599999999,63.924608,15.25197945235083,0.38517810833624033,9,64,,False,True,,157,87.6246207195492
56,2026-09-18T06:49:21.808+00:00,2026-09-18T06:50:42.226+00:00,2026-09-18T06:50:45.754+00:00,True,41,41.0,,41.0,80418.315902,83946.43980600001,83946.439582,2047.4741361463416,0.0,80418.315902,12546.702916917859,99.64460600000001,88.20309759999999,179.14351287759266,0.48840665661046356,9,64,,False,True,,223,87.6246207195492
57,2026-09-18T06:49:22.181+00:00,2026-09-18T06:50:43.560+00:00,2026-09-18T06:50:47.550+00:00,True,65,65.0,,65.0,81379.208417,85369.74204900001,85369.741971,1313.3806457076923,0.0,81379.208417,10087.159704385256,95.10175380000001,62.352088,146.34183405944611,0.7613938901524582,9,64,,False,True,,287,87.6246207195492
58,2026-09-18T06:49:22.762+00:00,2026-09-18T06:50:45.760+00:00,2026-09-18T06:50:48.444+00:00,True,47,47.0,,47.0,82997.988774,85681.56483799999,85681.565078,1823.01202293617,4.931680999999999,82997.988774,12098.00133114456,88.9480434,58.33861008695652,15.700132486913589,0.5485427359883532,9,64,,False,True,,205,87.6246207195492
59,2026-09-18T06:49:23.243+00:00,2026-09-18T06:50:47.558+00:00,2026-09-18T06:50:48.933+00:00,True,24,24.0,,24.0,84314.47034100001,85689.635013,85689.634967,3570.4014569583337,35.654284,84314.47034100001,17198.419477708958,93.05010279999999,59.78976834782608,13.170349628473188,0.28008054878934835,9,64,,False,True,,88,87.6246207195492
60,2026-09-18T06:49:23.631+00:00,2026-09-18T06:50:48.822+00:00,2026-09-18T06:50:49.276+00:00,True,8,8.0,,8.0,85190.561544,85644.94413599999,85644.944023,10705.618002875,42.878431,85190.561544,30096.46563742074,55407.30157915,64.91179885714286,15.762196676535618,0.09340889973956186,9,64,,False,True,,30,87.6246207195492
61,2026-09-18T06:49:24.207+00:00,2026-09-18T06:50:50.981+00:00,2026-09-18T06:50:51.956+00:00,True,17,17.0,,17.0,86774.793026,87748.91757,87748.917643,5161.701037823529,32.998529000000005,86774.793026,21031.21602442644,17428.036086,60.882784,12.718953581634782,0.19373458352279477,9,64,,False,True,,94,87.6246207195492
62,2026-09-18T06:49:24.775+00:00,2026-09-18T06:50:53.197+00:00,2026-09-18T06:50:54.517+00:00,True,21,21.0,,21.0,88421.29095299999,89741.32167299998,89741.321831,4273.396277666666,57.817983,88421.29095299999,19280.707579691698,99.504256,66.001536,10.533802434324754,0.23400591398152054,9,64,,False,True,,110,87.6246207195492
63,2026-09-18T06:49:25.406+00:00,2026-09-18T06:50:55.184+00:00,2026-09-18T06:50:56.812+00:00,True,28,28.0,,28.0,89778.441467,91405.55647499999,91405.55641599999,3264.4841577142856,36.976062,89778.441467,16955.143405304363,66.8267925,60.263518814814816,7.221997703793837,0.30632711051497374,9,64,,False,True,,119,87.6246207195492
64,2026-09-18T06:49:25.949+00:00,2026-09-18T06:50:57.509+00:00,2026-09-18T06:51:03.359+00:00,True,95,95.0,,95.0,91559.813525,97410.465173,97410.46497700001,1025.3733155473685,38.16785,91559.813525,9387.456474864093,69.7041971,62.24097497872341,8.270204531746941,0.9752545563896133,9,64,,False,True,,416,87.6246207195492
65,2026-09-18T06:49:26.523+00:00,2026-09-18T06:50:59.476+00:00,2026-09-18T06:51:04.296+00:00,True,78,78.0,,78.0,92952.47937199999,97772.563084,97772.56299099998,1253.4943973205127,43.1622,92952.47937199999,10517.71006153284,69.58515634999999,62.59848976623376,6.814105889528883,0.7977698194634352,9,64,,True,True,,281,87.6246207195492
66,2026-09-18T06:49:27.169+00:00,2026-09-18T06:51:02.091+00:00,2026-09-18T06:51:06.296+00:00,True,69,69.0,,69.0,94921.841121,99126.396897,99126.3968,1436.6144463768117,36.481333,94921.841121,11419.805168444002,69.2860954,61.831702588235295,6.827084743968131,0.6960809850850964,9,64,,True,True,,243,87.6246207195492
67,2026-09-18T06:49:27.645+00:00,2026-09-18T06:51:03.610+00:00,2026-09-18T06:51:08.542+00:00,True,81,81.0,,81.0,95965.513934,100897.622222,100897.622086,1245.649655382716,36.212692000000004,95965.513934,10655.990535028472,92.75063800000002,61.6513536,11.191687707589923,0.8027939431692428,9,64,,True,True,,265,87.6246207195492
68,2026-09-18T06:49:28.172+00:00,2026-09-18T06:51:05.912+00:00,2026-09-18T06:51:07.559+00:00,True,27,27.0,,27.0,97739.905893,99387.038309,99387.038245,3681.0014164814816,42.491161,97739.905893,18797.86599444076,94.6062284,63.35124676923077,12.948044181468262,0.2716652036260046,9,64,,True,True,,102,87.6246207195492
69,2026-09-18T06:49:28.601+00:00,2026-09-18T06:51:07.456+00:00,2026-09-18T06:51:09.034+00:00,True,27,27.0,,27.0,98854.59274400001,100433.03575200001,100433.03590300001,3719.7420704814817,37.403431,98854.59274400001,19012.89564855732,93.7396817,60.709346461538466,12.458852793710424,0.26883584467835153,9,64,,True,True,,79,87.6246207195492
70,2026-09-18T06:49:29.007+00:00,2026-09-18T06:51:09.037+00:00,2026-09-18T06:51:09.439+00:00,True,7,7.0,,7.0,100030.43234,100432.097364,100432.097387,14347.442483857143,38.547618,100030.43234,37782.65065158166,70048.2134852,66.94417066666666,17.883526561134442,0.06969883317909438,9,64,,True,True,,27,87.6246207195492
71,2026-09-18T06:49:29.597+00:00,2026-09-18T06:51:11.572+00:00,2026-09-18T06:51:11.895+00:00,True,6,6.0,,6.0,101975.336205,102298.336781,102298.336658,17049.722776333332,57.010735000000004,101975.336205,41604.884264406246,76500.36554875,64.6001152,6.960511865595173,0.05865197997152958,9,64,,True,True,,19,87.6246207195492
72,2026-09-18T06:49:30.248+00:00,2026-09-18T06:51:13.830+00:00,2026-09-18T06:51:18.413+00:00,True,72,72.0,,72.0,103582.421957,108165.448133,108165.448205,1502.297891736111,34.827056,103582.421957,12199.702033850886,94.50151805000002,64.54966445070423,9.68303317705414,0.6656469440358529,9,64,,True,True,,308,87.6246207195492
73,2026-09-18T06:49:30.885+00:00,2026-09-18T06:51:16.211+00:00,2026-09-18T06:51:20.799+00:00,True,71,71.0,,71.0,105326.004545,109913.960001,109913.959784,1548.0839406197183,38.824638,105326.004545,12492.124159629322,93.7653915,65.5422208,11.868355367801387,0.6459598034622176,9,64,,True,True,,399,87.6246207195492
74,2026-09-18T06:49:31.512+00:00,2026-09-18T06:51:18.644+00:00,2026-09-18T06:51:22.099+00:00,True,55,55.0,,55.0,107131.942297,110587.082649,110587.082763,2010.6742320545454,38.854278,107131.942297,14437.045005695294,94.172606,63.98408059259259,11.461331979999846,0.49734560929297955,9,64,,True,True,,249,87.6246207195492
75,2026-09-18T06:49:32.074+00:00,2026-09-18T06:51:20.683+00:00,2026-09-18T06:51:23.804+00:00,True,51,51.0,,51.0,108608.628359,111729.467271,111729.46738399999,2190.7738702745096,38.793887999999995,108608.628359,15199.514130010195,92.15777,62.41677824,11.553181915108297,0.4564597079506288,9,64,,True,True,,210,87.6246207195492
76,2026-09-18T06:49:32.451+00:00,2026-09-18T06:51:22.157+00:00,2026-09-18T06:51:23.598+00:00,True,24,24.0,,24.0,109706.769879,111146.896599,111146.896725,4631.120696875,37.560361,109706.769879,22381.023287889802,96.01126250000002,62.6142052173913,13.216060030475727,0.21593045540972783,9,64,,True,True,,87,87.6246207195492
77,2026-09-18T06:49:32.951+00:00,2026-09-18T06:51:24.331+00:00,2026-09-18T06:51:24.462+00:00,True,3,3.0,,3.0,111379.477409,111510.394529,111510.394626,37170.131542,63.805422,111379.477409,64267.17874031074,100248.24084759998,65.45856,2.3378647242302106,0.026903321548376404,9,64,,True,True,,10,87.6246207195492
78,2026-09-18T06:49:33.420+00:00,2026-09-18T06:51:26.145+00:00,2026-09-18T06:51:27.163+00:00,True,18,18.0,,18.0,112725.046211,113742.10886699999,113742.10887899999,6319.006048833333,35.700184,112725.046211,26555.44984127663,16983.967716249997,59.827215058823526,13.132405193432582,0.15825273664520864,9,64,,True,True,,76,87.6246207195492
79,2026-09-18T06:49:33.974+00:00,2026-09-18T06:51:28.438+00:00,2026-09-18T06:51:34.144+00:00,True,92,92.0,,92.0,114464.135308,120169.92014,120169.919998,1306.1947825869565,37.220711,114464.135308,11927.18077707481,94.89840099999999,62.70093221978022,12.758446506809495,0.7655826008107389,9,64,,True,True,,387,87.6246207195492
80,2026-09-18T06:49:34.381+00:00,2026-09-18T06:51:30.254+00:00,2026-09-18T06:51:31.094+00:00,True,15,15.0,,15.0,115872.708545,116712.834241,116712.83417,7780.855611333333,36.398302,115872.708545,29902.7132276165,34824.653120300005,60.008978285714285,13.37983280804413,0.12852057014592363,9,64,,True,True,,66,87.6246207195492
81,2026-09-18T06:49:35.145+00:00,2026-09-18T06:51:32.044+00:00,2026-09-18T06:51:34.868+00:00,True,44,44.0,,44.0,116898.715009,119722.87577700001,119722.875792,2720.974449818182,36.807021999999996,116898.715009,17613.249674397928,96.38706795,65.67815739534883,15.496275264999625,0.36751539515268516,9,64,,True,True,,195,87.6246207195492
82,2026-09-18T06:49:35.565+00:00,2026-09-18T06:51:35.336+00:00,2026-09-18T06:51:36.274+00:00,True,16,16.0,,16.0,119770.512271,120708.838287,120708.838335,7544.3023959375,52.571133,119770.512271,29926.98951973695,29993.697558249998,62.55506773333333,3.7537293586355167,0.1325503602475077,9,64,,True,True,,65,87.6246207195492
83,2026-09-18T06:49:35.937+00:00,2026-09-18T06:51:36.818+00:00,2026-09-18T06:51:39.241+00:00,True,39,39.0,,39.0,120881.241264,123304.124592,123304.124571,3161.644219769231,38.798027999999995,120881.241264,19346.28362291364,94.07251890000002,63.76008757894736,11.648750928114437,0.31629112269396326,9,64,,True,True,,169,87.6246207195492
84,2026-09-18T06:49:36.390+00:00,2026-09-18T06:51:38.779+00:00,2026-09-18T06:51:40.366+00:00,True,27,27.0,,27.0,122389.43539,123976.250366,123976.250333,4591.7129752962965,37.663900999999996,122389.43539,23542.114215039746,86.1962723,61.03134523076923,9.594402508439913,0.21778364743482068,9,64,,True,True,,120,87.6246207195492
85,2026-09-18T06:49:36.836+00:00,2026-09-18T06:51:40.682+00:00,2026-09-18T06:51:42.502+00:00,True,31,31.0,,31.0,123845.619272,125666.02554399999,125666.025513,4053.742758483871,35.660314,123845.619272,22232.434902441382,96.3109825,60.68020906666667,12.752499397995487,0.24668560866632833,9,64,,True,True,,107,87.6246207195492
86,2026-09-18T06:49:37.256+00:00,2026-09-18T06:51:42.149+00:00,2026-09-18T06:51:44.322+00:00,True,36,36.0,,36.0,124893.452961,127066.379937,127066.37999,3529.621666388889,40.217276,124893.452961,20805.228917902143,71.10121325000001,62.083627885714286,5.4599582205413375,0.28331648401291465,9,64,,True,True,,158,87.6246207195492
87,2026-09-18T06:49:37.828+00:00,2026-09-18T06:51:44.329+00:00,2026-09-18T06:51:45.020+00:00,True,13,13.0,,13.0,126500.768063,127191.89919899999,127191.89904799999,9783.992234461539,34.747815,126500.768063,35069.02817654371,50640.211117399995,57.594261333333336,10.761198527424058,0.10220776701872071,9,64,,True,True,,59,87.6246207195492
88,2026-09-18T06:49:38.293+00:00,2026-09-18T06:51:45.811+00:00,2026-09-18T06:51:48.533+00:00,True,46,46.0,,46.0,127518.560121,130240.612217,130240.612217,2831.3176568913045,37.010531,127518.560121,18792.669869241665,75.24128975,60.49004657777778,10.168228376136582,0.3531924429482659,9,64,,True,True,,223,87.6246207195492
89,2026-09-18T06:49:38.906+00:00,2026-09-18T06:51:48.084+00:00,2026-09-18T06:51:48.937+00:00,True,15,15.0,,15.0,129177.885337,130031.142809,130031.142886,8668.742859066666,40.329225,129177.885337,33337.85091538525,38802.4090564,60.946962285714285,7.488148888836293,0.11535698045839053,9,64,,True,True,,54,87.6246207195492
90,2026-09-18T06:49:39.401+00:00,2026-09-18T06:51:49.905+00:00,2026-09-18T06:51:55.910+00:00,True,97,97.0,,97.0,130503.667545,136508.848473,136508.848471,1407.3077161958763,38.582798000000004,130503.667545,13244.292705936667,91.7847208,62.553968,10.680096668624286,0.7105766482176836,9,64,,True,True,,384,87.6246207195492
91,2026-09-18T06:49:39.827+00:00,2026-09-18T06:51:51.425+00:00,2026-09-18T06:51:55.135+00:00,True,59,59.0,,59.0,131598.173327,135308.470671,135308.470661,2293.3639095084745,39.987395,131598.173327,17124.297795474246,92.1971978,63.97064386206897,10.546019886956365,0.436040698024423,9,64,,True,True,,324,87.6246207195492
92,2026-09-18T06:49:40.233+00:00,2026-09-18T06:51:52.814+00:00,2026-09-18T06:51:58.126+00:00,True,89,89.0,,89.0,132580.941688,137893.293944,137893.293755,1549.3628511797751,37.431900999999996,132580.941688,14047.156681707274,75.64338120000001,60.367639272727274,10.563277070172008,0.6454266009204472,9,64,,True,True,,425,87.6246207195492
93,2026-09-18T06:49:40.633+00:00,2026-09-18T06:51:54.461+00:00,2026-09-18T06:51:56.547+00:00,True,35,35.0,,35.0,133827.860085,135913.399413,135913.399328,3883.2399808,36.683141000000006,133827.860085,22610.671734788,89.2496306,61.339392,11.65116542547116,0.25751691997376586,9,64,,True,True,,115,87.6246207195492
94,2026-09-18T06:49:41.266+00:00,2026-09-18T06:51:57.029+00:00,2026-09-18T06:51:57.714+00:00,True,13,13.0,,13.0,135762.47814700002,136447.55974700002,136447.55973,10495.966133076925,37.287351,135762.47814700002,37637.90405515918,54345.47861320001,57.090133333333334,10.625203308129294,0.09527469765017782,9,64,,True,True,,51,87.6246207195492
95,2026-09-18T06:49:41.847+00:00,2026-09-18T06:51:59.294+00:00,2026-09-18T06:52:04.659+00:00,True,87,87.0,,87.0,137446.446467,142811.939203,142811.939007,1641.516540310345,38.064739,137446.446467,14729.120895708855,92.13069569999999,62.389450418604646,10.82833736697582,0.6091927641731262,9,64,,True,True,,344,87.6246207195492
96,2026-09-18T06:49:42.410+00:00,2026-09-18T06:52:01.096+00:00,2026-09-18T06:52:01.707+00:00,True,11,11.0,,11.0,138685.235437,139296.588269,139296.588037,12663.326185181817,36.418712,138685.235437,41796.73977747798,69377.3398385,61.1352832,9.355046956851814,0.07896819395718117,9,64,,True,True,,31,87.6246207195492
97,2026-09-18T06:49:42.775+00:00,2026-09-18T06:52:02.722+00:00,2026-09-18T06:52:05.537+00:00,True,46,46.0,,46.0,139947.75540599998,142762.30746999997,142762.30737099997,3103.528421108695,37.513239999999996,139947.75540599998,20624.950754009547,86.85813525000002,62.54560142222222,8.672833189075922,0.32221390096028274,9,64,,True,True,,169,87.6246207195492
98,2026-09-18T06:49:43.149+00:00,2026-09-18T06:52:03.952+00:00,2026-09-18T06:52:08.694+00:00,True,76,76.0,,76.0,140802.679886,145544.930382,145544.930309,1915.064872486842,36.198352,140802.679886,16143.925970653392,94.27001974999999,63.23000661333334,11.269872967084906,0.5221755220228486,9,64,,True,True,,304,87.6246207195492
99,2026-09-18T06:49:43.527+00:00,2026-09-18T06:52:05.195+00:00,2026-09-18T06:52:07.063+00:00,True,31,31.0,,31.0,141668.070426,143536.05045799998,143536.050535,4630.195178548387,40.862902999999996,141668.070426,25433.155618318036,91.860039,62.26600106666667,11.111377539083215,0.21597361708841847,9,64,,True,True,,194,87.6246207195492
100,2026-09-18T06:49:44.150+00:00,2026-09-18T06:52:07.998+00:00,2026-09-18T06:52:08.308+00:00,True,6,6.0,,6.0,143848.618611,144157.764211,144157.76430500002,24026.294050833334,59.704529,143848.618611,58700.71101720738,107902.43193600001,61.82912,1.8726721178380374,0.041621067258076745,9,64,,True,True,,23,87.6246207195492
101,2026-09-18T06:49:44.636+00:00,2026-09-18T06:52:10.021+00:00,2026-09-18T06:52:12.693+00:00,True,45,45.0,,45.0,145384.41069100003,148056.44525100003,148056.44542000003,3290.143231555556,41.933412,145384.41069100003,21663.577110793558,68.0238932,60.72805818181818,8.345250043783405,0.30393813605150066,9,64,,True,True,,211,87.6246207195492
102,2026-09-18T06:49:45.254+00:00,2026-09-18T06:52:12.170+00:00,2026-09-18T06:52:17.312+00:00,True,83,83.0,,83.0,146916.757683,152057.925043,152057.925151,1832.0231945903615,37.164531000000004,146916.757683,16119.331777600142,90.47156919999999,62.69716292682927,12.116476748673277,0.5458446179410161,9,64,,True,True,,397,87.6246207195492
103,2026-09-18T06:49:45.794+00:00,2026-09-18T06:52:14.397+00:00,2026-09-18T06:52:19.845+00:00,True,87,87.0,,87.0,148602.709329,154051.343185,154051.343254,1770.7050948735632,38.795638,148602.709329,15925.095864673203,94.685072,63.356207627906976,13.46342015427555,0.5647467798805353,9,64,,True,True,,475,87.6246207195492
104,2026-09-18T06:49:46.224+00:00,2026-09-18T06:52:16.252+00:00,2026-09-18T06:52:21.466+00:00,True,82,82.0,,82.0,150027.957606,155242.23677400002,155242.23666700002,1893.1980081341464,35.969603,150027.957606,16560.713382596525,95.17485905,64.37381688888888,14.148206371313417,0.5282067670757329,9,64,,True,True,,266,87.6246207195492
105,2026-09-18T06:49:46.625+00:00,2026-09-18T06:52:17.776+00:00,2026-09-18T06:52:23.989+00:00,True,98,98.0,,98.0,151151.035856,157364.017872,157364.017815,1605.7552838265306,38.889237,151151.035856,15262.095446532989,94.75984199999999,64.05136098969072,12.740368134125232,0.6227598997867051,9,64,,True,True,,412,87.6246207195492
106,2026-09-18T06:49:46.988+00:00,2026-09-18T06:52:19.171+00:00,2026-09-18T06:52:22.029+00:00,True,45,45.0,,45.0,152182.844384,155040.475616,155040.475477,3445.343899488889,37.991199,152182.844384,22676.399759838296,91.52759740000002,64.94616436363637,10.461854332507572,0.29024678762889483,9,64,,True,True,,229,87.6246207195492
107,2026-09-18T06:49:47.379+00:00,2026-09-18T06:52:20.621+00:00,2026-09-18T06:52:25.984+00:00,True,85,85.0,,85.0,153241.589403,158604.39439499998,158604.39449799998,1865.934052917647,35.073805,153241.589403,16614.46307663849,89.8823706,63.842916571428574,11.215339399481268,0.5359246212832526,9,64,,True,True,,342,87.6246207195492
108,2026-09-18T06:49:48.048+00:00,2026-09-18T06:52:22.981+00:00,2026-09-18T06:52:23.823+00:00,True,14,14.0,,14.0,154932.489229,155774.790157,155774.7903,11126.770735714286,42.615581,154932.489229,41390.1351914293,54290.1678767,64.79237907692308,14.05292549405332,0.08987333563980336,9,64,,True,True,,83,87.6246207195492
109,2026-09-18T06:49:48.766+00:00,2026-09-18T06:52:23.514+00:00,2026-09-18T06:52:27.489+00:00,True,64,64.0,,64.0,154748.17159,158723.25946200002,158723.25939000002,2480.0509279687503,36.445053,154748.17159,19335.63695440012,88.67849684999999,63.09663288888889,10.077837274452053,0.40321752600678074,9,64,,True,True,,290,87.6246207195492
110,2026-09-18T06:49:49.209+00:00,2026-09-18T06:52:27.261+00:00,2026-09-18T06:52:32.498+00:00,True,84,84.0,,84.0,158051.590253,163288.958829,163288.95888,1943.9161771428571,34.612415,158051.590253,17237.96111320205,91.209869,63.10082621686747,11.349330063221645,0.5144254737270187,9,64,,True,True,,407,87.6246207195492
111,2026-09-18T06:49:49.805+00:00,2026-09-18T06:52:29.541+00:00,2026-09-18T06:52:31.621+00:00,True,35,35.0,,35.0,159735.908081,161815.655409,161815.655445,4623.304441285714,36.531202,159735.908081,26989.958471314232,77.4952878,61.16903905882353,9.000842169064422,0.21629551177563838,9,64,,True,True,,132,87.6246207195492
112,2026-09-18T06:49:50.373+00:00,2026-09-18T06:52:31.749+00:00,2026-09-18T06:52:33.788+00:00,True,32,32.0,,32.0,161376.231143,163415.101671,163415.101793,5106.72193103125,35.59873399999999,161376.231143,28515.933859412504,100.85075284999999,65.77001703225807,14.617130937668517,0.19582033528593268,9,64,,True,True,,134,87.6246207195492
113,2026-09-18T06:49:50.922+00:00,2026-09-18T06:52:34.116+00:00,2026-09-18T06:52:35.973+00:00,True,30,30.0,,30.0,163194.324364,165051.576972,165051.576862,5501.719228733334,40.801733999999996,163194.324364,29783.38137751817,96.5776179,64.04319337931035,13.845101279702538,0.18176136544935476,9,64,,True,True,,123,87.6246207195492
114,2026-09-18T06:49:51.320+00:00,2026-09-18T06:52:35.741+00:00,2026-09-18T06:52:40.599+00:00,True,78,78.0,,78.0,164420.98086,169279.160956,169279.160846,2170.245651871795,36.015443,164420.98086,18609.871507333286,94.4279407,63.093248,14.210085398599821,0.46077733112272573,9,64,,True,True,,234,87.6246207195492
115,2026-09-18T06:49:51.839+00:00,2026-09-18T06:52:37.729+00:00,2026-09-18T06:52:39.663+00:00,True,32,32.0,,32.0,165889.85034200002,167823.953126,167823.95314800003,5244.498535875001,39.759456,165889.85034200002,29314.43165825664,84.49285475,62.39041238709678,8.883409201631446,0.19067599948604966,9,64,,True,True,,162,87.6246207195492
116,2026-09-18T06:49:52.464+00:00,2026-09-18T06:52:40.173+00:00,2026-09-18T06:52:40.922+00:00,True,13,13.0,,13.0,167709.480409,168458.185177,168458.185084,12958.321929538462,40.024325,167709.480409,46496.93724791498,67130.39210260002,62.392064,9.258627262244874,0.07717048587660387,9,64,,True,True,,55,87.6246207195492
117,2026-09-18T06:49:52.831+00:00,2026-09-18T06:52:41.673+00:00,2026-09-18T06:52:43.517+00:00,True,30,30.0,,30.0,168841.612841,170686.207785,170686.207693,5689.5402564333335,37.13922,168841.612841,30814.50858368189,91.95642765000001,63.60672220689655,9.879399710898088,0.17576112557253978,9,64,,True,True,,146,87.6246207195492
118,2026-09-18T06:49:53.310+00:00,2026-09-18T06:52:43.580+00:00,2026-09-18T06:52:47.918+00:00,True,70,70.0,,70.0,170269.439922,174607.434674,174607.434736,2494.3919247999997,37.195871,170269.439922,20343.580719005207,95.324715,62.86948915942029,13.586783931875202,0.40089930953222686,9,64,,True,True,,312,87.6246207195492
119,2026-09-18T06:49:53.906+00:00,2026-09-18T06:52:45.596+00:00,2026-09-18T06:52:50.391+00:00,True,77,77.0,,77.0,171689.696583,176485.23296700002,176485.23302800002,2292.0160133506497,36.396042,171689.696583,19558.66997326569,93.25505640000002,63.09916294736842,12.584905998088699,0.43629712642529017,9,64,,True,True,,391,87.6246207195492
120,2026-09-18T06:49:54.562+00:00,2026-09-18T06:52:48.388+00:00,2026-09-18T06:52:52.900+00:00,True,72,72.0,,72.0,173825.990788,178338.48538,178338.48546,2476.9234091666667,34.317945,173825.990788,20478.102557234695,90.25621415000002,63.55626185915493,11.641769756385262,0.40372665410151864,9,64,,True,True,,343,87.6246207195492
121,2026-09-18T06:49:54.946+00:00,2026-09-18T06:52:49.614+00:00,2026-09-18T06:52:50.452+00:00,True,15,15.0,,15.0,174667.32021900002,175505.85077900003,175505.850692,11700.390046133334,39.760716,174667.32021900002,45083.4442991356,52451.799794100014,59.89504,9.728612750904338,0.0854672361828453,9,64,,True,True,,90,87.6246207195492
122,2026-09-18T06:49:55.549+00:00,2026-09-18T06:52:52.115+00:00,2026-09-18T06:52:56.247+00:00,True,64,64.0,,64.0,176565.4239,180698.055196,180698.05533,2823.40711453125,37.29231,176565.4239,22062.48155639465,94.33387490000001,65.59732215873015,12.042476041296531,0.35418200782836495,9,64,,True,True,,295,87.6246207195492
123,2026-09-18T06:49:55.940+00:00,2026-09-18T06:52:53.591+00:00,2026-09-18T06:52:59.033+00:00,True,84,84.0,,84.0,177650.60201300003,183092.982045,183092.98204700003,2179.678357702381,41.354302000000004,177650.60201300003,19376.11977495208,96.25463995,65.57084375903615,13.070459278030702,0.45878328629414505,9,64,,True,True,,413,87.6246207195492
124,2026-09-18T06:49:56.498+00:00,2026-09-18T06:52:55.826+00:00,2026-09-18T06:53:01.926+00:00,True,97,97.0,,97.0,179328.01439700002,185428.56684500002,185428.56666100002,1911.634707845361,34.961764,179328.01439700002,18201.552968631786,94.49308740000001,63.54742133333333,12.220355115757469,0.5231124936703114,9,64,,True,True,,439,87.6246207195492
125,2026-09-18T06:49:57.150+00:00,2026-09-18T06:52:58.139+00:00,2026-09-18T06:53:02.835+00:00,True,76,76.0,,76.0,180988.90599,185684.796678,185684.796638,2443.221008394737,38.377978000000006,180988.90599,20753.67132552758,80.04736275,62.61187584,9.298140247482134,0.409295760125118,9,64,,True,True,,324,87.6246207195492
126,2026-09-18T06:49:57.753+00:00,2026-09-18T06:53:00.275+00:00,2026-09-18T06:53:02.104+00:00,True,30,30.0,,30.0,182521.819042,184350.59318599998,184350.593276,6145.019775866666,53.884859,182521.819042,33312.25951302512,74.87651770000001,63.061177379310344,4.900229643093682,0.1627334063944757,9,64,,True,True,,91,87.6246207195492
127,2026-09-18T06:49:58.336+00:00,2026-09-18T06:53:02.951+00:00,2026-09-18T06:53:08.669+00:00,True,96,96.0,,96.0,184614.73666999998,190333.17071799998,190333.170697,1982.6371947604166,36.317773,184614.73666999998,18836.02178638749,70.4662055,60.19404261052632,10.054247205838921,0.5043787146394718,9,64,,True,True,,405,87.6246207195492
128,2026-09-18T06:49:58.957+00:00,2026-09-18T06:53:05.160+00:00,2026-09-18T06:53:10.423+00:00,True,90,90.0,,90.0,186203.021568,191465.590016,191465.58998699998,2127.3954443,35.913723,186203.021568,19621.291787249782,68.91088395000001,59.12998256179775,10.52155129406987,0.4700583535270179,9,64,,True,True,,436,87.6246207195492
129,2026-09-18T06:49:59.473+00:00,2026-09-18T06:53:07.052+00:00,2026-09-18T06:53:11.987+00:00,True,84,84.0,,84.0,187579.611445,192514.131253,192514.131287,2291.8348962738096,34.726095,187579.611445,20460.12942512093,68.928798,59.45204587951807,10.466340303444396,0.43633160565033074,9,64,,True,True,,375,87.6246207195492
130,2026-09-18T06:50:00.121+00:00,2026-09-18T06:53:09.850+00:00,2026-09-18T06:53:11.983+00:00,True,37,37.0,,37.0,189728.260925,191861.13362900002,191861.133761,5185.436047594595,37.43534,189728.260925,31181.39509792353,68.133189,59.246464,8.76589959670937,0.19284781289547956,9,64,,True,True,,134,87.6246207195492
131,2026-09-18T06:50:00.707+00:00,2026-09-18T06:53:11.920+00:00,2026-09-18T06:53:13.679+00:00,True,29,29.0,,29.0,191212.762199,192971.361623,192971.361714,6654.184886689654,40.303523999999996,191212.762199,35495.65729999218,96.5705636,62.807122285714286,11.350928495616412,0.15028136691420602,9,64,,True,True,,164,87.6246207195492
132,2026-09-18T06:50:01.331+00:00,2026-09-18T06:53:14.158+00:00,2026-09-18T06:53:19.307+00:00,True,82,82.0,,82.0,192826.23415099998,197975.28528699998,197975.28528199997,2414.3327473414633,34.724975,192826.23415099998,21287.079894407183,96.0227326,63.56853254320988,14.019993379041685,0.4141931144643969,9,64,,True,True,,325,87.6246207195492
133,2026-09-18T06:50:02.599+00:00,2026-09-18T06:53:16.960+00:00,2026-09-18T06:53:21.565+00:00,True,75,75.0,,75.0,194360.950614,198965.756502,198965.756542,2652.8767538933334,39.407967,194360.950614,22435.687371690907,94.366528,62.227106594594595,12.266009817375993,0.37694928674445594,9,64,,True,True,,331,87.6246207195492
134,2026-09-18T06:50:02.686+00:00,2026-09-18T06:53:18.862+00:00,2026-09-18T06:53:20.089+00:00,True,21,21.0,,21.0,196176.19595199998,197402.612848,197402.613001,9400.124428619047,42.70376,196176.19595199998,42795.77485403372,70.51226799999999,61.320844799999996,7.140559259216972,0.1063815706237384,9,64,,True,True,,106,87.6246207195492
135,2026-09-18T06:50:03.076+00:00,2026-09-18T06:53:21.563+00:00,2026-09-18T06:53:23.644+00:00,True,34,34.0,,34.0,198487.713194,200568.42564200002,200568.42585700002,5899.071348735294,36.482032,198487.713194,34029.55236778949,102.76539989999999,63.05189236363637,16.11114842757289,0.16951820752029792,9,64,,True,True,,86,87.6246207195492
136,2026-09-18T06:50:03.577+00:00,2026-09-18T06:53:23.246+00:00,2026-09-18T06:53:25.916+00:00,True,43,43.0,,43.0,199669.193415,202338.979783,202338.97974799998,4705.557668558139,39.268907,199669.193415,30439.575019966294,90.7662025,63.5663420952381,11.874234285392651,0.2125146625040597,9,64,,True,True,,172,87.6246207195492
137,2026-09-18T06:50:04.044+00:00,2026-09-18T06:53:25.358+00:00,2026-09-18T06:53:30.400+00:00,True,83,83.0,,83.0,201314.034951,206356.592135,206356.59220100002,2486.2240024216867,37.298790000000004,201314.034951,22090.339023270968,90.01867229999999,61.49459980487805,11.31133795683228,0.40221637283921025,9,64,,True,True,,362,87.6246207195492
138,2026-09-18T06:50:04.687+00:00,2026-09-18T06:53:27.557+00:00,2026-09-18T06:53:28.791+00:00,True,21,21.0,,21.0,202870.37871000002,204104.82274200002,204104.822813,9719.277276809526,42.009821,202870.37871000002,44256.47818942044,92.521517,61.7222016,9.868892940817599,0.10288830865376064,9,64,,True,True,,105,87.6246207195492
139,2026-09-18T06:50:05.129+00:00,2026-09-18T06:53:29.030+00:00,2026-09-18T06:53:29.948+00:00,True,16,16.0,,16.0,203900.17538499998,204819.07356099997,204819.07353899998,12801.192096187498,35.811053,203900.17538499998,50959.730034659755,51044.7118465,61.2598784,11.2434399384295,0.07811772469146933,9,64,,True,True,,73,87.6246207195492
140,2026-09-18T06:50:05.774+00:00,2026-09-18T06:53:31.985+00:00,2026-09-18T06:53:33.621+00:00,True,28,28.0,,28.0,206210.46025499998,207846.803039,207846.803088,7423.1001102857135,37.682339999999996,206210.46025499998,38958.662762927175,91.37962909999999,60.6052882962963,13.086617660321505,0.13471460513513953,9,64,,True,True,,133,87.6246207195492
141,2026-09-18T06:50:06.318+00:00,2026-09-18T06:53:34.221+00:00,2026-09-18T06:53:38.517+00:00,True,69,69.0,,69.0,207902.89851,212198.94075,212198.940854,3075.3469688985506,34.268256,207902.89851,25020.96515721579,92.65614079999999,63.17709176470588,12.32175638211588,0.32516656188822185,9,64,,True,True,,392,87.6246207195492
142,2026-09-18T06:50:06.760+00:00,2026-09-18T06:53:35.631+00:00,2026-09-18T06:53:36.373+00:00,True,12,12.0,,12.0,208870.555433,209613.265961,209613.265825,17467.772152083333,39.673656,208870.555433,60276.247156762794,94043.701104,67.51913890909091,18.378659240513937,0.057248285050015314,9,64,,True,True,,38,87.6246207195492
143,2026-09-18T06:50:07.304+00:00,2026-09-18T06:53:37.848+00:00,2026-09-18T06:53:38.069+00:00,True,5,5.0,,5.0,210544.455253,210765.241685,210765.24177999998,42153.048356,39.696526,210544.455253,94133.65862877219,168448.15273680002,55.196608,10.823092654136401,0.023723076727579066,9,64,,True,True,,24,87.6246207195492
144,2026-09-18T06:50:07.755+00:00,2026-09-18T06:53:39.802+00:00,2026-09-18T06:53:42.174+00:00,True,39,39.0,,39.0,212046.69078499998,214418.123233,214418.12315499998,5497.900593717948,37.4242,212046.69078499998,33944.65447148535,90.48884760000001,62.40611705263158,12.750196648409228,0.18188761011409557,9,64,,True,True,,146,87.6246207195492
145,2026-09-18T06:50:08.254+00:00,2026-09-18T06:53:41.450+00:00,2026-09-18T06:53:45.809+00:00,True,71,71.0,,71.0,213196.086415,217554.888847,217554.888853,3064.1533641267606,36.066813,213196.086415,25294.333177508874,91.25126950000002,62.268606171428566,11.564553837266436,0.3263544219865003,9,64,,True,True,,256,87.6246207195492
146,2026-09-18T06:50:08.771+00:00,2026-09-18T06:53:43.494+00:00,2026-09-18T06:53:43.681+00:00,True,4,4.0,,4.0,214723.363092,214910.04776400002,214910.047603,53727.51190075,59.262669,214723.363092,107330.56748193828,182524.4823432,62.228224,2.606851921827552,0.018612438281119994,9,64,,True,True,,32,87.6246207195492
147,2026-09-18T06:50:09.296+00:00,2026-09-18T06:53:45.261+00:00,2026-09-18T06:53:48.306+00:00,True,48,48.0,,48.0,215965.06465000001,219009.48602600003,219009.48613300003,4562.697627770834,37.682809999999996,215965.06465000001,31162.524656717185,94.05745214999999,64.77492289361702,11.450725974942252,0.21916858886332263,9,64,,True,True,,227,87.6246207195492
148,2026-09-18T06:50:09.869+00:00,2026-09-18T06:53:47.317+00:00,2026-09-18T06:53:50.863+00:00,True,57,57.0,,57.0,217447.56765799999,220993.652522,220993.652573,3877.081624087719,0.02019,217447.56765799999,28793.258354212856,92.0736278,63.322944,26.248141896549964,0.25792596008758956,9,64,,True,True,,255,87.6246207195492
149,2026-09-18T06:50:10.279+00:00,2026-09-18T06:53:49.642+00:00,2026-09-18T06:53:50.581+00:00,True,16,16.0,,16.0,219363.767659,220302.066283,220302.066356,13768.87914725,40.417765,219363.767659,54825.30410601349,54898.824826000004,62.5532416,7.686350476340518,0.07262755302279554,9,64,,True,True,,61,87.6246207195492
150,2026-09-18T06:50:10.699+00:00,2026-09-18T06:53:50.919+00:00,2026-09-18T06:53:55.486+00:00,True,74,74.0,,74.0,220219.67881,224786.50044200002,224786.500459,3037.6554116081084,34.135025999999996,220219.67881,25592.74833064035,90.20605039999998,62.559200438356164,12.52612814429117,0.32920126366348973,9,64,,True,True,,280,87.6246207195492
151,2026-09-18T06:50:11.121+00:00,2026-09-18T06:53:52.525+00:00,2026-09-18T06:53:55.049+00:00,True,42,42.0,,42.0,221404.416317,223928.488509,223928.488494,5331.630678428572,36.754470999999995,221404.416317,34153.94604790342,93.4356205,61.562736390243906,12.55180194689103,0.1875598780648759,9,64,,True,True,,173,87.6246207195492
152,2026-09-18T06:50:11.704+00:00,2026-09-18T06:53:54.837+00:00,2026-09-18T06:53:57.904+00:00,True,49,49.0,,49.0,223132.71282699998,226200.64421899998,226200.64425399998,4616.339678653061,55.143657,223132.71282699998,31866.971839455757,82.32519779999998,63.91523733333334,7.01170884905842,0.21662184106142432,9,64,,True,True,,255,87.6246207195492
153,2026-09-18T06:50:12.098+00:00,2026-09-18T06:53:56.306+00:00,2026-09-18T06:54:02.329+00:00,True,97,97.0,,97.0,224207.544165,230230.678373,230230.678359,2373.5121480309276,34.956805,224207.544165,22758.4584041416,76.0182216,62.74098133333334,9.02141217717517,0.42131657121232524,9,64,,True,True,,476,87.6246207195492
154,2026-09-18T06:50:12.472+00:00,2026-09-18T06:53:57.751+00:00,2026-09-18T06:54:02.988+00:00,True,84,84.0,,84.0,225279.279118,230516.59956600002,230516.599594,2744.245233261905,34.968734,225279.279118,24573.10207580719,89.81245709999999,63.100246361445784,10.870988227631265,0.3643989203300288,9,64,,True,True,,429,87.6246207195492
155,2026-09-18T06:50:13.103+00:00,2026-09-18T06:54:00.238+00:00,2026-09-18T06:54:03.174+00:00,True,47,47.0,,47.0,227135.545086,230071.842558,230071.842539,4895.14558593617,38.346228,227135.545086,33121.814979293085,88.25289640000001,63.83255373913044,10.282258689158764,0.20428401614661526,9,64,,True,True,,196,87.6246207195492
156,2026-09-18T06:50:13.758+00:00,2026-09-18T06:54:02.861+00:00,2026-09-18T06:54:05.950+00:00,True,52,52.0,,52.0,229103.536893,232191.90271700002,232191.902871,4465.228901365384,35.651753,229103.536893,31762.547532714536,68.52790775,60.55619262745098,7.839562894620506,0.22395268479012642,9,64,,True,True,,234,87.6246207195492
157,2026-09-18T06:50:14.207+00:00,2026-09-18T06:54:04.307+00:00,2026-09-18T06:54:07.925+00:00,True,58,58.0,,58.0,230099.90197600002,233717.26850400004,233717.26845300003,4029.6080767758626,36.048131999999995,230099.90197600002,30205.266734810324,93.21501599999999,63.462570666666664,12.270477018984979,0.24816309197541106,9,64,,True,True,,277,87.6246207195492
158,2026-09-18T06:50:14.815+00:00,2026-09-18T06:54:06.513+00:00,2026-09-18T06:54:11.978+00:00,True,86,86.0,,86.0,231697.632717,237162.867405,237162.867566,2757.7077623953487,35.446794000000004,231697.632717,24977.669303899816,96.87913875,64.29687868235294,14.80199439398672,0.36262000430758373,9,64,,True,True,,354,87.6246207195492
159,2026-09-18T06:50:15.331+00:00,2026-09-18T06:54:08.644+00:00,2026-09-18T06:54:10.417+00:00,True,30,30.0,,30.0,233313.275008,235086.215296,235086.21516,7836.207171999999,35.610383,233313.275008,42585.820594694975,84.94536705,61.135872,10.274922276280579,0.12761275671662256,9,64,,True,True,,146,87.6246207195492
160,2026-09-18T06:50:15.937+00:00,2026-09-18T06:54:10.891+00:00,2026-09-18T06:54:13.209+00:00,True,37,37.0,,37.0,234954.79126899998,237272.03875699997,237272.03871099997,6412.7578029999995,37.994819,234954.79126899998,38615.75018461312,95.256441,64.36798577777778,14.004455525559603,0.15593914982073898,9,64,,True,True,,179,87.6246207195492
162,2026-09-18T06:50:17.239+00:00,2026-09-18T06:54:12.512+00:00,2026-09-18T06:54:15.230+00:00,True,46,46.0,,46.0,235273.070856,237991.119368,237991.11954800002,5173.719990173913,36.331421999999996,235273.070856,34680.21706355803,70.54522025000001,60.40107804444444,8.07702577929586,0.19328452306185126,9,64,,True,True,,219,87.6246207195492
161,2026-09-18T06:50:16.368+00:00,2026-09-18T06:54:13.576+00:00,2026-09-18T06:54:16.646+00:00,True,51,51.0,,51.0,237207.274099,240277.281139,240277.281162,4711.319238470588,32.869259,237207.274099,33207.06609429494,86.39699300000001,61.400140799999996,10.616255823525162,0.2122547739771393,9,64,,True,True,,243,87.6246207195492
163,2026-09-18T06:50:17.522+00:00,2026-09-18T06:54:17.401+00:00,2026-09-18T06:54:21.488+00:00,True,65,65.0,,65.0,239879.483175,243965.880615,243965.880615,3753.321240230769,39.382566,239879.483175,29745.469749489574,88.43422860000001,63.84996,8.976636577142477,0.2664306985720508,9,64,,True,True,,220,87.6246207195492
164,2026-09-18T06:50:18.194+00:00,2026-09-18T06:54:19.973+00:00,2026-09-18T06:54:21.689+00:00,True,28,28.0,,28.0,241779.671839,243494.90383899998,243494.903758,8696.246562785715,36.058182,241779.671839,45680.058640279145,87.84952125,63.52711111111111,9.787761252991276,0.1149921397061917,9,64,,True,True,,145,87.6246207195492
165,2026-09-18T06:50:18.589+00:00,2026-09-18T06:54:21.817+00:00,2026-09-18T06:54:27.237+00:00,True,88,88.0,,88.0,243228.436436,248648.19886799998,248648.19889,2825.5477146590906,37.45489,243228.436436,25921.599688297156,83.0572127,62.29611990804598,10.328176511111016,0.3539136836728772,9,64,,True,True,,328,87.6246207195492
166,2026-09-18T06:50:19.246+00:00,2026-09-18T06:54:24.507+00:00,2026-09-18T06:54:25.594+00:00,True,19,19.0,,19.0,245260.376954,246347.281018,246347.281139,12965.646375736842,42.217691,245260.376954,56252.736966945995,24594.755420600002,60.38355911111111,8.011041118133551,0.07712689144156502,9,64,,True,True,,66,87.6246207195492
167,2026-09-18T06:50:19.610+00:00,2026-09-18T06:54:25.878+00:00,2026-09-18T06:54:26.485+00:00,True,11,11.0,,11.0,246267.98732800002,246875.243136,246875.24297100003,22443.203906454546,46.315464,246267.98732800002,74234.2827374707,123167.49832150001,60.725580799999996,5.719293436485408,0.04455691814322694,9,64,,True,True,,36,87.6246207195492
168,2026-09-18T06:50:20.265+00:00,2026-09-18T06:54:28.130+00:00,2026-09-18T06:54:30.237+00:00,True,34,34.0,,34.0,247864.77312,249971.803904,249971.803855,7352.111878088235,34.981205,247864.77312,42497.50955467366,91.42343509999999,63.849417696969695,12.358360086068338,0.13601534040638227,9,64,,True,True,,209,87.6246207195492
169,2026-09-18T06:50:20.678+00:00,2026-09-18T06:54:29.923+00:00,2026-09-18T06:54:33.904+00:00,True,65,65.0,,65.0,249244.931505,253225.410993,253225.41098199997,3895.7755535692304,39.843216,249244.931505,30907.315777732147,79.376375,62.194992,8.644877786594266,0.256688298955103,9,64,,True,True,,228,87.6246207195492
170,2026-09-18T06:50:21.251+00:00,2026-09-18T06:54:31.775+00:00,2026-09-18T06:54:37.177+00:00,True,87,87.0,,87.0,250523.131606,255925.31503,255925.315011,2941.670287482759,36.895271,250523.131606,26852.166562244085,92.44949199999999,62.816086325581395,10.902084983494232,0.33994292432462847,9,64,,True,True,,359,87.6246207195492
171,2026-09-18T06:50:21.652+00:00,2026-09-18T06:54:33.290+00:00,2026-09-18T06:54:36.236+00:00,True,49,49.0,,49.0,251638.382187,254583.836523,254583.836593,5195.58850189796,38.563178,251638.382187,35939.575105079195,76.5596586,61.363632,8.6785625722399,0.19247097800560156,9,64,,True,True,,241,87.6246207195492
172,2026-09-18T06:50:22.089+00:00,2026-09-18T06:54:35.190+00:00,2026-09-18T06:54:38.396+00:00,True,51,51.0,,51.0,253100.76655700002,256306.38294100002,256306.38299600003,5025.615352862746,40.848583,253100.76655700002,35432.22082983533,98.89444499999999,64.11232767999999,12.279766949684555,0.19898060834380332,9,64,,True,True,,206,87.6246207195492
173,2026-09-18T06:50:22.738+00:00,2026-09-18T06:54:37.720+00:00,2026-09-18T06:54:42.134+00:00,True,72,72.0,,72.0,254981.88901699998,259395.99820099998,259395.998282,3602.7221983611107,38.828297,254981.88901699998,30042.578433271345,80.46589985,62.170551887323946,9.56939015510965,0.27756789040441887,9,64,,True,True,,245,87.6246207195492
174,2026-09-18T06:50:23.236+00:00,2026-09-18T06:54:39.696+00:00,2026-09-18T06:54:41.952+00:00,True,37,37.0,,37.0,256460.02798500002,258716.36897700003,258716.36893100003,6992.3342954324335,39.850376,256460.02798500002,42151.46568543207,77.21648520000001,62.67613866666667,7.756951605556635,0.14301375729066956,9,64,,True,True,,197,87.6246207195492
175,2026-09-18T06:50:23.727+00:00,2026-09-18T06:54:41.264+00:00,2026-09-18T06:54:45.638+00:00,True,72,72.0,,72.0,257537.166125,261911.47370899998,261911.473677,3637.659356625,35.826942,257537.166125,30343.786170299918,68.86658604999998,61.60996597183099,7.354069168302647,0.27490204602489654,9,64,,True,True,,350,87.6246207195492
176,2026-09-18T06:50:24.234+00:00,2026-09-18T06:54:43.018+00:00,2026-09-18T06:54:44.323+00:00,True,22,22.0,,22.0,258783.724008,260088.490728,260088.490765,11822.204125681817,43.367289,258783.724008,55159.629215912995,77.53255975,62.131748571428574,6.890746044521599,0.08458659565604366,9,64,,True,True,,87,87.6246207195492
177,2026-09-18T06:50:24.637+00:00,2026-09-18T06:54:44.576+00:00,2026-09-18T06:54:50.200+00:00,True,94,94.0,,94.0,259938.587305,265563.054761,265563.054896,2825.1388818723403,37.707550000000005,259938.587305,26804.381915713424,76.0816766,60.478144688172044,9.292142521479507,0.35396489953995147,9,64,,True,True,,459,87.6246207195492
178,2026-09-18T06:50:25.264+00:00,2026-09-18T06:54:46.580+00:00,2026-09-18T06:54:51.605+00:00,True,85,85.0,,85.0,261316.513359,266340.798799,266340.798843,3133.4211628588237,36.388032,261316.513359,28337.26995787331,85.16990999999999,59.8129219047619,11.081406922467709,0.3191399905057248,9,64,,True,True,,369,87.6246207195492
179,2026-09-18T06:50:25.664+00:00,2026-09-18T06:54:47.870+00:00,2026-09-18T06:54:53.095+00:00,True,89,89.0,,89.0,262206.36339199997,267431.24761599995,267431.24759999994,3004.845478651685,35.394743999999996,262206.36339199997,27787.527477880598,68.9402172,59.373684363636364,10.977876541890748,0.3327958149744476,9,64,,True,True,,305,87.6246207195492
180,2026-09-18T06:50:26.069+00:00,2026-09-18T06:54:49.672+00:00,2026-09-18T06:54:50.244+00:00,True,10,10.0,,10.0,263602.930716,264174.872092,264174.871996,26417.487199599997,44.531247,263602.930716,83338.47078293985,145023.0549084,63.549041777777774,12.66380828470032,0.03785371379499508,9,64,,True,True,,11,87.6246207195492
181,2026-09-18T06:50:26.690+00:00,2026-09-18T06:54:51.857+00:00,2026-09-18T06:54:54.426+00:00,True,44,44.0,,44.0,265166.572662,267735.626102,267735.62608200003,6084.900592772728,35.575063,265166.572662,39966.35913841957,69.7171256,59.745428837209296,9.786962259736468,0.1643412221249823,9,64,,True,True,,210,87.6246207195492
182,2026-09-18T06:50:27.123+00:00,2026-09-18T06:54:53.220+00:00,2026-09-18T06:54:56.768+00:00,True,59,59.0,,59.0,266096.741799,269645.311655,269645.311695,4570.259520254237,33.868587,266096.741799,34634.88129666029,71.8340558,61.18223889655172,10.335201495945718,0.21880595526722177,9,64,,True,True,,273,87.6246207195492
183,2026-09-18T06:50:27.781+00:00,2026-09-18T06:54:55.758+00:00,2026-09-18T06:54:59.355+00:00,True,57,57.0,,57.0,267977.632919,271574.782615,271574.782636,4764.469870807017,36.491962,267977.632919,35485.99906664052,99.157288,64.234816,13.703912225613124,0.20988693961621055,9,64,,True,True,,256,87.6246207195492
184,2026-09-18T06:50:28.340+00:00,2026-09-18T06:54:58.056+00:00,2026-09-18T06:55:01.548+00:00,True,56,56.0,,56.0,269716.39096499997,273208.20126899995,273208.20147499995,4878.7178834821425,43.116979,269716.39096499997,36033.88626780927,89.20665275000002,63.48746007272727,9.88169013368038,0.20497188495766483,9,64,,True,True,,231,87.6246207195492
185,2026-09-18T06:50:28.780+00:00,2026-09-18T06:55:00.016+00:00,2026-09-18T06:55:05.246+00:00,True,83,83.0,,83.0,271235.819471,276466.464207,276466.464248,3330.921256,38.653647,271235.819471,29764.99973214559,93.46648309999999,63.78835043902439,12.042370109286942,0.3002172442074386,9,64,,True,True,,376,87.6246207195492
186,2026-09-18T06:50:29.252+00:00,2026-09-18T06:55:01.684+00:00,2026-09-18T06:55:05.774+00:00,True,65,65.0,,65.0,272432.37656199996,276522.79422599997,276522.79428699997,4254.196835184614,38.086417999999995,272432.37656199996,33783.152676974074,95.3452392,63.912776,13.258154254584701,0.23506199617987367,9,64,,True,True,,130,87.6246207195492
187,2026-09-18T06:50:29.854+00:00,2026-09-18T06:55:03.556+00:00,2026-09-18T06:55:06.433+00:00,True,46,46.0,,46.0,273701.746622,276578.307262,276578.307175,6012.571895108696,38.411368,273701.746622,40345.69817129519,96.2187445,63.92356977777778,13.663464253773938,0.16631817750053923,9,64,,True,True,,204,87.6246207195492
188,2026-09-18T06:50:30.460+00:00,2026-09-18T06:55:06.301+00:00,2026-09-18T06:55:07.566+00:00,True,22,22.0,,22.0,275841.270749,277105.624541,277105.624597,12595.710208954546,38.127468,275841.270749,58796.720709155124,68.2467446,60.20732342857143,7.287206802926925,0.07939210918739371,9,64,,True,True,,86,87.6246207195492
189,2026-09-18T06:50:30.855+00:00,2026-09-18T06:55:07.822+00:00,2026-09-18T06:55:08.256+00:00,True,7,7.0,,7.0,276967.001765,277400.898213,277400.898241,39628.69974871429,61.452285,276967.001765,104656.35487574441,193905.43861009995,72.31607466666667,15.213791758126556,0.02523423696568245,9,64,,True,True,,28,87.6246207195492
190,2026-09-18T06:50:31.249+00:00,2026-09-18T06:55:09.370+00:00,2026-09-18T06:55:11.462+00:00,True,36,36.0,,36.0,278120.545588,280212.984116,280212.98423299997,7783.694006472221,35.341573,278120.545588,46343.46162335019,75.2618995,59.78395794285715,11.358707711011053,0.12847370407752784,9,64,,True,True,,175,87.6246207195492
191,2026-09-18T06:50:31.691+00:00,2026-09-18T06:55:11.071+00:00,2026-09-18T06:55:14.078+00:00,True,49,49.0,,49.0,279380.098941,282387.185021,282387.185031,5763.0037761428575,39.407866,279380.098941,39902.49493075422,91.5951104,62.64762666666667,12.397787337709095,0.17352062203657034,9,64,,True,True,,268,87.6246207195492
192,2026-09-18T06:50:32.187+00:00,2026-09-18T06:55:12.307+00:00,2026-09-18T06:55:15.183+00:00,True,47,47.0,,47.0,280119.779708,282996.067196,282996.067263,6021.192920489362,38.177199,280119.779708,40850.55063678753,94.0910719,62.52798886956522,12.91145061915959,0.1660800465027251,9,64,,True,True,,285,87.6246207195492
193,2026-09-18T06:50:32.761+00:00,2026-09-18T06:55:14.325+00:00,2026-09-18T06:55:19.238+00:00,True,81,81.0,,81.0,281563.572133,286476.402085,286476.401987,3536.74570354321,34.872544000000005,281563.572133,31278.01959474653,79.22894199999999,61.4103744,10.134813638976578,0.2827458017849812,9,64,,True,True,,376,87.6246207195492
194,2026-09-18T06:50:33.360+00:00,2026-09-18T06:55:17.153+00:00,2026-09-18T06:55:17.269+00:00,True,3,3.0,,3.0,283793.23821100005,283908.54931500007,283908.54923500004,94636.18307833334,54.602968000000004,283793.23821100005,163814.81507838372,255419.98519550002,57.655552,4.316949124540617,0.010566782885680073,9,64,,True,True,,12,87.6246207195492
195,2026-09-18T06:50:34.796+00:00,2026-09-18T06:55:19.139+00:00,2026-09-18T06:55:20.061+00:00,True,16,16.0,,16.0,284342.823716,285265.37398800004,285265.373745,17829.0858590625,35.290293,284342.823716,71070.33104825308,71152.077407,61.50335146666667,12.0476522297838,0.05608812515981367,9,64,,True,True,,91,87.6246207195492
196,2026-09-18T06:50:34.869+00:00,2026-09-18T06:55:19.516+00:00,2026-09-18T06:55:24.789+00:00,True,87,87.0,,87.0,284647.774532,289920.82566800003,289920.825598,3332.4232827356323,36.620682,284647.774532,30510.872725936293,71.11122560000001,61.314548093023255,10.02085488075233,0.3000819268486328,9,64,,True,True,,335,87.6246207195492
197,2026-09-18T06:50:34.884+00:00,2026-09-18T06:55:23.026+00:00,2026-09-18T06:55:25.859+00:00,True,47,47.0,,47.0,288141.65589600004,290974.78127200005,290974.78133,6190.95279425532,37.5054,288141.65589600004,42020.79798114677,90.8211067,61.58968208695652,11.622261812918392,0.161526025707585,9,64,,True,True,,196,87.6246207195492
198,2026-09-18T06:50:35.221+00:00,2026-09-18T06:55:23.560+00:00,2026-09-18T06:55:27.238+00:00,True,61,61.0,,61.0,288338.656516,292017.473028,292017.472954,4787.171687770491,34.501975,288338.656516,36910.13311889925,88.401694,61.31360853333333,10.882433746710303,0.20889160969539325,9,64,,True,True,,259,87.6246207195492
199,2026-09-18T06:50:35.589+00:00,2026-09-18T06:55:25.477+00:00,2026-09-18T06:55:31.014+00:00,True,90,90.0,,90.0,289888.203646,295424.46988600004,295424.46985,3282.4941094444443,37.15458,289888.203646,30550.345102509924,95.66423979999999,62.20523865168539,12.26032977679417,0.30464639586128284,9,64,,True,True,,384,87.6246207195492
200,2026-09-18T06:50:36.126+00:00,2026-09-18T06:55:27.360+00:00,2026-09-18T06:55:29.576+00:00,True,38,38.0,,38.0,291233.908776,293449.78640800004,293449.786329,7722.362798131579,36.594680999999994,291233.908776,47234.66548127392,97.4038839,59.88858464864865,14.377936460557814,0.12949404552357188,9,64,,True,True,,176,87.6246207195492
201,2026-09-18T06:50:36.794+00:00,2026-09-18T06:55:30.290+00:00,2026-09-18T06:55:35.547+00:00,True,84,84.0,,84.0,293495.7875,298752.72369199997,298752.72352899995,3556.5800420119044,36.666000999999994,293495.7875,32016.106854022015,90.19105324999998,63.33658062650602,10.405627648635006,0.2811689847105798,9,64,,True,True,,429,87.6246207195492
202,2026-09-18T06:50:37.230+00:00,2026-09-18T06:55:31.693+00:00,2026-09-18T06:55:35.215+00:00,True,57,57.0,,57.0,294462.12584500003,297984.141077,297984.14115700003,5227.791950122808,36.19573200000001,294462.12584500003,38994.13211202474,87.97220500000002,62.89312914285714,9.55388040980536,0.19128534758254476,9,64,,True,True,,327,87.6246207195492
203,2026-09-18T06:50:37.702+00:00,2026-09-18T06:55:33.259+00:00,2026-09-18T06:55:36.990+00:00,True,59,59.0,,59.0,295556.40695599996,299287.99966,299287.99965599994,5072.677960271186,34.193826,295556.40695599996,38469.792406805966,94.3977917,64.33780524137931,11.606229804121075,0.1971345328480452,9,64,,True,True,,234,87.6246207195492
204,2026-09-18T06:50:38.350+00:00,2026-09-18T06:55:35.952+00:00,2026-09-18T06:55:38.401+00:00,False,40,39.0,,39.0,297602.38192799996,300051.35370399995,300051.35369399993,7501.283842349999,0.032959,297602.38192799996,47045.141568705665,88.34373795000002,62.7941481025641,13.88352606594996,0.12997775053690783,9,64,,True,False,Request timeout: 300.0s exceeded,165,87.6246207195492
205,2026-09-18T06:50:38.945+00:00,2026-09-18T06:55:38.401+00:00,2026-09-18T06:55:39.015+00:00,False,12,11.0,,11.0,299455.952623,300069.468399,300069.468431,25005.789035916667,0.029729,299455.952623,86429.38864787767,134790.87549975002,55.77416145454546,18.67225944156409,0.03665817805020198,9,64,,True,False,Request timeout: 300.0s exceeded,27,87.6246207195492
206,2026-09-18T06:50:39.374+00:00,2026-09-18T06:55:39.473+00:00,2026-09-18T06:55:39.473+00:00,False,1,0.0,,0.0,300099.09308200004,300099.09308200004,300099.09308200004,300099.09308200004,300099.09308200004,300099.09308200004,nan,300099.09308200004,nan,nan,0.0,9,64,,True,False,"HTTPConnectionPool(host='gpu03', port=9002): Read timed out.",0,87.6246207195492
207,2026-09-18T06:50:39.943+00:00,2026-09-18T06:55:39.988+00:00,2026-09-18T06:55:39.988+00:00,False,1,0.0,,0.0,300044.49368,300044.49368,300044.49368,300044.49368,300044.49368,300044.49368,nan,300044.49368,nan,nan,0.0,9,64,,True,False,TTFT timeout: 300.0s exceeded (TTFT: 300.040s),0,87.6246207195492
208,2026-09-18T06:50:40.401+00:00,2026-09-18T06:55:40.317+00:00,2026-09-18T06:55:40.458+00:00,False,4,3.0,,3.0,299916.491329,300057.75366499997,300057.753914,75014.4384785,0.03628,299916.491329,149934.70559171075,254939.6363347,47.087445333333335,40.74805391527234,0.009998075248371537,9,64,,True,False,Request timeout: 300.0s exceeded,11,87.6246207195492
209,2026-09-18T06:50:40.862+00:00,2026-09-18T06:55:40.951+00:00,2026-09-18T06:55:40.951+00:00,False,1,0.0,,0.0,300089.605582,300089.605582,300089.605582,300089.605582,300089.605582,300089.605582,nan,300089.605582,nan,nan,0.0,9,64,,True,False,"HTTPConnectionPool(host='gpu03', port=9002): Read timed out.",0,87.6246207195492
210,2026-09-18T06:50:41.451+00:00,2026-09-18T06:55:41.499+00:00,2026-09-18T06:55:41.499+00:00,False,1,0.0,,0.0,300048.126925,300048.126925,300048.126925,300048.126925,300048.126925,300048.126925,nan,300048.126925,nan,nan,0.0,9,64,,True,False,TTFT timeout: 300.0s exceeded (TTFT: 300.037s),0,87.6246207195492
211,2026-09-18T06:50:41.977+00:00,2026-09-18T06:55:42.085+00:00,2026-09-18T06:55:42.085+00:00,False,1,0.0,,0.0,300108.49554699997,300108.49554699997,300108.49554699997,300108.49554699997,300108.49554699997,300108.49554699997,nan,300108.49554699997,nan,nan,0.0,9,64,,True,False,"HTTPConnectionPool(host='gpu03', port=9002): Read timed out.",0,87.6246207195492
212,2026-09-18T06:50:42.418+00:00,2026-09-18T06:55:42.520+00:00,2026-09-18T06:55:42.520+00:00,False,1,0.0,,0.0,300102.61376599997,300102.61376599997,300102.61376599997,300102.61376599997,300102.61376599997,300102.61376599997,nan,300102.61376599997,nan,nan,0.0,9,64,,True,False,"HTTPConnectionPool(host='gpu03', port=9002): Read timed out.",0,87.6246207195492
213,2026-09-18T06:50:42.889+00:00,2026-09-18T06:55:42.818+00:00,2026-09-18T06:55:42.980+00:00,False,4,3.0,,3.0,299929.003571,300091.101491,300091.101297,75022.77532425,0.02196,299929.003571,149937.49050109755,254952.99618995,54.03264,47.43975411969467,0.009996964205518013,9,64,,True,False,Request timeout: 300.0s exceeded,10,87.6246207195492
214,2026-09-18T06:50:43.438+00:00,2026-09-18T06:55:43.561+00:00,2026-09-18T06:55:43.561+00:00,False,1,0.0,,0.0,300123.419072,300123.419072,300123.419072,300123.419072,300123.419072,300123.419072,nan,300123.419072,nan,nan,0.0,9,64,,True,False,"HTTPConnectionPool(host='gpu03', port=9002): Read timed out.",0,87.6246207195492
215,2026-09-18T06:50:43.991+00:00,2026-09-18T06:55:44.054+00:00,2026-09-18T06:55:44.054+00:00,False,1,0.0,,0.0,300062.175163,300062.175163,300062.175163,300062.175163,300062.175163,300062.175163,nan,300062.175163,nan,nan,0.0,9,64,,True,False,"HTTPConnectionPool(host='gpu03', port=9002): Read timed out.",0,87.6246207195492
216,2026-09-18T06:50:44.381+00:00,2026-09-18T06:55:44.357+00:00,2026-09-18T06:55:44.425+00:00,False,3,2.0,,2.0,299975.538006,300043.42895,300043.428859,100014.47628633333,0.020989999999999998,299975.538006,173171.36253985428,269984.7711917,33.945472,47.97645971245482,0.0066657017185778305,9,64,,True,False,Request timeout: 300.0s exceeded,10,87.6246207195492
217,2026-09-18T06:50:44.863+00:00,2026-09-18T06:55:44.629+00:00,2026-09-18T06:55:45.854+00:00,False,22,21.0,,21.0,299766.030257,300990.847409,300990.847428,13681.402155818181,0.06762900000000001,299766.030257,63897.90035574971,91.69411925,58.32462628571428,19.446293816465925,0.06976956336304888,9,64,,True,False,Request timeout: 300.0s exceeded,132,87.6246207195492
218,2026-09-18T06:50:45.376+00:00,2026-09-18T06:55:45.691+00:00,2026-09-18T06:55:45.909+00:00,False,6,5.0,,5.0,300315.381353,300533.271401,300533.271364,50088.878560666664,0.037929000000000004,300315.381353,122585.45271109496,225252.46912,43.5780096,26.6566348015111,0.01663709304694097,9,64,,True,False,Request timeout: 300.0s exceeded,12,87.6246207195492
219,2026-09-18T06:50:46.020+00:00,2026-09-18T06:55:46.093+00:00,2026-09-18T06:55:46.093+00:00,False,1,0.0,,0.0,300072.85569199995,300072.85569199995,300072.85569199995,300072.85569199995,300072.85569199995,300072.85569199995,nan,300072.85569199995,nan,nan,0.0,9,64,,True,False,"HTTPConnectionPool(host='gpu03', port=9002): Read timed out.",0,87.6246207195492
220,2026-09-18T06:50:46.492+00:00,2026-09-18T06:55:46.713+00:00,2026-09-18T06:55:46.713+00:00,False,1,0.0,,0.0,300221.074372,300221.074372,300221.074372,300221.074372,300221.074372,300221.074372,nan,300221.074372,nan,nan,0.0,9,64,,True,False,"HTTPConnectionPool(host='gpu03', port=9002): Read timed out.",0,87.6246207195492
221,2026-09-18T06:50:47.063+00:00,2026-09-18T06:55:47.107+00:00,2026-09-18T06:55:47.107+00:00,False,1,0.0,,0.0,300044.04809899995,300044.04809899995,300044.04809899995,300044.04809899995,300044.04809899995,300044.04809899995,nan,300044.04809899995,nan,nan,0.0,9,64,,True,False,TTFT timeout: 300.0s exceeded (TTFT: 300.037s),0,87.6246207195492
222,2026-09-18T06:50:47.612+00:00,2026-09-18T06:55:47.290+00:00,2026-09-18T06:55:47.632+00:00,False,8,7.0,,7.0,299677.551513,300019.548057,300019.54810099996,37502.443512624995,0.02162,299677.551513,105934.74320670585,194812.75403044999,48.856649142857144,23.429334442708264,0.023331813027963392,9,64,,True,False,Request timeout: 300.0s exceeded,18,87.6246207195492
223,2026-09-18T06:50:48.025+00:00,2026-09-18T06:55:48.128+00:00,2026-09-18T06:55:48.128+00:00,False,1,0.0,,0.0,300103.737043,300103.737043,300103.737043,300103.737043,300103.737043,300103.737043,nan,300103.737043,nan,nan,0.0,9,64,,True,False,"HTTPConnectionPool(host='gpu03', port=9002): Read timed out.",0,87.6246207195492
224,2026-09-18T06:50:48.664+00:00,2026-09-18T06:55:48.655+00:00,2026-09-18T06:55:48.747+00:00,False,3,2.0,,2.0,299991.749937,300082.777649,300082.777566,100027.59252199999,0.04228,299991.749937,173174.04613763178,270001.6734782,45.513856,64.30657605022142,0.006664827670781409,9,64,,True,False,Request timeout: 300.0s exceeded,10,87.6246207195492
225,2026-09-18T06:50:49.040+00:00,2026-09-18T06:55:48.888+00:00,2026-09-18T06:55:49.106+00:00,False,5,4.0,,4.0,299847.980157,300066.495613,300066.49561700004,60013.2991234,0.02492,299847.980157,134071.66674053503,239896.4993596,54.628864,38.76083565863419,0.013330378627672102,9,64,,True,False,Request timeout: 300.0s exceeded,12,87.6246207195492
226,2026-09-18T06:50:49.497+00:00,2026-09-18T06:55:49.608+00:00,2026-09-18T06:55:49.608+00:00,False,1,0.0,,0.0,300111.73027999996,300111.73027999996,300111.73027999996,300111.73027999996,300111.73027999996,300111.73027999996,nan,300111.73027999996,nan,nan,0.0,9,64,,True,False,"HTTPConnectionPool(host='gpu03', port=9002): Read timed out.",0,87.6246207195492
227,2026-09-18T06:50:50.072+00:00,2026-09-18T06:55:50.022+00:00,2026-09-18T06:55:50.167+00:00,False,4,3.0,,3.0,299949.245721,300094.991385,300094.991238,75023.7478095,0.03703,299949.245721,149950.33587019265,254967.83499479998,48.581888,42.042220149872776,0.009996834622778554,9,64,,True,False,Request timeout: 300.0s exceeded,13,87.6246207195492
228,2026-09-18T06:50:50.555+00:00,2026-09-18T06:55:50.383+00:00,2026-09-18T06:55:50.574+00:00,False,5,4.0,,4.0,299827.749326,300018.84641399997,300018.84626799996,60003.769253599996,0.03383,299827.749326,134065.6834233463,239876.31145039998,47.774272,32.222543801726886,0.013332495767550372,9,64,,True,False,Request timeout: 300.0s exceeded,10,87.6246207195492
229,2026-09-18T06:50:50.921+00:00,2026-09-18T06:55:51.030+00:00,2026-09-18T06:55:51.030+00:00,False,1,0.0,,0.0,300108.92458999995,300108.92458999995,300108.92458999995,300108.92458999995,300108.92458999995,300108.92458999995,nan,300108.92458999995,nan,nan,0.0,9,64,,True,False,"HTTPConnectionPool(host='gpu03', port=9002): Read timed out.",0,87.6246207195492
230,2026-09-18T06:50:51.365+00:00,2026-09-18T06:55:51.397+00:00,2026-09-18T06:55:51.397+00:00,False,1,0.0,,0.0,300031.603983,300031.603983,300031.603983,300031.603983,300031.603983,300031.603983,nan,300031.603983,nan,nan,0.0,9,64,,True,False,TTFT timeout: 300.0s exceeded (TTFT: 300.020s),0,87.6246207195492
231,2026-09-18T06:50:51.962+00:00,2026-09-18T06:55:51.984+00:00,2026-09-18T06:55:51.984+00:00,False,1,0.0,,0.0,300021.612617,300021.612617,300021.612617,300021.612617,300021.612617,300021.612617,nan,300021.612617,nan,nan,0.0,9,64,,True,False,TTFT timeout: 300.0s exceeded (TTFT: 300.011s),0,87.6246207195492
232,2026-09-18T06:50:52.580+00:00,2026-09-18T06:55:52.687+00:00,2026-09-18T06:55:52.687+00:00,False,1,0.0,,0.0,300107.262401,300107.262401,300107.262401,300107.262401,300107.262401,300107.262401,nan,300107.262401,nan,nan,0.0,9,64,,True,False,"HTTPConnectionPool(host='gpu03', port=9002): Read timed out.",0,87.6246207195492
0,2026-09-18T06:48:53.135+00:00,2026-09-18T06:48:53.322+00:00,2026-09-18T06:48:57.005+00:00,True,65,65.0,,65.0,187.557782,3870.587286,3870.587178,59.54749504615385,11.419399,187.557782,20.870476767780154,83.57092480000001,57.547336,13.353690407092696,16.793317188610224,10,64,,False,True,,264,87.6246207195492
1,2026-09-18T06:48:53.498+00:00,2026-09-18T06:48:53.607+00:00,2026-09-18T06:48:58.890+00:00,True,90,90.0,,90.0,109.347557,5391.951077,5391.951131,59.91056812222222,16.20471,109.347557,11.359489420622454,70.29749539999999,59.35509573033708,10.120251858857229,16.691546105435854,10,64,,False,True,,366,87.6246207195492
2,2026-09-18T06:48:53.892+00:00,2026-09-18T06:48:54.091+00:00,2026-09-18T06:48:58.418+00:00,True,74,74.0,,74.0,198.405651,4526.203667,4526.20346,61.16491162162162,13.042886000000001,198.405651,18.808402626166227,68.0186265,59.28490432876712,9.668940830555485,16.34924220037313,10,64,,False,True,,294,87.6246207195492
3,2026-09-18T06:48:54.195+00:00,2026-09-18T06:48:56.186+00:00,2026-09-18T06:48:58.418+00:00,True,37,37.0,,37.0,1991.10701,4222.26861,4222.2686539999995,114.11536902702703,42.968221,1991.10701,317.19453792192127,71.2091194,61.976711111111115,5.565373721372259,8.763061618668548,10,64,,False,True,,153,87.6246207195492
4,2026-09-18T06:48:54.611+00:00,2026-09-18T06:48:57.822+00:00,2026-09-18T06:48:58.477+00:00,True,12,12.0,,12.0,3211.0010740000002,3866.0789620000005,3866.0790660000002,322.17325550000004,38.113029000000004,3211.0010740000002,909.7795367752595,1483.1392443500001,59.552535272727276,8.334734317120049,3.1039200486976495,10,64,,False,True,,55,87.6246207195492
5,2026-09-18T06:48:54.989+00:00,2026-09-18T06:48:59.078+00:00,2026-09-18T06:49:02.793+00:00,True,63,63.0,,63.0,4088.903642,7803.685338,7803.68531,123.8680207936508,0.0,4088.903642,507.8545897688775,69.4143302,59.91583380645161,16.058005193627302,8.073108700734238,10,64,,False,True,,259,87.6246207195492
6,2026-09-18T06:48:55.259+00:00,2026-09-18T06:48:59.916+00:00,2026-09-18T06:49:04.479+00:00,True,78,78.0,,78.0,4656.210048000001,9219.886464000001,9219.886448000001,118.20367241025642,0.0,4656.210048000001,520.6469519756524,67.85869305,59.26852488311689,12.402360713643318,8.459974025120488,10,64,,False,True,,341,87.6246207195492
7,2026-09-18T06:48:55.552+00:00,2026-09-18T06:49:00.943+00:00,2026-09-18T06:49:01.748+00:00,True,14,14.0,,14.0,5390.926143000001,6195.230527000001,6195.230399000001,442.5164570714286,56.678343999999996,5390.926143000001,1424.2536731707537,1930.9312871500003,61.869568,3.2354107698438126,2.2598029143524716,10,64,,False,True,,77,87.6246207195492
8,2026-09-18T06:48:55.947+00:00,2026-09-18T06:49:02.585+00:00,2026-09-18T06:49:03.201+00:00,True,13,13.0,,13.0,6637.8601260000005,7253.22115,7253.221342000001,557.9401032307693,0.0,6637.8601260000005,1826.8836062818434,2694.2494932,51.28008533333334,19.458002233076343,1.7923071323973074,10,64,,False,True,,55,87.6246207195492
9,2026-09-18T06:48:56.234+00:00,2026-09-18T06:49:03.677+00:00,2026-09-18T06:49:04.726+00:00,True,19,19.0,,19.0,7443.303909,8492.485605,8492.485779,446.9729357368421,39.758066,7443.303909,1694.2606794429653,807.0614619,58.287872,8.84550037667652,2.237271970035915,10,64,,False,True,,101,87.6246207195492
10,2026-09-18T06:48:56.510+00:00,2026-09-18T06:49:04.600+00:00,2026-09-18T06:49:05.992+00:00,True,24,24.0,,24.0,8089.867398,9481.976454,9481.976401,395.0823500416667,7.456067,8089.867398,1639.1692474928498,137.20361450000001,60.526480695652175,25.30851006601154,2.531117865186802,10,64,,False,True,,145,87.6246207195492
11,2026-09-18T06:48:56.776+00:00,2026-09-18T06:49:05.552+00:00,2026-09-18T06:49:07.295+00:00,True,29,29.0,,29.0,8776.889121,10519.448865,10519.448903,362.7396173448276,53.53395,8776.889121,1618.2757294333119,69.4572716,62.23427657142857,4.076597530491469,2.7567984190205954,10,64,,False,True,,146,87.6246207195492
12,2026-09-18T06:48:57.114+00:00,2026-09-18T06:49:06.919+00:00,2026-09-18T06:49:07.920+00:00,True,16,16.0,,16.0,9805.560769,10806.932161,10806.932179,675.4332611875,0.01783,9805.560769,2435.7503790599203,2689.74161725,66.7580928,74.01174341357216,1.480531177732448,10,64,,False,True,,64,87.6246207195492
13,2026-09-18T06:48:57.452+00:00,2026-09-18T06:49:07.968+00:00,2026-09-18T06:49:13.223+00:00,True,89,89.0,,89.0,10515.917018999999,15771.113946999998,15771.113962999998,177.2035276741573,0.0,10515.917018999999,1108.6313446091658,68.4611932,59.718146909090905,24.899804962902977,5.643228518866271,10,64,,False,True,,434,87.6246207195492
14,2026-09-18T06:48:57.902+00:00,2026-09-18T06:49:09.734+00:00,2026-09-18T06:49:10.158+00:00,True,8,8.0,,8.0,11831.771542999999,12255.988887,12255.989124999998,1531.9986406249998,55.172796999999996,11831.771542999999,4161.738289078093,7713.645319249999,60.60247771428572,3.900739637875092,0.652742106227401,10,64,,False,True,,25,87.6246207195492
15,2026-09-18T06:48:58.307+00:00,2026-09-18T06:49:11.065+00:00,2026-09-18T06:49:16.946+00:00,True,97,97.0,,97.0,12757.986423,18639.104887,18639.104984,192.1557214845361,0.0,12757.986423,1289.575242147217,68.39630059999999,61.26165066666666,33.010253296105354,5.204112568069374,10,64,,False,True,,295,87.6246207195492
16,2026-09-18T06:48:58.615+00:00,2026-09-18T06:49:12.442+00:00,2026-09-18T06:49:16.956+00:00,True,72,72.0,,72.0,13827.197916,18341.443035999997,18341.443037,254.74226440277778,0.0,13827.197916,1622.473713246393,70.04600655,63.58091718309859,36.99537126976098,3.9255362764358672,10,64,,False,True,,274,87.6246207195492
17,2026-09-18T06:48:58.948+00:00,2026-09-18T06:49:13.914+00:00,2026-09-18T06:49:17.112+00:00,True,55,55.0,,55.0,14966.405338999999,18164.806619,18164.806606,330.2692110181818,0.0,14966.405338999999,2010.434540905169,68.9488041,59.22965333333334,37.939306557650376,3.0278329493731673,10,64,,False,True,,227,87.6246207195492
18,2026-09-18T06:48:59.410+00:00,2026-09-18T06:49:15.320+00:00,2026-09-18T06:49:20.633+00:00,True,89,89.0,,89.0,15910.270375,21223.337383,21223.337292,238.46446395505617,0.0,15910.270375,1680.6385651480225,71.0773018,60.375761454545454,43.3609062315469,4.193496922462791,10,64,,False,True,,346,87.6246207195492
19,2026-09-18T06:48:59.871+00:00,2026-09-18T06:49:17.071+00:00,2026-09-18T06:49:22.290+00:00,True,86,86.0,,86.0,17200.655267000002,22419.160227,22419.160169000002,260.6879089418605,0.0,17200.655267000002,1848.91623509133,89.891833,61.394176,52.69320264966251,3.836004521544383,10,64,,False,True,,441,87.6246207195492
20,2026-09-18T06:49:00.319+00:00,2026-09-18T06:49:18.748+00:00,2026-09-18T06:49:19.442+00:00,True,13,13.0,,13.0,18429.509932999998,19122.860332999997,19122.860334999998,1470.9892565384614,40.093186,18429.509932999998,5095.409568081823,7412.050092199999,57.7792,9.575079009388789,0.6798146184002671,10,64,,False,True,,61,87.6246207195492
21,2026-09-18T06:49:00.720+00:00,2026-09-18T06:49:20.252+00:00,2026-09-18T06:49:23.775+00:00,True,58,58.0,,58.0,19532.036605,23054.939389,23054.939388000003,397.49895496551727,0.017839999999999998,19532.036605,2557.030938447123,94.56802694999999,61.805312,49.16041069454057,2.515729884229192,10,64,,False,True,,278,87.6246207195492
22,2026-09-18T06:49:01.082+00:00,2026-09-18T06:49:21.636+00:00,2026-09-18T06:49:24.137+00:00,True,43,43.0,,43.0,20553.411747000002,23054.067363000002,23054.067460000002,536.1411037209302,0.0,20553.411747000002,3125.7266706902083,100.5245843,59.53941942857143,53.106979655598984,1.8651806348502165,10,64,,False,True,,177,87.6246207195492
23,2026-09-18T06:49:01.384+00:00,2026-09-18T06:49:22.471+00:00,2026-09-18T06:49:24.924+00:00,True,41,41.0,,41.0,21087.081524999998,23540.340533,23540.340596,574.1546486829268,0.0,21087.081524999998,3284.097190200002,103.915337,61.3314752,53.613262268293575,1.7416910321464636,10,64,,False,True,,172,87.6246207195492
24,2026-09-18T06:49:01.780+00:00,2026-09-18T06:49:24.136+00:00,2026-09-18T06:49:24.254+00:00,True,4,4.0,,4.0,22355.732377,22473.295769,22473.295778,5618.3239445,5.716259,22355.732377,11158.29767380667,19011.2238001,39.187797333333336,29.150925316732526,0.17798902489049515,10,64,,False,True,,20,87.6246207195492
25,2026-09-18T06:49:02.062+00:00,2026-09-18T06:49:25.183+00:00,2026-09-18T06:49:30.097+00:00,True,83,83.0,,83.0,23121.418895,28035.568527,28035.568702999997,337.77793618072286,0.0,23121.418895,2531.677402265633,70.6263281,59.92865404878049,42.35428527911454,2.9605249460186918,10,64,,False,True,,275,87.6246207195492
26,2026-09-18T06:49:02.473+00:00,2026-09-18T06:49:26.958+00:00,2026-09-18T06:49:31.730+00:00,True,80,80.0,,80.0,24484.116862,29256.176765999997,29256.176745,365.7022093125,0.0,24484.116862,2730.984186798182,70.89917009999999,60.40582156962025,42.743341473804435,2.7344652939399734,10,64,,False,True,,295,87.6246207195492
27,2026-09-18T06:49:02.782+00:00,2026-09-18T06:49:27.958+00:00,2026-09-18T06:49:29.438+00:00,True,26,26.0,,26.0,25175.885827,26655.355906999997,26655.355848,1025.2059941538462,0.0,25175.885827,4926.363094533448,320.53371450000003,59.178803200000004,76.58973011652594,0.9754137251332707,10,64,,False,True,,94,87.6246207195492
28,2026-09-18T06:49:03.189+00:00,2026-09-18T06:49:29.849+00:00,2026-09-18T06:49:30.905+00:00,True,18,18.0,,18.0,26659.808960000002,27716.376768000002,27716.376676000003,1539.7987042222223,55.168296999999995,26659.808960000002,6269.128805614097,4056.5887419000005,62.15104752941176,3.0822867506323552,0.6494355359168712,10,64,,False,True,,100,87.6246207195492
29,2026-09-18T06:49:03.462+00:00,2026-09-18T06:49:30.778+00:00,2026-09-18T06:49:33.470+00:00,True,42,42.0,,42.0,27315.761001,30007.556712999998,30007.556579,714.4656328333333,0.0,27315.761001,4205.2905030066595,73.22689530000001,65.65355395121951,66.15126448701301,1.3996474421992706,10,64,,False,True,,214,87.6246207195492
30,2026-09-18T06:49:03.843+00:00,2026-09-18T06:49:32.258+00:00,2026-09-18T06:49:34.059+00:00,True,31,31.0,,31.0,28414.857738000002,30216.307722,30216.307810000002,974.7196067741936,0.0,28414.857738000002,5093.302225295228,270.5283925,60.0483328,81.35495735585386,1.0259360701913096,10,64,,False,True,,143,87.6246207195492
31,2026-09-18T06:49:04.265+00:00,2026-09-18T06:49:33.941+00:00,2026-09-18T06:49:33.941+00:00,True,1,1.0,,1.0,29675.662454999998,29675.662454999998,29675.662454999998,29675.662454999998,29675.662454999998,29675.662454999998,nan,29675.662454999998,nan,nan,0.03369764707077371,10,64,,False,True,,5,87.6246207195492
32,2026-09-18T06:49:04.666+00:00,2026-09-18T06:49:35.358+00:00,2026-09-18T06:49:39.337+00:00,True,65,65.0,,65.0,30692.507201,34671.806017,34671.806,533.4124,0.0,30692.507201,3799.6898189796875,97.0032736,62.176544,59.90574016418511,1.8747220715335602,10,64,,False,True,,345,87.6246207195492
33,2026-09-18T06:49:04.994+00:00,2026-09-18T06:49:36.529+00:00,2026-09-18T06:49:37.962+00:00,True,23,23.0,,23.0,31534.838261999997,32968.151798,32968.151888,1433.397908173913,10.479901,31534.838261999997,6561.9124224521265,102.6625338,65.15061527272728,19.948218811447187,0.6976429901477003,10,64,,False,True,,98,87.6246207195492
34,2026-09-18T06:49:05.332+00:00,2026-09-18T06:49:37.660+00:00,2026-09-18T06:49:41.327+00:00,True,63,63.0,,63.0,32327.389064,35994.984328,35994.984297999996,571.3489571111111,0.0,32327.389064,4065.8632168284284,70.24114110000001,59.154762322580645,60.83661300060962,1.7502438513632903,10,64,,False,True,,304,87.6246207195492
35,2026-09-18T06:49:05.745+00:00,2026-09-18T06:49:39.239+00:00,2026-09-18T06:49:42.947+00:00,True,63,63.0,,63.0,33493.584208,37201.933136,37201.932996,590.506872952381,37.93861,33493.584208,4212.277182777051,92.68875179999999,59.81207948387097,12.355391145383377,1.6934603846980045,10,64,,False,True,,193,87.6246207195492
36,2026-09-18T06:49:06.074+00:00,2026-09-18T06:49:40.485+00:00,2026-09-18T06:49:43.483+00:00,True,49,49.0,,49.0,34410.826219999995,37409.02295599999,37409.02288899999,763.4494467142856,33.532328,34410.826219999995,4906.933094920357,106.83970939999999,62.462432,15.503693902910939,1.3098444206263598,10,64,,False,True,,226,87.6246207195492
37,2026-09-18T06:49:06.533+00:00,2026-09-18T06:49:42.577+00:00,2026-09-18T06:49:47.927+00:00,True,87,87.0,,87.0,36043.671404,41393.642604,41393.642434,475.7889934942529,0.0,36043.671404,3858.113234947535,91.50587529999999,62.208967441860466,62.19701645111228,2.1017720240835462,10,64,,False,True,,362,87.6246207195492
38,2026-09-18T06:49:06.895+00:00,2026-09-18T06:49:43.919+00:00,2026-09-18T06:49:46.592+00:00,True,44,44.0,,44.0,37023.707001,39697.095545000004,39697.09558,902.2067177272728,0.0,37023.707001,5572.832916798049,98.38014255,62.17182660465116,87.55479882695954,1.1083934327165648,10,64,,False,True,,154,87.6246207195492
39,2026-09-18T06:49:07.289+00:00,2026-09-18T06:49:45.311+00:00,2026-09-18T06:49:47.610+00:00,True,41,41.0,,41.0,38021.839055,40320.809679,40320.809804,983.4343854634145,0.0,38021.839055,5929.066141522108,87.812728,57.4742656,18.60963053794145,1.016844659777597,10,64,,False,True,,176,87.6246207195492
40,2026-09-18T06:49:07.628+00:00,2026-09-18T06:49:46.588+00:00,2026-09-18T06:49:51.035+00:00,True,72,72.0,,72.0,38959.589919,43407.044383,43407.044344999995,602.8756159027778,0.01635,38959.589919,4584.628385326622,78.13495259999999,62.640203718309856,73.37285713451968,1.6587169438377654,10,64,,False,True,,318,87.6246207195492
41,2026-09-18T06:49:08.053+00:00,2026-09-18T06:49:48.807+00:00,2026-09-18T06:49:50.229+00:00,True,29,29.0,,29.0,40753.852885,42175.536085,42175.536262,1454.3288366206896,0.0175,40753.852885,7558.423186914254,89.5813588,50.7744,28.348690011529786,0.6876024039517553,10,64,,False,True,,149,87.6246207195492
42,2026-09-18T06:49:08.325+00:00,2026-09-18T06:49:49.439+00:00,2026-09-18T06:49:55.020+00:00,True,90,90.0,,90.0,41114.312004,46695.201348,46695.201309,518.8355701,0.0,41114.312004,4327.765151747007,92.1602009,62.70662184269663,69.13250465175769,1.9273929098038844,10,64,,False,True,,408,87.6246207195492
43,2026-09-18T06:49:08.611+00:00,2026-09-18T06:49:50.418+00:00,2026-09-18T06:49:55.745+00:00,True,86,86.0,,86.0,41807.18413,47133.713154000005,47133.713023000004,548.0664305,0.0,41807.18413,4501.9444297903365,89.84830675,62.665047341176475,68.64191762205469,1.8245963291500535,10,64,,False,True,,418,87.6246207195492
44,2026-09-18T06:49:08.881+00:00,2026-09-18T06:49:51.460+00:00,2026-09-18T06:49:56.868+00:00,True,88,88.0,,88.0,42579.543348,47986.976819999996,47986.976643,545.3065527613636,0.0,42579.543348,4532.89651469218,90.1788864,62.15440772413793,69.56056979769612,1.833830881451223,10,64,,False,True,,395,87.6246207195492
45,2026-09-18T06:49:09.190+00:00,2026-09-18T06:49:52.951+00:00,2026-09-18T06:49:58.689+00:00,True,92,92.0,,92.0,43761.709932,49499.30686,49499.306916999994,538.03594475,32.87643,43761.709932,4555.91898497586,93.83698605,63.0505156923077,13.161940564045121,1.8586118844089206,10,64,,False,True,,408,87.6246207195492
46,2026-09-18T06:49:09.467+00:00,2026-09-18T06:49:54.105+00:00,2026-09-18T06:49:55.546+00:00,True,23,23.0,,23.0,44638.507948,46079.14846,46079.148461,2003.4412374347826,38.0229,44638.507948,9294.126412216321,102.6037526,65.48365963636363,12.766799892158076,0.4991411683739262,10,64,,False,True,,72,87.6246207195492
47,2026-09-18T06:49:09.786+00:00,2026-09-18T06:49:55.283+00:00,2026-09-18T06:49:58.470+00:00,True,53,53.0,,53.0,45496.248009999996,48684.003273999995,48684.003119999994,918.5660966037735,34.377067000000004,45496.248009999996,6240.9863272560515,93.578907,61.302985846153845,14.559108220168302,1.0886532831268827,10,64,,False,True,,281,87.6246207195492
48,2026-09-18T06:49:10.050+00:00,2026-09-18T06:49:56.445+00:00,2026-09-18T06:50:00.833+00:00,True,71,71.0,,71.0,46395.802094,50783.569645999996,50783.56978,715.2615461971831,0.0,46395.802094,5499.434415716571,96.524272,62.682393600000005,88.67540603448364,1.3980899825460058,10,64,,False,True,,181,87.6246207195492
49,2026-09-18T06:49:10.535+00:00,2026-09-18T06:49:58.622+00:00,2026-09-18T06:50:00.790+00:00,True,31,31.0,,31.0,48087.138020000006,50254.33366800001,50254.33354200001,1621.1075336129034,0.0,48087.138020000006,8624.756088213146,435.8576509999999,72.23985493333333,135.2909319687446,0.6168622233616359,10,64,,False,True,,120,87.6246207195492
50,2026-09-18T06:49:10.933+00:00,2026-09-18T06:50:00.784+00:00,2026-09-18T06:50:00.880+00:00,True,14,14.0,,14.0,49850.508063,49946.893343,49946.893315,3567.6352367857144,0.0,49850.508063,13321.136157154215,17477.28329795,7.414252307692308,16.120676147024145,0.28029771349056454,10,64,,False,True,,68,87.6246207195492
51,2026-09-18T06:49:11.315+00:00,2026-09-18T06:50:02.638+00:00,2026-09-18T06:50:07.008+00:00,True,85,85.0,,85.0,51323.112902,55693.285318,55693.28525,655.2151205882353,0.01554,51323.112902,5561.197891487428,95.49149019999999,52.0258620952381,27.60516078883791,1.52621630264157,10,64,,False,True,,351,87.6246207195492
52,2026-09-18T06:49:11.780+00:00,2026-09-18T06:50:03.985+00:00,2026-09-18T06:50:06.917+00:00,True,47,47.0,,47.0,52204.499282,55136.383826,55136.383752999995,1173.11454793617,33.062689,52204.499282,7605.523488670332,96.1497986,63.736620521739134,13.422119265569926,0.8524316746691823,10,64,,False,True,,186,87.6246207195492
53,2026-09-18T06:49:12.058+00:00,2026-09-18T06:50:05.176+00:00,2026-09-18T06:50:10.665+00:00,True,87,87.0,,87.0,53118.140151,58606.552311,58606.552306,673.6385322528736,0.0,53118.140151,5688.675885218645,99.4087865,63.81874604651163,86.86848139617057,1.4844756527960914,10,64,,False,True,,398,87.6246207195492
54,2026-09-18T06:49:12.353+00:00,2026-09-18T06:50:06.170+00:00,2026-09-18T06:50:09.017+00:00,True,46,46.0,,46.0,53817.178434,56663.987010000004,56663.986862,1231.8258013478262,37.676541,53817.178434,7925.596490436695,100.21201275000001,63.2624128,15.044065629963189,0.8118030944748375,10,64,,False,True,,196,87.6246207195492
55,2026-09-18T06:49:12.694+00:00,2026-09-18T06:50:07.417+00:00,2026-09-18T06:50:10.191+00:00,True,45,45.0,,45.0,54723.385196999996,57497.249133,57497.24901,1277.7166446666665,0.0,54723.385196999996,8149.154821575342,95.302448,63.04236218181818,120.58994143296496,0.7826461383553858,10,64,,False,True,,222,87.6246207195492
56,2026-09-18T06:49:12.998+00:00,2026-09-18T06:50:08.652+00:00,2026-09-18T06:50:10.359+00:00,True,28,28.0,,28.0,55654.209595,57360.875835,57360.875816,2048.6027077142858,0.0,55654.209595,10506.824539930589,571.5305408,63.20986074074074,155.84673086713832,0.4881375953976488,10,64,,False,True,,92,87.6246207195492
57,2026-09-18T06:49:13.441+00:00,2026-09-18T06:50:10.290+00:00,2026-09-18T06:50:15.691+00:00,True,89,89.0,,89.0,56848.997446,62250.187846,62250.187922000005,699.440313730337,34.213947,56848.997446,6019.4858710715225,91.108792,61.37716363636363,11.12312967150623,1.4297145611861612,10,64,,False,True,,291,87.6246207195492
58,2026-09-18T06:49:13.788+00:00,2026-09-18T06:50:11.507+00:00,2026-09-18T06:50:11.869+00:00,True,7,7.0,,7.0,57718.977186,58080.106146,58080.10595,8297.157992857143,39.496487,57718.977186,21792.975946199927,40424.0617011,60.18816,10.543107028437793,0.12052319571186068,10,64,,False,True,,43,87.6246207195492
59,2026-09-18T06:49:14.093+00:00,2026-09-18T06:50:12.826+00:00,2026-09-18T06:50:15.565+00:00,True,45,45.0,,45.0,58732.078361,61471.186457,61471.186498,1366.0263666222222,35.158175,58732.078361,8745.987009506316,86.3191626,62.25245672727273,10.141591044569914,0.7320502920742902,10,64,,False,True,,203,87.6246207195492
60,2026-09-18T06:49:14.394+00:00,2026-09-18T06:50:13.825+00:00,2026-09-18T06:50:14.077+00:00,True,5,5.0,,5.0,59430.938306000004,59682.474178000004,59682.474092000004,11936.4948184,58.731012,59430.938306000004,26550.20122448213,47557.9906864,62.883968,3.535436721928801,0.08377668769373986,10,64,,False,True,,12,87.6246207195492
61,2026-09-18T06:49:14.845+00:00,2026-09-18T06:50:15.694+00:00,2026-09-18T06:50:18.477+00:00,True,45,45.0,,45.0,60848.381516999994,63631.15706899999,63631.157073999995,1414.0257127555553,0.01604,60848.381516999994,9062.335719198532,126.8367542,63.24489890909091,137.70754341609546,0.7072007185285528,10,64,,False,True,,230,87.6246207195492
62,2026-09-18T06:49:15.326+00:00,2026-09-18T06:50:17.611+00:00,2026-09-18T06:50:20.218+00:00,True,39,39.0,,39.0,62284.955873000006,64891.997153000004,64891.99716400001,1663.8973631794872,0.0,62284.955873000006,9963.681668756546,180.63042980000003,68.6063494736842,149.52413165723104,0.6009986086273044,10,64,,False,True,,147,87.6246207195492
63,2026-09-18T06:49:15.639+00:00,2026-09-18T06:50:18.843+00:00,2026-09-18T06:50:20.219+00:00,True,17,17.0,,17.0,63203.447423,64579.065214999995,64579.065234999995,3798.768543235294,0.0,63203.447423,15309.884012203896,13399.5497406,85.976112,232.0432306743902,0.2632432034034979,10,64,,False,True,,79,87.6246207195492
64,2026-09-18T06:49:15.963+00:00,2026-09-18T06:50:20.208+00:00,2026-09-18T06:50:25.266+00:00,True,82,82.0,,82.0,64244.481997,69303.197901,69303.197915,845.1609501829269,0.0,64244.481997,7087.734386486596,94.23630675,62.4532827654321,14.677154711928775,1.1832065832970282,10,64,,False,True,,475,87.6246207195492
65,2026-09-18T06:49:16.233+00:00,2026-09-18T06:50:21.047+00:00,2026-09-18T06:50:27.251+00:00,True,98,98.0,,98.0,64813.790520999995,71017.76748099999,71017.767396,724.671095877551,34.823305999999995,64813.790520999995,6540.733738836102,93.1945502,63.958525360824744,13.100232353010473,1.37993636629339,10,64,,False,True,,478,87.6246207195492
66,2026-09-18T06:49:16.664+00:00,2026-09-18T06:50:22.311+00:00,2026-09-18T06:50:27.310+00:00,True,80,80.0,,80.0,65646.60996,70646.101032,70646.101197,883.0762649625,34.293447,65646.60996,7332.449989159332,91.0611425,63.28469711392405,12.964113177797492,1.1324050277560687,10,64,,False,True,,405,87.6246207195492
67,2026-09-18T06:49:17.015+00:00,2026-09-18T06:50:24.043+00:00,2026-09-18T06:50:27.799+00:00,True,61,61.0,,61.0,67028.355976,70784.293256,70784.29329700001,1160.3982507704918,39.740926,67028.355976,8574.09542118243,92.983529,62.598954666666664,12.409020852385444,0.861773102394144,10,64,,False,True,,300,87.6246207195492
68,2026-09-18T06:49:17.466+00:00,2026-09-18T06:50:25.804+00:00,2026-09-18T06:50:25.993+00:00,True,4,4.0,,4.0,68337.757776,68526.812496,68526.812747,17131.70318675,54.814679,68337.757776,34137.37025184773,58097.43713790001,63.01824,7.337443360491173,0.05837131269214492,10,64,,False,True,,11,87.6246207195492
69,2026-09-18T06:49:17.906+00:00,2026-09-18T06:50:27.249+00:00,2026-09-18T06:50:28.295+00:00,True,18,18.0,,18.0,69343.47708699999,70388.81545499999,70388.815628,3910.4897571111105,33.052749000000006,69343.47708699999,16329.926021611423,10483.660464749999,61.49049223529412,13.405799110944224,0.2557224451590255,10,64,,False,True,,87,87.6246207195492
70,2026-09-18T06:49:18.305+00:00,2026-09-18T06:50:29.003+00:00,2026-09-18T06:50:30.161+00:00,True,21,21.0,,21.0,70698.077013,71855.972693,71855.972527,3421.7129774761906,37.475231,70698.077013,15414.954640904305,70.65675,57.894784,10.041724327415235,0.292251280067158,10,64,,False,True,,77,87.6246207195492
71,2026-09-18T06:49:18.692+00:00,2026-09-18T06:50:30.353+00:00,2026-09-18T06:50:32.235+00:00,True,17,17.0,,17.0,71661.637441,73543.401281,73543.401379,4326.082434058823,0.0,71661.637441,17353.645111178983,15168.952096999998,117.61024,248.62283078794192,0.23115602085148548,10,64,,False,True,,105,87.6246207195492
72,2026-09-18T06:49:19.058+00:00,2026-09-18T06:50:32.229+00:00,2026-09-18T06:50:36.130+00:00,True,74,74.0,,74.0,73171.049751,77072.224023,77072.223984,1041.5165403243243,0.0,73171.049751,8500.59661751717,86.10434245,53.44074345205479,120.84318152805287,0.9601383758942368,10,64,,False,True,,337,87.6246207195492
73,2026-09-18T06:49:19.524+00:00,2026-09-18T06:50:33.462+00:00,2026-09-18T06:50:34.724+00:00,True,12,12.0,,12.0,73938.241273,75199.79647300001,75199.79638500001,6266.64969875,0.01735,73938.241273,21312.93375627408,33828.8338195,114.68683636363636,299.19453450343684,0.15957489997075353,10,64,,False,True,,54,87.6246207195492
74,2026-09-18T06:49:19.978+00:00,2026-09-18T06:50:35.188+00:00,2026-09-18T06:50:37.578+00:00,True,42,42.0,,42.0,75210.039861,77600.037685,77600.037822,1847.619948142857,32.936038999999994,75210.039861,11596.172118266088,71.4235281,58.29262985365853,11.707202514688131,0.5412368505604289,10,64,,False,True,,221,87.6246207195492
75,2026-09-18T06:49:20.371+00:00,2026-09-18T06:50:36.567+00:00,2026-09-18T06:50:38.823+00:00,True,37,37.0,,37.0,76196.368988,78452.253788,78452.253606,2120.331178540541,38.187849,76196.368988,12516.308926226387,93.81649900000001,62.663466666666665,11.160894959184631,0.47162443669221255,10,64,,False,True,,167,87.6246207195492
76,2026-09-18T06:49:20.803+00:00,2026-09-18T06:50:38.504+00:00,2026-09-18T06:50:42.509+00:00,True,63,63.0,,63.0,77701.08532700001,81705.82183900001,81705.82179100001,1296.9178062063493,38.079480000000004,77701.08532700001,9781.288577017285,99.6813458,64.59252438709677,14.016496921065936,0.7710588864051875,10,64,,False,True,,165,87.6246207195492
77,2026-09-18T06:49:21.153+00:00,2026-09-18T06:50:39.746+00:00,2026-09-18T06:50:45.762+00:00,True,82,82.0,,82.0,78592.256646,84608.634758,84608.63488099999,1031.8126204999999,0.0,78592.256646,8671.781833661964,98.81696215,74.27627298765432,127.20022738006355,0.9691682206495674,10,64,,False,True,,415,87.6246207195492
78,2026-09-18T06:49:21.597+00:00,2026-09-18T06:50:41.293+00:00,2026-09-18T06:50:43.274+00:00,True,32,32.0,,32.0,79695.148889,81676.496473,81676.496562,2552.3905175625,37.685851,79695.148889,14076.950311603554,91.36430469999999,63.91443819354839,10.574320267408426,0.39178957695104266,10,64,,False,True,,160,87.6246207195492
79,2026-09-18T06:49:21.873+00:00,2026-09-18T06:50:42.350+00:00,2026-09-18T06:50:47.281+00:00,True,80,80.0,,80.0,80476.590925,85408.026957,85408.026858,1067.600335725,0.0,80476.590925,8991.539050946421,88.71702745,62.423240911392405,132.3506089700727,0.9366801090051788,10,64,,False,True,,315,87.6246207195492
80,2026-09-18T06:49:22.232+00:00,2026-09-18T06:50:43.746+00:00,2026-09-18T06:50:45.757+00:00,True,32,32.0,,32.0,81514.313187,83525.21110700001,83525.21115500001,2610.1628485937504,0.0,81514.313187,14399.847787299123,571.1939504000001,64.86767483870968,210.14372546274953,0.38311785837938667,10,64,,False,True,,119,87.6246207195492
81,2026-09-18T06:49:22.695+00:00,2026-09-18T06:50:45.755+00:00,2026-09-18T06:50:51.257+00:00,True,97,97.0,,97.0,83059.48013,88561.841474,88561.84142699999,913.0086745051545,0.0,83059.48013,8427.61209591923,79.68593639999999,57.316264,18.092317495218314,1.095279844971124,10,64,,False,True,,263,87.6246207195492
82,2026-09-18T06:49:23.055+00:00,2026-09-18T06:50:46.916+00:00,2026-09-18T06:50:48.696+00:00,True,31,31.0,,31.0,83861.648019,85640.757395,85640.757366,2762.6050763225808,34.895675000000004,83861.648019,15051.349916337233,82.608802,59.30364586666667,11.896172542062843,0.36197718169421383,10,64,,False,True,,164,87.6246207195492
83,2026-09-18T06:49:23.531+00:00,2026-09-18T06:50:48.572+00:00,2026-09-18T06:50:52.444+00:00,True,64,64.0,,64.0,85041.420459,88912.919211,88912.919184,1389.26436225,35.508085,85041.420459,10622.499884127184,73.52266900000001,61.45236114285714,9.142427640879875,0.7198054069973909,10,64,,False,True,,326,87.6246207195492
84,2026-09-18T06:49:23.890+00:00,2026-09-18T06:50:49.844+00:00,2026-09-18T06:50:54.270+00:00,True,72,72.0,,72.0,85953.122025,90379.247849,90379.247824,1255.2673308888889,38.290709,85953.122025,10122.331171577089,89.75399835,62.33980033802817,10.542559232692184,0.7966430537272571,10,64,,False,True,,324,87.6246207195492
85,2026-09-18T06:49:24.235+00:00,2026-09-18T06:50:51.070+00:00,2026-09-18T06:50:51.070+00:00,True,1,1.0,,1.0,86835.280605,86835.280605,86835.280605,86835.280605,86835.280605,86835.280605,nan,86835.280605,nan,nan,0.01151605652717174,10,64,,False,True,,3,87.6246207195492
86,2026-09-18T06:49:24.513+00:00,2026-09-18T06:50:52.201+00:00,2026-09-18T06:50:54.906+00:00,True,43,43.0,,43.0,87688.095028,90392.578612,90392.578503,2102.1529884418605,35.240084,87688.095028,13362.495284371547,99.3935625,64.39246628571428,12.726484370340456,0.4757027696330324,10,64,,False,True,,65,87.6246207195492
87,2026-09-18T06:49:24.876+00:00,2026-09-18T06:50:53.577+00:00,2026-09-18T06:50:53.697+00:00,True,3,3.0,,3.0,88701.460916,88820.919988,88820.92000499999,29606.973335,59.600159,88701.460916,51177.327468933574,79837.3007174,59.729536,0.18301054867957747,0.03377582669043858,10,64,,False,True,,9,87.6246207195492
88,2026-09-18T06:49:25.145+00:00,2026-09-18T06:50:54.452+00:00,2026-09-18T06:50:55.118+00:00,True,11,11.0,,11.0,89307.583647,89973.568159,89973.567974,8179.415270363637,36.67816199999999,89307.583647,26907.174764347677,44703.245942,66.5984512,17.837048796135587,0.1222581278599617,10,64,,False,True,,34,87.6246207195492
89,2026-09-18T06:49:25.454+00:00,2026-09-18T06:50:55.432+00:00,2026-09-18T06:50:56.371+00:00,True,17,17.0,,17.0,89977.45659,90916.682702,90916.682711,5348.040159470588,36.972801,89977.45659,21808.503543100207,18049.9948812,58.701632,9.900943560184798,0.1869843849859915,10,64,,False,True,,111,87.6246207195492
90,2026-09-18T06:49:25.919+00:00,2026-09-18T06:50:57.446+00:00,2026-09-18T06:51:02.582+00:00,True,84,84.0,,84.0,91527.06121500001,96663.61340700001,96663.61343900001,1150.7573028452382,35.556584,91527.06121500001,9979.67229085695,70.0465835,61.88617098795181,8.44103449757321,0.8689929647707235,10,64,,False,True,,294,87.6246207195492
91,2026-09-18T06:49:26.211+00:00,2026-09-18T06:50:58.316+00:00,2026-09-18T06:51:01.837+00:00,True,58,58.0,,58.0,92104.707958,95625.876086,95625.876041,1648.7220007068966,38.246309000000004,92104.707958,12085.832579145963,74.0767572,61.77487943859649,9.101026324958536,0.6065303908728469,10,64,,True,True,,299,87.6246207195492
92,2026-09-18T06:49:26.543+00:00,2026-09-18T06:50:59.660+00:00,2026-09-18T06:51:02.643+00:00,True,49,49.0,,49.0,93117.154016,96099.364064,96099.364057,1961.211511367347,37.062551,93117.154016,13293.577386524943,75.4923884,62.129376,8.136143327101067,0.5098889100594579,10,64,,True,True,,241,87.6246207195492
93,2026-09-18T06:49:26.966+00:00,2026-09-18T06:51:01.402+00:00,2026-09-18T06:51:05.356+00:00,True,65,65.0,,65.0,94436.155168,98390.16144,98390.161551,1513.6947930923077,39.736456,94436.155168,11705.702533025436,68.7719104,61.781348,7.108145839525304,0.6606351595391792,10,64,,True,True,,337,87.6246207195492
94,2026-09-18T06:49:27.409+00:00,2026-09-18T06:51:03.076+00:00,2026-09-18T06:51:04.786+00:00,True,28,28.0,,28.0,95667.577433,97377.92034499999,97377.920438,3477.782872785714,49.854617,95667.577433,18067.50322390796,88.33455115000001,63.34603377777778,8.116152075717984,0.28753951512621,10,64,,True,True,,110,87.6246207195492
95,2026-09-18T06:49:27.793+00:00,2026-09-18T06:51:04.419+00:00,2026-09-18T06:51:05.789+00:00,True,24,24.0,,24.0,96625.715112,97996.32068,97996.32062500001,4083.1800260416667,40.095346,96625.715112,19711.47841348461,66.57559015,59.59154643478261,6.361249429957521,0.24490715399785556,10,64,,True,True,,146,87.6246207195492
96,2026-09-18T06:49:28.126+00:00,2026-09-18T06:51:05.731+00:00,2026-09-18T06:51:11.829+00:00,True,98,98.0,,98.0,97605.36522200001,103703.071974,103703.07182800001,1058.194610489796,37.050271,97605.36522200001,9853.287632432774,94.4013735,62.862956206185565,11.760188719296137,0.9450057566719927,10,64,,True,True,,367,87.6246207195492
97,2026-09-18T06:49:28.590+00:00,2026-09-18T06:51:07.338+00:00,2026-09-18T06:51:09.187+00:00,True,31,31.0,,31.0,98748.03546099999,100597.18438899999,100597.184409,3245.0704648064516,38.934818,98748.03546099999,17724.604653433205,90.840932,61.6382976,12.824795343024526,0.3081597182693093,10,64,,True,True,,130,87.6246207195492
98,2026-09-18T06:49:28.942+00:00,2026-09-18T06:51:08.848+00:00,2026-09-18T06:51:13.837+00:00,True,80,80.0,,80.0,99905.41943099999,104894.34179899999,104894.34199899998,1311.1792749874999,37.212341,99905.41943099999,11162.710099502732,92.49824035000002,63.15091605063291,10.768544430807646,0.7626722149922741,10,64,,True,True,,340,87.6246207195492
99,2026-09-18T06:49:29.299+00:00,2026-09-18T06:51:10.173+00:00,2026-09-18T06:51:13.079+00:00,True,47,47.0,,47.0,100874.478691,103780.272739,103780.272533,2208.0909049574466,39.538256999999994,100874.478691,14704.845144692876,92.2133915,63.16943582608695,11.470654792680653,0.45287990443233517,10,64,,True,True,,241,87.6246207195492
100,2026-09-18T06:49:29.725+00:00,2026-09-18T06:51:12.081+00:00,2026-09-18T06:51:17.413+00:00,True,85,85.0,,85.0,102356.42784100001,107688.13369700001,107688.13368400001,1266.9192198117648,38.20442,102356.42784100001,11095.232418092686,91.2917074,63.47268876190476,9.01858147431957,0.7893163070237881,10,64,,True,True,,396,87.6246207195492
101,2026-09-18T06:49:30.023+00:00,2026-09-18T06:51:13.144+00:00,2026-09-18T06:51:13.272+00:00,True,3,3.0,,3.0,103121.059219,103248.847507,103248.84751200001,34416.282504,60.594138,103121.059219,59500.08208804052,92815.6727126,63.894144,4.666859500997218,0.0290560144005153,10,64,,True,True,,9,87.6246207195492
102,2026-09-18T06:49:30.505+00:00,2026-09-18T06:51:14.706+00:00,2026-09-18T06:51:15.454+00:00,True,13,13.0,,13.0,104201.442123,104949.377867,104949.377969,8073.029074538462,56.665335,104201.442123,28882.993722298284,41722.424893799995,62.32797866666667,3.544493101215239,0.12386924309808305,10,64,,True,True,,68,87.6246207195492
103,2026-09-18T06:49:30.981+00:00,2026-09-18T06:51:16.670+00:00,2026-09-18T06:51:21.622+00:00,True,78,78.0,,78.0,105688.741074,110641.16757,110641.167529,1418.4765067820513,39.305187,105688.741074,11959.616336259083,91.66148170000001,64.31722722077922,11.439083373370401,0.7049817144296789,10,64,,True,True,,399,87.6246207195492
104,2026-09-18T06:49:31.255+00:00,2026-09-18T06:51:17.877+00:00,2026-09-18T06:51:23.050+00:00,True,82,82.0,,82.0,106621.74504899999,111795.40623299999,111795.40617399999,1363.3586118780486,36.642512,106621.74504899999,11767.354096249119,93.7887126,63.8723602962963,11.55156879191854,0.7334827320999088,10,64,,True,True,,408,87.6246207195492
105,2026-09-18T06:49:31.580+00:00,2026-09-18T06:51:18.865+00:00,2026-09-18T06:51:22.336+00:00,True,56,56.0,,56.0,107284.95252400001,110756.292044,110756.29193,1977.7909273214286,38.888449,107284.95252400001,14328.124917114534,94.55826724999999,63.115264,11.103056597984004,0.5056146153552428,10,64,,True,True,,253,87.6246207195492
106,2026-09-18T06:49:32.055+00:00,2026-09-18T06:51:20.677+00:00,2026-09-18T06:51:25.652+00:00,True,80,80.0,,80.0,108622.108383,113597.08489499999,113597.084818,1419.963560225,35.596424,108622.108383,12137.285159458677,92.5338339,62.9743862278481,11.086876933012674,0.7042434237986438,10,64,,True,True,,261,87.6246207195492
107,2026-09-18T06:49:32.397+00:00,2026-09-18T06:51:22.018+00:00,2026-09-18T06:51:25.118+00:00,True,50,50.0,,50.0,109621.509597,112721.167325,112721.16708099999,2254.42334162,37.651211,109621.509597,15493.880512966382,91.434626,63.258320979591836,11.290567049940835,0.44357241134523534,10,64,,True,True,,215,87.6246207195492
108,2026-09-18T06:49:32.880+00:00,2026-09-18T06:51:24.020+00:00,2026-09-18T06:51:25.180+00:00,True,20,20.0,,20.0,111140.27906999999,112300.89270199998,112300.892782,5615.0446391,38.696659,111140.27906999999,24838.06371753918,5623.827871499999,61.084928,6.556181484905575,0.17809297431919538,10,64,,True,True,,103,87.6246207195492
109,2026-09-18T06:49:33.320+00:00,2026-09-18T06:51:25.778+00:00,2026-09-18T06:51:31.914+00:00,True,100,100.0,,100.0,112457.615396,118593.965604,118593.96577,1185.9396577,34.851596,112457.615396,11239.569122215295,92.496345,61.98333543434344,11.590976645044233,0.8432132232925952,10,64,,True,True,,393,87.6246207195492
110,2026-09-18T06:49:33.640+00:00,2026-09-18T06:51:27.036+00:00,2026-09-18T06:51:32.712+00:00,True,91,91.0,,91.0,113396.20433200001,119071.64983600001,119071.649908,1308.4796693186813,37.64958,113396.20433200001,11880.547750294088,91.99799449999999,63.0605056,12.139623825326389,0.7642457304096844,10,64,,True,True,,444,87.6246207195492
111,2026-09-18T06:49:34.113+00:00,2026-09-18T06:51:29.106+00:00,2026-09-18T06:51:34.930+00:00,True,93,93.0,,93.0,114992.352031,120816.863775,120816.863862,1299.1060630322581,35.752754,114992.352031,11917.594249146116,94.7521106,63.309910260869565,13.664981781303501,0.769760090554875,10,64,,True,True,,374,87.6246207195492
112,2026-09-18T06:49:34.402+00:00,2026-09-18T06:51:30.465+00:00,2026-09-18T06:51:34.867+00:00,True,69,69.0,,69.0,116063.361932,120464.662156,120464.662056,1745.8646674782608,36.396252999999994,116063.361932,13964.601943464877,96.8470994,64.72500329411764,14.16636851986376,0.572782082023739,10,64,,True,True,,335,87.6246207195492
113,2026-09-18T06:49:35.141+00:00,2026-09-18T06:51:31.601+00:00,2026-09-18T06:51:36.946+00:00,True,85,85.0,,85.0,116460.16181,121804.922642,121804.92246900001,1432.9990878705883,36.645053,116460.16181,12624.983242627382,94.44682279999999,63.628105142857144,12.957131465035598,0.6978371494050836,10,64,,True,True,,433,87.6246207195492
114,2026-09-18T06:49:35.250+00:00,2026-09-18T06:51:32.716+00:00,2026-09-18T06:51:36.634+00:00,True,63,63.0,,63.0,117466.136248,121384.573624,121384.57373599999,1926.7392656507936,35.514984,117466.136248,14791.3866674042,96.8533041,63.20060283870968,14.611643064301862,0.5190115854025105,10,64,,True,True,,324,87.6246207195492
115,2026-09-18T06:49:35.631+00:00,2026-09-18T06:51:35.773+00:00,2026-09-18T06:51:37.834+00:00,True,35,35.0,,35.0,120142.431523,122203.76630700001,122203.766178,3491.536176514286,36.594662,120142.431523,20297.530980520252,67.68608970000001,60.62749364705882,7.818964624872257,0.28640688464603525,10,64,,True,True,,165,87.6246207195492
116,2026-09-18T06:49:35.988+00:00,2026-09-18T06:51:37.010+00:00,2026-09-18T06:51:42.278+00:00,True,86,86.0,,86.0,121021.304455,126289.869447,126289.869544,1468.4868551627908,36.584841999999995,121021.304455,13043.383431791093,91.393468,61.983117552941174,10.73707612770046,0.6809730691509787,10,64,,True,True,,416,87.6246207195492
117,2026-09-18T06:49:36.276+00:00,2026-09-18T06:51:38.229+00:00,2026-09-18T06:51:40.082+00:00,True,31,31.0,,31.0,121952.717079,123806.24565499999,123806.245528,3993.7498557419353,41.141453,121952.717079,21892.259481137164,83.79422500000001,61.784285866666664,8.727783729537329,0.25039124509424976,10,64,,True,True,,125,87.6246207195492
118,2026-09-18T06:49:36.675+00:00,2026-09-18T06:51:39.716+00:00,2026-09-18T06:51:43.448+00:00,True,62,62.0,,62.0,123041.232443,126772.684347,126772.684457,2044.720717048387,38.673118,123041.232443,15618.486063550175,68.50934855,61.17134268852459,9.235070541095995,0.48906434630897827,10,64,,True,True,,266,87.6246207195492
119,2026-09-18T06:49:37.007+00:00,2026-09-18T06:51:41.149+00:00,2026-09-18T06:51:44.757+00:00,True,59,59.0,,59.0,124142.294843,127749.987387,127749.987514,2165.254025661017,36.846962,124142.294843,16153.854767274119,75.0601084,62.2015955862069,9.16174356297947,0.461839575930979,10,64,,True,True,,311,87.6246207195492
120,2026-09-18T06:49:37.366+00:00,2026-09-18T06:51:42.816+00:00,2026-09-18T06:51:42.886+00:00,True,2,2.0,,2.0,125449.92744,125519.30216,125519.302072,62759.651036,69.37463199999999,125449.92744,88657.43911945482,119180.8997996,69.37472,nan,0.015933804327963767,10,64,,True,True,,15,87.6246207195492
121,2026-09-18T06:49:37.684+00:00,2026-09-18T06:51:43.819+00:00,2026-09-18T06:51:44.510+00:00,True,12,12.0,,12.0,126135.06445,126826.770562,126826.77064,10568.897553333334,55.248587,126135.06445,36393.90446258892,56800.597036800005,62.88237381818182,5.179946773725109,0.09461724797394987,10,64,,True,True,,57,87.6246207195492
122,2026-09-18T06:49:38.023+00:00,2026-09-18T06:51:44.922+00:00,2026-09-18T06:51:48.534+00:00,True,61,61.0,,61.0,126899.28408,130510.383472,130510.38354,2139.514484262295,35.983252,126899.28408,16240.085252163568,70.385989,60.18498986666667,9.532998562231269,0.4673957609900601,10,64,,True,True,,242,87.6246207195492
123,2026-09-18T06:49:38.440+00:00,2026-09-18T06:51:46.458+00:00,2026-09-18T06:51:48.534+00:00,True,35,35.0,,35.0,128018.64349500001,130094.33040700002,130094.330566,3716.980873314286,39.020228,128018.64349500001,21628.78339587759,79.71981539999999,61.04961505882353,10.38143921526409,0.26903555205290286,10,64,,True,True,,137,87.6246207195492
124,2026-09-18T06:49:38.819+00:00,2026-09-18T06:51:47.957+00:00,2026-09-18T06:51:51.677+00:00,True,62,62.0,,62.0,129137.90378200001,132858.122406,132858.122548,2142.8729443225807,37.146731,129137.90378200001,16392.78722666304,71.37378319999999,60.98719055737705,8.99435992882811,0.4666632259827873,10,64,,True,True,,248,87.6246207195492
125,2026-09-18T06:49:39.286+00:00,2026-09-18T06:51:49.384+00:00,2026-09-18T06:51:54.772+00:00,True,88,88.0,,88.0,130097.930934,135486.388918,135486.388819,1539.6180547613637,35.486813999999995,130097.930934,13861.887548745735,85.78425745,61.936298666666666,10.517966086321541,0.6495117384319686,10,64,,True,True,,327,87.6246207195492
126,2026-09-18T06:49:39.579+00:00,2026-09-18T06:51:50.549+00:00,2026-09-18T06:51:54.776+00:00,True,68,68.0,,68.0,130970.673851,135196.815803,135196.815773,1988.18846725,40.262195,130970.673851,15874.881201983482,89.6501676,63.076745552238805,10.248813740346332,0.5029704257168688,10,64,,True,True,,238,87.6246207195492
127,2026-09-18T06:49:39.983+00:00,2026-09-18T06:51:51.968+00:00,2026-09-18T06:51:57.302+00:00,True,88,88.0,,88.0,131984.935583,137319.15612700002,137319.15626000002,1560.4449575,36.033263,131984.935583,14063.10941780321,82.17189605,61.31287981609196,10.649227923210452,0.64084285457313,10,64,,True,True,,409,87.6246207195492
128,2026-09-18T06:49:40.369+00:00,2026-09-18T06:51:53.443+00:00,2026-09-18T06:51:54.462+00:00,True,17,17.0,,17.0,133073.941346,134092.120162,134092.120308,7887.77178282353,45.746175,133073.941346,32259.738627824896,26686.6483188,63.636176,8.816123978503448,0.12677851598932047,10,64,,True,True,,94,87.6246207195492
129,2026-09-18T06:49:40.848+00:00,2026-09-18T06:51:55.361+00:00,2026-09-18T06:52:00.664+00:00,True,89,89.0,,89.0,134512.64217500002,139815.641983,139815.64199,1570.962269550562,37.169501,134512.64217500002,14251.92711400487,69.19674499999999,60.26136145454545,9.68237438862611,0.6365525254379005,10,64,,True,True,,379,87.6246207195492
130,2026-09-18T06:49:41.116+00:00,2026-09-18T06:51:56.202+00:00,2026-09-18T06:52:00.729+00:00,True,76,76.0,,76.0,135085.90706099998,139612.864373,139612.86440299999,1837.0113737236838,33.654647,135085.90706099998,15488.495674709065,69.05439925,60.35943082666667,9.90406008480265,0.5443624435421138,10,64,,True,True,,325,87.6246207195492
131,2026-09-18T06:49:41.537+00:00,2026-09-18T06:51:58.086+00:00,2026-09-18T06:51:59.665+00:00,True,27,27.0,,27.0,136548.41429699998,138127.913305,138127.913323,5115.848641592592,38.642348,136548.41429699998,26267.063978761063,70.1562477,60.749961846153845,6.317856532623524,0.19547099028696213,10,64,,True,True,,135,87.6246207195492
132,2026-09-18T06:49:41.901+00:00,2026-09-18T06:51:59.536+00:00,2026-09-18T06:52:01.161+00:00,True,27,27.0,,27.0,137635.413924,139260.0465,139260.046405,5157.779496481481,42.315931,137635.413924,26475.923543733843,86.0924566,62.48586830769231,8.109891727971627,0.19388188269777723,10,64,,True,True,,134,87.6246207195492
133,2026-09-18T06:49:42.301+00:00,2026-09-18T06:52:00.846+00:00,2026-09-18T06:52:00.972+00:00,True,3,3.0,,3.0,138544.59614100002,138670.65668500002,138670.656806,46223.55226866667,56.120926,138544.59614100002,79952.36959589047,124697.13050080002,63.030272,9.771423756403157,0.021633992884411788,10,64,,True,True,,5,87.6246207195492
134,2026-09-18T06:49:42.764+00:00,2026-09-18T06:52:02.545+00:00,2026-09-18T06:52:03.350+00:00,True,14,14.0,,14.0,139781.718166,140586.525846,140586.52578700002,10041.894699071428,40.197375,139781.718166,37341.69224049186,48986.3370896,61.90828307692308,13.730545437224471,0.09958280081076726,10,64,,True,True,,54,87.6246207195492
135,2026-09-18T06:49:43.058+00:00,2026-09-18T06:52:03.706+00:00,2026-09-18T06:52:06.228+00:00,True,41,41.0,,41.0,140647.99053600003,143170.01831200003,143170.01834600003,3491.9516669756104,38.195169,140647.99053600003,21955.681029626416,89.006415,63.0506944,9.747831249688787,0.2863728068445984,10,64,,True,True,,226,87.6246207195492
136,2026-09-18T06:49:43.358+00:00,2026-09-18T06:52:04.749+00:00,2026-09-18T06:52:07.066+00:00,True,38,38.0,,38.0,141391.09787599999,143708.464916,143708.46507699997,3781.801712552631,39.159408000000006,141391.09787599999,22926.506983641884,94.78424784999999,62.63154162162162,10.47735366761832,0.26442422874819266,10,64,,True,True,,191,87.6246207195492
137,2026-09-18T06:49:43.660+00:00,2026-09-18T06:52:05.973+00:00,2026-09-18T06:52:08.372+00:00,True,39,39.0,,39.0,142312.297643,144711.571115,144711.571122,3710.553105692308,37.914209,142312.297643,22778.09905532248,95.65050770000002,63.13877557894737,13.448389783522336,0.26950160031783027,10,64,,True,True,,152,87.6246207195492
138,2026-09-18T06:49:44.087+00:00,2026-09-18T06:52:07.581+00:00,2026-09-18T06:52:13.392+00:00,True,95,95.0,,95.0,143494.59451199998,149305.16423999998,149305.16406299997,1571.6333059263156,38.835547,143494.59451199998,14715.895004915117,75.7520697,61.81457157446808,8.24451508117649,0.63628073739829,10,64,,True,True,,376,87.6246207195492
139,2026-09-18T06:49:44.556+00:00,2026-09-18T06:52:09.540+00:00,2026-09-18T06:52:12.968+00:00,True,57,57.0,,57.0,144983.665748,148412.146516,148412.146508,2603.7218685614034,37.213641,144983.665748,19195.4490309185,74.1229856,61.22287085714286,9.974673080597118,0.38406559933323886,10,64,,True,True,,186,87.6246207195492
140,2026-09-18T06:49:44.952+00:00,2026-09-18T06:52:11.023+00:00,2026-09-18T06:52:14.706+00:00,True,59,59.0,,59.0,146071.633983,149753.84300700002,149753.843,2538.2007288135596,37.40595,146071.633983,19008.645585750462,94.32888859999998,63.48636248275862,12.208129753991665,0.39397987267172924,10,64,,True,True,,267,87.6246207195492
141,2026-09-18T06:49:45.420+00:00,2026-09-18T06:52:12.972+00:00,2026-09-18T06:52:15.526+00:00,True,41,41.0,,41.0,147552.079695,150106.05550299998,150106.055425,3661.12330304878,35.957063000000005,147552.079695,23033.794595040807,92.19446899999998,63.849395200000004,11.57270757234497,0.2731402131820097,10,64,,True,True,,171,87.6246207195492
142,2026-09-18T06:49:45.804+00:00,2026-09-18T06:52:14.458+00:00,2026-09-18T06:52:14.705+00:00,True,5,5.0,,5.0,148654.004464,148900.931312,148900.931374,29780.1862748,33.695327,148654.004464,66452.48673442176,118939.1372256,61.731712,19.656717560042555,0.03357937358714859,10,64,,True,True,,12,87.6246207195492
143,2026-09-18T06:49:46.096+00:00,2026-09-18T06:52:15.630+00:00,2026-09-18T06:52:18.045+00:00,True,39,39.0,,39.0,149533.987278,151948.88289399998,151948.88283699998,3896.1252009487175,35.978142999999996,149533.987278,23934.428674088267,92.0950045,63.54988463157895,13.090524487324766,0.2566652630622268,10,64,,True,True,,77,87.6246207195492
144,2026-09-18T06:49:46.546+00:00,2026-09-18T06:52:17.431+00:00,2026-09-18T06:52:19.115+00:00,True,27,27.0,,27.0,150885.47565200002,152569.53786,152569.53802200002,5650.723630444445,40.735754,150885.47565200002,29025.462291847965,102.2626104,64.77162338461538,16.055210150653334,0.17696848518198688,10,64,,True,True,,124,87.6246207195492
145,2026-09-18T06:49:47.015+00:00,2026-09-18T06:52:19.233+00:00,2026-09-18T06:52:20.031+00:00,True,13,13.0,,13.0,152218.225218,153016.622402,153016.62239,11770.509414615386,51.337354,152218.225218,42199.28895975992,60945.0230298,66.53309866666666,14.303819223792106,0.0849580901468786,10,64,,True,True,,58,87.6246207195492
146,2026-09-18T06:49:47.326+00:00,2026-09-18T06:52:20.369+00:00,2026-09-18T06:52:20.369+00:00,True,1,1.0,,1.0,153042.236866,153042.236866,153042.236866,153042.236866,153042.236866,153042.236866,nan,153042.236866,nan,nan,0.006534143910060432,10,64,,True,True,,2,87.6246207195492
147,2026-09-18T06:49:47.668+00:00,2026-09-18T06:52:21.523+00:00,2026-09-18T06:52:22.723+00:00,True,20,20.0,,20.0,153854.743706,155055.37525800001,155055.375468,7752.7687734,43.906299,153854.743706,34388.83763969384,7779.735476850001,63.191134315789476,8.73346494886904,0.1289861764980515,10,64,,True,True,,97,87.6246207195492
148,2026-09-18T06:49:47.950+00:00,2026-09-18T06:52:22.663+00:00,2026-09-18T06:52:22.718+00:00,True,2,2.0,,2.0,154712.64269100002,154768.41177900002,154768.411897,77384.2059485,55.769206,154712.64269100002,109358.92399835346,146979.79901675004,55.769088,nan,0.012922533590742533,10,64,,True,True,,7,87.6246207195492
149,2026-09-18T06:49:48.772+00:00,2026-09-18T06:52:24.400+00:00,2026-09-18T06:52:29.837+00:00,True,88,88.0,,88.0,155627.777639,161064.688231,161064.68832400002,1830.2805491363638,35.175754999999995,155627.777639,16583.318200691294,76.117577,62.4932251954023,10.300546895484581,0.5463643270695674,10,64,,True,True,,415,87.6246207195492
150,2026-09-18T06:49:48.812+00:00,2026-09-18T06:52:24.807+00:00,2026-09-18T06:52:30.935+00:00,True,99,99.0,,99.0,155994.74058500002,162123.09719300002,162123.097161,1637.6070420303033,35.811264,155994.74058500002,15671.779045311368,76.3716877,62.53425110204082,9.155487874297899,0.6106471052804098,10,64,,True,True,,408,87.6246207195492
151,2026-09-18T06:49:48.979+00:00,2026-09-18T06:52:26.356+00:00,2026-09-18T06:52:29.896+00:00,True,58,58.0,,58.0,157376.757835,160916.801099,160916.80127599998,2774.4276082068964,35.680042,157376.757835,20656.42818688514,79.00538399999999,62.106022175438596,10.090194586178294,0.3604347066551302,10,64,,True,True,,263,87.6246207195492
152,2026-09-18T06:49:49.409+00:00,2026-09-18T06:52:28.057+00:00,2026-09-18T06:52:32.134+00:00,True,66,66.0,,66.0,158647.483488,162724.645472,162724.645698,2465.524934818182,36.499322,158647.483488,19520.438087799103,94.57750374999999,62.725568984615386,12.257729502203214,0.4055931405384848,10,64,,True,True,,371,87.6246207195492
153,2026-09-18T06:49:49.829+00:00,2026-09-18T06:52:29.668+00:00,2026-09-18T06:52:32.374+00:00,True,44,44.0,,44.0,159839.290638,162544.752142,162544.751955,3694.198908068182,37.21175,159839.290638,24087.196954489707,93.61800755,62.91770939534884,10.963651526727654,0.27069468205015534,10,64,,True,True,,183,87.6246207195492
154,2026-09-18T06:49:50.263+00:00,2026-09-18T06:52:31.443+00:00,2026-09-18T06:52:32.829+00:00,True,22,22.0,,22.0,161180.66634,162566.7489,162566.748856,7389.397675272727,43.199169000000005,161180.66634,34349.76386849379,99.75409465000001,66.00393142857142,13.231790708788484,0.13532902730024393,10,64,,True,True,,79,87.6246207195492
155,2026-09-18T06:49:50.681+00:00,2026-09-18T06:52:33.015+00:00,2026-09-18T06:52:38.086+00:00,True,79,79.0,,79.0,162334.19375099998,167405.048663,167405.04870999997,2119.0512494936706,36.040862000000004,162334.19375099998,18256.71600500789,101.91130790000001,65.0109604102564,15.600604791699851,0.4719093039961622,10,64,,True,True,,406,87.6246207195492
156,2026-09-18T06:49:51.076+00:00,2026-09-18T06:52:34.785+00:00,2026-09-18T06:52:36.258+00:00,True,24,24.0,,24.0,163709.95452,165182.319064,165182.319246,6882.59663525,38.736087,163709.95452,33404.09062382325,97.58477155,64.01584973913043,15.121196276885495,0.14529400081071137,10,64,,True,True,,73,87.6246207195492
157,2026-09-18T06:49:51.504+00:00,2026-09-18T06:52:36.488+00:00,2026-09-18T06:52:38.682+00:00,True,35,35.0,,35.0,164984.12788699998,167178.05454299998,167178.054598,4776.515845657143,41.023204,164984.12788699998,27876.503991930113,100.4867437,64.5272545882353,14.299538691498036,0.20935762230082436,10,64,,True,True,,173,87.6246207195492
158,2026-09-18T06:49:51.922+00:00,2026-09-18T06:52:38.026+00:00,2026-09-18T06:52:44.049+00:00,True,97,97.0,,97.0,166104.162311,172126.671879,172126.671916,1774.5017723298968,36.761631,166104.162311,16858.955743873576,90.62164059999999,62.734474666666664,10.182863145484447,0.5635384623493339,10,64,,True,True,,521,87.6246207195492
159,2026-09-18T06:49:52.222+00:00,2026-09-18T06:52:39.189+00:00,2026-09-18T06:52:40.243+00:00,True,19,19.0,,19.0,166967.635896,168021.145272,168021.14539299998,8843.218178578947,36.998221,166967.635896,38291.57709182285,16766.2502289,58.528298666666664,11.686368391354716,0.11308100518682912,10,64,,True,True,,75,87.6246207195492
160,2026-09-18T06:49:52.539+00:00,2026-09-18T06:52:40.366+00:00,2026-09-18T06:52:41.331+00:00,True,16,16.0,,16.0,167827.44210800002,168792.37394800002,168792.37401000003,10549.523375625002,37.771209999999996,167827.44210800002,41940.77949511208,42022.875201500014,64.32878933333333,10.238916929541626,0.09479101232931962,10,64,,True,True,,70,87.6246207195492
161,2026-09-18T06:49:52.835+00:00,2026-09-18T06:52:41.739+00:00,2026-09-18T06:52:47.854+00:00,True,98,98.0,,98.0,168904.21166600002,175018.51669000002,175018.516589,1785.9032305000003,37.98704,168904.21166600002,17055.538882978188,90.7029461,63.03407241237114,12.266673379986951,0.5599407528609194,10,64,,True,True,,323,87.6246207195492
162,2026-09-18T06:49:53.320+00:00,2026-09-18T06:52:43.576+00:00,2026-09-18T06:52:45.776+00:00,True,37,37.0,,37.0,170255.806947,172455.878627,172455.878626,4660.969692594595,39.237227,170255.806947,27979.837093674603,78.0624548,61.113102222222224,10.124331381445424,0.21454762977391026,10,64,,True,True,,153,87.6246207195492
163,2026-09-18T06:49:53.711+00:00,2026-09-18T06:52:45.032+00:00,2026-09-18T06:52:49.616+00:00,True,73,73.0,,73.0,171321.38342300002,175905.14252700002,175905.14260500003,2409.6594877397265,35.240204,171321.38342300002,20044.203854437794,92.98885480000001,63.66332088888889,12.474137937949662,0.41499639493936397,10,64,,True,True,,271,87.6246207195492
164,2026-09-18T06:49:54.028+00:00,2026-09-18T06:52:45.901+00:00,2026-09-18T06:52:49.001+00:00,True,49,49.0,,49.0,171872.862149,174973.387205,174973.387039,3570.88544977551,38.635537,171872.862149,24544.04252742029,96.67256760000001,64.594272,14.611761639966689,0.2800425869483299,10,64,,True,True,,238,87.6246207195492
165,2026-09-18T06:49:54.450+00:00,2026-09-18T06:52:47.974+00:00,2026-09-18T06:52:52.111+00:00,True,66,66.0,,66.0,173524.083243,177661.367595,177661.367558,2691.8389023939394,36.895411,173524.083243,21351.50640669863,91.9306405,63.65052849230769,11.628566652805313,0.37149325648812276,10,64,,True,True,,282,87.6246207195492
166,2026-09-18T06:49:54.835+00:00,2026-09-18T06:52:49.187+00:00,2026-09-18T06:52:53.723+00:00,True,73,73.0,,73.0,174351.675532,178887.92231599998,178887.922378,2450.519484630137,35.588044000000004,174351.675532,20398.949292636025,92.3858576,63.003427555555554,11.445504500961675,0.40807673908274117,10,64,,True,True,,333,87.6246207195492
167,2026-09-18T06:49:55.219+00:00,2026-09-18T06:52:50.811+00:00,2026-09-18T06:52:54.341+00:00,True,55,55.0,,55.0,175591.964986,179121.767994,179121.768023,3256.7594186,35.90146300000001,175591.964986,23668.005931090036,96.23779189999999,65.36672237037037,14.316167904959082,0.30705369099439844,10,64,,True,True,,203,87.6246207195492
168,2026-09-18T06:49:55.581+00:00,2026-09-18T06:52:52.306+00:00,2026-09-18T06:52:52.491+00:00,True,4,4.0,,4.0,176725.802149,176910.57910899998,176910.57912399998,44227.644780999995,58.012211,176725.802149,88332.10494890221,150226.5003058,61.59232,3.1271638164598925,0.022610292839160728,10,64,,True,True,,13,87.6246207195492
169,2026-09-18T06:49:55.869+00:00,2026-09-18T06:52:53.488+00:00,2026-09-18T06:52:56.247+00:00,True,42,42.0,,42.0,177619.039684,180377.875908,180377.87581099998,4294.711328833333,43.227368999999996,177619.039684,27396.833421454183,97.18595315,67.2886883902439,13.92160494626851,0.23284452036358216,10,64,,True,True,,189,87.6246207195492
170,2026-09-18T06:49:56.155+00:00,2026-09-18T06:52:54.279+00:00,2026-09-18T06:52:56.819+00:00,True,39,39.0,,39.0,178123.548615,180663.587015,180663.587091,4632.399669,39.102967,178123.548615,28511.89414314048,97.54479509999999,66.84311578947369,12.385373234066739,0.2158708384150589,10,64,,True,True,,154,87.6246207195492
171,2026-09-18T06:49:56.505+00:00,2026-09-18T06:52:55.892+00:00,2026-09-18T06:52:58.912+00:00,True,48,48.0,,48.0,179387.18450600002,182406.656378,182406.65640600002,3800.138675125,39.921865,179387.18450600002,25883.039863544327,94.3396538,64.24408238297872,12.346953077423931,0.2631482915871773,10,64,,True,True,,230,87.6246207195492
172,2026-09-18T06:49:56.890+00:00,2026-09-18T06:52:57.248+00:00,2026-09-18T06:52:57.541+00:00,True,6,6.0,,6.0,180358.40749399998,180651.90586199999,180651.905795,30108.65096583333,41.607952,180358.40749399998,73607.04804698071,135285.22859249997,58.699673600000004,10.084954286807095,0.033213045671288965,10,64,,True,True,,24,87.6246207195492
173,2026-09-18T06:49:57.166+00:00,2026-09-18T06:52:58.274+00:00,2026-09-18T06:53:03.991+00:00,True,93,93.0,,93.0,181108.16402700002,186825.08562700002,186825.085537,2008.871887494624,36.176892,181108.16402700002,18773.60045764471,75.31653299999999,62.14045217391305,9.466008520772103,0.49779182323339777,10,64,,True,True,,317,87.6246207195492
174,2026-09-18T06:49:57.468+00:00,2026-09-18T06:52:59.208+00:00,2026-09-18T06:53:02.650+00:00,True,57,57.0,,57.0,181739.62833,185181.56010600002,185181.560241,3248.7993024736843,38.515088000000006,181739.62833,24063.86209497086,71.51907460000001,61.46306742857143,7.823464575130267,0.30780602543456576,10,64,,True,True,,230,87.6246207195492
175,2026-09-18T06:49:57.914+00:00,2026-09-18T06:53:01.286+00:00,2026-09-18T06:53:03.109+00:00,True,31,31.0,,31.0,183372.07666999998,185194.69196599998,185194.692035,5974.022323709677,38.341799,183372.07666999998,32923.686290791746,74.1963365,60.753843200000006,7.335629473147009,0.16739140669156602,10,64,,True,True,,149,87.6246207195492
176,2026-09-18T06:49:58.308+00:00,2026-09-18T06:53:02.704+00:00,2026-09-18T06:53:05.906+00:00,True,54,54.0,,54.0,184395.946259,187597.38958699998,187597.389669,3474.0257346111107,34.932215,184395.946259,25084.891303128763,69.5148661,60.40459109433962,8.412878915524427,0.28785048725295304,10,64,,True,True,,346,87.6246207195492
177,2026-09-18T06:49:58.717+00:00,2026-09-18T06:53:04.605+00:00,2026-09-18T06:53:05.201+00:00,True,11,11.0,,11.0,185888.042072,186483.455576,186483.45541000002,16953.041400909093,39.880986,185888.042072,56029.40206690224,92980.38094300003,59.5413504,10.867014101200704,0.05898646593620756,10,64,,True,True,,38,87.6246207195492
178,2026-09-18T06:49:59.094+00:00,2026-09-18T06:53:05.608+00:00,2026-09-18T06:53:08.089+00:00,True,43,43.0,,43.0,186513.970974,188994.778654,188994.778679,4395.2274111395345,37.240291,186513.970974,28434.108134477807,71.491714,59.06684952380952,10.308367176066444,0.22751951300581566,10,64,,True,True,,228,87.6246207195492
179,2026-09-18T06:49:59.424+00:00,2026-09-18T06:53:06.674+00:00,2026-09-18T06:53:08.850+00:00,True,37,37.0,,37.0,187249.984592,189425.913168,189425.91317699998,5119.619275054054,40.205155,187249.984592,30773.77345189367,94.04743739999998,60.44246044444445,12.043940388429439,0.19532702459343596,10,64,,True,True,,190,87.6246207195492
180,2026-09-18T06:49:59.909+00:00,2026-09-18T06:53:08.733+00:00,2026-09-18T06:53:09.011+00:00,True,6,6.0,,6.0,188823.996679,189101.956871,189101.95702,31516.992836666668,43.049499000000004,188823.996679,77064.37884169114,141634.37218375,55.5920384,8.394175840877102,0.031728915444767344,10,64,,True,True,,28,87.6246207195492
181,2026-09-18T06:50:00.238+00:00,2026-09-18T06:53:10.298+00:00,2026-09-18T06:53:15.110+00:00,True,78,78.0,,78.0,190059.997713,194872.20737699998,194872.20733399998,2498.3616324871796,38.042139000000006,190059.997713,21512.98366435169,93.8358755,62.49622940259741,11.276076670785095,0.4002623106182664,10,64,,True,True,,367,87.6246207195492
182,2026-09-18T06:50:00.539+00:00,2026-09-18T06:53:11.404+00:00,2026-09-18T06:53:13.031+00:00,True,27,27.0,,27.0,190864.31225400002,192491.45235,192491.45221500003,7129.313045000001,38.228688999999996,190864.31225400002,36719.81202036349,94.35615130000001,62.58231138461539,12.270358801009657,0.1402659685423689,10,64,,True,True,,130,87.6246207195492
183,2026-09-18T06:50:00.986+00:00,2026-09-18T06:53:12.909+00:00,2026-09-18T06:53:15.296+00:00,True,39,39.0,,39.0,191922.979666,194310.43413,194310.433977,4982.318819923077,38.114788999999995,191922.979666,30722.214075787364,93.954153,62.82774905263158,11.674815091437722,0.20070975691355683,10,64,,True,True,,186,87.6246207195492
184,2026-09-18T06:50:01.320+00:00,2026-09-18T06:53:14.029+00:00,2026-09-18T06:53:17.433+00:00,True,55,55.0,,55.0,192709.461399,196113.243799,196113.243801,3565.6953418363637,37.068561,192709.461399,25976.442270761527,93.5735951,63.03300740740741,12.94474488744215,0.2804502079235938,10,64,,True,True,,300,87.6246207195492
187,2026-09-18T06:50:02.675+00:00,2026-09-18T06:53:16.076+00:00,2026-09-18T06:53:16.293+00:00,True,5,5.0,,5.0,193401.141076,193618.59106,193618.59114,38723.718228,42.520601,193401.141076,86467.3088060504,154734.85501079998,54.362496,13.478561823605958,0.025823966451912473,10,64,,True,True,,18,87.6246207195492
185,2026-09-18T06:50:02.634+00:00,2026-09-18T06:53:17.432+00:00,2026-09-18T06:53:18.923+00:00,True,24,24.0,,24.0,194797.814247,196289.142247,196289.142252,8178.7142605,36.571083,194797.814247,39749.7047949673,94.81196779999999,64.84034782608695,15.656621993043652,0.12226860704195067,10,64,,True,True,,116,87.6246207195492
186,2026-09-18T06:50:02.659+00:00,2026-09-18T06:53:19.174+00:00,2026-09-18T06:53:23.184+00:00,True,66,66.0,,66.0,196514.29926,200524.575612,200524.575679,3038.2511466515152,36.519271999999994,196514.29926,24181.647249169408,93.36573325,61.69655926153846,13.066830546912723,0.3291367145327117,10,64,,True,True,,158,87.6246207195492
188,2026-09-18T06:50:02.860+00:00,2026-09-18T06:53:20.094+00:00,2026-09-18T06:53:25.486+00:00,True,87,87.0,,87.0,197233.48757300002,202625.73102900002,202625.730799,2329.031388494253,36.889860999999996,197233.48757300002,21138.93163910901,94.56279419999998,62.70050530232558,13.729767717430018,0.429363040706555,10,64,,True,True,,352,87.6246207195492
189,2026-09-18T06:50:03.305+00:00,2026-09-18T06:53:22.205+00:00,2026-09-18T06:53:22.425+00:00,True,5,5.0,,5.0,198899.928698,199119.95788200002,199119.957927,39823.9915854,43.186249000000004,198899.928698,88926.15261118366,159133.07604,55.007296,9.355701134854334,0.025110491450400153,10,64,,True,True,,26,87.6246207195492
190,2026-09-18T06:50:03.652+00:00,2026-09-18T06:53:23.646+00:00,2026-09-18T06:53:25.863+00:00,True,36,36.0,,36.0,199993.658028,202210.515628,202210.515596,5616.9587665555555,36.888521999999995,199993.658028,33321.721843729465,95.577789,63.33878857142857,11.626355002743527,0.17803228426669962,10,64,,True,True,,123,87.6246207195492
191,2026-09-18T06:50:03.918+00:00,2026-09-18T06:53:24.654+00:00,2026-09-18T06:53:24.654+00:00,True,1,1.0,,1.0,200736.153645,200736.153645,200736.153645,200736.153645,200736.153645,200736.153645,nan,200736.153645,nan,nan,0.0049816636507267675,10,64,,True,True,,3,87.6246207195492
192,2026-09-18T06:50:04.298+00:00,2026-09-18T06:53:26.322+00:00,2026-09-18T06:53:28.134+00:00,True,30,30.0,,30.0,202023.94044,203835.663448,203835.663486,6794.5221162,35.607074,202023.94044,36872.95305028334,96.69173159999998,62.473207172413794,14.093267614006399,0.1471773854120146,10,64,,True,True,,131,87.6246207195492
193,2026-09-18T06:50:04.754+00:00,2026-09-18T06:53:27.782+00:00,2026-09-18T06:53:32.701+00:00,True,81,81.0,,81.0,203028.46161199998,207946.94583599997,207946.94586399998,2567.2462452345676,34.409425999999996,203028.46161199998,22551.888858871076,77.38215600000001,61.4810528,9.863689718338769,0.3895224316681318,10,64,,True,True,,428,87.6246207195492
194,2026-09-18T06:50:05.035+00:00,2026-09-18T06:53:28.795+00:00,2026-09-18T06:53:33.946+00:00,True,85,85.0,,85.0,203759.852659,208910.890867,208910.890727,2457.7751850235295,34.684785000000005,203759.852659,22094.21050248612,85.69571179999998,61.321883428571425,11.055885368228447,0.40687203834726826,10,64,,True,True,,186,87.6246207195492
195,2026-09-18T06:50:05.456+00:00,2026-09-18T06:53:30.461+00:00,2026-09-18T06:53:36.538+00:00,True,97,97.0,,97.0,205004.886073,211082.361145,211082.361161,2176.1068160927834,35.955062,205004.886073,20808.668461567348,92.7737266,63.307032,12.68483061462512,0.459536265720314,10,64,,True,True,,405,87.6246207195492
196,2026-09-18T06:50:05.880+00:00,2026-09-18T06:53:32.356+00:00,2026-09-18T06:53:36.932+00:00,True,73,73.0,,73.0,206476.682285,211052.867373,211052.86756699998,2891.135172150685,34.282536,206476.682285,24158.832757860335,93.25787399999999,63.55812622222222,13.841866833325494,0.34588490035051234,10,64,,True,True,,339,87.6246207195492
197,2026-09-18T06:50:06.301+00:00,2026-09-18T06:53:34.032+00:00,2026-09-18T06:53:36.536+00:00,True,40,40.0,,40.0,207730.612332,210234.77873199998,210234.77882399998,5255.8694706,37.133941,207730.612332,32834.944537837866,92.5523658,64.20939487179487,14.684518761345792,0.19026347705766902,10,64,,True,True,,172,87.6246207195492
198,2026-09-18T06:50:06.620+00:00,2026-09-18T06:53:35.120+00:00,2026-09-18T06:53:38.704+00:00,True,58,58.0,,58.0,208499.856458,212084.445258,212084.445281,3656.628366913793,37.994669,208499.856458,27369.11763119027,92.47559835,62.88752280701754,12.410208535230938,0.2734759728816661,10,64,,True,True,,218,87.6246207195492
199,2026-09-18T06:50:06.941+00:00,2026-09-18T06:53:36.328+00:00,2026-09-18T06:53:41.455+00:00,True,84,84.0,,84.0,209386.71487400003,214514.07103400002,214514.07111500003,2553.7389418452385,36.351492,209386.71487400003,22839.2253345112,74.67295665000002,61.775375421686746,9.613910124146921,0.39158270408604656,10,64,,True,True,,306,87.6246207195492
200,2026-09-18T06:50:07.386+00:00,2026-09-18T06:53:38.385+00:00,2026-09-18T06:53:39.909+00:00,True,25,25.0,,25.0,210998.981202,212523.212114,212523.212184,8500.928487359999,38.497158000000006,210998.981202,42187.09578190413,94.00628939999999,63.509621333333335,11.362309387661597,0.11763420922976499,10,64,,True,True,,132,87.6246207195492
201,2026-09-18T06:50:07.653+00:00,2026-09-18T06:53:39.478+00:00,2026-09-18T06:53:41.520+00:00,True,34,34.0,,34.0,211824.816422,213866.503462,213866.503518,6290.191279941177,40.349085,211824.816422,36317.04689184387,80.1933857,61.86930424242424,8.976867588270752,0.15897767742783128,10,64,,True,True,,216,87.6246207195492
202,2026-09-18T06:50:08.076+00:00,2026-09-18T06:53:40.800+00:00,2026-09-18T06:53:45.391+00:00,True,74,74.0,,74.0,212724.142222,217314.823054,217314.822907,2936.6867960405407,33.69228699999999,212724.142222,24721.37142501604,89.73915525000001,62.88603879452055,11.286660286959227,0.340519799616301,10,64,,True,True,,355,87.6246207195492
203,2026-09-18T06:50:08.376+00:00,2026-09-18T06:53:41.762+00:00,2026-09-18T06:53:46.929+00:00,True,84,84.0,,84.0,213385.912939,218552.284523,218552.284439,2601.8129099880953,33.242518,213385.912939,23275.52256216893,90.47510585,62.24544077108434,10.256641486041143,0.38434738938251645,10,64,,True,True,,358,87.6246207195492
204,2026-09-18T06:50:08.748+00:00,2026-09-18T06:53:43.365+00:00,2026-09-18T06:53:49.084+00:00,True,90,90.0,,90.0,214617.05809099998,220336.28753099998,220336.287368,2448.1809707555553,0.01775,214617.05809099998,22615.861771103155,94.62439409999999,64.26100494382023,22.634369456561053,0.40846653544227274,10,64,,True,True,,427,87.6246207195492
205,2026-09-18T06:50:09.025+00:00,2026-09-18T06:53:44.148+00:00,2026-09-18T06:53:50.221+00:00,True,95,95.0,,95.0,215123.776788,221196.64539599998,221196.64551399997,2328.3857422526316,0.01865,215123.776788,22064.622928701498,91.8207414,64.60498519148936,27.906752988130158,0.42948210100530726,10,64,,True,True,,429,87.6246207195492
206,2026-09-18T06:50:09.488+00:00,2026-09-18T06:53:45.996+00:00,2026-09-18T06:53:47.181+00:00,True,19,19.0,,19.0,216507.927562,217693.537802,217693.537747,11457.554618263157,56.038236,216507.927562,49655.214681603444,21731.654644,65.86723555555555,7.74635233220256,0.08727865875964207,10,64,,True,True,,87,87.6246207195492
207,2026-09-18T06:50:09.759+00:00,2026-09-18T06:53:47.050+00:00,2026-09-18T06:53:51.076+00:00,True,64,64.0,,64.0,217291.05083199998,221316.95188799998,221316.95185199997,3458.0773726874995,0.018129000000000003,217291.05083199998,27153.40515185467,93.81766179999998,63.903191365079365,25.405801214327767,0.28917802931059683,10,64,,True,True,,297,87.6246207195492
208,2026-09-18T06:50:10.205+00:00,2026-09-18T06:53:49.329+00:00,2026-09-18T06:53:53.913+00:00,True,75,75.0,,75.0,219123.670939,223707.697819,223707.697932,2982.76930576,35.825244,219123.670939,25295.0712698469,86.4544714,61.946309189189186,10.459296512019062,0.33525891478567654,10,64,,True,True,,325,87.6246207195492
209,2026-09-18T06:50:10.476+00:00,2026-09-18T06:53:50.282+00:00,2026-09-18T06:53:54.134+00:00,True,63,63.0,,63.0,219806.283047,223657.70141500002,223657.701608,3550.122247746032,39.008787,219806.283047,27685.165260590627,93.1252767,62.11965109677419,12.898099245711606,0.28168044114475904,10,64,,True,True,,281,87.6246207195492
210,2026-09-18T06:50:10.941+00:00,2026-09-18T06:53:51.844+00:00,2026-09-18T06:53:54.319+00:00,True,40,40.0,,40.0,220903.006848,223378.103168,223378.10324899998,5584.452581224999,37.19004,220903.006848,34917.80022452129,93.96176089999999,63.46400820512821,13.610673781214103,0.17906858117564226,10,64,,True,True,,140,87.6246207195492
211,2026-09-18T06:50:11.365+00:00,2026-09-18T06:53:53.561+00:00,2026-09-18T06:53:56.430+00:00,True,47,47.0,,47.0,222195.558781,225065.221501,225065.221649,4788.621737212766,39.929485,222195.558781,32401.455318780023,85.543207,62.383972173913044,10.50008990742213,0.2088283551165686,10,64,,True,True,,190,87.6246207195492
212,2026-09-18T06:50:11.848+00:00,2026-09-18T06:53:55.299+00:00,2026-09-18T06:53:59.849+00:00,True,74,74.0,,74.0,223450.45962900002,228001.070317,228001.070149,3081.095542554054,38.225949,223450.45962900002,25968.342891705994,70.49314539999999,62.33713271232877,7.706468163294962,0.32455987990369745,10,64,,True,True,,348,87.6246207195492
213,2026-09-18T06:50:12.279+00:00,2026-09-18T06:53:57.057+00:00,2026-09-18T06:53:57.252+00:00,True,4,4.0,,4.0,224778.774761,224973.776361,224973.77645600002,56243.444114000005,62.699603,224778.774761,112356.88710981404,191071.89718175,65.00053333333334,1.9955864921143693,0.017779850010525112,10,64,,True,True,,19,87.6246207195492
214,2026-09-18T06:50:12.591+00:00,2026-09-18T06:53:58.028+00:00,2026-09-18T06:54:03.809+00:00,True,94,94.0,,94.0,225436.58635,231217.83563,231217.835477,2459.7642072021276,36.355582000000005,225436.58635,23245.599114942215,82.47373875000001,62.16397075268817,10.518612213430638,0.40654303221841814,10,64,,True,True,,468,87.6246207195492
215,2026-09-18T06:50:12.997+00:00,2026-09-18T06:53:59.721+00:00,2026-09-18T06:54:05.453+00:00,True,93,93.0,,93.0,226724.587737,232456.46485699998,232456.46487599998,2499.531880387097,36.396622,226724.587737,23503.785949206147,76.6577386,62.30301217391305,9.556131499980461,0.40007491319809374,10,64,,True,True,,377,87.6246207195492
216,2026-09-18T06:50:13.256+00:00,2026-09-18T06:54:00.624+00:00,2026-09-18T06:54:04.372+00:00,True,61,61.0,,61.0,227368.356365,231116.35610900001,231116.35588800002,3788.79271947541,36.022962,227368.356365,29103.53871332975,90.34028099999999,62.4666624,10.336474554638475,0.2639363177361231,10,64,,True,True,,226,87.6246207195492
217,2026-09-18T06:50:13.572+00:00,2026-09-18T06:54:02.079+00:00,2026-09-18T06:54:02.616+00:00,True,9,9.0,,9.0,228506.819955,229043.86776300002,229043.86783,25449.318647777778,45.408196000000004,228506.819955,76146.56465817812,137141.60401060001,67.130976,17.038513388823567,0.039293782836887066,10,64,,True,True,,36,87.6246207195492
218,2026-09-18T06:50:13.965+00:00,2026-09-18T06:54:03.305+00:00,2026-09-18T06:54:07.346+00:00,True,66,66.0,,66.0,229340.271305,233381.240009,233381.239879,3536.079392106061,36.260332000000005,229340.271305,28222.185904197657,91.90980824999998,62.16874929230769,11.757560820247562,0.2827990801550922,10,64,,True,True,,250,87.6246207195492
219,2026-09-18T06:50:14.446+00:00,2026-09-18T06:54:04.997+00:00,2026-09-18T06:54:06.897+00:00,True,32,32.0,,32.0,230551.579313,232450.875825,232450.875727,7264.08986646875,34.986883999999996,230551.579313,40745.31708366487,91.0022622,61.26762941935484,11.185451622270232,0.13766349507794978,10,64,,True,True,,159,87.6246207195492
220,2026-09-18T06:50:14.787+00:00,2026-09-18T06:54:06.386+00:00,2026-09-18T06:54:07.345+00:00,True,15,15.0,,15.0,231598.88497299998,232557.60599699998,232557.60611799997,15503.840407866664,41.964802000000006,231598.88497299998,59780.89641326716,69550.8721932,68.48007314285715,19.41540375106921,0.06450014797707156,10,64,,True,True,,75,87.6246207195492
221,2026-09-18T06:50:15.071+00:00,2026-09-18T06:54:07.534+00:00,2026-09-18T06:54:12.906+00:00,True,86,86.0,,86.0,232462.735478,237834.80792599998,237834.80792999998,2765.52102244186,37.194131,232462.735478,25060.28989275042,92.15596300000001,63.20085232941177,13.480144764477867,0.3615955156015602,10,64,,True,True,,412,87.6246207195492
222,2026-09-18T06:50:15.506+00:00,2026-09-18T06:54:09.118+00:00,2026-09-18T06:54:10.768+00:00,True,29,29.0,,29.0,233611.70647499998,235261.376107,235261.37602599998,8112.461242275862,40.483204,233611.70647499998,43369.66496329089,69.8579654,58.916772571428574,7.916808615562074,0.12326715281479275,10,64,,True,True,,99,87.6246207195492
223,2026-09-18T06:50:15.785+00:00,2026-09-18T06:54:10.149+00:00,2026-09-18T06:54:14.554+00:00,True,72,72.0,,72.0,234363.752539,238769.08450700002,238769.084501,3316.237284736111,34.890854,234363.752539,27612.72337137763,92.9480681,62.04692912676057,11.97012310246075,0.30154657647015926,10,64,,True,True,,333,87.6246207195492
224,2026-09-18T06:50:16.145+00:00,2026-09-18T06:54:11.713+00:00,2026-09-18T06:54:12.039+00:00,True,6,6.0,,6.0,235567.988485,235893.996549,235893.99645500001,39315.66607583334,43.354309,235567.988485,96143.61218448858,176701.48889574996,65.20161279999999,22.125857992564338,0.025435153449331963,10,64,,True,True,,37,87.6246207195492
226,2026-09-18T06:50:17.243+00:00,2026-09-18T06:54:12.509+00:00,2026-09-18T06:54:14.673+00:00,True,37,37.0,,37.0,235266.12344999998,237429.877946,237429.87790899997,6417.02372727027,38.159579,235266.12344999998,38667.632374384346,72.49292460000001,60.104291555555555,8.991809446475598,0.1558354842283797,10,64,,True,True,,187,87.6246207195492
225,2026-09-18T06:50:17.192+00:00,2026-09-18T06:54:14.070+00:00,2026-09-18T06:54:16.307+00:00,True,38,38.0,,38.0,236877.565743,239114.51857500002,239114.51847600003,6292.4873283157895,35.113324,236877.565743,38416.8090170439,73.37830955,60.45818464864865,10.055429227945293,0.1589196683934565,10,64,,True,True,,178,87.6246207195492
227,2026-09-18T06:50:17.258+00:00,2026-09-18T06:54:14.488+00:00,2026-09-18T06:54:18.635+00:00,True,66,66.0,,66.0,237229.381234,241376.84261,241376.842549,3657.2248871060606,34.375326,237229.381234,29193.066735341745,95.74694525,63.8070980923077,12.430758349041001,0.2734313668467287,10,64,,True,True,,332,87.6246207195492
228,2026-09-18T06:50:17.583+00:00,2026-09-18T06:54:17.698+00:00,2026-09-18T06:54:17.821+00:00,True,3,3.0,,3.0,240115.19571200002,240238.508608,240238.50869100002,80079.502897,60.245838000000006,240115.19571200002,138594.97549721174,216109.98285490004,61.656448,1.9950141018769767,0.01248759000953979,10,64,,True,True,,11,87.6246207195492
229,2026-09-18T06:50:17.863+00:00,2026-09-18T06:54:18.758+00:00,2026-09-18T06:54:24.633+00:00,True,94,94.0,,94.0,240895.447064,246769.939992,246769.939986,2625.2121275106383,37.51085,240895.447064,24839.95494868449,79.61114485,63.166590623655914,9.67045056582517,0.3809215984858098,10,64,,True,True,,341,87.6246207195492
230,2026-09-18T06:50:18.195+00:00,2026-09-18T06:54:19.976+00:00,2026-09-18T06:54:25.472+00:00,True,89,89.0,,89.0,241780.636707,247276.72323499998,247276.723068,2778.3901468314607,33.496947,241780.636707,25622.07793601112,79.2477696,62.45552872727273,10.117853088588257,0.35992065421951847,10,64,,True,True,,441,87.6246207195492
231,2026-09-18T06:50:18.510+00:00,2026-09-18T06:54:21.367+00:00,2026-09-18T06:54:23.541+00:00,True,36,36.0,,36.0,242856.68486500002,245031.62323300002,245031.623273,6806.433979805556,41.090423,242856.68486500002,40465.75853857703,86.09029625,62.14109622857143,10.18025321931531,0.14691981192063394,10,64,,True,True,,167,87.6246207195492
232,2026-09-18T06:50:18.871+00:00,2026-09-18T06:54:22.968+00:00,2026-09-18T06:54:24.694+00:00,True,29,29.0,,29.0,244097.381332,245823.49614799998,245823.495921,8476.67227313793,41.065173,244097.381332,45316.29926975253,85.145649,61.64695771428572,9.91689421691547,0.11797082237631314,10,64,,True,True,,171,87.6246207195492
233,2026-09-18T06:50:19.358+00:00,2026-09-18T06:54:24.979+00:00,2026-09-18T06:54:29.100+00:00,True,65,65.0,,65.0,245620.90115599998,249741.89494799997,249741.89492999998,3842.1829989230764,40.511773999999996,245620.90115599998,30457.539414445335,94.1384362,64.390528,13.144399619234335,0.2602687066722785,10,64,,True,True,,377,87.6246207195492
234,2026-09-18T06:50:19.673+00:00,2026-09-18T06:54:26.004+00:00,2026-09-18T06:54:29.421+00:00,True,54,54.0,,54.0,246331.71829699998,249748.30044099997,249748.30047,4624.968527222222,34.196356,246331.71829699998,33512.73181050928,96.33525045,64.46381403773584,14.932351203011855,0.21621768758645407,10,64,,True,True,,283,87.6246207195492
235,2026-09-18T06:50:20.079+00:00,2026-09-18T06:54:27.447+00:00,2026-09-18T06:54:31.392+00:00,True,63,63.0,,63.0,247368.205685,251313.294965,251313.29501899998,3989.0999209365077,35.121374,247368.205685,31157.450441733185,96.9205859,63.630472258064515,12.900216624522859,0.2506831165011541,10,64,,True,True,,271,87.6246207195492
236,2026-09-18T06:50:20.474+00:00,2026-09-18T06:54:29.159+00:00,2026-09-18T06:54:30.594+00:00,True,24,24.0,,24.0,248684.36135,250119.310214,250119.310103,10421.637920958334,37.28545,248684.36135,50749.74859426716,91.38692499999999,62.38908104347826,10.393408132250345,0.09595420673224231,10,64,,True,True,,75,87.6246207195492
237,2026-09-18T06:50:20.897+00:00,2026-09-18T06:54:30.785+00:00,2026-09-18T06:54:32.081+00:00,True,22,22.0,,22.0,249887.738285,251184.480941,251184.480797,11417.476399863637,40.149925,249887.738285,53263.08014002075,74.2879782,61.74965028571428,6.666985262708003,0.08758502881062752,10,64,,True,True,,141,87.6246207195492
238,2026-09-18T06:50:21.255+00:00,2026-09-18T06:54:31.897+00:00,2026-09-18T06:54:33.101+00:00,True,20,20.0,,20.0,250641.57103400002,251845.79529,251845.79525900004,12592.28976295,41.887631999999996,250641.57103400002,56030.98822197504,12623.70588925,63.380224,12.816208391112525,0.07941367445491807,10,64,,True,True,,74,87.6246207195492
239,2026-09-18T06:50:21.660+00:00,2026-09-18T06:54:33.288+00:00,2026-09-18T06:54:37.569+00:00,True,69,69.0,,69.0,251627.994266,255909.687706,255909.687679,3708.8360533188406,39.256946000000006,251627.994266,30284.872565469675,93.8127762,62.96608,11.200438122243208,0.26962636943729207,10,64,,True,True,,355,87.6246207195492
240,2026-09-18T06:50:21.954+00:00,2026-09-18T06:54:34.532+00:00,2026-09-18T06:54:37.531+00:00,True,48,48.0,,48.0,252577.44265,255577.099098,255577.09915400003,5324.522899041667,38.153889,252577.44265,36447.20387590145,101.77768664999999,63.82247761702128,12.89020659318531,0.18781025439839816,10,64,,True,True,,231,87.6246207195492
241,2026-09-18T06:50:22.359+00:00,2026-09-18T06:54:36.066+00:00,2026-09-18T06:54:40.330+00:00,True,68,68.0,,68.0,253706.855815,257970.551431,257970.551422,3793.684579735294,37.319919999999996,253706.855815,30758.76142477643,98.4492715,63.637248,14.02350487212942,0.26359597877662455,10,64,,True,True,,330,87.6246207195492
242,2026-09-18T06:50:22.766+00:00,2026-09-18T06:54:37.723+00:00,2026-09-18T06:54:43.145+00:00,True,89,89.0,,89.0,254956.24968399998,260378.73698,260378.736942,2925.6037858651684,37.39264,254956.24968399998,27018.778317353343,68.7903934,61.61917381818182,9.117072667979606,0.34180978459403233,10,64,,True,True,,401,87.6246207195492
243,2026-09-18T06:50:23.238+00:00,2026-09-18T06:54:39.763+00:00,2026-09-18T06:54:40.037+00:00,True,5,5.0,,5.0,256524.743964,256799.276828,256799.27684,51359.855368,49.527977,256524.743964,114690.66135259853,205240.74755,68.633216,24.598233850543334,0.019470459814997527,10,64,,True,True,,11,87.6246207195492
244,2026-09-18T06:50:23.665+00:00,2026-09-18T06:54:40.893+00:00,2026-09-18T06:54:42.770+00:00,True,32,32.0,,32.0,257228.051725,259105.195533,259105.195482,8097.0373588125,35.744093,257228.051725,45461.22112940495,68.88968204999999,60.553026064516125,7.327046890624925,0.12350196195091132,10,64,,True,True,,107,87.6246207195492
245,2026-09-18T06:50:24.141+00:00,2026-09-18T06:54:42.606+00:00,2026-09-18T06:54:43.457+00:00,True,15,15.0,,15.0,258464.722908,259315.798748,259315.798535,17287.719902333334,37.54247,258464.722908,66719.60863700972,77586.1268609,60.791131428571425,7.0111196685730555,0.0578445280712604,10,64,,True,True,,48,87.6246207195492
246,2026-09-18T06:50:24.528+00:00,2026-09-18T06:54:44.096+00:00,2026-09-18T06:54:47.675+00:00,True,60,60.0,,60.0,259567.735903,263146.448735,263146.448633,4385.774143883334,38.310008,259567.735903,33502.221509724484,83.6300045,60.65614969491526,10.353130640882933,0.2280099172473448,10,64,,True,True,,304,87.6246207195492
247,2026-09-18T06:50:24.810+00:00,2026-09-18T06:54:44.992+00:00,2026-09-18T06:54:48.256+00:00,True,55,55.0,,55.0,260181.343026,263445.65099399997,263445.65092499997,4789.92092590909,36.695982,260181.343026,35074.695496815744,85.1372991,60.45014755555555,10.20170716701111,0.20877171360575106,10,64,,True,True,,162,87.6246207195492
248,2026-09-18T06:50:25.142+00:00,2026-09-18T06:54:46.086+00:00,2026-09-18T06:54:50.017+00:00,True,66,66.0,,66.0,260944.15508899998,264874.324433,264874.324301,4013.247337893939,35.604214,260944.15508899998,32112.564009753318,78.712872,60.46414375384615,9.953570233821628,0.2491747742680688,10,64,,True,True,,331,87.6246207195492
249,2026-09-18T06:50:25.500+00:00,2026-09-18T06:54:47.298+00:00,2026-09-18T06:54:53.219+00:00,True,100,100.0,,100.0,261798.09757100002,267719.74006700004,267719.740004,2677.19740004,36.339022,261798.09757100002,26173.8304410801,70.49489015,59.81457066666666,10.640441177301748,0.37352494057768704,10,64,,True,True,,459,87.6246207195492
250,2026-09-18T06:50:25.823+00:00,2026-09-18T06:54:48.534+00:00,2026-09-18T06:54:49.673+00:00,True,20,20.0,,20.0,262711.261012,263849.912916,263849.91292,13192.495646,40.290694,262711.261012,58730.62352406723,13199.22282135,59.92904757894736,5.664448585041877,0.07580066932357585,10,64,,True,True,,91,87.6246207195492
251,2026-09-18T06:50:26.282+00:00,2026-09-18T06:54:50.363+00:00,2026-09-18T06:54:54.698+00:00,True,74,74.0,,74.0,264080.924835,268415.964579,268415.964369,3627.2427617432436,36.610852,264080.924835,30691.882226488942,68.3188346,59.38410608219178,9.786536909754705,0.27569150037728235,10,64,,True,True,,339,87.6246207195492
252,2026-09-18T06:50:26.753+00:00,2026-09-18T06:54:52.171+00:00,2026-09-18T06:54:58.056+00:00,True,96,96.0,,96.0,265418.29515900003,271303.72645500005,271303.726427,2826.0804836145835,36.836961,265418.29515900003,27082.820918549125,93.6938165,61.95190837894737,11.802318569953647,0.3538469642654285,10,64,,True,True,,244,87.6246207195492
253,2026-09-18T06:50:27.240+00:00,2026-09-18T06:54:53.887+00:00,2026-09-18T06:54:59.428+00:00,True,89,89.0,,89.0,266646.342906,272187.657722,272187.657783,3058.288289696629,36.956131,266646.342906,28257.7840881147,97.00832419999999,62.969486545454544,13.14190060284662,0.3269802927320846,10,64,,True,True,,356,87.6246207195492
254,2026-09-18T06:50:27.653+00:00,2026-09-18T06:54:55.216+00:00,2026-09-18T06:54:55.759+00:00,True,10,10.0,,10.0,267563.689427,268106.242003,268106.242112,26810.6242112,53.45172,267563.689427,84592.00455517038,147191.5277174,60.28361955555555,5.136442836097544,0.03729864670546576,10,64,,True,True,,43,87.6246207195492
255,2026-09-18T06:50:27.986+00:00,2026-09-18T06:54:56.765+00:00,2026-09-18T06:54:58.760+00:00,True,31,31.0,,31.0,268779.870541,270774.118477,270774.11845199997,8734.64898232258,36.465052,268779.870541,48262.35289638382,102.495462,66.4749312,15.217406383767383,0.11448656974441666,10,64,,True,True,,195,87.6246207195492
256,2026-09-18T06:50:28.275+00:00,2026-09-18T06:54:57.758+00:00,2026-09-18T06:55:00.623+00:00,True,47,47.0,,47.0,269482.95226499997,272347.692873,272347.69283099996,5794.6317623617015,35.394633,269482.95226499997,39299.04581697958,83.89569610000001,62.276969739130436,10.24176458859335,0.17257351991565004,10,64,,True,True,,56,87.6246207195492
257,2026-09-18T06:50:28.759+00:00,2026-09-18T06:54:59.769+00:00,2026-09-18T06:55:00.618+00:00,True,15,15.0,,15.0,271010.373315,271859.47744299995,271859.477462,18123.965164133333,45.491254999999995,271010.373315,69958.91783005714,81349.97363729999,60.65029485714286,5.050889492999439,0.05517556401227546,10,64,,True,True,,53,87.6246207195492
258,2026-09-18T06:50:29.037+00:00,2026-09-18T06:55:00.994+00:00,2026-09-18T06:55:06.304+00:00,True,84,84.0,,84.0,271957.13399,277267.75799,277267.757867,3300.8066412738094,36.735881,271957.13399,29665.977726840505,95.00086964999998,63.983421686746986,13.159083038692119,0.30295624925502357,10,64,,True,True,,260,87.6246207195492
259,2026-09-18T06:50:29.449+00:00,2026-09-18T06:55:02.436+00:00,2026-09-18T06:55:03.887+00:00,True,24,24.0,,24.0,272987.28259500006,274437.86077100004,274437.86071300006,11434.910863041669,39.850485,272987.28259500006,55710.423401645894,95.29247005,63.06861634782609,13.26087935728174,0.08745149059453713,10,64,,True,True,,117,87.6246207195492
260,2026-09-18T06:50:29.718+00:00,2026-09-18T06:55:03.208+00:00,2026-09-18T06:55:09.124+00:00,True,94,94.0,,94.0,273489.821323,279405.785995,279405.786035,2972.401979095745,38.989976999999996,273489.821323,28201.76303194542,93.78519714999999,63.61252335483871,12.920692746715822,0.3364282513522542,10,64,,True,True,,575,87.6246207195492
261,2026-09-18T06:50:30.108+00:00,2026-09-18T06:55:04.568+00:00,2026-09-18T06:55:06.915+00:00,True,38,38.0,,38.0,274460.28578,276806.71521999995,276806.71522899996,7284.387242868421,42.46139,274460.28578,44513.05139649061,94.5136654,63.41701189189189,11.282192317232221,0.137279906557897,10,64,,True,True,,150,87.6246207195492
262,2026-09-18T06:50:30.402+00:00,2026-09-18T06:55:06.045+00:00,2026-09-18T06:55:08.640+00:00,True,42,42.0,,42.0,275643.749291,278238.026411,278238.026504,6624.714916761905,35.905913,275643.749291,42522.991671339056,91.42430125000001,63.275051707317076,10.696113213921116,0.15094989186689958,10,64,,True,True,,169,87.6246207195492
263,2026-09-18T06:50:30.673+00:00,2026-09-18T06:55:07.255+00:00,2026-09-18T06:55:13.173+00:00,True,96,96.0,,96.0,276581.980822,282500.18344600004,282500.18339,2942.7102436458335,37.203160000000004,276581.980822,28222.174355357118,91.62528775000001,62.29686972631579,11.434488514566658,0.3398227881800665,10,64,,True,True,,449,87.6246207195492
264,2026-09-18T06:50:30.989+00:00,2026-09-18T06:55:08.321+00:00,2026-09-18T06:55:09.826+00:00,True,26,26.0,,26.0,277331.745596,278836.767804,278836.767932,10724.491074307693,40.692074,277331.745596,54377.42515243089,92.32368725,60.20088832,12.690322224333833,0.09324451794777627,10,64,,True,True,,118,87.6246207195492
265,2026-09-18T06:50:31.288+00:00,2026-09-18T06:55:09.472+00:00,2026-09-18T06:55:09.763+00:00,True,6,6.0,,6.0,278183.326428,278474.171868,278474.171703,46412.3619505,41.517172,278183.326428,113544.12034798248,208653.78947299998,58.169088,9.463014605998662,0.02154598381513123,10,64,,True,True,,21,87.6246207195492
266,2026-09-18T06:50:31.648+00:00,2026-09-18T06:55:10.947+00:00,2026-09-18T06:55:16.924+00:00,True,96,96.0,,96.0,279298.590785,285275.48115300003,285275.481134,2971.6195951458335,36.649612,279298.590785,28499.37405394616,91.95789475,62.91463545263158,11.251801733425186,0.33651682791663723,10,64,,True,True,,519,87.6246207195492
267,2026-09-18T06:50:31.976+00:00,2026-09-18T06:55:12.067+00:00,2026-09-18T06:55:13.915+00:00,True,31,31.0,,31.0,280090.52344,281938.927152,281938.927182,9094.804102645161,36.485942,280090.52344,50294.67840444473,90.8647595,61.61345706666667,12.287342749261063,0.10995289055380124,10,64,,True,True,,120,87.6246207195492
268,2026-09-18T06:50:32.252+00:00,2026-09-18T06:55:12.473+00:00,2026-09-18T06:55:14.770+00:00,True,38,38.0,,38.0,280220.434717,282517.922077,282517.92210799997,7434.682160736842,37.786559000000004,280220.434717,45447.685460166686,91.10803130000001,62.094252972972974,11.140793669249218,0.1345047412236139,10,64,,True,True,,168,87.6246207195492
269,2026-09-18T06:50:32.591+00:00,2026-09-18T06:55:13.630+00:00,2026-09-18T06:55:14.897+00:00,True,21,21.0,,21.0,281038.851071,282305.830143,282305.830205,13443.134771666666,40.822103000000006,281038.851071,61313.88192499261,91.415349,63.3489536,9.128893293788224,0.07438741165693462,10,64,,True,True,,103,87.6246207195492
270,2026-09-18T06:50:32.990+00:00,2026-09-18T06:55:15.241+00:00,2026-09-18T06:55:17.088+00:00,True,31,31.0,,31.0,282251.795614,284098.040734,284098.040641,9164.452923903225,37.62355,282251.795614,50682.866595496875,78.38789799999999,61.541504,9.02356851548908,0.10911726078753634,10,64,,True,True,,87,87.6246207195492
271,2026-09-18T06:50:33.450+00:00,2026-09-18T06:55:17.398+00:00,2026-09-18T06:55:18.759+00:00,True,24,24.0,,24.0,283948.094798,285308.816718,285308.816845,11887.867368541667,38.879117,283948.094798,57948.58657896691,76.78872735,59.16182260869565,9.818809187459795,0.08411937729818446,10,64,,True,True,,119,87.6246207195492
272,2026-09-18T06:50:34.737+00:00,2026-09-18T06:55:18.515+00:00,2026-09-18T06:55:23.436+00:00,True,80,80.0,,80.0,283777.819638,288698.628598,288698.628545,3608.7328568125,32.229150000000004,283777.819638,31720.362098674213,74.56030475000001,62.28872101265823,9.580407224688315,0.2771055768034023,10,64,,True,True,,255,87.6246207195492
273,2026-09-18T06:50:34.752+00:00,2026-09-18T06:55:18.699+00:00,2026-09-18T06:55:22.234+00:00,True,58,58.0,,58.0,283946.68577,287482.094666,287482.09480699996,4956.5878415,37.982548,283946.68577,37275.88324155147,75.91479460000001,62.02471747368421,8.949465817384207,0.20175169541388333,10,64,,True,True,,282,87.6246207195492
274,2026-09-18T06:50:34.792+00:00,2026-09-18T06:55:18.887+00:00,2026-09-18T06:55:23.805+00:00,True,81,81.0,,81.0,284094.73132200004,289013.59468200005,289013.59471300006,3568.069070530865,37.419230000000006,284094.73132200004,31559.25111361166,78.621843,61.485792,10.145342610704441,0.2802636328893934,10,64,,True,True,,395,87.6246207195492
275,2026-09-18T06:50:34.991+00:00,2026-09-18T06:55:22.046+00:00,2026-09-18T06:55:27.115+00:00,True,83,83.0,,83.0,287054.772641,292123.71497699997,292123.714951,3519.56283073494,34.051415999999996,287054.772641,31501.571148794734,86.76548859999998,61.816369951219514,10.355783385368243,0.2841261963498407,10,64,,True,True,,449,87.6246207195492
276,2026-09-18T06:50:35.415+00:00,2026-09-18T06:55:24.978+00:00,2026-09-18T06:55:28.604+00:00,True,59,59.0,,59.0,289562.909202,293188.458514,293188.4585,4969.295906779661,38.956527,289562.909202,37689.743236597154,88.53000630000001,62.50947089655172,10.6078530251571,0.2012357522497179,10,64,,True,True,,154,87.6246207195492
277,2026-09-18T06:50:35.860+00:00,2026-09-18T06:55:26.559+00:00,2026-09-18T06:55:27.048+00:00,True,9,9.0,,9.0,290699.069467,291187.92834700004,291187.928289,32354.214254333336,50.807303999999995,290699.069467,96879.32082170421,174446.34202580003,61.10736,5.089033042930314,0.03090787468797459,10,64,,True,True,,33,87.6246207195492
278,2026-09-18T06:50:36.348+00:00,2026-09-18T06:55:28.368+00:00,2026-09-18T06:55:30.486+00:00,True,36,36.0,,36.0,292020.005214,294138.48431800003,294138.484279,8170.513452194445,34.313305,292020.005214,48659.91463413126,91.7291155,60.5279744,13.281160379226373,0.12239132898053405,10,64,,True,True,,218,87.6246207195492
279,2026-09-18T06:50:36.681+00:00,2026-09-18T06:55:29.822+00:00,2026-09-18T06:55:35.611+00:00,True,92,92.0,,92.0,293140.702531,298929.60544300004,298929.60532000003,3249.2348404347827,37.07295,293140.702531,30555.400342047593,90.1231131,63.61431771428572,10.190780554985311,0.30776476576704476,10,64,,True,True,,426,87.6246207195492
280,2026-09-18T06:50:37.129+00:00,2026-09-18T06:55:31.196+00:00,2026-09-18T06:55:31.573+00:00,True,7,7.0,,7.0,294066.46113999997,294444.196564,294444.19659099996,42063.45665585714,59.937998,294066.46113999997,111122.87994538949,205866.90341859998,62.955904,2.717924185145421,0.02377360491966256,10,64,,True,True,,30,87.6246207195492
281,2026-09-18T06:50:37.613+00:00,2026-09-18T06:55:32.988+00:00,2026-09-18T06:55:37.685+00:00,False,75,74.0,,74.0,295374.398301,300071.46198100003,300071.461909,4000.9528254533334,0.035479,295374.398301,34099.57114574162,94.48099669999999,63.47383351351351,13.909192878063132,0.24660792303096635,10,64,,True,False,Request timeout: 300.0s exceeded,336,87.6246207195492
282,2026-09-18T06:50:38.094+00:00,2026-09-18T06:55:34.906+00:00,2026-09-18T06:55:38.149+00:00,False,52,51.0,,51.0,296812.409768,300055.36477600003,300055.364745,5770.295475865385,0.02542,296812.409768,41151.66014200674,95.37537715000002,63.587353098039216,14.87622529516603,0.16996863241579757,10,64,,True,False,Request timeout: 300.0s exceeded,300,87.6246207195492
283,2026-09-18T06:50:38.440+00:00,2026-09-18T06:55:36.399+00:00,2026-09-18T06:55:38.462+00:00,False,34,33.0,,33.0,297959.698204,300022.160668,300022.160646,8824.181195470588,0.03428,297959.698204,51088.950537647004,93.54957200000001,62.49886254545455,15.677493458100175,0.10999187502191649,10,64,,True,False,Request timeout: 300.0s exceeded,170,87.6246207195492
284,2026-09-18T06:50:38.839+00:00,2026-09-18T06:55:37.748+00:00,2026-09-18T06:55:38.275+00:00,True,9,9.0,,9.0,298908.896652,299436.28174,299436.281763,33270.69797366667,53.896218999999995,298908.896652,99614.32514865218,179383.18339640004,65.923136,12.111782118416194,0.030056477951508506,10,64,,True,True,,62,87.6246207195492
285,2026-09-18T06:50:39.312+00:00,2026-09-18T06:55:39.420+00:00,2026-09-18T06:55:39.420+00:00,False,1,0.0,,0.0,300107.789018,300107.789018,300107.789018,300107.789018,300107.789018,300107.789018,nan,300107.789018,nan,nan,0.0,10,64,,True,False,TTFT timeout: 300.0s exceeded (TTFT: 300.095s),0,87.6246207195492
286,2026-09-18T06:50:39.775+00:00,2026-09-18T06:55:39.790+00:00,2026-09-18T06:55:39.790+00:00,False,1,0.0,,0.0,300015.569479,300015.569479,300015.569479,300015.569479,300015.569479,300015.569479,nan,300015.569479,nan,nan,0.0,10,64,,True,False,TTFT timeout: 300.0s exceeded (TTFT: 300.011s),0,87.6246207195492
287,2026-09-18T06:50:40.197+00:00,2026-09-18T06:55:40.158+00:00,2026-09-18T06:55:40.228+00:00,False,3,2.0,,2.0,299961.624779,300031.175883,300031.175899,100010.39196633334,0.02214,299961.624779,173162.85062125514,269972.4151991,34.775552,49.14892195162161,0.006665973941254421,10,64,,True,False,Request timeout: 300.0s exceeded,7,87.6246207195492
288,2026-09-18T06:50:40.560+00:00,2026-09-18T06:55:40.458+00:00,2026-09-18T06:55:40.611+00:00,False,4,3.0,,3.0,299898.088919,300051.015127,300051.015203,75012.75380075,0.02495,299898.088919,149923.56148484396,254926.88149595005,50.97540266666667,46.16955396421695,0.009998299784888967,10,64,,True,False,Request timeout: 300.0s exceeded,11,87.6246207195492
289,2026-09-18T06:50:40.874+00:00,2026-09-18T06:55:40.981+00:00,2026-09-18T06:55:40.981+00:00,False,1,0.0,,0.0,300106.891139,300106.891139,300106.891139,300106.891139,300106.891139,300106.891139,nan,300106.891139,nan,nan,0.0,10,64,,True,False,"HTTPConnectionPool(host='gpu03', port=9002): Read timed out.",0,87.6246207195492
290,2026-09-18T06:50:41.153+00:00,2026-09-18T06:55:41.193+00:00,2026-09-18T06:55:41.297+00:00,False,3,2.0,,2.0,300039.736158,300144.204894,300144.205052,100048.06835066667,0.024699000000000002,300039.736158,173197.87273557048,270046.2069617,52.234368,73.83579593507832,0.006663463653100772,10,64,,True,False,Request timeout: 300.0s exceeded,8,87.6246207195492
291,2026-09-18T06:50:41.437+00:00,2026-09-18T06:55:41.409+00:00,2026-09-18T06:55:41.499+00:00,False,3,2.0,,2.0,299972.240977,300062.486353,300062.486538,100020.82884599999,0.07071,299972.240977,173163.00828864926,269984.03436439997,45.122688,63.71319466686668,0.00666527837020972,10,64,,True,False,Request timeout: 300.0s exceeded,3,87.6246207195492
292,2026-09-18T06:50:41.783+00:00,2026-09-18T06:55:41.745+00:00,2026-09-18T06:55:41.834+00:00,False,3,2.0,,2.0,299962.370067,300051.25480299996,300051.25464999996,100017.08488333333,0.0202,299962.370067,173157.70203402895,269975.0194986,44.442368,62.822398514490615,0.006665527865607859,10,64,,True,False,Request timeout: 300.0s exceeded,10,87.6246207195492
293,2026-09-18T06:50:42.217+00:00,2026-09-18T06:55:42.329+00:00,2026-09-18T06:55:42.329+00:00,False,1,0.0,,0.0,300111.751215,300111.751215,300111.751215,300111.751215,300111.751215,300111.751215,nan,300111.751215,nan,nan,0.0,10,64,,True,False,"HTTPConnectionPool(host='gpu03', port=9002): Read timed out.",0,87.6246207195492
294,2026-09-18T06:50:42.593+00:00,2026-09-18T06:55:42.701+00:00,2026-09-18T06:55:42.701+00:00,False,1,0.0,,0.0,300107.54942299996,300107.54942299996,300107.54942299996,300107.54942299996,300107.54942299996,300107.54942299996,nan,300107.54942299996,nan,nan,0.0,10,64,,True,False,"HTTPConnectionPool(host='gpu03', port=9002): Read timed out.",0,87.6246207195492
295,2026-09-18T06:50:43.024+00:00,2026-09-18T06:55:42.891+00:00,2026-09-18T06:55:43.053+00:00,False,4,3.0,,3.0,299866.922783,300029.717023,300029.716939,75007.42923475,0.0442,299866.922783,149906.33403469005,254900.09495494998,54.26474666666667,47.431273798836365,0.009999009530679332,10,64,,True,False,Request timeout: 300.0s exceeded,9,87.6246207195492
296,2026-09-18T06:50:43.302+00:00,2026-09-18T06:55:43.142+00:00,2026-09-18T06:55:43.372+00:00,False,6,5.0,,5.0,299840.021007,300070.336015,300070.336035,50011.7226725,0.040600000000000004,299840.021007,122390.37343197413,224896.85696125,46.0630016,28.131913678003436,0.01666276002620285,10,64,,True,False,Request timeout: 300.0s exceeded,12,87.6246207195492
297,2026-09-18T06:50:43.666+00:00,2026-09-18T06:55:43.775+00:00,2026-09-18T06:55:43.775+00:00,False,1,0.0,,0.0,300109.390233,300109.390233,300109.390233,300109.390233,300109.390233,300109.390233,nan,300109.390233,nan,nan,0.0,10,64,,True,False,"HTTPConnectionPool(host='gpu03', port=9002): Read timed out.",0,87.6246207195492
298,2026-09-18T06:50:43.932+00:00,2026-09-18T06:55:44.000+00:00,2026-09-18T06:55:44.000+00:00,False,1,0.0,,0.0,300068.237493,300068.237493,300068.237493,300068.237493,300068.237493,300068.237493,nan,300068.237493,nan,nan,0.0,10,64,,True,False,"HTTPConnectionPool(host='gpu03', port=9002): Read timed out.",0,87.6246207195492
299,2026-09-18T06:50:44.378+00:00,2026-09-18T06:55:44.354+00:00,2026-09-18T06:55:44.424+00:00,False,3,2.0,,2.0,299975.757766,300045.880774,300045.880804,100015.29360133334,0.03428,299975.757766,173170.84526160624,269985.1908652,35.061504,49.53594129195488,0.006665647249816558,10,64,,True,False,Request timeout: 300.0s exceeded,6,87.6246207195492
300,2026-09-18T06:50:44.663+00:00,2026-09-18T06:55:44.495+00:00,2026-09-18T06:55:45.817+00:00,False,23,22.0,,22.0,299832.472057,301154.22181699995,301154.22171799996,13093.661813826086,0.02539,299832.472057,62506.86749719977,90.51131589999999,60.07953454545455,18.870421030990588,0.07305227158119858,10,64,,True,False,Request timeout: 300.0s exceeded,103,87.6246207195492
301,2026-09-18T06:50:45.081+00:00,2026-09-18T06:55:45.447+00:00,2026-09-18T06:55:45.908+00:00,False,9,8.0,,8.0,300366.101855,300826.84092700004,300826.840901,33425.204544555556,0.038450000000000005,300366.101855,100102.84040051323,180256.6459158,57.592384,29.907010750593177,0.02659337170628772,10,64,,True,False,Request timeout: 300.0s exceeded,30,87.6246207195492
302,2026-09-18T06:50:45.392+00:00,2026-09-18T06:55:45.696+00:00,2026-09-18T06:55:45.909+00:00,False,6,5.0,,5.0,300303.948284,300516.711676,300516.711495,50086.1185825,0.03976,300303.948284,122581.20345689559,225243.56514874997,42.5526784,24.71867157987542,0.016638009820201662,10,64,,True,False,Request timeout: 300.0s exceeded,18,87.6246207195492
304,2026-09-18T06:50:46.069+00:00,2026-09-18T06:55:46.089+00:00,2026-09-18T06:55:46.089+00:00,False,1,0.0,,0.0,300020.661508,300020.661508,300020.661508,300020.661508,300020.661508,300020.661508,nan,300020.661508,nan,nan,0.0,10,64,,True,False,"HTTPConnectionPool(host='gpu03', port=9002): Read timed out.",0,87.6246207195492
305,2026-09-18T06:50:46.438+00:00,2026-09-18T06:55:46.706+00:00,2026-09-18T06:55:46.706+00:00,False,1,0.0,,0.0,300267.970575,300267.970575,300267.970575,300267.970575,300267.970575,300267.970575,nan,300267.970575,nan,nan,0.0,10,64,,True,False,"HTTPConnectionPool(host='gpu03', port=9002): Read timed out.",0,87.6246207195492
303,2026-09-18T06:50:45.681+00:00,2026-09-18T06:55:46.773+00:00,2026-09-18T06:55:46.773+00:00,False,1,0.0,,0.0,301091.668269,301091.668269,301091.668269,301091.668269,301091.668269,301091.668269,nan,301091.668269,nan,nan,0.0,10,64,,True,False,"HTTPConnectionPool(host='gpu03', port=9002): Read timed out.",0,87.6246207195492
306,2026-09-18T06:50:46.904+00:00,2026-09-18T06:55:47.021+00:00,2026-09-18T06:55:47.021+00:00,False,1,0.0,,0.0,300117.45894599997,300117.45894599997,300117.45894599997,300117.45894599997,300117.45894599997,300117.45894599997,nan,300117.45894599997,nan,nan,0.0,10,64,,True,False,"HTTPConnectionPool(host='gpu03', port=9002): Read timed out.",0,87.6246207195492
307,2026-09-18T06:50:47.215+00:00,2026-09-18T06:55:47.288+00:00,2026-09-18T06:55:47.288+00:00,False,1,0.0,,0.0,300073.010711,300073.010711,300073.010711,300073.010711,300073.010711,300073.010711,nan,300073.010711,nan,nan,0.0,10,64,,True,False,TTFT timeout: 300.0s exceeded (TTFT: 300.054s),0,87.6246207195492
308,2026-09-18T06:50:47.608+00:00,2026-09-18T06:55:47.289+00:00,2026-09-18T06:55:47.633+00:00,False,8,7.0,,7.0,299680.964637,300024.759325,300024.759432,37503.094929,0.03714,299680.964637,105935.8590674249,194815.63585864997,49.11352685714286,23.229836991139447,0.023331407766974635,10,64,,True,False,Request timeout: 300.0s exceeded,21,87.6246207195492
309,2026-09-18T06:50:48.032+00:00,2026-09-18T06:55:48.142+00:00,2026-09-18T06:55:48.142+00:00,False,1,0.0,,0.0,300109.92165100004,300109.92165100004,300109.92165100004,300109.92165100004,300109.92165100004,300109.92165100004,nan,300109.92165100004,nan,nan,0.0,10,64,,True,False,"HTTPConnectionPool(host='gpu03', port=9002): Read timed out.",0,87.6246207195492
310,2026-09-18T06:50:48.455+00:00,2026-09-18T06:55:48.557+00:00,2026-09-18T06:55:48.557+00:00,False,1,0.0,,0.0,300101.941215,300101.941215,300101.941215,300101.941215,300101.941215,300101.941215,nan,300101.941215,nan,nan,0.0,10,64,,True,False,TTFT timeout: 300.0s exceeded (TTFT: 300.097s),0,87.6246207195492
311,2026-09-18T06:50:48.723+00:00,2026-09-18T06:55:48.654+00:00,2026-09-18T06:55:48.744+00:00,False,3,2.0,,2.0,299931.16297899996,300020.905315,300020.9053,100006.96843333331,0.08699,299931.16297899996,173139.43709961663,269947.01221419993,44.871168,63.334321196652674,0.006666202136481611,10,64,,True,False,Request timeout: 300.0s exceeded,2,87.6246207195492
312,2026-09-18T06:50:49.018+00:00,2026-09-18T06:55:48.816+00:00,2026-09-18T06:55:49.045+00:00,False,5,4.0,,4.0,299798.479651,300027.386659,300027.386541,60005.4773082,0.037270000000000005,299798.479651,134048.36767878477,239856.243684,57.226752,38.91725328581307,0.013332116259594167,10,64,,True,False,Request timeout: 300.0s exceeded,21,87.6246207195492
313,2026-09-18T06:50:49.300+00:00,2026-09-18T06:55:49.350+00:00,2026-09-18T06:55:49.350+00:00,False,1,0.0,,0.0,300050.27895,300050.27895,300050.27895,300050.27895,300050.27895,300050.27895,nan,300050.27895,nan,nan,0.0,10,64,,True,False,"HTTPConnectionPool(host='gpu03', port=9002): Read timed out.",0,87.6246207195492
314,2026-09-18T06:50:49.614+00:00,2026-09-18T06:55:49.766+00:00,2026-09-18T06:55:49.766+00:00,False,1,0.0,,0.0,300151.83163200004,300151.83163200004,300151.83163200004,300151.83163200004,300151.83163200004,300151.83163200004,nan,300151.83163200004,nan,nan,0.0,10,64,,True,False,"HTTPConnectionPool(host='gpu03', port=9002): Read timed out.",0,87.6246207195492
315,2026-09-18T06:50:50.063+00:00,2026-09-18T06:55:50.020+00:00,2026-09-18T06:55:50.093+00:00,False,3,2.0,,2.0,299956.721706,300030.03421799996,300030.03424899996,100010.01141633332,0.0296,299956.721706,173158.93438762546,269968.37782969995,36.656256,51.79777789507191,0.006665999306412145,10,64,,True,False,Request timeout: 300.0s exceeded,9,87.6246207195492
316,2026-09-18T06:50:50.477+00:00,2026-09-18T06:55:50.380+00:00,2026-09-18T06:55:50.514+00:00,False,4,3.0,,3.0,299903.020587,300036.329259,300036.329317,75009.08232925,0.05271,299903.020587,149929.29555637453,254928.56683575,44.436224,39.016957100032705,0.00999878917132836,10,64,,True,False,Request timeout: 300.0s exceeded,17,87.6246207195492
317,2026-09-18T06:50:50.858+00:00,2026-09-18T06:55:50.926+00:00,2026-09-18T06:55:50.926+00:00,False,1,0.0,,0.0,300067.812579,300067.812579,300067.812579,300067.812579,300067.812579,300067.812579,nan,300067.812579,nan,nan,0.0,10,64,,True,False,"HTTPConnectionPool(host='gpu03', port=9002): Read timed out.",0,87.6246207195492
318,2026-09-18T06:50:51.236+00:00,2026-09-18T06:55:51.303+00:00,2026-09-18T06:55:51.303+00:00,False,1,0.0,,0.0,300067.19868000003,300067.19868000003,300067.19868000003,300067.19868000003,300067.19868000003,300067.19868000003,nan,300067.19868000003,nan,nan,0.0,10,64,,True,False,TTFT timeout: 300.0s exceeded (TTFT: 300.043s),0,87.6246207195492
319,2026-09-18T06:50:51.506+00:00,2026-09-18T06:55:51.458+00:00,2026-09-18T06:55:51.550+00:00,False,3,2.0,,2.0,299951.766959,300043.60439899995,300043.60430699994,100014.53476899999,0.037450000000000004,299951.766959,173150.72831765737,269965.77025289997,45.91872,64.88601894470543,0.006665697820842023,10,64,,True,False,Request timeout: 300.0s exceeded,8,87.6246207195492
320,2026-09-18T06:50:51.872+00:00,2026-09-18T06:55:51.799+00:00,2026-09-18T06:55:51.924+00:00,False,4,3.0,,3.0,299926.399368,300051.35527199996,300051.355223,75012.83880575,0.06995,299926.399368,149942.3765990228,254947.09005015,41.651968,36.06070342887415,0.009998288450590287,10,64,,True,False,Request timeout: 300.0s exceeded,11,87.6246207195492
321,2026-09-18T06:50:52.246+00:00,2026-09-18T06:55:52.350+00:00,2026-09-18T06:55:52.350+00:00,False,1,0.0,,0.0,300104.420024,300104.420024,300104.420024,300104.420024,300104.420024,300104.420024,nan,300104.420024,nan,nan,0.0,10,64,,True,False,"HTTPConnectionPool(host='gpu03', port=9002): Read timed out.",0,87.6246207195492
322,2026-09-18T06:50:52.716+00:00,2026-09-18T06:55:52.727+00:00,2026-09-18T06:55:52.727+00:00,False,1,0.0,,0.0,300011.224967,300011.224967,300011.224967,300011.224967,300011.224967,300011.224967,nan,300011.224967,nan,nan,0.0,10,64,,True,False,TTFT timeout: 300.0s exceeded (TTFT: 300.007s),0,87.6246207195492
0,2026-09-18T06:48:53.135+00:00,2026-09-18T06:48:53.322+00:00,2026-09-18T06:48:58.646+00:00,True,92,92.0,,92.0,186.296763,5510.799803,5510.799869,59.89999857608696,15.078332,186.296763,17.715644402326532,72.17141659999999,58.51102241758242,11.741699091571915,16.69449141482449,11,64,,False,True,,399,87.6246207195492
1,2026-09-18T06:48:53.603+00:00,2026-09-18T06:48:53.764+00:00,2026-09-18T06:48:58.292+00:00,True,77,77.0,,77.0,160.866011,4689.496539,4689.496366,60.90255020779221,23.232027,160.866011,15.278414910274368,71.4843316,59.58724378947368,10.077369363902786,16.419673062904035,11,64,,False,True,,362,87.6246207195492
2,2026-09-18T06:48:54.058+00:00,2026-09-18T06:48:55.354+00:00,2026-09-18T06:48:58.296+00:00,True,49,49.0,,49.0,1296.65826,4238.656084,4238.656154,86.50318681632653,37.28253,1296.65826,176.6089819800658,69.3034794,61.29162133333334,6.79478656827448,11.560267931376712,11,64,,False,True,,241,87.6246207195492
3,2026-09-18T06:48:54.629+00:00,2026-09-18T06:48:57.881+00:00,2026-09-18T06:48:58.107+00:00,True,5,5.0,,5.0,3251.662588,3478.337532,3478.337657,695.6675314,40.436205,3251.662588,1428.8757365857816,2613.987241,56.668736,10.879152686065215,1.4374683175514205,11,64,,False,True,,19,87.6246207195492
4,2026-09-18T06:48:55.170+00:00,2026-09-18T06:48:59.508+00:00,2026-09-18T06:49:04.482+00:00,True,85,85.0,,85.0,4337.9164,9312.219376000001,9312.219166,109.5555196,0.0,4337.9164,464.3063167234116,70.7851642,59.21789257142857,14.256055072804596,9.127791836505375,11,64,,False,True,,283,87.6246207195492
5,2026-09-18T06:48:55.714+00:00,2026-09-18T06:49:01.621+00:00,2026-09-18T06:49:02.609+00:00,True,18,18.0,,18.0,5907.343742999999,6895.750015,6895.750035999999,383.09722422222217,0.0,5907.343742999999,1378.85949707699,985.4604269999999,58.1415454117647,23.551590239576136,2.610303442097734,11,64,,False,True,,53,87.6246207195492
6,2026-09-18T06:48:56.081+00:00,2026-09-18T06:49:02.978+00:00,2026-09-18T06:49:06.807+00:00,True,65,65.0,,65.0,6896.260475,10725.397115,10725.39712,165.00610953846154,7.919145,6896.260475,848.1124887873506,68.92044200000001,59.83026,16.482819990940563,6.060381662614084,11,64,,False,True,,281,87.6246207195492
7,2026-09-18T06:48:56.634+00:00,2026-09-18T06:49:05.132+00:00,2026-09-18T06:49:06.552+00:00,True,24,24.0,,24.0,8498.561958,9917.958054,9917.95817,413.2482570833333,9.228583,8498.561958,1722.3485109300384,142.88373845,61.71287373913044,25.734268484146654,2.41985294445973,11,64,,False,True,,74,87.6246207195492
8,2026-09-18T06:48:57.067+00:00,2026-09-18T06:49:06.674+00:00,2026-09-18T06:49:07.295+00:00,True,11,11.0,,11.0,9606.822698999998,10228.553258999998,10228.553342999998,929.8684857272726,57.730483,9606.822698999998,2877.8221950158195,4837.430571499999,62.173056,3.62097038606909,1.075420904742439,11,64,,False,True,,46,87.6246207195492
9,2026-09-18T06:48:57.649+00:00,2026-09-18T06:49:08.709+00:00,2026-09-18T06:49:09.496+00:00,True,15,15.0,,15.0,11060.115068,11846.810748,11846.810825999999,789.7873883999999,38.105199,11060.115068,2841.216928133006,3365.5714882,56.192548571428574,10.003390690959492,1.2661635539786376,11,64,,False,True,,79,87.6246207195492
10,2026-09-18T06:48:58.155+00:00,2026-09-18T06:49:10.577+00:00,2026-09-18T06:49:14.451+00:00,True,65,65.0,,65.0,12421.624878,16296.009262,16296.009208000001,250.7078339692308,0.0,12421.624878,1533.567591954422,73.7000774,60.537256,33.64610558503295,3.9887066185934774,11,64,,False,True,,336,87.6246207195492
11,2026-09-18T06:48:58.627+00:00,2026-09-18T06:49:12.562+00:00,2026-09-18T06:49:18.246+00:00,True,96,96.0,,96.0,13934.467406,19619.093838,19619.093853,204.36556096875,0.0,13934.467406,1416.4893846118914,70.19813,59.83817296842105,34.50783208686875,4.893192356012829,11,64,,False,True,,476,87.6246207195492
12,2026-09-18T06:48:59.088+00:00,2026-09-18T06:49:14.323+00:00,2026-09-18T06:49:17.810+00:00,True,60,60.0,,60.0,15235.083059,18721.699379,18721.69943,312.02832383333333,0.0,15235.083059,1959.5355312176034,70.85400295000001,59.09519186440678,35.93404869778007,3.204837273869571,11,64,,False,True,,309,87.6246207195492
13,2026-09-18T06:48:59.572+00:00,2026-09-18T06:49:15.861+00:00,2026-09-18T06:49:16.343+00:00,True,9,9.0,,9.0,16289.67214,16771.207884,16771.207975,1863.4675527777779,39.367656000000004,16289.67214,5409.833155511376,9801.3166412,60.191968,8.920455600240286,0.5366339778416404,11,64,,False,True,,50,87.6246207195492
14,2026-09-18T06:49:00.099+00:00,2026-09-18T06:49:17.811+00:00,2026-09-18T06:49:22.293+00:00,True,73,73.0,,73.0,17711.541337000002,22193.500761000003,22193.500558000003,304.0205555890411,0.0,17711.541337000002,2066.4513338006345,89.08948260000001,62.24943644444445,56.357088896149435,3.2892512445932276,11,64,,False,True,,361,87.6246207195492
15,2026-09-18T06:49:00.554+00:00,2026-09-18T06:49:19.561+00:00,2026-09-18T06:49:21.155+00:00,True,26,26.0,,26.0,19007.09275,20600.649998,20600.649959,792.3326907307692,0.0,19007.09275,3715.5603768753103,265.9853255,63.742289920000005,59.90945548590656,1.26209609903203,11,64,,False,True,,120,87.6246207195492
16,2026-09-18T06:49:00.993+00:00,2026-09-18T06:49:21.164+00:00,2026-09-18T06:49:22.225+00:00,True,18,18.0,,18.0,20171.189237,21232.243188999997,21232.242984999997,1179.569054722222,0.01754,20171.189237,4740.434111174208,3348.9984725999993,62.41493835294118,86.9484449340841,0.8477672302343184,11,64,,False,True,,89,87.6246207195492
17,2026-09-18T06:49:01.338+00:00,2026-09-18T06:49:22.412+00:00,2026-09-18T06:49:25.327+00:00,True,49,49.0,,49.0,21074.330518,23989.220245999997,23989.220170999997,489.5759218571428,0.0,21074.330518,3002.3329420464647,97.7411784,60.72686933333333,48.875495141906896,2.042584106424649,11,64,,False,True,,241,87.6246207195492
18,2026-09-18T06:49:01.937+00:00,2026-09-18T06:49:24.632+00:00,2026-09-18T06:49:26.525+00:00,True,33,33.0,,33.0,22694.643107,24587.472035,24587.47198,745.0749084848485,38.312917999999996,22694.643107,3940.3477555264903,76.7774912,59.150904,10.79730652501645,1.3421469255979168,11,64,,False,True,,149,87.6246207195492
19,2026-09-18T06:49:02.555+00:00,2026-09-18T06:49:27.210+00:00,2026-09-18T06:49:31.342+00:00,True,69,69.0,,69.0,24655.420044,28786.641035999997,28786.640917999997,417.1976944637681,0.0,24655.420044,2961.2083765432512,71.124166,60.75324988235294,46.41491434092292,2.396945163338438,11,64,,False,True,,363,87.6246207195492
20,2026-09-18T06:49:03.125+00:00,2026-09-18T06:49:29.561+00:00,2026-09-18T06:49:34.127+00:00,True,76,76.0,,76.0,26435.832686,31001.59499,31001.595072,407.915724631579,0.0,26435.832686,3025.8371333361138,70.08672024999998,60.87683072,50.88619347313111,2.451486771068226,11,64,,False,True,,367,87.6246207195492
21,2026-09-18T06:49:03.535+00:00,2026-09-18T06:49:31.096+00:00,2026-09-18T06:49:36.870+00:00,True,97,97.0,,97.0,27560.261407,33334.520607,33334.520532,343.65485084536084,0.0,27560.261407,2793.022234717898,76.7245514,60.14853333333333,67.56481387785928,2.90989635470056,11,64,,False,True,,496,87.6246207195492
22,2026-09-18T06:49:04.061+00:00,2026-09-18T06:49:33.442+00:00,2026-09-18T06:49:36.591+00:00,True,60,60.0,,60.0,29381.594721999998,32530.189921999998,32530.189873,542.1698312166666,0.0,29381.594721999998,3786.8035447621874,92.720001,53.36602033898305,64.82541079903335,1.8444405072293264,11,64,,False,True,,219,87.6246207195492
23,2026-09-18T06:49:04.487+00:00,2026-09-18T06:49:35.189+00:00,2026-09-18T06:49:37.140+00:00,True,40,40.0,,40.0,30702.217891,32653.056419,32653.056432,816.3264108,0.01554,30702.217891,4846.618106129563,93.12624240000001,50.02150071794872,28.26594957986622,1.2250001802809796,11,64,,False,True,,163,87.6246207195492
24,2026-09-18T06:49:04.883+00:00,2026-09-18T06:49:36.097+00:00,2026-09-18T06:49:37.947+00:00,True,29,29.0,,29.0,31214.693291,33063.786923,33063.786869,1140.1305816896552,37.85654,31214.693291,5784.175650228731,99.03970100000001,66.03905828571429,13.753886990275118,0.8770925141616754,11,64,,False,True,,128,87.6246207195492
25,2026-09-18T06:49:05.320+00:00,2026-09-18T06:49:37.660+00:00,2026-09-18T06:49:43.074+00:00,True,91,91.0,,91.0,32339.523011,37753.897411,37753.897502,414.87799452747254,0.0,32339.523011,3384.190817780945,99.40756150000001,60.15971555555555,51.935535783485335,2.410347175798761,11,64,,False,True,,446,87.6246207195492
26,2026-09-18T06:49:05.670+00:00,2026-09-18T06:49:39.059+00:00,2026-09-18T06:49:40.034+00:00,True,18,18.0,,18.0,33388.94318,34363.726412,34363.726252,1909.095902888889,35.226635,33388.94318,7856.3404327191865,5065.340459950001,57.34019011764706,10.22556683586217,0.5238081511938211,11,64,,False,True,,87,87.6246207195492
27,2026-09-18T06:49:06.189+00:00,2026-09-18T06:49:40.991+00:00,2026-09-18T06:49:41.195+00:00,True,5,5.0,,5.0,34802.897487999995,35006.484816,35006.48497299999,7001.296994599999,36.773832,34802.897487999995,15541.571475880639,27854.870033199997,50.896832,13.394864415837786,0.14283067912362082,11,64,,False,True,,19,87.6246207195492
28,2026-09-18T06:49:06.619+00:00,2026-09-18T06:49:42.825+00:00,2026-09-18T06:49:43.200+00:00,True,7,7.0,,7.0,36206.284835,36581.501986999996,36581.502203,5225.928886142857,54.36136,36206.284835,13661.053959566989,25365.178144099995,62.536192,5.908401402596813,0.19135354263167206,11,64,,False,True,,26,87.6246207195492
29,2026-09-18T06:49:07.234+00:00,2026-09-18T06:49:45.299+00:00,2026-09-18T06:49:48.823+00:00,True,66,66.0,,66.0,38064.562326,41588.24463,41588.244585,630.1249179545455,0.0,38064.562326,4679.416774841059,87.73700075,54.21049698461538,79.55454047619828,1.5869869139028387,11,64,,False,True,,390,87.6246207195492
30,2026-09-18T06:49:07.588+00:00,2026-09-18T06:49:46.339+00:00,2026-09-18T06:49:48.799+00:00,True,38,38.0,,38.0,38750.26521500001,41210.48691100001,41210.487007,1084.4865001842106,0.016300000000000002,38750.26521500001,6276.062826259089,171.5953686,66.49247827027027,96.79108194460784,0.9220953899930007,11,64,,False,True,,127,87.6246207195492
31,2026-09-18T06:49:08.098+00:00,2026-09-18T06:49:48.894+00:00,2026-09-18T06:49:52.463+00:00,True,51,51.0,,51.0,40796.492627,44364.799570999996,44364.799504,869.8980294901961,0.0,40796.492627,5703.292788464543,93.232053,71.36613888,85.93024923844256,1.149560022656729,11,64,,False,True,,232,87.6246207195492
32,2026-09-18T06:49:08.557+00:00,2026-09-18T06:49:50.231+00:00,2026-09-18T06:49:54.166+00:00,True,65,65.0,,65.0,41674.845262999996,45609.015374999995,45609.015235,701.6771574615384,0.0,41674.845262999996,5162.091456975336,72.93891719999999,61.471408,78.50620582953606,1.4251568350153185,11,64,,False,True,,249,87.6246207195492
33,2026-09-18T06:49:09.007+00:00,2026-09-18T06:49:52.467+00:00,2026-09-18T06:49:54.896+00:00,True,44,44.0,,44.0,43459.261577,45888.423816999995,45888.423766,1042.9187219545454,0.0,43459.261577,6543.251212166622,84.08733705,56.492145116279076,22.422977631083757,0.9588474900656665,11,64,,False,True,,224,87.6246207195492
34,2026-09-18T06:49:09.580+00:00,2026-09-18T06:49:54.644+00:00,2026-09-18T06:49:56.764+00:00,True,35,35.0,,35.0,45063.970005,47183.533781000006,47183.533695000006,1348.1009627142857,39.638037,45063.970005,7606.6737340274285,95.37320089999999,62.340111058823524,12.481298842269515,0.7417842029901943,11,64,,False,True,,165,87.6246207195492
35,2026-09-18T06:49:10.162+00:00,2026-09-18T06:49:56.760+00:00,2026-09-18T06:49:58.477+00:00,True,29,29.0,,29.0,46598.534262,48315.736694,48315.736684,1666.0598856551724,34.661136,46598.534262,8641.753814759126,95.19874379999999,61.32865828571428,14.470301857473604,0.6002185205964439,11,64,,False,True,,134,87.6246207195492
36,2026-09-18T06:49:10.644+00:00,2026-09-18T06:49:59.025+00:00,2026-09-18T06:50:04.246+00:00,True,86,86.0,,86.0,48380.938919,53601.474215,53601.474059,623.2729541744186,0.0,48380.938919,5212.288270872508,88.25572725000002,61.41806230588235,140.07352214784012,1.6044334835838059,11,64,,False,True,,427,87.6246207195492
37,2026-09-18T06:49:11.128+00:00,2026-09-18T06:50:00.941+00:00,2026-09-18T06:50:05.762+00:00,True,79,79.0,,79.0,49812.989424,54633.704432,54633.704251,691.5658765949368,0.01548,49812.989424,5598.553473062383,91.2179017,61.80403856410257,112.08926070715508,1.4459938388092937,11,64,,False,True,,361,87.6246207195492
38,2026-09-18T06:49:11.557+00:00,2026-09-18T06:50:02.947+00:00,2026-09-18T06:50:08.157+00:00,True,83,83.0,,83.0,51389.692502,56600.00879,56600.00889,681.9278179518072,33.156669,51389.692502,5633.793569994325,97.6914034,63.54044253658537,13.706996323387399,1.4664308676691287,11,64,,False,True,,379,87.6246207195492
39,2026-09-18T06:49:12.132+00:00,2026-09-18T06:50:05.241+00:00,2026-09-18T06:50:11.261+00:00,True,95,95.0,,95.0,53108.721378,59128.299234000006,59128.299194,622.4031494105263,0.0,53108.721378,5442.9021118137825,95.8299654,64.03806229787234,83.41569003466861,1.606675673589695,11,64,,False,True,,403,87.6246207195492
40,2026-09-18T06:49:12.540+00:00,2026-09-18T06:50:07.005+00:00,2026-09-18T06:50:09.018+00:00,True,33,33.0,,33.0,54465.274052,56477.74202,56477.741979,1711.4467266363636,32.2449,54465.274052,9470.251585923816,103.543883,62.889624,15.333892758521007,0.584300979814561,11,64,,False,True,,145,87.6246207195492
41,2026-09-18T06:49:13.136+00:00,2026-09-18T06:50:09.909+00:00,2026-09-18T06:50:09.909+00:00,True,8,8.0,,8.0,56772.811203000005,56772.811203000005,56772.811203000005,7096.601400375001,0.0,56772.811203000005,20072.219894332447,36902.327281950005,0.0,0.0,0.14091252186534778,11,64,,False,True,,40,87.6246207195492
42,2026-09-18T06:49:13.557+00:00,2026-09-18T06:50:10.793+00:00,2026-09-18T06:50:16.355+00:00,True,92,92.0,,92.0,57236.459042999995,62797.93539499999,62797.935173,682.5862518804347,37.035072,57236.459042999995,5960.951677847565,80.31056069999998,61.11512474725275,10.984580453732946,1.4650163165607049,11,64,,False,True,,418,87.6246207195492
43,2026-09-18T06:49:14.015+00:00,2026-09-18T06:50:12.432+00:00,2026-09-18T06:50:16.047+00:00,True,60,60.0,,60.0,58416.395812,62031.909156,62031.909192,1033.8651532000001,37.75291,58416.395812,7533.620518011509,81.97625814999999,61.279887186440675,10.683396607794158,0.967244129938189,11,64,,False,True,,270,87.6246207195492
44,2026-09-18T06:49:14.437+00:00,2026-09-18T06:50:14.141+00:00,2026-09-18T06:50:18.903+00:00,True,76,76.0,,76.0,59703.272512999996,64465.54195299999,64465.541818,848.2308133947367,0.01672,59703.272512999996,6841.965694846784,94.2915335,63.496925866666665,106.26416867774026,1.1789243942974907,11,64,,False,True,,352,87.6246207195492
45,2026-09-18T06:49:14.859+00:00,2026-09-18T06:50:15.818+00:00,2026-09-18T06:50:20.859+00:00,True,82,82.0,,82.0,60958.526474,66000.248074,66000.248253,804.8810762560976,0.0,60958.526474,6726.41432721509,99.92807275,62.24347654320987,145.05226297682788,1.24241957254556,11,64,,False,True,,405,87.6246207195492
46,2026-09-18T06:49:15.327+00:00,2026-09-18T06:50:17.613+00:00,2026-09-18T06:50:22.840+00:00,True,83,83.0,,83.0,62286.872390000004,67513.41267800001,67513.412778,813.4146117831326,0.0,62286.872390000004,6830.600526724512,94.87340420000001,63.738296195121954,100.07931081100071,1.2293853429667683,11,64,,False,True,,340,87.6246207195492
47,2026-09-18T06:49:15.928+00:00,2026-09-18T06:50:20.207+00:00,2026-09-18T06:50:24.578+00:00,True,74,74.0,,74.0,64278.691424000004,68650.317152,68650.317309,927.7069906621622,0.0,64278.691424000004,7465.306370813604,88.8797496,59.88528394520548,18.163743564275787,1.0779265569327985,11,64,,False,True,,400,87.6246207195492
48,2026-09-18T06:49:16.302+00:00,2026-09-18T06:50:21.323+00:00,2026-09-18T06:50:24.354+00:00,True,48,48.0,,48.0,65020.935159,68051.839479,68051.839598,1417.7466582916668,38.672348,65020.935159,9375.66225216433,89.0844992,64.4873259574468,11.238170936050059,0.7053446367869635,11,64,,False,True,,269,87.6246207195492
49,2026-09-18T06:49:16.795+00:00,2026-09-18T06:50:23.101+00:00,2026-09-18T06:50:29.298+00:00,True,100,100.0,,100.0,66306.059945,72502.932649,72502.932683,725.0293268300001,35.055086,66306.059945,6624.359077790209,91.73602645,62.59467377777778,12.960605258629883,1.3792545535243153,11,64,,False,True,,405,87.6246207195492
50,2026-09-18T06:49:17.397+00:00,2026-09-18T06:50:25.539+00:00,2026-09-18T06:50:25.750+00:00,True,5,5.0,,5.0,68142.628295,68353.010631,68353.010557,13670.6021114,42.991801,68142.628295,30450.789831029644,54526.9202704,52.595584,10.949029866919169,0.07314966749587999,11,64,,False,True,,22,87.6246207195492
51,2026-09-18T06:49:17.768+00:00,2026-09-18T06:50:26.960+00:00,2026-09-18T06:50:32.275+00:00,True,86,86.0,,86.0,69191.83448399999,74507.659636,74507.659808,866.3681373023255,0.0,69191.83448399999,7455.211290273881,90.75889975000001,62.53911943529411,110.38696323052933,1.15424374379956,11,64,,False,True,,365,87.6246207195492
52,2026-09-18T06:49:18.192+00:00,2026-09-18T06:50:28.523+00:00,2026-09-18T06:50:34.881+00:00,True,99,99.0,,99.0,70331.61929700001,76689.09897700002,76689.09916900001,774.6373653434345,0.0,70331.61929700001,7063.747771074763,92.94236270000002,64.87224163265306,154.56412471102257,1.2909266286945331,11,64,,False,True,,501,87.6246207195492
53,2026-09-18T06:49:18.591+00:00,2026-09-18T06:50:29.939+00:00,2026-09-18T06:50:34.871+00:00,True,79,79.0,,79.0,71348.586477,76279.919085,76279.91932900001,965.5685991012659,0.0,71348.586477,8021.723939406173,101.4981945,63.22221292307692,155.8062275361764,1.0356592003194047,11,64,,False,True,,159,87.6246207195492
54,2026-09-18T06:49:19.111+00:00,2026-09-18T06:50:32.238+00:00,2026-09-18T06:50:35.371+00:00,True,58,58.0,,58.0,73127.126613,76259.850325,76259.850343,1314.8250059137931,0.0,73127.126613,9595.674033354991,107.96563900000001,54.960065122807016,127.21363701762827,0.7605574853978708,11,64,,False,True,,280,87.6246207195492
55,2026-09-18T06:49:19.706+00:00,2026-09-18T06:50:34.711+00:00,2026-09-18T06:50:36.275+00:00,True,36,36.0,,36.0,75004.686067,76569.538547,76569.53858000001,2126.9316272222222,0.01675,75004.686067,12493.371300150731,113.888317,44.71007085714286,32.8553627656272,0.4701608587846254,11,64,,False,True,,167,87.6246207195492
56,2026-09-18T06:49:20.190+00:00,2026-09-18T06:50:35.780+00:00,2026-09-18T06:50:38.387+00:00,True,44,44.0,,44.0,75590.227743,78197.379359,78197.379403,1777.2131682499999,30.535714,75590.227743,11386.52098317032,84.47024719999999,60.631432930232556,11.742413126510899,0.5626787030547193,11,64,,False,True,,205,87.6246207195492
57,2026-09-18T06:49:20.564+00:00,2026-09-18T06:50:37.515+00:00,2026-09-18T06:50:39.682+00:00,True,34,34.0,,34.0,76951.167868,79117.98566,79117.985669,2326.9995785,53.306461000000006,76951.167868,13185.76007914255,97.04612315,65.66114521212121,11.011119435612734,0.42973793779471203,11,64,,False,True,,99,87.6246207195492
58,2026-09-18T06:49:21.165+00:00,2026-09-18T06:50:39.744+00:00,2026-09-18T06:50:41.611+00:00,True,30,30.0,,30.0,78578.169892,80446.04650000001,80446.046506,2681.5348835333334,37.76654,78578.169892,14334.594821589617,99.85944415,64.40953820689656,16.300266920232744,0.3729207500582393,11,64,,False,True,,87,87.6246207195492
59,2026-09-18T06:49:21.780+00:00,2026-09-18T06:50:42.094+00:00,2026-09-18T06:50:46.971+00:00,True,79,79.0,,79.0,80314.842143,85191.647519,85191.647407,1078.3752836329113,0.0,80314.842143,9030.077348728382,90.3514016,62.523145846153845,134.30658540787792,0.9273209557589657,11,64,,False,True,,399,87.6246207195492
60,2026-09-18T06:49:22.318+00:00,2026-09-18T06:50:44.155+00:00,2026-09-18T06:50:45.768+00:00,True,10,10.0,,10.0,81837.392389,83450.770437,83450.770344,8345.0770344,0.0,81837.392389,25825.112499731753,45552.035425300004,179.26422755555555,384.5474122445956,0.11983112855200494,11,64,,False,True,,40,87.6246207195492
61,2026-09-18T06:49:22.769+00:00,2026-09-18T06:50:45.764+00:00,2026-09-18T06:50:47.432+00:00,True,29,29.0,,29.0,82995.629659,84663.686235,84663.686322,2919.4374593793104,28.040338,82995.629659,15400.842838926139,81.89698639999999,59.57344914285714,11.06733254393266,0.3425317428242498,11,64,,False,True,,123,87.6246207195492
62,2026-09-18T06:49:23.300+00:00,2026-09-18T06:50:47.738+00:00,2026-09-18T06:50:51.587+00:00,True,64,64.0,,64.0,84438.113843,88286.960179,88286.96009,1379.48375140625,37.849050000000005,84438.113843,10547.132984433763,87.25469175,61.092798984126986,10.712353409435247,0.7249088638938447,11,64,,False,True,,258,87.6246207195492
63,2026-09-18T06:49:23.638+00:00,2026-09-18T06:50:48.986+00:00,2026-09-18T06:50:53.828+00:00,True,79,79.0,,79.0,85347.61309299999,90189.698469,90189.69843199999,1141.6417523037974,32.25411,85347.61309299999,9595.376748655186,71.977317,62.07801764102564,9.232635088986862,0.8759315236778831,11,64,,False,True,,318,87.6246207195492
64,2026-09-18T06:49:24.062+00:00,2026-09-18T06:50:50.437+00:00,2026-09-18T06:50:53.574+00:00,True,52,52.0,,52.0,86374.287267,89511.03017900001,89511.03020200001,1721.3659654230771,31.810101,86374.287267,11969.433754029267,81.7897456,61.50476298039216,10.372461518605114,0.5809339909954429,11,64,,False,True,,218,87.6246207195492
65,2026-09-18T06:49:24.459+00:00,2026-09-18T06:50:51.959+00:00,2026-09-18T06:50:57.884+00:00,True,95,95.0,,95.0,87499.501997,93425.051565,93425.051512,983.4215948631579,37.539391,87499.501997,8970.797787901387,90.0841064,63.03776136170213,10.290133309134868,1.016857881356418,11,64,,False,True,,529,87.6246207195492
66,2026-09-18T06:49:24.967+00:00,2026-09-18T06:50:53.889+00:00,2026-09-18T06:50:57.383+00:00,True,56,56.0,,56.0,88921.639218,92416.169522,92416.16959199999,1650.2887427142857,36.888122,88921.639218,11874.170413366677,96.14974525,63.53691461818182,13.036068211088443,0.6059545671460556,11,64,,False,True,,264,87.6246207195492
67,2026-09-18T06:49:25.355+00:00,2026-09-18T06:50:55.059+00:00,2026-09-18T06:50:59.979+00:00,True,81,81.0,,81.0,89704.034125,94623.493197,94623.49325,1168.191274691358,34.373526,89704.034125,9960.28626210186,68.28948299999999,61.493238399999996,8.916825996600544,0.8560241993112983,11,64,,False,True,,93,87.6246207195492
68,2026-09-18T06:49:25.875+00:00,2026-09-18T06:50:57.321+00:00,2026-09-18T06:50:58.936+00:00,True,27,27.0,,27.0,91445.277356,93060.147884,93060.14787700001,3446.672143592593,54.757478000000006,91445.277356,17586.69904259146,68.32619290000001,62.11040492307692,3.643986447331339,0.2901349354576102,11,64,,False,True,,106,87.6246207195492
69,2026-09-18T06:49:26.224+00:00,2026-09-18T06:50:58.322+00:00,2026-09-18T06:51:01.042+00:00,True,45,45.0,,45.0,92098.01418099999,94818.13194099999,94818.13190699999,2107.069597933333,38.02342,92098.01418099999,13719.949307056848,85.7284048,61.82085818181818,10.141423192237708,0.4745927712222909,11,64,,True,True,,202,87.6246207195492
70,2026-09-18T06:49:26.794+00:00,2026-09-18T06:51:00.447+00:00,2026-09-18T06:51:03.859+00:00,True,56,56.0,,56.0,93652.92576700001,97064.49235900001,97064.492293,1733.294505232143,38.811838,93652.92576700001,12506.61149179574,69.57035825,62.02848349090909,6.718558609837196,0.5769360003746784,11,64,,True,True,,260,87.6246207195492
71,2026-09-18T06:49:27.307+00:00,2026-09-18T06:51:02.640+00:00,2026-09-18T06:51:03.608+00:00,True,16,16.0,,16.0,95332.571212,96300.839756,96300.83976999999,6018.8024856249995,56.417846,95332.571212,23817.006408725872,23903.18090575,64.55123626666666,8.498114581826384,0.16614600703939472,11,64,,True,True,,67,87.6246207195492
72,2026-09-18T06:49:27.696+00:00,2026-09-18T06:51:03.856+00:00,2026-09-18T06:51:08.105+00:00,True,70,70.0,,70.0,96160.14581399999,100408.57896599999,100408.57900099999,1434.408271442857,36.147043,96160.14581399999,11485.980943208026,83.23707635,61.57149495652174,10.13772351989644,0.697151585261486,11,64,,True,True,,323,87.6246207195492
73,2026-09-18T06:49:28.161+00:00,2026-09-18T06:51:05.793+00:00,2026-09-18T06:51:09.672+00:00,True,63,63.0,,63.0,97631.73151299999,101510.88517699999,101510.885205,1611.283892142857,37.560370000000006,97631.73151299999,12292.566680943159,94.3665188,62.56699458064516,13.596355513557688,0.6206230976131251,11,64,,True,True,,314,87.6246207195492
74,2026-09-18T06:49:28.669+00:00,2026-09-18T06:51:07.751+00:00,2026-09-18T06:51:13.084+00:00,True,86,86.0,,86.0,99082.278502,104415.719526,104415.719642,1214.1362749069767,40.256105000000005,99082.278502,10677.557112488746,91.91052025,62.74636498823529,11.724207348048914,0.8236307750442269,11,64,,True,True,,208,87.6246207195492
75,2026-09-18T06:49:29.074+00:00,2026-09-18T06:51:09.398+00:00,2026-09-18T06:51:15.397+00:00,True,97,97.0,,97.0,100323.59398899999,106322.34931699999,106322.34912699998,1096.1066920309277,36.743332,100323.59398899999,10179.977314202803,75.156357,62.487034666666666,9.37094998872624,0.9123199461177686,11,64,,True,True,,334,87.6246207195492
76,2026-09-18T06:49:29.442+00:00,2026-09-18T06:51:10.854+00:00,2026-09-18T06:51:12.699+00:00,True,30,30.0,,30.0,101412.682556,103257.035836,103257.035953,3441.9011984333333,38.383219,101412.682556,18503.730215806678,92.6325501,63.59838896551724,11.8920239004264,0.2905371024561279,11,64,,True,True,,137,87.6246207195492
77,2026-09-18T06:49:29.919+00:00,2026-09-18T06:51:12.630+00:00,2026-09-18T06:51:16.026+00:00,True,55,55.0,,55.0,102710.545967,106106.933807,106106.934022,1929.2169822181818,35.453434,102710.545967,13841.007989719728,69.9953414,62.89607111111111,6.928204378450834,0.5183450131547538,11,64,,True,True,,206,87.6246207195492
78,2026-09-18T06:49:30.401+00:00,2026-09-18T06:51:14.271+00:00,2026-09-18T06:51:14.395+00:00,True,3,3.0,,3.0,103869.752186,103994.153082,103994.153116,34664.717705333336,61.837565000000005,103869.752186,59933.31793113404,93489.03330389998,62.200448,0.5131898175139488,0.02884777567864303,11,64,,True,True,,16,87.6246207195492
79,2026-09-18T06:49:30.754+00:00,2026-09-18T06:51:15.580+00:00,2026-09-18T06:51:18.709+00:00,True,49,49.0,,49.0,104826.526638,107954.76779,107954.767668,2203.1585238367347,38.806127999999994,104826.526638,14965.912044816503,93.942384,65.17169066666666,11.32388864931265,0.45389380203491986,11,64,,True,True,,235,87.6246207195492
80,2026-09-18T06:49:31.239+00:00,2026-09-18T06:51:17.770+00:00,2026-09-18T06:51:18.354+00:00,True,10,10.0,,10.0,106531.405647,107115.25332700001,107115.253406,10711.525340600001,41.313553,106531.405647,33667.67616444659,58631.85500550001,64.87196444444444,12.50786231750197,0.09335738552073562,11,64,,True,True,,37,87.6246207195492
81,2026-09-18T06:49:31.677+00:00,2026-09-18T06:51:19.142+00:00,2026-09-18T06:51:23.258+00:00,True,67,67.0,,67.0,107464.81194300001,111581.07075900001,111581.07064600001,1665.389114119403,37.037521,107464.81194300001,13121.302156232254,94.38817609999998,62.36755781818182,11.774571399229758,0.6004602711217113,11,64,,True,True,,267,87.6246207195492
82,2026-09-18T06:49:32.052+00:00,2026-09-18T06:51:20.677+00:00,2026-09-18T06:51:22.469+00:00,True,30,30.0,,30.0,108625.262737,110417.122449,110417.122432,3680.570747733333,39.127408,108625.262737,19820.890318613816,83.67822824999999,61.78826593103448,9.834241137773883,0.271696991685837,11,64,,True,True,,122,87.6246207195492
83,2026-09-18T06:49:32.403+00:00,2026-09-18T06:51:22.019+00:00,2026-09-18T06:51:25.717+00:00,True,59,59.0,,59.0,109616.644835,113314.231779,113314.231723,1920.5801986949152,37.70784,109616.644835,14262.575760844398,93.37461800000001,63.75149903448276,10.615662072317647,0.5206759916536291,11,64,,True,True,,257,87.6246207195492
84,2026-09-18T06:49:32.810+00:00,2026-09-18T06:51:23.897+00:00,2026-09-18T06:51:30.026+00:00,True,99,99.0,,99.0,111087.113277,117216.621117,117216.621184,1184.0062745858586,36.175924,111087.113277,11158.394420992136,90.9598694,62.54599836734694,11.203769088179211,0.8445901191878151,11,64,,True,True,,435,87.6246207195492
85,2026-09-18T06:49:33.421+00:00,2026-09-18T06:51:26.148+00:00,2026-09-18T06:51:28.100+00:00,True,32,32.0,,32.0,112727.030258,114678.922738,114678.922686,3583.7163339375,35.735614,112727.030258,19916.38607889121,94.4093075,62.9642735483871,14.078205376273921,0.27903994244093544,11,64,,True,True,,141,87.6246207195492
86,2026-09-18T06:49:33.864+00:00,2026-09-18T06:51:28.222+00:00,2026-09-18T06:51:28.379+00:00,True,3,3.0,,3.0,114358.084603,114515.07301899999,114515.073162,38171.691053999995,63.989421,114358.084603,65979.35383052225,102931.57605650001,78.494208,20.513111153679247,0.02619742467877787,11,64,,True,True,,11,87.6246207195492
87,2026-09-18T06:49:34.411+00:00,2026-09-18T06:51:30.532+00:00,2026-09-18T06:51:32.326+00:00,True,29,29.0,,29.0,116121.437934,117915.718638,117915.718684,4066.0592649655173,45.289165999999994,116121.437934,21551.312319663866,94.724213,64.08145371428571,10.051782577181477,0.24593837305974187,11,64,,True,True,,121,87.6246207195492
88,2026-09-18T06:49:35.166+00:00,2026-09-18T06:51:31.543+00:00,2026-09-18T06:51:36.759+00:00,True,83,83.0,,83.0,116376.681365,121592.527253,121592.527472,1464.9702105060242,35.315934999999996,116376.681365,12767.025275288217,93.5541651,63.60787668292683,13.29405321763604,0.6826077381161776,11,64,,True,True,,443,87.6246207195492
89,2026-09-18T06:49:35.330+00:00,2026-09-18T06:51:34.353+00:00,2026-09-18T06:51:38.167+00:00,True,62,62.0,,62.0,119023.20571600001,122837.11061200002,122837.11053800001,1981.2437183548388,36.974502,119023.20571600001,15108.026449058329,91.32836680000003,62.52303108196721,11.938860364648868,0.504733461175561,11,64,,True,True,,298,87.6246207195492
90,2026-09-18T06:49:35.680+00:00,2026-09-18T06:51:35.833+00:00,2026-09-18T06:51:38.478+00:00,True,43,43.0,,43.0,120153.181233,122798.518577,122798.51856699999,2855.7795015581396,40.383815000000006,120153.181233,18313.586426259,93.60124200000001,62.984222476190475,10.734571666527863,0.3501670907620692,11,64,,True,True,,222,87.6246207195492
91,2026-09-18T06:49:36.264+00:00,2026-09-18T06:51:38.169+00:00,2026-09-18T06:51:39.529+00:00,True,23,23.0,,23.0,121905.578786,123265.341218,123265.34112,5359.362657391304,34.704266000000004,121905.578786,25406.185005516283,96.32783439999999,61.80738327272727,11.312419826080486,0.18658935084861786,11,64,,True,True,,95,87.6246207195492
92,2026-09-18T06:49:36.693+00:00,2026-09-18T06:51:39.960+00:00,2026-09-18T06:51:40.622+00:00,True,12,12.0,,12.0,123267.182044,123928.812252,123928.81222,10327.401018333334,37.862610000000004,123267.182044,35566.80788826862,55508.30015439999,60.14820072727272,7.959650259898974,0.0968297830176803,11,64,,True,True,,38,87.6246207195492
93,2026-09-18T06:49:37.237+00:00,2026-09-18T06:51:42.054+00:00,2026-09-18T06:51:45.087+00:00,True,50,50.0,,50.0,124816.76048299999,127850.142115,127850.14226299999,2557.00284526,38.264889000000004,124816.76048299999,17643.002735180722,72.0429591,61.905747591836736,8.448908164743507,0.3910828660247047,11,64,,True,True,,201,87.6246207195492
94,2026-09-18T06:49:37.723+00:00,2026-09-18T06:51:44.007+00:00,2026-09-18T06:51:45.939+00:00,True,33,33.0,,33.0,126284.275314,128216.856946,128216.85686,3885.3592987878787,40.896203,126284.275314,21972.758723486826,72.2272874,60.393176,7.362104993894912,0.25737645412645177,11,64,,True,True,,112,87.6246207195492
95,2026-09-18T06:49:38.229+00:00,2026-09-18T06:51:45.566+00:00,2026-09-18T06:51:50.863+00:00,True,89,89.0,,89.0,127336.92839100001,132633.50746300002,132633.507408,1490.2641281797753,35.985623,127336.92839100001,13491.31053838993,69.310629,60.18839854545455,9.171085425576445,0.6710219891065445,11,64,,True,True,,434,87.6246207195492
96,2026-09-18T06:49:38.812+00:00,2026-09-18T06:51:47.859+00:00,2026-09-18T06:51:49.838+00:00,True,34,34.0,,34.0,129046.78009199999,131025.76069999998,131025.76065399998,3853.6988427647057,37.654489,129046.78009199999,22121.057228386286,70.80800215,59.969109333333336,8.656910660897609,0.25949095672756517,11,64,,True,True,,168,87.6246207195492
97,2026-09-18T06:49:39.243+00:00,2026-09-18T06:51:49.321+00:00,2026-09-18T06:51:50.249+00:00,True,17,17.0,,17.0,130077.870742,131005.402518,131005.402683,7706.2001578235295,40.709964,130077.870742,31534.458831765518,26068.813937199997,57.970736,8.6769555319261,0.12976564075412247,11,64,,True,True,,79,87.6246207195492
98,2026-09-18T06:49:39.607+00:00,2026-09-18T06:51:50.678+00:00,2026-09-18T06:51:54.996+00:00,True,69,69.0,,69.0,131070.907655,135388.820999,135388.821146,1962.1568282028986,35.661313,131070.907655,15771.442811318431,91.4860776,63.49872564705882,11.49446900977315,0.5096432592504048,11,64,,True,True,,344,87.6246207195492
99,2026-09-18T06:49:40.170+00:00,2026-09-18T06:51:52.684+00:00,2026-09-18T06:51:56.035+00:00,True,55,55.0,,55.0,132514.236123,135865.330395,135865.33038600002,2470.278734290909,36.776102,132514.236123,17859.85093618435,80.2177253,62.057301333333335,10.071674161706865,0.4048126173181857,11,64,,True,True,,275,87.6246207195492
100,2026-09-18T06:49:40.661+00:00,2026-09-18T06:51:54.589+00:00,2026-09-18T06:51:59.667+00:00,True,86,86.0,,86.0,133928.230458,139006.296122,139006.296242,1616.352281883721,36.640642,133928.230458,14435.414032463497,70.15188174999999,59.74194898823529,10.35759461069804,0.618677012475186,11,64,,True,True,,486,87.6246207195492
101,2026-09-18T06:49:41.264+00:00,2026-09-18T06:51:56.968+00:00,2026-09-18T06:51:57.963+00:00,True,18,18.0,,18.0,135704.148086,136699.306614,136699.306661,7594.405925611111,36.201842,135704.148086,31971.978147447535,20412.77398165,58.538736941176474,9.79377215126016,0.13167586907245174,11,64,,True,True,,67,87.6246207195492
102,2026-09-18T06:49:41.877+00:00,2026-09-18T06:51:59.474+00:00,2026-09-18T06:52:03.889+00:00,True,72,72.0,,72.0,137597.204635,142011.615131,142011.615297,1972.3835457916666,37.106921,137597.204635,16208.66254645296,92.64286620000001,62.17479571830986,11.234223325591866,0.5070007825316465,11,64,,True,True,,282,87.6246207195492
103,2026-09-18T06:49:42.291+00:00,2026-09-18T06:52:00.779+00:00,2026-09-18T06:52:01.100+00:00,True,6,6.0,,6.0,138487.864498,138808.80606600002,138808.805969,23134.800994833335,57.208263,138487.864498,56511.229337520206,103883.087989,64.1883136,4.865864106289529,0.04322492333193295,11,64,,True,True,,23,87.6246207195492
104,2026-09-18T06:49:42.900+00:00,2026-09-18T06:52:03.039+00:00,2026-09-18T06:52:03.703+00:00,True,12,12.0,,12.0,140139.38322699998,140803.28031499998,140803.28055099997,11733.606712583332,41.514333,140139.38322699998,40437.333151782586,63099.268525449996,60.35428072727272,7.4446751238952675,0.08522528717480186,11,64,,True,True,,61,87.6246207195492
105,2026-09-18T06:49:43.385+00:00,2026-09-18T06:52:04.815+00:00,2026-09-18T06:52:07.126+00:00,True,38,38.0,,38.0,141429.60791299999,143740.49098499998,143740.49100699998,3782.6445001842103,35.745763,141429.60791299999,22932.782973227073,92.53158794999999,62.45629924324324,11.359424266390258,0.26436531376510664,11,64,,True,True,,189,87.6246207195492
106,2026-09-18T06:49:43.750+00:00,2026-09-18T06:52:06.595+00:00,2026-09-18T06:52:11.607+00:00,True,82,82.0,,82.0,142845.28234799998,147857.32151599997,147857.321358,1803.138065341463,36.472252,142845.28234799998,15767.792450120509,87.60225465000002,61.8770267654321,9.95238356907668,0.5545887018596276,11,64,,True,True,,367,87.6246207195492
107,2026-09-18T06:49:44.254+00:00,2026-09-18T06:52:08.435+00:00,2026-09-18T06:52:14.267+00:00,True,95,95.0,,95.0,144181.66224900002,150013.493033,150013.49300000002,1579.0894,36.531562,144181.66224900002,14786.364473410225,84.2459355,62.04075302127659,9.92693895564487,0.633276367873801,11,64,,True,True,,476,87.6246207195492
108,2026-09-18T06:49:44.670+00:00,2026-09-18T06:52:10.181+00:00,2026-09-18T06:52:16.321+00:00,True,99,99.0,,99.0,145511.900322,151651.74621,151651.74621800001,1531.8358203838384,32.912969,145511.900322,14618.203300713394,84.84434789999999,62.65148865306123,10.556615689359942,0.6528114741449109,11,64,,True,True,,436,87.6246207195492
109,2026-09-18T06:49:45.305+00:00,2026-09-18T06:52:12.693+00:00,2026-09-18T06:52:16.653+00:00,True,64,64.0,,64.0,147388.69845199998,151348.26350799997,151348.263423,2364.816615984375,37.478989999999996,147388.69845199998,18415.734283288988,91.2503011,62.85023898412698,11.039747809134841,0.4228657700893746,11,64,,True,True,,199,87.6246207195492
110,2026-09-18T06:49:45.686+00:00,2026-09-18T06:52:13.918+00:00,2026-09-18T06:52:16.003+00:00,True,35,35.0,,35.0,148232.84240999998,150317.277866,150317.277816,4294.779366171428,32.746618999999995,148232.84240999998,25045.563318137447,82.9116469,61.306925176470585,11.559107600599269,0.23284083171863101,11,64,,True,True,,140,87.6246207195492
111,2026-09-18T06:49:46.254+00:00,2026-09-18T06:52:16.323+00:00,2026-09-18T06:52:16.718+00:00,True,8,8.0,,8.0,150069.191858,150464.81886600002,150464.818831,18808.102353875,33.853267,150069.191858,53037.49098135181,97570.35681444999,56.518144,13.876908432681395,0.05316857495521653,11,64,,True,True,,26,87.6246207195492
112,2026-09-18T06:49:46.609+00:00,2026-09-18T06:52:17.773+00:00,2026-09-18T06:52:18.106+00:00,True,6,6.0,,6.0,151164.011391,151497.202303,151497.20234000002,25249.533723333334,54.687218,151164.011391,61685.246119630436,113396.96660849999,66.6381824,16.73781632922278,0.03960469176189656,11,64,,True,True,,29,87.6246207195492
113,2026-09-18T06:49:47.193+00:00,2026-09-18T06:52:19.904+00:00,2026-09-18T06:52:23.363+00:00,True,55,55.0,,55.0,152710.46161700002,156169.66366500003,156169.66381000003,2839.4484329090915,36.556692000000005,152710.46161700002,20582.839789168418,94.2638934,64.05929718518519,11.401986801962003,0.3521810747955547,11,64,,True,True,,276,87.6246207195492
114,2026-09-18T06:49:47.553+00:00,2026-09-18T06:52:21.349+00:00,2026-09-18T06:52:26.043+00:00,True,75,75.0,,75.0,153795.100359,158489.079239,158489.07927000002,2113.1877236,38.775487999999996,153795.100359,17751.407156344394,92.746439,63.43214702702703,10.64963909230828,0.4732187249753702,11,64,,True,True,,423,87.6246207195492
115,2026-09-18T06:49:47.924+00:00,2026-09-18T06:52:22.471+00:00,2026-09-18T06:52:25.914+00:00,True,55,55.0,,55.0,154547.299019,157990.490059,157990.490002,2872.554363672727,41.794012,154547.299019,20830.5584619667,91.4623047,63.76279703703704,10.679846342329899,0.34812221912509284,11,64,,True,True,,229,87.6246207195492
117,2026-09-18T06:49:48.812+00:00,2026-09-18T06:52:23.757+00:00,2026-09-18T06:52:28.932+00:00,True,83,83.0,,83.0,154945.15088,160120.745632,160120.745543,1929.1656089518071,36.084762000000005,154945.15088,17000.515494108764,87.104325,63.117009170731706,11.224782447426284,0.5183588152328247,11,64,,True,True,,419,87.6246207195492
116,2026-09-18T06:49:48.787+00:00,2026-09-18T06:52:24.564+00:00,2026-09-18T06:52:26.486+00:00,True,31,31.0,,31.0,155777.79197999998,157698.917868,157698.91783899997,5087.0618657741925,43.439159,155777.79197999998,27967.01715638578,87.18216199999999,64.0375296,8.533211548979983,0.19657712569688132,11,64,,True,True,,116,87.6246207195492
118,2026-09-18T06:49:49.158+00:00,2026-09-18T06:52:26.846+00:00,2026-09-18T06:52:27.688+00:00,True,14,14.0,,14.0,157688.393801,158530.634057,158530.634071,11323.616719357142,40.302715,157688.393801,42126.6823692423,55251.12623005,64.787712,12.27747232935162,0.0883110074168143,11,64,,True,True,,74,87.6246207195492
119,2026-09-18T06:49:49.572+00:00,2026-09-18T06:52:28.747+00:00,2026-09-18T06:52:29.352+00:00,True,11,11.0,,11.0,159174.71137200002,159779.90254,159779.90245400002,14525.445677636366,54.383828,159174.71137200002,47974.73412609857,79619.229902,60.5191168,2.8322309984866387,0.06884470340220798,11,64,,True,True,,45,87.6246207195492
120,2026-09-18T06:49:50.129+00:00,2026-09-18T06:52:30.877+00:00,2026-09-18T06:52:31.106+00:00,True,5,5.0,,5.0,160747.54138,160976.519812,160976.519833,32195.3039666,42.941489999999995,160747.54138,71862.88587637353,128610.9899658,57.244608,9.76259833083686,0.031060430464264977,11,64,,True,True,,18,87.6246207195492
121,2026-09-18T06:49:50.744+00:00,2026-09-18T06:52:33.329+00:00,2026-09-18T06:52:37.668+00:00,True,67,67.0,,67.0,162584.231285,166923.32197299998,166923.32197699999,2491.392865328358,33.756577,162584.231285,19854.800820265194,104.959193,65.7437983030303,17.397181199301237,0.40138189923417245,11,64,,True,True,,291,87.6246207195492
122,2026-09-18T06:49:51.318+00:00,2026-09-18T06:52:35.744+00:00,2026-09-18T06:52:36.129+00:00,True,7,7.0,,7.0,164426.13821,164811.059298,164811.059252,23544.437036,43.967228000000006,164426.13821,62122.992830676594,115126.85209789999,64.15351466666667,16.82937792176767,0.0424728779113244,11,64,,True,True,,32,87.6246207195492
123,2026-09-18T06:49:51.728+00:00,2026-09-18T06:52:37.255+00:00,2026-09-18T06:52:41.483+00:00,True,68,68.0,,68.0,165527.27358,169754.40420400002,169754.40427300002,2496.388298132353,32.860039,165527.27358,20065.48363160952,92.34981005,63.09150185074627,13.113332355977613,0.4005787085104545,11,64,,True,True,,373,87.6246207195492
124,2026-09-18T06:49:52.193+00:00,2026-09-18T06:52:39.001+00:00,2026-09-18T06:52:41.328+00:00,True,39,39.0,,39.0,166807.98980500002,169135.061805,169135.061978,4336.796460974359,37.293571,166807.98980500002,26700.851589572063,81.5415747,61.23873684210526,10.956376201692143,0.23058495136250381,11,64,,True,True,,175,87.6246207195492
125,2026-09-18T06:49:52.711+00:00,2026-09-18T06:52:41.330+00:00,2026-09-18T06:52:45.536+00:00,True,68,68.0,,68.0,168618.78297,172824.66457,172824.664621,2541.539185602941,38.037789,168618.78297,20440.42125086657,90.4966349,62.774352238805974,10.777882851247524,0.3934623577554096,11,64,,True,True,,331,87.6246207195492
126,2026-09-18T06:49:53.249+00:00,2026-09-18T06:52:43.364+00:00,2026-09-18T06:52:47.382+00:00,True,65,65.0,,65.0,170115.089651,174133.555699,174133.55568999998,2678.9777798461537,34.980424,170115.089651,21092.395868894808,93.69448,62.788532,12.816925506560823,0.37327670556705506,11,64,,True,True,,201,87.6246207195492
127,2026-09-18T06:49:53.588+00:00,2026-09-18T06:52:44.461+00:00,2026-09-18T06:52:49.123+00:00,True,75,75.0,,75.0,170872.783111,175534.966279,175534.96625,2340.4662166666667,36.054593000000004,170872.783111,19723.418676302772,90.00450740000001,63.00247524324324,12.820114332708554,0.42726529984227185,11,64,,True,True,,264,87.6246207195492
128,2026-09-18T06:49:54.175+00:00,2026-09-18T06:52:46.750+00:00,2026-09-18T06:52:51.161+00:00,True,72,72.0,,72.0,172574.71582800001,176985.867444,176985.867456,2458.137048,36.515122000000005,172574.71582800001,20330.80647603428,83.98007975,62.128896,11.366760712773171,0.40681214291181456,11,64,,True,True,,367,87.6246207195492
129,2026-09-18T06:49:54.697+00:00,2026-09-18T06:52:48.941+00:00,2026-09-18T06:52:51.990+00:00,True,49,49.0,,49.0,174243.514517,177292.703125,177292.703281,3618.2184343061226,38.122949,174243.514517,24882.858951351078,92.9686464,63.52476266666667,12.896874525409881,0.2763791128248104,11,64,,True,True,,179,87.6246207195492
130,2026-09-18T06:49:55.266+00:00,2026-09-18T06:52:50.931+00:00,2026-09-18T06:52:55.040+00:00,True,63,63.0,,63.0,175664.736468,179773.84801999998,179773.84804299998,2853.5531435396824,39.025878,175664.736468,22123.330896816828,97.2869918,66.27599277419355,14.02195190788781,0.35044029314537006,11,64,,True,True,,271,87.6246207195492
131,2026-09-18T06:49:55.692+00:00,2026-09-18T06:52:52.615+00:00,2026-09-18T06:52:54.460+00:00,True,30,30.0,,30.0,176922.86965900002,178767.82479500002,178767.82487200003,5958.927495733334,35.568644,176922.86965900002,32289.93656394947,96.07969849999999,63.61914262068965,13.912943237324722,0.16781543342266517,11,64,,True,True,,86,87.6246207195492
132,2026-09-18T06:49:56.153+00:00,2026-09-18T06:52:54.179+00:00,2026-09-18T06:52:54.402+00:00,True,5,5.0,,5.0,178026.011407,178249.566223,178249.56621000002,35649.913242,41.573333,178026.011407,79590.6589091978,142433.36983820001,55.888704,9.687386449336822,0.02805055914551133,11,64,,True,True,,20,87.6246207195492
133,2026-09-18T06:49:56.658+00:00,2026-09-18T06:52:56.371+00:00,2026-09-18T06:53:01.095+00:00,True,76,76.0,,76.0,179712.948004,184436.51715600002,184436.51711000002,2426.796277763158,34.742155,179712.948004,20607.268517549568,94.01526975,62.98092202666666,12.923764977935047,0.4120659030647261,11,64,,True,True,,231,87.6246207195492
134,2026-09-18T06:49:57.112+00:00,2026-09-18T06:52:57.911+00:00,2026-09-18T06:53:03.739+00:00,True,95,95.0,,95.0,180798.94599399998,186626.53639399997,186626.53647899997,1964.489857673684,38.512808,180798.94599399998,18543.221980089507,71.3672405,61.99564255319149,8.939576799059155,0.5090380062535107,11,64,,True,True,,344,87.6246207195492
135,2026-09-18T06:49:57.727+00:00,2026-09-18T06:53:00.212+00:00,2026-09-18T06:53:00.212+00:00,True,1,1.0,,1.0,182485.496971,182485.496971,182485.496971,182485.496971,182485.496971,182485.496971,nan,182485.496971,nan,nan,0.005479887534070266,11,64,,True,True,,1,87.6246207195492
136,2026-09-18T06:49:58.207+00:00,2026-09-18T06:53:02.330+00:00,2026-09-18T06:53:07.765+00:00,True,91,91.0,,91.0,184122.504532,189557.580116,189557.580149,2083.0503313076924,35.187585,184122.504532,19294.954227801056,69.687295,60.38972871111111,8.454103740743596,0.4800652126088149,11,64,,True,True,,278,87.6246207195492
137,2026-09-18T06:49:58.585+00:00,2026-09-18T06:53:03.864+00:00,2026-09-18T06:53:06.555+00:00,True,46,46.0,,46.0,185278.81116299998,187969.36399499996,187969.36388599998,4086.290519260869,34.176186,185278.81116299998,27309.056075093205,72.7478615,59.79006293333333,8.477734896729665,0.24472073013570242,11,64,,True,True,,231,87.6246207195492
138,2026-09-18T06:49:59.188+00:00,2026-09-18T06:53:06.095+00:00,2026-09-18T06:53:08.889+00:00,True,48,48.0,,48.0,186907.756936,189701.15623199998,189701.156268,3952.1074222499997,34.958354,186907.756936,26969.234761402706,81.0164104,59.43402757446808,11.451028847673072,0.2530295595104183,11,64,,True,True,,206,87.6246207195492
139,2026-09-18T06:49:59.796+00:00,2026-09-18T06:53:08.374+00:00,2026-09-18T06:53:11.505+00:00,True,53,53.0,,53.0,188577.649702,191708.641062,191708.641063,3617.144171,36.179082,188577.649702,25894.863689882503,69.1520412,60.2113723076923,10.39609420383533,0.27646119500090455,11,64,,True,True,,211,87.6246207195492
140,2026-09-18T06:50:00.308+00:00,2026-09-18T06:53:10.419+00:00,2026-09-18T06:53:13.391+00:00,True,49,49.0,,49.0,190110.760236,193082.645548,193082.645566,3940.4621544081633,36.806571000000005,190110.760236,27149.83702427113,84.691572,61.91427733333334,10.230568494090441,0.2537773390297715,11,64,,True,True,,287,87.6246207195492
141,2026-09-18T06:50:00.926+00:00,2026-09-18T06:53:12.586+00:00,2026-09-18T06:53:14.286+00:00,True,28,28.0,,28.0,191659.810689,193360.276097,193360.275942,6905.724140785715,36.918561000000004,191659.810689,36208.39939502216,96.24361909999999,62.980200296296296,11.830044810423276,0.144807405973881,11,64,,True,True,,84,87.6246207195492
142,2026-09-18T06:50:01.335+00:00,2026-09-18T06:53:14.226+00:00,2026-09-18T06:53:20.332+00:00,True,98,98.0,,98.0,192890.90928,198997.186912,198997.18707299998,2030.5835415612244,35.241893,192890.90928,19478.569198725967,93.98184789999999,62.95131579381444,12.483610521385714,0.4924692731628276,11,64,,True,True,,497,87.6246207195492
143,2026-09-18T06:50:02.583+00:00,2026-09-18T06:53:16.802+00:00,2026-09-18T06:53:22.901+00:00,True,98,98.0,,98.0,194219.09599,200318.232246,200318.232296,2044.0635948571428,35.111785000000005,194219.09599,19612.74419682341,93.07218574999999,62.87769336082474,13.20801363076516,0.48922156960556384,11,64,,True,True,,343,87.6246207195492
144,2026-09-18T06:50:02.619+00:00,2026-09-18T06:53:17.140+00:00,2026-09-18T06:53:21.688+00:00,True,74,74.0,,74.0,194520.965495,199069.853559,199069.853558,2690.1331561891893,36.23880200000001,194520.965495,22605.36239380265,92.54289134999999,62.31353512328767,12.243345516242712,0.37172881115355816,11,64,,True,True,,373,87.6246207195492
145,2026-09-18T06:50:02.901+00:00,2026-09-18T06:53:20.499+00:00,2026-09-18T06:53:21.277+00:00,True,14,14.0,,14.0,197598.24524000002,198375.97298400002,198375.97313700002,14169.712366928572,41.116704,197598.24524000002,52794.364987645975,69220.11751475,59.82521107692308,13.222493588425461,0.07057306280296943,11,64,,True,True,,83,87.6246207195492
146,2026-09-18T06:50:03.462+00:00,2026-09-18T06:53:22.555+00:00,2026-09-18T06:53:23.771+00:00,True,20,20.0,,20.0,199092.917555,200309.184307,200309.184282,10015.4592141,36.334792,199092.917555,44504.21899192828,10058.956091499998,64.01403957894736,17.384877751603874,0.09984564646495384,11,64,,True,True,,62,87.6246207195492
147,2026-09-18T06:50:03.937+00:00,2026-09-18T06:53:24.727+00:00,2026-09-18T06:53:25.354+00:00,True,11,11.0,,11.0,200789.455354,201416.432122,201416.432093,18310.584735727272,45.148036,200789.455354,60521.39574361945,100440.0238325,62.697676799999996,12.397291865203007,0.05461322040168593,11,64,,True,True,,44,87.6246207195492
148,2026-09-18T06:50:04.433+00:00,2026-09-18T06:53:26.603+00:00,2026-09-18T06:53:32.174+00:00,True,91,91.0,,91.0,202169.952184,207740.20447199998,207740.204549,2282.8593906483516,35.708493000000004,202169.952184,21186.68424996659,88.04391500000001,61.89169208888889,10.817192290476376,0.4380471282931914,11,64,,True,True,,352,87.6246207195492
149,2026-09-18T06:50:04.783+00:00,2026-09-18T06:53:27.968+00:00,2026-09-18T06:53:32.235+00:00,True,71,71.0,,71.0,203185.402289,207452.204721,207452.204748,2921.862038704225,37.113081,203185.402289,24106.438598376848,75.513894,60.95432045714286,9.066038304869826,0.3422475075426991,11,64,,True,True,,307,87.6246207195492
150,2026-09-18T06:50:05.159+00:00,2026-09-18T06:53:29.277+00:00,2026-09-18T06:53:32.637+00:00,True,55,55.0,,55.0,204117.899368,207478.11415200002,207478.11425100002,3772.329350018182,35.498803,204117.899368,27514.86358196783,93.14293719999999,62.2261997037037,11.169792217893018,0.265088200867811,11,64,,True,True,,260,87.6246207195492
151,2026-09-18T06:50:05.623+00:00,2026-09-18T06:53:31.334+00:00,2026-09-18T06:53:34.515+00:00,True,53,53.0,,53.0,205710.761332,208892.023668,208892.023759,3941.3589388490564,36.491741999999995,205710.761332,28248.145367359146,92.720979,61.17812184615385,12.336633818658314,0.25371959670530503,11,64,,True,True,,200,87.6246207195492
152,2026-09-18T06:50:06.002+00:00,2026-09-18T06:53:32.573+00:00,2026-09-18T06:53:34.650+00:00,True,35,35.0,,35.0,206570.805946,208647.901114,208647.901186,5961.368605314286,37.27919,206570.805946,34906.51482821379,92.246447,61.09103435294118,11.959506114629727,0.16774671498313742,11,64,,True,True,,153,87.6246207195492
153,2026-09-18T06:50:06.568+00:00,2026-09-18T06:53:34.962+00:00,2026-09-18T06:53:39.851+00:00,True,78,78.0,,78.0,208394.53528600003,213283.23903000003,213283.23902200002,2734.400500282052,37.071000999999995,208394.53528600003,23588.848690704555,90.25486315,63.48965901298701,11.660133784237463,0.3657108751477122,11,64,,True,True,,330,87.6246207195492
154,2026-09-18T06:50:06.920+00:00,2026-09-18T06:53:36.148+00:00,2026-09-18T06:53:41.304+00:00,True,84,84.0,,84.0,209227.905061,214383.724069,214383.724079,2552.187191416667,36.305923,209227.905061,22821.86103507962,85.02674845,62.11830130120482,11.141743162043577,0.39182078940360404,11,64,,True,True,,408,87.6246207195492
155,2026-09-18T06:50:07.387+00:00,2026-09-18T06:53:38.386+00:00,2026-09-18T06:53:42.237+00:00,True,62,62.0,,62.0,210998.957521,214850.040273,214850.040277,3465.3232302741935,35.052733999999994,210998.957521,26788.87924744786,89.6623155,63.13250413114754,12.085487873155595,0.28857336922636584,11,64,,True,True,,262,87.6246207195492
156,2026-09-18T06:50:07.901+00:00,2026-09-18T06:53:40.104+00:00,2026-09-18T06:53:44.983+00:00,True,80,80.0,,80.0,212202.98838999998,217082.68093399997,217082.681035,2713.5335129375,34.888563999999995,212202.98838999998,23718.111993617378,91.76852035,61.76826005063291,11.050651223657402,0.3685231804573233,11,64,,True,True,,210,87.6246207195492
157,2026-09-18T06:50:08.291+00:00,2026-09-18T06:53:41.513+00:00,2026-09-18T06:53:41.761+00:00,True,4,4.0,,4.0,213222.381316,213470.26278800002,213470.26293300002,53367.565733250005,60.681216,213222.381316,106569.8781860917,181253.1526072,82.62715733333333,19.01488882762656,0.018737972904321807,11,64,,True,True,,9,87.6246207195492
158,2026-09-18T06:50:08.755+00:00,2026-09-18T06:53:43.364+00:00,2026-09-18T06:53:47.727+00:00,True,69,69.0,,69.0,214608.870246,218972.33648600001,218972.336575,3173.5121242753626,39.108177000000005,214608.870246,25828.148692113533,90.47992459999999,64.16862117647058,9.611657956993463,0.3151082968163493,11,64,,True,True,,291,87.6246207195492
159,2026-09-18T06:50:09.128+00:00,2026-09-18T06:53:44.859+00:00,2026-09-18T06:53:45.450+00:00,True,10,10.0,,10.0,215731.226141,216322.275869,216322.275887,21632.2275887,55.881636,215731.226141,68199.43715253902,118694.72128535001,65.672192,11.22481075081803,0.046227324300414534,11,64,,True,True,,27,87.6246207195492
160,2026-09-18T06:50:09.572+00:00,2026-09-18T06:53:46.447+00:00,2026-09-18T06:53:52.528+00:00,True,96,96.0,,96.0,216874.800505,222955.420281,222955.420316,2322.4522949583334,0.01693,216874.800505,22128.176227171396,92.96152599999999,64.00652395789473,27.758931899271523,0.43057935025310085,11,64,,True,True,,422,87.6246207195492
161,2026-09-18T06:50:10.019+00:00,2026-09-18T06:53:48.434+00:00,2026-09-18T06:53:49.778+00:00,True,22,22.0,,22.0,218414.72308700002,219759.14676700003,219759.146765,9989.05212568182,0.01855,218414.72308700002,46552.5436219359,214.53902145000004,64.02017523809523,41.17755690512836,0.1001095987295834,11,64,,True,True,,80,87.6246207195492
162,2026-09-18T06:50:10.528+00:00,2026-09-18T06:53:50.387+00:00,2026-09-18T06:53:51.612+00:00,True,21,21.0,,21.0,219858.89716800002,221083.64238400004,221083.64224000002,10527.792487619048,42.718959999999996,219858.89716800002,47963.78251916282,90.50603100000001,61.237260799999994,9.500305089331027,0.09498667460673148,11,64,,True,True,,117,87.6246207195492
163,2026-09-18T06:50:10.994+00:00,2026-09-18T06:53:51.967+00:00,2026-09-18T06:53:52.591+00:00,True,10,10.0,,10.0,220973.07031600003,221597.77329200003,221597.77314900002,22159.777314900002,39.321666,220973.07031600003,69855.87251139009,121577.2434265,69.41144177777778,17.532244537600896,0.04512680723927208,11,64,,True,True,,55,87.6246207195492
164,2026-09-18T06:50:11.403+00:00,2026-09-18T06:53:53.687+00:00,2026-09-18T06:53:58.665+00:00,True,80,80.0,,80.0,222284.280204,227262.28366000002,227262.28364500002,2840.7785455625003,38.219389,222284.280204,24845.09456836725,75.97614385,63.012701974683544,8.858688592663718,0.35201617581070116,11,64,,True,True,,352,87.6246207195492
165,2026-09-18T06:50:11.755+00:00,2026-09-18T06:53:55.051+00:00,2026-09-18T06:54:00.106+00:00,True,82,82.0,,82.0,223296.26054,228351.304892,228351.30484599998,2784.772010317073,38.637317,223296.26054,24652.05620837051,69.5395765,62.40795496296296,7.726161058477666,0.3590958240364878,11,64,,True,True,,422,87.6246207195492
166,2026-09-18T06:50:12.151+00:00,2026-09-18T06:53:56.428+00:00,2026-09-18T06:53:58.999+00:00,True,42,42.0,,42.0,224276.27467500002,226847.736307,226847.73640000002,5401.136580952381,40.702174,224276.27467500002,34596.903613689596,72.1662426,62.7185763902439,7.5377600496092105,0.18514621606433007,11,64,,True,True,,189,87.6246207195492
167,2026-09-18T06:50:12.659+00:00,2026-09-18T06:53:58.332+00:00,2026-09-18T06:54:01.459+00:00,True,51,51.0,,51.0,225673.566825,228800.018537,228800.01846199998,4486.274871803921,37.53892,225673.566825,31591.866041696565,85.9283535,62.52903424,10.60977094442424,0.2229020798429377,11,64,,True,True,,193,87.6246207195492
168,2026-09-18T06:50:13.058+00:00,2026-09-18T06:54:00.106+00:00,2026-09-18T06:54:06.132+00:00,True,98,98.0,,98.0,227048.12694999998,233074.29859799996,233074.29846899997,2378.30916805102,37.527569,227048.12694999998,22929.05053045295,76.62998035000001,62.1254809072165,9.218821313921925,0.4204667807196866,11,64,,True,True,,390,87.6246207195492
169,2026-09-18T06:50:13.622+00:00,2026-09-18T06:54:02.138+00:00,2026-09-18T06:54:05.884+00:00,True,62,62.0,,62.0,228516.375416,232262.606712,232262.606692,3746.171075677419,37.35533,228516.375416,29013.810681176947,77.46735065000001,61.41362780327869,9.470195645480683,0.266939224000351,11,64,,True,True,,291,87.6246207195492
170,2026-09-18T06:50:14.189+00:00,2026-09-18T06:54:04.245+00:00,2026-09-18T06:54:04.304+00:00,True,2,2.0,,2.0,230056.249857,230115.02182499997,230115.021607,115057.5108035,58.77175,230056.249857,162632.7764252642,218556.37595165,58.771968,nan,0.008691305696335543,11,64,,True,True,,6,87.6246207195492
171,2026-09-18T06:50:14.577+00:00,2026-09-18T06:54:05.705+00:00,2026-09-18T06:54:07.629+00:00,True,30,30.0,,30.0,231127.88005,233052.484466,233052.48424700001,7768.416141566667,37.176221,231127.88005,42185.87070352058,100.1740267,66.36566951724139,15.743348401155053,0.12872636852054972,11,64,,True,True,,138,87.6246207195492
172,2026-09-18T06:50:14.918+00:00,2026-09-18T06:54:06.957+00:00,2026-09-18T06:54:13.078+00:00,True,97,97.0,,97.0,232038.956625,238159.70977699998,238159.709726,2455.254739443299,33.910466,232038.956625,23553.517291909833,93.92880019999998,63.757845333333336,14.543273335594563,0.40728971365822375,11,64,,True,True,,433,87.6246207195492
173,2026-09-18T06:50:15.435+00:00,2026-09-18T06:54:08.965+00:00,2026-09-18T06:54:12.258+00:00,True,53,53.0,,53.0,233529.90057,236822.519066,236822.519076,4468.349416528302,38.226119,233529.90057,32069.103715980695,96.72306520000001,63.319586461538464,12.758001234071939,0.22379628512113514,11,64,,True,True,,240,87.6246207195492
174,2026-09-18T06:50:15.837+00:00,2026-09-18T06:54:10.517+00:00,2026-09-18T06:54:15.446+00:00,True,79,79.0,,79.0,234679.745506,239609.351138,239609.351197,3033.0297619873418,35.283934,234679.745506,26396.426005742425,89.22656359999999,63.20007220512821,11.194609447067844,0.3297033259545073,11,64,,True,True,,349,87.6246207195492
175,2026-09-18T06:50:17.251+00:00,2026-09-18T06:54:14.069+00:00,2026-09-18T06:54:18.941+00:00,True,78,78.0,,78.0,236818.149133,241690.038029,241690.037993,3098.5902306794874,38.632428,236818.149133,26807.213321420222,92.44491610000001,63.27128436363637,11.007030622369019,0.3227274100169611,11,64,,True,True,,345,87.6246207195492
176,2026-09-18T06:50:17.317+00:00,2026-09-18T06:54:14.550+00:00,2026-09-18T06:54:19.285+00:00,True,75,75.0,,75.0,237232.960835,241968.209219,241968.20916,3226.2427888,38.105759,237232.960835,27385.91623573102,94.1190608,63.98984302702703,11.511028640392537,0.3099580735918873,11,64,,True,True,,435,87.6246207195492
177,2026-09-18T06:50:17.442+00:00,2026-09-18T06:54:16.735+00:00,2026-09-18T06:54:17.210+00:00,True,8,8.0,,8.0,239293.167305,239768.56493700002,239768.565005,29971.070625625,56.334554,239293.167305,84578.90071849813,155576.68707335,67.91394742857143,15.90495880763119,0.033365508118639434,11,64,,True,True,,27,87.6246207195492
178,2026-09-18T06:50:18.058+00:00,2026-09-18T06:54:19.594+00:00,2026-09-18T06:54:22.716+00:00,True,50,50.0,,50.0,241535.56525,244658.11142600002,244658.111475,4893.162229500001,36.707201999999995,241535.56525,34149.2765313452,85.98415815,63.7254321632653,10.059270003710672,0.20436681910349472,11,64,,True,True,,185,87.6246207195492
179,2026-09-18T06:50:18.576+00:00,2026-09-18T06:54:21.695+00:00,2026-09-18T06:54:26.611+00:00,True,80,80.0,,80.0,243118.18133300002,248034.73275700002,248034.732859,3100.4341607375004,37.033061000000004,243118.18133300002,27174.482755085195,78.2165386,62.23482815189873,10.006985334963355,0.32253547360391704,11,64,,True,True,,411,87.6246207195492
180,2026-09-18T06:50:18.989+00:00,2026-09-18T06:54:23.312+00:00,2026-09-18T06:54:28.257+00:00,True,79,79.0,,79.0,244323.402326,249268.822614,249268.822626,3155.3015522278483,38.371848,244323.402326,27481.39935294612,91.17045390000001,63.402824205128205,11.41659100836132,0.3169269191852917,11,64,,True,True,,317,87.6246207195492
181,2026-09-18T06:50:19.545+00:00,2026-09-18T06:54:25.532+00:00,2026-09-18T06:54:30.112+00:00,True,72,72.0,,72.0,245986.89775499998,250566.710363,250566.710501,3480.0932014027776,37.880379,245986.89775499998,28982.234920765368,94.40363,64.50440292957747,13.11034066885262,0.2873486262229027,11,64,,True,True,,367,87.6246207195492
182,2026-09-18T06:50:20.158+00:00,2026-09-18T06:54:27.644+00:00,2026-09-18T06:54:28.535+00:00,True,14,14.0,,14.0,247486.428981,248376.632117,248376.63197400002,17741.187998142857,40.120464999999996,247486.428981,66125.23127301146,86685.4743225,68.4771643076923,17.738084371730523,0.05636601108837475,11,64,,True,True,,57,87.6246207195492
183,2026-09-18T06:50:20.680+00:00,2026-09-18T06:54:29.989+00:00,2026-09-18T06:54:32.014+00:00,True,34,34.0,,34.0,249309.308174,251334.235918,251334.235893,7392.183408617647,41.656982000000006,249309.308174,42745.670786305,77.4177353,61.36144678787879,7.106198978184644,0.13527802878034015,11,64,,True,True,,146,87.6246207195492
184,2026-09-18T06:50:21.216+00:00,2026-09-18T06:54:31.709+00:00,2026-09-18T06:54:37.902+00:00,True,99,99.0,,99.0,250492.860034,256686.568834,256686.568887,2592.7936251212122,40.041235,250492.860034,25169.130266355525,93.006823,63.20111020408163,11.361866370715388,0.3856843793958834,11,64,,True,True,,429,87.6246207195492
185,2026-09-18T06:50:21.805+00:00,2026-09-18T06:54:33.903+00:00,2026-09-18T06:54:39.818+00:00,True,95,95.0,,95.0,252097.791682,258013.472962,258013.473116,2715.9312959578947,37.354949999999995,252097.791682,25858.23373089383,91.60162969999999,62.932779574468086,12.120915328029133,0.3681978266847775,11,64,,True,True,,420,87.6246207195492
186,2026-09-18T06:50:22.148+00:00,2026-09-18T06:54:35.371+00:00,2026-09-18T06:54:37.627+00:00,True,36,36.0,,36.0,253222.644767,255478.98422299998,255478.98437199998,7096.638454777778,39.170567000000005,253222.644767,42193.031951773635,103.012145,64.4668416,14.129541893405444,0.14091178618659558,11,64,,True,True,,178,87.6246207195492
187,2026-09-18T06:50:22.584+00:00,2026-09-18T06:54:37.177+00:00,2026-09-18T06:54:39.877+00:00,True,44,44.0,,44.0,254592.884199,257292.199911,257292.19993499998,5847.549998522727,36.122932,254592.884199,38371.85991700532,95.4720154,62.774784,13.010695509818564,0.1710117913221623,11,64,,True,True,,240,87.6246207195492
188,2026-09-18T06:50:23.050+00:00,2026-09-18T06:54:38.794+00:00,2026-09-18T06:54:43.086+00:00,True,70,70.0,,70.0,255744.113661,260035.87865300002,260035.878536,3714.7982648,38.356198,255744.113661,30559.835447872603,82.12100545,62.19949263768115,9.890589786505403,0.2691936219055763,11,64,,True,True,,304,87.6246207195492
189,2026-09-18T06:50:23.612+00:00,2026-09-18T06:54:40.707+00:00,2026-09-18T06:54:42.427+00:00,True,29,29.0,,29.0,257094.949716,258814.555988,258814.555897,8924.639858517241,41.482202,257094.949716,47729.929496122626,67.90202440000002,61.414509714285714,5.000085438715763,0.11204933930124314,11,64,,True,True,,134,87.6246207195492
190,2026-09-18T06:50:24.175+00:00,2026-09-18T06:54:42.831+00:00,2026-09-18T06:54:46.401+00:00,True,59,59.0,,59.0,258656.56137799998,262226.13245,262226.132316,4444.510717220339,40.167144,258656.56137799998,33666.20448816313,69.041667,61.544328827586206,7.555349391125428,0.22499664487577278,11,64,,True,True,,267,87.6246207195492
191,2026-09-18T06:50:24.667+00:00,2026-09-18T06:54:44.744+00:00,2026-09-18T06:54:46.338+00:00,True,27,27.0,,27.0,260077.458404,261671.55146000002,261671.551481,9691.538943740741,39.683525,260077.458404,50040.131632532364,83.9248328,61.31127138461538,9.04370594973753,0.10318278715952549,11,64,,True,True,,96,87.6246207195492
192,2026-09-18T06:50:25.248+00:00,2026-09-18T06:54:46.580+00:00,2026-09-18T06:54:50.454+00:00,True,65,65.0,,65.0,261331.436452,265206.004132,265206.004228,4080.0923727384616,35.424894,261331.436452,32406.668164589457,92.485821,60.54012,11.132737644047527,0.24509249031800878,11,64,,True,True,,298,87.6246207195492
193,2026-09-18T06:50:25.783+00:00,2026-09-18T06:54:48.312+00:00,2026-09-18T06:54:50.738+00:00,True,41,41.0,,41.0,262529.182794,264955.596618,264955.596651,6462.331625634147,33.936746,262529.182794,40990.69787406887,90.532511,60.6603456,10.638767845714188,0.154742909843538,11,64,,True,True,,133,87.6246207195492
194,2026-09-18T06:50:26.163+00:00,2026-09-18T06:54:49.860+00:00,2026-09-18T06:54:51.731+00:00,True,32,32.0,,32.0,263697.456246,265568.448886,265568.448744,8299.01402325,35.098344,263697.456246,46604.89706438637,93.80952669999999,60.35460129032258,11.928249913298961,0.12049624168169376,11,64,,True,True,,100,87.6246207195492
195,2026-09-18T06:50:26.730+00:00,2026-09-18T06:54:52.009+00:00,2026-09-18T06:54:54.178+00:00,True,38,38.0,,38.0,265279.00266999996,267448.40222199995,267448.402058,7038.115843631578,35.475072999999995,265279.00266999996,43024.42607994984,65.30124970000001,58.63242032432432,7.89337463358623,0.14208348109127036,11,64,,True,True,,191,87.6246207195492
196,2026-09-18T06:50:27.127+00:00,2026-09-18T06:54:53.277+00:00,2026-09-18T06:54:53.829+00:00,True,10,10.0,,10.0,266150.515587,266702.204291,266702.204134,26670.2204134,53.966910000000006,266150.515587,84144.79870811262,146414.05094985,61.29874488888889,4.339030766309811,0.0374950031874838,11,64,,True,True,,50,87.6246207195492
197,2026-09-18T06:50:27.697+00:00,2026-09-18T06:54:55.450+00:00,2026-09-18T06:54:58.370+00:00,True,46,46.0,,46.0,267752.790262,270672.89368599997,270672.893721,5884.19334176087,39.703565000000005,267752.790262,39468.42933015636,93.64470250000001,64.8911872,12.22654085962869,0.16994682908057765,11,64,,True,True,,224,87.6246207195492
198,2026-09-18T06:50:28.047+00:00,2026-09-18T06:54:56.861+00:00,2026-09-18T06:55:03.092+00:00,True,99,99.0,,99.0,268813.838615,275044.299031,275044.298808,2778.2252404848487,37.110400999999996,268813.838615,27010.42018981853,91.46771389999999,63.57612669387755,11.735539205103109,0.35994201788142427,11,64,,True,True,,422,87.6246207195492
199,2026-09-18T06:50:28.610+00:00,2026-09-18T06:54:59.285+00:00,2026-09-18T06:55:02.042+00:00,True,44,44.0,,44.0,270675.87531599996,273432.68427599996,273432.68412399996,6214.379184636363,38.622547,270675.87531599996,40796.25933525366,88.01366044999999,64.11183627906976,9.149128033025073,0.16091711975290737,11,64,,True,True,,207,87.6246207195492
200,2026-09-18T06:50:28.985+00:00,2026-09-18T06:55:00.683+00:00,2026-09-18T06:55:02.042+00:00,True,22,22.0,,22.0,271698.38906699995,273057.5347949999,273057.53479699994,12411.706127136362,45.101625,271698.38906699995,57912.493287883364,95.78812805,64.72122514285714,9.342692704917756,0.0805691006348412,11,64,,True,True,,63,87.6246207195492
201,2026-09-18T06:50:29.459+00:00,2026-09-18T06:55:02.437+00:00,2026-09-18T06:55:07.323+00:00,True,79,79.0,,79.0,272977.565412,277863.658468,277863.658286,3517.261497291139,39.280966,272977.565412,30705.330048043787,94.08961179999999,62.642218666666665,11.807341782645949,0.2843120990904897,11,64,,True,True,,371,87.6246207195492
202,2026-09-18T06:50:30.065+00:00,2026-09-18T06:55:04.339+00:00,2026-09-18T06:55:05.115+00:00,True,13,13.0,,13.0,274273.717792,275049.33968,275049.339527,21157.64150207692,40.622384,274273.717792,76051.91744026881,109767.6178096,64.63515733333334,15.589413053969562,0.04726424726241684,11,64,,True,True,,46,87.6246207195492
203,2026-09-18T06:50:30.530+00:00,2026-09-18T06:55:06.556+00:00,2026-09-18T06:55:10.505+00:00,True,66,66.0,,66.0,276026.16666900006,279974.70682900003,279974.70680200006,4242.041012151516,33.148348,276026.16666900006,33968.997110261516,91.2419915,60.746771692307696,12.084077201490157,0.23573558035837425,11,64,,True,True,,264,87.6246207195492
204,2026-09-18T06:50:30.988+00:00,2026-09-18T06:55:08.255+00:00,2026-09-18T06:55:13.041+00:00,True,79,79.0,,79.0,277267.27095599996,282053.191724,282053.191718,3570.2935660506323,34.753144999999996,277267.27095599996,31188.104304927572,90.9476934,61.35795856410257,12.38373349481632,0.28008901270404546,11,64,,True,True,,261,87.6246207195492
205,2026-09-18T06:50:31.402+00:00,2026-09-18T06:55:09.950+00:00,2026-09-18T06:55:13.172+00:00,True,53,53.0,,53.0,278547.747822,281769.677806,281769.677818,5316.409015433962,37.04992,278547.747822,38252.96637427582,88.80565779999999,61.960192,10.938124100940634,0.1880968896748741,11,64,,True,True,,232,87.6246207195492
206,2026-09-18T06:50:31.959+00:00,2026-09-18T06:55:12.003+00:00,2026-09-18T06:55:14.142+00:00,True,36,36.0,,36.0,280044.251277,282182.795661,282182.795706,7838.410991833333,36.409121,280044.251277,46663.859976574575,93.11395775,61.101268114285716,12.559817979321815,0.12757687766070813,11,64,,True,True,,179,87.6246207195492
207,2026-09-18T06:50:32.345+00:00,2026-09-18T06:55:12.875+00:00,2026-09-18T06:55:14.710+00:00,True,31,31.0,,31.0,280529.60364499997,282365.37887699995,282365.37886099995,9108.560608419353,38.581868,280529.60364499997,50373.614818496084,83.37121350000001,61.192507733333336,10.838373812152419,0.1097868305359907,11,64,,True,True,,152,87.6246207195492
208,2026-09-18T06:50:32.929+00:00,2026-09-18T06:55:14.893+00:00,2026-09-18T06:55:18.338+00:00,True,57,57.0,,57.0,281963.697566,285408.486814,285408.486745,5007.166434122807,34.800235,281963.697566,37338.85823306137,85.88150139999999,61.514093714285714,11.953692392938486,0.19971375286098889,11,64,,True,True,,276,87.6246207195492
209,2026-09-18T06:50:33.550+00:00,2026-09-18T06:55:17.749+00:00,2026-09-18T06:55:20.776+00:00,True,50,50.0,,50.0,284199.05584399996,287226.07408399996,287226.07407499995,5744.521481499999,37.33522,284199.05584399996,40183.08085307914,86.31744315,61.775882448979594,10.575764004090889,0.17407890338457707,11,64,,True,True,,156,87.6246207195492
211,2026-09-18T06:50:34.828+00:00,2026-09-18T06:55:19.899+00:00,2026-09-18T06:55:21.687+00:00,True,30,30.0,,30.0,285071.540867,286858.933635,286858.933854,9561.9644618,36.884651,285071.540867,52035.45245226944,83.83796250000002,61.634233379310345,9.257515108993543,0.10458102043345134,11,64,,True,True,,113,87.6246207195492
212,2026-09-18T06:50:34.897+00:00,2026-09-18T06:55:21.451+00:00,2026-09-18T06:55:25.288+00:00,True,64,64.0,,64.0,286554.33936299995,290391.22128299996,290391.22129399993,4537.362832718749,35.667263,286554.33936299995,35811.6810538907,77.68966045,60.90288761904762,10.429125802741417,0.22039233733456765,11,64,,True,True,,203,87.6246207195492
210,2026-09-18T06:50:34.812+00:00,2026-09-18T06:55:21.454+00:00,2026-09-18T06:55:24.597+00:00,True,53,53.0,,53.0,286641.349033,289784.49783300003,289784.498035,5467.632038396227,38.103028,286641.349033,39364.915686032706,72.38143620000001,60.44516923076923,9.460337965956667,0.1828945316134315,11,64,,True,True,,177,87.6246207195492
213,2026-09-18T06:50:35.320+00:00,2026-09-18T06:55:24.250+00:00,2026-09-18T06:55:28.848+00:00,True,75,75.0,,75.0,288929.532983,293528.055863,293528.056026,3913.7074136799997,33.928396,288929.532983,33355.53483694742,87.7721054,62.142201081081076,10.63207450224903,0.255512202332731,11,64,,True,True,,322,87.6246207195492
214,2026-09-18T06:50:35.752+00:00,2026-09-18T06:55:26.341+00:00,2026-09-18T06:55:32.472+00:00,True,99,99.0,,99.0,290588.335928,296719.29452,296719.29448599997,2997.1645907676766,36.823112,290588.335928,29198.941082374324,91.0994159,62.56080195918367,11.001535430761207,0.3336486768079958,11,64,,True,True,,588,87.6246207195492
215,2026-09-18T06:50:36.229+00:00,2026-09-18T06:55:27.888+00:00,2026-09-18T06:55:30.221+00:00,True,40,40.0,,40.0,291659.43829400005,293992.0967260001,293992.09680700005,7349.802420175001,33.151618,291659.43829400005,46105.95125255796,91.2908415,59.811754666666666,13.815952238463549,0.13605807926625968,11,64,,True,True,,152,87.6246207195492
216,2026-09-18T06:50:36.625+00:00,2026-09-18T06:55:29.495+00:00,2026-09-18T06:55:34.984+00:00,True,88,88.0,,88.0,292870.352139,298359.93370700005,298359.933831,3390.4537935340913,35.096564,292870.352139,31213.359578125062,89.4111931,63.09863871264368,9.661544416456504,0.29494576871175704,11,64,,True,True,,339,87.6246207195492
217,2026-09-18T06:50:37.213+00:00,2026-09-18T06:55:31.575+00:00,2026-09-18T06:55:32.862+00:00,True,22,22.0,,22.0,294362.231352,295648.710456,295648.710418,13438.577746272726,34.906694,294362.231352,62745.17842140254,86.25920095,61.26090971428572,9.5941213755408,0.07441263642269177,11,64,,True,True,,109,87.6246207195492
218,2026-09-18T06:50:37.661+00:00,2026-09-18T06:55:33.104+00:00,2026-09-18T06:55:37.686+00:00,False,73,72.0,,72.0,295443.36537,300025.36857,300025.368504,4109.936554849315,0.033729,295443.36537,34571.58480889129,94.91718180000002,63.638933333333334,13.931796444006842,0.23997970686002645,11,64,,True,False,Request timeout: 300.0s exceeded,351,87.6246207195492
219,2026-09-18T06:50:38.155+00:00,2026-09-18T06:55:35.153+00:00,2026-09-18T06:55:38.214+00:00,False,49,48.0,,48.0,296998.228757,300059.787285,300059.787155,6123.669125612245,0.05399,296998.228757,42419.20919105536,93.55855660000002,63.78246933333334,14.945878397815745,0.15996811980143505,11,64,,True,False,Request timeout: 300.0s exceeded,251,87.6246207195492
220,2026-09-18T06:50:38.651+00:00,2026-09-18T06:55:37.179+00:00,2026-09-18T06:55:38.712+00:00,False,26,25.0,,25.0,298527.52126300003,300060.27390300005,300060.274089,11540.779772653847,0.03717,298527.52126300003,58534.042080831605,94.944312,61.3101056,16.677243221853985,0.08331659394566075,11,64,,True,False,Request timeout: 300.0s exceeded,96,87.6246207195492
221,2026-09-18T06:50:39.011+00:00,2026-09-18T06:55:38.585+00:00,2026-09-18T06:55:39.076+00:00,False,10,9.0,,9.0,299573.91932,300064.985944,300064.985798,30006.498579799998,0.05168,299573.91932,94716.33895566834,164794.9717616,54.56295822222222,20.693896650103103,0.02999350281301943,11,64,,True,False,Request timeout: 300.0s exceeded,42,87.6246207195492
222,2026-09-18T06:50:39.575+00:00,2026-09-18T06:55:39.673+00:00,2026-09-18T06:55:39.673+00:00,False,1,0.0,,0.0,300097.72488,300097.72488,300097.72488,300097.72488,300097.72488,300097.72488,nan,300097.72488,nan,nan,0.0,11,64,,True,False,TTFT timeout: 300.0s exceeded (TTFT: 300.093s),0,87.6246207195492
223,2026-09-18T06:50:40.047+00:00,2026-09-18T06:55:40.055+00:00,2026-09-18T06:55:40.055+00:00,False,1,0.0,,0.0,300008.058546,300008.058546,300008.058546,300008.058546,300008.058546,300008.058546,nan,300008.058546,nan,nan,0.0,11,64,,True,False,TTFT timeout: 300.0s exceeded (TTFT: 300.003s),0,87.6246207195492
224,2026-09-18T06:50:40.531+00:00,2026-09-18T06:55:40.458+00:00,2026-09-18T06:55:40.610+00:00,False,4,3.0,,3.0,299927.689784,300079.407416,300079.40742999996,75019.85185749999,0.02345,299927.689784,149938.56335858902,254952.11859889998,50.572544,46.1793545021544,0.009997353786563239,11,64,,True,False,Request timeout: 300.0s exceeded,10,87.6246207195492
225,2026-09-18T06:50:41.087+00:00,2026-09-18T06:55:41.160+00:00,2026-09-18T06:55:41.160+00:00,False,1,0.0,,0.0,300072.413369,300072.413369,300072.413369,300072.413369,300072.413369,300072.413369,nan,300072.413369,nan,nan,0.0,11,64,,True,False,"HTTPConnectionPool(host='gpu03', port=9002): Read timed out.",0,87.6246207195492
226,2026-09-18T06:50:41.576+00:00,2026-09-18T06:55:41.613+00:00,2026-09-18T06:55:41.613+00:00,False,1,0.0,,0.0,300037.206392,300037.206392,300037.206392,300037.206392,300037.206392,300037.206392,nan,300037.206392,nan,nan,0.0,11,64,,True,False,TTFT timeout: 300.0s exceeded (TTFT: 300.030s),0,87.6246207195492
227,2026-09-18T06:50:42.052+00:00,2026-09-18T06:55:42.135+00:00,2026-09-18T06:55:42.135+00:00,False,1,0.0,,0.0,300082.358175,300082.358175,300082.358175,300082.358175,300082.358175,300082.358175,nan,300082.358175,nan,nan,0.0,11,64,,True,False,"HTTPConnectionPool(host='gpu03', port=9002): Read timed out.",0,87.6246207195492
228,2026-09-18T06:50:42.559+00:00,2026-09-18T06:55:42.623+00:00,2026-09-18T06:55:42.623+00:00,False,1,0.0,,0.0,300063.975675,300063.975675,300063.975675,300063.975675,300063.975675,300063.975675,nan,300063.975675,nan,nan,0.0,11,64,,True,False,TTFT timeout: 300.0s exceeded (TTFT: 300.051s),0,87.6246207195492
229,2026-09-18T06:50:43.021+00:00,2026-09-18T06:55:42.892+00:00,2026-09-18T06:55:43.052+00:00,False,4,3.0,,3.0,299871.38247500005,300031.80564300006,300031.80575400003,75007.95143850001,0.022010000000000002,299871.38247500005,149908.95887199644,254903.62073645004,53.474389333333335,46.69177733570369,0.009998939924287964,11,64,,True,False,Request timeout: 300.0s exceeded,10,87.6246207195492
230,2026-09-18T06:50:43.459+00:00,2026-09-18T06:55:43.567+00:00,2026-09-18T06:55:43.567+00:00,False,1,0.0,,0.0,300107.899091,300107.899091,300107.899091,300107.899091,300107.899091,300107.899091,nan,300107.899091,nan,nan,0.0,11,64,,True,False,"HTTPConnectionPool(host='gpu03', port=9002): Read timed out.",0,87.6246207195492
231,2026-09-18T06:50:43.930+00:00,2026-09-18T06:55:44.000+00:00,2026-09-18T06:55:44.000+00:00,False,1,0.0,,0.0,300070.527089,300070.527089,300070.527089,300070.527089,300070.527089,300070.527089,nan,300070.527089,nan,nan,0.0,11,64,,True,False,"HTTPConnectionPool(host='gpu03', port=9002): Read timed out.",0,87.6246207195492
232,2026-09-18T06:50:44.285+00:00,2026-09-18T06:55:44.254+00:00,2026-09-18T06:55:44.357+00:00,False,3,2.0,,2.0,299968.745421,300071.435469,300071.435278,100023.81175933333,0.04033,299968.745421,173157.39950948686,269982.1358316,51.345024,72.5556271910012,0.0066650795897119555,11,64,,True,False,Request timeout: 300.0s exceeded,5,87.6246207195492
233,2026-09-18T06:50:44.848+00:00,2026-09-18T06:55:44.628+00:00,2026-09-18T06:55:45.857+00:00,False,22,21.0,,21.0,299780.05434,301008.88941199996,301008.889615,13682.222255227272,0.039939999999999996,299780.05434,63900.849573360065,94.21429124999999,58.5159558095238,19.674947771261788,0.0697653814843211,11,64,,True,False,Request timeout: 300.0s exceeded,95,87.6246207195492
234,2026-09-18T06:50:45.405+00:00,2026-09-18T06:55:45.756+00:00,2026-09-18T06:55:45.908+00:00,False,5,4.0,,4.0,300351.688494,300503.662126,300503.661919,60100.7323838,0.02213,300351.688494,134304.36942522565,240293.656396,37.993408,27.06157633564263,0.01331098586852767,11,64,,True,False,Request timeout: 300.0s exceeded,9,87.6246207195492
235,2026-09-18T06:50:45.842+00:00,2026-09-18T06:55:46.006+00:00,2026-09-18T06:55:46.006+00:00,False,1,0.0,,0.0,300164.57704400003,300164.57704400003,300164.57704400003,300164.57704400003,300164.57704400003,300164.57704400003,nan,300164.57704400003,nan,nan,0.0,11,64,,True,False,"HTTPConnectionPool(host='gpu03', port=9002): Read timed out.",0,87.6246207195492
236,2026-09-18T06:50:46.394+00:00,2026-09-18T06:55:46.714+00:00,2026-09-18T06:55:46.714+00:00,False,1,0.0,,0.0,300319.29875,300319.29875,300319.29875,300319.29875,300319.29875,300319.29875,nan,300319.29875,nan,nan,0.0,11,64,,True,False,"HTTPConnectionPool(host='gpu03', port=9002): Read timed out.",0,87.6246207195492
237,2026-09-18T06:50:46.782+00:00,2026-09-18T06:55:46.898+00:00,2026-09-18T06:55:46.898+00:00,False,1,0.0,,0.0,300116.44171,300116.44171,300116.44171,300116.44171,300116.44171,300116.44171,nan,300116.44171,nan,nan,0.0,11,64,,True,False,"HTTPConnectionPool(host='gpu03', port=9002): Read timed out.",0,87.6246207195492
238,2026-09-18T06:50:47.265+00:00,2026-09-18T06:55:47.291+00:00,2026-09-18T06:55:47.291+00:00,False,1,0.0,,0.0,300025.80093800003,300025.80093800003,300025.80093800003,300025.80093800003,300025.80093800003,300025.80093800003,nan,300025.80093800003,nan,nan,0.0,11,64,,True,False,TTFT timeout: 300.0s exceeded (TTFT: 300.019s),0,87.6246207195492
239,2026-09-18T06:50:47.833+00:00,2026-09-18T06:55:47.469+00:00,2026-09-18T06:55:47.856+00:00,False,9,8.0,,8.0,299636.289555,300023.015955,300023.01581,33335.890645555555,0.03473,299636.289555,99862.65172184481,179807.5777326,48.3408,22.053860097542028,0.026664620960946236,11,64,,True,False,Request timeout: 300.0s exceeded,26,87.6246207195492
240,2026-09-18T06:50:48.200+00:00,2026-09-18T06:55:48.304+00:00,2026-09-18T06:55:48.304+00:00,False,1,0.0,,0.0,300104.379197,300104.379197,300104.379197,300104.379197,300104.379197,300104.379197,nan,300104.379197,nan,nan,0.0,11,64,,True,False,"HTTPConnectionPool(host='gpu03', port=9002): Read timed out.",0,87.6246207195492
241,2026-09-18T06:50:48.704+00:00,2026-09-18T06:55:48.656+00:00,2026-09-18T06:55:48.745+00:00,False,3,2.0,,2.0,299951.487642,300040.769946,300040.76974400005,100013.58991466668,0.04022,299951.487642,173151.3043553335,269965.2630660001,44.641152,63.07492048818795,0.00666576079097501,11,64,,True,False,Request timeout: 300.0s exceeded,3,87.6246207195492
242,2026-09-18T06:50:49.301+00:00,2026-09-18T06:55:49.360+00:00,2026-09-18T06:55:49.360+00:00,False,1,0.0,,0.0,300058.94995499996,300058.94995499996,300058.94995499996,300058.94995499996,300058.94995499996,300058.94995499996,nan,300058.94995499996,nan,nan,0.0,11,64,,True,False,TTFT timeout: 300.0s exceeded (TTFT: 300.050s),0,87.6246207195492
243,2026-09-18T06:50:49.718+00:00,2026-09-18T06:55:49.829+00:00,2026-09-18T06:55:49.829+00:00,False,1,0.0,,0.0,300110.735257,300110.735257,300110.735257,300110.735257,300110.735257,300110.735257,nan,300110.735257,nan,nan,0.0,11,64,,True,False,"HTTPConnectionPool(host='gpu03', port=9002): Read timed out.",0,87.6246207195492
244,2026-09-18T06:50:50.226+00:00,2026-09-18T06:55:50.167+00:00,2026-09-18T06:55:50.236+00:00,False,3,2.0,,2.0,299940.363224,300010.02184799995,300010.021783,100003.34059433332,0.03832,299940.363224,173150.54424957128,269953.2889255,34.829312,49.201779597728866,0.006666443966372896,11,64,,True,False,Request timeout: 300.0s exceeded,5,87.6246207195492
245,2026-09-18T06:50:50.732+00:00,2026-09-18T06:55:50.514+00:00,2026-09-18T06:55:50.799+00:00,False,7,6.0,,6.0,299782.408467,300067.026195,300067.026033,42866.71800471428,0.12685,299782.408467,113289.17313304533,209867.03031359997,47.436288,25.119747485026867,0.01999553258511274,11,64,,True,False,Request timeout: 300.0s exceeded,17,87.6246207195492
246,2026-09-18T06:50:51.317+00:00,2026-09-18T06:55:51.331+00:00,2026-09-18T06:55:51.331+00:00,False,1,0.0,,0.0,300013.976487,300013.976487,300013.976487,300013.976487,300013.976487,300013.976487,nan,300013.976487,nan,nan,0.0,11,64,,True,False,"HTTPConnectionPool(host='gpu03', port=9002): Read timed out.",0,87.6246207195492
247,2026-09-18T06:50:51.826+00:00,2026-09-18T06:55:51.679+00:00,2026-09-18T06:55:51.861+00:00,False,5,4.0,,4.0,299853.20237699995,300034.98106499994,300034.98122599995,60006.99624519999,0.04152,299853.20237699995,134078.1078302499,239894.86826659995,45.444672,30.290756230151707,0.01333177880059737,11,64,,True,False,Request timeout: 300.0s exceeded,13,87.6246207195492
248,2026-09-18T06:50:52.439+00:00,2026-09-18T06:55:52.479+00:00,2026-09-18T06:55:52.479+00:00,False,1,0.0,,0.0,300039.147592,300039.147592,300039.147592,300039.147592,300039.147592,300039.147592,nan,300039.147592,nan,nan,0.0,11,64,,True,False,"HTTPConnectionPool(host='gpu03', port=9002): Read timed out.",0,87.6246207195492
249,2026-09-18T06:50:53.017+00:00,2026-09-18T06:55:52.817+00:00,2026-09-18T06:55:53.036+00:00,False,7,6.0,,6.0,299799.58695599996,300018.65690799995,300018.65699499997,42859.80814214285,0.02529,299799.58695599996,113299.7946667014,209881.21379399995,36.51165866666666,22.66875807069791,0.019998756283479684,11,64,,True,False,Request timeout: 300.0s exceeded,22,87.6246207195492
0,2026-09-18T06:48:53.141+00:00,2026-09-18T06:48:53.321+00:00,2026-09-18T06:48:53.445+00:00,True,3,3.0,,3.0,180.256975,304.113103,304.113124,101.37104133333334,30.276163,180.256975,75.2933356908175,171.58927610000003,61.928064,44.76264242139921,9.864750878557178,12,64,,False,True,,10,87.6246207195492
1,2026-09-18T06:48:53.632+00:00,2026-09-18T06:48:53.849+00:00,2026-09-18T06:48:55.068+00:00,True,23,23.0,,23.0,217.49660500000002,1435.7568290000002,1435.756652,62.42420226086956,11.431789,217.49660500000002,36.754014571710776,88.16794180000001,55.37546472727273,14.765444730361398,16.01942580765534,12,64,,False,True,,107,87.6246207195492
2,2026-09-18T06:48:53.980+00:00,2026-09-18T06:48:54.606+00:00,2026-09-18T06:48:56.626+00:00,True,35,35.0,,35.0,626.032427,2646.223403,2646.223383,75.60638237142857,34.533936000000004,626.032427,96.17441417664159,69.91602099999999,59.417381647058825,8.882983472049636,13.22639651675698,12,64,,False,True,,175,87.6246207195492
3,2026-09-18T06:48:54.529+00:00,2026-09-18T06:48:57.565+00:00,2026-09-18T06:48:57.565+00:00,True,1,1.0,,1.0,3036.039298,3036.039298,3036.039298,3036.039298,3036.039298,3036.039298,nan,3036.039298,nan,nan,0.3293765007122118,12,64,,False,True,,3,87.6246207195492
4,2026-09-18T06:48:55.064+00:00,2026-09-18T06:48:59.265+00:00,2026-09-18T06:49:00.031+00:00,True,14,14.0,,14.0,4201.4290630000005,4966.889031000001,4966.888961000001,354.77778292857147,10.63598,4201.4290630000005,1107.3504164726467,1544.3986324,58.881536,22.33923420408211,2.8186657508596142,12,64,,False,True,,81,87.6246207195492
5,2026-09-18T06:48:55.544+00:00,2026-09-18T06:49:00.777+00:00,2026-09-18T06:49:04.415+00:00,True,63,63.0,,63.0,5232.075048000001,8870.130728,8870.130618000001,140.7957240952381,0.0,5232.075048000001,651.9500172397273,68.8726811,58.67831741935484,14.709950923617656,7.102488332120104,12,64,,False,True,,296,87.6246207195492
6,2026-09-18T06:48:55.935+00:00,2026-09-18T06:49:02.407+00:00,2026-09-18T06:49:04.166+00:00,True,31,31.0,,31.0,6471.756525000001,8230.539245,8230.539237,265.50126570967745,0.0,6471.756525000001,1151.961466733784,92.6942475,58.62609066666666,17.55008332920344,3.76646038336216,12,64,,False,True,,139,87.6246207195492
7,2026-09-18T06:48:56.537+00:00,2026-09-18T06:49:04.723+00:00,2026-09-18T06:49:05.803+00:00,True,19,19.0,,19.0,8186.291528,9265.690696,9265.690752999999,487.667934368421,9.250033,8186.291528,1864.5265926879404,959.775818,59.966620444444445,29.45869313240786,2.050575680041025,12,64,,False,True,,80,87.6246207195492
8,2026-09-18T06:48:57.154+00:00,2026-09-18T06:49:07.048+00:00,2026-09-18T06:49:12.093+00:00,True,85,85.0,,85.0,9894.523643999999,14939.557116,14939.557049,175.75949469411762,0.0,9894.523643999999,1067.464608727398,67.64336039999999,60.059922285714286,40.70827533480146,5.689593027424254,12,64,,False,True,,304,87.6246207195492
9,2026-09-18T06:48:57.655+00:00,2026-09-18T06:49:08.747+00:00,2026-09-18T06:49:11.437+00:00,True,46,46.0,,46.0,11091.12355,13781.202014,13781.201961,299.5913469782609,0.0,11091.12355,1626.7005435199721,68.18633325,59.77952142222222,26.906941936380104,3.337880103148454,12,64,,False,True,,210,87.6246207195492
10,2026-09-18T06:48:58.028+00:00,2026-09-18T06:49:10.154+00:00,2026-09-18T06:49:11.796+00:00,True,28,28.0,,28.0,12126.215636,13768.244180000002,13768.244215,491.72300767857143,0.0,12126.215636,2280.4081991424177,162.62537690000002,60.815872,35.223117349078414,2.0336652687111187,12,64,,False,True,,127,87.6246207195492
11,2026-09-18T06:48:58.511+00:00,2026-09-18T06:49:11.979+00:00,2026-09-18T06:49:13.474+00:00,True,26,26.0,,26.0,13468.191393,14962.522272999999,14962.522105999999,575.4816194615385,33.381167999999995,13468.191393,2629.622112409189,70.4618285,59.7732352,9.054094733212962,1.7376749404689091,12,64,,False,True,,119,87.6246207195492
12,2026-09-18T06:48:58.894+00:00,2026-09-18T06:49:13.599+00:00,2026-09-18T06:49:17.623+00:00,True,69,69.0,,69.0,14705.673924,18729.089476,18729.089517,271.4360799565217,0.0,14705.673924,1763.6814656857105,71.14790160000001,59.16787576470588,40.10535519031814,3.6841086208925744,12,64,,False,True,,322,87.6246207195492
13,2026-09-18T06:48:59.481+00:00,2026-09-18T06:49:15.511+00:00,2026-09-18T06:49:17.686+00:00,True,38,38.0,,38.0,16029.651042,18204.295009999998,18204.294921,479.06039265789474,0.0,16029.651042,2591.184102552576,103.10191375000001,58.7741612972973,44.13621726578991,2.087419478706855,12,64,,False,True,,197,87.6246207195492
14,2026-09-18T06:48:59.883+00:00,2026-09-18T06:49:17.174+00:00,2026-09-18T06:49:21.610+00:00,True,69,69.0,,69.0,17290.825599,21726.828415,21726.828426,314.88157139130436,0.0,17290.825599,2074.4313208112917,86.468243,65.23533552941176,54.82462352434343,3.175797161097063,12,64,,False,True,,244,87.6246207195492
15,2026-09-18T06:49:00.272+00:00,2026-09-18T06:49:18.433+00:00,2026-09-18T06:49:21.615+00:00,True,48,48.0,,48.0,18161.599591,21343.203686999997,21343.203578999997,444.6500745625,0.0,18161.599591,2612.455518005558,248.65290330000005,67.69370417021275,66.3657568410161,2.248959467562804,12,64,,False,True,,265,87.6246207195492
16,2026-09-18T06:49:00.728+00:00,2026-09-18T06:49:20.286+00:00,2026-09-18T06:49:24.636+00:00,True,71,71.0,,71.0,19557.933986,23908.226466,23908.226602,336.735585943662,0.0,19557.933986,2314.5566500671234,94.9234535,62.14703542857143,62.51785639837066,2.969689119390325,12,64,,False,True,,341,87.6246207195492
17,2026-09-18T06:49:01.296+00:00,2026-09-18T06:49:22.291+00:00,2026-09-18T06:49:26.778+00:00,True,75,75.0,,75.0,20994.975906,25481.81469,25481.814678,339.75752904,0.0,20994.975906,2417.598746350233,90.6998085,60.63295654054054,38.918300199098304,2.9432754657553,12,64,,False,True,,303,87.6246207195492
18,2026-09-18T06:49:01.915+00:00,2026-09-18T06:49:24.568+00:00,2026-09-18T06:49:30.536+00:00,True,100,100.0,,100.0,22653.003195,28621.133499000003,28621.133505,286.21133505,0.0,22653.003195,2259.602790881298,73.65318565000001,60.28414448484848,38.86501065871987,3.4939217205878275,12,64,,False,True,,519,87.6246207195492
19,2026-09-18T06:49:02.375+00:00,2026-09-18T06:49:26.459+00:00,2026-09-18T06:49:31.548+00:00,True,85,85.0,,85.0,24083.746966,29173.380758,29173.380519,343.2162414,0.0,24083.746966,2605.995530708819,70.36206380000002,60.590878476190476,40.98076047049423,2.9136150076364076,12,64,,False,True,,430,87.6246207195492
20,2026-09-18T06:49:02.822+00:00,2026-09-18T06:49:28.469+00:00,2026-09-18T06:49:29.311+00:00,True,21,21.0,,21.0,25647.274781,26489.155869,26489.156027,1261.3883822380953,0.0,25647.274781,5587.576841207308,70.438919,42.0940544,28.35015709472726,0.7927772445393814,12,64,,False,True,,90,87.6246207195492
21,2026-09-18T06:49:03.171+00:00,2026-09-18T06:49:29.844+00:00,2026-09-18T06:49:32.909+00:00,True,52,52.0,,52.0,26673.375575,29738.479958999997,29738.480108999996,571.89384825,39.950485,26673.375575,3690.6049828902255,70.68683730000001,60.10008596078431,7.613594962946127,1.7485762578212347,12,64,,False,True,,312,87.6246207195492
22,2026-09-18T06:49:03.722+00:00,2026-09-18T06:49:31.915+00:00,2026-09-18T06:49:34.474+00:00,True,44,44.0,,44.0,28193.110361000003,30751.927897,30751.927826000003,698.9074505909092,0.0,28193.110361000003,4241.849317950384,66.93155915,59.507384558139535,69.05718801717583,1.4308046034503226,12,64,,False,True,,100,87.6246207195492
23,2026-09-18T06:49:04.068+00:00,2026-09-18T06:49:33.463+00:00,2026-09-18T06:49:37.443+00:00,True,71,71.0,,71.0,29395.049937,33374.698705,33374.698745,470.06617950704225,0.0,29395.049937,3482.4611837693105,94.65878049999999,56.85212525714286,68.16621245694652,2.1273600288521317,12,64,,False,True,,274,87.6246207195492
24,2026-09-18T06:49:04.552+00:00,2026-09-18T06:49:35.203+00:00,2026-09-18T06:49:38.210+00:00,True,54,54.0,,54.0,30651.131016,33658.472584,33658.472658,623.3050492222222,0.016309,30651.131016,4163.439857814036,95.0873871,56.74229373584906,24.528923202709827,1.6043508767438726,12,64,,False,True,,188,87.6246207195492
25,2026-09-18T06:49:05.057+00:00,2026-09-18T06:49:36.753+00:00,2026-09-18T06:49:39.055+00:00,True,38,38.0,,38.0,31696.866904,33998.351192,33998.351058,894.6934488947368,0.0,31696.866904,5132.420633313549,164.51994019999998,62.202278054054055,79.5841085170763,1.1177012610229642,12,64,,False,True,,130,87.6246207195492
26,2026-09-18T06:49:05.433+00:00,2026-09-18T06:49:38.080+00:00,2026-09-18T06:49:41.454+00:00,True,58,58.0,,58.0,32647.403134,36021.319038,36021.3192,621.0572275862069,0.0,32647.403134,4279.487427878548,68.77418775,59.1915070877193,62.30438200477736,1.610157583036146,12,64,,False,True,,312,87.6246207195492
27,2026-09-18T06:49:05.951+00:00,2026-09-18T06:49:39.818+00:00,2026-09-18T06:49:45.741+00:00,True,98,98.0,,98.0,33867.181131,39790.238027,39790.237855,406.022835255102,0.0,33867.181131,3415.430839035238,99.16503549999999,61.06244222680412,58.575907360869934,2.462915651157987,12,64,,False,True,,448,87.6246207195492
28,2026-09-18T06:49:06.549+00:00,2026-09-18T06:49:42.702+00:00,2026-09-18T06:49:47.009+00:00,True,70,70.0,,70.0,36152.406113,40460.211296999994,40460.211186,578.0030169428571,0.0,36152.406113,4314.127226476127,97.2952851,62.4319591884058,69.40704173033062,1.7300947710372017,12,64,,False,True,,319,87.6246207195492
29,2026-09-18T06:49:06.955+00:00,2026-09-18T06:49:44.043+00:00,2026-09-18T06:49:45.679+00:00,True,28,28.0,,28.0,37087.928173,38723.412077,38723.412166,1382.9790059285715,0.0,37087.928173,6998.344302332441,417.23666900000006,60.57347792592593,109.9655926779632,0.7230767770237573,12,64,,False,True,,82,87.6246207195492
30,2026-09-18T06:49:07.466+00:00,2026-09-18T06:49:45.869+00:00,2026-09-18T06:49:48.873+00:00,True,49,49.0,,49.0,38403.626853,41407.593317,41407.593261,845.0529236938776,0.01692,38403.626853,5477.888433836142,100.3616324,62.582634666666664,81.68668272331463,1.1833578354790042,12,64,,False,True,,203,87.6246207195492
31,2026-09-18T06:49:08.050+00:00,2026-09-18T06:49:48.817+00:00,2026-09-18T06:49:52.827+00:00,True,72,72.0,,72.0,40767.13308,44776.449944,44776.449864,621.895137,0.0,40767.13308,4798.413324905397,76.94430395,56.4692516056338,77.40568362566735,1.6079881296986995,12,64,,False,True,,355,87.6246207195492
32,2026-09-18T06:49:08.546+00:00,2026-09-18T06:49:50.141+00:00,2026-09-18T06:49:52.950+00:00,True,47,47.0,,47.0,41594.70895,44403.649238,44403.649168,944.7584929361702,0.0,41594.70895,6059.021204807962,85.7394627,61.06391930434783,94.20231784477029,1.0584715627331387,12,64,,False,True,,218,87.6246207195492
33,2026-09-18T06:49:08.895+00:00,2026-09-18T06:49:51.520+00:00,2026-09-18T06:49:52.825+00:00,True,23,23.0,,23.0,42624.652695,43929.416599,43929.416458,1909.9746286086954,0.0,42624.652695,8876.505726602589,601.8497169999998,59.30745018181818,137.57372782530445,0.5235671625223351,12,64,,False,True,,108,87.6246207195492
34,2026-09-18T06:49:09.423+00:00,2026-09-18T06:49:53.915+00:00,2026-09-18T06:49:59.522+00:00,True,90,90.0,,90.0,44491.870768,50099.353136,50099.353083,556.6594787,37.394940000000005,44491.870768,4683.232181333439,92.73443139999999,63.00541986516854,13.262968737348396,1.7964303801625037,12,64,,False,True,,440,87.6246207195492
35,2026-09-18T06:49:09.871+00:00,2026-09-18T06:49:55.905+00:00,2026-09-18T06:49:57.558+00:00,True,29,29.0,,29.0,46033.945189000005,47686.62691700001,47686.62689100001,1644.3664445172415,37.900690000000004,46033.945189000005,8537.337567807117,87.8149424,59.024347428571424,12.689858697438474,0.608136953164571,12,64,,False,True,,125,87.6246207195492
36,2026-09-18T06:49:10.385+00:00,2026-09-18T06:49:57.907+00:00,2026-09-18T06:49:58.127+00:00,True,5,5.0,,5.0,47522.101130999996,47741.727114999994,47741.727085,9548.345416999999,39.171088000000005,47522.101130999996,21227.976754105286,38030.04958,54.906496,10.559485204033765,0.10473018682286103,12,64,,False,True,,18,87.6246207195492
37,2026-09-18T06:49:10.841+00:00,2026-09-18T06:49:59.637+00:00,2026-09-18T06:50:05.356+00:00,True,94,94.0,,94.0,48795.789697,54515.020929,54515.021027,579.9470322021276,0.0,48795.789697,5028.158264818267,91.54908655,61.49711002150538,127.51562431823103,1.7242954033242504,12,64,,False,True,,466,87.6246207195492
38,2026-09-18T06:49:11.206+00:00,2026-09-18T06:50:01.126+00:00,2026-09-18T06:50:05.304+00:00,True,69,69.0,,69.0,49919.315129,54097.814457,54097.814411,784.0262958115942,0.01595,49919.315129,6003.225993504039,103.763783,61.44851952941176,112.79633326700629,1.2754674230849954,12,64,,False,True,,311,87.6246207195492
39,2026-09-18T06:49:11.745+00:00,2026-09-18T06:50:03.884+00:00,2026-09-18T06:50:05.112+00:00,True,21,21.0,,21.0,52139.313331,53367.152307,53367.152276,2541.2929655238095,36.342633,52139.313331,11364.340681281737,99.379216,61.391948799999994,12.517416085386353,0.39350047908112756,12,64,,False,True,,87,87.6246207195492
40,2026-09-18T06:49:12.175+00:00,2026-09-18T06:50:05.420+00:00,2026-09-18T06:50:11.507+00:00,True,96,96.0,,96.0,53244.453188,59331.292484,59331.292639,618.0342983229167,0.0,53244.453188,5428.313451138457,99.31884875,64.07199258947368,82.04438809306977,1.6180331825046377,12,64,,False,True,,364,87.6246207195492
41,2026-09-18T06:49:12.689+00:00,2026-09-18T06:50:07.353+00:00,2026-09-18T06:50:11.966+00:00,True,75,75.0,,75.0,54663.455408,59276.869552000004,59276.869477,790.3582596933334,0.0,54663.455408,6305.486283305661,93.9854277,62.343434378378376,94.11652858599662,1.265249001285519,12,64,,False,True,,246,87.6246207195492
42,2026-09-18T06:49:13.199+00:00,2026-09-18T06:50:09.909+00:00,2026-09-18T06:50:10.626+00:00,True,21,21.0,,21.0,56710.049459,57426.418611,57426.418808,2734.591371809524,0.0,56710.049459,12367.370105878075,94.72157499999999,35.8184576,31.860883136703993,0.3656853501913745,12,64,,False,True,,105,87.6246207195492
43,2026-09-18T06:49:13.558+00:00,2026-09-18T06:50:10.791+00:00,2026-09-18T06:50:11.862+00:00,True,18,18.0,,18.0,57232.59399,58304.121158,58304.121173,3239.1178429444444,42.555482000000005,57232.59399,13475.000733530173,8663.1250875,63.03100988235294,12.56489093048707,0.30872603243982166,12,64,,False,True,,77,87.6246207195492
44,2026-09-18T06:49:13.953+00:00,2026-09-18T06:50:12.094+00:00,2026-09-18T06:50:12.934+00:00,True,16,16.0,,16.0,58140.824989,58981.019805,58981.019839,3686.3137399375,36.821411999999995,58140.824989,14521.207061624316,14585.9609635,56.01298773333333,11.242425819656992,0.2712737089473592,12,64,,False,True,,83,87.6246207195492
45,2026-09-18T06:49:14.401+00:00,2026-09-18T06:50:13.890+00:00,2026-09-18T06:50:15.148+00:00,True,21,21.0,,21.0,59488.302579999996,60747.060467999996,60747.060428,2892.717163238095,42.387581,59488.302579999996,12967.681269714089,95.750294,62.9378944,9.859917200348779,0.3456957396492011,12,64,,False,True,,83,87.6246207195492
46,2026-09-18T06:49:14.798+00:00,2026-09-18T06:50:15.565+00:00,2026-09-18T06:50:21.048+00:00,True,89,89.0,,89.0,60767.178386,66249.514898,66249.514723,744.3765699213483,0.0,60767.178386,6436.295648870606,94.6545188,62.29927854545455,143.9356406617201,1.343406063229707,12,64,,False,True,,428,87.6246207195492
47,2026-09-18T06:49:15.326+00:00,2026-09-18T06:50:17.769+00:00,2026-09-18T06:50:21.684+00:00,True,63,63.0,,63.0,62442.740712,66357.9338,66357.933989,1053.3005395079365,0.0,62442.740712,7859.93097639406,94.05630770000002,63.14827561290322,115.91896310455279,0.9493966492368393,12,64,,False,True,,283,87.6246207195492
48,2026-09-18T06:49:15.760+00:00,2026-09-18T06:50:19.028+00:00,2026-09-18T06:50:20.199+00:00,True,15,15.0,,15.0,63267.870776,64438.660152000004,64438.660066000004,4295.9106710666665,0.0,63267.870776,16315.796881811326,19628.533863500004,83.62781257142856,244.08933991456303,0.23277951410872783,12,64,,False,True,,65,87.6246207195492
49,2026-09-18T06:49:16.138+00:00,2026-09-18T06:50:20.736+00:00,2026-09-18T06:50:21.679+00:00,True,15,15.0,,15.0,64598.262826,65541.54781799999,65541.547876,4369.436525066667,59.118541,64598.262826,16661.806230176633,19443.9878798,67.37749942857144,10.858493519243957,0.22886246204702043,12,64,,False,True,,55,87.6246207195492
50,2026-09-18T06:49:16.595+00:00,2026-09-18T06:50:22.145+00:00,2026-09-18T06:50:23.363+00:00,True,20,20.0,,20.0,65549.911848,66767.964712,66767.964681,3338.39823405,39.798007,65549.911848,14643.076678135223,3367.57105365,64.10804547368421,13.380202296028477,0.29954485038249884,12,64,,False,True,,67,87.6246207195492
51,2026-09-18T06:49:17.079+00:00,2026-09-18T06:50:24.415+00:00,2026-09-18T06:50:30.164+00:00,True,94,94.0,,94.0,67335.964429,73085.261069,73085.261253,777.502779287234,33.793237999999995,67335.964429,6938.809190998759,89.8270339,61.82039397849462,12.446554424733458,1.2861690390796352,12,64,,False,True,,492,87.6246207195492
52,2026-09-18T06:49:17.437+00:00,2026-09-18T06:50:25.706+00:00,2026-09-18T06:50:28.649+00:00,True,48,48.0,,48.0,68268.749063,71211.513607,71211.51347399999,1483.5731973749998,32.36269,68268.749063,9844.716780959398,90.63735005000001,62.612011574468085,13.368566664029826,0.674048304392194,12,64,,False,True,,227,87.6246207195492
53,2026-09-18T06:49:17.958+00:00,2026-09-18T06:50:27.375+00:00,2026-09-18T06:50:29.649+00:00,True,38,38.0,,38.0,69417.21525200001,71691.49032400001,71691.49052600001,1886.6181717368424,37.648601,69417.21525200001,11250.994586976216,92.94689435000001,61.46689383783784,12.284857294112097,0.5300489615749948,12,64,,False,True,,173,87.6246207195492
54,2026-09-18T06:49:18.399+00:00,2026-09-18T06:50:29.133+00:00,2026-09-18T06:50:32.244+00:00,True,37,37.0,,37.0,70733.88961900001,73844.37998700001,73844.37997000001,1995.7940532432435,0.0,70733.88961900001,11615.535255889046,284.4956032,86.40251022222222,166.47727168301614,0.5010537024823513,12,64,,False,True,,140,87.6246207195492
55,2026-09-18T06:49:18.791+00:00,2026-09-18T06:50:30.482+00:00,2026-09-18T06:50:33.357+00:00,True,47,47.0,,47.0,71691.244278,74565.993462,74565.993344,1586.510496680851,0.0,71691.244278,10449.185154584826,96.228735,62.49454747826087,150.34826090173163,0.6303141394334395,12,64,,False,True,,231,87.6246207195492
56,2026-09-18T06:49:19.131+00:00,2026-09-18T06:50:32.230+00:00,2026-09-18T06:50:34.800+00:00,True,37,37.0,,37.0,73099.729674,75668.952586,75668.952684,2045.1068292972973,0.0,73099.729674,12006.906865957017,280.4428808,71.3673031111111,166.17584618316775,0.488972012106926,12,64,,False,True,,170,87.6246207195492
57,2026-09-18T06:49:19.731+00:00,2026-09-18T06:50:34.877+00:00,2026-09-18T06:50:36.448+00:00,True,37,37.0,,37.0,75145.88248700001,76716.557943,76716.55787900001,2073.4204832162163,0.016489999999999998,75145.88248700001,12346.764663471375,80.2008254,43.629873777777775,27.782303056602714,0.48229483949854474,12,64,,False,True,,128,87.6246207195492
58,2026-09-18T06:49:20.317+00:00,2026-09-18T06:50:36.236+00:00,2026-09-18T06:50:40.120+00:00,True,64,64.0,,64.0,75918.78759800001,79803.26299,79803.263038,1246.92598496875,31.467171999999998,75918.78759800001,9482.148351076814,90.60038145,61.65833955555555,11.774027792178734,0.8019722202088367,12,64,,False,True,,305,87.6246207195492
59,2026-09-18T06:49:20.920+00:00,2026-09-18T06:50:38.822+00:00,2026-09-18T06:50:40.255+00:00,True,24,24.0,,24.0,77901.46367,79335.065462,79335.06543,3305.62772625,38.927788,77901.46367,15888.851677397091,101.57592484999999,62.330512695652175,13.087628158860518,0.30251440343860997,12,64,,False,True,,118,87.6246207195492
60,2026-09-18T06:49:21.568+00:00,2026-09-18T06:50:40.260+00:00,2026-09-18T06:50:42.089+00:00,True,28,28.0,,28.0,78691.758445,80520.97726099999,80520.977209,2875.749186035714,42.018493,78691.758445,14858.54856693938,97.07139339999999,67.74884503703703,15.10089582168502,0.3477354715807912,12,64,,False,True,,116,87.6246207195492
61,2026-09-18T06:49:21.902+00:00,2026-09-18T06:50:42.573+00:00,2026-09-18T06:50:46.547+00:00,True,64,64.0,,64.0,80671.22372400001,84644.83678000001,84644.83662000002,1322.5755721875003,0.0,80671.22372400001,10077.07757722904,96.339222,63.07322311111111,147.24648722970807,0.756100459693036,12,64,,False,True,,274,87.6246207195492
62,2026-09-18T06:49:22.284+00:00,2026-09-18T06:50:43.974+00:00,2026-09-18T06:50:47.096+00:00,True,51,51.0,,51.0,81690.871321,84812.985881,84812.985772,1662.9997210196077,0.0,81690.871321,11431.467100564727,81.6387785,62.4422912,167.36652983614275,0.6013230105064034,12,64,,False,True,,248,87.6246207195492
63,2026-09-18T06:49:22.808+00:00,2026-09-18T06:50:45.860+00:00,2026-09-18T06:50:50.918+00:00,True,84,84.0,,84.0,83052.236135,88109.308007,88109.307936,1048.9203325714286,31.790251,83052.236135,9055.10101270338,77.52943324999998,60.92857677108434,11.320408603046463,0.9533612497935686,12,64,,False,True,,342,87.6246207195492
64,2026-09-18T06:49:23.434+00:00,2026-09-18T06:50:48.326+00:00,2026-09-18T06:50:49.401+00:00,True,18,18.0,,18.0,84892.555244,85967.369964,85967.369755,4775.964986388889,44.938327,84892.555244,19994.46706146764,12811.108882300001,63.22439529411764,9.286440667374366,0.20938176900767982,12,64,,False,True,,67,87.6246207195492
65,2026-09-18T06:49:24.038+00:00,2026-09-18T06:50:50.207+00:00,2026-09-18T06:50:51.650+00:00,True,25,25.0,,25.0,86169.533875,87612.56158699999,87612.56163499999,3504.5024654,37.292281,86169.533875,17221.885532852466,90.4248184,60.126154666666665,11.97398339740955,0.2853472098881026,12,64,,False,True,,109,87.6246207195492
66,2026-09-18T06:49:24.553+00:00,2026-09-18T06:50:52.331+00:00,2026-09-18T06:50:58.072+00:00,True,92,92.0,,92.0,87777.405553,93518.447985,93518.448019,1016.5048697717392,36.533413,87777.405553,9144.855925909136,89.9730845,63.08837837362638,10.708554886893666,0.9837631182112478,12,64,,False,True,,345,87.6246207195492
67,2026-09-18T06:49:24.969+00:00,2026-09-18T06:50:53.889+00:00,2026-09-18T06:50:57.385+00:00,True,56,56.0,,56.0,88919.526663,92415.901703,92415.901483,1650.2839550535714,36.781102,88919.526663,11873.883128595131,93.71111649999999,63.57045527272727,12.5621876056627,0.605956323187421,12,64,,False,True,,239,87.6246207195492
68,2026-09-18T06:49:25.458+00:00,2026-09-18T06:50:55.434+00:00,2026-09-18T06:51:00.510+00:00,True,83,83.0,,83.0,89976.030522,95051.903802,95051.903898,1145.2036614216868,34.245497,89976.030522,9869.361972945522,69.6632551,61.90089365853658,9.020242695398355,0.873207128737737,12,64,,False,True,,387,87.6246207195492
69,2026-09-18T06:49:25.980+00:00,2026-09-18T06:50:57.568+00:00,2026-09-18T06:50:59.545+00:00,True,33,33.0,,33.0,91588.075702,93564.908214,93564.908183,2835.300247969697,35.739343999999996,91588.075702,15932.68612848411,79.5678888,61.776016,8.923240622055413,0.35269633273751505,12,64,,False,True,,144,87.6246207195492
70,2026-09-18T06:49:26.432+00:00,2026-09-18T06:50:59.056+00:00,2026-09-18T06:51:01.968+00:00,True,48,48.0,,48.0,92623.977309,95536.732253,95536.73238799999,1990.3485914166665,35.275555,92623.977309,13360.178065181151,85.76330855,61.97350944680851,9.931745091519657,0.502424553028322,12,64,,True,True,,228,87.6246207195492
71,2026-09-18T06:49:27.051+00:00,2026-09-18T06:51:01.526+00:00,2026-09-18T06:51:02.960+00:00,True,24,24.0,,24.0,94474.865017,95908.479865,95908.480054,3996.186668916667,38.696398,94474.865017,19271.87874423538,71.19386109999999,62.33108034782609,6.2096259585503555,0.25023856111349285,12,64,,True,True,,102,87.6246207195492
72,2026-09-18T06:49:27.677+00:00,2026-09-18T06:51:03.733+00:00,2026-09-18T06:51:05.849+00:00,True,36,36.0,,36.0,96055.759987,98171.961459,98171.96162999999,2726.9989341666665,36.828761,96055.759987,15999.217219204027,67.53938025000001,60.4628992,5.849358325537701,0.3667034809631958,12,64,,True,True,,161,87.6246207195492
73,2026-09-18T06:49:28.127+00:00,2026-09-18T06:51:05.725+00:00,2026-09-18T06:51:10.917+00:00,True,84,84.0,,84.0,97598.809924,102790.528324,102790.528326,1223.6967657857142,37.69403,97598.809924,10642.084378978963,91.80436435,62.55082409638554,11.405158950730048,0.8171959164878356,12,64,,True,True,,446,87.6246207195492
74,2026-09-18T06:49:28.522+00:00,2026-09-18T06:51:07.032+00:00,2026-09-18T06:51:11.434+00:00,True,72,72.0,,72.0,98509.680051,102911.235251,102911.23532600001,1429.322712861111,36.269892999999996,98509.680051,11602.176481526538,82.62805189999999,61.993735211267605,11.256850891671322,0.6996320647050086,12,64,,True,True,,319,87.6246207195492
75,2026-09-18T06:49:29.083+00:00,2026-09-18T06:51:09.538+00:00,2026-09-18T06:51:14.584+00:00,True,81,81.0,,81.0,100454.729146,105501.142202,105501.142087,1302.4832356419752,38.639568,100454.729146,11154.630974299938,80.42777199999999,63.0801632,8.646642681062962,0.7677641996037505,12,64,,True,True,,394,87.6246207195492
76,2026-09-18T06:49:29.519+00:00,2026-09-18T06:51:11.371+00:00,2026-09-18T06:51:11.766+00:00,True,7,7.0,,7.0,101851.45028399999,102247.17585199999,102247.175832,14606.739404571428,56.285606,101851.45028399999,38471.30300776254,71320.8838176,65.95426133333333,12.314172502128475,0.0684615486116928,12,64,,True,True,,25,87.6246207195492
77,2026-09-18T06:49:30.141+00:00,2026-09-18T06:51:13.651+00:00,2026-09-18T06:51:14.519+00:00,True,15,15.0,,15.0,103509.99334999999,104378.62950999998,104378.62957299998,6958.575304866666,56.471726000000004,103509.99334999999,26710.145515648925,31100.067269199997,62.04544,3.5561416070127723,0.14370757759913802,12,64,,True,True,,53,87.6246207195492
78,2026-09-18T06:49:30.637+00:00,2026-09-18T06:51:15.078+00:00,2026-09-18T06:51:15.268+00:00,True,4,4.0,,4.0,104440.378552,104630.175416,104630.175551,26157.54388775,61.620726000000005,104440.378552,52188.55648313204,88784.2453129,63.265621333333335,2.5117532636700868,0.038229889074508056,12,64,,True,True,,5,87.6246207195492
79,2026-09-18T06:49:31.099+00:00,2026-09-18T06:51:16.985+00:00,2026-09-18T06:51:22.336+00:00,True,84,84.0,,84.0,105886.02763,111237.324142,111237.324236,1324.253859952381,37.81976,105886.02763,11546.084590048184,92.87998214999999,64.47345195180723,12.271841300294009,0.755142220903928,12,64,,True,True,,332,87.6246207195492
80,2026-09-18T06:49:31.544+00:00,2026-09-18T06:51:18.866+00:00,2026-09-18T06:51:19.202+00:00,True,6,6.0,,6.0,107321.82527599999,107658.66956399998,107658.66975199999,17943.11162533333,59.185241000000005,107321.82527599999,43786.44987713328,80513.699518,67.3688576,12.445864064160624,0.055731693734457424,12,64,,True,True,,26,87.6246207195492
81,2026-09-18T06:49:32.110+00:00,2026-09-18T06:51:20.865+00:00,2026-09-18T06:51:22.471+00:00,True,27,27.0,,27.0,108755.032497,110361.05080099999,110361.050945,4087.446331296296,38.757098,108755.032497,20918.03083087714,85.87046980000001,61.769934769230765,10.836208168985504,0.24465153062637704,12,64,,True,True,,127,87.6246207195492
82,2026-09-18T06:49:32.582+00:00,2026-09-18T06:51:22.673+00:00,2026-09-18T06:51:24.807+00:00,True,35,35.0,,35.0,110090.94093000001,112225.02630600001,112225.02633100002,3206.4293237428574,38.06406,110090.94093000001,18598.15878325947,91.9432948,62.76721694117647,10.637490428755905,0.31187339537410075,12,64,,True,True,,201,87.6246207195492
83,2026-09-18T06:49:33.099+00:00,2026-09-18T06:51:24.874+00:00,2026-09-18T06:51:26.665+00:00,True,30,30.0,,30.0,111774.911297,113565.684545,113565.684543,3785.5228180999998,43.464620000000004,111774.911297,20395.940675680147,79.6537378,61.75080165517242,7.555489330201908,0.2641643038581131,12,64,,True,True,,132,87.6246207195492
84,2026-09-18T06:49:33.585+00:00,2026-09-18T06:51:26.785+00:00,2026-09-18T06:51:28.632+00:00,True,29,29.0,,29.0,113200.662843,115047.025723,115047.02576599999,3967.1388195172412,38.892269,113200.662843,21008.59467587827,94.70212880000001,65.94153142857142,13.75586870516713,0.25207083640583305,12,64,,True,True,,145,87.6246207195492
85,2026-09-18T06:49:33.998+00:00,2026-09-18T06:51:28.565+00:00,2026-09-18T06:51:33.819+00:00,True,85,85.0,,85.0,114566.55854799999,119820.59195599999,119820.59215499999,1409.654025352941,34.753726,114566.55854799999,12419.710130925687,93.7587842,62.54801676190476,12.701853614620703,0.7093939248039548,12,64,,True,True,,494,87.6246207195492
86,2026-09-18T06:49:34.503+00:00,2026-09-18T06:51:30.695+00:00,2026-09-18T06:51:36.594+00:00,True,93,93.0,,93.0,116191.593755,122091.132955,122091.133097,1312.8078827634408,35.106345000000005,116191.593755,12041.864242879215,94.44958519999999,64.12542608695652,12.804926718567401,0.7617260791107384,12,64,,True,True,,371,87.6246207195492
87,2026-09-18T06:49:35.161+00:00,2026-09-18T06:51:32.333+00:00,2026-09-18T06:51:36.635+00:00,True,69,69.0,,69.0,117171.29422400001,121473.48020800001,121473.48012200001,1760.4852191594205,36.368082,117171.29422400001,14098.156302509418,94.61435239999999,63.267440941176474,13.737795371991183,0.5680252173713205,12,64,,True,True,,286,87.6246207195492
88,2026-09-18T06:49:35.545+00:00,2026-09-18T06:51:35.200+00:00,2026-09-18T06:51:38.291+00:00,True,50,50.0,,50.0,119655.273575,122746.854503,122746.854463,2454.93708926,34.237687,119655.273575,16912.8920819449,92.6250055,63.09348832653061,11.422634189955073,0.40734241380318204,12,64,,True,True,,108,87.6246207195492
89,2026-09-18T06:49:35.983+00:00,2026-09-18T06:51:36.950+00:00,2026-09-18T06:51:42.444+00:00,True,90,90.0,,90.0,120967.081575,126460.938343,126460.938408,1405.1215378666668,32.850879,120967.081575,12744.547856515626,89.099321,61.72872773033708,10.944418197536159,0.7116822093783063,12,64,,True,True,,403,87.6246207195492
90,2026-09-18T06:49:36.521+00:00,2026-09-18T06:51:39.409+00:00,2026-09-18T06:51:42.693+00:00,True,55,55.0,,55.0,122888.936445,126172.643325,126172.643158,2294.048057418182,37.54922,122888.936445,16562.14411826871,76.0595993,60.80938666666666,9.79705458259389,0.4359106582108218,12,64,,True,True,,262,87.6246207195492
91,2026-09-18T06:49:36.921+00:00,2026-09-18T06:51:40.863+00:00,2026-09-18T06:51:45.254+00:00,True,73,73.0,,73.0,123941.998573,128332.274925,128332.27507,1757.976370821918,38.526579,123941.998573,14499.179746832508,70.53471359999999,60.97606044444445,9.003112966104892,0.5688358602125824,12,64,,True,True,,365,87.6246207195492
92,2026-09-18T06:49:37.491+00:00,2026-09-18T06:51:43.257+00:00,2026-09-18T06:51:45.876+00:00,True,44,44.0,,44.0,125766.21434399999,128384.869576,128384.86952099999,2917.837943659091,38.681178,125766.21434399999,18950.790391943305,68.08431,60.89895888372093,6.4151945813027265,0.34271951317404514,12,64,,True,True,,226,87.6246207195492
93,2026-09-18T06:49:37.867+00:00,2026-09-18T06:51:44.513+00:00,2026-09-18T06:51:49.078+00:00,True,77,77.0,,77.0,126646.154264,131211.81596,131211.815925,1704.0495574675324,37.453900000000004,126646.154264,14425.825736714476,72.2121156,60.074496,9.542420301367898,0.586837392933221,12,64,,True,True,,242,87.6246207195492
94,2026-09-18T06:49:38.290+00:00,2026-09-18T06:51:45.811+00:00,2026-09-18T06:51:46.334+00:00,True,10,10.0,,10.0,127521.610545,128044.048945,128044.048962,12804.4048962,41.576212,127521.610545,40307.51826569517,70166.09217630001,58.04871111111111,8.826415855804163,0.07809812390652686,12,64,,True,True,,47,87.6246207195492
95,2026-09-18T06:49:38.656+00:00,2026-09-18T06:51:47.150+00:00,2026-09-18T06:51:51.206+00:00,True,69,69.0,,69.0,128493.85882600001,132550.041866,132550.041715,1921.0150973188408,35.821863,128493.85882600001,15461.664649727712,69.90451580000001,59.6497505882353,9.415248244241413,0.5205581154757747,12,64,,True,True,,304,87.6246207195492
96,2026-09-18T06:49:39.046+00:00,2026-09-18T06:51:48.654+00:00,2026-09-18T06:51:53.737+00:00,True,83,83.0,,83.0,129607.920382,134691.639806,134691.639816,1622.7908411566264,36.078152,129607.920382,14219.51596697342,78.24177189999999,61.99657834146342,10.046807124178203,0.6162223588601872,12,64,,True,True,,313,87.6246207195492
97,2026-09-18T06:49:39.409+00:00,2026-09-18T06:51:49.960+00:00,2026-09-18T06:51:55.783+00:00,True,94,94.0,,94.0,130551.48201600001,136374.52713600002,136374.527062,1450.7928410851064,37.013851,130551.48201600001,13458.903305196725,93.28521500000001,62.61338838709678,10.632707718843662,0.6892782836655276,12,64,,True,True,,408,87.6246207195492
98,2026-09-18T06:49:39.853+00:00,2026-09-18T06:51:51.552+00:00,2026-09-18T06:51:54.589+00:00,True,48,48.0,,48.0,131699.84318700002,134736.04901100002,134736.04911800002,2807.001023291667,43.13778,131699.84318700002,18999.912884441135,92.31726484999999,64.60012391489362,9.094871595528566,0.35625209698765337,12,64,,True,True,,257,87.6246207195492
99,2026-09-18T06:49:40.245+00:00,2026-09-18T06:51:52.812+00:00,2026-09-18T06:51:55.912+00:00,True,51,51.0,,51.0,132567.067763,135666.747763,135666.747885,2660.1323114705883,38.571058,132567.067763,18554.424289840714,84.0233635,61.9936,10.020805363425755,0.37592115121012054,12,64,,True,True,,173,87.6246207195492
100,2026-09-18T06:49:40.618+00:00,2026-09-18T06:51:54.397+00:00,2026-09-18T06:51:58.856+00:00,True,76,76.0,,76.0,133779.580876,138238.395596,138238.395604,1818.9262579473684,35.591994,133779.580876,15338.754420783856,72.426495,59.45086293333333,10.49224020727014,0.5497748991684559,12,64,,True,True,,370,87.6246207195492
101,2026-09-18T06:49:41.225+00:00,2026-09-18T06:51:56.667+00:00,2026-09-18T06:52:01.038+00:00,True,74,74.0,,74.0,135442.077465,139812.768537,139812.768428,1889.3617355135136,36.349512000000004,135442.077465,15737.864177091944,69.0929993,59.87248043835616,8.966915679390212,0.5292792695140478,12,64,,True,True,,397,87.6246207195492
102,2026-09-18T06:49:41.655+00:00,2026-09-18T06:51:58.493+00:00,2026-09-18T06:51:58.979+00:00,True,9,9.0,,9.0,136838.064324,137324.459716,137324.459708,15258.27330088889,53.214331,136838.064324,45592.42186780941,82130.94583400001,60.799424,4.9397210207790945,0.06553821525031195,12,64,,True,True,,29,87.6246207195492
103,2026-09-18T06:49:42.143+00:00,2026-09-18T06:52:00.219+00:00,2026-09-18T06:52:06.335+00:00,True,99,99.0,,99.0,138075.80216800002,144192.20383200003,144192.20382800003,1456.4869073535356,36.421262000000006,138075.80216800002,13870.872375708253,92.59603390000001,62.41226187755102,11.585448703974468,0.6865835833631202,12,64,,True,True,,407,87.6246207195492
104,2026-09-18T06:49:42.584+00:00,2026-09-18T06:52:01.860+00:00,2026-09-18T06:52:03.765+00:00,True,32,32.0,,32.0,139275.35939300002,141180.07516900002,141180.07533400002,4411.877354187501,37.38148,139275.35939300002,24609.779552032982,94.52991920000001,61.44244438709678,13.102599708347485,0.22666087945975597,12,64,,True,True,,142,87.6246207195492
105,2026-09-18T06:49:43.032+00:00,2026-09-18T06:52:03.701+00:00,2026-09-18T06:52:08.944+00:00,True,84,84.0,,84.0,140669.416577,145912.607105,145912.607306,1737.0548488809522,39.273635999999996,140669.416577,15341.402532016846,91.80919795000001,63.17097021686747,10.271530974412464,0.5756870613623732,12,64,,True,True,,380,87.6246207195492
106,2026-09-18T06:49:43.436+00:00,2026-09-18T06:52:05.005+00:00,2026-09-18T06:52:09.416+00:00,True,72,72.0,,72.0,141569.112603,145980.196891,145980.19684299998,2027.5027339305555,36.827112,141569.112603,16676.761555356192,90.31792134999999,62.127947718309855,10.854583826919445,0.49321758384639475,12,64,,True,True,,361,87.6246207195492
107,2026-09-18T06:49:43.924+00:00,2026-09-18T06:52:07.065+00:00,2026-09-18T06:52:09.006+00:00,True,32,32.0,,32.0,143140.268065,145081.23318500002,145081.233148,4533.788535875,38.825078000000005,143140.268065,25292.797395540856,92.8215713,62.61177806451613,10.591596400389326,0.2205660876840995,12,64,,True,True,,129,87.6246207195492
108,2026-09-18T06:49:44.387+00:00,2026-09-18T06:52:08.943+00:00,2026-09-18T06:52:13.917+00:00,True,81,81.0,,81.0,144556.637857,149530.282657,149530.282717,1846.0528730493827,32.753779,144556.637857,16054.944043258114,85.46196,62.17056,10.252353945362083,0.5416962942937907,12,64,,True,True,,379,87.6246207195492
109,2026-09-18T06:49:44.941+00:00,2026-09-18T06:52:10.962+00:00,2026-09-18T06:52:16.717+00:00,True,93,93.0,,93.0,146020.626759,151776.316487,151776.316322,1632.003401311828,35.345194000000006,146020.626759,15135.150267983789,90.54139299999999,62.56184486956522,11.050926583496832,0.6127438203309254,12,64,,True,True,,381,87.6246207195492
110,2026-09-18T06:49:45.307+00:00,2026-09-18T06:52:12.629+00:00,2026-09-18T06:52:17.774+00:00,True,82,82.0,,82.0,147321.530507,152467.03143499998,152467.03150699998,1859.3540427682926,34.827056,147321.530507,16261.931210344255,94.59956249999999,63.524702814814816,12.706250926750226,0.5378211881495074,12,64,,True,True,,340,87.6246207195492
111,2026-09-18T06:49:45.747+00:00,2026-09-18T06:52:14.145+00:00,2026-09-18T06:52:17.375+00:00,True,53,53.0,,53.0,148397.614742,151627.877014,151627.877033,2860.9033402452833,36.472653,148397.614742,20375.45032871014,88.66466059999999,62.12042830769231,11.487885952192695,0.34953994637217295,12,64,,True,True,,204,87.6246207195492
112,2026-09-18T06:49:46.293+00:00,2026-09-18T06:52:16.591+00:00,2026-09-18T06:52:18.866+00:00,True,35,35.0,,35.0,150297.942432,152572.55644800002,152572.55645200002,4359.215898628572,38.166659,150297.942432,25393.685227290298,103.69288270000001,66.90041223529411,15.097909706714363,0.2293990532427681,12,64,,True,True,,133,87.6246207195492
113,2026-09-18T06:49:46.792+00:00,2026-09-18T06:52:18.232+00:00,2026-09-18T06:52:23.108+00:00,True,77,77.0,,77.0,151440.583462,156316.178982,156316.179034,2030.0802471948052,34.063277,151440.583462,17250.949277951906,93.06411899999999,64.15257263157895,11.753755536281009,0.4925913651514386,12,64,,True,True,,311,87.6246207195492
114,2026-09-18T06:49:47.323+00:00,2026-09-18T06:52:20.364+00:00,2026-09-18T06:52:25.324+00:00,True,79,79.0,,79.0,153041.184198,158000.483782,158000.483664,2000.0061223291139,37.916608999999994,153041.184198,17211.32820827935,88.62579579999999,63.580763897435894,10.454585344017794,0.4999984690489914,12,64,,True,True,,352,87.6246207195492
115,2026-09-18T06:49:47.714+00:00,2026-09-18T06:52:21.654+00:00,2026-09-18T06:52:24.667+00:00,True,49,49.0,,49.0,153939.816466,156952.96078599998,156952.96101,3203.121653265306,34.646995000000004,153939.816466,21982.43757255743,90.03946380000001,62.77384,11.435291975100137,0.31219544858927406,12,64,,True,True,,233,87.6246207195492
116,2026-09-18T06:49:48.076+00:00,2026-09-18T06:52:23.107+00:00,2026-09-18T06:52:24.623+00:00,True,25,25.0,,25.0,155031.005174,156547.651062,156547.651148,6261.90604592,37.103941,155031.005174,30993.565557738388,95.5968764,63.19357866666667,14.475152790875516,0.15969578483230554,12,64,,True,True,,92,87.6246207195492
117,2026-09-18T06:49:48.771+00:00,2026-09-18T06:52:24.402+00:00,2026-09-18T06:52:29.359+00:00,True,80,80.0,,80.0,155630.573474,160587.661218,160587.66122500002,2007.3457653125001,36.723082000000005,155630.573474,17393.01434776796,75.80124590000001,62.74794612658228,9.749984844801409,0.49817027904403494,12,64,,True,True,,388,87.6246207195492
118,2026-09-18T06:49:48.876+00:00,2026-09-18T06:52:24.738+00:00,2026-09-18T06:52:25.792+00:00,True,17,17.0,,17.0,155861.981361,156915.965361,156915.96537700001,9230.350904529412,57.694241999999996,155861.981361,37786.10691708583,31244.373185800003,65.874,7.184289072557962,0.10833824309011446,12,64,,True,True,,57,87.6246207195492
119,2026-09-18T06:49:49.314+00:00,2026-09-18T06:52:27.809+00:00,2026-09-18T06:52:28.057+00:00,True,5,5.0,,5.0,158494.983435,158742.914059,158742.914173,31748.5828346,56.107324999999996,158494.983435,70853.3920648598,126809.44649300001,61.982656,5.383399124579935,0.03149746890838635,12,64,,True,True,,19,87.6246207195492
120,2026-09-18T06:49:49.801+00:00,2026-09-18T06:52:29.542+00:00,2026-09-18T06:52:35.219+00:00,True,90,90.0,,90.0,159741.381211,165417.596507,165417.596571,1837.9732952333334,35.347535,159741.381211,16831.502135681938,94.0727993,63.777699955056185,12.857009533733425,0.5440775461647543,12,64,,True,True,,341,87.6246207195492
121,2026-09-18T06:49:50.296+00:00,2026-09-18T06:52:31.627+00:00,2026-09-18T06:52:38.027+00:00,True,99,99.0,,99.0,161330.66628,167731.009576,167731.00952,1694.2526214141415,37.055842,161330.66628,16207.785104352957,99.7659297,65.30962546938775,15.066560168844854,0.5902307525022226,12,64,,True,True,,416,87.6246207195492
122,2026-09-18T06:49:50.713+00:00,2026-09-18T06:52:33.201+00:00,2026-09-18T06:52:38.091+00:00,True,76,76.0,,76.0,162488.624163,167378.229283,167378.229349,2202.3451230131577,35.771224000000004,162488.624163,18631.25170748573,102.15479950000001,65.19473493333334,15.760990427987323,0.45406144111789243,12,64,,True,True,,372,87.6246207195492
123,2026-09-18T06:49:51.121+00:00,2026-09-18T06:52:35.121+00:00,2026-09-18T06:52:40.979+00:00,True,93,93.0,,93.0,163999.28596,169857.38772,169857.387702,1826.4235236774196,35.645864,163999.28596,16999.336584020228,97.5036902,63.675019130434784,13.904594324104695,0.5475181341732694,12,64,,True,True,,494,87.6246207195492
124,2026-09-18T06:49:51.593+00:00,2026-09-18T06:52:36.725+00:00,2026-09-18T06:52:39.248+00:00,True,40,40.0,,40.0,165132.197279,167654.28111900002,167654.28107800003,4191.3570269500005,36.764031,165132.197279,26099.471578977125,97.08207729999998,64.66881641025641,14.069471085524558,0.23858621284838075,12,64,,True,True,,147,87.6246207195492
125,2026-09-18T06:49:52.159+00:00,2026-09-18T06:52:38.935+00:00,2026-09-18T06:52:41.613+00:00,True,44,44.0,,44.0,166775.95874399997,169453.44840799997,169453.44826499998,3851.214733295454,37.181230000000006,166775.95874399997,25133.03699685858,89.5842939,62.267201488372095,10.992743828227367,0.2596583333852222,12,64,,True,True,,155,87.6246207195492
126,2026-09-18T06:49:52.575+00:00,2026-09-18T06:52:40.657+00:00,2026-09-18T06:52:43.988+00:00,True,53,53.0,,53.0,168082.16818200002,171413.122934,171413.12297400003,3234.2098674339627,40.625553999999994,168082.16818200002,23079.06491823126,94.274519,64.05682215384616,10.602063577825517,0.3091945301084494,12,64,,True,True,,234,87.6246207195492
127,2026-09-18T06:49:52.958+00:00,2026-09-18T06:52:42.042+00:00,2026-09-18T06:52:43.002+00:00,True,16,16.0,,16.0,169083.852908,170044.58174,170044.581608,10627.7863505,47.982330999999995,169083.852908,42254.95184923674,42336.516427250004,64.04858879999999,8.334903773656993,0.09409297159767298,12,64,,True,True,,69,87.6246207195492
128,2026-09-18T06:49:53.301+00:00,2026-09-18T06:52:43.575+00:00,2026-09-18T06:52:49.799+00:00,True,100,100.0,,100.0,170274.739032,176497.816408,176497.81624800002,1764.97816248,37.226491,170274.739032,17021.19262733227,93.89792535000001,62.85936743434343,12.660198665779797,0.5665792474669242,12,64,,True,True,,118,87.6246207195492
129,2026-09-18T06:49:53.900+00:00,2026-09-18T06:52:45.595+00:00,2026-09-18T06:52:46.004+00:00,True,8,8.0,,8.0,171695.094583,172103.734583,172103.734752,21512.966844,39.125618,171695.094583,60682.743989953524,111624.81656839998,58.37714285714286,9.195840264907524,0.04648359327811019,12,64,,True,True,,49,87.6246207195492
130,2026-09-18T06:49:54.400+00:00,2026-09-18T06:52:47.748+00:00,2026-09-18T06:52:47.915+00:00,True,4,4.0,,4.0,173347.89274200003,173515.53562200002,173515.53553100003,43378.88388275001,40.792024,173347.89274200003,86646.00660004685,147355.68762675003,55.88096,13.43005157380775,0.023052690847889936,12,64,,True,True,,14,87.6246207195492
131,2026-09-18T06:49:54.846+00:00,2026-09-18T06:52:49.307+00:00,2026-09-18T06:52:53.939+00:00,True,74,74.0,,74.0,174460.429879,179093.179959,179093.180135,2420.1781099324326,37.634910000000005,174460.429879,20273.23915765276,94.7763696,63.4623298630137,11.954440233598488,0.41319273027002423,12,64,,True,True,,301,87.6246207195492
132,2026-09-18T06:49:55.440+00:00,2026-09-18T06:52:51.772+00:00,2026-09-18T06:52:53.370+00:00,True,26,26.0,,26.0,176331.912049,177929.938545,177929.93866400002,6843.459179384616,44.270997,176331.912049,34568.998561602704,93.85686675000001,63.921059840000005,10.116857839216053,0.14612493104090168,12,64,,True,True,,118,87.6246207195492
133,2026-09-18T06:49:55.978+00:00,2026-09-18T06:52:53.657+00:00,2026-09-18T06:52:58.697+00:00,True,78,78.0,,78.0,177679.030989,182719.02279699998,182719.022845,2342.5515749358974,37.969688999999995,177679.030989,20110.78144104831,94.5508611,65.45443906493506,12.883465152098335,0.4268849450155918,12,64,,True,True,,419,87.6246207195492
134,2026-09-18T06:49:56.374+00:00,2026-09-18T06:52:55.357+00:00,2026-09-18T06:52:55.604+00:00,True,5,5.0,,5.0,178983.36594400002,179230.66271200002,179230.66253200002,35846.132506400005,58.582571,178983.36594400002,80016.1460555939,143199.76696480002,61.824192,2.7778243851609243,0.02789701228764823,12,64,,True,True,,14,87.6246207195492
135,2026-09-18T06:49:56.775+00:00,2026-09-18T06:52:56.781+00:00,2026-09-18T06:52:57.005+00:00,True,5,5.0,,5.0,180005.190056,180230.119336,180230.119516,36046.023903199995,40.755734,180005.190056,80475.62094446259,144017.1800184,56.23232,11.05027351253268,0.02774231087689946,12,64,,True,True,,29,87.6246207195492
136,2026-09-18T06:49:57.233+00:00,2026-09-18T06:52:58.518+00:00,2026-09-18T06:53:00.778+00:00,True,37,37.0,,37.0,181284.422715,183544.636475,183544.636543,4960.6658525135135,36.430792000000004,181284.422715,29792.65642376914,98.2387936,62.78371555555555,12.365193539830848,0.2015858415183908,12,64,,True,True,,173,87.6246207195492
137,2026-09-18T06:49:57.650+00:00,2026-09-18T06:52:59.950+00:00,2026-09-18T06:53:03.052+00:00,True,52,52.0,,52.0,182300.060629,185401.366741,185401.366856,3565.4109010769234,37.368339999999996,182300.060629,25272.038023398585,68.5848118,60.80992376470588,7.1520567264131305,0.28047258180487095,12,64,,True,True,,234,87.6246207195492
138,2026-09-18T06:49:58.061+00:00,2026-09-18T06:53:01.739+00:00,2026-09-18T06:53:06.674+00:00,True,83,83.0,,83.0,183678.297775,188613.563823,188613.563916,2272.452577301205,35.926833,183678.297775,20154.70748322616,67.993769,60.186171317073175,7.401492073819893,0.4400531876800198,12,64,,True,True,,367,87.6246207195492
139,2026-09-18T06:49:58.602+00:00,2026-09-18T06:53:03.867+00:00,2026-09-18T06:53:06.866+00:00,True,51,51.0,,51.0,185264.40451,188263.666206,188263.666087,3691.4444330784313,34.224496,185264.40451,25933.807451090932,72.17294050000001,59.98523392,8.826904430280507,0.2708966686338472,12,64,,True,True,,243,87.6246207195492
140,2026-09-18T06:49:59.181+00:00,2026-09-18T06:53:06.025+00:00,2026-09-18T06:53:08.564+00:00,True,44,44.0,,44.0,186843.940385,189382.916129,189382.916202,4304.157186409091,33.834197,186843.940385,28158.884148061796,69.75843075,59.04594753488372,10.227003067878282,0.2323335224705748,12,64,,True,True,,183,87.6246207195492
141,2026-09-18T06:49:59.546+00:00,2026-09-18T06:53:07.422+00:00,2026-09-18T06:53:12.456+00:00,True,84,84.0,,84.0,187876.111879,192910.186759,192910.186666,2296.549841261905,37.15605,187876.111879,20492.349475927276,68.98573415000001,60.65150457831325,10.617635910571726,0.43543579222666984,12,64,,True,True,,360,87.6246207195492
142,2026-09-18T06:50:00.074+00:00,2026-09-18T06:53:09.683+00:00,2026-09-18T06:53:14.624+00:00,True,82,82.0,,82.0,189608.67759,194549.912022,194549.91218,2372.5599046341463,35.799953,189608.67759,20932.041970868435,91.42534260000001,61.002894222222224,11.25873712855235,0.42148566991244546,12,64,,True,True,,412,87.6246207195492
143,2026-09-18T06:50:00.681+00:00,2026-09-18T06:53:11.924+00:00,2026-09-18T06:53:12.392+00:00,True,8,8.0,,8.0,191242.31684400002,191710.148396,191710.14849100003,23963.768561375004,57.749243,191242.31684400002,67590.74151439326,124340.64387265,66.83307885714285,12.78065512455648,0.04172966359336937,12,64,,True,True,,26,87.6246207195492
144,2026-09-18T06:50:01.136+00:00,2026-09-18T06:53:13.210+00:00,2026-09-18T06:53:14.225+00:00,True,17,17.0,,17.0,192073.12386199998,193089.00303,193089.00311499997,11358.176653823528,37.642720000000004,192073.12386199998,46569.17716459063,38489.362905199996,63.492448,10.909044939411869,0.08804230035492354,12,64,,True,True,,63,87.6246207195492
145,2026-09-18T06:50:01.588+00:00,2026-09-18T06:53:15.110+00:00,2026-09-18T06:53:20.272+00:00,True,83,83.0,,83.0,193521.906946,198683.667714,198683.667783,2393.779129915663,35.450913,193521.906946,21234.882687100286,90.333538,62.948302048780484,11.82670543541041,0.4177494856772845,12,64,,True,True,,416,87.6246207195492
146,2026-09-18T06:50:02.623+00:00,2026-09-18T06:53:15.759+00:00,2026-09-18T06:53:21.128+00:00,True,87,87.0,,87.0,193136.315282,198505.15829,198505.158402,2281.66848737931,35.260594,193136.315282,20699.697192138945,92.58641229999999,62.428407069767445,12.558692678312946,0.4382757644660298,12,64,,True,True,,520,87.6246207195492
147,2026-09-18T06:50:02.704+00:00,2026-09-18T06:53:16.637+00:00,2026-09-18T06:53:19.489+00:00,True,46,46.0,,46.0,193932.590323,196785.352947,196785.352924,4277.942454869565,35.125434,193932.590323,28584.45639507441,94.46587125,63.39472497777778,13.150705077058012,0.2337572350335908,12,64,,True,True,,208,87.6246207195492
148,2026-09-18T06:50:03.014+00:00,2026-09-18T06:53:20.945+00:00,2026-09-18T06:53:23.312+00:00,True,39,39.0,,39.0,197930.39630700002,200297.800083,200297.79990500002,5135.841023205128,33.361008,197930.39630700002,31684.25650033112,99.73900000000002,62.30009936842106,15.214747954095863,0.1947100766151154,12,64,,True,True,,144,87.6246207195492
149,2026-09-18T06:50:03.605+00:00,2026-09-18T06:53:23.454+00:00,2026-09-18T06:53:24.279+00:00,True,14,14.0,,14.0,199849.263379,200674.05313900003,200674.05292800002,14333.860923428572,38.929017,199849.263379,53395.006967755486,70008.08321940001,63.44536615384615,11.40741320806999,0.06976487383898446,12,64,,True,True,,85,87.6246207195492
150,2026-09-18T06:50:04.156+00:00,2026-09-18T06:53:25.731+00:00,2026-09-18T06:53:30.781+00:00,True,83,83.0,,83.0,201575.056741,206624.235877,206624.235879,2489.4486250481928,36.846661,201575.056741,22118.981098382366,93.1011946,61.575355317073175,11.46701095330402,0.40169537541282685,12,64,,True,True,,413,87.6246207195492
151,2026-09-18T06:50:04.780+00:00,2026-09-18T06:53:27.971+00:00,2026-09-18T06:53:29.639+00:00,True,29,29.0,,29.0,203190.71330899998,204859.22121299998,204859.221252,7064.111077655172,41.839792,203190.71330899998,37720.503253270734,66.9196494,59.589568,6.47661485236171,0.14156062796825528,12,64,,True,True,,145,87.6246207195492
152,2026-09-18T06:50:05.406+00:00,2026-09-18T06:53:30.276+00:00,2026-09-18T06:53:36.057+00:00,True,93,93.0,,93.0,204870.02961599999,210650.89847999997,210650.898478,2265.0634244946236,38.686728,204870.02961599999,21237.5196284596,90.01462,62.83553113043478,11.214108618626799,0.4414887411877324,12,64,,True,True,,403,87.6246207195492
153,2026-09-18T06:50:05.983+00:00,2026-09-18T06:53:32.575+00:00,2026-09-18T06:53:32.575+00:00,True,1,1.0,,1.0,206591.678288,206591.678288,206591.678288,206591.678288,206591.678288,206591.678288,nan,206591.678288,nan,nan,0.004840466025964249,12,64,,True,True,,3,87.6246207195492
154,2026-09-18T06:50:06.517+00:00,2026-09-18T06:53:34.823+00:00,2026-09-18T06:53:40.449+00:00,True,90,90.0,,90.0,208306.05430199997,213932.72387,213932.72387099997,2377.030265233333,34.812455,208306.05430199997,21950.724907928823,91.6163005,63.22100638202247,11.387460548533529,0.42069300279040106,12,64,,True,True,,99,87.6246207195492
155,2026-09-18T06:50:07.014+00:00,2026-09-18T06:53:36.660+00:00,2026-09-18T06:53:37.469+00:00,True,14,14.0,,14.0,209646.627757,210455.34916500002,210455.34927600002,15032.524948285714,41.619602,209646.627757,56013.79245245671,73424.4460081,62.20933907692308,7.812214550350608,0.06652242414149236,12,64,,True,True,,64,87.6246207195492
156,2026-09-18T06:50:07.583+00:00,2026-09-18T06:53:39.293+00:00,2026-09-18T06:53:44.039+00:00,True,78,78.0,,78.0,211709.783738,216456.38649,216456.386521,2775.0818784743587,35.928624000000006,211709.783738,23964.434851376824,87.79246549999999,61.64419158441559,10.04677073690509,0.3603497280206306,12,64,,True,True,,336,87.6246207195492
157,2026-09-18T06:50:08.063+00:00,2026-09-18T06:53:40.696+00:00,2026-09-18T06:53:45.325+00:00,True,75,75.0,,75.0,212633.45833199998,217262.39042799998,217262.39039499997,2896.831871933333,37.946898999999995,212633.45833199998,24545.576484004294,90.35915659999999,62.55313643243244,11.411109314142985,0.34520470778330475,12,64,,True,True,,333,87.6246207195492
158,2026-09-18T06:50:08.608+00:00,2026-09-18T06:53:42.936+00:00,2026-09-18T06:53:43.244+00:00,True,6,6.0,,6.0,214327.259915,214635.458571,214635.45864,35772.57644,56.363245,214327.259915,87473.57320008762,160761.9099705,61.6397312,3.6375197799362136,0.027954374547182474,12,64,,True,True,,22,87.6246207195492
159,2026-09-18T06:50:09.121+00:00,2026-09-18T06:53:44.733+00:00,2026-09-18T06:53:47.248+00:00,True,40,40.0,,40.0,215611.95567300002,218126.552793,218126.55279600003,5453.163819900001,39.808955999999995,215611.95567300002,34081.049896705306,91.4017643,64.47684923076923,8.559123156304919,0.18337978337721964,12,64,,True,True,,256,87.6246207195492
160,2026-09-18T06:50:09.540+00:00,2026-09-18T06:53:46.318+00:00,2026-09-18T06:53:50.983+00:00,True,74,74.0,,74.0,216778.070845,221443.236157,221443.23607100002,2992.4761631216215,0.02432,216778.070845,25192.520592819685,90.40671105,63.9063741369863,23.369392411392376,0.3341714169473891,12,64,,True,True,,296,87.6246207195492
161,2026-09-18T06:50:09.927+00:00,2026-09-18T06:53:47.661+00:00,2026-09-18T06:53:52.783+00:00,True,82,82.0,,82.0,217733.53646200002,222856.237262,222856.237472,2717.758993560976,0.01838,217733.53646200002,24037.680393444665,91.98937309999998,63.243219753086414,29.37723711095582,0.3679502131394108,12,64,,True,True,,360,87.6246207195492
162,2026-09-18T06:50:10.314+00:00,2026-09-18T06:53:49.780+00:00,2026-09-18T06:53:54.777+00:00,True,82,82.0,,82.0,219466.152596,224463.194516,224463.194335,2737.35602847561,35.727404,219466.152596,24229.17240009165,89.17810709999999,61.691875555555555,12.081309935431474,0.3653160161816861,12,64,,True,True,,374,87.6246207195492
163,2026-09-18T06:50:10.746+00:00,2026-09-18T06:53:50.986+00:00,2026-09-18T06:53:52.844+00:00,True,30,30.0,,30.0,220239.308303,222097.354767,222097.354772,7403.245159066667,41.771472,220239.308303,40198.316734238826,92.66119595,64.07056772413793,12.78732634163141,0.13507589962731742,12,64,,True,True,,119,87.6246207195492
164,2026-09-18T06:50:11.321+00:00,2026-09-18T06:53:53.437+00:00,2026-09-18T06:53:57.310+00:00,True,63,63.0,,63.0,222116.10401100002,225989.073739,225989.07378,3587.1281552380956,38.918177,222116.10401100002,27976.130134206425,78.23903410000001,62.46725367741936,9.34429305410789,0.2787745396609756,12,64,,True,True,,269,87.6246207195492
165,2026-09-18T06:50:11.909+00:00,2026-09-18T06:53:55.618+00:00,2026-09-18T06:54:00.623+00:00,True,81,81.0,,81.0,223709.72454199998,228714.33868599997,228714.33867199998,2823.633810765432,35.188374,223709.72454199998,24849.686618931224,74.75313,62.557676799999996,8.42896240643914,0.3541535719420033,12,64,,True,True,,276,87.6246207195492
166,2026-09-18T06:50:12.282+00:00,2026-09-18T06:53:57.127+00:00,2026-09-18T06:53:58.958+00:00,True,30,30.0,,30.0,224845.22500600002,226676.02820600002,226676.02816800002,7555.8676056,41.950421,224845.22500600002,41039.40850153186,84.55652040000001,63.131144827586205,7.846804271360658,0.13234747510546824,12,64,,True,True,,125,87.6246207195492
167,2026-09-18T06:50:12.713+00:00,2026-09-18T06:53:58.397+00:00,2026-09-18T06:54:00.485+00:00,True,35,35.0,,35.0,225684.08526300002,227771.85332700002,227771.85345400003,6507.767241542858,37.5304,225684.08526300002,38137.19483276032,80.8497597,61.40494305882353,9.655161251174366,0.15366253331465124,12,64,,True,True,,143,87.6246207195492
168,2026-09-18T06:50:13.242+00:00,2026-09-18T06:54:00.627+00:00,2026-09-18T06:54:01.031+00:00,True,7,7.0,,7.0,227385.197524,227789.00501199998,227789.00500799998,32541.286429714284,60.951836,227385.197524,85918.0895187631,159196.8185308,67.301248,11.550401092618872,0.030730192616764965,12,64,,True,True,,36,87.6246207195492
169,2026-09-18T06:50:13.812+00:00,2026-09-18T06:54:02.986+00:00,2026-09-18T06:54:07.801+00:00,True,78,78.0,,78.0,229173.880751,233988.956847,233988.956675,2999.858418910256,34.483375,229173.880751,25941.754415369407,92.34212705,62.53345579220779,11.989660326274151,0.3333490650629397,12,64,,True,True,,373,87.6246207195492
170,2026-09-18T06:50:14.175+00:00,2026-09-18T06:54:04.179+00:00,2026-09-18T06:54:06.068+00:00,True,32,32.0,,32.0,230004.323685,231893.891173,231893.891198,7246.6840999375,38.869557,230004.323685,40648.62950981707,68.20148909999999,60.953789935483876,6.313863938819239,0.13799414826381523,12,64,,True,True,,152,87.6246207195492
171,2026-09-18T06:50:14.717+00:00,2026-09-18T06:54:06.012+00:00,2026-09-18T06:54:09.244+00:00,True,50,50.0,,50.0,231295.03603400002,234527.06854600002,234527.06869200003,4690.54137384,35.505194,231295.03603400002,32700.73307124737,96.55098255000001,65.95984718367347,15.320939394418193,0.21319500691321275,12,64,,True,True,,219,87.6246207195492
172,2026-09-18T06:50:15.060+00:00,2026-09-18T06:54:07.473+00:00,2026-09-18T06:54:10.770+00:00,True,54,54.0,,54.0,232413.57219,235710.402142,235710.402248,4365.007449037037,39.576366,232413.57219,31619.018793629333,89.9182725,62.204338716981134,12.83655892196361,0.22909468360021107,12,64,,True,True,,196,87.6246207195492
173,2026-09-18T06:50:15.583+00:00,2026-09-18T06:54:09.185+00:00,2026-09-18T06:54:10.417+00:00,True,22,22.0,,22.0,233601.83094100002,234834.23260500003,234834.23241400003,10674.283291545456,36.672482,233601.83094100002,49791.56662910116,68.4965461,58.68579352380952,9.041279066742932,0.0936831046988146,12,64,,True,True,,79,87.6246207195492
174,2026-09-18T06:50:16.012+00:00,2026-09-18T06:54:11.050+00:00,2026-09-18T06:54:12.323+00:00,True,20,20.0,,20.0,235038.45289,236311.28642599998,236311.286387,11815.56431935,40.262434999999996,235038.45289,52541.218470710526,11854.864261649998,66.9912387368421,16.20597659551414,0.08463412942514249,12,64,,True,True,,79,87.6246207195492
175,2026-09-18T06:50:17.272+00:00,2026-09-18T06:54:13.950+00:00,2026-09-18T06:54:19.784+00:00,True,93,93.0,,93.0,236678.035926,242511.95848600002,242511.958344,2607.655466064516,38.454658,236678.035926,24535.795870457074,91.6330406,63.41220173913044,10.828224773987303,0.38348624364999634,12,64,,True,True,,477,87.6246207195492
177,2026-09-18T06:50:17.348+00:00,2026-09-18T06:54:15.547+00:00,2026-09-18T06:54:20.888+00:00,True,84,84.0,,84.0,238198.574777,243540.265913,243540.265937,2899.288880202381,38.553487999999994,238198.574777,25982.575265209292,92.72441815,64.35772453012048,10.374244064323348,0.3449121634366916,12,64,,True,True,,405,87.6246207195492
176,2026-09-18T06:50:17.343+00:00,2026-09-18T06:54:15.731+00:00,2026-09-18T06:54:21.877+00:00,True,97,97.0,,97.0,238388.24596200002,244534.199754,244534.19979600003,2520.971131917526,36.472440999999996,238388.24596200002,24198.161089425033,89.47055060000001,64.020352,10.457943317031559,0.39667253127612184,12,64,,True,True,,417,87.6246207195492
178,2026-09-18T06:50:17.745+00:00,2026-09-18T06:54:18.238+00:00,2026-09-18T06:54:20.642+00:00,True,38,38.0,,38.0,240492.83035,242896.978062,242896.97822,6392.025742631579,57.003963000000006,240492.83035,39002.54880309238,85.98968154999999,64.97696518918919,7.74540036584896,0.15644492699411194,12,64,,True,True,,139,87.6246207195492
179,2026-09-18T06:50:18.198+00:00,2026-09-18T06:54:20.050+00:00,2026-09-18T06:54:23.313+00:00,True,53,53.0,,53.0,241851.870975,245114.875135,245114.875146,4624.808965018868,36.564102,241851.870975,33212.29150433332,81.925367,62.75008,10.084484229521255,0.21622514737552995,12,64,,True,True,,296,87.6246207195492
180,2026-09-18T06:50:18.784+00:00,2026-09-18T06:54:22.464+00:00,2026-09-18T06:54:23.355+00:00,True,16,16.0,,16.0,243680.159556,244570.680644,244570.680559,15285.6675349375,39.186116,243680.159556,60905.19855594936,60973.010648250005,59.36807253333333,9.445932029163135,0.06542076081183987,12,64,,True,True,,66,87.6246207195492
181,2026-09-18T06:50:19.131+00:00,2026-09-18T06:54:23.982+00:00,2026-09-18T06:54:25.039+00:00,True,18,18.0,,18.0,244850.55921500002,245907.440367,245907.440406,13661.524467000001,42.86004,244850.55921500002,57697.17730988215,36799.27872345001,62.16947952941176,8.070203408037976,0.07319827319228826,12,64,,True,True,,70,87.6246207195492
182,2026-09-18T06:50:19.542+00:00,2026-09-18T06:54:25.531+00:00,2026-09-18T06:54:31.083+00:00,True,88,88.0,,88.0,245988.935212,251540.48362800002,251540.48369800003,2858.414587477273,37.431760000000004,245988.935212,26215.70925151368,93.50971985,63.810901333333334,12.434765278158546,0.34984428244219357,12,64,,True,True,,300,87.6246207195492
183,2026-09-18T06:50:20.000+00:00,2026-09-18T06:54:27.237+00:00,2026-09-18T06:54:27.871+00:00,True,11,11.0,,11.0,247236.493874,247870.584626,247870.58460600002,22533.689509636366,37.278290999999996,247236.493874,74525.49035248821,123662.6606735,63.409075200000004,14.160404854847185,0.044377996754223055,12,64,,True,True,,45,87.6246207195492
184,2026-09-18T06:50:20.537+00:00,2026-09-18T06:54:29.555+00:00,2026-09-18T06:54:34.254+00:00,True,77,77.0,,77.0,249018.645162,253717.391786,253717.391774,3295.031062,38.237378,249018.645162,28371.263821893164,77.41797059999999,61.825613473684214,8.140742701311583,0.30348727557843685,12,64,,True,True,,330,87.6246207195492
185,2026-09-18T06:50:20.991+00:00,2026-09-18T06:54:31.079+00:00,2026-09-18T06:54:33.161+00:00,True,34,34.0,,34.0,250088.503257,252170.511577,252170.511619,7416.7797535,40.466795,250088.503257,42879.00535063848,89.67237465000002,63.091161212121214,9.053192356318101,0.13482940486329678,12,64,,True,True,,144,87.6246207195492
186,2026-09-18T06:50:21.368+00:00,2026-09-18T06:54:32.217+00:00,2026-09-18T06:54:35.558+00:00,True,55,55.0,,55.0,250848.557324,254189.464844,254189.46484899998,4621.626633618182,35.917193,250848.557324,33816.0714777258,88.0371989,61.86865777777778,9.37866123751425,0.21637403435958427,12,64,,True,True,,229,87.6246207195492
187,2026-09-18T06:50:21.722+00:00,2026-09-18T06:54:33.587+00:00,2026-09-18T06:54:35.499+00:00,True,32,32.0,,32.0,251865.16218,253777.52314,253777.52302000002,7930.547594375001,39.926546,251865.16218,44512.98658094873,77.2263689,61.68906322580645,8.242230918998338,0.12609469745020224,12,64,,True,True,,143,87.6246207195492
188,2026-09-18T06:50:22.121+00:00,2026-09-18T06:54:35.255+00:00,2026-09-18T06:54:35.307+00:00,True,2,2.0,,2.0,253133.726015,253185.712191,253185.712217,126592.8561085,51.986202,253133.726015,178955.81441626174,240479.63902435,51.986176,nan,0.007899339906239361,12,64,,True,True,,3,87.6246207195492
189,2026-09-18T06:50:22.569+00:00,2026-09-18T06:54:37.172+00:00,2026-09-18T06:54:37.531+00:00,True,6,6.0,,6.0,254602.886662,254961.708806,254961.70898,42493.61816333333,60.616086,254602.886662,103911.89706136337,190979.05751375,71.76442879999999,20.092285186659762,0.023532945508164094,12,64,,True,True,,16,87.6246207195492
190,2026-09-18T06:50:23.074+00:00,2026-09-18T06:54:38.857+00:00,2026-09-18T06:54:39.814+00:00,True,16,16.0,,16.0,255783.64783700003,256740.11913300003,256740.11904600004,16046.257440375002,41.487961999999996,255783.64783700003,63929.971815810306,64015.23294200001,63.76475306666667,11.955553714277128,0.06231982774656057,12,64,,True,True,,61,87.6246207195492
191,2026-09-18T06:50:23.477+00:00,2026-09-18T06:54:40.231+00:00,2026-09-18T06:54:46.272+00:00,True,100,100.0,,100.0,256753.522029,262795.051629,262795.05155900004,2627.95051559,37.69002,256753.522029,25669.250717493105,68.30841099999999,61.02555151515151,7.448225699006892,0.3805246688631514,12,64,,True,True,,468,87.6246207195492
192,2026-09-18T06:50:23.928+00:00,2026-09-18T06:54:41.954+00:00,2026-09-18T06:54:45.963+00:00,True,67,67.0,,67.0,258026.264134,262034.45357399998,262034.453441,3910.9619916567162,34.964144999999995,258026.264134,31515.507121993942,70.11155,60.73014303030303,8.657054348734606,0.25569156683847616,12,64,,True,True,,250,87.6246207195492
193,2026-09-18T06:50:24.394+00:00,2026-09-18T06:54:43.511+00:00,2026-09-18T06:54:45.511+00:00,True,33,33.0,,33.0,259117.80665900002,261116.97440300003,261116.97426600003,7912.635583818183,41.458562,259117.80665900002,45095.74588596932,83.43148380000001,62.473992,8.693265707104048,0.12638014083706714,12,64,,True,True,,183,87.6246207195492
194,2026-09-18T06:50:24.835+00:00,2026-09-18T06:54:45.109+00:00,2026-09-18T06:54:48.437+00:00,True,56,56.0,,56.0,260273.402493,263601.686909,263601.68679300003,4707.172978446429,38.803757,260273.402493,34772.411464387726,85.86589674999999,60.51426210909091,10.741839232304745,0.21244173607785827,12,64,,True,True,,278,87.6246207195492
195,2026-09-18T06:50:25.269+00:00,2026-09-18T06:54:46.586+00:00,2026-09-18T06:54:49.865+00:00,True,56,56.0,,56.0,261316.87016800002,264595.70920800004,264595.709049,4724.923375875001,34.288106,261316.87016800002,34911.9707814617,74.41788025,59.615255272727275,10.59277002932198,0.21164364368425234,12,64,,True,True,,257,87.6246207195492
196,2026-09-18T06:50:25.855+00:00,2026-09-18T06:54:48.650+00:00,2026-09-18T06:54:52.233+00:00,True,60,60.0,,60.0,262795.475694,266377.965294,266377.96537700004,4439.632756283334,32.576479,262795.475694,33918.91283250488,87.7036503,60.720162711864404,10.972278369698428,0.22524385578881614,12,64,,True,True,,299,87.6246207195492
197,2026-09-18T06:50:26.306+00:00,2026-09-18T06:54:50.455+00:00,2026-09-18T06:54:52.684+00:00,True,39,39.0,,39.0,264149.219727,266377.994639,266377.994574,6830.204989076923,33.602737,264149.219727,42288.33661576868,70.79249949999999,58.65197136842106,11.653516408808331,0.14640849013392965,12,64,,True,True,,144,87.6246207195492
198,2026-09-18T06:50:26.749+00:00,2026-09-18T06:54:52.110+00:00,2026-09-18T06:54:52.968+00:00,True,16,16.0,,16.0,265361.539045,266219.814885,266219.81478799996,16638.738424249997,38.735968,265361.539045,66326.08074982725,66389.7469015,57.218389333333334,9.112886643627714,0.06010071041072424,12,64,,True,True,,84,87.6246207195492
199,2026-09-18T06:50:27.309+00:00,2026-09-18T06:54:53.954+00:00,2026-09-18T06:54:59.678+00:00,True,92,92.0,,92.0,266645.15624700004,272369.417879,272369.41788,2960.5371508695657,39.286436,266645.15624700004,27793.12372273637,91.85254909999999,62.90397397802198,12.221087854454598,0.337776541567787,12,64,,True,True,,296,87.6246207195492
200,2026-09-18T06:50:27.659+00:00,2026-09-18T06:54:55.271+00:00,2026-09-18T06:54:56.920+00:00,True,27,27.0,,27.0,267612.572186,269261.59465,269261.594807,9972.651659518518,38.237068,267612.572186,51489.858656938384,93.73328149999999,63.42394092307692,10.710852501439945,0.10027423344608792,12,64,,True,True,,140,87.6246207195492
201,2026-09-18T06:50:28.210+00:00,2026-09-18T06:54:57.488+00:00,2026-09-18T06:54:59.678+00:00,True,36,36.0,,36.0,269278.005911,271467.883159,271467.88315300003,7540.774532027778,38.238818,269278.005911,44869.24155404852,102.77473999999998,62.567921371428575,13.210194753369462,0.13261237234061546,12,64,,True,True,,206,87.6246207195492
202,2026-09-18T06:50:28.788+00:00,2026-09-18T06:54:59.955+00:00,2026-09-18T06:55:05.055+00:00,True,81,81.0,,81.0,271167.17871899996,276267.16463899997,276267.164771,3410.70573791358,35.777743,271167.17871899996,30122.605461537463,91.87673699999999,63.749824,11.719162662804587,0.2931944522102118,12,64,,True,True,,380,87.6246207195492
203,2026-09-18T06:50:29.353+00:00,2026-09-18T06:55:02.107+00:00,2026-09-18T06:55:08.137+00:00,True,96,96.0,,96.0,272753.722236,278784.273532,278784.273532,2904.0028492916667,34.315735000000004,272753.722236,27831.333956355626,92.4925535,63.47948732631579,12.09221131479868,0.34435227921484857,12,64,,True,True,,552,87.6246207195492
204,2026-09-18T06:50:29.772+00:00,2026-09-18T06:55:03.376+00:00,2026-09-18T06:55:07.078+00:00,True,60,60.0,,60.0,273604.482976,277305.993376,277305.993402,4621.7665567,34.830335,273604.482976,35314.0895615043,91.87547135000001,62.737464406779665,12.184134821639779,0.21636748369389128,12,64,,True,True,,290,87.6246207195492
205,2026-09-18T06:50:30.185+00:00,2026-09-18T06:55:04.842+00:00,2026-09-18T06:55:09.475+00:00,True,75,75.0,,75.0,274657.382108,279289.86774,279289.867927,3723.864905693333,36.596562,274657.382108,31707.4763116109,92.35696970000001,62.60115718918919,11.816004622507323,0.26853820586796195,12,64,,True,True,,295,87.6246207195492
206,2026-09-18T06:50:30.563+00:00,2026-09-18T06:55:06.623+00:00,2026-09-18T06:55:10.887+00:00,True,71,71.0,,71.0,276059.875275,280324.041675,280324.041556,3948.2259374084506,35.862743,276059.875275,32755.052103863763,87.9186895,60.91666285714286,11.318199158099091,0.25327831168443077,12,64,,True,True,,356,87.6246207195492
207,2026-09-18T06:50:31.170+00:00,2026-09-18T06:55:08.858+00:00,2026-09-18T06:55:10.632+00:00,True,32,32.0,,32.0,277687.73125199997,279461.61771599995,279461.61768499995,8733.175552656248,34.845735,277687.73125199997,49078.605051985556,69.8925231,57.222144,10.744456132947446,0.11450588550059734,12,64,,True,True,,133,87.6246207195492
208,2026-09-18T06:50:31.726+00:00,2026-09-18T06:55:11.200+00:00,2026-09-18T06:55:14.828+00:00,True,59,59.0,,59.0,279473.745674,283101.810698,283101.810569,4798.335772355932,32.841809,279473.745674,36376.24068717302,88.9934364,62.552845241379316,11.468352918847,0.20840559039355097,12,64,,True,True,,247,87.6246207195492
209,2026-09-18T06:50:32.281+00:00,2026-09-18T06:55:12.661+00:00,2026-09-18T06:55:15.785+00:00,True,51,51.0,,51.0,280379.618148,283503.73206799995,283503.732258,5558.896710941176,37.392480000000006,280379.618148,39252.251938119305,91.1825345,62.4822784,11.606515082695882,0.17989181175141414,12,64,,True,True,,230,87.6246207195492
210,2026-09-18T06:50:32.881+00:00,2026-09-18T06:55:14.828+00:00,2026-09-18T06:55:19.240+00:00,True,73,73.0,,73.0,281947.201259,286358.509547,286358.509754,3922.71931169863,37.26861,281947.201259,32992.25484589445,79.35887340000001,61.26817066666666,11.153514079921537,0.25492519888960563,12,64,,True,True,,374,87.6246207195492
211,2026-09-18T06:50:33.332+00:00,2026-09-18T06:55:17.025+00:00,2026-09-18T06:55:17.855+00:00,True,15,15.0,,15.0,283692.26627200004,284522.27868800005,284522.27859400003,18968.15190626667,40.615804,283692.26627200004,73233.72090094212,85154.42591310001,59.286601142857144,8.44846735918829,0.052719948923397396,12,64,,True,True,,56,87.6246207195492
212,2026-09-18T06:50:34.730+00:00,2026-09-18T06:55:18.951+00:00,2026-09-18T06:55:23.934+00:00,True,82,82.0,,82.0,284220.434688,289203.553792,289203.553768,3526.8726069268296,38.741558,284220.434688,31380.10410689344,75.94390455000001,61.5199889382716,9.791861825120742,0.2835373180060428,12,64,,True,True,,354,87.6246207195492
213,2026-09-18T06:50:34.776+00:00,2026-09-18T06:55:19.901+00:00,2026-09-18T06:55:24.535+00:00,True,77,77.0,,77.0,285125.458138,289759.11727399996,289759.11741299997,3763.1054209480517,35.466414,285125.458138,32486.11493415926,70.667697,60.969199157894735,9.759617964631554,0.2657379713342646,12,64,,True,True,,437,87.6246207195492
214,2026-09-18T06:50:34.962+00:00,2026-09-18T06:55:22.526+00:00,2026-09-18T06:55:28.517+00:00,True,98,98.0,,98.0,287563.542648,293555.12972,293555.129717,2995.4605073163266,34.619155,287563.542648,29042.066779162025,91.07909385,61.76893888659794,10.702263943731667,0.33383848578450925,12,64,,True,True,,459,87.6246207195492
215,2026-09-18T06:50:35.464+00:00,2026-09-18T06:55:25.164+00:00,2026-09-18T06:55:26.810+00:00,True,27,27.0,,27.0,289699.81795399997,291345.401058,291345.40113699995,10790.57041248148,37.0815,289699.81795399997,55740.576711020265,96.2673202,63.291657846153846,11.975048605374345,0.09267350677907195,12,64,,True,True,,109,87.6246207195492
216,2026-09-18T06:50:35.975+00:00,2026-09-18T06:55:26.809+00:00,2026-09-18T06:55:29.944+00:00,True,53,53.0,,53.0,290834.046201,293969.14431299997,293969.144248,5546.587627320754,35.060953999999995,290834.046201,39940.84900155314,91.3165504,60.290348307692305,12.492101491417463,0.18029103062452334,12,64,,True,True,,112,87.6246207195492
217,2026-09-18T06:50:36.546+00:00,2026-09-18T06:55:29.073+00:00,2026-09-18T06:55:30.732+00:00,True,28,28.0,,28.0,292526.908726,294185.407542,294185.407534,10506.621697642857,34.599725,292526.908726,55270.78258243019,93.76647805,61.425882074074075,13.270530487028994,0.0951780723386238,12,64,,True,True,,93,87.6246207195492
218,2026-09-18T06:50:36.911+00:00,2026-09-18T06:55:30.542+00:00,2026-09-18T06:55:35.086+00:00,True,73,73.0,,73.0,293630.950083,298175.513795,298175.513818,4084.59607969863,36.355451,293630.950083,34359.51700134162,88.0739854,63.11894044444445,9.38744830663952,0.24482224938895744,12,64,,True,True,,360,87.6246207195492
219,2026-09-18T06:50:37.521+00:00,2026-09-18T06:55:32.656+00:00,2026-09-18T06:55:34.391+00:00,True,29,29.0,,29.0,295134.40965399996,296869.46398999996,296869.46388899995,10236.87806513793,36.418471,295134.40965399996,54793.578475902024,93.12013259999999,61.966226285714285,12.183736558059472,0.09768603213760262,12,64,,True,True,,134,87.6246207195492
220,2026-09-18T06:50:38.150+00:00,2026-09-18T06:55:35.084+00:00,2026-09-18T06:55:38.211+00:00,False,50,49.0,,49.0,296934.17667799996,300060.96016599995,300060.96018299996,6001.219203659999,0.041460000000000004,296934.17667799996,41983.81223775753,96.01434744999999,63.811907918367346,15.001249372537309,0.16330015065236136,12,64,,True,False,Request timeout: 300.0s exceeded,257,87.6246207195492
221,2026-09-18T06:50:38.626+00:00,2026-09-18T06:55:37.051+00:00,2026-09-18T06:55:37.627+00:00,True,10,10.0,,10.0,298425.049217,299000.597121,299000.597207,29900.059720700003,38.109049,298425.049217,94350.06466350531,164172.07440035001,63.949767111111115,12.37312140478736,0.03344474926233403,12,64,,True,True,,55,87.6246207195492
222,2026-09-18T06:50:39.082+00:00,2026-09-18T06:55:38.891+00:00,2026-09-18T06:55:39.137+00:00,False,6,5.0,,5.0,299808.913207,300055.706679,300055.706683,50009.28444716667,0.035279000000000005,299808.913207,122376.32818773204,224873.048602,49.3586944,27.70059278337929,0.016663572425732957,12,64,,True,False,Request timeout: 300.0s exceeded,16,87.6246207195492
223,2026-09-18T06:50:39.561+00:00,2026-09-18T06:55:39.669+00:00,2026-09-18T06:55:39.669+00:00,False,1,0.0,,0.0,300108.134141,300108.134141,300108.134141,300108.134141,300108.134141,300108.134141,nan,300108.134141,nan,nan,0.0,12,64,,True,False,"HTTPConnectionPool(host='gpu03', port=9002): Read timed out.",0,87.6246207195492
224,2026-09-18T06:50:39.969+00:00,2026-09-18T06:55:39.986+00:00,2026-09-18T06:55:39.986+00:00,False,1,0.0,,0.0,300016.90876099997,300016.90876099997,300016.90876099997,300016.90876099997,300016.90876099997,300016.90876099997,nan,300016.90876099997,nan,nan,0.0,12,64,,True,False,TTFT timeout: 300.0s exceeded (TTFT: 300.013s),0,87.6246207195492
225,2026-09-18T06:50:40.397+00:00,2026-09-18T06:55:40.318+00:00,2026-09-18T06:55:40.459+00:00,False,4,3.0,,3.0,299920.96587,300061.93739000004,300061.937316,75015.484329,0.032850000000000004,299920.96587,149936.99137077102,254943.43576155003,46.99050666666666,40.66744872948866,0.009997935846494268,12,64,,True,False,Request timeout: 300.0s exceeded,10,87.6246207195492
226,2026-09-18T06:50:40.897+00:00,2026-09-18T06:55:41.005+00:00,2026-09-18T06:55:41.005+00:00,False,1,0.0,,0.0,300108.578426,300108.578426,300108.578426,300108.578426,300108.578426,300108.578426,nan,300108.578426,nan,nan,0.0,12,64,,True,False,"HTTPConnectionPool(host='gpu03', port=9002): Read timed out.",0,87.6246207195492
227,2026-09-18T06:50:41.347+00:00,2026-09-18T06:55:41.408+00:00,2026-09-18T06:55:41.408+00:00,False,1,0.0,,0.0,300061.44860299997,300061.44860299997,300061.44860299997,300061.44860299997,300061.44860299997,300061.44860299997,nan,300061.44860299997,nan,nan,0.0,12,64,,True,False,TTFT timeout: 300.0s exceeded (TTFT: 300.047s),0,87.6246207195492
228,2026-09-18T06:50:41.801+00:00,2026-09-18T06:55:41.745+00:00,2026-09-18T06:55:41.836+00:00,False,3,2.0,,2.0,299943.81108200003,300034.90996200003,300034.90992,100011.63664000001,0.03588,299943.81108200003,173146.34808251655,269958.53626960004,45.54944,64.36558835375213,0.006665890979997306,12,64,,True,False,Request timeout: 300.0s exceeded,6,87.6246207195492
229,2026-09-18T06:50:42.408+00:00,2026-09-18T06:55:42.524+00:00,2026-09-18T06:55:42.524+00:00,False,1,0.0,,0.0,300115.719902,300115.719902,300115.719902,300115.719902,300115.719902,300115.719902,nan,300115.719902,nan,nan,0.0,12,64,,True,False,"HTTPConnectionPool(host='gpu03', port=9002): Read timed out.",0,87.6246207195492
230,2026-09-18T06:50:42.939+00:00,2026-09-18T06:55:42.818+00:00,2026-09-18T06:55:42.980+00:00,False,4,3.0,,3.0,299878.60417400004,300040.376462,300040.376311,75010.09407775,0.03623,299878.60417400004,149912.34502636228,254910.04356515,53.924096,47.2406416535945,0.00999865429904881,12,64,,True,False,Request timeout: 300.0s exceeded,12,87.6246207195492
231,2026-09-18T06:50:43.321+00:00,2026-09-18T06:55:43.140+00:00,2026-09-18T06:55:43.373+00:00,False,6,5.0,,5.0,299819.879605,300051.94949300005,300051.94956000004,50008.658260000004,0.02076,299819.879605,122382.00746311442,224881.96037675,46.4139776,28.203083708329146,0.01666378108340418,12,64,,True,False,Request timeout: 300.0s exceeded,21,87.6246207195492
232,2026-09-18T06:50:43.934+00:00,2026-09-18T06:55:44.000+00:00,2026-09-18T06:55:44.000+00:00,False,1,0.0,,0.0,300065.771628,300065.771628,300065.771628,300065.771628,300065.771628,300065.771628,nan,300065.771628,nan,nan,0.0,12,64,,True,False,"HTTPConnectionPool(host='gpu03', port=9002): Read timed out.",0,87.6246207195492
233,2026-09-18T06:50:44.485+00:00,2026-09-18T06:55:44.356+00:00,2026-09-18T06:55:44.496+00:00,False,4,3.0,,3.0,299870.64884,300010.881288,300010.881337,75002.72033425,0.030690000000000002,299870.64884,149911.95599989858,254901.0561713,46.74414933333333,40.586445390742234,0.00999963730355535,12,64,,True,False,Request timeout: 300.0s exceeded,11,87.6246207195492
234,2026-09-18T06:50:44.839+00:00,2026-09-18T06:55:44.567+00:00,2026-09-18T06:55:45.857+00:00,False,23,22.0,,22.0,299728.038078,301017.774014,301017.77397800004,13087.729303391305,0.0422,299728.038078,62485.395004849066,90.4481179,58.62436072727272,19.12039904205148,0.07308538531341609,12,64,,True,False,Request timeout: 300.0s exceeded,94,87.6246207195492
235,2026-09-18T06:50:45.388+00:00,2026-09-18T06:55:45.691+00:00,2026-09-18T06:55:45.910+00:00,False,6,5.0,,5.0,300303.053176,300521.923704,300521.92348500004,50086.9872475,0.04604,300303.053176,122580.3397325972,225243.92640350002,43.7741056,26.769004424836364,0.016637721262974362,12,64,,True,False,Request timeout: 300.0s exceeded,14,87.6246207195492
236,2026-09-18T06:50:45.993+00:00,2026-09-18T06:55:46.017+00:00,2026-09-18T06:55:46.017+00:00,False,1,0.0,,0.0,300024.101704,300024.101704,300024.101704,300024.101704,300024.101704,300024.101704,nan,300024.101704,nan,nan,0.0,12,64,,True,False,"HTTPConnectionPool(host='gpu03', port=9002): Read timed out.",0,87.6246207195492
237,2026-09-18T06:50:46.612+00:00,2026-09-18T06:55:46.728+00:00,2026-09-18T06:55:46.728+00:00,False,1,0.0,,0.0,300115.892305,300115.892305,300115.892305,300115.892305,300115.892305,300115.892305,nan,300115.892305,nan,nan,0.0,12,64,,True,False,"HTTPConnectionPool(host='gpu03', port=9002): Read timed out.",0,87.6246207195492
238,2026-09-18T06:50:47.147+00:00,2026-09-18T06:55:47.107+00:00,2026-09-18T06:55:47.289+00:00,False,3,2.0,,2.0,299959.358566,300141.551462,300141.551514,100047.183838,0.02244,299959.358566,173129.04579485927,269981.6397602,91.096448,128.79797284248227,0.006663522562130868,12,64,,True,False,Request timeout: 300.0s exceeded,9,87.6246207195492
239,2026-09-18T06:50:47.606+00:00,2026-09-18T06:55:47.289+00:00,2026-09-18T06:55:47.633+00:00,False,8,7.0,,7.0,299683.030013,300026.874877,300026.874887,37503.359360875,0.02104,299683.030013,105936.5867394456,194816.22710395002,49.12069485714286,23.127049364426664,0.023331243252357785,12,64,,True,False,Request timeout: 300.0s exceeded,27,87.6246207195492
240,2026-09-18T06:50:48.232+00:00,2026-09-18T06:55:48.329+00:00,2026-09-18T06:55:48.329+00:00,False,1,0.0,,0.0,300097.23161,300097.23161,300097.23161,300097.23161,300097.23161,300097.23161,nan,300097.23161,nan,nan,0.0,12,64,,True,False,"HTTPConnectionPool(host='gpu03', port=9002): Read timed out.",0,87.6246207195492
241,2026-09-18T06:50:48.795+00:00,2026-09-18T06:55:48.745+00:00,2026-09-18T06:55:48.815+00:00,False,3,2.0,,2.0,299950.112231,300019.794151,300019.794161,100006.59805366666,0.03828,299950.112231,173156.16609700333,269962.0653729,34.84096,49.21825235730338,0.006666226825665375,12,64,,True,False,Request timeout: 300.0s exceeded,3,87.6246207195492
242,2026-09-18T06:50:49.319+00:00,2026-09-18T06:55:49.424+00:00,2026-09-18T06:55:49.424+00:00,False,1,0.0,,0.0,300105.146697,300105.146697,300105.146697,300105.146697,300105.146697,300105.146697,nan,300105.146697,nan,nan,0.0,12,64,,True,False,TTFT timeout: 300.0s exceeded (TTFT: 300.098s),0,87.6246207195492
243,2026-09-18T06:50:49.888+00:00,2026-09-18T06:55:50.007+00:00,2026-09-18T06:55:50.007+00:00,False,1,0.0,,0.0,300119.140917,300119.140917,300119.140917,300119.140917,300119.140917,300119.140917,nan,300119.140917,nan,nan,0.0,12,64,,True,False,"HTTPConnectionPool(host='gpu03', port=9002): Read timed out.",0,87.6246207195492
244,2026-09-18T06:50:50.453+00:00,2026-09-18T06:55:50.311+00:00,2026-09-18T06:55:50.516+00:00,False,5,4.0,,4.0,299857.498303,300062.736575,300062.736668,60012.5473336,0.02629,299857.498303,134077.40696600243,239900.77486259997,51.309568,34.655611788993404,0.013330545624082214,12,64,,True,False,Request timeout: 300.0s exceeded,13,87.6246207195492
245,2026-09-18T06:50:50.992+00:00,2026-09-18T06:55:51.109+00:00,2026-09-18T06:55:51.109+00:00,False,1,0.0,,0.0,300117.459861,300117.459861,300117.459861,300117.459861,300117.459861,300117.459861,nan,300117.459861,nan,nan,0.0,12,64,,True,False,"HTTPConnectionPool(host='gpu03', port=9002): Read timed out.",0,87.6246207195492
246,2026-09-18T06:50:51.537+00:00,2026-09-18T06:55:51.456+00:00,2026-09-18T06:55:51.549+00:00,False,3,2.0,,2.0,299919.384389,300011.938373,300011.938256,100003.97941866667,0.07720999999999999,299919.384389,173131.82547629345,269936.6936158,46.276992,65.33621403329703,0.006666401380045857,12,64,,True,False,Request timeout: 300.0s exceeded,5,87.6246207195492
247,2026-09-18T06:50:51.899+00:00,2026-09-18T06:55:51.799+00:00,2026-09-18T06:55:51.922+00:00,False,4,3.0,,3.0,299900.463076,300023.518436,300023.518455,75005.87961375,0.07694,299900.463076,149929.7251043248,254924.72574805,41.01845333333333,35.46370151442838,0.009999216113585943,12,64,,True,False,Request timeout: 300.0s exceeded,6,87.6246207195492
248,2026-09-18T06:50:52.417+00:00,2026-09-18T06:55:52.526+00:00,2026-09-18T06:55:52.526+00:00,False,1,0.0,,0.0,300109.40444099996,300109.40444099996,300109.40444099996,300109.40444099996,300109.40444099996,300109.40444099996,nan,300109.40444099996,nan,nan,0.0,12,64,,True,False,"HTTPConnectionPool(host='gpu03', port=9002): Read timed out.",0,87.6246207195492
249,2026-09-18T06:50:52.955+00:00,2026-09-18T06:55:52.819+00:00,2026-09-18T06:55:52.964+00:00,False,5,4.0,,4.0,299864.349257,300009.610057,300009.61014400003,60001.92202880001,0.02475,299864.349257,134087.1755095947,239905.71737280005,36.3152,29.15371189180145,0.013332906233370405,12,64,,True,False,Request timeout: 300.0s exceeded,12,87.6246207195492
0,2026-09-18T06:48:53.139+00:00,2026-09-18T06:48:53.322+00:00,2026-09-18T06:48:54.187+00:00,True,17,17.0,,17.0,183.40890900000002,1047.864589,1047.8648230000001,61.63910723529412,13.371665,183.40890900000002,37.52943563045792,111.9198026,54.02848,21.261401006655994,16.223470263675452,13,64,,False,True,,51,87.6246207195492
1,2026-09-18T06:48:53.587+00:00,2026-09-18T06:48:53.706+00:00,2026-09-18T06:48:57.133+00:00,True,59,59.0,,59.0,119.496868,3546.6246760000004,3546.62486,60.11228576271186,12.496827,119.496868,13.70297567959852,69.4821104,59.08841048275862,11.319458878236938,16.63553530184709,13,64,,False,True,,199,87.6246207195492
2,2026-09-18T06:48:53.951+00:00,2026-09-18T06:48:54.305+00:00,2026-09-18T06:48:58.234+00:00,True,67,67.0,,67.0,353.629813,4283.184757,4283.184712,63.92813002985075,35.258544,353.629813,36.828341378720594,69.9072089,59.53871127272728,8.151326206182327,15.642565941266493,13,64,,False,True,,288,87.6246207195492
3,2026-09-18T06:48:54.392+00:00,2026-09-18T06:48:57.191+00:00,2026-09-18T06:49:01.851+00:00,True,78,78.0,,78.0,2798.260871,7458.084487,7458.084462,95.61646746153846,11.641369000000001,2798.260871,310.16320856980695,68.2325267,60.51718981818182,10.479289083419925,10.45844950348308,13,64,,False,True,,257,87.6246207195492
4,2026-09-18T06:48:54.733+00:00,2026-09-18T06:48:58.293+00:00,2026-09-18T06:48:59.451+00:00,True,20,20.0,,20.0,3559.367486,4717.18867,4717.188755,235.85943775,42.063282,3559.367486,782.298505185302,244.00186825,60.93795705263158,6.537900087790587,4.239813456517948,13,64,,False,True,,67,87.6246207195492
5,2026-09-18T06:48:55.193+00:00,2026-09-18T06:48:59.670+00:00,2026-09-18T06:49:04.790+00:00,True,87,87.0,,87.0,4477.026621,9597.715773,9597.715845,110.31857293103448,0.0,4477.026621,473.8152265589636,67.54592359999998,59.54289711627907,14.230450501656662,9.064656847282949,13,64,,False,True,,400,87.6246207195492
6,2026-09-18T06:48:55.603+00:00,2026-09-18T06:49:01.310+00:00,2026-09-18T06:49:02.404+00:00,True,19,19.0,,19.0,5707.638505,6800.861417,6800.861483,357.9400780526316,40.483735,5707.638505,1295.501601755993,630.8841529,60.734606222222226,5.972047765930442,2.793763735944687,13,64,,False,True,,80,87.6246207195492
7,2026-09-18T06:48:55.943+00:00,2026-09-18T06:49:02.467+00:00,2026-09-18T06:49:04.792+00:00,True,41,41.0,,41.0,6523.819838,8848.525374,8848.525348000001,215.81769141463417,0.0,6523.819838,1009.8968715219262,69.076632,58.1176384,16.016273730218654,4.63354042250611,13,64,,False,True,,128,87.6246207195492
8,2026-09-18T06:48:56.286+00:00,2026-09-18T06:49:03.858+00:00,2026-09-18T06:49:05.861+00:00,True,35,35.0,,35.0,7571.3348909999995,9574.531819,9574.531707999999,273.5580488,10.496741,7571.3348909999995,1270.0036204042503,94.21475679999999,58.917556705882355,21.296870652910126,3.655531221959585,13,64,,False,True,,129,87.6246207195492
9,2026-09-18T06:48:56.598+00:00,2026-09-18T06:49:04.907+00:00,2026-09-18T06:49:11.027+00:00,True,100,100.0,,100.0,8309.403379,14429.553139,14429.553176,144.29553176,0.0,8309.403379,825.5609718048888,75.17063795,61.819694545454546,36.5796059772157,6.930221541630514,13,64,,False,True,,448,87.6246207195492
10,2026-09-18T06:48:57.067+00:00,2026-09-18T06:49:06.677+00:00,2026-09-18T06:49:11.795+00:00,True,86,86.0,,86.0,9609.813703,14728.472518999999,14728.472351,171.26130640697673,0.0,9609.813703,1030.533605051803,70.46789925,60.21951548235294,40.1801344473213,5.839030482560797,13,64,,False,True,,325,87.6246207195492
11,2026-09-18T06:48:57.471+00:00,2026-09-18T06:49:08.034+00:00,2026-09-18T06:49:10.702+00:00,True,46,46.0,,46.0,10563.469901,13231.167309,13231.167344,287.6340726956522,0.0,10563.469901,1548.9278242627176,68.30590025,59.282164622222226,23.19605961678388,3.476639583320078,13,64,,False,True,,241,87.6246207195492
12,2026-09-18T06:48:57.911+00:00,2026-09-18T06:49:09.852+00:00,2026-09-18T06:49:14.612+00:00,True,80,80.0,,80.0,11941.19496,16700.866512,16700.866626,208.76083282500002,0.0,11941.19496,1328.6561549912878,68.8029019,60.24900698734177,29.61967118491021,4.7901706143521325,13,64,,False,True,,370,87.6246207195492
13,2026-09-18T06:48:58.281+00:00,2026-09-18T06:49:11.034+00:00,2026-09-18T06:49:11.616+00:00,True,11,11.0,,11.0,12752.331972999998,13335.157700999998,13335.157779999998,1212.2870709090907,29.122926,12752.331972999998,3827.4127946127865,6408.521126499999,58.2825728,10.47236759348118,0.8248871326939848,13,64,,False,True,,27,87.6246207195492
14,2026-09-18T06:48:58.599+00:00,2026-09-18T06:49:12.377+00:00,2026-09-18T06:49:13.834+00:00,True,23,23.0,,23.0,13777.966857000001,15234.344713000002,15234.344761000002,662.3628156956522,0.0,13777.966857000001,2859.3583647231226,213.6559464,66.19899345454546,39.24746998469294,1.509746591225108,13,64,,False,True,,97,87.6246207195492
15,2026-09-18T06:48:58.935+00:00,2026-09-18T06:49:13.860+00:00,2026-09-18T06:49:18.909+00:00,True,86,86.0,,86.0,14924.809526000001,19974.572854000002,19974.572932,232.26247595348838,0.0,14924.809526000001,1603.2464452269146,69.21140125,59.40898032941177,29.54658341676792,4.305473795539918,13,64,,False,True,,237,87.6246207195492
16,2026-09-18T06:48:59.252+00:00,2026-09-18T06:49:14.614+00:00,2026-09-18T06:49:17.075+00:00,True,42,42.0,,42.0,15361.205525000001,17822.971413,17822.971530000003,424.356465,0.0,15361.205525000001,2361.368138881502,70.05925765,60.04307043902439,41.01369618433956,2.356509418478076,13,64,,False,True,,218,87.6246207195492
17,2026-09-18T06:48:59.575+00:00,2026-09-18T06:49:15.923+00:00,2026-09-18T06:49:20.817+00:00,True,82,82.0,,82.0,16347.474622,21241.944766,21241.944647,259.0481054512195,0.0,16347.474622,1799.1752251461596,71.30693255,60.42555733333334,45.62877617059312,3.860286847711315,13,64,,False,True,,277,87.6246207195492
18,2026-09-18T06:48:59.973+00:00,2026-09-18T06:49:17.453+00:00,2026-09-18T06:49:19.690+00:00,True,38,38.0,,38.0,17480.124607,19717.248703,19717.2487,518.8749657894738,37.404331,17480.124607,2825.8512403791287,69.6403261,60.4628134054054,7.2097311921244165,1.9272465734135744,13,64,,False,True,,203,87.6246207195492
19,2026-09-18T06:49:00.248+00:00,2026-09-18T06:49:18.373+00:00,2026-09-18T06:49:22.010+00:00,True,60,60.0,,60.0,18125.167439,21762.295631,21762.29563,362.70492716666666,0.0,18125.167439,2332.7372228402446,105.11553505,61.64624054237288,59.52339451495147,2.7570620773357692,13,64,,False,True,,242,87.6246207195492
20,2026-09-18T06:49:00.634+00:00,2026-09-18T06:49:19.911+00:00,2026-09-18T06:49:20.881+00:00,True,17,17.0,,17.0,19277.000057999998,20247.229817999996,20247.229864999998,1191.013521470588,0.0,19277.000057999998,4661.237798901601,4119.024906,60.63936,76.31700531817864,0.8396210322503883,13,64,,False,True,,82,87.6246207195492
21,2026-09-18T06:49:00.919+00:00,2026-09-18T06:49:20.943+00:00,2026-09-18T06:49:22.593+00:00,True,27,27.0,,27.0,20023.591461,21673.980709,21673.980794,802.7400294074074,0.019149999999999997,20023.591461,3842.045513876372,315.1459373,63.476509538461535,75.82953914821918,1.2457333224804616,13,64,,False,True,,95,87.6246207195492
22,2026-09-18T06:49:01.405+00:00,2026-09-18T06:49:22.537+00:00,2026-09-18T06:49:24.732+00:00,True,37,37.0,,37.0,21132.643809999998,23327.255522,23327.255562,630.4663665405404,0.0,21132.643809999998,3464.6261543484256,153.92167,60.961436444444445,57.437392816318685,1.5861274364275386,13,64,,False,True,,186,87.6246207195492
23,2026-09-18T06:49:01.891+00:00,2026-09-18T06:49:24.510+00:00,2026-09-18T06:49:27.518+00:00,True,51,51.0,,51.0,22618.575958,25627.357782000003,25627.357907,502.4972138627451,38.620599,22618.575958,3158.8234524480854,80.44958550000001,60.175636479999994,10.022839456944052,1.9900607949455127,13,64,,False,True,,212,87.6246207195492
24,2026-09-18T06:49:02.216+00:00,2026-09-18T06:49:25.974+00:00,2026-09-18T06:49:28.457+00:00,True,37,37.0,,37.0,23758.5501,26240.94626,26240.946358,709.2147664324325,42.442492,23758.5501,3894.9342685872325,149.3348528,68.9554488888889,55.81999025755172,1.4100101281942108,13,64,,False,True,,191,87.6246207195492
25,2026-09-18T06:49:02.574+00:00,2026-09-18T06:49:27.211+00:00,2026-09-18T06:49:27.454+00:00,True,5,5.0,,5.0,24637.218647,24880.240471,24880.240396,4976.0480792,54.851769,24637.218647,10990.929106738231,19722.8053594,60.755456,4.297157456847336,0.20096268787385388,13,64,,False,True,,31,87.6246207195492
26,2026-09-18T06:49:02.950+00:00,2026-09-18T06:49:28.641+00:00,2026-09-18T06:49:32.360+00:00,True,62,62.0,,62.0,25690.99809,29410.244682,29410.244629,474.3587843387097,36.602402000000005,25690.99809,3255.02618385989,69.98055565,60.97125560655738,7.938086850124018,2.1081089487822573,13,64,,False,True,,237,87.6246207195492
27,2026-09-18T06:49:03.396+00:00,2026-09-18T06:49:30.591+00:00,2026-09-18T06:49:30.786+00:00,True,4,4.0,,4.0,27195.275204999998,27389.800388999996,27389.800382999998,6847.4500957499995,58.979521,27195.275204999998,13565.21739291935,23126.285450549996,64.841728,5.156634650976158,0.14603976455434256,13,64,,False,True,,22,87.6246207195492
28,2026-09-18T06:49:03.827+00:00,2026-09-18T06:49:32.192+00:00,2026-09-18T06:49:33.937+00:00,True,30,30.0,,30.0,28365.285021000003,30110.543261000003,30110.543277000004,1003.6847759000001,0.0,28365.285021000003,5168.412005593293,287.45258259999997,60.18131862068965,82.17245868306873,0.996328752356216,13,64,,False,True,,154,87.6246207195492
29,2026-09-18T06:49:04.126+00:00,2026-09-18T06:49:33.460+00:00,2026-09-18T06:49:37.444+00:00,True,67,67.0,,67.0,29333.341332,33318.04098,33318.04102,497.2841943283582,0.016730000000000002,29333.341332,3576.926613790023,90.87552980000001,60.37423709090909,69.471885559619,2.0109225521458014,13,64,,False,True,,313,87.6246207195492
30,2026-09-18T06:49:04.440+00:00,2026-09-18T06:49:34.535+00:00,2026-09-18T06:49:36.220+00:00,True,29,29.0,,29.0,30095.281274999998,31780.368250999996,31780.368339999997,1095.8747703448275,0.016300000000000002,30095.281274999998,5578.038702854987,324.85573400000004,60.18167771428572,87.42810006299372,0.9125130259964024,13,64,,False,True,,137,87.6246207195492
31,2026-09-18T06:49:04.740+00:00,2026-09-18T06:49:35.532+00:00,2026-09-18T06:49:39.444+00:00,True,64,64.0,,64.0,30792.386127,34703.918159,34703.918282,542.24872315625,0.0,30792.386127,3841.7465358155555,94.96983525,62.08781003174603,59.87749728315384,1.8441721683060863,13,64,,False,True,,285,87.6246207195492
32,2026-09-18T06:49:05.219+00:00,2026-09-18T06:49:37.439+00:00,2026-09-18T06:49:40.739+00:00,True,56,56.0,,56.0,32219.711241,35519.946249,35519.946163,634.2847529107142,0.0,32219.711241,4297.9918170776,95.27689174999999,60.00427287272728,64.15992711321186,1.57657896235067,13,64,,False,True,,266,87.6246207195492
33,2026-09-18T06:49:05.494+00:00,2026-09-18T06:49:38.264+00:00,2026-09-18T06:49:43.795+00:00,True,92,92.0,,92.0,32769.62297,38300.847034,38300.847195999995,416.3135564782608,0.0,32769.62297,3410.500453952951,94.21831275000001,60.78268202197802,50.38566675815638,2.402035649977422,13,64,,False,True,,519,87.6246207195492
34,2026-09-18T06:49:05.922+00:00,2026-09-18T06:49:39.692+00:00,2026-09-18T06:49:43.795+00:00,True,68,68.0,,68.0,33770.118729999995,37873.970762,37873.970628999996,556.9701563088234,33.143389000000006,33770.118729999995,4087.823044102537,94.9052038,61.25152286567164,13.65161649538586,1.7954283280016226,13,64,,False,True,,326,87.6246207195492
35,2026-09-18T06:49:06.405+00:00,2026-09-18T06:49:41.844+00:00,2026-09-18T06:49:46.651+00:00,True,78,78.0,,78.0,35439.325347000005,40245.960099,40245.960040000005,515.9738466666668,0.0,35439.325347000005,4006.174799344262,98.15522870000002,62.423827948051944,65.55889605040663,1.9380827245301095,13,64,,False,True,,339,87.6246207195492
36,2026-09-18T06:49:06.810+00:00,2026-09-18T06:49:43.416+00:00,2026-09-18T06:49:45.300+00:00,True,28,28.0,,28.0,36605.752471,38489.543831,38489.543825,1374.6265651785714,0.0,36605.752471,6905.479981923539,421.3300473,69.77005037037037,108.99106177508963,0.7274703000623358,13,64,,False,True,,105,87.6246207195492
37,2026-09-18T06:49:07.223+00:00,2026-09-18T06:49:45.271+00:00,2026-09-18T06:49:45.302+00:00,True,2,2.0,,2.0,38047.781406,38079.218974,38079.218758,19039.609379,31.437352,38047.781406,26881.614676504287,36146.9642033,31.437568,nan,0.05252208563850992,13,64,,False,True,,8,87.6246207195492
38,2026-09-18T06:49:07.505+00:00,2026-09-18T06:49:46.051+00:00,2026-09-18T06:49:46.951+00:00,True,15,15.0,,15.0,38545.999841,39445.774049,39445.774041,2629.7182694,37.353571,38545.999841,9935.95210807589,11631.717494999999,64.26958628571428,16.078906868462205,0.3802688719295209,13,64,,False,True,,77,87.6246207195492
39,2026-09-18T06:49:07.892+00:00,2026-09-18T06:49:47.018+00:00,2026-09-18T06:49:49.796+00:00,True,46,46.0,,46.0,39126.276316,41903.967708000004,41903.967732000005,910.9558202608696,0.01643,39126.276316,5760.39279175224,88.45924675,61.726475377777774,86.7779365184518,1.0977480777128894,13,64,,False,True,,205,87.6246207195492
40,2026-09-18T06:49:08.245+00:00,2026-09-18T06:49:49.189+00:00,2026-09-18T06:49:50.545+00:00,True,22,22.0,,22.0,40944.666946000005,42299.998018000006,42299.998016000005,1922.7271825454548,35.820374,40944.666946000005,8715.680252862938,96.54628075000001,64.53957485714285,11.958013850309767,0.5200945870171979,13,64,,False,True,,88,87.6246207195492
41,2026-09-18T06:49:08.673+00:00,2026-09-18T06:49:50.666+00:00,2026-09-18T06:49:56.547+00:00,True,96,96.0,,96.0,41992.800898,47874.110594,47874.110629,498.6886523854167,0.0,41992.800898,4280.067993319131,83.5544405,61.90852311578947,66.69539726739629,2.0052591851603307,13,64,,False,True,,467,87.6246207195492
42,2026-09-18T06:49:09.095+00:00,2026-09-18T06:49:52.536+00:00,2026-09-18T06:49:55.484+00:00,True,47,47.0,,47.0,43440.422073,46388.747449,46388.747384,986.9946251914894,36.368263,43440.422073,6327.097645834331,96.23798749999997,64.09402991304347,11.330325566878665,1.0131767418741369,13,64,,False,True,,239,87.6246207195492
43,2026-09-18T06:49:09.399+00:00,2026-09-18T06:49:53.725+00:00,2026-09-18T06:49:56.136+00:00,True,39,39.0,,39.0,44326.42901299999,46737.68021299999,46737.68014499999,1198.4020549999998,41.210054,44326.42901299999,7087.7573331666445,95.8821824,63.45397894736842,11.356573609962345,0.8344444957957547,13,64,,False,True,,207,87.6246207195492
44,2026-09-18T06:49:09.830+00:00,2026-09-18T06:49:55.665+00:00,2026-09-18T06:50:00.838+00:00,True,84,84.0,,84.0,45835.017856,51008.150656,51008.150813,607.2398906309523,0.0,45835.017856,4994.860140062299,92.9909333,62.32690120481928,81.07552320557404,1.6467956379461335,13,64,,False,True,,443,87.6246207195492
45,2026-09-18T06:49:10.143+00:00,2026-09-18T06:49:56.763+00:00,2026-09-18T06:49:57.810+00:00,True,19,19.0,,19.0,46619.710393,47667.406265,47667.406240000004,2508.810854736842,38.601929,46619.710393,10681.950540537677,4745.6747823999995,58.205326222222226,14.01661428180709,0.39859521397854686,13,64,,False,True,,88,87.6246207195492
46,2026-09-18T06:49:10.413+00:00,2026-09-18T06:49:58.068+00:00,2026-09-18T06:50:02.847+00:00,True,77,77.0,,77.0,47655.057636,52433.3857,52433.385591,680.9530596233766,0.0,47655.057636,5425.441068093577,94.9116352,62.87273768421053,140.9940438217554,1.4685300018686376,13,64,,False,True,,352,87.6246207195492
47,2026-09-18T06:49:10.828+00:00,2026-09-18T06:49:59.575+00:00,2026-09-18T06:50:03.986+00:00,True,73,73.0,,73.0,48746.935288,53158.761976,53158.762079,728.202220260274,0.0,48746.935288,5699.973505956112,90.54620440000001,61.27537066666667,142.14386257462013,1.3732449230657005,13,64,,False,True,,313,87.6246207195492
48,2026-09-18T06:49:11.227+00:00,2026-09-18T06:50:01.191+00:00,2026-09-18T06:50:07.232+00:00,True,97,97.0,,97.0,49964.812656,56005.243760000005,56005.243703,577.3736464226804,0.01557,49964.812656,5067.751296320034,98.79992700000001,62.92115733333333,100.27773462556932,1.7319806769465258,13,64,,False,True,,441,87.6246207195492
49,2026-09-18T06:49:11.611+00:00,2026-09-18T06:50:03.008+00:00,2026-09-18T06:50:05.484+00:00,True,41,41.0,,41.0,51397.106819,53873.450115,53873.450091,1313.986587585366,38.504339,51397.106819,8017.219197085034,94.665936,61.9085824,11.592165789193684,0.7610427754762333,13,64,,False,True,,192,87.6246207195492
50,2026-09-18T06:49:11.876+00:00,2026-09-18T06:50:04.372+00:00,2026-09-18T06:50:06.446+00:00,True,33,33.0,,33.0,52495.634886,54569.754822,54569.754909,1653.6289366363637,41.544214,52495.634886,9127.044976337253,100.3181884,64.816248,14.376284762966382,0.6047305894564131,13,64,,False,True,,141,87.6246207195492
51,2026-09-18T06:49:12.144+00:00,2026-09-18T06:50:05.303+00:00,2026-09-18T06:50:05.978+00:00,True,11,11.0,,11.0,53158.788246,53834.62798999999,53834.627919,4894.057083545455,51.886384,53158.788246,16007.6066269118,26627.8432785,67.5839744,14.898224888356562,0.2043294513346186,13,64,,False,True,,53,87.6246207195492
52,2026-09-18T06:49:12.498+00:00,2026-09-18T06:50:06.678+00:00,2026-09-18T06:50:07.938+00:00,True,21,21.0,,21.0,54180.008178000004,55439.919858,55439.919993,2639.9961901428574,38.496359,54180.008178000004,11809.309311586845,99.90606600000001,62.995584,14.957550705556548,0.37878842635032584,13,64,,False,True,,101,87.6246207195492
53,2026-09-18T06:49:12.812+00:00,2026-09-18T06:50:07.999+00:00,2026-09-18T06:50:10.991+00:00,True,48,48.0,,48.0,55187.250984,58179.05796,58179.057884,1212.0637059166665,0.0,55187.250984,7957.240454346686,95.89288905,63.655467574468084,116.50378246795381,0.82503914093971,13,64,,False,True,,224,87.6246207195492
54,2026-09-18T06:49:13.234+00:00,2026-09-18T06:50:09.904+00:00,2026-09-18T06:50:11.387+00:00,True,32,32.0,,32.0,56669.560104000004,58153.05168800001,58153.051707000006,1817.2828658437502,0.0,56669.560104000004,10009.438770342571,91.30065624999999,47.854567225806456,29.04573212596196,0.550272067778745,13,64,,False,True,,137,87.6246207195492
55,2026-09-18T06:49:13.665+00:00,2026-09-18T06:50:11.080+00:00,2026-09-18T06:50:12.092+00:00,True,18,18.0,,18.0,57414.755926,58426.842454,58426.842628,3245.9357015555556,40.55319600000001,57414.755926,13518.757268988149,8668.2647332,59.534501647058825,7.457966598500566,0.30807757605883923,13,64,,False,True,,95,87.6246207195492
56,2026-09-18T06:49:14.087+00:00,2026-09-18T06:50:12.769+00:00,2026-09-18T06:50:14.079+00:00,True,23,23.0,,23.0,58681.744013999996,59991.541902,59991.541838,2608.327906,38.039419,58681.744013999996,12223.578865814794,79.34925109999999,59.53626763636363,9.557021744600437,0.38338737880036433,13,64,,False,True,,93,87.6246207195492
57,2026-09-18T06:49:14.509+00:00,2026-09-18T06:50:14.356+00:00,2026-09-18T06:50:20.210+00:00,True,94,94.0,,94.0,59847.520959,65700.789695,65700.789681,698.9445710744681,0.0,59847.520959,6167.669264763201,94.4024322,62.93837350537635,130.23627991355752,1.4307286173632345,13,64,,False,True,,336,87.6246207195492
58,2026-09-18T06:49:14.964+00:00,2026-09-18T06:50:16.174+00:00,2026-09-18T06:50:17.277+00:00,True,15,15.0,,15.0,61209.265513,62312.658280999996,62312.658288,4154.1772192,0.01636,61209.265513,15785.549587943355,19005.162322800003,78.81376914285715,242.85791449354096,0.240721555038741,13,64,,False,True,,52,87.6246207195492
59,2026-09-18T06:49:15.324+00:00,2026-09-18T06:50:17.553+00:00,2026-09-18T06:50:20.209+00:00,True,29,29.0,,29.0,62228.633847000005,64884.893687,64884.893517000004,2237.4101212758624,52.695563,62228.633847000005,11539.101446774781,601.037627,94.86642285714285,165.9315640101691,0.4469453265947215,13,64,,False,True,,135,87.6246207195492
60,2026-09-18T06:49:15.779+00:00,2026-09-18T06:50:19.147+00:00,2026-09-18T06:50:22.145+00:00,True,48,48.0,,48.0,63367.391042,66365.445442,66365.445312,1382.613444,0.0,63367.391042,9138.053634490938,97.41290240000001,63.7883914893617,134.2780305457213,0.7232679548869984,13,64,,False,True,,214,87.6246207195492
61,2026-09-18T06:49:16.131+00:00,2026-09-18T06:50:20.675+00:00,2026-09-18T06:50:25.324+00:00,True,74,74.0,,74.0,64544.611786,69193.161162,69193.16133,935.0427206756757,32.673659,64544.611786,7495.765674107823,94.389026,63.67875857534247,11.995012278433238,1.069469854495387,13,64,,False,True,,302,87.6246207195492
62,2026-09-18T06:49:16.507+00:00,2026-09-18T06:50:21.957+00:00,2026-09-18T06:50:27.313+00:00,True,86,86.0,,86.0,65449.504062,70806.158142,70806.15811,823.327419883721,36.866282,65449.504062,7050.816925262504,92.62184649999999,63.01945976470588,12.506050573758888,1.214583621773817,13,64,,False,True,,369,87.6246207195492
63,2026-09-18T06:49:16.853+00:00,2026-09-18T06:50:23.483+00:00,2026-09-18T06:50:26.426+00:00,True,48,48.0,,48.0,66629.62779900001,69572.844695,69572.84484900002,1449.4342676875,39.589637,66629.62779900001,9608.1259452758,87.5000776,62.62163608510638,11.045557591193822,0.6899243549753776,13,64,,False,True,,199,87.6246207195492
64,2026-09-18T06:49:17.170+00:00,2026-09-18T06:50:24.757+00:00,2026-09-18T06:50:28.792+00:00,True,65,65.0,,65.0,67586.568608,71621.641888,71621.641894,1101.8714137538461,37.281371,67586.568608,8375.272542777613,92.5172032,63.04802,13.422812332899966,0.9075469130077366,13,64,,False,True,,279,87.6246207195492
65,2026-09-18T06:49:17.657+00:00,2026-09-18T06:50:26.301+00:00,2026-09-18T06:50:32.225+00:00,True,88,88.0,,88.0,68644.20820299999,74568.43809099999,74568.43818399998,847.3686157272726,0.0,68644.20820299999,7311.013023289541,92.29368604999999,68.0945964137931,107.04922776137013,1.180123953952324,13,64,,False,True,,336,87.6246207195492
66,2026-09-18T06:49:17.983+00:00,2026-09-18T06:50:27.496+00:00,2026-09-18T06:50:28.423+00:00,True,16,16.0,,16.0,69512.537406,70439.18035000001,70439.180397,4402.4487748125,38.794608999999994,69512.537406,17362.694259201737,17446.4798805,61.776196266666666,12.134368924841866,0.2271463114774872,13,64,,False,True,,37,87.6246207195492
67,2026-09-18T06:49:18.285+00:00,2026-09-18T06:50:28.852+00:00,2026-09-18T06:50:29.009+00:00,True,3,3.0,,3.0,70566.913635,70723.77072300001,70723.770776,23574.590258666667,64.13973200000001,70566.913635,40696.54833521289,63519.494012400006,78.428544,20.207369495202684,0.04241855276283187,13,64,,False,True,,12,87.6246207195492
68,2026-09-18T06:49:18.718+00:00,2026-09-18T06:50:30.352+00:00,2026-09-18T06:50:36.239+00:00,True,96,96.0,,96.0,71634.85256,77521.006544,77521.006531,807.5104846979167,0.0,71634.85256,7306.247947242669,90.09880375,61.95951562105263,142.24014639663335,1.238374013442557,13,64,,False,True,,411,87.6246207195492
69,2026-09-18T06:49:19.132+00:00,2026-09-18T06:50:32.241+00:00,2026-09-18T06:50:32.241+00:00,True,2,2.0,,2.0,73109.757226,73109.757226,73109.757226,36554.878613,0.0,73109.757226,51696.4051054068,69454.2693647,0.0,nan,0.02735612968618559,13,64,,False,True,,3,87.6246207195492
70,2026-09-18T06:49:19.402+00:00,2026-09-18T06:50:33.068+00:00,2026-09-18T06:50:35.658+00:00,True,43,43.0,,43.0,73665.974533,76256.179461,76256.179544,1773.3995242790697,0.016239999999999997,73665.974533,11225.545169490868,178.6116219,61.671545904761906,151.2089377188381,0.5638887274963947,13,64,,False,True,,166,87.6246207195492
71,2026-09-18T06:49:19.695+00:00,2026-09-18T06:50:34.765+00:00,2026-09-18T06:50:35.663+00:00,True,26,26.0,,26.0,75070.806925,75968.073101,75968.073019,2921.8489622692305,0.016299,75070.806925,14715.602527865318,120.07973600000001,35.89064704,37.037952430389836,0.34224903882230695,13,64,,False,True,,108,87.6246207195492
72,2026-09-18T06:49:20.032+00:00,2026-09-18T06:50:35.369+00:00,2026-09-18T06:50:35.404+00:00,True,2,2.0,,2.0,75336.24404,75371.33140000001,75371.33159500001,37685.665797500005,35.087555,75336.24404,53245.958381732875,71571.18621575,35.08736,nan,0.026535288190490947,13,64,,False,True,,10,87.6246207195492
73,2026-09-18T06:49:20.327+00:00,2026-09-18T06:50:36.338+00:00,2026-09-18T06:50:38.259+00:00,True,32,32.0,,32.0,76011.685297,77932.110513,77932.110595,2435.37845609375,38.605557999999995,76011.685297,13426.148013419393,90.0508351,61.94920051612903,11.368812169450562,0.41061379948977533,13,64,,False,True,,140,87.6246207195492
74,2026-09-18T06:49:20.657+00:00,2026-09-18T06:50:37.919+00:00,2026-09-18T06:50:40.709+00:00,True,44,44.0,,44.0,77261.779796,80051.613524,80051.613442,1819.3548509545456,41.516173,77261.779796,11637.877510372604,100.57864265,64.87985413953488,12.879194034525796,0.549645385808601,13,64,,False,True,,153,87.6246207195492
75,2026-09-18T06:49:21.083+00:00,2026-09-18T06:50:39.367+00:00,2026-09-18T06:50:41.795+00:00,True,39,39.0,,39.0,78284.243985,80712.00872099999,80712.008542,2069.5386805641024,39.239457,78284.243985,12525.289274399154,99.3810621,63.88854568421053,14.495572081052394,0.4831994720242022,13,64,,False,True,,184,87.6246207195492
76,2026-09-18T06:49:21.574+00:00,2026-09-18T06:50:40.178+00:00,2026-09-18T06:50:45.761+00:00,True,71,71.0,,71.0,78603.560118,84187.368886,84187.36886399999,1185.7375896338028,0.0,78603.560118,9320.039448429716,100.447769,79.76869668571429,136.12246857596077,0.8433569184962021,13,64,,False,True,,214,87.6246207195492
77,2026-09-18T06:49:21.709+00:00,2026-09-18T06:50:41.887+00:00,2026-09-18T06:50:44.155+00:00,True,37,37.0,,37.0,80177.386497,82445.910529,82445.910539,2228.2678524054054,35.874184,80177.386497,13170.727806742823,95.74395260000001,63.014556444444445,12.951574067501255,0.4487790814922883,13,64,,False,True,,190,87.6246207195492
78,2026-09-18T06:49:22.061+00:00,2026-09-18T06:50:43.267+00:00,2026-09-18T06:50:45.777+00:00,True,24,24.0,,24.0,81205.40212700001,83715.54023900001,83715.54032200002,3488.147513416667,0.0,81205.40212700001,16555.367275650395,1039.0088007999998,109.1364396521739,239.80492860846454,0.2866851235921342,13,64,,False,True,,116,87.6246207195492
79,2026-09-18T06:49:22.519+00:00,2026-09-18T06:50:45.751+00:00,2026-09-18T06:50:47.041+00:00,True,37,37.0,,37.0,83231.69,84521.280272,84521.280104,2284.35892172973,0.0,83231.69,13677.35124557564,72.9033094,35.821952,31.286600348342226,0.43775957819059763,13,64,,False,True,,167,87.6246207195492
80,2026-09-18T06:49:22.906+00:00,2026-09-18T06:50:46.171+00:00,2026-09-18T06:50:47.682+00:00,True,26,26.0,,26.0,83265.288411,84775.819739,84775.819905,3260.6084578846153,42.664811,83265.288411,16317.818540005937,71.12789875,60.421253119999996,7.304768038267929,0.3066912249276552,13,64,,False,True,,95,87.6246207195492
81,2026-09-18T06:49:23.211+00:00,2026-09-18T06:50:47.389+00:00,2026-09-18T06:50:51.522+00:00,True,69,69.0,,69.0,84177.551326,88310.77628600001,88310.776336,1279.866323710145,32.81383,84177.551326,10126.475203879583,78.08295480000001,60.78272,11.340384524813551,0.7813315984964185,13,64,,False,True,,321,87.6246207195492
82,2026-09-18T06:49:23.589+00:00,2026-09-18T06:50:48.759+00:00,2026-09-18T06:50:54.394+00:00,True,91,91.0,,91.0,85170.58851999999,90805.67331999999,90805.673432,997.8645432087911,39.306137,85170.58851999999,8921.746108477913,89.5860845,62.612053333333336,10.393893345618476,1.0021400279618566,13,64,,False,True,,366,87.6246207195492
83,2026-09-18T06:49:24.073+00:00,2026-09-18T06:50:50.567+00:00,2026-09-18T06:50:50.567+00:00,True,1,1.0,,1.0,86494.20892399999,86494.20892399999,86494.20892399999,86494.20892399999,86494.20892399999,86494.20892399999,nan,86494.20892399999,nan,nan,0.011561467668646715,13,64,,False,True,,4,87.6246207195492
84,2026-09-18T06:49:24.495+00:00,2026-09-18T06:50:52.143+00:00,2026-09-18T06:50:54.905+00:00,True,44,44.0,,44.0,87647.550513,90409.31076899999,90409.310653,2054.7570602954543,35.180695,87647.550513,13203.68793247911,94.310346,64.22698269767442,11.756192852140485,0.4866755384566757,13,64,,False,True,,127,87.6246207195492
85,2026-09-18T06:49:24.790+00:00,2026-09-18T06:50:53.258+00:00,2026-09-18T06:50:53.827+00:00,True,10,10.0,,10.0,88468.007727,89036.562223,89036.562085,8903.6562085,59.42985,88468.007727,27956.063673991805,48689.203769399996,63.172721777777774,3.4603233168564533,0.1123134109216179,13,64,,False,True,,36,87.6246207195492
86,2026-09-18T06:49:25.102+00:00,2026-09-18T06:50:54.332+00:00,2026-09-18T06:50:57.824+00:00,True,57,57.0,,57.0,89230.41877799999,92721.98844199999,92721.988627,1626.701554859649,35.550744,89230.41877799999,11810.604143127479,90.40938259999999,62.349458285714285,10.789656010341941,0.6147409148333244,13,64,,False,True,,295,87.6246207195492
87,2026-09-18T06:49:25.382+00:00,2026-09-18T06:50:55.058+00:00,2026-09-18T06:50:58.561+00:00,True,58,58.0,,58.0,89676.137266,93179.08689800001,93179.086794,1606.5359792068966,34.396125999999995,89676.137266,11766.986792559455,69.49173255000001,61.45525670175439,7.839775796003539,0.6224572694459931,13,64,,False,True,,243,87.6246207195492
88,2026-09-18T06:49:25.714+00:00,2026-09-18T06:50:56.681+00:00,2026-09-18T06:51:02.831+00:00,True,100,100.0,,100.0,90966.75418,97116.38310800001,97116.38295900001,971.1638295900001,36.874121,90966.75418,9090.467348403356,68.6627014,62.11746391919192,8.217473378237823,1.0296923835064287,13,64,,False,True,,352,87.6246207195492
89,2026-09-18T06:49:26.035+00:00,2026-09-18T06:50:57.628+00:00,2026-09-18T06:51:02.391+00:00,True,78,78.0,,78.0,91593.105544,96355.85908000001,96355.858869,1235.3315239615386,35.170425,91593.105544,10363.876612849426,69.8018452,61.85394202597403,8.201502585782466,0.8094992950583321,13,64,,False,True,,431,87.6246207195492
90,2026-09-18T06:49:26.512+00:00,2026-09-18T06:50:59.415+00:00,2026-09-18T06:51:00.864+00:00,True,24,24.0,,24.0,92902.932903,94352.69162299999,94352.69157,3931.3621487499995,39.936856,92902.932903,18950.86681873218,85.6383719,63.03298782608695,7.973958591462312,0.2543647625432406,13,64,,True,True,,120,87.6246207195492
91,2026-09-18T06:49:26.843+00:00,2026-09-18T06:51:00.635+00:00,2026-09-18T06:51:05.971+00:00,True,88,88.0,,88.0,93792.10628,99127.803432,99127.803585,1126.4523134659091,37.37567,93792.10628,9991.736426437583,68.26071035,61.32985232183908,6.4956629791743845,0.8877428627818481,13,64,,True,True,,371,87.6246207195492
92,2026-09-18T06:49:27.243+00:00,2026-09-18T06:51:02.324+00:00,2026-09-18T06:51:08.109+00:00,True,94,94.0,,94.0,95081.085807,100865.88299099999,100865.883001,1073.0413085212765,37.124892,95081.085807,9800.454479564258,80.5149655,62.20212025806452,9.890028408742314,0.9319305716917918,13,64,,True,True,,428,87.6246207195492
93,2026-09-18T06:49:27.614+00:00,2026-09-18T06:51:03.539+00:00,2026-09-18T06:51:06.100+00:00,True,43,43.0,,43.0,95925.889687,98486.22786300001,98486.227688,2290.3773880930235,37.093391000000004,95925.889687,14619.2658655126,68.34511509999999,60.96043276190476,6.016527291055903,0.43660926946877754,13,64,,True,True,,137,87.6246207195492
94,2026-09-18T06:49:27.913+00:00,2026-09-18T06:51:04.905+00:00,2026-09-18T06:51:07.154+00:00,True,37,37.0,,37.0,96991.698646,99240.816086,99240.816084,2682.1842184864868,35.655434,96991.698646,15935.07136506221,95.42886759999999,62.47548444444445,13.102399127224498,0.37283046894673433,13,64,,True,True,,159,87.6246207195492
95,2026-09-18T06:49:28.285+00:00,2026-09-18T06:51:06.387+00:00,2026-09-18T06:51:07.033+00:00,True,11,11.0,,11.0,98101.82908400001,98747.093468,98747.09357000001,8977.008506363638,39.700106,98101.82908400001,29559.36388917721,49098.423354,64.5264384,18.03709136480981,0.11139568379867971,13,64,,True,True,,48,87.6246207195492
96,2026-09-18T06:49:28.621+00:00,2026-09-18T06:51:07.622+00:00,2026-09-18T06:51:08.502+00:00,True,15,15.0,,15.0,99001.722801,99881.630641,99881.630743,6658.775382866666,39.552767,99001.722801,25545.911432897945,29776.8346966,62.85056,15.681546148980553,0.15017776445714845,13,64,,True,True,,63,87.6246207195492
97,2026-09-18T06:49:28.956+00:00,2026-09-18T06:51:08.847+00:00,2026-09-18T06:51:13.459+00:00,True,74,74.0,,74.0,99891.583698,104503.46773,104503.46785300001,1412.2090250405406,36.719091999999996,99891.583698,11604.822112651005,91.9044599,63.1764935890411,11.372184596465315,0.7081104733403664,13,64,,True,True,,350,87.6246207195492
98,2026-09-18T06:49:29.331+00:00,2026-09-18T06:51:10.299+00:00,2026-09-18T06:51:13.271+00:00,True,48,48.0,,48.0,100968.162388,103939.860564,103939.86044799999,2165.4137593333335,36.427583,100968.162388,14564.377277746893,93.17424575000001,63.22762076595745,11.527395402569763,0.4618055069493233,13,64,,True,True,,213,87.6246207195492
99,2026-09-18T06:49:29.761+00:00,2026-09-18T06:51:12.255+00:00,2026-09-18T06:51:14.642+00:00,True,39,39.0,,39.0,102494.393986,104881.304962,104881.304949,2689.2642294615384,35.866654000000004,102494.393986,16402.18226182503,88.8733037,62.8134467368421,8.952102112239693,0.37184892020680194,13,64,,True,True,,144,87.6246207195492
100,2026-09-18T06:49:30.041+00:00,2026-09-18T06:51:13.209+00:00,2026-09-18T06:51:14.020+00:00,True,14,14.0,,14.0,103168.202912,103979.272864,103979.272931,7427.090923642857,58.96755,103168.202912,27556.18772371847,36152.995907799996,62.38999630769231,2.64143020671477,0.1346422187267201,13,64,,True,True,,68,87.6246207195492
101,2026-09-18T06:49:30.517+00:00,2026-09-18T06:51:14.770+00:00,2026-09-18T06:51:16.330+00:00,True,26,26.0,,26.0,104253.613166,105813.52919799999,105813.52913899999,4069.751120730769,53.888051,104253.613166,20433.579160364716,71.48878475,62.396641280000004,4.4238509413391895,0.24571527097776297,13,64,,True,True,,121,87.6246207195492
102,2026-09-18T06:49:30.805+00:00,2026-09-18T06:51:16.027+00:00,2026-09-18T06:51:17.771+00:00,True,27,27.0,,27.0,105221.35487800001,106965.99155,106965.99134900002,3961.7033832962966,52.509353000000004,105221.35487800001,20236.94871277405,93.7067031,67.10141046153846,11.598632185116509,0.2524166756999505,13,64,,True,True,,126,87.6246207195492
103,2026-09-18T06:49:31.139+00:00,2026-09-18T06:51:17.141+00:00,2026-09-18T06:51:17.320+00:00,True,4,4.0,,4.0,106001.401227,106181.12602699999,106181.12592399999,26545.281480999998,57.959213000000005,106001.401227,52970.746515261715,90110.324307,59.90826666666666,1.6877566542571631,0.03767147844130858,13,64,,True,True,,27,87.6246207195492
104,2026-09-18T06:49:31.524+00:00,2026-09-18T06:51:18.803+00:00,2026-09-18T06:51:22.159+00:00,True,54,54.0,,54.0,107278.514366,110634.86406200001,110634.864124,2048.793780074074,35.040485000000004,107278.514366,14590.142879696954,89.74386580000002,63.327352754716976,10.829444473229229,0.4880920716794869,13,64,,True,True,,226,87.6246207195492
105,2026-09-18T06:49:31.958+00:00,2026-09-18T06:51:20.270+00:00,2026-09-18T06:51:26.087+00:00,True,93,93.0,,93.0,108311.904477,114128.585949,114128.585963,1227.1890963763442,40.452385,108311.904477,11224.86958046791,90.4849646,63.22479860869565,9.98865870386976,0.8148703431895528,13,64,,True,True,,351,87.6246207195492
106,2026-09-18T06:49:32.322+00:00,2026-09-18T06:51:21.805+00:00,2026-09-18T06:51:25.304+00:00,True,56,56.0,,56.0,109483.407441,112981.959761,112981.959638,2017.5349935357144,40.450566,109483.407441,14621.83917744895,91.82086475,63.61004218181818,10.506148097896169,0.4956543515306461,13,64,,True,True,,255,87.6246207195492
107,2026-09-18T06:49:32.592+00:00,2026-09-18T06:51:22.799+00:00,2026-09-18T06:51:28.693+00:00,True,94,94.0,,94.0,110207.53400399999,116101.60555599998,116101.605657,1235.12346443617,37.052841,110207.53400399999,11360.507721848413,90.93100015,63.37711346236559,11.100730279459256,0.8096356596434872,13,64,,True,True,,485,87.6246207195492
108,2026-09-18T06:49:33.054+00:00,2026-09-18T06:51:24.704+00:00,2026-09-18T06:51:25.650+00:00,True,16,16.0,,16.0,111650.11052799999,112596.08889599999,112596.08890799999,7037.255556749999,40.144346,111650.11052799999,27896.76323826401,27981.917413749998,63.06522453333333,10.69266344402039,0.14210085054356097,13,64,,True,True,,66,87.6246207195492
109,2026-09-18T06:49:33.425+00:00,2026-09-18T06:51:26.212+00:00,2026-09-18T06:51:26.969+00:00,True,14,14.0,,14.0,112786.624158,113544.14403000001,113544.143956,8110.295996857143,36.440123,112786.624158,30127.92272857183,39532.60471485,58.27075938461538,13.991635839811712,0.12330006201201356,13,64,,True,True,,65,87.6246207195492
110,2026-09-18T06:49:33.764+00:00,2026-09-18T06:51:27.757+00:00,2026-09-18T06:51:28.506+00:00,True,12,12.0,,12.0,113993.132597,114741.976885,114741.976761,9561.83139675,54.866969,113993.132597,32887.33411163063,51351.068789050005,68.07675345454545,15.402701235107486,0.10458247561855226,13,64,,True,True,,42,87.6246207195492
111,2026-09-18T06:49:34.240+00:00,2026-09-18T06:51:29.629+00:00,2026-09-18T06:51:32.467+00:00,True,46,46.0,,46.0,115388.97233799999,118226.354482,118226.354637,2570.1381442826087,37.002682,115388.97233799999,17003.883138509456,95.13233100000001,63.05293653333333,11.776006452690723,0.38908414457627144,13,64,,True,True,,221,87.6246207195492
112,2026-09-18T06:49:34.681+00:00,2026-09-18T06:51:31.413+00:00,2026-09-18T06:51:36.085+00:00,True,74,74.0,,74.0,116731.385667,121403.887427,121403.8875,1640.5930743243243,34.939415000000004,116731.385667,13562.313834297705,95.26823595,64.00687342465753,13.40214129477043,0.6095356711249967,13,64,,True,True,,346,87.6246207195492
113,2026-09-18T06:49:35.162+00:00,2026-09-18T06:51:31.981+00:00,2026-09-18T06:51:36.592+00:00,True,73,73.0,,73.0,116819.34768600001,121430.881766,121430.881821,1663.4367372739728,37.231411,116819.34768600001,13665.181012098368,94.6472228,64.04908444444445,13.851466045906928,0.601165032637024,13,64,,True,True,,325,87.6246207195492
114,2026-09-18T06:49:35.343+00:00,2026-09-18T06:51:34.356+00:00,2026-09-18T06:51:38.478+00:00,True,67,67.0,,67.0,119012.98502400001,123135.193792,123135.19386600002,1837.8387144179105,36.927972000000004,119012.98502400001,14532.124250532983,91.50238359999999,62.457708606060606,11.424502469086836,0.5441173878621283,13,64,,True,True,,213,87.6246207195492
115,2026-09-18T06:49:35.785+00:00,2026-09-18T06:51:36.210+00:00,2026-09-18T06:51:39.405+00:00,True,52,52.0,,52.0,120425.352328,123620.56999199999,123620.56993499999,2377.3186525961537,34.980015,120425.352328,16691.30777670118,95.11793914999998,62.65132674509804,12.115197643538638,0.42064196923995045,13,64,,True,True,,256,87.6246207195492
116,2026-09-18T06:49:36.214+00:00,2026-09-18T06:51:38.014+00:00,2026-09-18T06:51:40.747+00:00,True,45,45.0,,45.0,121800.681261,124532.920365,124532.920284,2767.3982285333336,37.291931,121800.681261,18147.71882400341,81.8737406,62.096343272727275,8.760348739355528,0.36135023468579364,13,64,,True,True,,240,87.6246207195492
117,2026-09-18T06:49:36.675+00:00,2026-09-18T06:51:39.773+00:00,2026-09-18T06:51:40.867+00:00,True,19,19.0,,19.0,123098.42843700001,124191.733269,124191.73320300001,6536.407010684211,40.271775,123098.42843700001,28226.78267564564,12372.3617046,60.73915733333334,7.314111838040858,0.15298924896108737,13,64,,True,True,,74,87.6246207195492
118,2026-09-18T06:49:37.035+00:00,2026-09-18T06:51:41.333+00:00,2026-09-18T06:51:43.198+00:00,True,31,31.0,,31.0,124297.16730599999,126162.53332199999,126162.53330399998,4069.7591388387095,38.364729,124297.16730599999,22313.26500177654,89.62720949999999,62.178867200000006,10.48388044736584,0.2457147869794263,13,64,,True,True,,137,87.6246207195492
119,2026-09-18T06:49:37.346+00:00,2026-09-18T06:51:42.630+00:00,2026-09-18T06:51:48.020+00:00,True,90,90.0,,90.0,125283.455449,130674.33468100001,130674.334687,1451.9370520777777,37.297481,125283.455449,13199.653747480903,70.4803908,60.57167676404494,8.673504133408656,0.6887350926232492,13,64,,True,True,,443,87.6246207195492
120,2026-09-18T06:49:37.721+00:00,2026-09-18T06:51:44.004+00:00,2026-09-18T06:51:48.151+00:00,True,70,70.0,,70.0,126282.65426800001,130429.49919600002,130429.49912600001,1863.2785589428572,34.826845,126282.65426800001,15086.484034798088,73.09877185,60.09920185507246,9.803090084620235,0.536688405855251,13,64,,True,True,,342,87.6246207195492
121,2026-09-18T06:49:38.160+00:00,2026-09-18T06:51:45.379+00:00,2026-09-18T06:51:47.731+00:00,True,40,40.0,,40.0,127219.01614200001,129570.286798,129570.28676900001,3239.2571692250003,37.2436,127219.01614200001,20105.56272667287,73.61706335,60.28899117948718,10.395044841724975,0.3087127534290325,13,64,,True,True,,173,87.6246207195492
122,2026-09-18T06:49:38.618+00:00,2026-09-18T06:51:47.026+00:00,2026-09-18T06:51:50.802+00:00,True,64,64.0,,64.0,128407.836927,132184.351743,132184.351708,2065.3804954375,37.779180000000004,128407.836927,16043.488749547776,70.14004229999999,59.94467961904762,8.504967786397927,0.48417228783957933,13,64,,True,True,,227,87.6246207195492
123,2026-09-18T06:49:39.010+00:00,2026-09-18T06:51:48.470+00:00,2026-09-18T06:51:51.026+00:00,True,44,44.0,,44.0,129459.992838,132015.98899800002,132015.989143,3000.3633896136366,36.539021,129459.992838,19507.868802624856,68.14574615,59.4417711627907,8.318919333230847,0.33329296196589175,13,64,,True,True,,194,87.6246207195492
124,2026-09-18T06:49:39.331+00:00,2026-09-18T06:51:49.442+00:00,2026-09-18T06:51:50.305+00:00,True,16,16.0,,16.0,130111.083838,130973.68735800001,130973.68734100001,8185.855458812501,41.139703000000004,130111.083838,32513.395381363047,32577.455097249996,57.50690133333334,8.939041416568067,0.12216194201103939,13,64,,True,True,,66,87.6246207195492
125,2026-09-18T06:49:39.723+00:00,2026-09-18T06:51:50.862+00:00,2026-09-18T06:51:56.392+00:00,True,89,89.0,,89.0,131138.876485,136669.663045,136669.663056,1535.6141916404492,37.69553,131138.876485,13894.035231664102,93.88985500000001,62.849847272727274,10.860094357433868,0.6512052347030063,13,64,,True,True,,356,87.6246207195492
126,2026-09-18T06:49:40.071+00:00,2026-09-18T06:51:52.188+00:00,2026-09-18T06:51:53.190+00:00,True,17,17.0,,17.0,132116.699396,133118.307076,133118.30717900002,7830.488657588236,49.433947999999994,132116.699396,32027.823778937847,26478.0402896,62.60048,4.9685158281712525,0.12770595099511253,13,64,,True,True,,73,87.6246207195492
127,2026-09-18T06:49:40.476+00:00,2026-09-18T06:51:53.571+00:00,2026-09-18T06:51:57.959+00:00,True,74,74.0,,74.0,133095.184744,137483.499112,137483.499014,1857.8851218108107,38.073059,133095.184744,15465.016795565552,79.88732795,60.11389545205479,11.114418276342237,0.5382464112272586,13,64,,True,True,,402,87.6246207195492
128,2026-09-18T06:49:40.912+00:00,2026-09-18T06:51:55.614+00:00,2026-09-18T06:51:59.664+00:00,True,69,69.0,,69.0,134702.36213999998,138752.39247599998,138752.39249099998,2010.9042389999997,40.302625,134702.36213999998,16209.090755277468,67.5871938,59.55926964705882,8.25249830970344,0.49728872251291045,13,64,,True,True,,393,87.6246207195492
129,2026-09-18T06:49:41.268+00:00,2026-09-18T06:51:57.028+00:00,2026-09-18T06:51:57.367+00:00,True,7,7.0,,7.0,135760.288231,136098.46167100003,136098.461661,19442.63738014286,40.469265,135760.288231,51291.26373623118,95052.26233750001,56.36224,10.30773349416726,0.051433351369698586,13,64,,True,True,,32,87.6246207195492
130,2026-09-18T06:49:41.738+00:00,2026-09-18T06:51:58.787+00:00,2026-09-18T06:52:02.225+00:00,True,56,56.0,,56.0,137048.73111000002,140487.47517400002,140487.47524100004,2508.7049150178577,36.478572,137048.73111000002,18305.554162626944,77.68260275,62.522619345454544,8.76388575455339,0.3986120465944846,13,64,,True,True,,220,87.6246207195492
131,2026-09-18T06:49:42.206+00:00,2026-09-18T06:52:00.611+00:00,2026-09-18T06:52:05.128+00:00,True,73,73.0,,73.0,138404.807393,142921.445345,142921.445515,1957.8280207534247,31.119092000000002,138404.807393,16191.719788463733,92.4592182,62.731082666666666,12.118362286139986,0.5107700934858609,13,64,,True,True,,348,87.6246207195492
132,2026-09-18T06:49:42.574+00:00,2026-09-18T06:52:01.799+00:00,2026-09-18T06:52:03.952+00:00,True,36,36.0,,36.0,139225.216057,141378.15864900002,141378.158774,3927.171077055556,36.749812,139225.216057,23193.954067398965,99.06151525,61.51264548571429,12.92692088336654,0.2546362206440763,13,64,,True,True,,158,87.6246207195492
133,2026-09-18T06:49:42.939+00:00,2026-09-18T06:52:03.350+00:00,2026-09-18T06:52:05.065+00:00,True,28,28.0,,28.0,140411.18409,142126.86690599998,142126.867003,5075.959535821428,35.274834000000006,140411.18409,26523.21268218902,89.00107729999999,63.543808,9.774095130519779,0.19700708676367762,13,64,,True,True,,111,87.6246207195492
134,2026-09-18T06:49:43.344+00:00,2026-09-18T06:52:04.751+00:00,2026-09-18T06:52:07.066+00:00,True,38,38.0,,38.0,141406.931646,143721.84262200003,143721.84275200003,3782.153756631579,37.69222,141406.931646,22929.08643572273,93.3390164,62.565161513513516,10.715886732537603,0.2643996159995182,13,64,,True,True,,166,87.6246207195492
135,2026-09-18T06:49:43.657+00:00,2026-09-18T06:52:05.971+00:00,2026-09-18T06:52:07.460+00:00,True,24,24.0,,24.0,142314.335169,143803.182785,143803.182755,5991.799281458333,37.243471,142314.335169,29036.583653919693,96.49722715,64.73250504347826,17.59694751755378,0.166894776146105,13,64,,True,True,,104,87.6246207195492
136,2026-09-18T06:49:44.090+00:00,2026-09-18T06:52:07.581+00:00,2026-09-18T06:52:08.815+00:00,True,21,21.0,,21.0,143491.724617,144725.583177,144725.583208,6891.69443847619,55.069027999999996,143491.724617,31298.999192414893,74.624391,61.692928,4.30379734671095,0.14510219643970557,13,64,,True,True,,87,87.6246207195492
137,2026-09-18T06:49:44.426+00:00,2026-09-18T06:52:09.132+00:00,2026-09-18T06:52:09.767+00:00,True,12,12.0,,12.0,144705.641679,145340.467919,145340.467836,12111.705652999999,36.072823,144705.641679,41756.261618540775,65152.908552099994,57.711476363636365,9.073707811374568,0.0825647541377653,13,64,,True,True,,48,87.6246207195492
138,2026-09-18T06:49:44.752+00:00,2026-09-18T06:52:10.312+00:00,2026-09-18T06:52:12.420+00:00,True,35,35.0,,35.0,145559.88510100002,147668.16823700003,147668.168452,4219.090527200001,40.986034,145559.88510100002,24593.63096184758,75.41782599999999,62.008327529411766,7.2636676983121475,0.23701790587546767,13,64,,True,True,,174,87.6246207195492
139,2026-09-18T06:49:45.144+00:00,2026-09-18T06:52:11.851+00:00,2026-09-18T06:52:17.979+00:00,True,98,98.0,,98.0,146707.804155,152835.051515,152835.051514,1559.5413419795918,33.884687,146707.804155,14813.350274718532,92.4360044,63.167498556701034,12.220007719950182,0.6412141653930858,13,64,,True,True,,430,87.6246207195492
140,2026-09-18T06:49:45.431+00:00,2026-09-18T06:52:12.967+00:00,2026-09-18T06:52:13.796+00:00,True,13,13.0,,13.0,147536.253654,148365.650902,148365.651078,11412.742390615385,58.221212,147536.253654,40900.02649623393,59070.0446958,69.11643733333332,11.665122126455469,0.08762135926318211,13,64,,True,True,,22,87.6246207195492
141,2026-09-18T06:49:45.851+00:00,2026-09-18T06:52:14.634+00:00,2026-09-18T06:52:17.918+00:00,True,53,53.0,,53.0,148783.126642,152066.34532999998,152066.345094,2869.1763225283016,38.17745,148783.126642,20428.26574160134,94.69707360000001,63.13882092307692,13.451305770658594,0.34853208239459177,13,64,,True,True,,196,87.6246207195492
142,2026-09-18T06:49:46.292+00:00,2026-09-18T06:52:16.591+00:00,2026-09-18T06:52:20.923+00:00,True,68,68.0,,68.0,150299.537779,154631.196019,154631.196104,2273.988178,34.987915,150299.537779,18218.661684288778,97.30263620000001,64.65161552238807,14.48906773012458,0.43975602433835304,13,64,,True,True,,284,87.6246207195492
143,2026-09-18T06:49:46.729+00:00,2026-09-18T06:52:18.103+00:00,2026-09-18T06:52:23.424+00:00,True,84,84.0,,84.0,151374.236357,156695.228101,156695.22811899998,1865.4193823690475,36.129492,151374.236357,16509.29283182576,94.13840114999999,64.10833426506024,12.095677800243326,0.5360724829849743,13,64,,True,True,,478,87.6246207195492
144,2026-09-18T06:49:47.184+00:00,2026-09-18T06:52:19.787+00:00,2026-09-18T06:52:22.069+00:00,True,37,37.0,,37.0,152603.467507,154885.773811,154885.773823,4186.101995216216,36.642682,152603.467507,25077.43487186042,85.2645966,63.39739733333334,9.69604458756594,0.2388857226174265,13,64,,True,True,,164,87.6246207195492
145,2026-09-18T06:49:47.586+00:00,2026-09-18T06:52:21.462+00:00,2026-09-18T06:52:26.481+00:00,True,80,80.0,,80.0,153875.695108,158895.45907600003,158895.458902,1986.1932362750001,36.94644,153875.695108,17196.72487976057,88.82388565000001,63.54131605063291,10.717217526646182,0.5034756843600913,13,64,,True,True,,367,87.6246207195492
146,2026-09-18T06:49:47.920+00:00,2026-09-18T06:52:22.409+00:00,2026-09-18T06:52:25.790+00:00,True,54,54.0,,54.0,154488.932168,157869.663816,157869.663657,2923.5122899444445,39.844735,154488.932168,21014.603400767814,92.84472364999999,63.78738958490566,11.235519340766471,0.34205431679982545,13,64,,True,True,,227,87.6246207195492
147,2026-09-18T06:49:48.773+00:00,2026-09-18T06:52:24.179+00:00,2026-09-18T06:52:24.497+00:00,True,6,6.0,,6.0,155406.702851,155724.206595,155724.206429,25954.034404833335,40.202016,155406.702851,63418.59860229556,116577.25129175,63.5007488,17.334959413023938,0.03852965528734085,13,64,,True,True,,23,87.6246207195492
148,2026-09-18T06:49:48.843+00:00,2026-09-18T06:52:24.504+00:00,2026-09-18T06:52:24.865+00:00,True,7,7.0,,7.0,155660.725067,156021.840459,156021.840584,22288.834369142856,38.166669,155660.725067,58811.4770008412,108986.17244779998,60.18589866666667,13.133251608588555,0.04486551356788722,13,64,,True,True,,33,87.6246207195492
149,2026-09-18T06:49:48.965+00:00,2026-09-18T06:52:26.170+00:00,2026-09-18T06:52:28.457+00:00,True,38,38.0,,38.0,157204.53523699997,159491.16461299997,159491.16456499998,4197.135909605263,43.0108,157204.53523699997,25491.91913509857,76.91198410000001,61.80079394594595,8.665866180917076,0.2382577122200201,13,64,,True,True,,127,87.6246207195492
150,2026-09-18T06:49:49.385+00:00,2026-09-18T06:52:27.985+00:00,2026-09-18T06:52:30.092+00:00,True,35,35.0,,35.0,158600.420507,160707.462299,160707.462449,4591.641784257143,33.533558,158600.420507,26797.89135148858,84.8983992,61.971817411764704,11.661320463662907,0.217787024319267,13,64,,True,True,,157,87.6246207195492
151,2026-09-18T06:49:49.660+00:00,2026-09-18T06:52:29.111+00:00,2026-09-18T06:52:32.320+00:00,True,52,52.0,,52.0,159450.582267,162659.94546699998,162659.945464,3128.075874307692,37.89566000000001,159450.582267,22103.092921815016,93.9371478,62.928690196078435,10.056903890067742,0.3196853401782901,13,64,,True,True,,224,87.6246207195492
152,2026-09-18T06:49:49.984+00:00,2026-09-18T06:52:30.343+00:00,2026-09-18T06:52:33.202+00:00,True,46,46.0,,46.0,160359.46744600002,163218.33874200002,163218.33870800002,3548.2247545217397,36.609192,160359.46744600002,23634.34930842942,90.27783675,63.530473244444444,11.628976320994031,0.2818310758125802,13,64,,True,True,,245,87.6246207195492
153,2026-09-18T06:49:50.296+00:00,2026-09-18T06:52:31.561+00:00,2026-09-18T06:52:37.425+00:00,True,91,91.0,,91.0,161264.61901300002,167128.726021,167128.725983,1836.5794064065935,37.352539,161264.61901300002,16898.30143488864,96.6999295,65.15674453333334,14.599306458070824,0.5444904784864195,13,64,,True,True,,221,87.6246207195492
154,2026-09-18T06:49:50.588+00:00,2026-09-18T06:52:32.593+00:00,2026-09-18T06:52:34.535+00:00,True,31,31.0,,31.0,162004.317318,163946.860422,163946.860287,5288.608396354838,37.051151,162004.317318,29085.20804716185,103.50368200000001,64.7514368,14.316797847544672,0.18908565812242975,13,64,,True,True,,122,87.6246207195492
155,2026-09-18T06:49:50.999+00:00,2026-09-18T06:52:34.471+00:00,2026-09-18T06:52:39.850+00:00,True,85,85.0,,85.0,163471.647165,168851.04249300002,168851.042569,1986.4828537529413,35.923933,163471.647165,17724.048711261734,94.13180619999999,64.04042057142857,13.71118942126377,0.5034022813541338,13,64,,True,True,,434,87.6246207195492
156,2026-09-18T06:49:51.475+00:00,2026-09-18T06:52:36.486+00:00,2026-09-18T06:52:41.679+00:00,True,83,83.0,,83.0,165010.95135699998,170203.64844499997,170203.64856899998,2050.646368301205,34.795655,165010.95135699998,18105.3585586216,91.82832210000001,63.32557424390244,12.811790067885804,0.4876511212203587,13,64,,True,True,,392,87.6246207195492
157,2026-09-18T06:49:51.916+00:00,2026-09-18T06:52:38.025+00:00,2026-09-18T06:52:43.820+00:00,True,93,93.0,,93.0,166108.240804,171904.092324,171904.092232,1848.4310992688172,34.348866,166108.240804,17218.092591226115,88.330428,62.99838608695652,10.284964344875988,0.5409993371461815,13,64,,True,True,,526,87.6246207195492
158,2026-09-18T06:49:52.279+00:00,2026-09-18T06:52:39.311+00:00,2026-09-18T06:52:40.425+00:00,True,20,20.0,,20.0,167031.971325,168145.798397,168145.798349,8407.28991745,34.929035000000006,167031.971325,37336.37760208226,8425.77152055,58.622477473684214,11.765250695244701,0.11894439344109614,13,64,,True,True,,126,87.6246207195492
159,2026-09-18T06:49:52.585+00:00,2026-09-18T06:52:40.659+00:00,2026-09-18T06:52:42.822+00:00,True,34,34.0,,34.0,168073.98904699998,170236.94175099998,170236.941646,5006.968871941176,47.783260999999996,168073.98904699998,28813.212250483215,92.7635198,65.54402133333333,9.86031464762594,0.19972163297981874,13,64,,True,True,,143,87.6246207195492
160,2026-09-18T06:49:53.067+00:00,2026-09-18T06:52:42.665+00:00,2026-09-18T06:52:45.717+00:00,True,50,50.0,,50.0,169597.94297799998,172650.27680199998,172650.27675899997,3453.0055351799997,38.361078,169597.94297799998,23975.964701467583,96.25166285000002,62.29252702040816,12.28675314959431,0.2896027792491833,13,64,,True,True,,182,87.6246207195492
161,2026-09-18T06:49:53.521+00:00,2026-09-18T06:52:44.273+00:00,2026-09-18T06:52:49.251+00:00,True,80,80.0,,80.0,170752.079978,175729.437546,175729.43749799998,2196.617968725,40.256775000000005,170752.079978,19083.62247907042,90.0829069,63.00452617721519,11.947628756479226,0.45524529707243105,13,64,,True,True,,292,87.6246207195492
162,2026-09-18T06:49:53.859+00:00,2026-09-18T06:52:45.532+00:00,2026-09-18T06:52:46.068+00:00,True,10,10.0,,10.0,171673.14261500002,172208.43810300002,172208.43815700003,17220.843815700002,37.974869,171673.14261500002,54269.00664754691,94450.40738000002,59.47727644444445,8.850301722465387,0.05806916380031782,13,64,,True,True,,51,87.6246207195492
163,2026-09-18T06:49:54.234+00:00,2026-09-18T06:52:46.976+00:00,2026-09-18T06:52:48.202+00:00,True,20,20.0,,20.0,172741.49005599998,173967.85447199998,173967.85442099997,8698.392721049999,38.759858,172741.49005599998,38611.742052539514,8749.259936299999,64.54549557894737,16.729591702199226,0.11496376764949405,13,64,,True,True,,88,87.6246207195492
164,2026-09-18T06:49:54.689+00:00,2026-09-18T06:52:48.937+00:00,2026-09-18T06:52:54.027+00:00,True,81,81.0,,81.0,174247.24321000002,179337.71770600002,179337.71767,2214.045897160494,37.029790999999996,174247.24321000002,19353.738220075284,95.596861,63.630931200000006,11.750251298491095,0.4516618201464377,13,64,,True,True,,430,87.6246207195492
165,2026-09-18T06:49:55.159+00:00,2026-09-18T06:52:50.684+00:00,2026-09-18T06:52:53.366+00:00,True,42,42.0,,42.0,175524.966102,178207.01256600002,178207.012702,4243.024111952381,42.200991,175524.966102,27073.99940538059,95.81518070000001,65.41576741463415,12.917489291192451,0.23568096112068007,13,64,,True,True,,194,87.6246207195492
166,2026-09-18T06:49:55.615+00:00,2026-09-18T06:52:52.300+00:00,2026-09-18T06:52:56.782+00:00,True,69,69.0,,69.0,176685.072144,181166.973712,181166.973732,2625.608314956522,40.314635,176685.072144,21262.452475246628,97.23708060000001,65.91031717647058,13.151432139035983,0.3808641199123239,13,64,,True,True,,343,87.6246207195492
167,2026-09-18T06:49:55.963+00:00,2026-09-18T06:52:53.590+00:00,2026-09-18T06:52:54.591+00:00,True,16,16.0,,16.0,177627.462227,178628.406099,178628.40623700002,11164.275389812501,44.111598,177627.462227,44390.18531544711,44478.244835749996,66.72959146666666,14.330195707561359,0.0895714200748812,13,64,,True,True,,61,87.6246207195492
168,2026-09-18T06:49:56.230+00:00,2026-09-18T06:52:54.747+00:00,2026-09-18T06:52:59.319+00:00,True,71,71.0,,71.0,178516.966628,183089.0785,183089.078578,2578.7194165915494,37.49538,178516.966628,21178.318836638457,97.465988,65.31588388571429,13.496386357099931,0.3877893787094461,13,64,,True,True,,289,87.6246207195492
169,2026-09-18T06:49:56.671+00:00,2026-09-18T06:52:56.373+00:00,2026-09-18T06:52:57.603+00:00,True,21,21.0,,21.0,179702.020815,180931.679695,180931.679847,8615.794278428571,33.340216999999996,179702.020815,39200.78148537497,97.898168,61.482944,13.813052341500866,0.11606590971465088,13,64,,True,True,,99,87.6246207195492
170,2026-09-18T06:49:57.151+00:00,2026-09-18T06:52:58.143+00:00,2026-09-18T06:52:58.696+00:00,True,10,10.0,,10.0,180992.334503,181544.93891899998,181544.938811,18154.4938811,50.412176,180992.334503,57215.3853223611,99577.7571188,61.40049066666666,5.701400294142484,0.05508278038233667,13,64,,True,True,,36,87.6246207195492
171,2026-09-18T06:49:57.603+00:00,2026-09-18T06:52:59.855+00:00,2026-09-18T06:53:03.741+00:00,True,64,64.0,,64.0,182252.47959799998,186138.21092599997,186138.211001,2908.409546890625,36.713591,182252.47959799998,22773.851643975042,68.33331964999999,61.678275047619046,8.272871438088094,0.3438305315260791,13,64,,True,True,,202,87.6246207195492
172,2026-09-18T06:49:58.083+00:00,2026-09-18T06:53:01.797+00:00,2026-09-18T06:53:05.741+00:00,True,66,66.0,,66.0,183713.884417,187657.977857,187657.97777,2843.3026934848485,37.821579,183713.884417,22606.148287337637,69.07005550000001,60.67836061538462,7.816472149601546,0.3517036725733751,13,64,,True,True,,306,87.6246207195492
173,2026-09-18T06:49:58.445+00:00,2026-09-18T06:53:03.359+00:00,2026-09-18T06:53:05.964+00:00,True,44,44.0,,44.0,184914.410787,187519.106595,187519.106761,4261.797880931818,38.300129,184914.410787,27867.765367740114,69.68996115,60.57432111627907,7.465582467650628,0.23464275613807356,13,64,,True,True,,179,87.6246207195492
174,2026-09-18T06:49:58.883+00:00,2026-09-18T06:53:04.834+00:00,2026-09-18T06:53:10.172+00:00,True,91,91.0,,91.0,185951.35412,191289.523464,191289.52355800002,2102.0826764615385,34.483335,185951.35412,19486.783619495334,69.7041395,59.312992711111114,10.545113231843494,0.4757186820904276,13,64,,True,True,,462,87.6246207195492
175,2026-09-18T06:49:59.273+00:00,2026-09-18T06:53:06.213+00:00,2026-09-18T06:53:08.441+00:00,True,39,39.0,,39.0,186939.86365400002,189167.75946200002,189167.75958200003,4850.455373897436,34.657975,186939.86365400002,29924.949141025205,69.8724441,58.62883705263158,11.168994551188947,0.20616620988120501,13,64,,True,True,,244,87.6246207195492
176,2026-09-18T06:49:59.650+00:00,2026-09-18T06:53:07.887+00:00,2026-09-18T06:53:12.678+00:00,True,80,80.0,,80.0,188237.097652,193028.03346,193028.033523,2412.8504190375,34.093536,188237.097652,21038.77024740292,71.01174645,60.64475706329114,11.724557157049441,0.4144475730597851,13,64,,True,True,,415,87.6246207195492
177,2026-09-18T06:49:59.979+00:00,2026-09-18T06:53:09.134+00:00,2026-09-18T06:53:12.393+00:00,True,55,55.0,,55.0,189155.11193,192414.32575400002,192414.325692,3498.442285309091,37.255739999999996,189155.11193,25497.53311428491,70.3389698,60.355811555555555,8.53065791359074,0.2858415026244823,13,64,,True,True,,225,87.6246207195492
178,2026-09-18T06:50:00.398+00:00,2026-09-18T06:53:10.894+00:00,2026-09-18T06:53:16.740+00:00,True,94,94.0,,94.0,190495.492166,196341.526086,196341.52609600002,2088.739639319149,33.985677,190495.492166,19641.629647005837,92.6424185,62.86057978494623,11.665836585287119,0.4787576111577479,13,64,,True,True,,477,87.6246207195492
179,2026-09-18T06:50:00.856+00:00,2026-09-18T06:53:12.390+00:00,2026-09-18T06:53:15.692+00:00,True,53,53.0,,53.0,191533.859906,194835.969858,194835.969958,3676.1503765660377,34.238176,191533.859906,26300.479007680362,91.71840060000001,63.50211446153846,11.993964335713557,0.27202369274332333,13,64,,True,True,,236,87.6246207195492
180,2026-09-18T06:50:01.159+00:00,2026-09-18T06:53:13.337+00:00,2026-09-18T06:53:16.802+00:00,True,56,56.0,,56.0,192177.512077,195642.895757,195642.89578299999,3493.623138982143,40.159375,192177.512077,25672.38346942495,92.63397175,63.006976,12.225725959616552,0.28623579600638965,13,64,,True,True,,207,87.6246207195492
181,2026-09-18T06:50:01.471+00:00,2026-09-18T06:53:14.756+00:00,2026-09-18T06:53:17.310+00:00,True,41,41.0,,41.0,193285.099671,195838.499223,195838.499361,4776.548764902439,39.818595,193285.099671,30176.094173726306,93.704765,63.8349888,12.16809989242819,0.2093561795186838,13,64,,True,True,,213,87.6246207195492
183,2026-09-18T06:50:02.653+00:00,2026-09-18T06:53:17.375+00:00,2026-09-18T06:53:19.672+00:00,True,37,37.0,,37.0,194722.187539,197018.71285100002,197018.712829,5324.83007645946,34.093897,194722.187539,32001.645483368797,94.63296679999999,63.79236977777778,12.692056826692951,0.1877994199869842,13,64,,True,True,,206,87.6246207195492
182,2026-09-18T06:50:02.602+00:00,2026-09-18T06:53:17.926+00:00,2026-09-18T06:53:22.208+00:00,True,70,70.0,,70.0,195324.04113499998,199606.386863,199606.38704499998,2851.519814928571,37.83988,195324.04113499998,23338.273687322402,90.42053014999999,62.06298156521739,12.740583856600038,0.35069018131190643,13,64,,True,True,,248,87.6246207195492
184,2026-09-18T06:50:02.774+00:00,2026-09-18T06:53:18.456+00:00,2026-09-18T06:53:18.755+00:00,True,6,6.0,,6.0,195682.497611,195981.612107,195981.612092,32663.602015333334,40.392846,195682.497611,79862.62474965685,146785.19065975,59.8228992,21.05968972794621,0.030615117079066494,13,64,,True,True,,21,87.6246207195492
185,2026-09-18T06:50:03.060+00:00,2026-09-18T06:53:21.340+00:00,2026-09-18T06:53:21.513+00:00,True,4,4.0,,4.0,198279.891733,198452.645141,198452.645281,49613.16132025,43.384679,198279.891733,99111.15420050133,168548.35756104998,57.58446933333334,13.26740309260216,0.020155941973754053,13,64,,True,True,,15,87.6246207195492
186,2026-09-18T06:50:03.323+00:00,2026-09-18T06:53:22.321+00:00,2026-09-18T06:53:22.364+00:00,True,2,2.0,,2.0,198997.683046,199040.18851799998,199040.18873599998,99520.09436799999,42.50569,198997.683046,140682.55506059984,189049.9241782,42.505472,nan,0.010048221994218681,13,64,,True,True,,8,87.6246207195492
187,2026-09-18T06:50:03.615+00:00,2026-09-18T06:53:23.516+00:00,2026-09-18T06:53:24.819+00:00,True,21,21.0,,21.0,199900.32924300001,201203.82159500002,201203.821448,9581.134354666667,41.293893,199900.32924300001,43607.607453948745,94.072754,65.1746176,12.176439843334272,0.10437177501663247,13,64,,True,True,,87,87.6246207195492
188,2026-09-18T06:50:03.942+00:00,2026-09-18T06:53:24.818+00:00,2026-09-18T06:53:26.370+00:00,True,26,26.0,,26.0,200875.664364,202428.324332,202428.324323,7785.704781653846,40.203885,200875.664364,39382.77999382285,89.11526624999999,62.10639872,9.595784071336794,0.1284405237547575,13,64,,True,True,,130,87.6246207195492
189,2026-09-18T06:50:04.384+00:00,2026-09-18T06:53:26.481+00:00,2026-09-18T06:53:29.277+00:00,True,46,46.0,,46.0,202097.143161,204893.24274500003,204893.242927,4454.200933195652,38.29699900000001,202097.143161,29788.43857988699,92.30870075000001,62.135546311111106,10.605599995947612,0.22450715984445282,13,64,,True,True,,188,87.6246207195492
190,2026-09-18T06:50:04.817+00:00,2026-09-18T06:53:28.135+00:00,2026-09-18T06:53:32.297+00:00,True,69,69.0,,69.0,203318.759669,207480.501237,207480.50135399998,3006.96378773913,37.48319,203318.759669,24469.336122891145,72.1013318,61.20208188235294,9.071593621586445,0.33256137125475205,13,64,,True,True,,345,87.6246207195492
191,2026-09-18T06:50:05.302+00:00,2026-09-18T06:53:29.642+00:00,2026-09-18T06:53:30.723+00:00,True,19,19.0,,19.0,204340.032919,205420.562327,205420.562311,10811.60854268421,39.339156,204340.032919,46865.04850465576,20517.7509613,60.029411555555555,12.540877602235389,0.09249317490307875,13,64,,True,True,,100,87.6246207195492
192,2026-09-18T06:50:05.730+00:00,2026-09-18T06:53:31.584+00:00,2026-09-18T06:53:33.749+00:00,True,37,37.0,,37.0,205853.914771,208019.045523,208019.045637,5622.136368567568,38.562618,205853.914771,33832.29006577644,93.79171300000002,60.14252088888889,12.692246768271708,0.1778683288685171,13,64,,True,True,,147,87.6246207195492
193,2026-09-18T06:50:06.121+00:00,2026-09-18T06:53:33.140+00:00,2026-09-18T06:53:34.648+00:00,True,26,26.0,,26.0,207018.949336,208526.760664,208526.76051,8020.260019615384,36.808091,207018.949336,40587.92975906202,86.50342649999999,60.31245312,12.195503319868871,0.1246842367723436,13,64,,True,True,,92,87.6246207195492
194,2026-09-18T06:50:06.553+00:00,2026-09-18T06:53:34.958+00:00,2026-09-18T06:53:35.769+00:00,True,13,13.0,,13.0,208404.405818,209215.928378,209215.928302,16093.532946307692,35.119915,208404.405818,57782.22811137126,83418.85496239999,67.62688,16.000325652703403,0.06213676033553384,13,64,,True,True,,60,87.6246207195492
195,2026-09-18T06:50:06.890+00:00,2026-09-18T06:53:36.015+00:00,2026-09-18T06:53:40.289+00:00,True,69,69.0,,69.0,209125.777953,213399.748129,213399.74829800002,3092.7499753333336,33.327738,209125.777953,25168.221345788374,92.5773346,62.852502588235296,11.781868480709152,0.3233368389839408,13,64,,True,True,,299,87.6246207195492
196,2026-09-18T06:50:07.236+00:00,2026-09-18T06:53:37.535+00:00,2026-09-18T06:53:39.140+00:00,True,27,27.0,,27.0,210299.03581200002,211904.16323600002,211904.163223,7848.302341592594,40.058445,210299.03581200002,40460.18834570724,86.26628639999998,61.73567015384615,9.483808503218153,0.12741609031026824,13,64,,True,True,,132,87.6246207195492
197,2026-09-18T06:50:07.521+00:00,2026-09-18T06:53:39.020+00:00,2026-09-18T06:53:40.101+00:00,True,18,18.0,,18.0,211498.601395,212580.499891,212580.499924,11810.027773555556,35.821003,211498.601395,49835.69926446984,31803.653096200003,63.641088,11.244520552566392,0.08467380596634895,13,64,,True,True,,87,87.6246207195492
198,2026-09-18T06:50:07.883+00:00,2026-09-18T06:53:40.107+00:00,2026-09-18T06:53:41.456+00:00,True,23,23.0,,23.0,212224.189231,213572.502831,213572.502722,9285.760987913043,34.294696,212224.189231,44239.02431359077,86.0026338,61.28698181818182,9.937544368964568,0.10769176600510184,13,64,,True,True,,94,87.6246207195492
199,2026-09-18T06:50:08.296+00:00,2026-09-18T06:53:41.515+00:00,2026-09-18T06:53:44.433+00:00,True,48,48.0,,48.0,213219.464561,216137.080945,216137.080812,4502.85585025,36.268392999999996,213219.464561,30766.621128893476,92.80650739999999,62.07694434042553,12.15105683228284,0.22208128188894374,13,64,,True,True,,248,87.6246207195492
200,2026-09-18T06:50:08.642+00:00,2026-09-18T06:53:42.998+00:00,2026-09-18T06:53:44.925+00:00,True,32,32.0,,32.0,214355.341791,216282.262751,216282.262702,6758.8207094375,37.679139000000006,214355.341791,37882.04180540965,84.8476641,62.158740645161295,9.199038696228564,0.1479548049524558,13,64,,True,True,,126,87.6246207195492
201,2026-09-18T06:50:09.101+00:00,2026-09-18T06:53:44.735+00:00,2026-09-18T06:53:46.196+00:00,True,24,24.0,,24.0,215634.223883,217094.835211,217094.835364,9045.618140166667,40.548374,215634.223883,44003.189654979535,91.83639365,63.50484034782609,9.073070408163423,0.11055076449273327,13,64,,True,True,,103,87.6246207195492
202,2026-09-18T06:50:09.464+00:00,2026-09-18T06:53:45.877+00:00,2026-09-18T06:53:49.329+00:00,True,54,54.0,,54.0,216413.215209,219865.097705,219865.097851,4071.5758861296295,0.017410000000000002,216413.215209,29441.257563153056,89.83121645,65.12985841509433,27.096176469991153,0.24560514862824442,13,64,,True,True,,248,87.6246207195492
203,2026-09-18T06:50:09.781+00:00,2026-09-18T06:53:47.187+00:00,2026-09-18T06:53:50.097+00:00,True,46,46.0,,46.0,217405.618107,220315.54732299998,220315.54718199998,4789.468417,0.01767,217405.618107,32045.188730351783,95.1492615,64.66509368888889,29.708459934099515,0.20879143827539492,13,64,,True,True,,200,87.6246207195492
204,2026-09-18T06:50:10.249+00:00,2026-09-18T06:53:49.645+00:00,2026-09-18T06:53:54.637+00:00,True,81,81.0,,81.0,219396.056919,224388.665175,224388.665066,2770.23043291358,37.656659,219396.056919,24370.407911312606,91.596029,62.407603200000004,10.955360154065083,0.3609808005980532,13,64,,True,True,,300,87.6246207195492
205,2026-09-18T06:50:10.660+00:00,2026-09-18T06:53:50.925+00:00,2026-09-18T06:53:56.615+00:00,True,92,92.0,,92.0,220264.812427,225955.124619,225955.124662,2456.033963717391,34.772115,220264.812427,22957.677677017993,88.30023424999999,62.53090320879121,11.450317717886842,0.4071604932843552,13,64,,True,True,,407,87.6246207195492
206,2026-09-18T06:50:10.980+00:00,2026-09-18T06:53:51.903+00:00,2026-09-18T06:53:54.092+00:00,True,35,35.0,,35.0,220923.551128,223112.50011999998,223112.499985,6374.642856714286,36.590621,220923.551128,37332.01620106884,98.8599168,64.38085270588236,14.4374821985229,0.15687153333486656,13,64,,True,True,,137,87.6246207195492
207,2026-09-18T06:50:11.400+00:00,2026-09-18T06:53:53.684+00:00,2026-09-18T06:53:58.400+00:00,True,76,76.0,,76.0,222283.863435,226999.718795,226999.71886700002,2986.838406144737,35.826953,222283.863435,25490.497244838352,80.01898525,62.87807146666667,10.23058776237788,0.3348021768636394,13,64,,True,True,,345,87.6246207195492
208,2026-09-18T06:50:11.797+00:00,2026-09-18T06:53:55.111+00:00,2026-09-18T06:53:56.305+00:00,True,20,20.0,,20.0,223314.399454,224508.456414,224508.456539,11225.42282695,57.573113,223314.399454,49920.56524152868,11231.095211650001,62.84510315789474,2.937930104393781,0.08908350411139716,13,64,,True,True,,74,87.6246207195492
209,2026-09-18T06:50:12.063+00:00,2026-09-18T06:53:56.177+00:00,2026-09-18T06:53:57.630+00:00,True,24,24.0,,24.0,224114.31822999998,225567.028886,225567.02877099998,9398.626198791666,57.089312,224114.31822999998,45734.251037766495,69.56801564999999,63.16133286956522,3.7479139970664326,0.10639852871462627,13,64,,True,True,,93,87.6246207195492
210,2026-09-18T06:50:12.336+00:00,2026-09-18T06:53:57.312+00:00,2026-09-18T06:53:59.127+00:00,True,30,30.0,,30.0,224976.300319,226791.575071,226791.575061,7559.7191687,38.874387000000006,224976.300319,41063.437380894495,84.93406230000001,62.59568110344828,8.619364404223708,0.13228004607582144,13,64,,True,True,,126,87.6246207195492
211,2026-09-18T06:50:12.625+00:00,2026-09-18T06:53:58.151+00:00,2026-09-18T06:54:03.177+00:00,True,81,81.0,,81.0,225525.810523,230552.413787,230552.413752,2846.3260957037037,38.548408,225525.810523,25051.444141573,88.389404,62.8325408,10.428564457144793,0.3513300887616527,13,64,,True,True,,217,87.6246207195492
212,2026-09-18T06:50:13.031+00:00,2026-09-18T06:53:59.915+00:00,2026-09-18T06:54:00.236+00:00,True,6,6.0,,6.0,226884.292688,227205.08193599997,227205.081847,37867.51364116667,61.439524,226884.292688,92598.93231068467,170179.688093,64.1578496,1.7251492369846733,0.026407860021767048,13,64,,True,True,,27,87.6246207195492
213,2026-09-18T06:50:13.362+00:00,2026-09-18T06:54:01.165+00:00,2026-09-18T06:54:02.864+00:00,True,28,28.0,,28.0,227803.02348899998,229502.37785699998,229502.377828,8196.513493857143,39.809526,227803.02348899998,43038.83198757442,91.22364459999999,62.93905066666667,11.534801786486772,0.12200309322043906,13,64,,True,True,,116,87.6246207195492
214,2026-09-18T06:50:13.708+00:00,2026-09-18T06:54:02.570+00:00,2026-09-18T06:54:04.872+00:00,True,39,39.0,,39.0,228861.796757,231164.486293,231164.486076,5927.294514769231,39.061247,228861.796757,36637.51449039357,69.1064935,60.59709305263158,7.753813327732999,0.16871103613453697,13,64,,True,True,,143,87.6246207195492
215,2026-09-18T06:50:14.053+00:00,2026-09-18T06:54:03.598+00:00,2026-09-18T06:54:08.705+00:00,True,82,82.0,,82.0,229545.315778,234652.64992199998,234652.649985,2861.617682743902,36.003631999999996,229545.315778,25342.08002957755,95.95572635,63.05350795061728,13.592185055897973,0.34945269114692423,13,64,,True,True,,374,87.6246207195492
216,2026-09-18T06:50:14.526+00:00,2026-09-18T06:54:05.283+00:00,2026-09-18T06:54:06.195+00:00,True,16,16.0,,16.0,230756.386507,231669.040075,231669.04006899998,14479.315004312499,35.806433,230756.386507,57673.88617396383,57739.75259725,60.8435712,7.3734241648178935,0.06906404064531108,13,64,,True,True,,49,87.6246207195492
217,2026-09-18T06:50:14.912+00:00,2026-09-18T06:54:06.838+00:00,2026-09-18T06:54:07.991+00:00,True,18,18.0,,18.0,231925.835788,233078.886668,233078.88683899998,12948.827046611112,45.960303999999994,231925.835788,54649.45875922156,34876.618399800005,67.82652235294117,14.802837828324613,0.07722707216136393,13,64,,True,True,,56,87.6246207195492
218,2026-09-18T06:50:15.226+00:00,2026-09-18T06:54:08.176+00:00,2026-09-18T06:54:08.709+00:00,True,9,9.0,,9.0,232950.334921,233483.072713,233483.072743,25942.56363811111,39.114646,232950.334921,77627.91731249084,139818.4192502,66.592224,23.38273379193293,0.03854669160990056,13,64,,True,True,,32,87.6246207195492
219,2026-09-18T06:50:15.489+00:00,2026-09-18T06:54:09.030+00:00,2026-09-18T06:54:10.704+00:00,True,29,29.0,,29.0,233540.965678,235214.812718,235214.812765,8110.855612586207,36.827692000000006,233540.965678,43356.36884936015,80.8364924,59.780251428571425,10.230528071376076,0.12329155491906975,13,64,,True,True,,111,87.6246207195492
220,2026-09-18T06:50:15.788+00:00,2026-09-18T06:54:10.151+00:00,2026-09-18T06:54:13.138+00:00,True,49,49.0,,49.0,234362.928271,237349.904271,237349.904249,4843.875596918368,33.992326,234362.928271,33471.53119364227,93.48255720000002,62.22866666666666,13.532670528792808,0.20644625979732042,13,64,,True,True,,237,87.6246207195492
221,2026-09-18T06:50:16.234+00:00,2026-09-18T06:54:11.935+00:00,2026-09-18T06:54:17.275+00:00,True,87,87.0,,87.0,235700.835724,241041.34286,241041.342885,2770.5901481034484,34.989934,235700.835724,25263.12691728085,91.4580068,62.09892018604651,11.473802812767639,0.36093393343950436,13,64,,True,True,,471,87.6246207195492
222,2026-09-18T06:50:17.224+00:00,2026-09-18T06:54:14.196+00:00,2026-09-18T06:54:15.046+00:00,True,15,15.0,,15.0,236972.596085,237822.174837,237822.174894,15854.8116596,46.151883999999995,236972.596085,61170.39287427638,71140.4550188,60.68419657142857,5.828647858110882,0.06307233549722935,13,64,,True,True,,59,87.6246207195492
223,2026-09-18T06:50:17.254+00:00,2026-09-18T06:54:14.426+00:00,2026-09-18T06:54:19.161+00:00,True,75,75.0,,75.0,237171.97362099998,241906.691061,241906.69095699998,3225.422546093333,36.567701,237171.97362099998,27378.87493705019,94.65860260000001,63.98266810810811,11.676294821602804,0.31003689757836317,13,64,,True,True,,296,87.6246207195492
224,2026-09-18T06:50:17.471+00:00,2026-09-18T06:54:17.088+00:00,2026-09-18T06:54:18.631+00:00,True,25,25.0,,25.0,239616.889979,241160.778619,241160.778608,9646.43114432,40.374734,239616.889979,47910.51316967675,94.5148372,64.32869333333333,9.551641747535564,0.10366528149047186,13,64,,True,True,,120,87.6246207195492
225,2026-09-18T06:50:17.846+00:00,2026-09-18T06:54:18.697+00:00,2026-09-18T06:54:22.776+00:00,True,65,65.0,,65.0,240851.097557,244930.034901,244930.034761,3768.1543809384616,40.399515,240851.097557,29865.998173554064,86.9311918,63.733396,9.108156075883135,0.2653819080468135,13,64,,True,True,,285,87.6246207195492
226,2026-09-18T06:50:18.280+00:00,2026-09-18T06:54:20.390+00:00,2026-09-18T06:54:25.814+00:00,True,88,88.0,,88.0,242109.48504,247533.868528,247533.868425,2812.884868465909,35.642204,242109.48504,25802.313106399833,74.71141510000001,62.34923549425287,9.513257169203001,0.3555069070883357,13,64,,True,True,,411,87.6246207195492
227,2026-09-18T06:50:18.737+00:00,2026-09-18T06:54:22.257+00:00,2026-09-18T06:54:24.442+00:00,True,36,36.0,,36.0,243519.461637,245704.266757,245704.266817,6825.118522694444,40.799483,243519.461637,40576.174837524326,96.91291325,62.42300342857143,12.029480012875238,0.14651760213673365,13,64,,True,True,,161,87.6246207195492
228,2026-09-18T06:50:19.148+00:00,2026-09-18T06:54:24.064+00:00,2026-09-18T06:54:27.306+00:00,True,53,53.0,,53.0,244915.292754,248157.817426,248157.81759299999,4682.22297345283,40.610544000000004,244915.292754,33633.1385807191,81.690463,62.35624369230769,8.833065751337145,0.21357376749094134,13,64,,True,True,,112,87.6246207195492
229,2026-09-18T06:50:19.465+00:00,2026-09-18T06:54:25.173+00:00,2026-09-18T06:54:31.468+00:00,True,100,100.0,,100.0,245708.234639,252002.999183,252002.999285,2520.02999285,36.324082000000004,245708.234639,24564.46810506929,92.39298785,63.583480242424244,12.180277841337457,0.3968206740562711,13,64,,True,True,,246,87.6246207195492
230,2026-09-18T06:50:19.821+00:00,2026-09-18T06:54:26.549+00:00,2026-09-18T06:54:31.142+00:00,True,73,73.0,,73.0,246728.22579,251321.034238,251321.034282,3442.7538942739725,35.077485,246728.22579,28869.891851627828,97.55163340000001,63.78900622222223,13.684108001062812,0.29046514240773535,13,64,,True,True,,246,87.6246207195492
231,2026-09-18T06:50:20.150+00:00,2026-09-18T06:54:27.586+00:00,2026-09-18T06:54:29.160+00:00,True,25,25.0,,25.0,247436.189706,249010.112778,249010.112749,9960.40450996,33.642146999999994,247436.189706,49474.12440318317,96.92381819999999,65.580128,16.025611915394933,0.10039752892400901,13,64,,True,True,,84,87.6246207195492
232,2026-09-18T06:50:20.454+00:00,2026-09-18T06:54:28.830+00:00,2026-09-18T06:54:29.164+00:00,True,7,7.0,,7.0,248375.76021900002,248709.56809100002,248709.568193,35529.93831328572,38.775747,248375.76021900002,93856.18609869979,173883.6263496,55.63464533333334,12.602536213172755,0.028145278260620753,13,64,,True,True,,19,87.6246207195492
233,2026-09-18T06:50:20.926+00:00,2026-09-18T06:54:30.846+00:00,2026-09-18T06:54:30.914+00:00,True,2,2.0,,2.0,249920.130234,249988.02169000002,249988.021897,124994.0109485,67.891663,249920.130234,176672.21218819317,237427.51830545,67.891456,nan,0.008000383324286308,13,64,,True,True,,7,87.6246207195492
234,2026-09-18T06:50:21.338+00:00,2026-09-18T06:54:32.016+00:00,2026-09-18T06:54:32.486+00:00,True,8,8.0,,8.0,250678.907132,251148.520188,251148.520203,31393.565025375,50.948655,250678.907132,88604.65944831101,162974.1788572,67.08757942857143,13.817744331886962,0.031853661705876314,13,64,,True,True,,37,87.6246207195492
235,2026-09-18T06:50:21.608+00:00,2026-09-18T06:54:33.226+00:00,2026-09-18T06:54:33.412+00:00,True,4,4.0,,4.0,251618.355465,251804.366857,251804.366987,62951.09174675,61.167606,251618.355465,125778.17581710119,213885.1389144,62.00379733333334,1.3644945610229942,0.01588534801809694,13,64,,True,True,,8,87.6246207195492
236,2026-09-18T06:50:22.030+00:00,2026-09-18T06:54:34.886+00:00,2026-09-18T06:54:35.809+00:00,True,16,16.0,,16.0,252856.300266,253779.432682,253779.432678,15861.214542375,54.402648,252856.300266,63198.689606223896,63263.780451,61.54216106666667,3.289959395639828,0.06304687433062751,13,64,,True,True,,59,87.6246207195492
237,2026-09-18T06:50:22.295+00:00,2026-09-18T06:54:35.869+00:00,2026-09-18T06:54:41.826+00:00,True,95,95.0,,95.0,253573.62068599998,259531.27265399997,259531.27257099998,2731.9081323263154,36.573512,253573.62068599998,26009.604561335233,94.637027,63.37927625531915,11.668237929535362,0.36604451952366995,13,64,,True,True,,489,87.6246207195492
238,2026-09-18T06:50:22.639+00:00,2026-09-18T06:54:37.294+00:00,2026-09-18T06:54:37.361+00:00,True,2,2.0,,2.0,254654.774862,254721.36225399998,254721.362318,127360.681159,66.587456,254654.774862,180021.0337247742,241925.36549169998,66.587392,nan,0.007851716802635753,13,64,,True,True,,10,87.6246207195492
239,2026-09-18T06:50:23.006+00:00,2026-09-18T06:54:38.558+00:00,2026-09-18T06:54:42.073+00:00,True,57,57.0,,57.0,255552.75237099998,259067.76139499998,259067.76142899998,4545.048446122807,38.453137999999996,255552.75237099998,33840.476418958155,91.2489948,62.768018285714284,9.468259223711737,0.22001965699272105,13,64,,True,True,,218,87.6246207195492
240,2026-09-18T06:50:23.344+00:00,2026-09-18T06:54:39.975+00:00,2026-09-18T06:54:40.577+00:00,True,11,11.0,,11.0,256630.87160299998,257232.52382699997,257232.52366599996,23384.774878727272,40.015445,256630.87160299998,77358.97900580517,128349.5908425,60.1652224,7.654946413686123,0.042762866205044804,13,64,,True,True,,43,87.6246207195492
241,2026-09-18T06:50:23.628+00:00,2026-09-18T06:54:40.766+00:00,2026-09-18T06:54:44.742+00:00,True,66,66.0,,66.0,257138.052565,261114.059221,261114.059281,3956.273625469697,37.758429,257138.052565,31643.977485808497,69.49967,61.16933316923077,6.376631268399394,0.25276310359121396,13,64,,True,True,,312,87.6246207195492
242,2026-09-18T06:50:24.086+00:00,2026-09-18T06:54:42.263+00:00,2026-09-18T06:54:47.238+00:00,True,83,83.0,,83.0,258176.54225799997,263151.097394,263151.097546,3170.495151156626,35.85414299999999,258176.54225799997,28331.899514253902,70.4187583,60.66530653658537,8.599870263433743,0.3154081469617784,13,64,,True,True,,386,87.6246207195492
243,2026-09-18T06:50:24.431+00:00,2026-09-18T06:54:43.571+00:00,2026-09-18T06:54:45.920+00:00,True,39,39.0,,39.0,259139.990316,261488.0707,261488.07078100002,6704.822327717949,38.801918,259139.990316,41485.714490593076,72.57405949999999,61.79158905263158,8.44859968367396,0.14914638321969154,13,64,,True,True,,168,87.6246207195492
244,2026-09-18T06:50:24.910+00:00,2026-09-18T06:54:45.386+00:00,2026-09-18T06:54:47.179+00:00,True,31,31.0,,31.0,260475.797072,262268.721488,262268.721676,8460.281344387096,38.236478000000005,260475.797072,46772.101196002855,76.59387650000001,59.764147200000004,9.593375547167442,0.1181993789580371,13,64,,True,True,,147,87.6246207195492
245,2026-09-18T06:50:25.317+00:00,2026-09-18T06:54:46.841+00:00,2026-09-18T06:54:47.360+00:00,True,9,9.0,,9.0,261523.987739,262042.554907,262042.554888,29115.839432,56.808484,261523.987739,87153.0559869716,156947.9591122,64.820896,8.606595649649833,0.034345566517599166,13,64,,True,True,,57,87.6246207195492
246,2026-09-18T06:50:25.590+00:00,2026-09-18T06:54:47.554+00:00,2026-09-18T06:54:52.787+00:00,True,89,89.0,,89.0,261963.901838,267196.81243,267196.812491,3002.211376303371,35.322323,261963.901838,27761.8167389397,67.98362060000001,59.464893090909094,10.4553667444452,0.33308780591578413,13,64,,True,True,,360,87.6246207195492
247,2026-09-18T06:50:25.962+00:00,2026-09-18T06:54:49.125+00:00,2026-09-18T06:54:49.674+00:00,True,10,10.0,,10.0,263162.949143,263712.08040700003,263712.080245,26371.2080245,49.589627,263162.949143,83200.13720755898,144771.1229102,61.01458488888889,6.146955575479549,0.03792014375893019,13,64,,True,True,,25,87.6246207195492
248,2026-09-18T06:50:26.242+00:00,2026-09-18T06:54:50.137+00:00,2026-09-18T06:54:50.245+00:00,True,3,3.0,,3.0,263894.42402599996,264002.82287399995,264002.82268299995,88000.94089433333,43.962648,263894.42402599996,152328.22509611293,237511.42522429995,54.199424,14.477021395300898,0.011363514856929402,13,64,,True,True,,18,87.6246207195492
249,2026-09-18T06:50:26.676+00:00,2026-09-18T06:54:51.727+00:00,2026-09-18T06:54:56.300+00:00,True,77,77.0,,77.0,265051.670388,269624.41202000005,269624.41187600006,3501.615738649351,38.535608999999994,265051.670388,30198.585932797574,67.8101138,60.16765305263158,9.65776853215272,0.2855824493899623,13,64,,True,True,,350,87.6246207195492
250,2026-09-18T06:50:27.138+00:00,2026-09-18T06:54:53.342+00:00,2026-09-18T06:54:57.208+00:00,True,63,63.0,,63.0,266203.954287,270069.867631,270069.867829,4286.823298873016,33.712866999999996,266203.954287,33530.69184878036,94.7890798,62.35344103225806,11.317939054055785,0.23327296951941978,13,64,,True,True,,249,87.6246207195492
251,2026-09-18T06:50:27.506+00:00,2026-09-18T06:54:54.812+00:00,2026-09-18T06:54:57.208+00:00,True,38,38.0,,38.0,267305.731725,269702.052749,269702.05278800003,7097.422441789474,35.742693,267305.731725,43352.21101004966,93.8290943,64.76543308108107,12.21368005786534,0.14089622089515555,13,64,,True,True,,170,87.6246207195492
252,2026-09-18T06:50:27.831+00:00,2026-09-18T06:54:56.052+00:00,2026-09-18T06:54:59.834+00:00,True,59,59.0,,59.0,268220.44176300004,272002.359203,272002.359102,4610.209476305085,37.62908,268220.44176300004,34910.840860810116,96.0475007,65.20547310344828,13.783805714103572,0.2169098833292372,13,64,,True,True,,287,87.6246207195492
253,2026-09-18T06:50:28.180+00:00,2026-09-18T06:54:57.422+00:00,2026-09-18T06:54:59.291+00:00,True,31,31.0,,31.0,269241.437471,271111.19081500004,271111.190663,8745.522279451614,40.050995,269241.437471,48345.997653895254,103.68650050000001,62.32511146666667,13.707067458301637,0.11434422867905028,13,64,,True,True,,160,87.6246207195492
254,2026-09-18T06:50:28.567+00:00,2026-09-18T06:54:59.163+00:00,2026-09-18T06:55:01.687+00:00,True,40,40.0,,40.0,270595.18291900004,273119.191111,273119.191164,6827.979779100001,41.512412,270595.18291900004,42774.62301187002,89.16629619999999,64.71815876923077,8.151396487132569,0.1464562041110592,13,64,,True,True,,205,87.6246207195492
255,2026-09-18T06:50:28.907+00:00,2026-09-18T06:55:00.499+00:00,2026-09-18T06:55:03.301+00:00,True,45,45.0,,45.0,271592.016219,274394.271067,274394.271142,6097.650469822222,37.059599999999996,271592.016219,40477.05492923745,92.0547248,63.68761018181818,11.357075210813676,0.16399759304381456,13,64,,True,True,,212,87.6246207195492
256,2026-09-18T06:50:29.268+00:00,2026-09-18T06:55:01.790+00:00,2026-09-18T06:55:02.042+00:00,True,5,5.0,,5.0,272521.98975300003,272774.675577,272774.675448,54554.9350896,56.554104,272521.98975300003,121847.2878708497,218031.609014,63.171456,5.7047458374580255,0.01833014736219007,13,64,,True,True,,19,87.6246207195492
257,2026-09-18T06:50:29.576+00:00,2026-09-18T06:55:02.685+00:00,2026-09-18T06:55:07.569+00:00,True,79,79.0,,79.0,273109.09163200005,277993.4185440001,277993.41853900003,3518.9040321392413,38.254148,273109.09163200005,30720.130577810727,94.19706390000002,62.61957579487179,12.139255016901714,0.28417938961924055,13,64,,True,True,,325,87.6246207195492
258,2026-09-18T06:50:30.032+00:00,2026-09-18T06:55:04.181+00:00,2026-09-18T06:55:09.185+00:00,True,80,80.0,,80.0,274148.703597,279152.785773,279152.785729,3489.4098216125,38.609308,274148.703597,30643.677472497442,92.7815914,63.34281235443038,12.5931286820645,0.2865814137533056,13,64,,True,True,,317,87.6246207195492
259,2026-09-18T06:50:30.488+00:00,2026-09-18T06:55:06.430+00:00,2026-09-18T06:55:10.571+00:00,True,69,69.0,,69.0,275942.899027,280083.065939,280083.06608,4059.174870724638,37.5735,275942.899027,33212.29352910691,90.1870488,60.884807529411766,11.307344301008255,0.24635548660777545,13,64,,True,True,,369,87.6246207195492
260,2026-09-18T06:50:30.961+00:00,2026-09-18T06:55:08.194+00:00,2026-09-18T06:55:09.374+00:00,True,20,20.0,,20.0,277233.146052,278412.809924,278412.809759,13920.64048795,37.730249,277233.146052,61977.334323844865,13954.30108125,62.08757221052632,14.038595604362106,0.07183577510481476,13,64,,True,True,,80,87.6246207195492
261,2026-09-18T06:50:31.334+00:00,2026-09-18T06:55:09.768+00:00,2026-09-18T06:55:11.462+00:00,True,29,29.0,,29.0,278434.465856,280127.950656,280127.95079900004,9659.584510310346,36.257552000000004,278434.465856,51692.75216992118,80.7848144,60.4816,10.481850920336994,0.10352412150264968,13,64,,True,True,,110,87.6246207195492
262,2026-09-18T06:50:31.694+00:00,2026-09-18T06:55:11.071+00:00,2026-09-18T06:55:11.755+00:00,True,11,11.0,,11.0,279377.43165600003,280060.94064800005,280060.94059400004,25460.085508545457,43.689868000000004,279377.43165600003,84214.85775051577,139735.39704550002,68.3508992,15.338309583717097,0.03927716580023046,13,64,,True,True,,56,87.6246207195492
264,2026-09-18T06:50:32.398+00:00,2026-09-18T06:55:13.000+00:00,2026-09-18T06:55:16.388+00:00,True,56,56.0,,56.0,280602.590606,283990.26522999996,283990.265152,5071.2547348571425,35.899454,280602.590606,37488.869065904495,79.74145549999999,61.59408407272727,10.691389963488536,0.19718985773912476,13,64,,True,True,,290,87.6246207195492
265,2026-09-18T06:50:32.722+00:00,2026-09-18T06:55:14.138+00:00,2026-09-18T06:55:15.846+00:00,True,28,28.0,,28.0,281415.72207099997,283123.764055,283123.76407699997,10111.56300275,36.422582000000006,281415.72207099997,53170.61869295565,97.97788985,63.26081422222222,12.067697420904189,0.09889667896108037,13,64,,True,True,,105,87.6246207195492
263,2026-09-18T06:50:32.105+00:00,2026-09-18T06:55:15.720+00:00,2026-09-18T06:55:18.824+00:00,True,52,52.0,,52.0,283615.099554,286719.30333,286719.303501,5513.832759634615,36.009473,283615.099554,39321.89823003612,73.57629370000001,60.86674070588236,9.329227256516226,0.1813620478149339,13,64,,True,True,,195,87.6246207195492
266,2026-09-18T06:50:33.118+00:00,2026-09-18T06:55:15.788+00:00,2026-09-18T06:55:21.328+00:00,True,91,91.0,,91.0,282669.110607,288209.900879,288209.900882,3167.141767934066,37.839079,282669.110607,29625.32195686824,72.20009449999999,61.564336355555554,9.181629666793475,0.3157421022749832,13,64,,True,True,,433,87.6246207195492
267,2026-09-18T06:50:33.548+00:00,2026-09-18T06:55:17.684+00:00,2026-09-18T06:55:20.060+00:00,True,40,40.0,,40.0,284135.83487300004,286512.28773700004,286512.287735,7162.807193375001,32.13756,284135.83487300004,44916.18676904451,80.04875045,60.934688820512825,10.6736175848084,0.1396100680914511,13,64,,True,True,,214,87.6246207195492
269,2026-09-18T06:50:34.859+00:00,2026-09-18T06:55:20.775+00:00,2026-09-18T06:55:22.964+00:00,True,37,37.0,,37.0,285916.680471,288104.812823,288104.81295600004,7786.6165663783795,40.026655,285916.680471,46994.42083913639,70.0731894,60.78145422222222,7.131806320166899,0.12842548389752623,13,64,,True,True,,164,87.6246207195492
270,2026-09-18T06:50:34.909+00:00,2026-09-18T06:55:21.080+00:00,2026-09-18T06:55:25.703+00:00,True,77,77.0,,77.0,286171.013422,290793.925166,290793.925258,3776.5444838701296,37.43901,286171.013422,32605.282972214947,72.0976188,60.82778610526316,9.219526637779696,0.2647923265798778,13,64,,True,True,,254,87.6246207195492
268,2026-09-18T06:50:34.823+00:00,2026-09-18T06:55:21.808+00:00,2026-09-18T06:55:22.903+00:00,True,19,19.0,,19.0,286984.768108,288080.09406,288080.09404299996,15162.110212789474,40.357853999999996,286984.768108,65824.86138935757,28766.930700099998,60.85144177777778,8.198048589812489,0.06595388015960162,13,64,,True,True,,94,87.6246207195492
271,2026-09-18T06:50:35.030+00:00,2026-09-18T06:55:23.028+00:00,2026-09-18T06:55:26.859+00:00,True,63,63.0,,63.0,287998.71689,291828.973786,291828.973784,4632.2059330793645,34.714925,287998.71689,36276.64595501434,86.7685301,61.778337032258065,10.66237512084314,0.2158798668366572,13,64,,True,True,,239,87.6246207195492
272,2026-09-18T06:50:35.333+00:00,2026-09-18T06:55:24.345+00:00,2026-09-18T06:55:26.863+00:00,True,41,41.0,,41.0,289012.27900800004,291530.04592000006,291530.04580500006,7110.488922073172,36.383352,289012.27900800004,45126.30601769065,93.823043,62.9441728,11.38723359205845,0.14063730505243008,13,64,,True,True,,174,87.6246207195492
273,2026-09-18T06:50:35.613+00:00,2026-09-18T06:55:25.597+00:00,2026-09-18T06:55:25.705+00:00,True,3,3.0,,3.0,289984.139565,290092.221741,290092.221603,96697.40720100001,42.7365,289984.139565,167391.22082342484,260992.26016230002,54.041088,15.98690367674141,0.010341538914747112,13,64,,True,True,,5,87.6246207195492
274,2026-09-18T06:50:35.984+00:00,2026-09-18T06:55:26.921+00:00,2026-09-18T06:55:32.219+00:00,True,86,86.0,,86.0,290936.907357,296234.320221,296234.320349,3444.585120337209,36.639941,290936.907357,31365.815192915205,90.57034275,62.32250428235294,11.41862660012435,0.29031072407761976,13,64,,True,True,,466,87.6246207195492
275,2026-09-18T06:50:36.306+00:00,2026-09-18T06:55:28.119+00:00,2026-09-18T06:55:32.219+00:00,True,67,67.0,,67.0,291812.628103,295912.986759,295912.986791,4416.611743149254,38.549377,291812.628103,35642.998349782756,92.2114699,62.126646303030306,11.080447214456484,0.2264179099870555,13,64,,True,True,,325,87.6246207195492
276,2026-09-18T06:50:36.720+00:00,2026-09-18T06:55:30.007+00:00,2026-09-18T06:55:30.544+00:00,True,9,9.0,,9.0,293286.80284500006,293824.28303700004,293824.28304600006,32647.142560666674,58.395360999999994,293286.80284500006,97739.87316149239,176009.14752940004,67.185024,11.133673813344862,0.03063055206661278,13,64,,True,True,,50,87.6246207195492
277,2026-09-18T06:50:37.139+00:00,2026-09-18T06:55:31.259+00:00,2026-09-18T06:55:34.454+00:00,True,52,52.0,,52.0,294120.136528,297315.816016,297315.815933,5717.611844865384,36.070992,294120.136528,40778.43612962768,90.75462615,62.66038211764706,9.989179633079637,0.1748981964592211,13,64,,True,True,,275,87.6246207195492
278,2026-09-18T06:50:37.612+00:00,2026-09-18T06:55:32.987+00:00,2026-09-18T06:55:36.685+00:00,True,58,58.0,,58.0,295374.75532999996,299072.855298,299072.85523199994,5156.428538482758,38.052078,295374.75532999996,38776.08803140771,95.3043337,64.87894680701754,11.15061232017978,0.1939326788524758,13,64,,True,True,,207,87.6246207195492
279,2026-09-18T06:50:37.997+00:00,2026-09-18T06:55:34.322+00:00,2026-09-18T06:55:34.575+00:00,True,5,5.0,,5.0,296324.869496,296578.6574,296578.657299,59315.7314598,60.449936,296324.869496,132492.13603012744,237073.7628588,63.446976,4.019720811436867,0.016858933963196234,13,64,,True,True,,19,87.6246207195492
280,2026-09-18T06:50:38.273+00:00,2026-09-18T06:55:35.609+00:00,2026-09-18T06:55:38.326+00:00,False,44,43.0,,43.0,297336.270599,300053.29357499996,300053.293573,6819.393035749999,0.043059,297336.270599,44815.605916979075,93.71369184999999,63.1865808372093,14.472313061026247,0.1433078753699863,13,64,,True,False,Request timeout: 300.0s exceeded,175,87.6246207195492
281,2026-09-18T06:50:38.597+00:00,2026-09-18T06:55:36.928+00:00,2026-09-18T06:55:38.649+00:00,False,29,28.0,,28.0,298330.465974,300051.434166,300051.434187,10346.601178862069,0.02684,298330.465974,55387.16555343778,93.67268299999999,61.46314971428572,15.920542142917302,0.09331733433578365,13,64,,True,False,Request timeout: 300.0s exceeded,136,87.6246207195492
282,2026-09-18T06:50:38.873+00:00,2026-09-18T06:55:38.093+00:00,2026-09-18T06:55:38.891+00:00,False,15,14.0,,14.0,299219.859948,300017.389036,300017.388962,20001.159264133334,0.0362,299219.859948,77243.5287960833,89817.6249858,56.96636342857143,17.38971076976288,0.046663961862290916,13,64,,True,False,Request timeout: 300.0s exceeded,52,87.6246207195492
283,2026-09-18T06:50:39.349+00:00,2026-09-18T06:55:39.473+00:00,2026-09-18T06:55:39.473+00:00,False,1,0.0,,0.0,300123.378257,300123.378257,300123.378257,300123.378257,300123.378257,300123.378257,nan,300123.378257,nan,nan,0.0,13,64,,True,False,"HTTPConnectionPool(host='gpu03', port=9002): Read timed out.",0,87.6246207195492
284,2026-09-18T06:50:39.641+00:00,2026-09-18T06:55:39.730+00:00,2026-09-18T06:55:39.730+00:00,False,1,0.0,,0.0,300089.756323,300089.756323,300089.756323,300089.756323,300089.756323,300089.756323,nan,300089.756323,nan,nan,0.0,13,64,,True,False,"HTTPConnectionPool(host='gpu03', port=9002): Read timed out.",0,87.6246207195492
285,2026-09-18T06:50:40.024+00:00,2026-09-18T06:55:40.054+00:00,2026-09-18T06:55:40.054+00:00,False,1,0.0,,0.0,300030.189096,300030.189096,300030.189096,300030.189096,300030.189096,300030.189096,nan,300030.189096,nan,nan,0.0,13,64,,True,False,TTFT timeout: 300.0s exceeded (TTFT: 300.015s),0,87.6246207195492
286,2026-09-18T06:50:40.293+00:00,2026-09-18T06:55:40.159+00:00,2026-09-18T06:55:40.318+00:00,False,4,3.0,,3.0,299866.861865,300025.354793,300025.354828,75006.338707,0.03614,299866.861865,149907.02033592667,254900.30379439998,52.830976,46.92978608158942,0.009999154911656802,13,64,,True,False,Request timeout: 300.0s exceeded,21,87.6246207195492
287,2026-09-18T06:50:40.574+00:00,2026-09-18T06:55:40.520+00:00,2026-09-18T06:55:40.611+00:00,False,3,2.0,,2.0,299946.680138,300037.608522,300037.608578,100012.53619266667,0.01927,299946.680138,173148.05370436143,269961.10304119997,45.464192,64.26892402833681,0.006665831026490639,13,64,,True,False,Request timeout: 300.0s exceeded,7,87.6246207195492
288,2026-09-18T06:50:41.008+00:00,2026-09-18T06:55:41.056+00:00,2026-09-18T06:55:41.056+00:00,False,1,0.0,,0.0,300047.933587,300047.933587,300047.933587,300047.933587,300047.933587,300047.933587,nan,300047.933587,nan,nan,0.0,13,64,,True,False,"HTTPConnectionPool(host='gpu03', port=9002): Read timed out.",0,87.6246207195492
289,2026-09-18T06:50:41.284+00:00,2026-09-18T06:55:41.296+00:00,2026-09-18T06:55:41.410+00:00,False,3,2.0,,2.0,300012.125657,300125.917401,300125.917464,100041.972488,0.02327,300012.125657,173179.2419815996,270022.28994499997,56.895872,80.43033034496656,0.006663869676165915,13,64,,True,False,Request timeout: 300.0s exceeded,3,87.6246207195492
290,2026-09-18T06:50:41.549+00:00,2026-09-18T06:55:41.614+00:00,2026-09-18T06:55:41.614+00:00,False,1,0.0,,0.0,300065.31494,300065.31494,300065.31494,300065.31494,300065.31494,300065.31494,nan,300065.31494,nan,nan,0.0,13,64,,True,False,TTFT timeout: 300.0s exceeded (TTFT: 300.052s),0,87.6246207195492
291,2026-09-18T06:50:41.909+00:00,2026-09-18T06:55:41.834+00:00,2026-09-18T06:55:41.954+00:00,False,4,3.0,,3.0,299924.691845,300044.88794100005,300044.887899,75011.22197475,0.02604,299924.691845,149942.31591993602,254945.0415608,40.06536533333333,34.67607432898928,0.009998503959147309,13,64,,True,False,Request timeout: 300.0s exceeded,11,87.6246207195492
292,2026-09-18T06:50:42.242+00:00,2026-09-18T06:55:42.317+00:00,2026-09-18T06:55:42.317+00:00,False,1,0.0,,0.0,300074.180405,300074.180405,300074.180405,300074.180405,300074.180405,300074.180405,nan,300074.180405,nan,nan,0.0,13,64,,True,False,"HTTPConnectionPool(host='gpu03', port=9002): Read timed out.",0,87.6246207195492
293,2026-09-18T06:50:42.576+00:00,2026-09-18T06:55:42.688+00:00,2026-09-18T06:55:42.688+00:00,False,1,0.0,,0.0,300112.307884,300112.307884,300112.307884,300112.307884,300112.307884,300112.307884,nan,300112.307884,nan,nan,0.0,13,64,,True,False,"HTTPConnectionPool(host='gpu03', port=9002): Read timed out.",0,87.6246207195492
294,2026-09-18T06:50:42.872+00:00,2026-09-18T06:55:42.817+00:00,2026-09-18T06:55:42.893+00:00,False,3,2.0,,2.0,299945.081441,300020.53667299997,300020.53651999997,100006.84550666666,0.04096,299945.081441,173151.5956082361,269958.1147088,37.727616,53.29698003568937,0.006666210327394524,13,64,,True,False,Request timeout: 300.0s exceeded,5,87.6246207195492
295,2026-09-18T06:50:43.331+00:00,2026-09-18T06:55:43.141+00:00,2026-09-18T06:55:43.371+00:00,False,6,5.0,,5.0,299809.52354400005,300039.92584800004,300039.92568100005,50006.65428016667,0.04026,299809.52354400005,122377.91578117848,224874.33769575003,46.0804608,28.123767527660217,0.01666444885915948,13,64,,True,False,Request timeout: 300.0s exceeded,15,87.6246207195492
296,2026-09-18T06:50:43.815+00:00,2026-09-18T06:55:43.909+00:00,2026-09-18T06:55:43.909+00:00,False,1,0.0,,0.0,300094.845167,300094.845167,300094.845167,300094.845167,300094.845167,300094.845167,nan,300094.845167,nan,nan,0.0,13,64,,True,False,"HTTPConnectionPool(host='gpu03', port=9002): Read timed out.",0,87.6246207195492
297,2026-09-18T06:50:44.212+00:00,2026-09-18T06:55:44.253+00:00,2026-09-18T06:55:44.253+00:00,False,1,0.0,,0.0,300040.662898,300040.662898,300040.662898,300040.662898,300040.662898,300040.662898,nan,300040.662898,nan,nan,0.0,13,64,,True,False,TTFT timeout: 300.0s exceeded (TTFT: 300.026s),0,87.6246207195492
298,2026-09-18T06:50:44.593+00:00,2026-09-18T06:55:44.422+00:00,2026-09-18T06:55:45.817+00:00,False,24,23.0,,23.0,299829.10552499996,301223.555701,301223.55582899996,12550.981492874998,0.02102,299829.10552499996,61189.98685208431,91.0828284,60.62826852173913,18.467929920233086,0.0763552503272029,13,64,,True,False,Request timeout: 300.0s exceeded,102,87.6246207195492
299,2026-09-18T06:50:44.870+00:00,2026-09-18T06:55:44.689+00:00,2026-09-18T06:55:45.858+00:00,False,21,20.0,,20.0,299818.965867,300987.764331,300987.764174,14332.75067495238,0.02176,299818.965867,65413.11236636503,90.63873,58.4399232,19.69660047630254,0.06644788383492477,13,64,,True,False,Request timeout: 300.0s exceeded,98,87.6246207195492
300,2026-09-18T06:50:45.239+00:00,2026-09-18T06:55:45.540+00:00,2026-09-18T06:55:45.911+00:00,False,8,7.0,,7.0,300300.913564,300671.657628,300671.65746799996,37583.957183499995,0.059590000000000004,300300.913564,106153.68383740136,195226.34200785,52.96343771428572,27.45628104155063,0.023281209992398452,13,64,,True,False,Request timeout: 300.0s exceeded,21,87.6246207195492
301,2026-09-18T06:50:45.727+00:00,2026-09-18T06:55:46.057+00:00,2026-09-18T06:55:46.057+00:00,False,1,0.0,,0.0,300329.744047,300329.744047,300329.744047,300329.744047,300329.744047,300329.744047,nan,300329.744047,nan,nan,0.0,13,64,,True,False,"HTTPConnectionPool(host='gpu03', port=9002): Read timed out.",0,87.6246207195492
302,2026-09-18T06:50:46.113+00:00,2026-09-18T06:55:46.224+00:00,2026-09-18T06:55:46.224+00:00,False,1,0.0,,0.0,300110.82559799997,300110.82559799997,300110.82559799997,300110.82559799997,300110.82559799997,300110.82559799997,nan,300110.82559799997,nan,nan,0.0,13,64,,True,False,"HTTPConnectionPool(host='gpu03', port=9002): Read timed out.",0,87.6246207195492
303,2026-09-18T06:50:46.527+00:00,2026-09-18T06:55:46.712+00:00,2026-09-18T06:55:46.712+00:00,False,1,0.0,,0.0,300185.260978,300185.260978,300185.260978,300185.260978,300185.260978,300185.260978,nan,300185.260978,nan,nan,0.0,13,64,,True,False,"HTTPConnectionPool(host='gpu03', port=9002): Read timed out.",0,87.6246207195492
304,2026-09-18T06:50:46.809+00:00,2026-09-18T06:55:46.917+00:00,2026-09-18T06:55:46.917+00:00,False,1,0.0,,0.0,300108.13765600004,300108.13765600004,300108.13765600004,300108.13765600004,300108.13765600004,300108.13765600004,nan,300108.13765600004,nan,nan,0.0,13,64,,True,False,"HTTPConnectionPool(host='gpu03', port=9002): Read timed out.",0,87.6246207195492
305,2026-09-18T06:50:47.112+00:00,2026-09-18T06:55:47.108+00:00,2026-09-18T06:55:47.287+00:00,False,3,2.0,,2.0,299995.50767900003,300174.259167,300174.259214,100058.08640466668,0.04751,299995.50767900003,173150.90903287302,270013.82731360005,89.375744,126.32941215767178,0.006662796488779915,13,64,,True,False,Request timeout: 300.0s exceeded,2,87.6246207195492
306,2026-09-18T06:50:47.434+00:00,2026-09-18T06:55:47.292+00:00,2026-09-18T06:55:47.470+00:00,False,5,4.0,,4.0,299857.29738999996,300036.145134,300036.145095,60007.22901899999,0.03594,299857.29738999996,134080.26681037177,239898.10190519996,44.711936,29.83162413455108,0.013331727076461233,13,64,,True,False,Request timeout: 300.0s exceeded,15,87.6246207195492
307,2026-09-18T06:50:47.861+00:00,2026-09-18T06:55:47.695+00:00,2026-09-18T06:55:47.896+00:00,False,6,5.0,,5.0,299833.826593,300034.766625,300034.76643599995,50005.79440599999,0.027479,299833.826593,122390.24249064396,224890.6400835,40.1880064,24.924206765839447,0.01666473541131077,13,64,,True,False,Request timeout: 300.0s exceeded,19,87.6246207195492
308,2026-09-18T06:50:48.237+00:00,2026-09-18T06:55:48.329+00:00,2026-09-18T06:55:48.329+00:00,False,1,0.0,,0.0,300092.725569,300092.725569,300092.725569,300092.725569,300092.725569,300092.725569,nan,300092.725569,nan,nan,0.0,13,64,,True,False,"HTTPConnectionPool(host='gpu03', port=9002): Read timed out.",0,87.6246207195492
309,2026-09-18T06:50:48.604+00:00,2026-09-18T06:55:48.555+00:00,2026-09-18T06:55:48.654+00:00,False,3,2.0,,2.0,299950.975575,300050.135895,300050.13601899997,100016.71200633333,0.05509,299950.975575,173148.1584201735,269965.7885529,49.58016,70.03909638215502,0.006665552721828737,13,64,,True,False,Request timeout: 300.0s exceeded,10,87.6246207195492
310,2026-09-18T06:50:48.926+00:00,2026-09-18T06:55:48.815+00:00,2026-09-18T06:55:48.958+00:00,False,4,3.0,,3.0,299889.365093,300032.717925,300032.717764,75008.179441,0.039020000000000006,299889.365093,149920.7942373836,254916.82654865002,47.784277333333335,41.355924119197105,0.009998909521427322,13,64,,True,False,Request timeout: 300.0s exceeded,20,87.6246207195492
311,2026-09-18T06:50:49.292+00:00,2026-09-18T06:55:49.298+00:00,2026-09-18T06:55:49.360+00:00,False,3,2.0,,2.0,300006.783283,300068.596275,300068.596167,100022.865389,0.03551,300006.783283,173191.15599588232,270012.2826921,30.906496,43.658062433226334,0.006665142653472094,13,64,,True,False,Request timeout: 300.0s exceeded,8,87.6246207195492
312,2026-09-18T06:50:49.647+00:00,2026-09-18T06:55:49.725+00:00,2026-09-18T06:55:49.725+00:00,False,1,0.0,,0.0,300078.495989,300078.495989,300078.495989,300078.495989,300078.495989,300078.495989,nan,300078.495989,nan,nan,0.0,13,64,,True,False,"HTTPConnectionPool(host='gpu03', port=9002): Read timed out.",0,87.6246207195492
313,2026-09-18T06:50:49.978+00:00,2026-09-18T06:55:50.021+00:00,2026-09-18T06:55:50.021+00:00,False,1,0.0,,0.0,300043.193826,300043.193826,300043.193826,300043.193826,300043.193826,300043.193826,nan,300043.193826,nan,nan,0.0,13,64,,True,False,TTFT timeout: 300.0s exceeded (TTFT: 300.033s),0,87.6246207195492
314,2026-09-18T06:50:50.266+00:00,2026-09-18T06:55:50.165+00:00,2026-09-18T06:55:50.310+00:00,False,4,3.0,,3.0,299899.03436,300044.141048,300044.141008,75011.035252,0.03918,299899.03436,149925.33663709625,254925.2490008,48.368896,41.8738810991566,0.00999852884819394,13,64,,True,False,Request timeout: 300.0s exceeded,5,87.6246207195492
315,2026-09-18T06:50:50.692+00:00,2026-09-18T06:55:50.516+00:00,2026-09-18T06:55:50.737+00:00,False,6,5.0,,5.0,299824.486589,300045.157053,300045.156945,50007.5261575,0.11238899999999999,299824.486589,122384.81867709983,224884.23634699997,44.1340928,26.2204692182953,0.016664158319065283,13,64,,True,False,Request timeout: 300.0s exceeded,16,87.6246207195492
316,2026-09-18T06:50:50.998+00:00,2026-09-18T06:55:51.120+00:00,2026-09-18T06:55:51.120+00:00,False,1,0.0,,0.0,300122.488983,300122.488983,300122.488983,300122.488983,300122.488983,300122.488983,nan,300122.488983,nan,nan,0.0,13,64,,True,False,"HTTPConnectionPool(host='gpu03', port=9002): Read timed out.",0,87.6246207195492
317,2026-09-18T06:50:51.265+00:00,2026-09-18T06:55:51.303+00:00,2026-09-18T06:55:51.303+00:00,False,1,0.0,,0.0,300037.194636,300037.194636,300037.194636,300037.194636,300037.194636,300037.194636,nan,300037.194636,nan,nan,0.0,13,64,,True,False,TTFT timeout: 300.0s exceeded (TTFT: 300.019s),0,87.6246207195492
318,2026-09-18T06:50:51.612+00:00,2026-09-18T06:55:51.551+00:00,2026-09-18T06:55:51.680+00:00,False,4,3.0,,3.0,299938.567291,300067.89874699997,300067.898959,75016.97473975,0.0335,299938.567291,149947.73323467415,254961.71620524998,43.11048533333334,46.79185435946651,0.009997737220566296,13,64,,True,False,Request timeout: 300.0s exceeded,5,87.6246207195492
319,2026-09-18T06:50:51.992+00:00,2026-09-18T06:55:52.081+00:00,2026-09-18T06:55:52.081+00:00,False,1,0.0,,0.0,300089.051579,300089.051579,300089.051579,300089.051579,300089.051579,300089.051579,nan,300089.051579,nan,nan,0.0,13,64,,True,False,"HTTPConnectionPool(host='gpu03', port=9002): Read timed out.",0,87.6246207195492
320,2026-09-18T06:50:52.373+00:00,2026-09-18T06:55:52.487+00:00,2026-09-18T06:55:52.487+00:00,False,1,0.0,,0.0,300113.964743,300113.964743,300113.964743,300113.964743,300113.964743,300113.964743,nan,300113.964743,nan,nan,0.0,13,64,,True,False,"HTTPConnectionPool(host='gpu03', port=9002): Read timed out.",0,87.6246207195492
321,2026-09-18T06:50:52.658+00:00,2026-09-18T06:55:52.700+00:00,2026-09-18T06:55:52.700+00:00,False,1,0.0,,0.0,300041.881041,300041.881041,300041.881041,300041.881041,300041.881041,300041.881041,nan,300041.881041,nan,nan,0.0,13,64,,True,False,"HTTPConnectionPool(host='gpu03', port=9002): Read timed out.",0,87.6246207195492
322,2026-09-18T06:50:53.093+00:00,2026-09-18T06:55:52.888+00:00,2026-09-18T06:55:53.108+00:00,False,8,7.0,,7.0,299795.31392299995,300014.88128299994,300014.8812509999,37501.86015637499,0.05318,299795.31392299995,105982.56067012898,194880.18429459995,31.366765714285712,13.829790555615677,0.023332175957621902,13,64,,True,False,Request timeout: 300.0s exceeded,21,87.6246207195492
0,2026-09-18T06:48:53.140+00:00,2026-09-18T06:48:53.322+00:00,2026-09-18T06:48:54.508+00:00,True,23,23.0,,23.0,182.297351,1367.497991,1367.4979289999999,59.45643169565217,22.580908,182.297351,31.507507663125594,90.9403982,53.87275636363637,16.993118755253146,16.819037505993673,14,64,,False,True,,107,87.6246207195492
1,2026-09-18T06:48:53.647+00:00,2026-09-18T06:48:53.851+00:00,2026-09-18T06:48:55.421+00:00,True,29,29.0,,29.0,204.23676999999998,1774.222306,1774.222393,61.18008251724138,15.946549999999998,204.23676999999998,30.504824722193458,77.7236238,56.070912,13.415205733811476,16.345189608950843,14,64,,False,True,,106,87.6246207195492
2,2026-09-18T06:48:53.987+00:00,2026-09-18T06:48:54.670+00:00,2026-09-18T06:48:56.190+00:00,True,27,27.0,,27.0,683.712439,2203.357111,2203.357055,81.60581685185186,38.341249000000005,683.712439,120.63994018832895,67.7104793,58.447872,8.781632997624367,12.254028121544934,14,64,,False,True,,163,87.6246207195492
3,2026-09-18T06:48:54.367+00:00,2026-09-18T06:48:57.076+00:00,2026-09-18T06:48:59.020+00:00,True,33,33.0,,33.0,2708.7447570000004,4652.587061,4652.586985000001,140.9874843939394,37.306681,2708.7447570000004,461.0092663023391,67.9303656,60.745072,7.013628174480034,7.092828047565255,14,64,,False,True,,151,87.6246207195492
4,2026-09-18T06:48:54.858+00:00,2026-09-18T06:48:58.607+00:00,2026-09-18T06:48:59.204+00:00,True,11,11.0,,11.0,3749.1488130000002,4346.332045,4346.331994,395.12109036363637,40.070046000000005,3749.1488130000002,1112.4320421617365,1907.9792895,59.7183232,8.15361272635602,2.530869681862974,14,64,,False,True,,38,87.6246207195492
5,2026-09-18T06:48:55.388+00:00,2026-09-18T06:49:00.283+00:00,2026-09-18T06:49:00.590+00:00,True,6,6.0,,6.0,4894.584455,5201.438087,5201.438115,866.9063525,57.201634,4894.584455,1973.1553653893238,3687.9688872499996,61.370726399999995,4.5111050645176505,1.1535271399261393,14,64,,False,True,,13,87.6246207195492
6,2026-09-18T06:48:55.734+00:00,2026-09-18T06:49:01.685+00:00,2026-09-18T06:49:04.103+00:00,True,42,42.0,,42.0,5950.8146830000005,8369.670875,8369.670958,199.27787995238097,0.0,5950.8146830000005,909.263587282945,68.24954215,58.99649248780487,15.938933469644503,5.0181184693239205,14,64,,False,True,,169,87.6246207195492
7,2026-09-18T06:48:56.108+00:00,2026-09-18T06:49:03.202+00:00,2026-09-18T06:49:07.970+00:00,True,80,80.0,,80.0,7093.110949,11861.436069,11861.436179,148.2679522375,0.01838,7093.110949,787.1179810656027,69.07371094999999,60.35854582278481,36.420154986457376,6.744545899385735,14,64,,False,True,,293,87.6246207195492
8,2026-09-18T06:48:56.455+00:00,2026-09-18T06:49:04.288+00:00,2026-09-18T06:49:05.351+00:00,True,18,18.0,,18.0,7833.493804,8895.824684,8895.82455,494.212475,40.883154000000005,7833.493804,1831.8137253164548,1308.6228189,62.49005176470588,25.767115815834124,2.0234211711000487,14,64,,False,True,,77,87.6246207195492
9,2026-09-18T06:48:56.788+00:00,2026-09-18T06:49:05.618+00:00,2026-09-18T06:49:06.178+00:00,True,10,10.0,,10.0,8830.52451,9389.70531,9389.705441,938.9705440999999,57.016034,8830.52451,2772.810853692743,4886.3867616,62.1312,2.987186287445763,1.0649961494904465,14,64,,False,True,,27,87.6246207195492
10,2026-09-18T06:48:57.245+00:00,2026-09-18T06:49:07.419+00:00,2026-09-18T06:49:09.971+00:00,True,44,44.0,,44.0,10173.917214,12726.146334,12726.146351,289.2305988863636,0.0,10173.917214,1525.5998668642442,168.35096795,59.35416558139535,49.10555672645553,3.4574488494169473,14,64,,False,True,,226,87.6246207195492
11,2026-09-18T06:48:57.565+00:00,2026-09-18T06:49:08.525+00:00,2026-09-18T06:49:12.754+00:00,True,72,72.0,,72.0,10959.968794,15189.611802,15189.611704,210.96682922222223,0.0,10959.968794,1284.8096613187502,68.03783105000001,59.572436732394365,21.994980406554472,4.740081638591964,14,64,,False,True,,318,87.6246207195492
12,2026-09-18T06:48:57.935+00:00,2026-09-18T06:49:09.917+00:00,2026-09-18T06:49:11.731+00:00,True,31,31.0,,31.0,11982.024424000001,13796.843240000002,13796.843182,445.05945748387103,0.0,11982.024424000001,2141.402809382847,138.4014185,60.49396053333333,32.10997012016811,2.2468907894904806,14,64,,False,True,,133,87.6246207195492
13,2026-09-18T06:48:58.410+00:00,2026-09-18T06:49:11.551+00:00,2026-09-18T06:49:16.030+00:00,True,76,76.0,,76.0,13140.838921,17619.779849,17619.779708000002,231.83920668421052,0.0,13140.838921,1500.686634142644,67.50167475,59.719212373333335,23.353167499791585,4.31333425566684,14,64,,False,True,,290,87.6246207195492
14,2026-09-18T06:48:58.882+00:00,2026-09-18T06:49:13.542+00:00,2026-09-18T06:49:14.327+00:00,True,14,14.0,,14.0,14659.395349,15444.685077,15444.685,1103.1917857142857,0.0,14659.395349,3902.1043741958597,5278.120185999999,60.406902153846154,55.21312616650057,0.9064606970101705,14,64,,False,True,,67,87.6246207195492
15,2026-09-18T06:48:59.274+00:00,2026-09-18T06:49:14.786+00:00,2026-09-18T06:49:15.574+00:00,True,14,14.0,,14.0,15512.180714,16299.906538,16299.906581,1164.2790415,37.118111,15512.180714,4129.620419712666,5474.9594524,60.59429415384615,9.57403228476927,0.8589006303417617,14,64,,False,True,,63,87.6246207195492
16,2026-09-18T06:48:59.616+00:00,2026-09-18T06:49:15.992+00:00,2026-09-18T06:49:19.374+00:00,True,58,58.0,,58.0,16375.65748,19758.212104,19758.212113999998,340.6588295517241,0.0,16375.65748,2142.717099399321,68.16891925,59.343063578947365,34.95015159255355,2.935488276707894,14,64,,False,True,,192,87.6246207195492
17,2026-09-18T06:49:00.104+00:00,2026-09-18T06:49:17.869+00:00,2026-09-18T06:49:21.620+00:00,True,61,61.0,,61.0,17764.893248,21516.119104,21516.119097,352.7232638852459,0.0,17764.893248,2267.3808654583727,88.629795,62.52043093333333,61.64889384957791,2.835083766972626,14,64,,False,True,,279,87.6246207195492
18,2026-09-18T06:49:00.404+00:00,2026-09-18T06:49:19.161+00:00,2026-09-18T06:49:22.288+00:00,True,51,51.0,,51.0,18757.108914,21884.54213,21884.541953,429.10866574509805,0.0,18757.108914,2618.6378666349724,212.35346549999997,62.54866432,68.40886072647716,2.3304120185401382,14,64,,False,True,,223,87.6246207195492
19,2026-09-18T06:49:00.863+00:00,2026-09-18T06:49:20.757+00:00,2026-09-18T06:49:20.821+00:00,True,2,2.0,,2.0,19894.040212,19958.227604,19958.227612,9979.113806,64.1874,19894.040212,14021.823393296329,18902.5475714,64.187392,nan,0.1002092991262993,14,64,,False,True,,7,87.6246207195492
20,2026-09-18T06:49:01.319+00:00,2026-09-18T06:49:22.414+00:00,2026-09-18T06:49:28.467+00:00,True,98,98.0,,98.0,21095.0317,27148.160404,27148.160363,277.02204452040814,0.0,21095.0317,2125.196584760043,86.29648255000001,62.40338870103093,49.917792550698174,3.6098210170277585,14,64,,False,True,,464,87.6246207195492
21,2026-09-18T06:49:01.651+00:00,2026-09-18T06:49:23.654+00:00,2026-09-18T06:49:24.674+00:00,True,18,18.0,,18.0,22003.052853,23022.625845000002,23022.625968,1279.034776,0.0,22003.052853,5172.645050320092,3606.4046346500004,59.97488188235294,82.0142886624426,0.7818395747377007,14,64,,False,True,,79,87.6246207195492
22,2026-09-18T06:49:01.996+00:00,2026-09-18T06:49:24.988+00:00,2026-09-18T06:49:27.092+00:00,True,36,36.0,,36.0,22991.740695,25096.137751000002,25096.137955000002,697.1149431944444,34.780616,22991.740695,3821.9574853343993,92.41175299999999,60.12563017142857,13.049747219419272,1.4344836786116826,14,64,,False,True,,171,87.6246207195492
23,2026-09-18T06:49:02.463+00:00,2026-09-18T06:49:26.784+00:00,2026-09-18T06:49:29.909+00:00,True,53,53.0,,53.0,24320.183397,27445.848677,27445.848669,517.8462013018868,0.0,24320.183397,3332.7915658028587,76.02280479999999,60.108947692307694,53.04598267075968,1.931075282959449,14,64,,False,True,,254,87.6246207195492
24,2026-09-18T06:49:02.878+00:00,2026-09-18T06:49:28.470+00:00,2026-09-18T06:49:32.316+00:00,True,68,68.0,,68.0,25592.051693999998,29437.267438,29437.267378999997,432.900990867647,0.0,25592.051693999998,3096.574065931025,70.66967045,57.39127976119403,16.1825848231461,2.309997018005147,14,64,,False,True,,210,87.6246207195492
25,2026-09-18T06:49:03.351+00:00,2026-09-18T06:49:30.410+00:00,2026-09-18T06:49:35.251+00:00,True,73,73.0,,73.0,27058.506889,31900.167817,31900.167675,436.9885982876712,0.0,27058.506889,3160.1111081344866,70.6080292,67.24529066666668,80.96211402481444,2.288389215341287,14,64,,False,True,,366,87.6246207195492
26,2026-09-18T06:49:03.829+00:00,2026-09-18T06:49:32.195+00:00,2026-09-18T06:49:37.438+00:00,True,87,87.0,,87.0,28366.792908,33608.95662,33608.956459,386.30984435632183,0.0,28366.792908,3035.511471729849,93.93815790000001,60.955392,70.407539106061,2.588595682504112,14,64,,False,True,,401,87.6246207195492
27,2026-09-18T06:49:04.268+00:00,2026-09-18T06:49:33.998+00:00,2026-09-18T06:49:37.100+00:00,True,51,51.0,,51.0,29729.079085999998,32831.176494,32831.17645,643.7485578431372,0.016489999999999998,29729.079085999998,4154.907409333187,92.7848535,62.04194816,76.55837660958979,1.5534015361685383,14,64,,False,True,,243,87.6246207195492
28,2026-09-18T06:49:04.780+00:00,2026-09-18T06:49:35.660+00:00,2026-09-18T06:49:39.114+00:00,True,56,56.0,,56.0,30879.581826999998,34333.649283,34333.649424999996,613.1008825892857,0.0,30879.581826999998,4118.571928557241,96.47100474999999,62.80122647272728,65.17885274031465,1.6310529515348635,14,64,,False,True,,244,87.6246207195492
29,2026-09-18T06:49:05.253+00:00,2026-09-18T06:49:37.601+00:00,2026-09-18T06:49:41.325+00:00,True,64,64.0,,64.0,32348.144704,36072.073024,36072.073045,563.626141328125,0.0,32348.144704,4036.573163087576,71.67368054999999,59.109973333333336,60.337645352220626,1.7742257274046487,14,64,,False,True,,296,87.6246207195492
30,2026-09-18T06:49:05.612+00:00,2026-09-18T06:49:38.989+00:00,2026-09-18T06:49:42.079+00:00,True,57,57.0,,57.0,33377.255731,36466.738995,36466.739062,639.7673519649122,0.0,33377.255731,4413.658165912466,74.96218999999999,55.169344,18.961631212585935,1.5630681977847085,14,64,,False,True,,286,87.6246207195492
31,2026-09-18T06:49:06.028+00:00,2026-09-18T06:49:40.304+00:00,2026-09-18T06:49:42.017+00:00,True,29,29.0,,29.0,34275.572859,35988.687739,35988.687928,1240.9892388965518,37.51114,34275.572859,6353.466490004552,96.3546522,61.182674285714285,13.453590849597465,0.8058087644183107,14,64,,False,True,,136,87.6246207195492
32,2026-09-18T06:49:06.477+00:00,2026-09-18T06:49:42.525+00:00,2026-09-18T06:49:44.253+00:00,True,29,29.0,,29.0,36048.252364,37776.186572,37776.186697,1302.6271274827586,40.748874,36048.252364,6682.54292677931,92.9528246,61.711936,11.850930511861533,0.7676793935969976,14,64,,False,True,,130,87.6246207195492
33,2026-09-18T06:49:06.883+00:00,2026-09-18T06:49:43.855+00:00,2026-09-18T06:49:43.855+00:00,True,1,1.0,,1.0,36971.470227,36971.470227,36971.470227,36971.470227,36971.470227,36971.470227,nan,36971.470227,nan,nan,0.02704788297192756,14,64,,False,True,,3,87.6246207195492
34,2026-09-18T06:49:07.315+00:00,2026-09-18T06:49:45.304+00:00,2026-09-18T06:49:47.927+00:00,True,44,44.0,,44.0,37989.275266000004,40612.021122000006,40612.021047,923.0004783409092,23.217586999999998,37989.275266000004,5717.9149958236,88.59275184999998,60.9940896744186,11.587466800320332,1.0834230551545903,14,64,,False,True,,177,87.6246207195492
35,2026-09-18T06:49:07.614+00:00,2026-09-18T06:49:46.501+00:00,2026-09-18T06:49:47.672+00:00,True,20,20.0,,20.0,38886.616343999995,40057.96917599999,40057.969173,2002.8984586499998,36.083233,38886.616343999995,8681.534089429892,2034.3092169499996,61.650149052631576,11.899424793768729,0.49927643391324583,14,64,,False,True,,107,87.6246207195492
36,2026-09-18T06:49:08.003+00:00,2026-09-18T06:49:48.874+00:00,2026-09-18T06:49:52.824+00:00,True,75,75.0,,75.0,40870.780089,44820.325817,44820.325633,597.6043417733333,0.0,40870.780089,4713.825162248633,81.0568442,53.37223956756756,78.01360175280156,1.6733479427664735,14,64,,False,True,,386,87.6246207195492
37,2026-09-18T06:49:08.386+00:00,2026-09-18T06:49:49.565+00:00,2026-09-18T06:49:51.400+00:00,True,30,30.0,,30.0,41179.507244,43014.332716,43014.332799,1433.8110933,33.818616999999996,41179.507244,7506.774042190156,96.30293145,63.26984386206897,12.762483059966055,0.6974419479682159,14,64,,False,True,,149,87.6246207195492
38,2026-09-18T06:49:08.737+00:00,2026-09-18T06:49:51.100+00:00,2026-09-18T06:49:53.259+00:00,True,37,37.0,,37.0,42363.132386,44521.648098,44521.648014,1203.287784162162,0.0,42363.132386,6955.432923096388,190.54472,59.958769777777775,109.23699622220269,0.8310563867392436,14,64,,False,True,,156,87.6246207195492
39,2026-09-18T06:49:09.280+00:00,2026-09-18T06:49:53.196+00:00,2026-09-18T06:49:54.646+00:00,True,23,23.0,,23.0,43916.325118,45365.710846,45365.710844,1972.4222106086957,57.371424,43916.325118,9143.456614324154,101.2251838,65.88116945454546,11.570584855560984,0.5069908433282704,14,64,,False,True,,103,87.6246207195492
40,2026-09-18T06:49:09.698+00:00,2026-09-18T06:49:54.959+00:00,2026-09-18T06:50:00.777+00:00,True,84,84.0,,84.0,45261.211643,51079.470843,51079.470929,608.0889396309524,0.0,45261.211643,4931.36427268881,96.0444873,70.09950843373494,78.01442345073302,1.6444962841957762,14,64,,False,True,,440,87.6246207195492
41,2026-09-18T06:49:10.230+00:00,2026-09-18T06:49:57.204+00:00,2026-09-18T06:50:02.707+00:00,True,83,83.0,,83.0,46974.070479999995,52476.762319999994,52476.762199,632.2501469759036,0.0,46974.070479999995,5150.5897694257765,96.6672912,67.10599804878049,140.06291708411595,1.5816524558788752,14,64,,False,True,,257,87.6246207195492
42,2026-09-18T06:49:10.719+00:00,2026-09-18T06:49:59.266+00:00,2026-09-18T06:50:04.370+00:00,True,84,84.0,,84.0,48546.587446000005,53651.017782,53651.017789000005,638.7025927261906,0.0,48546.587446000005,5291.877698722614,92.95718194999999,61.49916067469879,135.7655884273259,1.5656739326235507,14,64,,False,True,,542,87.6246207195492
43,2026-09-18T06:49:11.175+00:00,2026-09-18T06:50:01.004+00:00,2026-09-18T06:50:04.249+00:00,True,54,54.0,,54.0,49829.076305,53073.954129000005,53073.954049,982.8510009074074,0.01625,49829.076305,6774.052252157981,81.33400889999999,61.22410988679245,144.17046633595768,1.0174482170435082,14,64,,False,True,,248,87.6246207195492
44,2026-09-18T06:49:11.669+00:00,2026-09-18T06:50:03.079+00:00,2026-09-18T06:50:04.792+00:00,True,29,29.0,,29.0,51409.498927,53122.242095,53122.242297,1831.8014585172414,37.016021,51409.498927,9535.151191644247,82.1243584,61.16939885714286,10.688199885356816,0.5459106930791529,14,64,,False,True,,120,87.6246207195492
45,2026-09-18T06:49:12.000+00:00,2026-09-18T06:50:04.996+00:00,2026-09-18T06:50:10.666+00:00,True,90,90.0,,90.0,52995.526486,58665.285206,58665.285296,651.8365032888889,0.0,52995.526486,5580.144117726592,94.87461495,63.70515415730337,85.00663380043223,1.5341270341390114,14,64,,False,True,,440,87.6246207195492
46,2026-09-18T06:49:12.292+00:00,2026-09-18T06:50:05.823+00:00,2026-09-18T06:50:09.018+00:00,True,51,51.0,,51.0,53531.393721,56726.174649,56726.174607,1112.2779334705883,35.592284,53531.393721,7486.96126329465,96.49052250000001,63.89561856,14.620338242368948,0.8990558646968284,14,64,,False,True,,237,87.6246207195492
47,2026-09-18T06:49:12.812+00:00,2026-09-18T06:50:08.000+00:00,2026-09-18T06:50:11.682+00:00,True,59,59.0,,59.0,55187.572273000005,58869.946929000005,58869.94689000001,997.7957100000001,0.0,55187.572273000005,7177.302785451684,95.23887990000001,63.48921820689655,105.25006581652764,1.0022091589645366,14,64,,False,True,,117,87.6246207195492
48,2026-09-18T06:49:13.264+00:00,2026-09-18T06:50:09.901+00:00,2026-09-18T06:50:09.901+00:00,True,5,5.0,,5.0,56636.661705,56636.661705,56636.661705,11327.332341,0.0,56636.661705,25328.685118207828,45309.329364,0.0,0.0,0.08828203939778798,14,64,,False,True,,12,87.6246207195492
49,2026-09-18T06:49:13.657+00:00,2026-09-18T06:50:11.081+00:00,2026-09-18T06:50:15.983+00:00,True,82,82.0,,82.0,57424.894957000004,62326.14756500001,62326.147365000004,760.0749678658538,34.306726000000005,57424.894957000004,6334.845726896801,75.69960590000001,60.50929145679013,10.789683247852418,1.3156596902525077,14,64,,False,True,,443,87.6246207195492
50,2026-09-18T06:49:14.123+00:00,2026-09-18T06:50:12.935+00:00,2026-09-18T06:50:14.774+00:00,True,31,31.0,,31.0,58812.544152999995,60651.607192999996,60651.607169999996,1956.5034570967741,34.956595,58812.544152999995,10552.04009415253,85.90156649999999,61.30210133333333,10.97861767193653,0.5111158868610791,14,64,,False,True,,146,87.6246207195492
51,2026-09-18T06:49:14.602+00:00,2026-09-18T06:50:14.775+00:00,2026-09-18T06:50:17.199+00:00,True,32,32.0,,32.0,60173.193189000005,62597.164261000005,62597.164238000005,1956.1613824375002,0.01711,60173.193189000005,10624.344913070965,430.97771335,78.19261522580645,144.37107476054754,0.5112052658899279,14,64,,False,True,,207,87.6246207195492
52,2026-09-18T06:49:14.936+00:00,2026-09-18T06:50:15.986+00:00,2026-09-18T06:50:20.217+00:00,True,55,55.0,,55.0,61050.631635,65281.262547,65281.26262,1186.9320476363637,0.0,61050.631635,8223.334133163711,361.6587719,78.34501688888889,175.23358664444518,0.8425082152846249,14,64,,False,True,,264,87.6246207195492
53,2026-09-18T06:49:15.329+00:00,2026-09-18T06:50:17.766+00:00,2026-09-18T06:50:17.831+00:00,True,2,2.0,,2.0,62436.989432999995,62501.65042499999,62501.650354,31250.825177,64.660921,62436.989432999995,44103.89644923024,59318.37300739999,64.660992,nan,0.03199915500471363,14,64,,False,True,,4,87.6246207195492
54,2026-09-18T06:49:15.721+00:00,2026-09-18T06:50:19.023+00:00,2026-09-18T06:50:24.698+00:00,True,91,91.0,,91.0,63301.878933,68976.684437,68976.684414,757.985543010989,0.0,63301.878933,6629.946935749104,91.183322,63.05339448888889,98.03181493393906,1.3192863754290052,14,64,,False,True,,525,87.6246207195492
55,2026-09-18T06:49:16.069+00:00,2026-09-18T06:50:20.477+00:00,2026-09-18T06:50:23.604+00:00,True,49,49.0,,49.0,64408.212177,67535.854545,67535.854607,1378.2827470816326,37.799949999999995,64408.212177,9191.872225572255,93.79102040000002,65.159216,11.879905007008366,0.7255405344334642,14,64,,False,True,,218,87.6246207195492
56,2026-09-18T06:49:16.471+00:00,2026-09-18T06:50:21.837+00:00,2026-09-18T06:50:24.046+00:00,True,36,36.0,,36.0,65366.590654,67575.609022,67575.609139,1877.100253861111,39.601427,65366.590654,10883.918153142942,91.91983275000001,63.114810514285715,11.114770019464034,0.5327365971393583,14,64,,False,True,,189,87.6246207195492
57,2026-09-18T06:49:16.771+00:00,2026-09-18T06:50:22.932+00:00,2026-09-18T06:50:23.365+00:00,True,8,8.0,,8.0,66160.47614299999,66593.887215,66593.887244,8324.2359055,42.924930999999994,66160.47614299999,23369.372006507838,43029.460614749994,61.915867428571424,10.203250496270275,0.12013114618421064,14,64,,False,True,,21,87.6246207195492
58,2026-09-18T06:49:17.206+00:00,2026-09-18T06:50:24.964+00:00,2026-09-18T06:50:28.651+00:00,True,60,60.0,,60.0,67757.862892,71445.063404,71445.06343000001,1190.7510571666667,36.277393,67757.862892,8739.444782332774,95.06326739999999,62.49492393220339,13.570299555796105,0.8398060991382755,14,64,,False,True,,310,87.6246207195492
59,2026-09-18T06:49:17.711+00:00,2026-09-18T06:50:26.547+00:00,2026-09-18T06:50:28.418+00:00,True,31,31.0,,31.0,68836.42507,70707.917934,70707.917967,2280.900579580645,38.344839,68836.42507,12352.189438078376,92.634885,62.38309546666667,13.238592335401085,0.43842331814855506,14,64,,False,True,,137,87.6246207195492
60,2026-09-18T06:49:18.101+00:00,2026-09-18T06:50:28.084+00:00,2026-09-18T06:50:32.533+00:00,True,72,72.0,,72.0,69982.77574,74431.505084,74431.50524299999,1033.7709061527778,0.0,69982.77574,8241.015498791894,91.76488705,62.658159774647885,119.24542958186186,0.9673323133630588,14,64,,False,True,,396,87.6246207195492
61,2026-09-18T06:49:18.513+00:00,2026-09-18T06:50:29.651+00:00,2026-09-18T06:50:32.233+00:00,True,35,35.0,,35.0,71137.172276,73719.200052,73719.200103,2106.2628600857142,0.0,71137.172276,12012.761640829538,380.3686376,75.94199341176471,173.87609269300762,0.4747745495788305,14,64,,False,True,,176,87.6246207195492
62,2026-09-18T06:49:18.986+00:00,2026-09-18T06:50:32.236+00:00,2026-09-18T06:50:37.447+00:00,True,99,99.0,,99.0,73249.215806,78460.175678,78460.175733,792.5270276060605,0.0,73249.215806,7357.123175659844,88.3684779,53.17305991836735,97.84958636958531,1.2617866216141969,14,64,,False,True,,378,87.6246207195492
63,2026-09-18T06:49:19.369+00:00,2026-09-18T06:50:32.881+00:00,2026-09-18T06:50:37.448+00:00,True,77,77.0,,77.0,73511.322217,78078.814569,78078.81455099999,1014.0105785844155,0.01651,73511.322217,8371.209177371618,75.37026159999999,60.09858357894736,106.24657297194706,0.9861830052754372,14,64,,False,True,,282,87.6246207195492
64,2026-09-18T06:49:19.769+00:00,2026-09-18T06:50:34.720+00:00,2026-09-18T06:50:35.942+00:00,True,25,25.0,,25.0,74950.922707,76172.890579,76172.89056300001,3046.9156225200004,0.01781,74950.922707,14980.032654062383,109.4220518,50.915328,31.22036072751886,0.3282007523932959,14,64,,False,True,,130,87.6246207195492
65,2026-09-18T06:49:20.244+00:00,2026-09-18T06:50:36.067+00:00,2026-09-18T06:50:38.442+00:00,True,40,40.0,,40.0,75822.81974400001,78197.86819200001,78197.868283,1954.9467070750002,34.409226000000004,75822.81974400001,11979.01784369926,88.896862,60.89867815384615,12.466077735300837,0.5115228960179272,14,64,,False,True,,120,87.6246207195492
66,2026-09-18T06:49:20.646+00:00,2026-09-18T06:50:37.858+00:00,2026-09-18T06:50:40.457+00:00,True,41,41.0,,41.0,77212.690686,79811.456254,79811.456326,1946.6208860000002,38.825998,77212.690686,12048.458318546534,105.52087499999999,64.9691392,14.428793666121498,0.5137107117744786,14,64,,False,True,,185,87.6246207195492
67,2026-09-18T06:49:21.100+00:00,2026-09-18T06:50:39.500+00:00,2026-09-18T06:50:45.750+00:00,True,97,97.0,,97.0,78399.95534199999,84650.38887799998,84650.38889399999,872.6844215876288,0.0,78399.95534199999,7954.567122854008,95.9193672,65.10868266666667,118.16042100082814,1.1458895970318406,14,64,,False,True,,429,87.6246207195492
68,2026-09-18T06:49:21.644+00:00,2026-09-18T06:50:41.148+00:00,2026-09-18T06:50:45.781+00:00,True,73,73.0,,73.0,79503.570263,84136.164439,84136.16434,1152.5501964383561,0.0,79503.570263,9298.651617969334,92.71493900000002,64.34158577777778,136.85489421814177,0.8676411681795421,14,64,,False,True,,370,87.6246207195492
69,2026-09-18T06:49:21.952+00:00,2026-09-18T06:50:42.695+00:00,2026-09-18T06:50:45.774+00:00,True,42,42.0,,42.0,80742.82176199999,83821.82054599999,83821.820574,1995.7576327142856,0.0,80742.82176199999,12448.616758437947,93.61131819999999,75.09753131707316,183.3012825030985,0.5010628464810201,14,64,,False,True,,180,87.6246207195492
70,2026-09-18T06:49:22.273+00:00,2026-09-18T06:50:43.975+00:00,2026-09-18T06:50:45.772+00:00,True,12,12.0,,12.0,81702.53284900001,83499.353841,83499.353803,6958.279483583334,46.346883999999996,81702.53284900001,23540.63890910275,37428.654404600005,163.34736290909092,345.390149695039,0.14371368696876954,14,64,,False,True,,43,87.6246207195492
71,2026-09-18T06:49:22.695+00:00,2026-09-18T06:50:45.750+00:00,2026-09-18T06:50:50.090+00:00,True,77,77.0,,77.0,83055.444627,87395.707027,87395.706945,1135.0091811038963,0.0,83055.444627,9458.554316201687,77.2472328,57.108715789473685,17.57345685670943,0.8810501410122084,14,64,,False,True,,250,87.6246207195492
72,2026-09-18T06:49:23.062+00:00,2026-09-18T06:50:46.974+00:00,2026-09-18T06:50:51.134+00:00,True,69,69.0,,69.0,83912.452125,88072.046877,88072.046817,1276.4064756086957,33.51551799999999,83912.452125,10094.51373519477,83.1798664,61.17051105882353,10.774563278520562,0.7834494876264688,14,64,,False,True,,144,87.6246207195492
73,2026-09-18T06:49:23.446+00:00,2026-09-18T06:50:48.326+00:00,2026-09-18T06:50:50.918+00:00,True,43,43.0,,43.0,84880.300836,87472.83305999999,87472.833208,2034.2519350697673,39.367287,84880.300836,12934.714651633534,79.97966040000001,61.72695771428572,9.489536088814198,0.49158119722160065,14,64,,False,True,,200,87.6246207195492
74,2026-09-18T06:49:23.973+00:00,2026-09-18T06:50:50.027+00:00,2026-09-18T06:50:54.100+00:00,True,67,67.0,,67.0,86054.366438,90127.17616599999,90127.175961,1345.1817307611939,31.812491,86054.366438,10505.679665601116,83.61137480000001,61.709238303030304,9.816097409256358,0.7433939778230332,14,64,,False,True,,321,87.6246207195492
75,2026-09-18T06:49:24.381+00:00,2026-09-18T06:50:51.707+00:00,2026-09-18T06:50:52.202+00:00,True,9,9.0,,9.0,87326.532446,87821.011806,87821.011701,9757.890189,56.725435,87326.532446,29088.241049130353,52423.1434692,61.80992,3.671662447011007,0.10248116953925954,14,64,,False,True,,37,87.6246207195492
76,2026-09-18T06:49:24.826+00:00,2026-09-18T06:50:53.387+00:00,2026-09-18T06:50:57.447+00:00,True,65,65.0,,65.0,88561.64320399999,92621.479108,92621.47914099999,1424.9458329384615,38.725089,88561.64320399999,10976.857608951777,92.65432019999999,63.434936,11.407476903812366,0.7017810622977382,14,64,,False,True,,260,87.6246207195492
77,2026-09-18T06:49:25.305+00:00,2026-09-18T06:50:54.900+00:00,2026-09-18T06:50:59.599+00:00,True,77,77.0,,77.0,89594.96203499999,94293.697395,94293.69741,1224.5934728571426,38.885168,89594.96203499999,10203.252390996646,74.99592120000001,61.825465263157895,9.684180063923618,0.8165975258923615,14,64,,False,True,,357,87.6246207195492
78,2026-09-18T06:49:25.766+00:00,2026-09-18T06:50:56.817+00:00,2026-09-18T06:51:02.704+00:00,True,96,96.0,,96.0,91050.85728499999,96938.26387699999,96938.26391899999,1009.7735824895832,39.164167,91050.85728499999,9286.517890766772,69.60215175,61.97270096842105,8.384454716981343,0.9903210162893931,14,64,,False,True,,502,87.6246207195492
79,2026-09-18T06:49:26.110+00:00,2026-09-18T06:50:58.005+00:00,2026-09-18T06:51:01.341+00:00,True,55,55.0,,55.0,91895.04380500001,95231.259101,95231.25912,1731.4774385454548,36.802982,91895.04380500001,12382.797966183247,76.96929229999999,61.78176474074074,9.315121167119809,0.5775414556019711,14,64,,False,True,,253,87.6246207195492
80,2026-09-18T06:49:26.552+00:00,2026-09-18T06:50:59.725+00:00,2026-09-18T06:51:05.174+00:00,True,89,89.0,,89.0,93172.881794,98622.204034,98622.203919,1108.114650775281,39.654796000000005,93172.881794,9869.744914849274,70.5349896,61.924116363636365,7.918410276809398,0.902433695046171,14,64,,True,True,,404,87.6246207195492
81,2026-09-18T06:49:26.932+00:00,2026-09-18T06:51:01.217+00:00,2026-09-18T06:51:02.836+00:00,True,27,27.0,,27.0,94285.609917,95904.477373,95904.477611,3552.017689296296,35.038565999999996,94285.609917,18133.292621424032,71.53236340000001,62.26413292307692,6.92758230492492,0.28153013018348727,14,64,,True,True,,125,87.6246207195492
82,2026-09-18T06:49:27.273+00:00,2026-09-18T06:51:02.578+00:00,2026-09-18T06:51:07.034+00:00,True,72,72.0,,72.0,95305.560012,99761.314252,99761.314195,1385.5738082638888,39.275567,95305.560012,11224.476014278891,92.64980795,62.757101971830984,9.600658381660931,0.7217226491034981,14,64,,True,True,,274,87.6246207195492
83,2026-09-18T06:49:27.565+00:00,2026-09-18T06:51:03.419+00:00,2026-09-18T06:51:08.723+00:00,True,87,87.0,,87.0,95853.41675,101157.879342,101157.879103,1162.7342425632185,33.948747000000004,95853.41675,10269.957621625666,86.9382677,61.67979758139535,10.622074547446301,0.8600417541955948,14,64,,True,True,,283,87.6246207195492
84,2026-09-18T06:49:28.026+00:00,2026-09-18T06:51:05.298+00:00,2026-09-18T06:51:10.232+00:00,True,80,80.0,,80.0,97271.993658,102205.85247400001,102205.852658,1277.573158225,37.515361,97271.993658,10868.363068662724,90.3920803,62.45390906329114,11.6093344304241,0.7827340417746731,14,64,,True,True,,361,87.6246207195492
85,2026-09-18T06:49:28.444+00:00,2026-09-18T06:51:07.030+00:00,2026-09-18T06:51:13.021+00:00,True,97,97.0,,97.0,98585.47692,104576.41068,104576.41059300001,1078.107325701031,39.128848,98585.47692,10003.508800128293,92.234755,62.40556,11.491601967011519,0.9275514369757484,14,64,,True,True,,405,87.6246207195492
86,2026-09-18T06:49:28.886+00:00,2026-09-18T06:51:08.438+00:00,2026-09-18T06:51:13.398+00:00,True,80,80.0,,80.0,99551.90763500001,104511.95729900002,104511.95718600001,1306.3994648250002,34.089107000000006,99551.90763500001,11123.227453979402,90.38286595000001,62.785438784810125,11.07245906706876,0.765462652001882,14,64,,True,True,,362,87.6246207195492
87,2026-09-18T06:49:29.314+00:00,2026-09-18T06:51:10.233+00:00,2026-09-18T06:51:14.272+00:00,True,65,65.0,,65.0,100919.014568,104958.423208,104958.423423,1614.7449757384616,35.640634,100919.014568,12509.63914690869,90.04134320000001,63.11576,10.702778569137992,0.6192928400914245,14,64,,True,True,,258,87.6246207195492
88,2026-09-18T06:49:29.812+00:00,2026-09-18T06:51:12.409+00:00,2026-09-18T06:51:18.416+00:00,True,95,95.0,,95.0,102596.686268,108603.95769200001,108603.95764000001,1143.1995541052631,39.000108,102596.686268,10519.644611637463,90.1682384,63.90714280851064,8.547265991854996,0.8747379194911042,14,64,,True,True,,295,87.6246207195492
89,2026-09-18T06:49:30.104+00:00,2026-09-18T06:51:13.521+00:00,2026-09-18T06:51:14.454+00:00,True,16,16.0,,16.0,103416.591912,104349.380392,104349.380456,6521.8362785,56.869135,103416.591912,25838.601653515892,25904.342085,62.18589866666667,2.893826912814899,0.15333104940244233,14,64,,True,True,,58,87.6246207195492
90,2026-09-18T06:49:30.399+00:00,2026-09-18T06:51:14.267+00:00,2026-09-18T06:51:15.775+00:00,True,25,25.0,,25.0,103867.63068999999,105375.33603399999,105375.33592999999,4215.013437199999,57.542094,103867.63068999999,20760.96213184825,67.40685719999999,62.821056,2.9743108634902597,0.2372471675149259,14,64,,True,True,,71,87.6246207195492
91,2026-09-18T06:49:30.798+00:00,2026-09-18T06:51:16.028+00:00,2026-09-18T06:51:19.083+00:00,True,47,47.0,,47.0,105229.782172,108284.65577200001,108284.65563800001,2303.928843361702,42.759031,105229.782172,15339.659359530784,93.81080159999999,66.41029565217391,12.540311072033312,0.43404118215014126,14,64,,True,True,,232,87.6246207195492
92,2026-09-18T06:49:31.112+00:00,2026-09-18T06:51:17.049+00:00,2026-09-18T06:51:21.866+00:00,True,76,76.0,,76.0,105936.580736,110754.150528,110754.15044,1457.2914531578947,34.189906,105936.580736,12144.396996128804,93.424135,64.23426389333333,12.117508628703348,0.6862045317280121,14,64,,True,True,,397,87.6246207195492
93,2026-09-18T06:49:31.501+00:00,2026-09-18T06:51:18.645+00:00,2026-09-18T06:51:19.417+00:00,True,12,12.0,,12.0,107144.211234,107916.254242,107916.254214,8993.0211845,55.649737,107144.211234,30909.612434926785,48268.369294799995,70.185728,15.882658648976172,0.11119733615929854,14,64,,True,True,,52,87.6246207195492
94,2026-09-18T06:49:31.898+00:00,2026-09-18T06:51:20.042+00:00,2026-09-18T06:51:22.736+00:00,True,44,44.0,,44.0,108144.198057,110838.745513,110838.745601,2519.062400022727,36.470532,108144.198057,16293.908643230625,91.05331665,62.663894325581396,11.976041229910077,0.39697309633335165,14,64,,True,True,,208,87.6246207195492
95,2026-09-18T06:49:32.287+00:00,2026-09-18T06:51:21.744+00:00,2026-09-18T06:51:27.754+00:00,True,96,96.0,,96.0,109457.26798899999,115467.95854899999,115467.95868699999,1202.7912363229166,38.045230000000004,109457.26798899999,11164.98397209541,91.40385599999999,63.27042694736842,11.489294204988296,0.8313994739870753,14,64,,True,True,,407,87.6246207195492
96,2026-09-18T06:49:32.600+00:00,2026-09-18T06:51:22.800+00:00,2026-09-18T06:51:25.244+00:00,True,40,40.0,,40.0,110200.641577,112644.095273,112644.095275,2816.102381875,35.506034,110200.641577,17414.3480497573,92.01542799999999,62.65265887179487,10.277847033170893,0.3551007259018549,14,64,,True,True,,169,87.6246207195492
97,2026-09-18T06:49:32.957+00:00,2026-09-18T06:51:24.333+00:00,2026-09-18T06:51:30.365+00:00,True,98,98.0,,98.0,111375.84930500001,117407.915353,117407.91524200002,1198.0399514489798,37.86674,111375.84930500001,11244.383609021126,89.36114845,62.186247917525776,11.29138061111138,0.8346967042669318,14,64,,True,True,,422,87.6246207195492
98,2026-09-18T06:49:33.465+00:00,2026-09-18T06:51:26.338+00:00,2026-09-18T06:51:26.495+00:00,True,4,4.0,,4.0,112872.667749,113030.122085,113030.122128,28257.530532,34.287557,112872.667749,56410.093182116885,95951.95418025,52.484778666666664,16.98212558832625,0.03538879659876818,14,64,,True,True,,9,87.6246207195492
99,2026-09-18T06:49:33.857+00:00,2026-09-18T06:51:28.165+00:00,2026-09-18T06:51:33.472+00:00,True,86,86.0,,86.0,114307.864276,119614.986196,119614.986045,1390.8719307558138,38.07779,114307.864276,12319.407613886893,93.87339374999999,62.436728470588235,12.568048389964881,0.7189734558768515,14,64,,True,True,,337,87.6246207195492
100,2026-09-18T06:49:34.257+00:00,2026-09-18T06:51:29.770+00:00,2026-09-18T06:51:33.760+00:00,True,64,64.0,,64.0,115512.26853,119502.69413,119502.69416500001,1867.2295963281251,36.340122,115512.26853,14431.121026878538,91.67872799999999,63.340088888888886,12.075274272412717,0.5355527795078673,14,64,,True,True,,341,87.6246207195492
101,2026-09-18T06:49:34.609+00:00,2026-09-18T06:51:31.282+00:00,2026-09-18T06:51:31.795+00:00,True,9,9.0,,9.0,116673.532074,117186.20381800001,117186.203725,13020.689302777779,57.021175,116673.532074,38869.81623322187,70032.351636,64.083968,4.151770102464318,0.07680084947523134,14,64,,True,True,,31,87.6246207195492
102,2026-09-18T06:49:35.162+00:00,2026-09-18T06:51:32.175+00:00,2026-09-18T06:51:35.771+00:00,True,57,57.0,,57.0,117012.654098,120608.672786,120608.672753,2115.941627245614,35.192655,117012.654098,15490.206957293403,96.25699799999998,64.21461942857142,15.622677117388955,0.47260282932668535,14,64,,True,True,,218,87.6246207195492
103,2026-09-18T06:49:35.467+00:00,2026-09-18T06:51:34.698+00:00,2026-09-18T06:51:39.966+00:00,True,86,86.0,,86.0,119230.218462,124498.45987,124498.45994300001,1447.6565109651162,36.260303,119230.218462,12850.246000839874,92.12522924999999,61.97931068235294,10.569301345331867,0.6907715974141392,14,64,,True,True,,411,87.6246207195492
104,2026-09-18T06:49:35.924+00:00,2026-09-18T06:51:36.753+00:00,2026-09-18T06:51:39.406+00:00,True,43,43.0,,43.0,120829.479609,123481.897145,123481.897171,2871.6720272325583,40.310106,120829.479609,18416.69551409412,93.46983650000001,63.152798476190476,11.21132501824042,0.348229181719704,14,64,,True,True,,155,87.6246207195492
105,2026-09-18T06:49:36.453+00:00,2026-09-18T06:51:39.089+00:00,2026-09-18T06:51:43.822+00:00,True,78,78.0,,78.0,122635.809814,127368.668438,127368.668635,1632.9316491666666,37.314731,122635.809814,13878.814845995685,73.63371230000001,61.46569641558442,9.726973226259561,0.6123955047702215,14,64,,True,True,,329,87.6246207195492
106,2026-09-18T06:49:36.859+00:00,2026-09-18T06:51:40.750+00:00,2026-09-18T06:51:41.865+00:00,True,20,20.0,,20.0,123891.233048,125006.218776,125006.218624,6250.3109312,38.914438000000004,123891.233048,27689.800885949604,6257.381444549999,58.683459368421055,7.696805675559614,0.1599920403627136,14,64,,True,True,,60,87.6246207195492
107,2026-09-18T06:49:37.276+00:00,2026-09-18T06:51:42.150+00:00,2026-09-18T06:51:46.656+00:00,True,75,75.0,,75.0,124874.301506,129379.802178,129379.802381,1725.0640317466666,36.185072,124874.301506,14412.214042544758,68.8535127,60.88514421621621,7.899899839306565,0.5796886278803813,14,64,,True,True,,290,87.6246207195492
108,2026-09-18T06:49:37.681+00:00,2026-09-18T06:51:43.821+00:00,2026-09-18T06:51:44.636+00:00,True,14,14.0,,14.0,126140.57848000001,126955.179696,126955.179912,9068.22713657143,55.991966,126140.57848000001,33695.74091626805,44197.385142800005,62.661632,4.570917092727308,0.11027513830883971,14,64,,True,True,,53,87.6246207195492
109,2026-09-18T06:49:38.216+00:00,2026-09-18T06:51:45.507+00:00,2026-09-18T06:51:50.740+00:00,True,88,88.0,,88.0,127290.767236,132523.352452,132523.352313,1505.947185375,37.069161,127290.767236,13562.833092364848,69.35283749999999,60.144657655172416,9.303384244904702,0.6640339107922405,14,64,,True,True,,436,87.6246207195492
110,2026-09-18T06:49:38.745+00:00,2026-09-18T06:51:47.729+00:00,2026-09-18T06:51:48.081+00:00,True,7,7.0,,7.0,128983.93084100001,129336.017881,129336.018074,18476.57401057143,39.133048,128983.93084100001,48729.1648719134,90308.3803061,58.681173333333334,9.886908626407077,0.05412258792783142,14,64,,True,True,,29,87.6246207195492
111,2026-09-18T06:49:39.157+00:00,2026-09-18T06:51:49.131+00:00,2026-09-18T06:51:53.318+00:00,True,68,68.0,,68.0,129974.129007,134160.670319,134160.670483,1972.9510365147057,36.342843,129974.129007,15754.104098723748,84.63231354999999,62.48569122388059,10.263723028680399,0.5068549511441265,14,64,,True,True,,346,87.6246207195492
112,2026-09-18T06:49:39.650+00:00,2026-09-18T06:51:50.798+00:00,2026-09-18T06:51:56.204+00:00,True,87,87.0,,87.0,131147.451071,136553.78271899998,136553.782633,1569.583708425287,33.454847,131147.451071,14053.747289417475,93.31961059999999,62.86432148837209,11.226005702851785,0.6371116073659299,14,64,,True,True,,434,87.6246207195492
113,2026-09-18T06:49:40.145+00:00,2026-09-18T06:51:52.621+00:00,2026-09-18T06:51:57.904+00:00,True,88,88.0,,88.0,132476.627634,137759.78078600002,137759.781026,1565.4520571136363,36.189593,132476.627634,14115.586697533434,73.35501514999999,60.725898298850574,10.87936630014387,0.6387931187020522,14,64,,True,True,,441,87.6246207195492
114,2026-09-18T06:49:40.642+00:00,2026-09-18T06:51:54.523+00:00,2026-09-18T06:51:55.908+00:00,True,24,24.0,,24.0,133881.024946,135266.420658,135266.42060299998,5636.100858458333,39.941775,133881.024946,27316.057400612193,95.09038824999999,60.23459617391305,12.992915276497053,0.1774276267772343,14,64,,True,True,,124,87.6246207195492
115,2026-09-18T06:49:41.077+00:00,2026-09-18T06:51:56.084+00:00,2026-09-18T06:51:57.652+00:00,True,28,28.0,,28.0,135006.7492,136574.55336,136574.553457,4877.662623464285,39.148286999999996,135006.7492,25502.906318696663,83.82583360000001,58.06682074074074,11.53031158187817,0.2050162296792885,14,64,,True,True,,107,87.6246207195492
116,2026-09-18T06:49:41.561+00:00,2026-09-18T06:51:58.194+00:00,2026-09-18T06:52:02.781+00:00,True,75,75.0,,75.0,136633.412428,141220.651596,141220.651557,1882.94202076,35.600544,136633.412428,15769.913381220404,90.00806859999999,61.98971848648649,11.092031438783968,0.5310837979600735,14,64,,True,True,,361,87.6246207195492
117,2026-09-18T06:49:41.906+00:00,2026-09-18T06:51:59.534+00:00,2026-09-18T06:52:00.907+00:00,True,23,23.0,,23.0,137628.085587,139000.870739,139000.870578,6043.516112086957,41.874682,137628.085587,28684.430213231244,94.95576989999999,62.399325090909095,10.245097431920643,0.16546658936537728,14,64,,True,True,,96,87.6246207195492
118,2026-09-18T06:49:42.424+00:00,2026-09-18T06:52:01.160+00:00,2026-09-18T06:52:06.535+00:00,True,87,87.0,,87.0,138735.985212,144111.139644,144111.139674,1656.4498813103448,37.490410000000004,138735.985212,14867.362697603392,93.544554,62.50179572093023,11.910815280409896,0.6037007285829357,14,64,,True,True,,472,87.6246207195492
119,2026-09-18T06:49:42.909+00:00,2026-09-18T06:52:03.100+00:00,2026-09-18T06:52:07.881+00:00,True,77,77.0,,77.0,140191.27854,144972.308684,144972.30889,1882.7572583116882,35.859083,140191.27854,15969.113814093125,92.22973180000001,62.908291368421054,11.32447684495645,0.5311359162241043,14,64,,True,True,,381,87.6246207195492
120,2026-09-18T06:49:43.214+00:00,2026-09-18T06:52:04.234+00:00,2026-09-18T06:52:05.372+00:00,True,19,19.0,,19.0,141020.41707,142158.042158,142158.042089,7482.002215210526,54.855737999999995,141020.41707,32337.803929890382,14183.1225018,63.201393777777774,7.630740635017344,0.13365406354487253,14,64,,True,True,,92,87.6246207195492
121,2026-09-18T06:49:43.686+00:00,2026-09-18T06:52:06.231+00:00,2026-09-18T06:52:09.131+00:00,True,47,47.0,,47.0,142545.345109,145444.89864499998,145444.898666,3094.5723120425528,38.323468999999996,142545.345109,20783.184207433544,96.19054750000001,63.03377252173913,11.43200831909025,0.3231464316580604,14,64,,True,True,,287,87.6246207195492
122,2026-09-18T06:49:44.035+00:00,2026-09-18T06:52:07.283+00:00,2026-09-18T06:52:10.250+00:00,True,50,50.0,,50.0,143248.45934099998,146214.64788499998,146214.64803399998,2924.2929606799994,36.776342,143248.45934099998,20249.832359163964,74.72456385,60.53446008163265,8.688966914419554,0.3419630024983937,14,64,,True,True,,277,87.6246207195492
123,2026-09-18T06:49:44.492+00:00,2026-09-18T06:52:09.255+00:00,2026-09-18T06:52:10.185+00:00,True,17,17.0,,17.0,144762.88787099998,145693.28940699997,145693.28937699998,8570.193492764705,41.160663,144762.88787099998,35096.05499503203,29005.2662278,58.150096,8.533463997234293,0.11668347985822343,14,64,,True,True,,94,87.6246207195492
124,2026-09-18T06:49:44.827+00:00,2026-09-18T06:52:10.552+00:00,2026-09-18T06:52:16.191+00:00,True,91,91.0,,91.0,145725.030812,151364.628892,151364.628781,1663.3475690219782,33.551798000000005,145725.030812,15269.569020411382,87.84959599999998,62.66220088888889,10.819658773040096,0.6011972590038145,14,64,,True,True,,299,87.6246207195492
125,2026-09-18T06:49:45.259+00:00,2026-09-18T06:52:12.228+00:00,2026-09-18T06:52:14.016+00:00,True,29,29.0,,29.0,146968.81014500002,148756.59049700003,148756.59054200002,5129.537604896553,36.003502,146968.81014500002,27279.569355543004,91.30212360000002,63.84929828571428,12.966452353780976,0.1949493457944295,14,64,,True,True,,126,87.6246207195492
126,2026-09-18T06:49:45.633+00:00,2026-09-18T06:52:13.678+00:00,2026-09-18T06:52:18.511+00:00,True,78,78.0,,78.0,148045.753391,152877.92132700002,152877.921225,1959.9733490384617,34.559285,148045.753391,16755.779370149245,92.4844534,62.755427740259734,12.175553244991562,0.510211018850531,14,64,,True,True,,307,87.6246207195492
127,2026-09-18T06:49:46.034+00:00,2026-09-18T06:52:15.226+00:00,2026-09-18T06:52:20.992+00:00,True,92,92.0,,92.0,149191.41233899997,154958.11672299998,154958.11679099998,1684.3273564239128,35.037534,149191.41233899997,15547.678489152755,93.3223366,63.37037784615385,12.963126477555297,0.5937088159406154,14,64,,True,True,,417,87.6246207195492
128,2026-09-18T06:49:46.425+00:00,2026-09-18T06:52:16.935+00:00,2026-09-18T06:52:20.032+00:00,True,49,49.0,,49.0,150510.20932300002,153607.215915,153607.21596000003,3134.8411420408165,33.287398,150510.20932300002,21492.24612050808,95.7775296,64.52097066666667,14.707516404211395,0.31899543070368913,14,64,,True,True,,219,87.6246207195492
129,2026-09-18T06:49:46.739+00:00,2026-09-18T06:52:18.169+00:00,2026-09-18T06:52:21.193+00:00,True,48,48.0,,48.0,151429.85211399998,154454.09505799998,154454.095216,3217.793650333333,36.361393,151429.85211399998,21847.732655854423,93.34642375,64.34559455319149,12.804807827050844,0.3107719480145556,14,64,,True,True,,179,87.6246207195492
130,2026-09-18T06:49:47.221+00:00,2026-09-18T06:52:19.972+00:00,2026-09-18T06:52:24.398+00:00,True,70,70.0,,70.0,152751.55200999998,157177.079818,157177.07986099998,2245.3868551571427,40.390364999999996,152751.55200999998,18249.63968505942,91.6032694,64.13808417391304,10.791127665442689,0.4453575551922397,14,64,,True,True,,321,87.6246207195492
131,2026-09-18T06:49:47.755+00:00,2026-09-18T06:52:21.840+00:00,2026-09-18T06:52:23.701+00:00,True,30,30.0,,30.0,154085.53670300002,155946.75859100002,155946.758464,5198.225282133334,35.509464,154085.53670300002,28120.326378087288,93.89135379999999,64.18006510344829,12.277801480480633,0.19237334761590458,14,64,,True,True,,141,87.6246207195492
132,2026-09-18T06:49:48.049+00:00,2026-09-18T06:52:22.979+00:00,2026-09-18T06:52:27.558+00:00,True,73,73.0,,73.0,154929.736944,159509.382128,159509.38205800002,2185.060028191781,40.819974,154929.736944,18125.7125710469,90.95880659999999,63.606183111111115,10.440022165075952,0.45765333064496716,14,64,,True,True,,261,87.6246207195492
133,2026-09-18T06:49:48.774+00:00,2026-09-18T06:52:23.697+00:00,2026-09-18T06:52:28.061+00:00,True,70,70.0,,70.0,154923.654742,159287.43458200002,159287.43446800002,2275.534778114286,36.153973,154923.654742,18509.362026339,85.6186306,63.24318608695652,9.8666421637189,0.4394571372418238,14,64,,True,True,,349,87.6246207195492
134,2026-09-18T06:49:48.894+00:00,2026-09-18T06:52:24.805+00:00,2026-09-18T06:52:25.194+00:00,True,7,7.0,,7.0,155911.119599,156300.633583,156300.633583,22328.66194042857,57.128684,155911.119599,58904.327299804485,109159.5025148,64.91899733333334,5.5629695213290775,0.044785487042077826,14,64,,True,True,,28,87.6246207195492
135,2026-09-18T06:49:49.299+00:00,2026-09-18T06:52:27.683+00:00,2026-09-18T06:52:31.853+00:00,True,68,68.0,,68.0,158383.354593,162553.723361,162553.723399,2390.4959323382354,36.843531999999996,158383.354593,19199.257924608955,84.52808875,62.24430997014925,11.177656308384776,0.4183232385823935,14,64,,True,True,,332,87.6246207195492
136,2026-09-18T06:49:49.713+00:00,2026-09-18T06:52:29.356+00:00,2026-09-18T06:52:30.754+00:00,True,24,24.0,,24.0,159643.23106700002,161041.378907,161041.37876000002,6710.057448333334,41.686102,159643.23106700002,32574.630310050703,70.09625395,60.789036521739135,7.0765950248521285,0.1490300205008788,14,64,,True,True,,111,87.6246207195492
137,2026-09-18T06:49:50.157+00:00,2026-09-18T06:52:30.941+00:00,2026-09-18T06:52:32.197+00:00,True,20,20.0,,20.0,160783.391382,162039.919254,162039.91919000002,8101.9959595,35.555284,160783.391382,35937.474134510085,8134.9018025,66.13304589473684,14.190054340085656,0.12342637599473065,14,64,,True,True,,82,87.6246207195492
138,2026-09-18T06:49:50.599+00:00,2026-09-18T06:52:32.590+00:00,2026-09-18T06:52:34.470+00:00,True,30,30.0,,30.0,161991.32931200002,163870.97910400003,163870.97916800002,5462.365972266667,36.002563,161991.32931200002,29563.605231082744,106.4544186,64.81551006896552,15.27281118027467,0.18307085344843535,14,64,,True,True,,109,87.6246207195492
139,2026-09-18T06:49:51.020+00:00,2026-09-18T06:52:34.598+00:00,2026-09-18T06:52:35.552+00:00,True,16,16.0,,16.0,163577.31825799998,164531.285618,164531.28556,10283.2053475,35.094494,163577.31825799998,40878.43364267287,40968.42471649999,63.597824,17.592551617434204,0.09724594286066633,14,64,,True,True,,84,87.6246207195492
140,2026-09-18T06:49:51.403+00:00,2026-09-18T06:52:36.254+00:00,2026-09-18T06:52:37.666+00:00,True,22,22.0,,22.0,164850.65957699998,166263.01874499998,166263.01867499997,7557.409939772727,38.478508999999995,164850.65957699998,35131.94541743584,116.62823835,67.25519847619047,20.25285509319219,0.13232046528483715,14,64,,True,True,,100,87.6246207195492
141,2026-09-18T06:49:51.754+00:00,2026-09-18T06:52:37.426+00:00,2026-09-18T06:52:38.279+00:00,True,14,14.0,,14.0,165672.32209,166525.247018,166525.24695,11894.66049642857,43.151709000000004,165672.32209,44260.25896621931,58063.87192974999,65.60960984615384,17.838752720454018,0.08407133603282821,14,64,,True,True,,49,87.6246207195492
142,2026-09-18T06:49:52.085+00:00,2026-09-18T06:52:38.529+00:00,2026-09-18T06:52:39.548+00:00,True,17,17.0,,17.0,166444.010625,167463.10566499998,167463.105726,9850.770925058823,40.276574999999994,166444.010625,40353.155461741924,33359.0930506,63.69344,10.333775688671913,0.10151489746050389,14,64,,True,True,,70,87.6246207195492
143,2026-09-18T06:49:52.483+00:00,2026-09-18T06:52:40.173+00:00,2026-09-18T06:52:43.110+00:00,True,47,47.0,,47.0,167690.375974,170627.065894,170627.065721,3630.3631004468084,39.757206,167690.375974,24450.84482296054,91.1755532,63.8410852173913,9.315686059362154,0.27545454030838334,14,64,,True,True,,220,87.6246207195492
144,2026-09-18T06:49:52.982+00:00,2026-09-18T06:52:42.234+00:00,2026-09-18T06:52:43.884+00:00,True,27,27.0,,27.0,169252.509583,170902.34868700002,170902.348608,6329.716615111111,39.284307,169252.509583,32560.450165339123,92.47788419999999,63.455350153846155,10.066774378515126,0.15798495577991903,14,64,,True,True,,100,87.6246207195492
145,2026-09-18T06:49:53.436+00:00,2026-09-18T06:52:43.988+00:00,2026-09-18T06:52:47.068+00:00,True,50,50.0,,50.0,170552.036842,173631.89681,173631.896822,3472.63793644,40.878254,170552.036842,24110.814658289615,95.31927169999999,62.85428506122449,12.623838466325916,0.28796552314758994,14,64,,True,True,,262,87.6246207195492
146,2026-09-18T06:49:53.975+00:00,2026-09-18T06:52:45.840+00:00,2026-09-18T06:52:45.964+00:00,True,3,3.0,,3.0,171864.988805,171989.469317,171989.469383,57329.82312766667,61.530496,171864.988805,99190.36310576976,154684.78493270001,62.240256,1.0039332373659118,0.017442928406683968,14,64,,True,True,,10,87.6246207195492
147,2026-09-18T06:49:54.421+00:00,2026-09-18T06:52:47.814+00:00,2026-09-18T06:52:49.553+00:00,True,29,29.0,,29.0,173392.716449,175132.423841,175132.424022,6039.049104206896,36.247012999999995,173392.716449,32186.682687279466,81.5215398,62.13240685714286,9.201756728035786,0.1655889832617668,14,64,,True,True,,98,87.6246207195492
148,2026-09-18T06:49:54.876+00:00,2026-09-18T06:52:49.365+00:00,2026-09-18T06:52:53.304+00:00,True,63,63.0,,63.0,174489.003614,178427.447134,178427.447257,2832.1817024920633,35.071995,174489.003614,21975.54847286398,95.00632379999999,63.52328258064516,12.602772852938001,0.35308469079135935,14,64,,True,True,,182,87.6246207195492
149,2026-09-18T06:49:55.307+00:00,2026-09-18T06:52:50.995+00:00,2026-09-18T06:52:53.878+00:00,True,45,45.0,,45.0,175688.372993,178571.461889,178571.462098,3968.254713288889,42.932,175688.372993,26180.31177519161,96.8865308,65.52474763636363,13.304931599700032,0.251999952982252,14,64,,True,True,,225,87.6246207195492
150,2026-09-18T06:49:55.820+00:00,2026-09-18T06:52:53.298+00:00,2026-09-18T06:52:59.449+00:00,True,95,95.0,,95.0,177477.691799,183628.790679,183628.790549,1932.9346373578946,34.106846,177477.691799,18202.11810373971,95.6303785,65.43722212765958,13.351334357245864,0.517348067526452,14,64,,True,True,,440,87.6246207195492
151,2026-09-18T06:49:56.233+00:00,2026-09-18T06:52:54.747+00:00,2026-09-18T06:52:57.050+00:00,True,36,36.0,,36.0,178513.999373,180817.609997,180817.610031,5022.71138975,39.067896999999995,178513.999373,29741.36688673262,100.01030525,65.8174464,14.068791699835364,0.19909565224646694,14,64,,True,True,,160,87.6246207195492
152,2026-09-18T06:49:56.540+00:00,2026-09-18T06:52:56.047+00:00,2026-09-18T06:52:58.917+00:00,True,46,46.0,,46.0,179507.048972,182377.48557999998,182377.48559999999,3964.7279478260866,38.800857,179507.048972,26457.46844251403,95.82086824999999,63.78748017777777,12.633865647720421,0.2522241155683774,14,64,,True,True,,193,87.6246207195492
153,2026-09-18T06:49:56.927+00:00,2026-09-18T06:52:57.311+00:00,2026-09-18T06:52:59.674+00:00,True,38,38.0,,38.0,180383.714696,182746.941064,182746.941121,4809.1300295,38.684358,180383.714696,29251.74405893918,94.2886627,63.87098291891892,12.868278755854478,0.20793781706415526,14,64,,True,True,,189,87.6246207195492
154,2026-09-18T06:49:57.245+00:00,2026-09-18T06:52:58.640+00:00,2026-09-18T06:52:59.607+00:00,True,16,16.0,,16.0,181395.662718,182362.82739000002,182362.827231,11397.6767019375,38.827928,181395.662718,45332.798607126395,45426.043818,64.4776448,15.064521713337253,0.08773717883734332,14,64,,True,True,,77,87.6246207195492
155,2026-09-18T06:49:57.696+00:00,2026-09-18T06:53:00.107+00:00,2026-09-18T06:53:04.413+00:00,True,71,71.0,,71.0,182410.82303099998,186717.01387899998,186717.01368699997,2629.817094183098,37.468830000000004,182410.82303099998,21640.882088027643,69.32073050000001,61.51701211428571,6.3244573287244075,0.3802545816526972,14,64,,True,True,,281,87.6246207195492
156,2026-09-18T06:49:58.093+00:00,2026-09-18T06:53:01.796+00:00,2026-09-18T06:53:03.495+00:00,True,29,29.0,,29.0,183703.12944800002,185402.52887200002,185402.528973,6393.19065424138,41.820602,183703.12944800002,34101.54508943669,70.0467408,60.69283657142857,7.135663520000445,0.1564164209433265,14,64,,True,True,,96,87.6246207195492
157,2026-09-18T06:49:58.614+00:00,2026-09-18T06:53:03.930+00:00,2026-09-18T06:53:05.779+00:00,True,32,32.0,,32.0,185315.972263,187165.031591,187165.031689,5848.90724028125,40.478294,185315.972263,32749.001935374825,72.69956795,59.64707509677419,8.170798352008367,0.1709721080267151,14,64,,True,True,,143,87.6246207195492
158,2026-09-18T06:49:58.951+00:00,2026-09-18T06:53:05.161+00:00,2026-09-18T06:53:09.378+00:00,True,72,72.0,,72.0,186210.136865,190427.82825700002,190427.828065,2644.8309453472225,34.991335,186210.136865,21938.076930037543,67.90844659999999,59.40410411267605,10.934672996167949,0.3780959991983384,14,64,,True,True,,319,87.6246207195492
159,2026-09-18T06:49:59.349+00:00,2026-09-18T06:53:06.493+00:00,2026-09-18T06:53:09.436+00:00,True,50,50.0,,50.0,187144.68303000001,190087.13627800002,190087.136383,3801.74272766,37.012620999999996,187144.68303000001,26457.76485325788,79.45832455,60.05006628571429,11.215611073625784,0.263037262694492,14,64,,True,True,,197,87.6246207195492
160,2026-09-18T06:49:59.818+00:00,2026-09-18T06:53:08.372+00:00,2026-09-18T06:53:13.213+00:00,True,80,80.0,,80.0,188553.323647,193395.066239,193395.066403,2417.4383300375002,37.21357,188553.323647,21074.052678099048,72.2975211,61.287880911392406,10.161479463570636,0.4136610181209846,14,64,,True,True,,247,87.6246207195492
161,2026-09-18T06:50:00.332+00:00,2026-09-18T06:53:10.546+00:00,2026-09-18T06:53:12.237+00:00,True,29,29.0,,29.0,190213.863383,191905.491159,191905.491094,6617.43072737931,36.616512,190213.863383,35310.60969827752,67.6672588,60.415277714285715,7.873243591259246,0.15111605105646794,14,64,,True,True,,100,87.6246207195492
162,2026-09-18T06:50:00.865+00:00,2026-09-18T06:53:12.455+00:00,2026-09-18T06:53:18.207+00:00,True,91,91.0,,91.0,191590.083211,197342.90548299998,197342.90559399998,2168.6033581758243,38.308498,191590.083211,20077.40122940104,94.41686399999999,63.920247466666666,12.716659842659196,0.4611262805585841,14,64,,True,True,,221,87.6246207195492
163,2026-09-18T06:50:01.277+00:00,2026-09-18T06:53:13.872+00:00,2026-09-18T06:53:15.112+00:00,True,20,20.0,,20.0,192595.079984,193834.54648000002,193834.546589,9691.727329450001,40.129766000000004,192595.079984,43050.98451576764,9718.687037,65.2350787368421,14.850298020327362,0.10318078156446489,14,64,,True,True,,61,87.6246207195492
164,2026-09-18T06:50:01.599+00:00,2026-09-18T06:53:15.173+00:00,2026-09-18T06:53:18.397+00:00,True,51,51.0,,51.0,193573.82183899998,196798.41447899997,196798.41464499998,3858.7924440196075,37.68441000000001,193573.82183899998,27096.729273408862,97.5970825,64.4918528,13.278758152746343,0.25914842929510556,14,64,,True,True,,226,87.6246207195492
166,2026-09-18T06:50:02.681+00:00,2026-09-18T06:53:17.495+00:00,2026-09-18T06:53:18.398+00:00,True,14,14.0,,14.0,194814.407355,195717.407931,195717.407918,13979.814851285715,56.611745,194814.407355,52047.77763133365,68246.03043235,69.46158276923077,13.296695267094842,0.07153170557488524,14,64,,True,True,,55,87.6246207195492
165,2026-09-18T06:50:02.577+00:00,2026-09-18T06:53:17.772+00:00,2026-09-18T06:53:20.332+00:00,True,42,42.0,,42.0,195194.241438,197754.397086,197754.396996,4708.438023714286,37.47639100000001,195194.241438,30109.49245414053,93.61496665,62.44282068292683,11.766450038602464,0.21238465803485987,14,64,,True,True,,179,87.6246207195492
167,2026-09-18T06:50:02.855+00:00,2026-09-18T06:53:20.031+00:00,2026-09-18T06:53:22.683+00:00,True,44,44.0,,44.0,197175.81436000002,199827.600088,199827.600196,4541.5363680909095,34.905985,197175.81436000002,29716.078673208758,95.50255505000001,61.669435534883725,14.036157081380717,0.22018980351374534,14,64,,True,True,,227,87.6246207195492
168,2026-09-18T06:50:03.250+00:00,2026-09-18T06:53:21.928+00:00,2026-09-18T06:53:22.952+00:00,True,17,17.0,,17.0,198677.69333500002,199702.044823,199702.04476100003,11747.179103588236,47.584261,198677.69333500002,48170.89288130012,39816.840683,64.021968,14.172613267269897,0.08512681988342907,14,64,,True,True,,74,87.6246207195492
169,2026-09-18T06:50:03.660+00:00,2026-09-18T06:53:23.642+00:00,2026-09-18T06:53:24.319+00:00,True,12,12.0,,12.0,199982.096459,200659.014219,200659.014274,16721.58452283333,34.834394999999994,199982.096459,57712.0962101273,90044.62430459999,61.53797818181818,16.26585218119878,0.059802945044388364,14,64,,True,True,,50,87.6246207195492
170,2026-09-18T06:50:04.086+00:00,2026-09-18T06:53:25.545+00:00,2026-09-18T06:53:31.521+00:00,True,97,97.0,,97.0,201458.92418,207434.792596,207434.792647,2138.5030169793813,35.838883,201458.92418,20448.736923514523,90.48352360000001,62.248629333333334,10.572119402137597,0.4676168292988206,14,64,,True,True,,463,87.6246207195492
171,2026-09-18T06:50:04.602+00:00,2026-09-18T06:53:27.373+00:00,2026-09-18T06:53:31.858+00:00,True,74,74.0,,74.0,202771.679045,207256.614213,207256.614037,2800.765054554054,36.169212,202771.679045,23564.589111695586,78.36733235,61.43746805479452,10.203743601031764,0.357045300006442,14,64,,True,True,,353,87.6246207195492
172,2026-09-18T06:50:04.929+00:00,2026-09-18T06:53:28.386+00:00,2026-09-18T06:53:31.203+00:00,True,47,47.0,,47.0,203457.64766699998,206274.35499499997,206274.35507499997,4388.816065425532,41.007063,203457.64766699998,29668.417933362147,87.055784,61.232768,9.862649846522507,0.22785188202934517,14,64,,True,True,,222,87.6246207195492
173,2026-09-18T06:50:05.423+00:00,2026-09-18T06:53:30.270+00:00,2026-09-18T06:53:34.884+00:00,True,75,75.0,,75.0,204847.09198899998,209461.08930099997,209461.08917999998,2792.8145223999995,35.077835,204847.09198899998,23646.507479723125,89.64580279999998,62.35131502702703,10.834846456333295,0.35806172998662983,14,64,,True,True,,316,87.6246207195492
174,2026-09-18T06:50:05.807+00:00,2026-09-18T06:53:32.170+00:00,2026-09-18T06:53:36.145+00:00,True,64,64.0,,64.0,206363.432718,210338.282766,210338.282923,3286.535670671875,33.110988,206363.432718,25787.545395016077,88.6425075,63.0928579047619,12.355208322663874,0.3042717624123593,14,64,,True,True,,244,87.6246207195492
175,2026-09-18T06:50:06.249+00:00,2026-09-18T06:53:33.812+00:00,2026-09-18T06:53:38.073+00:00,True,68,68.0,,68.0,207562.873498,211824.208794,211824.208737,3115.0618931911763,36.299282,207562.873498,25162.985732494704,91.36617620000001,63.60201934328358,12.340904467350983,0.3210209087391437,14,64,,True,True,,322,87.6246207195492
176,2026-09-18T06:50:06.716+00:00,2026-09-18T06:53:35.464+00:00,2026-09-18T06:53:36.599+00:00,True,19,19.0,,19.0,208747.615733,209882.98034100002,209882.980302,11046.472647473685,36.341352,208747.615733,47875.519716247545,20959.6307849,63.07581155555555,16.975147926766653,0.0905266352189702,14,64,,True,True,,67,87.6246207195492
177,2026-09-18T06:50:07.196+00:00,2026-09-18T06:53:37.405+00:00,2026-09-18T06:53:41.233+00:00,True,63,63.0,,63.0,210209.011572,214037.22328399998,214037.22339,3397.416244285714,40.065784,210209.011572,26476.068178683192,74.65459779999999,61.74535019354839,8.261927191575335,0.29434132546378194,14,64,,True,True,,258,87.6246207195492
178,2026-09-18T06:50:07.734+00:00,2026-09-18T06:53:39.807+00:00,2026-09-18T06:53:43.495+00:00,True,61,61.0,,61.0,212072.219867,215761.085915,215761.085907,3537.066982081967,37.88033,212072.219867,27145.195606286215,87.69353599999998,61.4811008,10.773740405009455,0.2827201195308741,14,64,,True,True,,270,87.6246207195492
179,2026-09-18T06:50:08.035+00:00,2026-09-18T06:53:40.635+00:00,2026-09-18T06:53:45.390+00:00,True,77,77.0,,77.0,212599.227017,217354.454153,217354.454204,2822.7851195324674,31.784431,212599.227017,24220.802799762034,91.15062239999999,62.568778105263156,11.529740513235906,0.3542600509387225,14,64,,True,True,,436,87.6246207195492
180,2026-09-18T06:50:08.353+00:00,2026-09-18T06:53:41.672+00:00,2026-09-18T06:53:43.365+00:00,True,29,29.0,,29.0,213319.375714,215012.288866,215012.288732,7414.216852827586,37.018691,213319.375714,39601.187929699816,92.11989160000002,60.461184,11.732451918706342,0.1348760117523952,14,64,,True,True,,89,87.6246207195492
181,2026-09-18T06:50:08.839+00:00,2026-09-18T06:53:43.620+00:00,2026-09-18T06:53:46.193+00:00,True,42,42.0,,42.0,214781.03076300002,217354.27210700003,217354.272196,5175.101718952381,37.83582,214781.03076300002,33131.749601075484,90.8191227,62.761984,9.857847274989808,0.19323291690040523,14,64,,True,True,,171,87.6246207195492
182,2026-09-18T06:50:09.167+00:00,2026-09-18T06:53:45.042+00:00,2026-09-18T06:53:49.461+00:00,True,69,69.0,,69.0,215875.21131,220294.686766,220294.68673500002,3192.676619347826,0.02014,215875.21131,25980.509556778146,94.523405,64.99228611764705,25.401283258552745,0.313216814317872,14,64,,True,True,,312,87.6246207195492
183,2026-09-18T06:50:09.535+00:00,2026-09-18T06:53:46.323+00:00,2026-09-18T06:53:50.349+00:00,True,63,63.0,,63.0,216787.783968,220813.895712,220813.895677,3504.982471063492,0.01743,216787.783968,27304.524025814186,93.8658751,64.93728619354839,25.64329150906921,0.2853081315234289,14,64,,True,True,,274,87.6246207195492
184,2026-09-18T06:50:09.966+00:00,2026-09-18T06:53:48.048+00:00,2026-09-18T06:53:51.078+00:00,True,49,49.0,,49.0,218082.656089,221112.17084099998,221112.17074,4512.493280408164,0.019940000000000003,218082.656089,31145.661619278126,89.9587838,63.11489066666667,28.62083297446076,0.22160697809455052,14,64,,True,True,,216,87.6246207195492
185,2026-09-18T06:50:10.496+00:00,2026-09-18T06:53:50.351+00:00,2026-09-18T06:53:55.615+00:00,True,86,86.0,,86.0,219855.057066,225118.324394,225118.32445400002,2617.654935511628,36.217453,219855.057066,23700.906671134944,91.67092075000001,61.92079209411765,12.496558243792895,0.3820213224823209,14,64,,True,True,,356,87.6246207195492
186,2026-09-18T06:50:10.799+00:00,2026-09-18T06:53:51.180+00:00,2026-09-18T06:53:54.935+00:00,True,61,61.0,,61.0,220381.56061500002,224136.74320700002,224136.74311200003,3674.3728379016397,36.864470999999995,220381.56061500002,28208.957047909033,95.02718300000001,62.58637653333333,13.11122135912687,0.2721552884511392,14,64,,True,True,,258,87.6246207195492
187,2026-09-18T06:50:11.216+00:00,2026-09-18T06:53:52.906+00:00,2026-09-18T06:53:56.998+00:00,True,67,67.0,,67.0,221690.431741,225782.654205,225782.654121,3369.8903600149256,40.240865,221690.431741,27076.22347752379,76.79297089999999,62.00337066666666,9.171537191612645,0.2967455592898078,14,64,,True,True,,257,87.6246207195492
188,2026-09-18T06:50:11.658+00:00,2026-09-18T06:53:54.738+00:00,2026-09-18T06:53:57.685+00:00,True,48,48.0,,48.0,223080.216338,226026.622482,226026.622352,4708.887965666667,36.172112,223080.216338,32189.808006012143,68.096347,62.68949242553192,6.862948756790328,0.21236436430767158,14,64,,True,True,,258,87.6246207195492
189,2026-09-18T06:50:12.177+00:00,2026-09-18T06:53:56.559+00:00,2026-09-18T06:54:02.330+00:00,True,93,93.0,,93.0,224382.45144499998,230153.73106099997,230153.73093999998,2474.771300430107,33.660557,224382.45144499998,23260.873261056906,76.3162506,62.73130017391305,9.364079997019614,0.4040777421737789,14,64,,True,True,,387,87.6246207195492
190,2026-09-18T06:50:12.604+00:00,2026-09-18T06:53:58.085+00:00,2026-09-18T06:53:59.975+00:00,True,32,32.0,,32.0,225480.620107,227370.349387,227370.349348,7105.323417125,38.203478000000004,225480.620107,39848.944141378866,85.08049605000001,60.959009032258066,10.727554006439801,0.14073954711453512,14,64,,True,True,,141,87.6246207195492
191,2026-09-18T06:50:13.027+00:00,2026-09-18T06:53:59.852+00:00,2026-09-18T06:54:00.965+00:00,True,18,18.0,,18.0,226825.10600799997,227938.28027999998,227938.28029399997,12663.23779411111,56.168165,226825.10600799997,53447.75680263498,34103.3810271,65.48083952941177,8.145479925821176,0.07896874530196837,14,64,,True,True,,97,87.6246207195492
192,2026-09-18T06:50:13.450+00:00,2026-09-18T06:54:01.697+00:00,2026-09-18T06:54:04.618+00:00,True,48,48.0,,48.0,228246.81122499998,231167.697241,231167.69747699998,4815.9936974375,39.702386,228246.81122499998,32935.620894607164,87.3632098,62.146510978723406,10.03400389757512,0.20764146795976607,14,64,,True,True,,241,87.6246207195492
193,2026-09-18T06:50:13.830+00:00,2026-09-18T06:54:03.052+00:00,2026-09-18T06:54:08.232+00:00,True,84,84.0,,84.0,229222.197419,234402.092971,234402.093061,2790.5011078690477,37.875440000000005,229222.197419,25003.385520356565,92.98102435000001,62.40838014457832,11.636103573620643,0.3583585749398253,14,64,,True,True,,303,87.6246207195492
194,2026-09-18T06:50:14.211+00:00,2026-09-18T06:54:04.304+00:00,2026-09-18T06:54:08.781+00:00,True,71,71.0,,71.0,230093.362427,234570.44965899998,234570.44973499997,3303.809151197183,34.271275,230093.362427,27299.47114714864,95.7479855,63.958389028571425,13.706107690124774,0.30268092209915703,14,64,,True,True,,276,87.6246207195492
195,2026-09-18T06:50:14.720+00:00,2026-09-18T06:54:06.066+00:00,2026-09-18T06:54:08.785+00:00,True,42,42.0,,42.0,231346.076929,234064.725249,234064.725258,5572.969649,41.299682999999995,231346.076929,35687.246493639424,106.44221085,66.3084956097561,15.877711295334421,0.179437546410806,14,64,,True,True,,216,87.6246207195492
196,2026-09-18T06:50:15.246+00:00,2026-09-18T06:54:08.233+00:00,2026-09-18T06:54:13.577+00:00,True,86,86.0,,86.0,232987.18828099998,238331.24613699998,238331.24631599998,2771.293561813953,36.336932,232987.18828099998,25116.878205003788,90.34380575000002,62.87126889411765,12.664507267445519,0.3608423209039263,14,64,,True,True,,331,87.6246207195492
197,2026-09-18T06:50:15.705+00:00,2026-09-18T06:54:09.958+00:00,2026-09-18T06:54:15.847+00:00,True,96,96.0,,96.0,234253.634928,240142.41803200002,240142.418073,2501.48352159375,35.344854,234253.634928,23902.08789637948,91.69220525,61.98719056842105,11.915981251135014,0.39976277738324256,14,64,,True,True,,469,87.6246207195492
198,2026-09-18T06:50:16.175+00:00,2026-09-18T06:54:11.814+00:00,2026-09-18T06:54:16.307+00:00,True,75,75.0,,75.0,235639.47120899998,240132.07204099998,240132.07194899998,3201.7609593199995,36.552052,235639.47120899998,27202.29380234614,73.10375529999999,60.71082205405405,9.560180680104708,0.31232812577902774,14,64,,True,True,,379,87.6246207195492
201,2026-09-18T06:50:17.354+00:00,2026-09-18T06:54:14.984+00:00,2026-09-18T06:54:18.242+00:00,True,52,52.0,,52.0,237629.928281,240888.131673,240888.131491,4632.464067134615,33.883256,237629.928281,32944.485223925716,100.72411165000001,63.88634101960784,13.47883887657955,0.21586783723570402,14,64,,True,True,,208,87.6246207195492
199,2026-09-18T06:50:17.226+00:00,2026-09-18T06:54:15.045+00:00,2026-09-18T06:54:20.580+00:00,True,87,87.0,,87.0,237819.031471,243354.167983,243354.167869,2797.174343321839,39.515876,237819.031471,25489.978489286455,92.53701860000001,64.36205246511628,11.031087918786518,0.3575036364533422,14,64,,True,True,,390,87.6246207195492
200,2026-09-18T06:50:17.333+00:00,2026-09-18T06:54:15.168+00:00,2026-09-18T06:54:17.402+00:00,True,36,36.0,,36.0,237834.36927000002,240068.07525400002,240068.07518800002,6668.557644111112,36.417201999999996,237834.36927000002,39628.42743729122,101.753027,63.820170971428574,14.528598384106822,0.14995746503116167,14,64,,True,True,,145,87.6246207195492
202,2026-09-18T06:50:17.751+00:00,2026-09-18T06:54:18.315+00:00,2026-09-18T06:54:23.736+00:00,True,87,87.0,,87.0,240564.233546,245985.214538,245985.214598,2827.4162597471263,36.454582,240564.233546,25784.43687458455,85.3976224,63.03466269767441,9.898849592941014,0.3536797939803011,14,64,,True,True,,411,87.6246207195492
203,2026-09-18T06:50:18.089+00:00,2026-09-18T06:54:19.594+00:00,2026-09-18T06:54:21.631+00:00,True,33,33.0,,33.0,241505.093766,243541.888134,243541.888303,7380.05722130303,40.426085,241505.093766,42029.56156041236,85.7968054,63.649824,9.07610228828912,0.13550030449728204,14,64,,True,True,,121,87.6246207195492
204,2026-09-18T06:50:18.520+00:00,2026-09-18T06:54:21.491+00:00,2026-09-18T06:54:23.190+00:00,True,28,28.0,,28.0,242971.37329,244669.94532199999,244669.94522999998,8738.212329642856,35.679014,242971.37329,45905.38602995956,95.13606135,62.91007525925926,11.491578099932866,0.11443988334223217,14,64,,True,True,,87,87.6246207195492
205,2026-09-18T06:50:18.845+00:00,2026-09-18T06:54:22.845+00:00,2026-09-18T06:54:23.417+00:00,True,11,11.0,,11.0,244000.519724,244572.301612,244572.30156400002,22233.845596727275,38.042868999999996,244000.519724,73551.68558725335,122034.30638800001,57.178188799999994,10.53273026176464,0.04497647496260992,14,64,,True,True,,53,87.6246207195492
206,2026-09-18T06:50:19.276+00:00,2026-09-18T06:54:24.565+00:00,2026-09-18T06:54:28.696+00:00,True,65,65.0,,65.0,245288.429891,249419.69824300002,249419.698366,3837.2261287076926,38.581848,245288.429891,30416.281241964774,95.33011379999999,64.551068,12.47294872669674,0.2606049179671166,14,64,,True,True,,280,87.6246207195492
207,2026-09-18T06:50:19.651+00:00,2026-09-18T06:54:25.875+00:00,2026-09-18T06:54:31.896+00:00,True,96,96.0,,96.0,246223.95186899998,252244.97740499998,252244.97734699998,2627.551847364583,34.440456,246223.95186899998,25123.661326717956,93.80567624999999,63.37921616842105,12.517227990815408,0.3805824044054765,14,64,,True,True,,382,87.6246207195492
208,2026-09-18T06:50:20.048+00:00,2026-09-18T06:54:27.359+00:00,2026-09-18T06:54:31.533+00:00,True,66,66.0,,66.0,247311.62096200002,251485.108834,251485.108879,3810.3804375606064,35.333504,247311.62096200002,30434.055337371272,93.63696475,64.20750572307692,12.615213288117843,0.26244098629141976,14,64,,True,True,,259,87.6246207195492
209,2026-09-18T06:50:20.456+00:00,2026-09-18T06:54:28.970+00:00,2026-09-18T06:54:34.702+00:00,True,93,93.0,,93.0,248514.519878,254245.89114199998,254245.89133699998,2733.8267885698924,34.794265,248514.519878,25763.297016752887,83.10550660000001,62.29751373913044,9.44631705875228,0.36578762229851797,14,64,,True,True,,406,87.6246207195492
210,2026-09-18T06:50:20.968+00:00,2026-09-18T06:54:31.017+00:00,2026-09-18T06:54:31.394+00:00,True,7,7.0,,7.0,250048.872702,250425.470718,250425.470787,35775.067255285714,60.194466999999996,250048.872702,94485.86695596443,175053.3976614,62.766336,1.351646622618205,0.027952428241145588,14,64,,True,True,,14,87.6246207195492
211,2026-09-18T06:50:21.333+00:00,2026-09-18T06:54:32.015+00:00,2026-09-18T06:54:32.763+00:00,True,13,13.0,,13.0,250682.148106,251429.55700200002,251429.556947,19340.735149769233,43.009789,250682.148106,69509.44489209486,100329.1837054,62.28407466666666,12.39320243629337,0.051704342778985966,14,64,,True,True,,44,87.6246207195492
212,2026-09-18T06:50:21.846+00:00,2026-09-18T06:54:33.962+00:00,2026-09-18T06:54:39.547+00:00,True,90,90.0,,90.0,252116.14775600002,257701.77566,257701.77557800003,2863.353061977778,36.278012000000004,252116.14775600002,26568.762535470418,92.43420334999999,62.75986408988764,11.847948747544445,0.34924089975515693,14,64,,True,True,,382,87.6246207195492
213,2026-09-18T06:50:22.378+00:00,2026-09-18T06:54:36.193+00:00,2026-09-18T06:54:41.889+00:00,True,91,91.0,,91.0,253814.55977300002,259510.37263700002,259510.37274800002,2851.76233789011,37.381620000000005,253814.55977300002,26600.36407109707,96.5468995,63.2868096,12.483261854115366,0.3506603573310331,14,64,,True,True,,420,87.6246207195492
214,2026-09-18T06:50:22.898+00:00,2026-09-18T06:54:38.148+00:00,2026-09-18T06:54:42.075+00:00,True,64,64.0,,64.0,255249.847271,259176.52861500002,259176.528589,4049.633259203125,36.91983999999999,255249.847271,31898.441195903008,89.11652285,62.3282753015873,9.255284020081392,0.24693594108234368,14,64,,True,True,,269,87.6246207195492
215,2026-09-18T06:50:23.198+00:00,2026-09-18T06:54:39.543+00:00,2026-09-18T06:54:43.019+00:00,True,57,57.0,,57.0,256344.63459200002,259821.259744,259821.25960400002,4558.267712350877,37.42779,256344.63459200002,33945.454486697025,74.5620978,62.082592,9.178953798110552,0.21938158584929376,14,64,,True,True,,286,87.6246207195492
216,2026-09-18T06:50:23.585+00:00,2026-09-18T06:54:40.642+00:00,2026-09-18T06:54:43.271+00:00,True,44,44.0,,44.0,257057.308567,259686.358167,259686.358026,5901.962682409091,34.180456,257057.308567,38743.6304955106,67.32424809999999,61.140688372093024,5.84611886871756,0.16943516136378767,14,64,,True,True,,200,87.6246207195492
217,2026-09-18T06:50:23.905+00:00,2026-09-18T06:54:41.825+00:00,2026-09-18T06:54:44.256+00:00,True,41,41.0,,41.0,257919.496044,260351.066732,260351.066673,6350.026016414634,42.827040000000004,257919.496044,40270.764804846964,71.007177,60.789267200000005,6.626461918341407,0.15747966971921246,14,64,,True,True,,175,87.6246207195492
218,2026-09-18T06:50:24.217+00:00,2026-09-18T06:54:42.957+00:00,2026-09-18T06:54:45.925+00:00,True,49,49.0,,49.0,258739.854041,261708.673497,261708.673604,5340.9933388571435,40.013545,258739.854041,36954.0013630425,72.9267396,61.850405333333335,7.981469161946281,0.18723108923083395,14,64,,True,True,,214,87.6246207195492
219,2026-09-18T06:50:24.513+00:00,2026-09-18T06:54:43.964+00:00,2026-09-18T06:54:44.865+00:00,True,16,16.0,,16.0,259451.38023100002,260352.33434300002,260352.33442400003,16272.020901500002,40.621394,259451.38023100002,64847.82970463773,64915.81560550001,60.06360746666667,8.74309341544093,0.061455181649805644,14,64,,True,True,,92,87.6246207195492
220,2026-09-18T06:50:24.854+00:00,2026-09-18T06:54:45.170+00:00,2026-09-18T06:54:47.116+00:00,True,33,33.0,,33.0,260316.525292,262262.06206,262262.06202,7947.335212727273,36.164583,260316.525292,45304.70835087059,87.428358,60.798024,11.43824026248369,0.1258283403279667,14,64,,True,True,,139,87.6246207195492
221,2026-09-18T06:50:25.337+00:00,2026-09-18T06:54:46.843+00:00,2026-09-18T06:54:49.673+00:00,True,48,48.0,,48.0,261506.142312,264336.334952,264336.334973,5507.006978604167,35.122803999999995,261506.142312,37736.47024563497,82.32651484999998,60.21686468085107,10.341300710669092,0.1815868409037152,14,64,,True,True,,195,87.6246207195492
222,2026-09-18T06:50:25.751+00:00,2026-09-18T06:54:48.251+00:00,2026-09-18T06:54:52.904+00:00,True,79,79.0,,79.0,262500.426499,267153.503235,267153.503217,3381.6899141392405,34.580245000000005,262500.426499,29526.89559008958,72.4430229,59.65482994871795,10.65721689443223,0.29571014058725675,14,64,,True,True,,194,87.6246207195492
223,2026-09-18T06:50:26.182+00:00,2026-09-18T06:54:49.860+00:00,2026-09-18T06:54:53.827+00:00,True,67,67.0,,67.0,263677.694263,267645.142839,267645.142665,3994.7036218656713,36.96642,263677.694263,32206.015202537976,84.66397490000001,60.11285721212121,10.726836131687241,0.25033146235836373,14,64,,True,True,,283,87.6246207195492
224,2026-09-18T06:50:26.555+00:00,2026-09-18T06:54:51.480+00:00,2026-09-18T06:54:57.590+00:00,True,100,100.0,,100.0,264925.066588,271034.636892,271034.63676799997,2710.3463676799997,36.195692,264925.066588,26486.337545885734,90.71748645,61.71283135353536,10.776294662612274,0.3689565331823154,14,64,,True,True,,425,87.6246207195492
225,2026-09-18T06:50:26.924+00:00,2026-09-18T06:54:52.789+00:00,2026-09-18T06:54:55.055+00:00,True,39,39.0,,39.0,265864.30359900004,268130.865647,268130.86579500005,6875.150405000001,36.248822,265864.30359900004,42562.80962224895,67.82184899999999,59.646369684210526,7.169543997644489,0.14545136348213014,14,64,,True,True,,138,87.6246207195492
226,2026-09-18T06:50:27.227+00:00,2026-09-18T06:54:53.829+00:00,2026-09-18T06:54:55.989+00:00,True,37,37.0,,37.0,266601.74243,268762.100318,268762.10026499996,7263.840547702703,40.114915,266601.74243,43819.19208094956,76.1516332,60.00994133333334,10.335129946169225,0.13766822017026026,14,64,,True,True,,189,87.6246207195492
227,2026-09-18T06:50:27.576+00:00,2026-09-18T06:54:55.056+00:00,2026-09-18T06:54:55.056+00:00,True,1,1.0,,1.0,267480.694595,267480.694595,267480.694595,267480.694595,267480.694595,267480.694595,nan,267480.694595,nan,nan,0.003738587569895943,14,64,,True,True,,3,87.6246207195492
228,2026-09-18T06:50:28.066+00:00,2026-09-18T06:54:56.987+00:00,2026-09-18T06:54:57.994+00:00,True,16,16.0,,16.0,268920.87171499996,269928.54377899994,269928.54363599996,16870.533977249997,41.645812,268920.87171499996,67213.42517049686,67308.70193674999,67.1781376,15.983495410888377,0.059274946532145066,14,64,,True,True,,66,87.6246207195492
229,2026-09-18T06:50:28.502+00:00,2026-09-18T06:54:58.826+00:00,2026-09-18T06:54:59.429+00:00,True,11,11.0,,11.0,270324.229109,270927.096053,270927.096209,24629.736019,41.859911,270324.229109,81487.64532123717,135200.7056625,60.2866944,10.91256336293071,0.040601328402560845,14,64,,True,True,,38,87.6246207195492
230,2026-09-18T06:50:28.906+00:00,2026-09-18T06:55:00.497+00:00,2026-09-18T06:55:05.679+00:00,True,82,82.0,,82.0,271591.4931,276773.625836,276773.62586800003,3375.2881203414636,37.63138,271591.4931,29985.20006897538,91.91996525,63.976947358024695,11.262436977584619,0.2962710039741592,14,64,,True,True,,324,87.6246207195492
231,2026-09-18T06:50:29.236+00:00,2026-09-18T06:55:01.621+00:00,2026-09-18T06:55:07.821+00:00,True,100,100.0,,100.0,272385.009361,278585.50728099997,278585.50708899996,2785.8550708899998,34.902594,272385.009361,27232.240065433565,90.62217625,62.63129212121213,11.14696358469097,0.3589562177013512,14,64,,True,True,,382,87.6246207195492
232,2026-09-18T06:50:29.623+00:00,2026-09-18T06:55:02.963+00:00,2026-09-18T06:55:09.087+00:00,True,97,97.0,,97.0,273340.26839700004,279464.244077,279464.243987,2881.074680278351,33.870076999999995,273340.26839700004,27747.02536414844,94.40224059999998,63.79141333333334,13.123960287182696,0.34709270347040844,14,64,,True,True,,482,87.6246207195492
233,2026-09-18T06:50:30.050+00:00,2026-09-18T06:55:04.250+00:00,2026-09-18T06:55:08.194+00:00,True,63,63.0,,63.0,274200.28175,278144.630422,278144.63037,4414.994132857143,40.839533,274200.28175,34537.97515330999,93.58028039999998,63.618526967741936,11.861634395862017,0.2265008672086052,14,64,,True,True,,309,87.6246207195492
234,2026-09-18T06:50:30.586+00:00,2026-09-18T06:55:06.869+00:00,2026-09-18T06:55:07.502+00:00,True,12,12.0,,12.0,276282.86713599996,276915.910336,276915.91025799996,23076.32585483333,34.666655,276282.86713599996,79739.3812998151,124364.83336134999,57.54938181818182,9.519561692329555,0.04333445480051913,14,64,,True,True,,72,87.6246207195492
235,2026-09-18T06:50:31.022+00:00,2026-09-18T06:55:08.577+00:00,2026-09-18T06:55:11.599+00:00,True,51,51.0,,51.0,277555.19279500004,280576.79586700007,280576.79586700007,5501.505801313726,34.687205,277555.19279500004,38857.04035165462,83.4811035,60.43206144,11.48692101707163,0.18176841688710135,14,64,,True,True,,154,87.6246207195492
236,2026-09-18T06:50:31.414+00:00,2026-09-18T06:55:10.067+00:00,2026-09-18T06:55:10.951+00:00,True,16,16.0,,16.0,278652.498175,279536.15283100004,279536.152787,17471.0095491875,39.347916,278652.498175,69648.39752056389,69713.06707,58.9103104,9.09033884717274,0.05723767690855059,14,64,,True,True,,67,87.6246207195492
237,2026-09-18T06:50:31.951+00:00,2026-09-18T06:55:11.947+00:00,2026-09-18T06:55:16.762+00:00,True,79,79.0,,79.0,279995.356579,284810.970531,284810.970466,3605.2021577974683,37.53599,279995.356579,31494.994428785954,80.4753225,61.73864041025641,10.621869289412118,0.2773769558550109,14,64,,True,True,,340,87.6246207195492
238,2026-09-18T06:50:32.435+00:00,2026-09-18T06:55:13.105+00:00,2026-09-18T06:55:13.955+00:00,True,15,15.0,,15.0,280669.16194,281519.65819600003,281519.658184,18767.97721226667,37.940307999999995,280669.16194,72452.78190719013,84263.06467010001,60.749732571428574,14.89280930543153,0.05328224713016907,14,64,,True,True,,70,87.6246207195492
239,2026-09-18T06:50:32.740+00:00,2026-09-18T06:55:14.204+00:00,2026-09-18T06:55:19.522+00:00,True,87,87.0,,87.0,281463.964909,286782.23204499995,286782.232003,3296.347494287356,36.857781,281463.964909,30169.476206615796,77.7716609,61.84031553488372,10.175102125403292,0.30336607459819387,14,64,,True,True,,250,87.6246207195492
240,2026-09-18T06:50:33.036+00:00,2026-09-18T06:55:15.368+00:00,2026-09-18T06:55:19.137+00:00,True,63,63.0,,63.0,282331.456453,286100.433605,286100.433593,4541.276723698413,36.524051,282331.456453,35562.76244872443,69.82563239999999,60.789954064516124,9.361529694221174,0.220202392587003,14,64,,True,True,,242,87.6246207195492
241,2026-09-18T06:50:33.335+00:00,2026-09-18T06:55:17.089+00:00,2026-09-18T06:55:17.089+00:00,True,1,1.0,,1.0,283754.695824,283754.695824,283754.695824,283754.695824,283754.695824,283754.695824,nan,283754.695824,nan,nan,0.003524170752826075,14,64,,True,True,,3,87.6246207195492
242,2026-09-18T06:50:33.750+00:00,2026-09-18T06:55:18.272+00:00,2026-09-18T06:55:19.302+00:00,True,18,18.0,,18.0,284521.38522299996,285551.806215,285551.80619,15863.989232777776,39.843855000000005,284521.38522299996,67048.04760496134,42744.20342734999,60.612999529411766,9.22803598152,0.06303584711506707,14,64,,True,True,,70,87.6246207195492
244,2026-09-18T06:50:34.839+00:00,2026-09-18T06:55:19.517+00:00,2026-09-18T06:55:20.905+00:00,True,23,23.0,,23.0,284677.38906699995,286065.53652299993,286065.53664299997,12437.632027956519,39.768605,284677.38906699995,59346.18291207895,92.21565989999999,63.09761163636363,9.31714666626501,0.08040115660052877,14,64,,True,True,,90,87.6246207195492
243,2026-09-18T06:50:34.829+00:00,2026-09-18T06:55:19.648+00:00,2026-09-18T06:55:22.781+00:00,True,52,52.0,,52.0,284819.205921,287951.913761,287951.913804,5537.536803923077,38.925647,284819.205921,39488.800069040946,72.06572619999999,61.42564392156862,8.609183285632113,0.18058570724819004,14,64,,True,True,,190,87.6246207195492
245,2026-09-18T06:50:35.194+00:00,2026-09-18T06:55:23.499+00:00,2026-09-18T06:55:27.109+00:00,True,60,60.0,,60.0,288304.983149,291914.945389,291914.94544599997,4865.249090766666,35.931353,288304.983149,37212.11574145012,87.42952369999999,61.1858006779661,10.711988737935341,0.20553932214757006,14,64,,True,True,,322,87.6246207195492
246,2026-09-18T06:50:35.575+00:00,2026-09-18T06:55:25.416+00:00,2026-09-18T06:55:26.812+00:00,True,23,23.0,,23.0,289841.255395,291236.974307,291236.97428699996,12662.477142913043,35.233334,289841.255395,60422.85201615489,88.9745881,63.44176872727272,11.256958913824038,0.07897348904523072,14,64,,True,True,,105,87.6246207195492
247,2026-09-18T06:50:36.016+00:00,2026-09-18T06:55:27.107+00:00,2026-09-18T06:55:28.241+00:00,True,19,19.0,,19.0,291091.23208600003,292224.799062,292224.79893900006,15380.252575736844,38.850977,291091.23208600003,66766.46202020174,29202.393868000003,62.975943111111114,12.233715020173202,0.06501843806886785,14,64,,True,True,,67,87.6246207195492
248,2026-09-18T06:50:36.350+00:00,2026-09-18T06:55:28.471+00:00,2026-09-18T06:55:33.920+00:00,True,89,89.0,,89.0,292121.670131,297570.894067,297570.894019,3343.493191224719,36.425672,292121.670131,30958.273280666963,92.0595396,61.922999272727274,11.194951095046678,0.29908839128587983,14,64,,True,True,,444,87.6246207195492
249,2026-09-18T06:50:36.761+00:00,2026-09-18T06:55:30.222+00:00,2026-09-18T06:55:32.818+00:00,True,42,42.0,,42.0,293460.91749699996,296056.71218499995,296056.71207799995,7048.969335190475,38.526978,293460.91749699996,45272.2341129646,89.45804844999999,63.31206556097561,8.195083517828815,0.14186471129137931,14,64,,True,True,,109,87.6246207195492
250,2026-09-18T06:50:37.263+00:00,2026-09-18T06:55:31.817+00:00,2026-09-18T06:55:32.596+00:00,True,13,13.0,,13.0,294553.739491,295333.485283,295333.48548800003,22717.960422153847,52.828961,294553.739491,81676.48731528403,117879.1708324,64.978816,10.79350637554414,0.04401803604336602,14,64,,True,True,,64,87.6246207195492
251,2026-09-18T06:50:37.645+00:00,2026-09-18T06:55:33.107+00:00,2026-09-18T06:55:36.554+00:00,True,54,54.0,,54.0,295461.871486,298909.17055800004,298909.170438,5535.355008111112,36.91689100000001,295461.871486,40198.41847893206,93.8880343,65.04337871698114,12.091495409354021,0.1806568861677728,14,64,,True,True,,284,87.6246207195492
252,2026-09-18T06:50:38.017+00:00,2026-09-18T06:55:34.388+00:00,2026-09-18T06:55:34.703+00:00,True,6,6.0,,6.0,296370.23144,296685.27016,296685.270149,49447.545024833336,61.334855000000005,296370.23144,120966.9175346784,222293.986272,63.007744,1.5351961950135233,0.02022345092078298,14,64,,True,True,,35,87.6246207195492
253,2026-09-18T06:50:38.544+00:00,2026-09-18T06:55:36.747+00:00,2026-09-18T06:55:38.585+00:00,False,31,30.0,,30.0,298203.41534500004,300040.9838570001,300040.9840480001,9678.741420903227,0.024730000000000002,298203.41534500004,53547.915291596546,91.96903750000001,61.252283733333336,15.067506219511579,0.09998634058038565,14,64,,True,False,Request timeout: 300.0s exceeded,139,87.6246207195492
254,2026-09-18T06:50:38.901+00:00,2026-09-18T06:55:38.212+00:00,2026-09-18T06:55:38.951+00:00,False,14,13.0,,13.0,299310.621727,300049.909791,300049.90965,21432.13640357143,0.03612,299310.621727,79978.93164157089,104807.35248945,56.86831261538462,17.925059541696356,0.043326125340464726,14,64,,True,False,Request timeout: 300.0s exceeded,72,87.6246207195492
255,2026-09-18T06:50:39.272+00:00,2026-09-18T06:55:39.348+00:00,2026-09-18T06:55:39.348+00:00,False,1,0.0,,0.0,300076.833778,300076.833778,300076.833778,300076.833778,300076.833778,300076.833778,nan,300076.833778,nan,nan,0.0,14,64,,True,False,"HTTPConnectionPool(host='gpu03', port=9002): Read timed out.",0,87.6246207195492
256,2026-09-18T06:50:39.592+00:00,2026-09-18T06:55:39.673+00:00,2026-09-18T06:55:39.673+00:00,False,1,0.0,,0.0,300080.675222,300080.675222,300080.675222,300080.675222,300080.675222,300080.675222,nan,300080.675222,nan,nan,0.0,14,64,,True,False,TTFT timeout: 300.0s exceeded (TTFT: 300.076s),0,87.6246207195492
257,2026-09-18T06:50:40.121+00:00,2026-09-18T06:55:40.055+00:00,2026-09-18T06:55:40.159+00:00,False,3,2.0,,2.0,299934.47699299996,300037.866177,300037.86594799993,100012.62198266665,0.029059,299934.47699299996,173137.41291931973,269951.3652833,51.694592,73.0659206991394,0.0066658253022641775,14,64,,True,False,Request timeout: 300.0s exceeded,2,87.6246207195492
258,2026-09-18T06:50:40.617+00:00,2026-09-18T06:55:40.611+00:00,2026-09-18T06:55:40.670+00:00,False,3,2.0,,2.0,299993.421409,300052.675169,300052.675227,100017.558409,0.060058999999999994,299993.421409,173184.1800256152,269999.998644,29.62688,41.81365641888784,0.006665496312850839,14,64,,True,False,Request timeout: 300.0s exceeded,6,87.6246207195492
259,2026-09-18T06:50:41.013+00:00,2026-09-18T06:55:41.125+00:00,2026-09-18T06:55:41.125+00:00,False,1,0.0,,0.0,300111.25706800004,300111.25706800004,300111.25706800004,300111.25706800004,300111.25706800004,300111.25706800004,nan,300111.25706800004,nan,nan,0.0,14,64,,True,False,"HTTPConnectionPool(host='gpu03', port=9002): Read timed out.",0,87.6246207195492
260,2026-09-18T06:50:41.417+00:00,2026-09-18T06:55:41.410+00:00,2026-09-18T06:55:41.500+00:00,False,3,2.0,,2.0,299993.076719,300083.021551,300083.02142,100027.67380666667,0.04251,299993.076719,173175.1246285373,270002.7592662,44.972416,63.540502220338176,0.006664822253731186,14,64,,True,False,Request timeout: 300.0s exceeded,6,87.6246207195492
261,2026-09-18T06:50:41.859+00:00,2026-09-18T06:55:41.835+00:00,2026-09-18T06:55:41.895+00:00,False,3,2.0,,2.0,299976.18157899997,300035.96474699996,300035.96464599995,100011.98821533332,0.036029000000000005,299976.18157899997,173174.07387376885,269984.53812489996,29.891584,42.22203604086719,0.006665867545867258,14,64,,True,False,Request timeout: 300.0s exceeded,7,87.6246207195492
262,2026-09-18T06:50:42.155+00:00,2026-09-18T06:55:42.274+00:00,2026-09-18T06:55:42.274+00:00,False,1,0.0,,0.0,300118.99362300005,300118.99362300005,300118.99362300005,300118.99362300005,300118.99362300005,300118.99362300005,nan,300118.99362300005,nan,nan,0.0,14,64,,True,False,"HTTPConnectionPool(host='gpu03', port=9002): Read timed out.",0,87.6246207195492
263,2026-09-18T06:50:42.578+00:00,2026-09-18T06:55:42.623+00:00,2026-09-18T06:55:42.623+00:00,False,1,0.0,,0.0,300044.70088099997,300044.70088099997,300044.70088099997,300044.70088099997,300044.70088099997,300044.70088099997,nan,300044.70088099997,nan,nan,0.0,14,64,,True,False,TTFT timeout: 300.0s exceeded (TTFT: 300.035s),0,87.6246207195492
264,2026-09-18T06:50:43.056+00:00,2026-09-18T06:55:42.892+00:00,2026-09-18T06:55:43.143+00:00,False,5,4.0,,4.0,299835.88757099997,300086.370259,300086.37020199996,60017.27404039999,0.023149999999999997,299835.88757099997,134062.68552721446,239886.5637954,62.620672,42.26275440451084,0.013329495759996233,14,64,,True,False,Request timeout: 300.0s exceeded,20,87.6246207195492
265,2026-09-18T06:50:43.443+00:00,2026-09-18T06:55:43.561+00:00,2026-09-18T06:55:43.561+00:00,False,1,0.0,,0.0,300118.30002200004,300118.30002200004,300118.30002200004,300118.30002200004,300118.30002200004,300118.30002200004,nan,300118.30002200004,nan,nan,0.0,14,64,,True,False,"HTTPConnectionPool(host='gpu03', port=9002): Read timed out.",0,87.6246207195492
266,2026-09-18T06:50:43.933+00:00,2026-09-18T06:55:44.000+00:00,2026-09-18T06:55:44.000+00:00,False,1,0.0,,0.0,300067.113276,300067.113276,300067.113276,300067.113276,300067.113276,300067.113276,nan,300067.113276,nan,nan,0.0,14,64,,True,False,"HTTPConnectionPool(host='gpu03', port=9002): Read timed out.",0,87.6246207195492
267,2026-09-18T06:50:44.447+00:00,2026-09-18T06:55:44.357+00:00,2026-09-18T06:55:44.494+00:00,False,4,3.0,,3.0,299910.006957,300047.094189,300047.094399,75011.77359975,0.041589,299910.006957,149932.15905344687,254934.0413838,45.695744,39.57487358805817,0.009998430440090503,14,64,,True,False,Request timeout: 300.0s exceeded,11,87.6246207195492
268,2026-09-18T06:50:44.913+00:00,2026-09-18T06:55:44.878+00:00,2026-09-18T06:55:45.855+00:00,False,18,17.0,,17.0,299964.661222,300941.74896600004,300941.74907900003,16718.986059944447,0.03625,299964.661222,70688.80474021926,45071.738652800006,57.47574964705882,21.982976174762825,0.056489337416327154,14,64,,True,False,Request timeout: 300.0s exceeded,45,87.6246207195492
269,2026-09-18T06:50:45.369+00:00,2026-09-18T06:55:45.696+00:00,2026-09-18T06:55:45.908+00:00,False,6,5.0,,5.0,300326.553042,300538.385362,300538.38525399996,50089.73087566666,0.02177,300326.553042,122590.50784019062,225260.870489,42.366464,24.80472840964448,0.016636809950174834,14,64,,True,False,Request timeout: 300.0s exceeded,9,87.6246207195492
270,2026-09-18T06:50:45.783+00:00,2026-09-18T06:55:45.820+00:00,2026-09-18T06:55:45.908+00:00,False,4,3.0,,3.0,300036.660246,300125.077526,300125.07739,75031.2693475,0.0688,300036.660246,150003.59547946294,255038.82436620002,29.472426666666667,26.386025340962387,0.009995832486674188,14,64,,True,False,Request timeout: 300.0s exceeded,10,87.6246207195492
271,2026-09-18T06:50:46.178+00:00,2026-09-18T06:55:46.712+00:00,2026-09-18T06:55:46.712+00:00,False,1,0.0,,0.0,300533.879633,300533.879633,300533.879633,300533.879633,300533.879633,300533.879633,nan,300533.879633,nan,nan,0.0,14,64,,True,False,"HTTPConnectionPool(host='gpu03', port=9002): Read timed out.",0,87.6246207195492
272,2026-09-18T06:50:46.683+00:00,2026-09-18T06:55:46.773+00:00,2026-09-18T06:55:46.773+00:00,False,1,0.0,,0.0,300090.044012,300090.044012,300090.044012,300090.044012,300090.044012,300090.044012,nan,300090.044012,nan,nan,0.0,14,64,,True,False,"HTTPConnectionPool(host='gpu03', port=9002): Read timed out.",0,87.6246207195492
273,2026-09-18T06:50:47.014+00:00,2026-09-18T06:55:47.106+00:00,2026-09-18T06:55:47.106+00:00,False,1,0.0,,0.0,300091.807821,300091.807821,300091.807821,300091.807821,300091.807821,300091.807821,nan,300091.807821,nan,nan,0.0,14,64,,True,False,TTFT timeout: 300.0s exceeded (TTFT: 300.084s),0,87.6246207195492
274,2026-09-18T06:50:47.335+00:00,2026-09-18T06:55:47.288+00:00,2026-09-18T06:55:47.408+00:00,False,4,3.0,,3.0,299952.485674,300072.517674,300072.517789,75018.12944725,0.02101,299952.485674,149956.24015346757,254968.78489465002,40.010666666666665,34.650885754664415,0.009997583328371352,14,64,,True,False,Request timeout: 300.0s exceeded,6,87.6246207195492
275,2026-09-18T06:50:47.849+00:00,2026-09-18T06:55:47.593+00:00,2026-09-18T06:55:47.855+00:00,True,6,6.0,,6.0,299743.32838300004,300005.964159,300005.96400100004,50000.99400016668,40.269205,299743.32838300004,122348.25767755212,224822.73804125004,52.5271552,11.000902773895023,0.01999960239730455,14,64,,True,True,,16,87.6246207195492
276,2026-09-18T06:50:48.147+00:00,2026-09-18T06:55:48.171+00:00,2026-09-18T06:55:48.171+00:00,False,1,0.0,,0.0,300023.433861,300023.433861,300023.433861,300023.433861,300023.433861,300023.433861,nan,300023.433861,nan,nan,0.0,14,64,,True,False,"HTTPConnectionPool(host='gpu03', port=9002): Read timed out.",0,87.6246207195492
277,2026-09-18T06:50:48.534+00:00,2026-09-18T06:55:48.556+00:00,2026-09-18T06:55:48.556+00:00,False,1,0.0,,0.0,300022.024753,300022.024753,300022.024753,300022.024753,300022.024753,300022.024753,nan,300022.024753,nan,nan,0.0,14,64,,True,False,TTFT timeout: 300.0s exceeded (TTFT: 300.017s),0,87.6246207195492
278,2026-09-18T06:50:49.064+00:00,2026-09-18T06:55:48.888+00:00,2026-09-18T06:55:49.105+00:00,False,5,4.0,,4.0,299824.61737,300041.666458,300041.666563,60008.3333126,0.019780000000000002,299824.61737,134061.38236911784,239877.32959900002,54.262272,38.065749883018775,0.013331481747918908,14,64,,True,False,Request timeout: 300.0s exceeded,16,87.6246207195492
279,2026-09-18T06:50:49.541+00:00,2026-09-18T06:55:49.625+00:00,2026-09-18T06:55:49.625+00:00,False,1,0.0,,0.0,300084.390681,300084.390681,300084.390681,300084.390681,300084.390681,300084.390681,nan,300084.390681,nan,nan,0.0,14,64,,True,False,"HTTPConnectionPool(host='gpu03', port=9002): Read timed out.",0,87.6246207195492
280,2026-09-18T06:50:49.885+00:00,2026-09-18T06:55:50.010+00:00,2026-09-18T06:55:50.010+00:00,False,1,0.0,,0.0,300124.819046,300124.819046,300124.819046,300124.819046,300124.819046,300124.819046,nan,300124.819046,nan,nan,0.0,14,64,,True,False,"HTTPConnectionPool(host='gpu03', port=9002): Read timed out.",0,87.6246207195492
281,2026-09-18T06:50:50.366+00:00,2026-09-18T06:55:50.235+00:00,2026-09-18T06:55:50.454+00:00,False,5,4.0,,4.0,299868.864824,300087.794488,300087.794334,60017.5588668,0.02234,299868.864824,134080.95988408188,239910.21292279998,54.732416,36.52400543589928,0.01332943249766179,14,64,,True,False,Request timeout: 300.0s exceeded,25,87.6246207195492
282,2026-09-18T06:50:50.816+00:00,2026-09-18T06:55:50.903+00:00,2026-09-18T06:55:50.903+00:00,False,1,0.0,,0.0,300086.614204,300086.614204,300086.614204,300086.614204,300086.614204,300086.614204,nan,300086.614204,nan,nan,0.0,14,64,,True,False,"HTTPConnectionPool(host='gpu03', port=9002): Read timed out.",0,87.6246207195492
283,2026-09-18T06:50:51.178+00:00,2026-09-18T06:55:51.257+00:00,2026-09-18T06:55:51.257+00:00,False,1,0.0,,0.0,300079.293738,300079.293738,300079.293738,300079.293738,300079.293738,300079.293738,nan,300079.293738,nan,nan,0.0,14,64,,True,False,"HTTPConnectionPool(host='gpu03', port=9002): Read timed out.",0,87.6246207195492
284,2026-09-18T06:50:51.506+00:00,2026-09-18T06:55:51.457+00:00,2026-09-18T06:55:51.551+00:00,False,3,2.0,,2.0,299950.906111,300044.497407,300044.49746499996,100014.83248833333,0.02899,299950.906111,173149.72520584404,269965.1717363,46.795648,66.13812969170507,0.00666567798204634,14,64,,True,False,Request timeout: 300.0s exceeded,5,87.6246207195492
285,2026-09-18T06:50:51.798+00:00,2026-09-18T06:55:51.679+00:00,2026-09-18T06:55:51.860+00:00,False,5,4.0,,4.0,299880.899305,300061.178345,300061.178327,60012.2356654,0.02142,299880.899305,134090.66191971715,239917.02043100004,45.06976,30.060783328565385,0.013330614850152116,14,64,,True,False,Request timeout: 300.0s exceeded,10,87.6246207195492
286,2026-09-18T06:50:52.141+00:00,2026-09-18T06:55:52.251+00:00,2026-09-18T06:55:52.251+00:00,False,1,0.0,,0.0,300110.256316,300110.256316,300110.256316,300110.256316,300110.256316,300110.256316,nan,300110.256316,nan,nan,0.0,14,64,,True,False,"HTTPConnectionPool(host='gpu03', port=9002): Read timed out.",0,87.6246207195492
287,2026-09-18T06:50:52.454+00:00,2026-09-18T06:55:52.561+00:00,2026-09-18T06:55:52.561+00:00,False,1,0.0,,0.0,300107.614923,300107.614923,300107.614923,300107.614923,300107.614923,300107.614923,nan,300107.614923,nan,nan,0.0,14,64,,True,False,"HTTPConnectionPool(host='gpu03', port=9002): Read timed out.",0,87.6246207195492
288,2026-09-18T06:50:52.820+00:00,2026-09-18T06:55:52.818+00:00,2026-09-18T06:55:52.889+00:00,False,3,2.0,,2.0,299997.45204,300068.55348,300068.553586,100022.85119533334,0.02142,299997.45204,173183.08808764425,270004.8148486,35.55072,50.24626116635513,0.006665143604037478,14,64,,True,False,Request timeout: 300.0s exceeded,5,87.6246207195492
0,2026-09-18T06:48:53.142+00:00,2026-09-18T06:48:53.321+00:00,2026-09-18T06:48:54.828+00:00,True,29,29.0,,29.0,179.773386,1686.301386,1686.301487,58.148327137931034,20.527251,179.773386,28.188889607964416,88.8377332,53.80457142857143,16.01878604700993,17.19740032283885,15,64,,False,True,,129,87.6246207195492
1,2026-09-18T06:48:53.577+00:00,2026-09-18T06:48:53.706+00:00,2026-09-18T06:48:56.436+00:00,True,48,48.0,,48.0,128.602091,2858.481131,2858.481058,59.55168870833333,11.561448,128.602091,15.893427678482162,79.2834129,58.082532765957446,12.338383075391155,16.792134633824876,15,64,,False,True,,237,87.6246207195492
2,2026-09-18T06:48:54.013+00:00,2026-09-18T06:48:55.005+00:00,2026-09-18T06:48:56.943+00:00,True,33,33.0,,33.0,991.717797,2929.7714290000004,2929.771306,88.78094866666666,39.066368000000004,991.717797,162.24759538161598,69.7050864,60.564176,7.193448987343864,11.26367732081532,15,64,,False,True,,160,87.6246207195492
3,2026-09-18T06:48:54.468+00:00,2026-09-18T06:48:57.444+00:00,2026-09-18T06:49:01.562+00:00,True,69,69.0,,69.0,2976.558449,7094.161777,7094.1616380000005,102.81393678260869,10.051501,2976.558449,351.2158204267795,66.73544,60.552990117647056,11.008055508277796,9.726307655360367,15,64,,False,True,,165,87.6246207195492
4,2026-09-18T06:48:54.832+00:00,2026-09-18T06:48:58.540+00:00,2026-09-18T06:49:01.187+00:00,True,45,45.0,,45.0,3708.946218,6355.522858,6355.52281,141.23384022222223,6.627368000000001,3708.946218,544.1084893409143,70.1442284,60.14946909090909,14.076857037872262,7.080456007385191,15,64,,False,True,,231,87.6246207195492
5,2026-09-18T06:48:55.260+00:00,2026-09-18T06:48:59.975+00:00,2026-09-18T06:49:04.668+00:00,True,80,80.0,,80.0,4714.43223,9408.298214,9408.298328,117.60372910000001,0.0,4714.43223,520.5879254971724,67.5961939,59.41602511392405,12.20556828719763,8.503131828980097,15,64,,False,True,,482,87.6246207195492
6,2026-09-18T06:48:55.553+00:00,2026-09-18T06:49:00.945+00:00,2026-09-18T06:49:01.002+00:00,True,2,2.0,,2.0,5392.1838099999995,5449.269506,5449.269544,2724.634772,57.085733999999995,5392.1838099999995,3772.4840278349025,5125.4289062,57.085696,nan,0.36702167103276323,15,64,,False,True,,7,87.6246207195492
7,2026-09-18T06:48:55.857+00:00,2026-09-18T06:49:02.032+00:00,2026-09-18T06:49:03.552+00:00,True,27,27.0,,27.0,6174.3874670000005,7694.765579000001,7694.765471000001,284.99131374074074,0.0,6174.3874670000005,1177.1745651683989,106.91550670000001,58.47608123076923,20.21272185223322,3.5088788245461893,15,64,,False,True,,154,87.6246207195492
8,2026-09-18T06:48:56.193+00:00,2026-09-18T06:49:03.517+00:00,2026-09-18T06:49:07.417+00:00,True,66,66.0,,66.0,7324.098309999999,11223.552518,11223.552513999999,170.05382596969696,8.624013999999999,7324.098309999999,894.2959090709592,70.19664750000001,59.9916032,16.295009428113186,5.880491038301034,15,64,,False,True,,306,87.6246207195492
9,2026-09-18T06:48:56.550+00:00,2026-09-18T06:49:04.727+00:00,2026-09-18T06:49:06.802+00:00,True,35,35.0,,35.0,8177.001816,10251.479384,10251.479361,292.8994103142857,2.2441050000000002,8177.001816,1372.0325319034578,96.512817,61.01404611764706,22.57137342302611,3.414141382816051,15,64,,False,True,,143,87.6246207195492
10,2026-09-18T06:48:56.856+00:00,2026-09-18T06:49:05.989+00:00,2026-09-18T06:49:10.764+00:00,True,80,80.0,,80.0,9132.638789,13908.326725,13908.326745,173.8540843125,0.0,9132.638789,1014.9974210693731,68.9215079,60.45174602531645,37.82397647411975,5.751950006768338,15,64,,False,True,,444,87.6246207195492
11,2026-09-18T06:48:57.143+00:00,2026-09-18T06:49:06.981+00:00,2026-09-18T06:49:07.235+00:00,True,5,5.0,,5.0,9837.51025,10091.795049999999,10091.794918,2018.3589835999999,57.462112999999995,9837.51025,4371.04143259045,7884.060286,63.5712,5.906632355362797,0.49545199592613615,15,64,,False,True,,19,87.6246207195492
12,2026-09-18T06:48:57.465+00:00,2026-09-18T06:49:08.033+00:00,2026-09-18T06:49:08.463+00:00,True,8,8.0,,8.0,10567.981281999999,10998.614753999998,10998.614521999998,1374.8268152499998,0.0,10567.981281999999,3714.996700534689,6933.055742649999,61.519067428571425,58.98174589478574,0.7273643253201995,15,64,,False,True,,31,87.6246207195492
13,2026-09-18T06:48:57.801+00:00,2026-09-18T06:49:09.279+00:00,2026-09-18T06:49:12.869+00:00,True,61,61.0,,61.0,11478.41362,15068.154164,15068.15426,247.01892229508195,0.0,11478.41362,1462.1906464270191,70.24727899999999,59.82900906666667,23.813708779560905,4.048272889703892,15,64,,False,True,,260,87.6246207195492
14,2026-09-18T06:48:58.197+00:00,2026-09-18T06:49:10.820+00:00,2026-09-18T06:49:14.047+00:00,True,54,54.0,,54.0,12622.947414,15849.089622,15849.089689,293.5016609074074,0.0,12622.947414,1709.873499715041,120.34552909999998,60.87060769811321,36.93207026056505,3.407135759081267,15,64,,False,True,,245,87.6246207195492
15,2026-09-18T06:48:58.484+00:00,2026-09-18T06:49:11.918+00:00,2026-09-18T06:49:16.470+00:00,True,77,77.0,,77.0,13434.723165,17985.845853,17985.845888,233.58241412987013,0.0,13434.723165,1524.398863590015,68.3164486,59.8831932631579,24.505530670532348,4.281144219144777,15,64,,False,True,,349,87.6246207195492
16,2026-09-18T06:48:58.900+00:00,2026-09-18T06:49:13.830+00:00,2026-09-18T06:49:16.215+00:00,True,43,43.0,,43.0,14930.320025,17315.623321,17315.623403,402.6889163488372,0.0,14930.320025,2268.2285812653668,69.51832819999998,56.79293561904762,13.106385491528908,2.483306503199949,15,64,,False,True,,188,87.6246207195492
17,2026-09-18T06:48:59.269+00:00,2026-09-18T06:49:14.733+00:00,2026-09-18T06:49:16.090+00:00,True,24,24.0,,24.0,15463.826674,16821.534194,16821.534231,700.897259625,40.175644999999996,15463.826674,3144.500006982131,71.39965319999999,59.03076173913044,7.781369330760967,1.4267426337700193,15,64,,False,True,,85,87.6246207195492
18,2026-09-18T06:48:59.689+00:00,2026-09-18T06:49:16.222+00:00,2026-09-18T06:49:17.302+00:00,True,19,19.0,,19.0,16532.790508,17612.654572,17612.654381999997,926.9818095789473,0.0,16532.790508,3779.6266138499495,1916.8584561999999,59.992448,63.73508363121223,1.0787698085106123,15,64,,False,True,,69,87.6246207195492
19,2026-09-18T06:49:00.043+00:00,2026-09-18T06:49:17.749+00:00,2026-09-18T06:49:22.536+00:00,True,78,78.0,,78.0,17706.211447,22492.884855,22492.884632,288.37031579487183,0.0,17706.211447,1998.6195414132237,88.0157154,62.16458971428572,57.78368179536095,3.467763272822747,15,64,,False,True,,354,87.6246207195492
20,2026-09-18T06:49:00.371+00:00,2026-09-18T06:49:19.100+00:00,2026-09-18T06:49:23.468+00:00,True,71,71.0,,71.0,18728.226717999998,23096.91203,23096.911999999997,325.30861971830984,0.0,18728.226717999998,2215.937094396143,95.589732,62.40979017142857,56.58189185613364,3.0740040013911765,15,64,,False,True,,334,87.6246207195492
21,2026-09-18T06:49:00.780+00:00,2026-09-18T06:49:20.350+00:00,2026-09-18T06:49:22.538+00:00,True,36,36.0,,36.0,19569.898014,21757.713438,21757.713517999997,604.3809310555555,0.01781,19569.898014,3251.8336872734685,170.39343825,62.50901211428572,63.4920680302609,1.6545856301759057,15,64,,False,True,,114,87.6246207195492
22,2026-09-18T06:49:01.202+00:00,2026-09-18T06:49:21.896+00:00,2026-09-18T06:49:27.019+00:00,True,85,85.0,,85.0,20693.500957,25816.352797,25816.352817,303.72179784705884,0.0,20693.500957,2238.2135265722445,90.5985858,60.986331428571425,37.055119946497186,3.2924867686917207,15,64,,False,True,,443,87.6246207195492
23,2026-09-18T06:49:01.464+00:00,2026-09-18T06:49:22.780+00:00,2026-09-18T06:49:23.655+00:00,True,15,15.0,,15.0,21316.092388999998,22191.796964999998,22191.796902,1479.4531267999998,42.463831,21316.092388999998,5487.656634534115,6466.234780399999,62.550326857142856,13.609162901187142,0.6759254342339825,15,64,,False,True,,69,87.6246207195492
24,2026-09-18T06:49:01.856+00:00,2026-09-18T06:49:24.255+00:00,2026-09-18T06:49:27.391+00:00,True,53,53.0,,53.0,22399.227367,25535.079655,25535.0795,481.7939528301887,38.377328999999996,22399.227367,3068.5012040181778,75.8452788,60.30485169230769,9.429198103908647,2.075576059134091,15,64,,False,True,,255,87.6246207195492
25,2026-09-18T06:49:02.226+00:00,2026-09-18T06:49:26.036+00:00,2026-09-18T06:49:28.456+00:00,True,36,36.0,,36.0,23809.792945,26229.355953000002,26229.356159000003,728.593226638889,36.350602,23809.792945,3957.188137568596,164.56286425000002,69.13037165714286,57.867536097019446,1.3725079664368378,15,64,,False,True,,143,87.6246207195492
26,2026-09-18T06:49:02.521+00:00,2026-09-18T06:49:27.020+00:00,2026-09-18T06:49:28.463+00:00,True,20,20.0,,20.0,24499.606063,25942.639662999998,25942.639622,1297.1319811,39.444616,24499.606063,5461.842486217872,1607.114576,75.94913684210528,79.39938619867178,0.7709315728778544,15,64,,False,True,,84,87.6246207195492
27,2026-09-18T06:49:02.876+00:00,2026-09-18T06:49:28.464+00:00,2026-09-18T06:49:30.225+00:00,True,33,33.0,,33.0,25588.232530999998,27348.958547,27348.958648999997,828.7563226969696,0.0,25588.232530999998,4444.81187556036,78.32924999999999,55.022688,21.539110454753125,1.206627299657079,15,64,,False,True,,173,87.6246207195492
28,2026-09-18T06:49:03.146+00:00,2026-09-18T06:49:29.691+00:00,2026-09-18T06:49:31.732+00:00,True,34,34.0,,34.0,26545.583802,28586.372794000003,28586.37265,840.7756661764706,40.834854,26545.583802,4541.931274733361,79.64003914999999,61.842090666666664,8.12159138134557,1.189377898518705,15,64,,False,True,,142,87.6246207195492
29,2026-09-18T06:49:03.603+00:00,2026-09-18T06:49:31.382+00:00,2026-09-18T06:49:35.251+00:00,True,61,61.0,,61.0,27778.907021000003,31648.293773,31648.293783,518.8244882459016,0.0,27778.907021000003,3549.6094437878305,70.3727,64.4897792,90.79039387930906,1.9274340802549272,15,64,,False,True,,326,87.6246207195492
30,2026-09-18T06:49:03.936+00:00,2026-09-18T06:49:32.482+00:00,2026-09-18T06:49:37.099+00:00,True,76,76.0,,76.0,28545.099686,33162.090406,33162.090505,436.34329611842105,0.0,28545.099686,3268.2642003736355,94.06237850000001,61.55987626666666,80.49127393880136,2.2917735000882016,15,64,,False,True,,394,87.6246207195492
31,2026-09-18T06:49:04.385+00:00,2026-09-18T06:49:34.371+00:00,2026-09-18T06:49:40.300+00:00,True,99,99.0,,99.0,29986.052288,35915.16384,35915.163801999995,362.77943234343434,0.0,29986.052288,3008.4277983852953,94.9871349,60.50113828571428,69.58928501364328,2.7564958478552217,15,64,,False,True,,412,87.6246207195492
32,2026-09-18T06:49:04.707+00:00,2026-09-18T06:49:35.417+00:00,2026-09-18T06:49:40.093+00:00,True,77,77.0,,77.0,30709.698818999997,35386.035971,35386.035823,459.5589067922078,0.0,30709.698818999997,3493.1047557376373,94.9601382,61.530752,54.64689442539681,2.1759995966517414,15,64,,False,True,,350,87.6246207195492
33,2026-09-18T06:49:05.088+00:00,2026-09-18T06:49:36.874+00:00,2026-09-18T06:49:39.005+00:00,True,28,28.0,,28.0,31786.627818,33917.234154,33917.234138,1211.3297906428572,10.297621,31786.627818,5992.81273361859,368.47459254999995,78.91134577777778,87.67060482115392,0.8255390127882183,15,64,,False,True,,136,87.6246207195492
34,2026-09-18T06:49:05.429+00:00,2026-09-18T06:49:38.021+00:00,2026-09-18T06:49:43.073+00:00,True,85,85.0,,85.0,32592.148756000002,37644.786708,37644.786715,442.87984370588237,0.0,32592.148756000002,3528.980160080365,92.51783500000002,60.15045180952381,52.74623789473134,2.2579487741375996,15,64,,False,True,,379,87.6246207195492
35,2026-09-18T06:49:05.726+00:00,2026-09-18T06:49:39.237+00:00,2026-09-18T06:49:43.357+00:00,True,69,69.0,,69.0,33511.693624,37631.239992,37631.239895,545.3802883333333,32.31827,33511.693624,4027.067452283502,96.979105,60.58156423529412,14.798339501084822,1.8335829490250295,15,64,,False,True,,313,87.6246207195492
36,2026-09-18T06:49:06.133+00:00,2026-09-18T06:49:40.805+00:00,2026-09-18T06:49:41.068+00:00,True,6,6.0,,6.0,34672.747978,34935.79105,34935.790902,5822.6318169999995,39.417887,34672.747978,14133.616254315466,26020.138672250003,52.6086144,11.170469777162857,0.1717436422553827,15,64,,False,True,,15,87.6246207195492
37,2026-09-18T06:49:06.413+00:00,2026-09-18T06:49:42.079+00:00,2026-09-18T06:49:45.329+00:00,True,53,53.0,,53.0,35666.121339000005,38916.953979000005,38916.95396100001,734.2821502075473,0.0,35666.121339000005,4891.162635123687,110.8794074,62.51601230769231,79.35080860535582,1.3618743139198242,15,64,,False,True,,233,87.6246207195492
38,2026-09-18T06:49:06.713+00:00,2026-09-18T06:49:43.070+00:00,2026-09-18T06:49:47.299+00:00,True,69,69.0,,69.0,36357.521587999996,40586.644404,40586.644285999995,588.2122360289854,0.0,36357.521587999996,4369.994168586957,94.2807638,62.192982588235296,69.85029352258566,1.7000666355457497,15,64,,False,True,,344,87.6246207195492
39,2026-09-18T06:49:07.048+00:00,2026-09-18T06:49:44.315+00:00,2026-09-18T06:49:45.988+00:00,True,28,28.0,,28.0,37266.483235,38939.886883,38939.886968,1390.710248857143,0.0,37266.483235,7031.8289352095735,420.6922759,61.97791288888889,110.64564860247913,0.7190570451354847,15,64,,False,True,,102,87.6246207195492
40,2026-09-18T06:49:07.442+00:00,2026-09-18T06:49:45.683+00:00,2026-09-18T06:49:51.642+00:00,True,96,96.0,,96.0,38240.665123000006,44199.835171000006,44199.83539000001,460.41495197916674,0.017079999999999998,38240.665123000006,3897.0745182746145,90.88569225,62.72810576842105,66.12524721917664,2.171953800926992,15,64,,False,True,,392,87.6246207195492
41,2026-09-18T06:49:07.888+00:00,2026-09-18T06:49:47.135+00:00,2026-09-18T06:49:53.261+00:00,True,100,100.0,,100.0,39247.238141999995,45372.98278199999,45372.98285099999,453.72982850999995,0.0,39247.238141999995,3919.5581718277977,90.6599403,61.87620848484848,89.95613418685221,2.2039547296341997,15,64,,False,True,,423,87.6246207195492
42,2026-09-18T06:49:08.197+00:00,2026-09-18T06:49:49.134+00:00,2026-09-18T06:49:50.731+00:00,True,26,26.0,,26.0,40936.97909,42534.257298000004,42534.257303,1635.9329731923078,35.262665,40936.97909,8015.880416725328,96.163403,63.89112832,11.825929796731808,0.6112719876085044,15,64,,False,True,,134,87.6246207195492
43,2026-09-18T06:49:08.455+00:00,2026-09-18T06:49:49.948+00:00,2026-09-18T06:49:52.535+00:00,True,43,43.0,,43.0,41493.144737,44080.310689000005,44080.310584,1025.1235019534884,0.0,41493.144737,6319.018915755685,94.3110312,61.599189333333335,99.67473334079686,0.9754922169986068,15,64,,False,True,,201,87.6246207195492
44,2026-09-18T06:49:08.824+00:00,2026-09-18T06:49:51.329+00:00,2026-09-18T06:49:54.234+00:00,True,48,48.0,,48.0,42504.921766,45409.586085999996,45409.585987,946.0330413958334,0.0,42504.921766,6126.8310415595315,84.40158565,61.8013685106383,93.2314808816766,1.0570455301903454,15,64,,False,True,,234,87.6246207195492
45,2026-09-18T06:49:09.287+00:00,2026-09-18T06:49:53.260+00:00,2026-09-18T06:49:55.490+00:00,True,35,35.0,,35.0,43973.442672,46203.595376,46203.595438,1320.1027268,32.320420999999996,43973.442672,7421.790920131997,97.84667280000002,65.5927265882353,12.167752988419917,0.7575168061094312,15,64,,False,True,,133,87.6246207195492
46,2026-09-18T06:49:09.589+00:00,2026-09-18T06:49:54.704+00:00,2026-09-18T06:49:59.521+00:00,True,78,78.0,,78.0,45115.830879,49932.542815,49932.542773,640.1608047820513,34.719396,45115.830879,5101.29773565724,95.87621424999999,62.55470046753247,13.919026044920635,1.5621075075024697,15,64,,False,True,,281,87.6246207195492
47,2026-09-18T06:49:10.000+00:00,2026-09-18T06:49:56.383+00:00,2026-09-18T06:49:58.895+00:00,True,41,41.0,,41.0,46382.90962699999,48895.57881099999,48895.57883199999,1192.5750934634145,38.682099,46382.90962699999,7234.000117618299,93.91074699999999,62.8167296,15.863556567133628,0.8385216209113833,15,64,,False,True,,218,87.6246207195492
48,2026-09-18T06:49:10.390+00:00,2026-09-18T06:49:57.902+00:00,2026-09-18T06:50:02.687+00:00,True,71,71.0,,71.0,47512.563968999995,52297.395969,52297.395961999995,736.5830417183098,0.0,47512.563968999995,5632.5781741519495,99.10161749999999,68.35474285714285,150.65829002934325,1.3576201775340062,15,64,,False,True,,246,87.6246207195492
49,2026-09-18T06:49:10.667+00:00,2026-09-18T06:49:59.140+00:00,2026-09-18T06:50:05.059+00:00,True,97,97.0,,97.0,48472.862481,54392.517648999994,54392.517719999996,560.7476053608247,0.0,48472.862481,4917.24338035243,96.00484039999999,61.66307466666667,134.8749707282094,1.783333520723385,15,64,,False,True,,530,87.6246207195492
50,2026-09-18T06:49:11.109+00:00,2026-09-18T06:50:00.793+00:00,2026-09-18T06:50:01.312+00:00,True,10,10.0,,10.0,49683.727953,50202.931537000004,50202.931405,5020.2931405,41.429314,49683.727953,15693.133741571624,27357.10580205,57.68928711111111,9.192827867635458,0.19919155503160033,15,64,,False,True,,48,87.6246207195492
51,2026-09-18T06:49:11.416+00:00,2026-09-18T06:50:02.641+00:00,2026-09-18T06:50:06.165+00:00,True,60,60.0,,60.0,51225.526123,54749.753707,54749.753851,912.4958975166667,0.02125,51225.526123,6605.503474363075,94.55053529999999,59.73267091525423,19.37849502381544,1.0958953408465968,15,64,,False,True,,217,87.6246207195492
52,2026-09-18T06:49:11.820+00:00,2026-09-18T06:50:04.116+00:00,2026-09-18T06:50:04.243+00:00,True,3,3.0,,3.0,52295.808884000005,52422.967924000004,52422.967949000005,17474.32264966667,62.489093999999994,52295.808884000005,30156.291696177694,47072.6949927,63.57952,1.542103723245619,0.057226824783160664,15,64,,False,True,,5,87.6246207195492
53,2026-09-18T06:49:12.088+00:00,2026-09-18T06:50:05.181+00:00,2026-09-18T06:50:05.546+00:00,True,7,7.0,,7.0,53093.030137,53458.512633,53458.512512,7636.930358857143,51.677085,53093.030137,20044.256523272026,37184.7934606,60.913749333333335,5.339291575587858,0.13094266292173068,15,64,,False,True,,22,87.6246207195492
54,2026-09-18T06:49:12.472+00:00,2026-09-18T06:50:06.571+00:00,2026-09-18T06:50:12.148+00:00,True,90,90.0,,90.0,54098.912656,59675.316112,59675.316289,663.0590698777778,0.0,54098.912656,5696.541645826476,96.61155344999999,62.65621860674157,84.52615527635061,1.5081612610327182,15,64,,False,True,,349,87.6246207195492
55,2026-09-18T06:49:12.892+00:00,2026-09-18T06:50:08.279+00:00,2026-09-18T06:50:10.407+00:00,True,35,35.0,,35.0,55387.164314999995,57515.359898999995,57515.35984899999,1643.2959956857142,0.0,55387.164314999995,9352.541332459545,310.13946809999993,62.59398776470588,137.57378687161898,0.6085330955324255,15,64,,False,True,,105,87.6246207195492
56,2026-09-18T06:49:13.192+00:00,2026-09-18T06:50:09.920+00:00,2026-09-18T06:50:09.920+00:00,True,1,1.0,,1.0,56727.196488,56727.196488,56727.196488,56727.196488,56727.196488,56727.196488,nan,56727.196488,nan,nan,0.017628228819866653,15,64,,False,True,,3,87.6246207195492
57,2026-09-18T06:49:13.606+00:00,2026-09-18T06:50:10.925+00:00,2026-09-18T06:50:14.958+00:00,True,68,68.0,,68.0,57318.503522,61351.830114,61351.830142,902.2327962058823,34.084807999999995,57318.503522,6943.597738965882,68.96388065000001,60.19890435820896,10.875300301091665,1.1083613948214228,15,64,,False,True,,279,87.6246207195492
58,2026-09-18T06:49:13.961+00:00,2026-09-18T06:50:12.144+00:00,2026-09-18T06:50:17.890+00:00,True,94,94.0,,94.0,58182.689152,63929.469568,63929.469561,680.1007400106383,0.017920000000000002,58182.689152,5995.428329552797,92.5724393,61.79333780645161,93.13440718828652,1.4703704040593488,15,64,,False,True,,444,87.6246207195492
59,2026-09-18T06:49:14.418+00:00,2026-09-18T06:50:14.008+00:00,2026-09-18T06:50:15.410+00:00,True,23,23.0,,23.0,59589.949093,60991.715493,60991.715667000004,2651.813724652174,38.375549,59589.949093,12412.080831944932,92.06718059999999,63.716654545454546,9.341746801631524,0.377100394932156,15,64,,False,True,,104,87.6246207195492
60,2026-09-18T06:49:14.829+00:00,2026-09-18T06:50:15.689+00:00,2026-09-18T06:50:18.015+00:00,True,38,38.0,,38.0,60860.199495,63186.330439,63186.330524,1662.7981716842105,0.01794,60860.199495,9863.709248317853,235.07241089999997,62.86840389189189,147.95995816097067,0.6013958990178288,15,64,,False,True,,134,87.6246207195492
61,2026-09-18T06:49:15.107+00:00,2026-09-18T06:50:17.279+00:00,2026-09-18T06:50:21.962+00:00,True,85,85.0,,85.0,62172.334738,66855.934866,66855.934838,786.5404098588235,0.0,62172.334738,6738.280183481651,97.5701558,55.75714438095238,103.88879124729172,1.2713904931606494,15,64,,False,True,,456,87.6246207195492
62,2026-09-18T06:49:15.558+00:00,2026-09-18T06:50:18.532+00:00,2026-09-18T06:50:22.022+00:00,True,56,56.0,,56.0,62974.436275,66464.517811,66464.517926,1186.8663915357142,0.0,62974.436275,8407.729487810511,94.77957299999998,63.45602792727273,123.88348767014314,0.8425548223977621,15,64,,False,True,,249,87.6246207195492
63,2026-09-18T06:49:15.942+00:00,2026-09-18T06:50:20.202+00:00,2026-09-18T06:50:25.874+00:00,True,94,94.0,,94.0,64260.363458,69931.828418,69931.828535,743.955622712766,0.0,64260.363458,6621.679517234688,90.0609284,60.98349419354839,15.977235463541643,1.344166199089469,15,64,,False,True,,492,87.6246207195492
64,2026-09-18T06:49:16.222+00:00,2026-09-18T06:50:21.045+00:00,2026-09-18T06:50:25.325+00:00,True,68,68.0,,68.0,64823.519821999995,69103.25306999999,69103.253077,1016.2243099558823,38.719118,64823.519821999995,7853.268931628965,93.32636815,63.87661564179105,11.751111088747367,0.9840347158637752,15,64,,False,True,,299,87.6246207195492
65,2026-09-18T06:49:16.665+00:00,2026-09-18T06:50:22.307+00:00,2026-09-18T06:50:23.544+00:00,True,20,20.0,,20.0,65641.820328,66878.557096,66878.557197,3343.92785985,43.591999,65641.820328,14663.406357856216,3370.2159984500004,65.09140884210527,11.12559641544293,0.29904951405113667,15,64,,False,True,,96,87.6246207195492
66,2026-09-18T06:49:17.034+00:00,2026-09-18T06:50:24.158+00:00,2026-09-18T06:50:28.849+00:00,True,76,76.0,,76.0,67124.522819,71815.888451,71815.888514,944.9459015000001,35.942543,67124.522819,7692.544838739851,91.335759,62.55154176,11.951955647790536,1.058261641528738,15,64,,False,True,,316,87.6246207195492
67,2026-09-18T06:49:17.344+00:00,2026-09-18T06:50:25.323+00:00,2026-09-18T06:50:29.708+00:00,True,71,71.0,,71.0,67978.40421699999,72364.28479299998,72364.28464599999,1019.2152767042252,37.868491,67978.40421699999,8060.127685458207,93.79028749999999,62.6554368,13.527572246161885,0.981146987123516,15,64,,False,True,,332,87.6246207195492
68,2026-09-18T06:49:17.761+00:00,2026-09-18T06:50:26.789+00:00,2026-09-18T06:50:32.226+00:00,True,76,76.0,,76.0,69027.708307,74464.13070699999,74464.13064799999,979.791192736842,0.0,69027.708307,7910.5191352399315,91.73313049999999,72.485632,114.14766528903264,1.02062562576663,15,64,,False,True,,338,87.6246207195492
69,2026-09-18T06:49:18.228+00:00,2026-09-18T06:50:28.653+00:00,2026-09-18T06:50:32.235+00:00,True,50,50.0,,50.0,70424.79021600001,74007.28724,74007.287337,1480.1457467400003,0.0,70424.79021600001,9950.25193912463,90.9991669,73.1121841632653,144.10206130372563,0.6756091442435094,15,64,,False,True,,197,87.6246207195492
70,2026-09-18T06:49:18.546+00:00,2026-09-18T06:50:29.710+00:00,2026-09-18T06:50:30.900+00:00,True,21,21.0,,21.0,71164.265037,72354.03322900001,72354.033442,3445.430163904762,36.256432999999994,71164.265037,15516.3368923257,69.765371,59.488409600000004,9.132694880826673,0.2902395217352314,15,64,,False,True,,102,87.6246207195492
71,2026-09-18T06:49:18.859+00:00,2026-09-18T06:50:31.058+00:00,2026-09-18T06:50:32.258+00:00,True,7,7.0,,7.0,72199.062111,73398.838111,73398.838078,10485.548296857143,0.0,72199.062111,27215.9162370743,50861.19783300001,199.96266666666665,428.7566374654107,0.09536935706548925,15,64,,False,True,,25,87.6246207195492
72,2026-09-18T06:49:19.214+00:00,2026-09-18T06:50:32.272+00:00,2026-09-18T06:50:34.753+00:00,True,37,37.0,,37.0,73057.771132,75538.725756,75538.72573399999,2041.5871819999998,0.016030000000000003,73057.771132,12000.314822367054,274.9643544,68.91540622222223,158.74560779260773,0.4898149873419212,15,64,,False,True,,147,87.6246207195492
73,2026-09-18T06:49:19.649+00:00,2026-09-18T06:50:34.803+00:00,2026-09-18T06:50:35.698+00:00,True,28,28.0,,28.0,75154.37609,76049.173914,76049.173859,2716.0419235357144,0.015710000000000002,75154.37609,14196.610333097522,75.47501974999999,33.14066014814815,30.35584730360828,0.3681828290687776,15,64,,False,True,,123,87.6246207195492
74,2026-09-18T06:49:19.963+00:00,2026-09-18T06:50:34.992+00:00,2026-09-18T06:50:40.262+00:00,True,88,88.0,,88.0,75029.350885,80299.305445,80299.30535800001,912.4921063409091,25.358753,75029.350885,7991.707951976369,83.04546215,60.574190344827585,12.396505673731916,1.0958998899470493,15,64,,False,True,,333,87.6246207195492
75,2026-09-18T06:49:20.327+00:00,2026-09-18T06:50:36.336+00:00,2026-09-18T06:50:36.892+00:00,True,10,10.0,,10.0,76008.582883,76564.42313899999,76564.423247,7656.4423246999995,39.866446,76008.582883,24016.495628081124,41837.065112799995,61.76002844444445,9.016595969377457,0.1306089641901351,15,64,,False,True,,41,87.6246207195492
76,2026-09-18T06:49:20.740+00:00,2026-09-18T06:50:38.316+00:00,2026-09-18T06:50:39.431+00:00,True,18,18.0,,18.0,77575.66438799999,78690.96064399999,78690.96074999998,4371.7200416666665,58.961131,77575.66438799999,18269.29860305772,11724.108595849997,65.60566211764706,9.96813367872142,0.22874291853460121,15,64,,False,True,,75,87.6246207195492
77,2026-09-18T06:49:21.055+00:00,2026-09-18T06:50:39.303+00:00,2026-09-18T06:50:40.918+00:00,True,26,26.0,,26.0,78248.244991,79863.267583,79863.267653,3071.6641405,39.670376,78248.244991,15333.081057814112,102.68107024999999,64.60090368,14.898856911242461,0.32555642646325256,15,64,,False,True,,111,87.6246207195492
78,2026-09-18T06:49:21.627+00:00,2026-09-18T06:50:40.918+00:00,2026-09-18T06:50:43.566+00:00,True,43,43.0,,43.0,79291.244096,81939.36928,81939.369475,1905.566731976744,37.72607,79291.244096,12082.19390440623,95.8555221,63.05059961904762,13.776236500104261,0.5247782644391866,15,64,,False,True,,233,87.6246207195492
79,2026-09-18T06:49:21.888+00:00,2026-09-18T06:50:42.508+00:00,2026-09-18T06:50:45.759+00:00,True,51,51.0,,51.0,80619.56323,83870.943198,83870.943113,1644.5282963333334,0.0,80619.56323,11281.080577546927,95.982898,65.02759936,165.4729928543088,0.6080771010241383,15,64,,False,True,,219,87.6246207195492
80,2026-09-18T06:49:22.358+00:00,2026-09-18T06:50:44.220+00:00,2026-09-18T06:50:48.821+00:00,True,76,76.0,,76.0,81862.67050200001,86463.179174,86463.17914800001,1137.6734098421055,0.0,81862.67050200001,9384.202281128797,79.578783,61.340115626666666,134.15282528278001,0.8789868788777276,15,64,,False,True,,317,87.6246207195492
81,2026-09-18T06:49:22.662+00:00,2026-09-18T06:50:45.751+00:00,2026-09-18T06:50:51.257+00:00,True,99,99.0,,99.0,83089.628654,88595.753198,88595.753084,894.9065968080808,0.0,83089.628654,8345.19755254746,75.53823100000001,56.18494432653061,19.463803851732823,1.1174350510768598,15,64,,False,True,,411,87.6246207195492
82,2026-09-18T06:49:23.022+00:00,2026-09-18T06:50:46.666+00:00,2026-09-18T06:50:46.917+00:00,True,5,5.0,,5.0,83643.65675200001,83894.51524800001,83894.515148,16778.903029600002,58.450742,83643.65675200001,37378.533981290646,66929.1494512,62.714624,5.698327575014503,0.059598651773832105,15,64,,False,True,,16,87.6246207195492
83,2026-09-18T06:49:23.386+00:00,2026-09-18T06:50:48.177+00:00,2026-09-18T06:50:52.208+00:00,True,66,66.0,,66.0,84791.27033,88822.928058,88822.928219,1345.8019427121212,34.641716,84791.27033,10429.45360909247,83.48351525,62.02550350769231,9.80078217600288,0.7430513882283076,15,64,,False,True,,332,87.6246207195492
84,2026-09-18T06:49:23.687+00:00,2026-09-18T06:50:49.147+00:00,2026-09-18T06:50:49.779+00:00,True,11,11.0,,11.0,85460.046336,86091.297536,86091.297438,7826.481585272727,57.334794,85460.046336,25748.140987009734,42768.1418625,63.12512,5.048318559386767,0.12777133479025835,15,64,,False,True,,53,87.6246207195492
85,2026-09-18T06:49:23.981+00:00,2026-09-18T06:50:50.090+00:00,2026-09-18T06:50:51.955+00:00,True,32,32.0,,32.0,86108.506387,87973.885715,87973.885925,2749.18393515625,34.588165999999994,86108.506387,15211.343218241978,78.96793405,60.17352670967742,10.18629841125983,0.36374430593718604,15,64,,False,True,,153,87.6246207195492
86,2026-09-18T06:49:24.354+00:00,2026-09-18T06:50:51.710+00:00,2026-09-18T06:50:55.248+00:00,True,56,56.0,,56.0,87355.797632,90893.851776,90893.851735,1623.1044952678571,34.630295,87355.797632,11664.81894556906,93.5678515,64.32825716363637,11.626401370210289,0.6161032776783092,15,64,,False,True,,266,87.6246207195492
87,2026-09-18T06:49:24.766+00:00,2026-09-18T06:50:53.191+00:00,2026-09-18T06:50:58.559+00:00,True,86,86.0,,86.0,88425.346355,93793.308467,93793.308392,1090.619865023256,36.105222999999995,88425.346355,9528.345888031316,88.49331575000001,63.152495435294114,10.277644842430078,0.9169097604682325,15,64,,False,True,,187,87.6246207195492
88,2026-09-18T06:49:25.114+00:00,2026-09-18T06:50:54.332+00:00,2026-09-18T06:50:55.741+00:00,True,24,24.0,,24.0,89218.733711,90627.25313499999,90627.25315399999,3776.135548083333,37.677781,89218.733711,18199.20276931755,97.3355363,61.23997495652174,14.558117778535033,0.26482100217965526,15,64,,False,True,,75,87.6246207195492
89,2026-09-18T06:49:25.542+00:00,2026-09-18T06:50:55.991+00:00,2026-09-18T06:50:58.318+00:00,True,38,38.0,,38.0,90448.375968,92775.77257599999,92775.772692,2441.4677024210523,35.431855000000006,90448.375968,14662.461741297593,71.8905774,62.90261102702703,7.374286833549211,0.4095896907662093,15,64,,False,True,,153,87.6246207195492
90,2026-09-18T06:49:25.853+00:00,2026-09-18T06:50:57.317+00:00,2026-09-18T06:50:58.069+00:00,True,13,13.0,,13.0,91463.27594200001,92215.85015000001,92215.850149,7093.526934538462,59.161291,91463.27594200001,25349.954850646078,36626.1071392,62.71451733333333,3.0837964509105076,0.14097359595832992,15,64,,False,True,,61,87.6246207195492
91,2026-09-18T06:49:26.223+00:00,2026-09-18T06:50:58.376+00:00,2026-09-18T06:50:58.434+00:00,True,2,2.0,,2.0,92153.627278,92211.137934,92211.138001,46105.5690005,57.510723,92153.627278,65121.788536987166,87548.82145025,57.510656,nan,0.021689353854753398,15,64,,True,True,,9,87.6246207195492
92,2026-09-18T06:49:26.692+00:00,2026-09-18T06:51:00.097+00:00,2026-09-18T06:51:02.390+00:00,True,38,38.0,,38.0,93404.746206,95697.216734,95697.216863,2518.3478121842104,39.668966999999995,93404.746206,15142.201767094726,72.08645840000001,61.958662918918925,8.12339832261311,0.39708573871719594,15,64,,True,True,,189,87.6246207195492
93,2026-09-18T06:49:27.099+00:00,2026-09-18T06:51:01.778+00:00,2026-09-18T06:51:04.171+00:00,True,39,39.0,,39.0,94678.92195,97072.304862,97072.304881,2489.0334584871794,34.205177000000006,94678.92195,15150.677370729632,72.3215918,62.98376084210526,7.624558717371955,0.40176237759516686,15,64,,True,True,,146,87.6246207195492
94,2026-09-18T06:49:27.547+00:00,2026-09-18T06:51:03.353+00:00,2026-09-18T06:51:08.662+00:00,True,87,87.0,,87.0,95806.44174600001,101115.31445,101115.31438200001,1162.2449928965518,37.39969,95806.44174600001,10264.91539395889,83.5094814,61.731077953488374,10.13860276788655,0.8604037921774964,15,64,,True,True,,405,87.6246207195492
95,2026-09-18T06:49:27.940+00:00,2026-09-18T06:51:04.965+00:00,2026-09-18T06:51:07.560+00:00,True,43,43.0,,43.0,97025.33569400001,99620.26843000001,99620.268611,2316.7504328139535,36.945981,97025.33569400001,14786.807838570394,93.7789002,61.78411276190476,12.119885916543048,0.4316390698165477,15,64,,True,True,,201,87.6246207195492
96,2026-09-18T06:49:28.388+00:00,2026-09-18T06:51:06.769+00:00,2026-09-18T06:51:12.153+00:00,True,87,87.0,,87.0,98381.498757,103764.960389,103764.96047399999,1192.7006951034482,33.793848,98381.498757,10540.89852010264,86.44761750000002,62.598391069767445,11.285252986763865,0.8384333177004014,15,64,,True,True,,427,87.6246207195492
97,2026-09-18T06:49:28.806+00:00,2026-09-18T06:51:08.374+00:00,2026-09-18T06:51:12.153+00:00,True,61,61.0,,61.0,99567.773036,103346.777964,103346.777822,1694.2094724918034,38.452169000000005,99567.773036,12740.28652235965,82.04310799999999,62.98341546666667,9.818941584458493,0.5902457841622198,15,64,,True,True,,79,87.6246207195492
98,2026-09-18T06:49:29.096+00:00,2026-09-18T06:51:09.602+00:00,2026-09-18T06:51:13.206+00:00,True,58,58.0,,58.0,100506.30545100001,104110.306731,104110.30650100001,1795.0052845,36.304592,100506.30545100001,13188.826348609198,92.4790611,63.228092631578946,10.561624540644,0.5571014227233071,15,64,,True,True,,256,87.6246207195492
99,2026-09-18T06:49:29.462+00:00,2026-09-18T06:51:11.082+00:00,2026-09-18T06:51:11.147+00:00,True,2,2.0,,2.0,101619.591463,101685.268775,101685.268932,50842.634466,65.677469,101619.591463,71809.46124119282,96541.89576330001,65.677312,nan,0.01966853236554274,15,64,,True,True,,12,87.6246207195492
100,2026-09-18T06:49:29.810+00:00,2026-09-18T06:51:12.347+00:00,2026-09-18T06:51:15.206+00:00,True,47,47.0,,47.0,102537.117107,105396.918963,105396.919005,2242.4876384042554,38.754278,102537.117107,14947.508837706639,67.3884197,62.16960556521739,6.751922293318593,0.44593333906183286,15,64,,True,True,,209,87.6246207195492
101,2026-09-18T06:49:30.207+00:00,2026-09-18T06:51:13.773+00:00,2026-09-18T06:51:20.105+00:00,True,99,99.0,,99.0,103566.32811599999,109898.083124,109898.08299799998,1110.0816464444442,40.395855000000005,103566.32811599999,10402.318405190932,91.4921567,64.60974497959184,9.522805814440517,0.9008346386560402,15,64,,True,True,,396,87.6246207195492
102,2026-09-18T06:49:30.511+00:00,2026-09-18T06:51:14.768+00:00,2026-09-18T06:51:16.987+00:00,True,36,36.0,,36.0,104256.641851,106475.71564299999,106475.715594,2957.6587664999997,55.562178,104256.641851,17365.540657037458,73.31634899999999,63.40210834285715,5.001611865190978,0.3381052644971515,15,64,,True,True,,177,87.6246207195492
103,2026-09-18T06:49:30.805+00:00,2026-09-18T06:51:16.023+00:00,2026-09-18T06:51:20.526+00:00,True,70,70.0,,70.0,105217.994274,109721.74262599999,109721.742569,1567.4534652714285,41.153964,105217.994274,12568.159276202843,93.16069094999999,65.27171524637681,11.339043151363871,0.6379774721460958,15,64,,True,True,,300,87.6246207195492
104,2026-09-18T06:49:31.151+00:00,2026-09-18T06:51:17.145+00:00,2026-09-18T06:51:21.749+00:00,True,73,73.0,,73.0,105993.965611,110598.087467,110598.08738000001,1515.0422928767125,39.437337,105993.965611,12398.17646847932,92.55229019999999,63.94613688888889,11.72437173008376,0.6600475801336219,15,64,,True,True,,312,87.6246207195492
105,2026-09-18T06:49:31.537+00:00,2026-09-18T06:51:18.800+00:00,2026-09-18T06:51:21.870+00:00,True,50,50.0,,50.0,107263.179764,110332.844276,110332.844343,2206.65688686,36.889991,107263.179764,15160.448803774154,93.80024375,62.64621453061225,11.071302279644092,0.4531742141526227,15,64,,True,True,,231,87.6246207195492
106,2026-09-18T06:49:31.992+00:00,2026-09-18T06:51:20.523+00:00,2026-09-18T06:51:25.178+00:00,True,75,75.0,,75.0,108530.956301,113185.943821,113185.943818,1509.1459175733332,39.630847,108530.956301,12524.816152351965,92.0677081,62.90523675675676,10.63750538682065,0.6626264487276807,15,64,,True,True,,345,87.6246207195492
107,2026-09-18T06:49:32.455+00:00,2026-09-18T06:51:22.160+00:00,2026-09-18T06:51:27.757+00:00,True,90,90.0,,90.0,109705.283902,115301.471806,115301.471917,1281.1274657444444,35.888554,109705.283902,11557.329595746622,88.66133740000001,62.8785157752809,11.121094782609658,0.7805624558845972,15,64,,True,True,,391,87.6246207195492
108,2026-09-18T06:49:32.766+00:00,2026-09-18T06:51:23.661+00:00,2026-09-18T06:51:27.756+00:00,True,66,66.0,,66.0,110894.808423,114989.504871,114989.50495599999,1742.2652266060604,39.673737,110894.808423,13642.456684813742,88.71983875,62.995329969230774,9.9371219961031,0.5739654247058594,15,64,,True,True,,307,87.6246207195492
109,2026-09-18T06:49:33.173+00:00,2026-09-18T06:51:25.241+00:00,2026-09-18T06:51:29.105+00:00,True,62,62.0,,62.0,112068.045166,115932.457582,115932.457624,1869.8783487741935,36.972061000000004,112068.045166,14224.614758510697,91.16933859999999,63.35102321311475,11.252652778810178,0.5347941490513722,15,64,,True,True,,298,87.6246207195492
110,2026-09-18T06:49:33.575+00:00,2026-09-18T06:51:26.728+00:00,2026-09-18T06:51:29.146+00:00,True,39,39.0,,39.0,113152.368312,115570.841784,115570.84188600001,2963.3549201538463,34.760055,113152.368312,18108.693451682186,92.9889515,63.644038736842106,13.387083756375793,0.33745535982934477,15,64,,True,True,,202,87.6246207195492
111,2026-09-18T06:49:34.010+00:00,2026-09-18T06:51:28.567+00:00,2026-09-18T06:51:29.239+00:00,True,12,12.0,,12.0,114557.261126,115228.77958999999,115228.779583,9602.398298583334,35.434184,114557.261126,33052.213208186055,51603.1923759,61.04713309090909,15.30888553812527,0.1041406499547914,15,64,,True,True,,53,87.6246207195492
112,2026-09-18T06:49:34.463+00:00,2026-09-18T06:51:30.531+00:00,2026-09-18T06:51:30.696+00:00,True,4,4.0,,4.0,116067.142455,116232.472119,116232.471979,29058.11799475,36.433643,116067.142455,58006.017811968035,98666.8231731,55.109888,16.183985333838137,0.034413790974907245,15,64,,True,True,,17,87.6246207195492
113,2026-09-18T06:49:35.145+00:00,2026-09-18T06:51:31.668+00:00,2026-09-18T06:51:33.604+00:00,True,31,31.0,,31.0,116523.593103,118458.73140700001,118458.73146200001,3821.2494020000004,38.655939,116523.593103,20916.67398632442,93.513547,64.50461013333333,13.520504422076147,0.26169451277922545,15,64,,True,True,,120,87.6246207195492
114,2026-09-18T06:49:35.235+00:00,2026-09-18T06:51:33.354+00:00,2026-09-18T06:51:35.510+00:00,True,35,35.0,,35.0,118118.85213,120274.773794,120274.77376,3436.4221074285715,37.410301,118118.85213,19955.01747478192,95.2528246,63.40946070588235,15.09507246078265,0.2910003394389755,15,64,,True,True,,191,87.6246207195492
115,2026-09-18T06:49:35.485+00:00,2026-09-18T06:51:34.864+00:00,2026-09-18T06:51:35.199+00:00,True,7,7.0,,7.0,119379.03927699999,119713.82199699999,119713.82220799998,17101.974601142854,36.266183,119379.03927699999,45099.948053167216,83585.6904541,55.79712,13.671547266914889,0.05847278019555184,15,64,,True,True,,20,87.6246207195492
116,2026-09-18T06:49:35.756+00:00,2026-09-18T06:51:36.150+00:00,2026-09-18T06:51:39.023+00:00,True,47,47.0,,47.0,120393.583858,123266.62117,123266.621031,2622.6940644893616,34.979095,120393.583858,17552.10151629552,88.9849498,62.45733286956522,9.966927529197436,0.3812873229905536,15,64,,True,True,,224,87.6246207195492
117,2026-09-18T06:49:36.226+00:00,2026-09-18T06:51:38.014+00:00,2026-09-18T06:51:39.404+00:00,True,23,23.0,,23.0,121787.748734,123178.53478199999,123178.53477099999,5355.588468304348,37.165762,121787.748734,25381.321843761067,93.6490223,63.21754763636363,11.638162935921683,0.1867208441852726,15,64,,True,True,,101,87.6246207195492
118,2026-09-18T06:49:36.684+00:00,2026-09-18T06:51:39.776+00:00,2026-09-18T06:51:43.260+00:00,True,58,58.0,,58.0,123091.61206900001,126576.08387700001,126576.08381000001,2182.346272586207,35.561444,123091.61206900001,16154.696193721797,71.837177,61.131084350877195,9.251221683373815,0.4582224242010943,15,64,,True,True,,184,87.6246207195492
119,2026-09-18T06:49:37.151+00:00,2026-09-18T06:51:41.735+00:00,2026-09-18T06:51:41.901+00:00,True,4,4.0,,4.0,124583.577495,124749.502359,124749.502378,31187.3755945,35.612055,124583.577495,62264.13622611216,105906.34945155,55.308288,17.426392369446067,0.032064256164236485,15,64,,True,True,,18,87.6246207195492
120,2026-09-18T06:49:37.465+00:00,2026-09-18T06:51:43.007+00:00,2026-09-18T06:51:46.266+00:00,True,55,55.0,,55.0,125541.361781,128800.697205,128800.697167,2341.8308575818182,37.72583,125541.361781,16919.856840614808,67.9901651,60.35806340740741,7.769650666337528,0.42701632206587864,15,64,,True,True,,240,87.6246207195492
121,2026-09-18T06:49:37.913+00:00,2026-09-18T06:51:44.634+00:00,2026-09-18T06:51:46.718+00:00,True,36,36.0,,36.0,126721.538353,128805.809457,128805.809429,3577.9391508055555,36.068312,126721.538353,21110.33391461802,73.44178549999998,59.550602971428575,10.676808637714277,0.27949049931647757,15,64,,True,True,,165,87.6246207195492
122,2026-09-18T06:49:38.259+00:00,2026-09-18T06:51:45.693+00:00,2026-09-18T06:51:46.271+00:00,True,11,11.0,,11.0,127433.20013,128011.837954,128011.837732,11637.439793818181,41.188064,127433.20013,38405.10999387509,63750.3246825,57.8637824,9.506716465523276,0.08592955288988788,15,64,,True,True,,46,87.6246207195492
123,2026-09-18T06:49:38.720+00:00,2026-09-18T06:51:47.732+00:00,2026-09-18T06:51:48.717+00:00,True,17,17.0,,17.0,129011.873889,129997.330273,129997.330462,7646.901791882353,36.055473,129011.873889,31275.038309420503,25858.950776199996,61.591024,7.570546657484227,0.13077191634858398,15,64,,True,True,,56,87.6246207195492
124,2026-09-18T06:49:38.996+00:00,2026-09-18T06:51:48.407+00:00,2026-09-18T06:51:51.833+00:00,True,57,57.0,,57.0,129411.396859,132837.601275,132837.601363,2330.4842344385966,37.953789,129411.396859,17132.857238519613,78.5769218,61.18222171428572,9.83188720343301,0.42909537249169966,15,64,,True,True,,321,87.6246207195492
125,2026-09-18T06:49:39.305+00:00,2026-09-18T06:51:49.380+00:00,2026-09-18T06:51:55.175+00:00,True,94,94.0,,94.0,130075.885505,135870.741697,135870.741793,1445.4334233297873,34.541596,130075.885505,13409.88087287037,90.42119365,62.310281634408604,11.038318249787498,0.6918340094854689,15,64,,True,True,,434,87.6246207195492
126,2026-09-18T06:49:39.774+00:00,2026-09-18T06:51:51.128+00:00,2026-09-18T06:51:57.035+00:00,True,95,95.0,,95.0,131353.440174,137260.365742,137260.365783,1444.8459556105263,38.026809,131353.440174,13470.135486231235,88.3912254,62.83963370212766,10.550135123690723,0.6921153057290096,15,64,,True,True,,439,87.6246207195492
127,2026-09-18T06:49:40.100+00:00,2026-09-18T06:51:52.311+00:00,2026-09-18T06:51:54.772+00:00,True,41,41.0,,41.0,132211.242019,134672.184099,134672.18421099999,3284.6874197804877,38.264039,132211.242019,20638.32079598532,71.406127,61.523552,9.49801487012061,0.304442972201744,15,64,,True,True,,179,87.6246207195492
128,2026-09-18T06:49:40.457+00:00,2026-09-18T06:51:53.506+00:00,2026-09-18T06:51:54.835+00:00,True,23,23.0,,23.0,133049.575169,134378.076929,134378.07695299998,5842.525084913043,37.161519999999996,133049.575169,27730.165427371667,92.26526689999999,60.38644363636363,12.442541620642466,0.17115887148877923,15,64,,True,True,,97,87.6246207195492
129,2026-09-18T06:49:40.874+00:00,2026-09-18T06:51:55.429+00:00,2026-09-18T06:51:59.231+00:00,True,65,65.0,,65.0,134555.324635,138357.374939,138357.374888,2128.574998276923,38.117667999999995,134555.324635,16682.167703713814,67.04255540000001,59.407036,8.753871574940852,0.46979786967378984,15,64,,True,True,,220,87.6246207195492
130,2026-09-18T06:49:41.247+00:00,2026-09-18T06:51:56.853+00:00,2026-09-18T06:52:02.230+00:00,True,89,89.0,,89.0,135606.110729,140982.790665,140982.790797,1584.0763010898877,35.918623,135606.110729,14367.745270162633,69.55512440000001,61.09863563636363,8.897839589427912,0.6312827230912155,15,64,,True,True,,468,87.6246207195492
131,2026-09-18T06:49:41.620+00:00,2026-09-18T06:51:58.311+00:00,2026-09-18T06:52:01.859+00:00,True,58,58.0,,58.0,136690.321121,140239.12905699998,140239.129226,2417.916021137931,37.15232,136690.321121,17940.14532787143,71.9379953,62.259788350877194,8.473782368615337,0.41357929409577254,15,64,,True,True,,246,87.6246207195492
132,2026-09-18T06:49:41.995+00:00,2026-09-18T06:51:59.789+00:00,2026-09-18T06:52:00.663+00:00,True,15,15.0,,15.0,137793.718796,138668.273676,138668.273526,9244.5515684,41.094913999999996,137793.718796,35562.05800328329,41407.5592473,62.468205714285716,12.422148861680276,0.10817182331877635,15,64,,True,True,,98,87.6246207195492
133,2026-09-18T06:49:42.299+00:00,2026-09-18T06:52:00.775+00:00,2026-09-18T06:52:03.640+00:00,True,47,47.0,,47.0,138475.734419,141340.72949099998,141340.72954899998,3007.24956487234,30.920692,138475.734419,20189.681253673403,95.3397437,62.28250156521739,13.270857393145782,0.332529768094856,15,64,,True,True,,281,87.6246207195492
134,2026-09-18T06:49:42.749+00:00,2026-09-18T06:52:02.487+00:00,2026-09-18T06:52:06.274+00:00,True,62,62.0,,62.0,139737.50936899998,143524.62284099997,143524.62286099998,2314.9132719516124,37.007121,139737.50936899998,17738.800501261005,95.82197595,62.08382740983607,11.581463868356304,0.4319816263769952,15,64,,True,True,,301,87.6246207195492
135,2026-09-18T06:49:43.061+00:00,2026-09-18T06:52:03.769+00:00,2026-09-18T06:52:05.844+00:00,True,34,34.0,,34.0,140708.094435,142783.457251,142783.457257,4199.513448735294,41.036093,140708.094435,24120.455334757655,91.84812085000002,62.8897823030303,9.276495255817201,0.2381228235721395,15,64,,True,True,,139,87.6246207195492
136,2026-09-18T06:49:43.368+00:00,2026-09-18T06:52:04.813+00:00,2026-09-18T06:52:08.880+00:00,True,66,66.0,,66.0,141445.149845,145511.724437,145511.724307,2204.723095560606,36.440672,141445.149845,17402.996858228296,93.23523550000002,62.56268603076923,10.972876005487533,0.45357169846870327,15,64,,True,True,,297,87.6246207195492
137,2026-09-18T06:49:43.806+00:00,2026-09-18T06:52:06.658+00:00,2026-09-18T06:52:11.280+00:00,True,76,76.0,,76.0,142852.47210400001,147474.491688,147474.49157,1940.4538364473685,38.813427000000004,142852.47210400001,16379.23572439419,75.091932,61.62692778666667,9.03033890732739,0.5153433595878203,15,64,,True,True,,406,87.6246207195492
138,2026-09-18T06:49:44.095+00:00,2026-09-18T06:52:07.637+00:00,2026-09-18T06:52:10.849+00:00,True,54,54.0,,54.0,143542.111033,146754.778425,146754.77836599998,2717.6810808518517,40.222425,143542.111033,19525.35921603563,67.06561430000001,60.61636588679245,6.025526288046247,0.3679607613430936,15,64,,True,True,,177,87.6246207195492
139,2026-09-18T06:49:44.520+00:00,2026-09-18T06:52:09.380+00:00,2026-09-18T06:52:10.431+00:00,True,19,19.0,,19.0,144859.80507,145910.670734,145910.670781,7679.508988473684,40.698414,144859.80507,33219.72575678779,14544.6756531,58.38142577777778,7.8972247155469795,0.1302166586201062,15,64,,True,True,,110,87.6246207195492
140,2026-09-18T06:49:44.918+00:00,2026-09-18T06:52:10.898+00:00,2026-09-18T06:52:15.293+00:00,True,70,70.0,,70.0,145979.325465,150374.369049,150374.369074,2148.2052724857144,37.49496,145979.325465,17440.256987200028,90.52522275000001,63.696283826086955,11.18172458838044,0.4655048625819355,15,64,,True,True,,383,87.6246207195492
141,2026-09-18T06:49:45.276+00:00,2026-09-18T06:52:12.357+00:00,2026-09-18T06:52:14.390+00:00,True,33,33.0,,33.0,147080.969516,149114.41745200002,149114.417435,4518.618710151515,32.652809,147080.969516,25592.45163117264,91.68362080000001,63.545248,12.652480267135509,0.22130656823055161,15,64,,True,True,,182,87.6246207195492
142,2026-09-18T06:49:45.671+00:00,2026-09-18T06:52:13.798+00:00,2026-09-18T06:52:15.630+00:00,True,31,31.0,,31.0,148127.114948,149959.038916,149959.039084,4837.388357548387,39.615616,148127.114948,26593.44997671582,86.7154285,61.06413226666667,11.004707191220433,0.20672311735316432,15,64,,True,True,,93,87.6246207195492
143,2026-09-18T06:49:46.102+00:00,2026-09-18T06:52:15.627+00:00,2026-09-18T06:52:20.307+00:00,True,74,74.0,,74.0,149524.874785,154204.611361,154204.611533,2083.8461017972973,35.775503,149524.874785,17374.46658614467,94.88398484999999,64.10598049315068,13.441350094643715,0.47988188775212853,15,64,,True,True,,357,87.6246207195492
144,2026-09-18T06:49:46.420+00:00,2026-09-18T06:52:16.875+00:00,2026-09-18T06:52:22.861+00:00,True,94,94.0,,94.0,150454.685077,156441.101461,156441.101448,1664.267036680851,35.800664,150454.685077,15511.58184992982,95.99743579999999,64.3700686451613,12.815148394775997,0.6008651123147054,15,64,,True,True,,455,87.6246207195492
145,2026-09-18T06:49:46.731+00:00,2026-09-18T06:52:18.108+00:00,2026-09-18T06:52:19.909+00:00,True,29,29.0,,29.0,151376.721682,153177.456658,153177.456746,5281.981267103449,40.492305,151376.721682,28098.013670014658,104.03082839999999,64.31196342857143,16.332949780912458,0.1893228979819689,15,64,,True,True,,118,87.6246207195492
146,2026-09-18T06:49:47.085+00:00,2026-09-18T06:52:19.392+00:00,2026-09-18T06:52:23.635+00:00,True,67,67.0,,67.0,152307.28908000002,156550.347,156550.347042,2336.572343910448,36.616811999999996,152307.28908000002,18599.445916156546,91.91486520000001,64.28875636363637,10.924284174314758,0.42797733306844726,15,64,,True,True,,324,87.6246207195492
147,2026-09-18T06:49:47.420+00:00,2026-09-18T06:52:20.859+00:00,2026-09-18T06:52:25.259+00:00,True,70,70.0,,70.0,153438.966956,157838.596012,157838.595985,2254.8370855,37.149021,153438.966956,18331.8464107313,90.7794073,63.762739942028986,10.922086185430338,0.4434910203755114,15,64,,True,True,,265,87.6246207195492
148,2026-09-18T06:49:47.853+00:00,2026-09-18T06:52:22.313+00:00,2026-09-18T06:52:27.808+00:00,True,87,87.0,,87.0,154460.281403,159955.229499,159955.229481,1838.5658561034484,36.428841999999996,154460.281403,16553.03369602881,93.0796553,63.89474530232558,10.90310942753318,0.5439021923352865,15,64,,True,True,,294,87.6246207195492
150,2026-09-18T06:49:48.810+00:00,2026-09-18T06:52:24.272+00:00,2026-09-18T06:52:24.272+00:00,True,1,1.0,,1.0,155461.841388,155461.841388,155461.841388,155461.841388,155461.841388,155461.841388,nan,155461.841388,nan,nan,0.006432446644602714,15,64,,True,True,,4,87.6246207195492
149,2026-09-18T06:49:48.775+00:00,2026-09-18T06:52:25.260+00:00,2026-09-18T06:52:30.027+00:00,True,77,77.0,,77.0,156485.001442,161252.00713800002,161252.00721500002,2094.181911883117,36.803671,156485.001442,17825.975809530988,82.6008704,62.72375915789474,10.189298780010482,0.47751343605976415,15,64,,True,True,,336,87.6246207195492
151,2026-09-18T06:49:49.183+00:00,2026-09-18T06:52:27.077+00:00,2026-09-18T06:52:28.985+00:00,True,31,31.0,,31.0,157893.553088,159801.586112,159801.58601099998,5154.88987132258,36.274152,157893.553088,28347.099030907768,102.1694095,63.6011008,12.894053497808088,0.1939905651391536,15,64,,True,True,,154,87.6246207195492
152,2026-09-18T06:49:49.496+00:00,2026-09-18T06:52:28.413+00:00,2026-09-18T06:52:32.439+00:00,True,65,65.0,,65.0,158916.78259400002,162942.83264200002,162942.83248900002,2506.812807523077,36.079313,158916.78259400002,19703.401516340997,90.53226900000001,62.907032,11.357548101125795,0.3989129128668753,15,64,,True,True,,239,87.6246207195492
153,2026-09-18T06:49:49.925+00:00,2026-09-18T06:52:29.894+00:00,2026-09-18T06:52:31.448+00:00,True,26,26.0,,26.0,159968.921195,161523.155307,161523.155368,6212.4290526153845,42.264401,159968.921195,31360.295395500758,87.35859675,62.16936448,9.017010931215756,0.1609676330962142,15,64,,True,True,,88,87.6246207195492
154,2026-09-18T06:49:50.346+00:00,2026-09-18T06:52:31.684+00:00,2026-09-18T06:52:36.132+00:00,True,69,69.0,,69.0,161338.120875,165786.35485899998,165786.354903,2402.7007956956522,36.333771999999996,161338.120875,19414.957813727797,98.8983156,65.41520564705883,14.805679185990288,0.4161983056970157,15,64,,True,True,,304,87.6246207195492
155,2026-09-18T06:49:50.618+00:00,2026-09-18T06:52:32.726+00:00,2026-09-18T06:52:35.221+00:00,True,40,40.0,,40.0,162107.82960499998,164603.53110899997,164603.531233,4115.088280825,34.092805999999996,162107.82960499998,25621.38449700853,98.32301685,63.99234625641026,14.810639947072127,0.24300815256212283,15,64,,True,True,,114,87.6246207195492
156,2026-09-18T06:49:50.958+00:00,2026-09-18T06:52:34.311+00:00,2026-09-18T06:52:36.363+00:00,True,32,32.0,,32.0,163352.637598,165404.67651,165404.676603,5168.89614384375,38.13632,163352.637598,28865.241894009436,99.56363074999999,66.19480361290323,15.735424849090517,0.19346490483336093,15,64,,True,True,,139,87.6246207195492
157,2026-09-18T06:49:51.329+00:00,2026-09-18T06:52:35.803+00:00,2026-09-18T06:52:38.887+00:00,True,48,48.0,,48.0,164473.234452,167557.186068,167557.186114,3490.7747107083333,36.580762,164473.234452,23730.200798305897,101.33017464999999,65.61599182978723,15.733415672524325,0.2864693608576124,15,64,,True,True,,232,87.6246207195492
158,2026-09-18T06:49:51.621+00:00,2026-09-18T06:52:36.788+00:00,2026-09-18T06:52:38.881+00:00,True,33,33.0,,33.0,165166.614074,167260.13753,167260.13764300002,5068.4890194848485,40.278844,165166.614074,28740.43218151724,103.1390596,65.422608,14.968739294484285,0.19729745824273925,15,64,,True,True,,156,87.6246207195492
159,2026-09-18T06:49:52.091+00:00,2026-09-18T06:52:38.683+00:00,2026-09-18T06:52:44.468+00:00,True,93,93.0,,93.0,166591.723809,172376.872737,172376.872747,1853.5147607204299,35.284315,166591.723809,17268.240073181223,91.50796759999999,62.88205356521739,11.219591026311834,0.5395155308443993,15,64,,True,True,,389,87.6246207195492
160,2026-09-18T06:49:52.484+00:00,2026-09-18T06:52:40.173+00:00,2026-09-18T06:52:41.797+00:00,True,26,26.0,,26.0,167689.202486,169312.76984599998,169312.76997999998,6512.029614615384,34.734675,167689.202486,32873.82404074035,97.133071,64.9426944,11.866486652467724,0.15356195533064956,15,64,,True,True,,97,87.6246207195492
161,2026-09-18T06:49:52.858+00:00,2026-09-18T06:52:41.801+00:00,2026-09-18T06:52:45.471+00:00,True,60,60.0,,60.0,168943.066133,172613.308181,172613.308202,2876.8884700333333,36.612222,168943.066133,21802.427630446742,90.02684425,62.20749233898305,10.593948799366665,0.3475977642296549,15,64,,True,True,,254,87.6246207195492
162,2026-09-18T06:49:53.157+00:00,2026-09-18T06:52:42.942+00:00,2026-09-18T06:52:43.883+00:00,True,16,16.0,,16.0,169784.637089,170726.017953,170726.018053,10670.3761283125,42.755739999999996,169784.637089,42430.47074507872,42513.9238655,62.75872426666667,10.250222117737126,0.09371740869868304,15,64,,True,True,,82,87.6246207195492
163,2026-09-18T06:49:53.490+00:00,2026-09-18T06:52:44.151+00:00,2026-09-18T06:52:48.267+00:00,True,67,67.0,,67.0,170660.332149,174776.63678899998,174776.63669699998,2608.606517865672,38.164759,170660.332149,20841.8624575922,94.5722917,62.36825212121212,13.011267290135903,0.38334643137049323,15,64,,True,True,,292,87.6246207195492
164,2026-09-18T06:49:53.932+00:00,2026-09-18T06:52:45.658+00:00,2026-09-18T06:52:51.037+00:00,True,87,87.0,,87.0,171725.605006,177104.415118,177104.415241,2035.6829338045977,36.177093,171725.605006,18404.2159908281,92.9809116,62.54430362790698,12.320910276166108,0.4912356360062181,15,64,,True,True,,445,87.6246207195492
165,2026-09-18T06:49:54.294+00:00,2026-09-18T06:52:47.255+00:00,2026-09-18T06:52:48.677+00:00,True,23,23.0,,23.0,172960.26038800002,174382.29763600003,174382.29749700002,7581.839021608696,41.243343,172960.26038800002,36051.232444905385,112.48066510000001,64.63805672727273,15.2036825892578,0.13189412177610743,15,64,,True,True,,126,87.6246207195492
166,2026-09-18T06:49:54.561+00:00,2026-09-18T06:52:48.388+00:00,2026-09-18T06:52:49.796+00:00,True,23,23.0,,23.0,173827.051447,175235.177143,175235.177127,7618.920744652174,53.409290999999996,173827.051447,36232.100413059336,86.8499683,64.00571345454546,7.530536854058128,0.13125218563411464,15,64,,True,True,,100,87.6246207195492
167,2026-09-18T06:49:54.838+00:00,2026-09-18T06:52:49.247+00:00,2026-09-18T06:52:51.212+00:00,True,34,34.0,,34.0,174409.162184,176374.40096799997,176374.40089199998,5187.48237917647,39.144067,174409.162184,29900.712733847373,74.2492486,59.55269042424242,9.242404065959567,0.1927717390584856,15,64,,True,True,,123,87.6246207195492
168,2026-09-18T06:49:55.225+00:00,2026-09-18T06:52:50.876+00:00,2026-09-18T06:52:56.564+00:00,True,87,87.0,,87.0,175650.389116,181338.571388,181338.571271,2084.3513939195404,39.906245999999996,175650.389116,18824.611560740854,95.738691,66.1416543255814,12.79561606447815,0.4797655530981931,15,64,,True,True,,512,87.6246207195492
169,2026-09-18T06:49:55.656+00:00,2026-09-18T06:52:52.557+00:00,2026-09-18T06:52:56.562+00:00,True,62,62.0,,62.0,176900.80903099998,180905.879879,180905.879739,2917.836769983871,37.56372,176900.80903099998,22458.090348533187,93.78042065,65.65689914754098,12.766972091025858,0.3427196509116734,15,64,,True,True,,207,87.6246207195492
170,2026-09-18T06:49:56.119+00:00,2026-09-18T06:52:54.028+00:00,2026-09-18T06:52:57.373+00:00,True,52,52.0,,52.0,177909.41357499998,181254.055111,181254.05502799997,3485.6549043846153,34.596356,177909.41357499998,24662.505510499188,95.8329329,65.58120658823529,12.947926320207019,0.28689013312367107,15,64,,True,True,,246,87.6246207195492
171,2026-09-18T06:49:56.574+00:00,2026-09-18T06:52:56.107+00:00,2026-09-18T06:52:59.988+00:00,True,62,62.0,,62.0,179533.397952,183414.337984,183414.337973,2958.2957737580646,36.403282,179533.397952,22792.688141357772,95.33841595000001,63.62196773770492,13.268311300174732,0.33803246071966586,15,64,,True,True,,192,87.6246207195492
172,2026-09-18T06:49:56.997+00:00,2026-09-18T06:52:57.504+00:00,2026-09-18T06:52:59.795+00:00,True,37,37.0,,37.0,180506.854194,182797.056562,182797.056595,4940.460989054054,35.093114,180506.854194,29664.68847748222,98.4419792,63.616732444444445,13.46913318917541,0.20241026138979737,15,64,,True,True,,186,87.6246207195492
173,2026-09-18T06:49:57.338+00:00,2026-09-18T06:52:58.910+00:00,2026-09-18T06:53:01.534+00:00,True,43,43.0,,43.0,181572.317465,184195.615769,184195.615805,4283.618972209302,36.462642,181572.317465,27679.99570897337,87.734692,62.459483428571424,10.285948126602046,0.2334474673595183,15,64,,True,True,,193,87.6246207195492
174,2026-09-18T06:49:57.604+00:00,2026-09-18T06:52:59.854+00:00,2026-09-18T06:53:01.988+00:00,True,35,35.0,,35.0,182249.71459299998,184383.347361,184383.34728899997,5268.095636828571,42.362731,182249.71459299998,30795.21819772603,84.03501560000001,62.75390494117647,8.730136500681779,0.18982191451093622,15,64,,True,True,,152,87.6246207195492
175,2026-09-18T06:49:57.979+00:00,2026-09-18T06:53:01.469+00:00,2026-09-18T06:53:07.356+00:00,True,99,99.0,,99.0,183490.009008,189377.027248,189377.027091,1912.8992635454545,32.884458,183490.009008,18435.404230225573,69.2146519,60.07161469387755,8.361755058617971,0.5227666810418028,15,64,,True,True,,341,87.6246207195492
176,2026-09-18T06:49:58.307+00:00,2026-09-18T06:53:02.710+00:00,2026-09-18T06:53:07.156+00:00,True,75,75.0,,75.0,184403.112945,188849.133553,188849.13363,2517.9884484,38.496258000000005,184403.112945,21286.101070544242,67.64302670000001,60.08135956756757,7.457915644144676,0.3971424098641758,15,64,,True,True,,388,87.6246207195492
177,2026-09-18T06:49:58.702+00:00,2026-09-18T06:53:04.477+00:00,2026-09-18T06:53:05.451+00:00,True,17,17.0,,17.0,185775.106523,186749.14069899998,186749.140613,10985.243565470588,37.83896,185775.106523,45042.317723438995,37216.0947262,60.877136,9.898298142238824,0.09103120869188039,15,64,,True,True,,72,87.6246207195492
178,2026-09-18T06:49:59.103+00:00,2026-09-18T06:53:05.742+00:00,2026-09-18T06:53:11.084+00:00,True,91,91.0,,91.0,186638.77586000002,191980.866356,191980.86657100002,2109.679852428572,36.289652000000004,186638.77586000002,19558.84023732663,70.00906450000001,59.35656106666667,10.19594536010116,0.47400557007204047,15,64,,True,True,,431,87.6246207195492
179,2026-09-18T06:49:59.428+00:00,2026-09-18T06:53:06.737+00:00,2026-09-18T06:53:08.053+00:00,True,23,23.0,,23.0,187309.05262099998,188624.796365,188624.79625299998,8201.07809795652,34.071226,187309.05262099998,39044.168634277325,89.1066955,59.80653381818182,12.143927316291224,0.12193518796698213,15,64,,True,True,,93,87.6246207195492
180,2026-09-18T06:49:59.873+00:00,2026-09-18T06:53:08.503+00:00,2026-09-18T06:53:12.238+00:00,True,63,63.0,,63.0,188630.306382,192365.15950200002,192365.159346,3053.4152277142857,35.491484,188630.306382,23757.597538422724,69.43314099999999,60.2395664516129,10.373821526896592,0.3275021327307713,15,64,,True,True,,242,87.6246207195492
181,2026-09-18T06:50:00.217+00:00,2026-09-18T06:53:10.233+00:00,2026-09-18T06:53:13.031+00:00,True,46,46.0,,46.0,190015.07202700002,192813.62025100001,192813.62036000003,4191.600442608696,33.925056,190015.07202700002,28007.02646080085,87.86760375,62.189960533333334,10.574732391892516,0.2385723578039681,15,64,,True,True,,221,87.6246207195492
182,2026-09-18T06:50:00.641+00:00,2026-09-18T06:53:11.694+00:00,2026-09-18T06:53:16.677+00:00,True,80,80.0,,80.0,191052.87717,196035.93585799998,196035.93591099998,2450.4491988874997,36.717661,191052.87717,21353.312416120003,93.68047550000001,63.07669225316456,12.43051806658312,0.4080884438348516,15,64,,True,True,,240,87.6246207195492
183,2026-09-18T06:50:00.947+00:00,2026-09-18T06:53:12.783+00:00,2026-09-18T06:53:14.754+00:00,True,33,33.0,,33.0,191835.61035,193807.460846,193807.460777,5872.953356878788,39.556566,191835.61035,33383.568588091184,93.8737206,61.620328,11.537505478549031,0.1702720826945971,15,64,,True,True,,133,87.6246207195492
184,2026-09-18T06:50:01.296+00:00,2026-09-18T06:53:13.965+00:00,2026-09-18T06:53:15.423+00:00,True,24,24.0,,24.0,192668.790606,194126.16814199998,194126.168204,8088.590341833333,34.739025,192668.790606,39315.42048229329,98.68294304999999,63.36424069565217,14.217647446967238,0.12363093667230071,15,64,,True,True,,143,87.6246207195492
187,2026-09-18T06:50:02.728+00:00,2026-09-18T06:53:16.350+00:00,2026-09-18T06:53:19.796+00:00,True,55,55.0,,55.0,193622.127512,197068.225432,197068.225335,3583.0586424545454,35.171944,193622.127512,26099.400654371548,95.520873,63.81662814814815,13.3255496307509,0.2790911618523616,15,64,,True,True,,256,87.6246207195492
186,2026-09-18T06:50:02.637+00:00,2026-09-18T06:53:17.367+00:00,2026-09-18T06:53:23.453+00:00,True,98,98.0,,98.0,194730.254693,200815.324773,200815.32483599999,2049.1359677142855,37.74677,194730.254693,19664.394070118677,96.17811800000001,62.732681237113404,13.811027824595596,0.4880105644864425,15,64,,True,True,,443,87.6246207195492
185,2026-09-18T06:50:02.592+00:00,2026-09-18T06:53:17.711+00:00,2026-09-18T06:53:23.517+00:00,True,94,94.0,,94.0,195119.67182800002,200925.981972,200925.98195100002,2137.510446287234,36.542671999999996,195119.67182800002,20118.62276048944,93.6721811,62.43344240860215,13.928608147742109,0.4678339708853549,15,64,,True,True,,527,87.6246207195492
188,2026-09-18T06:50:02.794+00:00,2026-09-18T06:53:19.055+00:00,2026-09-18T06:53:25.070+00:00,True,97,97.0,,97.0,196261.391419,202276.05740299998,202276.057423,2085.3201796185567,37.775739,196261.391419,19920.96787575109,94.1850468,62.65277066666666,12.98313316305842,0.47954266681569885,15,64,,True,True,,434,87.6246207195492
189,2026-09-18T06:50:03.083+00:00,2026-09-18T06:53:21.628+00:00,2026-09-18T06:53:27.178+00:00,True,89,89.0,,89.0,198544.82667699998,204094.170421,204094.17042999997,2293.192926179775,38.004599,198544.82667699998,21039.02911767083,93.61238539999998,63.06072436363637,13.05553792058766,0.43607320981492603,15,64,,True,True,,303,87.6246207195492
190,2026-09-18T06:50:03.531+00:00,2026-09-18T06:53:22.898+00:00,2026-09-18T06:53:26.405+00:00,True,57,57.0,,57.0,199367.023081,202874.063081,202874.063119,3559.1940898070175,32.757269,199367.023081,26398.515517329837,92.38987959999999,62.62571428571428,13.106841536909151,0.28096248053770206,15,64,,True,True,,245,87.6246207195492
191,2026-09-18T06:50:03.977+00:00,2026-09-18T06:53:25.008+00:00,2026-09-18T06:53:26.603+00:00,True,27,27.0,,27.0,201030.54531299998,202625.78320099998,202625.783122,7504.658634148147,39.951476,201030.54531299998,38676.53986390046,87.59944610000001,61.35530338461538,9.878501406081371,0.13325056453065817,15,64,,True,True,,123,87.6246207195492
192,2026-09-18T06:50:04.315+00:00,2026-09-18T06:53:26.481+00:00,2026-09-18T06:53:30.921+00:00,True,73,73.0,,73.0,202166.585723,206605.80671499998,206605.8068,2830.216531506849,36.789321,202166.585723,23654.595087521117,86.058469,61.655847111111115,10.368825699786875,0.35332985631279484,15,64,,True,True,,320,87.6246207195492
193,2026-09-18T06:50:04.647+00:00,2026-09-18T06:53:27.438+00:00,2026-09-18T06:53:32.359+00:00,True,81,81.0,,81.0,202791.263028,207711.973428,207711.97319599998,2564.345348098765,38.057209,202791.263028,22525.530193990955,77.772094,61.50888,9.444025071974869,0.389963075614788,15,64,,True,True,,387,87.6246207195492
194,2026-09-18T06:50:05.002+00:00,2026-09-18T06:53:28.669+00:00,2026-09-18T06:53:31.268+00:00,True,43,43.0,,43.0,203667.70652200002,206266.64693800002,206266.64716800002,4796.898771348838,31.92295,203667.70652200002,31049.599468381388,91.32210149999999,61.879533714285714,11.115099003505005,0.2084680225248681,15,64,,True,True,,218,87.6246207195492
195,2026-09-18T06:50:05.328+00:00,2026-09-18T06:53:29.699+00:00,2026-09-18T06:53:33.813+00:00,True,68,68.0,,68.0,204371.226901,208485.231125,208485.23109599997,3065.9592808235293,34.873245000000004,204371.226901,24776.208237310755,90.43347115,61.40304811940298,11.915878235326032,0.32616219207983,15,64,,True,True,,210,87.6246207195492
196,2026-09-18T06:50:05.754+00:00,2026-09-18T06:53:31.642+00:00,2026-09-18T06:53:32.575+00:00,True,16,16.0,,16.0,205887.985668,206821.016068,206821.016165,12926.3135103125,37.878549,205887.985668,51456.447240417154,51543.520176000005,62.20202666666666,12.117728931307658,0.07736157719455074,15,64,,True,True,,69,87.6246207195492
197,2026-09-18T06:50:06.049+00:00,2026-09-18T06:53:32.760+00:00,2026-09-18T06:53:35.180+00:00,True,40,40.0,,40.0,206710.63458399998,209130.01301599998,209130.013154,5228.250328849999,40.076004999999995,206710.63458399998,32674.01454977547,86.9225216,62.03534441025641,11.885526004911167,0.19126857701165878,15,64,,True,True,,201,87.6246207195492
198,2026-09-18T06:50:06.356+00:00,2026-09-18T06:53:34.283+00:00,2026-09-18T06:53:39.849+00:00,True,89,89.0,,89.0,207927.047984,213492.59934400002,213492.59944700002,2398.7932522134834,34.899624,207927.047984,22033.522236587425,92.1671914,63.24490181818182,11.900005156277588,0.4168762770862823,15,64,,True,True,,369,87.6246207195492
199,2026-09-18T06:50:06.762+00:00,2026-09-18T06:53:35.624+00:00,2026-09-18T06:53:41.669+00:00,True,97,97.0,,97.0,208862.13257800002,214906.75593800002,214906.75596600003,2215.533566659794,38.072909,208862.13257800002,21200.34636486965,91.41768100000002,62.96482666666667,11.221663211930979,0.4513585418784332,15,64,,True,True,,437,87.6246207195492
200,2026-09-18T06:50:07.152+00:00,2026-09-18T06:53:37.178+00:00,2026-09-18T06:53:38.769+00:00,True,27,27.0,,27.0,210025.434136,211616.52124,211616.521243,7837.6489349259255,36.152091999999996,210025.434136,40407.63779054806,84.9258482,61.19565784615385,10.271918318731268,0.12758928197944702,15,64,,True,True,,150,87.6246207195492
201,2026-09-18T06:50:07.558+00:00,2026-09-18T06:53:39.293+00:00,2026-09-18T06:53:39.845+00:00,True,10,10.0,,10.0,211735.36957100002,212286.91773100002,212286.91773000002,21228.691773000002,41.342802000000006,211735.36957100002,66937.22408767755,116487.78838745001,61.28312888888889,9.572367648919837,0.047106058662887224,15,64,,True,True,,38,87.6246207195492
202,2026-09-18T06:50:07.983+00:00,2026-09-18T06:53:40.413+00:00,2026-09-18T06:53:40.572+00:00,True,4,4.0,,4.0,212429.448865,212588.10819300002,212588.10807900003,53147.02701975001,37.061001,212429.448865,106188.28190546953,180574.93507330003,52.88644266666667,14.66711108536665,0.018815727906890088,15,64,,True,True,,12,87.6246207195492
203,2026-09-18T06:50:08.415+00:00,2026-09-18T06:53:42.135+00:00,2026-09-18T06:53:43.181+00:00,True,19,19.0,,19.0,213719.924124,214765.76758,214765.76741,11303.46144263158,35.929743,213719.924124,49017.38437862597,21433.677712200006,58.10241422222222,8.81618538155793,0.08846847527934135,15,64,,True,True,,94,87.6246207195492
204,2026-09-18T06:50:08.834+00:00,2026-09-18T06:53:43.615+00:00,2026-09-18T06:53:49.642+00:00,True,95,95.0,,95.0,214780.97025299998,220808.17460499998,220808.17438399998,2324.2965724631576,0.02084,214780.97025299998,22029.495175788317,93.20031039999999,64.11919523404255,22.207350572224442,0.43023769464126,15,64,,True,True,,393,87.6246207195492
205,2026-09-18T06:50:09.138+00:00,2026-09-18T06:53:44.926+00:00,2026-09-18T06:53:49.521+00:00,True,72,72.0,,72.0,215787.792795,220383.409819,220383.40972,3060.8806905555552,0.019579999999999997,215787.792795,25423.226647305495,91.49712804999999,64.72700033802818,31.739546107265216,0.32670335783956383,15,64,,True,True,,260,87.6246207195492
206,2026-09-18T06:50:09.407+00:00,2026-09-18T06:53:45.639+00:00,2026-09-18T06:53:50.220+00:00,True,72,72.0,,72.0,216232.467427,220813.352163,220813.3522,3066.8521138888887,0.02026,216232.467427,25475.648174754424,87.82337509999999,64.51950332394365,24.057825673301647,0.3260672386643134,15,64,,True,True,,342,87.6246207195492
207,2026-09-18T06:50:09.712+00:00,2026-09-18T06:53:46.987+00:00,2026-09-18T06:53:47.729+00:00,True,12,12.0,,12.0,217274.589005,218017.12852499998,218017.12827699998,18168.094023083333,57.914552,217274.589005,62702.285360768044,97824.3137376,67.50359272727273,10.089204893379904,0.0550415468783865,15,64,,True,True,,59,87.6246207195492
208,2026-09-18T06:50:10.091+00:00,2026-09-18T06:53:48.957+00:00,2026-09-18T06:53:53.498+00:00,True,74,74.0,,74.0,218865.970593,223407.020193,223407.02011800001,3019.0137853783785,38.210829,218865.970593,25435.42291898923,89.5006329,62.20615890410959,10.041963828913529,0.33123399585237673,15,64,,True,True,,364,87.6246207195492
209,2026-09-18T06:50:10.455+00:00,2026-09-18T06:53:50.222+00:00,2026-09-18T06:53:53.683+00:00,True,57,57.0,,57.0,219767.52391,223228.511814,223228.511622,3916.2896775789472,36.327892,219767.52391,29100.736108230114,90.7509422,61.80335542857143,12.213187013031611,0.25534372619700985,15,64,,True,True,,239,87.6246207195492
210,2026-09-18T06:50:10.780+00:00,2026-09-18T06:53:51.177+00:00,2026-09-18T06:53:54.673+00:00,True,57,57.0,,57.0,220396.839037,223893.444989,223893.445019,3927.9551757719296,37.815659,220396.839037,29184.00662178377,89.3247234,62.439392,12.070058898940507,0.2545853899510119,15,64,,True,True,,259,87.6246207195492
211,2026-09-18T06:50:11.217+00:00,2026-09-18T06:53:52.970+00:00,2026-09-18T06:53:53.377+00:00,True,8,8.0,,8.0,221752.97790400003,222159.62366400004,222159.62383300002,27769.952979125002,39.534596,221752.97790400003,78380.97970962219,144168.07379155,58.09225142857142,14.928175571379722,0.03601014382388137,15,64,,True,True,,22,87.6246207195492
212,2026-09-18T06:50:11.488+00:00,2026-09-18T06:53:53.809+00:00,2026-09-18T06:53:59.185+00:00,True,87,87.0,,87.0,222320.64784299998,227696.874403,227696.874518,2617.2054542298847,38.395128,222320.64784299998,23828.57494153802,78.497831,62.51426232558139,9.428194321048803,0.3820869312681867,15,64,,True,True,,337,87.6246207195492
213,2026-09-18T06:50:11.872+00:00,2026-09-18T06:53:55.551+00:00,2026-09-18T06:53:57.689+00:00,True,35,35.0,,35.0,223678.748681,225816.199689,225816.199579,6451.891416542857,53.53521,223678.748681,37797.98304268026,68.6676319,62.86620611764706,3.3306759715112135,0.15499330893090452,15,64,,True,True,,171,87.6246207195492
214,2026-09-18T06:50:12.251+00:00,2026-09-18T06:53:56.934+00:00,2026-09-18T06:54:01.586+00:00,True,75,75.0,,75.0,224682.23493200002,229334.94610000003,229334.94612100002,3057.7992816133337,38.172318,224682.23493200002,25936.81126924391,81.3767725,62.87447524324324,9.241888067736564,0.32703258389280426,15,64,,True,True,,328,87.6246207195492
215,2026-09-18T06:50:12.688+00:00,2026-09-18T06:53:58.399+00:00,2026-09-18T06:54:03.112+00:00,True,76,76.0,,76.0,225711.644933,230424.432389,230424.43225,3031.9004243421055,38.781307,225711.644933,25883.695502141258,90.88374225,62.837166079999996,10.462880261652588,0.329826135241152,15,64,,True,True,,315,87.6246207195492
216,2026-09-18T06:50:13.023+00:00,2026-09-18T06:53:59.788+00:00,2026-09-18T06:54:04.307+00:00,True,73,73.0,,73.0,226764.510481,231283.432209,231283.432212,3168.2661946849316,35.077784,226764.510481,26533.434441808946,83.6197416,62.762801777777774,9.902208195078662,0.3156300444989649,15,64,,True,True,,232,87.6246207195492
217,2026-09-18T06:50:13.295+00:00,2026-09-18T06:54:00.842+00:00,2026-09-18T06:54:02.271+00:00,True,24,24.0,,24.0,227547.711898,228976.682906,228976.682724,9540.6951135,36.339792,227547.711898,46435.30089548371,74.1336007,62.12917426086956,8.634074130901487,0.10481416577185954,15,64,,True,True,,153,87.6246207195492
218,2026-09-18T06:50:13.626+00:00,2026-09-18T06:54:02.266+00:00,2026-09-18T06:54:07.345+00:00,True,82,82.0,,82.0,228639.789135,233719.513935,233719.513845,2850.2379737195124,36.700051,228639.789135,25242.11824304074,92.26409869999999,62.71265185185185,12.09335499739437,0.3508478972055586,15,64,,True,True,,479,87.6246207195492
219,2026-09-18T06:50:13.896+00:00,2026-09-18T06:54:03.176+00:00,2026-09-18T06:54:04.621+00:00,True,25,25.0,,25.0,229280.41862900002,230725.576773,230725.576663,9229.023066520002,38.259299,229280.41862900002,45844.04156275593,74.99163759999999,60.214922666666666,8.860462129384697,0.1083538303367048,15,64,,True,True,,115,87.6246207195492
220,2026-09-18T06:50:14.255+00:00,2026-09-18T06:54:04.430+00:00,2026-09-18T06:54:10.646+00:00,True,100,100.0,,100.0,230175.145463,236390.979063,236390.979026,2363.90979026,35.282824,230175.145463,23011.239390733346,91.6689128,62.78619797979798,12.690846949678152,0.4230279869239394,15,64,,True,True,,470,87.6246207195492
221,2026-09-18T06:50:14.692+00:00,2026-09-18T06:54:05.947+00:00,2026-09-18T06:54:09.027+00:00,True,48,48.0,,48.0,231254.665181,234334.41455699998,234334.414624,4881.966971333333,36.341592,231254.665181,33369.28111941551,97.9092774,65.52658246808511,14.929589860338533,0.20483547024342164,15,64,,True,True,,221,87.6246207195492
222,2026-09-18T06:50:14.965+00:00,2026-09-18T06:54:07.217+00:00,2026-09-18T06:54:08.540+00:00,True,21,21.0,,21.0,232251.965125,233574.84794099999,233574.847888,11122.611804190476,42.998269,232251.965125,50667.10242708582,121.710311,66.1441408,16.09521653360271,0.0899069406878283,15,64,,True,True,,65,87.6246207195492
223,2026-09-18T06:50:15.417+00:00,2026-09-18T06:54:08.902+00:00,2026-09-18T06:54:11.648+00:00,True,45,45.0,,45.0,233485.59666299997,236231.71839099997,236231.71848199997,5249.593744044444,33.171307,233485.59666299997,34796.67579721781,91.3368852,62.411857454545455,11.57328941936071,0.19049093113532725,15,64,,True,True,,198,87.6246207195492
224,2026-09-18T06:50:15.758+00:00,2026-09-18T06:54:10.087+00:00,2026-09-18T06:54:11.814+00:00,True,28,28.0,,28.0,234329.344575,236055.88511899998,236055.885062,8430.567323642857,35.729924,234329.344575,44272.00107635596,97.95045060000001,63.94594607407407,13.92035084146525,0.11861597937236219,15,64,,True,True,,117,87.6246207195492
225,2026-09-18T06:50:16.176+00:00,2026-09-18T06:54:11.815+00:00,2026-09-18T06:54:13.032+00:00,True,21,21.0,,21.0,235639.21049,236856.500986,236856.501011,11278.88100052381,39.547706,235639.21049,51407.410657515735,90.312391,60.8645248,10.485971854266097,0.08866127766212868,15,64,,True,True,,122,87.6246207195492
226,2026-09-18T06:50:17.238+00:00,2026-09-18T06:54:13.715+00:00,2026-09-18T06:54:14.676+00:00,True,17,17.0,,17.0,236477.436932,237437.93306,237437.933064,13966.937239058825,41.056273000000004,236477.436932,57339.64380686836,47351.4866016,60.031008,7.7553484342315055,0.071597658305525,15,64,,True,True,,93,87.6246207195492
227,2026-09-18T06:50:17.263+00:00,2026-09-18T06:54:14.071+00:00,2026-09-18T06:54:14.862+00:00,True,14,14.0,,14.0,236808.020582,237598.537318,237598.537252,16971.32408942857,44.390318,236808.020582,63273.35406197209,82926.87153830001,60.808979692307695,6.066830941427099,0.058922921656131715,15,64,,True,True,,64,87.6246207195492
228,2026-09-18T06:50:17.308+00:00,2026-09-18T06:54:16.098+00:00,2026-09-18T06:54:20.827+00:00,True,74,74.0,,74.0,238789.838371,243518.484259,243518.484099,3290.790325662162,39.292206,238789.838371,27751.227190741316,93.56833015000001,64.77597106849315,11.566835314105976,0.3038783697474706,15,64,,True,True,,339,87.6246207195492
229,2026-09-18T06:50:17.708+00:00,2026-09-18T06:54:17.947+00:00,2026-09-18T06:54:22.006+00:00,True,65,65.0,,65.0,240238.965467,244297.967579,244297.967568,3758.4302702769232,37.915779,240238.965467,29790.110894125333,78.9978066,63.421908,8.137072957015269,0.2660685254329043,15,64,,True,True,,232,87.6246207195492
230,2026-09-18T06:50:17.973+00:00,2026-09-18T06:54:18.942+00:00,2026-09-18T06:54:24.983+00:00,True,97,97.0,,97.0,240969.002583,247010.488663,247010.488683,2546.499883329897,37.838999,240969.002583,24460.307371262345,79.7594644,62.93214666666666,9.675785070607137,0.39269587508220555,15,64,,True,True,,504,87.6246207195492
231,2026-09-18T06:50:18.408+00:00,2026-09-18T06:54:20.949+00:00,2026-09-18T06:54:26.420+00:00,True,89,89.0,,89.0,242541.072639,248011.893247,248011.893296,2786.65048647191,35.561173000000004,242541.072639,25702.714421860383,78.4606954,62.168416,10.145667262603341,0.3588537583210299,15,64,,True,True,,410,87.6246207195492
232,2026-09-18T06:50:18.721+00:00,2026-09-18T06:54:22.129+00:00,2026-09-18T06:54:26.673+00:00,True,74,74.0,,74.0,243407.76733700003,247951.85796100003,247951.85772900004,3350.700780121622,37.55043,243407.76733700003,28288.343907301292,84.90619149999999,62.24781676712329,10.33989151406009,0.29844503125941224,15,64,,True,True,,397,87.6246207195492
233,2026-09-18T06:50:19.110+00:00,2026-09-18T06:54:23.860+00:00,2026-09-18T06:54:26.797+00:00,True,48,48.0,,48.0,244749.218596,247686.222116,247686.222006,5160.129625125,36.642201,244749.218596,35317.488153036895,71.48926999999999,62.489436595744685,8.130094914031382,0.19379358120905066,15,64,,True,True,,204,87.6246207195492
234,2026-09-18T06:50:19.477+00:00,2026-09-18T06:54:25.176+00:00,2026-09-18T06:54:28.605+00:00,True,54,54.0,,54.0,245698.813336,249127.991192,249127.991076,4613.481316222222,35.054784,245698.813336,33426.571005824066,94.71121545,64.70146898113208,12.397744167567183,0.21675605274873685,15,64,,True,True,,236,87.6246207195492
235,2026-09-18T06:50:19.859+00:00,2026-09-18T06:54:26.734+00:00,2026-09-18T06:54:31.586+00:00,True,77,77.0,,77.0,246875.207794,251727.044978,251727.04496,3269.182402077922,38.138698,246875.207794,28126.768481854226,94.0012242,63.83996294736842,12.467935867837017,0.30588687841121526,15,64,,True,True,,314,87.6246207195492
236,2026-09-18T06:50:20.196+00:00,2026-09-18T06:54:27.811+00:00,2026-09-18T06:54:29.423+00:00,True,25,25.0,,25.0,247614.83972,249227.27748,249227.277621,9969.09110484,38.861208,247614.83972,49509.53362797198,102.404092,67.18490666666668,16.59856134706346,0.1003100473302173,15,64,,True,True,,92,87.6246207195492
237,2026-09-18T06:50:20.498+00:00,2026-09-18T06:54:29.219+00:00,2026-09-18T06:54:31.589+00:00,True,39,39.0,,39.0,248720.826871,251090.788855,251090.788804,6438.225353948718,35.529444000000005,248720.826871,39817.221125207274,74.7289251,62.367420631578945,9.420896969970354,0.15532230464464283,15,64,,True,True,,117,87.6246207195492
238,2026-09-18T06:50:20.778+00:00,2026-09-18T06:54:30.339+00:00,2026-09-18T06:54:36.465+00:00,True,100,100.0,,100.0,249561.377839,255687.89636699998,255687.896389,2556.87896389,40.970943,249561.377839,24949.950780750405,73.19463705,61.88402553535354,8.399049706576188,0.39110181365982866,15,64,,True,True,,521,87.6246207195492
239,2026-09-18T06:50:21.080+00:00,2026-09-18T06:54:31.272+00:00,2026-09-18T06:54:35.810+00:00,True,74,74.0,,74.0,250192.17478099998,254729.71846099998,254729.71850499997,3442.2934933108104,40.443405,250192.17478099998,29077.025112794272,83.5548276,62.15813260273973,8.750099950717406,0.2905039916311518,15,64,,True,True,,335,87.6246207195492
240,2026-09-18T06:50:21.438+00:00,2026-09-18T06:54:32.359+00:00,2026-09-18T06:54:35.312+00:00,True,49,49.0,,49.0,250921.190726,253874.22240600002,253874.222367,5181.106578918368,37.24968,250921.190726,35837.096697196816,82.69356339999999,61.52149333333334,8.942251630101103,0.1930089614283027,15,64,,True,True,,193,87.6246207195492
241,2026-09-18T06:50:21.712+00:00,2026-09-18T06:54:33.590+00:00,2026-09-18T06:54:34.381+00:00,True,14,14.0,,14.0,251877.440847,252668.909903,252668.909815,18047.7792725,38.679328,251877.440847,67300.80654907577,88201.7104626,60.88223507692308,7.2305274363672165,0.05540847904625315,15,64,,True,True,,49,87.6246207195492
242,2026-09-18T06:50:21.977+00:00,2026-09-18T06:54:34.595+00:00,2026-09-18T06:54:34.761+00:00,True,4,4.0,,4.0,252618.352413,252784.28290899997,252784.282752,63196.070688,41.566612,252618.352413,126281.52153400701,214735.21985355002,55.31016533333334,12.061426952315275,0.01582376860605674,15,64,,True,True,,11,87.6246207195492
243,2026-09-18T06:50:22.438+00:00,2026-09-18T06:54:36.461+00:00,2026-09-18T06:54:40.956+00:00,True,71,71.0,,71.0,254023.578979,258518.05373100002,258518.053863,3641.099350183099,37.54033999999999,254023.578979,30139.43535954324,99.924053,64.20678217142857,13.258984588464525,0.27464232758722057,15,64,,True,True,,324,87.6246207195492
244,2026-09-18T06:50:22.786+00:00,2026-09-18T06:54:37.722+00:00,2026-09-18T06:54:39.044+00:00,True,23,23.0,,23.0,254935.867292,256257.89046000002,256257.890527,11141.647414217392,40.930934,254935.867292,53145.27336150288,68.3866241,60.09196218181818,6.772423991053774,0.08975333387281643,15,64,,True,True,,103,87.6246207195492
245,2026-09-18T06:50:23.178+00:00,2026-09-18T06:54:39.484+00:00,2026-09-18T06:54:44.930+00:00,True,89,89.0,,89.0,256306.607304,261752.752584,261752.75255900002,2941.04216358427,34.047216,256306.607304,27161.88720832804,69.3995256,61.888014545454546,8.410528783780803,0.34001552656619605,15,64,,True,True,,320,87.6246207195492
246,2026-09-18T06:50:23.476+00:00,2026-09-18T06:54:40.227+00:00,2026-09-18T06:54:40.517+00:00,True,6,6.0,,6.0,256750.895444,257040.959828,257040.959871,42840.1599785,39.001757,256750.895444,104794.43091458823,192579.15937550002,58.012876799999994,10.685120636760784,0.023342583236597485,15,64,,True,True,,14,87.6246207195492
247,2026-09-18T06:50:23.898+00:00,2026-09-18T06:54:41.828+00:00,2026-09-18T06:54:46.459+00:00,True,77,77.0,,77.0,257930.242834,262561.349138,262561.349246,3409.887652545455,38.499267999999994,257930.242834,29386.935935118876,70.54559,60.93560926315789,7.842545875360878,0.29326479412447515,15,64,,True,True,,362,87.6246207195492
248,2026-09-18T06:50:24.312+00:00,2026-09-18T06:54:43.207+00:00,2026-09-18T06:54:46.729+00:00,True,59,59.0,,59.0,258895.535956,262417.303892,262417.30387400003,4447.750913118644,37.968989,258895.535956,33697.42378807299,69.4691447,60.7201368275862,8.250480650620034,0.22483273444605595,15,64,,True,True,,318,87.6246207195492
249,2026-09-18T06:50:24.749+00:00,2026-09-18T06:54:44.926+00:00,2026-09-18T06:54:46.728+00:00,True,31,31.0,,31.0,260177.325706,261979.033994,261979.033853,8450.936575903226,38.785458,260177.325706,46718.44175834003,81.966257,60.05694293333333,10.492201354889353,0.11833007980596637,15,64,,True,True,,151,87.6246207195492
250,2026-09-18T06:50:25.039+00:00,2026-09-18T06:54:45.734+00:00,2026-09-18T06:54:46.525+00:00,True,14,14.0,,14.0,260694.952239,261485.82993500002,261485.830018,18677.559287,40.172735,260694.952239,69657.39768718093,91286.9406519,60.836745846153846,6.700031970342154,0.0535401861105824,15,64,,True,True,,52,87.6246207195492
251,2026-09-18T06:50:25.482+00:00,2026-09-18T06:54:47.242+00:00,2026-09-18T06:54:49.675+00:00,True,42,42.0,,42.0,261760.096812,264193.58494000003,264193.584946,6290.323451095238,36.585331,261760.096812,40381.30265666389,68.82557905,59.353368975609754,10.19621150928335,0.15897433697922095,15,64,,True,True,,191,87.6246207195492
252,2026-09-18T06:50:25.749+00:00,2026-09-18T06:54:48.250+00:00,2026-09-18T06:54:52.400+00:00,True,70,70.0,,70.0,262500.78396900004,266650.44643300003,266650.44649000006,3809.2920927142864,34.785394999999994,262500.78396900004,31367.658460241262,83.03740855,60.14003571014493,10.91702222318885,0.26251596776376884,15,64,,True,True,,306,87.6246207195492
253,2026-09-18T06:50:26.070+00:00,2026-09-18T06:54:49.614+00:00,2026-09-18T06:54:50.964+00:00,True,23,23.0,,23.0,263544.25882600003,264894.332682,264894.33263900003,11517.144897347827,40.169285,263544.25882600003,54939.98214014537,91.99555030000002,61.36699345454545,12.397576960514396,0.08682707465701431,15,64,,True,True,,63,87.6246207195492
254,2026-09-18T06:50:26.456+00:00,2026-09-18T06:54:51.153+00:00,2026-09-18T06:54:52.007+00:00,True,15,15.0,,15.0,264696.881027,265550.37350700004,265550.373449,17703.358229933336,36.728711000000004,264696.881027,68328.70108246984,79472.1645138,60.963748571428575,12.44802313914152,0.05648645792473191,15,64,,True,True,,61,87.6246207195492
255,2026-09-18T06:50:26.897+00:00,2026-09-18T06:54:52.622+00:00,2026-09-18T06:54:53.464+00:00,True,15,15.0,,15.0,265725.31629,266567.388866,266567.388914,17771.15926093333,40.216865,265725.31629,68594.45176626468,79764.7568088,60.14804114285714,6.440962618409992,0.056270949210296344,15,64,,True,True,,54,87.6246207195492
256,2026-09-18T06:50:27.160+00:00,2026-09-18T06:54:53.339+00:00,2026-09-18T06:54:55.988+00:00,True,45,45.0,,45.0,266179.05134299997,268828.102479,268828.10247399996,5973.957832755555,36.916521,266179.05134299997,39670.656475252115,68.97107360000001,60.205707636363634,9.923424210343818,0.1673932136745832,15,64,,True,True,,156,87.6246207195492
257,2026-09-18T06:50:27.622+00:00,2026-09-18T06:54:55.217+00:00,2026-09-18T06:54:57.488+00:00,True,36,36.0,,36.0,267595.526939,269866.890011,269866.889976,7496.302499333334,36.675271,267595.526939,44588.43989798973,93.19071350000002,64.89608777142857,11.427850697518561,0.13339909908374684,15,64,,True,True,,164,87.6246207195492
258,2026-09-18T06:50:27.879+00:00,2026-09-18T06:54:56.240+00:00,2026-09-18T06:55:02.325+00:00,True,95,95.0,,95.0,268361.555367,274445.867175,274445.867157,2888.903864810526,35.116644,268361.555367,27526.676460125767,93.645753,64.72672136170213,12.138182306920038,0.3461520516882966,15,64,,True,True,,425,87.6246207195492
259,2026-09-18T06:50:28.327+00:00,2026-09-18T06:54:57.991+00:00,2026-09-18T06:55:01.978+00:00,True,64,64.0,,64.0,269663.69891399995,273650.88457799994,273650.884644,4275.7950725625,35.110544000000004,269663.69891399995,33700.05302086603,91.8017029,63.28866133333334,10.914558975562207,0.23387463226619973,15,64,,True,True,,191,87.6246207195492
260,2026-09-18T06:50:28.682+00:00,2026-09-18T06:54:59.490+00:00,2026-09-18T06:55:04.016+00:00,True,72,72.0,,72.0,270808.79660500004,275333.981885,275333.98182600003,3824.0830809166673,36.301352,270808.79660500004,31907.61346342486,91.46412179999999,63.73500394366197,11.258200732852972,0.2615005946853032,15,64,,True,True,,282,87.6246207195492
261,2026-09-18T06:50:29.117+00:00,2026-09-18T06:55:01.248+00:00,2026-09-18T06:55:05.552+00:00,True,68,68.0,,68.0,272130.640333,276434.641357,276434.641368,4065.215314235294,38.829497,272130.640333,32992.899827569454,94.4338644,64.23882125373134,12.82789633880408,0.24598943050766847,15,64,,True,True,,343,87.6246207195492
262,2026-09-18T06:50:29.394+00:00,2026-09-18T06:55:02.171+00:00,2026-09-18T06:55:06.915+00:00,True,76,76.0,,76.0,272776.801191,277521.079463,277521.079501,3651.593151328947,36.902111,272776.801191,31282.391369861693,93.61256499999999,63.257043626666665,12.429549201096071,0.27385307143896637,15,64,,True,True,,277,87.6246207195492
263,2026-09-18T06:50:29.743+00:00,2026-09-18T06:55:03.300+00:00,2026-09-18T06:55:06.495+00:00,True,51,51.0,,51.0,273556.769277,276751.421437,276751.421554,5426.498461843137,36.503282,273556.769277,38296.66518820702,96.3623445,63.8930432,13.744689531363042,0.18428089631911684,15,64,,True,True,,229,87.6246207195492
264,2026-09-18T06:50:30.168+00:00,2026-09-18T06:55:04.781+00:00,2026-09-18T06:55:05.054+00:00,True,5,5.0,,5.0,274613.444801,274885.859265,274885.859229,54977.1718458,54.044709000000005,274613.444801,122780.41023981644,219709.8644588,68.103616,18.775510906775132,0.01818936781022198,15,64,,True,True,,15,87.6246207195492
265,2026-09-18T06:50:30.482+00:00,2026-09-18T06:55:06.372+00:00,2026-09-18T06:55:07.390+00:00,True,18,18.0,,18.0,275890.311926,276908.503286,276908.503336,15383.805740888889,36.972011,275890.311926,65013.85360890852,41443.2754712,59.8936094117647,8.528986587132723,0.06500342093651426,15,64,,True,True,,122,87.6246207195492
266,2026-09-18T06:50:30.776+00:00,2026-09-18T06:55:07.692+00:00,2026-09-18T06:55:12.879+00:00,True,84,84.0,,84.0,276915.88223299995,282102.54335299996,282102.54325299995,3358.3636101547613,35.337053999999995,276915.88223299995,30207.18391914115,90.07325494999999,62.48989301204819,11.932621971325576,0.2977640648028093,15,64,,True,True,,355,87.6246207195492
267,2026-09-18T06:50:31.225+00:00,2026-09-18T06:55:09.307+00:00,2026-09-18T06:55:10.824+00:00,True,27,27.0,,27.0,278081.99468,279599.657144,279599.657124,10355.542856444445,37.453669999999995,278081.99468,53505.67203120486,69.45293779999999,58.371633230769234,9.603420154240135,0.09656664201878619,15,64,,True,True,,121,87.6246207195492
268,2026-09-18T06:50:31.500+00:00,2026-09-18T06:55:10.279+00:00,2026-09-18T06:55:13.695+00:00,True,56,56.0,,56.0,278779.567034,282195.113146,282195.113136,5039.198448857143,34.291246,278779.567034,37245.18968459477,91.52131525,62.1008384,11.0367592598325,0.19844425856881204,15,64,,True,True,,242,87.6246207195492
269,2026-09-18T06:50:31.837+00:00,2026-09-18T06:55:11.603+00:00,2026-09-18T06:55:11.694+00:00,True,2,2.0,,2.0,279766.05598299997,279856.850735,279856.850802,139928.425401,90.794819,279766.05598299997,197760.27369918305,265782.2929248,90.794752,nan,0.007146510777732669,15,64,,True,True,,10,87.6246207195492
271,2026-09-18T06:50:32.582+00:00,2026-09-18T06:55:13.573+00:00,2026-09-18T06:55:16.959+00:00,True,55,55.0,,55.0,280990.81732200005,284376.70250600006,284376.70252200007,5170.485500400001,34.713435,280990.81732200005,37880.340920722614,89.5565321,62.701577481481486,10.836671766602834,0.19340543552030093,15,64,,True,True,,200,87.6246207195492
272,2026-09-18T06:50:32.880+00:00,2026-09-18T06:55:14.829+00:00,2026-09-18T06:55:16.963+00:00,True,35,35.0,,35.0,281948.642507,284082.457547,284082.457504,8116.641642971429,39.174517,281948.642507,47647.41246393258,97.67532569999999,62.75926588235294,13.107577166999874,0.12320366523937656,15,64,,True,True,,158,87.6246207195492
273,2026-09-18T06:50:33.246+00:00,2026-09-18T06:55:16.633+00:00,2026-09-18T06:55:17.023+00:00,True,7,7.0,,7.0,283386.668738,283776.513218,283776.513107,40539.50187242857,43.580068,283386.668738,107085.5358140994,198397.13147209998,64.97408,14.28154609603809,0.02466729864505217,15,64,,True,True,,21,87.6246207195492
270,2026-09-18T06:50:32.193+00:00,2026-09-18T06:55:16.636+00:00,2026-09-18T06:55:18.948+00:00,True,39,39.0,,39.0,284442.5518,286754.52005600004,286754.520143,7352.680003666667,34.621675,284442.5518,45537.51932412175,75.5016814,60.84126989473684,9.869444836203863,0.136004830865033,15,64,,True,True,,171,87.6246207195492
274,2026-09-18T06:50:33.527+00:00,2026-09-18T06:55:17.681+00:00,2026-09-18T06:55:21.748+00:00,True,67,67.0,,67.0,284154.258638,288220.406222,288220.40616,4301.797106865672,33.145838000000005,284154.258638,34707.44243687236,75.6283518,61.60829672727272,9.192303342110854,0.2324609866394875,15,64,,True,True,,339,87.6246207195492
277,2026-09-18T06:50:34.772+00:00,2026-09-18T06:55:19.522+00:00,2026-09-18T06:55:23.871+00:00,True,72,72.0,,72.0,284750.624461,289098.70791700005,289098.707784,4015.259830333334,39.195427,284750.624461,33550.96689095476,71.28971225,61.24061205633803,9.219344514483433,0.24904988513705542,15,64,,True,True,,348,87.6246207195492
275,2026-09-18T06:50:34.726+00:00,2026-09-18T06:55:19.708+00:00,2026-09-18T06:55:22.464+00:00,True,46,46.0,,46.0,284981.69524900004,287737.97121700004,287737.97114800004,6255.1732858260875,39.100097,284981.69524900004,42009.2286291309,80.1872545,61.25057706666667,8.881361468913255,0.15986767337463678,15,64,,True,True,,189,87.6246207195492
276,2026-09-18T06:50:34.747+00:00,2026-09-18T06:55:20.460+00:00,2026-09-18T06:55:21.202+00:00,True,13,13.0,,13.0,285713.621076,286455.125076,286455.12512499996,22035.009625,58.61467,285713.621076,79225.56285393705,114324.5888646,61.792,2.45235031792264,0.0453823264518341,15,64,,True,True,,52,87.6246207195492
278,2026-09-18T06:50:35.081+00:00,2026-09-18T06:55:23.117+00:00,2026-09-18T06:55:23.992+00:00,True,16,16.0,,16.0,288035.821428,288910.98994,288910.989846,18056.936865375,36.96258,288035.821428,71994.36995148833,72060.9258495,58.34456746666667,10.646979051489529,0.05538037858415432,15,64,,True,True,,61,87.6246207195492
279,2026-09-18T06:50:35.277+00:00,2026-09-18T06:55:24.055+00:00,2026-09-18T06:55:28.005+00:00,True,64,64.0,,64.0,288777.61973000003,292727.67361800006,292727.673489,4573.869898265625,36.641771,288777.61973000003,36089.36656019727,90.0107503,62.69926806349207,10.49646781874747,0.2186332409539041,15,64,,True,True,,302,87.6246207195492
280,2026-09-18T06:50:35.581+00:00,2026-09-18T06:55:25.480+00:00,2026-09-18T06:55:26.562+00:00,True,18,18.0,,18.0,289899.262846,290980.587902,290980.587928,16165.588218222223,37.711129,289899.262846,68314.92036326342,43562.782634699994,63.60735623529412,13.316124159161063,0.061859796661288824,15,64,,True,True,,84,87.6246207195492
281,2026-09-18T06:50:35.867+00:00,2026-09-18T06:55:26.559+00:00,2026-09-18T06:55:27.887+00:00,True,22,22.0,,22.0,290691.632101,292020.141797,292020.141898,13273.642813545453,39.594366,290691.632101,61962.17757639475,100.08385095000001,63.26236647619048,11.15768146539518,0.07533726908225893,15,64,,True,True,,74,87.6246207195492
282,2026-09-18T06:50:36.320+00:00,2026-09-18T06:55:28.185+00:00,2026-09-18T06:55:33.805+00:00,True,92,92.0,,92.0,291864.56989499996,297484.969511,297484.96947099996,3233.5322768586952,36.208161999999994,291864.56989499996,30422.547589500016,89.9839096,61.76263314285714,10.815125689774288,0.30925932208013,15,64,,True,True,,438,87.6246207195492
283,2026-09-18T06:50:36.656+00:00,2026-09-18T06:55:29.696+00:00,2026-09-18T06:55:33.511+00:00,True,61,61.0,,61.0,293040.54448000004,296854.75273600005,296854.75261400006,4866.471354327869,36.392972,293040.54448000004,37511.85892898279,93.419465,63.5701376,9.733413480625702,0.20548769874083417,15,64,,True,True,,228,87.6246207195492
284,2026-09-18T06:50:37.019+00:00,2026-09-18T06:55:30.853+00:00,2026-09-18T06:55:36.074+00:00,True,83,83.0,,83.0,293833.68402999995,299054.35577399994,299054.35562499997,3603.064525602409,37.901809,293833.68402999995,32245.450371091625,91.7958157,63.66672858536585,10.884527800889167,0.2775415184479854,15,64,,True,True,,415,87.6246207195492
285,2026-09-18T06:50:37.325+00:00,2026-09-18T06:55:32.003+00:00,2026-09-18T06:55:36.342+00:00,True,69,69.0,,69.0,294678.42910500005,299017.20158500003,299017.201706,4333.58263342029,34.489824999999996,294678.42910500005,35467.434728477434,92.80722959999999,63.80547764705882,11.792996717837132,0.23075595529037063,15,64,,True,True,,366,87.6246207195492
286,2026-09-18T06:50:37.794+00:00,2026-09-18T06:55:33.509+00:00,2026-09-18T06:55:37.903+00:00,False,70,69.0,,69.0,295715.597565,300109.099773,300109.099764,4287.272853771428,0.02759,295715.597565,35337.16652783448,94.83617835000001,63.673945043478255,14.110210497133064,0.22991638724780764,15,64,,True,False,Request timeout: 300.0s exceeded,269,87.6246207195492
287,2026-09-18T06:50:38.070+00:00,2026-09-18T06:55:34.774+00:00,2026-09-18T06:55:38.094+00:00,False,53,52.0,,52.0,296703.492453,300023.65245299996,300023.652475,5660.823631603774,0.03519,296703.492453,40746.591366570865,90.8501394,63.849230769230765,14.933969032949793,0.17331966854895225,15,64,,True,False,Request timeout: 300.0s exceeded,258,87.6246207195492
288,2026-09-18T06:50:38.493+00:00,2026-09-18T06:55:36.559+00:00,2026-09-18T06:55:38.523+00:00,False,33,32.0,,32.0,298066.342083,300029.784003,300029.783971,9091.811635484848,0.02032,298066.342083,51876.011229151285,92.5873244,61.35756,14.853770749621326,0.10665607785019113,15,64,,True,False,Request timeout: 300.0s exceeded,144,87.6246207195492
289,2026-09-18T06:50:38.877+00:00,2026-09-18T06:55:38.212+00:00,2026-09-18T06:55:38.951+00:00,False,14,13.0,,13.0,299335.073621,300074.115413,300074.115505,21433.865393214284,0.019940000000000003,299335.073621,79985.47171316306,104815.696946,56.84936861538461,17.77936146506069,0.04332263041784778,15,64,,True,False,Request timeout: 300.0s exceeded,47,87.6246207195492
290,2026-09-18T06:50:39.201+00:00,2026-09-18T06:55:39.137+00:00,2026-09-18T06:55:39.265+00:00,False,4,3.0,,3.0,299936.119064,300063.909912,300063.90995500004,75015.97748875001,0.07379999999999999,299936.119064,149946.76406855966,254955.47150360004,42.596949333333335,36.84831722972898,0.0099978701233341,15,64,,True,False,Request timeout: 300.0s exceeded,11,87.6246207195492
291,2026-09-18T06:50:39.542+00:00,2026-09-18T06:55:39.653+00:00,2026-09-18T06:55:39.653+00:00,False,1,0.0,,0.0,300110.87908600003,300110.87908600003,300110.87908600003,300110.87908600003,300110.87908600003,300110.87908600003,nan,300110.87908600003,nan,nan,0.0,15,64,,True,False,"HTTPConnectionPool(host='gpu03', port=9002): Read timed out.",0,87.6246207195492
292,2026-09-18T06:50:39.874+00:00,2026-09-18T06:55:39.895+00:00,2026-09-18T06:55:39.895+00:00,False,1,0.0,,0.0,300020.48930699995,300020.48930699995,300020.48930699995,300020.48930699995,300020.48930699995,300020.48930699995,nan,300020.48930699995,nan,nan,0.0,15,64,,True,False,TTFT timeout: 300.0s exceeded (TTFT: 300.009s),0,87.6246207195492
293,2026-09-18T06:50:40.139+00:00,2026-09-18T06:55:40.056+00:00,2026-09-18T06:55:40.158+00:00,False,3,2.0,,2.0,299916.531995,300019.06485900003,300019.06504300004,100006.35501433334,0.045439999999999994,299916.531995,173127.2993173825,269935.1275563,51.266432,72.43760258393979,0.00666624303005524,15,64,,True,False,Request timeout: 300.0s exceeded,7,87.6246207195492
294,2026-09-18T06:50:40.537+00:00,2026-09-18T06:55:40.458+00:00,2026-09-18T06:55:40.611+00:00,False,4,3.0,,3.0,299921.119296,300073.40703999996,300073.406991,75018.35174775,0.01916,299921.119296,149935.18304633247,254946.35185154996,50.76258133333334,45.88531500653957,0.009997553697252814,15,64,,True,False,Request timeout: 300.0s exceeded,5,87.6246207195492
295,2026-09-18T06:50:40.857+00:00,2026-09-18T06:55:40.971+00:00,2026-09-18T06:55:40.971+00:00,False,1,0.0,,0.0,300114.21870599996,300114.21870599996,300114.21870599996,300114.21870599996,300114.21870599996,300114.21870599996,nan,300114.21870599996,nan,nan,0.0,15,64,,True,False,"HTTPConnectionPool(host='gpu03', port=9002): Read timed out.",0,87.6246207195492
296,2026-09-18T06:50:41.174+00:00,2026-09-18T06:55:41.193+00:00,2026-09-18T06:55:41.296+00:00,False,3,2.0,,2.0,300019.324916,300122.89202,300122.892022,100040.96400733334,0.02612,300019.324916,173186.34848803637,270027.746523,51.783552,73.19607360171172,0.0066639368511307055,15,64,,True,False,Request timeout: 300.0s exceeded,2,87.6246207195492
297,2026-09-18T06:50:41.515+00:00,2026-09-18T06:55:41.501+00:00,2026-09-18T06:55:41.613+00:00,False,3,2.0,,2.0,299985.59708,300098.109336,300098.109519,100032.70317299999,0.02548,299985.59708,173164.2948134345,269998.2860679,56.256128,79.52233735567204,0.0066644871719625945,15,64,,True,False,Request timeout: 300.0s exceeded,4,87.6246207195492
298,2026-09-18T06:50:41.881+00:00,2026-09-18T06:55:41.836+00:00,2026-09-18T06:55:41.954+00:00,False,4,3.0,,3.0,299955.377577,300073.58122500003,300073.581135,75018.39528375,0.06773,299955.377577,149957.99077481506,254970.95537430004,39.401216,34.064085846347446,0.009997547893929893,15,64,,True,False,Request timeout: 300.0s exceeded,9,87.6246207195492
299,2026-09-18T06:50:42.354+00:00,2026-09-18T06:55:42.430+00:00,2026-09-18T06:55:42.430+00:00,False,1,0.0,,0.0,300075.83773900004,300075.83773900004,300075.83773900004,300075.83773900004,300075.83773900004,300075.83773900004,nan,300075.83773900004,nan,nan,0.0,15,64,,True,False,"HTTPConnectionPool(host='gpu03', port=9002): Read timed out.",0,87.6246207195492
300,2026-09-18T06:50:42.797+00:00,2026-09-18T06:55:42.748+00:00,2026-09-18T06:55:42.818+00:00,False,3,2.0,,2.0,299950.64025199995,300021.18054,300021.18074,100007.06024666665,0.03644,299950.64025199995,173156.22319290976,269962.62663159997,35.270144,49.82810650023266,0.006666196021228415,15,64,,True,False,Request timeout: 300.0s exceeded,2,87.6246207195492
301,2026-09-18T06:50:43.086+00:00,2026-09-18T06:55:42.978+00:00,2026-09-18T06:55:43.142+00:00,False,4,3.0,,3.0,299891.523666,300055.988818,300055.98872799997,75013.99718199999,0.02736,299891.523666,149918.35608933674,254921.09934420002,54.82171733333334,47.89311953891286,0.00999813405430698,15,64,,True,False,Request timeout: 300.0s exceeded,12,87.6246207195492
302,2026-09-18T06:50:43.498+00:00,2026-09-18T06:55:43.612+00:00,2026-09-18T06:55:43.612+00:00,False,1,0.0,,0.0,300113.69688,300113.69688,300113.69688,300113.69688,300113.69688,300113.69688,nan,300113.69688,nan,nan,0.0,15,64,,True,False,"HTTPConnectionPool(host='gpu03', port=9002): Read timed out.",0,87.6246207195492
303,2026-09-18T06:50:43.881+00:00,2026-09-18T06:55:43.985+00:00,2026-09-18T06:55:43.985+00:00,False,1,0.0,,0.0,300103.882287,300103.882287,300103.882287,300103.882287,300103.882287,300103.882287,nan,300103.882287,nan,nan,0.0,15,64,,True,False,"HTTPConnectionPool(host='gpu03', port=9002): Read timed out.",0,87.6246207195492
304,2026-09-18T06:50:44.139+00:00,2026-09-18T06:55:44.153+00:00,2026-09-18T06:55:44.153+00:00,False,1,0.0,,0.0,300014.217969,300014.217969,300014.217969,300014.217969,300014.217969,300014.217969,nan,300014.217969,nan,nan,0.0,15,64,,True,False,TTFT timeout: 300.0s exceeded (TTFT: 300.009s),0,87.6246207195492
305,2026-09-18T06:50:44.447+00:00,2026-09-18T06:55:44.355+00:00,2026-09-18T06:55:44.495+00:00,False,4,3.0,,3.0,299907.813091,300047.361763,300047.36176,75011.84044,0.0376,299907.813091,149930.65203940243,254932.28719840004,46.516224,40.270078374215664,0.009998421523764723,15,64,,True,False,Request timeout: 300.0s exceeded,15,87.6246207195492
306,2026-09-18T06:50:44.751+00:00,2026-09-18T06:55:44.568+00:00,2026-09-18T06:55:45.817+00:00,False,22,21.0,,21.0,299816.832404,301066.33077199996,301066.33063,13684.833210454544,0.03477,299816.832404,63908.48065579899,89.91333385,59.499922285714284,18.81028327686239,0.06975207073521442,15,64,,True,False,Request timeout: 300.0s exceeded,95,87.6246207195492
307,2026-09-18T06:50:45.035+00:00,2026-09-18T06:55:45.315+00:00,2026-09-18T06:55:45.856+00:00,False,10,9.0,,9.0,300279.796508,300820.916252,300820.916243,30082.0916243,0.03393,300279.796508,94937.79994062276,165195.38399555002,60.124416,28.190479685717445,0.029918132396287996,15,64,,True,False,Request timeout: 300.0s exceeded,33,87.6246207195492
308,2026-09-18T06:50:45.388+00:00,2026-09-18T06:55:45.696+00:00,2026-09-18T06:55:45.911+00:00,False,6,5.0,,5.0,300307.732997,300522.818309,300522.818223,50087.1363705,0.0365,300307.732997,122582.5591449905,225246.682033,43.0170624,25.79397459381762,0.016637671735325467,15,64,,True,False,Request timeout: 300.0s exceeded,13,87.6246207195492
309,2026-09-18T06:50:45.838+00:00,2026-09-18T06:55:46.007+00:00,2026-09-18T06:55:46.007+00:00,False,1,0.0,,0.0,300169.380825,300169.380825,300169.380825,300169.380825,300169.380825,300169.380825,nan,300169.380825,nan,nan,0.0,15,64,,True,False,"HTTPConnectionPool(host='gpu03', port=9002): Read timed out.",0,87.6246207195492
310,2026-09-18T06:50:46.134+00:00,2026-09-18T06:55:46.158+00:00,2026-09-18T06:55:46.158+00:00,False,1,0.0,,0.0,300023.068602,300023.068602,300023.068602,300023.068602,300023.068602,300023.068602,nan,300023.068602,nan,nan,0.0,15,64,,True,False,"HTTPConnectionPool(host='gpu03', port=9002): Read timed out.",0,87.6246207195492
311,2026-09-18T06:50:46.427+00:00,2026-09-18T06:55:46.712+00:00,2026-09-18T06:55:46.712+00:00,False,1,0.0,,0.0,300285.727282,300285.727282,300285.727282,300285.727282,300285.727282,300285.727282,nan,300285.727282,nan,nan,0.0,15,64,,True,False,"HTTPConnectionPool(host='gpu03', port=9002): Read timed out.",0,87.6246207195492
312,2026-09-18T06:50:46.811+00:00,2026-09-18T06:55:46.917+00:00,2026-09-18T06:55:46.917+00:00,False,1,0.0,,0.0,300106.341559,300106.341559,300106.341559,300106.341559,300106.341559,300106.341559,nan,300106.341559,nan,nan,0.0,15,64,,True,False,"HTTPConnectionPool(host='gpu03', port=9002): Read timed out.",0,87.6246207195492
313,2026-09-18T06:50:47.116+00:00,2026-09-18T06:55:47.107+00:00,2026-09-18T06:55:47.286+00:00,False,3,2.0,,2.0,299991.448666,300170.57980199996,300170.57975,100056.85991666665,0.039509999999999997,299991.448666,173148.45609673852,270010.21295679995,89.565568,126.60908703176668,0.006662878158543219,15,64,,True,False,Request timeout: 300.0s exceeded,3,87.6246207195492
314,2026-09-18T06:50:47.481+00:00,2026-09-18T06:55:47.291+00:00,2026-09-18T06:55:47.529+00:00,False,6,5.0,,5.0,299810.48418699997,300047.662555,300047.66251199995,50007.94375199999,0.03605,299810.48418699997,122377.75441446142,224873.57586574997,47.4356736,26.59083567640575,0.01666401916756635,15,64,,True,False,Request timeout: 300.0s exceeded,14,87.6246207195492
315,2026-09-18T06:50:47.955+00:00,2026-09-18T06:55:48.059+00:00,2026-09-18T06:55:48.059+00:00,False,1,0.0,,0.0,300103.776775,300103.776775,300103.776775,300103.776775,300103.776775,300103.776775,nan,300103.776775,nan,nan,0.0,15,64,,True,False,"HTTPConnectionPool(host='gpu03', port=9002): Read timed out.",0,87.6246207195492
316,2026-09-18T06:50:48.246+00:00,2026-09-18T06:55:48.352+00:00,2026-09-18T06:55:48.352+00:00,False,1,0.0,,0.0,300105.963083,300105.963083,300105.963083,300105.963083,300105.963083,300105.963083,nan,300105.963083,nan,nan,0.0,15,64,,True,False,"HTTPConnectionPool(host='gpu03', port=9002): Read timed out.",0,87.6246207195492
317,2026-09-18T06:50:48.589+00:00,2026-09-18T06:55:48.555+00:00,2026-09-18T06:55:48.654+00:00,False,3,2.0,,2.0,299965.870097,300065.016081,300065.01588099997,100021.67196033332,0.0761,299965.870097,173156.7619999819,269979.19005569996,49.572992,69.99891008956662,0.00666522217791666,15,64,,True,False,Request timeout: 300.0s exceeded,7,87.6246207195492
318,2026-09-18T06:50:48.904+00:00,2026-09-18T06:55:48.815+00:00,2026-09-18T06:55:48.958+00:00,False,4,3.0,,3.0,299911.424781,300053.909261,300053.909134,75013.4772835,0.02115,299911.424781,149931.96875725058,254935.4948601,47.49482666666666,41.118627996676224,0.009998203347487364,15,64,,True,False,Request timeout: 300.0s exceeded,12,87.6246207195492
319,2026-09-18T06:50:49.220+00:00,2026-09-18T06:55:49.178+00:00,2026-09-18T06:55:49.239+00:00,False,3,2.0,,2.0,299957.38258700003,300019.093179,300019.09331100003,100006.36443700001,0.05396,299957.38258700003,173162.66396987138,269967.81000470003,30.855296,43.559587914451164,0.0066662424008019465,15,64,,True,False,Request timeout: 300.0s exceeded,6,87.6246207195492
320,2026-09-18T06:50:49.621+00:00,2026-09-18T06:55:49.771+00:00,2026-09-18T06:55:49.771+00:00,False,1,0.0,,0.0,300150.562624,300150.562624,300150.562624,300150.562624,300150.562624,300150.562624,nan,300150.562624,nan,nan,0.0,15,64,,True,False,"HTTPConnectionPool(host='gpu03', port=9002): Read timed out.",0,87.6246207195492
321,2026-09-18T06:50:49.963+00:00,2026-09-18T06:55:50.021+00:00,2026-09-18T06:55:50.021+00:00,False,1,0.0,,0.0,300057.902369,300057.902369,300057.902369,300057.902369,300057.902369,300057.902369,nan,300057.902369,nan,nan,0.0,15,64,,True,False,TTFT timeout: 300.0s exceeded (TTFT: 300.040s),0,87.6246207195492
322,2026-09-18T06:50:50.411+00:00,2026-09-18T06:55:50.235+00:00,2026-09-18T06:55:50.454+00:00,False,5,4.0,,4.0,299824.07995700004,300042.51963700005,300042.51964700007,60008.50392940001,0.054009999999999996,299824.07995700004,134060.9862215052,239874.2344874,54.60992,36.400171278788235,0.01333144383949086,15,64,,True,False,Request timeout: 300.0s exceeded,14,87.6246207195492
323,2026-09-18T06:50:50.741+00:00,2026-09-18T06:55:50.574+00:00,2026-09-18T06:55:50.799+00:00,False,6,5.0,,5.0,299833.327361,300058.004481,300058.00456000003,50009.66742666667,0.04304,299833.327361,122388.10091193853,224891.00462075,44.935424,27.150370774662804,0.01666344481843878,15,64,,True,False,Request timeout: 300.0s exceeded,13,87.6246207195492
324,2026-09-18T06:50:51.198+00:00,2026-09-18T06:55:51.303+00:00,2026-09-18T06:55:51.303+00:00,False,1,0.0,,0.0,300104.99722,300104.99722,300104.99722,300104.99722,300104.99722,300104.99722,nan,300104.99722,nan,nan,0.0,15,64,,True,False,TTFT timeout: 300.0s exceeded (TTFT: 300.094s),0,87.6246207195492
325,2026-09-18T06:50:51.657+00:00,2026-09-18T06:55:51.551+00:00,2026-09-18T06:55:51.679+00:00,False,4,3.0,,3.0,299893.99280400004,300021.69610000006,300021.69592400006,75005.42398100001,0.02442,299893.99280400004,149925.71731870578,254923.68050295004,42.567765333333334,46.31889331696626,0.00999927684896519,15,64,,True,False,Request timeout: 300.0s exceeded,6,87.6246207195492
326,2026-09-18T06:50:51.956+00:00,2026-09-18T06:55:51.924+00:00,2026-09-18T06:55:51.984+00:00,False,3,2.0,,2.0,299967.62004799995,300027.81691199995,300027.81674499996,100009.27224833332,0.05572,299967.62004799995,173169.01149928317,269976.8721409,30.098432,42.48668631007544,0.006666048570378435,15,64,,True,False,Request timeout: 300.0s exceeded,12,87.6246207195492
327,2026-09-18T06:50:52.407+00:00,2026-09-18T06:55:52.478+00:00,2026-09-18T06:55:52.478+00:00,False,1,0.0,,0.0,300070.855213,300070.855213,300070.855213,300070.855213,300070.855213,300070.855213,nan,300070.855213,nan,nan,0.0,15,64,,True,False,"HTTPConnectionPool(host='gpu03', port=9002): Read timed out.",0,87.6246207195492
328,2026-09-18T06:50:52.754+00:00,2026-09-18T06:55:52.727+00:00,2026-09-18T06:55:52.819+00:00,False,3,2.0,,2.0,299973.407677,300065.22002899996,300065.220165,100021.74005499999,0.04028,299973.407677,173163.2297640025,269985.24413009995,45.906176,64.86429662438738,0.006665217647705751,15,64,,True,False,Request timeout: 300.0s exceeded,8,87.6246207195492
0,2026-09-18T06:48:53.144+00:00,2026-09-18T06:48:53.322+00:00,2026-09-18T06:48:57.320+00:00,True,70,70.0,,70.0,177.92946,4175.505652,4175.505701,59.65008144285714,13.443815,177.92946,19.3063508170453,79.70768890000001,57.93588684057971,13.019187112198964,16.764436653671186,16,64,,False,True,,341,87.6246207195492
1,2026-09-18T06:48:53.627+00:00,2026-09-18T06:48:53.764+00:00,2026-09-18T06:48:55.543+00:00,True,32,32.0,,32.0,137.10171499999998,1916.596115,1916.596089,59.89362778125,18.856955000000003,137.10171499999998,19.566955234734056,83.11724250000002,57.40304516129032,13.802714848533558,16.696266756233094,16,64,,False,True,,124,87.6246207195492
2,2026-09-18T06:48:54.175+00:00,2026-09-18T06:48:55.667+00:00,2026-09-18T06:48:56.629+00:00,True,17,17.0,,17.0,1492.036358,2454.065414,2454.06554,144.35679647058825,37.91777,1492.036358,347.4005604889754,353.31696200000005,60.126816,9.089081908843614,6.9272807085817965,16,64,,False,True,,60,87.6246207195492
3,2026-09-18T06:48:54.672+00:00,2026-09-18T06:48:58.108+00:00,2026-09-18T06:48:59.201+00:00,True,19,19.0,,19.0,3436.068006,4529.656998,4529.656944,238.40299705263158,40.331055,3436.068006,774.375057945269,404.8867593,60.754944,6.419879596206917,4.194578090215033,16,64,,False,True,,109,87.6246207195492
4,2026-09-18T06:48:55.257+00:00,2026-09-18T06:48:59.910+00:00,2026-09-18T06:49:01.787+00:00,True,32,32.0,,32.0,4653.385153,6530.7736970000005,6530.773535,204.08667296875,38.675067999999996,4653.385153,811.9267900259201,67.4904251,60.56092077419355,6.144366924991848,4.899878863464467,16,64,,False,True,,133,87.6246207195492
5,2026-09-18T06:48:55.610+00:00,2026-09-18T06:49:01.312+00:00,2026-09-18T06:49:05.859+00:00,True,78,78.0,,78.0,5701.353556,10249.004627999999,10249.004475,131.39749326923078,0.0,5701.353556,639.1468363898224,67.69788574999998,59.06040353246753,19.140517289796655,7.610495148661183,16,64,,False,True,,381,87.6246207195492
6,2026-09-18T06:48:56.005+00:00,2026-09-18T06:49:02.853+00:00,2026-09-18T06:49:06.368+00:00,True,60,60.0,,60.0,6847.942855,10363.106503,10363.106513,172.71844188333333,3.091144,6847.942855,876.5617329470417,70.64986739999999,59.579044881355934,18.29640203583102,5.789769697207173,16,64,,False,True,,245,87.6246207195492
7,2026-09-18T06:48:56.463+00:00,2026-09-18T06:49:04.476+00:00,2026-09-18T06:49:10.400+00:00,True,99,99.0,,99.0,8012.84691,13936.998974,13936.998931,140.77776697979797,0.0,8012.84691,800.0867950868344,69.82169479999999,60.450531265306125,36.860843746227495,7.103394366655853,16,64,,False,True,,389,87.6246207195492
8,2026-09-18T06:48:56.917+00:00,2026-09-18T06:49:06.173+00:00,2026-09-18T06:49:07.234+00:00,True,18,18.0,,18.0,9256.695319,10316.912663000001,10316.912779,573.1618210555556,55.826957,9256.695319,2167.1267880018145,1444.98574045,62.36572611764706,3.4078266882592834,1.7447079943357664,16,64,,False,True,,55,87.6246207195492
9,2026-09-18T06:48:57.511+00:00,2026-09-18T06:49:08.215+00:00,2026-09-18T06:49:08.971+00:00,True,15,15.0,,15.0,10703.534451,11460.124531,11460.124345,764.0082896666667,14.534053,10703.534451,2749.7215270487222,3259.6522360000004,54.04214857142858,14.280649466513585,1.3088863004432914,16,64,,False,True,,71,87.6246207195492
10,2026-09-18T06:48:57.868+00:00,2026-09-18T06:49:09.663+00:00,2026-09-18T06:49:13.227+00:00,True,60,60.0,,60.0,11795.769081,15359.695353000001,15359.695398,255.9949233,0.0,11795.769081,1515.206710839395,68.09525345,60.4055300338983,23.41021141190464,3.9063274772751932,16,64,,False,True,,243,87.6246207195492
11,2026-09-18T06:48:58.212+00:00,2026-09-18T06:49:11.030+00:00,2026-09-18T06:49:13.286+00:00,True,41,41.0,,41.0,12817.848671,15073.426271,15073.42623,367.64454219512197,0.0,12817.848671,1993.061877210062,69.258701,56.38944,15.236116499268453,2.7200186117525607,16,64,,False,True,,168,87.6246207195492
12,2026-09-18T06:48:58.762+00:00,2026-09-18T06:49:12.995+00:00,2026-09-18T06:49:17.302+00:00,True,73,73.0,,73.0,14232.867521,18539.245505,18539.245529,253.96226752054795,0.0,14232.867521,1659.2964651587274,69.47523879999999,59.810805333333334,39.583338571527825,3.9375928206092334,16,64,,False,True,,267,87.6246207195492
13,2026-09-18T06:48:59.276+00:00,2026-09-18T06:49:14.788+00:00,2026-09-18T06:49:18.684+00:00,True,66,66.0,,66.0,15511.698046,19408.221566,19408.221435,294.0639611363636,0.0,15511.698046,1902.2610397564692,69.26691875,59.9465156923077,33.002924804478134,3.400620699612225,16,64,,False,True,,269,87.6246207195492
14,2026-09-18T06:48:59.836+00:00,2026-09-18T06:49:17.013+00:00,2026-09-18T06:49:19.751+00:00,True,47,47.0,,47.0,17176.117302000002,19914.211894000004,19914.211714,423.706632212766,38.857858,17176.117302000002,2496.7225894259714,67.784321,59.523795478260865,7.432530958559064,2.360123526362634,16,64,,False,True,,240,87.6246207195492
15,2026-09-18T06:49:00.371+00:00,2026-09-18T06:49:19.031+00:00,2026-09-18T06:49:20.251+00:00,True,18,18.0,,18.0,18660.741304000003,19880.836536000003,19880.836456000005,1104.4909142222223,0.0,18660.741304000003,4381.99253072274,3081.0632625000003,71.77030776470588,70.25214276558188,0.905394497228816,16,64,,False,True,,93,87.6246207195492
16,2026-09-18T06:49:00.814+00:00,2026-09-18T06:49:20.468+00:00,2026-09-18T06:49:21.955+00:00,True,25,25.0,,25.0,19654.301497,21141.821753,21141.821643,845.67286572,0.02009,19654.301497,3919.033402793013,304.7975,61.980010666666665,68.22233069618868,1.182490340334675,16,64,,False,True,,166,87.6246207195492
17,2026-09-18T06:49:01.355+00:00,2026-09-18T06:49:22.474+00:00,2026-09-18T06:49:24.141+00:00,True,24,24.0,,24.0,21118.872625999997,22786.162737999995,22786.162777999998,949.4234490833333,0.0,21118.872625999997,4296.569392908124,327.79133645,72.49087443478261,66.66382584236315,1.0532708063203513,16,64,,False,True,,119,87.6246207195492
18,2026-09-18T06:49:01.728+00:00,2026-09-18T06:49:24.133+00:00,2026-09-18T06:49:25.323+00:00,True,23,23.0,,23.0,22404.828596,23595.041204,23595.041125,1025.8713532608695,0.0,22404.828596,4660.489261867034,90.378311,54.100573090909094,19.838268195632427,0.9747810907022648,16,64,,False,True,,105,87.6246207195492
19,2026-09-18T06:49:02.112+00:00,2026-09-18T06:49:25.452+00:00,2026-09-18T06:49:25.683+00:00,True,5,5.0,,5.0,23340.112668,23571.919644,23571.919577,4714.383915400001,37.173881,23340.112668,10412.106400426512,18685.9922846,57.951744,14.425998532205666,0.21211679301107325,16,64,,False,True,,10,87.6246207195492
20,2026-09-18T06:49:02.500+00:00,2026-09-18T06:49:27.021+00:00,2026-09-18T06:49:32.486+00:00,True,92,92.0,,92.0,24520.690554,29985.995898,29985.995849,325.93473748913044,0.0,24520.690554,2550.5116422863293,70.05709399999999,60.05830048351648,40.27026438935468,3.0680988656486874,16,64,,False,True,,270,87.6246207195492
21,2026-09-18T06:49:03.001+00:00,2026-09-18T06:49:28.992+00:00,2026-09-18T06:49:30.409+00:00,True,23,23.0,,23.0,25990.337704,27407.722664,27407.722591,1191.640112652174,57.962633000000004,25990.337704,5405.93040445871,89.44270770000001,64.42658909090909,6.929023055046256,0.8391795364381172,16,64,,False,True,,119,87.6246207195492
22,2026-09-18T06:49:03.494+00:00,2026-09-18T06:49:30.904+00:00,2026-09-18T06:49:36.752+00:00,True,98,98.0,,98.0,27410.304774999997,33258.384391,33258.384491,339.3712703163265,0.0,27410.304774999997,2763.626274622204,79.54233095000001,60.28948057731959,69.19799271946034,2.946625393701314,16,64,,False,True,,385,87.6246207195492
23,2026-09-18T06:49:04.021+00:00,2026-09-18T06:49:32.910+00:00,2026-09-18T06:49:36.349+00:00,True,58,58.0,,58.0,28889.019157000002,32327.891733000004,32327.891815000003,557.377445086207,0.0,28889.019157000002,3786.4201687183418,146.10428480000002,60.331097824561404,89.00915064374531,1.7941163772456636,16,64,,False,True,,271,87.6246207195492
24,2026-09-18T06:49:04.620+00:00,2026-09-18T06:49:35.233+00:00,2026-09-18T06:49:36.105+00:00,True,16,16.0,,16.0,30613.760466,31484.844753999998,31484.844579,1967.8027861875,0.04251,30613.760466,7638.94549877227,7724.12768925,58.07228586666667,19.59260587677428,0.5081810034323665,16,64,,False,True,,61,87.6246207195492
25,2026-09-18T06:49:05.147+00:00,2026-09-18T06:49:37.204+00:00,2026-09-18T06:49:37.378+00:00,True,4,4.0,,4.0,32057.488179,32231.410995,32231.411018,8057.8527545,41.165244,32057.488179,15999.761374890899,27258.927817200005,57.974272,14.574363681482907,0.1241025408605448,16,64,,False,True,,10,87.6246207195492
26,2026-09-18T06:49:05.597+00:00,2026-09-18T06:49:38.993+00:00,2026-09-18T06:49:39.758+00:00,True,18,18.0,,18.0,33396.179466,34160.714250000005,34160.714126,1897.8174514444445,0.0,33396.179466,7860.9939587454755,5066.6824065,44.97263435294118,25.563271982644437,0.526921066938757,16,64,,False,True,,75,87.6246207195492
27,2026-09-18T06:49:05.999+00:00,2026-09-18T06:49:40.039+00:00,2026-09-18T06:49:45.618+00:00,True,92,92.0,,92.0,34039.336405,39618.084309,39618.084313,430.6313512282609,0.0,34039.336405,3542.965916325934,96.55300559999999,61.30492202197802,60.52019939090082,2.3221718466357157,16,64,,False,True,,223,87.6246207195492
28,2026-09-18T06:49:06.548+00:00,2026-09-18T06:49:42.638+00:00,2026-09-18T06:49:48.177+00:00,True,90,90.0,,90.0,36089.643819,41629.219627,41629.219419999994,462.5468824444444,0.0,36089.643819,3798.1052795287083,95.0941692,62.242424808988766,60.95906101382055,2.1619430007673635,16,64,,False,True,,351,87.6246207195492
29,2026-09-18T06:49:06.932+00:00,2026-09-18T06:49:43.981+00:00,2026-09-18T06:49:48.829+00:00,True,77,77.0,,77.0,37049.369483999995,41896.631947999995,41896.63209199999,544.112105090909,0.0,37049.369483999995,4215.976569485171,93.57544539999999,63.779769263157895,95.9423017308148,1.8378565631616535,16,64,,False,True,,221,87.6246207195492
30,2026-09-18T06:49:07.371+00:00,2026-09-18T06:49:45.393+00:00,2026-09-18T06:49:47.076+00:00,True,28,28.0,,28.0,38022.672755,39705.164403,39705.164371,1418.0415846785713,34.325516,38022.672755,7173.845075174462,98.40062694999999,62.31450548148148,13.188764487417178,0.7051979363642782,16,64,,False,True,,123,87.6246207195492
31,2026-09-18T06:49:07.888+00:00,2026-09-18T06:49:47.072+00:00,2026-09-18T06:49:49.760+00:00,True,44,44.0,,44.0,39183.240740999994,41871.902245,41871.902190999994,951.6341407045453,0.01644,39183.240740999994,5898.403893582952,76.27191205,62.52701172093023,94.17661450947948,1.0508240046642288,16,64,,False,True,,176,87.6246207195492
32,2026-09-18T06:49:08.127+00:00,2026-09-18T06:49:48.950+00:00,2026-09-18T06:49:54.708+00:00,True,93,93.0,,93.0,40823.416908,46580.75374,46580.753797,500.86832039784946,0.0,40823.416908,4227.217048541835,89.23421920000001,62.579748173913046,66.35310576481471,1.996532742237245,16,64,,False,True,,393,87.6246207195492
33,2026-09-18T06:49:08.658+00:00,2026-09-18T06:49:50.603+00:00,2026-09-18T06:49:56.765+00:00,True,100,100.0,,100.0,41944.779685999994,48107.12106199999,48107.121097999996,481.07121097999993,0.0,41944.779685999994,4188.726393511049,90.6526307,62.24587248484848,63.2680467672998,2.078694334485761,16,64,,False,True,,494,87.6246207195492
34,2026-09-18T06:49:09.223+00:00,2026-09-18T06:49:53.072+00:00,2026-09-18T06:49:57.456+00:00,True,71,71.0,,71.0,43849.319281000004,48233.025137000004,48233.025114000004,679.338381887324,34.003607,43849.319281000004,5196.538874054606,94.2293415,62.62436937142857,12.250945892255325,1.4720204631232063,16,64,,False,True,,303,87.6246207195492
35,2026-09-18T06:49:09.573+00:00,2026-09-18T06:49:54.579+00:00,2026-09-18T06:49:59.958+00:00,True,87,87.0,,87.0,45006.80182,50385.685916,50385.686087,579.145817091954,32.60828,45006.80182,4818.553276565103,95.05658,62.54516390697675,15.035043849871537,1.7266808701392136,16,64,,False,True,,363,87.6246207195492
36,2026-09-18T06:49:10.091+00:00,2026-09-18T06:49:56.611+00:00,2026-09-18T06:50:02.660+00:00,True,82,82.0,,82.0,46519.641166,52569.10267,52569.102707,641.0866183780488,0.0,46519.641166,5130.810726022181,95.22549825,74.68470992592593,137.62482019882714,1.5598516207276931,16,64,,False,True,,361,87.6246207195492
37,2026-09-18T06:49:10.589+00:00,2026-09-18T06:49:58.891+00:00,2026-09-18T06:50:04.945+00:00,True,99,99.0,,99.0,48301.392886,54355.785718,54355.785627000005,549.0483396666667,0.0,48301.392886,4849.922207290227,89.1688509,61.77951869387755,127.4820616049299,1.8213332526111567,16,64,,False,True,,393,87.6246207195492
38,2026-09-18T06:49:11.045+00:00,2026-09-18T06:50:00.782+00:00,2026-09-18T06:50:02.776+00:00,True,24,24.0,,24.0,49737.308644000004,51731.16643600001,51731.166475000005,2155.4652697916667,0.0,49737.308644000004,10137.213362398226,942.6462693000001,86.68946921739129,221.8921310926784,0.46393695819118946,16,64,,False,True,,111,87.6246207195492
39,2026-09-18T06:49:11.407+00:00,2026-09-18T06:50:02.593+00:00,2026-09-18T06:50:07.564+00:00,True,83,83.0,,83.0,51185.383577,56156.082585,56156.082387,676.5793058674699,0.01834,51185.383577,5611.707627038463,99.0004063,60.61828058536585,20.110933267393218,1.4780233267583798,16,64,,False,True,,424,87.6246207195492
40,2026-09-18T06:49:11.921+00:00,2026-09-18T06:50:04.600+00:00,2026-09-18T06:50:06.047+00:00,True,23,23.0,,23.0,52678.762898,54126.172306,54126.172268,2353.3118377391306,48.6992,52678.762898,10970.569589546869,95.5679231,65.79133672727272,12.365633757721223,0.4249330595551905,16,64,,False,True,,107,87.6246207195492
41,2026-09-18T06:49:12.263+00:00,2026-09-18T06:50:05.767+00:00,2026-09-18T06:50:08.215+00:00,True,39,39.0,,39.0,53503.851382,55951.994486,55951.994495,1434.6665255128205,36.919312,53503.851382,8557.171366458677,104.20334480000001,64.42481852631579,16.047111522870804,0.6970260909958869,16,64,,False,True,,184,87.6246207195492
42,2026-09-18T06:49:12.760+00:00,2026-09-18T06:50:07.821+00:00,2026-09-18T06:50:10.198+00:00,True,38,38.0,,38.0,55061.712184,57438.645048000006,57438.644839,1511.5432852368422,0.0,55061.712184,8922.718883062867,205.59886605,64.24142875675676,132.06748000467329,0.6615754944818837,16,64,,False,True,,169,87.6246207195492
43,2026-09-18T06:49:13.360+00:00,2026-09-18T06:50:09.900+00:00,2026-09-18T06:50:12.376+00:00,True,43,43.0,,43.0,56539.895805,59016.304381,59016.304287,1372.4721927209303,19.366014,56539.895805,8613.274992419412,92.04913359999999,58.96210895238096,15.350085754248232,0.7286122106595958,16,64,,False,True,,166,87.6246207195492
44,2026-09-18T06:49:13.927+00:00,2026-09-18T06:50:11.965+00:00,2026-09-18T06:50:17.270+00:00,True,75,75.0,,75.0,58037.433230999995,63342.396302999994,63342.396204,844.5652827199999,0.03016,58037.433230999995,6694.040499221651,79.9645294,71.68869016216216,99.72663334346157,1.1840410906028176,16,64,,False,True,,397,87.6246207195492
45,2026-09-18T06:49:14.445+00:00,2026-09-18T06:50:14.210+00:00,2026-09-18T06:50:15.026+00:00,True,14,14.0,,14.0,59764.498630999995,60581.100486999996,60581.100445,4327.221460357143,44.951777,59764.498630999995,15955.948235600225,20973.40584965,62.815527384615386,8.84739697390185,0.23109517469073113,16,64,,False,True,,46,87.6246207195492
46,2026-09-18T06:49:14.813+00:00,2026-09-18T06:50:15.623+00:00,2026-09-18T06:50:21.832+00:00,True,99,99.0,,99.0,60809.742948,67018.504804,67018.504884,676.9545947878788,0.0,60809.742948,6106.57808488241,96.04786059999998,63.354712816326526,128.4038390549844,1.4772039497080989,16,64,,False,True,,462,87.6246207195492
47,2026-09-18T06:49:15.375+00:00,2026-09-18T06:50:17.824+00:00,2026-09-18T06:50:21.594+00:00,True,61,61.0,,61.0,62449.605571,66218.847939,66218.847907,1085.5548837213114,0.0,62449.605571,7988.687262842187,90.985342,62.82070613333333,119.43528363040437,0.9211878777503417,16,64,,False,True,,310,87.6246207195492
48,2026-09-18T06:49:15.931+00:00,2026-09-18T06:50:20.200+00:00,2026-09-18T06:50:21.329+00:00,True,25,25.0,,25.0,64269.85831,65398.244614,65398.244558000006,2615.92978232,0.0,64269.85831,12844.60079122214,87.99153199999999,47.016096,29.446939408037,0.38227325744838375,16,64,,False,True,,99,87.6246207195492
49,2026-09-18T06:49:16.294+00:00,2026-09-18T06:50:21.325+00:00,2026-09-18T06:50:24.839+00:00,True,56,56.0,,56.0,65030.263891,68544.121683,68544.121749,1224.0021740892857,34.112907,65030.263891,8681.505912773311,92.99683325000002,63.888323490909094,12.478171024926086,0.8169920136840686,16,64,,False,True,,268,87.6246207195492
50,2026-09-18T06:49:16.672+00:00,2026-09-18T06:50:22.369+00:00,2026-09-18T06:50:22.784+00:00,True,7,7.0,,7.0,65697.718536,66112.215816,66112.216002,9444.602286,58.893071000000006,65697.718536,24805.295033045913,46015.919002500006,69.08288,11.83997089068854,0.10588058369548567,16,64,,False,True,,27,87.6246207195492
51,2026-09-18T06:49:17.079+00:00,2026-09-18T06:50:24.409+00:00,2026-09-18T06:50:26.557+00:00,True,35,35.0,,35.0,67330.82848899999,69478.05690499999,69478.05704799999,1985.0873442285713,35.203635000000006,67330.82848899999,11370.320112979553,93.0704141,63.153776941176474,13.532404894469941,0.5037561722236539,16,64,,False,True,,192,87.6246207195492
52,2026-09-18T06:49:17.433+00:00,2026-09-18T06:50:25.640+00:00,2026-09-18T06:50:28.042+00:00,True,39,39.0,,39.0,68207.741676,70609.654764,70609.654565,1810.5039632051282,39.325658000000004,68207.741676,10911.865242310412,91.6238154,63.20823915789474,12.44529795026936,0.5523323988815756,16,64,,False,True,,166,87.6246207195492
53,2026-09-18T06:49:18.013+00:00,2026-09-18T06:50:27.685+00:00,2026-09-18T06:50:32.316+00:00,True,76,76.0,,76.0,69671.984002,74303.299202,74303.298968,977.6749864210526,0.0,69671.984002,7985.691340521719,87.24360925,61.750869333333334,117.29485643156588,1.0228347975960983,16,64,,False,True,,325,87.6246207195492
54,2026-09-18T06:49:18.611+00:00,2026-09-18T06:50:29.999+00:00,2026-09-18T06:50:32.937+00:00,True,48,48.0,,48.0,71388.412234,74325.98049,74325.980385,1548.4579246875,0.0,71388.412234,10296.101051194464,96.11111220000001,62.50145225531915,151.61466448535634,0.6458037914004785,16,64,,False,True,,236,87.6246207195492
55,2026-09-18T06:49:19.053+00:00,2026-09-18T06:50:32.244+00:00,2026-09-18T06:50:35.662+00:00,True,66,66.0,,66.0,73190.81897499999,76608.39286299999,76608.39285999999,1160.733225151515,0.0,73190.81897499999,9003.475151523025,96.681102,52.57805981538462,119.43534732938407,0.8615244039648352,16,64,,False,True,,203,87.6246207195492
56,2026-09-18T06:49:19.513+00:00,2026-09-18T06:50:33.354+00:00,2026-09-18T06:50:33.644+00:00,True,6,6.0,,6.0,73840.862792,74131.037768,74131.037687,12355.172947833333,41.266774,73840.862792,30121.714590267184,55397.28154325,58.034995200000004,9.779383139478849,0.08093775806535394,16,64,,False,True,,24,87.6246207195492
57,2026-09-18T06:49:20.058+00:00,2026-09-18T06:50:35.472+00:00,2026-09-18T06:50:38.200+00:00,True,46,46.0,,46.0,75414.41149500001,78142.101223,78142.10127300001,1698.7413320217393,35.451815,75414.41149500001,11110.317421377724,84.8320715,60.615327288888885,11.975767819061755,0.588671142445048,16,64,,False,True,,228,87.6246207195492
58,2026-09-18T06:49:20.510+00:00,2026-09-18T06:50:37.161+00:00,2026-09-18T06:50:40.178+00:00,True,49,49.0,,49.0,76651.03370100001,79667.49936500001,79667.499202,1625.8673306530613,38.611608,76651.03370100001,10941.175067056609,90.05440039999999,62.84303466666666,10.540376478912643,0.6150563327650643,16,64,,False,True,,264,87.6246207195492
59,2026-09-18T06:49:21.091+00:00,2026-09-18T06:50:39.428+00:00,2026-09-18T06:50:41.148+00:00,True,28,28.0,,28.0,78337.30127699999,80057.23983699999,80057.23977399999,2859.187134785714,38.355858999999995,78337.30127699999,14792.327521077861,99.5900056,63.701428148148146,15.242087311883862,0.34974975476308223,16,64,,False,True,,115,87.6246207195492
60,2026-09-18T06:49:21.579+00:00,2026-09-18T06:50:40.706+00:00,2026-09-18T06:50:45.758+00:00,True,73,73.0,,73.0,79126.325321,84179.016265,84179.01625,1153.1372089041095,0.0,79126.325321,9253.811177603007,96.6179276,70.1762631111111,136.22436160875245,0.8671994903123141,16,64,,False,True,,334,87.6246207195492
61,2026-09-18T06:49:22.029+00:00,2026-09-18T06:50:43.147+00:00,2026-09-18T06:50:45.749+00:00,True,29,29.0,,29.0,81118.06525900001,83720.43735500002,83720.43723200001,2886.9116286896556,0.0,81118.06525900001,15047.471273510522,749.052801,92.94186057142856,215.17364643645715,0.3463909281437603,16,64,,False,True,,122,87.6246207195492
62,2026-09-18T06:49:22.618+00:00,2026-09-18T06:50:45.768+00:00,2026-09-18T06:50:49.782+00:00,True,78,78.0,,78.0,83149.371794,87163.688338,87163.68825400001,1117.4831827435899,0.0,83149.371794,9408.940696417296,87.334054,52.133981090909096,24.427925724002215,0.8948680521358228,16,64,,False,True,,387,87.6246207195492
63,2026-09-18T06:49:23.088+00:00,2026-09-18T06:50:47.101+00:00,2026-09-18T06:50:47.620+00:00,True,10,10.0,,10.0,84013.684437,84532.140501,84532.140438,8453.2140438,38.22535,84013.684437,26549.24507221019,46237.97377515,57.60622933333334,10.970765771613939,0.11829819924980725,16,64,,False,True,,42,87.6246207195492
64,2026-09-18T06:49:23.561+00:00,2026-09-18T06:50:48.703+00:00,2026-09-18T06:50:49.904+00:00,True,20,20.0,,20.0,85141.33786399999,86342.78067999998,86342.78067099999,4317.139033549999,38.635978,85141.33786399999,19024.044520128573,4343.061493599999,63.23383242105263,9.224901262356159,0.23163488414999245,16,64,,False,True,,87,87.6246207195492
65,2026-09-18T06:49:24.142+00:00,2026-09-18T06:50:50.685+00:00,2026-09-18T06:50:56.816+00:00,True,99,99.0,,99.0,86543.350154,92674.50433,92674.504188,936.1061029090909,35.484314,86543.350154,8691.653422724377,94.61498979999999,62.562797714285715,11.29479998516603,1.0682549716961622,16,64,,False,True,,380,87.6246207195492
66,2026-09-18T06:49:24.532+00:00,2026-09-18T06:50:52.329+00:00,2026-09-18T06:50:53.765+00:00,True,24,24.0,,24.0,87796.44392800001,89232.542744,89232.54270100001,3718.022612541667,38.18121,87796.44392800001,17908.63077352296,86.7491338,62.43907895652174,8.70907421568296,0.2689601715021593,16,64,,False,True,,75,87.6246207195492
67,2026-09-18T06:49:25.103+00:00,2026-09-18T06:50:54.330+00:00,2026-09-18T06:50:56.817+00:00,True,41,41.0,,41.0,89226.774126,91713.90859,91713.908633,2236.924600804878,39.226628,89226.774126,13925.174224217659,94.37517600000001,62.1783616,10.522951830405423,0.4470423366567808,16,64,,False,True,,191,87.6246207195492
68,2026-09-18T06:49:25.702+00:00,2026-09-18T06:50:56.558+00:00,2026-09-18T06:50:58.131+00:00,True,26,26.0,,26.0,90855.731826,92428.267122,92428.267336,3554.9333590769234,37.112071,90855.731826,17805.940885966087,85.990223,62.90141184,8.370046072845277,0.28129922597901236,16,64,,False,True,,108,87.6246207195492
69,2026-09-18T06:49:26.263+00:00,2026-09-18T06:50:58.440+00:00,2026-09-18T06:51:01.222+00:00,True,46,46.0,,46.0,92177.23550499999,94959.69259299999,94959.69272499999,2064.341146195652,36.143903,92177.23550499999,13581.678945129766,85.48633224999999,61.83237973333333,10.161441334977146,0.4844160584760667,16,64,,True,True,,216,87.6246207195492
70,2026-09-18T06:49:26.700+00:00,2026-09-18T06:51:00.099+00:00,2026-09-18T06:51:01.043+00:00,True,16,16.0,,16.0,93399.560596,94343.5181,94343.51808899999,5896.469880562499,36.628752,93399.560596,23334.160085272142,23419.934221749998,62.93050026666666,11.316466306064825,0.16959299718970305,16,64,,True,True,,60,87.6246207195492
71,2026-09-18T06:49:27.137+00:00,2026-09-18T06:51:02.028+00:00,2026-09-18T06:51:06.906+00:00,True,79,79.0,,79.0,94891.60771699999,99769.306277,99769.30622999999,1262.902610506329,35.582834000000005,94891.60771699999,10669.108025012674,88.326979,62.53459692307692,8.994330355013293,0.7918266944812066,16,64,,True,True,,376,87.6246207195492
72,2026-09-18T06:49:27.742+00:00,2026-09-18T06:51:04.110+00:00,2026-09-18T06:51:08.210+00:00,True,68,68.0,,68.0,96367.64293999999,100467.39077999999,100467.39079299998,1477.4616293088234,38.748219,96367.64293999999,11678.877243054083,85.59411025,61.190266268656714,10.209573163425459,0.676836528470258,16,64,,True,True,,319,87.6246207195492
73,2026-09-18T06:49:28.187+00:00,2026-09-18T06:51:05.910+00:00,2026-09-18T06:51:07.277+00:00,True,22,22.0,,22.0,97722.431126,99089.42607,99089.426096,4504.064822545454,39.133767999999996,97722.431126,20820.619067049527,98.5353406,65.09499733333334,14.855479041581788,0.22202167145925825,16,64,,True,True,,109,87.6246207195492
74,2026-09-18T06:49:28.766+00:00,2026-09-18T06:51:08.212+00:00,2026-09-18T06:51:09.039+00:00,True,14,14.0,,14.0,99446.17870100001,100272.855437,100272.85549100001,7162.346820785715,39.592065999999996,99446.17870100001,26561.117306014672,34873.46704755,63.590518153846155,13.915731650847983,0.1396190418532162,16,64,,True,True,,47,87.6246207195492
75,2026-09-18T06:49:29.105+00:00,2026-09-18T06:51:09.668+00:00,2026-09-18T06:51:11.370+00:00,True,28,28.0,,28.0,100563.321916,102265.187132,102265.187146,3652.328112357143,35.224185,100563.321916,18992.77183874509,84.72307264999999,63.03204503703704,9.50365044938855,0.27379796375729176,16,64,,True,True,,125,87.6246207195492
76,2026-09-18T06:49:29.495+00:00,2026-09-18T06:51:11.274+00:00,2026-09-18T06:51:14.646+00:00,True,54,54.0,,54.0,101779.339048,105150.882088,105150.882088,1947.238557185185,38.485178999999995,101779.339048,13841.760216690864,91.5943765,63.614019622641514,9.59765418128506,0.5135477603964158,16,64,,True,True,,216,87.6246207195492
77,2026-09-18T06:49:30.019+00:00,2026-09-18T06:51:13.144+00:00,2026-09-18T06:51:19.144+00:00,True,94,94.0,,94.0,103125.552631,109125.313783,109125.313717,1160.9075927340425,38.436279,103125.552631,10629.938557608013,93.00043035,64.51356077419355,9.296788866577595,0.8613950030597182,16,64,,True,True,,413,87.6246207195492
78,2026-09-18T06:49:30.403+00:00,2026-09-18T06:51:14.268+00:00,2026-09-18T06:51:17.480+00:00,True,51,51.0,,51.0,103865.035175,107076.688807,107076.68887099999,2099.5429190392156,54.680799,103865.035175,14535.02224712807,93.92167150000002,64.23307264,8.87995153332607,0.47629414551588134,16,64,,True,True,,225,87.6246207195492
79,2026-09-18T06:49:30.735+00:00,2026-09-18T06:51:15.515+00:00,2026-09-18T06:51:16.547+00:00,True,17,17.0,,17.0,104779.422645,105811.146933,105811.147076,6224.185122117647,58.118273,104779.422645,25397.104425521473,21028.5214506,64.482768,7.4847933912605855,0.16066360201883514,16,64,,True,True,,76,87.6246207195492
80,2026-09-18T06:49:31.283+00:00,2026-09-18T06:51:18.007+00:00,2026-09-18T06:51:20.527+00:00,True,40,40.0,,40.0,106724.392319,109243.939455,109243.939616,2731.0984904,37.204491000000004,106724.392319,16864.397418409775,96.1382198,64.60377271794871,11.900470522974969,0.36615303512078934,16,64,,True,True,,174,87.6246207195492
81,2026-09-18T06:49:31.805+00:00,2026-09-18T06:51:19.544+00:00,2026-09-18T06:51:23.446+00:00,True,64,64.0,,64.0,107738.816966,111641.387718,111641.387785,1744.396684140625,36.994942,107738.816966,13459.613044555861,89.78752494999999,61.94556749206349,10.61567196923131,0.5732641031089696,16,64,,True,True,,223,87.6246207195492
82,2026-09-18T06:49:32.366+00:00,2026-09-18T06:51:21.925+00:00,2026-09-18T06:51:26.151+00:00,True,67,67.0,,67.0,109559.72704000001,113785.10918400002,113785.10935200001,1698.2852142089555,37.056822,109559.72704000001,13377.034069544445,93.799208,64.02094157575758,11.052052361916772,0.5888292455883257,16,64,,True,True,,277,87.6246207195492
83,2026-09-18T06:49:32.833+00:00,2026-09-18T06:51:23.954+00:00,2026-09-18T06:51:26.974+00:00,True,50,50.0,,50.0,111121.855274,114140.943914,114140.944087,2282.81888174,39.692477,111121.855274,15706.292126050312,79.08004085,61.61405387755102,8.378529431223242,0.43805490199619096,16,64,,True,True,,273,87.6246207195492
84,2026-09-18T06:49:33.318+00:00,2026-09-18T06:51:25.784+00:00,2026-09-18T06:51:29.143+00:00,True,55,55.0,,55.0,112465.94722,115824.557908,115824.558095,2105.901056272727,35.232144999999996,112465.94722,15156.52370009616,94.28981170000002,62.19649422222222,12.482141775566337,0.47485611854168924,16,64,,True,True,,249,87.6246207195492
85,2026-09-18T06:49:33.718+00:00,2026-09-18T06:51:27.315+00:00,2026-09-18T06:51:30.407+00:00,True,51,51.0,,51.0,113597.554779,116688.975963,116688.975798,2288.0191332941176,36.494282,113597.554779,15898.186933705467,92.655174,61.82842368,13.099963045786838,0.43705928155690726,16,64,,True,True,,225,87.6246207195492
86,2026-09-18T06:49:34.082+00:00,2026-09-18T06:51:28.752+00:00,2026-09-18T06:51:29.708+00:00,True,17,17.0,,17.0,114670.420037,115625.545029,115625.544989,6801.5026464117645,36.542172,114670.420037,27797.187373316887,23006.860280999997,59.695312,14.642785311191037,0.14702633397953918,16,64,,True,True,,69,87.6246207195492
87,2026-09-18T06:49:34.536+00:00,2026-09-18T06:51:30.845+00:00,2026-09-18T06:51:35.898+00:00,True,80,80.0,,80.0,116308.958698,121361.369322,121361.36928700001,1517.0171160875,37.7412,116308.958698,12996.59348383364,96.2611814,63.9545648607595,13.496817406676898,0.6591883434319314,16,64,,True,True,,437,87.6246207195492
88,2026-09-18T06:49:35.161+00:00,2026-09-18T06:51:32.264+00:00,2026-09-18T06:51:37.836+00:00,True,90,90.0,,90.0,117103.64456999999,122675.79330599999,122675.79317699999,1363.0643686333333,37.759260000000005,117103.64456999999,12337.214379202593,92.91773595000001,62.60841276404494,12.147987386635096,0.7336410678470677,16,64,,True,True,,375,87.6246207195492
89,2026-09-18T06:49:35.466+00:00,2026-09-18T06:51:34.698+00:00,2026-09-18T06:51:35.092+00:00,True,8,8.0,,8.0,119232.14265899999,119626.70445099998,119626.704489,14953.338061125,40.330324999999995,119232.14265899999,42135.001135365375,77523.90633015,56.36597028571428,10.917795288902573,0.0668747002328135,16,64,,True,True,,24,87.6246207195492
90,2026-09-18T06:49:35.801+00:00,2026-09-18T06:51:36.211+00:00,2026-09-18T06:51:41.734+00:00,True,91,91.0,,91.0,120410.73218600001,125933.41583400001,125933.415735,1383.8836893956045,36.189233,120410.73218600001,12616.045735748332,81.393954,61.36315164444444,9.93558433536846,0.7226040792854557,16,64,,True,True,,388,87.6246207195492
91,2026-09-18T06:49:36.136+00:00,2026-09-18T06:51:37.484+00:00,2026-09-18T06:51:42.883+00:00,True,88,88.0,,88.0,121347.74964,126747.051016,126747.050978,1440.3073974772726,35.585544,121347.74964,12929.102298042091,91.69422370000001,62.06093535632184,10.777372183388708,0.6942962324929458,16,64,,True,True,,431,87.6246207195492
92,2026-09-18T06:49:36.661+00:00,2026-09-18T06:51:39.649+00:00,2026-09-18T06:51:40.905+00:00,True,22,22.0,,22.0,122988.49805,124244.60300999999,124244.60308599999,5647.481958454545,36.753813,122988.49805,26208.484427783613,67.4856611,59.814521904761904,7.564618249347061,0.1770700655563228,16,64,,True,True,,52,87.6246207195492
93,2026-09-18T06:49:37.065+00:00,2026-09-18T06:51:41.395+00:00,2026-09-18T06:51:44.860+00:00,True,57,57.0,,57.0,124329.942635,127795.553899,127795.553898,2242.027261368421,35.257314,124329.942635,16459.70902929935,81.25587180000001,61.88591542857142,9.725339121598765,0.44602490666497296,16,64,,True,True,,299,87.6246207195492
94,2026-09-18T06:49:37.602+00:00,2026-09-18T06:51:43.574+00:00,2026-09-18T06:51:47.530+00:00,True,67,67.0,,67.0,125972.44767200001,129928.708536,129928.708612,1939.2344568955225,35.039525000000005,125972.44767200001,15382.663782685759,69.8877196,59.94334642424242,9.82778950353759,0.5156674052635255,16,64,,True,True,,272,87.6246207195492
95,2026-09-18T06:49:38.148+00:00,2026-09-18T06:51:45.313+00:00,2026-09-18T06:51:51.273+00:00,True,100,100.0,,100.0,127165.305272,133125.10303199998,133125.103263,1331.25103263,34.638166,127165.305272,12710.51387251043,69.11639595000001,60.199977373737376,9.265897118287505,0.7511731275502748,16,64,,True,True,,348,87.6246207195492
96,2026-09-18T06:49:38.558+00:00,2026-09-18T06:51:46.839+00:00,2026-09-18T06:51:52.034+00:00,True,86,86.0,,86.0,128280.740505,133476.11074499998,133476.110761,1552.0477995465117,36.324132,128280.740505,13826.280613084895,75.179378,61.122002823529414,9.996049129480419,0.6443100530873205,16,64,,True,True,,447,87.6246207195492
97,2026-09-18T06:49:39.121+00:00,2026-09-18T06:51:49.074+00:00,2026-09-18T06:51:50.249+00:00,True,21,21.0,,21.0,129952.903648,131127.78236800001,131127.782398,6244.180114190476,41.447542999999996,129952.903648,28345.23061384628,67.405245,58.743936,8.203826572829664,0.1601491279785783,16,64,,True,True,,80,87.6246207195492
98,2026-09-18T06:49:39.607+00:00,2026-09-18T06:51:50.679+00:00,2026-09-18T06:51:52.565+00:00,True,30,30.0,,30.0,131071.69254199999,132958.29811,132958.297976,4431.9432658666665,37.21687,131071.69254199999,23918.43340190557,93.85390589999999,65.0553644137931,12.746688581483935,0.22563465708007321,16,64,,True,True,,142,87.6246207195492
99,2026-09-18T06:49:40.098+00:00,2026-09-18T06:51:52.431+00:00,2026-09-18T06:51:57.900+00:00,True,91,91.0,,91.0,132332.819333,137802.41318899998,137802.413007,1514.3122308461539,37.26737,132332.819333,13865.88169028818,72.5044955,60.77326506666667,10.142899990180133,0.6603657939951376,16,64,,True,True,,345,87.6246207195492
100,2026-09-18T06:49:40.499+00:00,2026-09-18T06:51:53.802+00:00,2026-09-18T06:51:56.911+00:00,True,52,52.0,,52.0,133302.681867,136411.831819,136411.831861,2623.3044588653847,41.028883,133302.681867,18477.305301676344,93.11100244999997,60.9637245490196,11.489352045442702,0.3811986050374057,16,64,,True,True,,171,87.6246207195492
101,2026-09-18T06:49:40.953+00:00,2026-09-18T06:51:55.846+00:00,2026-09-18T06:51:57.134+00:00,True,23,23.0,,23.0,134892.59799500002,136181.30199500002,136181.301963,5920.926172304348,38.837146999999995,134892.59799500002,28114.839460676103,93.076175,58.57745454545455,12.546885667699316,0.1688924959818967,16,64,,True,True,,81,87.6246207195492
102,2026-09-18T06:49:41.285+00:00,2026-09-18T06:51:57.137+00:00,2026-09-18T06:52:02.356+00:00,True,86,86.0,,86.0,135852.335019,141071.193515,141071.193331,1640.3627131511628,35.745154,135852.335019,14642.716406085594,76.8642065,61.398335247058824,9.626835731977891,0.6096212689294054,16,64,,True,True,,406,87.6246207195492
103,2026-09-18T06:49:41.830+00:00,2026-09-18T06:51:59.166+00:00,2026-09-18T06:52:03.601+00:00,True,72,72.0,,72.0,137335.980843,141771.896107,141771.896065,1969.054112013889,36.535342,137335.980843,16177.841045524658,88.98970085,62.47767977464788,10.79588580614946,0.5078580591576428,16,64,,True,True,,307,87.6246207195492
104,2026-09-18T06:49:42.278+00:00,2026-09-18T06:52:00.726+00:00,2026-09-18T06:52:05.496+00:00,True,77,77.0,,77.0,138447.864282,143217.212378,143217.212393,1859.9637973116883,34.485886,138447.864282,15770.450661975568,89.35286,62.75458021052632,11.001683051687099,0.5376448732766159,16,64,,True,True,,396,87.6246207195492
105,2026-09-18T06:49:42.657+00:00,2026-09-18T06:52:02.230+00:00,2026-09-18T06:52:02.264+00:00,True,2,2.0,,2.0,139572.613748,139607.3957,139607.395723,69803.6978615,34.781974999999996,139572.613748,98668.147078756,132595.72215935,34.781952,nan,0.014325888610498593,16,64,,True,True,,6,87.6246207195492
106,2026-09-18T06:49:43.148+00:00,2026-09-18T06:52:03.955+00:00,2026-09-18T06:52:06.398+00:00,True,40,40.0,,40.0,140806.657849,143249.62975300002,143249.629846,3581.24074615,36.638591999999996,140806.657849,22253.58577353834,91.55928865,62.64030523076923,11.001891693033585,0.27923283340397115,16,64,,True,True,,202,87.6246207195492
107,2026-09-18T06:49:43.677+00:00,2026-09-18T06:52:06.137+00:00,2026-09-18T06:52:11.221+00:00,True,83,83.0,,83.0,142460.323458,147543.91821,147543.918094,1777.6375673975904,36.624421000000005,142460.323458,15630.2504056962,88.44272710000001,61.995057951219515,10.16485211890458,0.5625443664974769,16,64,,True,True,,414,87.6246207195492
108,2026-09-18T06:49:44.062+00:00,2026-09-18T06:52:07.456+00:00,2026-09-18T06:52:12.690+00:00,True,87,87.0,,87.0,143394.483269,148627.97549299998,148627.975586,1708.3675354712643,34.098236,143394.483269,15366.97989635643,68.590145,60.854560744186045,7.678909552608154,0.5853541347880197,16,64,,True,True,,401,87.6246207195492
109,2026-09-18T06:49:44.425+00:00,2026-09-18T06:52:09.069+00:00,2026-09-18T06:52:14.955+00:00,True,96,96.0,,96.0,144643.986014,150530.03094199998,150530.031094,1568.0211572291666,37.70933,144643.986014,14756.344560076395,78.77101775,61.958367663157894,9.701655372743726,0.637746497487862,16,64,,True,True,,271,87.6246207195492
110,2026-09-18T06:49:45.009+00:00,2026-09-18T06:52:11.350+00:00,2026-09-18T06:52:17.435+00:00,True,98,98.0,,98.0,146340.78019999998,152426.27011999997,152426.270069,1555.3701027448978,38.146398999999995,146340.78019999998,14776.318215448777,91.9682802,62.73700948453608,11.541937688771231,0.6429337929928218,16,64,,True,True,,476,87.6246207195492
111,2026-09-18T06:49:45.406+00:00,2026-09-18T06:52:12.844+00:00,2026-09-18T06:52:12.973+00:00,True,3,3.0,,3.0,147438.49954699998,147567.42473099998,147567.42487599998,49189.14162533333,63.774331,147438.49954699998,85086.43986845744,132701.1646921,64.462592,0.9735219889206407,0.020329690007592712,16,64,,True,True,,10,87.6246207195492
112,2026-09-18T06:49:45.870+00:00,2026-09-18T06:52:14.763+00:00,2026-09-18T06:52:19.969+00:00,True,83,83.0,,83.0,148892.997057,154099.795137,154099.795133,1856.624037746988,33.630157,148892.997057,16336.165716607551,96.49379689999999,63.49753756097561,13.894951593507107,0.5386120074086416,16,64,,True,True,,486,87.6246207195492
113,2026-09-18T06:49:46.222+00:00,2026-09-18T06:52:16.189+00:00,2026-09-18T06:52:20.798+00:00,True,73,73.0,,73.0,149967.676687,154576.295439,154576.295508,2117.483500109589,36.201723,149967.676687,17544.903084243877,95.378674,64.00859377777778,14.368425616286396,0.472258697833833,16,64,,True,True,,224,87.6246207195492
114,2026-09-18T06:49:46.726+00:00,2026-09-18T06:52:18.103+00:00,2026-09-18T06:52:21.775+00:00,True,58,58.0,,58.0,151377.553321,155049.476777,155049.47695600003,2673.266844068966,38.752348,151377.553321,19868.39146035262,91.78126994999998,64.41970975438596,12.13605052742149,0.3740741420457583,16,64,,True,True,,264,87.6246207195492
115,2026-09-18T06:49:47.264+00:00,2026-09-18T06:52:20.090+00:00,2026-09-18T06:52:20.250+00:00,True,3,3.0,,3.0,152826.30857,152985.651418,152985.651483,50995.217161,68.09501399999999,152826.30857,88188.31281510666,137552.80250289998,79.671424,16.37156976570689,0.019609682164264886,16,64,,True,True,,9,87.6246207195492
116,2026-09-18T06:49:47.833+00:00,2026-09-18T06:52:22.255+00:00,2026-09-18T06:52:22.718+00:00,True,8,8.0,,8.0,154421.682085,154884.81424500002,154884.814231,19360.601778875,55.797025999999995,154421.682085,54572.91851715552,100405.36194015,66.16173714285715,10.944441151182145,0.05165128704835732,16,64,,True,True,,46,87.6246207195492
117,2026-09-18T06:49:48.860+00:00,2026-09-18T06:52:25.382+00:00,2026-09-18T06:52:28.752+00:00,True,54,54.0,,54.0,156522.55388,159892.040216,159892.040219,2960.9637077592593,38.004529999999995,156522.55388,21291.373104737482,89.32903735,63.575213886792454,11.248620620692506,0.33772788143206367,16,64,,True,True,,234,87.6246207195492
118,2026-09-18T06:49:48.895+00:00,2026-09-18T06:52:25.726+00:00,2026-09-18T06:52:26.299+00:00,True,10,10.0,,10.0,156830.888224,157403.960352,157403.960365,15740.3960365,55.058427,156830.888224,49574.14584693696,86287.54396600001,63.674680888888886,3.718586517930585,0.06353080302196437,16,64,,True,True,,39,87.6246207195492
119,2026-09-18T06:49:49.338+00:00,2026-09-18T06:52:27.928+00:00,2026-09-18T06:52:32.435+00:00,True,73,73.0,,73.0,158589.24828799997,163096.920608,163096.92074599996,2234.2043937808216,36.418993,158589.24828799997,18554.14337764492,90.693231,62.60656,11.25937822664896,0.44758662351114503,16,64,,True,True,,291,87.6246207195492
120,2026-09-18T06:49:49.708+00:00,2026-09-18T06:52:29.291+00:00,2026-09-18T06:52:35.125+00:00,True,93,93.0,,93.0,159582.578649,165416.565977,165416.565955,1778.672752204301,35.232955000000004,159582.578649,16541.371538093448,95.403148,63.41290573913044,12.420091455694527,0.5622169669084472,16,64,,True,True,,451,87.6246207195492
121,2026-09-18T06:49:50.158+00:00,2026-09-18T06:52:31.043+00:00,2026-09-18T06:52:31.322+00:00,True,5,5.0,,5.0,160885.077652,161163.777428,161163.777253,32232.7554506,58.087392,160885.077652,71918.83548523532,128725.91731240001,69.674944,13.909706714072346,0.031024341075858393,16,64,,True,True,,15,87.6246207195492
122,2026-09-18T06:49:50.506+00:00,2026-09-18T06:52:32.495+00:00,2026-09-18T06:52:38.824+00:00,True,98,98.0,,98.0,161989.765526,168318.195094,168318.195111,1717.5326031734694,36.395493,161989.765526,16356.853573576549,98.6290236,65.24154193814432,14.748732036375072,0.5822305778960517,16,64,,True,True,,440,87.6246207195492
123,2026-09-18T06:49:50.996+00:00,2026-09-18T06:52:34.466+00:00,2026-09-18T06:52:36.134+00:00,True,27,27.0,,27.0,163469.83708899998,165137.88086499998,165137.88098,6116.217814074073,38.395517999999996,163469.83708899998,31447.44134687059,97.17122859999999,64.15552984615385,14.6235019978205,0.16349973645400276,16,64,,True,True,,124,87.6246207195492
124,2026-09-18T06:49:51.374+00:00,2026-09-18T06:52:36.131+00:00,2026-09-18T06:52:39.190+00:00,True,48,48.0,,48.0,164757.00774200002,167815.70521400002,167815.705091,3496.160522729167,36.097192,164757.00774200002,23771.237055481557,100.08997649999999,65.07866961702128,15.044222028719641,0.286028056425291,16,64,,True,True,,212,87.6246207195492
125,2026-09-18T06:49:51.972+00:00,2026-09-18T06:52:38.217+00:00,2026-09-18T06:52:44.154+00:00,True,95,95.0,,95.0,166245.202687,172181.83551900001,172181.835533,1812.440374031579,38.184249,166245.202687,17049.92173538445,90.65762570000001,63.155668425531914,10.921571571961882,0.5517422886894296,16,64,,True,True,,433,87.6246207195492
126,2026-09-18T06:49:52.489+00:00,2026-09-18T06:52:40.174+00:00,2026-09-18T06:52:45.533+00:00,True,86,86.0,,86.0,167684.93488400002,173043.45776400002,173043.45768700002,2012.1332289186048,39.668276,167684.93488400002,18075.136470252823,88.6720725,63.04144564705882,10.212464593112372,0.4969849834906122,16,64,,True,True,,380,87.6246207195492
127,2026-09-18T06:49:52.855+00:00,2026-09-18T06:52:41.733+00:00,2026-09-18T06:52:46.588+00:00,True,79,79.0,,79.0,168877.863674,173733.076986,173733.076964,2199.1528729620254,37.84542,168877.863674,18993.243744687563,89.69664870000001,62.246324512820514,10.541683678827185,0.45472054815656143,16,64,,True,True,,341,87.6246207195492
128,2026-09-18T06:49:53.241+00:00,2026-09-18T06:52:43.302+00:00,2026-09-18T06:52:48.800+00:00,True,88,88.0,,88.0,170061.501351,175559.130279,175559.130303,1994.9901170795456,36.800742,170061.501351,18121.88542369028,93.40914035000002,63.19113710344828,13.078763469616632,0.5012556160431513,16,64,,True,True,,340,87.6246207195492
129,2026-09-18T06:49:53.701+00:00,2026-09-18T06:52:44.875+00:00,2026-09-18T06:52:49.908+00:00,True,81,81.0,,81.0,171174.596487,176207.231367,176207.23141100002,2175.397918654321,37.237361,171174.596487,19012.41360692353,91.79289899999999,62.907936,12.045348884661431,0.4596860149927402,16,64,,True,True,,389,87.6246207195492
130,2026-09-18T06:49:54.096+00:00,2026-09-18T06:52:46.421+00:00,2026-09-18T06:52:50.812+00:00,True,71,71.0,,71.0,172324.96101499998,176716.61874299997,176716.61873999998,2488.9664611267604,34.534005,172324.96101499998,20443.768859308508,93.91332,62.73796754285714,13.180319032908853,0.40177319204627676,16,64,,True,True,,387,87.6246207195492
131,2026-09-18T06:49:54.587+00:00,2026-09-18T06:52:48.460+00:00,2026-09-18T06:52:48.807+00:00,True,6,6.0,,6.0,173872.521942,174220.034518,174220.034583,29036.6724305,59.651048,173872.521942,70954.78645862163,130427.24086399999,69.5025152,12.673598668806395,0.03443920796250384,16,64,,True,True,,21,87.6246207195492
132,2026-09-18T06:49:55.077+00:00,2026-09-18T06:52:50.149+00:00,2026-09-18T06:52:52.734+00:00,True,41,41.0,,41.0,175071.93409,177657.023882,177657.023952,4333.098145170731,39.708585,175071.93409,27331.55220073267,95.39653200000001,64.6272448,12.378401892159372,0.23078175635336684,16,64,,True,True,,179,87.6246207195492
133,2026-09-18T06:49:55.414+00:00,2026-09-18T06:52:51.587+00:00,2026-09-18T06:52:53.655+00:00,True,33,33.0,,33.0,176172.987676,178240.97973999998,178240.97974399998,5401.241810424242,39.858396,176172.987676,30656.533418165025,95.3761662,64.624752,12.340590123670571,0.18514260888902812,16,64,,True,True,,184,87.6246207195492
134,2026-09-18T06:49:55.977+00:00,2026-09-18T06:52:53.660+00:00,2026-09-18T06:52:54.971+00:00,True,20,20.0,,20.0,177682.872533,178994.111957,178994.11201299998,8949.705600649999,46.333874,177682.872533,39715.668983996016,8978.51176645,69.01260126315789,14.562558251222454,0.11173551901419322,16,64,,True,True,,90,87.6246207195492
135,2026-09-18T06:49:56.353+00:00,2026-09-18T06:52:55.298+00:00,2026-09-18T06:52:58.269+00:00,True,47,47.0,,47.0,178944.736396,181916.47655599998,181916.476645,3870.56333287234,34.570035000000004,178944.736396,26092.35288013831,95.6029911,64.60304695652174,14.144169474353463,0.2583603249677707,16,64,,True,True,,230,87.6246207195492
136,2026-09-18T06:49:56.909+00:00,2026-09-18T06:52:57.314+00:00,2026-09-18T06:53:01.472+00:00,True,67,67.0,,67.0,180404.37769800003,184563.17680200003,184563.17674900003,2754.6742798358214,37.338029999999996,180404.37769800003,22032.207224981357,93.5732079,63.01210763636363,11.18529070825709,0.36301932574490636,16,64,,True,True,,341,87.6246207195492
137,2026-09-18T06:49:57.472+00:00,2026-09-18T06:52:59.204+00:00,2026-09-18T06:53:04.109+00:00,True,81,81.0,,81.0,181732.261914,186636.57935400002,186636.579193,2304.1552986790125,39.440246,181732.261914,20185.663286675128,69.59834,61.303968,7.269003127751783,0.4339985241926477,16,64,,True,True,,322,87.6246207195492
138,2026-09-18T06:49:57.829+00:00,2026-09-18T06:53:00.847+00:00,2026-09-18T06:53:06.098+00:00,True,87,87.0,,87.0,183017.86405399998,188269.443958,188269.44398399998,2164.0165975172413,36.767762000000005,183017.86405399998,19615.029140895233,69.69798190000002,61.06488260465116,7.369752918269368,0.46210366467863134,16,64,,True,True,,484,87.6246207195492
139,2026-09-18T06:49:58.317+00:00,2026-09-18T06:53:02.887+00:00,2026-09-18T06:53:03.552+00:00,True,12,12.0,,12.0,184570.51507300002,185235.707009,185235.70689000003,15436.3089075,42.91634,184570.51507300002,53263.46197208454,83094.51148745001,60.47199418181818,7.254257363881458,0.06478232622513196,16,64,,True,True,,44,87.6246207195492
140,2026-09-18T06:49:58.658+00:00,2026-09-18T06:53:04.107+00:00,2026-09-18T06:53:09.498+00:00,True,91,91.0,,91.0,185449.183063,190840.159831,190840.15995200002,2097.144614857143,35.825703000000004,185449.183063,19434.08008823271,70.4142935,59.899741866666666,10.164787627399557,0.4768388376984476,16,64,,True,True,,384,87.6246207195492
141,2026-09-18T06:49:59.000+00:00,2026-09-18T06:53:05.327+00:00,2026-09-18T06:53:08.256+00:00,True,51,51.0,,51.0,186326.840696,189255.740536,189255.740684,3710.8968761568626,36.497741999999995,186326.840696,26082.77577594671,73.295113,58.577996799999994,10.114587323905882,0.2694766343972475,16,64,,True,True,,250,87.6246207195492
142,2026-09-18T06:49:59.497+00:00,2026-09-18T06:53:07.214+00:00,2026-09-18T06:53:08.726+00:00,True,26,26.0,,26.0,187717.17862700002,189229.02553900002,189229.025693,7278.03944973077,35.014435,187717.17862700002,36802.51020857477,96.34952725,60.473876479999994,13.958835431273117,0.13739964007076394,16,64,,True,True,,116,87.6246207195492
143,2026-09-18T06:49:59.858+00:00,2026-09-18T06:53:08.439+00:00,2026-09-18T06:53:09.953+00:00,True,26,26.0,,26.0,188581.794013,190095.120605,190095.120827,7311.350801038462,38.277519,188581.794013,36972.06296702566,96.70448449999999,60.53306368,12.033624464641283,0.13677363162848133,16,64,,True,True,,106,87.6246207195492
144,2026-09-18T06:50:00.410+00:00,2026-09-18T06:53:11.016+00:00,2026-09-18T06:53:12.108+00:00,True,19,19.0,,19.0,190606.32963800002,191698.484774,191698.484629,10089.393927842106,34.701285000000006,190606.32963800002,43714.17195058653,19121.647442300004,60.675285333333335,8.71026015153326,0.09911398111675092,16,64,,True,True,,66,87.6246207195492
145,2026-09-18T06:50:00.959+00:00,2026-09-18T06:53:12.782+00:00,2026-09-18T06:53:16.632+00:00,True,62,62.0,,62.0,191822.76059400002,195672.92942600002,195672.929452,3156.0149911612907,37.216551,191822.76059400002,24353.501923030355,93.92753450000001,63.11752183606558,11.982274898026104,0.31685527569845723,16,64,,True,True,,224,87.6246207195492
146,2026-09-18T06:50:01.414+00:00,2026-09-18T06:53:14.630+00:00,2026-09-18T06:53:17.245+00:00,True,42,42.0,,42.0,193215.822661,195830.67757300002,195830.67751600003,4662.6351789523815,39.681665,193215.822661,29804.01009341305,93.43707355000001,63.77694907317073,12.07853697702615,0.21447099361816593,16,64,,True,True,,186,87.6246207195492
147,2026-09-18T06:50:02.590+00:00,2026-09-18T06:53:17.310+00:00,2026-09-18T06:53:18.924+00:00,True,26,26.0,,26.0,194719.905074,196334.40901,196334.409038,7551.323424538462,33.660087,194719.905074,38175.05267234568,93.47585525000001,64.58015744,14.560870740667808,0.1324271182575833,16,64,,True,True,,118,87.6246207195492
148,2026-09-18T06:50:02.718+00:00,2026-09-18T06:53:17.311+00:00,2026-09-18T06:53:21.693+00:00,True,71,71.0,,71.0,194593.811056,198975.239792,198975.239841,2802.468166774648,35.869512,194593.811056,23086.611416283078,91.7724235,62.59183908571429,12.099028273966528,0.3568283173033001,16,64,,True,True,,335,87.6246207195492
149,2026-09-18T06:50:02.943+00:00,2026-09-18T06:53:20.671+00:00,2026-09-18T06:53:26.480+00:00,True,94,94.0,,94.0,197727.879786,203536.864362,203536.86422400002,2165.2857896170212,32.44085,197727.879786,20387.635525620528,93.68171464999999,62.462199741935486,13.452562365790067,0.4618328001399124,16,64,,True,True,,395,87.6246207195492
150,2026-09-18T06:50:03.479+00:00,2026-09-18T06:53:22.682+00:00,2026-09-18T06:53:25.922+00:00,True,52,52.0,,52.0,199202.95251899998,202442.89901499997,202442.89901599998,3893.132673384615,38.550807999999996,199202.95251899998,27615.672753355273,101.2963602,63.528362666666666,13.716017022031425,0.2568625536040514,16,64,,True,True,,308,87.6246207195492
151,2026-09-18T06:50:03.817+00:00,2026-09-18T06:53:24.114+00:00,2026-09-18T06:53:28.482+00:00,True,71,71.0,,71.0,200297.081197,204665.970285,204665.970375,2882.619301056338,34.663585,200297.081197,23763.486127138807,91.20922049999999,62.41270125714286,11.89951079630422,0.34690671781504073,16,64,,True,True,,275,87.6246207195492
152,2026-09-18T06:50:04.382+00:00,2026-09-18T06:53:26.483+00:00,2026-09-18T06:53:30.780+00:00,True,71,71.0,,71.0,202100.20506600002,206397.535242,206397.535257,2907.007538830986,40.368435,202100.20506600002,23977.59813235112,90.33188600000001,61.39043108571429,10.315372818543151,0.3439963559484995,16,64,,True,True,,284,87.6246207195492
153,2026-09-18T06:50:04.868+00:00,2026-09-18T06:53:28.197+00:00,2026-09-18T06:53:33.686+00:00,True,91,91.0,,91.0,203328.547018,208817.40973800002,208817.409695,2294.696809835165,38.036559000000004,203328.547018,21308.23259567481,83.63472900000001,60.987363555555554,10.456872152052625,0.4357874188468112,16,64,,True,True,,436,87.6246207195492
154,2026-09-18T06:50:05.426+00:00,2026-09-18T06:53:30.331+00:00,2026-09-18T06:53:34.960+00:00,True,75,75.0,,75.0,204905.244601,209534.07096900002,209534.07095400002,2793.78761272,36.558251,204905.244601,23653.199342618984,90.2427805,62.55170767567567,11.092596767174284,0.3579370154608223,16,64,,True,True,,371,87.6246207195492
155,2026-09-18T06:50:05.761+00:00,2026-09-18T06:53:31.775+00:00,2026-09-18T06:53:37.539+00:00,True,93,93.0,,93.0,206013.946722,211777.943906,211777.943694,2277.1821902580646,35.754013,206013.946722,21356.158078928373,91.34062920000001,62.65214330434783,12.613029879881083,0.43913921480548085,16,64,,True,True,,428,87.6246207195492
156,2026-09-18T06:50:06.194+00:00,2026-09-18T06:53:33.748+00:00,2026-09-18T06:53:34.820+00:00,True,18,18.0,,18.0,207554.378054,208625.691718,208625.691632,11590.316201777778,38.656298,207554.378054,48906.18354495098,31209.195305150002,63.01845082352941,10.558710581248429,0.08627892304045974,16,64,,True,True,,93,87.6246207195492
157,2026-09-18T06:50:06.780+00:00,2026-09-18T06:53:35.702+00:00,2026-09-18T06:53:38.199+00:00,True,41,41.0,,41.0,208921.450117,211418.293893,211418.293743,5156.543749829269,33.574587,208921.450117,32618.3025485419,95.489452,62.4210944,12.354207563301012,0.1939283457691241,16,64,,True,True,,207,87.6246207195492
158,2026-09-18T06:50:07.316+00:00,2026-09-18T06:53:37.915+00:00,2026-09-18T06:53:43.434+00:00,True,90,90.0,,90.0,210599.487959,216118.658007,216118.65797899998,2401.318421988889,35.244423000000005,210599.487959,22192.600972841545,87.22780924999999,62.01314660674157,10.660919486800395,0.41643789957776317,16,64,,True,True,,526,87.6246207195492
159,2026-09-18T06:50:07.703+00:00,2026-09-18T06:53:39.676+00:00,2026-09-18T06:53:44.040+00:00,True,72,72.0,,72.0,211972.95356400002,216336.03247600002,216336.03253300002,3004.6671185138894,37.51565,211972.95356400002,24974.01229685178,89.67368420000001,61.45181566197183,10.827333996233175,0.3328155701847198,16,64,,True,True,,321,87.6246207195492
160,2026-09-18T06:50:08.133+00:00,2026-09-18T06:53:40.986+00:00,2026-09-18T06:53:46.800+00:00,True,93,93.0,,93.0,212852.74063999997,218666.69903999998,218666.69893999997,2351.2548273118277,35.513963000000004,212852.74063999997,22065.25077419221,92.99531859999999,63.1952,11.172097536331165,0.42530481508292134,16,64,,True,True,,421,87.6246207195492
161,2026-09-18T06:50:08.504+00:00,2026-09-18T06:53:42.540+00:00,2026-09-18T06:53:42.708+00:00,True,4,4.0,,4.0,214035.941132,214204.38554800002,214204.385477,53551.09636925,39.034207,214035.941132,106989.89724841576,181940.88903785002,56.14813866666666,15.410820584476783,0.018673753993256405,16,64,,True,True,,11,87.6246207195492
162,2026-09-18T06:50:09.090+00:00,2026-09-18T06:53:44.634+00:00,2026-09-18T06:53:47.187+00:00,True,41,41.0,,41.0,215544.22657,218097.256202,218097.256082,5319.445270292683,37.280089999999994,215544.22657,33652.38592579845,89.352293,63.8257408,8.771528280852982,0.18798952684680323,16,64,,True,True,,159,87.6246207195492
163,2026-09-18T06:50:09.618+00:00,2026-09-18T06:53:46.636+00:00,2026-09-18T06:53:50.863+00:00,True,67,67.0,,67.0,217017.711676,221244.59526,221244.59543000002,3302.1581407462686,0.019979,217017.711676,26505.12131323146,93.2294486,64.04369066666666,25.672572650036823,0.3028322564050146,16,64,,True,True,,345,87.6246207195492
164,2026-09-18T06:50:10.071+00:00,2026-09-18T06:53:48.950+00:00,2026-09-18T06:53:52.061+00:00,True,53,53.0,,53.0,218878.32647,221989.607878,221989.607868,4188.483167320755,0.02368,218878.32647,30057.0354993884,80.0260164,59.83233476923077,15.145650332003664,0.2387499149470433,16,64,,True,True,,254,87.6246207195492
165,2026-09-18T06:50:10.587+00:00,2026-09-18T06:53:50.636+00:00,2026-09-18T06:53:56.747+00:00,True,99,99.0,,99.0,220049.56184,226160.24395200002,226160.24394000001,2284.446908484849,36.99251,220049.56184,22109.549065896692,88.351641,62.35389910204082,11.145346608807355,0.4377427184815543,16,64,,True,True,,498,87.6246207195492
166,2026-09-18T06:50:10.930+00:00,2026-09-18T06:53:51.738+00:00,2026-09-18T06:53:53.846+00:00,True,35,35.0,,35.0,220808.134995,222916.401235,222916.401374,6369.040039257143,37.089321000000005,220808.134995,37312.907822190384,92.05504640000001,62.007830588235294,12.72289387650394,0.15700953274901813,16,64,,True,True,,166,87.6246207195492
167,2026-09-18T06:50:11.433+00:00,2026-09-18T06:53:53.744+00:00,2026-09-18T06:53:57.501+00:00,True,61,61.0,,61.0,222310.959133,226068.236317,226068.236239,3706.036659655738,34.793965,222310.959133,28455.985372092826,76.732016,62.621286399999995,9.69426134411385,0.269830034478899,16,64,,True,True,,272,87.6246207195492
168,2026-09-18T06:50:11.779+00:00,2026-09-18T06:53:55.054+00:00,2026-09-18T06:53:57.811+00:00,True,45,45.0,,45.0,223275.479808,226032.274944,226032.274867,5022.939441488889,53.65689,223275.479808,33274.603637232154,69.26574499999998,62.65443490909091,4.02610653435399,0.199086612790801,16,64,,True,True,,247,87.6246207195492
169,2026-09-18T06:50:12.155+00:00,2026-09-18T06:53:56.433+00:00,2026-09-18T06:54:01.693+00:00,True,85,85.0,,85.0,224278.53525,229538.246226,229538.246193,2700.4499552117645,37.550889000000005,224278.53525,24319.63261843441,75.74740220000001,62.61560685714286,8.78881206662716,0.3703086583501655,16,64,,True,True,,328,87.6246207195492
170,2026-09-18T06:50:12.580+00:00,2026-09-18T06:53:57.963+00:00,2026-09-18T06:53:58.401+00:00,True,8,8.0,,8.0,225383.40764,225821.522968,225821.52294,28227.6903675,59.836858,225383.40764,79662.93984100039,146522.6341324,62.587904,3.0688278057273486,0.03542620692153262,16,64,,True,True,,33,87.6246207195492
171,2026-09-18T06:50:12.938+00:00,2026-09-18T06:53:59.442+00:00,2026-09-18T06:54:02.861+00:00,True,55,55.0,,55.0,226504.440711,229922.872967,229922.872732,4180.4158678545455,38.459338,226504.440711,30533.318338690045,90.4152307,63.304301037037035,10.385021260470891,0.23921065046840273,16,64,,True,True,,294,87.6246207195492
172,2026-09-18T06:50:13.437+00:00,2026-09-18T06:54:01.696+00:00,2026-09-18T06:54:07.692+00:00,True,96,96.0,,96.0,228259.189093,234255.047781,234255.04768699998,2440.1567467395835,38.321938,228259.189093,23290.167142368482,92.13459474999999,63.114301978947374,11.452772379181912,0.4098097390402803,16,64,,True,True,,521,87.6246207195492
173,2026-09-18T06:50:13.904+00:00,2026-09-18T06:54:03.240+00:00,2026-09-18T06:54:03.304+00:00,True,2,2.0,,2.0,229336.20012400002,229400.59794800004,229400.59805300002,114700.29902650001,64.39792899999999,229336.20012400002,162119.64606694528,217872.61001425,64.397824,nan,0.008718373090088261,16,64,,True,True,,5,87.6246207195492
174,2026-09-18T06:50:14.369+00:00,2026-09-18T06:54:04.808+00:00,2026-09-18T06:54:09.709+00:00,True,78,78.0,,78.0,230438.953546,235339.99674600002,235339.99684100001,3017.1794466794872,35.302904000000005,230438.953546,26084.870194723157,95.21367470000001,63.64991168831169,13.872492801182325,0.3314353746855218,16,64,,True,True,,421,87.6246207195492
175,2026-09-18T06:50:14.806+00:00,2026-09-18T06:54:06.447+00:00,2026-09-18T06:54:11.263+00:00,True,76,76.0,,76.0,231641.397593,236456.607065,236456.606968,3111.2711443157896,37.186901,231641.397593,26563.730251126748,97.13196775,64.20279296,15.046580572166786,0.3214120381043454,16,64,,True,True,,396,87.6246207195492
176,2026-09-18T06:50:15.200+00:00,2026-09-18T06:54:08.054+00:00,2026-09-18T06:54:09.774+00:00,True,28,28.0,,28.0,232853.57906299998,234573.96511099997,234573.96509199997,8377.64161042857,38.657917000000005,232853.57906299998,43993.15084225847,107.77078125,63.71800177777778,14.380100218850487,0.11936533530799315,16,64,,True,True,,134,87.6246207195492
177,2026-09-18T06:50:15.617+00:00,2026-09-18T06:54:09.586+00:00,2026-09-18T06:54:15.228+00:00,True,92,92.0,,92.0,233968.46331400002,239611.31541,239611.31538900002,2604.4708194456525,37.293330999999995,233968.46331400002,24386.435847581703,80.08387739999999,62.009363692307694,10.54010147056865,0.38395515605170144,16,64,,True,True,,404,87.6246207195492
178,2026-09-18T06:50:16.071+00:00,2026-09-18T06:54:11.406+00:00,2026-09-18T06:54:12.040+00:00,True,11,11.0,,11.0,235334.59741400002,235968.44906200003,235968.449017,21451.677183363638,42.724129999999995,235334.59741400002,70936.94164996658,117722.51648850001,63.3851648,18.207128323200283,0.04661640165762069,16,64,,True,True,,46,87.6246207195492
179,2026-09-18T06:50:17.262+00:00,2026-09-18T06:54:14.615+00:00,2026-09-18T06:54:16.100+00:00,True,25,25.0,,25.0,237352.780973,238837.87690899998,238837.877143,9553.515085719999,36.218591999999994,237352.780973,47458.1813760672,91.3958302,61.87899733333334,9.866498886261487,0.10467351461814112,16,64,,True,True,,92,87.6246207195492
180,2026-09-18T06:50:17.354+00:00,2026-09-18T06:54:14.797+00:00,2026-09-18T06:54:18.201+00:00,True,54,54.0,,54.0,237443.89844,240847.231304,240847.231098,4460.133909222222,38.251779,237443.89844,32303.28572941493,97.14598114999998,64.21382762264152,12.174655252440514,0.22420851469884914,16,64,,True,True,,204,87.6246207195492
181,2026-09-18T06:50:17.459+00:00,2026-09-18T06:54:16.961+00:00,2026-09-18T06:54:20.451+00:00,True,55,55.0,,55.0,239501.89216400002,242992.43501200003,242992.43517900002,4418.044275981819,39.294016000000006,239501.89216400002,32285.714009269454,91.93183850000001,64.63968237037038,9.838681918610694,0.22634449503452178,16,64,,True,True,,227,87.6246207195492
182,2026-09-18T06:50:18.032+00:00,2026-09-18T06:54:19.283+00:00,2026-09-18T06:54:25.432+00:00,True,99,99.0,,99.0,241251.092303,247400.01083100002,247400.01075100002,2498.9900075858586,38.424368,241251.092303,24240.342891203876,77.56911989999999,62.74406661224489,9.476254788132268,0.4001616639686702,16,64,,True,True,,424,87.6246207195492
183,2026-09-18T06:50:18.563+00:00,2026-09-18T06:54:21.629+00:00,2026-09-18T06:54:25.536+00:00,True,64,64.0,,64.0,243066.35856,246973.59824,246973.598075,3858.962469921875,39.932644999999994,243066.35856,30375.543933116303,77.6876769,62.01967746031746,9.852415423903274,0.25913701082253787,16,64,,True,True,,266,87.6246207195492
184,2026-09-18T06:50:18.999+00:00,2026-09-18T06:54:23.413+00:00,2026-09-18T06:54:24.982+00:00,True,26,26.0,,26.0,244413.546057,245982.853961,245982.854148,9460.879005692308,36.407682,244413.546057,47921.1303634775,86.65251500000001,62.772316159999995,9.996072524312902,0.1056984240215468,16,64,,True,True,,117,87.6246207195492
185,2026-09-18T06:50:19.328+00:00,2026-09-18T06:54:24.754+00:00,2026-09-18T06:54:29.861+00:00,True,81,81.0,,81.0,245425.80921200002,250533.31001200003,250533.31020900002,3093.003829740741,36.345333,245425.80921200002,27262.443545810944,90.89281999999999,63.84376,12.741619918189343,0.3233103015168732,16,64,,True,True,,327,87.6246207195492
186,2026-09-18T06:50:19.752+00:00,2026-09-18T06:54:26.418+00:00,2026-09-18T06:54:26.736+00:00,True,6,6.0,,6.0,246665.897819,246984.260699,246984.260593,41164.04343216667,59.991997000000005,246665.897819,100674.936910745,185016.01572825,63.672576,2.35593956388359,0.024293045973938422,16,64,,True,True,,23,87.6246207195492
187,2026-09-18T06:50:20.230+00:00,2026-09-18T06:54:27.970+00:00,2026-09-18T06:54:31.711+00:00,True,60,60.0,,60.0,247739.61936500002,251481.13923700002,251481.139361,4191.352322683334,36.100423,247739.61936500002,31974.86243123171,94.7006853,63.41559105084745,11.45157152515876,0.23858648080743342,16,64,,True,True,,212,87.6246207195492
188,2026-09-18T06:50:20.771+00:00,2026-09-18T06:54:30.236+00:00,2026-09-18T06:54:30.337+00:00,True,3,3.0,,3.0,249464.85255,249566.05831000002,249566.058331,83188.68611033334,41.546993,249464.85255,143999.38446539652,224524.3331738,50.60288,12.806937001514765,0.012020865418620073,16,64,,True,True,,7,87.6246207195492
189,2026-09-18T06:50:21.215+00:00,2026-09-18T06:54:31.708+00:00,2026-09-18T06:54:37.632+00:00,True,95,95.0,,95.0,250492.874844,256416.99798000001,256416.997972,2699.1262944421055,36.029812,250492.874844,25693.563202883928,93.41506240000001,63.02258655319149,11.371558789039437,0.3704902590249099,16,64,,True,True,,511,87.6246207195492
190,2026-09-18T06:50:21.694+00:00,2026-09-18T06:54:33.410+00:00,2026-09-18T06:54:37.565+00:00,True,67,67.0,,67.0,251716.05218,255870.55918799998,255870.558982,3818.9635668955225,37.466370000000005,251716.05218,30744.322148553125,92.5603933,62.94707587878788,11.524003342323452,0.261851149317933,16,64,,True,True,,303,87.6246207195492
191,2026-09-18T06:50:22.196+00:00,2026-09-18T06:54:35.564+00:00,2026-09-18T06:54:41.698+00:00,True,98,98.0,,98.0,253368.264883,259502.720947,259502.720937,2647.9869483367347,36.194412,253368.264883,25587.673976000162,91.578334,63.241815092783504,11.630537485984036,0.3776453658842953,16,64,,True,True,,346,87.6246207195492
192,2026-09-18T06:50:22.551+00:00,2026-09-18T06:54:37.118+00:00,2026-09-18T06:54:37.359+00:00,True,5,5.0,,5.0,254566.62607,254807.523606,254807.52361899999,50961.5047238,53.22673,254566.62607,113818.72305455334,203666.2235738,60.224384,4.935430882786494,0.019622654501094426,16,64,,True,True,,15,87.6246207195492
193,2026-09-18T06:50:22.984+00:00,2026-09-18T06:54:38.501+00:00,2026-09-18T06:54:40.582+00:00,True,34,34.0,,34.0,255516.818249,257597.809993,257597.809802,7576.406170647059,41.358103,255516.818249,43809.9596460074,94.75505584999999,63.060355878787874,12.012595867950628,0.13198869975223748,16,64,,True,True,,139,87.6246207195492
194,2026-09-18T06:50:23.359+00:00,2026-09-18T06:54:40.044+00:00,2026-09-18T06:54:46.026+00:00,True,99,99.0,,99.0,256685.5267,262667.309228,262667.309052,2653.205141939394,32.904148,256685.5267,25791.732629509253,67.09374279999999,61.03859722448979,7.717482314448184,0.3769026312827768,16,64,,True,True,,439,87.6246207195492
195,2026-09-18T06:50:23.739+00:00,2026-09-18T06:54:41.383+00:00,2026-09-18T06:54:45.172+00:00,True,63,63.0,,63.0,257644.299913,261433.326729,261433.326821,4149.735346365079,37.035021,257644.299913,32452.431830649926,69.43915050000001,61.11333574193549,6.830654651682713,0.24097922322392115,16,64,,True,True,,313,87.6246207195492
196,2026-09-18T06:50:24.184+00:00,2026-09-18T06:54:42.891+00:00,2026-09-18T06:54:45.391+00:00,True,41,41.0,,41.0,258707.47002200002,261207.41703,261207.417022,6370.912610292684,42.299161,258707.47002200002,40393.558923231496,77.507005,62.4986752,7.906206073659205,0.15696338360595288,16,64,,True,True,,191,87.6246207195492
197,2026-09-18T06:50:24.585+00:00,2026-09-18T06:54:44.452+00:00,2026-09-18T06:54:47.116+00:00,True,45,45.0,,45.0,259867.12675099997,262531.208927,262531.20872399997,5834.026860533333,35.455324,259867.12675099997,38729.67939443919,82.63478920000001,60.54732218181818,9.834020952890485,0.1714081925113627,16,64,,True,True,,232,87.6246207195492
198,2026-09-18T06:50:24.935+00:00,2026-09-18T06:54:45.451+00:00,2026-09-18T06:54:50.905+00:00,True,92,92.0,,92.0,260516.212036,265969.97434,265969.97455600003,2890.977984304348,37.44768,260516.212036,27154.44631733155,77.7230287,59.931453890109886,10.350678980830725,0.34590370671838594,16,64,,True,True,,465,87.6246207195492
199,2026-09-18T06:50:25.392+00:00,2026-09-18T06:54:47.049+00:00,2026-09-18T06:54:52.560+00:00,True,93,93.0,,93.0,261656.660949,267167.716053,267167.716091,2872.771140763441,34.421935,261656.660949,27126.32234308723,77.852114,59.90277286956522,10.910872777715987,0.348095950266502,16,64,,True,True,,481,87.6246207195492
200,2026-09-18T06:50:25.838+00:00,2026-09-18T06:54:48.596+00:00,2026-09-18T06:54:54.466+00:00,True,99,99.0,,99.0,262758.16125299997,268628.390501,268628.39051399997,2713.4180859999997,36.359262,262758.16125299997,26402.170409135688,66.9606689,59.90029844897959,9.752798985118185,0.36853885702610223,16,64,,True,True,,338,87.6246207195492
201,2026-09-18T06:50:26.258+00:00,2026-09-18T06:54:50.304+00:00,2026-09-18T06:54:51.855+00:00,True,27,27.0,,27.0,264045.320993,265596.839201,265596.839088,9836.919966222222,34.280135,264045.320993,50804.06266361136,85.4508593,59.67377723076923,11.11304967919671,0.1016578362951329,16,64,,True,True,,110,87.6246207195492
202,2026-09-18T06:50:26.667+00:00,2026-09-18T06:54:51.727+00:00,2026-09-18T06:54:53.830+00:00,True,36,36.0,,36.0,265060.268662,267162.984054,267162.983855,7421.193995972223,37.212900000000005,265060.268662,44166.699581872104,74.6565075,60.07758262857143,9.853321568026798,0.1347492060978161,16,64,,True,True,,171,87.6246207195492
203,2026-09-18T06:50:27.118+00:00,2026-09-18T06:54:53.214+00:00,2026-09-18T06:54:53.279+00:00,True,2,2.0,,2.0,266095.565001,266160.690633,266160.690699,133080.3453495,65.125698,266095.565001,188111.92763318753,252794.04303585002,65.125632,nan,0.007514257628515597,16,64,,True,True,,11,87.6246207195492
204,2026-09-18T06:50:27.552+00:00,2026-09-18T06:54:54.942+00:00,2026-09-18T06:55:00.749+00:00,True,92,92.0,,92.0,267389.304877,273196.859949,273196.85993,2969.531086195652,36.368872,267389.304877,27870.611137135063,92.55740055,63.8192865054945,12.202431876881077,0.3367535044772273,16,64,,True,True,,378,87.6246207195492
205,2026-09-18T06:50:27.962+00:00,2026-09-18T06:54:56.701+00:00,2026-09-18T06:55:01.790+00:00,True,80,80.0,,80.0,268738.23084,273827.851064,273827.85101499996,3422.8481376874997,34.951724,268738.23084,30038.647306168776,94.22070015,64.4255724556962,12.790211530444646,0.2921543578899946,16,64,,True,True,,361,87.6246207195492
206,2026-09-18T06:50:28.475+00:00,2026-09-18T06:54:58.662+00:00,2026-09-18T06:54:58.720+00:00,True,2,2.0,,2.0,270186.583468,270245.160876,270245.161048,135122.580524,58.577580000000005,270186.583468,191009.34475180443,256680.1831736,58.577408,nan,0.007400687559092632,16,64,,True,True,,2,87.6246207195492
207,2026-09-18T06:50:28.997+00:00,2026-09-18T06:55:00.809+00:00,2026-09-18T06:55:02.392+00:00,True,25,25.0,,25.0,271811.460345,273394.50648900005,273394.50659400003,10935.780263760002,44.479267,271811.460345,54349.10097756992,93.9832372,65.960256,10.438405283031212,0.09144294931546428,16,64,,True,True,,120,87.6246207195492
208,2026-09-18T06:50:29.393+00:00,2026-09-18T06:55:02.166+00:00,2026-09-18T06:55:07.390+00:00,True,84,84.0,,84.0,272773.287488,277997.638976,277997.638826,3309.4957003095237,37.77867,272773.287488,29755.14038836128,90.74334865,62.9439938313253,12.238947957013432,0.3021608396006984,16,64,,True,True,,332,87.6246207195492
209,2026-09-18T06:50:29.997+00:00,2026-09-18T06:55:04.082+00:00,2026-09-18T06:55:08.862+00:00,True,76,76.0,,76.0,274085.15856699995,278865.31472699996,278865.3146689999,3669.280456171052,36.255812,274085.15856699995,31432.415598257565,96.66644775,63.735415466666666,13.003482164739143,0.27253299706491474,16,64,,True,True,,352,87.6246207195492
210,2026-09-18T06:50:30.450+00:00,2026-09-18T06:55:06.305+00:00,2026-09-18T06:55:08.318+00:00,True,33,33.0,,33.0,275854.933933,277867.702957,277867.702867,8420.233420212122,39.697176,275854.933933,48009.23188334486,91.25199280000001,62.899032,9.528588614857867,0.11876155324574279,16,64,,True,True,,144,87.6246207195492
211,2026-09-18T06:50:30.870+00:00,2026-09-18T06:55:07.911+00:00,2026-09-18T06:55:08.733+00:00,True,13,13.0,,13.0,277041.09829500003,277863.73919100006,277863.739421,21374.133801615386,36.119252,277041.09829500003,76818.36411244664,110875.29422760001,68.553408,16.471938080379534,0.04678552170157029,16,64,,True,True,,26,87.6246207195492
212,2026-09-18T06:50:31.294+00:00,2026-09-18T06:55:09.474+00:00,2026-09-18T06:55:13.570+00:00,True,68,68.0,,68.0,278179.721945,282276.190937,282276.19101,4151.120456029412,36.779790999999996,278179.721945,33726.83367031334,83.21824685,61.141328238805976,11.035230094372078,0.24089881535625735,16,64,,True,True,,263,87.6246207195492
213,2026-09-18T06:50:31.853+00:00,2026-09-18T06:55:11.689+00:00,2026-09-18T06:55:14.577+00:00,True,48,48.0,,48.0,279836.00968099997,282724.20475299994,282724.20475299994,5890.087599020832,33.233878,279836.00968099997,40381.980651888225,82.98430015,61.450958978723406,10.954628486726893,0.16977676192222338,16,64,,True,True,,230,87.6246207195492
214,2026-09-18T06:50:32.434+00:00,2026-09-18T06:55:13.106+00:00,2026-09-18T06:55:13.953+00:00,True,15,15.0,,15.0,280671.675966,281518.833726,281518.833576,18767.922238400002,38.176718,280671.675966,72453.4926719824,84268.9773291,60.51126857142857,15.267417957984915,0.053282403175197085,16,64,,True,True,,58,87.6246207195492
215,2026-09-18T06:50:32.958+00:00,2026-09-18T06:55:14.995+00:00,2026-09-18T06:55:19.301+00:00,True,72,72.0,,72.0,282037.008458,286343.505482,286343.50547000003,3976.993131527778,34.160816,282037.008458,33231.23339020236,72.0767889,60.65488766197183,9.828147291568403,0.25144624767655516,16,64,,True,True,,324,87.6246207195492
216,2026-09-18T06:50:33.397+00:00,2026-09-18T06:55:17.336+00:00,2026-09-18T06:55:18.948+00:00,True,28,28.0,,28.0,283938.610188,285551.11399600003,285551.113923,10198.254068678572,39.317327,283938.610188,53648.06772172464,70.40469295,59.72236325925926,8.201276608628124,0.0980559998809608,16,64,,True,True,,126,87.6246207195492
217,2026-09-18T06:50:34.758+00:00,2026-09-18T06:55:18.698+00:00,2026-09-18T06:55:20.464+00:00,True,29,29.0,,29.0,283939.84186299995,285705.203015,285705.20288999996,9851.903547931033,37.0472,283939.84186299995,52714.59832940554,94.2646948,63.04861257142858,11.479662251075673,0.10150322673149727,16,64,,True,True,,117,87.6246207195492
218,2026-09-18T06:50:34.803+00:00,2026-09-18T06:55:21.809+00:00,2026-09-18T06:55:24.056+00:00,True,38,38.0,,38.0,287005.83699,289252.47532599996,289252.475344,7611.907245894737,37.20566,287005.83699,46548.64576985357,78.21083449999999,60.71995502702703,10.249787333337709,0.1313731194769288,16,64,,True,True,,150,87.6246207195492
219,2026-09-18T06:50:34.973+00:00,2026-09-18T06:55:22.108+00:00,2026-09-18T06:55:26.047+00:00,True,65,65.0,,65.0,287134.987962,291073.88793,291073.887731,4478.059811246154,36.257062,287134.987962,35607.07978467035,84.99810480000001,61.545312,10.478005746095954,0.22331099660726614,16,64,,True,True,,132,87.6246207195492
220,2026-09-18T06:50:35.340+00:00,2026-09-18T06:55:24.413+00:00,2026-09-18T06:55:29.392+00:00,True,81,81.0,,81.0,289072.550663,294051.34976699995,294051.34962299996,3630.263575592592,38.123358999999994,289072.550663,32112.259276081382,91.308598,62.234988799999996,11.344274212656918,0.2754620921284078,16,64,,True,True,,327,87.6246207195492
221,2026-09-18T06:50:35.698+00:00,2026-09-18T06:55:25.919+00:00,2026-09-18T06:55:29.079+00:00,True,52,52.0,,52.0,290221.302158,293381.635726,293381.635749,5641.9545336346155,36.205672,290221.302158,40237.86162759316,93.8956678,61.9673248627451,11.586732932198213,0.1772435410666424,16,64,,True,True,,166,87.6246207195492
222,2026-09-18T06:50:36.136+00:00,2026-09-18T06:55:27.420+00:00,2026-09-18T06:55:29.696+00:00,True,39,39.0,,39.0,291283.568501,293559.63787700003,293559.637781,7527.170199512821,36.008772,291283.568501,46633.11096752833,90.81018950000002,59.89656252631578,13.962553546934048,0.13285205105867037,16,64,,True,True,,219,87.6246207195492
223,2026-09-18T06:50:36.494+00:00,2026-09-18T06:55:28.906+00:00,2026-09-18T06:55:33.514+00:00,True,75,75.0,,75.0,292411.424454,297019.711686,297019.71147900005,3960.26281972,35.443704,292411.424454,33757.57371158826,88.9329047,62.274151783783786,10.419837622191237,0.2525084937099652,16,64,,True,True,,341,87.6246207195492
224,2026-09-18T06:50:36.965+00:00,2026-09-18T06:55:30.667+00:00,2026-09-18T06:55:30.795+00:00,True,3,3.0,,3.0,293701.794699,293829.092491,293829.09260000003,97943.03086666667,61.381145,293701.794699,169532.0625074071,264338.2069047,63.648896,3.207119575624208,0.01021001689984762,16,64,,True,True,,9,87.6246207195492
225,2026-09-18T06:50:37.312+00:00,2026-09-18T06:55:31.941+00:00,2026-09-18T06:55:35.893+00:00,True,63,63.0,,63.0,294629.223717,298580.593957,298580.593815,4739.374505,41.049543,294629.223717,37111.76538696317,92.80170340000001,63.73177806451613,11.470992916525969,0.21099830757612104,16,64,,True,True,,268,87.6246207195492
226,2026-09-18T06:50:37.870+00:00,2026-09-18T06:55:33.922+00:00,2026-09-18T06:55:37.904+00:00,False,63,62.0,,62.0,296052.3271,300034.244028,300034.243841,4762.448314936508,0.03754,296052.3271,37290.99842422761,93.81135319999997,64.22446658064516,14.255675342381327,0.20664307902871912,16,64,,True,False,Request timeout: 300.0s exceeded,343,87.6246207195492
227,2026-09-18T06:50:38.327+00:00,2026-09-18T06:55:35.890+00:00,2026-09-18T06:55:38.403+00:00,False,41,40.0,,40.0,297562.949553,300076.186033,300076.18595899997,7318.931364853658,0.02186,297562.949553,46461.7148245842,89.18540300000001,62.830912,14.260694031766516,0.13329948147101922,16,64,,True,False,Request timeout: 300.0s exceeded,214,87.6246207195492
228,2026-09-18T06:50:38.698+00:00,2026-09-18T06:55:37.342+00:00,2026-09-18T06:55:38.329+00:00,True,16,16.0,,16.0,298644.60866100003,299631.19502900005,299631.19505100005,18726.949690687503,52.492601,298644.60866100003,74644.71007700048,74733.16837275,65.77242453333334,12.762189890063123,0.053398979363451886,16,64,,True,True,,48,87.6246207195492
229,2026-09-18T06:50:39.141+00:00,2026-09-18T06:55:38.890+00:00,2026-09-18T06:55:39.203+00:00,False,7,6.0,,6.0,299749.779875,300062.862755,300062.862798,42866.12325685714,0.07257,299749.779875,113275.04762332591,209844.35918390003,52.18048,25.58901776850749,0.01999581002764402,16,64,,True,False,Request timeout: 300.0s exceeded,34,87.6246207195492
230,2026-09-18T06:50:39.626+00:00,2026-09-18T06:55:39.710+00:00,2026-09-18T06:55:39.710+00:00,False,1,0.0,,0.0,300083.40783499996,300083.40783499996,300083.40783499996,300083.40783499996,300083.40783499996,300083.40783499996,nan,300083.40783499996,nan,nan,0.0,16,64,,True,False,"HTTPConnectionPool(host='gpu03', port=9002): Read timed out.",0,87.6246207195492
231,2026-09-18T06:50:40.010+00:00,2026-09-18T06:55:39.988+00:00,2026-09-18T06:55:40.055+00:00,False,3,2.0,,2.0,299977.155166,300045.006942,300045.00677800004,100015.00225933334,0.02109,299977.155166,173172.30753163632,269986.2227016,33.925888,47.94840171537733,0.006665666662423777,16,64,,True,False,Request timeout: 300.0s exceeded,7,87.6246207195492
232,2026-09-18T06:50:40.365+00:00,2026-09-18T06:55:40.317+00:00,2026-09-18T06:55:40.389+00:00,False,3,2.0,,2.0,299951.836553,300023.804809,300023.80492799997,100007.93497599999,0.04984,299951.836553,173156.50182609985,269963.84475119994,35.984128,50.81864430673577,0.006666137712883257,16,64,,True,False,Request timeout: 300.0s exceeded,2,87.6246207195492
233,2026-09-18T06:50:40.773+00:00,2026-09-18T06:55:40.833+00:00,2026-09-18T06:55:40.833+00:00,False,1,0.0,,0.0,300059.18164200004,300059.18164200004,300059.18164200004,300059.18164200004,300059.18164200004,300059.18164200004,nan,300059.18164200004,nan,nan,0.0,16,64,,True,False,"HTTPConnectionPool(host='gpu03', port=9002): Read timed out.",0,87.6246207195492
234,2026-09-18T06:50:41.244+00:00,2026-09-18T06:55:41.296+00:00,2026-09-18T06:55:41.296+00:00,False,1,0.0,,0.0,300052.44138200005,300052.44138200005,300052.44138200005,300052.44138200005,300052.44138200005,300052.44138200005,nan,300052.44138200005,nan,nan,0.0,16,64,,True,False,TTFT timeout: 300.0s exceeded (TTFT: 300.044s),0,87.6246207195492
235,2026-09-18T06:50:41.717+00:00,2026-09-18T06:55:41.614+00:00,2026-09-18T06:55:41.745+00:00,False,4,3.0,,3.0,299897.050442,300028.06330599997,300028.063156,75007.015789,0.019600000000000003,299897.050442,149926.69296877334,254922.79798985002,43.67095466666667,37.938649310407314,0.009999064643963943,16,64,,True,False,Request timeout: 300.0s exceeded,15,87.6246207195492
236,2026-09-18T06:50:42.096+00:00,2026-09-18T06:55:42.208+00:00,2026-09-18T06:55:42.208+00:00,False,1,0.0,,0.0,300111.879678,300111.879678,300111.879678,300111.879678,300111.879678,300111.879678,nan,300111.879678,nan,nan,0.0,16,64,,True,False,"HTTPConnectionPool(host='gpu03', port=9002): Read timed out.",0,87.6246207195492
237,2026-09-18T06:50:42.605+00:00,2026-09-18T06:55:42.713+00:00,2026-09-18T06:55:42.713+00:00,False,1,0.0,,0.0,300108.224762,300108.224762,300108.224762,300108.224762,300108.224762,300108.224762,nan,300108.224762,nan,nan,0.0,16,64,,True,False,"HTTPConnectionPool(host='gpu03', port=9002): Read timed out.",0,87.6246207195492
238,2026-09-18T06:50:43.136+00:00,2026-09-18T06:55:43.052+00:00,2026-09-18T06:55:43.209+00:00,False,4,3.0,,3.0,299915.914789,300073.266981,300073.267084,75018.316771,0.03495,299915.914789,149931.7369306984,254942.17474465002,52.450730666666665,47.03611846282579,0.009997558363604424,16,64,,True,False,Request timeout: 300.0s exceeded,7,87.6246207195492
239,2026-09-18T06:50:43.610+00:00,2026-09-18T06:55:43.701+00:00,2026-09-18T06:55:43.701+00:00,False,1,0.0,,0.0,300091.198258,300091.198258,300091.198258,300091.198258,300091.198258,300091.198258,nan,300091.198258,nan,nan,0.0,16,64,,True,False,"HTTPConnectionPool(host='gpu03', port=9002): Read timed out.",0,87.6246207195492
240,2026-09-18T06:50:44.164+00:00,2026-09-18T06:55:44.153+00:00,2026-09-18T06:55:44.254+00:00,False,3,2.0,,2.0,299989.218476,300090.691244,300090.691226,100030.23040866667,0.0409,299989.218476,173169.5708019026,270000.43981340004,50.736384,71.6941561710545,0.006664651914756747,16,64,,True,False,Request timeout: 300.0s exceeded,6,87.6246207195492
241,2026-09-18T06:50:44.758+00:00,2026-09-18T06:55:44.569+00:00,2026-09-18T06:55:45.820+00:00,False,22,21.0,,21.0,299811.415714,301062.645666,301062.645856,13684.665720727273,0.021920000000000002,299811.415714,63907.3082381082,91.97408675000001,59.58237866666666,18.837316873057663,0.06975292452354742,16,64,,True,False,Request timeout: 300.0s exceeded,109,87.6246207195492
242,2026-09-18T06:50:45.292+00:00,2026-09-18T06:55:45.628+00:00,2026-09-18T06:55:45.908+00:00,False,7,6.0,,6.0,300336.496705,300616.811329,300616.811329,42945.25876128572,0.023469999999999998,300336.496705,113498.86973417574,210255.1893436,46.719104,24.441894240566675,0.019958963617086278,16,64,,True,False,Request timeout: 300.0s exceeded,23,87.6246207195492
243,2026-09-18T06:50:45.803+00:00,2026-09-18T06:55:46.006+00:00,2026-09-18T06:55:46.006+00:00,False,1,0.0,,0.0,300203.267972,300203.267972,300203.267972,300203.267972,300203.267972,300203.267972,nan,300203.267972,nan,nan,0.0,16,64,,True,False,"HTTPConnectionPool(host='gpu03', port=9002): Read timed out.",0,87.6246207195492
244,2026-09-18T06:50:46.138+00:00,2026-09-18T06:55:46.239+00:00,2026-09-18T06:55:46.239+00:00,False,1,0.0,,0.0,300101.250346,300101.250346,300101.250346,300101.250346,300101.250346,300101.250346,nan,300101.250346,nan,nan,0.0,16,64,,True,False,"HTTPConnectionPool(host='gpu03', port=9002): Read timed out.",0,87.6246207195492
245,2026-09-18T06:50:46.661+00:00,2026-09-18T06:55:46.751+00:00,2026-09-18T06:55:46.751+00:00,False,1,0.0,,0.0,300090.48404199997,300090.48404199997,300090.48404199997,300090.48404199997,300090.48404199997,300090.48404199997,nan,300090.48404199997,nan,nan,0.0,16,64,,True,False,"HTTPConnectionPool(host='gpu03', port=9002): Read timed out.",0,87.6246207195492
246,2026-09-18T06:50:47.067+00:00,2026-09-18T06:55:47.108+00:00,2026-09-18T06:55:47.108+00:00,False,1,0.0,,0.0,300041.035315,300041.035315,300041.035315,300041.035315,300041.035315,300041.035315,nan,300041.035315,nan,nan,0.0,16,64,,True,False,TTFT timeout: 300.0s exceeded (TTFT: 300.034s),0,87.6246207195492
247,2026-09-18T06:50:47.417+00:00,2026-09-18T06:55:47.288+00:00,2026-09-18T06:55:47.472+00:00,False,5,4.0,,4.0,299870.217187,300054.34646699997,300054.346431,60010.869286199995,0.03622,299870.217187,134085.45440754874,239909.0026834,46.03232,30.905698493753455,0.013330918372282006,16,64,,True,False,Request timeout: 300.0s exceeded,12,87.6246207195492
248,2026-09-18T06:50:47.760+00:00,2026-09-18T06:55:47.348+00:00,2026-09-18T06:55:47.794+00:00,False,10,9.0,,9.0,299588.514876,300034.147644,300034.14769,30003.414769,0.06168,299588.514876,94722.55093689455,164803.4142075,49.514752,21.127393056187884,0.029996585624242955,16,64,,True,False,Request timeout: 300.0s exceeded,22,87.6246207195492
249,2026-09-18T06:50:48.331+00:00,2026-09-18T06:55:48.440+00:00,2026-09-18T06:55:48.440+00:00,False,1,0.0,,0.0,300109.490675,300109.490675,300109.490675,300109.490675,300109.490675,300109.490675,nan,300109.490675,nan,nan,0.0,16,64,,True,False,"HTTPConnectionPool(host='gpu03', port=9002): Read timed out.",0,87.6246207195492
250,2026-09-18T06:50:48.797+00:00,2026-09-18T06:55:48.746+00:00,2026-09-18T06:55:48.815+00:00,False,3,2.0,,2.0,299949.571383,300018.281527,300018.281434,100006.09381133334,0.046,299949.571383,173156.1342970497,269961.4806498,34.355072,48.52024179775002,0.006666260435266212,16,64,,True,False,Request timeout: 300.0s exceeded,12,87.6246207195492
251,2026-09-18T06:50:49.125+00:00,2026-09-18T06:55:49.045+00:00,2026-09-18T06:55:49.178+00:00,False,4,3.0,,3.0,299920.08435900003,300052.871303,300052.87110000005,75013.21777500001,0.044,299920.08435900003,149937.9144013916,254942.95647975002,44.26231466666666,38.79182195812913,0.00999823793377579,16,64,,True,False,Request timeout: 300.0s exceeded,16,87.6246207195492
252,2026-09-18T06:50:49.495+00:00,2026-09-18T06:55:49.604+00:00,2026-09-18T06:55:49.604+00:00,False,1,0.0,,0.0,300109.112485,300109.112485,300109.112485,300109.112485,300109.112485,300109.112485,nan,300109.112485,nan,nan,0.0,16,64,,True,False,"HTTPConnectionPool(host='gpu03', port=9002): Read timed out.",0,87.6246207195492
253,2026-09-18T06:50:49.837+00:00,2026-09-18T06:55:49.905+00:00,2026-09-18T06:55:49.905+00:00,False,1,0.0,,0.0,300067.573164,300067.573164,300067.573164,300067.573164,300067.573164,300067.573164,nan,300067.573164,nan,nan,0.0,16,64,,True,False,TTFT timeout: 300.0s exceeded (TTFT: 300.056s),0,87.6246207195492
254,2026-09-18T06:50:50.263+00:00,2026-09-18T06:55:50.167+00:00,2026-09-18T06:55:50.310+00:00,False,4,3.0,,3.0,299903.660731,300046.41631500004,300046.416133,75011.60403325,0.023010000000000003,299903.660731,149928.04158395328,254929.18458700003,47.585194666666666,41.26304917711929,0.009998453028848999,16,64,,True,False,Request timeout: 300.0s exceeded,12,87.6246207195492
255,2026-09-18T06:50:50.800+00:00,2026-09-18T06:55:50.907+00:00,2026-09-18T06:55:50.907+00:00,False,1,0.0,,0.0,300107.283245,300107.283245,300107.283245,300107.283245,300107.283245,300107.283245,nan,300107.283245,nan,nan,0.0,16,64,,True,False,"HTTPConnectionPool(host='gpu03', port=9002): Read timed out.",0,87.6246207195492
256,2026-09-18T06:50:51.262+00:00,2026-09-18T06:55:51.303+00:00,2026-09-18T06:55:51.303+00:00,False,1,0.0,,0.0,300041.63414700003,300041.63414700003,300041.63414700003,300041.63414700003,300041.63414700003,300041.63414700003,nan,300041.63414700003,nan,nan,0.0,16,64,,True,False,TTFT timeout: 300.0s exceeded (TTFT: 300.026s),0,87.6246207195492
257,2026-09-18T06:50:51.815+00:00,2026-09-18T06:55:51.678+00:00,2026-09-18T06:55:51.860+00:00,False,5,4.0,,4.0,299862.723768,300044.60639200005,300044.60634700005,60008.9212694,0.04145,299862.723768,134082.3543417134,239902.93649440003,45.470656,30.369763764412436,0.013331351121753243,16,64,,True,False,Request timeout: 300.0s exceeded,26,87.6246207195492
258,2026-09-18T06:50:52.204+00:00,2026-09-18T06:55:52.314+00:00,2026-09-18T06:55:52.314+00:00,False,1,0.0,,0.0,300110.506464,300110.506464,300110.506464,300110.506464,300110.506464,300110.506464,nan,300110.506464,nan,nan,0.0,16,64,,True,False,"HTTPConnectionPool(host='gpu03', port=9002): Read timed out.",0,87.6246207195492
259,2026-09-18T06:50:52.581+00:00,2026-09-18T06:55:52.687+00:00,2026-09-18T06:55:52.687+00:00,False,1,0.0,,0.0,300105.81672299997,300105.81672299997,300105.81672299997,300105.81672299997,300105.81672299997,300105.81672299997,nan,300105.81672299997,nan,nan,0.0,16,64,,True,False,"HTTPConnectionPool(host='gpu03', port=9002): Read timed out.",0,87.6246207195492
260,2026-09-18T06:50:52.951+00:00,2026-09-18T06:55:52.817+00:00,2026-09-18T06:55:52.964+00:00,False,5,4.0,,4.0,299866.67887199996,300013.59419999993,300013.59432699997,60002.71886539999,0.05385,299866.67887199996,134088.0324192107,239907.80700859998,36.728832,29.5221019084695,0.013332729174043543,16,64,,True,False,Request timeout: 300.0s exceeded,10,87.6246207195492
0,2026-09-18T06:48:53.144+00:00,2026-09-18T06:48:53.321+00:00,2026-09-18T06:48:53.607+00:00,True,7,7.0,,7.0,177.45174,463.237084,463.237199,66.17674271428571,30.518243,177.45174,53.71485459803017,152.63149620000002,47.630890666666666,23.941236501843715,15.111052723922251,17,64,,False,True,,22,87.6246207195492
1,2026-09-18T06:48:53.514+00:00,2026-09-18T06:48:53.654+00:00,2026-09-18T06:48:55.421+00:00,True,32,32.0,,32.0,140.1467,1907.488524,1907.4885160000001,59.609016125000004,13.050025999999999,140.1467,19.604287513343138,84.16801874999999,57.01102658064516,13.18914165834861,16.775985594343737,17,64,,False,True,,63,87.6246207195492
2,2026-09-18T06:48:54.010+00:00,2026-09-18T06:48:54.941+00:00,2026-09-18T06:48:57.636+00:00,True,45,45.0,,45.0,930.441291,3625.195083,3625.194924,80.5598872,34.393246,930.441291,129.76187543149084,69.53546880000002,61.24440436363637,7.094204037905209,12.41312507870904,17,64,,False,True,,177,87.6246207195492
3,2026-09-18T06:48:54.485+00:00,2026-09-18T06:48:57.444+00:00,2026-09-18T06:48:59.910+00:00,True,42,42.0,,42.0,2958.5979429999998,5425.112631,5425.11277,129.16935166666667,13.430455,2958.5979429999998,447.42520546900903,71.52124969999998,60.15889482926829,13.072469352243875,7.741774753210649,17,64,,False,True,,203,87.6246207195492
4,2026-09-18T06:48:54.814+00:00,2026-09-18T06:48:58.478+00:00,2026-09-18T06:48:58.644+00:00,True,4,4.0,,4.0,3663.951432,3829.8189519999996,3829.819094,957.4547735,39.351377,3663.951432,1804.3663320846817,3123.9094815000003,55.28917333333334,13.808804973628288,1.044435794520033,17,64,,False,True,,16,87.6246207195492
5,2026-09-18T06:48:55.287+00:00,2026-09-18T06:49:00.031+00:00,2026-09-18T06:49:05.429+00:00,True,92,92.0,,92.0,4744.008525,10142.252109000001,10142.252334,110.24187319565218,0.0,4744.008525,488.7221494216259,68.62063855000001,59.32135806593407,17.493728302173476,9.07096362930688,17,64,,False,True,,325,87.6246207195492
6,2026-09-18T06:48:55.619+00:00,2026-09-18T06:49:01.371+00:00,2026-09-18T06:49:02.402+00:00,True,18,18.0,,18.0,5752.68308,6783.270216,6783.270085,376.84833805555553,38.421958,5752.68308,1341.6485817077898,922.364586,60.622772705882355,6.9820861933602965,2.653587344573507,17,64,,False,True,,84,87.6246207195492
7,2026-09-18T06:48:56.087+00:00,2026-09-18T06:49:03.040+00:00,2026-09-18T06:49:05.931+00:00,True,50,50.0,,50.0,6952.83619,9844.042846,9844.042858,196.88085716,4.3576120000000005,6952.83619,975.1179683884052,69.10846649999999,59.004217469387754,19.081315743094844,5.079213975619464,17,64,,False,True,,197,87.6246207195492
8,2026-09-18T06:48:56.536+00:00,2026-09-18T06:49:04.668+00:00,2026-09-18T06:49:06.980+00:00,True,39,39.0,,39.0,8131.27261,10443.901858000001,10443.902053,267.7923603333333,6.220219,8131.27261,1292.4522948131641,77.7501296,60.85866442105264,20.074801178555795,3.7342365459060787,17,64,,False,True,,181,87.6246207195492
9,2026-09-18T06:48:56.984+00:00,2026-09-18T06:49:06.429+00:00,2026-09-18T06:49:07.235+00:00,True,14,14.0,,14.0,9445.157689,10250.596409,10250.596402,732.1854572857143,50.960004999999995,9445.157689,2507.770455506542,3350.6006249499997,61.95682461538462,4.96632366549848,1.365774189266493,17,64,,False,True,,70,87.6246207195492
10,2026-09-18T06:48:57.518+00:00,2026-09-18T06:49:08.280+00:00,2026-09-18T06:49:11.859+00:00,True,61,61.0,,61.0,10761.663872,14340.547967999999,14340.547991,235.09095067213113,0.0,10761.663872,1370.4614316443144,67.58002499999999,59.64806826666666,24.11919884288647,4.253672881686079,17,64,,False,True,,307,87.6246207195492
11,2026-09-18T06:48:58.016+00:00,2026-09-18T06:49:10.033+00:00,2026-09-18T06:49:11.676+00:00,True,28,28.0,,28.0,12016.96027,13660.275214,13660.275166,487.8669702142857,0.0,12016.96027,2259.7523629664947,162.6957579,60.86351644444445,35.09607993331707,2.049739083682857,17,64,,False,True,,109,87.6246207195492
12,2026-09-18T06:48:58.545+00:00,2026-09-18T06:49:12.216+00:00,2026-09-18T06:49:13.834+00:00,True,27,27.0,,27.0,13671.105356,15289.070924,15289.070819,566.2618821851852,0.0,13671.105356,2619.305058667256,182.3466457,62.22944492307692,38.75309936384873,1.7659673458389669,17,64,,False,True,,101,87.6246207195492
13,2026-09-18T06:48:59.079+00:00,2026-09-18T06:49:14.263+00:00,2026-09-18T06:49:17.178+00:00,True,50,50.0,,50.0,15184.044904999999,18098.949481,18098.949237999997,361.97898476,0.0,15184.044904999999,2139.262292442963,71.6240798,59.487848489795915,37.78579644609886,2.7625912792612213,17,64,,False,True,,247,87.6246207195492
14,2026-09-18T06:48:59.539+00:00,2026-09-18T06:49:15.799+00:00,2026-09-18T06:49:19.621+00:00,True,65,65.0,,65.0,16259.796115000001,20081.321107,20081.321084,308.9434012923077,0.0,16259.796115000001,2009.6500282383988,71.30054200000001,59.711328,33.61801924939393,3.2368388341413517,17,64,,False,True,,312,87.6246207195492
15,2026-09-18T06:48:59.918+00:00,2026-09-18T06:49:17.236+00:00,2026-09-18T06:49:22.779+00:00,True,91,91.0,,91.0,17318.111908,22861.017764,22861.017958,251.21997756043956,0.0,17318.111908,1809.6735363493128,87.95096099999999,61.587842844444445,50.549398640848665,3.980575184334125,17,64,,False,True,,359,87.6246207195492
16,2026-09-18T06:49:00.453+00:00,2026-09-18T06:49:19.225+00:00,2026-09-18T06:49:20.884+00:00,True,28,28.0,,28.0,18772.003887,20430.805550999998,20430.805725,729.6716330357142,0.0,18772.003887,3536.4132295196323,243.07950129999998,61.437098666666664,57.3912831201902,1.3704794913791112,17,64,,False,True,,40,87.6246207195492
17,2026-09-18T06:49:01.032+00:00,2026-09-18T06:49:21.581+00:00,2026-09-18T06:49:21.837+00:00,True,8,8.0,,8.0,20549.090583999998,20805.139991999997,20805.139887999998,2600.6424859999997,0.027600000000000003,20549.090583999998,7252.3285071079445,13380.2895117,36.578486857142856,31.943770595830895,0.384520363865668,17,64,,False,True,,12,87.6246207195492
18,2026-09-18T06:49:01.576+00:00,2026-09-18T06:49:23.346+00:00,2026-09-18T06:49:24.389+00:00,True,18,18.0,,18.0,21769.359836,22812.453084,22812.452928,1267.358496,0.0,21769.359836,5117.230915596019,3568.97223335,61.35842635294118,81.16874669350709,0.7890427186291807,17,64,,False,True,,76,87.6246207195492
19,2026-09-18T06:49:01.952+00:00,2026-09-18T06:49:24.801+00:00,2026-09-18T06:49:30.161+00:00,True,90,90.0,,90.0,22849.27008,28209.102912,28209.10284,313.43447599999996,0.0,22849.27008,2402.5165381585102,81.88527164999999,60.222840808988764,40.649074467240936,3.190459486810355,17,64,,False,True,,373,87.6246207195492
20,2026-09-18T06:49:02.521+00:00,2026-09-18T06:49:27.022+00:00,2026-09-18T06:49:30.717+00:00,True,62,62.0,,62.0,24500.631331,28195.944995,28195.944945,454.77330556451614,0.0,24500.631331,3104.24444724962,69.85886865,60.578912524590166,47.31426524288083,2.1988977496939537,17,64,,False,True,,224,87.6246207195492
21,2026-09-18T06:49:02.902+00:00,2026-09-18T06:49:28.466+00:00,2026-09-18T06:49:29.051+00:00,True,14,14.0,,14.0,25563.617367,26148.663639,26148.663549999997,1867.7616821428571,0.0,25563.617367,6820.177824539919,8991.656484899999,45.003559384615386,24.7353311105014,0.5354002098646217,17,64,,False,True,,60,87.6246207195492
22,2026-09-18T06:49:03.339+00:00,2026-09-18T06:49:30.350+00:00,2026-09-18T06:49:34.248+00:00,True,66,66.0,,66.0,27010.640268,30909.170828,30909.170724,468.32076854545454,0.0,27010.640268,3317.837104616057,75.06562025000001,59.97739323076923,54.4422975826827,2.1352885966197426,17,64,,False,True,,297,87.6246207195492
23,2026-09-18T06:49:03.799+00:00,2026-09-18T06:49:32.027+00:00,2026-09-18T06:49:35.718+00:00,True,63,63.0,,63.0,28227.566436,31918.345828,31918.345777000002,506.64040915873017,0.0,28227.566436,3549.9498520037505,70.1838436,59.528699870967735,89.51914482327778,1.9737864969410157,17,64,,False,True,,289,87.6246207195492
24,2026-09-18T06:49:04.119+00:00,2026-09-18T06:49:33.471+00:00,2026-09-18T06:49:33.942+00:00,True,11,11.0,,11.0,29351.725116999998,29822.885436999997,29822.885402,2711.171400181818,0.0,29351.725116999998,8835.697051101315,14708.269698499998,47.116032,22.139018311994718,0.3688442563090412,17,64,,False,True,,72,87.6246207195492
25,2026-09-18T06:49:04.649+00:00,2026-09-18T06:49:35.354+00:00,2026-09-18T06:49:35.414+00:00,True,2,2.0,,2.0,30704.198999,30764.421207,30764.421068,15382.210534,60.222069000000005,30704.198999,21668.56388972712,29172.0001525,60.222208,nan,0.06501016178860954,17,64,,False,True,,7,87.6246207195492
26,2026-09-18T06:49:04.983+00:00,2026-09-18T06:49:36.470+00:00,2026-09-18T06:49:39.010+00:00,True,41,41.0,,41.0,31486.95434,34026.285156,34026.285135,829.9093935365854,0.0,31486.95434,4908.087186910422,111.102655,63.483270399999995,75.45221471607923,1.204950814114079,17,64,,False,True,,180,87.6246207195492
27,2026-09-18T06:49:05.562+00:00,2026-09-18T06:49:38.996+00:00,2026-09-18T06:49:41.449+00:00,True,48,48.0,,48.0,33434.363105000004,35887.368417000005,35887.36834,747.6535070833335,0.0,33434.363105000004,4818.343571195734,70.95957999999999,52.19160238297872,20.370735197029045,1.3375179657158196,17,64,,False,True,,227,87.6246207195492
28,2026-09-18T06:49:06.146+00:00,2026-09-18T06:49:40.807+00:00,2026-09-18T06:49:44.367+00:00,True,59,59.0,,59.0,34661.07040999999,38221.28493799999,38221.28514199999,647.818392237288,38.084999,34661.07040999999,4504.517152773462,98.72910399999999,61.38300910344828,14.048798178947008,1.5436425043194086,17,64,,False,True,,288,87.6246207195492
29,2026-09-18T06:49:06.713+00:00,2026-09-18T06:49:43.073+00:00,2026-09-18T06:49:46.918+00:00,True,62,62.0,,62.0,36359.875413,40204.634965000005,40204.63501,648.461855,0.0,36359.875413,4610.273678753237,99.83132925,63.0288451147541,73.06713414228096,1.542110755488114,17,64,,False,True,,277,87.6246207195492
30,2026-09-18T06:49:07.235+00:00,2026-09-18T06:49:45.294+00:00,2026-09-18T06:49:45.684+00:00,True,15,15.0,,15.0,38058.563017,38448.419785,38448.419847,2563.2279898,0.0,38058.563017,9819.528213265834,11464.558285300001,27.846912,28.918072229824535,0.39013306876793924,17,64,,False,True,,60,87.6246207195492
31,2026-09-18T06:49:07.620+00:00,2026-09-18T06:49:46.494+00:00,2026-09-18T06:49:50.015+00:00,True,57,57.0,,57.0,38874.347057,42394.831153,42394.830953,743.7689640877193,0.016210000000000002,38874.347057,5141.378155040264,92.8529724,62.86578742857142,83.86842788996721,1.3445035267221837,17,64,,False,True,,280,87.6246207195492
32,2026-09-18T06:49:08.171+00:00,2026-09-18T06:49:49.008+00:00,2026-09-18T06:49:53.073+00:00,True,67,67.0,,67.0,40836.575435,44902.058187,44902.058215,670.1799733582089,0.0,40836.575435,4982.043905456696,85.9977426,61.59822351515152,77.10109611483297,1.4921365012038084,17,64,,False,True,,293,87.6246207195492
33,2026-09-18T06:49:08.704+00:00,2026-09-18T06:49:50.666+00:00,2026-09-18T06:49:55.609+00:00,True,80,80.0,,80.0,41961.858915,46904.190051,46904.189858,586.302373225,0.0,41961.858915,4685.017936642402,93.02090645,62.561153620253165,71.18849930128532,1.705604550745129,17,64,,False,True,,416,87.6246207195492
34,2026-09-18T06:49:09.090+00:00,2026-09-18T06:49:52.535+00:00,2026-09-18T06:49:52.825+00:00,True,6,6.0,,6.0,43445.030005,43734.725493,43734.72531,7289.120885,39.763627,43445.030005,17712.70825496896,32600.090935999997,57.939097600000004,10.624085853108529,0.13719075476900697,17,64,,False,True,,9,87.6246207195492
35,2026-09-18T06:49:09.529+00:00,2026-09-18T06:49:54.582+00:00,2026-09-18T06:49:56.548+00:00,True,33,33.0,,33.0,45053.309333,47018.778773,47018.778708,1424.8114759999999,35.620275,45053.309333,7832.091029206072,87.21821879999999,61.42092,11.762662957805057,0.7018472376604956,17,64,,False,True,,201,87.6246207195492
36,2026-09-18T06:49:09.876+00:00,2026-09-18T06:49:56.009+00:00,2026-09-18T06:49:56.612+00:00,True,11,11.0,,11.0,46133.057237,46736.706517,46736.706383000004,4248.791489363636,43.33925,46133.057237,13891.44129450827,23101.415929,60.364928,7.626363366396158,0.2353610431663357,17,64,,False,True,,34,87.6246207195492
37,2026-09-18T06:49:10.455+00:00,2026-09-18T06:49:58.284+00:00,2026-09-18T06:49:58.342+00:00,True,2,2.0,,2.0,47828.939646,47886.905726,47886.905779,23943.4528895,57.966133,47828.939646,33779.17931492525,45440.39097035,57.96608,nan,0.04176507063211872,17,64,,False,True,,6,87.6246207195492
38,2026-09-18T06:49:10.928+00:00,2026-09-18T06:50:00.788+00:00,2026-09-18T06:50:04.373+00:00,True,71,71.0,,71.0,49859.881546,53444.780106,53444.78009199999,752.7433815774648,0.0,49859.881546,5912.350322707966,76.0342295,51.212836571428575,117.39116919395305,1.3284739849089426,17,64,,False,True,,381,87.6246207195492
39,2026-09-18T06:49:11.473+00:00,2026-09-18T06:50:02.711+00:00,2026-09-18T06:50:06.383+00:00,True,60,60.0,,60.0,51238.20349,54910.599778,54910.599875,915.1766645833334,4.3681220000000005,51238.20349,6606.807019214726,96.8222652,62.244004881355934,16.005616576973267,1.092685205453521,17,64,,False,True,,336,87.6246207195492
40,2026-09-18T06:49:11.812+00:00,2026-09-18T06:50:04.117+00:00,2026-09-18T06:50:06.799+00:00,True,43,43.0,,43.0,52304.601967,54986.431343000004,54986.43127,1278.7542155813953,41.419423,52304.601967,7966.648008053189,96.37736280000001,63.85308038095238,11.77132907139386,0.7820111061903652,17,64,,False,True,,212,87.6246207195492
41,2026-09-18T06:49:12.317+00:00,2026-09-18T06:50:06.043+00:00,2026-09-18T06:50:09.014+00:00,True,48,48.0,,48.0,53726.032373,56696.814837,56696.814722,1181.1836400416666,34.459517,53726.032373,7745.574952015129,97.305774,63.2081375319149,14.589049380270742,0.8466084053927398,17,64,,False,True,,165,87.6246207195492
42,2026-09-18T06:49:12.671+00:00,2026-09-18T06:50:07.294+00:00,2026-09-18T06:50:08.891+00:00,True,27,27.0,,27.0,54623.325921999996,56220.276706,56220.276576,2082.2324657777776,33.170359,54623.325921999996,10500.452455879209,95.90106309999999,61.421184,14.014265264561958,0.4802537728726347,17,64,,False,True,,113,87.6246207195492
43,2026-09-18T06:49:13.227+00:00,2026-09-18T06:50:09.906+00:00,2026-09-18T06:50:13.347+00:00,True,66,66.0,,66.0,56679.159026,60120.476658,60120.476548,910.9163113333334,0.0,56679.159026,6970.241058810922,86.5038475,52.94334818461538,22.4955262495518,1.0977956874069068,17,64,,False,True,,311,87.6246207195492
44,2026-09-18T06:49:13.573+00:00,2026-09-18T06:50:10.792+00:00,2026-09-18T06:50:11.681+00:00,True,15,15.0,,15.0,57219.380935,58108.279495,58108.279595,3873.8853063333336,38.437649,57219.380935,14757.594487262044,17232.063768,63.492754285714284,15.561253903649853,0.2581387735166155,17,64,,False,True,,72,87.6246207195492
45,2026-09-18T06:49:14.013+00:00,2026-09-18T06:50:12.370+00:00,2026-09-18T06:50:17.546+00:00,True,84,84.0,,84.0,58357.354131,63533.498259,63533.498282,756.3511700238096,0.015549,58357.354131,6361.203635087389,93.63323949999999,62.36318226506024,94.85055547096843,1.3221371764791934,17,64,,False,True,,366,87.6246207195492
46,2026-09-18T06:49:14.410+00:00,2026-09-18T06:50:13.891+00:00,2026-09-18T06:50:15.216+00:00,True,22,22.0,,22.0,59480.974712999996,60805.795193,60805.79532899999,2763.899787681818,42.921991,59480.974712999996,12667.939024007812,89.17856455,63.086689523809525,8.528993088068342,0.36180761932593974,17,64,,False,True,,98,87.6246207195492
47,2026-09-18T06:49:14.763+00:00,2026-09-18T06:50:15.351+00:00,2026-09-18T06:50:20.801+00:00,True,88,88.0,,88.0,60588.102545999995,66037.503122,66037.503053,750.4261710568181,0.0,60588.102545999995,6453.363321782587,106.62789610000002,62.636788229885056,131.6225973408132,1.3325761247730055,17,64,,False,True,,447,87.6246207195492
48,2026-09-18T06:49:15.126+00:00,2026-09-18T06:50:17.182+00:00,2026-09-18T06:50:17.766+00:00,True,19,19.0,,19.0,62056.376733000005,62640.663453,62640.663505000004,3296.8770265789476,0.01806,62056.376733000005,14229.333798215199,6333.2326344,32.46037333333333,46.41958824507673,0.30331734934857313,17,64,,False,True,,88,87.6246207195492
49,2026-09-18T06:49:15.707+00:00,2026-09-18T06:50:18.967+00:00,2026-09-18T06:50:20.203+00:00,True,9,9.0,,9.0,63260.167409,64496.414961,64496.414749,7166.268305444444,0.0,63260.167409,21037.279187361753,38328.7763418,154.530944,315.2592088982782,0.13954263977993447,17,64,,False,True,,35,87.6246207195492
50,2026-09-18T06:49:16.172+00:00,2026-09-18T06:50:20.925+00:00,2026-09-18T06:50:22.377+00:00,True,23,23.0,,23.0,64753.531341,66205.207757,66205.207773,2878.487294478261,36.668722,64753.531341,13488.29220961465,96.3096731,65.98529163636363,13.49971727005442,0.34740469487565606,17,64,,False,True,,91,87.6246207195492
51,2026-09-18T06:49:16.677+00:00,2026-09-18T06:50:22.373+00:00,2026-09-18T06:50:27.113+00:00,True,76,76.0,,76.0,65696.055999,70436.679359,70436.679224,926.7984108421053,37.040972000000004,65696.055999,7528.613229695461,90.92288200000002,63.20831146666667,11.894221787497639,1.0789832895535152,17,64,,False,True,,201,87.6246207195492
52,2026-09-18T06:49:17.046+00:00,2026-09-18T06:50:24.226+00:00,2026-09-18T06:50:29.192+00:00,True,80,80.0,,80.0,67180.27951600001,72146.040028,72146.04007500001,901.8255009375001,36.589161999999995,67180.27951600001,7503.966262810535,93.946862,62.857728,12.562996623329218,1.1088619689861268,17,64,,False,True,,421,87.6246207195492
53,2026-09-18T06:49:17.539+00:00,2026-09-18T06:50:25.999+00:00,2026-09-18T06:50:29.295+00:00,True,53,53.0,,53.0,68459.994662,71756.37200599999,71756.37207099999,1353.8938126603773,38.399629,68459.994662,9395.005984189598,97.065525,63.391872,13.877989137928422,0.73861036334959,17,64,,False,True,,229,87.6246207195492
54,2026-09-18T06:49:18.064+00:00,2026-09-18T06:50:27.914+00:00,2026-09-18T06:50:30.000+00:00,True,35,35.0,,35.0,69850.10069400001,71935.750614,71935.75064600001,2055.307161314286,39.524137,69850.10069400001,11796.45913461019,90.8215538,61.34264470588236,12.051792457086297,0.48654528104956435,17,64,,False,True,,163,87.6246207195492
55,2026-09-18T06:49:18.566+00:00,2026-09-18T06:50:29.768+00:00,2026-09-18T06:50:32.235+00:00,True,25,25.0,,25.0,71202.439286,73669.457526,73669.45756499999,2946.7783025999997,41.391684,71202.439286,14221.301822081214,858.4395437999999,102.79242666666667,201.82000940903978,0.33935365943446516,17,64,,False,True,,77,87.6246207195492
56,2026-09-18T06:49:19.143+00:00,2026-09-18T06:50:32.250+00:00,2026-09-18T06:50:36.700+00:00,True,78,78.0,,78.0,73106.92637100001,77557.01097900001,77557.01111100001,994.3206552692309,0.0,73106.92637100001,8271.896392267143,82.58520645,57.7933065974026,109.15063849041799,1.0057117856323774,17,64,,False,True,,251,87.6246207195492
57,2026-09-18T06:49:19.620+00:00,2026-09-18T06:50:33.772+00:00,2026-09-18T06:50:36.819+00:00,True,51,51.0,,51.0,74152.571978,77199.74177000001,77199.741727,1513.7204260196079,0.01668,74152.571978,10375.871227004462,104.730677,60.94339584,143.1693944947059,0.6606239714109862,17,64,,False,True,,247,87.6246207195492
58,2026-09-18T06:49:20.054+00:00,2026-09-18T06:50:35.370+00:00,2026-09-18T06:50:39.247+00:00,True,64,64.0,,64.0,75316.130067,79193.435155,79193.434984,1237.397421625,34.706886,75316.130067,9406.831467720169,90.69985004999998,61.544525206349206,12.577257327754639,0.8081477950127696,17,64,,False,True,,316,87.6246207195492
59,2026-09-18T06:49:20.378+00:00,2026-09-18T06:50:36.697+00:00,2026-09-18T06:50:42.636+00:00,True,94,94.0,,94.0,76318.467862,82257.656342,82257.656437,875.0814514574469,36.577161999999994,76318.467862,7865.072356051742,93.86207125000001,63.862241720430106,12.81011782420309,1.142750768502074,17,64,,False,True,,501,87.6246207195492
60,2026-09-18T06:49:20.848+00:00,2026-09-18T06:50:38.511+00:00,2026-09-18T06:50:40.186+00:00,True,28,28.0,,28.0,77663.10730799999,79337.81681199999,79337.816704,2833.4934537142854,36.778701999999996,77663.10730799999,14665.230824028598,94.26129495,62.026277925925925,12.309852194690905,0.3529212313259035,17,64,,False,True,,111,87.6246207195492
61,2026-09-18T06:49:21.579+00:00,2026-09-18T06:50:40.861+00:00,2026-09-18T06:50:42.508+00:00,True,27,27.0,,27.0,79282.11153200001,80928.845612,80928.84561500001,2997.364652407408,37.83769,79282.11153200001,15245.665842381422,98.40928880000001,63.33592615384615,13.047956072613795,0.33362640719536574,17,64,,False,True,,103,87.6246207195492
62,2026-09-18T06:49:21.744+00:00,2026-09-18T06:50:42.096+00:00,2026-09-18T06:50:44.567+00:00,True,41,41.0,,41.0,80351.177115,82822.849179,82822.849361,2020.069496609756,34.525266,80351.177115,12539.10128648329,93.255447,61.7918016,12.363787771844057,0.4950324748112587,17,64,,False,True,,189,87.6246207195492
63,2026-09-18T06:49:22.112+00:00,2026-09-18T06:50:43.500+00:00,2026-09-18T06:50:46.734+00:00,True,52,52.0,,52.0,81387.60379000001,84621.63771000001,84621.63765500001,1627.339185673077,0.0,81387.60379000001,11278.791557556859,97.56840655,63.41242980392157,163.03785442760372,0.6145000428638004,17,64,,False,True,,217,87.6246207195492
64,2026-09-18T06:49:22.626+00:00,2026-09-18T06:50:45.748+00:00,2026-09-18T06:50:45.748+00:00,True,9,9.0,,9.0,83122.334443,83122.334443,83122.334443,9235.81493811111,0.0,83122.334443,27707.444814333332,49873.4006658,0.0,0.0,0.10827414870273677,17,64,,False,True,,20,87.6246207195492
65,2026-09-18T06:49:23.036+00:00,2026-09-18T06:50:46.792+00:00,2026-09-18T06:50:48.321+00:00,True,27,27.0,,27.0,83756.117884,85284.88255600001,85284.88261500001,3158.6993561111112,35.353654999999996,83756.117884,16107.56157149466,86.56520019999999,58.798641230769235,12.90855193202114,0.3165860020065242,17,64,,False,True,,83,87.6246207195492
66,2026-09-18T06:49:23.400+00:00,2026-09-18T06:50:48.176+00:00,2026-09-18T06:50:48.176+00:00,True,1,1.0,,1.0,84776.15601899999,84776.15601899999,84776.15601899999,84776.15601899999,84776.15601899999,84776.15601899999,nan,84776.15601899999,nan,nan,0.011795769553126242,17,64,,False,True,,2,87.6246207195492
67,2026-09-18T06:49:23.835+00:00,2026-09-18T06:50:49.657+00:00,2026-09-18T06:50:54.632+00:00,True,81,81.0,,81.0,85822.007306,90796.748298,90796.74812999999,1120.9475077777777,35.115515,85822.007306,9528.874187834705,88.228857,62.1842624,9.784337700251461,0.8921024322826349,17,64,,False,True,,161,87.6246207195492
68,2026-09-18T06:49:24.307+00:00,2026-09-18T06:50:51.361+00:00,2026-09-18T06:50:54.164+00:00,True,46,46.0,,46.0,87053.33903100001,89856.331927,89856.331944,1953.3985205217393,40.180085,87053.33903100001,12826.133476647341,83.62709825,62.28873102222222,8.650809135857383,0.51192830837309,17,64,,False,True,,255,87.6246207195492
69,2026-09-18T06:49:24.896+00:00,2026-09-18T06:50:53.637+00:00,2026-09-18T06:50:53.701+00:00,True,2,2.0,,2.0,88740.896853,88805.079893,88805.079954,44402.539977,64.18310100000001,88740.896853,62703.90562737757,84307.0611654,64.18304,nan,0.02252123417274971,17,64,,False,True,,6,87.6246207195492
70,2026-09-18T06:49:25.358+00:00,2026-09-18T06:50:55.054+00:00,2026-09-18T06:50:57.881+00:00,True,47,47.0,,47.0,89696.353779,92523.011827,92523.01179799999,1968.5747191063829,37.404261,89696.353779,13074.597212823523,69.47943719999999,61.449088,8.339878667088628,0.5079817341860946,17,64,,False,True,,161,87.6246207195492
71,2026-09-18T06:49:25.848+00:00,2026-09-18T06:50:57.262+00:00,2026-09-18T06:50:58.936+00:00,True,28,28.0,,28.0,91414.313983,93087.996671,93087.996586,3324.571306642857,50.410807,91414.313983,17263.967459789455,69.65124585,61.9882477037037,4.759777477121373,0.30079066046463676,17,64,,False,True,,97,87.6246207195492
72,2026-09-18T06:49:26.404+00:00,2026-09-18T06:50:58.940+00:00,2026-09-18T06:51:04.172+00:00,True,85,85.0,,85.0,92536.167701,97767.390229,97767.3902,1150.2045905882353,37.54293,92536.167701,10030.205822186565,73.70319980000001,62.27645866666666,9.05696824747832,0.8694105447726996,17,64,,True,True,,387,87.6246207195492
73,2026-09-18T06:49:26.889+00:00,2026-09-18T06:51:00.977+00:00,2026-09-18T06:51:03.358+00:00,True,39,39.0,,39.0,94087.634173,96468.912637,96468.912636,2473.5618624615386,36.395323,94087.634173,15056.047071280844,77.5458269,62.665222736842104,8.582308612613495,0.40427531454357674,17,64,,True,True,,114,87.6246207195492
74,2026-09-18T06:49:27.246+00:00,2026-09-18T06:51:02.390+00:00,2026-09-18T06:51:06.905+00:00,True,73,73.0,,73.0,95144.48329,99659.145946,99659.145934,1365.1937799178083,37.163271,95144.48329,11128.485095012082,93.59588940000002,62.703648,10.109591003978892,0.73249674485024,17,64,,True,True,,319,87.6246207195492
75,2026-09-18T06:49:27.672+00:00,2026-09-18T06:51:03.665+00:00,2026-09-18T06:51:05.173+00:00,True,26,26.0,,26.0,95992.91467299999,97500.429809,97500.42975299999,3750.0165289615384,40.305676,95992.91467299999,18813.93465449613,67.42171525,60.30060544,6.712098578511183,0.2666654911258659,17,64,,True,True,,127,87.6246207195492
76,2026-09-18T06:49:28.225+00:00,2026-09-18T06:51:06.100+00:00,2026-09-18T06:51:11.769+00:00,True,91,91.0,,91.0,97874.735254,103543.450262,103543.450474,1137.8401150989012,34.175576,97874.735254,10253.465039706236,93.369852,62.985722311111104,12.596275515792769,0.8788581003408635,17,64,,True,True,,399,87.6246207195492
77,2026-09-18T06:49:28.547+00:00,2026-09-18T06:51:07.152+00:00,2026-09-18T06:51:11.569+00:00,True,72,72.0,,72.0,98604.425046,103021.474646,103021.474722,1430.8538155833335,37.63286,98604.425046,11613.31652242243,82.27551195,62.211966197183095,11.21501314680644,0.6988834148162286,17,64,,True,True,,257,87.6246207195492
78,2026-09-18T06:49:28.901+00:00,2026-09-18T06:51:08.599+00:00,2026-09-18T06:51:12.694+00:00,True,66,66.0,,66.0,99698.321895,103793.320935,103793.321087,1572.6260770757576,37.90649,99698.321895,12264.264372284246,87.69165025000001,62.999985230769234,10.037711739432373,0.6358790662583399,17,64,,True,True,,184,87.6246207195492
79,2026-09-18T06:49:29.462+00:00,2026-09-18T06:51:11.083+00:00,2026-09-18T06:51:11.708+00:00,True,10,10.0,,10.0,101620.424451,102245.833219,102245.833194,10224.5833194,59.747398999999994,101620.424451,32113.226979601794,55933.71478275,69.4898631111111,11.394985450266407,0.09780349658436481,17,64,,True,True,,19,87.6246207195492
80,2026-09-18T06:49:29.975+00:00,2026-09-18T06:51:12.866+00:00,2026-09-18T06:51:18.169+00:00,True,83,83.0,,83.0,102891.799303,108194.02291900001,108194.02305,1303.5424463855422,39.013847999999996,102891.799303,11286.748577309765,93.07252720000001,64.66126360975609,9.396507424904936,0.7671403443620759,17,64,,True,True,,384,87.6246207195492
81,2026-09-18T06:49:30.544+00:00,2026-09-18T06:51:14.895+00:00,2026-09-18T06:51:15.266+00:00,True,7,7.0,,7.0,104351.297146,104722.08089,104722.081039,14960.297291285713,58.676382,104351.297146,39417.72590926159,73065.3947719,61.79729066666666,2.4879661505332957,0.06684359153780371,17,64,,True,True,,30,87.6246207195492
82,2026-09-18T06:49:30.939+00:00,2026-09-18T06:51:16.543+00:00,2026-09-18T06:51:19.608+00:00,True,47,47.0,,47.0,105604.42456999999,108669.137274,108669.13735799999,2312.1093054893613,40.322464999999994,105604.42456999999,15394.275591245345,94.028764,66.6241892173913,12.837448842714807,0.4325055041294153,17,64,,True,True,,154,87.6246207195492
83,2026-09-18T06:49:31.521+00:00,2026-09-18T06:51:18.710+00:00,2026-09-18T06:51:20.743+00:00,True,32,32.0,,32.0,107188.433032,109221.478536,109221.47843,3413.1712009375,43.779069,107188.433032,18936.827184556263,95.26205525000002,65.58211303225806,11.882505872406227,0.2929826663118521,17,64,,True,True,,154,87.6246207195492
84,2026-09-18T06:49:31.875+00:00,2026-09-18T06:51:19.987+00:00,2026-09-18T06:51:20.395+00:00,True,8,8.0,,8.0,108111.965036,108520.039276,108520.03941099999,13565.004926374999,44.591118,108111.965036,38202.74148342576,70296.46702865,58.29632,6.999768709980066,0.07371910343354676,17,64,,True,True,,48,87.6246207195492
85,2026-09-18T06:49:32.344+00:00,2026-09-18T06:51:21.928+00:00,2026-09-18T06:51:26.087+00:00,True,66,66.0,,66.0,109583.678096,113742.29774400001,113742.29789100001,1723.3681498636365,39.407467,109583.678096,13480.947533377657,93.81472649999999,63.97876381538462,11.04032917505136,0.5802590708036013,17,64,,True,True,,318,87.6246207195492
86,2026-09-18T06:49:32.737+00:00,2026-09-18T06:51:23.600+00:00,2026-09-18T06:51:29.769+00:00,True,99,99.0,,99.0,110862.21641400001,117032.10774200001,117032.10792600001,1182.1425043030304,36.045364,110862.21641400001,11135.750294341628,92.54789790000001,62.958074775510205,11.46440558503306,0.8459217039673231,17,64,,True,True,,345,87.6246207195492
87,2026-09-18T06:49:33.173+00:00,2026-09-18T06:51:25.302+00:00,2026-09-18T06:51:25.781+00:00,True,8,8.0,,8.0,112128.973013,112607.19483699999,112607.195068,14075.8993835,61.771286,112128.973013,39619.42580642987,72915.54498265,68.31740342857144,9.97002168783557,0.07104341788799622,17,64,,True,True,,36,87.6246207195492
88,2026-09-18T06:49:33.631+00:00,2026-09-18T06:51:26.931+00:00,2026-09-18T06:51:32.586+00:00,True,91,91.0,,91.0,113299.93209999999,118954.76729999999,118954.76713499999,1307.1952432417581,33.651938,113299.93209999999,11870.480825094157,95.48909800000001,62.83150222222223,13.214658166582032,0.7649966627272786,17,64,,True,True,,422,87.6246207195492
89,2026-09-18T06:49:34.178+00:00,2026-09-18T06:51:29.299+00:00,2026-09-18T06:51:31.284+00:00,True,34,34.0,,34.0,115121.316023,117105.673143,117105.67319100001,3444.284505617647,36.684183,115121.316023,19732.833835016645,86.04569585000002,60.132033939393935,12.064493889608968,0.2903360621861756,17,64,,True,True,,143,87.6246207195492
90,2026-09-18T06:49:34.685+00:00,2026-09-18T06:51:33.536+00:00,2026-09-18T06:51:35.710+00:00,True,35,35.0,,35.0,118851.402474,121025.078762,121025.078781,3457.8593937428573,38.568648,118851.402474,20078.75239694342,94.8358127,63.93165552941176,14.558766517619006,0.2891962588087111,17,64,,True,True,,157,87.6246207195492
91,2026-09-18T06:49:35.205+00:00,2026-09-18T06:51:33.695+00:00,2026-09-18T06:51:34.806+00:00,True,18,18.0,,18.0,118490.018764,119600.79201199999,119600.79195799999,6644.488442111111,40.003945,118490.018764,27912.968906996688,17855.56360895,65.33960282352942,16.047069121329027,0.15050067559915484,17,64,,True,True,,68,87.6246207195492
92,2026-09-18T06:49:35.512+00:00,2026-09-18T06:51:34.926+00:00,2026-09-18T06:51:38.963+00:00,True,66,66.0,,66.0,119413.798262,123451.353718,123451.35354,1870.4750536363636,36.294292999999996,119413.798262,14691.180620217749,92.75780050000002,62.116237784615386,11.099750317350342,0.5346235420857663,17,64,,True,True,,304,87.6246207195492
93,2026-09-18T06:49:36.039+00:00,2026-09-18T06:51:37.132+00:00,2026-09-18T06:51:40.434+00:00,True,54,54.0,,54.0,121092.54706200001,124395.29573400001,124395.29561000002,2303.6165853703706,35.142565000000005,121092.54706200001,16470.131733551036,90.47750040000001,62.31601267924528,10.725617503586642,0.4341000170574826,17,64,,True,True,,107,87.6246207195492
94,2026-09-18T06:49:36.421+00:00,2026-09-18T06:51:38.960+00:00,2026-09-18T06:51:41.674+00:00,True,46,46.0,,46.0,122538.732663,125252.688247,125252.688111,2722.884524152174,36.497552000000006,122538.732663,18058.46041391845,67.8354225,60.31012408888889,9.030115734004761,0.36725758659396895,17,64,,True,True,,190,87.6246207195492
95,2026-09-18T06:49:36.789+00:00,2026-09-18T06:51:40.370+00:00,2026-09-18T06:51:44.199+00:00,True,63,63.0,,63.0,123581.44409100001,127410.60428300001,127410.60432500001,2022.39054484127,37.561891,123581.44409100001,15562.0198161715,71.8782224,61.76064825806451,8.827608026113777,0.49446433720749483,17,64,,True,True,,289,87.6246207195492
96,2026-09-18T06:49:37.207+00:00,2026-09-18T06:51:41.996+00:00,2026-09-18T06:51:45.693+00:00,True,61,61.0,,61.0,124788.826025,128485.917865,128485.917758,2106.3265206229507,39.770206,124788.826025,15969.684371555386,69.206582,61.618197333333335,7.727255070184656,0.47476019951145637,17,64,,True,True,,345,87.6246207195492
97,2026-09-18T06:49:37.792+00:00,2026-09-18T06:51:44.268+00:00,2026-09-18T06:51:45.021+00:00,True,14,14.0,,14.0,126476.358878,127228.792798,127228.7928,9087.770914285715,36.923522,126476.358878,33786.7610124989,44309.64803035001,57.8795323076923,9.45784192092586,0.11003798505129002,17,64,,True,True,,76,87.6246207195492
98,2026-09-18T06:49:38.204+00:00,2026-09-18T06:51:45.441+00:00,2026-09-18T06:51:45.688+00:00,True,5,5.0,,5.0,127236.603948,127483.728428,127483.728477,25496.7456954,60.804756000000005,127236.603948,56874.30977797193,101801.9870726,61.78112,1.1984463758894957,0.0392206916259426,17,64,,True,True,,19,87.6246207195492
99,2026-09-18T06:49:38.702+00:00,2026-09-18T06:51:47.531+00:00,2026-09-18T06:51:51.970+00:00,True,73,73.0,,73.0,128829.29351999999,133268.124624,133268.12464599998,1825.5907485753423,37.056751,128829.29351999999,15071.11566039078,76.6190336,61.650432,9.562723919279916,0.547767894280502,17,64,,True,True,,304,87.6246207195492
100,2026-09-18T06:49:39.244+00:00,2026-09-18T06:51:49.323+00:00,2026-09-18T06:51:49.510+00:00,True,4,4.0,,4.0,130078.87323,130265.666446,130265.666591,32566.41664775,59.265699,130078.87323,65008.304424056754,110576.682576,62.264405333333336,2.645731951730056,0.030706479375040466,17,64,,True,True,,13,87.6246207195492
101,2026-09-18T06:49:39.601+00:00,2026-09-18T06:51:50.616+00:00,2026-09-18T06:51:54.399+00:00,True,60,60.0,,60.0,131015.357917,134797.822173,134797.822177,2246.6303696166665,37.734289,131015.357917,16905.736412974667,91.4578463,64.10956366101695,10.064476287247423,0.445111048774926,17,64,,True,True,,246,87.6246207195492
102,2026-09-18T06:49:39.986+00:00,2026-09-18T06:51:51.966+00:00,2026-09-18T06:51:52.876+00:00,True,15,15.0,,15.0,131979.31661399998,132889.67078999997,132889.67081699998,8859.311387799999,54.35440800000001,131979.31661399998,34060.12470989239,39659.46273669999,65.02529828571429,9.188517245277586,0.11287559003516441,17,64,,True,True,,76,87.6246207195492
103,2026-09-18T06:49:40.551+00:00,2026-09-18T06:51:53.954+00:00,2026-09-18T06:51:59.289+00:00,True,90,90.0,,90.0,133402.61958,138737.832636,138737.832545,1541.5314727222221,34.234666,133402.61958,14055.555572987312,71.11201235,59.946214112359556,10.212595217292456,0.6487055353973188,17,64,,True,True,,399,87.6246207195492
104,2026-09-18T06:49:41.092+00:00,2026-09-18T06:51:56.154+00:00,2026-09-18T06:51:58.434+00:00,True,40,40.0,,40.0,135061.851876,137341.496804,137341.496837,3433.537420925,33.524158,135061.851876,21345.914694423605,76.94021755,58.45243405128205,11.444822512002217,0.29124482352980313,17,64,,True,True,,158,87.6246207195492
105,2026-09-18T06:49:41.557+00:00,2026-09-18T06:51:58.192+00:00,2026-09-18T06:51:59.667+00:00,True,25,25.0,,25.0,136634.418266,138109.675866,138109.676056,5524.38704224,56.138385,136634.418266,27314.589999840235,67.9975254,61.46906666666666,3.0346991036644466,0.18101555769529198,17,64,,True,True,,111,87.6246207195492
106,2026-09-18T06:49:41.962+00:00,2026-09-18T06:51:59.727+00:00,2026-09-18T06:52:03.766+00:00,True,66,66.0,,66.0,137764.51899200003,141803.96987200002,141803.96985300002,2148.5449977727276,36.205432,137764.51899200003,16949.994419723716,93.56878,62.14539815384615,11.650893113592174,0.4654312573870477,17,64,,True,True,,315,87.6246207195492
107,2026-09-18T06:49:42.355+00:00,2026-09-18T06:52:00.974+00:00,2026-09-18T06:52:01.411+00:00,True,8,8.0,,8.0,138618.856792,139055.764824,139055.764977,17381.970622125,59.03261,138618.856792,48987.09967549744,90125.61090490001,62.41543314285714,2.4441836043698673,0.05753087626482392,17,64,,True,True,,38,87.6246207195492
108,2026-09-18T06:49:42.700+00:00,2026-09-18T06:52:02.357+00:00,2026-09-18T06:52:07.702+00:00,True,86,86.0,,86.0,139656.89012999999,145001.737746,145001.737769,1686.066718244186,36.102892999999995,139656.89012999999,15052.813960218264,93.27581875,62.8805601882353,12.074495106409975,0.5930963403393583,17,64,,True,True,,590,87.6246207195492
109,2026-09-18T06:49:43.282+00:00,2026-09-18T06:52:04.540+00:00,2026-09-18T06:52:09.129+00:00,True,74,74.0,,74.0,141258.064545,145846.910113,145846.910244,1970.9041924864864,35.706294,141258.064545,16413.612409466074,88.96163150000001,62.86089819178082,10.612404445151554,0.5073813352827696,17,64,,True,True,,390,87.6246207195492
110,2026-09-18T06:49:43.867+00:00,2026-09-18T06:52:06.849+00:00,2026-09-18T06:52:09.542+00:00,True,44,44.0,,44.0,142981.646022,145675.110342,145675.110513,3310.7979662045454,38.466649,142981.646022,21545.85354019856,92.85668025000001,62.63870511627907,10.52285074434415,0.30204198848177727,17,64,,True,True,,87,87.6246207195492
111,2026-09-18T06:49:44.337+00:00,2026-09-18T06:52:08.819+00:00,2026-09-18T06:52:10.680+00:00,True,32,32.0,,32.0,144481.97976699998,146343.21855099997,146343.218489,4573.22557778125,39.845475,144481.97976699998,25530.43420593852,68.4615006,60.039960774193545,7.1107847267472,0.21866404413435897,17,64,,True,True,,155,87.6246207195492
112,2026-09-18T06:49:44.832+00:00,2026-09-18T06:52:10.556+00:00,2026-09-18T06:52:10.849+00:00,True,6,6.0,,6.0,145724.052943,146016.95457499998,146016.95464699998,24336.159107833333,43.717169,145724.052943,59467.68069482184,109309.58933624999,58.5803264,8.837745334259683,0.04109111861333998,17,64,,True,True,,16,87.6246207195492
113,2026-09-18T06:49:45.308+00:00,2026-09-18T06:52:12.628+00:00,2026-09-18T06:52:17.247+00:00,True,74,74.0,,74.0,147319.93190999998,151938.474758,151938.474723,2053.222631391892,36.689302000000005,147319.93190999998,17118.244147697675,94.52270515000001,63.26771024657534,12.698099114643734,0.4870392447855193,17,64,,True,True,,187,87.6246207195492
114,2026-09-18T06:49:45.693+00:00,2026-09-18T06:52:13.960+00:00,2026-09-18T06:52:17.119+00:00,True,52,52.0,,52.0,148266.208868,151425.35306,151425.353182,2912.026022730769,34.402816,148266.208868,20552.236839904992,84.4682417,61.94400376470588,11.473533692305663,0.3434035248997953,17,64,,True,True,,218,87.6246207195492
115,2026-09-18T06:49:46.142+00:00,2026-09-18T06:52:15.687+00:00,2026-09-18T06:52:18.736+00:00,True,48,48.0,,48.0,149544.957627,152594.244795,152594.244844,3179.0467675833333,33.861867,149544.957627,21575.595523739925,96.87740335000001,64.87845038297873,14.14189764254573,0.31455970088835744,17,64,,True,True,,212,87.6246207195492
116,2026-09-18T06:49:46.599+00:00,2026-09-18T06:52:17.653+00:00,2026-09-18T06:52:20.097+00:00,True,39,39.0,,39.0,151054.190706,153498.499698,153498.49976,3935.858968205128,38.16416,151054.190706,24177.732623562148,96.41265240000001,64.32392084210527,14.115854394594582,0.25407414454688737,17,64,,True,True,,179,87.6246207195492
117,2026-09-18T06:49:47.091+00:00,2026-09-18T06:52:19.385+00:00,2026-09-18T06:52:20.428+00:00,True,17,17.0,,17.0,152294.091805,153337.286941,153337.286811,9019.84040064706,55.774936000000004,152294.091805,36920.93095970851,30534.499282599998,65.199696,10.729050551384361,0.11086670658612302,17,64,,True,True,,71,87.6246207195492
118,2026-09-18T06:49:47.637+00:00,2026-09-18T06:52:21.523+00:00,2026-09-18T06:52:27.557+00:00,True,96,96.0,,96.0,153885.772108,159920.149836,159920.14979,1665.8348936458333,35.534965,153885.772108,15699.421547014264,93.48291375000001,63.519765557894736,10.774654000365754,0.6002995876282577,17,64,,True,True,,443,87.6246207195492
119,2026-09-18T06:49:48.169+00:00,2026-09-18T06:52:23.516+00:00,2026-09-18T06:52:28.935+00:00,True,87,87.0,,87.0,155346.28031600002,160765.61804400003,160765.61817400003,1847.880668666667,38.630048,155346.28031600002,16648.116667530136,87.5993326,63.015554976744184,10.395085226782058,0.5411604860449012,17,64,,True,True,,495,87.6246207195492
120,2026-09-18T06:49:48.818+00:00,2026-09-18T06:52:23.984+00:00,2026-09-18T06:52:25.981+00:00,True,32,32.0,,32.0,155166.164999,157162.726919,157162.726968,4911.33521775,37.28753,155166.164999,27418.378576968793,93.68645605,64.40522322580645,10.776301411396913,0.20361061828923632,17,64,,True,True,,187,87.6246207195492
121,2026-09-18T06:49:48.985+00:00,2026-09-18T06:52:26.424+00:00,2026-09-18T06:52:29.048+00:00,True,43,43.0,,43.0,157438.162071,160062.877335,160062.877468,3722.392499255814,38.396018,157438.162071,23999.567117584145,89.41642599999999,62.49322057142857,11.335454254813843,0.2686444272147134,17,64,,True,True,,203,87.6246207195492
122,2026-09-18T06:49:49.425+00:00,2026-09-18T06:52:28.118+00:00,2026-09-18T06:52:31.749+00:00,True,60,60.0,,60.0,158693.095912,162323.225064,162323.224986,2705.3870831,37.83164,158693.095912,20479.25000631798,70.675492,61.52761274576271,10.406655292435747,0.36963287278418416,17,64,,True,True,,295,87.6246207195492
123,2026-09-18T06:49:49.936+00:00,2026-09-18T06:52:29.964+00:00,2026-09-18T06:52:36.195+00:00,True,98,98.0,,98.0,160027.957224,166259.07888800002,166259.07897,1696.521213979592,38.093078999999996,160027.957224,16158.781117911007,94.80188245,64.2383676701031,13.22250257649829,0.589441494897355,17,64,,True,True,,409,87.6246207195492
124,2026-09-18T06:49:50.368+00:00,2026-09-18T06:52:31.690+00:00,2026-09-18T06:52:33.265+00:00,True,25,25.0,,25.0,161321.911015,162897.658087,162897.65812799998,6515.90632512,37.309981,161321.911015,32251.253779976665,100.8817274,65.656128,13.735195560572308,0.15347059186478948,17,64,,True,True,,82,87.6246207195492
125,2026-09-18T06:49:50.865+00:00,2026-09-18T06:52:33.927+00:00,2026-09-18T06:52:40.240+00:00,True,100,100.0,,100.0,163062.138671,169374.802735,169374.80283499998,1693.74802835,35.032084000000005,163062.138671,16299.843295037874,95.73160385000001,63.76428347474747,13.887584549860913,0.5904065916844653,17,64,,True,True,,436,87.6246207195492
126,2026-09-18T06:49:51.289+00:00,2026-09-18T06:52:35.611+00:00,2026-09-18T06:52:40.070+00:00,True,71,71.0,,71.0,164322.60664399998,168781.729588,168781.72956299997,2377.2074586338026,38.926557,164322.60664399998,19493.95054434452,94.50192849999999,63.701756342857145,14.05265187275133,0.4206616449144857,17,64,,True,True,,348,87.6246207195492
127,2026-09-18T06:49:51.866+00:00,2026-09-18T06:52:37.792+00:00,2026-09-18T06:52:40.431+00:00,True,44,44.0,,44.0,165925.086786,168564.305986,168564.306077,3831.0069562954545,37.078761,165925.086786,25004.896776732305,79.96609035,61.377190697674415,9.407930643710813,0.26102797826993335,17,64,,True,True,,203,87.6246207195492
128,2026-09-18T06:49:52.396+00:00,2026-09-18T06:52:39.853+00:00,2026-09-18T06:52:45.662+00:00,True,94,94.0,,94.0,167456.754012,173265.315164,173265.31527599998,1843.2480348510637,34.190226,167456.754012,17265.407054414412,89.0239419,62.45764679569893,11.32944242540163,0.5425205841747763,17,64,,True,True,,469,87.6246207195492
129,2026-09-18T06:49:52.773+00:00,2026-09-18T06:52:41.548+00:00,2026-09-18T06:52:42.536+00:00,True,17,17.0,,17.0,168774.94865799998,169762.53572999997,169762.53565799998,9986.031509294116,52.167002999999994,168774.94865799998,40918.967605219594,33809.763854,61.724192,4.730707525514043,0.1001398802562526,17,64,,True,True,,99,87.6246207195492
130,2026-09-18T06:49:53.199+00:00,2026-09-18T06:52:43.108+00:00,2026-09-18T06:52:49.064+00:00,True,95,95.0,,95.0,169909.139486,175864.555294,175864.555253,1851.205844768421,36.353821,169909.139486,17425.814449006404,91.92186079999999,63.355487319148935,12.85538390120624,0.5401884412762117,17,64,,True,True,,308,87.6246207195492
131,2026-09-18T06:49:53.579+00:00,2026-09-18T06:52:44.403+00:00,2026-09-18T06:52:45.780+00:00,True,24,24.0,,24.0,170824.032403,172201.162131,172201.162106,7175.048421083333,42.82622,170824.032403,34857.08839094071,71.30658620000001,59.87520556521739,7.474492120453378,0.13937188171669995,17,64,,True,True,,145,87.6246207195492
132,2026-09-18T06:49:54.018+00:00,2026-09-18T06:52:45.899+00:00,2026-09-18T06:52:48.522+00:00,True,42,42.0,,42.0,171880.276516,174503.227172,174503.227297,4154.838745166667,37.19008,171880.276516,26511.83504959021,97.6945479,63.974406243902436,14.848034881336993,0.24068322793023467,17,64,,True,True,,209,87.6246207195492
133,2026-09-18T06:49:54.370+00:00,2026-09-18T06:52:47.562+00:00,2026-09-18T06:52:53.720+00:00,True,99,99.0,,99.0,173191.681475,179350.34669099998,179350.34677499998,1811.6196643939393,37.333059999999996,173191.681475,17400.106554930655,89.3870885,62.8435226122449,11.3276895528256,0.551992242148077,17,64,,True,True,,462,87.6246207195492
134,2026-09-18T06:49:54.807+00:00,2026-09-18T06:52:49.122+00:00,2026-09-18T06:52:50.272+00:00,True,20,20.0,,20.0,174314.553141,175464.988213,175464.98816200002,8773.2494081,37.114871,174314.553141,38964.38044666376,8779.6178408,60.54921431578948,7.215400645220695,0.11398285323862817,17,64,,True,True,,97,87.6246207195492
135,2026-09-18T06:49:55.342+00:00,2026-09-18T06:52:51.318+00:00,2026-09-18T06:52:52.237+00:00,True,14,14.0,,14.0,175975.486696,176895.09015200002,176895.09012900002,12635.363580642857,56.377274,175975.486696,47012.52339496772,61655.07836465,70.73872738461539,14.252096131233268,0.07914295409765341,17,64,,True,True,,58,87.6246207195492
136,2026-09-18T06:49:55.750+00:00,2026-09-18T06:52:52.735+00:00,2026-09-18T06:52:53.657+00:00,True,16,16.0,,16.0,176984.497572,177906.457508,177906.45734,11119.15358375,38.199898000000005,176984.497572,44230.75972123924,44315.049369,61.463995733333334,11.20378395965725,0.0899349030053084,17,64,,True,True,,61,87.6246207195492
137,2026-09-18T06:49:56.282+00:00,2026-09-18T06:52:54.971+00:00,2026-09-18T06:52:56.305+00:00,True,21,21.0,,21.0,178688.61382600002,180023.40294600002,180023.403033,8572.54300157143,54.339678,178688.61382600002,38978.490091848034,99.00383500000002,66.739456,11.16009396634336,0.11665150006246233,17,64,,True,True,,105,87.6246207195492
138,2026-09-18T06:49:56.793+00:00,2026-09-18T06:52:56.880+00:00,2026-09-18T06:52:59.994+00:00,True,50,50.0,,50.0,180086.626063,183201.285647,183201.285415,3664.0257083,39.826385,180086.626063,25459.10863382081,94.34479264999999,63.56448130612245,12.714887588866981,0.27292384888795,17,64,,True,True,,137,87.6246207195492
139,2026-09-18T06:49:57.234+00:00,2026-09-18T06:52:58.519+00:00,2026-09-18T06:53:03.052+00:00,True,74,74.0,,74.0,181285.085505,185818.075457,185818.075517,2511.055074554054,37.607690000000005,181285.085505,21066.746860788986,83.5188937,62.09575276712329,9.729782782613544,0.39823897550335075,17,64,,True,True,,342,87.6246207195492
140,2026-09-18T06:49:57.737+00:00,2026-09-18T06:53:00.275+00:00,2026-09-18T06:53:01.609+00:00,True,22,22.0,,22.0,182537.680713,183871.87744900002,183871.87741100002,8357.81260959091,56.388945,182537.680713,38903.619177245135,73.13511245,63.53317790476191,4.102390989763822,0.11964853084236372,17,64,,True,True,,77,87.6246207195492
141,2026-09-18T06:49:58.077+00:00,2026-09-18T06:53:01.738+00:00,2026-09-18T06:53:06.986+00:00,True,88,88.0,,88.0,183661.22762599998,188909.63133799998,188909.63121099997,2146.700354670454,37.267900999999995,183661.22762599998,19571.923098846935,68.87442304999999,60.32647944827586,7.1047206111546455,0.4658311986356538,17,64,,True,True,,433,87.6246207195492
142,2026-09-18T06:49:58.417+00:00,2026-09-18T06:53:03.360+00:00,2026-09-18T06:53:06.092+00:00,True,46,46.0,,46.0,184942.960454,187675.085382,187675.08533099998,4079.8931593695647,36.683261,184942.960454,27259.401129499176,69.43547525,60.713887288888884,7.604852257823974,0.24510445755956417,17,64,,True,True,,137,87.6246207195492
143,2026-09-18T06:49:58.987+00:00,2026-09-18T06:53:05.324+00:00,2026-09-18T06:53:09.130+00:00,True,65,65.0,,65.0,186337.287947,190142.725643,190142.725658,2925.272702430769,33.894867,186337.287947,23104.923817566996,70.82377340000001,59.459964,11.594816042617753,0.3418484708273295,17,64,,True,True,,295,87.6246207195492
144,2026-09-18T06:49:59.451+00:00,2026-09-18T06:53:06.990+00:00,2026-09-18T06:53:08.212+00:00,True,22,22.0,,22.0,187539.12222,188760.7555,188760.75565799998,8580.034348090909,35.070024,187539.12222,39971.07455279036,91.64536780000002,58.17301333333334,12.563771855078128,0.11654965006748981,17,64,,True,True,,111,87.6246207195492
145,2026-09-18T06:49:59.913+00:00,2026-09-18T06:53:08.788+00:00,2026-09-18T06:53:12.718+00:00,True,66,66.0,,66.0,188875.065424,192805.21992,192805.219983,2921.2912118636364,36.185832999999995,188875.065424,23241.47282547779,67.64865875000001,60.463915323076925,9.73446129375251,0.34231438353891636,17,64,,True,True,,332,87.6246207195492
146,2026-09-18T06:50:00.390+00:00,2026-09-18T06:53:10.831+00:00,2026-09-18T06:53:13.965+00:00,True,51,51.0,,51.0,190440.566788,193574.69363599998,193574.693424,3795.5822239999998,37.17595,190440.566788,26658.238112865372,95.34117699999999,62.68253696,10.781649420192487,0.26346419070615174,17,64,,True,True,,265,87.6246207195492
147,2026-09-18T06:50:00.875+00:00,2026-09-18T06:53:12.458+00:00,2026-09-18T06:53:14.029+00:00,True,26,26.0,,26.0,191582.200405,193153.083989,193153.083801,7428.964761576924,35.011605,191582.200405,37560.039722458714,95.771921,62.835343359999996,12.637492733625484,0.13460825715565944,17,64,,True,True,,114,87.6246207195492
148,2026-09-18T06:50:01.211+00:00,2026-09-18T06:53:13.522+00:00,2026-09-18T06:53:14.972+00:00,True,24,24.0,,24.0,192310.999757,193761.168333,193761.168328,8073.382013666667,33.973387,192310.999757,39242.451105192304,99.3925827,63.050807652173916,15.300913218056778,0.12386382785818749,17,64,,True,True,,116,87.6246207195492
149,2026-09-18T06:50:01.592+00:00,2026-09-18T06:53:15.174+00:00,2026-09-18T06:53:18.799+00:00,True,58,58.0,,58.0,193581.968763,197207.11794700002,197207.117781,3400.1227203620692,33.455567,193581.968763,25410.21088706683,96.24539309999999,63.59910849122807,14.517791678691081,0.29410703124614224,17,64,,True,True,,249,87.6246207195492
151,2026-09-18T06:50:02.595+00:00,2026-09-18T06:53:17.144+00:00,2026-09-18T06:53:17.372+00:00,True,5,5.0,,5.0,194548.463854,194776.499694,194776.499728,38955.2999456,37.018671000000005,194548.463854,86979.22360875501,155651.8535068,57.00896,13.410761765145681,0.0256704479639749,17,64,,True,True,,10,87.6246207195492
150,2026-09-18T06:50:02.585+00:00,2026-09-18T06:53:17.988+00:00,2026-09-18T06:53:21.989+00:00,True,66,66.0,,66.0,195403.014298,199404.089498,199404.08970399998,3021.2740864242423,36.306661999999996,195403.014298,24044.875026244317,93.992029,61.55500307692308,13.171233867304892,0.33098619073538094,17,64,,True,True,,343,87.6246207195492
152,2026-09-18T06:50:02.868+00:00,2026-09-18T06:53:20.155+00:00,2026-09-18T06:53:26.369+00:00,True,100,100.0,,100.0,197286.496373,203501.076853,203501.076843,2035.01076843,36.753601,197286.496373,19722.376624784145,92.44975595,62.77354020202021,13.15282349369045,0.49139789108946824,17,64,,True,True,,501,87.6246207195492
153,2026-09-18T06:50:03.403+00:00,2026-09-18T06:53:22.492+00:00,2026-09-18T06:53:24.727+00:00,True,36,36.0,,36.0,199088.961183,201324.007839,201324.00778800002,5592.333549666667,37.643089,199088.961183,33170.85351846582,106.48897600000001,63.858475885714284,14.472607944274884,0.17881622955166587,17,64,,True,True,,129,87.6246207195492
154,2026-09-18T06:50:03.840+00:00,2026-09-18T06:53:24.218+00:00,2026-09-18T06:53:25.608+00:00,True,23,23.0,,23.0,200377.866745,201767.853817,201767.853819,8772.515383434782,38.058599,200377.866745,41768.50059603786,89.3765777,63.18123054545455,10.74387372007897,0.1139923905859682,17,64,,True,True,,112,87.6246207195492
155,2026-09-18T06:50:04.273+00:00,2026-09-18T06:53:26.139+00:00,2026-09-18T06:53:28.263+00:00,True,35,35.0,,35.0,201865.039877,203989.99168500002,203989.991557,5828.285473057143,36.258682,201865.039877,34110.85768007593,91.5064474,62.498582588235294,12.99211645305153,0.171577045083892,17,64,,True,True,,125,87.6246207195492
156,2026-09-18T06:50:04.715+00:00,2026-09-18T06:53:27.652+00:00,2026-09-18T06:53:31.332+00:00,True,61,61.0,,61.0,202937.343214,206617.13739,206617.1373,3387.1661852459015,39.559746,202937.343214,25975.613247492885,76.55640700000001,61.32990293333333,8.87157287465915,0.29523204498211353,17,64,,True,True,,323,87.6246207195492
157,2026-09-18T06:50:05.304+00:00,2026-09-18T06:53:29.641+00:00,2026-09-18T06:53:31.854+00:00,True,37,37.0,,37.0,204336.04277700002,206549.46306500002,206549.46306300003,5582.417920621622,37.076260999999995,204336.04277700002,33582.532690143315,90.454279,61.483896888888886,11.981504569033977,0.1791338474133738,17,64,,True,True,,179,87.6246207195492
158,2026-09-18T06:50:05.877+00:00,2026-09-18T06:53:32.362+00:00,2026-09-18T06:53:33.016+00:00,True,11,11.0,,11.0,206484.996929,207138.919489,207138.919558,18830.81086890909,36.335402,206484.996929,62237.85488717685,103292.2766065,65.392256,17.978741286828633,0.053104457757800316,17,64,,True,True,,56,87.6246207195492
159,2026-09-18T06:50:06.304+00:00,2026-09-18T06:53:34.098+00:00,2026-09-18T06:53:34.474+00:00,True,7,7.0,,7.0,207793.49041499998,208170.004207,208170.00415099997,29738.572021571425,57.398553,207793.49041499998,78514.83900838777,145475.03212289998,62.75229866666666,2.9088492723072927,0.03362636238907573,17,64,,True,True,,21,87.6246207195492
160,2026-09-18T06:50:06.847+00:00,2026-09-18T06:53:35.891+00:00,2026-09-18T06:53:39.848+00:00,True,64,64.0,,64.0,209044.378816,213001.778112,213001.77791200002,3328.1527798750003,36.672112,209044.378816,26122.697810507467,91.06550295000001,62.81586184126984,11.383298072856965,0.30046697528669314,17,64,,True,True,,244,87.6246207195492
161,2026-09-18T06:50:07.327+00:00,2026-09-18T06:53:38.074+00:00,2026-09-18T06:53:43.428+00:00,True,87,87.0,,87.0,210746.94560299997,216100.62624299998,216100.62645199997,2483.9152465747125,38.490308,210746.94560299997,22587.77250528362,89.7731582,62.25210046511628,10.528690507584848,0.40259022619476625,17,64,,True,True,,535,87.6246207195492
162,2026-09-18T06:50:07.653+00:00,2026-09-18T06:53:39.416+00:00,2026-09-18T06:53:43.119+00:00,True,61,61.0,,61.0,211763.643966,215466.518846,215466.51899,3532.238016229508,34.772205,211763.643966,27105.657358712782,93.798145,61.714581333333335,12.523401684126815,0.28310662986855245,17,64,,True,True,,253,87.6246207195492
163,2026-09-18T06:50:08.220+00:00,2026-09-18T06:53:41.236+00:00,2026-09-18T06:53:46.515+00:00,True,85,85.0,,85.0,213015.83409299998,218294.965741,218294.96561199997,2568.176066023529,37.62036,213015.83409299998,23097.997070731493,92.6590724,62.846805333333336,10.934767321381676,0.3893814028714239,17,64,,True,True,,455,87.6246207195492
164,2026-09-18T06:50:08.728+00:00,2026-09-18T06:53:43.302+00:00,2026-09-18T06:53:48.955+00:00,True,88,88.0,,88.0,214574.249961,220226.709481,220226.709622,2502.5762457045453,0.023710000000000002,214574.249961,22866.775740798686,92.89011255,64.97079908045977,21.238658174617076,0.3995882252765175,17,64,,True,True,,375,87.6246207195492
165,2026-09-18T06:50:09.086+00:00,2026-09-18T06:53:44.556+00:00,2026-09-18T06:53:47.056+00:00,True,40,40.0,,40.0,215470.12286899998,217969.96491699998,217969.96495,5449.24912375,40.22955399999999,215470.12286899998,34058.684174172675,93.11143135,64.09851405128205,9.311164099354183,0.18351152194400483,17,64,,True,True,,190,87.6246207195492
166,2026-09-18T06:50:09.550+00:00,2026-09-18T06:53:46.386+00:00,2026-09-18T06:53:49.142+00:00,True,43,43.0,,43.0,216836.054457,219591.913401,219591.913309,5106.788681604651,0.0179,216836.054457,33057.19633347498,93.9161936,65.61568914285714,31.154035133653334,0.1958177755001254,17,64,,True,True,,144,87.6246207195492
167,2026-09-18T06:50:09.889+00:00,2026-09-18T06:53:47.546+00:00,2026-09-18T06:53:51.555+00:00,True,65,65.0,,65.0,217657.566245,221666.58538099998,221666.58539599998,3410.2551599384615,0.019030000000000002,217657.566245,26989.341100761314,94.4368814,62.640924,25.96079575178155,0.2932331902360392,17,64,,True,True,,283,87.6246207195492
168,2026-09-18T06:50:10.464+00:00,2026-09-18T06:53:50.223+00:00,2026-09-18T06:53:51.178+00:00,True,17,17.0,,17.0,219759.174515,220713.516659,220713.51663199998,12983.14803717647,39.882255,219759.174515,53284.963756420846,44028.6392798,59.646384,12.527385181362247,0.07702292209980423,17,64,,True,True,,115,87.6246207195492
169,2026-09-18T06:50:10.842+00:00,2026-09-18T06:53:51.553+00:00,2026-09-18T06:53:53.193+00:00,True,27,27.0,,27.0,220711.524808,222350.85588,222350.855865,8235.216883888888,40.211625,220711.524808,42463.82033612797,91.8793086,63.05119507692308,12.575397456056402,0.12142971023494313,17,64,,True,True,,111,87.6246207195492
170,2026-09-18T06:50:11.184+00:00,2026-09-18T06:53:52.715+00:00,2026-09-18T06:53:56.177+00:00,True,57,57.0,,57.0,221531.319549,224993.154557,224993.15449000002,3947.248324385965,33.535098,221531.319549,29334.3540896273,82.60293599999999,61.81848228571428,11.100762234496385,0.2533410410295819,17,64,,True,True,,304,87.6246207195492
171,2026-09-18T06:50:11.586+00:00,2026-09-18T06:53:54.509+00:00,2026-09-18T06:54:00.301+00:00,True,94,94.0,,94.0,222922.899424,228715.221984,228715.221769,2433.1406571170214,35.676743,222922.899424,22986.319174176027,71.92410135,62.283038279569894,8.900070545236925,0.4109914468507735,17,64,,True,True,,415,87.6246207195492
172,2026-09-18T06:50:12.018+00:00,2026-09-18T06:53:56.055+00:00,2026-09-18T06:54:00.111+00:00,True,66,66.0,,66.0,224037.359636,228093.407764,228093.407742,3455.9607233636366,35.675443,224037.359636,27569.412994832775,75.69690750000001,62.400740430769225,8.734391399695118,0.2893551402778278,17,64,,True,True,,383,87.6246207195492
173,2026-09-18T06:50:12.458+00:00,2026-09-18T06:53:57.750+00:00,2026-09-18T06:54:01.879+00:00,True,67,67.0,,67.0,225292.291324,229420.625148,229420.625155,3424.1884351492536,39.683166,225292.291324,27516.19426089697,87.65783760000001,62.55051248484848,10.501190332687608,0.2920400027537981,17,64,,True,True,,242,87.6246207195492
174,2026-09-18T06:50:12.804+00:00,2026-09-18T06:53:58.791+00:00,2026-09-18T06:54:01.878+00:00,True,51,51.0,,51.0,225987.753362,229073.964178,229073.964185,4491.646356568627,37.565,225987.753362,31635.973847390942,84.808781,61.724216320000004,11.191033177959177,0.22263551505299345,17,64,,True,True,,242,87.6246207195492
175,2026-09-18T06:50:13.260+00:00,2026-09-18T06:54:00.750+00:00,2026-09-18T06:54:01.874+00:00,True,19,19.0,,19.0,227490.089097,228614.504073,228614.50407199998,12032.342319578947,35.527584000000004,227490.089097,52175.47614351023,22834.383055500002,62.467498666666664,12.578938347442616,0.08310933760323895,17,64,,True,True,,77,87.6246207195492
176,2026-09-18T06:50:13.732+00:00,2026-09-18T06:54:02.674+00:00,2026-09-18T06:54:08.050+00:00,True,87,87.0,,87.0,228941.881066,234318.37233,234318.37245,2693.314625862069,34.481806,228941.881066,24538.446002101922,92.05821559999998,62.517340279069764,11.187525929318575,0.3712897078231424,17,64,,True,True,,354,87.6246207195492
177,2026-09-18T06:50:14.301+00:00,2026-09-18T06:54:04.617+00:00,2026-09-18T06:54:10.772+00:00,True,99,99.0,,99.0,230315.96118900002,236470.917221,236470.91718500003,2388.595123080808,36.096082,230315.96118900002,23141.31611432356,91.86750869999997,62.805673795918366,12.378168434399937,0.4186561339696458,17,64,,True,True,,420,87.6246207195492
178,2026-09-18T06:50:14.698+00:00,2026-09-18T06:54:05.949+00:00,2026-09-18T06:54:11.934+00:00,True,94,94.0,,94.0,231250.653067,237236.024459,237236.024611,2523.787495861702,36.930821,231250.653067,23845.04963344894,96.15557975,64.35883217204301,13.993408754227907,0.3962298736642563,17,64,,True,True,,497,87.6246207195492
179,2026-09-18T06:50:15.181+00:00,2026-09-18T06:54:07.989+00:00,2026-09-18T06:54:09.833+00:00,True,30,30.0,,30.0,232808.454838,234651.94309400002,234651.94316700002,7821.7314389,37.929669000000004,232808.454838,42493.21028004261,107.15796200000001,63.56856055172413,13.792231772850345,0.1278489306520773,17,64,,True,True,,113,87.6246207195492
180,2026-09-18T06:50:15.598+00:00,2026-09-18T06:54:09.358+00:00,2026-09-18T06:54:14.200+00:00,True,79,79.0,,79.0,233760.40540400002,238601.79881200002,238601.79868,3020.275932658228,38.601847,233760.40540400002,26293.119437526148,90.5662484,62.06914625641026,11.2557263975824,0.3310955759484695,17,64,,True,True,,385,87.6246207195492
181,2026-09-18T06:50:16.066+00:00,2026-09-18T06:54:11.325+00:00,2026-09-18T06:54:11.651+00:00,True,6,6.0,,6.0,235259.78040400002,235585.09266000002,235585.09262500002,39264.18210416667,57.916851,235259.78040400002,96017.8417583918,176463.87236750004,65.0624512,7.352115817554781,0.025468504531648322,17,64,,True,True,,11,87.6246207195492
183,2026-09-18T06:50:17.322+00:00,2026-09-18T06:54:14.554+00:00,2026-09-18T06:54:14.987+00:00,True,8,8.0,,8.0,237232.44469600002,237664.95925600003,237664.95916600002,29708.119895750002,53.770559999999996,237232.44469600002,83852.49003362603,154224.57838330002,61.787794285714284,5.086758500470206,0.03366083088160601,17,64,,True,True,,43,87.6246207195492
182,2026-09-18T06:50:17.240+00:00,2026-09-18T06:54:15.445+00:00,2026-09-18T06:54:18.011+00:00,True,41,41.0,,41.0,238204.572198,240771.085606,240771.085613,5872.4655027560975,39.612736,238204.572198,37191.28574899606,96.518059,64.1628352,12.840282586034798,0.17028622808592878,17,64,,True,True,,179,87.6246207195492
184,2026-09-18T06:50:17.437+00:00,2026-09-18T06:54:16.646+00:00,2026-09-18T06:54:17.755+00:00,True,17,17.0,,17.0,239208.849333,240317.998773,240317.998646,14136.35286152941,58.8339,239208.849333,57999.85662515899,47926.1245162,69.32184,15.13716040960708,0.07073960372006048,17,64,,True,True,,85,87.6246207195492
185,2026-09-18T06:50:17.965+00:00,2026-09-18T06:54:18.881+00:00,2026-09-18T06:54:23.190+00:00,True,69,69.0,,69.0,240915.47525299998,245225.39397299997,245225.39386599997,3553.991215449275,39.627235999999996,240915.47525299998,28995.18629096678,85.592765,63.38115764705882,9.319235597924644,0.2813737960906165,17,64,,True,True,,289,87.6246207195492
186,2026-09-18T06:50:18.510+00:00,2026-09-18T06:54:21.424+00:00,2026-09-18T06:54:21.876+00:00,True,8,8.0,,8.0,242914.489886,243365.892126,243365.892161,30420.736520125,60.781305999999994,242914.489886,85860.44233629627,157919.69404515,64.48603428571428,3.7635781349638413,0.0328723139060838,17,64,,True,True,,39,87.6246207195492
187,2026-09-18T06:50:19.096+00:00,2026-09-18T06:54:23.864+00:00,2026-09-18T06:54:27.356+00:00,True,57,57.0,,57.0,244767.657691,248259.943899,248259.943682,4355.43760845614,34.145466,244767.657691,32412.009543289267,76.67394840000001,62.362253714285714,9.500769412083368,0.22959805397841143,17,64,,True,True,,274,87.6246207195492
188,2026-09-18T06:50:19.572+00:00,2026-09-18T06:54:25.601+00:00,2026-09-18T06:54:28.599+00:00,True,47,47.0,,47.0,246028.892377,249027.70351300001,249027.703642,5298.461779617021,36.357322,246028.892377,35877.49538442375,92.27157919999999,65.19154643478261,12.85919756459561,0.1887340217051251,17,64,,True,True,,200,87.6246207195492
189,2026-09-18T06:50:20.086+00:00,2026-09-18T06:54:27.449+00:00,2026-09-18T06:54:27.872+00:00,True,8,8.0,,8.0,247363.262704,247785.54929599998,247785.54935299998,30973.193669124998,40.211525,247363.262704,87434.7920528906,160811.647596,60.326656,10.223664957147738,0.03228598286998307,17,64,,True,True,,32,87.6246207195492
190,2026-09-18T06:50:20.472+00:00,2026-09-18T06:54:29.157+00:00,2026-09-18T06:54:29.800+00:00,True,11,11.0,,11.0,248684.699799,249328.071831,249328.071815,22666.18834681818,36.723851,248684.699799,74961.86107445715,124390.60152449999,64.3372032,14.477981151659732,0.044118578061502996,17,64,,True,True,,68,87.6246207195492
191,2026-09-18T06:50:21.059+00:00,2026-09-18T06:54:31.209+00:00,2026-09-18T06:54:35.437+00:00,True,69,69.0,,69.0,250149.851531,254378.12135499998,254378.121384,3686.639440347826,37.147271,250149.851531,30107.01891534324,84.63113560000002,62.1804385882353,8.860694040509058,0.27124974283345044,17,64,,True,True,,350,87.6246207195492
192,2026-09-18T06:50:21.508+00:00,2026-09-18T06:54:32.657+00:00,2026-09-18T06:54:33.161+00:00,True,9,9.0,,9.0,251148.863917,251652.28330900002,251652.283245,27961.364805,43.435639,251148.863917,83695.31294319022,150724.4724762,62.927424,12.185525772643073,0.035763633381975066,17,64,,True,True,,43,87.6246207195492
193,2026-09-18T06:50:21.953+00:00,2026-09-18T06:54:34.528+00:00,2026-09-18T06:54:37.571+00:00,True,49,49.0,,49.0,252574.554355,255617.644275,255617.644278,5216.686617918367,37.865549,252574.554355,36073.0244583184,98.0095466,63.397706666666664,12.379685567688762,0.19169255760484416,17,64,,True,True,,167,87.6246207195492
194,2026-09-18T06:50:22.446+00:00,2026-09-18T06:54:36.525+00:00,2026-09-18T06:54:39.427+00:00,True,46,46.0,,46.0,254078.93229499998,256981.36634299997,256981.36635099998,5586.551442413043,37.325669999999995,254078.93229499998,37452.38735064874,97.54466499999998,64.4985344,13.40434426279628,0.1790013052487337,17,64,,True,True,,237,87.6246207195492
195,2026-09-18T06:50:22.852+00:00,2026-09-18T06:54:38.027+00:00,2026-09-18T06:54:42.770+00:00,True,78,78.0,,78.0,255174.54258399998,259917.17093599998,259917.17072399997,3332.2714195384615,34.239186000000004,255174.54258399998,28885.854914126314,72.852056,61.592576,9.285738427639803,0.30009560245331435,17,64,,True,True,,240,87.6246207195492
196,2026-09-18T06:50:23.302+00:00,2026-09-18T06:54:39.976+00:00,2026-09-18T06:54:41.823+00:00,True,31,31.0,,31.0,256673.792773,258521.384197,258521.38422399998,8339.399491096774,41.986981,256673.792773,46088.91312736751,68.89862600000001,61.58638079999999,5.301098577484263,0.11991271088188662,17,64,,True,True,,146,87.6246207195492
197,2026-09-18T06:50:23.665+00:00,2026-09-18T06:54:40.951+00:00,2026-09-18T06:54:43.086+00:00,True,36,36.0,,36.0,257285.719487,259420.45535899999,259420.455272,7206.123757555555,42.030930999999995,257285.719487,42870.78822306035,66.54774325,60.992453485714286,5.8196725771317555,0.13877086118818682,17,64,,True,True,,169,87.6246207195492
198,2026-09-18T06:50:24.124+00:00,2026-09-18T06:54:42.544+00:00,2026-09-18T06:54:46.962+00:00,True,74,74.0,,74.0,258420.073371,262838.270875,262838.270641,3551.868522175676,37.049330999999995,258420.073371,30033.688882132443,69.2316503,60.52325347945205,8.667955017429389,0.2815419525994095,17,64,,True,True,,390,87.6246207195492
199,2026-09-18T06:50:24.556+00:00,2026-09-18T06:54:44.319+00:00,2026-09-18T06:54:47.403+00:00,True,52,52.0,,52.0,259763.188456,262847.15517600003,262847.155133,5054.752983326923,34.143375999999996,259763.188456,36014.28870609297,78.2009283,60.4699356862745,10.410332442563854,0.19783360396341854,17,64,,True,True,,198,87.6246207195492
200,2026-09-18T06:50:25.080+00:00,2026-09-18T06:54:45.860+00:00,2026-09-18T06:54:47.110+00:00,True,22,22.0,,22.0,260780.261227,262030.151275,262030.151267,11910.461421227274,36.907241,260780.261227,55585.85013892029,89.03330075,59.518573714285715,10.999026854280851,0.08395980345372946,17,64,,True,True,,104,87.6246207195492
201,2026-09-18T06:50:25.553+00:00,2026-09-18T06:54:47.490+00:00,2026-09-18T06:54:48.598+00:00,True,20,20.0,,20.0,261936.761199,263045.673839,263045.673753,13152.28368765,37.237,261936.761199,58557.7904505684,13162.485464399999,58.363823157894736,8.701272221372033,0.07603242322183644,17,64,,True,True,,95,87.6246207195492
202,2026-09-18T06:50:26.078+00:00,2026-09-18T06:54:49.675+00:00,2026-09-18T06:54:54.426+00:00,True,80,80.0,,80.0,263596.765107,268348.43486700003,268348.43476100004,3354.3554345125003,34.855754999999995,263596.765107,29464.291234084925,69.50839445000001,60.14771848101266,10.01905297973077,0.2981198680724556,17,64,,True,True,,396,87.6246207195492
203,2026-09-18T06:50:26.406+00:00,2026-09-18T06:54:51.029+00:00,2026-09-18T06:54:54.075+00:00,True,52,52.0,,52.0,264623.526967,267669.237303,267669.237204,5147.485330846153,37.33151,264623.526967,36688.39999021181,67.35700709999999,59.71981050980392,8.88172331682929,0.1942696162022396,17,64,,True,True,,199,87.6246207195492
204,2026-09-18T06:50:26.734+00:00,2026-09-18T06:54:52.110+00:00,2026-09-18T06:54:57.759+00:00,True,92,92.0,,92.0,265376.213938,271024.89336199994,271024.89352999994,2945.922755760869,36.280172,265376.213938,27660.914013694386,94.68677505,62.07340026373626,12.371571757729201,0.3394522136279132,17,64,,True,True,,484,87.6246207195492
205,2026-09-18T06:50:27.111+00:00,2026-09-18T06:54:53.214+00:00,2026-09-18T06:54:58.762+00:00,True,89,89.0,,89.0,266103.141697,271651.809089,271651.80913300003,3052.2675183483148,37.42313,266103.141697,28200.19568443197,97.2080596,63.05303854545455,12.381056759545805,0.3276252799437141,17,64,,True,True,,381,87.6246207195492
206,2026-09-18T06:50:27.536+00:00,2026-09-18T06:54:54.873+00:00,2026-09-18T06:55:01.060+00:00,True,98,98.0,,98.0,267336.606776,273524.06764,273524.067688,2791.0619151836736,35.842813,267336.606776,26998.634369636045,94.43703969999999,63.7882563298969,11.905641686267113,0.35828656997373687,17,64,,True,True,,442,87.6246207195492
207,2026-09-18T06:50:28.067+00:00,2026-09-18T06:54:57.046+00:00,2026-09-18T06:55:02.433+00:00,True,85,85.0,,85.0,268979.460996,274366.37529999996,274366.37543099996,3227.839710952941,35.263254,268979.460996,29167.96577276729,96.7292886,64.1299321904762,12.93019061020864,0.30980472700803297,17,64,,True,True,,209,87.6246207195492
208,2026-09-18T06:50:28.420+00:00,2026-09-18T06:54:58.426+00:00,2026-09-18T06:55:03.024+00:00,True,74,74.0,,74.0,270005.890219,274603.948715,274603.948643,3710.8641708513514,37.561419,270005.890219,31380.227155108278,93.09198235,62.98710268493151,11.482588208443445,0.26947900911942646,17,64,,True,True,,389,87.6246207195492
209,2026-09-18T06:50:28.983+00:00,2026-09-18T06:55:00.681+00:00,2026-09-18T06:55:05.554+00:00,True,77,77.0,,77.0,271698.68671700003,276571.226877,276571.226825,3591.83411461039,34.958425000000005,271698.68671700003,30955.635054474755,92.5882358,64.11237052631579,12.207854679820526,0.27840929394381414,17,64,,True,True,,349,87.6246207195492
210,2026-09-18T06:50:29.551+00:00,2026-09-18T06:55:02.621+00:00,2026-09-18T06:55:06.914+00:00,True,69,69.0,,69.0,273070.55077499995,277362.62911099993,277362.62925299996,4019.7482500434776,37.28511,273070.55077499995,32866.23481445206,91.28894279999999,63.11879905882353,12.163003402561023,0.24877179820929066,17,64,,True,True,,280,87.6246207195492
211,2026-09-18T06:50:30.027+00:00,2026-09-18T06:55:04.144+00:00,2026-09-18T06:55:07.509+00:00,True,55,55.0,,55.0,274117.344446,277482.076862,277482.07681400003,5045.128669345455,40.724083,274117.344446,36953.57522466946,95.31258539999999,62.309859555555555,11.959553548423614,0.19821100022742413,17,64,,True,True,,203,87.6246207195492
212,2026-09-18T06:50:30.484+00:00,2026-09-18T06:55:06.431+00:00,2026-09-18T06:55:09.956+00:00,True,58,58.0,,58.0,275947.129089,279472.080897,279472.080936,4818.484154068966,35.402514000000004,275947.129089,36225.51488048787,93.08345854999999,61.84125978947368,11.70309430772017,0.20753414728885217,17,64,,True,True,,316,87.6246207195492
213,2026-09-18T06:50:30.872+00:00,2026-09-18T06:55:08.006+00:00,2026-09-18T06:55:08.799+00:00,True,13,13.0,,13.0,277133.695371,277927.00737099996,277927.007462,21379.000573999998,41.352852,277133.695371,76844.72334303973,110910.9747204,66.10933333333334,14.028446803233578,0.04677487129793948,17,64,,True,True,,61,87.6246207195492
214,2026-09-18T06:50:31.336+00:00,2026-09-18T06:55:09.825+00:00,2026-09-18T06:55:10.756+00:00,True,17,17.0,,17.0,278488.861324,279419.590028,279419.589968,16436.446468705883,40.197114,278488.861324,67529.36224027658,55753.2784248,58.170544,9.464131839961713,0.06084040134156831,17,64,,True,True,,62,87.6246207195492
215,2026-09-18T06:50:31.745+00:00,2026-09-18T06:55:11.200+00:00,2026-09-18T06:55:13.105+00:00,True,31,31.0,,31.0,279455.280889,281360.231161,281360.231295,9076.136493387095,38.420336999999996,279455.280889,50180.24706473206,92.504081,63.4983424,12.797382190145829,0.11017903941890485,17,64,,True,True,,81,87.6246207195492
217,2026-09-18T06:50:32.635+00:00,2026-09-18T06:55:13.823+00:00,2026-09-18T06:55:14.015+00:00,True,4,4.0,,4.0,281187.600171,281379.283755,281379.283752,70344.820938,42.029141,281187.600171,140561.85413994122,239022.79056945,63.894528,23.574610248835757,0.014215687617866153,17,64,,True,True,,14,87.6246207195492
218,2026-09-18T06:50:33.049+00:00,2026-09-18T06:55:15.430+00:00,2026-09-18T06:55:16.155+00:00,True,13,13.0,,13.0,282381.42298900004,283106.39015700005,283106.39004900004,21777.41461915385,39.068406,282381.42298900004,78301.75988967982,112992.13337920002,60.413930666666666,7.458265538837947,0.045919133060863426,17,64,,True,True,,80,87.6246207195492
216,2026-09-18T06:50:32.199+00:00,2026-09-18T06:55:16.570+00:00,2026-09-18T06:55:19.941+00:00,True,56,56.0,,56.0,284370.92554400006,287742.20080800005,287742.20074900007,5138.253584803572,37.2037,284370.92554400006,37992.47380762358,79.30920049999999,61.29591389090909,10.615842966593847,0.19461865462468875,17,64,,True,True,,192,87.6246207195492
219,2026-09-18T06:50:33.497+00:00,2026-09-18T06:55:17.559+00:00,2026-09-18T06:55:21.143+00:00,True,59,59.0,,59.0,284061.894472,287645.786184,287645.78636900004,4875.352311338983,37.50341,284061.894472,36973.665275793435,79.2950061,61.7912364137931,9.169974591516064,0.20511338192265097,17,64,,True,True,,121,87.6246207195492
220,2026-09-18T06:50:34.758+00:00,2026-09-18T06:55:20.343+00:00,2026-09-18T06:55:20.712+00:00,True,7,7.0,,7.0,285585.042516,285954.29537999997,285954.295294,40850.61361342857,56.865943,285585.042516,107917.73939229797,199928.92406489997,61.542144,3.096837102219489,0.024479436445246663,17,64,,True,True,,16,87.6246207195492
221,2026-09-18T06:50:34.935+00:00,2026-09-18T06:55:22.713+00:00,2026-09-18T06:55:22.968+00:00,True,5,5.0,,5.0,287777.561638,288033.418534,288033.418657,57606.6837314,58.853629,287777.561638,128669.43241085397,230235.7968526,63.964224,4.177533699134295,0.017359096820946805,17,64,,True,True,,12,87.6246207195492
222,2026-09-18T06:50:34.977+00:00,2026-09-18T06:55:23.025+00:00,2026-09-18T06:55:27.725+00:00,True,77,77.0,,77.0,288047.781699,292747.682883,292747.68277099996,3801.9179580649347,36.550142,288047.781699,32819.045365852086,86.26994020000001,61.84080505263158,10.085051984215442,0.2630251390607042,17,64,,True,True,,369,87.6246207195492
223,2026-09-18T06:50:35.260+00:00,2026-09-18T06:55:24.055+00:00,2026-09-18T06:55:26.406+00:00,True,39,39.0,,39.0,288794.303769,291145.680665,291145.68067699997,7465.27386351282,37.830178999999994,288794.303769,46234.1915464179,93.24380180000001,61.87833936842105,11.191009398470737,0.1339535586134092,17,64,,True,True,,177,87.6246207195492
224,2026-09-18T06:50:35.820+00:00,2026-09-18T06:55:26.404+00:00,2026-09-18T06:55:31.389+00:00,True,81,81.0,,81.0,290584.09863300005,295568.90144900006,295568.90145100007,3648.9987833456794,38.040099000000005,290584.09863300005,32280.20077473881,89.905432,62.3100352,11.553301570405218,0.27404777567228744,17,64,,True,True,,367,87.6246207195492
225,2026-09-18T06:50:36.282+00:00,2026-09-18T06:55:28.006+00:00,2026-09-18T06:55:28.120+00:00,True,3,3.0,,3.0,291724.10314099997,291837.940197,291837.94017599995,97279.313392,55.383475,291724.10314099997,168394.12756315453,262557.53818289994,56.918528,2.170783877117204,0.010279677816992896,17,64,,True,True,,10,87.6246207195492
226,2026-09-18T06:50:36.662+00:00,2026-09-18T06:55:29.825+00:00,2026-09-18T06:55:31.941+00:00,True,34,34.0,,34.0,293163.277109,295279.074357,295279.07436900004,8684.678657911765,55.769504999999995,293163.277109,50266.09223903118,90.37701419999999,64.11506812121212,8.1623257380519,0.11514530812601073,17,64,,True,True,,156,87.6246207195492
227,2026-09-18T06:50:37.182+00:00,2026-09-18T06:55:31.506+00:00,2026-09-18T06:55:35.480+00:00,True,64,64.0,,64.0,294324.622563,298298.645731,298298.64585900004,4660.916341546876,34.340066,294324.622563,36782.69462710313,93.4630745,63.07973282539683,11.514290978497828,0.21455008568062348,17,64,,True,True,,295,87.6246207195492
228,2026-09-18T06:50:37.707+00:00,2026-09-18T06:55:33.320+00:00,2026-09-18T06:55:34.772+00:00,True,24,24.0,,24.0,295613.37386,297065.513124,297065.513276,12377.729719833333,38.134618,295613.37386,60328.9402602321,89.31414554999999,63.13648973913044,9.297447925192674,0.08079025985753523,17,64,,True,True,,110,87.6246207195492
229,2026-09-18T06:50:38.082+00:00,2026-09-18T06:55:34.846+00:00,2026-09-18T06:55:38.145+00:00,False,53,52.0,,52.0,296763.68917,300062.50798600004,300062.50800100004,5661.55675473585,0.045659,296763.68917,40754.91638333688,93.54124059999998,63.43882338461538,14.901972013521377,0.1732972251315921,17,64,,True,False,Request timeout: 300.0s exceeded,224,87.6246207195492
230,2026-09-18T06:50:38.490+00:00,2026-09-18T06:55:36.559+00:00,2026-09-18T06:55:38.522+00:00,False,33,32.0,,32.0,298069.793466,300032.823738,300032.823785,9091.903751060607,0.02157,298069.793466,51876.61425040955,92.9541056,61.344696,14.75870276923018,0.10665499728104286,17,64,,True,False,Request timeout: 300.0s exceeded,157,87.6246207195492
231,2026-09-18T06:50:38.816+00:00,2026-09-18T06:55:37.687+00:00,2026-09-18T06:55:38.889+00:00,False,21,20.0,,20.0,298871.286703,300073.162671,300073.162449,14289.198211857143,0.038810000000000004,298871.286703,65205.949966633816,88.057775,60.0937984,16.0206073995291,0.06665041225938619,17,64,,True,False,Request timeout: 300.0s exceeded,91,87.6246207195492
232,2026-09-18T06:50:39.283+00:00,2026-09-18T06:55:39.348+00:00,2026-09-18T06:55:39.348+00:00,False,1,0.0,,0.0,300065.32445899997,300065.32445899997,300065.32445899997,300065.32445899997,300065.32445899997,300065.32445899997,nan,300065.32445899997,nan,nan,0.0,17,64,,True,False,"HTTPConnectionPool(host='gpu03', port=9002): Read timed out.",0,87.6246207195492
233,2026-09-18T06:50:39.665+00:00,2026-09-18T06:55:39.767+00:00,2026-09-18T06:55:39.767+00:00,False,1,0.0,,0.0,300102.03666000004,300102.03666000004,300102.03666000004,300102.03666000004,300102.03666000004,300102.03666000004,nan,300102.03666000004,nan,nan,0.0,17,64,,True,False,"HTTPConnectionPool(host='gpu03', port=9002): Read timed out.",0,87.6246207195492
234,2026-09-18T06:50:40.013+00:00,2026-09-18T06:55:39.986+00:00,2026-09-18T06:55:40.055+00:00,False,3,2.0,,2.0,299973.241713,300041.894513,300041.894404,100013.96480133334,0.07042,299973.241713,173169.81691607193,269982.7757688,34.3264,48.44529979265274,0.006665735807481863,17,64,,True,False,Request timeout: 300.0s exceeded,9,87.6246207195492
235,2026-09-18T06:50:40.335+00:00,2026-09-18T06:55:40.228+00:00,2026-09-18T06:55:40.387+00:00,False,4,3.0,,3.0,299893.76526300004,300052.24948700005,300052.24933500006,75013.06233375001,0.06412000000000001,299893.76526300004,149920.4735262159,254923.21710270003,52.828074666666666,46.97709065917903,0.009998258653714832,17,64,,True,False,Request timeout: 300.0s exceeded,15,87.6246207195492
236,2026-09-18T06:50:40.876+00:00,2026-09-18T06:55:40.984+00:00,2026-09-18T06:55:40.984+00:00,False,1,0.0,,0.0,300107.688838,300107.688838,300107.688838,300107.688838,300107.688838,300107.688838,nan,300107.688838,nan,nan,0.0,17,64,,True,False,"HTTPConnectionPool(host='gpu03', port=9002): Read timed out.",0,87.6246207195492
237,2026-09-18T06:50:41.430+00:00,2026-09-18T06:55:41.409+00:00,2026-09-18T06:55:41.500+00:00,False,3,2.0,,2.0,299978.716106,300069.54849,300069.54851500003,100023.18283833333,0.0315,299978.716106,173166.57738443385,269989.9245863,45.416192,64.18366392108845,0.006665121502879361,17,64,,True,False,Request timeout: 300.0s exceeded,3,87.6246207195492
238,2026-09-18T06:50:41.823+00:00,2026-09-18T06:55:41.835+00:00,2026-09-18T06:55:41.835+00:00,False,1,0.0,,0.0,300012.083963,300012.083963,300012.083963,300012.083963,300012.083963,300012.083963,nan,300012.083963,nan,nan,0.0,17,64,,True,False,TTFT timeout: 300.0s exceeded (TTFT: 300.004s),0,87.6246207195492
239,2026-09-18T06:50:42.383+00:00,2026-09-18T06:55:42.430+00:00,2026-09-18T06:55:42.430+00:00,False,1,0.0,,0.0,300047.67073,300047.67073,300047.67073,300047.67073,300047.67073,300047.67073,nan,300047.67073,nan,nan,0.0,17,64,,True,False,"HTTPConnectionPool(host='gpu03', port=9002): Read timed out.",0,87.6246207195492
240,2026-09-18T06:50:42.810+00:00,2026-09-18T06:55:42.746+00:00,2026-09-18T06:55:42.891+00:00,False,4,3.0,,3.0,299935.72035,300080.707742,300080.707868,75020.176967,0.0252,299935.72035,149943.69947899628,254956.2628836,48.329130666666664,41.83295757514629,0.009997310465487524,17,64,,True,False,Request timeout: 300.0s exceeded,10,87.6246207195492
241,2026-09-18T06:50:43.379+00:00,2026-09-18T06:55:43.211+00:00,2026-09-18T06:55:43.412+00:00,False,6,5.0,,5.0,299831.99512,300032.975088,300032.97507299995,50005.495845499994,0.09086,299831.99512,122389.49155798597,224889.95067775,40.1959936,25.15651401527606,0.016664834918673505,17,64,,True,False,Request timeout: 300.0s exceeded,30,87.6246207195492
242,2026-09-18T06:50:43.725+00:00,2026-09-18T06:55:43.829+00:00,2026-09-18T06:55:43.829+00:00,False,1,0.0,,0.0,300104.30339099996,300104.30339099996,300104.30339099996,300104.30339099996,300104.30339099996,300104.30339099996,nan,300104.30339099996,nan,nan,0.0,17,64,,True,False,"HTTPConnectionPool(host='gpu03', port=9002): Read timed out.",0,87.6246207195492
243,2026-09-18T06:50:44.127+00:00,2026-09-18T06:55:44.152+00:00,2026-09-18T06:55:44.152+00:00,False,1,0.0,,0.0,300025.243879,300025.243879,300025.243879,300025.243879,300025.243879,300025.243879,nan,300025.243879,nan,nan,0.0,17,64,,True,False,TTFT timeout: 300.0s exceeded (TTFT: 300.020s),0,87.6246207195492
244,2026-09-18T06:50:44.458+00:00,2026-09-18T06:55:44.356+00:00,2026-09-18T06:55:44.493+00:00,False,4,3.0,,3.0,299897.22277,300034.818418,300034.818222,75008.7045555,0.098369,299897.22277,149925.68230250388,254922.98492665,45.865216,39.63570819043172,0.009998839520753505,17,64,,True,False,Request timeout: 300.0s exceeded,11,87.6246207195492
245,2026-09-18T06:50:45.020+00:00,2026-09-18T06:55:45.317+00:00,2026-09-18T06:55:45.859+00:00,False,10,9.0,,9.0,300297.085196,300839.185164,300839.185149,30083.9185149,0.024730000000000002,300297.085196,94943.2326998758,165206.2351937,60.233329777777776,28.332747758231083,0.029916315572699494,17,64,,True,False,Request timeout: 300.0s exceeded,28,87.6246207195492
247,2026-09-18T06:50:45.881+00:00,2026-09-18T06:55:45.990+00:00,2026-09-18T06:55:45.990+00:00,False,1,0.0,,0.0,300108.327399,300108.327399,300108.327399,300108.327399,300108.327399,300108.327399,nan,300108.327399,nan,nan,0.0,17,64,,True,False,"HTTPConnectionPool(host='gpu03', port=9002): Read timed out.",0,87.6246207195492
246,2026-09-18T06:50:45.551+00:00,2026-09-18T06:55:46.712+00:00,2026-09-18T06:55:46.712+00:00,False,1,0.0,,0.0,301161.33308099996,301161.33308099996,301161.33308099996,301161.33308099996,301161.33308099996,301161.33308099996,nan,301161.33308099996,nan,nan,0.0,17,64,,True,False,"HTTPConnectionPool(host='gpu03', port=9002): Read timed out.",0,87.6246207195492
249,2026-09-18T06:50:46.551+00:00,2026-09-18T06:55:46.713+00:00,2026-09-18T06:55:46.713+00:00,False,1,0.0,,0.0,300162.02218,300162.02218,300162.02218,300162.02218,300162.02218,300162.02218,nan,300162.02218,nan,nan,0.0,17,64,,True,False,"HTTPConnectionPool(host='gpu03', port=9002): Read timed out.",0,87.6246207195492
248,2026-09-18T06:50:46.211+00:00,2026-09-18T06:55:46.713+00:00,2026-09-18T06:55:46.713+00:00,False,1,0.0,,0.0,300502.464371,300502.464371,300502.464371,300502.464371,300502.464371,300502.464371,nan,300502.464371,nan,nan,0.0,17,64,,True,False,"HTTPConnectionPool(host='gpu03', port=9002): Read timed out.",0,87.6246207195492
250,2026-09-18T06:50:47.091+00:00,2026-09-18T06:55:47.107+00:00,2026-09-18T06:55:47.107+00:00,False,1,0.0,,0.0,300016.464301,300016.464301,300016.464301,300016.464301,300016.464301,300016.464301,nan,300016.464301,nan,nan,0.0,17,64,,True,False,TTFT timeout: 300.0s exceeded (TTFT: 300.003s),0,87.6246207195492
251,2026-09-18T06:50:47.421+00:00,2026-09-18T06:55:47.292+00:00,2026-09-18T06:55:47.471+00:00,False,5,4.0,,4.0,299870.640715,300050.391627,300050.391418,60010.0782836,0.02172,299870.640715,134086.13319443716,239908.9367646,44.937728,29.98756525003042,0.01333109408159846,17,64,,True,False,Request timeout: 300.0s exceeded,15,87.6246207195492
252,2026-09-18T06:50:47.912+00:00,2026-09-18T06:55:47.795+00:00,2026-09-18T06:55:47.955+00:00,False,5,4.0,,4.0,299883.005449,300043.139593,300043.13964999997,60008.627929999995,0.09731000000000001,299883.005449,134093.85578334017,239918.5593606,40.033536,28.2707939164044,0.01333141629375658,17,64,,True,False,Request timeout: 300.0s exceeded,14,87.6246207195492
253,2026-09-18T06:50:48.335+00:00,2026-09-18T06:55:48.428+00:00,2026-09-18T06:55:48.428+00:00,False,1,0.0,,0.0,300092.956065,300092.956065,300092.956065,300092.956065,300092.956065,300092.956065,nan,300092.956065,nan,nan,0.0,17,64,,True,False,"HTTPConnectionPool(host='gpu03', port=9002): Read timed out.",0,87.6246207195492
254,2026-09-18T06:50:48.709+00:00,2026-09-18T06:55:48.656+00:00,2026-09-18T06:55:48.746+00:00,False,3,2.0,,2.0,299946.60667,300037.246798,300037.24683,100012.41561,0.02486,299946.60667,173148.09446762444,269961.007533,45.320064,64.05713140523581,0.006665839062796425,17,64,,True,False,Request timeout: 300.0s exceeded,7,87.6246207195492
255,2026-09-18T06:50:49.099+00:00,2026-09-18T06:55:48.957+00:00,2026-09-18T06:55:49.177+00:00,False,5,4.0,,4.0,299857.437838,300077.157262,300077.157235,60015.431447,0.03953,299857.437838,134075.76179718765,239904.08357840002,54.929856,39.02529705014961,0.013329905003424052,17,64,,True,False,Request timeout: 300.0s exceeded,11,87.6246207195492
256,2026-09-18T06:50:49.512+00:00,2026-09-18T06:55:49.589+00:00,2026-09-18T06:55:49.589+00:00,False,1,0.0,,0.0,300076.77796499996,300076.77796499996,300076.77796499996,300076.77796499996,300076.77796499996,300076.77796499996,nan,300076.77796499996,nan,nan,0.0,17,64,,True,False,"HTTPConnectionPool(host='gpu03', port=9002): Read timed out.",0,87.6246207195492
257,2026-09-18T06:50:49.849+00:00,2026-09-18T06:55:49.904+00:00,2026-09-18T06:55:49.904+00:00,False,1,0.0,,0.0,300054.728308,300054.728308,300054.728308,300054.728308,300054.728308,300054.728308,nan,300054.728308,nan,nan,0.0,17,64,,True,False,TTFT timeout: 300.0s exceeded (TTFT: 300.047s),0,87.6246207195492
258,2026-09-18T06:50:50.293+00:00,2026-09-18T06:55:50.166+00:00,2026-09-18T06:55:50.382+00:00,False,5,4.0,,4.0,299873.327018,300089.30321,300089.30339200003,60017.8606784,0.038939999999999995,299873.327018,134083.28550547524,239913.40840659998,53.994048,36.016361872776436,0.013329365482917042,17,64,,True,False,Request timeout: 300.0s exceeded,18,87.6246207195492
259,2026-09-18T06:50:50.820+00:00,2026-09-18T06:55:50.903+00:00,2026-09-18T06:55:50.903+00:00,False,1,0.0,,0.0,300082.524422,300082.524422,300082.524422,300082.524422,300082.524422,300082.524422,nan,300082.524422,nan,nan,0.0,17,64,,True,False,"HTTPConnectionPool(host='gpu03', port=9002): Read timed out.",0,87.6246207195492
260,2026-09-18T06:50:51.263+00:00,2026-09-18T06:55:51.303+00:00,2026-09-18T06:55:51.303+00:00,False,1,0.0,,0.0,300039.663161,300039.663161,300039.663161,300039.663161,300039.663161,300039.663161,nan,300039.663161,nan,nan,0.0,17,64,,True,False,TTFT timeout: 300.0s exceeded (TTFT: 300.022s),0,87.6246207195492
261,2026-09-18T06:50:51.772+00:00,2026-09-18T06:55:51.679+00:00,2026-09-18T06:55:51.800+00:00,False,4,3.0,,3.0,299906.83894700004,300028.06109100004,300028.06110000005,75007.01527500001,0.03674,299906.83894700004,149933.21849968968,254929.99374920002,40.40738133333333,34.96724234637015,0.009999064717783463,17,64,,True,False,Request timeout: 300.0s exceeded,11,87.6246207195492
262,2026-09-18T06:50:52.218+00:00,2026-09-18T06:55:52.321+00:00,2026-09-18T06:55:52.321+00:00,False,1,0.0,,0.0,300103.354917,300103.354917,300103.354917,300103.354917,300103.354917,300103.354917,nan,300103.354917,nan,nan,0.0,17,64,,True,False,"HTTPConnectionPool(host='gpu03', port=9002): Read timed out.",0,87.6246207195492
263,2026-09-18T06:50:52.631+00:00,2026-09-18T06:55:52.699+00:00,2026-09-18T06:55:52.699+00:00,False,1,0.0,,0.0,300068.805041,300068.805041,300068.805041,300068.805041,300068.805041,300068.805041,nan,300068.805041,nan,nan,0.0,17,64,,True,False,"HTTPConnectionPool(host='gpu03', port=9002): Read timed out.",0,87.6246207195492
264,2026-09-18T06:50:53.059+00:00,2026-09-18T06:55:52.890+00:00,2026-09-18T06:55:53.107+00:00,False,8,7.0,,7.0,299830.892017,300048.072177,300048.07235000003,37506.009043750004,0.0521,299830.892017,105995.25996855267,194902.89529939997,31.025737142857142,13.66161731094172,0.023329594985268435,17,64,,True,False,Request timeout: 300.0s exceeded,37,87.6246207195492
0,2026-09-18T06:48:53.149+00:00,2026-09-18T06:48:53.322+00:00,2026-09-18T06:48:57.316+00:00,True,70,70.0,,70.0,172.746489,4166.116089,4166.116069,59.51594384285714,15.86196,172.746489,18.899780780045486,81.35872649999999,57.874921739130436,13.083437929577117,16.802220222529186,18,64,,False,True,,292,87.6246207195492
1,2026-09-18T06:48:53.631+00:00,2026-09-18T06:48:53.849+00:00,2026-09-18T06:48:57.756+00:00,True,67,67.0,,67.0,218.067215,4124.409871,4124.410016,61.558358447761194,13.344344999999999,218.067215,21.915717909216458,70.18971690000001,59.18700993939394,10.253346421391075,16.244748241705487,18,64,,False,True,,290,87.6246207195492
2,2026-09-18T06:48:53.954+00:00,2026-09-18T06:48:54.305+00:00,2026-09-18T06:48:58.005+00:00,True,63,63.0,,63.0,351.311898,4050.622746,4050.622584,64.29559657142858,35.584913,351.311898,37.69375617847733,68.896829,59.666304,8.477329007527304,15.553164031928832,18,64,,False,True,,324,87.6246207195492
3,2026-09-18T06:48:54.429+00:00,2026-09-18T06:48:57.257+00:00,2026-09-18T06:49:01.791+00:00,True,76,76.0,,76.0,2827.650876,7361.749052000001,7361.74903,96.86511881578947,17.018957999999998,2827.650876,317.59004835307394,69.16026649999999,60.45464234666667,10.486681999996367,10.323633617931153,18,64,,False,True,,369,87.6246207195492
4,2026-09-18T06:48:54.904+00:00,2026-09-18T06:48:58.782+00:00,2026-09-18T06:49:02.858+00:00,True,69,69.0,,69.0,3877.9190249999997,7953.206321,7953.206412,115.26386104347826,0.0,3877.9190249999997,459.8671670430347,69.451851,59.930695529411764,14.82114896448787,8.675746260701088,18,64,,False,True,,266,87.6246207195492
5,2026-09-18T06:48:55.184+00:00,2026-09-18T06:48:59.572+00:00,2026-09-18T06:49:03.922+00:00,True,74,74.0,,74.0,4388.103416,8737.820663999999,8737.820574,118.07865640540541,0.0,4388.103416,503.40950766693805,69.65777665,59.58516778082192,15.303680106047288,8.46893096637718,18,64,,False,True,,272,87.6246207195492
6,2026-09-18T06:48:55.530+00:00,2026-09-18T06:49:00.778+00:00,2026-09-18T06:49:01.252+00:00,True,9,9.0,,9.0,5248.694977,5722.277569,5722.277617,635.8086241111112,42.108802000000004,5248.694977,1729.8461084685066,3175.1259382000003,59.197824,7.366893052145272,1.5728003214588557,18,64,,False,True,,42,87.6246207195492
7,2026-09-18T06:48:55.897+00:00,2026-09-18T06:49:02.218+00:00,2026-09-18T06:49:02.733+00:00,True,10,10.0,,10.0,6320.269836,6835.979532,6835.979628,683.5979628,0.0,6320.269836,1980.7439983845757,3528.8348967,57.30107733333334,31.26761009013231,1.4628481482703186,18,64,,False,True,,33,87.6246207195492
8,2026-09-18T06:48:56.386+00:00,2026-09-18T06:49:04.102+00:00,2026-09-18T06:49:04.973+00:00,True,16,16.0,,16.0,7716.374932,8586.726036,8586.725934,536.670370875,36.895360999999994,7716.374932,1914.6095857050022,1979.280805,58.02340693333333,9.436126038151942,1.8633411538832982,18,64,,False,True,,68,87.6246207195492
9,2026-09-18T06:48:56.835+00:00,2026-09-18T06:49:05.800+00:00,2026-09-18T06:49:07.542+00:00,True,29,29.0,,29.0,8965.40209,10706.634473999999,10706.634414,369.19429013793103,50.480796000000005,8965.40209,1653.289515235364,68.68804020000002,62.18687085714286,3.682084756943461,2.708600921272098,18,64,,False,True,,133,87.6246207195492
10,2026-09-18T06:48:57.211+00:00,2026-09-18T06:49:07.353+00:00,2026-09-18T06:49:08.027+00:00,True,12,12.0,,12.0,10142.270133,10815.857845,10815.857831,901.3214859166667,0.01886,10142.270133,2911.3302288239684,4733.43357075,61.235246545454544,87.15214540957577,1.109482037575726,18,64,,False,True,,51,87.6246207195492
11,2026-09-18T06:48:57.530+00:00,2026-09-18T06:49:08.340+00:00,2026-09-18T06:49:09.797+00:00,True,26,26.0,,26.0,10809.691833,12266.913465000001,12266.913325000001,471.8043586538462,35.807094,10809.691833,2108.540228609477,67.64728174999999,58.28886528,8.547047794239344,2.1195225738066292,18,64,,False,True,,89,87.6246207195492
12,2026-09-18T06:48:57.920+00:00,2026-09-18T06:49:09.851+00:00,2026-09-18T06:49:13.918+00:00,True,68,68.0,,68.0,11930.292141,15998.210221,15998.210252,235.2677978235294,0.0,11930.292141,1439.7511208344058,69.95285104999999,60.7151952238806,32.1429267796176,4.250475463232757,18,64,,False,True,,252,87.6246207195492
13,2026-09-18T06:48:58.361+00:00,2026-09-18T06:49:11.183+00:00,2026-09-18T06:49:16.280+00:00,True,86,86.0,,86.0,12821.780763,17918.610203,17918.610242000002,208.35593304651164,0.0,12821.780763,1376.318947801587,68.30378574999999,59.96269929411764,22.185374125848426,4.799479369532887,18,64,,False,True,,422,87.6246207195492
14,2026-09-18T06:48:58.765+00:00,2026-09-18T06:49:12.994+00:00,2026-09-18T06:49:13.831+00:00,True,12,12.0,,12.0,14228.695730000001,15066.477234000002,15066.477333,1255.5397777500002,44.872466,14228.695730000001,4085.7805068039725,6529.648573100001,76.16195490909091,51.573425617534994,0.7964701909826679,18,64,,False,True,,48,87.6246207195492
15,2026-09-18T06:48:59.266+00:00,2026-09-18T06:49:14.669+00:00,2026-09-18T06:49:20.253+00:00,True,92,92.0,,92.0,15403.058697,20987.165193,20987.16513,228.12136010869565,0.0,15403.058697,1600.0271818888177,71.0284135,61.363807648351646,41.98637367010298,4.383631574534203,18,64,,False,True,,377,87.6246207195492
16,2026-09-18T06:48:59.728+00:00,2026-09-18T06:49:16.464+00:00,2026-09-18T06:49:18.121+00:00,True,29,29.0,,29.0,16736.802149,18393.387109,18393.38722,634.2547317241379,0.0,16736.802149,3097.37289761544,204.6610856,59.16374857142858,51.51953406000611,1.576653599913097,18,64,,False,True,,140,87.6246207195492
17,2026-09-18T06:49:00.167+00:00,2026-09-18T06:49:18.062+00:00,2026-09-18T06:49:22.349+00:00,True,70,70.0,,70.0,17894.516758,22181.497366000003,22181.497262,316.87853231428574,0.0,17894.516758,2132.1581670701994,87.09228485,62.130153739130435,58.101418660827186,3.1557833470384478,18,64,,False,True,,327,87.6246207195492
18,2026-09-18T06:49:00.461+00:00,2026-09-18T06:49:19.221+00:00,2026-09-18T06:49:24.136+00:00,True,78,78.0,,78.0,18760.097749,23675.052757,23675.052846000002,303.52631853846157,0.0,18760.097749,2117.8657628819396,138.94257945,63.83058451948052,63.180462297029734,3.2946072306824217,18,64,,False,True,,430,87.6246207195492
19,2026-09-18T06:49:00.971+00:00,2026-09-18T06:49:21.097+00:00,2026-09-18T06:49:21.779+00:00,True,12,12.0,,12.0,20125.882412,20808.497964,20808.497883,1734.04149025,0.01732,20125.882412,5792.9365949248195,9272.38124745,62.05595927272727,113.38148578727849,0.5766874678201546,18,64,,False,True,,52,87.6246207195492
20,2026-09-18T06:49:01.254+00:00,2026-09-18T06:49:22.165+00:00,2026-09-18T06:49:25.388+00:00,True,54,54.0,,54.0,20910.873811999998,24134.432979999998,24134.433102,446.9339463333333,0.0,20910.873811999998,2837.718804153291,98.84864929999999,60.82187109433963,47.258608973404556,2.237467109533891,18,64,,False,True,,177,87.6246207195492
21,2026-09-18T06:49:01.716+00:00,2026-09-18T06:49:24.135+00:00,2026-09-18T06:49:25.051+00:00,True,20,20.0,,20.0,22419.876217999998,23335.562105999998,23335.562115999997,1166.7781057999998,0.0,22419.876217999998,5002.517957004017,1183.5297344999997,48.19399410526316,24.69263224765337,0.8570609916809176,18,64,,False,True,,70,87.6246207195492
22,2026-09-18T06:49:02.211+00:00,2026-09-18T06:49:25.849+00:00,2026-09-18T06:49:30.102+00:00,True,71,71.0,,71.0,23638.343713,27890.971425,27890.971470999997,392.83058409859154,0.0,23638.343713,2798.4961930609256,82.7130815,60.75182445714286,44.63121737501326,2.5456266444832156,18,64,,False,True,,343,87.6246207195492
23,2026-09-18T06:49:02.676+00:00,2026-09-18T06:49:27.642+00:00,2026-09-18T06:49:27.682+00:00,True,2,2.0,,2.0,24965.915358,25005.678045999997,25005.678033999997,12502.839016999998,39.762676,24965.915358,17625.451590333447,23719.6077239,39.762688,nan,0.07998183437860937,18,64,,False,True,,4,87.6246207195492
24,2026-09-18T06:49:03.068+00:00,2026-09-18T06:49:29.376+00:00,2026-09-18T06:49:30.658+00:00,True,21,21.0,,21.0,26308.006603,27590.236875000002,27590.236871,1313.8208033809524,56.448085,26308.006603,5726.892792445923,96.30515199999999,64.1115136,8.049666502598049,0.7611388077290655,18,64,,False,True,,89,87.6246207195492
25,2026-09-18T06:49:03.500+00:00,2026-09-18T06:49:30.967+00:00,2026-09-18T06:49:31.791+00:00,True,15,15.0,,15.0,27467.364530000003,28291.258802000004,28291.258848,1886.0839232,36.161023,27467.364530000003,7076.8537805876285,8288.4092464,58.84959085714286,9.283780969413693,0.5301991016016437,18,64,,False,True,,64,87.6246207195492
26,2026-09-18T06:49:03.887+00:00,2026-09-18T06:49:32.429+00:00,2026-09-18T06:49:32.729+00:00,True,6,6.0,,6.0,28541.758822,28841.893477999998,28841.893394,4806.982232333334,55.481907,28541.758822,11627.619036494758,21422.717221000003,60.0269312,4.4320638383618975,0.20803072463244052,18,64,,False,True,,20,87.6246207195492
27,2026-09-18T06:49:04.342+00:00,2026-09-18T06:49:34.062+00:00,2026-09-18T06:49:39.340+00:00,True,87,87.0,,87.0,29720.064293000003,34998.699301,34998.699422000005,402.2839014022989,0.0,29720.064293000003,3180.692813942418,95.8687283,61.379476837209296,78.10811712274314,2.4858066653212507,18,64,,False,True,,430,87.6246207195492
28,2026-09-18T06:49:04.839+00:00,2026-09-18T06:49:35.842+00:00,2026-09-18T06:49:37.338+00:00,True,24,24.0,,24.0,31002.97688,32499.024751999998,32499.02463,1354.12602625,35.371185,31002.97688,6315.192256110775,92.0212181,65.04555965217392,13.336092567283794,0.7384836986076955,18,64,,False,True,,128,87.6246207195492
29,2026-09-18T06:49:05.270+00:00,2026-09-18T06:49:37.599+00:00,2026-09-18T06:49:43.202+00:00,True,94,94.0,,94.0,32329.202089000002,37931.861673,37931.861793000004,403.530444606383,0.0,32329.202089000002,3328.6565333133417,96.86722454999999,60.24365144086021,49.73627995241654,2.478127775808838,18,64,,False,True,,374,87.6246207195492
30,2026-09-18T06:49:05.644+00:00,2026-09-18T06:49:38.995+00:00,2026-09-18T06:49:39.233+00:00,True,6,6.0,,6.0,33350.61916,33589.253656,33589.253600000004,5598.208933333333,12.828316000000001,33350.61916,13595.860335443112,25028.111132,47.726899200000005,19.768860300640178,0.17862855964137292,18,64,,False,True,,29,87.6246207195492
31,2026-09-18T06:49:06.005+00:00,2026-09-18T06:49:40.096+00:00,2026-09-18T06:49:44.616+00:00,True,74,74.0,,74.0,34091.914287,38611.328047,38611.32817,521.774705,36.158604,34091.914287,3955.9323898963116,97.15658615000001,61.90977753424658,14.081647420863774,1.9165359945641551,18,64,,False,True,,310,87.6246207195492
32,2026-09-18T06:49:06.337+00:00,2026-09-18T06:49:41.620+00:00,2026-09-18T06:49:41.744+00:00,True,3,3.0,,3.0,35282.835255000005,35406.910519000005,35406.91050600001,11802.303502000002,59.64835,35282.835255000005,20334.7371328318,31760.994419600003,62.037632,3.3790879448087763,0.084729222516891,18,64,,False,True,,15,87.6246207195492
33,2026-09-18T06:49:06.823+00:00,2026-09-18T06:49:43.607+00:00,2026-09-18T06:49:45.292+00:00,True,21,21.0,,21.0,36783.819303000004,38469.398311000004,38469.39838300001,1831.8761134761908,0.0,36783.819303000004,8009.367883256147,592.049088,84.2789504,121.22797612635955,0.545888444374115,18,64,,False,True,,70,87.6246207195492
34,2026-09-18T06:49:07.247+00:00,2026-09-18T06:49:45.306+00:00,2026-09-18T06:49:46.787+00:00,True,32,32.0,,32.0,38058.873846,39539.726326,39539.726174,1235.6164429375,0.0,38058.873846,6719.538083797795,92.11122205,47.76943483870968,29.023988831853313,0.8093126324690283,18,64,,False,True,,158,87.6246207195492
35,2026-09-18T06:49:07.636+00:00,2026-09-18T06:49:46.588+00:00,2026-09-18T06:49:52.535+00:00,True,97,97.0,,97.0,38952.127303999994,44899.57203999999,44899.572032,462.8821858969072,0.0,38952.127303999994,3949.729013764539,79.0263224,61.95254933333334,90.67129797955475,2.1603769388622442,18,64,,False,True,,377,87.6246207195492
36,2026-09-18T06:49:08.032+00:00,2026-09-18T06:49:48.793+00:00,2026-09-18T06:49:53.131+00:00,True,79,79.0,,79.0,40761.80864,45099.517952,45099.517938000005,570.8799738987342,0.0,40761.80864,4580.385305845165,75.0838661,55.61165784615385,73.38260905494381,1.7516816938948376,18,64,,False,True,,305,87.6246207195492
37,2026-09-18T06:49:08.391+00:00,2026-09-18T06:49:49.568+00:00,2026-09-18T06:49:55.018+00:00,True,88,88.0,,88.0,41176.81551,46627.312022,46627.312165,529.8558200568182,0.0,41176.81551,4383.329370385348,92.0480094,62.6493851954023,69.49076020355348,1.8873058768320008,18,64,,False,True,,346,87.6246207195492
38,2026-09-18T06:49:08.712+00:00,2026-09-18T06:49:50.727+00:00,2026-09-18T06:49:54.836+00:00,True,67,67.0,,67.0,42014.161389,46123.974381,46123.974368,688.417527880597,0.0,42014.161389,5125.840448953445,85.4619412,62.26989381818182,79.10438201511002,1.4526068253909952,18,64,,False,True,,350,87.6246207195492
39,2026-09-18T06:49:09.184+00:00,2026-09-18T06:49:52.947+00:00,2026-09-18T06:49:53.605+00:00,True,11,11.0,,11.0,43762.56118,44420.848796,44420.848796,4038.2589814545454,59.462309999999995,43762.56118,13175.063692845075,21927.44955,65.8287616,9.59992342133368,0.2476314680639449,18,64,,False,True,,32,87.6246207195492
40,2026-09-18T06:49:09.504+00:00,2026-09-18T06:49:54.329+00:00,2026-09-18T06:49:59.957+00:00,True,91,91.0,,91.0,44824.761145000004,50452.926265,50452.92615300001,554.427759923077,35.334075,44824.761145000004,4692.3766736771195,92.60827400000002,62.535168,13.913536058095634,1.8036614867892835,18,64,,False,True,,105,87.6246207195492
41,2026-09-18T06:49:09.836+00:00,2026-09-18T06:49:55.744+00:00,2026-09-18T06:49:59.577+00:00,True,63,63.0,,63.0,45907.874261,49741.323477,49741.323528999994,789.5448179206348,37.048911999999994,45907.874261,5776.0751557786525,91.5535351,61.829826064516126,13.910914637151357,1.2665525481872375,18,64,,False,True,,333,87.6246207195492
42,2026-09-18T06:49:10.301+00:00,2026-09-18T06:49:57.392+00:00,2026-09-18T06:50:02.574+00:00,True,84,84.0,,84.0,47090.709165,52272.789677,52272.789686000004,622.2951153095238,0.0,47090.709165,5132.8865532174395,97.60165339999999,62.434704963855424,132.1581145503345,1.6069546033231885,18,64,,False,True,,356,87.6246207195492
43,2026-09-18T06:49:10.768+00:00,2026-09-18T06:49:59.328+00:00,2026-09-18T06:50:05.418+00:00,True,100,100.0,,100.0,48560.090881,54649.866752999995,54649.866686999994,546.49866687,0.0,48560.090881,4851.434314340666,94.70455364999998,61.5128875959596,124.29921055125897,1.8298306279861243,18,64,,False,True,,446,87.6246207195492
44,2026-09-18T06:49:11.100+00:00,2026-09-18T06:50:00.793+00:00,2026-09-18T06:50:06.044+00:00,True,86,86.0,,86.0,49692.925206,54943.91247,54943.912399,638.8827023139535,0.01732,49692.925206,5353.042481203679,96.52509750000002,61.776320752941174,112.96525023497614,1.5652325459523286,18,64,,False,True,,353,87.6246207195492
45,2026-09-18T06:49:11.503+00:00,2026-09-18T06:50:02.748+00:00,2026-09-18T06:50:06.578+00:00,True,62,62.0,,62.0,51244.790118,55074.682214,55074.682072999996,888.3013237580644,34.267337,51244.790118,6500.133122129229,93.31383699999998,62.78511632786885,12.586671433186122,1.1257441261138967,18,64,,False,True,,257,87.6246207195492
46,2026-09-18T06:49:11.984+00:00,2026-09-18T06:50:04.948+00:00,2026-09-18T06:50:05.066+00:00,True,3,3.0,,3.0,52964.179463,53081.975047,53081.974966,17693.991655333335,47.202703,52964.179463,30544.880876592368,47674.8207967,58.897792,16.53919367082785,0.05651635978773833,18,64,,False,True,,6,87.6246207195492
47,2026-09-18T06:49:12.327+00:00,2026-09-18T06:50:06.101+00:00,2026-09-18T06:50:09.017+00:00,True,47,47.0,,47.0,53773.803554,56690.00861,56690.008764,1206.1703992340424,35.896733999999995,53773.803554,7834.481226380881,98.4454298,63.39576208695652,14.458216473071758,0.8290702568654982,18,64,,False,True,,260,87.6246207195492
48,2026-09-18T06:49:12.717+00:00,2026-09-18T06:50:07.625+00:00,2026-09-18T06:50:12.561+00:00,True,80,80.0,,80.0,54908.452236000005,59844.866956000005,59844.867000000006,748.0608375,0.0,54908.452236000005,6132.638952548418,93.44223925000001,62.486262278481014,91.46929395358863,1.3367896708471043,18,64,,False,True,,257,87.6246207195492
49,2026-09-18T06:49:13.079+00:00,2026-09-18T06:50:09.022+00:00,2026-09-18T06:50:14.008+00:00,True,83,83.0,,83.0,55943.008103,60928.395111,60928.395176,734.077050313253,0.0,55943.008103,6134.4867489295175,87.5430678,60.797402536585366,87.55609162928873,1.3622548213979657,18,64,,False,True,,385,87.6246207195492
50,2026-09-18T06:49:13.543+00:00,2026-09-18T06:50:10.731+00:00,2026-09-18T06:50:13.633+00:00,True,50,50.0,,50.0,57187.773622,60090.287542,60090.287487,1201.80574974,35.212955,57187.773622,8079.203373372121,81.04446105,59.234977959183674,11.457420842593914,0.8320812238592233,18,64,,False,True,,228,87.6246207195492
51,2026-09-18T06:49:13.992+00:00,2026-09-18T06:50:12.272+00:00,2026-09-18T06:50:14.139+00:00,True,33,33.0,,33.0,58279.819524,60146.35034,60146.350241,1822.6166739696969,37.264142,58279.819524,10135.065900817952,75.3177314,58.329088,10.54956376403819,0.5486617195134038,18,64,,False,True,,142,87.6246207195492
52,2026-09-18T06:49:14.455+00:00,2026-09-18T06:50:14.205+00:00,2026-09-18T06:50:18.418+00:00,True,67,67.0,,67.0,59750.326277,63963.048709,63963.048785,954.6723699253731,0.0178,59750.326277,7292.626106846911,110.5156488,63.829127757575755,106.08241319144065,1.047479777032152,18,64,,False,True,,432,87.6246207195492
53,2026-09-18T06:49:14.884+00:00,2026-09-18T06:50:15.818+00:00,2026-09-18T06:50:17.194+00:00,True,13,13.0,,13.0,60934.549359,62310.406254999994,62310.406261,4793.108173923077,0.01814,60934.549359,16869.83122543555,24876.904506000003,114.65474133333333,229.21419161614315,0.2086328878485981,18,64,,False,True,,79,87.6246207195492
54,2026-09-18T06:49:15.169+00:00,2026-09-18T06:50:17.188+00:00,2026-09-18T06:50:21.745+00:00,True,79,79.0,,79.0,62018.512632,66575.90476,66575.904675,842.7329705696202,0.0,62018.512632,6971.876252823841,96.57452939999999,58.42810420512821,107.75653579896681,1.1866154922683771,18,64,,False,True,,428,87.6246207195492
55,2026-09-18T06:49:15.500+00:00,2026-09-18T06:50:18.325+00:00,2026-09-18T06:50:22.780+00:00,True,71,71.0,,71.0,62824.87928,67279.882672,67279.882712,947.6039818591549,0.0,62824.87928,7449.187418723317,94.04661700000001,63.6429056,109.88948105358268,1.055293160158084,18,64,,False,True,,352,87.6246207195492
56,2026-09-18T06:49:15.833+00:00,2026-09-18T06:50:19.212+00:00,2026-09-18T06:50:23.225+00:00,True,64,64.0,,64.0,63378.427293,67391.839901,67391.840089,1052.997501390625,0.0,63378.427293,7915.1786134002805,96.7236873,63.70496203174603,116.12181342301714,0.9496698724061744,18,64,,False,True,,203,87.6246207195492
57,2026-09-18T06:49:16.275+00:00,2026-09-18T06:50:21.273+00:00,2026-09-18T06:50:26.363+00:00,True,81,81.0,,81.0,64997.693772,70088.35694,70088.356931,865.2883571728395,38.221139,64997.693772,7214.905515346882,92.906329,63.633289600000005,12.031383917499875,1.1556841041278947,18,64,,False,True,,325,87.6246207195492
58,2026-09-18T06:49:16.782+00:00,2026-09-18T06:50:22.997+00:00,2026-09-18T06:50:27.152+00:00,True,68,68.0,,68.0,66214.352834,70369.80934600001,70369.809399,1034.8501382205884,32.72224,66214.352834,8022.157356402265,87.25480999999999,62.02173898507463,12.020675691466597,0.9663234934409451,18,64,,False,True,,410,87.6246207195492
59,2026-09-18T06:49:17.284+00:00,2026-09-18T06:50:25.262+00:00,2026-09-18T06:50:29.297+00:00,True,65,65.0,,65.0,67978.274607,72013.965871,72013.96574099999,1107.907165246154,31.773031,67978.274607,8423.857631005494,93.06475619999999,63.057676,14.165451888480934,0.9026026995435268,18,64,,False,True,,296,87.6246207195492
60,2026-09-18T06:49:17.660+00:00,2026-09-18T06:50:26.360+00:00,2026-09-18T06:50:32.408+00:00,True,98,98.0,,98.0,68699.808201,74747.503049,74747.502984,762.7296222857144,0.0,68699.808201,6934.225556923042,91.85759185,62.347369567010304,105.54347828710554,1.3110805846685882,18,64,,False,True,,402,87.6246207195492
61,2026-09-18T06:49:18.029+00:00,2026-09-18T06:50:27.854+00:00,2026-09-18T06:50:33.645+00:00,True,95,95.0,,95.0,69824.69873100001,75615.744363,75615.74442700001,795.955204494737,0.0,69824.69873100001,7158.30534237576,89.05483670000001,61.606868425531914,105.08313743058653,1.2563521102687845,18,64,,False,True,,389,87.6246207195492
62,2026-09-18T06:49:18.510+00:00,2026-09-18T06:50:29.580+00:00,2026-09-18T06:50:29.869+00:00,True,6,6.0,,6.0,71070.16356,71358.94692,71358.946877,11893.157812833333,37.91223,71070.16356,28990.695681161887,53319.8666955,57.756672,11.930468560999271,0.08408195831037917,18,64,,False,True,,14,87.6246207195492
63,2026-09-18T06:49:18.817+00:00,2026-09-18T06:50:30.675+00:00,2026-09-18T06:50:33.644+00:00,True,49,49.0,,49.0,71857.83842,74826.350932,74826.350774,1527.068383142857,0.0,71857.83842,10257.622560001975,96.0590662,61.84401066666666,148.45413617981794,0.6548495201179831,18,64,,False,True,,224,87.6246207195492
64,2026-09-18T06:49:19.194+00:00,2026-09-18T06:50:32.276+00:00,2026-09-18T06:50:37.513+00:00,True,88,88.0,,88.0,73082.187867,78319.051355,78319.051376,889.9892201818182,0.016829999999999998,73082.187867,7785.099754863556,81.10037410000001,60.1938331954023,120.9653218046537,1.1236091152473076,18,64,,False,True,,447,87.6246207195492
65,2026-09-18T06:49:19.539+00:00,2026-09-18T06:50:33.458+00:00,2026-09-18T06:50:36.441+00:00,True,50,50.0,,50.0,73919.258837,76902.277589,76902.277694,1538.04555388,0.01703,73919.258837,10446.132135612961,92.8774217,60.87793371428572,144.54902702338717,0.650175801908264,18,64,,False,True,,212,87.6246207195492
66,2026-09-18T06:49:19.939+00:00,2026-09-18T06:50:34.914+00:00,2026-09-18T06:50:39.177+00:00,True,72,72.0,,72.0,74974.75460500001,79238.06673300001,79238.06651100001,1100.5287015416668,0.04579,74974.75460500001,8828.801513929438,93.72477415000002,60.046649690140846,18.208725003953784,0.9086541730329016,18,64,,False,True,,358,87.6246207195492
67,2026-09-18T06:49:20.387+00:00,2026-09-18T06:50:36.699+00:00,2026-09-18T06:50:41.955+00:00,True,83,83.0,,83.0,76312.228474,81568.25433,81568.254313,982.7500519638554,37.094621,76312.228474,8369.330202195184,96.5219058,64.09787629268293,13.384221508411482,1.0175527315345942,18,64,,False,True,,421,87.6246207195492
68,2026-09-18T06:49:20.681+00:00,2026-09-18T06:50:38.104+00:00,2026-09-18T06:50:44.102+00:00,True,94,94.0,,94.0,77422.20676,83420.58244,83420.582607,887.4530064574468,34.576766000000006,77422.20676,7978.850249016871,100.0044933,64.49866322580645,13.843257901402259,1.1268202312973445,18,64,,False,True,,305,87.6246207195492
69,2026-09-18T06:49:21.085+00:00,2026-09-18T06:50:39.430+00:00,2026-09-18T06:50:44.382+00:00,True,79,79.0,,79.0,78345.197653,83297.108821,83297.108849,1054.3937828987341,36.387873,78345.197653,8807.391635382373,96.4341755,63.48604061538462,13.994387046599023,0.9484122692633402,18,64,,False,True,,349,87.6246207195492
70,2026-09-18T06:49:21.576+00:00,2026-09-18T06:50:39.935+00:00,2026-09-18T06:50:43.661+00:00,True,59,59.0,,59.0,78358.870022,82084.826118,82084.826156,1391.2682399322034,34.603476,78358.870022,10193.103530835417,98.19539789999999,64.24062234482759,15.101400288009897,0.7187686542112582,18,64,,False,True,,226,87.6246207195492
71,2026-09-18T06:49:21.962+00:00,2026-09-18T06:50:42.696+00:00,2026-09-18T06:50:42.947+00:00,True,5,5.0,,5.0,80734.38649799999,80985.35660999999,80985.356703,16197.071340599998,52.187713,80734.38649799999,36077.45667851623,64602.0153236,62.742528,8.404500432668836,0.06173955649881778,18,64,,False,True,,19,87.6246207195492
72,2026-09-18T06:49:22.475+00:00,2026-09-18T06:50:44.504+00:00,2026-09-18T06:50:48.929+00:00,True,73,73.0,,73.0,82029.79989499999,86454.67464699999,86454.67464599998,1184.310611589041,0.0,82029.79989499999,9594.62399461741,76.6309524,61.456593777777776,136.32350865943724,0.8443730810168878,18,64,,False,True,,281,87.6246207195492
73,2026-09-18T06:49:22.968+00:00,2026-09-18T06:50:46.542+00:00,2026-09-18T06:50:51.765+00:00,True,87,87.0,,87.0,83574.03494,88796.828668,88796.828725,1020.6532037356321,34.244336000000004,83574.03494,8953.572694947723,72.19639199999999,60.73015962790698,10.940876130021309,0.979764720261372,18,64,,False,True,,294,87.6246207195492
74,2026-09-18T06:49:23.345+00:00,2026-09-18T06:50:48.000+00:00,2026-09-18T06:50:53.888+00:00,True,96,96.0,,96.0,84654.258844,90542.27958,90542.279597,943.1487458020833,37.454269999999994,84654.258844,8633.66840530133,79.82638000000001,61.979165642105265,9.35413572440365,1.06027814238074,18,64,,False,True,,495,87.6246207195492
75,2026-09-18T06:49:23.802+00:00,2026-09-18T06:50:49.530+00:00,2026-09-18T06:50:51.892+00:00,True,40,40.0,,40.0,85728.28706999999,88089.83126199999,88089.83127,2202.24578175,37.858419999999995,85728.28706999999,13545.261515723108,80.02025895,60.55241517948718,9.637909662118853,0.4540819232702415,18,64,,False,True,,151,87.6246207195492
76,2026-09-18T06:49:24.109+00:00,2026-09-18T06:50:50.566+00:00,2026-09-18T06:50:53.890+00:00,True,55,55.0,,55.0,86457.46401299999,89781.046989,89781.046842,1632.3826698545452,38.315099000000004,86457.46401299999,11649.626270825675,74.4955753,61.54783288888889,8.863295866698582,0.612601454811934,18,64,,False,True,,297,87.6246207195492
77,2026-09-18T06:49:24.474+00:00,2026-09-18T06:50:52.141+00:00,2026-09-18T06:50:56.312+00:00,True,67,67.0,,67.0,87667.338187,91838.454731,91838.454618,1370.7232032537313,35.758324,87667.338187,10702.55506727493,93.59863460000001,63.19873551515152,11.4451929050893,0.7295418917516281,18,64,,False,True,,334,87.6246207195492
78,2026-09-18T06:49:24.779+00:00,2026-09-18T06:50:53.197+00:00,2026-09-18T06:50:54.102+00:00,True,15,15.0,,15.0,88417.872909,89322.836493,89322.836585,5954.855772333333,59.145481,88417.872909,22812.70768405436,26587.5741879,64.640256,7.382378017223114,0.16793017988379166,18,64,,False,True,,59,87.6246207195492
79,2026-09-18T06:49:25.269+00:00,2026-09-18T06:50:54.791+00:00,2026-09-18T06:50:58.746+00:00,True,65,65.0,,65.0,89521.906,93476.847696,93476.847501,1438.1053461692309,34.475317000000004,89521.906,11096.164989125524,76.28360040000001,61.795964,9.477345726270858,0.6953593494229635,18,64,,False,True,,331,87.6246207195492
80,2026-09-18T06:49:25.610+00:00,2026-09-18T06:50:56.243+00:00,2026-09-18T06:51:02.093+00:00,True,95,95.0,,95.0,90633.220136,96483.431976,96483.43187900001,1015.6150724105264,35.757724,90633.220136,9292.390287299535,68.9668174,62.23629617021277,8.00644666118091,0.9846250081944742,18,64,,False,True,,480,87.6246207195492
81,2026-09-18T06:49:26.106+00:00,2026-09-18T06:50:57.944+00:00,2026-09-18T06:50:58.371+00:00,True,8,8.0,,8.0,91838.47316,92265.266632,92265.26650099999,11533.158312624999,49.182299,91838.47316,32448.247855857317,59719.356137699986,60.970496,6.752272004833928,0.08670651797829837,18,64,,False,True,,49,87.6246207195492
82,2026-09-18T06:49:26.493+00:00,2026-09-18T06:50:59.416+00:00,2026-09-18T06:51:02.222+00:00,True,46,46.0,,46.0,92923.151456,95729.358944,95729.35892200001,2081.073020043478,39.878777,92923.151456,13691.578519161072,71.2132685,62.3601664,7.10247393632523,0.4805213417015483,18,64,,True,True,,261,87.6246207195492
83,2026-09-18T06:49:26.907+00:00,2026-09-18T06:51:01.103+00:00,2026-09-18T06:51:06.388+00:00,True,86,86.0,,86.0,94196.737011,99481.844723,99481.84476,1156.7656367441862,36.834322,94196.737011,10150.793639233694,72.461854,62.17773778823529,7.926739338839286,0.8644793453464878,18,64,,True,True,,437,87.6246207195492
84,2026-09-18T06:49:27.211+00:00,2026-09-18T06:51:02.221+00:00,2026-09-18T06:51:02.453+00:00,True,5,5.0,,5.0,95010.026029,95242.115885,95242.115999,19048.4231998,38.801968,95010.026029,42463.82842429665,76021.4459944,58.022464,13.131581839903777,0.05249778371195832,18,64,,True,True,,20,87.6246207195492
85,2026-09-18T06:49:27.485+00:00,2026-09-18T06:51:03.295+00:00,2026-09-18T06:51:06.574+00:00,True,54,54.0,,54.0,95809.96781,99088.08621000001,99088.086213,1834.9645595,36.829201999999995,95809.96781,13029.67032924296,71.5277833,61.85129056603774,7.3510558180082315,0.5449696534208599,18,64,,True,True,,311,87.6246207195492
86,2026-09-18T06:49:27.818+00:00,2026-09-18T06:51:04.535+00:00,2026-09-18T06:51:05.543+00:00,True,18,18.0,,18.0,96716.23197499999,97724.20176699999,97724.20196899999,5429.12233161111,37.228331,96716.23197499999,22782.260559537874,14564.0943997,59.29234070588235,8.255018272801125,0.18419183451522786,18,64,,True,True,,77,87.6246207195492
87,2026-09-18T06:49:28.279+00:00,2026-09-18T06:51:06.386+00:00,2026-09-18T06:51:09.987+00:00,True,59,59.0,,59.0,98107.302324,101707.454132,101707.454012,1723.8551527457628,38.958567,98107.302324,12764.407468766063,90.8133176,62.07158289655172,12.116337967527,0.5800951415363071,18,64,,True,True,,321,87.6246207195492
88,2026-09-18T06:49:28.782+00:00,2026-09-18T06:51:08.311+00:00,2026-09-18T06:51:13.836+00:00,True,89,89.0,,89.0,99529.386867,105053.927027,105053.927153,1180.381203966292,36.039353999999996,99529.386867,10543.444256877123,86.3251044,62.77886545454545,10.218720772072722,0.8471839417971118,18,64,,True,True,,425,87.6246207195492
89,2026-09-18T06:49:29.084+00:00,2026-09-18T06:51:09.605+00:00,2026-09-18T06:51:13.147+00:00,True,57,57.0,,57.0,100521.036324,104062.748452,104062.748469,1825.6622538421052,36.491873,100521.036324,13305.96420870625,92.9233058,63.244859428571424,11.257696763270001,0.5477464399884828,18,64,,True,True,,243,87.6246207195492
90,2026-09-18T06:49:29.392+00:00,2026-09-18T06:51:10.729+00:00,2026-09-18T06:51:14.209+00:00,True,56,56.0,,56.0,101337.025266,104817.38213,104817.382205,1871.7389679464286,41.261314,101337.025266,13533.277237794797,91.98852475,63.27921570909091,10.05399622463467,0.534262532244374,18,64,,True,True,,297,87.6246207195492
91,2026-09-18T06:49:29.781+00:00,2026-09-18T06:51:12.251+00:00,2026-09-18T06:51:18.542+00:00,True,99,99.0,,99.0,102470.760731,108761.520667,108761.520489,1098.6012170606061,39.457497000000004,102470.760731,10292.252038228391,93.43449389999999,64.19142791836735,9.748886899507774,0.9102483984488661,18,64,,True,True,,492,87.6246207195492
92,2026-09-18T06:49:30.135+00:00,2026-09-18T06:51:13.652+00:00,2026-09-18T06:51:18.419+00:00,True,75,75.0,,75.0,103516.254348,108283.94100400001,108283.941065,1443.7858808666667,42.324811000000004,103516.254348,11945.590771038658,91.038773,64.42819805405405,8.28751590037517,0.6926234795723726,18,64,,True,True,,340,87.6246207195492
93,2026-09-18T06:49:30.448+00:00,2026-09-18T06:51:14.398+00:00,2026-09-18T06:51:16.861+00:00,True,40,40.0,,40.0,103949.463689,106413.141129,106413.14112,2660.328528,54.208468999999994,103949.463689,16425.866114690354,69.93120075,63.171216410256406,5.865668084577421,0.3758934242107349,18,64,,True,True,,140,87.6246207195492
94,2026-09-18T06:49:30.792+00:00,2026-09-18T06:51:16.025+00:00,2026-09-18T06:51:16.862+00:00,True,14,14.0,,14.0,105232.865896,106070.019176,106070.019317,7576.429951214286,54.104919,105232.865896,28107.457184619747,36890.792840250004,64.39640615384616,9.304681589373043,0.1319882857451931,18,64,,True,True,,65,87.6246207195492
95,2026-09-18T06:49:31.172+00:00,2026-09-18T06:51:17.318+00:00,2026-09-18T06:51:18.165+00:00,True,13,13.0,,13.0,106145.53119,106992.76651799999,106992.766372,8230.212797846154,38.943408000000005,106145.53119,29419.895948298705,42515.39927639999,70.602944,16.397008599385615,0.12150354106240385,18,64,,True,True,,44,87.6246207195492
96,2026-09-18T06:49:31.596+00:00,2026-09-18T06:51:18.955+00:00,2026-09-18T06:51:23.732+00:00,True,77,77.0,,77.0,107359.04904700001,112136.722263,112136.72212600001,1456.3210665714287,37.600199999999994,107359.04904700001,12227.54049628993,93.2819392,62.8641212631579,11.578713862899866,0.6866617682957412,18,64,,True,True,,340,87.6246207195492
97,2026-09-18T06:49:31.899+00:00,2026-09-18T06:51:20.107+00:00,2026-09-18T06:51:24.583+00:00,True,72,72.0,,72.0,108208.341808,112684.249904,112684.249816,1565.059025222222,36.826492,108208.341808,12745.051073461966,91.91429824999999,63.04095909859155,11.530848580881525,0.6389535366418958,18,64,,True,True,,274,87.6246207195492
98,2026-09-18T06:49:32.205+00:00,2026-09-18T06:51:21.429+00:00,2026-09-18T06:51:24.935+00:00,True,56,56.0,,56.0,109224.29884999999,112730.776674,112730.77652199999,2013.04958075,38.343889000000004,109224.29884999999,14587.19520511489,89.6081945,63.75414225454546,10.670149450089289,0.4967587525981778,18,64,,True,True,,228,87.6246207195492
99,2026-09-18T06:49:32.703+00:00,2026-09-18T06:51:23.381+00:00,2026-09-18T06:51:28.227+00:00,True,77,77.0,,77.0,110677.78386499999,115523.643961,115523.64382799999,1500.3070627012985,35.425964,110677.78386499999,12605.64266377009,92.0073592,63.76131705263158,11.17647790745436,0.6665302215189358,18,64,,True,True,,376,87.6246207195492
100,2026-09-18T06:49:33.089+00:00,2026-09-18T06:51:24.876+00:00,2026-09-18T06:51:30.841+00:00,True,97,97.0,,97.0,111786.334356,117751.98811600001,117751.987966,1213.9380202680413,39.974976000000005,111786.334356,11343.879125103384,90.63660680000001,62.142226666666666,11.847011393705325,0.8237652845779828,18,64,,True,True,,472,87.6246207195492
101,2026-09-18T06:49:33.516+00:00,2026-09-18T06:51:26.664+00:00,2026-09-18T06:51:32.468+00:00,True,93,93.0,,93.0,113147.27795100001,118951.47276700001,118951.47279000001,1279.0480945161291,37.500681,113147.27795100001,11726.29098024109,94.656051,63.08907408695652,12.744180800352598,0.7818314295457839,18,64,,True,True,,505,87.6246207195492
102,2026-09-18T06:49:33.908+00:00,2026-09-18T06:51:28.316+00:00,2026-09-18T06:51:29.894+00:00,True,27,27.0,,27.0,114407.460182,115985.897302,115985.89734099999,4295.773975592592,37.920868999999996,114407.460182,22006.045484881157,90.8682744,60.70912,11.68495748348548,0.23278692175565405,18,64,,True,True,,113,87.6246207195492
103,2026-09-18T06:49:34.409+00:00,2026-09-18T06:51:30.531+00:00,2026-09-18T06:51:34.266+00:00,True,59,59.0,,59.0,116121.929213,119856.48511699999,119856.485262,2031.4658518983051,37.6289,116121.929213,15109.410346669272,94.4099738,64.38889489655172,13.077516850782226,0.4922553831142814,18,64,,True,True,,228,87.6246207195492
104,2026-09-18T06:49:35.175+00:00,2026-09-18T06:51:31.856+00:00,2026-09-18T06:51:35.769+00:00,True,62,62.0,,62.0,116680.827772,120593.729148,120593.72911,1945.060146935484,36.242913,116680.827772,14810.340836641903,95.50885525000001,64.14592419672131,14.959809599695854,0.5141229186462076,18,64,,True,True,,316,87.6246207195492
105,2026-09-18T06:49:35.215+00:00,2026-09-18T06:51:33.257+00:00,2026-09-18T06:51:36.757+00:00,True,57,57.0,,57.0,118041.745743,121541.429327,121541.42922600001,2132.305775894737,38.332339,118041.745743,15626.738724786805,94.3317338,62.49434971428572,12.778336328018959,0.4689758900781468,18,64,,True,True,,208,87.6246207195492
106,2026-09-18T06:49:35.587+00:00,2026-09-18T06:51:35.517+00:00,2026-09-18T06:51:37.605+00:00,True,35,35.0,,35.0,119929.69506700001,122018.18300300001,122018.18285200001,3486.233795771429,33.515658,119929.69506700001,20261.43673464243,70.0421662,61.426115764705884,7.171028623150454,0.2868424946070494,18,64,,True,True,,174,87.6246207195492
107,2026-09-18T06:49:36.057+00:00,2026-09-18T06:51:37.258+00:00,2026-09-18T06:51:41.393+00:00,True,68,68.0,,68.0,121201.312621,125335.724397,125335.72416,1843.1724141176471,36.539542999999995,121201.312621,14690.338484116695,89.80334140000001,61.70763844776119,10.330583465782471,0.542542841054722,18,64,,True,True,,366,87.6246207195492
108,2026-09-18T06:49:36.413+00:00,2026-09-18T06:51:38.898+00:00,2026-09-18T06:51:41.904+00:00,True,51,51.0,,51.0,122485.48923199999,125490.77639999999,125490.77651,2460.603460980392,38.854428,122485.48923199999,17142.984962491148,68.515608,60.10574336,9.038196629143224,0.4064043706083884,18,64,,True,True,,241,87.6246207195492
109,2026-09-18T06:49:36.816+00:00,2026-09-18T06:51:40.556+00:00,2026-09-18T06:51:41.269+00:00,True,13,13.0,,13.0,123739.700069,124453.011557,124453.011468,9573.308574461538,45.519614999999995,123739.700069,34302.73196760764,49536.45871399999,59.442624,5.663598314393292,0.10445709458823296,18,64,,True,True,,47,87.6246207195492
110,2026-09-18T06:49:37.114+00:00,2026-09-18T06:51:41.567+00:00,2026-09-18T06:51:43.260+00:00,True,28,28.0,,28.0,124452.540027,126145.159803,126145.159585,4505.184270892857,34.974394999999994,124452.540027,23507.47465865324,89.7147178,62.689621333333335,11.111888991014874,0.22196650306462334,18,64,,True,True,,79,87.6246207195492
111,2026-09-18T06:49:37.458+00:00,2026-09-18T06:51:43.009+00:00,2026-09-18T06:51:48.467+00:00,True,91,91.0,,91.0,125550.491293,131009.342621,131009.34257,1439.663105164835,34.324356,125550.491293,13154.912177969998,70.283939,60.65390364444444,8.643543656181258,0.6946069507672902,18,64,,True,True,,317,87.6246207195492
112,2026-09-18T06:49:37.896+00:00,2026-09-18T06:51:44.570+00:00,2026-09-18T06:51:49.777+00:00,True,88,88.0,,88.0,126674.550781,131881.396477,131881.396676,1498.6522349545455,35.453044,126674.550781,13497.17574487259,70.21396735,59.84880110344828,9.294590284991266,0.6672662130579359,18,64,,True,True,,352,87.6246207195492
113,2026-09-18T06:49:38.236+00:00,2026-09-18T06:51:45.624+00:00,2026-09-18T06:51:45.754+00:00,True,3,3.0,,3.0,127388.809194,127518.591722,127518.591782,42506.19726066667,61.530165000000004,127388.809194,73510.49835068345,114656.7535169,64.891264,4.753386743597454,0.023525981266639323,18,64,,True,True,,11,87.6246207195492
114,2026-09-18T06:49:38.532+00:00,2026-09-18T06:51:46.777+00:00,2026-09-18T06:51:49.383+00:00,True,44,44.0,,44.0,128244.886723,130851.174851,130851.174814,2973.890336681818,39.009517,128244.886723,19324.508381961936,71.32256439999999,60.61135181395349,8.37213074588153,0.3362598773003202,18,64,,True,True,,141,87.6246207195492
115,2026-09-18T06:49:39.030+00:00,2026-09-18T06:51:48.587+00:00,2026-09-18T06:51:54.460+00:00,True,95,95.0,,95.0,129557.41826600001,135430.21801,135430.218029,1425.5812424105263,37.57089,129557.41826600001,13285.90443228425,83.6802964,62.47659302127659,10.030648490948266,0.7014682645861599,18,64,,True,True,,111,87.6246207195492
116,2026-09-18T06:49:39.356+00:00,2026-09-18T06:51:49.566+00:00,2026-09-18T06:51:52.811+00:00,True,53,53.0,,53.0,130209.14270499999,133454.714801,133454.71502499998,2518.0134910377355,36.730991,130209.14270499999,17877.030925027826,88.9448944,62.414848,10.442258998564645,0.3971384606308631,18,64,,True,True,,223,87.6246207195492
117,2026-09-18T06:49:39.798+00:00,2026-09-18T06:51:51.127+00:00,2026-09-18T06:51:55.133+00:00,True,63,63.0,,63.0,131329.227449,135335.302585,135335.302432,2148.1794036825395,40.217885,131329.227449,16537.790266740394,91.9228123,64.61411509677419,10.793263305419867,0.46551046768031284,18,64,,True,True,,302,87.6246207195492
118,2026-09-18T06:49:40.202+00:00,2026-09-18T06:51:52.749+00:00,2026-09-18T06:51:57.589+00:00,True,81,81.0,,81.0,132546.51131200002,137386.45396800002,137386.45380000002,1696.1290592592595,35.094455,132546.51131200002,14720.67207202667,79.839961,60.4992832,11.013674263043166,0.5895777761238854,18,64,,True,True,,414,87.6246207195492
119,2026-09-18T06:49:40.618+00:00,2026-09-18T06:51:54.401+00:00,2026-09-18T06:51:59.357+00:00,True,84,84.0,,84.0,133782.78059900002,138738.530999,138738.53079100003,1651.6491760833335,36.671231,133782.78059900002,14590.386950115058,70.5070706,59.707836144578316,10.229405144719827,0.6054554520301606,18,64,,True,True,,391,87.6246207195492
120,2026-09-18T06:49:40.956+00:00,2026-09-18T06:51:55.847+00:00,2026-09-18T06:52:00.482+00:00,True,78,78.0,,78.0,134890.80647799998,139525.53006199998,139525.52985899997,1788.7888443461536,37.170231,134890.80647799998,15266.563990754583,70.9710637,60.191215376623376,9.752097124195403,0.5590374748287262,18,64,,True,True,,350,87.6246207195492
121,2026-09-18T06:49:41.368+00:00,2026-09-18T06:51:57.488+00:00,2026-09-18T06:51:59.852+00:00,True,40,40.0,,40.0,136120.350838,138484.466038,138484.466121,3462.111653025,35.412994,136120.350838,21512.933676903624,68.1532959,60.618338461538464,6.811383077448584,0.2888410602603185,18,64,,True,True,,167,87.6246207195492
122,2026-09-18T06:49:41.792+00:00,2026-09-18T06:51:58.977+00:00,2026-09-18T06:52:03.770+00:00,True,78,78.0,,78.0,137184.759655,141978.269543,141978.269511,1820.2342245,34.325635999999996,137184.759655,15526.070384330344,92.45527190000001,62.25337516883117,11.09358354526914,0.5493798470080428,18,64,,True,True,,366,87.6246207195492
123,2026-09-18T06:49:42.111+00:00,2026-09-18T06:52:00.157+00:00,2026-09-18T06:52:03.603+00:00,True,56,56.0,,56.0,138045.889634,141491.871586,141491.87161099998,2526.6405644821425,31.730331,138045.889634,18438.78962457196,92.77049449999998,62.65421730909091,12.551573458382057,0.39578245288785163,18,64,,True,True,,238,87.6246207195492
124,2026-09-18T06:49:42.395+00:00,2026-09-18T06:52:01.037+00:00,2026-09-18T06:52:02.625+00:00,True,27,27.0,,27.0,138641.33883899997,140229.38773499997,140229.38771799998,5193.6810265925915,34.836415,138641.33883899997,26669.787427341285,96.39386619999999,61.078803692307694,14.800085348845057,0.1925416664517109,18,64,,True,True,,156,87.6246207195492
125,2026-09-18T06:49:42.767+00:00,2026-09-18T06:52:02.718+00:00,2026-09-18T06:52:04.139+00:00,True,24,24.0,,24.0,139951.007231,141372.259839,141372.259652,5890.510818833333,39.746366,139951.007231,28554.76674063074,68.6012146,61.793591652173916,5.872803056951802,0.16976456362324613,18,64,,True,True,,111,87.6246207195492
126,2026-09-18T06:49:43.227+00:00,2026-09-18T06:52:04.295+00:00,2026-09-18T06:52:06.913+00:00,True,43,43.0,,43.0,141067.886441,143686.402153,143686.402091,3341.544234674419,38.194928,141067.886441,21503.145628031787,90.0682504,62.345612190476196,9.93936822687015,0.2992628345875958,18,64,,True,True,,190,87.6246207195492
127,2026-09-18T06:49:43.579+00:00,2026-09-18T06:52:05.657+00:00,2026-09-18T06:52:06.972+00:00,True,22,22.0,,22.0,142077.816952,143392.970616,143392.97078099998,6517.8623082272725,38.016919,142077.816952,30277.74232728139,91.91567685,62.62636495238095,11.170349967700737,0.15342453612259013,18,64,,True,True,,81,87.6246207195492
128,2026-09-18T06:49:43.909+00:00,2026-09-18T06:52:07.066+00:00,2026-09-18T06:52:10.681+00:00,True,60,60.0,,60.0,143157.869223,146772.618663,146772.618646,2446.210310766666,36.436282,143157.869223,18473.69454768431,74.38124140000001,61.26693966101695,9.941398834860747,0.4087955951631831,18,64,,True,True,,177,87.6246207195492
129,2026-09-18T06:49:44.418+00:00,2026-09-18T06:52:09.065+00:00,2026-09-18T06:52:09.065+00:00,True,1,1.0,,1.0,144646.98709799998,144646.98709799998,144646.98709799998,144646.98709799998,144646.98709799998,144646.98709799998,nan,144646.98709799998,nan,nan,0.006913382850639596,18,64,,True,True,,3,87.6246207195492
130,2026-09-18T06:49:44.880+00:00,2026-09-18T06:52:10.845+00:00,2026-09-18T06:52:12.563+00:00,True,29,29.0,,29.0,145964.519164,147682.167548,147682.16757299998,5092.488537,40.839734,145964.519164,27093.540937593887,83.28537100000001,61.34458514285714,9.462045606811989,0.196367648724917,18,64,,True,True,,110,87.6246207195492
131,2026-09-18T06:49:45.183+00:00,2026-09-18T06:52:12.041+00:00,2026-09-18T06:52:14.143+00:00,True,34,34.0,,34.0,146858.500313,148960.097753,148960.097755,4381.179345735294,33.489148,146858.500313,25175.106262313016,95.4563654,63.68477090909091,12.667887825681726,0.22824904462923695,18,64,,True,True,,128,87.6246207195492
132,2026-09-18T06:49:45.681+00:00,2026-09-18T06:52:13.915+00:00,2026-09-18T06:52:18.452+00:00,True,73,73.0,,73.0,148233.5837,152770.32277199998,152770.32295499998,2092.744150068493,39.636027,148233.5837,17342.05830787425,94.65162559999999,63.01026488888889,12.458064361916417,0.4778414987637872,18,64,,True,True,,345,87.6246207195492
133,2026-09-18T06:49:46.161+00:00,2026-09-18T06:52:15.752+00:00,2026-09-18T06:52:18.801+00:00,True,48,48.0,,48.0,149590.634682,152640.183482,152640.183398,3180.003820791667,34.324436999999996,149590.634682,21582.18703859678,98.85196925,64.88401702127659,13.180373857148098,0.3144650308000997,18,64,,True,True,,256,87.6246207195492
134,2026-09-18T06:49:46.590+00:00,2026-09-18T06:52:17.586+00:00,2026-09-18T06:52:19.387+00:00,True,29,29.0,,29.0,150995.425245,152797.097181,152797.097106,5268.865417448275,41.675451,150995.425245,28027.201672882147,99.7353456,64.34542628571428,14.792040362312715,0.18979418153243613,18,64,,True,True,,122,87.6246207195492
135,2026-09-18T06:49:47.084+00:00,2026-09-18T06:52:19.386+00:00,2026-09-18T06:52:22.535+00:00,True,50,50.0,,50.0,152301.647341,155450.733037,155450.732942,3109.0146588400003,41.575783,152301.647341,21529.6193325633,94.1337383,64.26705502040816,10.571072566119755,0.32164531503430815,18,64,,True,True,,216,87.6246207195492
136,2026-09-18T06:49:47.401+00:00,2026-09-18T06:52:20.758+00:00,2026-09-18T06:52:26.171+00:00,True,86,86.0,,86.0,153356.769489,158770.628305,158770.628208,1846.1700954418604,39.323646999999994,153356.769489,16530.02090080544,91.9196315,63.69245665882353,10.493268457761395,0.5416618987914636,18,64,,True,True,,430,87.6246207195492
137,2026-09-18T06:49:47.809+00:00,2026-09-18T06:52:22.070+00:00,2026-09-18T06:52:23.270+00:00,True,20,20.0,,20.0,154261.26953400002,155461.18889400002,155461.18901800003,7773.059450900001,39.741036,154261.26953400002,34479.748297292994,7801.8574649,63.153650526315786,10.04782662163406,0.12864947285098174,18,64,,True,True,,82,87.6246207195492
138,2026-09-18T06:49:48.086+00:00,2026-09-18T06:52:23.207+00:00,2026-09-18T06:52:25.318+00:00,True,34,34.0,,34.0,155120.772208,157232.403568,157232.40359200002,4624.482458588235,37.6435,155120.772208,26592.021686722444,90.83423439999999,63.98882909090909,12.215344021000115,0.21624041373440972,18,64,,True,True,,149,87.6246207195492
139,2026-09-18T06:49:48.786+00:00,2026-09-18T06:52:25.729+00:00,2026-09-18T06:52:30.750+00:00,True,82,82.0,,82.0,156942.29768000002,161963.66088,161963.660669,1975.1665935243905,36.987519999999996,156942.29768000002,17324.5339127608,73.4744868,61.992138271604944,9.099905162350407,0.5062864074229241,18,64,,True,True,,396,87.6246207195492
140,2026-09-18T06:49:49.017+00:00,2026-09-18T06:52:26.483+00:00,2026-09-18T06:52:30.463+00:00,True,65,65.0,,65.0,157466.219158,161446.06069399999,161446.060569,2483.7855472153847,34.751915000000004,157466.219158,19523.569948202283,79.32246280000001,62.185024,9.656718793024261,0.40261124811957505,18,64,,True,True,,349,87.6246207195492
141,2026-09-18T06:49:49.399+00:00,2026-09-18T06:52:28.056+00:00,2026-09-18T06:52:33.602+00:00,True,89,89.0,,89.0,158657.39496,164203.708432,164203.708301,1844.98548652809,35.288845,158657.39496,16810.973784841488,94.17610840000002,63.026289454545456,12.131439127506264,0.5420096832761646,18,64,,True,True,,319,87.6246207195492
142,2026-09-18T06:49:49.682+00:00,2026-09-18T06:52:29.166+00:00,2026-09-18T06:52:32.592+00:00,True,55,55.0,,55.0,159484.35314300001,162910.12619900002,162910.12617700003,2962.002294127273,40.960604,159484.35314300001,21496.3141834883,92.7719154,63.44024177777778,10.8208631829699,0.3376094616292649,18,64,,True,True,,193,87.6246207195492
143,2026-09-18T06:49:50.114+00:00,2026-09-18T06:52:30.811+00:00,2026-09-18T06:52:32.829+00:00,True,32,32.0,,32.0,160697.255203,162714.549795,162714.549934,5084.8296854375,35.438344,160697.255203,28396.02968445451,98.842084,65.0740190967742,14.40778786555063,0.19666342094370787,18,64,,True,True,,128,87.6246207195492
144,2026-09-18T06:49:50.484+00:00,2026-09-18T06:52:32.320+00:00,2026-09-18T06:52:33.656+00:00,True,22,22.0,,22.0,161835.87522400002,163172.53340000001,163172.533392,7416.933336000001,39.389557,161835.87522400002,34489.95709680235,102.65688544999999,63.65038933333334,14.4315799913955,0.13482661292062773,18,64,,True,True,,121,87.6246207195492
145,2026-09-18T06:49:50.763+00:00,2026-09-18T06:52:33.435+00:00,2026-09-18T06:52:35.617+00:00,True,35,35.0,,35.0,162672.051041,164853.61289699998,164853.612965,4710.103227571429,37.094571,162672.051041,27485.753871204673,99.6929507,64.163584,15.577077823023153,0.21230957201931566,18,64,,True,True,,111,87.6246207195492
146,2026-09-18T06:49:51.080+00:00,2026-09-18T06:52:34.934+00:00,2026-09-18T06:52:35.065+00:00,True,3,3.0,,3.0,163854.640509,163985.37612499998,163985.37602599998,54661.79200866666,63.233803,163854.640509,94563.78073695196,147475.92662949997,65.367808,3.017954369521183,0.01829431423027143,18,64,,True,True,,9,87.6246207195492
147,2026-09-18T06:49:51.548+00:00,2026-09-18T06:52:36.721+00:00,2026-09-18T06:52:42.237+00:00,True,88,88.0,,88.0,165172.489474,170688.987394,170688.987533,1939.6475856022728,36.640432000000004,165172.489474,17600.691469751684,93.38929294999998,63.408022068965515,12.300417864088551,0.515557572539055,18,64,,True,True,,379,87.6246207195492
148,2026-09-18T06:49:51.891+00:00,2026-09-18T06:52:37.963+00:00,2026-09-18T06:52:39.419+00:00,True,24,24.0,,24.0,166071.620632,167527.951896,167527.951798,6980.331324916667,44.388076999999996,166071.620632,33886.30369139062,86.3089811,63.31875060869565,8.279883139815713,0.14325967534599243,18,64,,True,True,,107,87.6246207195492
149,2026-09-18T06:49:52.249+00:00,2026-09-18T06:52:39.253+00:00,2026-09-18T06:52:43.879+00:00,True,75,75.0,,75.0,167003.239959,171629.435159,171629.435217,2288.39246956,37.691449999999996,167003.239959,19276.657158642167,91.2781641,62.516151351351354,10.447575130875956,0.4369879789589642,18,64,,True,True,,354,87.6246207195492
150,2026-09-18T06:49:52.546+00:00,2026-09-18T06:52:40.367+00:00,2026-09-18T06:52:42.669+00:00,True,37,37.0,,37.0,167821.604539,170122.769339,170122.76937,4597.912685675676,42.513871,167821.604539,27579.194713623896,93.3985462,63.92124444444445,9.12442376458516,0.217489993513278,18,64,,True,True,,118,87.6246207195492
151,2026-09-18T06:49:52.828+00:00,2026-09-18T06:52:41.674+00:00,2026-09-18T06:52:45.413+00:00,True,61,61.0,,61.0,168846.246354,172585.13173,172585.131525,2829.2644512295083,39.331936,168846.246354,21610.570517769145,93.512297,62.31475626666666,10.551050238372893,0.35344875533908193,18,64,,True,True,,247,87.6246207195492
152,2026-09-18T06:49:53.325+00:00,2026-09-18T06:52:43.638+00:00,2026-09-18T06:52:48.204+00:00,True,74,74.0,,74.0,170313.252049,174878.617297,174878.61721,2363.224556891892,36.605571000000005,170313.252049,19791.2478830739,95.15278334999999,62.53924997260274,13.47672931620704,0.42315064668154523,18,64,,True,True,,354,87.6246207195492
153,2026-09-18T06:49:53.708+00:00,2026-09-18T06:52:44.876+00:00,2026-09-18T06:52:46.068+00:00,True,21,21.0,,21.0,171168.10695,172360.508102,172360.508147,8207.643245095238,39.915426,171168.10695,37338.93388292958,75.19980899999999,59.6200576,8.280646973043886,0.12183765429359585,18,64,,True,True,,109,87.6246207195492
154,2026-09-18T06:49:54.217+00:00,2026-09-18T06:52:46.972+00:00,2026-09-18T06:52:52.179+00:00,True,82,82.0,,82.0,172754.528843,177961.828939,177961.828793,2170.266204792683,37.120131,172754.528843,19070.451352118962,94.96578799999999,64.28765550617284,13.152276990214363,0.4607729673766567,18,64,,True,True,,327,87.6246207195492
155,2026-09-18T06:49:54.558+00:00,2026-09-18T06:52:48.324+00:00,2026-09-18T06:52:51.101+00:00,True,46,46.0,,46.0,173765.96234,176542.307684,176542.30770499998,3837.8762544565216,37.845279999999995,173765.96234,25611.298050707188,73.33970075,61.6965632,8.291064879851653,0.2605607721087299,18,64,,True,True,,167,87.6246207195492
156,2026-09-18T06:49:55.025+00:00,2026-09-18T06:52:50.028+00:00,2026-09-18T06:52:51.319+00:00,True,22,22.0,,22.0,175003.069779,176293.966931,176293.96675800002,8013.362125363637,39.157927,175003.069779,37297.67615393199,99.55152700000001,61.471292952380956,12.623697171250072,0.12479156481067,18,64,,True,True,,95,87.6246207195492
157,2026-09-18T06:49:55.339+00:00,2026-09-18T06:52:51.318+00:00,2026-09-18T06:52:56.438+00:00,True,78,78.0,,78.0,175978.77430000002,181098.661404,181098.661396,2321.7777102051286,37.20365,175978.77430000002,19918.1474838747,93.15243335000001,66.49204031168831,12.320864823358667,0.43070445355747494,18,64,,True,True,,364,87.6246207195492
158,2026-09-18T06:49:55.684+00:00,2026-09-18T06:52:52.552+00:00,2026-09-18T06:52:58.519+00:00,True,93,93.0,,93.0,176868.14212200002,182835.23716200003,182835.23719500002,1965.970292419355,38.675908,176868.14212200002,18333.65089489892,94.47502,64.85972869565217,13.006917887412776,0.5086546851884898,18,64,,True,True,,365,87.6246207195492
159,2026-09-18T06:49:56.125+00:00,2026-09-18T06:52:54.088+00:00,2026-09-18T06:52:57.111+00:00,True,47,47.0,,47.0,177963.471765,180985.628053,180985.62785,3850.7580393617022,36.726661,177963.471765,25949.0607283568,95.96443730000001,65.69904973913044,13.864032741638935,0.25968912838889324,18,64,,True,True,,218,87.6246207195492
160,2026-09-18T06:49:56.505+00:00,2026-09-18T06:52:55.825+00:00,2026-09-18T06:52:58.915+00:00,True,49,49.0,,49.0,179320.067381,182410.395189,182410.395189,3722.6611263061222,34.199696,179320.067381,25607.958311213963,96.47740560000003,64.38182933333334,13.002822185484538,0.2686250416223805,18,64,,True,True,,220,87.6246207195492
161,2026-09-18T06:49:56.808+00:00,2026-09-18T06:52:57.005+00:00,2026-09-18T06:53:00.466+00:00,True,56,56.0,,56.0,180197.70525600002,183657.90800800003,183657.90812200002,3279.605502178572,35.169404,180197.70525600002,24071.527507406812,92.72386749999998,62.91277730909091,12.783938806131273,0.30491472219949645,18,64,,True,True,,254,87.6246207195492
162,2026-09-18T06:49:57.157+00:00,2026-09-18T06:52:58.138+00:00,2026-09-18T06:53:03.430+00:00,True,86,86.0,,86.0,180981.267884,186273.587372,186273.587448,2165.9719470697673,37.469120000000004,180981.267884,19508.999992804438,74.00019425,62.26258221176471,8.720274743916807,0.4616864967992087,18,64,,True,True,,425,87.6246207195492
163,2026-09-18T06:49:57.569+00:00,2026-09-18T06:52:59.735+00:00,2026-09-18T06:53:05.036+00:00,True,87,87.0,,87.0,182166.25004100002,187467.18213700003,187467.18209900003,2154.7951965402303,35.418874,182166.25004100002,19523.665276357082,68.81594290000001,61.63874530232558,8.034845630482947,0.4640812274887711,18,64,,True,True,,421,87.6246207195492
164,2026-09-18T06:49:58.032+00:00,2026-09-18T06:53:01.674+00:00,2026-09-18T06:53:06.220+00:00,True,76,76.0,,76.0,183641.761973,188187.52888499998,188187.528772,2476.151694368421,37.459921,183641.761973,21058.203760892113,69.40456575,60.61022549333333,7.824416056298636,0.4038524786966252,18,64,,True,True,,334,87.6246207195492
165,2026-09-18T06:49:58.323+00:00,2026-09-18T06:53:02.951+00:00,2026-09-18T06:53:06.219+00:00,True,55,55.0,,55.0,184627.711965,187896.219357,187896.219289,3416.294896163636,37.60936,184627.711965,24887.03515890013,71.0369987,60.52791466666667,7.597960046777283,0.2927147772755386,18,64,,True,True,,213,87.6246207195492
166,2026-09-18T06:49:58.645+00:00,2026-09-18T06:53:04.048+00:00,2026-09-18T06:53:04.352+00:00,True,6,6.0,,6.0,185403.613308,185707.263868,185707.263901,30951.210650166668,50.994184999999995,185403.613308,75665.9154594829,139069.990661,60.730112,6.846109308191916,0.03230891390583825,18,64,,True,True,,25,87.6246207195492
167,2026-09-18T06:49:58.961+00:00,2026-09-18T06:53:05.155+00:00,2026-09-18T06:53:10.709+00:00,True,95,95.0,,95.0,186193.999805,191748.029117,191748.029129,2018.4003066210526,35.900563000000005,186193.999805,19097.04207773194,68.3249201,59.08541821276595,10.405980175598733,0.4954418589722938,18,64,,True,True,,381,87.6246207195492
168,2026-09-18T06:49:59.430+00:00,2026-09-18T06:53:06.803+00:00,2026-09-18T06:53:07.633+00:00,True,15,15.0,,15.0,187373.85575,188202.99623,188202.99644,12546.866429333333,38.457138,187373.85575,48364.431373647625,56275.820486,59.22432,12.53719344345424,0.0797011753291575,18,64,,True,True,,65,87.6246207195492
169,2026-09-18T06:49:59.727+00:00,2026-09-18T06:53:08.213+00:00,2026-09-18T06:53:10.957+00:00,True,47,47.0,,47.0,188485.85566499998,191229.596593,191229.59647999998,4068.714818723404,35.739484,188485.85566499998,27484.78940518156,66.3284556,59.64654191304348,10.635696635400125,0.2457778546698061,18,64,,True,True,,212,87.6246207195492
170,2026-09-18T06:50:00.195+00:00,2026-09-18T06:53:10.128+00:00,2026-09-18T06:53:15.825+00:00,True,92,92.0,,92.0,189932.516222,195630.060158,195630.06015,2126.4136972826086,35.226023999999995,189932.516222,19795.30941875569,93.4877152,62.61037292307692,11.556290897406065,0.4702753755005569,18,64,,True,True,,523,87.6246207195492
171,2026-09-18T06:50:00.622+00:00,2026-09-18T06:53:11.695+00:00,2026-09-18T06:53:15.360+00:00,True,59,59.0,,59.0,191073.136472,194737.52380000002,194737.52378800002,3300.6359964067797,36.76100099999999,191073.136472,24867.381045204795,92.28298989999999,63.179091862068965,11.70522315115768,0.30297191239113413,18,64,,True,True,,269,87.6246207195492
172,2026-09-18T06:50:01.096+00:00,2026-09-18T06:53:13.148+00:00,2026-09-18T06:53:19.240+00:00,True,97,97.0,,97.0,192052.016863,198143.762399,198143.762583,2042.7192018865978,37.055211,192052.016863,19493.48921948742,93.9298904,63.45568266666666,12.99340532041388,0.4895435456841287,18,64,,True,True,,405,87.6246207195492
173,2026-09-18T06:50:01.429+00:00,2026-09-18T06:53:14.627+00:00,2026-09-18T06:53:18.267+00:00,True,57,57.0,,57.0,193198.253754,196838.01209,196838.01206500002,3453.2984572807018,37.154360000000004,193198.253754,25581.12789265321,94.420725,64.99568457142857,12.3728296572339,0.2895782140592741,18,64,,True,True,,330,87.6246207195492
174,2026-09-18T06:50:02.630+00:00,2026-09-18T06:53:18.755+00:00,2026-09-18T06:53:23.708+00:00,True,81,81.0,,81.0,196125.632557,201078.475821,201078.475975,2482.4503206790123,35.828263,196125.632557,21784.86180866621,92.144628,61.9105408,12.960432452574349,0.40282779978950195,18,64,,True,True,,369,87.6246207195492
175,2026-09-18T06:50:02.800+00:00,2026-09-18T06:53:19.303+00:00,2026-09-18T06:53:19.495+00:00,True,4,4.0,,4.0,196503.838907,196695.846587,196695.84653799998,49173.961634499996,48.603909,196503.838907,98219.91878895341,167039.17599305,64.00256,13.376979209478348,0.020335965753251282,18,64,,True,True,,15,87.6246207195492
176,2026-09-18T06:50:02.825+00:00,2026-09-18T06:53:20.033+00:00,2026-09-18T06:53:20.611+00:00,True,10,10.0,,10.0,197207.889361,197785.747665,197785.74781200002,19778.5747812,45.337416,197207.889361,62342.30759463598,108504.8458729,64.20647822222223,12.851502935145774,0.050559760336915276,18,64,,True,True,,38,87.6246207195492
177,2026-09-18T06:50:03.168+00:00,2026-09-18T06:53:21.694+00:00,2026-09-18T06:53:25.419+00:00,True,60,60.0,,60.0,198525.96687099998,202250.863895,202250.86386199997,3370.847731033333,36.735690999999996,198525.96687099998,25621.445808029872,94.83777895000001,63.13384786440678,14.86068400157596,0.2966612791881544,18,64,,True,True,,241,87.6246207195492
178,2026-09-18T06:50:03.480+00:00,2026-09-18T06:53:22.677+00:00,2026-09-18T06:53:24.117+00:00,True,23,23.0,,23.0,199197.221149,200637.070109,200637.070099,8723.350873869565,42.279071,199197.221149,41521.848034336246,108.29823839999999,65.44768,16.072150040062883,0.11463484782500463,18,64,,True,True,,77,87.6246207195492
179,2026-09-18T06:50:03.867+00:00,2026-09-18T06:53:24.386+00:00,2026-09-18T06:53:28.011+00:00,True,58,58.0,,58.0,200518.334332,204144.13785199999,204144.137828,3519.726514275862,36.782430999999995,200518.334332,26320.997529708915,93.36890685,63.61058807017544,12.259475783982387,0.2841129831611855,18,64,,True,True,,328,87.6246207195492
180,2026-09-18T06:50:04.260+00:00,2026-09-18T06:53:26.045+00:00,2026-09-18T06:53:28.487+00:00,True,40,40.0,,40.0,201785.47263600002,204227.62815600002,204227.62822400001,5105.690705600001,35.524074,201785.47263600002,31895.186199760294,94.6915899,62.6193723076923,12.99399155355857,0.195859886153336,18,64,,True,True,,153,87.6246207195492
181,2026-09-18T06:50:04.770+00:00,2026-09-18T06:53:27.902+00:00,2026-09-18T06:53:33.247+00:00,True,88,88.0,,88.0,203131.516539,208477.166459,208477.166334,2369.058708340909,33.504167,203131.516539,21647.344751656987,84.02702775,61.44425195402299,10.059623113780763,0.4221085766594322,18,64,,True,True,,303,87.6246207195492
182,2026-09-18T06:50:05.261+00:00,2026-09-18T06:53:29.519+00:00,2026-09-18T06:53:30.209+00:00,True,13,13.0,,13.0,204258.646163,204948.275347,204948.275235,15765.251941153845,37.49735,204258.646163,56635.21857611037,81760.7304044,57.46909866666667,16.031999883992498,0.06343063867207259,18,64,,True,True,,47,87.6246207195492
183,2026-09-18T06:50:05.641+00:00,2026-09-18T06:53:31.396+00:00,2026-09-18T06:53:34.157+00:00,True,46,46.0,,46.0,205755.025428,208516.10088399998,208516.100741,4532.95871176087,35.939633,205755.025428,30327.87938438729,94.37063125,61.35723235555556,12.642389880900263,0.22060646542393553,18,64,,True,True,,239,87.6246207195492
184,2026-09-18T06:50:05.940+00:00,2026-09-18T06:53:32.360+00:00,2026-09-18T06:53:34.160+00:00,True,30,30.0,,30.0,206420.745498,208220.087578,208220.087527,6940.669584233334,35.879683,206420.745498,37675.773682317136,93.23952320000001,62.046278620689655,13.049601845412548,0.14407831803817628,18,64,,True,True,,134,87.6246207195492
185,2026-09-18T06:50:06.264+00:00,2026-09-18T06:53:33.879+00:00,2026-09-18T06:53:38.580+00:00,True,75,75.0,,75.0,207614.187111,212315.061351,212315.061309,2830.86748412,38.244538,207614.187111,23965.88937721613,94.29298340000001,63.525327567567565,12.637482562144355,0.35324860856672685,18,64,,True,True,,295,87.6246207195492
186,2026-09-18T06:50:06.618+00:00,2026-09-18T06:53:35.028+00:00,2026-09-18T06:53:40.698+00:00,True,91,91.0,,91.0,208409.38729699998,214079.62217699998,214079.622293,2352.523321901099,32.902108,208409.38729699998,21840.638787365064,92.147373,63.00260977777778,11.893113234897545,0.4250754886177894,18,64,,True,True,,474,87.6246207195492
187,2026-09-18T06:50:06.966+00:00,2026-09-18T06:53:36.438+00:00,2026-09-18T06:53:41.176+00:00,True,78,78.0,,78.0,209471.827974,214210.00935,214210.009392,2746.2821716923077,33.717216,209471.827974,23711.04842919552,73.5676095,61.53482306493507,9.464583057023038,0.3641286428990112,18,64,,True,True,,401,87.6246207195492
188,2026-09-18T06:50:07.388+00:00,2026-09-18T06:53:38.480+00:00,2026-09-18T06:53:39.201+00:00,True,13,13.0,,13.0,211091.636298,211813.06273,211813.06257,16293.312505384616,38.990867,211091.636298,58529.61248395427,84477.18798959999,60.118869333333336,7.293539888518996,0.06137487382716908,18,64,,True,True,,54,87.6246207195492
189,2026-09-18T06:50:07.709+00:00,2026-09-18T06:53:39.729+00:00,2026-09-18T06:53:42.671+00:00,True,48,48.0,,48.0,212020.38960499997,214962.08048499998,214962.08060999998,4478.376679374999,37.408881,212020.38960499997,30593.475621606678,90.66847335000003,62.58916765957447,12.087646507835254,0.22329519649094312,18,64,,True,True,,249,87.6246207195492
190,2026-09-18T06:50:08.180+00:00,2026-09-18T06:53:41.109+00:00,2026-09-18T06:53:42.998+00:00,True,31,31.0,,31.0,212928.631118,214817.836878,214817.837048,6929.607646709677,39.226317,212928.631118,38231.803271022756,95.3397465,62.973525333333335,14.199470235826254,0.14430831466572122,18,64,,True,True,,136,87.6246207195492
191,2026-09-18T06:50:08.457+00:00,2026-09-18T06:53:42.360+00:00,2026-09-18T06:53:42.541+00:00,True,4,4.0,,4.0,213903.261221,214084.137509,214084.137643,53521.03441075,59.070949,213903.261221,106921.48454422205,181826.97150124997,60.292096,1.140476379792234,0.01868424277736057,18,64,,True,True,,12,87.6246207195492
192,2026-09-18T06:50:08.846+00:00,2026-09-18T06:53:43.683+00:00,2026-09-18T06:53:50.031+00:00,True,100,100.0,,100.0,214836.95388699998,221185.052959,221185.05304899998,2211.85053049,0.02082,214836.95388699998,21477.29368322561,91.41768715,64.12221284848485,21.361540605283253,0.4521101162226207,18,64,,True,True,,469,87.6246207195492
193,2026-09-18T06:50:09.151+00:00,2026-09-18T06:53:44.928+00:00,2026-09-18T06:53:49.330+00:00,True,69,69.0,,69.0,215776.791264,220178.992096,220178.992031,3190.9998845072464,0.02138,215776.791264,25968.69946541428,94.5345352,64.73824752941177,32.42214883401657,0.313381396395508,18,64,,True,True,,323,87.6246207195492
194,2026-09-18T06:50:09.547+00:00,2026-09-18T06:53:46.321+00:00,2026-09-18T06:53:50.923+00:00,True,73,73.0,,73.0,216774.62511199998,221376.648024,221376.64798599997,3032.556821726027,0.01841,216774.62511199998,25364.080564966556,94.1136756,63.91698488888889,23.435071192296324,0.32975474446648,18,64,,True,True,,336,87.6246207195492
195,2026-09-18T06:50:09.879+00:00,2026-09-18T06:53:47.415+00:00,2026-09-18T06:53:47.665+00:00,True,5,5.0,,5.0,217536.96341,217786.185042,217786.185035,43557.237006999996,54.531749000000005,217536.96341,97257.62389017602,174043.14236260002,62.305408,6.323963291690214,0.022958297373342353,18,64,,True,True,,19,87.6246207195492
196,2026-09-18T06:50:10.307+00:00,2026-09-18T06:53:49.780+00:00,2026-09-18T06:53:52.781+00:00,True,49,49.0,,49.0,219473.119764,222474.410772,222474.410677,4540.2940954489795,33.907257,219473.119764,31344.37265547255,91.8347184,62.526896,11.990064712780573,0.22025004956735006,18,64,,True,True,,210,87.6246207195492
197,2026-09-18T06:50:10.597+00:00,2026-09-18T06:53:50.700+00:00,2026-09-18T06:53:56.305+00:00,True,91,91.0,,91.0,220103.11585,225707.934282,225707.934306,2480.3069703956044,35.681103,220103.11585,23066.550662941183,91.9007685,62.275760355555555,11.929230035354307,0.4031759020323335,18,64,,True,True,,393,87.6246207195492
198,2026-09-18T06:50:10.890+00:00,2026-09-18T06:53:51.673+00:00,2026-09-18T06:53:53.558+00:00,True,31,31.0,,31.0,220783.702881,222668.419937,222668.420069,7182.852260290323,38.224669,220783.702881,39642.642137646144,89.964002,62.82390186666667,12.82624351114356,0.13922046066869692,18,64,,True,True,,134,87.6246207195492
199,2026-09-18T06:50:11.331+00:00,2026-09-18T06:53:53.497+00:00,2026-09-18T06:53:55.052+00:00,True,26,26.0,,26.0,222165.95620699998,223721.94417499998,223721.94407399997,8604.690156692306,35.101375,222165.95620699998,43558.12510803949,104.7342065,62.23951872,15.332320575460571,0.11621568950635552,18,64,,True,True,,135,87.6246207195492
200,2026-09-18T06:50:11.636+00:00,2026-09-18T06:53:54.635+00:00,2026-09-18T06:53:57.497+00:00,True,47,47.0,,47.0,222999.757988,225861.066916,225861.066751,4805.554611723404,38.274457999999996,222999.757988,32518.785564122303,69.95581990000001,62.202368,7.771844889129639,0.20809252626739683,18,64,,True,True,,197,87.6246207195492
201,2026-09-18T06:50:11.914+00:00,2026-09-18T06:53:55.612+00:00,2026-09-18T06:53:56.811+00:00,True,20,20.0,,20.0,223697.359195,224896.918363,224896.91816,11244.845908,54.839008,223697.359195,50006.132992062005,11251.3946633,63.134693052631576,4.377198999713724,0.08892963116425875,18,64,,True,True,,67,87.6246207195492
202,2026-09-18T06:50:12.284+00:00,2026-09-18T06:53:57.185+00:00,2026-09-18T06:53:59.723+00:00,True,42,42.0,,42.0,224901.44498,227438.999156,227438.999239,5415.214267595238,36.800211000000004,224901.44498,34693.49781160997,88.33262704999999,61.89156526829268,10.383839066248685,0.18466489984504494,18,64,,True,True,,195,87.6246207195492
203,2026-09-18T06:50:12.622+00:00,2026-09-18T06:53:58.148+00:00,2026-09-18T06:54:00.687+00:00,True,42,42.0,,42.0,225525.82271200002,228064.50661600003,228064.50657900004,5430.1072995,38.897327,225525.82271200002,34789.83679292585,75.6072286,61.919119609756095,9.146241752473758,0.18415842352320447,18,64,,True,True,,207,87.6246207195492
204,2026-09-18T06:50:13.044+00:00,2026-09-18T06:54:00.043+00:00,2026-09-18T06:54:00.484+00:00,True,8,8.0,,8.0,226999.18120199998,227439.48353799997,227439.483368,28429.935421,57.184193,226999.18120199998,80234.09161276923,147572.54465224998,62.900333714285715,3.1964417237929696,0.035174191725876755,18,64,,True,True,,28,87.6246207195492
205,2026-09-18T06:50:13.510+00:00,2026-09-18T06:54:01.818+00:00,2026-09-18T06:54:02.575+00:00,True,12,12.0,,12.0,228307.65987,229064.483678,229064.483703,19088.70697525,60.600327,228307.65987,65886.88397309613,102790.2107107,68.80216436363636,12.074547209315762,0.052386995169747104,18,64,,True,True,,52,87.6246207195492
206,2026-09-18T06:50:14.015+00:00,2026-09-18T06:54:03.440+00:00,2026-09-18T06:54:06.265+00:00,True,48,48.0,,48.0,229424.516426,232249.10880999998,232249.109007,4838.5231043124995,36.013372000000004,229424.516426,33105.902948097544,66.3968665,60.09771029787234,7.0115662058925485,0.2066746358939452,18,64,,True,True,,235,87.6246207195492
207,2026-09-18T06:50:14.363+00:00,2026-09-18T06:54:04.806+00:00,2026-09-18T06:54:05.818+00:00,True,18,18.0,,18.0,230442.826079,231454.970207,231454.970014,12858.609445222222,40.365005,230442.826079,54301.862332639044,34623.2886611,59.53788988235294,7.940707567307855,0.07776890677224099,18,64,,True,True,,62,87.6246207195492
208,2026-09-18T06:50:14.662+00:00,2026-09-18T06:54:05.884+00:00,2026-09-18T06:54:12.126+00:00,True,98,98.0,,98.0,231222.016082,237464.251986,237464.252026,2423.104612510204,37.818879,231222.016082,23350.45445200466,94.05184435,64.35294746391753,14.229978471468039,0.41269369675810286,18,64,,True,True,,206,87.6246207195492
209,2026-09-18T06:50:14.941+00:00,2026-09-18T06:54:07.215+00:00,2026-09-18T06:54:12.678+00:00,True,87,87.0,,87.0,232274.293334,237737.725526,237737.725495,2732.6175344252874,35.604932999999996,232274.293334,24895.61073776604,93.2941496,63.52828130232558,13.361737398407769,0.3659494924817278,18,64,,True,True,,380,87.6246207195492
210,2026-09-18T06:50:15.308+00:00,2026-09-18T06:54:08.647+00:00,2026-09-18T06:54:09.839+00:00,True,20,20.0,,20.0,233338.633551,234530.81275100002,234530.81265900002,11726.54063295,38.729138,233338.633551,52162.075169141855,11754.539526150002,62.74627368421052,10.606993854681045,0.08527664133085099,18,64,,True,True,,83,87.6246207195492
211,2026-09-18T06:50:15.610+00:00,2026-09-18T06:54:09.485+00:00,2026-09-18T06:54:15.451+00:00,True,97,97.0,,97.0,233874.882759,239841.082567,239841.082429,2472.5884786494844,37.113440000000004,233874.882759,23740.088936020442,90.3009524,62.147914666666665,11.099064517139995,0.4044344653627174,18,64,,True,True,,377,87.6246207195492
212,2026-09-18T06:50:16.110+00:00,2026-09-18T06:54:11.583+00:00,2026-09-18T06:54:16.585+00:00,True,82,82.0,,82.0,235473.044613,240474.94106100002,240474.94101900002,2932.6212319390243,38.871447999999994,235473.044613,25996.830354590144,86.51593735,61.751808,10.3498844209273,0.3409918706631453,18,64,,True,True,,413,87.6246207195492
213,2026-09-18T06:50:17.237+00:00,2026-09-18T06:54:13.207+00:00,2026-09-18T06:54:16.799+00:00,True,59,59.0,,59.0,235969.489273,239561.352057,239561.351968,4060.361897762712,40.555154,235969.489273,30712.550054811494,87.8115014,61.92866868965517,10.14725123191668,0.24628346556485387,18,64,,True,True,,246,87.6246207195492
215,2026-09-18T06:50:17.372+00:00,2026-09-18T06:54:15.847+00:00,2026-09-18T06:54:16.525+00:00,True,12,12.0,,12.0,238475.323138,239153.30893,239153.308919,19929.442409916668,37.77175,238475.323138,68824.10483577492,107364.62896639999,61.635072,14.264182120912954,0.050177018472750426,18,64,,True,True,,45,87.6246207195492
214,2026-09-18T06:50:17.367+00:00,2026-09-18T06:54:15.907+00:00,2026-09-18T06:54:22.128+00:00,True,98,98.0,,98.0,238539.605447,244760.710855,244760.710901,2497.5582745,41.155922,238539.605447,24089.66248597405,93.7217145,64.13510729896907,10.274084678164296,0.4003910580977872,18,64,,True,True,,525,87.6246207195492
216,2026-09-18T06:50:17.685+00:00,2026-09-18T06:54:17.943+00:00,2026-09-18T06:54:19.482+00:00,True,25,25.0,,25.0,240258.402621,241797.523517,241797.52351,9671.900940399999,43.515578,240258.402621,48038.85506389446,84.2184146,64.13003733333333,7.406036905693265,0.10339229135339896,18,64,,True,True,,102,87.6246207195492
217,2026-09-18T06:50:18.043+00:00,2026-09-18T06:54:19.354+00:00,2026-09-18T06:54:20.390+00:00,True,17,17.0,,17.0,241310.591071,242347.269727,242347.269891,14255.721758294118,51.902822,241310.591071,58510.70132318148,48337.8684646,64.792416,9.749420491495455,0.07014727262721056,18,64,,True,True,,50,87.6246207195492
218,2026-09-18T06:50:18.441+00:00,2026-09-18T06:54:21.018+00:00,2026-09-18T06:54:24.383+00:00,True,55,55.0,,55.0,242577.07457,245942.664074,245942.664019,4471.684800345454,38.598758000000004,242577.07457,32700.683655361834,83.5655076,62.32573155555555,10.302242902434017,0.22362935770855694,18,64,,True,True,,289,87.6246207195492
219,2026-09-18T06:50:18.937+00:00,2026-09-18T06:54:23.151+00:00,2026-09-18T06:54:26.422+00:00,True,54,54.0,,54.0,244214.10396200002,247485.32060200002,247485.32056700002,4583.061491981482,37.685669000000004,244214.10396200002,33224.93255887044,80.3926017,61.721068679245285,10.352696203618152,0.218194759465518,18,64,,True,True,,236,87.6246207195492
220,2026-09-18T06:50:19.265+00:00,2026-09-18T06:54:24.568+00:00,2026-09-18T06:54:29.552+00:00,True,79,79.0,,79.0,245302.07488600002,250286.16679000002,250286.16678400003,3168.179326379747,34.655964999999995,245302.07488600002,27591.45373540199,96.23180190000001,63.898614153846154,13.454838809756378,0.31563869874711903,18,64,,True,True,,341,87.6246207195492
221,2026-09-18T06:50:19.703+00:00,2026-09-18T06:54:26.131+00:00,2026-09-18T06:54:27.816+00:00,True,28,28.0,,28.0,246428.381185,248113.479681,248113.47969,8861.195703214285,40.873474,246428.381185,46558.79343397335,94.0015066,62.41105540740741,11.636539650803238,0.11285158724951042,18,64,,True,True,,139,87.6246207195492
222,2026-09-18T06:50:20.214+00:00,2026-09-18T06:54:27.967+00:00,2026-09-18T06:54:28.537+00:00,True,9,9.0,,9.0,247753.43012,248323.33936800002,248323.33930300002,27591.48214477778,56.764554,247753.43012,82560.73222427041,148695.3229672,71.238656,18.08703457639978,0.03624306930997956,18,64,,True,True,,66,87.6246207195492
223,2026-09-18T06:50:20.618+00:00,2026-09-18T06:54:29.741+00:00,2026-09-18T06:54:29.988+00:00,True,5,5.0,,5.0,249123.43112400002,249370.31496400002,249370.31483200003,49874.06296640001,57.047943,249123.43112400002,111383.78296263455,199311.90780860002,61.72096,3.617866623628903,0.020050502004305595,18,64,,True,True,,13,87.6246207195492
224,2026-09-18T06:50:20.961+00:00,2026-09-18T06:54:31.016+00:00,2026-09-18T06:54:36.884+00:00,True,95,95.0,,95.0,250054.845931,255922.93117899998,255922.931254,2693.925592147368,39.181766,250054.845931,25648.682763104756,82.4608669,62.42643880851064,9.401554212014807,0.371205501446661,18,64,,True,True,,462,87.6246207195492
225,2026-09-18T06:50:21.453+00:00,2026-09-18T06:54:32.423+00:00,2026-09-18T06:54:36.066+00:00,True,60,60.0,,60.0,250970.00965400002,254613.068342,254613.06834400003,4243.551139066667,34.665865,250970.00965400002,32392.11871768197,70.09833284999999,61.746757423728816,9.125191443215622,0.23565169058568164,18,64,,True,True,,257,87.6246207195492
226,2026-09-18T06:50:21.787+00:00,2026-09-18T06:54:33.896+00:00,2026-09-18T06:54:37.628+00:00,True,60,60.0,,60.0,252109.881741,255841.260173,255841.260224,4264.021003733334,35.663603,252109.881741,32539.08326109741,95.73012754999999,63.24370223728813,12.090491762866368,0.23452042082433447,18,64,,True,True,,231,87.6246207195492
227,2026-09-18T06:50:22.155+00:00,2026-09-18T06:54:35.435+00:00,2026-09-18T06:54:39.547+00:00,True,66,66.0,,66.0,253280.486399,257391.73811099998,257391.738131,3899.8748201666663,37.69175,253280.486399,31168.889895958386,97.060606,63.25002633846154,13.145037888810949,0.25641848679516493,18,64,,True,True,,301,87.6246207195492
228,2026-09-18T06:50:22.499+00:00,2026-09-18T06:54:36.634+00:00,2026-09-18T06:54:40.229+00:00,True,57,57.0,,57.0,254134.87537999998,257729.96529999998,257729.96543799998,4521.578341017544,40.013125,254134.87537999998,33652.48548268899,95.48536920000001,64.19803428571429,12.195776506994264,0.22116171060532866,18,64,,True,True,,216,87.6246207195492
229,2026-09-18T06:50:22.810+00:00,2026-09-18T06:54:37.784+00:00,2026-09-18T06:54:40.044+00:00,True,37,37.0,,37.0,254973.736871,257233.63882300002,257233.638879,6952.2605102432435,37.14918,254973.736871,41907.105755791046,96.9746364,62.775054222222224,12.388724569369764,0.14383810830223234,18,64,,True,True,,190,87.6246207195492
230,2026-09-18T06:50:23.246+00:00,2026-09-18T06:54:39.879+00:00,2026-09-18T06:54:42.139+00:00,True,37,37.0,,37.0,256633.22018099998,258892.54536499997,258892.545421,6997.095822189189,38.660157,256633.22018099998,42179.924700594165,76.1186898,62.75903288888889,7.880052604022887,0.14291643642282362,18,64,,True,True,,119,87.6246207195492
231,2026-09-18T06:50:23.710+00:00,2026-09-18T06:54:41.140+00:00,2026-09-18T06:54:41.445+00:00,True,6,6.0,,6.0,257430.102276,257735.504132,257735.504004,42955.917334,60.056237,257430.102276,105070.463234326,193088.66407199999,61.0803712,1.8396012370128478,0.02327967976397649,18,64,,True,True,,22,87.6246207195492
232,2026-09-18T06:50:24.091+00:00,2026-09-18T06:54:42.265+00:00,2026-09-18T06:54:43.508+00:00,True,22,22.0,,22.0,258174.026813,259416.931901,259416.93185700002,11791.678720772727,40.014945,258174.026813,55030.26945411517,67.49418814999999,59.18595657142858,7.456078637197575,0.08480556700283447,18,64,,True,True,,115,87.6246207195492
233,2026-09-18T06:50:24.369+00:00,2026-09-18T06:54:43.393+00:00,2026-09-18T06:54:46.029+00:00,True,44,44.0,,44.0,259024.12723399999,261660.39731399997,261660.397279,5946.827210886363,36.610431,259024.12723399999,39040.11504946054,76.81982039999998,61.30860651162791,9.91320638887561,0.16815689516514315,18,64,,True,True,,185,87.6246207195492
234,2026-09-18T06:50:24.770+00:00,2026-09-18T06:54:44.987+00:00,2026-09-18T06:54:48.154+00:00,True,53,53.0,,53.0,260217.10007100002,263383.859751,263383.859902,4969.506790603774,36.772931,260217.10007100002,35735.20394555029,86.280434,60.89922461538462,10.395407201680886,0.20122721282202174,18,64,,True,True,,305,87.6246207195492
235,2026-09-18T06:50:25.225+00:00,2026-09-18T06:54:46.396+00:00,2026-09-18T06:54:52.012+00:00,True,94,94.0,,94.0,261170.88011199998,266786.173296,266786.173279,2838.1507795638295,34.387926,261170.88011199998,26931.49426583375,89.62273625,60.37949660215054,11.597387907269958,0.3523420979381369,18,64,,True,True,,446,87.6246207195492
236,2026-09-18T06:50:25.649+00:00,2026-09-18T06:54:47.741+00:00,2026-09-18T06:54:49.672+00:00,True,34,34.0,,34.0,262092.273786,264023.231354,264023.231471,7765.3891609117645,38.096769,262092.273786,44938.41966841869,67.42518505,58.513865696969695,7.351665179964539,0.12877654676687564,18,64,,True,True,,142,87.6246207195492
237,2026-09-18T06:50:26.037+00:00,2026-09-18T06:54:49.492+00:00,2026-09-18T06:54:54.468+00:00,True,84,84.0,,84.0,263454.759144,268430.930152,268430.93012800004,3195.6063110476193,35.609214,263454.759144,28738.731305069497,71.1886101,59.95386756626506,10.656027446341659,0.31292966109544346,18,64,,True,True,,445,87.6246207195492
238,2026-09-18T06:50:26.367+00:00,2026-09-18T06:54:50.862+00:00,2026-09-18T06:54:54.762+00:00,True,67,67.0,,67.0,264495.366646,268395.074038,268395.07402500004,4005.896627238806,36.957620999999996,264495.366646,32306.034670516907,68.3266479,59.08647563636363,9.071845423173464,0.24963200327035057,18,64,,True,True,,304,87.6246207195492
239,2026-09-18T06:50:26.835+00:00,2026-09-18T06:54:52.499+00:00,2026-09-18T06:54:57.592+00:00,True,83,83.0,,83.0,265663.983227,270756.666491,270756.666531,3262.1285124216865,36.608242,265663.983227,29153.59558397138,92.41845939999999,62.10589346341463,11.04479043938735,0.30654831541427235,18,64,,True,True,,391,87.6246207195492
240,2026-09-18T06:50:27.182+00:00,2026-09-18T06:54:53.465+00:00,2026-09-18T06:54:54.759+00:00,True,23,23.0,,23.0,266282.861658,267576.708186,267576.70813499996,11633.769918913042,38.911657,266282.861658,55511.55253928026,68.1255091,58.81120581818182,8.700648751974324,0.08595665951616409,18,64,,True,True,,84,87.6246207195492
241,2026-09-18T06:50:27.573+00:00,2026-09-18T06:54:54.937+00:00,2026-09-18T06:54:55.332+00:00,True,7,7.0,,7.0,267363.838024,267758.77588,267758.775885,38251.253697857144,55.213286999999994,267363.838024,101029.15485263342,187185.86905629997,65.822976,18.808163211106393,0.026142933978519356,18,64,,True,True,,17,87.6246207195492
242,2026-09-18T06:50:28.066+00:00,2026-09-18T06:54:57.052+00:00,2026-09-18T06:55:02.039+00:00,True,79,79.0,,79.0,268985.925353,273973.348329,273973.348307,3468.0170671772153,37.320550000000004,268985.925353,30256.089405299015,93.4747126,63.94132020512821,12.008310596144096,0.28834921528620044,18,64,,True,True,,323,87.6246207195492
243,2026-09-18T06:50:28.469+00:00,2026-09-18T06:54:58.659+00:00,2026-09-18T06:55:03.438+00:00,True,77,77.0,,77.0,270190.497681,274969.094545,274969.09448699997,3571.02720112987,35.053844,270190.497681,30783.90140441214,91.0787854,62.87627452631578,11.033183455657438,0.2800314709091737,18,64,,True,True,,328,87.6246207195492
244,2026-09-18T06:50:28.770+00:00,2026-09-18T06:54:59.887+00:00,2026-09-18T06:55:05.496+00:00,True,89,89.0,,89.0,271116.833764,276725.59306,276725.592902,3109.276324741573,38.255898,271116.833764,28731.573266314204,92.82983840000001,63.735901090909096,11.701478511533395,0.3216182464941105,18,64,,True,True,,305,87.6246207195492
245,2026-09-18T06:50:29.097+00:00,2026-09-18T06:55:01.189+00:00,2026-09-18T06:55:03.205+00:00,True,33,33.0,,33.0,272092.47609500005,274107.886271,274107.88625300006,8306.299583424245,37.3688,272092.47609500005,47354.258170614354,90.3337104,62.981568,11.750958170013629,0.12039055296414987,18,64,,True,True,,75,87.6246207195492
246,2026-09-18T06:50:29.437+00:00,2026-09-18T06:55:02.390+00:00,2026-09-18T06:55:05.943+00:00,True,57,57.0,,57.0,272952.55524,276505.60996000003,276505.609875,4850.9756118421055,37.30854,272952.55524,36145.04772639245,94.02327020000001,63.447405714285715,13.303401770856347,0.20614409960161661,18,64,,True,True,,226,87.6246207195492
247,2026-09-18T06:50:29.909+00:00,2026-09-18T06:55:03.624+00:00,2026-09-18T06:55:07.822+00:00,True,68,68.0,,68.0,273714.604005,277912.688101,277912.68795,4086.9512933823526,34.614464999999996,273714.604005,33185.17483304107,90.9458675,62.65797158208955,11.450364443375648,0.24468116394630826,18,64,,True,True,,308,87.6246207195492
248,2026-09-18T06:50:30.246+00:00,2026-09-18T06:55:05.304+00:00,2026-09-18T06:55:10.572+00:00,True,87,87.0,,87.0,275058.113525,280326.646517,280326.646571,3222.1453628850572,35.724252,275058.113525,29482.759322757505,92.5441405,61.262011534883726,11.372771398329462,0.31035223044600585,18,64,,True,True,,175,87.6246207195492
249,2026-09-18T06:50:30.719+00:00,2026-09-18T06:55:07.569+00:00,2026-09-18T06:55:07.692+00:00,True,3,3.0,,3.0,276849.567529,276972.86148099997,276972.861538,92324.28717933333,59.579158,276849.567529,159803.5804366357,249170.98226120003,61.646976,2.924367372817581,0.010831386093058783,18,64,,True,True,,10,87.6246207195492
250,2026-09-18T06:50:30.999+00:00,2026-09-18T06:55:08.316+00:00,2026-09-18T06:55:11.599+00:00,True,55,55.0,,55.0,277316.987253,280599.97886900004,280599.97881500004,5101.817796636364,35.573033,277316.987253,37385.21930733333,95.310564,60.79614103703704,12.721137041574936,0.1960085678612154,18,64,,True,True,,283,87.6246207195492
251,2026-09-18T06:50:31.451+00:00,2026-09-18T06:55:10.132+00:00,2026-09-18T06:55:11.819+00:00,True,28,28.0,,28.0,278681.04322000005,280367.99771600007,280367.997725,10013.142775892858,39.320036,278681.04322000005,52653.96065163991,94.80585894999999,62.47979614814815,12.391789101701297,0.09986874475011488,18,64,,True,True,,147,87.6246207195492
252,2026-09-18T06:50:31.784+00:00,2026-09-18T06:55:11.357+00:00,2026-09-18T06:55:12.411+00:00,True,18,18.0,,18.0,279573.457306,280627.375514,280627.375608,15590.409756,39.292936999999995,279573.457306,65881.4845008289,42018.4644462,61.995188705882356,12.265686749752925,0.06414199600816212,18,64,,True,True,,66,87.6246207195492
253,2026-09-18T06:50:32.217+00:00,2026-09-18T06:55:12.369+00:00,2026-09-18T06:55:14.829+00:00,True,41,41.0,,41.0,280152.729666,282612.55149,282612.551332,6892.989056878048,38.868277,280152.729666,43742.90306035767,89.068603,61.4955456,11.02700153419021,0.1450749437130033,18,64,,True,True,,166,87.6246207195492
254,2026-09-18T06:50:32.721+00:00,2026-09-18T06:55:14.075+00:00,2026-09-18T06:55:14.705+00:00,True,11,11.0,,11.0,281353.946987,281983.301995,281983.301976,25634.84563418182,52.96725,281353.946987,84812.43123508328,140712.04297799998,62.9355008,5.203535573865412,0.03900940205386717,18,64,,True,True,,44,87.6246207195492
255,2026-09-18T06:50:33.109+00:00,2026-09-18T06:55:15.553+00:00,2026-09-18T06:55:15.655+00:00,True,3,3.0,,3.0,282444.83838800003,282546.66955600004,282546.66955700004,94182.22318566668,42.72339,282444.83838800003,163040.20755392956,254206.2653271,50.915584,11.585599541632362,0.010617714959140255,18,64,,True,True,,10,87.6246207195492
256,2026-09-18T06:50:33.385+00:00,2026-09-18T06:55:17.270+00:00,2026-09-18T06:55:17.495+00:00,True,5,5.0,,5.0,283884.901349,284109.203685,284109.203658,56821.8407316,42.570561000000005,283884.901349,126932.10994692009,227120.8998728,56.075584,9.506728991990183,0.01759886668628885,18,64,,True,True,,22,87.6246207195492
257,2026-09-18T06:50:34.928+00:00,2026-09-18T06:55:21.269+00:00,2026-09-18T06:55:21.557+00:00,True,6,6.0,,6.0,286340.891313,286629.082289,286629.082303,47771.513717166665,45.150676,286340.891313,116874.64887486656,214772.09843125,57.638195200000006,7.687124009784882,0.020932977045052148,18,64,,True,True,,21,87.6246207195492
259,2026-09-18T06:50:34.999+00:00,2026-09-18T06:55:21.452+00:00,2026-09-18T06:55:23.371+00:00,True,32,32.0,,32.0,286453.579189,288372.434357,288372.434369,9011.63857403125,37.139211,286453.579189,50627.37587051917,86.8206061,61.89855380645161,10.2669053403217,0.11096761058785724,18,64,,True,True,,95,87.6246207195492
258,2026-09-18T06:50:34.974+00:00,2026-09-18T06:55:21.991+00:00,2026-09-18T06:55:24.535+00:00,True,43,43.0,,43.0,287017.022993,289561.013777,289561.01380899997,6733.977065325581,38.278858,287017.022993,43760.44946866133,69.1262644,60.57120914285714,8.595247657122401,0.1485006542804676,18,64,,True,True,,157,87.6246207195492
260,2026-09-18T06:50:35.088+00:00,2026-09-18T06:55:23.245+00:00,2026-09-18T06:55:27.786+00:00,True,75,75.0,,75.0,288156.68693,292697.689426,292697.689521,3902.6358602800005,33.907467,288156.68693,33266.38378916526,75.1606966,61.3648985945946,9.86824396337693,0.2562370756908949,18,64,,True,True,,387,87.6246207195492
261,2026-09-18T06:50:35.544+00:00,2026-09-18T06:55:25.418+00:00,2026-09-18T06:55:29.225+00:00,True,62,62.0,,62.0,289874.234534,293681.06973399996,293681.06961299997,4736.791445370967,38.674907,289874.234534,36806.14076484655,93.9270701,62.407134426229504,11.857483495429346,0.21111336885334886,18,64,,True,True,,290,87.6246207195492
262,2026-09-18T06:50:36.012+00:00,2026-09-18T06:55:27.048+00:00,2026-09-18T06:55:32.596+00:00,True,90,90.0,,90.0,291036.057119,296584.470559,296584.47058100003,3295.3830064555555,34.326066,291036.057119,30671.324654629847,91.88775070000001,62.34172404494382,11.115864298658177,0.30345486339985617,18,64,,True,True,,512,87.6246207195492
263,2026-09-18T06:50:36.330+00:00,2026-09-18T06:55:28.248+00:00,2026-09-18T06:55:28.663+00:00,True,8,8.0,,8.0,291917.711386,292332.629018,292332.629227,36541.578653375,41.894000999999996,291917.711386,103187.54112392562,189777.36742964998,59.273947428571425,15.554159604013057,0.027366086457312335,18,64,,True,True,,30,87.6246207195492
264,2026-09-18T06:50:36.648+00:00,2026-09-18T06:55:29.635+00:00,2026-09-18T06:55:30.548+00:00,True,15,15.0,,15.0,292987.719888,293900.108496,293900.108646,19593.340576399998,56.500434,292987.719888,75632.27742447967,87958.09558220001,65.17061485714285,8.301113805903313,0.051037749107207805,18,64,,True,True,,53,87.6246207195492
265,2026-09-18T06:50:36.973+00:00,2026-09-18T06:55:30.667+00:00,2026-09-18T06:55:34.985+00:00,True,69,69.0,,69.0,293694.21748299996,298011.62650699995,298011.626724,4319.0090829565215,37.44719,293694.21748299996,35348.98652835049,88.85667140000001,63.49130917647059,8.746232483889443,0.2315345908102658,18,64,,True,True,,324,87.6246207195492
266,2026-09-18T06:50:37.452+00:00,2026-09-18T06:55:32.473+00:00,2026-09-18T06:55:36.623+00:00,True,66,66.0,,66.0,295020.779069,299171.329341,299171.329272,4532.8989283636365,36.139612,295020.779069,36306.68961461982,93.748544,63.85461956923077,12.173081077227904,0.22060937505402534,18,64,,True,True,,290,87.6246207195492
267,2026-09-18T06:50:37.886+00:00,2026-09-18T06:55:33.982+00:00,2026-09-18T06:55:37.905+00:00,False,62,61.0,,61.0,296096.560597,300019.147221,300019.147319,4839.018505145162,0.03724,296096.560597,37596.13679088886,93.39650554999999,64.30469875409837,14.355707471931547,0.20332035660066125,18,64,,True,False,Request timeout: 300.0s exceeded,269,87.6246207195492
268,2026-09-18T06:50:38.310+00:00,2026-09-18T06:55:35.829+00:00,2026-09-18T06:55:38.326+00:00,False,41,40.0,,40.0,297519.133085,300015.68118099996,300015.681153,7317.455637878048,0.04202,297519.133085,46454.93712900783,93.414765,62.4137024,14.687732683112536,0.133326364283832,18,64,,True,False,Request timeout: 300.0s exceeded,148,87.6246207195492
269,2026-09-18T06:50:38.600+00:00,2026-09-18T06:55:36.925+00:00,2026-09-18T06:55:38.648+00:00,False,29,28.0,,28.0,298324.93130500003,300047.684329,300047.68427400006,10346.471871517242,0.03181,298324.93130500003,55386.12587934917,93.4393224,61.52689371428572,15.645965000427717,0.09331850056639068,18,64,,True,False,Request timeout: 300.0s exceeded,151,87.6246207195492
270,2026-09-18T06:50:38.988+00:00,2026-09-18T06:55:38.460+00:00,2026-09-18T06:55:38.709+00:00,True,5,5.0,,5.0,299471.941992,299720.956264,299720.95624499995,59944.191248999996,58.854150000000004,299471.941992,133900.08330923377,239590.5734912,62.253568,2.6380429391542006,0.016682183529388928,18,64,,True,True,,23,87.6246207195492
271,2026-09-18T06:50:39.408+00:00,2026-09-18T06:55:39.515+00:00,2026-09-18T06:55:39.515+00:00,False,1,0.0,,0.0,300107.015947,300107.015947,300107.015947,300107.015947,300107.015947,300107.015947,nan,300107.015947,nan,nan,0.0,18,64,,True,False,"HTTPConnectionPool(host='gpu03', port=9002): Read timed out.",0,87.6246207195492
272,2026-09-18T06:50:39.791+00:00,2026-09-18T06:55:39.894+00:00,2026-09-18T06:55:39.894+00:00,False,1,0.0,,0.0,300103.142484,300103.142484,300103.142484,300103.142484,300103.142484,300103.142484,nan,300103.142484,nan,nan,0.0,18,64,,True,False,TTFT timeout: 300.0s exceeded (TTFT: 300.098s),0,87.6246207195492
273,2026-09-18T06:50:40.281+00:00,2026-09-18T06:55:40.158+00:00,2026-09-18T06:55:40.319+00:00,False,4,3.0,,3.0,299877.518255,300038.167215,300038.167414,75009.5418535,0.02238,299877.518255,149911.9893074746,254909.56487509998,53.54965333333334,47.60868341023134,0.009998727921338997,18,64,,True,False,Request timeout: 300.0s exceeded,10,87.6246207195492
274,2026-09-18T06:50:40.587+00:00,2026-09-18T06:55:40.520+00:00,2026-09-18T06:55:40.611+00:00,False,3,2.0,,2.0,299933.052133,300023.636709,300023.63665299997,100007.87888433333,0.06735,299933.052133,173140.28479581093,269948.79863669997,45.292288,63.95775178978073,0.006666141447848149,18,64,,True,False,Request timeout: 300.0s exceeded,2,87.6246207195492
275,2026-09-18T06:50:41.028+00:00,2026-09-18T06:55:41.073+00:00,2026-09-18T06:55:41.073+00:00,False,1,0.0,,0.0,300044.531263,300044.531263,300044.531263,300044.531263,300044.531263,300044.531263,nan,300044.531263,nan,nan,0.0,18,64,,True,False,"HTTPConnectionPool(host='gpu03', port=9002): Read timed out.",0,87.6246207195492
276,2026-09-18T06:50:41.384+00:00,2026-09-18T06:55:41.410+00:00,2026-09-18T06:55:41.410+00:00,False,1,0.0,,0.0,300025.12146,300025.12146,300025.12146,300025.12146,300025.12146,300025.12146,nan,300025.12146,nan,nan,0.0,18,64,,True,False,TTFT timeout: 300.0s exceeded (TTFT: 300.018s),0,87.6246207195492
277,2026-09-18T06:50:41.759+00:00,2026-09-18T06:55:41.683+00:00,2026-09-18T06:55:41.835+00:00,False,4,3.0,,3.0,299924.10038,300076.03202800005,300076.032174,75019.0080435,0.038209,299924.10038,149936.73295000763,254949.02476415003,50.64388266666666,46.104819289573676,0.009997466241222726,18,64,,True,False,Request timeout: 300.0s exceeded,6,87.6246207195492
278,2026-09-18T06:50:42.076+00:00,2026-09-18T06:55:42.193+00:00,2026-09-18T06:55:42.193+00:00,False,1,0.0,,0.0,300116.577929,300116.577929,300116.577929,300116.577929,300116.577929,300116.577929,nan,300116.577929,nan,nan,0.0,18,64,,True,False,"HTTPConnectionPool(host='gpu03', port=9002): Read timed out.",0,87.6246207195492
279,2026-09-18T06:50:42.462+00:00,2026-09-18T06:55:42.520+00:00,2026-09-18T06:55:42.520+00:00,False,1,0.0,,0.0,300057.62025,300057.62025,300057.62025,300057.62025,300057.62025,300057.62025,nan,300057.62025,nan,nan,0.0,18,64,,True,False,"HTTPConnectionPool(host='gpu03', port=9002): Read timed out.",0,87.6246207195492
280,2026-09-18T06:50:42.776+00:00,2026-09-18T06:55:42.746+00:00,2026-09-18T06:55:42.818+00:00,False,3,2.0,,2.0,299969.921117,300042.216285,300042.216102,100014.072034,0.033659999999999995,299969.921117,173166.8487069234,269980.1551378,36.147584,51.072614435120975,0.006665728658997331,18,64,,True,False,Request timeout: 300.0s exceeded,6,87.6246207195492
281,2026-09-18T06:50:43.060+00:00,2026-09-18T06:55:42.890+00:00,2026-09-18T06:55:43.141+00:00,False,5,4.0,,4.0,299829.46249299997,300080.27414099994,300080.274153,60016.05483059999,0.08985,299829.46249299997,134059.77534307417,239881.2974072,62.702912,42.19727274629961,0.013329766548135395,18,64,,True,False,Request timeout: 300.0s exceeded,13,87.6246207195492
282,2026-09-18T06:50:43.346+00:00,2026-09-18T06:55:43.211+00:00,2026-09-18T06:55:43.372+00:00,False,5,4.0,,4.0,299865.534909,300026.69817299995,300026.69826599996,60005.3396532,0.023260000000000003,299865.534909,134085.92774626272,239905.04460939995,40.290816,28.827650111205756,0.013332146853456153,18,64,,True,False,Request timeout: 300.0s exceeded,10,87.6246207195492
283,2026-09-18T06:50:43.786+00:00,2026-09-18T06:55:43.838+00:00,2026-09-18T06:55:43.838+00:00,False,1,0.0,,0.0,300052.957356,300052.957356,300052.957356,300052.957356,300052.957356,300052.957356,nan,300052.957356,nan,nan,0.0,18,64,,True,False,"HTTPConnectionPool(host='gpu03', port=9002): Read timed out.",0,87.6246207195492
284,2026-09-18T06:50:44.143+00:00,2026-09-18T06:55:44.153+00:00,2026-09-18T06:55:44.254+00:00,False,3,2.0,,2.0,300009.56459799997,300110.72530199995,300110.725298,100036.90843266665,0.03622,300009.56459799997,173181.40767724763,270018.7205862,50.580352,71.4800102965857,0.00666420701221994,18,64,,True,False,Request timeout: 300.0s exceeded,9,87.6246207195492
285,2026-09-18T06:50:44.573+00:00,2026-09-18T06:55:44.354+00:00,2026-09-18T06:55:44.628+00:00,False,6,5.0,,5.0,299781.306375,300055.317511,300055.317371,50009.21956183333,0.019280000000000002,299781.306375,122362.83611127586,224854.26681675,54.802227200000004,31.163879340532738,0.01666359403817831,18,64,,True,False,Request timeout: 300.0s exceeded,22,87.6246207195492
286,2026-09-18T06:50:44.948+00:00,2026-09-18T06:55:45.182+00:00,2026-09-18T06:55:45.820+00:00,True,10,10.0,,10.0,300233.440738,300871.729122,300871.72922,30087.172921999998,56.101275,300233.440738,94919.72399474667,165171.52887039998,70.92093155555555,14.000614120550633,0.03323675517530966,18,64,,True,True,,37,87.6246207195492
288,2026-09-18T06:50:45.894+00:00,2026-09-18T06:55:45.928+00:00,2026-09-18T06:55:45.928+00:00,False,1,0.0,,0.0,300034.374917,300034.374917,300034.374917,300034.374917,300034.374917,300034.374917,nan,300034.374917,nan,nan,0.0,18,64,,True,False,"HTTPConnectionPool(host='gpu03', port=9002): Read timed out.",0,87.6246207195492
287,2026-09-18T06:50:45.455+00:00,2026-09-18T06:55:46.714+00:00,2026-09-18T06:55:46.714+00:00,False,1,0.0,,0.0,301258.474172,301258.474172,301258.474172,301258.474172,301258.474172,301258.474172,nan,301258.474172,nan,nan,0.0,18,64,,True,False,"HTTPConnectionPool(host='gpu03', port=9002): Read timed out.",0,87.6246207195492
289,2026-09-18T06:50:46.295+00:00,2026-09-18T06:55:46.719+00:00,2026-09-18T06:55:46.719+00:00,False,1,0.0,,0.0,300424.486114,300424.486114,300424.486114,300424.486114,300424.486114,300424.486114,nan,300424.486114,nan,nan,0.0,18,64,,True,False,"HTTPConnectionPool(host='gpu03', port=9002): Read timed out.",0,87.6246207195492
290,2026-09-18T06:50:46.692+00:00,2026-09-18T06:55:46.772+00:00,2026-09-18T06:55:46.772+00:00,False,1,0.0,,0.0,300080.925799,300080.925799,300080.925799,300080.925799,300080.925799,300080.925799,nan,300080.925799,nan,nan,0.0,18,64,,True,False,"HTTPConnectionPool(host='gpu03', port=9002): Read timed out.",0,87.6246207195492
291,2026-09-18T06:50:47.193+00:00,2026-09-18T06:55:47.108+00:00,2026-09-18T06:55:47.291+00:00,False,3,2.0,,2.0,299915.781906,300098.47605,300098.476003,100032.82533433333,0.044918999999999994,299915.781906,173103.74225288123,269942.4686332,91.347072,129.12054929920532,0.006664479028100016,18,64,,True,False,Request timeout: 300.0s exceeded,5,87.6246207195492
292,2026-09-18T06:50:47.564+00:00,2026-09-18T06:55:47.286+00:00,2026-09-18T06:55:47.593+00:00,False,7,6.0,,6.0,299722.33809,300029.670954,300029.67091399996,42861.38155914285,0.02486,299722.33809,113265.03776917422,209825.24757239997,51.222144,25.285765750263845,0.019998022132017436,18,64,,True,False,Request timeout: 300.0s exceeded,21,87.6246207195492
293,2026-09-18T06:50:47.944+00:00,2026-09-18T06:55:48.015+00:00,2026-09-18T06:55:48.015+00:00,False,1,0.0,,0.0,300070.869526,300070.869526,300070.869526,300070.869526,300070.869526,300070.869526,nan,300070.869526,nan,nan,0.0,18,64,,True,False,TTFT timeout: 300.0s exceeded (TTFT: 300.067s),0,87.6246207195492
294,2026-09-18T06:50:48.310+00:00,2026-09-18T06:55:48.413+00:00,2026-09-18T06:55:48.413+00:00,False,1,0.0,,0.0,300103.742995,300103.742995,300103.742995,300103.742995,300103.742995,300103.742995,nan,300103.742995,nan,nan,0.0,18,64,,True,False,"HTTPConnectionPool(host='gpu03', port=9002): Read timed out.",0,87.6246207195492
295,2026-09-18T06:50:48.731+00:00,2026-09-18T06:55:48.654+00:00,2026-09-18T06:55:48.744+00:00,False,3,2.0,,2.0,299923.055344,300012.788464,300012.78841599997,100004.26280533333,0.06681000000000001,299923.055344,173134.7588285041,269939.7164358,44.86656,63.356405555642695,0.006666382490691692,18,64,,True,False,Request timeout: 300.0s exceeded,6,87.6246207195492
296,2026-09-18T06:50:49.111+00:00,2026-09-18T06:55:48.959+00:00,2026-09-18T06:55:49.179+00:00,False,5,4.0,,4.0,299847.73808499996,300067.726821,300067.727033,60013.545406599995,0.02776,299847.73808499996,134071.39373910148,239895.91320679997,54.997184,38.749026146415254,0.013330323931790665,18,64,,True,False,Request timeout: 300.0s exceeded,12,87.6246207195492
297,2026-09-18T06:50:49.629+00:00,2026-09-18T06:55:49.770+00:00,2026-09-18T06:55:49.770+00:00,False,1,0.0,,0.0,300141.211411,300141.211411,300141.211411,300141.211411,300141.211411,300141.211411,nan,300141.211411,nan,nan,0.0,18,64,,True,False,"HTTPConnectionPool(host='gpu03', port=9002): Read timed out.",0,87.6246207195492
298,2026-09-18T06:50:50.106+00:00,2026-09-18T06:55:50.094+00:00,2026-09-18T06:55:50.167+00:00,False,3,2.0,,2.0,299988.07705699996,300061.22931299993,300061.22935999994,100020.40978666666,0.0228,299988.07705699996,173177.0836493719,269996.58230159996,36.576128,51.6942348348892,0.006665306292915835,18,64,,True,False,Request timeout: 300.0s exceeded,7,87.6246207195492
299,2026-09-18T06:50:50.445+00:00,2026-09-18T06:55:50.310+00:00,2026-09-18T06:55:50.516+00:00,False,5,4.0,,4.0,299864.75211,300070.373614,300070.373434,60014.0746868,0.03638,299864.75211,134080.60811850344,239906.171851,51.405376,34.48780879201492,0.013330206350679124,18,64,,True,False,Request timeout: 300.0s exceeded,15,87.6246207195492
300,2026-09-18T06:50:50.820+00:00,2026-09-18T06:55:50.903+00:00,2026-09-18T06:55:50.903+00:00,False,1,0.0,,0.0,300083.015231,300083.015231,300083.015231,300083.015231,300083.015231,300083.015231,nan,300083.015231,nan,nan,0.0,18,64,,True,False,"HTTPConnectionPool(host='gpu03', port=9002): Read timed out.",0,87.6246207195492
301,2026-09-18T06:50:51.175+00:00,2026-09-18T06:55:51.255+00:00,2026-09-18T06:55:51.255+00:00,False,1,0.0,,0.0,300080.57583600003,300080.57583600003,300080.57583600003,300080.57583600003,300080.57583600003,300080.57583600003,nan,300080.57583600003,nan,nan,0.0,18,64,,True,False,"HTTPConnectionPool(host='gpu03', port=9002): Read timed out.",0,87.6246207195492
302,2026-09-18T06:50:51.468+00:00,2026-09-18T06:55:51.397+00:00,2026-09-18T06:55:51.551+00:00,False,4,3.0,,3.0,299929.61151200003,300083.154424,300083.154585,75020.78864625,0.02562,299929.61151200003,149939.22029074008,254954.3140793,51.18097066666667,47.64648679097594,0.009997228953949128,18,64,,True,False,Request timeout: 300.0s exceeded,15,87.6246207195492
303,2026-09-18T06:50:51.950+00:00,2026-09-18T06:55:51.924+00:00,2026-09-18T06:55:51.984+00:00,False,3,2.0,,2.0,299973.644436,300033.990292,300033.99026399996,100011.33008799999,0.01865,299973.644436,173172.44665025643,269982.31271019997,30.172928,42.64453517105328,0.006665911412415486,18,64,,True,False,Request timeout: 300.0s exceeded,6,87.6246207195492
304,2026-09-18T06:50:52.429+00:00,2026-09-18T06:55:52.533+00:00,2026-09-18T06:55:52.533+00:00,False,1,0.0,,0.0,300103.68940100004,300103.68940100004,300103.68940100004,300103.68940100004,300103.68940100004,300103.68940100004,nan,300103.68940100004,nan,nan,0.0,18,64,,True,False,"HTTPConnectionPool(host='gpu03', port=9002): Read timed out.",0,87.6246207195492
305,2026-09-18T06:50:52.918+00:00,2026-09-18T06:55:52.818+00:00,2026-09-18T06:55:52.926+00:00,False,4,3.0,,3.0,299900.29186,300008.13698,300008.137058,75002.0342645,0.023010000000000003,299900.29186,149932.17444485112,254925.72066685,35.948373333333336,34.942446169546244,0.00999972877468985,18,64,,True,False,Request timeout: 300.0s exceeded,9,87.6246207195492
0,2026-09-18T06:48:53.150+00:00,2026-09-18T06:48:53.321+00:00,2026-09-18T06:48:55.543+00:00,True,41,41.0,,41.0,171.07028200000002,2393.207882,2393.207923,58.370924951219514,6.918607,171.07028200000002,24.076571407214548,88.382076,55.55344,16.147222178917865,17.131817218375684,19,64,,False,True,,173,87.6246207195492
1,2026-09-18T06:48:53.710+00:00,2026-09-18T06:48:53.914+00:00,2026-09-18T06:48:55.665+00:00,True,32,32.0,,32.0,203.898971,1954.5542030000001,1954.554248,61.07982025,12.479766999999999,203.898971,29.32468218603845,80.96752279999998,56.47274941935484,13.66596588812171,16.372019742856935,19,64,,False,True,,126,87.6246207195492
2,2026-09-18T06:48:54.259+00:00,2026-09-18T06:48:56.498+00:00,2026-09-18T06:48:58.601+00:00,True,35,35.0,,35.0,2238.6906,4341.948456,4341.948252,124.05566434285714,38.062029,2238.6906,367.9977592943711,71.3562686,61.86052517647059,5.926311068937402,8.060897165104441,19,64,,False,True,,131,87.6246207195492
3,2026-09-18T06:48:54.642+00:00,2026-09-18T06:48:57.948+00:00,2026-09-18T06:49:03.084+00:00,True,87,87.0,,87.0,3306.197687,8442.439095,8442.439102,97.03952990804598,0.0,3306.197687,348.321083663165,70.0899949,59.72373730232558,13.600753206728287,10.305078783633205,19,64,,False,True,,428,87.6246207195492
4,2026-09-18T06:48:55.282+00:00,2026-09-18T06:49:00.031+00:00,2026-09-18T06:49:00.946+00:00,True,16,16.0,,16.0,4749.597915,5664.1205390000005,5664.120535,354.0075334375,40.527385,4749.597915,1172.1744649188904,1238.05505175,60.96817493333333,6.540307165664135,2.8247986408186145,19,64,,False,True,,69,87.6246207195492
5,2026-09-18T06:48:55.882+00:00,2026-09-18T06:49:02.150+00:00,2026-09-18T06:49:02.674+00:00,True,10,10.0,,10.0,6268.266662999999,6792.232359,6792.232319,679.2232319,0.0,6268.266662999999,1964.0060826695394,3499.0206202499994,58.218410666666664,30.922530519373733,1.4722700095425285,19,64,,False,True,,48,87.6246207195492
6,2026-09-18T06:48:56.300+00:00,2026-09-18T06:49:03.918+00:00,2026-09-18T06:49:07.906+00:00,True,67,67.0,,67.0,7618.457743,11606.703247,11606.703312,173.23437779104478,0.01783,7618.457743,924.1326313106819,72.100258,60.42796218181818,38.063540514216974,5.772526321573491,19,64,,False,True,,284,87.6246207195492
7,2026-09-18T06:48:56.763+00:00,2026-09-18T06:49:05.493+00:00,2026-09-18T06:49:08.852+00:00,True,56,56.0,,56.0,8730.628996,12089.055875999999,12089.056055,215.87600098214284,0.0,8730.628996,1159.3204468605654,99.20494074999999,61.06230690909091,43.48168874329272,4.632288954108893,19,64,,False,True,,320,87.6246207195492
8,2026-09-18T06:48:57.221+00:00,2026-09-18T06:49:07.355+00:00,2026-09-18T06:49:09.278+00:00,True,33,33.0,,33.0,10133.31354,12056.429827999998,12056.429756,365.34635624242424,0.0,10133.31354,1754.4673004060628,240.8408204,60.097384,58.51148009906888,2.7371286915601165,19,64,,False,True,,141,87.6246207195492
9,2026-09-18T06:48:57.751+00:00,2026-09-18T06:49:09.156+00:00,2026-09-18T06:49:14.671+00:00,True,93,93.0,,93.0,11404.691347,16920.365715,16920.365558,181.93941460215055,0.0,11404.691347,1176.7201896607316,69.93403999999998,59.95298226086956,27.83245742821667,5.496335100934313,19,64,,False,True,,372,87.6246207195492
10,2026-09-18T06:48:58.141+00:00,2026-09-18T06:49:10.523+00:00,2026-09-18T06:49:13.476+00:00,True,50,50.0,,50.0,12381.625402000001,15334.856506000002,15334.856585000001,306.69713170000006,0.0,12381.625402000001,1742.687847539736,69.4393997,60.270022530612245,25.659366336553816,3.2605456712579426,19,64,,False,True,,161,87.6246207195492
11,2026-09-18T06:48:58.713+00:00,2026-09-18T06:49:12.805+00:00,2026-09-18T06:49:17.748+00:00,True,84,84.0,,84.0,14091.707744000001,19034.7032,19034.703328,226.60361104761907,0.0,14091.707744000001,1531.496147459816,72.66664495,59.554162120481934,37.87121923780396,4.412992370692704,19,64,,False,True,,343,87.6246207195492
12,2026-09-18T06:48:59.272+00:00,2026-09-18T06:49:14.731+00:00,2026-09-18T06:49:20.253+00:00,True,92,92.0,,92.0,15459.291283,20981.272723000002,20981.272952,228.05731469565217,0.0,15459.291283,1605.9513413584712,71.80636475,60.681114725274725,41.689265262807425,4.38486269229741,19,64,,False,True,,431,87.6246207195492
13,2026-09-18T06:48:59.825+00:00,2026-09-18T06:49:16.957+00:00,2026-09-18T06:49:20.695+00:00,True,63,63.0,,63.0,17132.279844,20869.978916,20869.978989,331.2695077619048,0.0,17132.279844,2151.2012246238646,72.0012881,60.28546890322581,38.107257413661365,3.0186901603288616,19,64,,False,True,,222,87.6246207195492
14,2026-09-18T06:49:00.289+00:00,2026-09-18T06:49:18.626+00:00,2026-09-18T06:49:20.761+00:00,True,36,36.0,,36.0,18337.160164999998,20472.366308999997,20472.366406999998,568.6768446388888,0.0,18337.160164999998,3046.438538635726,146.381288,61.00588982857143,50.88324110522439,1.7584679492655322,19,64,,False,True,,148,87.6246207195492
15,2026-09-18T06:49:00.648+00:00,2026-09-18T06:49:20.237+00:00,2026-09-18T06:49:24.140+00:00,True,64,64.0,,64.0,19589.426678,23491.735286,23491.735216,367.05836275,0.0,19589.426678,2441.7947753066633,97.501439,61.94140647619048,65.28776193447506,2.724362386210825,19,64,,False,True,,317,87.6246207195492
16,2026-09-18T06:49:01.009+00:00,2026-09-18T06:49:21.638+00:00,2026-09-18T06:49:24.138+00:00,True,45,45.0,,45.0,20629.308866,23129.364417999997,23129.36449,513.9858775555556,0.0,20629.308866,3067.2296119594826,99.24407339999999,56.819444363636364,53.96386423681735,1.9455787537758533,19,64,,False,True,,213,87.6246207195492
17,2026-09-18T06:49:01.359+00:00,2026-09-18T06:49:22.476+00:00,2026-09-18T06:49:25.970+00:00,True,59,59.0,,59.0,21116.13611,24610.556334,24610.556196999998,417.1280711355932,0.0,21116.13611,2741.5842948899462,90.54631020000001,60.248624551724134,43.63193441895165,2.397345236706017,19,64,,False,True,,269,87.6246207195492
18,2026-09-18T06:49:01.985+00:00,2026-09-18T06:49:24.865+00:00,2026-09-18T06:49:27.736+00:00,True,49,49.0,,49.0,22879.788443,25751.475099000003,25751.474987,525.5403058571429,39.239697,22879.788443,3260.0095971479996,78.9643332,59.82680533333333,10.019703965932772,1.9028036184965107,19,64,,False,True,,232,87.6246207195492
19,2026-09-18T06:49:02.407+00:00,2026-09-18T06:49:26.520+00:00,2026-09-18T06:49:27.095+00:00,True,10,10.0,,10.0,24112.756402,24687.743154,24687.743124,2468.7743124,40.244386,24112.756402,7604.930765356535,13303.122625599999,63.887416888888886,13.499293064207144,0.4050593015984032,19,64,,False,True,,35,87.6246207195492
20,2026-09-18T06:49:02.797+00:00,2026-09-18T06:49:28.020+00:00,2026-09-18T06:49:29.560+00:00,True,27,27.0,,27.0,25223.794228,26763.516467999998,26763.516456999998,991.2413502592592,0.0,25223.794228,4843.483687410902,305.22398939999994,59.220086153846154,75.05100903040702,1.0088360411189896,19,64,,False,True,,102,87.6246207195492
21,2026-09-18T06:49:03.415+00:00,2026-09-18T06:49:30.660+00:00,2026-09-18T06:49:36.472+00:00,True,98,98.0,,98.0,27245.107242,33056.843305999995,33056.843212,337.3147266530612,0.0,27245.107242,2746.904753978096,71.14098734999999,59.914804783505154,66.03329214324205,2.964590390341732,19,64,,False,True,,455,87.6246207195492
22,2026-09-18T06:49:03.991+00:00,2026-09-18T06:49:32.666+00:00,2026-09-18T06:49:37.204+00:00,True,75,75.0,,75.0,28674.772745000002,33212.375817,33212.375823,442.83167764,0.0,28674.772745000002,3304.928713445469,95.1761044,61.31896043243243,79.00411803726784,2.2581943674625857,19,64,,False,True,,412,87.6246207195492
23,2026-09-18T06:49:04.607+00:00,2026-09-18T06:49:35.168+00:00,2026-09-18T06:49:40.675+00:00,True,91,91.0,,91.0,30560.799043000003,36068.440643,36068.440563000004,396.35648970329675,0.0,30560.799043000003,3197.6183751147046,93.60101750000001,61.196017777777776,50.29925204702811,2.5229812649985153,19,64,,False,True,,489,87.6246207195492
24,2026-09-18T06:49:05.139+00:00,2026-09-18T06:49:37.031+00:00,2026-09-18T06:49:38.342+00:00,True,22,22.0,,22.0,31891.577495,33203.277207,33203.277305,1509.2398775000001,8.130105,31891.577495,6786.015431307933,103.22192024999998,62.46189104761905,18.944545639520157,0.6625851979262428,19,64,,False,True,,147,87.6246207195492
25,2026-09-18T06:49:05.496+00:00,2026-09-18T06:49:38.327+00:00,2026-09-18T06:49:39.813+00:00,True,26,26.0,,26.0,32831.458636,34317.281356,34317.281465,1319.8954409615385,0.0,32831.458636,6427.795576163183,389.32381200000003,59.4329088,94.89898247019039,0.7576357733668254,19,64,,False,True,,126,87.6246207195492
26,2026-09-18T06:49:05.993+00:00,2026-09-18T06:49:39.936+00:00,2026-09-18T06:49:45.865+00:00,True,98,98.0,,98.0,33942.515963,39871.810555,39871.810415,406.8552083163265,0.0,33942.515963,3423.0293969421487,96.53273519999999,61.12674837113402,58.35059179211561,2.4578768467214895,19,64,,False,True,,427,87.6246207195492
27,2026-09-18T06:49:06.373+00:00,2026-09-18T06:49:41.684+00:00,2026-09-18T06:49:46.214+00:00,True,74,74.0,,74.0,35310.993724,39841.084988,39841.084927,538.3930395540541,0.0,35310.993724,4098.155949511494,101.06660520000001,62.05604471232877,67.61464710720715,1.8573791356909215,19,64,,False,True,,339,87.6246207195492
28,2026-09-18T06:49:06.818+00:00,2026-09-18T06:49:43.479+00:00,2026-09-18T06:49:46.343+00:00,True,48,48.0,,48.0,36661.623178,39525.580938,39525.581094,823.4496061250001,0.0,36661.623178,5283.496021868537,86.53488549999999,60.9352714893617,83.23800137995045,1.2144034030845243,19,64,,False,True,,214,87.6246207195492
29,2026-09-18T06:49:07.198+00:00,2026-09-18T06:49:44.674+00:00,2026-09-18T06:49:45.392+00:00,True,13,13.0,,13.0,37475.695131,38193.719067,38193.719027,2937.9783866923076,0.0,37475.695131,10378.559288917322,15346.8976488,59.835328,169.36973555880252,0.3403701005705992,19,64,,False,True,,60,87.6246207195492
30,2026-09-18T06:49:07.934+00:00,2026-09-18T06:49:48.066+00:00,2026-09-18T06:49:49.889+00:00,True,30,30.0,,30.0,40132.4236,41954.72888,41954.729019,1398.4909673,0.01791,40132.4236,7316.693251924921,419.7645926499999,62.83811310344828,124.40993675923366,0.7150564620690738,19,64,,False,True,,159,87.6246207195492
31,2026-09-18T06:49:08.151+00:00,2026-09-18T06:49:48.949+00:00,2026-09-18T06:49:51.327+00:00,True,39,39.0,,39.0,40798.022125,43176.525805000005,43176.526017000004,1107.0904106923078,41.318694,40798.022125,6522.896755567315,87.6766989,62.59220210526316,10.070003482257569,0.9032685996121451,19,64,,False,True,,183,87.6246207195492
32,2026-09-18T06:49:08.618+00:00,2026-09-18T06:49:50.416+00:00,2026-09-18T06:49:50.795+00:00,True,7,7.0,,7.0,41797.997207,42177.239959,42177.239837,6025.319976714286,58.954651,41797.997207,15774.268155082633,29278.573091000002,63.20712533333334,2.8063747924006632,0.16596628908872696,19,64,,False,True,,30,87.6246207195492
33,2026-09-18T06:49:09.165+00:00,2026-09-18T06:49:52.889+00:00,2026-09-18T06:49:53.191+00:00,True,6,6.0,,6.0,43724.36664,44026.61816,44026.618233,7337.7697055,56.40762599999999,43724.36664,17825.719695497588,32810.406296,60.450304,4.731410886230027,0.1362811919415434,19,64,,False,True,,25,87.6246207195492
34,2026-09-18T06:49:09.660+00:00,2026-09-18T06:49:54.765+00:00,2026-09-18T06:49:59.856+00:00,True,82,82.0,,82.0,45105.603399,50195.840327,50195.840318,612.1443941219512,36.215144,45105.603399,4974.159541491062,93.26289360000001,62.842431209876544,13.72774237323761,1.6336014989650998,19,64,,False,True,,348,87.6246207195492
35,2026-09-18T06:49:10.111+00:00,2026-09-18T06:49:56.700+00:00,2026-09-18T06:50:02.639+00:00,True,94,94.0,,94.0,46589.139707999995,52527.516668,52527.51674299999,558.803369606383,0.0,46589.139707999995,4800.3678979096885,95.5503071,63.85351569892473,126.57270688498694,1.789538245147333,19,64,,False,True,,431,87.6246207195492
36,2026-09-18T06:49:10.478+00:00,2026-09-18T06:49:58.411+00:00,2026-09-18T06:50:02.601+00:00,True,54,54.0,,54.0,47932.854854000005,52123.59175000001,52123.591653,965.2516972777779,0.0,47932.854854000005,6514.011594220169,337.6407731,79.07050747169812,160.33864051084845,1.0359992123911912,19,64,,False,True,,187,87.6246207195492
37,2026-09-18T06:49:11.094+00:00,2026-09-18T06:50:00.797+00:00,2026-09-18T06:50:02.660+00:00,True,30,30.0,,30.0,49703.507536,51566.843215999994,51566.843379,1718.8947793,0.01659,49703.507536,9064.818763532701,609.1545424999999,64.25295448275862,192.4307494670389,0.5817691781972741,19,64,,False,True,,142,87.6246207195492
38,2026-09-18T06:49:11.686+00:00,2026-09-18T06:50:03.399+00:00,2026-09-18T06:50:09.913+00:00,True,100,100.0,,100.0,51712.970278,58227.143718,58227.14368,582.2714368000001,0.0,51712.970278,5165.3407989543375,99.12563949999999,65.79973171717171,80.67876221506191,1.717412079910878,19,64,,False,True,,409,87.6246207195492
39,2026-09-18T06:49:12.235+00:00,2026-09-18T06:50:05.609+00:00,2026-09-18T06:50:10.629+00:00,True,79,79.0,,79.0,53374.40894,58394.340844,58394.340889,739.1688720126582,0.0,53374.40894,5998.554102258921,97.6154207,64.35810133333334,92.54546605602101,1.3528708237506757,19,64,,False,True,,398,87.6246207195492
40,2026-09-18T06:49:12.786+00:00,2026-09-18T06:50:07.941+00:00,2026-09-18T06:50:08.158+00:00,True,4,4.0,,4.0,55154.911882,55372.222346,55372.222431,13843.05560775,57.481494,55154.911882,27541.242451226248,46895.98609779999,72.43682133333333,20.192867397542663,0.07223838651455089,19,64,,False,True,,12,87.6246207195492
41,2026-09-18T06:49:13.237+00:00,2026-09-18T06:50:09.901+00:00,2026-09-18T06:50:11.137+00:00,True,28,28.0,,28.0,56663.887155000004,57899.881779,57899.881795,2067.8529212500002,0.0,56663.887155000004,10699.858321697158,91.68129875000001,45.77757866666666,30.312574944171413,0.4835933880983408,19,64,,False,True,,137,87.6246207195492
42,2026-09-18T06:49:13.641+00:00,2026-09-18T06:50:10.988+00:00,2026-09-18T06:50:12.433+00:00,True,25,25.0,,25.0,57346.270660999995,58791.700420999994,58791.700404999996,2351.6680162,37.071180999999996,57346.270660999995,11457.21382737246,87.56103459999999,60.22624,10.87158811461934,0.4252300889577633,19,64,,False,True,,110,87.6246207195492
43,2026-09-18T06:49:14.282+00:00,2026-09-18T06:50:13.237+00:00,2026-09-18T06:50:17.609+00:00,True,71,71.0,,71.0,58955.171902,63326.750014000005,63326.750037000005,891.926056859155,0.01589,58955.171902,6990.06641603138,92.69340899999999,62.45111588571429,105.60178271985889,1.1211691739162932,19,64,,False,True,,315,87.6246207195492
44,2026-09-18T06:49:14.723+00:00,2026-09-18T06:50:15.149+00:00,2026-09-18T06:50:15.348+00:00,True,4,4.0,,4.0,60426.239834,60625.955418,60625.955405,15156.48885125,58.538282,60426.239834,30179.83519385867,51374.061086149995,66.57186133333333,10.446456434405178,0.06597834165946011,19,64,,False,True,,12,87.6246207195492
45,2026-09-18T06:49:15.327+00:00,2026-09-18T06:50:17.673+00:00,2026-09-18T06:50:18.597+00:00,True,15,15.0,,15.0,62345.384612,63269.956772000005,63269.956736,4217.997115733334,55.163538,62345.384612,16080.461575107614,18771.029795000002,66.04086857142858,12.011609975653936,0.23707934642746933,19,64,,False,True,,65,87.6246207195492
46,2026-09-18T06:49:15.910+00:00,2026-09-18T06:50:20.204+00:00,2026-09-18T06:50:24.352+00:00,True,77,77.0,,77.0,64293.697496,68441.610456,68441.610334,888.8520822597403,0.0,64293.697496,7320.7703353635625,94.2592758,54.57780210526316,25.323823923399672,1.125046583313554,19,64,,False,True,,351,87.6246207195492
47,2026-09-18T06:49:16.506+00:00,2026-09-18T06:50:21.964+00:00,2026-09-18T06:50:25.385+00:00,True,56,56.0,,56.0,65457.567007,68878.676511,68878.676485,1229.9763658035713,34.481956,65457.567007,8738.830234451654,86.80010975,62.201990981818184,11.162586799393535,0.8130237518581929,19,64,,False,True,,175,87.6246207195492
48,2026-09-18T06:49:17.028+00:00,2026-09-18T06:50:24.105+00:00,2026-09-18T06:50:27.733+00:00,True,59,59.0,,59.0,67077.023336,70705.377896,70705.377802,1198.3962339322034,32.29231,67077.023336,8724.549545545337,92.99153869999998,62.55783724137931,12.823806383261116,0.8344485491157779,19,64,,False,True,,319,87.6246207195492
49,2026-09-18T06:49:17.647+00:00,2026-09-18T06:50:26.300+00:00,2026-09-18T06:50:32.246+00:00,True,91,91.0,,91.0,68652.993057,74599.009057,74599.009088,819.7693306373626,0.0,68652.993057,7190.659627657708,91.66904099999999,66.06684444444444,107.59988642844571,1.2198553459398938,19,64,,False,True,,425,87.6246207195492
50,2026-09-18T06:49:18.093+00:00,2026-09-18T06:50:28.040+00:00,2026-09-18T06:50:29.643+00:00,True,27,27.0,,27.0,69947.257606,71549.941254,71549.941089,2649.997818111111,30.650054,69947.257606,13449.499963365737,91.44512630000001,61.641678769230765,13.899576253314235,0.3773588003958083,19,64,,False,True,,109,87.6246207195492
51,2026-09-18T06:49:18.449+00:00,2026-09-18T06:50:29.399+00:00,2026-09-18T06:50:29.580+00:00,True,4,4.0,,4.0,70949.88367,71131.023126,71131.023306,17782.7558265,59.49569,70949.88367,35444.751908991195,60316.66111405,60.379818666666665,1.190218317891862,0.05623425369426339,19,64,,False,True,,23,87.6246207195492
52,2026-09-18T06:49:18.827+00:00,2026-09-18T06:50:30.800+00:00,2026-09-18T06:50:33.352+00:00,True,42,42.0,,42.0,71973.648877,74525.385965,74525.385959,1774.413951404762,0.0,71973.648877,11097.327664619654,97.0149915,62.237489951219516,162.16283867037086,0.5635663533460239,19,64,,False,True,,211,87.6246207195492
53,2026-09-18T06:49:19.418+00:00,2026-09-18T06:50:33.063+00:00,2026-09-18T06:50:38.382+00:00,True,88,88.0,,88.0,73644.532833,78963.43024100001,78963.43011,897.3117057954546,0.016280000000000003,73644.532833,7844.787025727845,86.3704734,61.13675181609195,110.59441021223893,1.1144399341748448,19,64,,False,True,,318,87.6246207195492
54,2026-09-18T06:49:20.033+00:00,2026-09-18T06:50:35.299+00:00,2026-09-18T06:50:37.319+00:00,True,36,36.0,,36.0,75265.52084,77285.965,77285.964893,2146.8323581388886,33.505599000000004,75265.52084,12534.63753863913,73.39251725,57.726976,11.61478057418373,0.46580255548339217,19,64,,False,True,,150,87.6246207195492
55,2026-09-18T06:49:20.563+00:00,2026-09-18T06:50:37.448+00:00,2026-09-18T06:50:39.683+00:00,True,35,35.0,,35.0,76885.295759,79119.957391,79119.957365,2260.5702104285715,53.326571,76885.295759,12984.881753076228,97.15523830000001,65.72534211764706,10.84552268365262,0.44236626451951677,19,64,,False,True,,139,87.6246207195492
56,2026-09-18T06:49:21.089+00:00,2026-09-18T06:50:39.427+00:00,2026-09-18T06:50:42.991+00:00,True,57,57.0,,57.0,78338.57619499999,81902.00685099998,81902.00687999999,1436.8773136842103,35.870914,78338.57619499999,10367.778897180337,96.6388608,63.63269028571428,14.053973865021552,0.6959536425486753,19,64,,False,True,,267,87.6246207195492
57,2026-09-18T06:49:21.607+00:00,2026-09-18T06:50:40.518+00:00,2026-09-18T06:50:41.188+00:00,True,12,12.0,,12.0,78910.86338,79580.79874,79580.7989,6631.733241666666,40.818705,78910.86338,22762.025641845903,35555.28359435,60.903214545454546,11.804133785825274,0.1507901427228123,19,64,,False,True,,39,87.6246207195492
58,2026-09-18T06:49:21.975+00:00,2026-09-18T06:50:42.756+00:00,2026-09-18T06:50:45.765+00:00,True,48,48.0,,48.0,80780.733672,83789.81988,83789.819883,1745.6212475625,0.0,80780.733672,11651.659481982491,96.3959325,64.02311080851064,169.43862039723263,0.5728619546950147,19,64,,False,True,,231,87.6246207195492
59,2026-09-18T06:49:22.453+00:00,2026-09-18T06:50:44.509+00:00,2026-09-18T06:50:48.572+00:00,True,67,67.0,,67.0,82055.237267,86118.462099,86118.46200700001,1285.3501792089553,0.0,82055.237267,10018.127436630888,85.7659862,61.56401260606061,143.05317131529011,0.7779981013011843,19,64,,False,True,,321,87.6246207195492
60,2026-09-18T06:49:22.829+00:00,2026-09-18T06:50:45.863+00:00,2026-09-18T06:50:48.705+00:00,True,48,48.0,,48.0,83034.248948,85875.911924,85875.91179,1789.081495625,36.212913,83034.248948,11976.239777692082,84.31042395,60.46091438297872,11.131459952196174,0.558946029504524,19,64,,False,True,,226,87.6246207195492
61,2026-09-18T06:49:23.284+00:00,2026-09-18T06:50:47.673+00:00,2026-09-18T06:50:53.387+00:00,True,94,94.0,,94.0,84388.91627500001,90102.815027,90102.81506000001,958.5405857446809,37.47437,84388.91627500001,8697.721414281743,81.74360815,61.439771526881714,10.544833817450511,1.04325264390277,19,64,,False,True,,410,87.6246207195492
62,2026-09-18T06:49:23.645+00:00,2026-09-18T06:50:48.994+00:00,2026-09-18T06:50:50.975+00:00,True,33,33.0,,33.0,85348.349412,87329.74077199999,87329.74079499999,2646.3557816666666,43.07598,85348.349412,14846.464352344743,82.91791420000001,61.91848,8.524853978788709,0.37787813989000857,19,64,,False,True,,122,87.6246207195492
63,2026-09-18T06:49:24.028+00:00,2026-09-18T06:50:50.211+00:00,2026-09-18T06:50:50.380+00:00,True,4,4.0,,4.0,86183.20608,86352.053952,86352.053988,21588.013497,40.511445,86183.20608,43063.463313668995,73266.00562095,56.282624,14.339703283968465,0.04632200181623307,19,64,,False,True,,11,87.6246207195492
64,2026-09-18T06:49:24.422+00:00,2026-09-18T06:50:51.765+00:00,2026-09-18T06:50:57.258+00:00,True,88,88.0,,88.0,87342.96957700001,92836.40752900002,92836.40735100002,1054.9591744431818,38.766718,87342.96957700001,9304.066863732834,91.6687497,63.14296496551724,10.70264230179165,0.9479039780003419,19,64,,False,True,,403,87.6246207195492
65,2026-09-18T06:49:24.929+00:00,2026-09-18T06:50:53.760+00:00,2026-09-18T06:50:54.516+00:00,True,12,12.0,,12.0,88831.083346,89587.654482,89587.654436,7465.637869666667,58.090682,88831.083346,25623.473559374917,40029.2779629,68.77919418181818,13.966312311247732,0.13394702729281796,19,64,,False,True,,40,87.6246207195492
66,2026-09-18T06:49:25.468+00:00,2026-09-18T06:50:55.739+00:00,2026-09-18T06:50:58.675+00:00,True,48,48.0,,48.0,90271.332185,93206.877529,93206.87746300001,1941.8099471458336,40.419405,90271.332185,13020.530909989311,68.73782685,62.45841157446809,6.360945077107481,0.5149834569349829,19,64,,False,True,,218,87.6246207195492
67,2026-09-18T06:49:26.109+00:00,2026-09-18T06:50:57.942+00:00,2026-09-18T06:51:00.035+00:00,True,35,35.0,,35.0,91832.483662,93925.511758,93925.511768,2683.5860505142855,40.144385,91832.483662,15512.119490494877,76.2029412,61.55964988235294,8.217765465978575,0.3726357125439768,19,64,,False,True,,166,87.6246207195492
68,2026-09-18T06:49:26.481+00:00,2026-09-18T06:50:59.417+00:00,2026-09-18T06:51:04.661+00:00,True,85,85.0,,85.0,92936.33073100001,98179.715563,98179.71561700001,1155.055477847059,36.879072,92936.33073100001,10073.592433508558,68.761905,62.421248,7.255548717381524,0.865759281462342,19,64,,True,True,,465,87.6246207195492
69,2026-09-18T06:49:26.951+00:00,2026-09-18T06:51:01.281+00:00,2026-09-18T06:51:03.923+00:00,True,43,43.0,,43.0,94329.789456,96971.712016,96971.711866,2255.156089906977,40.209326000000004,94329.789456,14375.567419228424,71.71311850000001,62.9029180952381,7.659471465240902,0.4434282854870619,19,64,,True,True,,150,87.6246207195492
70,2026-09-18T06:49:27.581+00:00,2026-09-18T06:51:03.484+00:00,2026-09-18T06:51:08.977+00:00,True,90,90.0,,90.0,95902.996229,101395.348997,101395.349024,1126.6149891555556,37.350571,95902.996229,10102.563404418643,82.5534512,61.71182885393258,10.09303966250655,0.8876146775002751,19,64,,True,True,,399,87.6246207195492
71,2026-09-18T06:49:28.037+00:00,2026-09-18T06:51:05.418+00:00,2026-09-18T06:51:07.562+00:00,True,35,35.0,,35.0,97380.966086,99524.621766,99524.62156,2843.560616,42.163932,97380.966086,16449.734438002375,94.0833487,63.04869647058824,11.714326984499282,0.3516717710547165,19,64,,True,True,,138,87.6246207195492
72,2026-09-18T06:49:28.566+00:00,2026-09-18T06:51:07.215+00:00,2026-09-18T06:51:10.427+00:00,True,53,53.0,,53.0,98649.040184,101860.667192,101860.66715,1921.8993801886793,37.642300999999996,98649.040184,13542.008770155191,84.40259600000002,61.76205784615385,11.329951233706034,0.5203186024699684,19,64,,True,True,,232,87.6246207195492
73,2026-09-18T06:49:28.944+00:00,2026-09-18T06:51:08.849+00:00,2026-09-18T06:51:12.018+00:00,True,51,51.0,,51.0,99904.924093,103074.22201299999,103074.22193799999,2021.0631752549018,38.725669,99904.924093,13980.615397472804,85.4608815,63.3859584,10.213907949627629,0.4947890850300839,19,64,,True,True,,164,87.6246207195492
74,2026-09-18T06:49:29.298+00:00,2026-09-18T06:51:10.171+00:00,2026-09-18T06:51:11.766+00:00,True,26,26.0,,26.0,100872.055446,102467.743126,102467.743083,3941.067041653846,40.380536,100872.055446,19770.12274187554,93.19387,63.8275072,10.522086324137813,0.2537383883631453,19,64,,True,True,,80,87.6246207195492
75,2026-09-18T06:49:29.726+00:00,2026-09-18T06:51:12.084+00:00,2026-09-18T06:51:14.021+00:00,True,32,32.0,,32.0,102358.55886800001,104295.34632400001,104295.346273,3259.22957103125,40.786464,102358.55886800001,18083.566251595905,91.18835255,62.47701470967742,10.516850145326995,0.30682097646610235,19,64,,True,True,,103,87.6246207195492
76,2026-09-18T06:49:30.295+00:00,2026-09-18T06:51:14.022+00:00,2026-09-18T06:51:15.391+00:00,True,23,23.0,,23.0,103727.02788,105096.358824,105096.358765,4569.4069028260865,55.746057,103727.02788,21615.60225317035,69.13539519999999,62.242315636363635,3.243638054461431,0.2188467826798551,19,64,,True,True,,96,87.6246207195492
77,2026-09-18T06:49:30.766+00:00,2026-09-18T06:51:15.903+00:00,2026-09-18T06:51:19.733+00:00,True,59,59.0,,59.0,105136.575654,108967.337894,108967.338024,1846.9040343050847,40.373195,105136.575654,13679.022852217306,93.5335738,66.0476248275862,12.068740714494398,0.541446649429881,19,64,,True,True,,278,87.6246207195492
78,2026-09-18T06:49:31.177+00:00,2026-09-18T06:51:17.411+00:00,2026-09-18T06:51:18.644+00:00,True,20,20.0,,20.0,106234.028696,107467.21858399999,107467.218534,5373.360926699999,37.248121,106234.028696,23740.141336909113,5401.952046599999,64.90473094736842,13.25682810959148,0.186103262590418,19,64,,True,True,,90,87.6246207195492
79,2026-09-18T06:49:31.657+00:00,2026-09-18T06:51:19.082+00:00,2026-09-18T06:51:19.982+00:00,True,15,15.0,,15.0,107425.219465,108324.699785,108324.69992,7221.646661333333,57.641324,107425.219465,27720.48458639393,32291.052851899996,64.24859428571429,8.133080295118349,0.13847257393532225,19,64,,True,True,,72,87.6246207195492
80,2026-09-18T06:49:32.073+00:00,2026-09-18T06:51:20.681+00:00,2026-09-18T06:51:25.964+00:00,True,85,85.0,,85.0,108608.47779799999,113890.75030999999,113890.75031399999,1339.8911801647057,37.318540999999996,108608.47779799999,11773.427076471973,89.19150040000001,62.884196571428575,10.262395108425828,0.7463292652707787,19,64,,True,True,,445,87.6246207195492
81,2026-09-18T06:49:32.612+00:00,2026-09-18T06:51:22.866+00:00,2026-09-18T06:51:26.973+00:00,True,67,67.0,,67.0,110254.521297,114361.023953,114361.023998,1706.8809551940299,36.313233,110254.521297,13462.136326862481,89.07806049999999,62.21973721212121,10.552277378942053,0.5858639393394695,19,64,,True,True,,312,87.6246207195492
82,2026-09-18T06:49:33.002+00:00,2026-09-18T06:51:24.457+00:00,2026-09-18T06:51:25.369+00:00,True,16,16.0,,16.0,111455.261878,112367.551158,112367.55114000001,7022.971946250001,39.599787,111455.261878,27848.611419156954,27914.219006500003,60.81928533333333,6.781682579694834,0.14238986108634158,19,64,,True,True,,69,87.6246207195492
83,2026-09-18T06:49:33.389+00:00,2026-09-18T06:51:25.968+00:00,2026-09-18T06:51:31.544+00:00,True,91,91.0,,91.0,112578.892352,118155.592512,118155.592271,1298.4131018791209,37.965779000000005,112578.892352,11794.98542419593,92.208539,61.963335111111114,12.324767824690548,0.7701709082518287,19,64,,True,True,,417,87.6246207195492
84,2026-09-18T06:49:33.805+00:00,2026-09-18T06:51:27.882+00:00,2026-09-18T06:51:30.695+00:00,True,47,47.0,,47.0,114076.774363,116889.765339,116889.765117,2487.0162790851064,37.766451,114076.774363,16630.89281747772,93.3772236,61.15197773913044,13.073629636290637,0.40208823983598635,19,64,,True,True,,152,87.6246207195492
85,2026-09-18T06:49:34.170+00:00,2026-09-18T06:51:29.239+00:00,2026-09-18T06:51:34.931+00:00,True,91,91.0,,91.0,115068.6734,120760.985208,120760.985355,1327.0437951098902,34.777175,115068.6734,12055.851216397212,93.454512,63.247908977777776,12.921999660582294,0.7535546339180708,19,64,,True,True,,446,87.6246207195492
86,2026-09-18T06:49:34.604+00:00,2026-09-18T06:51:31.288+00:00,2026-09-18T06:51:37.361+00:00,True,97,97.0,,97.0,116683.340485,122757.05952499999,122757.059495,1265.5366958247423,35.868984,116683.340485,11840.981648130975,97.3119536,63.26790666666666,13.218335583257376,0.7901785883055104,19,64,,True,True,,431,87.6246207195492
87,2026-09-18T06:49:35.170+00:00,2026-09-18T06:51:32.468+00:00,2026-09-18T06:51:37.066+00:00,True,74,74.0,,74.0,117297.651981,121895.96084500001,121895.96093,1647.2427152702703,36.488182,117297.651981,13628.258267622905,92.31922214999999,62.99053238356164,12.545650278639565,0.6070750785097517,19,64,,True,True,,364,87.6246207195492
88,2026-09-18T06:49:35.596+00:00,2026-09-18T06:51:35.579+00:00,2026-09-18T06:51:38.662+00:00,True,50,50.0,,50.0,119983.299157,123066.177365,123066.177402,2461.32354804,39.536616,119983.299157,16959.306135582494,92.6403752,62.91588179591837,10.007535763464018,0.40628547234148504,19,64,,True,True,,147,87.6246207195492
89,2026-09-18T06:49:36.083+00:00,2026-09-18T06:51:37.357+00:00,2026-09-18T06:51:42.445+00:00,True,83,83.0,,83.0,121274.09210600001,126361.67994600002,126361.67999,1522.4298793975904,38.04318,121274.09210600001,13304.755013478247,91.06994329999999,62.04375414634146,10.667504708261715,0.6568447019339217,19,64,,True,True,,340,87.6246207195492
90,2026-09-18T06:49:36.664+00:00,2026-09-18T06:51:39.713+00:00,2026-09-18T06:51:44.139+00:00,True,73,73.0,,73.0,123048.489829,127474.986853,127474.986867,1746.232696808219,39.988845999999995,123048.489829,14394.543243426222,72.6195192,61.479125333333336,8.406202388535446,0.5726613651992859,19,64,,True,True,,355,87.6246207195492
91,2026-09-18T06:49:37.297+00:00,2026-09-18T06:51:42.334+00:00,2026-09-18T06:51:46.968+00:00,True,77,77.0,,77.0,125036.919565,129670.390029,129670.390029,1684.0310393376624,38.244398999999994,125036.919565,14242.333839440298,68.572582,60.96671663157895,7.985520937537663,0.5938132829150851,19,64,,True,True,,400,87.6246207195492
92,2026-09-18T06:49:37.672+00:00,2026-09-18T06:51:43.760+00:00,2026-09-18T06:51:44.985+00:00,True,21,21.0,,21.0,126088.408867,127313.065507,127313.06555500001,6062.526931190477,34.285197,126088.408867,27501.385462569746,71.424387,61.232832,7.595123689815225,0.16494772093006718,19,64,,True,True,,93,87.6246207195492
93,2026-09-18T06:49:38.050+00:00,2026-09-18T06:51:45.147+00:00,2026-09-18T06:51:48.216+00:00,True,52,52.0,,52.0,127096.517962,130165.73473,130165.73480199999,2503.1872077307694,35.315234,127096.517962,17616.773002914368,73.27604725,60.180720941176475,9.858328353030977,0.3994906962870258,19,64,,True,True,,284,87.6246207195492
94,2026-09-18T06:49:38.605+00:00,2026-09-18T06:51:46.901+00:00,2026-09-18T06:51:47.591+00:00,True,13,13.0,,13.0,128295.779826,128986.65445,128986.654499,9922.050346076923,38.678028,128295.779826,35566.88079876648,51360.7911132,57.57288533333334,10.871721035155561,0.1007856204615283,19,64,,True,True,,35,87.6246207195492
95,2026-09-18T06:49:39.002+00:00,2026-09-18T06:51:48.345+00:00,2026-09-18T06:51:51.675+00:00,True,56,56.0,,56.0,129342.954427,132672.298171,132672.298331,2369.148184482143,37.354690000000005,129342.954427,17276.09273641199,73.5887305,60.53352261818182,9.477977919458473,0.42209263555397347,19,64,,True,True,,270,87.6246207195492
96,2026-09-18T06:49:39.449+00:00,2026-09-18T06:51:50.205+00:00,2026-09-18T06:51:55.716+00:00,True,89,89.0,,89.0,130755.736214,136266.98639,136266.986461,1531.089735516854,37.52725,130755.736214,13853.446118540316,91.2976254,62.62784290909091,11.02626298963532,0.653129583017852,19,64,,True,True,,442,87.6246207195492
97,2026-09-18T06:49:39.974+00:00,2026-09-18T06:51:51.834+00:00,2026-09-18T06:51:55.175+00:00,True,54,54.0,,54.0,131859.561396,135200.431796,135200.431729,2503.711698685185,36.214142,131859.561396,17935.238845771906,92.6245968,63.03529056603774,11.075308275623437,0.3994070084145813,19,64,,True,True,,274,87.6246207195492
98,2026-09-18T06:49:40.562+00:00,2026-09-18T06:51:54.139+00:00,2026-09-18T06:51:54.902+00:00,True,14,14.0,,14.0,133577.338014,134339.941278,134339.941112,9595.710079428572,38.682818,133577.338014,35684.368849322665,46797.2568639,58.661789538461534,11.190440400166985,0.10421323596553253,19,64,,True,True,,45,87.6246207195492
99,2026-09-18T06:49:41.178+00:00,2026-09-18T06:51:56.332+00:00,2026-09-18T06:51:58.852+00:00,True,44,44.0,,44.0,135153.60609400002,137674.22663800002,137674.22661500002,3128.959695795455,35.154703999999995,135153.60609400002,20366.338105574843,69.38462310000001,58.61908241860465,10.242633770633805,0.3195950402226947,19,64,,True,True,,188,87.6246207195492
100,2026-09-18T06:49:41.527+00:00,2026-09-18T06:51:58.024+00:00,2026-09-18T06:52:02.223+00:00,True,69,69.0,,69.0,136496.69760299998,140696.51584299997,140696.51579499998,2039.0799390579707,39.189957,136496.69760299998,16424.838245207684,72.3121256,61.76203294117647,8.438499162046028,0.4904172614835432,19,64,,True,True,,326,87.6246207195492
101,2026-09-18T06:49:42.092+00:00,2026-09-18T06:52:00.097+00:00,2026-09-18T06:52:04.750+00:00,True,75,75.0,,75.0,138005.91768900002,142658.77400900002,142658.77381700004,1902.116984226667,33.367498,138005.91768900002,15928.294983664955,94.19432200000001,62.87643675675676,12.166021471419535,0.5257300192084114,19,64,,True,True,,303,87.6246207195492
102,2026-09-18T06:49:42.506+00:00,2026-09-18T06:52:01.453+00:00,2026-09-18T06:52:06.726+00:00,True,85,85.0,,85.0,138947.226157,144219.433773,144219.433671,1696.6992196588235,34.384426,138947.226157,15064.139501513275,91.4113194,62.76437638095238,11.794639213973593,0.5893796541580463,19,64,,True,True,,402,87.6246207195492
103,2026-09-18T06:49:42.985+00:00,2026-09-18T06:52:03.539+00:00,2026-09-18T06:52:09.418+00:00,True,95,95.0,,95.0,140554.491932,146433.36118,146433.361167,1541.4038017578948,36.309913,140554.491932,14414.17397965237,93.3287887,62.541162212765954,10.750584142650949,0.6487592665664713,19,64,,True,True,,373,87.6246207195492
104,2026-09-18T06:49:43.551+00:00,2026-09-18T06:52:05.310+00:00,2026-09-18T06:52:10.060+00:00,True,78,78.0,,78.0,141759.36708599998,146508.67063799998,146508.67064599998,1878.3162903333332,36.789421000000004,141759.36708599998,16044.107248494454,88.35270840000001,61.679266909090906,10.632905746581454,0.5323916984594435,19,64,,True,True,,363,87.6246207195492
105,2026-09-18T06:49:44.110+00:00,2026-09-18T06:52:07.703+00:00,2026-09-18T06:52:09.477+00:00,True,30,30.0,,30.0,143592.636368,145367.095248,145367.095172,4845.569839066667,45.804534,143592.636368,26205.137918879027,71.82483955,61.18823724137931,5.86735595984554,0.20637407625721096,19,64,,True,True,,157,87.6246207195492
106,2026-09-18T06:49:44.527+00:00,2026-09-18T06:52:09.380+00:00,2026-09-18T06:52:09.543+00:00,True,4,4.0,,4.0,144852.86297299998,145016.248061,145016.248088,36254.062022,36.800101000000005,144852.86297299998,72399.20177878161,123135.00240679998,54.461696,15.768486740964335,0.027583116054122638,19,64,,True,True,,10,87.6246207195492
107,2026-09-18T06:49:45.130+00:00,2026-09-18T06:52:11.793+00:00,2026-09-18T06:52:16.194+00:00,True,71,71.0,,71.0,146663.739457,151064.32876899999,151064.328575,2127.6665996478873,34.514235,146663.739457,17398.32613322979,89.33085350000002,62.8655616,10.811968477424992,0.4699984475393238,19,64,,True,True,,319,87.6246207195492
108,2026-09-18T06:49:45.538+00:00,2026-09-18T06:52:13.265+00:00,2026-09-18T06:52:19.540+00:00,True,100,100.0,,100.0,147727.06884599998,154002.407598,154002.40777099997,1540.0240777099998,34.502696,147727.06884599998,14766.37413203967,94.8855394,63.38726012121212,13.349807783601277,0.6493404977215349,19,64,,True,True,,485,87.6246207195492
109,2026-09-18T06:49:45.977+00:00,2026-09-18T06:52:15.010+00:00,2026-09-18T06:52:16.069+00:00,True,18,18.0,,18.0,149032.681165,150091.57524499999,150091.57528199998,8338.420849,38.927278,149032.681165,35112.66004101384,22430.6122825,62.28788705882353,10.973627857193584,0.11992678450218103,19,64,,True,True,,70,87.6246207195492
110,2026-09-18T06:49:46.500+00:00,2026-09-18T06:52:17.114+00:00,2026-09-18T06:52:19.387+00:00,True,36,36.0,,36.0,150613.92985800002,152887.36269,152887.36273000002,4246.871186944445,39.442217,150613.92985800002,25091.500250995683,98.18280875,64.95522377142856,15.210856056115029,0.235467466810811,19,64,,True,True,,139,87.6246207195492
111,2026-09-18T06:49:46.848+00:00,2026-09-18T06:52:18.324+00:00,2026-09-18T06:52:23.701+00:00,True,85,85.0,,85.0,151475.997155,156853.494755,156853.49471199999,1845.3352319058822,37.482459999999996,151475.997155,16422.939252429944,92.09410820000001,64.01782857142858,11.89314586945215,0.5419069567609394,19,64,,True,True,,443,87.6246207195492
112,2026-09-18T06:49:47.419+00:00,2026-09-18T06:52:20.797+00:00,2026-09-18T06:52:23.926+00:00,True,50,50.0,,50.0,153377.61431,156506.31242200002,156506.31220800002,3130.12624416,36.062973,153377.61431,21681.843044325004,90.63518295,63.85098187755102,10.940667594541846,0.31947593184089057,19,64,,True,True,,210,87.6246207195492
113,2026-09-18T06:49:47.868+00:00,2026-09-18T06:52:22.318+00:00,2026-09-18T06:52:24.929+00:00,True,42,42.0,,42.0,154450.63388100002,157060.99522500002,157060.995365,3739.5475086904767,35.740324,154450.63388100002,23822.429387212083,91.6583721,63.667349853658536,12.620555663027206,0.26741203275728825,19,64,,True,True,,114,87.6246207195492
114,2026-09-18T06:49:48.761+00:00,2026-09-18T06:52:23.828+00:00,2026-09-18T06:52:29.418+00:00,True,90,90.0,,90.0,155066.606306,160656.686818,160656.686675,1785.0742963888888,33.863298,155066.606306,16338.838373283297,86.0104373,62.80989339325843,10.935693171654986,0.5602007721095141,19,64,,True,True,,324,87.6246207195492
115,2026-09-18T06:49:48.909+00:00,2026-09-18T06:52:25.856+00:00,2026-09-18T06:52:27.132+00:00,True,22,22.0,,22.0,156946.663069,158223.506845,158223.506719,7191.977578136364,39.005576999999995,156946.663069,33448.178461685144,67.1605685,60.80208457142857,5.9996806715944855,0.13904381490894263,19,64,,True,True,,94,87.6246207195492
116,2026-09-18T06:49:49.432+00:00,2026-09-18T06:52:28.189+00:00,2026-09-18T06:52:30.747+00:00,True,43,43.0,,43.0,158756.420465,161315.219057,161315.219255,3751.516726860465,36.597332,158756.420465,24200.83873973556,69.7185633,60.923776,10.856577409473447,0.266558854467452,19,64,,True,True,,85,87.6246207195492
117,2026-09-18T06:49:50.079+00:00,2026-09-18T06:52:30.748+00:00,2026-09-18T06:52:34.827+00:00,True,64,64.0,,64.0,160668.883337,164747.13895300002,164747.139074,2574.17404803125,37.04379,160668.883337,20075.523262650077,99.95165560000001,64.73421612698412,13.733312157248987,0.3884741210483678,19,64,,True,True,,281,87.6246207195492
118,2026-09-18T06:49:50.427+00:00,2026-09-18T06:52:32.003+00:00,2026-09-18T06:52:36.426+00:00,True,69,69.0,,69.0,161575.93451,165998.987822,165998.987836,2405.782432405797,35.643523,161575.93451,19443.631556429093,101.03359939999999,65.04490164705882,14.501601251310495,0.41566518510334777,19,64,,True,True,,377,87.6246207195492
119,2026-09-18T06:49:50.781+00:00,2026-09-18T06:52:33.497+00:00,2026-09-18T06:52:34.531+00:00,True,17,17.0,,17.0,162716.597327,163750.04270299998,163750.042651,9632.355450058823,39.939095,162716.597327,39448.90830593841,32620.726424599998,64.590336,13.376657067839771,0.10381676681961897,19,64,,True,True,,77,87.6246207195492
120,2026-09-18T06:49:51.129+00:00,2026-09-18T06:52:35.216+00:00,2026-09-18T06:52:38.998+00:00,True,59,59.0,,59.0,164086.41679699998,167868.26434899998,167868.26444799997,2845.224821152542,38.11035,164086.41679699998,21353.748335774977,99.39586529999998,65.20426813793104,15.17506347998906,0.35146607507264355,19,64,,True,True,,272,87.6246207195492
121,2026-09-18T06:49:51.582+00:00,2026-09-18T06:52:36.726+00:00,2026-09-18T06:52:42.823+00:00,True,97,97.0,,97.0,165143.854818,171240.454626,171240.454815,1765.365513556701,36.820332,165143.854818,16761.374201082468,92.58311379999999,63.506248,12.09069447400147,0.5664549315280326,19,64,,True,True,,419,87.6246207195492
122,2026-09-18T06:49:51.963+00:00,2026-09-18T06:52:38.215+00:00,2026-09-18T06:52:42.353+00:00,True,67,67.0,,67.0,166251.782695,170389.971239,170389.971153,2543.1338978059703,35.134843999999994,166251.782695,20303.2304902591,85.2230642,62.699826424242424,10.309814331222963,0.3932156306665576,19,64,,True,True,,344,87.6246207195492
123,2026-09-18T06:49:52.341+00:00,2026-09-18T06:52:39.542+00:00,2026-09-18T06:52:40.528+00:00,True,18,18.0,,18.0,167200.912009,168186.896009,168186.896001,9343.7164445,34.084717,167200.912009,39395.96408906281,25146.42428425,57.99905882352942,11.920911495324823,0.10702379571257911,19,64,,True,True,,90,87.6246207195492
124,2026-09-18T06:49:52.890+00:00,2026-09-18T06:52:41.923+00:00,2026-09-18T06:52:43.303+00:00,True,23,23.0,,23.0,169032.986274,170413.09149,170413.091532,7409.264849217391,37.55803,169032.986274,35232.73466171208,90.4024934,62.73205527272727,9.054657703560391,0.13496615664266418,19,64,,True,True,,89,87.6246207195492
125,2026-09-18T06:49:53.272+00:00,2026-09-18T06:52:43.424+00:00,2026-09-18T06:52:48.043+00:00,True,74,74.0,,74.0,170152.264741,174770.715685,174770.715763,2361.7664292297295,37.4725,170152.264741,19772.449135280767,97.30221215,63.26645128767123,13.739012073234369,0.4234118954652263,19,64,,True,True,,419,87.6246207195492
126,2026-09-18T06:49:53.750+00:00,2026-09-18T06:52:45.094+00:00,2026-09-18T06:52:45.412+00:00,True,6,6.0,,6.0,171343.41190099998,171661.34009299998,171661.34026899998,28610.223378166665,58.981379999999994,171343.41190099998,69924.69629633766,128524.121955,63.5856384,2.898318206421924,0.03495254083854533,19,64,,True,True,,33,87.6246207195492
127,2026-09-18T06:49:54.175+00:00,2026-09-18T06:52:46.651+00:00,2026-09-18T06:52:49.433+00:00,True,44,44.0,,44.0,172476.525762,175258.22893,175258.22872400002,3983.141561909091,32.772698,172476.525762,25992.065997627033,99.3578811,64.69077134883722,14.411438456291517,0.2510581116141147,19,64,,True,True,,209,87.6246207195492
128,2026-09-18T06:49:54.649+00:00,2026-09-18T06:52:48.672+00:00,2026-09-18T06:52:50.690+00:00,True,34,34.0,,34.0,174022.82418999998,176040.656382,176040.65650999997,5177.666367941176,39.351186,174022.82418999998,29834.182751092067,73.91443725,61.146430060606065,8.40075768999512,0.19313720306871382,19,64,,True,True,,146,87.6246207195492
129,2026-09-18T06:49:55.054+00:00,2026-09-18T06:52:50.030+00:00,2026-09-18T06:52:55.888+00:00,True,91,91.0,,91.0,174976.3355,180834.247564,180834.247687,1987.189535021978,38.443978,174976.3355,18335.685534950964,96.21297050000001,65.08791182222222,13.164273998876288,0.5032232623291875,19,64,,True,True,,468,87.6246207195492
130,2026-09-18T06:49:55.461+00:00,2026-09-18T06:52:51.769+00:00,2026-09-18T06:52:54.223+00:00,True,39,39.0,,39.0,176308.43889199998,178762.45873199997,178762.45874799998,4583.652788410256,40.604164,176308.43889199998,28221.607061215364,95.1621154,64.57946947368421,13.688758754483695,0.2181666121434851,19,64,,True,True,,116,87.6246207195492
131,2026-09-18T06:49:56.021+00:00,2026-09-18T06:52:53.719+00:00,2026-09-18T06:52:55.419+00:00,True,26,26.0,,26.0,177697.318255,179397.68049499998,179397.680478,6899.910787615384,42.049182,177697.318255,34835.97560771423,101.2301135,68.01448959999999,14.916498492355638,0.14492941005847984,19,64,,True,True,,96,87.6246207195492
132,2026-09-18T06:49:56.599+00:00,2026-09-18T06:52:56.250+00:00,2026-09-18T06:52:58.975+00:00,True,44,44.0,,44.0,179651.39947,182376.317742,182376.3176,4144.916309090909,34.047766,179651.39947,27073.917046212,93.6305231,63.37019237209302,12.803265363942355,0.24125939455716458,19,64,,True,True,,159,87.6246207195492
133,2026-09-18T06:49:57.179+00:00,2026-09-18T06:52:58.335+00:00,2026-09-18T06:53:04.294+00:00,True,97,97.0,,97.0,181156.02219699998,187115.325365,187115.32546499997,1929.0239738659793,38.448638,181156.02219699998,18387.306466657323,72.8764738,62.07607466666666,8.82206978620527,0.518396875353663,19,64,,True,True,,417,87.6246207195492
134,2026-09-18T06:49:57.691+00:00,2026-09-18T06:53:00.113+00:00,2026-09-18T06:53:02.052+00:00,True,32,32.0,,32.0,182422.02788,184360.972648,184360.972558,5761.2803924375,43.486258,182422.02788,32236.90692049833,72.75780420000001,62.54660541935484,5.561491736727769,0.17357252752781646,19,64,,True,True,,138,87.6246207195492
135,2026-09-18T06:49:58.223+00:00,2026-09-18T06:53:02.460+00:00,2026-09-18T06:53:03.616+00:00,True,20,20.0,,20.0,184236.829558,185392.860022,185392.860089,9269.64300445,45.894004,184236.829558,41183.00271179287,9275.31971315,60.84370863157894,5.058840306650047,0.10787901970780676,19,64,,True,True,,71,87.6246207195492
136,2026-09-18T06:49:58.814+00:00,2026-09-18T06:53:04.772+00:00,2026-09-18T06:53:06.389+00:00,True,28,28.0,,28.0,185957.1452,187574.946416,187574.946338,6699.105226357143,33.374627999999994,185957.1452,35131.27489732767,76.7400101,59.91856355555555,9.538781079882874,0.14927366652635024,19,64,,True,True,,144,87.6246207195492
137,2026-09-18T06:49:59.436+00:00,2026-09-18T06:53:06.867+00:00,2026-09-18T06:53:09.886+00:00,True,52,52.0,,52.0,187430.544643,190449.314307,190449.314364,3662.4868146923077,36.002311999999996,187430.544643,25983.734030266154,79.26965274999999,59.19156203921568,11.396302222473208,0.273038525705465,19,64,,True,True,,286,87.6246207195492
138,2026-09-18T06:49:59.929+00:00,2026-09-18T06:53:08.953+00:00,2026-09-18T06:53:11.820+00:00,True,49,49.0,,49.0,189023.258267,191890.800027,191890.800001,3916.1387755306123,39.634896,189023.258267,26994.789067134814,66.68117180000002,59.740453333333335,6.674561870395776,0.2553535656378808,19,64,,True,True,,225,87.6246207195492
139,2026-09-18T06:50:00.279+00:00,2026-09-18T06:53:10.357+00:00,2026-09-18T06:53:16.445+00:00,True,98,98.0,,98.0,190078.038218,196166.318538,196166.318586,2001.6971284285714,34.445805,190078.038218,19194.444567075654,91.2242244,62.76577649484536,11.603371922231677,0.4995760777404614,19,64,,True,True,,474,87.6246207195492
140,2026-09-18T06:50:00.831+00:00,2026-09-18T06:53:12.297+00:00,2026-09-18T06:53:13.035+00:00,True,12,12.0,,12.0,191465.636544,192204.403648,192204.40371400001,16017.033642833334,40.905663,191465.636544,55251.982750866286,86212.50216530001,67.16064581818182,15.44091091030395,0.062433533114967556,19,64,,True,True,,55,87.6246207195492
141,2026-09-18T06:50:01.471+00:00,2026-09-18T06:53:14.692+00:00,2026-09-18T06:53:15.172+00:00,True,8,8.0,,8.0,193220.94723,193701.027102,193701.02728399998,24212.628410499998,58.512571,193220.94723,68289.67413584054,125625.47735449999,68.58283885714285,11.384900722670114,0.04130076189935391,19,64,,True,True,,30,87.6246207195492
142,2026-09-18T06:50:02.604+00:00,2026-09-18T06:53:16.507+00:00,2026-09-18T06:53:21.565+00:00,True,82,82.0,,82.0,193902.79731999998,198961.158408,198961.158451,2426.3555908658536,36.827371,193902.79731999998,21406.08897930227,92.15051070000001,62.448902320987656,12.297425040106875,0.41214074473695306,19,64,,True,True,,289,87.6246207195492
143,2026-09-18T06:50:02.721+00:00,2026-09-18T06:53:17.991+00:00,2026-09-18T06:53:21.864+00:00,True,64,64.0,,64.0,195269.719564,199143.018764,199143.018778,3111.60966840625,37.223171,195269.719564,24401.03330883093,92.91027365,61.48093968253968,13.138164217380798,0.3213770705959067,19,64,,True,True,,303,87.6246207195492
144,2026-09-18T06:50:02.901+00:00,2026-09-18T06:53:20.502+00:00,2026-09-18T06:53:26.372+00:00,True,95,95.0,,95.0,197601.232204,203471.655244,203471.655197,2141.8068968105263,38.243939,197601.232204,20267.05553920396,92.5884714,62.451308936170214,13.194881555501143,0.4668954989631234,19,64,,True,True,,388,87.6246207195492
145,2026-09-18T06:50:03.470+00:00,2026-09-18T06:53:22.617+00:00,2026-09-18T06:53:28.445+00:00,True,93,93.0,,93.0,199147.156893,204975.801757,204975.801755,2204.0408790860215,35.857082999999996,199147.156893,20644.032616789616,92.8223962,63.35483547826087,12.95884532495523,0.45371209285597547,19,64,,True,True,,318,87.6246207195492
146,2026-09-18T06:50:03.940+00:00,2026-09-18T06:53:24.818+00:00,2026-09-18T06:53:27.968+00:00,True,51,51.0,,51.0,200877.96317899998,204027.952043,204027.952134,4000.5480810588233,37.863559,200877.96317899998,28119.721620587592,92.872112,62.99977728,11.333344305607396,0.2499657497383078,19,64,,True,True,,151,87.6246207195492
147,2026-09-18T06:50:04.397+00:00,2026-09-18T06:53:26.539+00:00,2026-09-18T06:53:27.178+00:00,True,11,11.0,,11.0,202142.017266,202780.807666,202780.80786300002,18434.618896636366,53.214400000000005,202142.017266,60928.85243498222,101120.507551,63.87904,13.136997080738082,0.0542457648068849,19,64,,True,True,,41,87.6246207195492
148,2026-09-18T06:50:04.952+00:00,2026-09-18T06:53:28.443+00:00,2026-09-18T06:53:34.474+00:00,True,99,99.0,,99.0,203491.246764,209521.91889200002,209521.918868,2116.383018868687,36.129582,203491.246764,20445.457998171514,90.9160966,61.537470693877545,11.019821708249737,0.4725042636280477,19,64,,True,True,,475,87.6246207195492
149,2026-09-18T06:50:05.423+00:00,2026-09-18T06:53:30.269+00:00,2026-09-18T06:53:36.374+00:00,True,97,97.0,,97.0,204846.446921,210950.891849,210950.89164699998,2174.7514602783504,33.792737,204846.446921,20792.55299682927,92.5218992,63.587968,12.874449411928529,0.45982265896004465,19,64,,True,True,,409,87.6246207195492
150,2026-09-18T06:50:05.785+00:00,2026-09-18T06:53:32.109+00:00,2026-09-18T06:53:34.760+00:00,True,44,44.0,,44.0,206323.939432,208974.69399200001,208974.69402000002,4749.424864090909,37.286300000000004,206323.939432,31095.21312027873,90.88791845,61.64545488372093,12.164386933218534,0.21055180969272963,19,64,,True,True,,184,87.6246207195492
151,2026-09-18T06:50:06.354+00:00,2026-09-18T06:53:34.284+00:00,2026-09-18T06:53:37.283+00:00,True,48,48.0,,48.0,207929.939279,210929.81947100002,210929.81942500002,4394.3712380208335,33.504497,207929.939279,30002.891966877894,94.15456985,63.82723812765958,13.63239954811513,0.22756384147287123,19,64,,True,True,,269,87.6246207195492
152,2026-09-18T06:50:06.787+00:00,2026-09-18T06:53:35.701+00:00,2026-09-18T06:53:36.499+00:00,True,13,13.0,,13.0,208913.310742,209711.274774,209711.274731,16131.636517769231,34.067485999999995,208913.310742,57923.68699872136,83621.8614352,66.49700266666666,18.5289827033013,0.06198999082910415,19,64,,True,True,,56,87.6246207195492
153,2026-09-18T06:50:07.296+00:00,2026-09-18T06:53:37.846+00:00,2026-09-18T06:53:40.514+00:00,True,44,44.0,,44.0,210550.19503200002,213218.48892000003,213218.488837,4845.874746295455,37.110781,210550.19503200002,31732.282873642256,87.02235935,62.05334623255814,10.082924205790503,0.20636109102390685,19,64,,True,True,,168,87.6246207195492
154,2026-09-18T06:50:07.688+00:00,2026-09-18T06:53:39.547+00:00,2026-09-18T06:53:41.390+00:00,True,31,31.0,,31.0,211859.776986,213701.979354,213701.97947400002,6893.612241096775,35.507884,211859.776986,38040.111505794535,83.87845300000001,61.4067456,9.921443214781405,0.1450618290654581,19,64,,True,True,,113,87.6246207195492
155,2026-09-18T06:50:08.051+00:00,2026-09-18T06:53:40.639+00:00,2026-09-18T06:53:43.678+00:00,True,50,50.0,,50.0,212588.048788,215626.58907599997,215626.58921099998,4312.531784219999,37.224821000000006,212588.048788,30055.722674858156,93.48697045,62.01102628571429,11.564032932258883,0.2318823490844023,19,64,,True,True,,265,87.6246207195492
156,2026-09-18T06:50:08.435+00:00,2026-09-18T06:53:42.235+00:00,2026-09-18T06:53:45.455+00:00,True,53,53.0,,53.0,213800.234413,217019.975853,217019.976019,4094.716528660377,39.945085,213800.234413,29359.21725704728,84.10209300000001,61.918104615384614,9.762563703302302,0.24421715001894534,19,64,,True,True,,215,87.6246207195492
157,2026-09-18T06:50:08.980+00:00,2026-09-18T06:53:44.040+00:00,2026-09-18T06:53:44.670+00:00,True,11,11.0,,11.0,215060.00737799998,215690.321362,215690.321171,19608.211015545454,36.909051,215060.00737799998,64824.02890481056,107576.790987,63.0313984,15.140360372500776,0.050999043121357064,19,64,,True,True,,40,87.6246207195492
158,2026-09-18T06:50:09.367+00:00,2026-09-18T06:53:45.516+00:00,2026-09-18T06:53:51.369+00:00,True,93,93.0,,93.0,216149.05181499998,222002.01360699997,222002.01351199998,2387.118424860215,0.02311,216149.05181499998,22407.026517946026,93.68846939999999,63.61914991304348,22.28052184085942,0.4189151192323582,19,64,,True,True,,404,87.6246207195492
159,2026-09-18T06:50:09.804+00:00,2026-09-18T06:53:47.247+00:00,2026-09-18T06:53:52.971+00:00,True,91,91.0,,91.0,217442.943078,223167.393638,223167.39357400002,2452.3889403736266,0.0177,217442.943078,22787.5569154536,92.9661255,63.60500622222222,22.022822402389348,0.40776566198380737,19,64,,True,True,,307,87.6246207195492
160,2026-09-18T06:50:10.305+00:00,2026-09-18T06:53:49.777+00:00,2026-09-18T06:53:55.803+00:00,True,98,98.0,,98.0,219472.640725,225497.998037,225497.998108,2300.9999806938777,37.6069,219472.640725,22163.812684480345,89.74023085,62.117085690721645,11.21660660144163,0.4345936587158527,19,64,,True,True,,394,87.6246207195492
161,2026-09-18T06:50:10.846+00:00,2026-09-18T06:53:51.555+00:00,2026-09-18T06:53:57.126+00:00,True,90,90.0,,90.0,220708.51055399998,226280.17289,226280.17286899997,2514.2241429888886,34.739934999999996,220708.51055399998,23258.12341285204,90.1491348,62.60294759550562,11.056391956300656,0.39773701270659306,19,64,,True,True,,448,87.6246207195492
162,2026-09-18T06:50:11.367+00:00,2026-09-18T06:53:53.621+00:00,2026-09-18T06:53:57.749+00:00,True,67,67.0,,67.0,222253.459463,226381.957383,226381.957464,3378.835186029851,35.62639299999999,222253.459463,27144.941054492298,78.24522890000001,62.55299878787879,9.004577885160058,0.2959599818577738,19,64,,True,True,,377,87.6246207195492
163,2026-09-18T06:50:11.743+00:00,2026-09-18T06:53:55.054+00:00,2026-09-18T06:53:59.726+00:00,True,76,76.0,,76.0,223311.141033,227982.40861699998,227982.408647,2999.7685348289474,39.031427,223311.141033,25608.401428710775,69.0544475,62.283567786666666,7.8699766136063225,0.333359053713993,19,64,,True,True,,233,87.6246207195492
164,2026-09-18T06:50:12.154+00:00,2026-09-18T06:53:56.492+00:00,2026-09-18T06:54:02.734+00:00,True,100,100.0,,100.0,224337.43238999997,230579.59456599999,230579.59439399999,2305.7959439399997,32.958818,224337.43238999997,22427.440529413558,90.03934335000002,63.05214319191919,10.653076466990623,0.43368972084551255,19,64,,True,True,,360,87.6246207195492
165,2026-09-18T06:50:12.632+00:00,2026-09-18T06:53:58.210+00:00,2026-09-18T06:54:04.372+00:00,True,100,100.0,,100.0,225578.009564,231740.165852,231740.16588800002,2317.40165888,37.52288,225578.009564,22551.57890597097,79.56816935,62.24400290909091,10.347422941815342,0.4315177717783486,19,64,,True,True,,424,87.6246207195492
166,2026-09-18T06:50:13.012+00:00,2026-09-18T06:53:59.724+00:00,2026-09-18T06:54:00.622+00:00,True,15,15.0,,15.0,226712.814229,227610.07733300002,227610.07733,15174.005155333334,58.627410000000005,226712.814229,58520.44899240703,68063.0311603,64.09022171428572,3.3879167607137948,0.06590217874252806,19,64,,True,True,,39,87.6246207195492
167,2026-09-18T06:50:13.420+00:00,2026-09-18T06:54:01.356+00:00,2026-09-18T06:54:05.764+00:00,True,73,73.0,,73.0,227936.427987,232344.095699,232344.095785,3182.795832671233,34.140986,227936.427987,26670.777840314244,74.03974760000001,61.217607111111114,9.867580431970115,0.3141891761027185,19,64,,True,True,,330,87.6246207195492
168,2026-09-18T06:50:13.954+00:00,2026-09-18T06:54:03.242+00:00,2026-09-18T06:54:09.487+00:00,True,100,100.0,,100.0,229287.42589399999,235532.24970199997,235532.249762,2355.32249762,36.240332,229287.42589399999,22922.4381515001,92.1315134,63.07902836363637,12.667807983866405,0.42457030884951835,19,64,,True,True,,480,87.6246207195492
169,2026-09-18T06:50:14.437+00:00,2026-09-18T06:54:04.993+00:00,2026-09-18T06:54:06.961+00:00,True,33,33.0,,33.0,230556.131195,232523.832955,232523.83288099998,7046.176753969697,38.254959,230556.131195,40123.968281340276,91.3886682,61.49068,11.330253917493094,0.14192093593428096,19,64,,True,True,,151,87.6246207195492
170,2026-09-18T06:50:14.861+00:00,2026-09-18T06:54:06.647+00:00,2026-09-18T06:54:11.938+00:00,True,83,83.0,,83.0,231785.96140099998,237076.90514499997,237076.905155,2856.3482548795178,33.818977,231785.96140099998,25434.736336143076,96.05489139999997,64.52370419512195,14.713121184282997,0.35009736587052165,19,64,,True,True,,382,87.6246207195492
171,2026-09-18T06:50:15.397+00:00,2026-09-18T06:54:08.843+00:00,2026-09-18T06:54:11.520+00:00,True,44,44.0,,44.0,233445.835988,236122.953172,236122.95312700002,5366.430752886364,36.811591,233445.835988,35183.89980095945,89.19540449999998,62.258539162790704,11.005789502156244,0.18634359518597457,19,64,,True,True,,207,87.6246207195492
172,2026-09-18T06:50:15.842+00:00,2026-09-18T06:54:10.517+00:00,2026-09-18T06:54:14.611+00:00,True,66,66.0,,66.0,234675.01842500002,238768.391353,238768.391131,3617.7028959242425,36.496722,234675.01842500002,28878.74840779226,90.70637525000002,62.97496812307692,11.299432264956367,0.2764184975490506,19,64,,True,True,,299,87.6246207195492
174,2026-09-18T06:50:17.272+00:00,2026-09-18T06:54:13.780+00:00,2026-09-18T06:54:19.849+00:00,True,97,97.0,,97.0,236507.777104,242577.57576,242577.575771,2500.799750216495,38.905497000000004,236507.777104,24007.30910080511,93.3434936,63.22706933333333,10.760414270298293,0.39987208090482895,19,64,,True,True,,456,87.6246207195492
173,2026-09-18T06:50:17.262+00:00,2026-09-18T06:54:15.109+00:00,2026-09-18T06:54:20.176+00:00,True,80,80.0,,80.0,237847.920006,242914.014342,242914.014332,3036.42517915,37.721179,237847.920006,26585.038585910414,95.36337500000002,64.12777640506329,11.409335324245903,0.3293346422054001,19,64,,True,True,,299,87.6246207195492
175,2026-09-18T06:50:17.472+00:00,2026-09-18T06:54:17.026+00:00,2026-09-18T06:54:21.630+00:00,True,73,73.0,,73.0,239554.068566,244158.095446,244158.095617,3344.631446808219,39.242486,239554.068566,28030.200239444304,82.44348600000001,63.94481777777778,8.966087859855657,0.298986604833446,19,64,,True,True,,364,87.6246207195492
176,2026-09-18T06:50:17.834+00:00,2026-09-18T06:54:18.695+00:00,2026-09-18T06:54:24.445+00:00,True,92,92.0,,92.0,240861.54915799998,246611.53674199997,246611.536573,2680.560180141304,37.91989,240861.54915799998,25104.966841146135,80.67464435,63.18667674725275,10.353852986086478,0.3730563509534777,19,64,,True,True,,452,87.6246207195492
177,2026-09-18T06:50:18.251+00:00,2026-09-18T06:54:20.331+00:00,2026-09-18T06:54:26.424+00:00,True,99,99.0,,99.0,242080.848085,248173.226965,248173.226749,2506.800270191919,38.295779,242080.848085,24323.794400559345,70.9872189,62.16713142857142,9.312779849891545,0.398914907988693,19,64,,True,True,,538,87.6246207195492
178,2026-09-18T06:50:18.782+00:00,2026-09-18T06:54:22.464+00:00,2026-09-18T06:54:23.801+00:00,True,23,23.0,,23.0,243682.334921,245018.965705,245018.965729,10652.998509956522,40.390845,243682.334921,50798.611976957625,92.90397660000001,60.75594472727273,11.231923135807248,0.09387028442398918,19,64,,True,True,,97,87.6246207195492
179,2026-09-18T06:50:19.250+00:00,2026-09-18T06:54:24.503+00:00,2026-09-18T06:54:26.318+00:00,True,30,30.0,,30.0,245252.621679,247067.483247,247067.48344,8235.582781333333,36.808841,245252.621679,44765.373022466396,85.18213645,62.58143337931035,9.871972241333065,0.12142431535601225,19,64,,True,True,,117,87.6246207195492
180,2026-09-18T06:50:19.877+00:00,2026-09-18T06:54:26.797+00:00,2026-09-18T06:54:27.526+00:00,True,12,12.0,,12.0,246919.90654,247648.892652,247648.892615,20637.407717916667,39.181097,246919.90654,71260.50789575615,111166.58072254999,66.27146472727273,15.659773472456294,0.04845569819228945,19,64,,True,True,,41,87.6246207195492
181,2026-09-18T06:50:20.420+00:00,2026-09-18T06:54:28.751+00:00,2026-09-18T06:54:31.145+00:00,True,40,40.0,,40.0,248331.536922,250724.79465,250724.794661,6268.119866525,35.340964,248331.536922,39254.96222504619,79.92606544999998,61.36558276923077,10.619065864428928,0.15953747237419463,19,64,,True,True,,234,87.6246207195492
182,2026-09-18T06:50:21.000+00:00,2026-09-18T06:54:31.081+00:00,2026-09-18T06:54:36.237+00:00,True,84,84.0,,84.0,250081.3362,255236.944008,255236.943967,3038.5350472261903,39.155297,250081.3362,27279.334714147422,76.76695915,62.11575672289157,8.512971114720777,0.32910596201687464,19,64,,True,True,,396,87.6246207195492
183,2026-09-18T06:50:21.455+00:00,2026-09-18T06:54:32.487+00:00,2026-09-18T06:54:35.254+00:00,True,46,46.0,,46.0,251032.181368,253799.14661599998,253799.14644699998,5517.372748847826,36.573282,251032.181368,37003.61122845609,87.98574550000001,61.48811662222222,9.832785881218921,0.1812456842874982,19,64,,True,True,,267,87.6246207195492
184,2026-09-18T06:50:22.054+00:00,2026-09-18T06:54:34.947+00:00,2026-09-18T06:54:35.130+00:00,True,4,4.0,,4.0,252892.438088,253075.323208,253075.323305,63268.83082625,55.587366,252892.438088,126415.73823175787,214968.1539113,60.961706666666664,4.659927998216854,0.01580557104223252,19,64,,True,True,,12,87.6246207195492
185,2026-09-18T06:50:22.532+00:00,2026-09-18T06:54:36.978+00:00,2026-09-18T06:54:37.568+00:00,True,10,10.0,,10.0,254445.237658,255035.221402,255035.221443,25503.5221443,42.77487,254445.237658,80441.92044149095,139989.64242925,65.55374933333333,15.22325448055415,0.039210270428638054,19,64,,True,True,,28,87.6246207195492
186,2026-09-18T06:50:23.108+00:00,2026-09-18T06:54:38.918+00:00,2026-09-18T06:54:40.771+00:00,True,30,30.0,,30.0,255810.716565,257663.897237,257663.897434,8588.796581133334,37.975749,255810.716565,46692.7678753276,97.72955,63.90278179310345,12.323564423656173,0.11643074688265664,19,64,,True,True,,145,87.6246207195492
187,2026-09-18T06:50:23.743+00:00,2026-09-18T06:54:41.452+00:00,2026-09-18T06:54:44.803+00:00,True,56,56.0,,56.0,257709.016393,261060.515401,261060.51538,4661.7949175,38.111988,257709.016393,34429.67360349204,67.80795524999999,60.9363456,6.898428356276999,0.214509650814033,19,64,,True,True,,249,87.6246207195492
188,2026-09-18T06:50:24.202+00:00,2026-09-18T06:54:42.892+00:00,2026-09-18T06:54:48.253+00:00,True,89,89.0,,89.0,258690.518854,264051.450182,264051.450188,2966.8702268314605,36.169332000000004,258690.518854,27414.684423381354,70.62879960000001,60.91967418181818,9.822411113751407,0.3370555243633614,19,64,,True,True,,339,87.6246207195492
189,2026-09-18T06:50:24.661+00:00,2026-09-18T06:54:44.634+00:00,2026-09-18T06:54:46.087+00:00,True,25,25.0,,25.0,259973.463799,261426.248183,261426.2482,10457.049928,40.594095,259973.463799,51982.587027317786,84.04778879999999,60.532682666666666,9.34038787887092,0.09562926513216778,19,64,,True,True,,99,87.6246207195492
190,2026-09-18T06:50:25.055+00:00,2026-09-18T06:54:45.794+00:00,2026-09-18T06:54:47.552+00:00,True,30,30.0,,30.0,260739.245235,262496.398515,262496.398395,8749.879946500001,37.040519999999994,260739.245235,47593.19424838874,89.83242225,60.591492413793105,11.21586126250521,0.11428728230069675,19,64,,True,True,,94,87.6246207195492
191,2026-09-18T06:50:25.506+00:00,2026-09-18T06:54:47.299+00:00,2026-09-18T06:54:47.927+00:00,True,11,11.0,,11.0,261793.36189899998,262421.517803,262421.517604,23856.501600363634,39.596196000000006,261793.36189899998,78914.72976803109,130941.786345,62.8155904,12.046067623411156,0.04191729432895708,19,64,,True,True,,82,87.6246207195492
192,2026-09-18T06:50:25.875+00:00,2026-09-18T06:54:48.711+00:00,2026-09-18T06:54:48.898+00:00,True,4,4.0,,4.0,262835.850887,263023.093127,263023.093047,65755.77326175,60.087717,262835.850887,131386.71842726745,223420.0446401,62.41408,2.0279323863442786,0.01520779013144907,19,64,,True,True,,14,87.6246207195492
193,2026-09-18T06:50:26.274+00:00,2026-09-18T06:54:50.364+00:00,2026-09-18T06:54:53.406+00:00,True,52,52.0,,52.0,264089.73624,267131.779376,267131.779514,5137.149606038462,35.352304,264089.73624,36614.387115214486,77.9666179,59.64790462745098,11.146360405187965,0.19466047851539095,19,64,,True,True,,327,87.6246207195492
194,2026-09-18T06:50:26.830+00:00,2026-09-18T06:54:52.498+00:00,2026-09-18T06:54:55.885+00:00,True,57,57.0,,57.0,265667.27628,269054.799096,269054.798998,4720.2596315438595,37.098040999999995,265667.27628,35180.47924779678,68.7894076,60.49147885714286,9.175033656072713,0.21185275338523937,19,64,,True,True,,283,87.6246207195492
195,2026-09-18T06:50:27.381+00:00,2026-09-18T06:54:54.300+00:00,2026-09-18T06:54:56.699+00:00,True,40,40.0,,40.0,266919.503301,269318.444741,269318.44484899996,6732.961121225,36.100293,266919.503301,42193.95480623511,91.5744169,61.51131897435898,11.3315301090492,0.14852306175489566,19,64,,True,True,,192,87.6246207195492
196,2026-09-18T06:50:27.817+00:00,2026-09-18T06:54:55.989+00:00,2026-09-18T06:55:01.247+00:00,True,83,83.0,,83.0,268171.173885,273430.031101,273430.03118499997,3294.337725120482,38.052709,268171.173885,29428.57320594494,91.870772,64.13240507317073,11.449175412569513,0.303551148591068,19,64,,True,True,,357,87.6246207195492
197,2026-09-18T06:50:28.279+00:00,2026-09-18T06:54:57.806+00:00,2026-09-18T06:55:00.430+00:00,True,43,43.0,,43.0,269527.029842,272150.98965,272150.98975999997,6329.092785116279,38.495038,269527.029842,41092.96059007763,85.41024300000001,62.47523352380952,10.288746586886715,0.15800052777798157,19,64,,True,True,,242,87.6246207195492
198,2026-09-18T06:50:28.764+00:00,2026-09-18T06:54:59.839+00:00,2026-09-18T06:54:59.890+00:00,True,2,2.0,,2.0,271075.292143,271126.478319,271126.478227,135563.2391135,51.186084,271075.292143,191642.98325934095,257524.08684005,51.186176,nan,0.007376631055735009,19,64,,True,True,,6,87.6246207195492
199,2026-09-18T06:50:29.114+00:00,2026-09-18T06:55:01.189+00:00,2026-09-18T06:55:02.167+00:00,True,16,16.0,,16.0,272075.066917,273053.524517,273053.524591,17065.8452869375,37.861259,272075.066917,68002.4601211658,68090.79564925,65.23050666666667,12.190438103242597,0.058596570135112304,19,64,,True,True,,84,87.6246207195492
200,2026-09-18T06:50:29.735+00:00,2026-09-18T06:55:03.208+00:00,2026-09-18T06:55:07.910+00:00,True,75,75.0,,75.0,273472.61848500004,278174.80830900004,278174.80846300005,3708.997446173334,37.366949999999996,273472.61848500004,31570.56277852769,91.41595339999999,63.543105729729724,11.662297287575578,0.2696146371266267,19,64,,True,True,,344,87.6246207195492
201,2026-09-18T06:50:30.248+00:00,2026-09-18T06:55:05.304+00:00,2026-09-18T06:55:09.768+00:00,True,73,73.0,,73.0,275056.160278,279520.269334,279520.269484,3829.0447874520546,34.820945,275056.160278,32185.63394965723,90.3698864,62.001514666666665,11.808224804789162,0.26116174034152767,19,64,,True,True,,373,87.6246207195492
202,2026-09-18T06:50:30.777+00:00,2026-09-18T06:55:07.628+00:00,2026-09-18T06:55:09.411+00:00,True,29,29.0,,29.0,276851.319794,278634.461426,278634.461448,9608.084877517242,34.238125999999994,276851.319794,51398.175583501106,92.1658934,63.683629714285715,14.167680836175853,0.10407901395822802,19,64,,True,True,,138,87.6246207195492
203,2026-09-18T06:50:31.142+00:00,2026-09-18T06:55:08.738+00:00,2026-09-18T06:55:12.538+00:00,True,64,64.0,,64.0,277596.054895,281396.495727,281396.495656,4396.820244625,36.188632,277596.054895,34691.96786790908,79.12762864999999,60.32445765079365,10.497764584510561,0.22743708955810993,19,64,,True,True,,265,87.6246207195492
204,2026-09-18T06:50:31.649+00:00,2026-09-18T06:55:10.950+00:00,2026-09-18T06:55:15.915+00:00,True,80,80.0,,80.0,279300.592442,284265.783866,284265.78386799997,3553.32229835,36.029932,279300.592442,31219.73092387292,91.38566399999999,62.85052435443038,12.016502738484942,0.28142676516323606,19,64,,True,True,,451,87.6246207195492
205,2026-09-18T06:50:32.257+00:00,2026-09-18T06:55:12.537+00:00,2026-09-18T06:55:17.853+00:00,True,87,87.0,,87.0,280279.36174699996,285595.88629099994,285595.88635399996,3282.7113374022983,36.318152000000005,280279.36174699996,30042.47575491076,87.40816290000001,61.820052837209296,10.638751405058287,0.3046262364975166,19,64,,True,True,,360,87.6246207195492
206,2026-09-18T06:50:32.797+00:00,2026-09-18T06:55:14.582+00:00,2026-09-18T06:55:19.901+00:00,True,87,87.0,,87.0,281784.390757,287103.666021,287103.66617800004,3300.0421399770116,34.981474,281784.390757,30203.828239423157,80.142213,61.85203795348837,10.27951471442121,0.30302643364239185,19,64,,True,True,,361,87.6246207195492
207,2026-09-18T06:50:33.386+00:00,2026-09-18T06:55:17.213+00:00,2026-09-18T06:55:18.824+00:00,True,28,28.0,,28.0,283826.284858,285437.710138,285437.710195,10194.203935535714,37.755599000000004,283826.284858,53626.84794832835,72.87916885,59.68241777777778,9.286353988105631,0.09809495734275228,19,64,,True,True,,143,87.6246207195492
208,2026-09-18T06:50:34.730+00:00,2026-09-18T06:55:19.132+00:00,2026-09-18T06:55:24.859+00:00,True,94,94.0,,94.0,284401.677708,290128.924556,290128.924651,3086.477921819149,35.227683,284401.677708,29327.443069439574,77.55516254999999,61.58329944086021,9.788345390387269,0.3239938939002835,19,64,,True,True,,389,87.6246207195492
210,2026-09-18T06:50:34.907+00:00,2026-09-18T06:55:22.297+00:00,2026-09-18T06:55:22.361+00:00,True,2,2.0,,2.0,287389.15036699997,287453.92323099996,287453.923166,143726.961583,64.77279899999999,287389.15036699997,203169.0157785367,273022.9314886,64.772864,nan,0.006957636818867788,19,64,,True,True,,5,87.6246207195492
209,2026-09-18T06:50:34.860+00:00,2026-09-18T06:55:22.714+00:00,2026-09-18T06:55:27.660+00:00,True,81,81.0,,81.0,287854.522056,292799.56576800003,292799.565628,3614.809452197531,35.354203,287854.522056,31976.96937980896,90.37146000000001,61.8130464,10.529364293457073,0.2766397545281212,19,64,,True,True,,288,87.6246207195492
211,2026-09-18T06:50:35.250+00:00,2026-09-18T06:55:23.991+00:00,2026-09-18T06:55:30.067+00:00,True,100,100.0,,100.0,288740.37577100005,294816.836827,294816.83671100007,2948.1683671100004,34.562815,288740.37577100005,28867.902124973745,89.92403385,61.3783945050505,11.799730742082156,0.33919365351131725,19,64,,True,True,,333,87.6246207195492
212,2026-09-18T06:50:35.740+00:00,2026-09-18T06:55:26.172+00:00,2026-09-18T06:55:30.855+00:00,True,77,77.0,,77.0,290431.830902,295114.53989400005,295114.539827,3832.6563613896105,38.158709,290431.830902,33090.7592973463,93.1709832,61.614592,11.753380186907473,0.26091564321994115,19,64,,True,True,,417,87.6246207195492
213,2026-09-18T06:50:36.181+00:00,2026-09-18T06:55:27.612+00:00,2026-09-18T06:55:31.513+00:00,True,64,64.0,,64.0,291431.101265,295331.848785,295331.848955,4614.560139921875,36.643521,291431.101265,36421.150294648294,94.62716655,61.9166273015873,12.805013688826904,0.21670537824923738,19,64,,True,True,,252,87.6246207195492
214,2026-09-18T06:50:36.784+00:00,2026-09-18T06:55:30.297+00:00,2026-09-18T06:55:30.921+00:00,True,11,11.0,,11.0,293513.00255800004,294137.39679800003,294137.39700700005,26739.76336427273,55.557815999999995,293513.00255800004,88478.6739372689,146790.36247550003,62.439424,4.110588459721822,0.037397488791791715,19,64,,True,True,,41,87.6246207195492
215,2026-09-18T06:50:37.392+00:00,2026-09-18T06:55:32.216+00:00,2026-09-18T06:55:32.348+00:00,True,3,3.0,,3.0,294824.722709,294955.782677,294955.782673,98318.59422433333,64.061959,294824.722709,170179.29927338206,265348.9502386,65.529984,2.0761107643976993,0.010171016051193131,19,64,,True,True,,9,87.6246207195492
216,2026-09-18T06:50:38.017+00:00,2026-09-18T06:55:34.518+00:00,2026-09-18T06:55:36.216+00:00,True,27,27.0,,27.0,296500.390746,298199.101018,298199.101149,11044.411153666666,37.973868,296500.390746,57048.95438869872,97.37968210000001,65.33501046153846,12.48822148994074,0.09054353251846396,19,64,,True,True,,150,87.6246207195492
217,2026-09-18T06:50:38.575+00:00,2026-09-18T06:55:36.864+00:00,2026-09-18T06:55:36.864+00:00,True,1,1.0,,1.0,298288.956853,298288.956853,298288.956853,298288.956853,298288.956853,298288.956853,nan,298288.956853,nan,nan,0.0033524539780157223,19,64,,True,True,,2,87.6246207195492
218,2026-09-18T06:50:38.998+00:00,2026-09-18T06:55:38.521+00:00,2026-09-18T06:55:39.015+00:00,False,10,9.0,,9.0,299523.766625,300017.09961699997,300017.099679,30001.7099679,0.03532,299523.766625,94700.39966450636,164767.4764289,54.814776888888886,20.80973079648747,0.02999829013576008,19,64,,True,False,Request timeout: 300.0s exceeded,48,87.6246207195492
219,2026-09-18T06:50:39.459+00:00,2026-09-18T06:55:39.543+00:00,2026-09-18T06:55:39.543+00:00,False,1,0.0,,0.0,300084.60913700005,300084.60913700005,300084.60913700005,300084.60913700005,300084.60913700005,300084.60913700005,nan,300084.60913700005,nan,nan,0.0,19,64,,True,False,"HTTPConnectionPool(host='gpu03', port=9002): Read timed out.",0,87.6246207195492
220,2026-09-18T06:50:39.877+00:00,2026-09-18T06:55:39.970+00:00,2026-09-18T06:55:39.970+00:00,False,1,0.0,,0.0,300093.43313099997,300093.43313099997,300093.43313099997,300093.43313099997,300093.43313099997,300093.43313099997,nan,300093.43313099997,nan,nan,0.0,19,64,,True,False,"HTTPConnectionPool(host='gpu03', port=9002): Read timed out.",0,87.6246207195492
221,2026-09-18T06:50:40.519+00:00,2026-09-18T06:55:40.457+00:00,2026-09-18T06:55:40.610+00:00,False,4,3.0,,3.0,299937.896216,300091.221528,300091.221498,75022.8053745,0.01868,299937.896216,149943.39869524736,254960.84154395,51.108437333333335,46.47147793424183,0.009996960206715293,19,64,,True,False,Request timeout: 300.0s exceeded,9,87.6246207195492
222,2026-09-18T06:50:40.926+00:00,2026-09-18T06:55:41.037+00:00,2026-09-18T06:55:41.037+00:00,False,1,0.0,,0.0,300111.15285,300111.15285,300111.15285,300111.15285,300111.15285,300111.15285,nan,300111.15285,nan,nan,0.0,19,64,,True,False,"HTTPConnectionPool(host='gpu03', port=9002): Read timed out.",0,87.6246207195492
223,2026-09-18T06:50:41.331+00:00,2026-09-18T06:55:41.409+00:00,2026-09-18T06:55:41.409+00:00,False,1,0.0,,0.0,300077.999032,300077.999032,300077.999032,300077.999032,300077.999032,300077.999032,nan,300077.999032,nan,nan,0.0,19,64,,True,False,TTFT timeout: 300.0s exceeded (TTFT: 300.045s),0,87.6246207195492
224,2026-09-18T06:50:41.878+00:00,2026-09-18T06:55:41.834+00:00,2026-09-18T06:55:41.954+00:00,False,4,3.0,,3.0,299956.07402600005,300075.42685800005,300075.42680200003,75018.85670050001,0.03723,299956.07402600005,149958.14751767722,254971.66003115007,39.784277333333335,34.4233423670405,0.00999748640337565,19,64,,True,False,Request timeout: 300.0s exceeded,13,87.6246207195492
225,2026-09-18T06:50:42.434+00:00,2026-09-18T06:55:42.520+00:00,2026-09-18T06:55:42.520+00:00,False,1,0.0,,0.0,300085.711948,300085.711948,300085.711948,300085.711948,300085.711948,300085.711948,nan,300085.711948,nan,nan,0.0,19,64,,True,False,"HTTPConnectionPool(host='gpu03', port=9002): Read timed out.",0,87.6246207195492
226,2026-09-18T06:50:42.848+00:00,2026-09-18T06:55:42.745+00:00,2026-09-18T06:55:42.892+00:00,False,4,3.0,,3.0,299897.157601,300044.12950499996,300044.129365,75011.03234125,0.02571,299897.157601,149924.0875045701,254923.63897464998,48.990634666666665,42.405350182493784,0.009998529232847423,19,64,,True,False,Request timeout: 300.0s exceeded,10,87.6246207195492
227,2026-09-18T06:50:43.394+00:00,2026-09-18T06:55:43.269+00:00,2026-09-18T06:55:43.412+00:00,False,5,4.0,,4.0,299874.71109,300017.785906,300017.785781,60003.5571562,0.03087,299874.71109,134092.05342230998,239912.35667439998,35.768704,26.154139853313215,0.013332542895484398,19,64,,True,False,Request timeout: 300.0s exceeded,7,87.6246207195492
228,2026-09-18T06:50:43.847+00:00,2026-09-18T06:55:43.910+00:00,2026-09-18T06:55:43.910+00:00,False,1,0.0,,0.0,300062.96998500003,300062.96998500003,300062.96998500003,300062.96998500003,300062.96998500003,300062.96998500003,nan,300062.96998500003,nan,nan,0.0,19,64,,True,False,"HTTPConnectionPool(host='gpu03', port=9002): Read timed out.",0,87.6246207195492
229,2026-09-18T06:50:44.281+00:00,2026-09-18T06:55:44.252+00:00,2026-09-18T06:55:44.356+00:00,False,3,2.0,,2.0,299971.195256,300074.53682399995,300074.536762,100024.84558733333,0.036539,299971.195256,173158.62590544135,269984.40622709994,51.670784,73.02211401983133,0.006665010704233936,19,64,,True,False,Request timeout: 300.0s exceeded,2,87.6246207195492
230,2026-09-18T06:50:44.898+00:00,2026-09-18T06:55:44.815+00:00,2026-09-18T06:55:45.858+00:00,False,19,18.0,,18.0,299916.19827399997,300960.08460999996,300960.08445499995,15840.004444999999,0.02503,299916.19827399997,68792.19310987802,30075.8136799,57.99368533333334,21.061791815121122,0.05980859562597929,19,64,,True,False,Request timeout: 300.0s exceeded,77,87.6246207195492
231,2026-09-18T06:50:45.404+00:00,2026-09-18T06:55:45.752+00:00,2026-09-18T06:55:45.909+00:00,False,5,4.0,,4.0,300347.620051,300504.925651,300504.92558599997,60100.9851172,0.037759999999999995,300347.620051,134301.9538987854,240290.4194018,39.3264,27.615508922471903,0.01331092990018245,19,64,,True,False,Request timeout: 300.0s exceeded,11,87.6246207195492
232,2026-09-18T06:50:45.941+00:00,2026-09-18T06:55:46.069+00:00,2026-09-18T06:55:46.069+00:00,False,1,0.0,,0.0,300127.948191,300127.948191,300127.948191,300127.948191,300127.948191,300127.948191,nan,300127.948191,nan,nan,0.0,19,64,,True,False,"HTTPConnectionPool(host='gpu03', port=9002): Read timed out.",0,87.6246207195492
233,2026-09-18T06:50:46.343+00:00,2026-09-18T06:55:46.712+00:00,2026-09-18T06:55:46.712+00:00,False,1,0.0,,0.0,300369.715776,300369.715776,300369.715776,300369.715776,300369.715776,300369.715776,nan,300369.715776,nan,nan,0.0,19,64,,True,False,"HTTPConnectionPool(host='gpu03', port=9002): Read timed out.",0,87.6246207195492
234,2026-09-18T06:50:46.862+00:00,2026-09-18T06:55:46.968+00:00,2026-09-18T06:55:46.968+00:00,False,1,0.0,,0.0,300106.325097,300106.325097,300106.325097,300106.325097,300106.325097,300106.325097,nan,300106.325097,nan,nan,0.0,19,64,,True,False,"HTTPConnectionPool(host='gpu03', port=9002): Read timed out.",0,87.6246207195492
235,2026-09-18T06:50:47.304+00:00,2026-09-18T06:55:47.291+00:00,2026-09-18T06:55:47.352+00:00,False,3,2.0,,2.0,299987.33382999996,300047.44135,300047.44154699997,100015.81384899998,0.01769,299987.33382999996,173180.41894164888,269994.6094497,30.05376,42.47745432394027,0.006665612581135247,19,64,,True,False,Request timeout: 300.0s exceeded,3,87.6246207195492
236,2026-09-18T06:50:47.783+00:00,2026-09-18T06:55:47.349+00:00,2026-09-18T06:55:47.794+00:00,False,10,9.0,,9.0,299566.372917,300011.41483699996,300011.414992,30001.141499199995,0.03757,299566.372917,94715.56981785134,164790.33222584997,49.44910222222222,21.261060812121592,0.029998858559731185,19,64,,True,False,Request timeout: 300.0s exceeded,35,87.6246207195492
237,2026-09-18T06:50:48.232+00:00,2026-09-18T06:55:48.342+00:00,2026-09-18T06:55:48.342+00:00,False,1,0.0,,0.0,300109.815887,300109.815887,300109.815887,300109.815887,300109.815887,300109.815887,nan,300109.815887,nan,nan,0.0,19,64,,True,False,"HTTPConnectionPool(host='gpu03', port=9002): Read timed out.",0,87.6246207195492
238,2026-09-18T06:50:48.588+00:00,2026-09-18T06:55:48.556+00:00,2026-09-18T06:55:48.655+00:00,False,3,2.0,,2.0,299967.79916399997,300066.54066799994,300066.54067799996,100022.18022599998,0.023370000000000002,299967.79916399997,173157.9924073374,269980.891062,49.370752,69.7874795051376,0.006665188313057679,19,64,,True,False,Request timeout: 300.0s exceeded,10,87.6246207195492
239,2026-09-18T06:50:49.077+00:00,2026-09-18T06:55:48.957+00:00,2026-09-18T06:55:49.107+00:00,False,4,3.0,,3.0,299879.686136,300029.74232799996,300029.742355,75007.43558875,0.04274,299879.686136,149914.8383902509,254911.29363575001,50.01873066666666,45.93733345340756,0.009999008687346489,19,64,,True,False,Request timeout: 300.0s exceeded,13,87.6246207195492
240,2026-09-18T06:50:49.587+00:00,2026-09-18T06:55:49.676+00:00,2026-09-18T06:55:49.676+00:00,False,1,0.0,,0.0,300088.638261,300088.638261,300088.638261,300088.638261,300088.638261,300088.638261,nan,300088.638261,nan,nan,0.0,19,64,,True,False,"HTTPConnectionPool(host='gpu03', port=9002): Read timed out.",0,87.6246207195492
241,2026-09-18T06:50:49.990+00:00,2026-09-18T06:55:50.020+00:00,2026-09-18T06:55:50.020+00:00,False,1,0.0,,0.0,300030.05783099995,300030.05783099995,300030.05783099995,300030.05783099995,300030.05783099995,300030.05783099995,nan,300030.05783099995,nan,nan,0.0,19,64,,True,False,TTFT timeout: 300.0s exceeded (TTFT: 300.022s),0,87.6246207195492
242,2026-09-18T06:50:50.452+00:00,2026-09-18T06:55:50.308+00:00,2026-09-18T06:55:50.516+00:00,False,5,4.0,,4.0,299856.29483499995,300064.02168299997,300064.02170499996,60012.80434099999,0.038969000000000004,299856.29483499995,134076.5906127494,239899.79850239996,51.931712,35.05184029854631,0.013330488532296502,19,64,,True,False,Request timeout: 300.0s exceeded,25,87.6246207195492
243,2026-09-18T06:50:50.998+00:00,2026-09-18T06:55:51.120+00:00,2026-09-18T06:55:51.120+00:00,False,1,0.0,,0.0,300121.956383,300121.956383,300121.956383,300121.956383,300121.956383,300121.956383,nan,300121.956383,nan,nan,0.0,19,64,,True,False,"HTTPConnectionPool(host='gpu03', port=9002): Read timed out.",0,87.6246207195492
244,2026-09-18T06:50:51.425+00:00,2026-09-18T06:55:51.397+00:00,2026-09-18T06:55:51.457+00:00,False,3,2.0,,2.0,299971.610764,300031.320716,300031.32068199996,100010.44022733333,0.053899999999999997,299971.610764,173171.45601945644,269980.41528939997,29.854976,42.14528384241008,0.006665970723413693,19,64,,True,False,Request timeout: 300.0s exceeded,9,87.6246207195492
245,2026-09-18T06:50:51.871+00:00,2026-09-18T06:55:51.737+00:00,2026-09-18T06:55:51.923+00:00,False,5,4.0,,4.0,299866.63907,300052.92514999997,300052.92500999995,60010.58500199999,0.04389,299866.63907,134083.61312070847,239905.96976819998,46.57152,31.030427809044635,0.013330981519344807,19,64,,True,False,Request timeout: 300.0s exceeded,11,87.6246207195492
246,2026-09-18T06:50:52.268+00:00,2026-09-18T06:55:52.349+00:00,2026-09-18T06:55:52.349+00:00,False,1,0.0,,0.0,300081.206817,300081.206817,300081.206817,300081.206817,300081.206817,300081.206817,nan,300081.206817,nan,nan,0.0,19,64,,True,False,"HTTPConnectionPool(host='gpu03', port=9002): Read timed out.",0,87.6246207195492
247,2026-09-18T06:50:52.693+00:00,2026-09-18T06:55:52.727+00:00,2026-09-18T06:55:52.727+00:00,False,1,0.0,,0.0,300033.253576,300033.253576,300033.253576,300033.253576,300033.253576,300033.253576,nan,300033.253576,nan,nan,0.0,19,64,,True,False,TTFT timeout: 300.0s exceeded (TTFT: 300.021s),0,87.6246207195492
0,2026-09-18T06:48:53.152+00:00,2026-09-18T06:48:53.416+00:00,2026-09-18T06:48:58.955+00:00,True,96,96.0,,96.0,263.86911,5802.384053999999,5802.384198,60.4415020625,15.004752,263.86911,23.636907021797953,71.01500775,58.300157305263156,10.943967399082126,16.544923449839608,20,64,,False,True,,374,87.6246207195492
1,2026-09-18T06:48:53.647+00:00,2026-09-18T06:48:53.849+00:00,2026-09-18T06:48:54.942+00:00,True,21,21.0,,21.0,201.443576,1295.0814639999999,1295.081514,61.67054828571429,5.566869,201.443576,35.998461260429224,93.600026,54.6818944,16.865490502561304,16.21519617394509,20,64,,False,True,,83,87.6246207195492
2,2026-09-18T06:48:53.938+00:00,2026-09-18T06:48:54.176+00:00,2026-09-18T06:48:56.062+00:00,True,35,35.0,,35.0,238.633826,2123.861858,2123.861793,60.681765514285715,12.459627000000001,238.633826,33.35059960601592,70.25566740000001,55.447883294117645,12.575363108779015,16.479414547685707,20,64,,False,True,,128,87.6246207195492
3,2026-09-18T06:48:54.311+00:00,2026-09-18T06:48:56.632+00:00,2026-09-18T06:49:01.786+00:00,True,86,86.0,,86.0,2321.268357,7475.414917,7475.41478,86.9234276744186,13.912974,2321.268357,243.97581563780503,70.3069745,60.637018352941176,10.075119116481886,11.504378145542875,20,64,,False,True,,374,87.6246207195492
4,2026-09-18T06:48:54.752+00:00,2026-09-18T06:48:58.358+00:00,2026-09-18T06:48:59.326+00:00,True,17,17.0,,17.0,3606.02475,4574.8316620000005,4574.83176,269.1077505882353,40.535765,3606.02475,859.9338312942145,776.9582699999999,60.550432,7.4188911963108515,3.7159837248673826,20,64,,False,True,,93,87.6246207195492
5,2026-09-18T06:48:55.239+00:00,2026-09-18T06:48:59.848+00:00,2026-09-18T06:49:05.680+00:00,True,99,99.0,,99.0,4609.331095,10441.111702999999,10441.111687999999,105.46577462626263,0.0,4609.331095,457.5811741977287,68.30080760000001,59.50796538775511,16.838059127012865,9.481748957015254,20,64,,False,True,,424,87.6246207195492
6,2026-09-18T06:48:55.550+00:00,2026-09-18T06:49:00.879+00:00,2026-09-18T06:49:01.064+00:00,True,4,4.0,,4.0,5328.836918,5514.306102,5514.306143,1378.57653575,55.383948,5328.836918,2633.511273529122,4539.53970905,61.823061333333335,5.863787122997333,0.7253859191003612,20,64,,False,True,,19,87.6246207195492
7,2026-09-18T06:48:55.896+00:00,2026-09-18T06:49:02.216+00:00,2026-09-18T06:49:07.905+00:00,True,95,95.0,,95.0,6320.516385,12008.668705,12008.668695,126.40703889473684,0.0,6320.516385,643.0610731683835,69.9847928,60.51225872340426,32.20216721440225,7.910951857673052,20,64,,False,True,,515,87.6246207195492
8,2026-09-18T06:48:56.221+00:00,2026-09-18T06:49:03.675+00:00,2026-09-18T06:49:03.863+00:00,True,4,4.0,,4.0,7454.115989,7642.145429,7642.1455399999995,1910.5363849999999,59.556050000000006,7454.115989,3695.7209871198947,6346.01853605,62.67648,3.7244166224696182,0.5234132269743279,20,64,,False,True,,9,87.6246207195492
9,2026-09-18T06:48:56.705+00:00,2026-09-18T06:49:05.428+00:00,2026-09-18T06:49:08.223+00:00,True,44,44.0,,44.0,8722.454721999999,11517.480129999998,11517.480107999998,261.7609115454545,0.019289999999999998,8722.454721999999,1306.0574829863692,175.31894819999997,65.00059088372093,48.9742074587741,3.820280087602809,20,64,,False,True,,225,87.6246207195492
10,2026-09-18T06:48:57.064+00:00,2026-09-18T06:49:06.680+00:00,2026-09-18T06:49:12.097+00:00,True,91,91.0,,91.0,9616.165831,15033.308871000001,15033.309015,165.20119796703298,0.0,9616.165831,1002.406652833659,69.1449665,60.190478222222225,36.80095789776987,6.053224927450504,20,64,,False,True,,470,87.6246207195492
11,2026-09-18T06:48:57.541+00:00,2026-09-18T06:49:08.461+00:00,2026-09-18T06:49:10.156+00:00,True,30,30.0,,30.0,10919.810268,12614.625243999999,12614.625468999999,420.4875156333333,37.579121,10919.810268,1983.0217104474086,66.84163674999999,58.44189572413793,8.16355582544273,2.378191933547067,20,64,,False,True,,116,87.6246207195492
12,2026-09-18T06:48:58.010+00:00,2026-09-18T06:49:09.971+00:00,2026-09-18T06:49:14.668+00:00,True,79,79.0,,79.0,11961.641343000001,16657.904511,16657.904656000002,210.85955260759496,0.0,11961.641343000001,1339.3404874454302,68.0533995,60.208502153846155,29.67992446620744,4.7424932678556635,20,64,,False,True,,385,87.6246207195492
13,2026-09-18T06:48:58.392+00:00,2026-09-18T06:49:11.429+00:00,2026-09-18T06:49:12.501+00:00,True,19,19.0,,19.0,13037.484863,14109.452095,14109.452211,742.6027479473684,41.906212,13037.484863,2977.3474410871795,1363.3269266,59.55373511111111,6.0725592449204875,1.3466150118425275,20,64,,False,True,,66,87.6246207195492
14,2026-09-18T06:48:58.722+00:00,2026-09-18T06:49:12.870+00:00,2026-09-18T06:49:13.834+00:00,True,15,15.0,,15.0,14148.555629,15112.744557,15112.744517000001,1007.5163011333334,0.0,14148.555629,3635.67322870932,4405.5707858,68.87063771428572,49.60095147027566,0.992539769558417,20,64,,False,True,,63,87.6246207195492
15,2026-09-18T06:48:59.099+00:00,2026-09-18T06:49:14.324+00:00,2026-09-18T06:49:14.668+00:00,True,7,7.0,,7.0,15225.252198,15569.65207,15569.652118,2224.2360168571427,36.391951999999996,15225.252198,5732.918811492326,10678.0524018,57.39997866666666,11.459180829699315,0.4495925771833898,20,64,,False,True,,23,87.6246207195492
16,2026-09-18T06:48:59.553+00:00,2026-09-18T06:49:15.803+00:00,2026-09-18T06:49:16.401+00:00,True,11,11.0,,11.0,16250.210433,16847.773569,16847.773683,1531.6157893636364,41.659962,16250.210433,4881.610617540739,8159.337513,59.7563136,7.386976171218628,0.6529052610393614,20,64,,False,True,,42,87.6246207195492
17,2026-09-18T06:48:59.900+00:00,2026-09-18T06:49:17.179+00:00,2026-09-18T06:49:19.564+00:00,True,41,41.0,,41.0,17279.46843,19663.749006000002,19663.749,479.6036341463415,37.402211,17279.46843,2689.3008138415653,67.455215,59.6070144,7.529618888060087,2.085055092367669,20,64,,False,True,,174,87.6246207195492
18,2026-09-18T06:49:00.185+00:00,2026-09-18T06:49:18.251+00:00,2026-09-18T06:49:20.256+00:00,True,31,31.0,,31.0,18066.146678,20070.845558,20070.845403,647.4466259032258,0.0,18066.146678,3233.1858210315218,209.84724000000003,66.823296,52.490198673703915,1.544528849590184,20,64,,False,True,,162,87.6246207195492
19,2026-09-18T06:49:00.610+00:00,2026-09-18T06:49:19.754+00:00,2026-09-18T06:49:20.943+00:00,True,20,20.0,,20.0,19144.472945,20333.208689000003,20333.208816000002,1016.6604408000001,0.0,19144.472945,4267.383053131199,1269.3743043000002,62.56503915789474,69.66414218340483,0.9836125869705815,20,64,,False,True,,40,87.6246207195492
20,2026-09-18T06:49:00.949+00:00,2026-09-18T06:49:21.095+00:00,2026-09-18T06:49:21.718+00:00,True,11,11.0,,11.0,20145.880344,20768.169240000003,20768.169168,1888.015378909091,0.01662,20145.880344,6056.480141304023,10266.3969025,62.2288896,117.81372978916659,0.5296567007367087,20,64,,False,True,,53,87.6246207195492
21,2026-09-18T06:49:01.453+00:00,2026-09-18T06:49:22.724+00:00,2026-09-18T06:49:24.149+00:00,True,24,24.0,,24.0,21271.065453000003,22695.938413000003,22695.938485000002,945.6641035416668,0.0,21271.065453000003,4329.846557072392,322.35643085,61.95099826086956,70.83088945662462,1.0574579276375302,20,64,,False,True,,110,87.6246207195492
22,2026-09-18T06:49:01.884+00:00,2026-09-18T06:49:24.514+00:00,2026-09-18T06:49:29.115+00:00,True,79,79.0,,79.0,22629.535318,27231.260757999997,27231.260726999997,344.6995028734177,0.0,22629.535318,2539.738845819411,71.3272014,58.99648,42.727358372630746,2.9010775777904954,20,64,,False,True,,327,87.6246207195492
23,2026-09-18T06:49:02.282+00:00,2026-09-18T06:49:26.217+00:00,2026-09-18T06:49:27.856+00:00,True,28,28.0,,28.0,23934.636212999998,25573.873845,25573.873708,913.3526324285714,39.879577,23934.636212999998,4511.75593250412,83.7058931,60.71250488888889,8.890547566689628,1.0948673701021772,20,64,,False,True,,164,87.6246207195492
24,2026-09-18T06:49:02.651+00:00,2026-09-18T06:49:27.518+00:00,2026-09-18T06:49:28.025+00:00,True,10,10.0,,10.0,24867.37577,25374.178202,25374.178168,2537.4178168,41.683752,24867.37577,7845.95219088271,13707.38881325,56.31138133333334,9.13357166298486,0.3941014333702361,20,64,,False,True,,45,87.6246207195492
25,2026-09-18T06:49:03.161+00:00,2026-09-18T06:49:29.757+00:00,2026-09-18T06:49:33.463+00:00,True,57,57.0,,57.0,26596.526548,30302.572756,30302.572611000003,531.6240808947368,0.0,26596.526548,3514.4935353896567,80.99394980000001,66.17939657142857,57.574988705813496,1.8810284017456513,20,64,,False,True,,245,87.6246207195492
26,2026-09-18T06:49:03.655+00:00,2026-09-18T06:49:31.610+00:00,2026-09-18T06:49:34.603+00:00,True,51,51.0,,51.0,27955.061374,30948.330366000002,30948.330291000002,606.8300057058824,0.0,27955.061374,3906.609546414613,70.09167,59.86537984,63.186330413117915,1.6479079613299226,20,64,,False,True,,205,87.6246207195492
27,2026-09-18T06:49:04.107+00:00,2026-09-18T06:49:33.460+00:00,2026-09-18T06:49:37.784+00:00,True,75,75.0,,75.0,29352.090007,33676.630935,33676.631118,449.02174823999997,0.0,29352.090007,3383.2281712961803,94.8929535,58.43974227027027,68.73201563415725,2.227063631892369,20,64,,False,True,,367,87.6246207195492
28,2026-09-18T06:49:04.547+00:00,2026-09-18T06:49:35.155+00:00,2026-09-18T06:49:39.110+00:00,True,70,70.0,,70.0,30608.425204,34563.297524,34563.297369,493.7613909857143,0.0,30608.425204,3652.03729344128,99.38073810000002,57.31699014492754,59.732019245572175,2.0252697229306182,20,64,,False,True,,361,87.6246207195492
29,2026-09-18T06:49:04.976+00:00,2026-09-18T06:49:36.468+00:00,2026-09-18T06:49:38.079+00:00,True,26,26.0,,26.0,31491.97419,33103.803182,33103.803356000004,1273.2232060000001,11.167969,31491.97419,6163.469812576747,100.30672025,64.47315968,19.553122354818115,0.7854082462083193,20,64,,False,True,,51,87.6246207195492
30,2026-09-18T06:49:05.297+00:00,2026-09-18T06:49:37.602+00:00,2026-09-18T06:49:41.492+00:00,True,67,67.0,,67.0,32304.512195,36194.909634999996,36194.909668,540.2225323582089,0.0,32304.512195,3939.852422207571,69.9081492,58.94541575757576,58.61552485197623,1.8510890253808479,20,64,,False,True,,315,87.6246207195492
31,2026-09-18T06:49:05.658+00:00,2026-09-18T06:49:38.998+00:00,2026-09-18T06:49:42.888+00:00,True,66,66.0,,66.0,33340.186139,37229.666075,37229.666074,564.0858496060606,32.6731,33340.186139,4096.5477548362405,86.98386924999998,59.83815286153846,12.93294637836685,1.7727798005773543,20,64,,False,True,,228,87.6246207195492
32,2026-09-18T06:49:06.180+00:00,2026-09-18T06:49:40.875+00:00,2026-09-18T06:49:41.496+00:00,True,12,12.0,,12.0,34695.857555,35316.233875000005,35316.233731,2943.0194775833334,41.435923,34695.857555,9999.554898782757,15651.91790675,56.397847272727276,9.614120237658742,0.33978708042520567,20,64,,False,True,,51,87.6246207195492
33,2026-09-18T06:49:06.678+00:00,2026-09-18T06:49:42.946+00:00,2026-09-18T06:49:48.879+00:00,True,87,87.0,,87.0,36268.233792000006,42200.788288,42200.78821700001,485.06653122988513,0.0,36268.233792000006,3882.047968007542,94.6379293,68.98319181395348,92.1414346299103,2.061572864617291,20,64,,False,True,,388,87.6246207195492
34,2026-09-18T06:49:07.192+00:00,2026-09-18T06:49:44.612+00:00,2026-09-18T06:49:48.120+00:00,True,58,58.0,,58.0,37420.134584,40928.126392,40928.126252,705.6573491724138,0.0,37420.134584,4905.999248698334,94.73850715,61.54371592982456,75.84027839318453,1.4171183758691908,20,64,,False,True,,231,87.6246207195492
35,2026-09-18T06:49:07.568+00:00,2026-09-18T06:49:46.171+00:00,2026-09-18T06:49:48.784+00:00,True,36,36.0,,36.0,38603.188156000004,41216.686524000004,41216.68642500001,1144.90795625,0.01676,38603.188156000004,6422.083096879505,220.94498975000002,74.67138194285715,93.67003084958907,0.8734326564324285,20,64,,False,True,,153,87.6246207195492
36,2026-09-18T06:49:07.902+00:00,2026-09-18T06:49:47.740+00:00,2026-09-18T06:49:49.567+00:00,True,30,30.0,,30.0,39838.506732,41665.466348,41665.466502,1388.8488834,0.0166,39838.506732,7263.012435000142,414.2035447999999,62.99860744827586,124.56515198407807,0.7200207421040912,20,64,,False,True,,105,87.6246207195492
37,2026-09-18T06:49:08.281+00:00,2026-09-18T06:49:49.251+00:00,2026-09-18T06:49:50.475+00:00,True,20,20.0,,20.0,40969.65574,42193.957052000005,42193.957111,2109.69785555,40.681985,40969.65574,9146.691031253094,2137.3222631000003,64.43691115789474,10.798081184865687,0.4740015252741505,20,64,,False,True,,91,87.6246207195492
38,2026-09-18T06:49:08.715+00:00,2026-09-18T06:49:50.832+00:00,2026-09-18T06:49:56.075+00:00,True,85,85.0,,85.0,42117.213579,47360.291979,47360.291977,557.1799056117648,0.0,42117.213579,4561.993089050551,91.37116600000002,62.4176,68.62349065055643,1.794752448690346,20,64,,False,True,,300,87.6246207195492
39,2026-09-18T06:49:09.163+00:00,2026-09-18T06:49:52.826+00:00,2026-09-18T06:49:55.745+00:00,True,46,46.0,,46.0,43662.92520400001,46581.87304400001,46581.873229000004,1012.6494180217393,34.491397,43662.92520400001,6428.192402861601,97.05807649999998,64.86550755555555,10.996845863240413,0.9875085949538701,20,64,,False,True,,198,87.6246207195492
40,2026-09-18T06:49:09.502+00:00,2026-09-18T06:49:54.331+00:00,2026-09-18T06:49:58.345+00:00,True,66,66.0,,66.0,44828.210059,48842.336139,48842.336294,740.0353983939393,35.400345,44828.210059,5510.384548565855,86.94974975000001,61.75578584615385,12.93426070251182,1.3512867159378117,20,64,,False,True,,261,87.6246207195492
41,2026-09-18T06:49:09.877+00:00,2026-09-18T06:49:56.007+00:00,2026-09-18T06:49:56.759+00:00,True,13,13.0,,13.0,46129.806512999996,46881.896112999995,46881.895964999996,3606.2996896153845,40.85910500000001,46129.806512999996,12776.727126601987,18502.604601599996,62.67413333333334,9.78963673158477,0.27729253886544913,20,64,,False,True,,37,87.6246207195492
42,2026-09-18T06:49:10.186+00:00,2026-09-18T06:49:56.924+00:00,2026-09-18T06:50:02.895+00:00,True,97,97.0,,97.0,46738.005554999996,52708.489523,52708.489429999994,543.3864889690722,0.0,46738.005554999996,4740.878057196483,99.09144260000001,62.19254133333334,126.3818255486082,1.8403107521734778,20,64,,False,True,,337,87.6246207195492
43,2026-09-18T06:49:10.488+00:00,2026-09-18T06:49:58.412+00:00,2026-09-18T06:50:02.703+00:00,True,68,68.0,,68.0,47924.150001,52215.061489,52215.061425,767.8685503676471,0.0,47924.150001,5805.927463076873,94.80727279999999,64.04345504477612,154.94495501706066,1.3023062323564507,20,64,,False,True,,296,87.6246207195492
44,2026-09-18T06:49:10.855+00:00,2026-09-18T06:49:59.705+00:00,2026-09-18T06:50:05.608+00:00,True,97,97.0,,97.0,48849.739148,54752.572812,54752.572799,564.4595133917526,0.0,48849.739148,4955.309372781353,92.915476,61.48785066666667,127.08791565140062,1.7716062463961644,20,64,,False,True,,466,87.6246207195492
45,2026-09-18T06:49:11.345+00:00,2026-09-18T06:50:02.767+00:00,2026-09-18T06:50:07.231+00:00,True,86,86.0,,86.0,51422.776057999996,55886.78040999999,55886.780513,649.8462850348836,0.01711,51422.776057999996,5539.462558116263,94.28802125,52.51769825882353,27.02329709682577,1.5388254497589873,20,64,,False,True,,275,87.6246207195492
46,2026-09-18T06:49:11.799+00:00,2026-09-18T06:50:04.117+00:00,2026-09-18T06:50:07.566+00:00,True,55,55.0,,55.0,52317.725623000006,55766.58987900001,55766.589681000005,1013.9379942,34.494676,52317.725623000006,7045.922819847297,96.00691350000001,63.86785659259259,14.215897296991654,0.9862535994999277,20,64,,False,True,,253,87.6246207195492
47,2026-09-18T06:49:12.300+00:00,2026-09-18T06:50:05.887+00:00,2026-09-18T06:50:08.219+00:00,True,37,37.0,,37.0,53587.097277999994,55918.91961399999,55918.919585999996,1511.3221509729728,37.585860999999994,53587.097277999994,8799.0291713846,100.9361436,64.77284266666666,15.478393918601954,0.6616722972368836,20,64,,False,True,,81,87.6246207195492
48,2026-09-18T06:49:12.693+00:00,2026-09-18T06:50:07.358+00:00,2026-09-18T06:50:07.757+00:00,True,8,8.0,,8.0,54665.178104,55064.181752,55064.181848,6883.022731,39.628266,54665.178104,19306.90955893516,35555.90921235,57.00052114285714,12.053916240192526,0.1452850064317796,20,64,,False,True,,34,87.6246207195492
49,2026-09-18T06:49:13.139+00:00,2026-09-18T06:50:09.905+00:00,2026-09-18T06:50:13.405+00:00,True,71,71.0,,71.0,56766.387634000006,60266.71787400001,60266.717907000006,848.827012774648,0.0,56766.387634000006,6731.039779062542,80.671191,50.00471771428572,24.36903519046228,1.1780963441287797,20,64,,False,True,,289,87.6246207195492
50,2026-09-18T06:49:13.598+00:00,2026-09-18T06:50:10.796+00:00,2026-09-18T06:50:13.179+00:00,True,41,41.0,,41.0,57197.460075,59580.787051,59580.787039,1453.1899277804878,34.202786999999994,57197.460075,8923.445524559647,93.176408,59.5831744,12.357472513047478,0.6881412956983061,20,64,,False,True,,204,87.6246207195492
51,2026-09-18T06:49:14.002+00:00,2026-09-18T06:50:12.277+00:00,2026-09-18T06:50:18.266+00:00,True,98,98.0,,98.0,58275.438912,64264.525888,64264.525732999995,655.7604666632653,0.0154,58275.438912,5881.052712946946,92.26066300000001,61.74316470103093,83.12439338429058,1.5249470628756225,20,64,,False,True,,284,87.6246207195492
52,2026-09-18T06:49:14.345+00:00,2026-09-18T06:50:13.469+00:00,2026-09-18T06:50:18.534+00:00,True,81,81.0,,81.0,59124.006951999996,64188.67204,64188.671938,792.4527399753086,0.016329999999999997,59124.006951999996,6563.00357648447,94.30416599999998,63.3083136,96.71378267234455,1.2619049035556273,20,64,,False,True,,292,87.6246207195492
53,2026-09-18T06:49:14.817+00:00,2026-09-18T06:50:15.695+00:00,2026-09-18T06:50:20.202+00:00,True,67,67.0,,67.0,60877.323832999995,65384.251193,65384.25143899999,975.8843498358208,0.0,60877.323832999995,7430.5311378410815,119.277922,68.28677818181819,151.68206106713185,1.0247115899856476,20,64,,False,True,,315,87.6246207195492
54,2026-09-18T06:49:15.142+00:00,2026-09-18T06:50:17.190+00:00,2026-09-18T06:50:18.477+00:00,True,28,28.0,,28.0,62047.428659000005,63334.825779000006,63334.825775000005,2261.958063392857,0.01559,62047.428659000005,11716.896858449205,114.15195060000002,47.681374814814816,33.4408690501693,0.4420948452231156,20,64,,False,True,,83,87.6246207195492
55,2026-09-18T06:49:15.583+00:00,2026-09-18T06:50:18.663+00:00,2026-09-18T06:50:18.722+00:00,True,2,2.0,,2.0,63079.383041,63138.608897,63138.608952,31569.304476,59.225911,63079.383041,44561.980458064754,59928.3751845,59.225856,nan,0.03167633932611127,20,64,,False,True,,8,87.6246207195492
56,2026-09-18T06:49:15.920+00:00,2026-09-18T06:50:20.204+00:00,2026-09-18T06:50:20.204+00:00,True,6,6.0,,6.0,64284.099564000004,64284.099564000004,64284.099564000004,10714.016594,0.0,64284.099564000004,26243.873751011764,48213.074673,0.0,0.0,0.09333567772893073,20,64,,False,True,,22,87.6246207195492
57,2026-09-18T06:49:16.406+00:00,2026-09-18T06:50:21.740+00:00,2026-09-18T06:50:25.751+00:00,True,65,65.0,,65.0,65334.210423,69345.294711,69345.294654,1066.8506869846153,37.657419999999995,65334.210423,8095.946430174739,89.5767966,62.673192,11.916765352479255,0.9373382905197933,20,64,,False,True,,319,87.6246207195492
58,2026-09-18T06:49:16.807+00:00,2026-09-18T06:50:23.170+00:00,2026-09-18T06:50:27.859+00:00,True,76,76.0,,76.0,66363.03522,71052.922196,71052.922088,934.9068695789474,36.664483,66363.03522,7605.199257464023,92.1307675,62.53182634666666,12.376466802638104,1.0696252546848595,20,64,,False,True,,391,87.6246207195492
59,2026-09-18T06:49:17.266+00:00,2026-09-18T06:50:25.134+00:00,2026-09-18T06:50:25.385+00:00,True,5,5.0,,5.0,67867.612261,68118.826341,68118.826457,13623.765291400001,56.967335,67867.612261,30323.233449824616,54309.539824199994,62.80352,9.658052541922103,0.0734011472095865,20,64,,False,True,,19,87.6246207195492
60,2026-09-18T06:49:17.712+00:00,2026-09-18T06:50:26.555+00:00,2026-09-18T06:50:29.292+00:00,True,45,45.0,,45.0,68842.202059,71579.547595,71579.547579,1590.6566128666668,38.501779,68842.202059,10253.123255516874,92.8241284,62.21239854545455,12.763679760130447,0.6286711988543409,20,64,,False,True,,231,87.6246207195492
61,2026-09-18T06:49:18.116+00:00,2026-09-18T06:50:28.178+00:00,2026-09-18T06:50:32.246+00:00,True,65,65.0,,65.0,70062.325664,74130.198688,74130.198739,1140.4645959846155,0.0,70062.325664,8683.22512297912,90.8100266,63.560516,129.24320225642168,0.8768356371682303,20,64,,False,True,,275,87.6246207195492
62,2026-09-18T06:49:18.547+00:00,2026-09-18T06:50:29.643+00:00,2026-09-18T06:50:35.533+00:00,True,96,96.0,,96.0,71095.547883,76985.86801100001,76985.86795700001,801.9361245520834,0.0,71095.547883,7251.351135353776,93.70328975000001,62.00336976842105,149.26994889608244,1.2469821082784076,20,64,,False,True,,480,87.6246207195492
63,2026-09-18T06:49:18.913+00:00,2026-09-18T06:50:32.233+00:00,2026-09-18T06:50:34.800+00:00,True,55,55.0,,55.0,73319.97969400001,75887.279278,75887.279238,1379.768713418182,0.0,73319.97969400001,9881.01462748857,92.9738495,47.54258488888889,139.11572892736623,0.7247591496661377,20,64,,False,True,,206,87.6246207195492
64,2026-09-18T06:49:19.247+00:00,2026-09-18T06:50:32.469+00:00,2026-09-18T06:50:34.873+00:00,True,27,27.0,,27.0,73222.17473,75626.024202,75626.024115,2800.963856111111,0.019719999999999998,73222.17473,14075.273941318366,796.3270043,92.45574892307692,206.24140945500662,0.35701995820753407,20,64,,False,True,,79,87.6246207195492
65,2026-09-18T06:49:19.655+00:00,2026-09-18T06:50:34.735+00:00,2026-09-18T06:50:34.735+00:00,True,11,11.0,,11.0,75079.418619,75079.667451,75079.66753800001,6825.424321636364,0.01773,75079.418619,22637.288952745916,37539.7434095,0.0248832,0.015309094906115268,0.14651103785427713,20,64,,False,True,,41,87.6246207195492
66,2026-09-18T06:49:20.142+00:00,2026-09-18T06:50:35.594+00:00,2026-09-18T06:50:40.919+00:00,True,86,86.0,,86.0,75452.573066,80777.027466,80777.02750499999,939.2677616860465,29.229076,75452.573066,8129.516061810188,94.6519555,62.64064,13.191468906009737,1.0646591326500399,20,64,,False,True,,426,87.6246207195492
67,2026-09-18T06:49:20.547+00:00,2026-09-18T06:50:37.323+00:00,2026-09-18T06:50:42.883+00:00,True,87,87.0,,87.0,76775.97927,82335.47623,82335.47607399999,946.3847824597701,35.139675000000004,76775.97927,8224.328429832483,96.91517459999999,64.6453134883721,13.003087943861328,1.056652660354692,20,64,,False,True,,284,87.6246207195492
68,2026-09-18T06:49:20.983+00:00,2026-09-18T06:50:39.053+00:00,2026-09-18T06:50:41.149+00:00,True,34,34.0,,34.0,78069.75564,80165.72389600001,80165.724093,2357.8154145000003,35.861514,78069.75564,13377.966940024926,96.25406725,63.51418957575758,13.798048103339905,0.4241214118406592,20,64,,False,True,,144,87.6246207195492
69,2026-09-18T06:49:21.599+00:00,2026-09-18T06:50:40.648+00:00,2026-09-18T06:50:43.373+00:00,True,44,44.0,,44.0,79049.366344,81773.93312799999,81773.932961,1858.4984763863636,38.522709000000006,79049.366344,11907.595877919228,96.40015174999999,63.362018232558135,13.696424405902128,0.5380687746928743,20,64,,False,True,,198,87.6246207195492
70,2026-09-18T06:49:21.706+00:00,2026-09-18T06:50:41.887+00:00,2026-09-18T06:50:43.973+00:00,True,34,34.0,,34.0,80181.04796,82266.987928,82266.98788999999,2419.617290882353,41.541953,80181.04796,13740.10206841612,98.02847045,63.21030206060606,13.324776988265286,0.41328849951035973,20,64,,False,True,,139,87.6246207195492
71,2026-09-18T06:49:22.098+00:00,2026-09-18T06:50:43.499+00:00,2026-09-18T06:50:45.801+00:00,True,37,37.0,,37.0,81401.415744,83703.33856,83703.338594,2262.2523944324325,0.0,81401.415744,13373.200524666958,316.4424222,63.94230044444445,196.4051945101959,0.44203732654555655,20,64,,False,True,,158,87.6246207195492
72,2026-09-18T06:49:22.485+00:00,2026-09-18T06:50:45.771+00:00,2026-09-18T06:50:46.794+00:00,True,35,35.0,,35.0,83286.130359,84309.053111,84309.053046,2408.8300870285716,0.0,83286.130359,14072.875116515934,74.60252700000001,30.085963294117647,31.897243857392006,0.4151392846734922,20,64,,False,True,,152,87.6246207195492
73,2026-09-18T06:49:22.990+00:00,2026-09-18T06:50:46.606+00:00,2026-09-18T06:50:46.916+00:00,True,6,6.0,,6.0,83616.141343,83926.65679899999,83926.656848,13987.776141333332,56.736485,83616.141343,34110.79352343299,62728.9690985,62.1030912,4.615255594109952,0.07149099259809301,20,64,,False,True,,33,87.6246207195492
74,2026-09-18T06:49:23.420+00:00,2026-09-18T06:50:48.176+00:00,2026-09-18T06:50:50.440+00:00,True,37,37.0,,37.0,84755.481067,87019.764715,87019.764596,2351.8855296216216,39.535097,84755.481067,13923.379068569035,94.2561024,62.896768,10.672866906152501,0.4251907612159073,20,64,,False,True,,119,87.6246207195492
75,2026-09-18T06:49:23.925+00:00,2026-09-18T06:50:49.909+00:00,2026-09-18T06:50:53.512+00:00,True,60,60.0,,60.0,85984.238357,89587.563797,89587.563799,1493.1260633166667,38.540288000000004,85984.238357,11092.636259850993,72.7645003,61.07331254237288,8.696024711175355,0.6697358144033961,20,64,,False,True,,242,87.6246207195492
76,2026-09-18T06:49:24.240+00:00,2026-09-18T06:50:51.135+00:00,2026-09-18T06:50:53.135+00:00,True,34,34.0,,34.0,86895.054324,88894.594292,88894.594423,2614.5468947941176,34.054167,86895.054324,14891.99037112962,78.57712215,60.592120242424244,9.538610212532323,0.3824754505129656,20,64,,False,True,,167,87.6246207195492
77,2026-09-18T06:49:24.622+00:00,2026-09-18T06:50:52.505+00:00,2026-09-18T06:50:56.812+00:00,True,69,69.0,,69.0,87882.73610899999,92190.20055699999,92190.20056799999,1336.0898633043478,37.264762000000005,87882.73610899999,10572.218317850615,92.0314754,63.3450654117647,11.356322518992478,0.7484526509662837,20,64,,False,True,,332,87.6246207195492
78,2026-09-18T06:49:24.918+00:00,2026-09-18T06:50:53.696+00:00,2026-09-18T06:50:59.915+00:00,True,100,100.0,,100.0,88777.230076,94996.246012,94996.246207,949.96246207,36.674212,88777.230076,8871.447007842302,92.01037145000002,62.81834278787879,10.226494616088416,1.0526731760260075,20,64,,False,True,,514,87.6246207195492
79,2026-09-18T06:49:25.392+00:00,2026-09-18T06:50:55.060+00:00,2026-09-18T06:50:56.495+00:00,True,25,25.0,,25.0,89668.09448100001,91102.880273,91102.88029500001,3644.1152118000005,38.399199,89668.09448100001,17921.664127208056,67.8199066,59.782741333333334,8.158132293855088,0.2744150341359647,20,64,,False,True,,108,87.6246207195492
80,2026-09-18T06:49:25.675+00:00,2026-09-18T06:50:56.436+00:00,2026-09-18T06:51:00.289+00:00,True,63,63.0,,63.0,90761.627249,94614.458737,94614.458659,1501.816804111111,33.693258,90761.627249,11427.063984465907,69.6019102,62.142443354838704,8.336776034364386,0.6658601744488253,20,64,,False,True,,279,87.6246207195492
81,2026-09-18T06:49:26.075+00:00,2026-09-18T06:50:57.819+00:00,2026-09-18T06:51:02.962+00:00,True,84,84.0,,84.0,91743.61180500001,96887.222173,96887.222315,1153.4193132738096,35.440273999999995,91743.61180500001,10003.290847318625,70.34228714999999,61.97120925301205,8.720637492948242,0.8669873912786062,20,64,,False,True,,352,87.6246207195492
82,2026-09-18T06:49:26.535+00:00,2026-09-18T06:50:59.599+00:00,2026-09-18T06:51:04.719+00:00,True,83,83.0,,83.0,93063.713015,98184.207095,98184.207009,1182.9422531204818,38.393069000000004,93063.713015,10208.218155799834,69.983003,62.44504975609756,7.6064894325252475,0.8453498017221014,20,64,,True,True,,435,87.6246207195492
83,2026-09-18T06:49:26.880+00:00,2026-09-18T06:51:00.918+00:00,2026-09-18T06:51:04.299+00:00,True,55,55.0,,55.0,94037.614695,97419.170407,97419.170617,1771.2576475818182,39.507447,94037.614695,12671.586941020809,69.87325639999999,62.621402074074076,6.078552301938572,0.5645706052537685,20,64,,True,True,,233,87.6246207195492
84,2026-09-18T06:49:27.283+00:00,2026-09-18T06:51:02.580+00:00,2026-09-18T06:51:05.298+00:00,True,45,45.0,,45.0,95297.582197,98014.95051699999,98014.950428,2178.110009511111,35.563124,95297.582197,14196.920276247713,67.95120639999999,61.75837090909091,7.386849556492515,0.4591136327941631,20,64,,True,True,,183,87.6246207195492
85,2026-09-18T06:49:27.728+00:00,2026-09-18T06:51:04.044+00:00,2026-09-18T06:51:07.626+00:00,True,59,59.0,,59.0,96315.924765,99897.906973,99897.907016,1693.184864677966,38.879148,96315.924765,12531.229111396175,90.65085400000002,61.758313931034486,10.104802689441499,0.5906029644439525,20,64,,True,True,,234,87.6246207195492
86,2026-09-18T06:49:28.178+00:00,2026-09-18T06:51:05.848+00:00,2026-09-18T06:51:05.848+00:00,True,1,1.0,,1.0,97669.76703300001,97669.76703300001,97669.76703300001,97669.76703300001,97669.76703300001,97669.76703300001,nan,97669.76703300001,nan,nan,0.01023858283251691,20,64,,True,True,,3,87.6246207195492
87,2026-09-18T06:49:28.548+00:00,2026-09-18T06:51:07.155+00:00,2026-09-18T06:51:09.436+00:00,True,38,38.0,,38.0,98606.462712,100887.811576,100887.81155999999,2654.942409473684,35.706354,98606.462712,15986.083108653469,91.4422013,61.6580774054054,12.631705025762937,0.37665600439131486,20,64,,True,True,,170,87.6246207195492
88,2026-09-18T06:49:29.037+00:00,2026-09-18T06:51:09.191+00:00,2026-09-18T06:51:14.398+00:00,True,84,84.0,,84.0,100154.641601,105360.936641,105360.93674599999,1254.2968660238096,37.271391,100154.641601,10920.92786553269,85.18962665,62.72644626506024,10.071694856873783,0.7972594272411998,20,64,,True,True,,386,87.6246207195492
89,2026-09-18T06:49:29.471+00:00,2026-09-18T06:51:11.214+00:00,2026-09-18T06:51:13.774+00:00,True,41,41.0,,41.0,101742.22574600001,104302.43054600002,104302.43041800002,2543.9617175121953,36.391022,101742.22574600001,15879.474354366403,92.459519,64.00512,11.607844463696779,0.39308767576531173,20,64,,True,True,,121,87.6246207195492
90,2026-09-18T06:49:29.964+00:00,2026-09-18T06:51:12.799+00:00,2026-09-18T06:51:18.957+00:00,True,96,96.0,,96.0,102835.736647,108993.770055,108993.76984,1135.3517691666666,38.968447999999995,102835.736647,10489.016814757202,92.34043725,64.82140429473684,9.436597791803248,0.8807842865840576,20,64,,True,True,,450,87.6246207195492
91,2026-09-18T06:49:30.400+00:00,2026-09-18T06:51:14.271+00:00,2026-09-18T06:51:15.903+00:00,True,27,27.0,,27.0,103870.59816400001,105502.74434,105502.74439300002,3907.509051592593,56.375756,103870.59816400001,19977.82524831205,68.9608483,62.77485292307692,3.746713430371882,0.25591751351024616,20,64,,True,True,,134,87.6246207195492
92,2026-09-18T06:49:30.695+00:00,2026-09-18T06:51:15.453+00:00,2026-09-18T06:51:18.006+00:00,True,40,40.0,,40.0,104758.318524,107310.8423,107310.84231,2682.77105775,34.634576,104758.318524,16553.39982307834,94.12668224999999,65.44932758974359,11.289748619226739,0.37274891467327526,20,64,,True,True,,95,87.6246207195492
93,2026-09-18T06:49:31.124+00:00,2026-09-18T06:51:17.051+00:00,2026-09-18T06:51:20.397+00:00,True,52,52.0,,52.0,105926.90036399999,109272.65601199999,109272.65600199999,2101.3972308076923,38.15106,105926.90036399999,14680.32584040032,94.07779924999998,65.60305192156862,12.529995363395319,0.475873854427859,20,64,,True,True,,202,87.6246207195492
94,2026-09-18T06:49:31.453+00:00,2026-09-18T06:51:18.541+00:00,2026-09-18T06:51:22.995+00:00,True,71,71.0,,71.0,107087.951618,111541.583618,111541.583696,1571.0082210704227,37.996969,107087.951618,12701.45597462941,91.4355705,63.62331428571429,11.344193727310724,0.6365339068804684,20,64,,True,True,,451,87.6246207195492
95,2026-09-18T06:49:31.946+00:00,2026-09-18T06:51:20.270+00:00,2026-09-18T06:51:24.212+00:00,True,63,63.0,,63.0,108323.920224,112265.22736,112265.227281,1781.9877346190476,33.494718,108323.920224,13639.52745723002,95.051713,63.56946993548387,12.14155387898956,0.5611710899402395,20,64,,True,True,,272,87.6246207195492
96,2026-09-18T06:49:32.280+00:00,2026-09-18T06:51:21.680+00:00,2026-09-18T06:51:22.740+00:00,True,17,17.0,,17.0,109400.19677400001,110460.00042200001,110460.00020400001,6497.64707082353,43.40978,109400.19677400001,26517.383126921977,21955.5441356,66.237728,13.089479420085938,0.15390186434051614,20,64,,True,True,,103,87.6246207195492
97,2026-09-18T06:49:32.785+00:00,2026-09-18T06:51:23.805+00:00,2026-09-18T06:51:28.040+00:00,True,68,68.0,,68.0,111019.71802300001,115254.31770300001,115254.31756600001,1694.9164347941178,37.227391000000004,111019.71802300001,13455.458518499687,91.47342210000001,63.20298029850746,11.276118861961837,0.5899995883471357,20,64,,True,True,,318,87.6246207195492
98,2026-09-18T06:49:33.160+00:00,2026-09-18T06:51:25.178+00:00,2026-09-18T06:51:31.161+00:00,True,97,97.0,,97.0,112017.79929899999,118000.56563499999,118000.56565599999,1216.5006768659794,35.575154000000005,112017.79929899999,11367.363588893366,94.6661714,62.32048266666666,12.663941206631044,0.822029957890549,20,64,,True,True,,320,87.6246207195492
99,2026-09-18T06:49:33.622+00:00,2026-09-18T06:51:26.929+00:00,2026-09-18T06:51:29.630+00:00,True,44,44.0,,44.0,113306.981096,116008.698088,116008.698036,2636.561319,38.345919,113306.981096,17072.203333962916,94.97543595,62.83062772093023,13.60789998885332,0.3792819049363281,20,64,,True,True,,217,87.6246207195492
100,2026-09-18T06:49:34.130+00:00,2026-09-18T06:51:29.105+00:00,2026-09-18T06:51:34.262+00:00,True,83,83.0,,83.0,114975.76806100001,120132.230909,120132.23093800001,1447.376276361446,37.139591,114975.76806100001,12613.334855290783,95.9554825,62.88369326829268,13.502868639434435,0.6909053413223666,20,64,,True,True,,165,87.6246207195492
101,2026-09-18T06:49:34.485+00:00,2026-09-18T06:51:30.695+00:00,2026-09-18T06:51:36.591+00:00,True,93,93.0,,93.0,116209.925531,122106.265243,122106.265428,1312.9705960000001,36.067133999999996,116209.925531,12043.768405015493,93.7087086,64.09064904347825,12.458339929183593,0.761631680527805,20,64,,True,True,,385,87.6246207195492
102,2026-09-18T06:49:35.177+00:00,2026-09-18T06:51:32.589+00:00,2026-09-18T06:51:35.243+00:00,True,43,43.0,,43.0,117411.59624,120065.636048,120065.636158,2792.224096697674,36.179163,117411.59624,17895.470998971763,96.67787509999998,63.191424,16.059244423201754,0.3581374439461546,20,64,,True,True,,173,87.6246207195492
103,2026-09-18T06:49:35.265+00:00,2026-09-18T06:51:33.407+00:00,2026-09-18T06:51:37.547+00:00,True,67,67.0,,67.0,118142.446367,122282.016799,122282.01682599999,1825.1047287462686,36.124154000000004,118142.446367,14425.739491792472,92.56771129999998,62.72076412121213,12.133214112037662,0.547913763232501,20,64,,True,True,,359,87.6246207195492
104,2026-09-18T06:49:35.576+00:00,2026-09-18T06:51:35.398+00:00,2026-09-18T06:51:38.291+00:00,True,47,47.0,,47.0,119821.653557,122714.419509,122714.419583,2610.9450975106383,39.860375999999995,119821.653557,17468.614308774337,91.1198214,62.886216347826085,9.872429327592318,0.3830030748469048,20,64,,True,True,,253,87.6246207195492
105,2026-09-18T06:49:36.087+00:00,2026-09-18T06:51:37.358+00:00,2026-09-18T06:51:41.995+00:00,True,76,76.0,,76.0,121270.683202,125908.083522,125908.08354,1656.685309736842,36.027194,121270.683202,13903.613163804004,91.91310725,61.832004266666665,11.122161518716315,0.6036149377710167,20,64,,True,True,,360,87.6246207195492
106,2026-09-18T06:49:36.545+00:00,2026-09-18T06:51:39.528+00:00,2026-09-18T06:51:41.334+00:00,True,31,31.0,,31.0,122983.102371,124788.871843,124788.871989,4025.447483516129,37.90871,122983.102371,22077.607488824382,67.39433,60.19231573333334,7.098742734540858,0.24841958695645455,20,64,,True,True,,126,87.6246207195492
107,2026-09-18T06:49:37.006+00:00,2026-09-18T06:51:41.089+00:00,2026-09-18T06:51:41.510+00:00,True,8,8.0,,8.0,124083.188692,124504.37474,124504.37480199999,15563.046850249999,54.697888,124083.188692,43848.75916392665,80677.08270259999,60.169435428571425,4.492727532765178,0.06425477029788101,20,64,,True,True,,22,87.6246207195492
108,2026-09-18T06:49:37.359+00:00,2026-09-18T06:51:42.754+00:00,2026-09-18T06:51:45.209+00:00,True,41,41.0,,41.0,125394.638082,127850.38310600001,127850.38323,3118.3020300000003,36.212343000000004,125394.638082,19573.765524498613,70.16916,61.3936256,7.080236788946643,0.32068734566096013,20,64,,True,True,,184,87.6246207195492
109,2026-09-18T06:49:37.736+00:00,2026-09-18T06:51:44.069+00:00,2026-09-18T06:51:48.940+00:00,True,82,82.0,,82.0,126333.477943,131203.970359,131203.97018200002,1600.0484168536586,36.539802,126333.477943,13944.56168526661,70.28680359999998,60.129536,9.383022239754013,0.6249810868957074,20,64,,True,True,,426,87.6246207195492
110,2026-09-18T06:49:38.223+00:00,2026-09-18T06:51:45.563+00:00,2026-09-18T06:51:51.067+00:00,True,93,93.0,,93.0,127340.59295399999,132844.618554,132844.61869499998,1428.4367601612903,37.61701,127340.59295399999,13198.403634541546,68.5089102,59.826365217391306,8.906729414660166,0.7000659944851018,20,64,,True,True,,480,87.6246207195492
111,2026-09-18T06:49:38.721+00:00,2026-09-18T06:51:47.732+00:00,2026-09-18T06:51:50.615+00:00,True,49,49.0,,49.0,129011.20326000001,131894.3175,131894.317736,2691.7207701224493,35.245714,129011.20326000001,18421.59297156431,69.524046,60.06488,8.172687068394518,0.37150956105444044,20,64,,True,True,,134,87.6246207195492
112,2026-09-18T06:49:39.147+00:00,2026-09-18T06:51:49.074+00:00,2026-09-18T06:51:51.069+00:00,True,35,35.0,,35.0,129926.77332600001,131922.12999800002,131922.129806,3769.2037087428575,38.063719,129926.77332600001,21951.714689666464,68.7631217,58.68696094117647,8.34554850975094,0.2653080267922494,20,64,,True,True,,195,87.6246207195492
113,2026-09-18T06:49:39.549+00:00,2026-09-18T06:51:50.426+00:00,2026-09-18T06:51:53.956+00:00,True,56,56.0,,56.0,130877.774865,134407.362833,134407.362976,2400.1314817142857,41.925951999999995,130877.774865,17480.70578863845,92.9881415,64.17432669090908,10.539597366021377,0.4166438416739084,20,64,,True,True,,224,87.6246207195492
114,2026-09-18T06:49:39.950+00:00,2026-09-18T06:51:51.739+00:00,2026-09-18T06:51:52.034+00:00,True,5,5.0,,5.0,131788.871169,132083.462401,132083.46240999998,26416.692482,62.509904,131788.871169,58904.83973175664,105449.65361859997,73.647808,13.21284859175694,0.03785485259933757,20,64,,True,True,,19,87.6246207195492
115,2026-09-18T06:49:40.388+00:00,2026-09-18T06:51:53.443+00:00,2026-09-18T06:51:59.167+00:00,True,96,96.0,,96.0,133055.071231,138778.943487,138778.943531,1445.6139951145835,35.666624000000006,133055.071231,13573.730912623676,71.11395725,60.25128690526316,10.399694206210626,0.691747592162587,20,64,,True,True,,409,87.6246207195492
116,2026-09-18T06:49:40.812+00:00,2026-09-18T06:51:55.299+00:00,2026-09-18T06:51:59.357+00:00,True,69,69.0,,69.0,134486.731364,138544.9153,138544.915289,2007.8973230289855,38.989598,134486.731364,16183.11790694026,68.23290839999999,59.679175529411765,9.154887913386728,0.498033434504543,20,64,,True,True,,400,87.6246207195492
117,2026-09-18T06:49:41.309+00:00,2026-09-18T06:51:57.259+00:00,2026-09-18T06:51:58.675+00:00,True,25,25.0,,25.0,135950.611986,137366.10613,137366.106217,5494.64424868,34.059205999999996,135950.611986,27178.32793491597,70.3432246,58.97892266666666,8.662494746098407,0.1819954041380528,20,64,,True,True,,130,87.6246207195492
118,2026-09-18T06:49:41.654+00:00,2026-09-18T06:51:58.430+00:00,2026-09-18T06:52:00.846+00:00,True,40,40.0,,40.0,136776.33818000002,139192.02739600002,139192.02747700003,3479.8006869250007,37.27208,136776.33818000002,21616.4457225045,71.1302,61.94074912820513,8.10873958129684,0.2873727809582109,20,64,,True,True,,216,87.6246207195492
119,2026-09-18T06:49:42.167+00:00,2026-09-18T06:52:00.346+00:00,2026-09-18T06:52:03.472+00:00,True,51,51.0,,51.0,138178.853425,141304.86609700002,141304.865969,2770.6836464509806,37.55216,138178.853425,19340.1589692276,92.5859475,62.52025344,12.418029852004988,0.3609217531474859,20,64,,True,True,,241,87.6246207195492
120,2026-09-18T06:49:42.494+00:00,2026-09-18T06:52:01.418+00:00,2026-09-18T06:52:02.358+00:00,True,16,16.0,,16.0,138924.17317,139864.490866,139864.490657,8741.5306660625,32.468809,138924.17317,34715.375554016304,34802.95982575,62.6878464,17.717174114494945,0.11439644116196099,20,64,,True,True,,55,87.6246207195492
121,2026-09-18T06:49:42.975+00:00,2026-09-18T06:52:03.470+00:00,2026-09-18T06:52:03.824+00:00,True,7,7.0,,7.0,140495.772551,140849.42707900002,140849.426902,20121.346700285714,40.038456,140495.772551,53080.1332943188,98367.85531070002,58.942421333333336,10.045479731351941,0.049698462714184995,20,64,,True,True,,29,87.6246207195492
122,2026-09-18T06:49:43.439+00:00,2026-09-18T06:52:05.063+00:00,2026-09-18T06:52:06.037+00:00,True,17,17.0,,17.0,141624.542609,142598.072465,142598.072515,8388.121912647059,39.089337,141624.542609,34334.24048725964,28380.616729799996,60.845616,7.43824176105868,0.1192161977096329,20,64,,True,True,,71,87.6246207195492
123,2026-09-18T06:49:43.798+00:00,2026-09-18T06:52:06.664+00:00,2026-09-18T06:52:12.755+00:00,True,100,100.0,,100.0,142866.665067,148957.69047499998,148957.690496,1489.5769049599999,36.528772,142866.665067,14280.517082919636,74.3685617,61.525509171717175,9.498748198885625,0.6713315685891579,20,64,,True,True,,497,87.6246207195492
124,2026-09-18T06:49:44.268+00:00,2026-09-18T06:52:08.494+00:00,2026-09-18T06:52:13.676+00:00,True,84,84.0,,84.0,144226.255496,149408.184712,149408.184608,1778.6688643809523,36.604262000000006,144226.255496,15729.565969776146,87.75355725,62.43288212048193,10.343789151913898,0.562218195488546,20,64,,True,True,,411,87.6246207195492
125,2026-09-18T06:49:44.782+00:00,2026-09-18T06:52:10.369+00:00,2026-09-18T06:52:10.905+00:00,True,10,10.0,,10.0,145586.69977,146122.335994,146122.336052,14612.233605200001,45.525974999999995,145586.69977,46019.73687651728,80102.48696815,59.515136,6.3303659411190445,0.06843580710624976,20,64,,True,True,,31,87.6246207195492
126,2026-09-18T06:49:45.114+00:00,2026-09-18T06:52:11.734+00:00,2026-09-18T06:52:15.818+00:00,True,66,66.0,,66.0,146620.408818,150703.686642,150703.686618,2283.389191181818,40.927224,146620.408818,18039.994937369614,90.40402449999999,62.819658830769235,10.081024017646266,0.4379454907217001,20,64,,True,True,,280,87.6246207195492
127,2026-09-18T06:49:45.627+00:00,2026-09-18T06:52:13.548+00:00,2026-09-18T06:52:16.192+00:00,True,44,44.0,,44.0,147920.816243,150564.608115,150564.60809700002,3421.922911295455,36.054972,147920.816243,22290.6348537436,75.82776525,61.483531906976744,8.928650191673286,0.2922333511896313,20,64,,True,True,,209,87.6246207195492
128,2026-09-18T06:49:46.054+00:00,2026-09-18T06:52:15.294+00:00,2026-09-18T06:52:18.513+00:00,True,52,52.0,,52.0,149240.454586,152459.891642,152459.891846,2931.920997038462,35.848294,149240.454586,20687.177844835594,97.98694905,63.126216784313726,13.804750976215713,0.3410733107570629,20,64,,True,True,,275,87.6246207195492
129,2026-09-18T06:49:46.344+00:00,2026-09-18T06:52:16.718+00:00,2026-09-18T06:52:22.535+00:00,True,91,91.0,,91.0,150374.14975799999,156191.29535799997,156191.29540499998,1716.3878615934063,35.437124000000004,150374.14975799999,15756.72455696651,95.295097,64.6349511111111,13.871784876340975,0.5826188955755982,20,64,,True,True,,378,87.6246207195492
130,2026-09-18T06:49:46.642+00:00,2026-09-18T06:52:17.773+00:00,2026-09-18T06:52:17.773+00:00,True,1,1.0,,1.0,151130.738902,151130.738902,151130.738902,151130.738902,151130.738902,151130.738902,nan,151130.738902,nan,nan,0.0066167876056534404,20,64,,True,True,,4,87.6246207195492
131,2026-09-18T06:49:47.145+00:00,2026-09-18T06:52:19.659+00:00,2026-09-18T06:52:24.804+00:00,True,82,82.0,,82.0,152514.468323,157659.27088300002,157659.270664,1922.6740324878049,39.370987,152514.468323,16835.394971297188,93.97168864999999,63.51608098765432,11.175393812073908,0.5201089637212184,20,64,,True,True,,420,87.6246207195492
132,2026-09-18T06:49:47.555+00:00,2026-09-18T06:52:21.253+00:00,2026-09-18T06:52:22.197+00:00,True,16,16.0,,16.0,153698.080639,154642.13158299998,154642.13141,9665.133213125,44.521938,153698.080639,38408.78732707425,38494.79740675,62.9367296,10.528635438318522,0.10346468867323154,20,64,,True,True,,83,87.6246207195492
133,2026-09-18T06:49:48.003+00:00,2026-09-18T06:52:22.860+00:00,2026-09-18T06:52:23.698+00:00,True,14,14.0,,14.0,154857.36273,155694.834986,155694.83494899998,11121.059639214285,40.015726,154857.36273,41370.15613822212,54261.29568124999,64.42094276923076,14.283679892767072,0.08991948898792226,20,64,,True,True,,48,87.6246207195492
134,2026-09-18T06:49:48.813+00:00,2026-09-18T06:52:24.862+00:00,2026-09-18T06:52:29.107+00:00,True,68,68.0,,68.0,156049.49340200002,160294.027418,160294.02751,2357.2651104411766,38.712367,156049.49340200002,18916.10069647353,85.5755581,63.35125397014926,9.710446497387574,0.4242204222785909,20,64,,True,True,,315,87.6246207195492
135,2026-09-18T06:49:48.842+00:00,2026-09-18T06:52:25.198+00:00,2026-09-18T06:52:25.198+00:00,True,1,1.0,,1.0,156356.44431,156356.44431,156356.44431,156356.44431,156356.44431,156356.44431,nan,156356.44431,nan,nan,0.006395643009234404,20,64,,True,True,,4,87.6246207195492
136,2026-09-18T06:49:49.321+00:00,2026-09-18T06:52:27.861+00:00,2026-09-18T06:52:28.285+00:00,True,8,8.0,,8.0,158539.99422,158963.783788,158963.783811,19870.472976375,38.851138,158539.99422,56030.94879229883,103076.88754619999,60.54136685714286,10.834506024442145,0.05032592839303005,20,64,,True,True,,35,87.6246207195492
137,2026-09-18T06:49:49.727+00:00,2026-09-18T06:52:29.420+00:00,2026-09-18T06:52:32.767+00:00,True,54,54.0,,54.0,159692.85450400002,163039.71044000002,163039.710415,3019.2538965740746,37.320801,159692.85450400002,21722.85493531879,95.64386445,63.14822520754717,12.21598129193544,0.33120765397747964,20,64,,True,True,,271,87.6246207195492
138,2026-09-18T06:49:50.104+00:00,2026-09-18T06:52:30.808+00:00,2026-09-18T06:52:36.197+00:00,True,84,84.0,,84.0,160704.272401,166092.728337,166092.728217,1977.2943835357141,35.569773,160704.272401,17527.195970474593,94.3917468,64.92115585542169,14.35978754542969,0.5057415868897347,20,64,,True,True,,316,87.6246207195492
139,2026-09-18T06:49:50.462+00:00,2026-09-18T06:52:32.320+00:00,2026-09-18T06:52:32.320+00:00,True,1,1.0,,1.0,161857.399304,161857.399304,161857.399304,161857.399304,161857.399304,161857.399304,nan,161857.399304,nan,nan,0.00617827794280695,20,64,,True,True,,3,87.6246207195492
140,2026-09-18T06:49:50.945+00:00,2026-09-18T06:52:34.183+00:00,2026-09-18T06:52:38.028+00:00,True,60,60.0,,60.0,163237.922881,167082.591041,167082.590996,2784.7098499333333,36.398452,163237.922881,21065.518641028095,99.93028745,65.16386711864406,16.080757585067534,0.3591038397607608,20,64,,True,True,,302,87.6246207195492
141,2026-09-18T06:49:51.238+00:00,2026-09-18T06:52:35.556+00:00,2026-09-18T06:52:37.252+00:00,True,27,27.0,,27.0,164317.725954,166013.584642,166013.584813,6148.65128937037,40.209846,164317.725954,31610.41104061718,98.5176384,65.22533415384615,12.971871622976932,0.16263729295541776,20,64,,True,True,,113,87.6246207195492
142,2026-09-18T06:49:51.547+00:00,2026-09-18T06:52:36.720+00:00,2026-09-18T06:52:38.088+00:00,True,22,22.0,,22.0,165172.698794,166540.827306,166540.827335,7570.037606136363,37.457971,165172.698794,35201.052223892475,116.01238940000002,65.14897676190476,17.885602271095603,0.1320997400810162,20,64,,True,True,,93,87.6246207195492
143,2026-09-18T06:49:51.926+00:00,2026-09-18T06:52:38.148+00:00,2026-09-18T06:52:40.179+00:00,True,34,34.0,,34.0,166222.39063100002,168253.207655,168253.207816,4948.623759294118,37.94161,166222.39063100002,28496.35278963645,83.3770436,61.53990981818182,10.80313674318404,0.2020763851927052,20,64,,True,True,,126,87.6246207195492
144,2026-09-18T06:49:52.239+00:00,2026-09-18T06:52:39.248+00:00,2026-09-18T06:52:41.921+00:00,True,44,44.0,,44.0,167009.271728,169682.745008,169682.74521599998,3856.4260276363634,36.118592,167009.271728,25168.224298226094,87.6798783,62.17379720930233,10.919590852708495,0.2593074504890025,20,64,,True,True,,201,87.6246207195492
145,2026-09-18T06:49:52.688+00:00,2026-09-18T06:52:41.199+00:00,2026-09-18T06:52:42.287+00:00,True,18,18.0,,18.0,168511.27393,169598.79520999998,169598.794974,9422.155276333333,51.491565,168511.27393,39703.4107402349,25355.432341449996,63.97184,8.601007426255137,0.10613282940903034,20,64,,True,True,,73,87.6246207195492
146,2026-09-18T06:49:53.029+00:00,2026-09-18T06:52:42.475+00:00,2026-09-18T06:52:43.643+00:00,True,19,19.0,,19.0,169446.54902099998,170613.67734099997,170613.677465,8979.667234999999,35.680764,169446.54902099998,38858.83116941962,17034.6035067,64.84046222222223,13.448053850228204,0.11136270137373173,20,64,,True,True,,88,87.6246207195492
147,2026-09-18T06:49:53.324+00:00,2026-09-18T06:52:43.644+00:00,2026-09-18T06:52:48.040+00:00,True,71,71.0,,71.0,170319.63740799998,174715.759776,174715.75975399997,2460.785348647887,37.138400999999995,170319.63740799998,20205.77346270608,94.659169,62.801748114285715,13.565009304830795,0.4063743310336048,20,64,,True,True,,293,87.6246207195492
148,2026-09-18T06:49:53.831+00:00,2026-09-18T06:52:45.411+00:00,2026-09-18T06:52:49.966+00:00,True,73,73.0,,73.0,171579.78704,176135.401504,176135.401453,2412.8137185342466,34.432206,171579.78704,20074.49367861185,92.32774219999999,63.27242311111111,12.832672554441364,0.4144538768280616,20,64,,True,True,,176,87.6246207195492
149,2026-09-18T06:49:54.316+00:00,2026-09-18T06:52:47.255+00:00,2026-09-18T06:52:49.795+00:00,True,41,41.0,,41.0,172938.749537,175478.525537,175478.525518,4279.964037024391,36.261282,172938.749537,26998.581704918262,91.25715,63.4944,12.391670384511539,0.2336468230202622,20,64,,True,True,,163,87.6246207195492
150,2026-09-18T06:49:54.651+00:00,2026-09-18T06:52:48.742+00:00,2026-09-18T06:52:51.590+00:00,True,47,47.0,,47.0,174090.31927399998,176938.221226,176938.22119399998,3764.643004127659,39.107687,174090.31927399998,25384.65448373866,81.8616415,61.910912,10.630492351157885,0.26562943650240356,20,64,,True,True,,225,87.6246207195492
151,2026-09-18T06:49:55.062+00:00,2026-09-18T06:52:50.026+00:00,2026-09-18T06:52:54.846+00:00,True,75,75.0,,75.0,174963.403733,179783.715029,179783.71494900002,2397.1161993200003,37.951398999999995,174963.403733,20195.516467691366,94.78797409999999,65.13934183783783,13.516626431373236,0.4171679286296989,20,64,,True,True,,383,87.6246207195492
152,2026-09-18T06:49:55.473+00:00,2026-09-18T06:52:51.895+00:00,2026-09-18T06:52:56.374+00:00,True,69,69.0,,69.0,176422.557088,180901.265824,180901.265802,2621.7574753913045,36.682930999999996,176422.557088,21230.85477633825,95.7945612,65.86336376470588,12.720874877492676,0.38142353336062634,20,64,,True,True,,426,87.6246207195492
153,2026-09-18T06:49:55.853+00:00,2026-09-18T06:52:53.424+00:00,2026-09-18T06:52:55.891+00:00,True,38,38.0,,38.0,177570.862214,180037.39303,180037.392947,4737.82613018421,41.152353000000005,177570.862214,28794.986761217908,99.6899268,66.66299502702702,13.990468762005381,0.21106726419698812,20,64,,True,True,,205,87.6246207195492
154,2026-09-18T06:49:56.164+00:00,2026-09-18T06:52:54.336+00:00,2026-09-18T06:52:54.592+00:00,True,5,5.0,,5.0,178172.265104,178428.17857599998,178428.178536,35685.635707199996,61.506405,178172.265104,79652.44732036226,142550.9014408,63.978368,1.8634233317762232,0.028022479632443777,20,64,,True,True,,12,87.6246207195492
155,2026-09-18T06:49:56.616+00:00,2026-09-18T06:52:56.248+00:00,2026-09-18T06:52:57.853+00:00,True,26,26.0,,26.0,179632.24619600002,181236.82168400002,181236.82187900002,6970.646995346155,38.494428,179632.24619600002,35216.19715811026,97.0765185,64.18301952,13.851759337946369,0.14345870645057407,20,64,,True,True,,109,87.6246207195492
156,2026-09-18T06:49:56.981+00:00,2026-09-18T06:52:57.501+00:00,2026-09-18T06:53:00.176+00:00,True,43,43.0,,43.0,180520.557219,183195.479459,183195.479472,4260.359987720931,35.432843,180520.557219,27519.417725398787,96.3657256,63.68862476190476,13.55349745546137,0.23472194907311347,20,64,,True,True,,139,87.6246207195492
157,2026-09-18T06:49:57.481+00:00,2026-09-18T06:52:59.324+00:00,2026-09-18T06:53:00.717+00:00,True,24,24.0,,24.0,181843.61437599998,183235.89623199997,183235.89603499998,7634.829001458333,38.426528,181843.61437599998,37106.31730504843,87.91543615,60.53399373913044,10.431935228204651,0.1309787028280362,20,64,,True,True,,119,87.6246207195492
158,2026-09-18T06:49:57.783+00:00,2026-09-18T06:53:00.338+00:00,2026-09-18T06:53:04.481+00:00,True,68,68.0,,68.0,182554.93731,186697.671646,186697.671501,2745.553992661765,40.320165,182554.93731,22130.540322324257,67.31710635000002,61.83185576119403,5.294959291557614,0.3642252171678698,20,64,,True,True,,321,87.6246207195492
159,2026-09-18T06:49:58.073+00:00,2026-09-18T06:53:01.737+00:00,2026-09-18T06:53:04.604+00:00,True,48,48.0,,48.0,183664.295361,186531.51686499998,186531.516825,3886.0732671875,43.27611,183664.295361,26500.852834533838,67.63754219999998,61.004712851063836,5.278251913770526,0.25732916778208287,20,64,,True,True,,260,87.6246207195492
160,2026-09-18T06:49:58.570+00:00,2026-09-18T06:53:03.799+00:00,2026-09-18T06:53:09.006+00:00,True,88,88.0,,88.0,185228.692917,190435.960501,190435.9604,2164.0450045454545,36.672961,185228.692917,19739.067068686727,68.74833934999998,59.853650390804596,9.9508225240321,0.46209759841832976,20,64,,True,True,,384,87.6246207195492
161,2026-09-18T06:49:59.092+00:00,2026-09-18T06:53:05.556+00:00,2026-09-18T06:53:06.272+00:00,True,13,13.0,,13.0,186463.66709799998,187179.88776999997,187179.88778,14398.452906153845,44.024858,186463.66709799998,51699.16324266396,74630.89106259999,59.685056,7.768093287292296,0.069451906157642,20,64,,True,True,,63,87.6246207195492
162,2026-09-18T06:49:59.511+00:00,2026-09-18T06:53:07.216+00:00,2026-09-18T06:53:10.960+00:00,True,64,64.0,,64.0,187705.459328,191449.74272,191449.742844,2991.4022319375,35.007563999999995,187705.459328,23455.755655293007,68.89977599999999,59.433069714285715,10.63617938642997,0.3342913868189501,20,64,,True,True,,277,87.6246207195492
163,2026-09-18T06:49:59.999+00:00,2026-09-18T06:53:09.311+00:00,2026-09-18T06:53:12.396+00:00,True,52,52.0,,52.0,189311.711386,192397.01109800002,192397.01119400002,3699.9425229615385,34.377065,189311.711386,26244.423727736154,70.58983655,60.496072784313725,10.754979838668405,0.27027446893919316,20,64,,True,True,,208,87.6246207195492
164,2026-09-18T06:50:00.340+00:00,2026-09-18T06:53:10.608+00:00,2026-09-18T06:53:16.676+00:00,True,98,98.0,,98.0,190268.44756099998,196336.34183299998,196336.341757,2003.4320587448976,36.909271000000004,190268.44756099998,19213.69993311276,92.60481250000001,62.55561105154639,11.419949998636447,0.499143454976649,20,64,,True,True,,399,87.6246207195492
165,2026-09-18T06:50:00.739+00:00,2026-09-18T06:53:12.051+00:00,2026-09-18T06:53:12.238+00:00,True,4,4.0,,4.0,191312.49242199998,191499.66093399998,191499.66092199998,47874.915230499995,55.349657,191312.49242199998,95625.05159082831,162625.5460456,62.389504,6.102957642397332,0.02088776544298213,20,64,,True,True,,18,87.6246207195492
166,2026-09-18T06:50:01.244+00:00,2026-09-18T06:53:13.741+00:00,2026-09-18T06:53:16.740+00:00,True,48,48.0,,48.0,192496.97223800002,195496.66094200002,195496.66101500002,4072.8471044791672,39.403696000000004,192496.97223800002,27775.335940853463,96.82444405,63.82316391489362,13.761003611188942,0.2455284901988206,20,64,,True,True,,155,87.6246207195492
168,2026-09-18T06:50:02.750+00:00,2026-09-18T06:53:18.110+00:00,2026-09-18T06:53:19.611+00:00,True,25,25.0,,25.0,195360.084435,196861.004755,196861.004831,7874.44019324,37.79041,195360.084435,39059.5112808986,95.17003180000002,62.53834666666666,12.970647677136368,0.12699315454126286,20,64,,True,True,,96,87.6246207195492
167,2026-09-18T06:50:02.729+00:00,2026-09-18T06:53:18.553+00:00,2026-09-18T06:53:24.157+00:00,True,92,92.0,,92.0,195823.709928,201428.186856,201428.186839,2189.4368134673914,36.497053,195823.709928,20409.61623881857,91.9827289,61.587658549450545,13.05433071084818,0.4567384606692128,20,64,,True,True,,456,87.6246207195492
169,2026-09-18T06:50:02.790+00:00,2026-09-18T06:53:19.927+00:00,2026-09-18T06:53:21.471+00:00,True,26,26.0,,26.0,197137.008244,198680.078708,198680.078932,7641.5414973846155,40.604625,197137.008244,38649.645393036524,92.87367400000001,61.72281856,12.959856590172537,0.13086364858055138,20,64,,True,True,,109,87.6246207195492
170,2026-09-18T06:50:03.022+00:00,2026-09-18T06:53:21.002+00:00,2026-09-18T06:53:25.735+00:00,True,76,76.0,,76.0,197979.609395,202712.714547,202712.714612,2667.2725606842105,34.076786,197979.609395,22702.58356203542,92.096445,63.10806869333334,13.334282794115753,0.37491481562878975,20,64,,True,True,,312,87.6246207195492
171,2026-09-18T06:50:03.509+00:00,2026-09-18T06:53:22.834+00:00,2026-09-18T06:53:24.947+00:00,True,34,34.0,,34.0,199324.72309,201437.96750600002,201437.96752300003,5924.646103617648,40.223175000000005,199324.72309,34172.92834932509,98.81513935,64.03770957575757,13.876825054871953,0.16878645282690952,20,64,,True,True,,141,87.6246207195492
172,2026-09-18T06:50:04.001+00:00,2026-09-18T06:53:25.074+00:00,2026-09-18T06:53:28.796+00:00,True,61,61.0,,61.0,201072.429984,204794.387104,204794.387161,3357.285035426229,36.87046,201072.429984,25736.746426412108,90.167122,62.032618666666664,11.005382447946895,0.29785972585773357,20,64,,True,True,,266,87.6246207195492
173,2026-09-18T06:50:04.290+00:00,2026-09-18T06:53:26.199+00:00,2026-09-18T06:53:28.015+00:00,True,30,30.0,,30.0,201909.252814,203724.526286,203724.526243,6790.817541433334,35.097414,201909.252814,36851.99139066948,93.85010375000002,62.59563696551724,13.229582140898703,0.1472576746006728,20,64,,True,True,,140,87.6246207195492
174,2026-09-18T06:50:04.671+00:00,2026-09-18T06:53:27.496+00:00,2026-09-18T06:53:28.008+00:00,True,9,9.0,,9.0,202825.067095,203336.82031100002,203336.820448,22592.98004977778,35.215424,202825.067095,67587.03403816507,121730.82280220003,63.969152,14.686492284516682,0.04426153603776562,20,64,,True,True,,28,87.6246207195492
175,2026-09-18T06:50:05.128+00:00,2026-09-18T06:53:29.026+00:00,2026-09-18T06:53:34.882+00:00,True,96,96.0,,96.0,203898.052429,209753.218893,209753.218922,2184.9293637708333,36.658602,203898.052429,20803.970420891397,87.5179375,61.6333312,11.25638230654771,0.4576806997606641,20,64,,True,True,,485,87.6246207195492
176,2026-09-18T06:50:05.423+00:00,2026-09-18T06:53:30.272+00:00,2026-09-18T06:53:34.099+00:00,True,62,62.0,,62.0,204849.600265,208676.088841,208676.088857,3365.74336866129,37.092971,204849.600265,26007.961032472234,90.2778016,62.72932091803279,11.300125878069487,0.2971111848240585,20,64,,True,True,,271,87.6246207195492
177,2026-09-18T06:50:05.756+00:00,2026-09-18T06:53:31.712+00:00,2026-09-18T06:53:34.280+00:00,True,43,43.0,,43.0,205956.37025900002,208524.59963500002,208524.599591,4849.4092928139535,37.06924,205956.37025900002,31398.729410034994,94.7238475,61.148318476190475,12.491552004063685,0.20621068245793012,20,64,,True,True,,134,87.6246207195492
178,2026-09-18T06:50:06.262+00:00,2026-09-18T06:53:33.811+00:00,2026-09-18T06:53:38.324+00:00,True,72,72.0,,72.0,207549.08257300002,212061.70081300003,212061.70094200002,2945.3014019722227,34.359626,207549.08257300002,24452.406683523703,93.25795065,63.55800338028169,12.427452485606205,0.3395238259618173,20,64,,True,True,,296,87.6246207195492
179,2026-09-18T06:50:06.691+00:00,2026-09-18T06:53:35.335+00:00,2026-09-18T06:53:37.059+00:00,True,28,28.0,,28.0,208643.968807,210367.861287,210367.861056,7513.137894857143,35.034554,208643.968807,39417.93988269875,91.80731405,63.84786962962963,13.223625584728069,0.13310017903257687,20,64,,True,True,,108,87.6246207195492
180,2026-09-18T06:50:07.055+00:00,2026-09-18T06:53:37.060+00:00,2026-09-18T06:53:39.673+00:00,True,43,43.0,,43.0,210005.101706,212618.679178,212618.67932199998,4944.620449348837,38.478718,210005.101706,32015.989602419737,90.67265400000001,62.228035047619045,9.973941425394058,0.20223999211283447,20,64,,True,True,,153,87.6246207195492
181,2026-09-18T06:50:07.345+00:00,2026-09-18T06:53:38.202+00:00,2026-09-18T06:53:41.053+00:00,True,47,47.0,,47.0,210856.91552799998,213707.87284,213707.872862,4546.976018340425,40.621424,210856.91552799998,30747.603319044207,85.56262439999999,61.97733286956522,9.55212261839414,0.21992638537555528,20,64,,True,True,,129,87.6246207195492
182,2026-09-18T06:50:07.716+00:00,2026-09-18T06:53:39.729+00:00,2026-09-18T06:53:44.737+00:00,True,82,82.0,,82.0,212013.757177,217021.800953,217021.80094299998,2646.6073285731704,37.22817,212013.757177,23406.177414076457,88.84699175000002,61.827700938271605,10.637758351132033,0.377842224329152,20,64,,True,True,,127,87.6246207195492
183,2026-09-18T06:50:08.163+00:00,2026-09-18T06:53:41.054+00:00,2026-09-18T06:53:46.797+00:00,True,92,92.0,,92.0,212891.36151800002,218634.894318,218634.89412900002,2376.466240532609,38.914058,212891.36151800002,22188.880998164725,89.1954965,63.11574505494505,10.627066278687835,0.4207928486757831,20,64,,True,True,,429,87.6246207195492
184,2026-09-18T06:50:08.503+00:00,2026-09-18T06:53:42.541+00:00,2026-09-18T06:53:45.108+00:00,True,43,43.0,,43.0,214038.42690599998,216604.51535399997,216604.51532299997,5037.314309837208,35.214644,214038.42690599998,32631.23823987747,76.98142779999999,61.097344,9.667482516914607,0.19851848392783716,20,64,,True,True,,150,87.6246207195492
185,2026-09-18T06:50:08.903+00:00,2026-09-18T06:53:43.803+00:00,2026-09-18T06:53:49.708+00:00,True,93,93.0,,93.0,214900.254218,220804.83149799999,220804.831288,2374.24549772043,0.017779,214900.254218,22277.47352833256,94.27116,64.18018782608695,21.667545960474627,0.42118643586312277,20,64,,True,True,,319,87.6246207195492
186,2026-09-18T06:50:09.228+00:00,2026-09-18T06:53:45.107+00:00,2026-09-18T06:53:47.051+00:00,True,31,31.0,,31.0,215879.231682,217823.44697800002,217823.447041,7026.562807774194,36.702470999999996,215879.231682,38761.41616942798,95.33984250000002,64.80717653333333,10.110952799505881,0.1423170940965367,20,64,,True,True,,123,87.6246207195492
187,2026-09-18T06:50:09.638+00:00,2026-09-18T06:53:46.735+00:00,2026-09-18T06:53:48.608+00:00,True,30,30.0,,30.0,217097.513396,218970.522292,218970.522138,7299.0174046,41.541362,217097.513396,39624.61187514839,95.83092860000001,64.58651365517241,12.648813589078305,0.13700474240087265,20,64,,True,True,,121,87.6246207195492
188,2026-09-18T06:50:09.984+00:00,2026-09-18T06:53:48.309+00:00,2026-09-18T06:53:49.777+00:00,True,24,24.0,,24.0,218324.52289700002,219792.28072100002,219792.28064500002,9158.011693541668,0.0185,218324.52289700002,44552.296606139644,197.8528841,63.81555756521739,38.94553156255098,0.10919400772980342,20,64,,True,True,,86,87.6246207195492
189,2026-09-18T06:50:10.338+00:00,2026-09-18T06:53:49.837+00:00,2026-09-18T06:53:50.576+00:00,True,13,13.0,,13.0,219499.277203,220238.174355,220238.174443,16941.398034076923,41.077313000000004,219499.277203,60861.06877282551,87842.248384,61.574762666666665,7.928689054225907,0.059027005822548335,20,64,,True,True,,49,87.6246207195492
190,2026-09-18T06:50:10.788+00:00,2026-09-18T06:53:51.183+00:00,2026-09-18T06:53:56.125+00:00,True,80,80.0,,80.0,220394.752711,225336.652743,225336.652766,2816.708159575,33.390108,220394.752711,24633.89138582192,91.3494424,62.55569660759494,11.98387414351863,0.3550243558966914,20,64,,True,True,,323,87.6246207195492
191,2026-09-18T06:50:11.267+00:00,2026-09-18T06:53:53.193+00:00,2026-09-18T06:53:56.301+00:00,True,51,51.0,,51.0,221926.523177,225034.889257,225034.889298,4412.448809764705,40.424144,221926.523177,31067.225677478178,86.32011399999999,62.1673216,10.657951277763214,0.22663152442000092,20,64,,True,True,,243,87.6246207195492
192,2026-09-18T06:50:11.553+00:00,2026-09-18T06:53:54.315+00:00,2026-09-18T06:53:54.633+00:00,True,6,6.0,,6.0,222762.232986,223080.256154,223080.25615,37180.04269166666,55.883915,222762.232986,90916.3344784478,167089.61976099998,63.6046336,6.116707023615631,0.026896149858542356,20,64,,True,True,,38,87.6246207195492
193,2026-09-18T06:50:11.928+00:00,2026-09-18T06:53:55.741+00:00,2026-09-18T06:54:01.692+00:00,True,96,96.0,,96.0,223812.775138,229764.56112199998,229764.561125,2393.3808450520833,35.309394,223812.775138,22836.403164459578,73.56303725,62.65037877894737,8.815102178458522,0.4178190036409753,20,64,,True,True,,494,87.6246207195492
194,2026-09-18T06:50:12.367+00:00,2026-09-18T06:53:57.432+00:00,2026-09-18T06:54:03.305+00:00,True,94,94.0,,94.0,225065.278692,230938.04464399998,230938.04453699998,2456.7877078404254,37.33597,225065.278692,23207.199929640035,88.1449496,63.148020989247314,9.989267796426839,0.4070355759048046,20,64,,True,True,,421,87.6246207195492
195,2026-09-18T06:50:12.863+00:00,2026-09-18T06:53:59.121+00:00,2026-09-18T06:54:04.120+00:00,True,81,81.0,,81.0,226257.758065,231256.628337,231256.628517,2855.020105148148,35.425624000000006,226257.758065,25132.810042983383,86.601618,62.4858784,10.146389718277904,0.3502602307336346,20,64,,True,True,,298,87.6246207195492
196,2026-09-18T06:50:13.327+00:00,2026-09-18T06:54:00.968+00:00,2026-09-18T06:54:05.345+00:00,True,72,72.0,,72.0,227641.110722,232018.61651400002,232018.616547,3222.4807853750003,35.595303,227641.110722,26820.497736424488,74.8461427,61.655011154929575,9.535374143409538,0.3103199263997659,20,64,,True,True,,314,87.6246207195492
197,2026-09-18T06:50:13.625+00:00,2026-09-18T06:54:02.207+00:00,2026-09-18T06:54:04.812+00:00,True,43,43.0,,43.0,228581.934993,231186.533521,231186.533377,5376.431008767442,37.677099999999996,228581.934993,34848.96264562674,90.09333800000002,62.01425066666666,10.137484263075892,0.18599699275344714,20,64,,True,True,,52,87.6246207195492
198,2026-09-18T06:50:14.054+00:00,2026-09-18T06:54:03.601+00:00,2026-09-18T06:54:08.582+00:00,True,80,80.0,,80.0,229547.05132499998,234527.41330899997,234527.41330999997,2931.5926663749997,35.227614,229547.05132499998,25657.095546010056,94.74451739999999,63.04255675949367,13.250453412641091,0.3411115096152813,20,64,,True,True,,317,87.6246207195492
199,2026-09-18T06:50:14.556+00:00,2026-09-18T06:54:05.453+00:00,2026-09-18T06:54:07.348+00:00,True,30,30.0,,30.0,230897.690912,232791.99951999998,232791.999605,7759.733320166666,34.051646999999996,230897.690912,42144.03455108357,101.76706060000001,65.32098648275861,14.914549239224378,0.1288704081835192,20,64,,True,True,,154,87.6246207195492
200,2026-09-18T06:50:14.861+00:00,2026-09-18T06:54:06.644+00:00,2026-09-18T06:54:10.960+00:00,True,69,69.0,,69.0,231783.783585,236099.758241,236099.758255,3421.735626884058,36.619541,231783.783585,27895.851196652326,95.2575536,63.47021552941176,14.266389399170317,0.29224934626814786,20,64,,True,True,,314,87.6246207195492
201,2026-09-18T06:50:15.289+00:00,2026-09-18T06:54:08.476+00:00,2026-09-18T06:54:14.243+00:00,True,94,94.0,,94.0,233187.788314,238954.433306,238954.433208,2542.068438382979,36.791571000000005,233187.788314,24045.091223057367,86.54647835,62.00693539784946,11.721943281510235,0.39338043952348684,20,64,,True,True,,468,87.6246207195492
202,2026-09-18T06:50:15.743+00:00,2026-09-18T06:54:10.025+00:00,2026-09-18T06:54:15.549+00:00,True,90,90.0,,90.0,234281.525055,239805.767487,239805.767552,2664.5085283555554,35.941362,234281.525055,24688.90101778988,89.73691145000001,62.07013968539326,11.588916381968485,0.3753037341142304,20,64,,True,True,,355,87.6246207195492
203,2026-09-18T06:50:16.055+00:00,2026-09-18T06:54:11.262+00:00,2026-09-18T06:54:12.908+00:00,True,27,27.0,,27.0,235207.271203,236853.256995,236853.256851,8772.342846333333,38.234478,235207.271203,45253.47888442539,100.848852,63.30714584615385,13.377180582709,0.11399463255246675,20,64,,True,True,,83,87.6246207195492
204,2026-09-18T06:50:17.266+00:00,2026-09-18T06:54:13.137+00:00,2026-09-18T06:54:17.216+00:00,True,66,66.0,,66.0,235870.90950600003,239949.88371400003,239949.88356000002,3635.604296363637,36.329972000000005,235870.90950600003,29025.979594583074,91.38125899999999,62.75344935384616,11.074560877510546,0.2750574369048931,20,64,,True,True,,318,87.6246207195492
205,2026-09-18T06:50:17.327+00:00,2026-09-18T06:54:14.550+00:00,2026-09-18T06:54:15.110+00:00,True,10,10.0,,10.0,237222.74530399998,237783.296216,237783.296305,23778.329630499997,57.230503,237222.74530399998,74996.72313967056,130503.97386274999,62.283434666666665,4.073517258672657,0.042055098735430514,20,64,,True,True,,35,87.6246207195492
206,2026-09-18T06:50:17.361+00:00,2026-09-18T06:54:16.368+00:00,2026-09-18T06:54:22.464+00:00,True,95,95.0,,95.0,239007.15998300002,245102.62929500002,245102.62920100003,2580.0276758,36.751830999999996,239007.15998300002,24514.966778709662,94.4957151,64.84541821276595,11.273487755196026,0.3875927413477892,20,64,,True,True,,361,87.6246207195492
207,2026-09-18T06:50:17.677+00:00,2026-09-18T06:54:17.885+00:00,2026-09-18T06:54:22.005+00:00,True,66,66.0,,66.0,240207.892106,244328.47578600002,244328.47586200002,3701.946603969697,38.036119,240207.892106,29559.745343546423,76.71236625,63.39359507692308,7.6375194387146,0.27012815345276175,20,64,,True,True,,246,87.6246207195492
208,2026-09-18T06:50:17.980+00:00,2026-09-18T06:54:18.942+00:00,2026-09-18T06:54:20.890+00:00,True,31,31.0,,31.0,240961.59039599999,242910.11289199998,242910.11293899998,7835.810094806451,55.933465,240961.59039599999,43266.31455537703,93.3741255,64.95074986666667,8.644458290687627,0.12761922355115318,20,64,,True,True,,135,87.6246207195492
209,2026-09-18T06:50:18.336+00:00,2026-09-18T06:54:20.643+00:00,2026-09-18T06:54:25.751+00:00,True,83,83.0,,83.0,242307.094569,247415.364137,247415.364175,2980.9080021084337,36.830571000000006,242307.094569,26589.82296080302,81.1257534,62.295970341463416,10.13059735237087,0.3354682531115604,20,64,,True,True,,389,87.6246207195492
210,2026-09-18T06:50:18.825+00:00,2026-09-18T06:54:22.527+00:00,2026-09-18T06:54:26.129+00:00,True,59,59.0,,59.0,243702.252183,247304.261783,247304.26167900002,4191.597655576271,37.36803,243702.252183,31719.24711907816,80.3353481,62.10361379310345,9.857803646465896,0.23857251619776063,20,64,,True,True,,258,87.6246207195492
211,2026-09-18T06:50:19.338+00:00,2026-09-18T06:54:24.877+00:00,2026-09-18T06:54:26.314+00:00,True,24,24.0,,24.0,245538.67668,246976.15866400002,246976.158489,10290.673270375,34.405016,245538.67668,50107.61584203254,87.36390610000001,62.49921669565217,9.929118420041833,0.09717537162220959,20,64,,True,True,,143,87.6246207195492
212,2026-09-18T06:50:19.746+00:00,2026-09-18T06:54:26.424+00:00,2026-09-18T06:54:32.081+00:00,True,90,90.0,,90.0,246678.33697600002,252335.36916800003,252335.36913500002,2803.7263237222223,37.147441,246678.33697600002,25995.482388275734,92.86420399999999,63.56215946067416,11.735609500037725,0.35666819240104125,20,64,,True,True,,513,87.6246207195492
213,2026-09-18T06:50:20.217+00:00,2026-09-18T06:54:27.875+00:00,2026-09-18T06:54:30.649+00:00,True,44,44.0,,44.0,247657.826238,250432.215742,250432.215754,5691.641267136364,36.888650999999996,247657.826238,37326.098029445195,99.9057537,64.52068613953489,14.620436291980875,0.17569624526793962,20,64,,True,True,,190,87.6246207195492
214,2026-09-18T06:50:20.530+00:00,2026-09-18T06:54:29.381+00:00,2026-09-18T06:54:33.467+00:00,True,67,67.0,,67.0,248850.557577,252936.803465,252936.803566,3775.1761726268655,36.490802,248850.557577,30394.37177102356,74.3422106,61.912816484848484,8.883922803349583,0.2648883004851886,20,64,,True,True,,200,87.6246207195492
215,2026-09-18T06:50:20.875+00:00,2026-09-18T06:54:30.725+00:00,2026-09-18T06:54:31.776+00:00,True,18,18.0,,18.0,249850.478895,250900.997167,250900.997009,13938.944278277779,42.409621,249850.478895,58875.75773624412,37541.463784249994,61.79519247058824,6.749714632526902,0.07174144464646819,20,64,,True,True,,116,87.6246207195492
216,2026-09-18T06:50:21.353+00:00,2026-09-18T06:54:32.141+00:00,2026-09-18T06:54:35.071+00:00,True,48,48.0,,48.0,250787.754747,253717.633019,253717.632982,5285.7840204583335,38.277947999999995,250787.754747,36189.09827881246,91.78292035,62.33783557446808,10.678907863901022,0.18918669321026438,20,64,,True,True,,223,87.6246207195492
217,2026-09-18T06:50:21.760+00:00,2026-09-18T06:54:33.843+00:00,2026-09-18T06:54:38.987+00:00,True,83,83.0,,83.0,252082.780031,257227.055487,257227.05564,3099.1211522891567,38.066499,252082.780031,27662.796016728156,91.46716229999998,62.73506653658537,11.297552784932025,0.3226721226616643,20,64,,True,True,,407,87.6246207195492
218,2026-09-18T06:50:22.247+00:00,2026-09-18T06:54:35.686+00:00,2026-09-18T06:54:39.877+00:00,True,67,67.0,,67.0,253438.69,257629.925584,257629.925553,3845.222769447761,35.392354,253438.69,30954.708314092106,94.7362868,63.503569454545456,12.720663903713234,0.2600629559944297,20,64,,True,True,,212,87.6246207195492
219,2026-09-18T06:50:22.682+00:00,2026-09-18T06:54:37.530+00:00,2026-09-18T06:54:39.422+00:00,True,32,32.0,,32.0,254847.307991,256739.25883900002,256739.258638,8023.1018324375,35.368303,254847.307991,45040.27748233506,90.56685205000002,61.03067251612903,11.292190152928443,0.12464007314154885,20,64,,True,True,,105,87.6246207195492
220,2026-09-18T06:50:23.160+00:00,2026-09-18T06:54:39.258+00:00,2026-09-18T06:54:39.816+00:00,True,10,10.0,,10.0,256097.539716,256656.126852,256656.127051,25665.6127051,46.318914,256097.539716,80965.52696980796,140895.469545,62.065237333333336,12.526526394988837,0.03896263893114257,20,64,,True,True,,39,87.6246207195492
221,2026-09-18T06:50:23.598+00:00,2026-09-18T06:54:40.644+00:00,2026-09-18T06:54:43.766+00:00,True,52,52.0,,52.0,257045.839898,260167.604506,260167.60440500002,5003.223161634615,37.014071,257045.839898,35637.35656947898,69.80520959999998,61.21107074509804,6.379837432070381,0.19987115651364956,20,64,,True,True,,248,87.6246207195492
222,2026-09-18T06:50:23.988+00:00,2026-09-18T06:54:42.133+00:00,2026-09-18T06:54:47.051+00:00,True,82,82.0,,82.0,258144.939861,263063.177301,263063.17721399997,3208.0875269999997,36.457362,258144.939861,28500.63571456071,68.48513755,60.71898074074074,8.816398903845108,0.31171219340278333,20,64,,True,True,,362,87.6246207195492
223,2026-09-18T06:50:24.442+00:00,2026-09-18T06:54:43.633+00:00,2026-09-18T06:54:49.491+00:00,True,98,98.0,,98.0,259191.363189,265049.122421,265049.122263,2704.5828802346937,35.163984,259191.363189,26176.183118680707,72.13492995,60.3892704329897,9.894864472599822,0.36974278241275704,20,64,,True,True,,478,87.6246207195492
224,2026-09-18T06:50:24.755+00:00,2026-09-18T06:54:44.926+00:00,2026-09-18T06:54:47.114+00:00,True,37,37.0,,37.0,260170.878497,262359.628321,262359.62813,7090.80076027027,37.08008,260170.878497,42761.834931326084,87.3770744,60.798606222222226,10.310575383900737,0.14102779546070282,20,64,,True,True,,173,87.6246207195492
225,2026-09-18T06:50:25.077+00:00,2026-09-18T06:54:45.858+00:00,2026-09-18T06:54:48.152+00:00,True,39,39.0,,39.0,260780.995476,263075.559316,263075.559281,6745.527161051283,39.303157,260780.995476,41748.71140234113,86.53760190000001,60.38325894736842,9.751748381794803,0.14824638252751615,20,64,,True,True,,167,87.6246207195492
226,2026-09-18T06:50:25.368+00:00,2026-09-18T06:54:46.905+00:00,2026-09-18T06:54:51.855+00:00,True,83,83.0,,83.0,261536.92168399997,266486.82914,266486.829117,3210.684688156626,36.595110999999996,261536.92168399997,28700.782501470745,83.11450630000002,60.36472507317073,10.00385900114848,0.3114600457660727,20,64,,True,True,,396,87.6246207195492
227,2026-09-18T06:50:25.884+00:00,2026-09-18T06:54:48.773+00:00,2026-09-18T06:54:51.413+00:00,True,45,45.0,,45.0,262889.396588,265529.071468,265529.071516,5900.646033688889,33.882767,262889.396588,39180.295840660634,86.1864504,59.99261090909091,11.287315389914884,0.16947296863282685,20,64,,True,True,,230,87.6246207195492
228,2026-09-18T06:50:26.221+00:00,2026-09-18T06:54:50.136+00:00,2026-09-18T06:54:54.234+00:00,True,70,70.0,,70.0,263914.795429,268013.739429,268013.739465,3828.767706642857,33.994037,263914.795429,31536.75274073782,68.79299145,59.40498550724637,10.126582639660223,0.2611806400266425,20,64,,True,True,,307,87.6246207195492
229,2026-09-18T06:50:26.553+00:00,2026-09-18T06:54:51.377+00:00,2026-09-18T06:54:55.708+00:00,True,73,73.0,,73.0,264824.443216,269155.70952,269155.709638,3687.064515589041,34.002976000000004,264824.443216,30988.317534348975,68.407922,60.15647644444445,10.269390686063831,0.2712184710113892,20,64,,True,True,,325,87.6246207195492
230,2026-09-18T06:50:26.911+00:00,2026-09-18T06:54:52.782+00:00,2026-09-18T06:54:55.884+00:00,True,52,52.0,,52.0,265871.286036,268972.858132,268972.858029,5172.554962096154,39.266546000000005,265871.286036,36861.281197017786,68.27013649999999,60.8151391372549,9.117313363689979,0.1933280568200703,20,64,,True,True,,249,87.6246207195492
231,2026-09-18T06:50:27.266+00:00,2026-09-18T06:54:53.951+00:00,2026-09-18T06:54:59.556+00:00,True,90,90.0,,90.0,266685.154213,272289.43427699996,272289.434202,3025.4381577999998,36.269982000000006,266685.154213,28104.449049724506,96.14884140000002,62.96943892134831,13.265987484527528,0.33053063641258673,20,64,,True,True,,468,87.6246207195492
232,2026-09-18T06:50:27.675+00:00,2026-09-18T06:54:55.336+00:00,2026-09-18T06:55:01.688+00:00,True,100,100.0,,100.0,267660.863155,274013.15013100003,274013.150106,2740.13150106,39.192977,267660.863155,26759.672264716064,93.32670745,64.16451490909091,11.392688233916475,0.3649459887315337,20,64,,True,True,,471,87.6246207195492
233,2026-09-18T06:50:28.060+00:00,2026-09-18T06:54:56.923+00:00,2026-09-18T06:54:57.488+00:00,True,9,9.0,,9.0,268863.290472,269428.67978400004,269428.67988300003,29936.519987000003,60.065146999999996,268863.290472,89597.53979758603,161354.95075400002,70.673664,13.315134429754435,0.03340401625845944,20,64,,True,True,,37,87.6246207195492
234,2026-09-18T06:50:28.354+00:00,2026-09-18T06:54:58.052+00:00,2026-09-18T06:55:01.321+00:00,True,53,53.0,,53.0,269698.402268,272967.049948,272967.050157,5150.3217010754715,37.20911,269698.402268,37037.291628150546,80.1074596,62.85860923076923,9.874947562342909,0.19416262882313617,20,64,,True,True,,143,87.6246207195492
235,2026-09-18T06:50:28.695+00:00,2026-09-18T06:54:59.614+00:00,2026-09-18T06:55:03.210+00:00,True,58,58.0,,58.0,270918.90957899997,274514.21709899994,274514.21702299995,4733.003741775861,36.88903,270918.90957899997,35565.11488953566,88.90709779999999,63.075570526315786,10.443586986753015,0.2112823175897045,20,64,,True,True,,264,87.6246207195492
236,2026-09-18T06:50:29.181+00:00,2026-09-18T06:55:01.478+00:00,2026-09-18T06:55:02.959+00:00,True,25,25.0,,25.0,272297.15299800003,273777.728742,273777.72873000003,10951.109149200001,39.910526,272297.15299800003,54447.09365899515,88.95113880000001,61.690656,11.630767654170173,0.09131495142016922,20,64,,True,True,,125,87.6246207195492
237,2026-09-18T06:50:29.638+00:00,2026-09-18T06:55:03.025+00:00,2026-09-18T06:55:08.580+00:00,True,88,88.0,,88.0,273386.388659,278942.214835,278942.214776,3169.797895181818,38.214279000000005,273386.388659,29136.281998640432,92.30027034999999,63.86007098850575,12.267864469657432,0.3154775265983092,20,64,,True,True,,413,87.6246207195492
238,2026-09-18T06:50:30.019+00:00,2026-09-18T06:55:04.144+00:00,2026-09-18T06:55:04.467+00:00,True,6,6.0,,6.0,274125.790501,274448.843301,274448.843285,45741.473880833335,37.12833,274125.790501,111885.00987635057,205618.83559250002,64.61056,21.687923311952943,0.0218619977691782,20,64,,True,True,,34,87.6246207195492
239,2026-09-18T06:50:30.454+00:00,2026-09-18T06:55:06.300+00:00,2026-09-18T06:55:12.188+00:00,True,96,96.0,,96.0,275845.69718,281733.57634800003,281733.576324,2934.724753375,36.549731,275845.69718,28147.06041922204,90.85279899999999,61.97767545263158,11.716367462160967,0.3407474580928894,20,64,,True,True,,370,87.6246207195492
240,2026-09-18T06:50:30.873+00:00,2026-09-18T06:55:08.003+00:00,2026-09-18T06:55:13.341+00:00,True,88,88.0,,88.0,277129.419259,282467.590907,282467.591025,3209.8589889204545,32.16553,277129.419259,29535.556610738593,88.5515999,61.3582948045977,11.128609890560215,0.31154016543077767,20,64,,True,True,,434,87.6246207195492
241,2026-09-18T06:50:31.310+00:00,2026-09-18T06:55:09.602+00:00,2026-09-18T06:55:11.945+00:00,True,39,39.0,,39.0,278292.289084,280634.724668,280634.72477,7195.762173589744,35.346203,278292.289084,44552.56116399171,88.36535969999998,61.64304168421052,11.644418446426258,0.13897068527830356,20,64,,True,True,,185,87.6246207195492
242,2026-09-18T06:50:31.626+00:00,2026-09-18T06:55:10.756+00:00,2026-09-18T06:55:16.384+00:00,True,91,91.0,,91.0,279129.963612,284758.548572,284758.548664,3129.214820483516,34.073595999999995,279129.963612,29254.21703605863,88.92471300000001,62.53983288888889,11.302420527136006,0.3195689838157432,20,64,,True,True,,451,87.6246207195492
243,2026-09-18T06:50:31.943+00:00,2026-09-18T06:55:11.885+00:00,2026-09-18T06:55:12.785+00:00,True,16,16.0,,16.0,279942.263739,280842.06073100003,280842.060691,17552.6287931875,42.5796,279942.263739,69970.56954998411,70036.66980375,59.98646613333333,5.8865115462171875,0.05697152327665526,20,64,,True,True,,78,87.6246207195492
244,2026-09-18T06:50:32.425+00:00,2026-09-18T06:55:13.106+00:00,2026-09-18T06:55:18.889+00:00,True,95,95.0,,95.0,280681.054568,286463.61380000005,286463.613971,3015.4064628526316,33.093148,280681.054568,28790.959184058316,78.9811291,61.51658757446808,10.976794416134563,0.33163025048733075,20,64,,True,True,,224,87.6246207195492
245,2026-09-18T06:50:32.776+00:00,2026-09-18T06:55:14.397+00:00,2026-09-18T06:55:14.709+00:00,True,6,6.0,,6.0,281621.821443,281933.428739,281933.428748,46988.904791333334,48.392379,281621.821443,114946.18474551702,211233.037841,62.3214592,7.842154804665564,0.021281619660485532,20,64,,True,True,,19,87.6246207195492
246,2026-09-18T06:50:33.272+00:00,2026-09-18T06:55:16.694+00:00,2026-09-18T06:55:19.013+00:00,True,39,39.0,,39.0,283421.833281,285741.26214500004,285741.26208,7326.699027692309,38.084877999999996,283421.833281,45374.0420836816,79.6843013,61.03760168421052,9.704782349732376,0.13648711322696322,20,64,,True,True,,83,87.6246207195492
247,2026-09-18T06:50:34.729+00:00,2026-09-18T06:55:19.299+00:00,2026-09-18T06:55:24.476+00:00,True,85,85.0,,85.0,284570.274391,289746.906967,289746.907128,3408.7871426823526,35.139034,284570.274391,30859.297281544903,78.98419840000001,61.62657828571428,10.213510316547282,0.29335947323738254,20,64,,True,True,,360,87.6246207195492
248,2026-09-18T06:50:34.775+00:00,2026-09-18T06:55:19.708+00:00,2026-09-18T06:55:25.292+00:00,True,92,92.0,,92.0,284933.647107,290516.909827,290516.909902,3157.7924989347825,34.853364,284933.647107,29699.991097749502,72.6455324,61.35453538461538,9.537341593031046,0.31667691927049996,20,64,,True,True,,235,87.6246207195492
250,2026-09-18T06:50:34.977+00:00,2026-09-18T06:55:21.622+00:00,2026-09-18T06:55:25.355+00:00,True,62,62.0,,62.0,286645.106931,290378.73816300003,290378.738175,4683.528035080645,38.019858,286645.106931,36396.19289068759,73.4014514,61.20706937704918,9.471012495763999,0.21351425518350853,20,64,,True,True,,243,87.6246207195492
249,2026-09-18T06:50:34.853+00:00,2026-09-18T06:55:22.464+00:00,2026-09-18T06:55:25.976+00:00,True,58,58.0,,58.0,287610.91929299996,291123.10258899996,291123.10264299996,5019.363838672413,36.96357,287610.91929299996,37757.074625891975,88.28027085,61.61725080701754,10.750223541055613,0.19922843458384987,20,64,,True,True,,367,87.6246207195492
251,2026-09-18T06:50:35.436+00:00,2026-09-18T06:55:25.036+00:00,2026-09-18T06:55:26.405+00:00,True,23,23.0,,23.0,289600.146302,290968.641662,290968.641524,12650.810501043477,35.640473,289600.146302,60372.835173537744,88.98345499999999,62.20433454545455,10.403328277594868,0.07904631876694691,20,64,,True,True,,113,87.6246207195492
252,2026-09-18T06:50:35.749+00:00,2026-09-18T06:55:26.240+00:00,2026-09-18T06:55:30.673+00:00,True,73,73.0,,73.0,290491.20357,294923.81438600004,294923.814284,4040.052250465754,37.19004,290491.20357,33992.22033538611,92.20990319999999,61.564039111111114,12.159961354373843,0.24752155112322216,20,64,,True,True,,329,87.6246207195492
253,2026-09-18T06:50:36.145+00:00,2026-09-18T06:55:27.425+00:00,2026-09-18T06:55:32.532+00:00,True,83,83.0,,83.0,291280.333827,296387.229443,296387.229546,3570.9304764578314,36.226493000000005,291280.333827,31965.336481267506,94.83403249999999,62.27921482926829,11.989989359207831,0.28003905619004493,20,64,,True,True,,447,87.6246207195492
254,2026-09-18T06:50:36.571+00:00,2026-09-18T06:55:29.224+00:00,2026-09-18T06:55:30.728+00:00,True,26,26.0,,26.0,292653.084119,294157.330647,294157.330676,11313.743487538462,35.610752,292653.084119,57382.1925759702,86.96578724999999,60.16986112,11.273520042920847,0.08838807430980189,20,64,,True,True,,111,87.6246207195492
255,2026-09-18T06:50:37.004+00:00,2026-09-18T06:55:30.794+00:00,2026-09-18T06:55:35.151+00:00,True,70,70.0,,70.0,293790.101952,298146.876352,298146.876559,4259.2410936999995,39.356606,293790.101952,35107.087909258975,91.0903355,63.14165797101449,9.557078032313424,0.23478361020075278,20,64,,True,True,,317,87.6246207195492
256,2026-09-18T06:50:37.355+00:00,2026-09-18T06:55:32.092+00:00,2026-09-18T06:55:32.861+00:00,True,14,14.0,,14.0,294736.424696,295505.76229600003,295505.762353,21107.554453785713,37.202921,294736.424696,78755.80702845582,103202.49847275,59.17981538461538,10.114234888946548,0.04737640271791581,20,64,,True,True,,79,87.6246207195492
257,2026-09-18T06:50:37.678+00:00,2026-09-18T06:55:33.170+00:00,2026-09-18T06:55:37.746+00:00,False,73,72.0,,72.0,295491.669139,300067.364243,300067.364345,4110.511840342466,0.03549,295491.669139,34577.24843021617,93.495262,63.55132088888889,13.521151540679487,0.23994612070405996,20,64,,True,False,Request timeout: 300.0s exceeded,338,87.6246207195492
258,2026-09-18T06:50:38.172+00:00,2026-09-18T06:55:35.273+00:00,2026-09-18T06:55:38.209+00:00,False,47,46.0,,46.0,297101.308794,300036.956282,300036.956207,6383.765025680851,0.02373,297101.308794,43327.37394067904,98.737734,63.81842365217391,16.118550988212583,0.15331444689355309,20,64,,True,False,Request timeout: 300.0s exceeded,187,87.6246207195492
259,2026-09-18T06:50:38.463+00:00,2026-09-18T06:55:36.401+00:00,2026-09-18T06:55:37.812+00:00,True,23,23.0,,23.0,297937.809235,299349.109331,299349.109448,13015.178671652173,37.454260000000005,297937.809235,62110.95255390066,96.3113448,64.15000436363637,11.619720530967353,0.0768333670723174,20,64,,True,True,,88,87.6246207195492
260,2026-09-18T06:50:38.827+00:00,2026-09-18T06:55:37.748+00:00,2026-09-18T06:55:38.888+00:00,False,20,19.0,,19.0,298921.207559,300060.51661500003,300060.516702,15003.0258351,0.09312999999999999,298921.207559,66827.40777533081,15034.997938699998,59.963634526315786,17.009700787464872,0.06332056018012665,20,64,,True,False,Request timeout: 300.0s exceeded,88,87.6246207195492
261,2026-09-18T06:50:39.147+00:00,2026-09-18T06:55:38.889+00:00,2026-09-18T06:55:39.204+00:00,False,7,6.0,,6.0,299741.88675999996,300056.54199199995,300056.54177899996,42865.22025414285,0.04284,299741.88675999996,113271.96530995036,209839.1408758,52.442538666666664,25.781257032072666,0.019996231244176543,20,64,,True,False,Request timeout: 300.0s exceeded,29,87.6246207195492
262,2026-09-18T06:50:39.530+00:00,2026-09-18T06:55:39.625+00:00,2026-09-18T06:55:39.625+00:00,False,1,0.0,,0.0,300095.274405,300095.274405,300095.274405,300095.274405,300095.274405,300095.274405,nan,300095.274405,nan,nan,0.0,20,64,,True,False,"HTTPConnectionPool(host='gpu03', port=9002): Read timed out.",0,87.6246207195492
263,2026-09-18T06:50:39.932+00:00,2026-09-18T06:55:39.987+00:00,2026-09-18T06:55:39.987+00:00,False,1,0.0,,0.0,300054.809022,300054.809022,300054.809022,300054.809022,300054.809022,300054.809022,nan,300054.809022,nan,nan,0.0,20,64,,True,False,TTFT timeout: 300.0s exceeded (TTFT: 300.043s),0,87.6246207195492
264,2026-09-18T06:50:40.239+00:00,2026-09-18T06:55:40.159+00:00,2026-09-18T06:55:40.318+00:00,False,4,3.0,,3.0,299919.778087,300079.509799,300079.509857,75019.87746425,0.05148,299919.778087,149933.2721005871,254945.53254415002,53.243904,47.512465971984064,0.009997350375603677,20,64,,True,False,Request timeout: 300.0s exceeded,6,87.6246207195492
265,2026-09-18T06:50:40.561+00:00,2026-09-18T06:55:40.458+00:00,2026-09-18T06:55:40.610+00:00,False,4,3.0,,3.0,299897.063011,300048.87741099996,300048.877456,75012.219364,0.038259999999999995,299897.063011,149923.23382183554,254926.04440585,50.6048,46.093680992013816,0.009998371018368016,20,64,,True,False,Request timeout: 300.0s exceeded,9,87.6246207195492
266,2026-09-18T06:50:40.901+00:00,2026-09-18T06:55:41.016+00:00,2026-09-18T06:55:41.016+00:00,False,1,0.0,,0.0,300114.778724,300114.778724,300114.778724,300114.778724,300114.778724,300114.778724,nan,300114.778724,nan,nan,0.0,20,64,,True,False,"HTTPConnectionPool(host='gpu03', port=9002): Read timed out.",0,87.6246207195492
267,2026-09-18T06:50:41.218+00:00,2026-09-18T06:55:41.296+00:00,2026-09-18T06:55:41.296+00:00,False,1,0.0,,0.0,300078.392894,300078.392894,300078.392894,300078.392894,300078.392894,300078.392894,nan,300078.392894,nan,nan,0.0,20,64,,True,False,TTFT timeout: 300.0s exceeded (TTFT: 300.069s),0,87.6246207195492
268,2026-09-18T06:50:41.597+00:00,2026-09-18T06:55:41.615+00:00,2026-09-18T06:55:41.615+00:00,False,1,0.0,,0.0,300017.454858,300017.454858,300017.454858,300017.454858,300017.454858,300017.454858,nan,300017.454858,nan,nan,0.0,20,64,,True,False,TTFT timeout: 300.0s exceeded (TTFT: 300.003s),0,87.6246207195492
269,2026-09-18T06:50:41.969+00:00,2026-09-18T06:55:41.895+00:00,2026-09-18T06:55:41.993+00:00,False,4,3.0,,3.0,299925.071122,300023.636754,300023.636747,75005.90918675,0.07959000000000001,299925.071122,149946.1100008363,254945.2969924,32.855210666666665,30.322974976713965,0.009999212170272458,20,64,,True,False,Request timeout: 300.0s exceeded,9,87.6246207195492
270,2026-09-18T06:50:42.326+00:00,2026-09-18T06:55:42.420+00:00,2026-09-18T06:55:42.420+00:00,False,1,0.0,,0.0,300093.874955,300093.874955,300093.874955,300093.874955,300093.874955,300093.874955,nan,300093.874955,nan,nan,0.0,20,64,,True,False,TTFT timeout: 300.0s exceeded (TTFT: 300.087s),0,87.6246207195492
271,2026-09-18T06:50:42.782+00:00,2026-09-18T06:55:42.746+00:00,2026-09-18T06:55:42.819+00:00,False,3,2.0,,2.0,299963.988207,300036.999663,300036.999511,100012.33317033334,0.047729999999999995,299963.988207,173163.21662843612,269974.8857437,36.505728,51.55919441024531,0.006665844553326388,20,64,,True,False,Request timeout: 300.0s exceeded,5,87.6246207195492
272,2026-09-18T06:50:43.156+00:00,2026-09-18T06:55:43.053+00:00,2026-09-18T06:55:43.211+00:00,False,4,3.0,,3.0,299897.420653,300055.691373,300055.691476,75013.922869,0.02114,299897.420653,149922.33676414838,254926.3312147,52.756906666666666,46.98439877405117,0.009998143965450375,20,64,,True,False,Request timeout: 300.0s exceeded,8,87.6246207195492
273,2026-09-18T06:50:43.598+00:00,2026-09-18T06:55:43.713+00:00,2026-09-18T06:55:43.713+00:00,False,1,0.0,,0.0,300115.44211400003,300115.44211400003,300115.44211400003,300115.44211400003,300115.44211400003,300115.44211400003,nan,300115.44211400003,nan,nan,0.0,20,64,,True,False,"HTTPConnectionPool(host='gpu03', port=9002): Read timed out.",0,87.6246207195492
274,2026-09-18T06:50:43.919+00:00,2026-09-18T06:55:44.000+00:00,2026-09-18T06:55:44.000+00:00,False,1,0.0,,0.0,300081.42041900003,300081.42041900003,300081.42041900003,300081.42041900003,300081.42041900003,300081.42041900003,nan,300081.42041900003,nan,nan,0.0,20,64,,True,False,"HTTPConnectionPool(host='gpu03', port=9002): Read timed out.",0,87.6246207195492
275,2026-09-18T06:50:44.275+00:00,2026-09-18T06:55:44.255+00:00,2026-09-18T06:55:44.354+00:00,False,3,2.0,,2.0,299979.570251,300078.899787,300078.899715,100026.29990499999,0.046,299979.570251,173164.6187983099,269991.5415723,49.664768,70.17142151675914,0.006664913799069601,20,64,,True,False,Request timeout: 300.0s exceeded,15,87.6246207195492
276,2026-09-18T06:50:44.721+00:00,2026-09-18T06:55:44.496+00:00,2026-09-18T06:55:45.816+00:00,False,23,22.0,,22.0,299775.587232,301095.279776,301095.27995600004,13091.09912852174,0.022019999999999998,299775.587232,62495.025675411074,92.4961048,59.98602472727273,18.829254476128977,0.07306657220387816,20,64,,True,False,Request timeout: 300.0s exceeded,101,87.6246207195492
277,2026-09-18T06:50:45.075+00:00,2026-09-18T06:55:45.449+00:00,2026-09-18T06:55:45.910+00:00,False,9,8.0,,8.0,300373.378062,300834.65371,300834.65376699995,33426.07264077778,0.03984,300373.378062,100105.2433805216,180261.8390944,57.659456,29.670963816499274,0.026592681066962044,20,64,,True,False,Request timeout: 300.0s exceeded,47,87.6246207195492
279,2026-09-18T06:50:45.887+00:00,2026-09-18T06:55:45.990+00:00,2026-09-18T06:55:45.990+00:00,False,1,0.0,,0.0,300102.668719,300102.668719,300102.668719,300102.668719,300102.668719,300102.668719,nan,300102.668719,nan,nan,0.0,20,64,,True,False,"HTTPConnectionPool(host='gpu03', port=9002): Read timed out.",0,87.6246207195492
280,2026-09-18T06:50:46.363+00:00,2026-09-18T06:55:46.713+00:00,2026-09-18T06:55:46.713+00:00,False,1,0.0,,0.0,300349.738754,300349.738754,300349.738754,300349.738754,300349.738754,300349.738754,nan,300349.738754,nan,nan,0.0,20,64,,True,False,"HTTPConnectionPool(host='gpu03', port=9002): Read timed out.",0,87.6246207195492
278,2026-09-18T06:50:45.574+00:00,2026-09-18T06:55:46.742+00:00,2026-09-18T06:55:46.742+00:00,False,1,0.0,,0.0,301168.625527,301168.625527,301168.625527,301168.625527,301168.625527,301168.625527,nan,301168.625527,nan,nan,0.0,20,64,,True,False,"HTTPConnectionPool(host='gpu03', port=9002): Read timed out.",0,87.6246207195492
281,2026-09-18T06:50:46.659+00:00,2026-09-18T06:55:46.761+00:00,2026-09-18T06:55:46.761+00:00,False,1,0.0,,0.0,300102.52743,300102.52743,300102.52743,300102.52743,300102.52743,300102.52743,nan,300102.52743,nan,nan,0.0,20,64,,True,False,"HTTPConnectionPool(host='gpu03', port=9002): Read timed out.",0,87.6246207195492
282,2026-09-18T06:50:47.115+00:00,2026-09-18T06:55:47.106+00:00,2026-09-18T06:55:47.287+00:00,False,3,2.0,,2.0,299991.477146,300172.27049,300172.27053700003,100057.42351233333,0.02231,299991.477146,173147.99311375798,270010.4065395,90.396672,127.80870217133105,0.006662840630599249,20,64,,True,False,Request timeout: 300.0s exceeded,5,87.6246207195492
283,2026-09-18T06:50:47.617+00:00,2026-09-18T06:55:47.288+00:00,2026-09-18T06:55:47.632+00:00,False,8,7.0,,7.0,299671.71218300005,300015.20735100005,300015.207379,37501.900922375,0.02282,299671.71218300005,105932.60296383373,194808.80593280002,49.070738285714285,23.234061305584362,0.023332150599320832,20,64,,True,False,Request timeout: 300.0s exceeded,22,87.6246207195492
284,2026-09-18T06:50:47.939+00:00,2026-09-18T06:55:47.955+00:00,2026-09-18T06:55:47.955+00:00,False,1,0.0,,0.0,300016.299989,300016.299989,300016.299989,300016.299989,300016.299989,300016.299989,nan,300016.299989,nan,nan,0.0,20,64,,True,False,TTFT timeout: 300.0s exceeded (TTFT: 300.012s),0,87.6246207195492
285,2026-09-18T06:50:48.397+00:00,2026-09-18T06:55:48.490+00:00,2026-09-18T06:55:48.490+00:00,False,1,0.0,,0.0,300093.209174,300093.209174,300093.209174,300093.209174,300093.209174,300093.209174,nan,300093.209174,nan,nan,0.0,20,64,,True,False,"HTTPConnectionPool(host='gpu03', port=9002): Read timed out.",0,87.6246207195492
286,2026-09-18T06:50:48.764+00:00,2026-09-18T06:55:48.656+00:00,2026-09-18T06:55:48.815+00:00,False,4,3.0,,3.0,299891.563372,300050.263148,300050.263174,75012.5657935,0.03836,299891.563372,149919.33662726803,254921.31431785,52.899925333333336,46.984376397926546,0.00999832484239565,20,64,,True,False,Request timeout: 300.0s exceeded,10,87.6246207195492
287,2026-09-18T06:50:49.148+00:00,2026-09-18T06:55:49.047+00:00,2026-09-18T06:55:49.177+00:00,False,4,3.0,,3.0,299899.101018,300028.845658,300028.84569499997,75007.21142374999,0.021070000000000002,299899.101018,149927.92959423934,254924.87756235,43.24821333333333,37.92681889449846,0.009999038570510222,20,64,,True,False,Request timeout: 300.0s exceeded,10,87.6246207195492
288,2026-09-18T06:50:49.604+00:00,2026-09-18T06:55:49.676+00:00,2026-09-18T06:55:49.676+00:00,False,1,0.0,,0.0,300071.369633,300071.369633,300071.369633,300071.369633,300071.369633,300071.369633,nan,300071.369633,nan,nan,0.0,20,64,,True,False,"HTTPConnectionPool(host='gpu03', port=9002): Read timed out.",0,87.6246207195492
289,2026-09-18T06:50:50.074+00:00,2026-09-18T06:55:50.021+00:00,2026-09-18T06:55:50.166+00:00,False,4,3.0,,3.0,299946.522246,300091.121542,300091.121645,75022.78041125,0.05594,299946.522246,149949.16508782838,254965.43977169998,48.19976533333334,41.69550731346472,0.009996963537557134,20,64,,True,False,Request timeout: 300.0s exceeded,11,87.6246207195492
290,2026-09-18T06:50:50.465+00:00,2026-09-18T06:55:50.309+00:00,2026-09-18T06:55:50.516+00:00,False,5,4.0,,4.0,299843.330879,300050.233151,300050.233321,60010.0466642,0.033409999999999995,299843.330879,134070.88511813333,239889.4257296,51.725568,34.99465302279192,0.013331101122614371,20,64,,True,False,Request timeout: 300.0s exceeded,15,87.6246207195492
291,2026-09-18T06:50:50.867+00:00,2026-09-18T06:55:50.975+00:00,2026-09-18T06:55:50.975+00:00,False,1,0.0,,0.0,300108.329352,300108.329352,300108.329352,300108.329352,300108.329352,300108.329352,nan,300108.329352,nan,nan,0.0,20,64,,True,False,"HTTPConnectionPool(host='gpu03', port=9002): Read timed out.",0,87.6246207195492
292,2026-09-18T06:50:51.279+00:00,2026-09-18T06:55:51.330+00:00,2026-09-18T06:55:51.330+00:00,False,1,0.0,,0.0,300051.37055800005,300051.37055800005,300051.37055800005,300051.37055800005,300051.37055800005,300051.37055800005,nan,300051.37055800005,nan,nan,0.0,20,64,,True,False,"HTTPConnectionPool(host='gpu03', port=9002): Read timed out.",0,87.6246207195492
293,2026-09-18T06:50:51.597+00:00,2026-09-18T06:55:51.550+00:00,2026-09-18T06:55:51.679+00:00,False,4,3.0,,3.0,299952.824555,300082.055915,300082.055973,75020.51399325,0.03374,299952.824555,149954.87857352057,254973.83161415,43.07712,46.78580984717071,0.009997265550759117,20,64,,True,False,Request timeout: 300.0s exceeded,5,87.6246207195492
294,2026-09-18T06:50:51.920+00:00,2026-09-18T06:55:51.800+00:00,2026-09-18T06:55:51.985+00:00,False,5,4.0,,4.0,299880.415892,300064.99778000003,300064.997706,60012.999541200006,0.038950000000000005,299880.415892,134089.9647814803,239916.84441000002,46.145472,30.750934731629,0.013330445168858706,20,64,,True,False,Request timeout: 300.0s exceeded,15,87.6246207195492
295,2026-09-18T06:50:52.376+00:00,2026-09-18T06:55:52.478+00:00,2026-09-18T06:55:52.478+00:00,False,1,0.0,,0.0,300102.648484,300102.648484,300102.648484,300102.648484,300102.648484,300102.648484,nan,300102.648484,nan,nan,0.0,20,64,,True,False,"HTTPConnectionPool(host='gpu03', port=9002): Read timed out.",0,87.6246207195492
296,2026-09-18T06:50:52.677+00:00,2026-09-18T06:55:52.700+00:00,2026-09-18T06:55:52.700+00:00,False,1,0.0,,0.0,300022.786936,300022.786936,300022.786936,300022.786936,300022.786936,300022.786936,nan,300022.786936,nan,nan,0.0,20,64,,True,False,"HTTPConnectionPool(host='gpu03', port=9002): Read timed out.",0,87.6246207195492
297,2026-09-18T06:50:53.138+00:00,2026-09-18T06:55:52.889+00:00,2026-09-18T06:55:53.180+00:00,False,10,9.0,,9.0,299751.204694,300042.31919,300042.319158,30004.231915800003,0.02047,299751.204694,94779.42579576424,164880.3931978,32.34605511111111,12.166734790993642,0.029995768677887082,20,64,,True,False,Request timeout: 300.0s exceeded,40,87.6246207195492
0,2026-09-18T06:48:53.153+00:00,2026-09-18T06:48:53.413+00:00,2026-09-18T06:48:55.295+00:00,True,36,36.0,,36.0,260.86483499999997,2142.438467,2142.438408,59.512178,12.588916,260.86483499999997,37.28773724689194,84.6796105,53.759246628571425,14.309467018620314,16.803283060171083,21,64,,False,True,,185,87.6246207195492
1,2026-09-18T06:48:53.571+00:00,2026-09-18T06:48:53.709+00:00,2026-09-18T06:48:58.106+00:00,True,75,75.0,,75.0,137.509254,4534.44007,4534.440154,60.459202053333335,16.516399,137.509254,13.719211207665268,75.1514804,59.417984,10.410144200072248,16.540079666330225,21,64,,False,True,,329,87.6246207195492
2,2026-09-18T06:48:54.193+00:00,2026-09-18T06:48:56.260+00:00,2026-09-18T06:48:58.957+00:00,True,45,45.0,,45.0,2066.841,4764.401832,4764.401857,105.87559682222222,40.176245,2066.841,299.03397057595095,71.2155054,61.30820072727273,6.39303614139512,9.445047161588784,21,64,,False,True,,176,87.6246207195492
3,2026-09-18T06:48:54.793+00:00,2026-09-18T06:48:58.416+00:00,2026-09-18T06:49:01.317+00:00,True,49,49.0,,49.0,3623.438717,6523.986045,6523.986197,133.14257544897958,9.743031,3623.438717,509.1553831270016,71.3990034,60.42806933333333,12.648700868929657,7.5107456794077185,21,64,,False,True,,145,87.6246207195492
4,2026-09-18T06:48:55.192+00:00,2026-09-18T06:48:59.572+00:00,2026-09-18T06:49:03.081+00:00,True,60,60.0,,60.0,4380.200650999999,7889.113546999999,7889.113540999999,131.4852256833333,0.0,4380.200650999999,558.0377668475422,70.6818957,59.47309993220339,16.305803223954356,7.605417217352165,21,64,,False,True,,209,87.6246207195492
5,2026-09-18T06:48:55.675+00:00,2026-09-18T06:49:01.560+00:00,2026-09-18T06:49:03.984+00:00,True,42,42.0,,42.0,5885.113805,8308.849613,8308.849531,197.82975073809524,0.0,5885.113805,899.0977743865909,66.21960200000001,59.11550751219512,15.282250342778298,5.054851388125612,21,64,,False,True,,159,87.6246207195492
6,2026-09-18T06:48:56.327+00:00,2026-09-18T06:49:03.987+00:00,2026-09-18T06:49:08.224+00:00,True,71,71.0,,71.0,7659.9552060000005,11897.180934,11897.181002000001,167.5659296056338,0.0,7659.9552060000005,902.7861678689355,111.2737685,60.53179611428571,40.60450886659655,5.967800304448156,21,64,,False,True,,313,87.6246207195492
7,2026-09-18T06:48:56.772+00:00,2026-09-18T06:49:05.494+00:00,2026-09-18T06:49:08.464+00:00,True,49,49.0,,49.0,8722.399201999999,11692.699105999998,11692.699121999998,238.62651269387752,0.0,8722.399201999999,1238.1384166601893,147.9687406,61.881248,48.267381174985246,4.190649186795213,21,64,,False,True,,258,87.6246207195492
8,2026-09-18T06:48:57.210+00:00,2026-09-18T06:49:07.294+00:00,2026-09-18T06:49:09.377+00:00,True,36,36.0,,36.0,10084.158130999998,12167.378098999998,12167.37791,337.98271972222216,0.0,10084.158130999998,1671.717735792661,222.67515325,59.520570514285716,57.01662097770748,2.9587311010708826,21,64,,False,True,,155,87.6246207195492
9,2026-09-18T06:48:57.656+00:00,2026-09-18T06:49:08.847+00:00,2026-09-18T06:49:10.823+00:00,True,34,34.0,,34.0,11191.659792999999,13167.304208999998,13167.304262,387.27365476470584,35.173755,11191.659792999999,1909.098954656176,68.3826985,59.86801260606061,6.991598524537584,2.582153450723849,21,64,,False,True,,151,87.6246207195492
10,2026-09-18T06:48:58.093+00:00,2026-09-18T06:49:10.344+00:00,2026-09-18T06:49:10.700+00:00,True,7,7.0,,7.0,12251.670972999998,12607.801789,12607.801871999998,1801.114553142857,54.204789,12251.670972999998,4608.263707724727,8595.325761699998,59.355136,4.049771064164096,0.5552117741974124,21,64,,False,True,,34,87.6246207195492
11,2026-09-18T06:48:58.535+00:00,2026-09-18T06:49:12.213+00:00,2026-09-18T06:49:12.753+00:00,True,10,10.0,,10.0,13677.353534,14217.42163,14217.42171,1421.7421709999999,39.921485999999994,13677.353534,4306.189902077814,7553.196960050001,60.00756622222222,8.24159508760267,0.7033624141032103,21,64,,False,True,,47,87.6246207195492
12,2026-09-18T06:48:59.031+00:00,2026-09-18T06:49:14.145+00:00,2026-09-18T06:49:14.448+00:00,True,6,6.0,,6.0,15113.222046,15416.862878,15416.862832,2569.4771386666666,52.145663,15113.222046,6145.156743649316,11351.292354000001,60.7281664,5.325855371105453,0.38918423595516655,21,64,,False,True,,22,87.6246207195492
13,2026-09-18T06:48:59.454+00:00,2026-09-18T06:49:15.515+00:00,2026-09-18T06:49:15.734+00:00,True,5,5.0,,5.0,16061.140303999999,16280.273743999998,16280.273906999999,3256.0547813999997,40.284175000000005,16061.140303999999,7158.266206089155,12861.985208799997,54.78336,10.508030721465559,0.30712014297933543,21,64,,False,True,,12,87.6246207195492
14,2026-09-18T06:49:00.069+00:00,2026-09-18T06:49:17.750+00:00,2026-09-18T06:49:23.339+00:00,True,91,91.0,,91.0,17681.615823,23270.256335,23270.256308,255.71710228571428,0.0,17681.615823,1847.7999082020144,90.822896,62.096005688888894,53.71975207615167,3.9105714475147404,21,64,,False,True,,374,87.6246207195492
15,2026-09-18T06:49:00.712+00:00,2026-09-18T06:49:20.258+00:00,2026-09-18T06:49:24.147+00:00,True,64,64.0,,64.0,19545.889249000003,23434.596065000005,23434.596123000003,366.16556442187505,0.0,19545.889249000003,2436.233650625972,100.92878514999998,61.72550501587301,59.41792320377245,2.731005041541346,21,64,,False,True,,251,87.6246207195492
16,2026-09-18T06:49:01.256+00:00,2026-09-18T06:49:22.169+00:00,2026-09-18T06:49:26.156+00:00,True,67,67.0,,67.0,20912.981228999997,24899.592940999995,24899.593030999997,371.635716880597,0.0,20912.981228999997,2547.9076681169745,87.5192699,60.40320775757576,43.14556131015464,2.6908070408523397,21,64,,False,True,,307,87.6246207195492
17,2026-09-18T06:49:01.761+00:00,2026-09-18T06:49:24.131+00:00,2026-09-18T06:49:24.507+00:00,True,9,9.0,,9.0,22370.131371,22745.791914999998,22745.791933,2527.3102147777777,0.0,22370.131371,7441.099689080633,13449.603279399998,46.957568,26.64933539263172,0.39567758439154793,21,64,,False,True,,51,87.6246207195492
18,2026-09-18T06:49:02.379+00:00,2026-09-18T06:49:26.456+00:00,2026-09-18T06:49:32.143+00:00,True,95,95.0,,95.0,24076.997549,29763.920301,29763.920332,313.3044245473684,0.0,24076.997549,2464.3340631166434,72.18582930000001,60.499178212765955,38.22486338965091,3.1917838456518184,21,64,,False,True,,389,87.6246207195492
19,2026-09-18T06:49:03.006+00:00,2026-09-18T06:49:29.181+00:00,2026-09-18T06:49:33.460+00:00,True,65,65.0,,65.0,26175.569460000002,30454.395956,30454.395889000003,468.529167523077,16.23984,26175.569460000002,3238.8021154295207,77.99328239999998,66.856664,52.246838824485316,2.1343388354807926,21,64,,False,True,,277,87.6246207195492
20,2026-09-18T06:49:03.579+00:00,2026-09-18T06:49:31.214+00:00,2026-09-18T06:49:34.001+00:00,True,48,48.0,,48.0,27634.708147999998,30421.470132,30421.4701,633.7806270833333,0.0,27634.708147999998,3980.678389528991,71.58357415,59.292808170212766,64.40863504386127,1.577833017001678,21,64,,False,True,,279,87.6246207195492
21,2026-09-18T06:49:04.117+00:00,2026-09-18T06:49:33.465+00:00,2026-09-18T06:49:35.654+00:00,True,40,40.0,,40.0,29347.377265,31536.486257,31536.486426,788.41216065,0.0,29347.377265,4632.178775319513,93.67087550000001,56.13099979487179,88.62224539735554,1.2683721221834405,21,64,,False,True,,140,87.6246207195492
22,2026-09-18T06:49:04.544+00:00,2026-09-18T06:49:35.161+00:00,2026-09-18T06:49:35.161+00:00,True,5,5.0,,5.0,30616.987168,30617.088288,30617.088358,6123.4176716,0.01753,30616.987168,13692.3216013953,24493.598334399998,0.02528,0.011922337131060617,0.16330749524472876,21,64,,False,True,,31,87.6246207195492
23,2026-09-18T06:49:05.170+00:00,2026-09-18T06:49:37.269+00:00,2026-09-18T06:49:38.264+00:00,True,17,17.0,,17.0,32098.964432,33094.088144,33094.087947,1946.7110557058825,7.412617,32098.964432,7770.087016202215,6509.997760000001,62.195232,21.989714928535744,0.513686913687698,21,64,,False,True,,72,87.6246207195492
24,2026-09-18T06:49:05.620+00:00,2026-09-18T06:49:38.988+00:00,2026-09-18T06:49:38.988+00:00,True,2,2.0,,2.0,33368.235967,33368.235967,33368.235967,16684.1179835,0.0,33368.235967,23594.905928498556,31699.82416865,0.0,nan,0.05993724097305979,21,64,,False,True,,2,87.6246207195492
25,2026-09-18T06:49:06.183+00:00,2026-09-18T06:49:40.929+00:00,2026-09-18T06:49:42.829+00:00,True,32,32.0,,32.0,34746.000194,36646.379586,36646.379478,1145.1993586875,39.796397,34746.000194,6131.462657438691,96.13612164999999,61.30256103225806,14.429818304397136,0.8732104060894721,21,64,,False,True,,135,87.6246207195492
26,2026-09-18T06:49:06.764+00:00,2026-09-18T06:49:43.198+00:00,2026-09-18T06:49:49.010+00:00,True,94,94.0,,94.0,36433.991247,42245.800783,42245.800684999995,449.4234115425532,0.0,36433.991247,3752.4372983847275,97.08416564999999,62.49257565591398,87.25316434820216,2.225073220480324,21,64,,False,True,,328,87.6246207195492
27,2026-09-18T06:49:07.384+00:00,2026-09-18T06:49:45.456+00:00,2026-09-18T06:49:49.632+00:00,True,68,68.0,,68.0,38072.422513,42248.014704999994,42248.01459,621.2943322058824,0.01607,38072.422513,4610.122347351094,82.52877665,62.322271522388064,82.12551063932344,1.6095430868128413,21,64,,False,True,,395,87.6246207195492
28,2026-09-18T06:49:07.896+00:00,2026-09-18T06:49:47.741+00:00,2026-09-18T06:49:49.797+00:00,True,34,34.0,,34.0,39845.03085,41900.34067400001,41900.340659,1232.3629605588237,0.01618,39845.03085,6823.466643624641,272.70289905,62.28211587878788,104.87160279069298,0.8114492496500793,21,64,,False,True,,169,87.6246207195492
29,2026-09-18T06:49:08.408+00:00,2026-09-18T06:49:49.690+00:00,2026-09-18T06:49:54.521+00:00,True,78,78.0,,78.0,41282.035336,46112.768136,46112.767994,591.1893332564102,0.0,41282.035336,4667.726260345859,92.995349,62.736789610389614,72.75955191732753,1.6915054799997098,21,64,,False,True,,362,87.6246207195492
30,2026-09-18T06:49:08.976+00:00,2026-09-18T06:49:52.470+00:00,2026-09-18T06:49:54.327+00:00,True,37,37.0,,37.0,43494.121931999995,45351.692235999995,45351.692065999996,1225.721407189189,0.0,43494.121931999995,7141.956933193822,92.4386276,51.59917511111111,27.15361412912361,0.8158460726770752,21,64,,False,True,,158,87.6246207195492
31,2026-09-18T06:49:09.577+00:00,2026-09-18T06:49:54.641+00:00,2026-09-18T06:49:59.197+00:00,True,74,74.0,,74.0,45063.819444,49619.82482,49619.82475,670.5381722972973,32.403220000000005,45063.819444,5231.3260205639,90.96469580000002,62.41103254794521,14.028670831727451,1.4913394045311745,21,64,,False,True,,330,87.6246207195492
32,2026-09-18T06:49:09.992+00:00,2026-09-18T06:49:56.255+00:00,2026-09-18T06:49:56.444+00:00,True,4,4.0,,4.0,46262.707108,46451.385764,46451.38577,11612.8464425,60.202078,46262.707108,23099.907189796275,39332.978251450004,62.89288533333334,2.3467325539356487,0.08611153217952036,21,64,,False,True,,9,87.6246207195492
33,2026-09-18T06:49:10.464+00:00,2026-09-18T06:49:58.347+00:00,2026-09-18T06:49:59.921+00:00,True,25,25.0,,25.0,47882.609477,49456.586309,49456.586283,1978.2634513199998,40.989554,47882.609477,9563.41414585748,102.44957099999999,65.582368,13.195237980080831,0.5054938455275179,21,64,,False,True,,106,87.6246207195492
34,2026-09-18T06:49:10.994+00:00,2026-09-18T06:50:00.782+00:00,2026-09-18T06:50:05.356+00:00,True,81,81.0,,81.0,49788.385197999996,54362.041774,54362.041691,671.1363171728394,0.0,49788.385197999996,5526.7726568352455,92.69373900000001,57.1707072,110.05410153491019,1.4900102600403113,21,64,,False,True,,382,87.6246207195492
35,2026-09-18T06:49:11.446+00:00,2026-09-18T06:50:02.701+00:00,2026-09-18T06:50:04.113+00:00,True,26,26.0,,26.0,51254.248861,52666.218141,52666.218376,2025.6237836923076,0.02927,51254.248861,10040.72727549337,87.864243,56.478771200000004,19.661118925607735,0.49367509036612073,21,64,,False,True,,126,87.6246207195492
36,2026-09-18T06:49:11.971+00:00,2026-09-18T06:50:04.849+00:00,2026-09-18T06:50:09.920+00:00,True,74,74.0,,74.0,52877.613222,57948.332454,57948.332508,783.0855744324324,0.0,52877.613222,6139.532742354446,98.20044295,69.46190728767124,94.0041876586984,1.2769996454814636,21,64,,False,True,,277,87.6246207195492
37,2026-09-18T06:49:12.401+00:00,2026-09-18T06:50:06.324+00:00,2026-09-18T06:50:08.467+00:00,True,35,35.0,,35.0,53923.279479000004,56066.17458300001,56066.174686000006,1601.890705314286,37.084192,53923.279479000004,9104.05401645511,94.70808960000001,63.0263265882353,13.416056947991885,0.6242623160990987,21,64,,False,True,,105,87.6246207195492
38,2026-09-18T06:49:12.953+00:00,2026-09-18T06:50:08.469+00:00,2026-09-18T06:50:10.356+00:00,True,31,31.0,,31.0,55515.06181,57402.215985999996,57402.215909,1851.6843841612904,0.0,55515.06181,9960.541774065734,460.3342555000001,62.9051392,146.4240871192626,0.5400488372706845,21,64,,False,True,,134,87.6246207195492
39,2026-09-18T06:49:13.518+00:00,2026-09-18T06:50:10.625+00:00,2026-09-18T06:50:14.519+00:00,True,66,66.0,,66.0,57107.34981,61001.172786,61001.172747,924.2601931363637,32.1208,57107.34981,7022.065363935706,87.58774299999999,59.904968861538464,12.133655237608172,1.0819464116130444,21,64,,False,True,,294,87.6246207195492
40,2026-09-18T06:49:13.998+00:00,2026-09-18T06:50:12.271+00:00,2026-09-18T06:50:12.661+00:00,True,8,8.0,,8.0,58272.610097000004,58663.048241000004,58663.048367,7332.881045875,32.013971,58272.610097000004,20582.76272965922,37900.5611165,55.77687771428572,13.79374069004051,0.13637204747926387,21,64,,False,True,,34,87.6246207195492
41,2026-09-18T06:49:14.393+00:00,2026-09-18T06:50:13.777+00:00,2026-09-18T06:50:20.217+00:00,True,100,100.0,,100.0,59383.783543,65823.142263,65823.142354,658.2314235399999,0.0,59383.783543,5933.246868450501,95.09237555,65.04402747474747,128.28114359433746,1.5192225190411675,21,64,,False,True,,455,87.6246207195492
42,2026-09-18T06:49:14.755+00:00,2026-09-18T06:50:15.269+00:00,2026-09-18T06:50:21.106+00:00,True,94,94.0,,94.0,60514.315182,66351.70219,66351.702263,705.8691730106383,0.0,60514.315182,6236.456782639186,95.95058079999998,62.767602236559135,130.7357142467312,1.4166931201075794,21,64,,False,True,,434,87.6246207195492
43,2026-09-18T06:49:15.387+00:00,2026-09-18T06:50:17.956+00:00,2026-09-18T06:50:18.728+00:00,True,13,13.0,,13.0,62568.594641,63341.013201,63341.013356,4872.385642769231,57.565984,62568.594641,17335.555000842865,25079.7920018,64.36821333333333,7.952949831640189,0.2052382704827772,21,64,,False,True,,47,87.6246207195492
44,2026-09-18T06:49:16.009+00:00,2026-09-18T06:50:20.290+00:00,2026-09-18T06:50:25.543+00:00,True,83,83.0,,83.0,64280.822331,69534.484283,69534.484289,837.7648709518072,40.362605,64280.822331,7048.712906197613,89.42114010000002,64.06904819512195,11.01601716806401,1.193652341796286,21,64,,False,True,,421,87.6246207195492
45,2026-09-18T06:49:16.406+00:00,2026-09-18T06:50:21.680+00:00,2026-09-18T06:50:26.664+00:00,True,80,80.0,,80.0,65273.839354,70257.307898,70257.308011,878.2163501375001,35.183986,65273.839354,7290.794959319471,95.22207900000001,63.08188030379747,12.529949702882213,1.1386715829781653,21,64,,False,True,,436,87.6246207195492
46,2026-09-18T06:49:16.827+00:00,2026-09-18T06:50:23.231+00:00,2026-09-18T06:50:24.104+00:00,True,15,15.0,,15.0,66404.660233,67277.55111300001,67277.551123,4485.170074866667,41.419694,66404.660233,17129.513564931905,19981.1993793,62.34934857142857,9.702305723713733,0.2229569856787126,21,64,,False,True,,55,87.6246207195492
47,2026-09-18T06:49:17.318+00:00,2026-09-18T06:50:25.266+00:00,2026-09-18T06:50:28.040+00:00,True,45,45.0,,45.0,67948.949322,70722.684234,70722.684265,1571.6152058888888,36.429283000000005,67948.949322,10119.842330562438,94.60867200000001,63.03942981818182,13.175363886766535,0.636288066373564,21,64,,False,True,,194,87.6246207195492
48,2026-09-18T06:49:17.879+00:00,2026-09-18T06:50:27.250+00:00,2026-09-18T06:50:30.232+00:00,True,50,50.0,,50.0,69371.516494,72353.30567799999,72353.305713,1447.06611426,34.272726000000006,69371.516494,9802.015180335635,89.8871351,60.852840489795916,11.940913464142282,0.6910534291621618,21,64,,False,True,,218,87.6246207195492
49,2026-09-18T06:49:18.438+00:00,2026-09-18T06:50:29.398+00:00,2026-09-18T06:50:35.537+00:00,True,100,100.0,,100.0,70959.682212,77098.415268,77098.415407,770.98415407,0.0,70959.682212,7091.224317202422,92.4553054,62.00740460606061,144.4652335648926,1.2970435209646312,21,64,,False,True,,462,87.6246207195492
50,2026-09-18T06:49:18.849+00:00,2026-09-18T06:50:31.058+00:00,2026-09-18T06:50:35.364+00:00,True,70,70.0,,70.0,72208.902893,76515.042029,76515.04199900001,1093.0720285571429,0.0,72208.902893,8624.890346119459,100.72402395,62.40781356521739,174.2491896626409,0.9148527942188056,21,64,,False,True,,314,87.6246207195492
51,2026-09-18T06:49:19.425+00:00,2026-09-18T06:50:33.164+00:00,2026-09-18T06:50:38.693+00:00,True,91,91.0,,91.0,73739.103188,79268.404948,79268.404927,871.0813728241758,0.016980000000000002,73739.103188,7724.350284291253,78.1869355,61.43668622222222,114.01992501042344,1.1479983741276985,21,64,,False,True,,468,87.6246207195492
52,2026-09-18T06:49:19.881+00:00,2026-09-18T06:50:34.708+00:00,2026-09-18T06:50:35.467+00:00,True,14,14.0,,14.0,74827.052737,75586.178753,75586.17877700001,5399.012769785714,0.06495000000000001,74827.052737,19982.7935319518,26280.38867825,58.39430892307692,35.44935833994503,0.18521904706611914,21,64,,False,True,,52,87.6246207195492
53,2026-09-18T06:49:20.511+00:00,2026-09-18T06:50:37.083+00:00,2026-09-18T06:50:37.158+00:00,True,3,3.0,,3.0,76571.600187,76646.085947,76646.08586,25548.69528666667,33.196779,76571.600187,44187.13200380769,68918.5690577,37.24288,5.722021210446533,0.03914094194026385,21,64,,False,True,,6,87.6246207195492
54,2026-09-18T06:49:21.056+00:00,2026-09-18T06:50:39.370+00:00,2026-09-18T06:50:41.152+00:00,True,29,29.0,,29.0,78314.2425,80096.574916,80096.57502199999,2761.9508628275858,36.238843,78314.2425,14530.77655717001,100.54587579999999,63.65472914285714,14.729875960802037,0.36206292254585526,21,64,,False,True,,111,87.6246207195492
55,2026-09-18T06:49:21.646+00:00,2026-09-18T06:50:41.290+00:00,2026-09-18T06:50:46.795+00:00,True,88,88.0,,88.0,79644.211883,85148.949163,85148.949116,967.6016945,0.0,79644.211883,8484.299650108504,93.3169637,63.27284229885058,127.22937758305032,1.0334831006727077,21,64,,False,True,,473,87.6246207195492
56,2026-09-18T06:49:21.935+00:00,2026-09-18T06:50:42.631+00:00,2026-09-18T06:50:47.492+00:00,True,79,79.0,,79.0,80696.270428,85557.131868,85557.131742,1083.001667620253,0.0,80696.270428,9072.98059030187,91.3534303,62.318736410256406,132.2984830723847,0.9233596110010264,21,64,,False,True,,312,87.6246207195492
57,2026-09-18T06:49:22.350+00:00,2026-09-18T06:50:44.217+00:00,2026-09-18T06:50:47.035+00:00,True,46,46.0,,46.0,81866.750925,84684.905933,84684.90591,1840.9762154347827,0.0,81866.750925,12062.61495826471,79.42561549999999,62.625666844444446,175.94456140364932,0.543190070216217,21,64,,False,True,,190,87.6246207195492
58,2026-09-18T06:49:22.907+00:00,2026-09-18T06:50:46.236+00:00,2026-09-18T06:50:48.059+00:00,True,32,32.0,,32.0,83328.701304,85152.351096,85152.351109,2661.01097215625,35.679024,83328.701304,14720.176006455293,70.5729191,58.827412645161296,9.363930973027376,0.37579702249117564,21,64,,False,True,,153,87.6246207195492
59,2026-09-18T06:49:23.423+00:00,2026-09-18T06:50:48.233+00:00,2026-09-18T06:50:49.337+00:00,True,18,18.0,,18.0,84810.087316,85914.00258,85914.00262300001,4773.000145722222,42.030942,84810.087316,19974.62712067779,12800.311181200002,64.936192,12.090300013360132,0.2095118311271676,21,64,,False,True,,95,87.6246207195492
60,2026-09-18T06:49:23.805+00:00,2026-09-18T06:50:49.524+00:00,2026-09-18T06:50:54.905+00:00,True,87,87.0,,87.0,85718.02734900001,91099.89205300002,91099.892059,1047.12519608046,31.996721,85718.02734900001,9183.23405858637,89.6198473,62.57982213953488,10.700310839218263,0.9549956431274936,21,64,,False,True,,457,87.6246207195492
61,2026-09-18T06:49:24.238+00:00,2026-09-18T06:50:51.069+00:00,2026-09-18T06:50:51.711+00:00,True,12,12.0,,12.0,86830.411913,87472.771977,87472.771964,7289.397663666667,35.933324,86830.411913,25048.925741955125,39113.0730042,58.39636945454545,11.679854665619537,0.13718554618522058,21,64,,False,True,,53,87.6246207195492
62,2026-09-18T06:49:24.613+00:00,2026-09-18T06:50:52.505+00:00,2026-09-18T06:50:57.759+00:00,True,84,84.0,,84.0,87891.197323,93145.942411,93145.942479,1108.880267607143,36.916461000000005,87891.197323,9582.81461012632,92.55662975,63.31018178313253,11.222587080904736,0.9018106191824851,21,64,,False,True,,382,87.6246207195492
63,2026-09-18T06:49:25.121+00:00,2026-09-18T06:50:54.394+00:00,2026-09-18T06:50:56.812+00:00,True,40,40.0,,40.0,89273.01909,91691.45749,91691.457555,2292.286438875,35.852343999999995,89273.01909,14105.50251764547,91.2440049,62.01124102564103,10.29387939533619,0.4362456557565622,21,64,,False,True,,174,87.6246207195492
64,2026-09-18T06:49:25.726+00:00,2026-09-18T06:50:56.684+00:00,2026-09-18T06:50:57.822+00:00,True,19,19.0,,19.0,90957.371237,92095.414629,92095.41463099999,4847.127085842105,38.990578,90957.371237,20852.549463120336,9179.454239899998,63.22463288888889,9.66505391838886,0.2063077741333831,21,64,,False,True,,78,87.6246207195492
65,2026-09-18T06:49:26.139+00:00,2026-09-18T06:50:58.136+00:00,2026-09-18T06:50:59.662+00:00,True,26,26.0,,26.0,91996.922407,93523.228711,93523.228812,3597.047262,37.521281,91996.922407,18030.110018026244,87.942117,61.052252159999995,9.65852214858046,0.278005799824808,21,64,,False,True,,104,87.6246207195492
66,2026-09-18T06:49:26.534+00:00,2026-09-18T06:50:59.546+00:00,2026-09-18T06:51:01.165+00:00,True,27,27.0,,27.0,93012.40413,94631.827618,94631.827613,3504.882504185185,42.253822,93012.40413,17888.26045820571,84.3413299,62.28551876923077,8.163355467937885,0.28531626916253605,21,64,,True,True,,127,87.6246207195492
67,2026-09-18T06:49:27.158+00:00,2026-09-18T06:51:02.031+00:00,2026-09-18T06:51:07.342+00:00,True,86,86.0,,86.0,94872.857802,100183.582154,100183.582263,1164.9253751511628,37.426241000000005,94872.857802,10223.670071414366,85.7190235,62.47911002352941,9.107333616488608,0.8584240865714173,21,64,,True,True,,481,87.6246207195492
68,2026-09-18T06:49:27.693+00:00,2026-09-18T06:51:03.794+00:00,2026-09-18T06:51:06.099+00:00,True,39,39.0,,39.0,96101.818712,98406.393944,98406.39378599999,2523.240866307692,36.761852,96101.818712,15378.896575116121,66.1844099,60.64671663157895,5.658392429786379,0.3963157111741507,21,64,,True,True,,124,87.6246207195492
69,2026-09-18T06:49:28.089+00:00,2026-09-18T06:51:05.603+00:00,2026-09-18T06:51:05.909+00:00,True,6,6.0,,6.0,97513.681902,97819.59499,97819.595026,16303.265837666666,58.155482000000006,97513.681902,39784.81627410707,73151.11896975,61.1826176,2.0624234706375892,0.061337403826026614,21,64,,True,True,,14,87.6246207195492
70,2026-09-18T06:49:28.694+00:00,2026-09-18T06:51:07.935+00:00,2026-09-18T06:51:12.412+00:00,True,72,72.0,,72.0,99240.41112,103717.71928,103717.71925400001,1440.523878527778,36.464172,99240.41112,11688.168597066999,88.16599685000001,63.060678309859156,11.68380282090068,0.6941918941123866,21,64,,True,True,,376,87.6246207195492
71,2026-09-18T06:49:29.111+00:00,2026-09-18T06:51:09.669+00:00,2026-09-18T06:51:09.862+00:00,True,4,4.0,,4.0,100558.007676,100751.16300399999,100751.16284799999,25187.790711999998,62.339284,100558.007676,50246.811344751746,85484.340207,64.38510933333333,2.310625032660499,0.03970177495460964,21,64,,True,True,,25,87.6246207195492
72,2026-09-18T06:49:29.547+00:00,2026-09-18T06:51:11.431+00:00,2026-09-18T06:51:15.202+00:00,True,61,61.0,,61.0,101883.95925399999,105655.20482199999,105655.20481499999,1732.0525379508194,42.068242,101883.95925399999,13036.85910800899,78.58397500000001,62.8540928,8.128522369140718,0.57734969235797,21,64,,True,True,,262,87.6246207195492
73,2026-09-18T06:49:29.995+00:00,2026-09-18T06:51:12.956+00:00,2026-09-18T06:51:15.899+00:00,True,48,48.0,,48.0,102961.316554,105903.806922,105903.807048,2206.3293135,55.804947,102961.316554,14852.149915751173,69.6155687,62.606178042553196,3.406896732753507,0.4532414971196723,21,64,,True,True,,211,87.6246207195492
74,2026-09-18T06:49:30.565+00:00,2026-09-18T06:51:14.954+00:00,2026-09-18T06:51:15.021+00:00,True,2,2.0,,2.0,104389.04905599999,104456.45769599998,104456.457581,52228.2287905,67.408525,104389.04905599999,73766.53944397547,99172.96702945,67.40864,nan,0.019146733903428043,21,64,,True,True,,17,87.6246207195492
75,2026-09-18T06:49:31.035+00:00,2026-09-18T06:51:16.864+00:00,2026-09-18T06:51:18.862+00:00,True,31,31.0,,31.0,105828.892855,107826.896567,107826.896637,3478.2869882903224,41.247724000000005,105828.892855,18995.473325376068,93.33215700000001,66.60012373333333,13.730136505583769,0.28749784132697953,21,64,,True,True,,133,87.6246207195492
76,2026-09-18T06:49:31.403+00:00,2026-09-18T06:51:18.293+00:00,2026-09-18T06:51:23.729+00:00,True,87,87.0,,87.0,106889.814224,112326.27860800001,112326.27867300001,1291.106651413793,34.933546,106889.814224,11453.020168341009,94.596989,63.214702139534886,12.30026254818879,0.7745293539334237,21,64,,True,True,,432,87.6246207195492
77,2026-09-18T06:49:31.828+00:00,2026-09-18T06:51:19.734+00:00,2026-09-18T06:51:25.182+00:00,True,88,88.0,,88.0,107906.007537,113353.443057,113353.443007,1288.1073068977273,35.959854,107906.007537,11496.149442781174,91.66476730000001,62.614201379310344,10.876546639840283,0.7763328367162966,21,64,,True,True,,308,87.6246207195492
78,2026-09-18T06:49:32.199+00:00,2026-09-18T06:51:21.364+00:00,2026-09-18T06:51:24.208+00:00,True,45,45.0,,45.0,109165.49353800001,112008.75369800001,112008.75370700001,2489.0834157111112,37.696961,109165.49353800001,16263.801885155626,92.1635814,64.61954909090909,11.308665695205056,0.40175431396486916,21,64,,True,True,,136,87.6246207195492
79,2026-09-18T06:49:32.584+00:00,2026-09-18T06:51:22.734+00:00,2026-09-18T06:51:24.582+00:00,True,30,30.0,,30.0,110149.861721,111997.248857,111997.248862,3733.241628733333,38.946458,110149.861721,20098.893627419573,93.30138095000001,63.70300468965517,10.850967886872821,0.26786372260183383,21,64,,True,True,,124,87.6246207195492
80,2026-09-18T06:49:33.199+00:00,2026-09-18T06:51:25.369+00:00,2026-09-18T06:51:26.667+00:00,True,22,22.0,,22.0,112169.749258,113467.69153,113467.691716,5157.6223507272725,35.066095000000004,112169.749258,23901.49587335828,90.92498805000001,61.806774857142855,10.576650760527711,0.19388779046574123,21,64,,True,True,,108,87.6246207195492
81,2026-09-18T06:49:33.676+00:00,2026-09-18T06:51:27.100+00:00,2026-09-18T06:51:30.403+00:00,True,54,54.0,,54.0,113424.17124,116727.276008,116727.276077,2161.616223648148,35.531754,113424.17124,15426.598952918263,92.50548525,62.32273147169811,12.951228197551663,0.46261680942763594,21,64,,True,True,,193,87.6246207195492
82,2026-09-18T06:49:34.078+00:00,2026-09-18T06:51:28.753+00:00,2026-09-18T06:51:33.038+00:00,True,70,70.0,,70.0,114674.457369,118959.867161,118959.867078,1699.426672542857,37.59208,114674.457369,13698.8012343352,92.53750749999999,62.10738828985507,12.099701228034824,0.5884337438378454,21,64,,True,True,,373,87.6246207195492
83,2026-09-18T06:49:34.544+00:00,2026-09-18T06:51:30.905+00:00,2026-09-18T06:51:33.035+00:00,True,34,34.0,,34.0,116361.04309199999,118491.11925199999,118491.11923999999,3485.032918823529,40.791444000000006,116361.04309199999,19944.68715151015,93.34947165,64.54776242424242,10.627073507127442,0.28694133547418676,21,64,,True,True,,166,87.6246207195492
84,2026-09-18T06:49:35.183+00:00,2026-09-18T06:51:32.462+00:00,2026-09-18T06:51:35.582+00:00,True,50,50.0,,50.0,117278.34774600001,120398.30064200002,120398.30056200002,2407.96601124,36.473073,117278.34774600001,16576.665074254317,96.00868075,63.67250808163265,15.093144221068684,0.4152882535167435,21,64,,True,True,,263,87.6246207195492
85,2026-09-18T06:49:35.569+00:00,2026-09-18T06:51:35.333+00:00,2026-09-18T06:51:37.009+00:00,True,28,28.0,,28.0,119763.870074,121439.94277800001,121439.94264200001,4337.140808642857,40.189036,119763.870074,22621.51331651503,67.79458285000001,62.07676681481481,5.746092462874234,0.23056664355636095,21,64,,True,True,,112,87.6246207195492
86,2026-09-18T06:49:36.197+00:00,2026-09-18T06:51:37.833+00:00,2026-09-18T06:51:43.642+00:00,True,94,94.0,,94.0,121636.113106,127444.79509,127444.79490600001,1355.7956904893617,38.086139,121636.113106,12539.369195704045,91.0890833,62.45894606451613,10.32719854152818,0.7375742566310246,21,64,,True,True,,459,87.6246207195492
87,2026-09-18T06:49:36.624+00:00,2026-09-18T06:51:39.590+00:00,2026-09-18T06:51:43.448+00:00,True,64,64.0,,64.0,122965.829612,126824.306412,126824.306401,1981.629787515625,34.993866000000004,122965.829612,15363.075185173248,70.6570242,61.24566349206349,8.271970271392497,0.5046351272136299,21,64,,True,True,,234,87.6246207195492
88,2026-09-18T06:49:37.225+00:00,2026-09-18T06:51:42.057+00:00,2026-09-18T06:51:45.315+00:00,True,54,54.0,,54.0,124832.110325,128090.791669,128090.791625,2372.0516967592594,34.723745,124832.110325,16979.13370230143,72.2315182,61.48455366037736,8.616581050759693,0.4215759719835415,21,64,,True,True,,283,87.6246207195492
89,2026-09-18T06:49:37.670+00:00,2026-09-18T06:51:43.760+00:00,2026-09-18T06:51:49.196+00:00,True,91,91.0,,91.0,126089.448226,131526.250786,131526.250883,1445.3434162967033,37.426300000000005,126089.448226,13211.436018278011,72.32201049999999,60.408917333333335,8.8465796238442,0.6918770926426064,21,64,,True,True,,416,87.6246207195492
90,2026-09-18T06:49:38.108+00:00,2026-09-18T06:51:45.211+00:00,2026-09-18T06:51:49.320+00:00,True,69,69.0,,69.0,127102.35343,131211.10991,131211.109911,1901.6102885652174,37.580330000000004,127102.35343,15294.054036079868,69.8288678,60.4228894117647,9.406694227323573,0.5258701038908086,21,64,,True,True,,360,87.6246207195492
91,2026-09-18T06:49:38.619+00:00,2026-09-18T06:51:47.089+00:00,2026-09-18T06:51:47.467+00:00,True,8,8.0,,8.0,128469.853852,128847.501212,128847.501098,16105.93763725,40.867804,128469.853852,45401.87960908029,83528.79774205,53.949622857142856,11.539611613316332,0.06208890296473156,21,64,,True,True,,12,87.6246207195492
92,2026-09-18T06:49:39.241+00:00,2026-09-18T06:51:49.256+00:00,2026-09-18T06:51:50.092+00:00,True,15,15.0,,15.0,130014.868109,130850.338957,130850.338882,8723.355925466667,39.837586,130014.868109,33554.28712199425,39050.8132609,59.67648914285714,8.187200692265485,0.11463478138126411,21,64,,True,True,,72,87.6246207195492
93,2026-09-18T06:49:39.747+00:00,2026-09-18T06:51:50.987+00:00,2026-09-18T06:51:51.427+00:00,True,8,8.0,,8.0,131239.467427,131679.442851,131679.442817,16459.930352125,38.415728,131239.467427,46377.940230263266,85339.54087655,62.853632,19.88720533115286,0.06075359848729225,21,64,,True,True,,23,87.6246207195492
94,2026-09-18T06:49:40.287+00:00,2026-09-18T06:51:53.005+00:00,2026-09-18T06:51:58.372+00:00,True,90,90.0,,90.0,132718.50944,138085.405824,138085.405886,1534.2822876222222,38.128828999999996,132718.50944,13983.406570287656,73.71558685,60.30220656179775,10.273176594608952,0.6517705434759096,21,64,,True,True,,375,87.6246207195492
95,2026-09-18T06:49:40.946+00:00,2026-09-18T06:51:55.783+00:00,2026-09-18T06:51:57.304+00:00,True,27,27.0,,27.0,134836.620149,136358.467957,136358.467963,5050.313628259259,37.599491,134836.620149,25938.057393750405,81.4809902,58.532608,11.266840920578652,0.19800750481088072,21,64,,True,True,,92,87.6246207195492
96,2026-09-18T06:49:41.315+00:00,2026-09-18T06:51:57.361+00:00,2026-09-18T06:51:59.104+00:00,True,30,30.0,,30.0,136046.126998,137788.567446,137788.56759,4592.9522529999995,37.788169,136046.126998,24827.54220027316,69.76885255,60.084153379310344,7.669995212535684,0.21772488498914935,21,64,,True,True,,159,87.6246207195492
97,2026-09-18T06:49:41.866+00:00,2026-09-18T06:51:59.356+00:00,2026-09-18T06:52:00.445+00:00,True,18,18.0,,18.0,137490.266714,138579.046746,138579.046565,7698.835920277777,57.135593,137490.266714,32391.672370868822,20709.78217245,64.04588423529412,10.097181850989559,0.1298897663294798,21,64,,True,True,,85,87.6246207195492
98,2026-09-18T06:49:42.331+00:00,2026-09-18T06:52:00.842+00:00,2026-09-18T06:52:06.596+00:00,True,93,93.0,,93.0,138510.659294,144264.88060600002,144264.88057,1551.2352749462366,35.569542999999996,138510.659294,14356.404771637614,90.072228,62.54588382608695,11.026309866285143,0.6446475372893499,21,64,,True,True,,492,87.6246207195492
99,2026-09-18T06:49:42.898+00:00,2026-09-18T06:52:02.972+00:00,2026-09-18T06:52:04.815+00:00,True,30,30.0,,30.0,140074.207619,141917.457027,141917.456844,4730.5818948,41.796082000000006,140074.207619,25562.33176198134,92.51680960000002,63.560324413793104,9.824269249372094,0.21139048450038433,21,64,,True,True,,138,87.6246207195492
100,2026-09-18T06:49:43.534+00:00,2026-09-18T06:52:05.251+00:00,2026-09-18T06:52:05.654+00:00,True,8,8.0,,8.0,141716.370587,142120.28687500002,142120.28699400002,17765.035874250003,37.39207,141716.370587,50083.9032922153,92140.12214955002,57.70232685714286,9.83628163349375,0.05629034514288795,21,64,,True,True,,39,87.6246207195492
101,2026-09-18T06:49:44.157+00:00,2026-09-18T06:52:08.062+00:00,2026-09-18T06:52:13.396+00:00,True,87,87.0,,87.0,143904.870236,149238.62639599998,149238.62636499997,1715.3865099425286,36.400512,143904.870236,15421.57496977172,77.200424,62.020420465116274,9.240681272360248,0.5829589972849807,21,64,,True,True,,436,87.6246207195492
102,2026-09-18T06:49:44.694+00:00,2026-09-18T06:52:10.184+00:00,2026-09-18T06:52:14.958+00:00,True,77,77.0,,77.0,145489.395184,150263.569904,150263.569945,1951.4749343506492,39.035067000000005,145489.395184,16572.899334086665,85.8520282,62.818088421052636,9.65570648778125,0.5124329206952394,21,64,,True,True,,283,87.6246207195492
103,2026-09-18T06:49:45.185+00:00,2026-09-18T06:52:12.045+00:00,2026-09-18T06:52:13.730+00:00,True,27,27.0,,27.0,146859.713691,148544.957851,148544.957939,5501.665108851852,34.762705000000004,146859.713691,28250.69433517391,96.7347655,64.81708307692308,13.949981690849098,0.1817631536647828,21,64,,True,True,,130,87.6246207195492
104,2026-09-18T06:49:45.670+00:00,2026-09-18T06:52:13.793+00:00,2026-09-18T06:52:17.432+00:00,True,60,60.0,,60.0,148123.131125,151762.18494900002,151762.18506400002,2529.369751066667,34.573856,148123.131125,19114.65509704398,92.81595639999999,61.67887837288135,12.164434062638499,0.39535540437931305,21,64,,True,True,,272,87.6246207195492
105,2026-09-18T06:49:46.234+00:00,2026-09-18T06:52:16.318+00:00,2026-09-18T06:52:17.778+00:00,True,24,24.0,,24.0,150084.77067,151544.120942,151544.12107,6314.338377916667,39.473327,150084.77067,30622.977503146092,101.80215725,63.45001182608695,15.305048488414366,0.15836971999187907,21,64,,True,True,,130,87.6246207195492
106,2026-09-18T06:49:46.860+00:00,2026-09-18T06:52:18.513+00:00,2026-09-18T06:52:21.527+00:00,True,48,48.0,,48.0,151652.880344,154667.62364,154667.623735,3222.2421611458335,35.702433,151652.880344,21879.953269534737,91.52734789999998,64.14347438297872,12.966533822604408,0.31034290739297477,21,64,,True,True,,223,87.6246207195492
107,2026-09-18T06:49:47.363+00:00,2026-09-18T06:52:20.492+00:00,2026-09-18T06:52:21.129+00:00,True,11,11.0,,11.0,153129.140474,153766.609402,153766.609505,13978.78268227273,41.460322999999995,153129.140474,46150.95342861457,76601.04425900002,63.7468928,9.084698637361186,0.07153698740434687,21,64,,True,True,,33,87.6246207195492
108,2026-09-18T06:49:47.785+00:00,2026-09-18T06:52:21.965+00:00,2026-09-18T06:52:22.257+00:00,True,6,6.0,,6.0,154180.121167,154471.685967,154471.685843,25745.280973833334,37.228801,154180.121167,62919.96566762341,115652.05909875,58.31296,12.11962791645354,0.03884206974527221,21,64,,True,True,,14,87.6246207195492
109,2026-09-18T06:49:48.848+00:00,2026-09-18T06:52:25.475+00:00,2026-09-18T06:52:30.626+00:00,True,84,84.0,,84.0,156626.866586,161778.00616999998,161778.006153,1925.9286446785713,36.699563000000005,156626.866586,17082.62302799391,71.2649791,62.06192269879518,9.012072056945906,0.5192300361999203,21,64,,True,True,,370,87.6246207195492
110,2026-09-18T06:49:48.929+00:00,2026-09-18T06:52:26.103+00:00,2026-09-18T06:52:26.537+00:00,True,8,8.0,,8.0,157174.010815,157607.942079,157607.941926,19700.99274075,55.171417,157174.010815,55547.48773702766,102187.18948745,61.990180571428574,4.12121025583468,0.050758863382595595,21,64,,True,True,,24,87.6246207195492
111,2026-09-18T06:49:49.418+00:00,2026-09-18T06:52:28.124+00:00,2026-09-18T06:52:33.787+00:00,True,91,91.0,,91.0,158706.849227,164369.524427,164369.524432,1806.2585102417581,35.619354,158706.849227,16630.407032465064,93.66783,62.91861333333333,12.08536263602333,0.5536306095502214,21,64,,True,True,,454,87.6246207195492
112,2026-09-18T06:49:49.830+00:00,2026-09-18T06:52:29.736+00:00,2026-09-18T06:52:31.685+00:00,True,33,33.0,,33.0,159905.85981400002,161855.42499800003,161855.42487000002,4904.709844545455,37.5434,159905.85981400002,27825.43339653091,79.9318192,60.923912,9.699224797507705,0.20388565907140752,21,64,,True,True,,118,87.6246207195492
113,2026-09-18T06:49:50.392+00:00,2026-09-18T06:52:31.847+00:00,2026-09-18T06:52:37.293+00:00,True,85,85.0,,85.0,161455.317645,166900.904589,166900.904415,1963.5400519411764,34.427526,161455.317645,17505.262031215243,97.02078519999999,64.828416,14.177680035639389,0.5092842379094098,21,64,,True,True,,413,87.6246207195492
114,2026-09-18T06:49:50.944+00:00,2026-09-18T06:52:34.188+00:00,2026-09-18T06:52:39.249+00:00,True,79,79.0,,79.0,163244.09009,168305.58666600002,168305.58658600002,2130.4504631139243,35.978273,163244.09009,18359.09943723245,95.41808499999999,64.89098174358975,13.876774470237972,0.4693843000991664,21,64,,True,True,,404,87.6246207195492
115,2026-09-18T06:49:51.530+00:00,2026-09-18T06:52:36.654+00:00,2026-09-18T06:52:38.093+00:00,True,23,23.0,,23.0,165123.94268500002,166562.67266900002,166562.67273400002,7241.85533626087,37.087309999999995,165123.94268500002,34417.09012406872,111.63972270000001,65.39681745454546,17.295102770267714,0.13808616079129876,21,64,,True,True,,91,87.6246207195492
116,2026-09-18T06:49:52.101+00:00,2026-09-18T06:52:38.682+00:00,2026-09-18T06:52:44.712+00:00,True,97,97.0,,97.0,166580.896709,172610.933445,172610.933471,1779.4941594948452,36.704911,166580.896709,16907.352992250086,87.55143039999999,62.81288266666667,10.47060933534314,0.5619574499949487,21,64,,True,True,,263,87.6246207195492
117,2026-09-18T06:49:52.645+00:00,2026-09-18T06:52:41.040+00:00,2026-09-18T06:52:45.352+00:00,True,69,69.0,,69.0,168395.655417,172707.825145,172707.82524900002,2503.011960130435,38.827397,168395.655417,20264.823601875098,91.38375960000002,63.414260705882356,11.380573341798572,0.39951866652289664,21,64,,True,True,,243,87.6246207195492
118,2026-09-18T06:49:53.023+00:00,2026-09-18T06:52:42.355+00:00,2026-09-18T06:52:45.537+00:00,True,52,52.0,,52.0,169331.86865599998,172514.02008,172514.02024399998,3317.5773123846147,35.264144,169331.86865599998,23473.455595540698,91.94562604999999,62.39512596078431,12.08610584708887,0.3014247768145802,21,64,,True,True,,237,87.6246207195492
119,2026-09-18T06:49:53.651+00:00,2026-09-18T06:52:44.587+00:00,2026-09-18T06:52:48.455+00:00,True,63,63.0,,63.0,170935.731913,174804.074953,174804.075063,2774.667858142857,37.055750999999994,170935.731913,21528.021131597143,91.84105130000002,62.39262967741936,13.09864346382822,0.36040349755541434,21,64,,True,True,,284,87.6246207195492
120,2026-09-18T06:49:54.270+00:00,2026-09-18T06:52:47.199+00:00,2026-09-18T06:52:52.179+00:00,True,79,79.0,,79.0,172928.949937,177909.492657,177909.49270899998,2252.018895050633,35.897773,172928.949937,19448.847132708426,91.0736112,63.85311179487179,12.92508652052246,0.4440460080019889,21,64,,True,True,,331,87.6246207195492
121,2026-09-18T06:49:54.672+00:00,2026-09-18T06:52:48.802+00:00,2026-09-18T06:52:48.937+00:00,True,3,3.0,,3.0,174129.53208,174264.495792,174264.495848,58088.16528266667,61.896423999999996,174129.53208,100494.7716915776,156723.8856064,67.481856,7.899321783659151,0.017215210627761858,21,64,,True,True,,5,87.6246207195492
122,2026-09-18T06:49:55.207+00:00,2026-09-18T06:52:50.808+00:00,2026-09-18T06:52:53.484+00:00,True,42,42.0,,42.0,175600.754319,178277.507471,178277.50736,4244.702556190477,35.692044,175600.754319,27085.71381681884,94.97247820000001,65.28666224390244,13.161644881209584,0.23558776760905775,21,64,,True,True,,186,87.6246207195492
123,2026-09-18T06:49:55.792+00:00,2026-09-18T06:52:53.020+00:00,2026-09-18T06:52:54.033+00:00,True,16,16.0,,16.0,177227.672727,178240.469655,178240.46945499998,11140.029340937499,47.671201,177227.672727,44290.04044174962,44378.45593575,67.5197952,14.467772179852922,0.08976637029160324,21,64,,True,True,,68,87.6246207195492
124,2026-09-18T06:49:56.433+00:00,2026-09-18T06:52:55.669+00:00,2026-09-18T06:52:58.036+00:00,True,37,37.0,,37.0,179235.91552,181602.684416,181602.68444,4908.180660540541,39.900945,179235.91552,29455.39831735552,97.3185142,65.74358044444445,14.55311539382605,0.20374148168010303,21,64,,True,True,,187,87.6246207195492
125,2026-09-18T06:49:56.911+00:00,2026-09-18T06:52:57.310+00:00,2026-09-18T06:52:57.499+00:00,True,4,4.0,,4.0,180398.726768,180587.821424,180587.821475,45146.95536875,58.882659,180398.726768,90167.84767531231,153349.09710739998,63.031552,4.528408566613221,0.022149887896418263,21,64,,True,True,,26,87.6246207195492
126,2026-09-18T06:49:57.565+00:00,2026-09-18T06:52:59.734+00:00,2026-09-18T06:53:04.970+00:00,True,86,86.0,,86.0,182168.955036,187404.792476,187404.792546,2179.1254947209304,39.270466,182168.955036,19637.142674992545,71.07980425,61.598087529411764,7.337107324486464,0.45889968374748785,21,64,,True,True,,409,87.6246207195492
127,2026-09-18T06:49:58.186+00:00,2026-09-18T06:53:02.227+00:00,2026-09-18T06:53:05.267+00:00,True,51,51.0,,51.0,184041.145124,187080.215076,187080.215117,3668.239512098039,36.319252,184041.145124,25762.405076082978,70.63668249999999,60.78139904,7.804695323140141,0.27261033444547633,21,64,,True,True,,217,87.6246207195492
128,2026-09-18T06:49:58.560+00:00,2026-09-18T06:53:03.740+00:00,2026-09-18T06:53:09.314+00:00,True,94,94.0,,94.0,185180.158808,190754.245464,190754.245395,2029.300482925532,35.299784,185180.158808,19093.695706817958,70.8574998,59.936415655913976,10.129362666324758,0.49278064439063873,21,64,,True,True,,435,87.6246207195492
129,2026-09-18T06:49:58.936+00:00,2026-09-18T06:53:05.037+00:00,2026-09-18T06:53:06.494+00:00,True,26,26.0,,26.0,186100.447,187557.62690399998,187557.62695699997,7213.754882961538,38.316248,186100.447,36485.87018058137,70.05300225,58.28719615999999,7.930993523742699,0.13862406146409556,21,64,,True,True,,106,87.6246207195492
130,2026-09-18T06:49:59.476+00:00,2026-09-18T06:53:07.052+00:00,2026-09-18T06:53:13.032+00:00,True,100,100.0,,100.0,187575.933641,193555.92954500002,193555.92972100002,1935.55929721,38.232158000000005,187575.933641,18751.556129122102,70.18829079999999,60.403999030303034,10.95045249028792,0.5166465333047361,21,64,,True,True,,448,87.6246207195492
131,2026-09-18T06:49:59.934+00:00,2026-09-18T06:53:08.958+00:00,2026-09-18T06:53:11.820+00:00,True,49,49.0,,49.0,189024.401704,191885.76362399998,191885.76358,3916.0359914285714,38.092898,189024.401704,26994.97100271831,67.8575534,59.61170666666666,7.4365650840147035,0.2553602678727926,21,64,,True,True,,144,87.6246207195492
132,2026-09-18T06:50:00.519+00:00,2026-09-18T06:53:11.338+00:00,2026-09-18T06:53:14.220+00:00,True,47,47.0,,47.0,190819.420458,193701.142314,193701.142085,4121.300895425532,39.522096,190819.420458,27824.737339187544,93.27442429999999,62.64612730434783,10.85813782983142,0.24264183183705992,21,64,,True,True,,232,87.6246207195492
133,2026-09-18T06:50:00.975+00:00,2026-09-18T06:53:12.846+00:00,2026-09-18T06:53:17.243+00:00,True,71,71.0,,71.0,191871.090783,196268.254815,196268.25490899998,2764.3416184366197,38.455519,191871.090783,22763.45728147855,92.9232465,62.81662902857143,11.996699213479646,0.36174979018855447,21,64,,True,True,,304,87.6246207195492
134,2026-09-18T06:50:01.385+00:00,2026-09-18T06:53:14.388+00:00,2026-09-18T06:53:19.965+00:00,True,89,89.0,,89.0,193002.347391,198579.42284699998,198579.42279299998,2231.2294695842697,36.614841,193002.347391,20451.494257572926,95.5741414,63.375857454545454,13.147330547997228,0.44818339545972025,21,64,,True,True,,400,87.6246207195492
135,2026-09-18T06:50:02.664+00:00,2026-09-18T06:53:17.649+00:00,2026-09-18T06:53:19.494+00:00,True,30,30.0,,30.0,194984.81913800002,196830.13241800002,196830.13234100002,6561.004411366667,40.112144,194984.81913800002,35587.57954295527,97.4738966,63.631492413793104,13.318003351489608,0.15241568773774047,21,64,,True,True,,150,87.6246207195492
136,2026-09-18T06:50:02.709+00:00,2026-09-18T06:53:18.053+00:00,2026-09-18T06:53:21.066+00:00,True,50,50.0,,50.0,195343.365827,198356.441027,198356.441268,3967.12882536,36.205233,195343.365827,27617.030014986838,91.01089,61.491330612244894,11.815213697785794,0.25207147164529975,21,64,,True,True,,156,87.6246207195492
137,2026-09-18T06:50:03.082+00:00,2026-09-18T06:53:21.626+00:00,2026-09-18T06:53:24.382+00:00,True,45,45.0,,45.0,198543.65080899998,201299.30828099998,201299.30831099997,4473.317962466666,36.148583,198543.65080899998,29587.80833099345,102.3328028,62.628578909090905,16.447800629041716,0.2235477130263314,21,64,,True,True,,204,87.6246207195492
138,2026-09-18T06:50:03.475+00:00,2026-09-18T06:53:22.612+00:00,2026-09-18T06:53:28.734+00:00,True,98,98.0,,98.0,199137.80023,205259.796774,205259.796653,2094.4877209489796,30.985552,199137.80023,20109.584416132926,94.84121405,63.11336643298969,13.168076269932351,0.4774437154290973,21,64,,True,True,,478,87.6246207195492
139,2026-09-18T06:50:04.119+00:00,2026-09-18T06:53:25.607+00:00,2026-09-18T06:53:29.151+00:00,True,58,58.0,,58.0,201487.808685,205031.869869,205031.869895,3535.0322395689655,35.911413,201487.808685,26448.483767669855,92.9648227,62.176512,11.649541838399752,0.2828828515150238,21,64,,True,True,,227,87.6246207195492
140,2026-09-18T06:50:04.756+00:00,2026-09-18T06:53:27.782+00:00,2026-09-18T06:53:32.423+00:00,True,77,77.0,,77.0,203026.266346,207666.425578,207666.425708,2696.9665676363634,35.013294,203026.266346,23130.034676512547,76.3817234,61.054726736842106,10.060931318064537,0.37078694731555734,21,64,,True,True,,372,87.6246207195492
141,2026-09-18T06:50:05.247+00:00,2026-09-18T06:53:29.519+00:00,2026-09-18T06:53:35.179+00:00,True,92,92.0,,92.0,204272.11467699998,209932.31538099996,209932.31536299997,2281.872993076087,34.019186000000005,204272.11467699998,21290.358401736885,89.66189555000001,62.200007736263736,11.460678023758897,0.43823648509297825,21,64,,True,True,,390,87.6246207195492
142,2026-09-18T06:50:05.890+00:00,2026-09-18T06:53:32.358+00:00,2026-09-18T06:53:32.929+00:00,True,10,10.0,,10.0,206467.99355,207038.94420600001,207038.94423400002,20703.8944234,41.947092,206467.99355,65270.85284407487,113602.72955240001,63.43896177777778,15.575591924533091,0.04830009174530073,21,64,,True,True,,42,87.6246207195492
143,2026-09-18T06:50:06.269+00:00,2026-09-18T06:53:34.033+00:00,2026-09-18T06:53:35.337+00:00,True,21,21.0,,21.0,207763.833432,209067.84136800002,209067.84129600003,9955.611490285715,39.062987,207763.833432,45323.558789612885,86.320809,65.2003968,11.064334579275814,0.10044586418738558,21,64,,True,True,,96,87.6246207195492
144,2026-09-18T06:50:06.680+00:00,2026-09-18T06:53:35.336+00:00,2026-09-18T06:53:39.609+00:00,True,69,69.0,,69.0,208655.932576,212929.371552,212929.37166099998,3085.9329226231885,36.936661,208655.932576,25111.659244795756,90.3957564,62.84469082352941,11.088443763351671,0.3240511137428936,21,64,,True,True,,316,87.6246207195492
145,2026-09-18T06:50:07.132+00:00,2026-09-18T06:53:37.120+00:00,2026-09-18T06:53:37.665+00:00,True,10,10.0,,10.0,209987.89377599998,210532.545808,210532.54577899998,21053.2545779,43.072669000000005,209987.89377599998,66384.86580741715,115524.25560525,60.516892444444444,7.620003608867504,0.04749859439366553,21,64,,True,True,,39,87.6246207195492
146,2026-09-18T06:50:07.534+00:00,2026-09-18T06:53:39.142+00:00,2026-09-18T06:53:40.987+00:00,True,31,31.0,,31.0,211607.64851,213453.163774,213453.163813,6885.585929451613,39.934745,211607.64851,37994.80792231384,82.2195765,61.51717546666667,9.347909585303604,0.14523092303669105,21,64,,True,True,,184,87.6246207195492
147,2026-09-18T06:50:07.932+00:00,2026-09-18T06:53:40.352+00:00,2026-09-18T06:53:44.925+00:00,True,75,75.0,,75.0,212420.094293,216993.020245,216993.020361,2893.24027148,35.638163,212420.094293,24521.026487905525,89.26859409999999,61.79629664864865,10.890044259602375,0.34563323702909826,21,64,,True,True,,294,87.6246207195492
148,2026-09-18T06:50:08.384+00:00,2026-09-18T06:53:41.761+00:00,2026-09-18T06:53:43.368+00:00,True,28,28.0,,28.0,213376.642235,214983.260603,214983.260835,7677.973601250001,33.625437,213376.642235,40313.15103362019,81.2524009,59.504384,10.186846405303172,0.13024269853133522,21,64,,True,True,,85,87.6246207195492
149,2026-09-18T06:50:09.004+00:00,2026-09-18T06:53:44.092+00:00,2026-09-18T06:53:49.646+00:00,True,87,87.0,,87.0,215087.182226,220641.38869,220641.388801,2536.1079172528734,0.018420000000000002,215087.182226,23052.853353396662,94.23308730000001,64.58379609302325,22.70224480765143,0.39430498745742826,21,64,,True,True,,362,87.6246207195492
150,2026-09-18T06:50:09.644+00:00,2026-09-18T06:53:46.730+00:00,2026-09-18T06:53:49.332+00:00,True,41,41.0,,41.0,217086.31051699998,219687.96222899997,219687.962117,5358.242978463414,0.020370000000000003,217086.31051699998,33893.04182318853,98.41824700000001,65.0412928,30.972662309769674,0.18662834132560308,21,64,,True,True,,219,87.6246207195492
151,2026-09-18T06:50:10.297+00:00,2026-09-18T06:53:49.706+00:00,2026-09-18T06:53:50.766+00:00,True,18,18.0,,18.0,219409.476273,220469.24203300002,220469.242123,12248.291229055556,40.989444000000006,219409.476273,51700.616394040684,32971.3237451,62.33916235294118,6.349994586930459,0.08164404174486047,21,64,,True,True,,71,87.6246207195492
152,2026-09-18T06:50:10.745+00:00,2026-09-18T06:53:50.980+00:00,2026-09-18T06:53:56.367+00:00,True,87,87.0,,87.0,220234.98755000002,225621.711902,225621.71193400002,2593.3530107356323,33.660087,220234.98755000002,23604.956960594005,92.5781081,62.636329674418604,12.370629867523137,0.38560118734401283,21,64,,True,True,,355,87.6246207195492
153,2026-09-18T06:50:11.388+00:00,2026-09-18T06:53:53.626+00:00,2026-09-18T06:53:57.373+00:00,True,61,61.0,,61.0,222237.47000200002,225984.30443400002,225984.30429700002,3704.6607261803283,35.617134,222237.47000200002,28446.598521966993,76.998076,62.44724053333333,10.228480530817269,0.26993025092065803,21,64,,True,True,,296,87.6246207195492
154,2026-09-18T06:50:12.023+00:00,2026-09-18T06:53:56.058+00:00,2026-09-18T06:54:00.692+00:00,True,75,75.0,,75.0,224035.376159,228668.81359900002,228668.813604,3048.91751472,37.40625,224035.376159,25862.14822248572,71.48127880000001,62.61401945945946,8.31937595666093,0.3279852587660777,21,64,,True,True,,282,87.6246207195492
155,2026-09-18T06:50:12.606+00:00,2026-09-18T06:53:58.148+00:00,2026-09-18T06:53:58.471+00:00,True,6,6.0,,6.0,225541.33945300002,225864.214589,225864.21464800002,37644.03577466667,58.507311,225541.33945300002,92050.50379598919,169174.76864675002,64.57502720000001,6.5186168634558666,0.026564633139951204,21,64,,True,True,,15,87.6246207195492
156,2026-09-18T06:50:13.161+00:00,2026-09-18T06:54:00.359+00:00,2026-09-18T06:54:05.704+00:00,True,87,87.0,,87.0,227197.825927,232542.711175,232542.711061,2672.9047248390802,37.219531,227197.825927,24351.502436883668,79.6282891,62.14982846511628,9.653874100057505,0.37412482016917814,21,64,,True,True,,437,87.6246207195492
157,2026-09-18T06:50:13.651+00:00,2026-09-18T06:54:02.328+00:00,2026-09-18T06:54:04.242+00:00,True,32,32.0,,32.0,228676.229746,230590.248818,230590.24883199998,7205.9452759999995,36.748791,228676.229746,40413.715283170066,91.92413395,61.742550709677424,12.054937608824577,0.13877429841041078,21,64,,True,True,,145,87.6246207195492
158,2026-09-18T06:50:14.281+00:00,2026-09-18T06:54:04.491+00:00,2026-09-18T06:54:06.513+00:00,True,34,34.0,,34.0,230209.620528,232231.928624,232231.928521,6830.350838852941,40.928124000000004,230209.620528,39470.11482182932,68.8380128,61.28206351515151,5.718775769344323,0.146405363816482,21,64,,True,True,,209,87.6246207195492
159,2026-09-18T06:50:14.782+00:00,2026-09-18T06:54:06.325+00:00,2026-09-18T06:54:10.583+00:00,True,68,68.0,,68.0,231542.883998,235800.88566200002,235800.885766,3467.6600847941177,34.052606,231542.883998,28070.996157973725,95.96392689999999,63.55226364179104,15.014591527105257,0.28837889988874793,21,64,,True,True,,342,87.6246207195492
160,2026-09-18T06:50:15.277+00:00,2026-09-18T06:54:08.416+00:00,2026-09-18T06:54:14.304+00:00,True,96,96.0,,96.0,233139.14612599998,239026.65025399998,239026.65035399998,2489.8609411875,35.780193,233139.14612599998,23788.34195748845,87.64109349999998,61.973727663157895,11.316005979004306,0.4016288556024455,21,64,,True,True,,420,87.6246207195492
161,2026-09-18T06:50:15.784+00:00,2026-09-18T06:54:10.087+00:00,2026-09-18T06:54:14.986+00:00,True,80,80.0,,80.0,234302.545364,239201.417172,239201.417222,2990.017715275,36.649251,234302.545364,26188.8903366099,91.07001065,62.011035544303795,11.38761882631085,0.3344461790645465,21,64,,True,True,,392,87.6246207195492
162,2026-09-18T06:50:16.218+00:00,2026-09-18T06:54:11.935+00:00,2026-09-18T06:54:13.450+00:00,True,26,26.0,,26.0,235716.130116,237231.8841,237231.884188,9124.303237999999,36.873720999999996,235716.130116,46215.84727921917,85.847734,60.63015936,11.628219307919716,0.1095974097185025,21,64,,True,True,,145,87.6246207195492
163,2026-09-18T06:50:17.308+00:00,2026-09-18T06:54:14.430+00:00,2026-09-18T06:54:15.783+00:00,True,23,23.0,,23.0,237122.303533,238475.268653,238475.26868,10368.489942608696,41.376443,237122.303533,49430.5957109714,91.882297,61.498414545454544,9.305337606491083,0.09644605971056387,21,64,,True,True,,97,87.6246207195492
164,2026-09-18T06:50:17.434+00:00,2026-09-18T06:54:16.525+00:00,2026-09-18T06:54:16.967+00:00,True,7,7.0,,7.0,239091.726682,239533.005914,239533.005906,34219.00084371429,59.821218,239091.726682,90340.3821546071,167395.4008609,73.54653866666668,18.952034297795,0.02922353006546924,21,64,,True,True,,19,87.6246207195492
165,2026-09-18T06:50:17.802+00:00,2026-09-18T06:54:18.503+00:00,2026-09-18T06:54:21.689+00:00,True,51,51.0,,51.0,240701.214218,243887.08737000002,243887.087395,4782.099752843137,38.838767999999995,240701.214218,33695.99032795557,83.991578,63.71746304,7.912320277470564,0.20911316195526222,21,64,,True,True,,224,87.6246207195492
166,2026-09-18T06:50:18.281+00:00,2026-09-18T06:54:20.453+00:00,2026-09-18T06:54:24.064+00:00,True,59,59.0,,59.0,242171.999773,245783.25609299997,245783.256072,4165.817899525424,36.304241999999995,242171.999773,31520.004761431843,81.46544510000001,62.26304,10.740172726397633,0.24004889892774248,21,64,,True,True,,271,87.6246207195492
167,2026-09-18T06:50:18.694+00:00,2026-09-18T06:54:22.065+00:00,2026-09-18T06:54:26.921+00:00,True,79,79.0,,79.0,243370.831327,248226.73123099998,248226.73123499998,3142.1105219620254,37.27158,243370.831327,27374.35544130433,77.26592169999999,62.25512697435897,10.302614790666556,0.3182574238005114,21,64,,True,True,,335,87.6246207195492
168,2026-09-18T06:50:19.355+00:00,2026-09-18T06:54:24.916+00:00,2026-09-18T06:54:24.979+00:00,True,2,2.0,,2.0,245561.375328,245624.49289599998,245624.492849,122812.2464245,63.117521,245561.375328,173593.48286481298,233286.46243765,63.117568,nan,0.008142510449260535,21,64,,True,True,,3,87.6246207195492
169,2026-09-18T06:50:19.991+00:00,2026-09-18T06:54:27.176+00:00,2026-09-18T06:54:30.113+00:00,True,46,46.0,,46.0,247184.85034099998,250121.69565299997,250121.69564199998,5437.428166130434,36.052392,247184.85034099998,36435.798153118856,97.17680625000001,65.26322915555555,14.51036129903731,0.18391047557832385,21,64,,True,True,,143,87.6246207195492
170,2026-09-18T06:50:20.408+00:00,2026-09-18T06:54:28.752+00:00,2026-09-18T06:54:31.207+00:00,True,41,41.0,,41.0,248343.87452900002,250798.26864100003,250798.26857400002,6117.030940829269,36.953831,248343.87452900002,38775.21576879094,76.875946,61.3598528,10.703604945984582,0.1634780025482895,21,64,,True,True,,175,87.6246207195492
171,2026-09-18T06:50:20.903+00:00,2026-09-18T06:54:30.790+00:00,2026-09-18T06:54:34.194+00:00,True,56,56.0,,56.0,249887.64851499998,253291.17619499998,253291.17631299997,4523.0567198749995,35.993702,249887.64851499998,33384.37350651588,83.32877350000001,61.882321454545455,9.181053914243158,0.22108942301601364,21,64,,True,True,,247,87.6246207195492
172,2026-09-18T06:50:21.421+00:00,2026-09-18T06:54:32.272+00:00,2026-09-18T06:54:37.527+00:00,True,84,84.0,,84.0,250851.41760699998,256106.20979899997,256106.20974899997,3048.883449392857,37.57115,250851.41760699998,27363.22823355214,96.45021310000001,63.31074930120482,11.640404376336209,0.3279889232905589,21,64,,True,True,,382,87.6246207195492
173,2026-09-18T06:50:21.857+00:00,2026-09-18T06:54:34.028+00:00,2026-09-18T06:54:36.463+00:00,True,41,41.0,,41.0,252170.094145,254605.693761,254605.69380500002,6209.894970853658,36.462201,252170.094145,39372.8439090033,74.673041,60.889990399999995,9.380952267630711,0.1610333193824289,21,64,,True,True,,159,87.6246207195492
174,2026-09-18T06:50:22.491+00:00,2026-09-18T06:54:36.631+00:00,2026-09-18T06:54:37.527+00:00,True,14,14.0,,14.0,254140.309419,255036.422059,255036.42204099998,18216.887288642858,56.750033,254140.309419,67903.43329967976,89016.27906004999,68.93174153846154,14.180706558070185,0.054894120169084105,21,64,,True,True,,51,87.6246207195492
175,2026-09-18T06:50:22.863+00:00,2026-09-18T06:54:38.025+00:00,2026-09-18T06:54:40.331+00:00,True,38,38.0,,38.0,255161.407288,257467.32523999998,257467.32522,6775.455926842105,42.67739,255161.407288,41382.53780607234,97.5484576,62.32210681081081,11.949861084945024,0.1475915437602734,21,64,,True,True,,135,87.6246207195492
176,2026-09-18T06:50:23.238+00:00,2026-09-18T06:54:39.762+00:00,2026-09-18T06:54:44.868+00:00,True,84,84.0,,84.0,256523.791206,261629.624166,261629.62429799998,3114.6383845,36.867821000000006,256523.791206,27982.329448341723,67.99296300000002,61.516059759036146,8.052740201275439,0.32106455936619505,21,64,,True,True,,426,87.6246207195492
177,2026-09-18T06:50:23.827+00:00,2026-09-18T06:54:41.701+00:00,2026-09-18T06:54:43.768+00:00,True,35,35.0,,35.0,257874.066442,259940.499722,259940.499814,7426.871423257143,37.43109,257874.066442,43578.40012530912,68.2261484,60.77744941176471,6.715646313183989,0.13464619802390024,21,64,,True,True,,36,87.6246207195492
178,2026-09-18T06:50:24.438+00:00,2026-09-18T06:54:43.633+00:00,2026-09-18T06:54:44.453+00:00,True,14,14.0,,14.0,259195.041503,260014.795487,260014.795288,18572.485377714285,43.864878,259195.041503,69255.93609097495,90767.2074649,63.05799876923077,7.312032865683866,0.053843089866399386,21,64,,True,True,,50,87.6246207195492
179,2026-09-18T06:50:24.994+00:00,2026-09-18T06:54:45.631+00:00,2026-09-18T06:54:48.440+00:00,True,48,48.0,,48.0,260636.588399,263446.329711,263446.329619,5488.465200395834,36.185882,260636.588399,37611.02378660141,81.82112534999999,59.78173004255319,10.438020182330726,0.1822002988337544,21,64,,True,True,,123,87.6246207195492
180,2026-09-18T06:50:25.614+00:00,2026-09-18T06:54:47.615+00:00,2026-09-18T06:54:53.027+00:00,True,92,92.0,,92.0,262000.881778,267412.840818,267412.840795,2906.6613129891307,36.525881,262000.881778,27309.281651541914,69.2674852,59.472077362637364,10.165001780810954,0.34403733088724336,21,64,,True,True,,440,87.6246207195492
181,2026-09-18T06:50:26.032+00:00,2026-09-18T06:54:49.439+00:00,2026-09-18T06:54:53.096+00:00,True,62,62.0,,62.0,263407.256243,267063.769523,267063.769537,4307.48015382258,35.749413,263407.256243,33445.14416335232,93.8205084,59.942840655737704,11.415164087286074,0.23215429075511662,21,64,,True,True,,277,87.6246207195492
182,2026-09-18T06:50:26.536+00:00,2026-09-18T06:54:51.380+00:00,2026-09-18T06:54:51.856+00:00,True,9,9.0,,9.0,264844.09793,265320.483978,265320.483868,29480.05376311111,37.2386,264844.09793,88261.51698779906,158933.10015199997,59.548256,9.26196909626408,0.03392124070128813,21,64,,True,True,,49,87.6246207195492
183,2026-09-18T06:50:27.078+00:00,2026-09-18T06:54:53.091+00:00,2026-09-18T06:54:56.114+00:00,True,51,51.0,,51.0,266013.300246,269036.17743,269036.177427,5275.219165235294,35.649864,266013.300246,37240.848139463495,69.91184449999999,60.45754368,9.734346355785712,0.18956558365935597,21,64,,True,True,,224,87.6246207195492
184,2026-09-18T06:50:27.681+00:00,2026-09-18T06:54:55.400+00:00,2026-09-18T06:54:55.400+00:00,True,1,1.0,,1.0,267718.189347,267718.189347,267718.189347,267718.189347,267718.189347,267718.189347,nan,267718.189347,nan,nan,0.003735271041684288,21,64,,True,True,,3,87.6246207195492
185,2026-09-18T06:50:28.149+00:00,2026-09-18T06:54:57.265+00:00,2026-09-18T06:54:58.054+00:00,True,13,13.0,,13.0,269115.826657,269905.020385,269905.020427,20761.924648230768,35.354784,269115.826657,74621.06279971385,107711.29375900001,65.766144,18.579318880366234,0.04816509148831852,21,64,,True,True,,57,87.6246207195492
186,2026-09-18T06:50:28.753+00:00,2026-09-18T06:54:59.772+00:00,2026-09-18T06:55:03.376+00:00,True,58,58.0,,58.0,271018.980329,274623.398889,274623.39900699997,4734.886189775862,38.819807,271018.980329,35578.23395091715,89.51844265,63.235413333333334,10.843572715820855,0.21119831825926463,21,64,,True,True,,295,87.6246207195492
187,2026-09-18T06:50:29.168+00:00,2026-09-18T06:55:01.478+00:00,2026-09-18T06:55:02.732+00:00,True,21,21.0,,21.0,272309.86523500003,273563.82261100004,273563.822631,13026.848696714287,41.074533,272309.86523500003,59409.20339372233,93.60745500000002,62.697868799999995,10.659988785929649,0.07676453633220867,21,64,,True,True,,94,87.6246207195492
188,2026-09-18T06:50:29.776+00:00,2026-09-18T06:55:03.376+00:00,2026-09-18T06:55:05.831+00:00,True,39,39.0,,39.0,273600.290394,276055.26921,276055.26919900003,7078.340235871795,39.511436,273600.290394,43800.76624390206,96.2552538,64.60470568421053,13.056487578259617,0.14127605718814237,21,64,,True,True,,147,87.6246207195492
189,2026-09-18T06:50:30.372+00:00,2026-09-18T06:55:06.049+00:00,2026-09-18T06:55:08.733+00:00,True,43,43.0,,43.0,275677.681698,278361.527586,278361.527563,6473.523896813954,37.764919,275677.681698,42030.70916362504,94.85563330000001,63.90109257142858,11.946079028036005,0.1544753701163503,21,64,,True,True,,197,87.6246207195492
190,2026-09-18T06:50:31.008+00:00,2026-09-18T06:55:08.473+00:00,2026-09-18T06:55:12.068+00:00,True,60,60.0,,60.0,277465.342075,281060.794491,281060.79443,4684.346573833333,37.2101,277465.342075,35812.7561517186,89.1538798,60.93987145762712,11.520573783904448,0.21347694582824958,21,64,,True,True,,300,87.6246207195492
191,2026-09-18T06:50:31.653+00:00,2026-09-18T06:55:10.946+00:00,2026-09-18T06:55:16.512+00:00,True,90,90.0,,90.0,279292.892496,284858.66888,284858.668776,3165.096319733333,38.352778,279292.892496,29433.465933263804,90.39290444999999,62.53681330337079,11.108269833625295,0.31594615095920964,21,64,,True,True,,356,87.6246207195492
193,2026-09-18T06:50:32.576+00:00,2026-09-18T06:55:13.571+00:00,2026-09-18T06:55:19.586+00:00,True,98,98.0,,98.0,280995.326023,287010.024263,287010.02417,2928.6737160204084,35.051704,280995.326023,28378.552706827428,81.98237675,62.00719835051546,10.764956659752231,0.34145148850340595,21,64,,True,True,,504,87.6246207195492
194,2026-09-18T06:50:33.153+00:00,2026-09-18T06:55:15.908+00:00,2026-09-18T06:55:17.500+00:00,True,27,27.0,,27.0,282754.68015499995,284347.30479499995,284347.30484799994,10531.381661037036,37.931709000000005,282754.68015499995,54404.37602250749,85.97059459999998,61.254793846153845,10.34706407871495,0.09495430251911702,21,64,,True,True,,139,87.6246207195492
192,2026-09-18T06:50:32.141+00:00,2026-09-18T06:55:16.154+00:00,2026-09-18T06:55:18.590+00:00,True,41,41.0,,41.0,284013.78702600003,286449.76603400003,286449.76606600004,6986.579660146343,36.287002,284013.78702600003,44345.99171672475,76.108227,60.899475200000005,9.860756748089686,0.1431315534575564,21,64,,True,True,,145,87.6246207195492
195,2026-09-18T06:50:33.560+00:00,2026-09-18T06:55:17.749+00:00,2026-09-18T06:55:19.455+00:00,True,29,29.0,,29.0,284188.434514,285894.819154,285894.81910200004,9858.442038000001,35.657244,284188.434514,52761.151649691536,83.6494188,60.942308571428576,9.917812174288633,0.10143590599443102,21,64,,True,True,,136,87.6246207195492
196,2026-09-18T06:50:34.857+00:00,2026-09-18T06:55:19.304+00:00,2026-09-18T06:55:20.064+00:00,True,13,13.0,,13.0,284446.882018,285206.930146,285206.930122,21938.99462476923,36.170992,284446.882018,78873.80520770464,113838.53670699999,63.337344,14.311522040149177,0.045580940103191685,21,64,,True,True,,40,87.6246207195492
197,2026-09-18T06:50:34.933+00:00,2026-09-18T06:55:22.172+00:00,2026-09-18T06:55:22.839+00:00,True,12,12.0,,12.0,287238.648849,287905.674257,287905.674257,23992.139521416666,40.083704,287238.648849,82901.15103080239,129293.24467145,60.638673454545454,7.281455221481216,0.041680317801892845,21,64,,True,True,,59,87.6246207195492
198,2026-09-18T06:50:34.989+00:00,2026-09-18T06:55:23.028+00:00,2026-09-18T06:55:23.180+00:00,True,3,3.0,,3.0,288039.064075,288190.444299,288190.444211,96063.48140366666,61.924064,288039.064075,166255.73206960812,259244.1032747,75.690112,19.468086527045024,0.010409783042242283,21,64,,True,True,,11,87.6246207195492
199,2026-09-18T06:50:35.433+00:00,2026-09-18T06:55:25.036+00:00,2026-09-18T06:55:28.059+00:00,True,49,49.0,,49.0,289603.66370499996,292625.93032899994,292625.93038599996,5971.957762979591,32.37415,289603.66370499996,41362.95863090903,95.77454819999998,62.963888,11.31114948948211,0.16744927541079221,21,64,,True,True,,178,87.6246207195492
200,2026-09-18T06:50:35.940+00:00,2026-09-18T06:55:26.744+00:00,2026-09-18T06:55:31.696+00:00,True,81,81.0,,81.0,290803.255829,295755.46626099997,295755.466248,3651.302052444444,37.610509,290803.255829,32304.596741705765,91.218099,61.9026304,11.271594335134358,0.273874904237674,21,64,,True,True,,408,87.6246207195492
201,2026-09-18T06:50:36.305+00:00,2026-09-18T06:55:28.120+00:00,2026-09-18T06:55:33.384+00:00,True,86,86.0,,86.0,291814.851939,297078.79664300004,297078.796614,3454.404611790698,36.622461,291814.851939,31460.528726077497,90.12679575,61.92876122352941,11.084034727306289,0.2894854865840402,21,64,,True,True,,335,87.6246207195492
202,2026-09-18T06:50:36.961+00:00,2026-09-18T06:55:30.666+00:00,2026-09-18T06:55:35.384+00:00,True,75,75.0,,75.0,293705.171003,298422.437179,298422.437153,3978.965828706667,37.558629,293705.171003,33906.79272792776,92.9611927,63.74684021621621,10.716943455714869,0.2513215852969307,21,64,,True,True,,254,87.6246207195492
203,2026-09-18T06:50:37.579+00:00,2026-09-18T06:55:32.920+00:00,2026-09-18T06:55:37.624+00:00,False,75,74.0,,74.0,295341.171384,300045.382072,300045.38195,4000.6050926666667,0.03908,295341.171384,34095.72305923885,92.22597520000001,63.5704147027027,13.349338154295065,0.24662935816236856,21,64,,True,False,Request timeout: 300.0s exceeded,257,87.6246207195492
204,2026-09-18T06:50:37.943+00:00,2026-09-18T06:55:34.198+00:00,2026-09-18T06:55:37.964+00:00,False,60,59.0,,59.0,296254.57124900003,300021.00478500006,300021.00478400005,5000.350079733334,0.02106,296254.57124900003,38238.06185806366,94.48432095000003,63.83785654237288,14.223133873758579,0.196652897827205,21,64,,True,False,Request timeout: 300.0s exceeded,313,87.6246207195492
205,2026-09-18T06:50:38.423+00:00,2026-09-18T06:55:36.343+00:00,2026-09-18T06:55:36.401+00:00,True,2,2.0,,2.0,297920.357119,297978.795775,297978.795789,148989.3978945,58.438669999999995,297920.357119,210620.1823925223,283027.26119655,58.438656,nan,0.006711886981079602,21,64,,True,True,,6,87.6246207195492
206,2026-09-18T06:50:39.066+00:00,2026-09-18T06:55:38.826+00:00,2026-09-18T06:55:39.077+00:00,False,6,5.0,,5.0,299759.869509,300010.536261,300010.536409,50001.756068166666,0.04412,299759.869509,122355.98998691721,224836.22597099998,50.1333504,28.075661949038437,0.01666608133939054,21,64,,True,False,Request timeout: 300.0s exceeded,31,87.6246207195492
207,2026-09-18T06:50:39.451+00:00,2026-09-18T06:55:39.544+00:00,2026-09-18T06:55:39.544+00:00,False,1,0.0,,0.0,300093.362391,300093.362391,300093.362391,300093.362391,300093.362391,300093.362391,nan,300093.362391,nan,nan,0.0,21,64,,True,False,"HTTPConnectionPool(host='gpu03', port=9002): Read timed out.",0,87.6246207195492
208,2026-09-18T06:50:39.912+00:00,2026-09-18T06:55:39.987+00:00,2026-09-18T06:55:39.987+00:00,False,1,0.0,,0.0,300075.270613,300075.270613,300075.270613,300075.270613,300075.270613,300075.270613,nan,300075.270613,nan,nan,0.0,21,64,,True,False,TTFT timeout: 300.0s exceeded (TTFT: 300.063s),0,87.6246207195492
209,2026-09-18T06:50:40.497+00:00,2026-09-18T06:55:40.388+00:00,2026-09-18T06:55:40.521+00:00,False,4,3.0,,3.0,299890.78466500004,300023.16610500007,300023.16614700004,75005.79153675001,0.03635,299890.78466500004,149923.3320133425,254917.53729925002,44.12714666666666,38.29854339829134,0.009999227856125217,21,64,,True,False,Request timeout: 300.0s exceeded,15,87.6246207195492
210,2026-09-18T06:50:41.020+00:00,2026-09-18T06:55:41.073+00:00,2026-09-18T06:55:41.073+00:00,False,1,0.0,,0.0,300053.056517,300053.056517,300053.056517,300053.056517,300053.056517,300053.056517,nan,300053.056517,nan,nan,0.0,21,64,,True,False,"HTTPConnectionPool(host='gpu03', port=9002): Read timed out.",0,87.6246207195492
211,2026-09-18T06:50:41.498+00:00,2026-09-18T06:55:41.499+00:00,2026-09-18T06:55:41.614+00:00,False,3,2.0,,2.0,300000.992382,300116.08972600003,300116.089616,100038.69653866667,0.03599,300000.992382,173172.43754970026,270012.39926820004,57.548672,81.33506498621337,0.00666408789287492,21,64,,True,False,Request timeout: 300.0s exceeded,3,87.6246207195492
212,2026-09-18T06:50:42.005+00:00,2026-09-18T06:55:42.099+00:00,2026-09-18T06:55:42.099+00:00,False,1,0.0,,0.0,300094.109054,300094.109054,300094.109054,300094.109054,300094.109054,300094.109054,nan,300094.109054,nan,nan,0.0,21,64,,True,False,"HTTPConnectionPool(host='gpu03', port=9002): Read timed out.",0,87.6246207195492
213,2026-09-18T06:50:42.373+00:00,2026-09-18T06:55:42.430+00:00,2026-09-18T06:55:42.430+00:00,False,1,0.0,,0.0,300057.01636400004,300057.01636400004,300057.01636400004,300057.01636400004,300057.01636400004,300057.01636400004,nan,300057.01636400004,nan,nan,0.0,21,64,,True,False,"HTTPConnectionPool(host='gpu03', port=9002): Read timed out.",0,87.6246207195492
214,2026-09-18T06:50:43.013+00:00,2026-09-18T06:55:42.890+00:00,2026-09-18T06:55:43.052+00:00,False,4,3.0,,3.0,299876.647765,300039.195221,300039.19527,75009.7988175,0.02766,299876.647765,149911.2376686892,254908.55596419997,54.18248533333333,47.59536395591173,0.009998693663307185,21,64,,True,False,Request timeout: 300.0s exceeded,5,87.6246207195492
215,2026-09-18T06:50:43.624+00:00,2026-09-18T06:55:43.713+00:00,2026-09-18T06:55:43.713+00:00,False,1,0.0,,0.0,300089.663971,300089.663971,300089.663971,300089.663971,300089.663971,300089.663971,nan,300089.663971,nan,nan,0.0,21,64,,True,False,"HTTPConnectionPool(host='gpu03', port=9002): Read timed out.",0,87.6246207195492
216,2026-09-18T06:50:44.147+00:00,2026-09-18T06:55:44.153+00:00,2026-09-18T06:55:44.253+00:00,False,3,2.0,,2.0,300005.905714,300105.866546,300105.866507,100035.28883566667,0.09518,300005.905714,173179.64141191856,270015.3017039,49.980416,70.54830377427733,0.006664314906664583,21,64,,True,False,Request timeout: 300.0s exceeded,4,87.6246207195492
217,2026-09-18T06:50:44.645+00:00,2026-09-18T06:55:44.496+00:00,2026-09-18T06:55:45.817+00:00,False,23,22.0,,22.0,299851.075502,301171.655598,301171.655625,13094.419809782608,0.02375,299851.075502,62510.757676720656,92.77431660000002,60.026368,18.89972619728344,0.07304804283894935,21,64,,True,False,Request timeout: 300.0s exceeded,86,87.6246207195492
218,2026-09-18T06:50:45.183+00:00,2026-09-18T06:55:45.450+00:00,2026-09-18T06:55:45.911+00:00,False,9,8.0,,8.0,300266.710409,300727.824521,300727.824504,33414.20272266667,0.02271,300266.710409,100069.69391104777,180195.4902306,57.639264,28.409773593862194,0.026602127730423416,21,64,,True,False,Request timeout: 300.0s exceeded,29,87.6246207195492
220,2026-09-18T06:50:46.090+00:00,2026-09-18T06:55:46.157+00:00,2026-09-18T06:55:46.157+00:00,False,1,0.0,,0.0,300067.52533,300067.52533,300067.52533,300067.52533,300067.52533,300067.52533,nan,300067.52533,nan,nan,0.0,21,64,,True,False,"HTTPConnectionPool(host='gpu03', port=9002): Read timed out.",0,87.6246207195492
219,2026-09-18T06:50:45.540+00:00,2026-09-18T06:55:46.712+00:00,2026-09-18T06:55:46.712+00:00,False,1,0.0,,0.0,301172.411241,301172.411241,301172.411241,301172.411241,301172.411241,301172.411241,nan,301172.411241,nan,nan,0.0,21,64,,True,False,"HTTPConnectionPool(host='gpu03', port=9002): Read timed out.",0,87.6246207195492
221,2026-09-18T06:50:46.477+00:00,2026-09-18T06:55:46.713+00:00,2026-09-18T06:55:46.713+00:00,False,1,0.0,,0.0,300236.254164,300236.254164,300236.254164,300236.254164,300236.254164,300236.254164,nan,300236.254164,nan,nan,0.0,21,64,,True,False,"HTTPConnectionPool(host='gpu03', port=9002): Read timed out.",0,87.6246207195492
222,2026-09-18T06:50:47.134+00:00,2026-09-18T06:55:47.107+00:00,2026-09-18T06:55:47.286+00:00,False,3,2.0,,2.0,299973.52657,300152.716586,300152.716664,100050.90555466666,0.03718,299973.52657,173138.0917529184,269994.0892044,89.595008,126.65397982709067,0.006663274691458468,21,64,,True,False,Request timeout: 300.0s exceeded,3,87.6246207195492
223,2026-09-18T06:50:47.684+00:00,2026-09-18T06:55:47.290+00:00,2026-09-18T06:55:47.694+00:00,True,8,8.0,,8.0,299606.621364,300009.77554,300009.77553700004,37501.221942125005,38.412518,299606.621364,105906.57477992093,194766.65323110003,57.593453714285715,8.79707101263835,0.02666579775809128,21,64,,True,True,,20,87.6246207195492
224,2026-09-18T06:50:48.161+00:00,2026-09-18T06:55:48.278+00:00,2026-09-18T06:55:48.278+00:00,False,1,0.0,,0.0,300116.845365,300116.845365,300116.845365,300116.845365,300116.845365,300116.845365,nan,300116.845365,nan,nan,0.0,21,64,,True,False,"HTTPConnectionPool(host='gpu03', port=9002): Read timed out.",0,87.6246207195492
225,2026-09-18T06:50:48.594+00:00,2026-09-18T06:55:48.556+00:00,2026-09-18T06:55:48.656+00:00,False,3,2.0,,2.0,299961.84615399997,300061.40865,300061.40847699996,100020.46949233333,0.022899,299961.84615399997,173154.3186059953,269975.615481,49.781248,70.36873259298144,0.006665302309277818,21,64,,True,False,Request timeout: 300.0s exceeded,2,87.6246207195492
226,2026-09-18T06:50:49.172+00:00,2026-09-18T06:55:49.106+00:00,2026-09-18T06:55:49.240+00:00,False,4,3.0,,3.0,299934.51013099996,300068.599603,300068.59966999997,75017.14991749999,0.045200000000000004,299934.51013099996,149944.9101857656,254955.11689324994,44.69649066666666,38.97428798264729,0.009997713869325523,21,64,,True,False,Request timeout: 300.0s exceeded,9,87.6246207195492
227,2026-09-18T06:50:49.554+00:00,2026-09-18T06:55:49.660+00:00,2026-09-18T06:55:49.660+00:00,False,1,0.0,,0.0,300106.40626899997,300106.40626899997,300106.40626899997,300106.40626899997,300106.40626899997,300106.40626899997,nan,300106.40626899997,nan,nan,0.0,21,64,,True,False,"HTTPConnectionPool(host='gpu03', port=9002): Read timed out.",0,87.6246207195492
228,2026-09-18T06:50:50.041+00:00,2026-09-18T06:55:50.021+00:00,2026-09-18T06:55:50.094+00:00,False,3,2.0,,2.0,299979.734214,300053.485766,300053.485816,100017.82860533333,0.02248,299979.734214,173172.09396768943,269989.1337048,36.875776,52.118363139099145,0.006665478305956832,21,64,,True,False,Request timeout: 300.0s exceeded,7,87.6246207195492
229,2026-09-18T06:50:50.680+00:00,2026-09-18T06:55:50.514+00:00,2026-09-18T06:55:50.737+00:00,False,6,5.0,,5.0,299834.044012,300057.02999600006,300057.02990300005,50009.504983833336,0.05942,299834.044012,122388.53151584182,224891.77536600002,44.5971968,26.796751428067754,0.01666349893574116,21,64,,True,False,Request timeout: 300.0s exceeded,18,87.6246207195492
230,2026-09-18T06:50:51.116+00:00,2026-09-18T06:55:51.214+00:00,2026-09-18T06:55:51.214+00:00,False,1,0.0,,0.0,300097.48539600003,300097.48539600003,300097.48539600003,300097.48539600003,300097.48539600003,300097.48539600003,nan,300097.48539600003,nan,nan,0.0,21,64,,True,False,TTFT timeout: 300.0s exceeded (TTFT: 300.074s),0,87.6246207195492
231,2026-09-18T06:50:51.735+00:00,2026-09-18T06:55:51.678+00:00,2026-09-18T06:55:51.800+00:00,False,4,3.0,,3.0,299943.607359,300064.91449500003,300064.914451,75016.22861275,0.04235,299943.607359,149951.5885537128,254961.32428725006,40.435712,34.99846665379774,0.009997836651608893,21,64,,True,False,Request timeout: 300.0s exceeded,9,87.6246207195492
232,2026-09-18T06:50:52.168+00:00,2026-09-18T06:55:52.271+00:00,2026-09-18T06:55:52.271+00:00,False,1,0.0,,0.0,300103.387538,300103.387538,300103.387538,300103.387538,300103.387538,300103.387538,nan,300103.387538,nan,nan,0.0,21,64,,True,False,"HTTPConnectionPool(host='gpu03', port=9002): Read timed out.",0,87.6246207195492
233,2026-09-18T06:50:52.813+00:00,2026-09-18T06:55:52.726+00:00,2026-09-18T06:55:52.888+00:00,False,4,3.0,,3.0,299912.50666,300074.832164,300074.83229600004,75018.70807400001,0.05307,299912.50666,149929.20418020952,254939.3935807,54.108501333333336,48.00216177529164,0.00999750621658403,21,64,,True,False,Request timeout: 300.0s exceeded,5,87.6246207195492
0,2026-09-18T06:48:53.153+00:00,2026-09-18T06:48:53.414+00:00,2026-09-18T06:48:58.290+00:00,True,85,85.0,,85.0,261.255154,5136.85221,5136.852054,60.43355357647059,19.157344000000002,261.255154,24.616045675041093,72.01359599999999,58.042822095238094,11.025911626694159,16.54709859756701,22,64,,False,True,,412,87.6246207195492
1,2026-09-18T06:48:53.723+00:00,2026-09-18T06:48:53.913+00:00,2026-09-18T06:48:59.450+00:00,True,94,94.0,,94.0,190.307167,5727.332703,5727.332758,60.92907189361702,20.294562999999997,190.307167,16.333371503263002,68.19350130000001,59.53790898924731,9.261758722789075,16.412526541502018,22,64,,False,True,,341,87.6246207195492
2,2026-09-18T06:48:54.178+00:00,2026-09-18T06:48:55.794+00:00,2026-09-18T06:49:01.129+00:00,True,89,89.0,,89.0,1615.861838,6950.9714699999995,6950.971434,78.10080262921349,13.940014,1615.861838,165.16650971771887,69.15689739999999,60.62624581818182,10.203236388251078,12.803965659205907,22,64,,False,True,,374,87.6246207195492
3,2026-09-18T06:48:54.680+00:00,2026-09-18T06:48:58.109+00:00,2026-09-18T06:49:00.592+00:00,True,42,42.0,,42.0,3429.297458,5912.64901,5912.648993,140.77735697619048,12.621766,3429.297458,519.95955041877,69.57609959999999,60.569550048780485,12.792431514002741,7.1034150562575,22,64,,False,True,,168,87.6246207195492
4,2026-09-18T06:48:55.041+00:00,2026-09-18T06:48:59.199+00:00,2026-09-18T06:49:00.822+00:00,True,28,28.0,,28.0,4157.978894,5780.405006,5780.404949,206.44303389285713,10.65033,4157.978894,774.5725065431985,94.7308589,60.089856,15.233848294408203,4.843951240602742,22,64,,False,True,,128,87.6246207195492
5,2026-09-18T06:48:55.496+00:00,2026-09-18T06:49:00.658+00:00,2026-09-18T06:49:05.493+00:00,True,83,83.0,,83.0,5161.640569,9996.499577,9996.499704,120.43975546987951,0.0,5161.640569,560.3829085539298,68.50660109999998,58.961695219512194,18.172508612366094,8.302906368441894,22,64,,False,True,,435,87.6246207195492
6,2026-09-18T06:48:55.923+00:00,2026-09-18T06:49:02.401+00:00,2026-09-18T06:49:03.984+00:00,True,28,28.0,,28.0,6477.202994,8060.50053,8060.500492,287.8750175714286,0.0,6477.202994,1213.1326667683302,101.07807115,58.64064948148148,18.673199476494915,3.4737296890916523,22,64,,False,True,,115,87.6246207195492
7,2026-09-18T06:48:56.448+00:00,2026-09-18T06:49:04.293+00:00,2026-09-18T06:49:05.616+00:00,True,24,24.0,,24.0,7844.266653,9167.679645,9167.679704,381.9866543333333,5.033951,7844.266653,1589.6903525686964,144.0352947,57.53969530434783,27.73066695465852,2.6178925234467005,22,64,,False,True,,98,87.6246207195492
8,2026-09-18T06:48:56.806+00:00,2026-09-18T06:49:05.743+00:00,2026-09-18T06:49:06.558+00:00,True,14,14.0,,14.0,8937.368482999998,9752.159650999998,9752.159708999998,696.5828363571427,56.533955,8937.368482999998,2371.8644234549365,3172.6537479999997,62.67624369230769,4.026717259130225,1.435579451220779,22,64,,False,True,,53,87.6246207195492
9,2026-09-18T06:48:57.249+00:00,2026-09-18T06:49:07.420+00:00,2026-09-18T06:49:10.217+00:00,True,48,48.0,,48.0,10171.08674,12968.809364,12968.809371000001,270.1835285625,0.0,10171.08674,1460.3591385808377,148.61306625,59.52601327659574,51.268711562488406,3.701187877218919,22,64,,False,True,,184,87.6246207195492
10,2026-09-18T06:48:57.840+00:00,2026-09-18T06:49:09.498+00:00,2026-09-18T06:49:14.728+00:00,True,88,88.0,,88.0,11658.320536000001,16888.09052,16888.090438000003,191.91011861363637,0.0,11658.320536000001,1236.7173523380345,67.65561335000001,60.11229866666667,29.34510253211044,5.210772638610892,22,64,,False,True,,372,87.6246207195492
11,2026-09-18T06:48:58.436+00:00,2026-09-18T06:49:11.735+00:00,2026-09-18T06:49:14.616+00:00,True,49,49.0,,49.0,13298.476638,16179.936606,16179.936444,330.2027845714286,0.0,13298.476638,1891.424229893709,69.9486464,60.030416,28.99507861870481,3.0284420262703224,22,64,,False,True,,186,87.6246207195492
12,2026-09-18T06:48:58.817+00:00,2026-09-18T06:49:13.183+00:00,2026-09-18T06:49:18.744+00:00,True,94,94.0,,94.0,14365.902895,19927.029551,19927.029571,211.98967628723403,0.0,14365.902895,1475.9543860100152,70.28554565,59.797060817204304,34.20923105125096,4.717210849686465,22,64,,False,True,,464,87.6246207195492
13,2026-09-18T06:48:59.413+00:00,2026-09-18T06:49:15.318+00:00,2026-09-18T06:49:15.862+00:00,True,10,10.0,,10.0,15905.645423,16449.672047,16449.671853,1644.9671853,38.697608,15905.645423,5010.698498556332,8779.3672616,60.44740266666666,8.832450132065507,0.6079148551672034,22,64,,False,True,,44,87.6246207195492
14,2026-09-18T06:48:59.949+00:00,2026-09-18T06:49:17.352+00:00,2026-09-18T06:49:20.531+00:00,True,53,53.0,,53.0,17403.294091,20582.161547,20582.161444,388.34266875471695,0.0,17403.294091,2382.4944221383175,76.5820818,61.132066461538464,42.12457016698157,2.575045379902051,22,64,,False,True,,212,87.6246207195492
15,2026-09-18T06:49:00.478+00:00,2026-09-18T06:49:19.319+00:00,2026-09-18T06:49:20.253+00:00,True,12,12.0,,12.0,18840.863539,19774.794291000002,19774.794293000003,1647.8995244166667,14.838462,18840.863539,5414.938666159114,8657.101036350003,84.90279563636363,81.61511932345965,0.6068331140851106,22,64,,False,True,,52,87.6246207195492
16,2026-09-18T06:49:00.951+00:00,2026-09-18T06:49:21.099+00:00,2026-09-18T06:49:26.093+00:00,True,83,83.0,,83.0,20148.535879,25142.479943,25142.479898999998,302.92144456626505,0.0,20148.535879,2205.607550626232,87.2250837,60.90175687804878,56.03579757317699,3.301185888908636,22,64,,False,True,,324,87.6246207195492
17,2026-09-18T06:49:01.421+00:00,2026-09-18T06:49:22.656+00:00,2026-09-18T06:49:27.454+00:00,True,80,80.0,,80.0,21235.308269,26033.502445000002,26033.502383000003,325.4187797875,0.0,21235.308269,2367.707696342907,87.10878865,60.736635139240505,39.08999145001294,3.0729633928055966,22,64,,False,True,,336,87.6246207195492
18,2026-09-18T06:49:01.946+00:00,2026-09-18T06:49:24.737+00:00,2026-09-18T06:49:29.845+00:00,True,86,86.0,,86.0,22791.473388,27899.093739999997,27899.093816999997,324.40806763953486,0.0,22791.473388,2451.527811365702,83.61181175,60.089651200000006,41.050014783946615,3.0825374043135496,22,64,,False,True,,372,87.6246207195492
19,2026-09-18T06:49:02.472+00:00,2026-09-18T06:49:26.837+00:00,2026-09-18T06:49:30.533+00:00,True,62,62.0,,62.0,24364.786984000002,28061.077288,28061.077146000003,452.598018483871,0.0,24364.786984000002,3086.9996795263974,70.3509392,60.594923016393444,47.81127542014136,2.2094661357322014,22,64,,False,True,,254,87.6246207195492
20,2026-09-18T06:49:02.942+00:00,2026-09-18T06:49:28.575+00:00,2026-09-18T06:49:32.358+00:00,True,63,63.0,,63.0,25632.636588,29416.326316000002,29416.326317000003,466.9258145555556,35.013985,25632.636588,3221.7307140287485,72.8849722,61.02725367741936,8.39662278701597,2.141667838574843,22,64,,False,True,,290,87.6246207195492
21,2026-09-18T06:49:03.553+00:00,2026-09-18T06:49:31.156+00:00,2026-09-18T06:49:35.290+00:00,True,71,71.0,,71.0,27602.895638,31737.219094,31737.218999,447.0030844929578,0.0,27602.895638,3269.7787245718546,73.9523075,59.061763657142855,78.41826566622342,2.237121021527142,22,64,,False,True,,359,87.6246207195492
22,2026-09-18T06:49:03.942+00:00,2026-09-18T06:49:32.545+00:00,2026-09-18T06:49:36.283+00:00,True,63,63.0,,63.0,28602.660938999998,32340.938826999998,32340.938829,513.3482353809524,0.0,28602.660938999998,3597.031794116488,84.3507,60.29480464516129,86.84748586119404,1.9479953979382978,22,64,,False,True,,343,87.6246207195492
23,2026-09-18T06:49:04.482+00:00,2026-09-18T06:49:35.204+00:00,2026-09-18T06:49:35.204+00:00,True,1,1.0,,1.0,30721.871394,30721.871394,30721.871394,30721.871394,30721.871394,30721.871394,nan,30721.871394,nan,nan,0.03255010045368853,22,64,,False,True,,10,87.6246207195492
24,2026-09-18T06:49:05.027+00:00,2026-09-18T06:49:36.656+00:00,2026-09-18T06:49:41.556+00:00,True,82,82.0,,82.0,31628.454879,36529.067743,36529.067598,445.47643412195123,0.0,31628.454879,3486.5182802248246,95.42224785,60.50139338271605,54.51766773143113,2.2447876462906318,22,64,,False,True,,359,87.6246207195492
25,2026-09-18T06:49:05.558+00:00,2026-09-18T06:49:39.001+00:00,2026-09-18T06:49:44.469+00:00,True,97,97.0,,97.0,33442.865228999995,38910.908236999996,38910.908261,401.14338413402055,0.0,33442.865228999995,3389.882810328057,89.32315279999999,56.958781333333334,19.865492695766445,2.49287421946537,22,64,,False,True,,468,87.6246207195492
26,2026-09-18T06:49:06.064+00:00,2026-09-18T06:49:40.422+00:00,2026-09-18T06:49:42.419+00:00,True,34,34.0,,34.0,34358.297547,36354.739403,36354.739394000004,1069.257041,35.802564,34358.297547,5882.038506356109,93.25264255,60.49823806060606,13.240821880051863,0.9352288190847083,22,64,,False,True,,216,87.6246207195492
27,2026-09-18T06:49:06.640+00:00,2026-09-18T06:49:42.886+00:00,2026-09-18T06:49:46.339+00:00,True,57,57.0,,57.0,36246.278082000004,39698.911938000005,39698.911993,696.4721402280702,0.0,36246.278082000004,4793.369728381934,95.50142380000001,61.654176,76.47577379661803,1.4358076132922752,22,64,,False,True,,263,87.6246207195492
28,2026-09-18T06:49:07.162+00:00,2026-09-18T06:49:44.613+00:00,2026-09-18T06:49:48.874+00:00,True,70,70.0,,70.0,37451.545925,41712.387909,41712.387924999995,595.8912560714285,0.0,37451.545925,4469.982926402214,92.08478495,61.751333101449276,97.48382302575475,1.678158540161077,22,64,,False,True,,312,87.6246207195492
29,2026-09-18T06:49:07.886+00:00,2026-09-18T06:49:47.361+00:00,2026-09-18T06:49:51.397+00:00,True,65,65.0,,65.0,39475.424471,43510.890455,43510.890627,669.3983173384615,0.016649999999999998,39475.424471,4889.109889504986,86.3063824,63.054156,77.64791568343409,1.4938788730886707,22,64,,False,True,,259,87.6246207195492
30,2026-09-18T06:49:08.063+00:00,2026-09-18T06:49:48.768+00:00,2026-09-18T06:49:49.504+00:00,True,17,17.0,,17.0,40704.414927,41440.776142999995,41440.776309,2437.6927240588234,0.01927,40704.414927,9861.14829273416,8207.946454199999,46.022576,28.896977833256,0.410223977015729,22,64,,False,True,,103,87.6246207195492
31,2026-09-18T06:49:08.467+00:00,2026-09-18T06:49:50.014+00:00,2026-09-18T06:49:52.472+00:00,True,35,35.0,,35.0,41546.943207000004,44005.720551000006,44005.720482000004,1257.3062994857144,0.0,41546.943207000004,7011.298575044706,265.3122395,72.31698070588236,107.98854816508992,0.7953511398463999,22,64,,False,True,,153,87.6246207195492
32,2026-09-18T06:49:09.021+00:00,2026-09-18T06:49:52.467+00:00,2026-09-18T06:49:56.610+00:00,True,71,71.0,,71.0,43445.318563,47588.760227,47588.760299,670.2642295633802,0.0,43445.318563,5149.018043219823,85.2735075,59.19202377142857,18.319499534910374,1.4919489320866437,22,64,,False,True,,356,87.6246207195492
33,2026-09-18T06:49:09.495+00:00,2026-09-18T06:49:54.327+00:00,2026-09-18T06:50:00.786+00:00,True,94,94.0,,94.0,44832.037701,51291.511621,51291.511425000004,545.6543768617022,0.0,44832.037701,4617.500488442434,92.16129965,69.4567088172043,74.3873856952875,1.8326619167432394,22,64,,False,True,,431,87.6246207195492
34,2026-09-18T06:49:09.896+00:00,2026-09-18T06:49:56.138+00:00,2026-09-18T06:49:56.802+00:00,True,12,12.0,,12.0,46241.108187,46905.216475,46905.216532,3908.7680443333334,34.571776,46241.108187,13331.23717343175,20859.3723691,60.37348072727273,14.70005413168959,0.2558350840656684,22,64,,False,True,,38,87.6246207195492
35,2026-09-18T06:49:10.407+00:00,2026-09-18T06:49:58.067+00:00,2026-09-18T06:49:59.023+00:00,True,15,15.0,,15.0,47659.508838,48616.232294,48616.232243,3241.0821495333334,38.29229,47659.508838,12287.999947386319,14371.5453299,68.33738971428572,18.05497580309941,0.3085389239809773,22,64,,False,True,,77,87.6246207195492
36,2026-09-18T06:49:10.780+00:00,2026-09-18T06:49:59.391+00:00,2026-09-18T06:50:00.784+00:00,True,20,20.0,,20.0,48611.622987,50003.978059,50003.978088,2500.1989044,0.0,48611.622987,10854.773662425927,3157.1772579,73.28184589473685,170.6330141433264,0.3999681780597911,22,64,,False,True,,76,87.6246207195492
37,2026-09-18T06:49:11.386+00:00,2026-09-18T06:50:02.581+00:00,2026-09-18T06:50:05.767+00:00,True,59,59.0,,59.0,51194.996509000004,54381.71548500001,54381.71551,921.7239916949153,0.01687,51194.996509000004,6657.921983762309,91.88428099999999,54.943430620689654,27.090921951324166,1.0849234797727896,22,64,,False,True,,269,87.6246207195492
38,2026-09-18T06:49:11.944+00:00,2026-09-18T06:50:04.723+00:00,2026-09-18T06:50:07.301+00:00,True,40,40.0,,40.0,52779.504014,55356.816525999995,55356.816649,1383.920416225,36.199093,52779.504014,8334.736721791513,99.13506990000002,66.0849362051282,15.110002664896486,0.7225849048095603,22,64,,False,True,,194,87.6246207195492
39,2026-09-18T06:49:12.506+00:00,2026-09-18T06:50:06.673+00:00,2026-09-18T06:50:10.834+00:00,True,67,67.0,,67.0,54167.530221,58328.293613,58328.293495,870.5715447014926,0.0,54167.530221,6610.669150760991,94.59226309999998,63.04186957575758,100.59797450749338,1.1486706682101067,22,64,,False,True,,347,87.6246207195492
40,2026-09-18T06:49:13.074+00:00,2026-09-18T06:50:08.955+00:00,2026-09-18T06:50:14.583+00:00,True,93,93.0,,93.0,55881.060866,61509.330434,61509.330404,661.3906495053764,0.0,55881.060866,5788.858144901712,90.570503,61.17684313043478,84.20578426689593,1.5119657350162465,22,64,,False,True,,412,87.6246207195492
41,2026-09-18T06:49:13.461+00:00,2026-09-18T06:50:10.356+00:00,2026-09-18T06:50:14.708+00:00,True,73,73.0,,73.0,56895.224840999996,61247.244041,61247.24409199999,839.0033437260273,35.899114000000004,56895.224840999996,6652.019102369875,90.3861952,60.44471111111111,12.31184992067224,1.1918903640975667,22,64,,False,True,,327,87.6246207195492
42,2026-09-18T06:49:13.823+00:00,2026-09-18T06:50:11.684+00:00,2026-09-18T06:50:14.208+00:00,True,44,44.0,,44.0,57860.923114,60384.543465999996,60384.543649,1372.3759920227271,34.154427000000005,57860.923114,8714.019394355704,69.17489165,58.68884539534884,9.165431730167366,0.7286632882266395,22,64,,False,True,,158,87.6246207195492
43,2026-09-18T06:49:14.353+00:00,2026-09-18T06:50:13.467+00:00,2026-09-18T06:50:16.107+00:00,True,43,43.0,,43.0,59114.036869999996,61754.08115799999,61754.081259,1436.1414246279069,36.230042999999995,59114.036869999996,9005.225396101941,89.0484354,62.85819733333334,9.673950669842435,0.696310255025623,22,64,,False,True,,220,87.6246207195492
44,2026-09-18T06:49:14.719+00:00,2026-09-18T06:50:15.082+00:00,2026-09-18T06:50:15.502+00:00,True,7,7.0,,7.0,60363.4891,60782.918988,60782.918906,8683.274129428572,62.562414,60363.4891,22788.834453761807,42281.108657799996,69.90498133333332,9.646306127512286,0.11516393283747968,22,64,,False,True,,23,87.6246207195492
45,2026-09-18T06:49:15.124+00:00,2026-09-18T06:50:17.183+00:00,2026-09-18T06:50:18.144+00:00,True,25,25.0,,25.0,62058.188239,63019.969743,63019.969694,2520.7987877600003,0.01692,62058.188239,12403.67481926883,112.5131702,40.074229333333335,36.69472376993054,0.39669965095114784,22,64,,False,True,,44,87.6246207195492
46,2026-09-18T06:49:15.578+00:00,2026-09-18T06:50:18.596+00:00,2026-09-18T06:50:23.874+00:00,True,84,84.0,,84.0,63018.156734,68296.120254,68296.120108,813.0490489047619,0.0,63018.156734,6869.65477323427,93.5262631,63.58992192771085,102.0161509969939,1.2299380943982725,22,64,,False,True,,332,87.6246207195492
47,2026-09-18T06:49:16.068+00:00,2026-09-18T06:50:20.486+00:00,2026-09-18T06:50:25.998+00:00,True,88,88.0,,88.0,64418.243946999995,69930.242411,69930.24242899999,794.6618457840908,35.981164,64418.243946999995,6860.263665908525,89.54391369999999,63.356304183908044,11.538936188220003,1.2583968961926213,22,64,,False,True,,456,87.6246207195492
48,2026-09-18T06:49:16.408+00:00,2026-09-18T06:50:21.681+00:00,2026-09-18T06:50:24.107+00:00,True,39,39.0,,39.0,65272.256677,67698.231973,67698.23205199999,1735.8521038974359,35.935303999999995,65272.256677,10441.710391103417,93.35058559999997,63.841455157894735,12.469322568373872,0.5760859458715897,22,64,,False,True,,181,87.6246207195492
49,2026-09-18T06:49:16.982+00:00,2026-09-18T06:50:23.783+00:00,2026-09-18T06:50:28.707+00:00,True,80,80.0,,80.0,66801.697063,71725.590055,71725.58998,896.5698747499999,31.901931,66801.697063,7461.699963044806,92.00755844999999,62.32775939240506,13.261787807680403,1.1153620338104586,22,64,,False,True,,168,87.6246207195492
50,2026-09-18T06:49:17.576+00:00,2026-09-18T06:50:26.178+00:00,2026-09-18T06:50:32.228+00:00,True,96,96.0,,96.0,68601.933671,74651.889255,74651.88917000001,777.6238455208334,0.0,68601.933671,6995.920804846554,92.29687225000002,63.683742989473686,104.00251999920751,1.2859687940659874,22,64,,False,True,,446,87.6246207195492
51,2026-09-18T06:49:18.136+00:00,2026-09-18T06:50:28.233+00:00,2026-09-18T06:50:29.523+00:00,True,22,22.0,,22.0,70097.099029,71387.069205,71387.069099,3244.866777227273,33.598938000000004,70097.099029,14931.660455116851,92.7710864,61.42715123809524,12.5703343832702,0.3081790616284203,22,64,,False,True,,54,87.6246207195492
52,2026-09-18T06:49:18.650+00:00,2026-09-18T06:50:30.167+00:00,2026-09-18T06:50:34.815+00:00,True,60,60.0,,60.0,71516.925487,76164.871215,76164.871042,1269.4145173666666,0.0,71516.925487,9224.44175371927,142.52777104999998,78.77874115254237,184.634645197626,0.7877647403962724,22,64,,False,True,,188,87.6246207195492
53,2026-09-18T06:49:19.154+00:00,2026-09-18T06:50:32.238+00:00,2026-09-18T06:50:37.984+00:00,True,99,99.0,,99.0,73083.254285,78829.239565,78829.239464,796.2549440808081,0.0,73083.254285,7339.963770691664,91.60387370000001,58.63250285714286,102.84072007685417,1.2558791705502608,22,64,,False,True,,331,87.6246207195492
54,2026-09-18T06:49:19.548+00:00,2026-09-18T06:50:33.580+00:00,2026-09-18T06:50:36.447+00:00,True,48,48.0,,48.0,74032.0219,76899.408012,76899.40793,1602.0709985416668,0.01618,74032.0219,10677.72020495803,155.93091735,61.008215148936166,141.99073048915744,0.6241920613031208,22,64,,False,True,,177,87.6246207195492
55,2026-09-18T06:49:20.049+00:00,2026-09-18T06:50:35.365+00:00,2026-09-18T06:50:38.042+00:00,True,46,46.0,,46.0,75315.739697,77992.865073,77992.865209,1695.4970697608694,33.855318,75315.739697,11095.934090988218,73.52840925,59.49167502222222,11.344273992864888,0.5897975405435457,22,64,,False,True,,238,87.6246207195492
56,2026-09-18T06:49:20.610+00:00,2026-09-18T06:50:37.731+00:00,2026-09-18T06:50:38.323+00:00,True,10,10.0,,10.0,77120.948655,77712.809903,77712.809923,7771.2809923,55.155858,77120.948655,24366.991976728812,42459.00232995001,65.76236088888889,11.837018048381236,0.128678914228965,22,64,,False,True,,26,87.6246207195492
57,2026-09-18T06:49:21.070+00:00,2026-09-18T06:50:39.369+00:00,2026-09-18T06:50:40.707+00:00,True,22,22.0,,22.0,78298.34554899999,79637.237325,79637.237182,3619.874417363636,38.21103,78298.34554899999,16679.676568413917,104.27388829999998,63.75675123809524,14.726567569819743,0.2762526770010602,22,64,,False,True,,64,87.6246207195492
58,2026-09-18T06:49:21.600+00:00,2026-09-18T06:50:41.361+00:00,2026-09-18T06:50:46.548+00:00,True,83,83.0,,83.0,79760.78524699999,84947.666015,84947.66606799999,1023.4658562409637,0.0,79760.78524699999,8748.86645711999,92.08632310000002,63.25464351219512,128.06968506344384,0.9770721656477757,22,64,,False,True,,288,87.6246207195492
59,2026-09-18T06:49:22.132+00:00,2026-09-18T06:50:43.559+00:00,2026-09-18T06:50:48.861+00:00,True,87,87.0,,87.0,81426.313218,86729.06393799999,86729.063905,996.8857920114942,0.0,81426.313218,8724.093978065055,92.13950220000001,61.65989209302325,125.16688184724421,1.0031239361950648,22,64,,False,True,,380,87.6246207195492
60,2026-09-18T06:49:22.599+00:00,2026-09-18T06:50:45.752+00:00,2026-09-18T06:50:45.752+00:00,True,10,10.0,,10.0,83153.022997,83153.022997,83153.022997,8315.302299699999,0.0,83153.022997,26295.294699888058,45734.16264835,0.0,0.0,0.12026020990674965,22,64,,False,True,,41,87.6246207195492
61,2026-09-18T06:49:23.079+00:00,2026-09-18T06:50:47.041+00:00,2026-09-18T06:50:52.146+00:00,True,85,85.0,,85.0,83962.233663,89067.178815,89067.178706,1047.8491612470589,36.055523,83962.233663,9100.39750796963,85.15766039999998,60.77315657142857,10.847589077007827,0.9543358297735255,22,64,,False,True,,347,87.6246207195492
62,2026-09-18T06:49:23.675+00:00,2026-09-18T06:50:49.055+00:00,2026-09-18T06:50:52.082+00:00,True,50,50.0,,50.0,85380.89337199999,88407.73471599999,88407.73456999999,1768.1546913999998,39.983046,85380.89337199999,12065.949112952192,81.09133915000001,61.77227232653061,9.007650101893901,0.5655613749251628,22,64,,False,True,,220,87.6246207195492
63,2026-09-18T06:49:24.168+00:00,2026-09-18T06:50:50.789+00:00,2026-09-18T06:50:56.124+00:00,True,86,86.0,,86.0,86620.357921,91955.446817,91955.446878,1069.2493823023256,37.128571,86620.357921,9333.752083001058,90.53494975,62.76575171764706,11.398086542517193,0.9352355186870887,22,64,,False,True,,436,87.6246207195492
64,2026-09-18T06:49:24.549+00:00,2026-09-18T06:50:52.331+00:00,2026-09-18T06:50:55.186+00:00,True,45,45.0,,45.0,87781.839065,90636.56213699999,90636.56217199999,2014.1458260444442,36.842082000000005,87781.839065,13076.07832163975,94.875957,64.88006981818182,12.792801039948227,0.4964883810573166,22,64,,False,True,,161,87.6246207195492
65,2026-09-18T06:49:25.162+00:00,2026-09-18T06:50:54.518+00:00,2026-09-18T06:51:00.231+00:00,True,93,93.0,,93.0,89356.68105500001,95069.38351900001,95069.38351300001,1022.251435623656,36.700282,89356.68105500001,9259.422536605303,80.030778,62.094592,9.923945872394743,0.9782329132429218,22,64,,False,True,,362,87.6246207195492
66,2026-09-18T06:49:25.588+00:00,2026-09-18T06:50:56.243+00:00,2026-09-18T06:50:59.283+00:00,True,50,50.0,,50.0,90655.18443600001,93695.30347600002,93695.30335000002,1873.9060670000001,39.658637000000006,90655.18443600001,12811.807095667622,70.01076505,62.04324571428572,7.5899894001141615,0.5336446774283351,22,64,,False,True,,240,87.6246207195492
67,2026-09-18T06:49:26.064+00:00,2026-09-18T06:50:57.821+00:00,2026-09-18T06:51:03.482+00:00,True,92,92.0,,92.0,91757.456419,97418.417955,97418.41800199999,1058.895847847826,37.326080999999995,91757.456419,9559.89405462193,69.63720355,62.20836852747252,8.336773130484996,0.9443799430462636,22,64,,False,True,,388,87.6246207195492
68,2026-09-18T06:49:26.466+00:00,2026-09-18T06:50:59.242+00:00,2026-09-18T06:51:00.033+00:00,True,14,14.0,,14.0,92775.929198,93567.02065399999,93567.020474,6683.3586052857145,32.573769,92775.929198,24779.150520898114,32536.14478735,60.85318892307692,14.9428277905646,0.14962536908993157,22,64,,True,True,,57,87.6246207195492
69,2026-09-18T06:49:26.868+00:00,2026-09-18T06:51:00.759+00:00,2026-09-18T06:51:03.730+00:00,True,49,49.0,,49.0,93891.039627,96861.78087500001,96861.780929,1976.7710393673472,37.446161000000004,93891.039627,13404.16682142591,76.84980239999999,61.890442666666665,8.521678509127621,0.5058754810964546,22,64,,True,True,,204,87.6246207195492
70,2026-09-18T06:49:27.473+00:00,2026-09-18T06:51:03.293+00:00,2026-09-18T06:51:06.295+00:00,True,50,50.0,,50.0,95820.222881,98821.64163299999,98821.64165599999,1976.43283312,40.608805000000004,95820.222881,13542.364355093881,67.42290595,61.253443918367346,5.324801794813931,0.5059620461041122,22,64,,True,True,,162,87.6246207195492
71,2026-09-18T06:49:27.826+00:00,2026-09-18T06:51:04.659+00:00,2026-09-18T06:51:05.916+00:00,True,22,22.0,,22.0,96833.561638,98089.987878,98089.987822,4458.635810090909,34.802496,96833.561638,20632.230181090876,66.93159670000001,59.829820952380956,7.308292549542544,0.22428384869781642,22,64,,True,True,,122,87.6246207195492
72,2026-09-18T06:49:28.308+00:00,2026-09-18T06:51:06.448+00:00,2026-09-18T06:51:08.379+00:00,True,32,32.0,,32.0,98140.699443,100070.825779,100070.825811,3127.21330659375,39.828026,98140.699443,17337.987669927996,99.05141845000001,62.26213987096774,14.220699011807616,0.31977351791490105,22,64,,True,True,,114,87.6246207195492
73,2026-09-18T06:49:28.737+00:00,2026-09-18T06:51:08.108+00:00,2026-09-18T06:51:08.604+00:00,True,9,9.0,,9.0,99370.69915,99866.876046,99866.876132,11096.319570222222,38.911378,99370.69915,33102.89712729413,59662.7007912,62.022112,19.02744496865611,0.09011997126909708,22,64,,True,True,,27,87.6246207195492
74,2026-09-18T06:49:29.172+00:00,2026-09-18T06:51:09.856+00:00,2026-09-18T06:51:15.200+00:00,True,86,86.0,,86.0,100684.655341,106028.72215700001,106028.722211,1232.8921187325582,40.417025,100684.655341,10850.329460149173,75.04290800000001,62.87137430588235,8.704465076562999,0.8111009757587868,22,64,,True,True,,301,87.6246207195492
75,2026-09-18T06:49:29.615+00:00,2026-09-18T06:51:11.707+00:00,2026-09-18T06:51:14.894+00:00,True,52,52.0,,52.0,102092.13319,105278.530118,105278.53003299999,2024.5871160192307,40.352055,102092.13319,14148.969626586733,78.53546695,62.4783711372549,8.039318075922383,0.49392786869000277,22,64,,True,True,,242,87.6246207195492
76,2026-09-18T06:49:30.166+00:00,2026-09-18T06:51:13.711+00:00,2026-09-18T06:51:19.078+00:00,True,84,84.0,,84.0,103545.41672499999,108912.50536499999,108912.50545199998,1296.5774458571427,35.895614,103545.41672499999,11290.680423079864,94.12404075,64.66371855421687,10.279053436233543,0.7712612956472688,22,64,,True,True,,384,87.6246207195492
77,2026-09-18T06:49:30.663+00:00,2026-09-18T06:51:15.331+00:00,2026-09-18T06:51:19.858+00:00,True,70,70.0,,70.0,104667.295142,109194.748582,109194.748743,1559.9249820428572,34.726956,104667.295142,12502.296958293122,93.365545,65.61526724637682,11.174518422872454,0.6410564693725483,22,64,,True,True,,320,87.6246207195492
78,2026-09-18T06:49:31.066+00:00,2026-09-18T06:51:16.989+00:00,2026-09-18T06:51:20.336+00:00,True,52,52.0,,52.0,105923.713519,109270.170095,109270.17010599999,2101.3494251153847,33.144949000000004,105923.713519,14679.882239919627,93.281525,65.61679560784314,12.815031400106818,0.4758846806478928,22,64,,True,True,,194,87.6246207195492
79,2026-09-18T06:49:31.624+00:00,2026-09-18T06:51:19.020+00:00,2026-09-18T06:51:23.664+00:00,True,75,75.0,,75.0,107395.49262,112039.752716,112039.752746,1493.8633699466668,38.412729,107395.49262,12393.721712149174,94.76554440000001,62.760271567567564,11.571947571646042,0.6694052618101638,22,64,,True,True,,222,87.6246207195492
80,2026-09-18T06:49:32.178+00:00,2026-09-18T06:51:21.205+00:00,2026-09-18T06:51:22.099+00:00,True,15,15.0,,15.0,109027.152184,109921.025336,109921.02534000001,7328.068356000001,37.63646,109027.152184,28134.206680944477,32774.5068277,63.848082285714284,12.403278157573638,0.13646160917939856,22,64,,True,True,,94,87.6246207195492
81,2026-09-18T06:49:32.635+00:00,2026-09-18T06:51:22.930+00:00,2026-09-18T06:51:28.754+00:00,True,93,93.0,,93.0,110295.284122,116119.48815399999,116119.488074,1248.5966459569893,40.945384,110295.284122,11430.528724255228,90.39319060000001,63.30656556521739,10.88891715135386,0.800899155503179,22,64,,True,True,,432,87.6246207195492
82,2026-09-18T06:49:33.143+00:00,2026-09-18T06:51:25.116+00:00,2026-09-18T06:51:27.607+00:00,True,41,41.0,,41.0,111973.02859199999,114463.24145599999,114463.24151299999,2791.7863783658536,39.860656999999996,111973.02859199999,17477.529437591766,91.158921,62.2553216,10.336731775537102,0.3581935954151755,22,64,,True,True,,146,87.6246207195492
83,2026-09-18T06:49:33.528+00:00,2026-09-18T06:51:26.661+00:00,2026-09-18T06:51:31.284+00:00,True,75,75.0,,75.0,113132.934448,117756.801072,117756.800821,1570.0906776133334,34.64994600000001,113132.934448,13056.257467496582,93.89791880000001,62.48468410810811,13.1627384128858,0.6369058883838291,22,64,,True,True,,259,87.6246207195492
84,2026-09-18T06:49:34.098+00:00,2026-09-18T06:51:28.879+00:00,2026-09-18T06:51:34.870+00:00,True,96,96.0,,96.0,114780.438133,120771.95224500001,120771.952285,1258.0411696354167,35.925294,114780.438133,11708.300454859358,93.56920425,63.068569600000004,13.71839081757732,0.7948865462177244,22,64,,True,True,,439,87.6246207195492
85,2026-09-18T06:49:34.468+00:00,2026-09-18T06:51:30.590+00:00,2026-09-18T06:51:32.372+00:00,True,29,29.0,,29.0,116122.281033,117904.686921,117904.68704500001,4065.6788636206898,40.395135,116122.281033,21551.548151059636,94.9735122,63.65735314285714,11.145981238674077,0.24596138421054414,22,64,,True,True,,107,87.6246207195492
86,2026-09-18T06:49:35.140+00:00,2026-09-18T06:51:33.128+00:00,2026-09-18T06:51:34.737+00:00,True,26,26.0,,26.0,117987.877534,119596.982686,119596.982726,4599.883951,39.319987,117987.877534,23126.708613690425,95.96193275,64.36420608,15.424837783759072,0.21739678891617684,22,64,,True,True,,116,87.6246207195492
87,2026-09-18T06:49:35.420+00:00,2026-09-18T06:51:34.419+00:00,2026-09-18T06:51:36.338+00:00,True,32,32.0,,32.0,118998.519761,120918.053329,120918.053378,3778.6891680625,36.167182999999994,118998.519761,21025.22242759699,93.29343635000001,61.92043767741936,12.24322298746582,0.26464203747088755,22,64,,True,True,,158,87.6246207195492
88,2026-09-18T06:49:35.971+00:00,2026-09-18T06:51:36.882+00:00,2026-09-18T06:51:41.865+00:00,True,82,82.0,,82.0,120910.747009,125893.376641,125893.376657,1535.285081182927,34.764515,120910.747009,13345.568943314454,86.5580287,61.51394607407408,10.01474340554411,0.651344829949496,22,64,,True,True,,430,87.6246207195492
89,2026-09-18T06:49:36.538+00:00,2026-09-18T06:51:39.465+00:00,2026-09-18T06:51:42.631+00:00,True,53,53.0,,53.0,122927.114064,126093.418576,126093.41842399999,2379.1211023396227,35.570344,122927.114064,16876.977096320436,79.924404,60.89047138461538,10.710189157464452,0.4203232856919922,22,64,,True,True,,291,87.6246207195492
90,2026-09-18T06:49:36.987+00:00,2026-09-18T06:51:40.865+00:00,2026-09-18T06:51:43.134+00:00,True,38,38.0,,38.0,123877.766542,126146.472846,126146.472904,3319.6440237894735,34.646916,123877.766542,20085.683667645117,87.6829434,61.3163865945946,11.430052980180594,0.30123711858666485,22,64,,True,True,,182,87.6246207195492
91,2026-09-18T06:49:37.340+00:00,2026-09-18T06:51:42.567+00:00,2026-09-18T06:51:45.437+00:00,True,48,48.0,,48.0,125226.908553,128096.991881,128096.99189,2668.6873310416668,36.188382,125226.908553,18066.13464303403,69.14292705,61.06560272340426,7.093285643022585,0.3747160592544687,22,64,,True,True,,215,87.6246207195492
92,2026-09-18T06:49:37.838+00:00,2026-09-18T06:51:44.388+00:00,2026-09-18T06:51:48.408+00:00,True,68,68.0,,68.0,126549.880742,130570.04970199999,130570.049581,1920.1477879558822,36.932472000000004,126549.880742,15339.153695471343,69.3384302,60.00252179104478,9.433999149801217,0.5207932458875247,22,64,,True,True,,349,87.6246207195492
93,2026-09-18T06:49:38.188+00:00,2026-09-18T06:51:45.444+00:00,2026-09-18T06:51:49.194+00:00,True,63,63.0,,63.0,127255.783902,131005.967838,131005.967832,2079.4598068571427,37.072051,127255.783902,16025.103643811333,70.77377719999998,60.48683767741936,9.028707493017281,0.48089412291434575,22,64,,True,True,,229,87.6246207195492
94,2026-09-18T06:49:38.787+00:00,2026-09-18T06:51:47.797+00:00,2026-09-18T06:51:49.732+00:00,True,33,33.0,,33.0,129009.116843,130944.615083,130944.615205,3968.0186425757574,37.360981,129009.116843,22447.077205382142,72.05427,60.48432,8.386644350499438,0.2520149452429392,22,64,,True,True,,151,87.6246207195492
95,2026-09-18T06:49:39.309+00:00,2026-09-18T06:51:49.379+00:00,2026-09-18T06:51:54.403+00:00,True,81,81.0,,81.0,130069.165037,135093.822957,135093.823081,1667.824976308642,37.643779,130069.165037,14445.15390756753,91.77404800000001,62.808224,9.600935048827587,0.5995832986811106,22,64,,True,True,,409,87.6246207195492
96,2026-09-18T06:49:39.808+00:00,2026-09-18T06:51:51.208+00:00,2026-09-18T06:51:51.208+00:00,True,1,1.0,,1.0,131399.934867,131399.934867,131399.934867,131399.934867,131399.934867,131399.934867,nan,131399.934867,nan,nan,0.007610353848441226,22,64,,True,True,,3,87.6246207195492
97,2026-09-18T06:49:40.346+00:00,2026-09-18T06:51:53.258+00:00,2026-09-18T06:51:57.428+00:00,True,70,70.0,,70.0,132911.895549,137081.266941,137081.266967,1958.3038138142858,37.728839,132911.895549,15878.791804667566,82.50270925000001,60.42567234782609,11.418241444466096,0.510645995343245,22,64,,True,True,,341,87.6246207195492
98,2026-09-18T06:49:40.764+00:00,2026-09-18T06:51:54.992+00:00,2026-09-18T06:51:58.977+00:00,True,68,68.0,,68.0,134227.283109,138212.739749,138212.73987000002,2032.5402922058825,35.346554,134227.283109,16270.238782079388,72.19916,59.48442746268657,10.481567625777679,0.491995167185679,22,64,,True,True,,298,87.6246207195492
99,2026-09-18T06:49:41.280+00:00,2026-09-18T06:51:57.132+00:00,2026-09-18T06:52:00.607+00:00,True,58,58.0,,58.0,135851.52903099998,139327.20723899998,139327.207362,2402.19323037931,36.800691,135851.52903099998,17830.175375512335,69.64075105,60.976810666666665,9.23117135759504,0.4162862455177731,22,64,,True,True,,324,87.6246207195492
100,2026-09-18T06:49:41.777+00:00,2026-09-18T06:51:58.920+00:00,2026-09-18T06:52:01.859+00:00,True,48,48.0,,48.0,137142.858934,140081.683126,140081.68308699998,2918.3683976458333,41.498883,137142.858934,19785.84320751684,81.5877171,62.52817429787234,8.390511325701432,0.3426572191942125,22,64,,True,True,,142,87.6246207195492
101,2026-09-18T06:49:42.269+00:00,2026-09-18T06:52:00.721+00:00,2026-09-18T06:52:06.847+00:00,True,99,99.0,,99.0,138452.65101300002,144577.80275700003,144577.80251700003,1460.3818436060608,30.825163,138452.65101300002,13908.738399174783,91.35436969999999,62.501548408163266,11.915417572585428,0.684752417813368,22,64,,True,True,,474,87.6246207195492
102,2026-09-18T06:49:42.777+00:00,2026-09-18T06:52:02.779+00:00,2026-09-18T06:52:05.903+00:00,True,51,51.0,,51.0,140002.252855,143126.672951,143126.673122,2806.4053553333333,40.013726000000005,140002.252855,19595.488153278136,79.480377,62.48840192,8.101036021556558,0.3563277127070512,22,64,,True,True,,198,87.6246207195492
103,2026-09-18T06:49:43.389+00:00,2026-09-18T06:52:04.815+00:00,2026-09-18T06:52:09.900+00:00,True,83,83.0,,83.0,141426.553239,146511.176343,146511.176453,1765.1948970240965,37.096961,141426.553239,15516.777898275304,89.2066735,62.00759882926829,9.959736308998071,0.5665096825493176,22,64,,True,True,,335,87.6246207195492
104,2026-09-18T06:49:43.881+00:00,2026-09-18T06:52:06.907+00:00,2026-09-18T06:52:12.692+00:00,True,95,95.0,,95.0,143026.44994800002,148811.45065200003,148811.45080700002,1566.4363242842107,34.994785,143026.44994800002,14667.893419315516,79.38362769999999,61.54256068085107,10.056494530047514,0.6383917338603218,22,64,,True,True,,397,87.6246207195492
105,2026-09-18T06:49:44.336+00:00,2026-09-18T06:52:08.815+00:00,2026-09-18T06:52:11.984+00:00,True,53,53.0,,53.0,144479.28970300002,147648.15498300001,147648.15497700003,2785.814244849057,38.965717,144479.28970300002,19837.387612926992,68.912453,60.93971692307692,8.080970242596896,0.35896147842892,22,64,,True,True,,225,87.6246207195492
106,2026-09-18T06:49:44.872+00:00,2026-09-18T06:52:10.680+00:00,2026-09-18T06:52:16.596+00:00,True,96,96.0,,96.0,145807.830796,151723.739404,151723.739411,1580.4556188645834,36.070392999999996,145807.830796,14875.097488529902,87.71096125,62.27272218947368,10.628225719013555,0.6327289346881804,22,64,,True,True,,366,87.6246207195492
107,2026-09-18T06:49:45.310+00:00,2026-09-18T06:52:12.688+00:00,2026-09-18T06:52:13.263+00:00,True,9,9.0,,9.0,147378.179491,147952.55849899998,147952.55855999998,16439.173173333333,57.534343,147378.179491,49102.12961953851,88466.55263660001,71.797376,15.892411439616474,0.06083031000819653,22,64,,True,True,,54,87.6246207195492
108,2026-09-18T06:49:45.762+00:00,2026-09-18T06:52:14.204+00:00,2026-09-18T06:52:14.767+00:00,True,10,10.0,,10.0,148442.076539,149004.650875,149004.651001,14900.4651001,42.006582,148442.076539,46921.74036895849,81679.573007,62.508259555555554,10.139635804835683,0.06711199913074527,22,64,,True,True,,50,87.6246207195492
109,2026-09-18T06:49:46.362+00:00,2026-09-18T06:52:16.716+00:00,2026-09-18T06:52:22.192+00:00,True,86,86.0,,86.0,150353.39783700003,155829.47361300004,155829.47345900003,1811.9706216162795,36.984500999999995,150353.39783700003,16206.08225021389,96.12989824999998,64.42442089411765,13.387685774299054,0.5518853269926305,22,64,,True,True,,314,87.6246207195492
110,2026-09-18T06:49:46.714+00:00,2026-09-18T06:52:18.045+00:00,2026-09-18T06:52:23.361+00:00,True,84,84.0,,84.0,151330.855178,156646.577162,156646.57703,1864.8402027380953,34.822115,151330.855178,16504.56645497067,92.97539410000002,64.04484318072289,12.05268308213226,0.5362389751620892,22,64,,True,True,,431,87.6246207195492
111,2026-09-18T06:49:47.154+00:00,2026-09-18T06:52:19.664+00:00,2026-09-18T06:52:23.207+00:00,True,57,57.0,,57.0,152509.761272,156053.31788000002,156053.317787,2737.777505035088,35.398644999999995,152509.761272,20192.032269000934,85.52553640000001,63.277796571428574,9.640694442743328,0.3652597764299454,22,64,,True,True,,262,87.6246207195492
112,2026-09-18T06:49:47.552+00:00,2026-09-18T06:52:21.258+00:00,2026-09-18T06:52:23.864+00:00,True,42,42.0,,42.0,153705.88110499998,156312.183057,156312.18321699998,3721.7186480238092,37.21035,153705.88110499998,23707.526230496613,90.28413504999999,63.568340292682926,11.403257624984201,0.268693067799357,22,64,,True,True,,195,87.6246207195492
113,2026-09-18T06:49:47.987+00:00,2026-09-18T06:52:22.856+00:00,2026-09-18T06:52:26.481+00:00,True,58,58.0,,58.0,154869.007519,158493.391007,158493.390973,2732.644671948276,34.731375,154869.007519,20326.950445628223,89.91907185,63.58567522807018,10.601087686270889,0.36594585825624987,22,64,,True,True,,284,87.6246207195492
114,2026-09-18T06:49:48.789+00:00,2026-09-18T06:52:24.622+00:00,2026-09-18T06:52:30.463+00:00,True,94,94.0,,94.0,155833.143786,161674.436842,161674.436997,1719.9408191170212,34.341605,155833.143786,16066.48598995704,75.80878489999999,62.80960275268817,9.483482426445201,0.5814153544376568,22,64,,True,True,,498,87.6246207195492
115,2026-09-18T06:49:48.882+00:00,2026-09-18T06:52:25.543+00:00,2026-09-18T06:52:27.554+00:00,True,33,33.0,,33.0,156660.960452,158671.658948,158671.659164,4808.232095878788,42.498921,156660.960452,27260.235764912577,82.4629846,62.834328,7.662901204604916,0.2079766495087493,22,64,,True,True,,156,87.6246207195492
116,2026-09-18T06:49:49.334+00:00,2026-09-18T06:52:27.923+00:00,2026-09-18T06:52:29.228+00:00,True,22,22.0,,22.0,158588.654679,159893.870423,159893.870547,7267.903206681818,40.940334,158588.654679,33797.96597650442,106.48932715000001,62.15313066666666,12.738667021886982,0.13759126564263469,22,64,,True,True,,111,87.6246207195492
117,2026-09-18T06:49:49.890+00:00,2026-09-18T06:52:29.792+00:00,2026-09-18T06:52:35.974+00:00,True,98,98.0,,98.0,159902.725368,166084.666872,166084.666976,1694.7414997551023,37.59803,159902.725368,16146.181981624002,93.90894420000001,63.73135571134021,13.187184382632205,0.590060490505892,22,64,,True,True,,373,87.6246207195492
118,2026-09-18T06:49:50.361+00:00,2026-09-18T06:52:31.684+00:00,2026-09-18T06:52:36.195+00:00,True,70,70.0,,70.0,161323.59203200002,165834.41008,165834.410184,2369.0630026285717,34.189116999999996,161323.59203200002,19274.049218467168,98.83727565000001,65.37417460869565,14.894060069493504,0.4221078120411281,22,64,,True,True,,307,87.6246207195492
119,2026-09-18T06:49:50.766+00:00,2026-09-18T06:52:33.437+00:00,2026-09-18T06:52:35.459+00:00,True,33,33.0,,33.0,162670.67004300002,164692.95356300002,164692.953424,4990.695558303031,38.601428999999996,162670.67004300002,28306.331462678427,99.7743044,63.19636,14.509145403768818,0.20037287137106632,22,64,,True,True,,182,87.6246207195492
120,2026-09-18T06:49:51.146+00:00,2026-09-18T06:52:35.255+00:00,2026-09-18T06:52:37.859+00:00,True,40,40.0,,40.0,164108.943154,166713.05400200002,166713.05415100002,4167.826353775,38.324098,164108.943154,25937.349511784603,104.80640679999999,66.77207302564102,16.094906073644903,0.23993322082336835,22,64,,True,True,,184,87.6246207195492
121,2026-09-18T06:49:51.648+00:00,2026-09-18T06:52:36.909+00:00,2026-09-18T06:52:42.763+00:00,True,93,93.0,,93.0,165260.978838,171114.698646,171114.69839900002,1839.9429935376345,36.244172,165260.978838,17130.1718558949,90.69288099999999,63.627389217391304,12.485512515616774,0.54349509852685,22,64,,True,True,,408,87.6246207195492
122,2026-09-18T06:49:52.155+00:00,2026-09-18T06:52:38.820+00:00,2026-09-18T06:52:44.215+00:00,True,87,87.0,,87.0,166665.088731,172059.611611,172059.611547,1977.6966844482758,36.728911999999994,166665.088731,17861.651012576072,89.82203959999998,62.727010232558136,10.376589699591117,0.5056387096624015,22,64,,True,True,,198,87.6246207195492
123,2026-09-18T06:49:52.494+00:00,2026-09-18T06:52:40.300+00:00,2026-09-18T06:52:44.153+00:00,True,61,61.0,,61.0,167805.860899,171658.277411,171658.277359,2814.070120639344,36.951791,167805.860899,21477.12100402787,94.17786500000003,64.20694186666667,11.440797857499664,0.35535717193496125,22,64,,True,True,,327,87.6246207195492
124,2026-09-18T06:49:53.015+00:00,2026-09-18T06:52:42.419+00:00,2026-09-18T06:52:46.587+00:00,True,68,68.0,,68.0,169404.20563100002,173572.876863,173572.87679,2552.5423057352946,36.088862,169404.20563100002,20535.735511611667,91.42364140000001,62.2189736119403,11.590514240889815,0.39176627840115813,22,64,,True,True,,196,87.6246207195492
125,2026-09-18T06:49:53.606+00:00,2026-09-18T06:52:44.524+00:00,2026-09-18T06:52:45.348+00:00,True,15,15.0,,15.0,170917.955847,171742.253063,171742.25326,11449.483550666668,37.89083,170917.955847,44115.62535260779,51327.201623500005,58.87837257142858,10.894494987805437,0.08734018409842083,22,64,,True,True,,57,87.6246207195492
126,2026-09-18T06:49:54.068+00:00,2026-09-18T06:52:46.133+00:00,2026-09-18T06:52:49.670+00:00,True,56,56.0,,56.0,172064.758441,175602.56324100003,175602.56339300002,3135.760060589286,37.944629,172064.758441,22984.52881048445,96.26299574999999,64.32372363636364,13.538589958007694,0.31890195089660867,22,64,,True,True,,199,87.6246207195492
127,2026-09-18T06:49:54.670+00:00,2026-09-18T06:52:48.742+00:00,2026-09-18T06:52:51.384+00:00,True,44,44.0,,44.0,174071.452419,176713.495555,176713.495364,4016.215803727273,36.345202,174071.452419,26232.998282891356,77.81418415,61.44286362790698,11.131261479143,0.24899060403853263,22,64,,True,True,,191,87.6246207195492
128,2026-09-18T06:49:55.010+00:00,2026-09-18T06:52:49.905+00:00,2026-09-18T06:52:53.597+00:00,True,59,59.0,,59.0,174894.523874,178586.228962,178586.22890800002,3026.8852357288138,37.264981,174894.523874,22761.04439655394,96.53998299999999,63.65008772413793,12.424073559425254,0.3303726179948296,22,64,,True,True,,331,87.6246207195492
129,2026-09-18T06:49:55.571+00:00,2026-09-18T06:52:52.241+00:00,2026-09-18T06:52:55.103+00:00,True,45,45.0,,45.0,176670.715162,179532.080154,179532.08002700002,3989.601778377778,43.613008,176670.715162,26326.824019743388,97.30263240000001,65.03102254545455,12.761623471101469,0.2506515824993486,22,64,,True,True,,197,87.6246207195492
130,2026-09-18T06:49:55.981+00:00,2026-09-18T06:52:53.654+00:00,2026-09-18T06:52:57.698+00:00,True,62,62.0,,62.0,177672.532472,181716.902136,181716.902237,2930.917778016129,39.297447,177672.532472,22556.01803896132,97.54195555000003,66.30114203278688,13.719947227202116,0.3411900559123452,22,64,,True,True,,265,87.6246207195492
131,2026-09-18T06:49:56.413+00:00,2026-09-18T06:52:55.479+00:00,2026-09-18T06:52:57.176+00:00,True,27,27.0,,27.0,179065.486018,180762.779586,180762.779659,6694.917765148148,42.83366,179065.486018,34448.60832588406,104.1918735,65.28052184615385,13.952880245561447,0.14936703264819204,22,64,,True,True,,117,87.6246207195492
132,2026-09-18T06:49:56.832+00:00,2026-09-18T06:52:57.111+00:00,2026-09-18T06:53:01.798+00:00,True,75,75.0,,75.0,180279.20988299997,184966.01513099996,184966.01514799998,2466.2135353066665,41.447432,180279.20988299997,20809.539399693153,93.36207269999998,63.335206054054055,10.570280323482375,0.40547989287049374,22,64,,True,True,,329,87.6246207195492
133,2026-09-18T06:49:57.313+00:00,2026-09-18T06:52:58.911+00:00,2026-09-18T06:53:03.051+00:00,True,68,68.0,,68.0,181598.59712700002,185738.51059900003,185738.510714,2731.4486869705884,34.602126,181598.59712700002,22014.57409607952,72.50320665000001,61.78975331343283,10.7272177558774,0.3661060906577879,22,64,,True,True,,267,87.6246207195492
134,2026-09-18T06:49:57.817+00:00,2026-09-18T06:53:00.524+00:00,2026-09-18T06:53:01.473+00:00,True,16,16.0,,16.0,182706.795276,183655.695628,183655.695403,11478.4809626875,57.984782,182706.795276,45660.88392250606,45729.79782749999,63.26002346666667,3.214752526224727,0.08711954151647151,22,64,,True,True,,70,87.6246207195492
135,2026-09-18T06:49:58.304+00:00,2026-09-18T06:53:02.648+00:00,2026-09-18T06:53:07.515+00:00,True,82,82.0,,82.0,184344.795394,189211.433218,189211.43319299998,2307.4565023536584,35.286224000000004,184344.795394,20350.844116968976,68.21428655000001,60.08194844444445,9.030521203574997,0.43337761680354525,22,64,,True,True,,389,87.6246207195492
136,2026-09-18T06:49:58.649+00:00,2026-09-18T06:53:04.110+00:00,2026-09-18T06:53:04.603+00:00,True,9,9.0,,9.0,185460.44983199998,185953.82327199998,185953.8233,20661.53592222222,57.248073,185460.44983199998,61799.592776297985,111302.2853828,61.67168,2.9144455951948833,0.04839911243360371,22,64,,True,True,,45,87.6246207195492
137,2026-09-18T06:49:59.005+00:00,2026-09-18T06:53:05.386+00:00,2026-09-18T06:53:06.926+00:00,True,27,27.0,,27.0,186380.845415,187921.16976699998,187921.169807,6960.043326185185,39.295746,186380.845415,35857.61006991054,73.9739166,59.2432443076923,8.695731063677915,0.14367726655531576,22,64,,True,True,,87,87.6246207195492
138,2026-09-18T06:49:59.517+00:00,2026-09-18T06:53:07.272+00:00,2026-09-18T06:53:07.633+00:00,True,7,7.0,,7.0,187755.716764,188116.050076,188116.04998100002,26873.721425857144,40.943084000000006,187755.716764,70942.29368670807,131456.6181952,60.055552,18.474597618588135,0.037211072618056555,22,64,,True,True,,30,87.6246207195492
139,2026-09-18T06:49:59.993+00:00,2026-09-18T06:53:09.253+00:00,2026-09-18T06:53:10.490+00:00,True,22,22.0,,22.0,189259.62556299998,190496.50057099998,190496.50059299998,8658.931845136363,39.893305999999995,189259.62556299998,40337.73143920431,70.08750119999999,58.898809904761904,9.020956777112957,0.11548768577930058,22,64,,True,True,,87,87.6246207195492
140,2026-09-18T06:50:00.370+00:00,2026-09-18T06:53:10.711+00:00,2026-09-18T06:53:13.867+00:00,True,52,52.0,,52.0,190341.158395,193497.162235,193497.16209,3721.0992709615384,36.344572,190341.158395,26386.989589618588,79.70330574999998,61.88242823529412,9.453262064316666,0.2687377912904305,22,64,,True,True,,178,87.6246207195492
141,2026-09-18T06:50:00.829+00:00,2026-09-18T06:53:12.239+00:00,2026-09-18T06:53:15.827+00:00,True,57,57.0,,57.0,191409.672378,194997.61401,194997.613956,3421.0107711578944,38.132999000000005,191409.672378,25344.347103272645,93.9070406,64.07038628571428,12.403901432983576,0.29231126898340865,22,64,,True,True,,124,87.6246207195492
142,2026-09-18T06:50:01.190+00:00,2026-09-18T06:53:13.454+00:00,2026-09-18T06:53:16.250+00:00,True,45,45.0,,45.0,192263.824114,195059.71275399998,195059.712862,4334.660285822222,36.695211,192263.824114,28651.528824404217,93.3704254,63.54292363636363,12.241515284390188,0.2306985864208252,22,64,,True,True,,142,87.6246207195492
143,2026-09-18T06:50:02.624+00:00,2026-09-18T06:53:16.737+00:00,2026-09-18T06:53:20.408+00:00,True,59,59.0,,59.0,194112.816898,197783.250434,197783.25044099998,3352.2584820508473,37.906139,194112.816898,25263.100324797007,94.3766339,63.283336827586204,12.155963823799095,0.2983063523859328,22,64,,True,True,,255,87.6246207195492
144,2026-09-18T06:50:02.730+00:00,2026-09-18T06:53:17.022+00:00,2026-09-18T06:53:21.823+00:00,True,78,78.0,,78.0,194291.99869,199092.257506,199092.257512,2552.464839897436,31.840251,194291.99869,21992.18230692689,95.4393177,62.34102358441559,13.736738214678315,0.3917781684586571,22,64,,True,True,,373,87.6246207195492
145,2026-09-18T06:50:02.756+00:00,2026-09-18T06:53:17.775+00:00,2026-09-18T06:53:17.864+00:00,True,2,2.0,,2.0,195019.67687999998,195108.328912,195108.32885499997,97554.16442749999,88.65197500000001,195019.67687999998,137837.04957396927,185273.12563474997,88.652032,nan,0.0102507156468039,22,64,,True,True,,5,87.6246207195492
146,2026-09-18T06:50:03.070+00:00,2026-09-18T06:53:21.468+00:00,2026-09-18T06:53:25.361+00:00,True,63,63.0,,63.0,198397.21289300002,202290.17596500003,202290.17583000002,3210.955171904762,33.687467,198397.21289300002,24987.793414636337,101.74790580000001,62.789726967741935,15.674942726446401,0.3114338088810609,22,64,,True,True,,239,87.6246207195492
147,2026-09-18T06:50:03.552+00:00,2026-09-18T06:53:23.011+00:00,2026-09-18T06:53:27.651+00:00,True,74,74.0,,74.0,199459.77920699999,204099.57543099998,204099.57546,2758.102371081081,37.084309999999995,199459.77920699999,23179.343567381107,95.9098788,63.55885238356164,13.323568784190655,0.36256812315132525,22,64,,True,True,,230,87.6246207195492
148,2026-09-18T06:50:04.036+00:00,2026-09-18T06:53:25.241+00:00,2026-09-18T06:53:27.057+00:00,True,30,30.0,,30.0,201204.344317,203020.782845,203020.782643,6767.359421433333,38.634868000000004,201204.344317,36723.28533149497,92.83838215,62.63581131034483,11.245120719512292,0.14776812294583683,22,64,,True,True,,136,87.6246207195492
149,2026-09-18T06:50:04.434+00:00,2026-09-18T06:53:26.604+00:00,2026-09-18T06:53:30.171+00:00,True,59,59.0,,59.0,202170.421392,205737.41864,205737.41853899998,3487.0748904915254,35.082374,202170.421392,26312.342895160567,91.0355578,61.499952551724135,11.600758814099885,0.2867733074032507,22,64,,True,True,,207,87.6246207195492
150,2026-09-18T06:50:04.779+00:00,2026-09-18T06:53:27.906+00:00,2026-09-18T06:53:29.643+00:00,True,30,30.0,,30.0,203126.720998,204864.397542,204864.397462,6828.813248733333,40.530424,203126.720998,37074.756508064645,68.33337145,59.919880827586205,6.919547250219142,0.14643832876744528,22,64,,True,True,,107,87.6246207195492
151,2026-09-18T06:50:05.299+00:00,2026-09-18T06:53:29.646+00:00,2026-09-18T06:53:32.423+00:00,True,46,46.0,,46.0,204346.153928,207123.4242,207123.42423,4502.683135434783,36.844131000000004,204346.153928,30120.09879359907,84.9608035,61.717117155555556,10.58416857725175,0.22208980069575346,22,64,,True,True,,184,87.6246207195492
152,2026-09-18T06:50:05.723+00:00,2026-09-18T06:53:31.520+00:00,2026-09-18T06:53:35.027+00:00,True,58,58.0,,58.0,205796.660679,209304.04269499998,209304.04265699998,3608.6903906379307,37.26072,205796.660679,27014.348010111094,90.98908085000001,61.533017824561405,11.204657691561872,0.27710883771374734,22,64,,True,True,,218,87.6246207195492
153,2026-09-18T06:50:06.192+00:00,2026-09-18T06:53:33.685+00:00,2026-09-18T06:53:34.759+00:00,True,18,18.0,,18.0,207493.44966800002,208567.26650000003,208567.26659200003,11587.070366222222,42.45525,207493.44966800002,48891.78788979272,31204.771107750003,63.165696,10.614260932896647,0.08630309205303795,22,64,,True,True,,58,87.6246207195492
154,2026-09-18T06:50:06.657+00:00,2026-09-18T06:53:35.183+00:00,2026-09-18T06:53:39.846+00:00,True,75,75.0,,75.0,208526.130448,213189.23777600002,213189.237706,2842.5231694133336,38.689178,208526.130448,24071.25000517656,91.43604239999999,63.01496389189189,11.766332083232577,0.3518001226628673,22,64,,True,True,,373,87.6246207195492
155,2026-09-18T06:50:07.261+00:00,2026-09-18T06:53:37.663+00:00,2026-09-18T06:53:39.848+00:00,True,36,36.0,,36.0,210401.98109000002,212586.41910600002,212586.41900800003,5905.178305777778,35.489973,210401.98109000002,35056.59646201845,91.65800125,62.41251474285714,11.073688719106418,0.1693428966506541,22,64,,True,True,,188,87.6246207195492
156,2026-09-18T06:50:07.849+00:00,2026-09-18T06:53:39.985+00:00,2026-09-18T06:53:45.748+00:00,True,94,94.0,,94.0,212136.193766,217899.73015000002,217899.73012000002,2318.0822353191493,38.152279,212136.193766,21873.78825483592,89.3459304,61.97350950537635,10.721147222099011,0.43139108036201484,22,64,,True,True,,372,87.6246207195492
157,2026-09-18T06:50:08.391+00:00,2026-09-18T06:53:41.881+00:00,2026-09-18T06:53:47.546+00:00,True,91,91.0,,91.0,213489.882324,219154.907604,219154.907723,2408.295689263736,36.491532,213489.882324,22373.224536871887,90.33742099999999,62.94472533333334,10.18774854367526,0.4152314041008455,22,64,,True,True,,398,87.6246207195492
158,2026-09-18T06:50:08.972+00:00,2026-09-18T06:53:44.032+00:00,2026-09-18T06:53:49.647+00:00,True,88,88.0,,88.0,215059.609398,220674.644022,220674.64397,2507.66640875,0.02019,215059.609398,22918.56158330805,92.94210305,64.54062786206896,21.796833909152657,0.3987771245310218,22,64,,True,True,,335,87.6246207195492
159,2026-09-18T06:50:09.528+00:00,2026-09-18T06:53:46.130+00:00,2026-09-18T06:53:46.801+00:00,True,11,11.0,,11.0,216601.738875,217272.92812300002,217272.928301,19752.084391,59.401149,216601.738875,65287.645084918855,108347.80811999999,67.1189248,9.943362908078543,0.05062756826185363,22,64,,True,True,,43,87.6246207195492
160,2026-09-18T06:50:09.927+00:00,2026-09-18T06:53:47.885+00:00,2026-09-18T06:53:50.159+00:00,True,37,37.0,,37.0,217957.959062,220232.41359,220232.413584,5952.227394162162,0.02016,217957.959062,35821.69522841683,115.7692682,63.17929244444445,32.22850535339576,0.1680043341344012,22,64,,True,True,,143,87.6246207195492
161,2026-09-18T06:50:10.375+00:00,2026-09-18T06:53:49.908+00:00,2026-09-18T06:53:55.049+00:00,True,84,84.0,,84.0,219532.729511,224673.90173500002,224673.901749,2674.6893065357144,39.372657,219532.729511,23946.229155584664,90.6662183,61.94183402409639,12.115475059912802,0.3738752002405554,22,64,,True,True,,416,87.6246207195492
162,2026-09-18T06:50:10.959+00:00,2026-09-18T06:53:51.903+00:00,2026-09-18T06:53:57.560+00:00,True,91,91.0,,91.0,220943.98518000002,226600.62876400002,226600.62868500003,2490.1167987362637,33.429938,220943.98518000002,23154.63674180712,89.43525799999999,62.85159537777778,10.681195886954265,0.4015875882444027,22,64,,True,True,,339,87.6246207195492
163,2026-09-18T06:50:11.347+00:00,2026-09-18T06:53:53.561+00:00,2026-09-18T06:53:56.493+00:00,True,48,48.0,,48.0,222214.710026,225146.038794,225146.03870799998,4690.542473083333,37.887869,222214.710026,32064.93055205313,89.91882874999999,62.36869719148936,11.547236092751394,0.21319495673613945,22,64,,True,True,,228,87.6246207195492
164,2026-09-18T06:50:11.871+00:00,2026-09-18T06:53:55.488+00:00,2026-09-18T06:53:55.547+00:00,True,2,2.0,,2.0,223616.413748,223675.63473999998,223675.63458699998,111837.81729349999,59.220839,223616.413748,158078.80708898304,212438.55410254997,59.220992,nan,0.008941519277791679,22,64,,True,True,,12,87.6246207195492
165,2026-09-18T06:50:12.243+00:00,2026-09-18T06:53:56.873+00:00,2026-09-18T06:54:00.174+00:00,True,54,54.0,,54.0,224629.225772,227930.463532,227930.463431,4220.934507981481,39.619675,224629.225772,30559.691081282588,84.44948749999999,62.28750490566038,9.774229805646923,0.23691436047300776,22,64,,True,True,,202,87.6246207195492
166,2026-09-18T06:50:12.783+00:00,2026-09-18T06:53:58.729+00:00,2026-09-18T06:54:00.906+00:00,True,36,36.0,,36.0,225946.02912,228123.362112,228123.36225399998,6336.760062611111,34.030595999999996,225946.02912,37647.30499996441,89.91404899999999,62.209514057142854,11.589704903005979,0.15780935221498862,22,64,,True,True,,134,87.6246207195492
167,2026-09-18T06:50:13.183+00:00,2026-09-18T06:54:00.424+00:00,2026-09-18T06:54:03.992+00:00,True,58,58.0,,58.0,227241.378835,230808.90139500002,230808.901416,3979.4638175172418,36.659772,227241.378835,29830.038739810123,89.79326255,62.5881150877193,11.316932006665791,0.2512901350400711,22,64,,True,True,,266,87.6246207195492
168,2026-09-18T06:50:13.516+00:00,2026-09-18T06:54:01.943+00:00,2026-09-18T06:54:02.272+00:00,True,6,6.0,,6.0,228427.433906,228755.855026,228755.855171,38125.97586183333,58.848468999999994,228427.433906,93228.29406061895,171339.19744475,65.684224,6.0577355486577655,0.026228836850178325,22,64,,True,True,,21,87.6246207195492
169,2026-09-18T06:50:14.068+00:00,2026-09-18T06:54:03.663+00:00,2026-09-18T06:54:06.897+00:00,True,54,54.0,,54.0,229595.119084,232829.462764,232829.462879,4311.656719981482,36.019542,229595.119084,31235.63554549966,77.35579804999999,61.02535245283019,10.574291879858627,0.2319294103029192,22,64,,True,True,,293,87.6246207195492
170,2026-09-18T06:50:14.566+00:00,2026-09-18T06:54:05.574+00:00,2026-09-18T06:54:09.361+00:00,True,59,59.0,,59.0,231007.77401499997,234794.77382299997,234794.773795,3979.572437203389,37.051001,231007.77401499997,30066.15339831987,95.5487124,65.29310013793103,14.22858719272871,0.25128327619624596,22,64,,True,True,,298,87.6246207195492
171,2026-09-18T06:50:15.153+00:00,2026-09-18T06:54:07.861+00:00,2026-09-18T06:54:10.642+00:00,True,46,46.0,,46.0,232707.809357,235488.718157,235488.71807,5119.319958043478,37.945329,232707.809357,34301.78563265244,89.96681875,61.79797333333334,13.564297272598855,0.19533844491578517,22,64,,True,True,,170,87.6246207195492
172,2026-09-18T06:50:15.665+00:00,2026-09-18T06:54:09.899+00:00,2026-09-18T06:54:15.110+00:00,True,85,85.0,,85.0,234233.941136,239444.849296,239444.84937,2816.998227882353,36.693791,234233.941136,25399.51188012908,89.0183756,62.034620952380955,11.190785649988351,0.3549877988602027,22,64,,True,True,,460,87.6246207195492
173,2026-09-18T06:50:16.126+00:00,2026-09-18T06:54:11.651+00:00,2026-09-18T06:54:17.532+00:00,True,95,95.0,,95.0,235524.429927,241405.87530299998,241405.875476,2541.1144786947366,34.449295,235524.429927,24157.880295729672,92.644654,62.568567829787234,12.196986732777876,0.39352811890249556,22,64,,True,True,,482,87.6246207195492
175,2026-09-18T06:50:17.264+00:00,2026-09-18T06:54:14.671+00:00,2026-09-18T06:54:19.722+00:00,True,80,80.0,,80.0,237407.17125,242457.65803400002,242457.658036,3030.7207254500004,36.757941,237407.17125,26535.783463815897,92.951562,63.9302124556962,11.395388289766455,0.32995451927025354,22,64,,True,True,,235,87.6246207195492
174,2026-09-18T06:50:17.218+00:00,2026-09-18T06:54:15.290+00:00,2026-09-18T06:54:18.818+00:00,True,56,56.0,,56.0,238071.530649,241600.063385,241600.063203,4314.286842910714,39.627296,238071.530649,31805.075773959285,95.906065,64.15514065454546,12.449310610397045,0.23178801865942233,22,64,,True,True,,279,87.6246207195492
176,2026-09-18T06:50:17.365+00:00,2026-09-18T06:54:16.457+00:00,2026-09-18T06:54:18.139+00:00,True,26,26.0,,26.0,239092.244163,240773.77120299998,240773.77129499998,9260.529665192307,56.414135,239092.244163,46876.65774022683,106.407059,67.2610816,13.468776414608321,0.10798518405926785,22,64,,True,True,,109,87.6246207195492
177,2026-09-18T06:50:17.698+00:00,2026-09-18T06:54:17.943+00:00,2026-09-18T06:54:22.295+00:00,True,70,70.0,,70.0,240245.325155,244597.382243,244597.382198,3494.248317114286,34.831455,240245.325155,28707.27113586707,76.39063134999999,63.07329113043478,8.525395406947544,0.2861845836537087,22,64,,True,True,,431,87.6246207195492
178,2026-09-18T06:50:18.112+00:00,2026-09-18T06:54:19.788+00:00,2026-09-18T06:54:24.315+00:00,True,73,73.0,,73.0,241675.71961700002,246202.78752100002,246202.78767200003,3372.640927013699,39.713105999999996,241675.71961700002,28278.64630017497,84.79455559999998,62.87594311111111,10.437633077185229,0.29650354788843897,22,64,,True,True,,320,87.6246207195492
179,2026-09-18T06:50:18.685+00:00,2026-09-18T06:54:22.065+00:00,2026-09-18T06:54:23.478+00:00,True,24,24.0,,24.0,243379.42286199998,244792.421262,244792.42117599997,10199.684215666666,39.647535000000005,243379.42286199998,49667.07775349879,98.5742259,61.43471304347826,12.067562491656155,0.0980422509662296,22,64,,True,True,,112,87.6246207195492
180,2026-09-18T06:50:19.057+00:00,2026-09-18T06:54:23.542+00:00,2026-09-18T06:54:27.648+00:00,True,66,66.0,,66.0,244485.51384099998,248591.69265699998,248591.69262299998,3766.5407973181814,38.880807,244485.51384099998,30086.312185903753,90.70561525,63.17198178461538,10.185944413809404,0.26549559759852875,22,64,,True,True,,184,87.6246207195492
181,2026-09-18T06:50:19.396+00:00,2026-09-18T06:54:25.101+00:00,2026-09-18T06:54:28.697+00:00,True,56,56.0,,56.0,245705.044297,249301.03584899998,249301.035974,4451.804213821429,37.011300000000006,245705.044297,32824.983133539754,93.72327999999999,65.38166458181817,12.889858515795888,0.2246280277548419,22,64,,True,True,,226,87.6246207195492
182,2026-09-18T06:50:19.853+00:00,2026-09-18T06:54:26.670+00:00,2026-09-18T06:54:28.194+00:00,True,24,24.0,,24.0,246816.818653,248340.206557,248340.206371,10347.508598791666,42.094011,246816.818653,50367.75467360513,101.31859055,66.23425669565218,16.37648769826416,0.0966416205121881,22,64,,True,True,,74,87.6246207195492
183,2026-09-18T06:50:20.402+00:00,2026-09-18T06:54:28.755+00:00,2026-09-18T06:54:33.778+00:00,True,82,82.0,,82.0,248352.723162,253376.11874600002,253376.118587,3089.952665695122,34.962784,248352.723162,27419.12312204136,76.3170342,62.017229432098766,9.293368533697892,0.3236295528001275,22,64,,True,True,,417,87.6246207195492
184,2026-09-18T06:50:20.869+00:00,2026-09-18T06:54:30.533+00:00,2026-09-18T06:54:33.009+00:00,True,41,41.0,,41.0,249663.722716,252139.603676,252139.60355,6149.74642804878,40.237265,249663.722716,38981.257219997984,79.83011,61.897024,9.492624031524223,0.16260833047348286,22,64,,True,True,,196,87.6246207195492
185,2026-09-18T06:50:21.201+00:00,2026-09-18T06:54:31.650+00:00,2026-09-18T06:54:37.360+00:00,True,92,92.0,,92.0,250449.782275,256159.721219,256159.721255,2784.34479625,39.231775999999996,250449.782275,26104.65502142001,90.77969819999998,62.7465818021978,10.28525864189159,0.3591509217850294,22,64,,True,True,,290,87.6246207195492
186,2026-09-18T06:50:21.668+00:00,2026-09-18T06:54:33.353+00:00,2026-09-18T06:54:35.745+00:00,True,40,40.0,,40.0,251685.810417,254077.094897,254077.09496,6351.927374,41.009974,251685.810417,39785.326745278435,68.73653929999999,61.31498666666666,7.6307249552095335,0.15743253053257536,22,64,,True,True,,225,87.6246207195492
187,2026-09-18T06:50:22.217+00:00,2026-09-18T06:54:35.619+00:00,2026-09-18T06:54:41.201+00:00,True,89,89.0,,89.0,253402.24259900002,258984.43984700003,258984.43971700003,2909.9375249101126,37.014401,253402.24259900002,26853.862786322818,96.92278719999999,63.434059636363635,12.308286119315845,0.34364998936839,22,64,,True,True,,406,87.6246207195492
188,2026-09-18T06:50:22.781+00:00,2026-09-18T06:54:37.717+00:00,2026-09-18T06:54:39.198+00:00,True,25,25.0,,25.0,254936.020782,256416.99819,256416.998228,10256.67992912,38.161969,254936.020782,50974.863505815316,85.5395242,61.707392,9.386102467770232,0.0974974365056543,22,64,,True,True,,104,87.6246207195492
189,2026-09-18T06:50:23.384+00:00,2026-09-18T06:54:40.038+00:00,2026-09-18T06:54:40.891+00:00,True,15,15.0,,15.0,256654.07195800002,257506.648726,257506.64866200002,17167.1099108,36.200273,256654.07195800002,66252.07296081353,77044.0168335,60.89834057142858,7.694553040722346,0.05825092312843833,22,64,,True,True,,72,87.6246207195492
190,2026-09-18T06:50:23.719+00:00,2026-09-18T06:54:41.266+00:00,2026-09-18T06:54:46.723+00:00,True,91,91.0,,91.0,257547.164557,263004.809357,263004.80937100004,2890.1627403406596,37.27474,257547.164557,26991.923126813967,68.909681,60.640497777777775,8.239701922449752,0.3460012774005115,22,64,,True,True,,420,87.6246207195492
191,2026-09-18T06:50:24.192+00:00,2026-09-18T06:54:42.898+00:00,2026-09-18T06:54:43.457+00:00,True,10,10.0,,10.0,258706.545094,259265.164742,259265.164788,25926.5164788,56.525314,258706.545094,81790.56495651203,142318.3129129,62.06884977777778,2.8072515279676034,0.03857055000023317,22,64,,True,True,,39,87.6246207195492
192,2026-09-18T06:50:24.541+00:00,2026-09-18T06:54:44.093+00:00,2026-09-18T06:54:45.326+00:00,True,21,21.0,,21.0,259552.328951,260785.542647,260785.542513,12418.359167285715,39.827946000000004,259552.328951,56625.506952344906,90.09348200000001,61.6606848,9.679356794066202,0.08052593631858518,22,64,,True,True,,83,87.6246207195492
193,2026-09-18T06:50:24.906+00:00,2026-09-18T06:54:45.326+00:00,2026-09-18T06:54:46.901+00:00,True,28,28.0,,28.0,260419.22375799998,261994.331854,261994.33175999997,9356.940419999999,40.865383,260419.22375799998,49203.58321292707,66.5572422,58.337336888888885,7.817880874837578,0.10687254110368842,22,64,,True,True,,88,87.6246207195492
194,2026-09-18T06:50:25.396+00:00,2026-09-18T06:54:47.109+00:00,2026-09-18T06:54:49.061+00:00,True,34,34.0,,34.0,261713.56355199998,263664.81987199996,263664.81997799996,7754.847646411764,37.29008,261713.56355199998,44873.36632343034,74.10026055,59.12897939393939,9.613211189081625,0.12895159853523808,22,64,,True,True,,186,87.6246207195492
195,2026-09-18T06:50:25.767+00:00,2026-09-18T06:54:48.317+00:00,2026-09-18T06:54:50.495+00:00,True,37,37.0,,37.0,262549.473536,264727.955968,264727.955898,7154.809618864865,38.060649,262549.473536,43152.920683234464,91.9447256,60.51340088888889,11.376174507043899,0.13976612279087183,22,64,,True,True,,223,87.6246207195492
196,2026-09-18T06:50:26.153+00:00,2026-09-18T06:54:49.797+00:00,2026-09-18T06:54:53.092+00:00,True,56,56.0,,56.0,263643.95381700003,266938.45519300003,266938.455169,4766.758128017857,35.666773,263643.95381700003,35222.902773696056,91.41975900000001,59.900025018181815,11.952962067702158,0.20978618445780417,22,64,,True,True,,216,87.6246207195492
197,2026-09-18T06:50:26.748+00:00,2026-09-18T06:54:52.110+00:00,2026-09-18T06:54:54.634+00:00,True,44,44.0,,44.0,265362.181264,267885.984656,267885.98473,6088.317834772728,35.137344,265362.181264,39996.006669601615,68.0602306,58.693102139534886,8.827186109357143,0.16424898098533094,22,64,,True,True,,214,87.6246207195492
198,2026-09-18T06:50:27.238+00:00,2026-09-18T06:54:53.888+00:00,2026-09-18T06:54:53.950+00:00,True,2,2.0,,2.0,266649.096511,266711.443519,266711.443595,133355.7217975,62.347084,266649.096511,188505.29829431066,253319.75903965,62.347008,nan,0.007498740862453935,22,64,,True,True,,4,87.6246207195492
199,2026-09-18T06:50:27.691+00:00,2026-09-18T06:54:55.402+00:00,2026-09-18T06:54:59.615+00:00,True,67,67.0,,67.0,267710.712231,271923.837607,271923.837714,4058.564742,39.662546,267710.712231,32698.272515119297,92.48294130000002,63.83523296969697,12.274027140822758,0.24639252148549132,22,64,,True,True,,291,87.6246207195492
200,2026-09-18T06:50:28.265+00:00,2026-09-18T06:54:57.757+00:00,2026-09-18T06:54:59.836+00:00,True,34,34.0,,34.0,269492.607827,271571.354707,271571.354547,7987.392780794118,38.738977,269492.607827,46206.79921185835,93.5470619,62.9923296969697,11.375212386891025,0.12519729864986243,22,64,,True,True,,144,87.6246207195492
201,2026-09-18T06:50:28.722+00:00,2026-09-18T06:54:59.676+00:00,2026-09-18T06:55:01.323+00:00,True,27,27.0,,27.0,270954.54934100003,272601.279837,272601.27990200004,10096.343700074076,41.564432000000004,270954.54934100003,52133.03912067688,90.4548259,63.335788307692304,9.113299272463411,0.09904575655750575,22,64,,True,True,,132,87.6246207195492
202,2026-09-18T06:50:29.135+00:00,2026-09-18T06:55:01.248+00:00,2026-09-18T06:55:05.983+00:00,True,75,75.0,,75.0,272112.550176,276847.562272,276847.56215199997,3691.300828693333,38.004538999999994,272112.550176,31413.465049193455,94.096328,63.98664994594595,13.28720330081615,0.27090720750617714,22,64,,True,True,,524,87.6246207195492
203,2026-09-18T06:50:29.715+00:00,2026-09-18T06:55:03.211+00:00,2026-09-18T06:55:03.371+00:00,True,3,3.0,,3.0,273496.363551,273656.728863,273656.72902,91218.90967333334,67.77576300000001,273496.363551,157856.9060827768,246155.9861665,80.182656,17.546023217569502,0.010962639261473747,22,64,,True,True,,7,87.6246207195492
204,2026-09-18T06:50:30.200+00:00,2026-09-18T06:55:05.056+00:00,2026-09-18T06:55:07.630+00:00,True,43,43.0,,43.0,274856.341074,277430.393938,277430.393796,6451.869623162791,38.092518,274856.341074,41905.85381337628,69.1198961,61.28697295238096,8.925944335168088,0.15499383246959458,22,64,,True,True,,172,87.6246207195492
205,2026-09-18T06:50:30.719+00:00,2026-09-18T06:55:07.504+00:00,2026-09-18T06:55:10.009+00:00,True,41,41.0,,41.0,276785.300979,279290.782195,279290.782139,6811.97029607317,32.980138,276785.300979,43216.82157127853,94.930632,62.6370304,13.78119118658936,0.1468004052184362,22,64,,True,True,,179,87.6246207195492
206,2026-09-18T06:50:31.205+00:00,2026-09-18T06:55:09.087+00:00,2026-09-18T06:55:12.784+00:00,True,62,62.0,,62.0,277881.892566,281579.054038,281579.053901,4541.597643564516,35.645963,277881.892566,35283.33976022378,78.8990745,60.60920445901639,10.33793495615424,0.22018683247523413,22,64,,True,True,,352,87.6246207195492
207,2026-09-18T06:50:31.790+00:00,2026-09-18T06:55:11.421+00:00,2026-09-18T06:55:13.003+00:00,True,26,26.0,,26.0,279631.48324699997,281213.15390299994,281213.15381,10815.890531153846,37.12447,279631.48324699997,54827.83944804889,94.63833925,63.26682624,12.350579771942803,0.09245655702495444,22,64,,True,True,,100,87.6246207195492
208,2026-09-18T06:50:32.308+00:00,2026-09-18T06:55:12.719+00:00,2026-09-18T06:55:17.147+00:00,True,72,72.0,,72.0,280410.853349,284839.246309,284839.24611199996,3956.1006404444443,33.552027,280410.853349,33039.38758822168,90.7941148,62.371731830985915,12.087806684523828,0.25277415571410683,22,64,,True,True,,293,87.6246207195492
209,2026-09-18T06:50:32.845+00:00,2026-09-18T06:55:14.644+00:00,2026-09-18T06:55:20.778+00:00,True,100,100.0,,100.0,281798.839318,287932.27087,287932.271022,2879.3227102200003,36.672281000000005,281798.839318,28173.690508591488,78.7622585,61.95385406060606,10.568888682220834,0.3473038978848936,22,64,,True,True,,494,87.6246207195492
210,2026-09-18T06:50:33.338+00:00,2026-09-18T06:55:17.087+00:00,2026-09-18T06:55:19.179+00:00,True,36,36.0,,36.0,283749.277255,285841.197639,285841.19777,7940.033271388889,38.269228000000005,283749.277255,47281.58538884454,70.16451325000001,59.76915382857143,8.289686769011485,0.12594405669075667,22,64,,True,True,,167,87.6246207195492
211,2026-09-18T06:50:34.892+00:00,2026-09-18T06:55:20.906+00:00,2026-09-18T06:55:22.840+00:00,True,33,33.0,,33.0,286013.709198,287948.50343800004,287948.50336800003,8725.712223272729,34.916984,286013.709198,49778.07166325898,72.2025772,60.46232,8.681801164257966,0.1146038253576318,22,64,,True,True,,200,87.6246207195492
213,2026-09-18T06:50:34.937+00:00,2026-09-18T06:55:22.357+00:00,2026-09-18T06:55:26.563+00:00,True,69,69.0,,69.0,287419.62015,291625.929014,291625.92885699996,4226.462737057971,36.066042,287419.62015,34593.81099758207,89.3997864,61.85748329411764,10.592539156244259,0.2366044755803848,22,64,,True,True,,243,87.6246207195492
212,2026-09-18T06:50:34.932+00:00,2026-09-18T06:55:23.118+00:00,2026-09-18T06:55:27.297+00:00,True,69,69.0,,69.0,288185.580992,292364.41772800003,292364.417842,4237.1654759710145,35.625463,288185.580992,34686.07047968922,83.37269960000002,61.453481411764706,10.59695323116924,0.23600683194010924,22,64,,True,True,,353,87.6246207195492
214,2026-09-18T06:50:35.345+00:00,2026-09-18T06:55:24.537+00:00,2026-09-18T06:55:28.375+00:00,True,62,62.0,,62.0,289191.62328,293030.479728,293030.479709,4726.29805982258,33.783866,289191.62328,36719.38216933529,90.5000921,62.93207291803279,11.154910941203642,0.21158208544568582,22,64,,True,True,,229,87.6246207195492
215,2026-09-18T06:50:35.850+00:00,2026-09-18T06:55:26.556+00:00,2026-09-18T06:55:29.389+00:00,True,47,47.0,,47.0,290706.64924299996,293539.66402699996,293539.664137,6245.524768872339,37.38741,290706.64924299996,42394.94137314511,93.912082,61.58727791304348,12.768664942492185,0.16011464806908313,22,64,,True,True,,240,87.6246207195492
216,2026-09-18T06:50:36.384+00:00,2026-09-18T06:55:28.604+00:00,2026-09-18T06:55:33.515+00:00,True,80,80.0,,80.0,292220.536246,297131.65483799996,297131.654842,3714.145685525,34.287746,292220.536246,32664.300385429004,88.4237542,62.16605812658228,10.252561248470897,0.26924091963078467,22,64,,True,True,,334,87.6246207195492
217,2026-09-18T06:50:36.871+00:00,2026-09-18T06:55:30.357+00:00,2026-09-18T06:55:33.920+00:00,True,58,58.0,,58.0,293485.598297,297048.981593,297048.981632,5121.5341660689655,38.530238,293485.598297,38528.33927530041,86.7156019,62.51549642105263,8.65080334492196,0.19525399376547392,22,64,,True,True,,329,87.6246207195492
218,2026-09-18T06:50:37.393+00:00,2026-09-18T06:55:32.222+00:00,2026-09-18T06:55:34.203+00:00,True,33,33.0,,33.0,294829.24124,296809.722776,296809.722844,8994.234025575757,38.952107000000005,294829.24124,51312.41048798482,88.67520700000001,61.890048,9.982033024940193,0.11118234164082572,22,64,,True,True,,128,87.6246207195492
219,2026-09-18T06:50:37.933+00:00,2026-09-18T06:55:34.135+00:00,2026-09-18T06:55:37.688+00:00,True,56,56.0,,56.0,296202.153548,299754.47124399996,299754.471234,5352.758414892856,36.650951,296202.153548,39573.04846560384,93.02549325,64.58759447272728,11.493572771650268,0.18681956525150892,22,64,,True,True,,287,87.6246207195492
220,2026-09-18T06:50:38.365+00:00,2026-09-18T06:55:36.153+00:00,2026-09-18T06:55:37.562+00:00,True,23,23.0,,23.0,297788.140539,299197.139195,299197.139126,13008.571266347826,37.61919,297788.140539,62079.766455450466,98.21628719999998,64.04539345454545,12.518654248717072,0.07687239277047327,22,64,,True,True,,130,87.6246207195492
221,2026-09-18T06:50:38.738+00:00,2026-09-18T06:55:37.499+00:00,2026-09-18T06:55:38.767+00:00,False,22,21.0,,21.0,298761.281523,300029.423859,300029.423714,13637.70107790909,0.039819,298761.281523,63683.246421319855,90.81005995,60.387730285714284,15.88649609708092,0.06999313510620557,22,64,,True,False,Request timeout: 300.0s exceeded,83,87.6246207195492
222,2026-09-18T06:50:39.186+00:00,2026-09-18T06:55:39.076+00:00,2026-09-18T06:55:39.202+00:00,False,4,3.0,,3.0,299889.864791,300016.40200700006,300016.401894,75004.1004735,0.09594,299889.864791,149923.84583932773,254916.15001805,42.179072,36.49341066578502,0.009999453296323456,22,64,,True,False,Request timeout: 300.0s exceeded,9,87.6246207195492
223,2026-09-18T06:50:39.733+00:00,2026-09-18T06:55:39.788+00:00,2026-09-18T06:55:39.788+00:00,False,1,0.0,,0.0,300055.078736,300055.078736,300055.078736,300055.078736,300055.078736,300055.078736,nan,300055.078736,nan,nan,0.0,22,64,,True,False,"HTTPConnectionPool(host='gpu03', port=9002): Read timed out.",0,87.6246207195492
224,2026-09-18T06:50:40.214+00:00,2026-09-18T06:55:40.159+00:00,2026-09-18T06:55:40.229+00:00,False,3,2.0,,2.0,299944.72456,300014.770256,300014.770229,100004.92340966666,0.03885,299944.72456,173152.95055789634,269957.2527859,35.022848,49.47475675639237,0.006666338454914795,22,64,,True,False,Request timeout: 300.0s exceeded,3,87.6246207195492
225,2026-09-18T06:50:40.585+00:00,2026-09-18T06:55:40.520+00:00,2026-09-18T06:55:40.611+00:00,False,3,2.0,,2.0,299935.490248,300025.892552,300025.892469,100008.630823,0.022850000000000002,299935.490248,173141.74505512242,269950.9791603,45.201152,63.891860751482646,0.0066660913262789915,22,64,,True,False,Request timeout: 300.0s exceeded,6,87.6246207195492
226,2026-09-18T06:50:41.065+00:00,2026-09-18T06:55:41.172+00:00,2026-09-18T06:55:41.172+00:00,False,1,0.0,,0.0,300107.330774,300107.330774,300107.330774,300107.330774,300107.330774,300107.330774,nan,300107.330774,nan,nan,0.0,22,64,,True,False,"HTTPConnectionPool(host='gpu03', port=9002): Read timed out.",0,87.6246207195492
227,2026-09-18T06:50:41.591+00:00,2026-09-18T06:55:41.614+00:00,2026-09-18T06:55:41.614+00:00,False,1,0.0,,0.0,300022.290689,300022.290689,300022.290689,300022.290689,300022.290689,300022.290689,nan,300022.290689,nan,nan,0.0,22,64,,True,False,TTFT timeout: 300.0s exceeded (TTFT: 300.007s),0,87.6246207195492
228,2026-09-18T06:50:42.163+00:00,2026-09-18T06:55:42.261+00:00,2026-09-18T06:55:42.261+00:00,False,1,0.0,,0.0,300097.94367199996,300097.94367199996,300097.94367199996,300097.94367199996,300097.94367199996,300097.94367199996,nan,300097.94367199996,nan,nan,0.0,22,64,,True,False,"HTTPConnectionPool(host='gpu03', port=9002): Read timed out.",0,87.6246207195492
229,2026-09-18T06:50:42.527+00:00,2026-09-18T06:55:42.623+00:00,2026-09-18T06:55:42.623+00:00,False,1,0.0,,0.0,300095.538018,300095.538018,300095.538018,300095.538018,300095.538018,300095.538018,nan,300095.538018,nan,nan,0.0,22,64,,True,False,TTFT timeout: 300.0s exceeded (TTFT: 300.088s),0,87.6246207195492
230,2026-09-18T06:50:42.920+00:00,2026-09-18T06:55:42.818+00:00,2026-09-18T06:55:42.980+00:00,False,4,3.0,,3.0,299898.368727,300059.646935,300059.647055,75014.91176375,0.03554,299898.368727,149922.30957622195,254926.81380134998,53.75940266666667,47.10825916489147,0.009998012164061069,22,64,,True,False,Request timeout: 300.0s exceeded,16,87.6246207195492
231,2026-09-18T06:50:43.258+00:00,2026-09-18T06:55:43.142+00:00,2026-09-18T06:55:43.308+00:00,False,5,4.0,,4.0,299884.75976499997,300050.69768499996,300050.69774299994,60010.1395486,0.02238,299884.75976499997,134093.99173775263,239921.37983039996,41.48448,30.00401527493012,0.01333108048360311,22,64,,True,False,Request timeout: 300.0s exceeded,12,87.6246207195492
232,2026-09-18T06:50:43.596+00:00,2026-09-18T06:55:43.722+00:00,2026-09-18T06:55:43.722+00:00,False,1,0.0,,0.0,300126.428183,300126.428183,300126.428183,300126.428183,300126.428183,300126.428183,nan,300126.428183,nan,nan,0.0,22,64,,True,False,"HTTPConnectionPool(host='gpu03', port=9002): Read timed out.",0,87.6246207195492
233,2026-09-18T06:50:44.182+00:00,2026-09-18T06:55:44.252+00:00,2026-09-18T06:55:44.252+00:00,False,1,0.0,,0.0,300069.853674,300069.853674,300069.853674,300069.853674,300069.853674,300069.853674,nan,300069.853674,nan,nan,0.0,22,64,,True,False,TTFT timeout: 300.0s exceeded (TTFT: 300.065s),0,87.6246207195492
234,2026-09-18T06:50:44.723+00:00,2026-09-18T06:55:44.567+00:00,2026-09-18T06:55:45.819+00:00,False,22,21.0,,21.0,299844.398083,301095.51923499996,301095.51907599997,13686.159957999998,0.02607,299844.398083,63914.341344129694,94.5413248,59.57719771428572,19.30700892914838,0.06974530890846586,22,64,,True,False,Request timeout: 300.0s exceeded,96,87.6246207195492
235,2026-09-18T06:50:45.123+00:00,2026-09-18T06:55:45.451+00:00,2026-09-18T06:55:45.911+00:00,False,9,8.0,,8.0,300327.589027,300787.421347,300787.421304,33420.82458933334,0.02386,300327.589027,100090.04035814383,180232.25403300003,57.47904,29.070741903759817,0.026596856890404637,22,64,,True,False,Request timeout: 300.0s exceeded,24,87.6246207195492
237,2026-09-18T06:50:45.972+00:00,2026-09-18T06:55:46.100+00:00,2026-09-18T06:55:46.100+00:00,False,1,0.0,,0.0,300128.244978,300128.244978,300128.244978,300128.244978,300128.244978,300128.244978,nan,300128.244978,nan,nan,0.0,22,64,,True,False,"HTTPConnectionPool(host='gpu03', port=9002): Read timed out.",0,87.6246207195492
238,2026-09-18T06:50:46.459+00:00,2026-09-18T06:55:46.712+00:00,2026-09-18T06:55:46.712+00:00,False,1,0.0,,0.0,300253.13682200003,300253.13682200003,300253.13682200003,300253.13682200003,300253.13682200003,300253.13682200003,nan,300253.13682200003,nan,nan,0.0,22,64,,True,False,"HTTPConnectionPool(host='gpu03', port=9002): Read timed out.",0,87.6246207195492
236,2026-09-18T06:50:45.550+00:00,2026-09-18T06:55:46.713+00:00,2026-09-18T06:55:46.713+00:00,False,1,0.0,,0.0,301162.811828,301162.811828,301162.811828,301162.811828,301162.811828,301162.811828,nan,301162.811828,nan,nan,0.0,22,64,,True,False,"HTTPConnectionPool(host='gpu03', port=9002): Read timed out.",0,87.6246207195492
239,2026-09-18T06:50:46.897+00:00,2026-09-18T06:55:47.006+00:00,2026-09-18T06:55:47.006+00:00,False,1,0.0,,0.0,300108.96100199997,300108.96100199997,300108.96100199997,300108.96100199997,300108.96100199997,300108.96100199997,nan,300108.96100199997,nan,nan,0.0,22,64,,True,False,"HTTPConnectionPool(host='gpu03', port=9002): Read timed out.",0,87.6246207195492
241,2026-09-18T06:50:47.681+00:00,2026-09-18T06:55:47.287+00:00,2026-09-18T06:55:47.734+00:00,False,10,9.0,,9.0,299605.433226,300052.535434,300052.535388,30005.2535388,0.038060000000000004,299605.433226,94727.84937460706,164812.05616785,49.67802311111111,21.19507807760677,0.029994747376429532,22,64,,True,False,Request timeout: 300.0s exceeded,56,87.6246207195492
240,2026-09-18T06:50:47.244+00:00,2026-09-18T06:55:47.290+00:00,2026-09-18T06:55:47.290+00:00,False,1,0.0,,0.0,300045.737771,300045.737771,300045.737771,300045.737771,300045.737771,300045.737771,nan,300045.737771,nan,nan,0.0,22,64,,True,False,TTFT timeout: 300.0s exceeded (TTFT: 300.038s),0,87.6246207195492
242,2026-09-18T06:50:48.156+00:00,2026-09-18T06:55:48.170+00:00,2026-09-18T06:55:48.170+00:00,False,1,0.0,,0.0,300014.715227,300014.715227,300014.715227,300014.715227,300014.715227,300014.715227,nan,300014.715227,nan,nan,0.0,22,64,,True,False,"HTTPConnectionPool(host='gpu03', port=9002): Read timed out.",0,87.6246207195492
243,2026-09-18T06:50:48.516+00:00,2026-09-18T06:55:48.557+00:00,2026-09-18T06:55:48.557+00:00,False,1,0.0,,0.0,300040.467899,300040.467899,300040.467899,300040.467899,300040.467899,300040.467899,nan,300040.467899,nan,nan,0.0,22,64,,True,False,TTFT timeout: 300.0s exceeded (TTFT: 300.035s),0,87.6246207195492
244,2026-09-18T06:50:48.902+00:00,2026-09-18T06:55:48.744+00:00,2026-09-18T06:55:48.958+00:00,True,4,4.0,,4.0,299842.189471,300055.868319,300055.86826,75013.967065,69.42510899999999,299842.189471,149885.4816172775,254876.96218764997,71.22628266666668,2.4433790730096168,0.013330850759257468,22,64,,True,True,,17,87.6246207195492
245,2026-09-18T06:50:49.479+00:00,2026-09-18T06:55:49.587+00:00,2026-09-18T06:55:49.587+00:00,False,1,0.0,,0.0,300108.497437,300108.497437,300108.497437,300108.497437,300108.497437,300108.497437,nan,300108.497437,nan,nan,0.0,22,64,,True,False,"HTTPConnectionPool(host='gpu03', port=9002): Read timed out.",0,87.6246207195492
246,2026-09-18T06:50:50.011+00:00,2026-09-18T06:55:50.022+00:00,2026-09-18T06:55:50.093+00:00,False,3,2.0,,2.0,300010.54956699995,300081.67148699996,300081.671383,100027.22379433332,0.111339,300010.54956699995,173190.64408043041,270016.595658,35.56096,50.13330510070127,0.006664852238690105,22,64,,True,False,Request timeout: 300.0s exceeded,9,87.6246207195492
247,2026-09-18T06:50:50.419+00:00,2026-09-18T06:55:50.311+00:00,2026-09-18T06:55:50.454+00:00,False,4,3.0,,3.0,299891.95340899995,300035.87891299993,300035.87889899994,75008.96972474999,0.028149999999999998,299891.95340899995,149921.99295663144,254919.00570724998,47.975168,41.52483087657928,0.009998804179249164,22,64,,True,False,Request timeout: 300.0s exceeded,10,87.6246207195492
248,2026-09-18T06:50:50.972+00:00,2026-09-18T06:55:51.081+00:00,2026-09-18T06:55:51.081+00:00,False,1,0.0,,0.0,300108.882119,300108.882119,300108.882119,300108.882119,300108.882119,300108.882119,nan,300108.882119,nan,nan,0.0,22,64,,True,False,"HTTPConnectionPool(host='gpu03', port=9002): Read timed out.",0,87.6246207195492
249,2026-09-18T06:50:51.336+00:00,2026-09-18T06:55:51.397+00:00,2026-09-18T06:55:51.397+00:00,False,1,0.0,,0.0,300060.35769,300060.35769,300060.35769,300060.35769,300060.35769,300060.35769,nan,300060.35769,nan,nan,0.0,22,64,,True,False,TTFT timeout: 300.0s exceeded (TTFT: 300.035s),0,87.6246207195492
250,2026-09-18T06:50:51.905+00:00,2026-09-18T06:55:51.800+00:00,2026-09-18T06:55:51.924+00:00,False,4,3.0,,3.0,299895.03884500003,300018.83993300004,300018.839953,75004.70998825,0.02583,299895.03884500003,149926.88874810547,254920.34156575002,41.26702933333333,35.76307127440446,0.009999372041668975,22,64,,True,False,Request timeout: 300.0s exceeded,16,87.6246207195492
251,2026-09-18T06:50:52.377+00:00,2026-09-18T06:55:52.479+00:00,2026-09-18T06:55:52.479+00:00,False,1,0.0,,0.0,300101.312177,300101.312177,300101.312177,300101.312177,300101.312177,300101.312177,nan,300101.312177,nan,nan,0.0,22,64,,True,False,"HTTPConnectionPool(host='gpu03', port=9002): Read timed out.",0,87.6246207195492
252,2026-09-18T06:50:52.886+00:00,2026-09-18T06:55:52.819+00:00,2026-09-18T06:55:52.927+00:00,False,4,3.0,,3.0,299932.90569,300041.379802,300041.379817,75010.34495425,0.04396,299932.90569,149948.3766062103,254953.58263154997,36.15803733333333,35.378483319012155,0.009998620863494652,22,64,,True,False,Request timeout: 300.0s exceeded,16,87.6246207195492
0,2026-09-18T06:48:53.155+00:00,2026-09-18T06:48:53.416+00:00,2026-09-18T06:48:57.631+00:00,True,74,74.0,,74.0,260.376796,4475.629276,4475.629263,60.48147652702703,9.504342000000001,260.376796,26.574677672202412,70.1996798,57.74318465753425,12.387309200311009,16.53398783425064,23,64,,False,True,,297,87.6246207195492
1,2026-09-18T06:48:53.635+00:00,2026-09-18T06:48:53.852+00:00,2026-09-18T06:48:58.351+00:00,True,77,77.0,,77.0,217.574896,4716.658928,4716.659056,61.25531241558441,10.351220999999999,217.574896,20.97300655708225,69.4608616,59.19847410526316,10.753308924431627,16.325115123948603,23,64,,False,True,,315,87.6246207195492
2,2026-09-18T06:48:54.036+00:00,2026-09-18T06:48:55.291+00:00,2026-09-18T06:48:56.820+00:00,True,26,26.0,,26.0,1255.018128,2784.491664,2784.491616,107.09583138461538,40.773915,1255.018128,234.23244651543146,67.09538524999999,61.178941439999996,7.0307506123219285,9.33743143718027,23,64,,False,True,,117,87.6246207195492
3,2026-09-18T06:48:54.349+00:00,2026-09-18T06:48:56.817+00:00,2026-09-18T06:48:57.565+00:00,True,13,13.0,,13.0,2468.4122540000003,3216.9623980000006,3216.962542,247.4586570769231,49.734517,2468.4122540000003,667.3486241183406,1031.9183288000002,62.37917866666666,7.150561964465492,4.041079251682318,23,64,,False,True,,60,87.6246207195492
4,2026-09-18T06:48:54.740+00:00,2026-09-18T06:48:58.289+00:00,2026-09-18T06:49:03.391+00:00,True,86,86.0,,86.0,3548.6927459999997,8650.538762,8650.538606,100.58765820930232,0.0,3548.6927459999997,376.43899678793923,68.78323925,60.02171783529412,13.685548808281078,9.941577324383532,23,64,,False,True,,354,87.6246207195492
5,2026-09-18T06:48:55.250+00:00,2026-09-18T06:48:59.850+00:00,2026-09-18T06:49:01.131+00:00,True,22,22.0,,22.0,4600.277252000001,5881.061636,5881.061522000001,267.3209782727273,39.370517,4600.277252000001,967.7969066023102,68.16035470000001,60.989732571428576,5.973005584643267,3.740821192100834,23,64,,False,True,,109,87.6246207195492
6,2026-09-18T06:48:55.614+00:00,2026-09-18T06:49:01.318+00:00,2026-09-18T06:49:06.673+00:00,True,91,91.0,,91.0,5704.2216610000005,11059.109085,11059.1092,121.52867252747254,0.0,5704.2216610000005,591.9713495366929,68.141083,59.49874915555555,17.076190568082147,8.228510931628993,23,64,,False,True,,406,87.6246207195492
7,2026-09-18T06:48:56.146+00:00,2026-09-18T06:49:03.258+00:00,2026-09-18T06:49:05.195+00:00,True,34,34.0,,34.0,7111.815275,9048.354411,9048.354377,266.1280699117647,34.626385,7111.815275,1209.6331564261225,68.6487586,58.68300412121212,8.787360216484611,3.7575893312342536,23,64,,False,True,,120,87.6246207195492
8,2026-09-18T06:48:56.452+00:00,2026-09-18T06:49:04.294+00:00,2026-09-18T06:49:08.223+00:00,True,66,66.0,,66.0,7841.848678,11771.009638,11771.009687,178.34863162121212,0.0,7841.848678,958.7194204804844,134.97474449999999,60.44863015384615,41.74525557967801,5.606995663900756,23,64,,False,True,,310,87.6246207195492
9,2026-09-18T06:48:56.861+00:00,2026-09-18T06:49:05.989+00:00,2026-09-18T06:49:11.186+00:00,True,87,87.0,,87.0,9128.067228,14324.80374,14324.803791,164.65291713793104,0.0,9128.067228,972.875405789034,68.9674706,60.42716874418604,37.70300907561249,6.073381637827591,23,64,,False,True,,340,87.6246207195492
10,2026-09-18T06:48:57.178+00:00,2026-09-18T06:49:07.109+00:00,2026-09-18T06:49:11.067+00:00,True,67,67.0,,67.0,9930.509426,13888.45093,13888.450961,207.2903128507463,0.0,9930.509426,1206.7679942563846,147.5506978,59.96881066666666,46.68129621262384,4.824152120181771,23,64,,False,True,,302,87.6246207195492
11,2026-09-18T06:48:57.520+00:00,2026-09-18T06:49:08.280+00:00,2026-09-18T06:49:14.048+00:00,True,97,97.0,,97.0,10759.576176,16528.026224,16528.026297,170.39202368041236,0.0,10759.576176,1086.711438379218,68.57552000000001,60.08802133333334,27.445191736544338,5.868819342696125,23,64,,False,True,,448,87.6246207195492
12,2026-09-18T06:48:58.027+00:00,2026-09-18T06:49:10.158+00:00,2026-09-18T06:49:11.493+00:00,True,23,23.0,,23.0,12131.233708,13466.433964,13466.434176,585.4971380869565,0.0,12131.233708,2517.141833844924,190.25050019999998,60.690920727272726,37.00645488376132,1.7079503052913794,23,64,,False,True,,116,87.6246207195492
13,2026-09-18T06:48:58.521+00:00,2026-09-18T06:49:12.091+00:00,2026-09-18T06:49:12.091+00:00,True,1,1.0,,1.0,13569.403865,13569.403865,13569.403865,13569.403865,13569.403865,13569.403865,nan,13569.403865,nan,nan,0.07369520503250199,23,64,,False,True,,2,87.6246207195492
14,2026-09-18T06:48:58.814+00:00,2026-09-18T06:49:13.181+00:00,2026-09-18T06:49:19.033+00:00,True,99,99.0,,99.0,14367.475881999999,20219.63537,20219.635426999997,204.23874168686868,0.0,14367.475881999999,1438.3618408639945,71.45720700000001,59.71591314285714,33.13693837101916,4.896230727626619,23,64,,False,True,,476,87.6246207195492
15,2026-09-18T06:48:59.220+00:00,2026-09-18T06:49:14.553+00:00,2026-09-18T06:49:16.405+00:00,True,32,32.0,,32.0,15332.640708,17184.852164,17184.852006,537.0266251875,39.373947,15332.640708,2699.901712939626,68.7729867,59.74875664516129,7.597651810331582,1.8621050501112708,23,64,,False,True,,113,87.6246207195492
16,2026-09-18T06:48:59.740+00:00,2026-09-18T06:49:16.593+00:00,2026-09-18T06:49:20.815+00:00,True,71,71.0,,71.0,16853.587621,21075.779493,21075.779386,296.8419631830986,0.0,16853.587621,1993.5372243888912,80.2130355,60.317026742857145,46.84797741383434,3.368795921573462,23,64,,False,True,,349,87.6246207195492
17,2026-09-18T06:49:00.237+00:00,2026-09-18T06:49:18.310+00:00,2026-09-18T06:49:20.237+00:00,True,28,28.0,,28.0,18073.041175000002,19999.895319000003,19999.895405000003,714.2819787500001,41.193793,18073.041175000002,3402.3732257458323,241.9658539,71.3649682962963,51.55800985148588,1.4000073277083533,23,64,,False,True,,101,87.6246207195492
18,2026-09-18T06:49:00.723+00:00,2026-09-18T06:49:20.289+00:00,2026-09-18T06:49:22.981+00:00,True,44,44.0,,44.0,19565.782582,22258.193206,22258.193038,505.8680235909091,0.01716,19565.782582,2940.732314300678,100.32628225,62.61420055813953,55.903478468126934,1.976800164900141,23,64,,False,True,,201,87.6246207195492
19,2026-09-18T06:49:01.147+00:00,2026-09-18T06:49:21.639+00:00,2026-09-18T06:49:24.197+00:00,True,43,43.0,,43.0,20492.923509,23050.127221,23050.127177,536.0494692325582,0.0,20492.923509,3116.2847143229365,96.93105380000002,60.88580266666666,52.28315111459518,1.8654994650452303,23,64,,False,True,,202,87.6246207195492
20,2026-09-18T06:49:01.496+00:00,2026-09-18T06:49:22.983+00:00,2026-09-18T06:49:27.087+00:00,True,69,69.0,,69.0,21487.141461,25590.504789,25590.504775999998,370.8768808115942,0.0,21487.141461,2579.805193454794,82.1018196,60.34357835294118,41.052516488293655,2.6963125803465764,23,64,,False,True,,291,87.6246207195492
21,2026-09-18T06:49:01.859+00:00,2026-09-18T06:49:24.259+00:00,2026-09-18T06:49:29.306+00:00,True,86,86.0,,86.0,22399.948275,27447.469555,27447.469766,319.1566251860465,0.0,22399.948275,2409.41484805547,69.83021025000001,59.382603294117644,42.456762733629105,3.133257870189848,23,64,,False,True,,301,87.6246207195492
22,2026-09-18T06:49:02.158+00:00,2026-09-18T06:49:25.616+00:00,2026-09-18T06:49:26.268+00:00,True,12,12.0,,12.0,23458.903677000002,24110.858621000003,24110.858656,2009.2382213333335,41.431533,23458.903677000002,6754.896173987473,10594.120704750001,59.268631272727276,7.085795404647541,0.4977010644302927,23,64,,False,True,,55,87.6246207195492
23,2026-09-18T06:49:02.648+00:00,2026-09-18T06:49:27.515+00:00,2026-09-18T06:49:28.990+00:00,True,27,27.0,,27.0,24866.82629,26341.535026,26341.535141,975.6124126296297,0.0,24866.82629,4775.269245542089,301.66263990000004,56.71956676923077,74.71000616488277,1.0249972134634548,23,64,,False,True,,113,87.6246207195492
24,2026-09-18T06:49:02.996+00:00,2026-09-18T06:49:28.928+00:00,2026-09-18T06:49:33.878+00:00,True,82,82.0,,82.0,25931.964412,30882.459132,30882.459273,376.6153569878049,0.0,25931.964412,2857.3731299023284,70.10194355,61.1172187654321,49.05954797778675,2.655228965073985,23,64,,False,True,,376,87.6246207195492
25,2026-09-18T06:49:03.503+00:00,2026-09-18T06:49:31.029+00:00,2026-09-18T06:49:32.363+00:00,True,24,24.0,,24.0,27526.02204,28860.00476,28860.004751,1202.5001979583333,38.186979,27526.02204,5606.892992147586,67.16520630000001,57.99924869565217,8.606761215481162,0.8316006944414656,23,64,,False,True,,105,87.6246207195492
26,2026-09-18T06:49:03.992+00:00,2026-09-18T06:49:32.851+00:00,2026-09-18T06:49:35.267+00:00,True,39,39.0,,39.0,28859.293242,31274.823226,31274.823067,801.9185401794872,0.0,28859.293242,4612.486353392535,486.91534419999994,63.56657852631579,118.39703823930289,1.2470094464859438,23,64,,False,True,,158,87.6246207195492
27,2026-09-18T06:49:04.391+00:00,2026-09-18T06:49:34.372+00:00,2026-09-18T06:49:37.438+00:00,True,51,51.0,,51.0,29981.956346,33047.24761,33047.247713,647.9852492745098,0.01652,29981.956346,4190.2795426953035,93.21111799999998,61.30582528,68.6063623124799,1.5432450109572076,23,64,,False,True,,237,87.6246207195492
28,2026-09-18T06:49:04.884+00:00,2026-09-18T06:49:36.164+00:00,2026-09-18T06:49:41.675+00:00,True,92,92.0,,92.0,31279.464941,36790.799341,36790.799234,399.899991673913,0.0,31279.464941,3255.169376241276,87.20601155,60.56411428571428,49.61430172121021,2.500625201080488,23,64,,False,True,,411,87.6246207195492
29,2026-09-18T06:49:05.237+00:00,2026-09-18T06:49:37.600+00:00,2026-09-18T06:49:43.079+00:00,True,92,92.0,,92.0,32362.994597,37841.610149,37841.61025,411.32185054347826,0.0,32362.994597,3368.161978522166,95.3851225,60.204566505494505,49.743720551542204,2.431186189957385,23,64,,False,True,,252,87.6246207195492
30,2026-09-18T06:49:05.758+00:00,2026-09-18T06:49:39.442+00:00,2026-09-18T06:49:43.204+00:00,True,63,63.0,,63.0,33683.244358,37445.249094000006,37445.24896700001,594.3690312222222,38.406819999999996,33683.244358,4236.063251953658,89.87511470000001,60.67749574193548,12.448632355159212,1.6824564270316131,23,64,,False,True,,250,87.6246207195492
31,2026-09-18T06:49:06.059+00:00,2026-09-18T06:49:40.369+00:00,2026-09-18T06:49:43.732+00:00,True,55,55.0,,55.0,34309.71872600001,37672.757702,37672.757642000004,684.9592298545456,34.215307,34309.71872600001,4617.947047554199,101.8724659,62.278499555555555,14.759350939961987,1.4599409057086392,23,64,,False,True,,221,87.6246207195492
32,2026-09-18T06:49:06.460+00:00,2026-09-18T06:49:42.384+00:00,2026-09-18T06:49:42.701+00:00,True,6,6.0,,6.0,35923.740184,36240.613656,36240.61363,6040.102271666667,37.123852,35923.740184,14639.94981474775,26968.685627750005,63.374694399999996,24.874949896589477,0.16556011045929514,23,64,,False,True,,21,87.6246207195492
33,2026-09-18T06:49:06.855+00:00,2026-09-18T06:49:43.736+00:00,2026-09-18T06:49:44.247+00:00,True,10,10.0,,10.0,36881.723652,37392.255236,37392.255341000004,3739.2255341,37.385352,36881.723652,11645.091411286947,20314.80918375,56.725731555555555,10.965338632133609,0.26743505939626605,23,64,,False,True,,38,87.6246207195492
34,2026-09-18T06:49:07.343+00:00,2026-09-18T06:49:45.309+00:00,2026-09-18T06:49:49.127+00:00,True,63,63.0,,63.0,37966.256729,41784.364889000004,41784.364885,663.243887063492,0.01679,37966.256729,4776.1596655403655,87.48991539999999,61.58238967741936,77.55672476811003,1.5077409975563647,23,64,,False,True,,272,87.6246207195492
35,2026-09-18T06:49:07.898+00:00,2026-09-18T06:49:47.611+00:00,2026-09-18T06:49:47.737+00:00,True,3,3.0,,3.0,39713.655501999994,39838.84103799999,39838.841130999994,13279.613710333331,59.437940000000005,39713.655501999994,22892.551933673054,35748.864720699996,62.592768,4.461764593327622,0.07530339542604846,23,64,,False,True,,16,87.6246207195492
36,2026-09-18T06:49:08.315+00:00,2026-09-18T06:49:49.377+00:00,2026-09-18T06:49:52.470+00:00,True,49,49.0,,49.0,41061.97925,44154.891634,44154.891585,901.1202364285714,0.0,41061.97925,5857.504923332114,93.7573674,64.43567466666667,92.35696652415686,1.1097298212429352,23,64,,False,True,,216,87.6246207195492
37,2026-09-18T06:49:08.677+00:00,2026-09-18T06:49:50.666+00:00,2026-09-18T06:49:52.718+00:00,True,35,35.0,,35.0,41989.544174,44040.845806000005,44040.845720000005,1258.3098777142857,0.0,41989.544174,7088.158967051413,250.7867361,60.33240094117647,110.0093437891507,0.7947167989047044,23,64,,False,True,,156,87.6246207195492
38,2026-09-18T06:49:09.046+00:00,2026-09-18T06:49:52.462+00:00,2026-09-18T06:49:57.969+00:00,True,90,90.0,,90.0,43416.159457999995,48923.333858,48923.333847999995,543.592598311111,5.747599,43416.159457999995,4569.963107073099,91.98381595000001,61.878364044943815,13.806446238427252,1.8396129802033738,23,64,,False,True,,502,87.6246207195492
39,2026-09-18T06:49:09.450+00:00,2026-09-18T06:49:54.102+00:00,2026-09-18T06:49:59.144+00:00,True,81,81.0,,81.0,44652.732392,49694.67364,49694.673661,613.5144896419753,33.185809,44652.732392,4954.431701582877,96.870931,63.0242656,14.05525458879417,1.6299533544939486,23,64,,False,True,,415,87.6246207195492
40,2026-09-18T06:49:09.889+00:00,2026-09-18T06:49:56.074+00:00,2026-09-18T06:50:01.481+00:00,True,88,88.0,,88.0,46185.49744,51592.423775999996,51592.423675,586.2775417613636,0.0,46185.49744,4917.412173825397,94.50111255,62.148578574712644,80.20823753137083,1.7056767943694913,23,64,,False,True,,284,87.6246207195492
41,2026-09-18T06:49:10.180+00:00,2026-09-18T06:49:56.869+00:00,2026-09-18T06:49:58.286+00:00,True,24,24.0,,24.0,46689.159964,48105.633819999995,48105.633751,2004.4014062916667,36.464743000000006,46689.159964,9517.828199808591,100.53504260000001,61.585819826086954,16.977057249751855,0.4989020639412501,23,64,,False,True,,114,87.6246207195492
42,2026-09-18T06:49:10.580+00:00,2026-09-18T06:49:58.690+00:00,2026-09-18T06:50:04.790+00:00,True,100,100.0,,100.0,48109.694219,54209.262346999996,54209.262487,542.09262487,0.0,48109.694219,4806.398281750353,95.00113080000001,61.611799272727275,124.25030935895226,1.8447032051439474,23,64,,False,True,,507,87.6246207195492
43,2026-09-18T06:49:11.010+00:00,2026-09-18T06:50:00.781+00:00,2026-09-18T06:50:00.781+00:00,True,4,4.0,,4.0,49771.15461,49771.15461,49771.15461,12442.7886525,0.0,49771.15461,24885.577305,42305.4814185,0.0,0.0,0.08036783617626427,23,64,,False,True,,24,87.6246207195492
44,2026-09-18T06:49:11.311+00:00,2026-09-18T06:50:01.606+00:00,2026-09-18T06:50:02.890+00:00,True,22,22.0,,22.0,50294.555018,51578.647434,51578.6473,2344.483968181818,0.0158,50294.555018,10711.840097347878,943.5139043,61.1472579047619,214.29093703332683,0.42653309255833405,23,64,,False,True,,75,87.6246207195492
45,2026-09-18T06:49:11.751+00:00,2026-09-18T06:50:03.942+00:00,2026-09-18T06:50:09.081+00:00,True,82,82.0,,82.0,52190.808927,57329.528671,57329.528616999996,699.1405928902439,37.69816,52190.808927,5756.519100891937,94.83673555000001,63.440984493827166,12.914900026750518,1.4303274752279536,23,64,,False,True,,411,87.6246207195492
46,2026-09-18T06:49:12.214+00:00,2026-09-18T06:50:05.549+00:00,2026-09-18T06:50:09.941+00:00,True,69,69.0,,69.0,53334.471613,57727.207613,57727.207609000005,836.6261972318841,0.0,53334.471613,6413.670999136213,99.0375716,64.59905882352942,97.61421491734363,1.1952769387802746,23,64,,False,True,,351,87.6246207195492
47,2026-09-18T06:49:12.741+00:00,2026-09-18T06:50:07.697+00:00,2026-09-18T06:50:09.908+00:00,True,30,30.0,,30.0,54955.52631,57166.719142,57166.719301000005,1905.5573100333334,0.0,54955.52631,10020.5823038141,496.31127865,76.24802868965517,147.11633764208383,0.5247808593927021,23,64,,False,True,,173,87.6246207195492
48,2026-09-18T06:49:13.160+00:00,2026-09-18T06:50:09.911+00:00,2026-09-18T06:50:09.911+00:00,True,11,11.0,,11.0,56751.268222000006,56751.268222000006,56751.268222000006,5159.206202,0.0,56751.268222000006,17111.15118810853,28375.634111000003,0.0,0.0,0.19382826753703764,23,64,,False,True,,50,87.6246207195492
49,2026-09-18T06:49:13.470+00:00,2026-09-18T06:50:10.474+00:00,2026-09-18T06:50:14.777+00:00,True,72,72.0,,72.0,57003.192072,61306.109447999996,61306.109423999995,851.473742,37.57016,57003.192072,6710.758684642325,90.46121265,60.60447008450704,11.88680345952821,1.174434336941094,23,64,,False,True,,279,87.6246207195492
50,2026-09-18T06:49:13.983+00:00,2026-09-18T06:50:12.205+00:00,2026-09-18T06:50:17.235+00:00,True,73,73.0,,73.0,58221.663451,63251.263195,63251.263253,866.455661,0.01676,58221.663451,6806.847647231505,82.5294556,69.855552,97.83334935460236,1.1541271480214585,23,64,,False,True,,375,87.6246207195492
51,2026-09-18T06:49:14.287+00:00,2026-09-18T06:50:13.303+00:00,2026-09-18T06:50:15.564+00:00,True,37,37.0,,37.0,59016.757338,61277.193562,61277.193618000005,1656.140368054054,39.987546,59016.757338,9691.97777214875,88.933264,62.789895111111115,10.208757186576523,0.6038135536113213,23,64,,False,True,,172,87.6246207195492
52,2026-09-18T06:49:14.586+00:00,2026-09-18T06:50:14.711+00:00,2026-09-18T06:50:16.292+00:00,True,26,26.0,,26.0,60124.874688,61705.348288,61705.348442,2373.2826323846157,40.155086000000004,60124.874688,11779.062437552118,85.42011025,63.218944,8.055373559574917,0.4213573170132529,23,64,,False,True,,112,87.6246207195492
53,2026-09-18T06:49:14.973+00:00,2026-09-18T06:50:16.171+00:00,2026-09-18T06:50:18.079+00:00,True,31,31.0,,31.0,61198.074174,63105.554494,63105.554655,2035.6630533870969,0.016059999999999998,61198.074174,10981.21225127364,506.41987050000006,63.582677333333336,160.46871370406032,0.49124043435744535,23,64,,False,True,,132,87.6246207195492
54,2026-09-18T06:49:15.359+00:00,2026-09-18T06:50:17.826+00:00,2026-09-18T06:50:20.358+00:00,True,42,42.0,,42.0,62466.807409,64998.898289000004,64998.898177,1547.5928137380952,0.0,62466.807409,9630.331319808469,93.31864024999999,61.75831414634146,142.122884056191,0.6461647982594777,23,64,,False,True,,139,87.6246207195492
55,2026-09-18T06:49:15.719+00:00,2026-09-18T06:50:18.963+00:00,2026-09-18T06:50:19.083+00:00,True,3,3.0,,3.0,63244.00832,63364.091776,63364.091798,21121.363932666667,55.235488,63244.00832,36479.28043062743,56926.092287,60.041728,6.796914027518077,0.047345427290355166,23,64,,False,True,,11,87.6246207195492
56,2026-09-18T06:49:16.045+00:00,2026-09-18T06:50:20.484+00:00,2026-09-18T06:50:23.172+00:00,True,42,42.0,,42.0,64439.016269,67126.350413,67126.350261,1598.2464347857142,43.561929,64439.016269,9933.04885489635,92.44007000000002,65.54473521951219,11.54707676490036,0.6256857365489378,23,64,,False,True,,281,87.6246207195492
57,2026-09-18T06:49:16.367+00:00,2026-09-18T06:50:21.528+00:00,2026-09-18T06:50:26.422+00:00,True,78,78.0,,78.0,65161.62803,70055.224702,70055.224673,898.1439060641026,34.472096,65161.62803,7370.916048195604,91.27800719999999,63.55320353246753,12.546168237378714,1.1134073201791213,23,64,,False,True,,259,87.6246207195492
58,2026-09-18T06:49:16.703+00:00,2026-09-18T06:50:22.624+00:00,2026-09-18T06:50:26.181+00:00,True,57,57.0,,57.0,65920.280285,69477.87414100001,69477.874072,1218.9100714385966,36.385363,65920.280285,8722.94904922368,90.9563546,63.52846171428572,12.767561029753942,0.820405067148757,23,64,,False,True,,272,87.6246207195492
59,2026-09-18T06:49:16.995+00:00,2026-09-18T06:50:23.786+00:00,2026-09-18T06:50:28.525+00:00,True,77,77.0,,77.0,66791.580652,71530.326508,71530.32669,928.9652816883117,34.201607,66791.580652,7604.511955997023,90.52029259999999,62.35191915789474,12.771290228292951,1.076466496925444,23,64,,False,True,,298,87.6246207195492
60,2026-09-18T06:49:17.531+00:00,2026-09-18T06:50:25.994+00:00,2026-09-18T06:50:32.239+00:00,True,87,87.0,,87.0,68463.174906,74708.148218,74708.148175,858.7143468390805,0.0,68463.174906,7333.0230342260265,95.05729230000001,72.61596874418605,107.95761520404436,1.1645316083345032,23,64,,False,True,,367,87.6246207195492
61,2026-09-18T06:49:18.064+00:00,2026-09-18T06:50:27.917+00:00,2026-09-18T06:50:32.249+00:00,True,69,69.0,,69.0,69852.58109,74184.94384200001,74184.94385800001,1075.144113884058,0.0,69852.58109,8402.523411443837,94.4496598,63.711216941176474,125.99330143108352,0.9301078686122218,23,64,,False,True,,272,87.6246207195492
62,2026-09-18T06:49:18.548+00:00,2026-09-18T06:50:29.769+00:00,2026-09-18T06:50:33.461+00:00,True,61,61.0,,61.0,71220.628033,74912.695873,74912.695852,1228.076981180328,0.0,71220.628033,9111.927208048293,95.05733500000001,61.534464,131.90632738776912,0.8142812014590118,23,64,,False,True,,224,87.6246207195492
63,2026-09-18T06:49:19.021+00:00,2026-09-18T06:50:32.226+00:00,2026-09-18T06:50:37.575+00:00,True,100,100.0,,100.0,73204.490279,78554.037287,78554.03719,785.5403719000001,0.0,73204.490279,7315.684788366116,73.91163605,54.03582836363637,97.20857820166474,1.2730090451576206,23,64,,False,True,,490,87.6246207195492
64,2026-09-18T06:49:19.509+00:00,2026-09-18T06:50:33.356+00:00,2026-09-18T06:50:34.742+00:00,True,14,14.0,,14.0,73846.568221,75233.375005,75233.375022,5373.812501571429,0.01823,73846.568221,19709.405423991393,26475.58486195,106.67744492307693,260.6210584847091,0.18608762399758833,23,64,,False,True,,55,87.6246207195492
65,2026-09-18T06:49:19.818+00:00,2026-09-18T06:50:34.734+00:00,2026-09-18T06:50:34.946+00:00,True,7,7.0,,7.0,74915.914722,75128.105698,75128.105551,10732.586507285714,0.01838,74915.914722,28302.24218642228,52485.6871722,35.36516266666666,60.968520355696256,0.09317418474703201,23,64,,False,True,,34,87.6246207195492
66,2026-09-18T06:49:20.136+00:00,2026-09-18T06:50:35.594+00:00,2026-09-18T06:50:38.036+00:00,True,42,42.0,,42.0,75457.937437,77899.918109,77899.918312,1854.759959809524,29.238456,75457.937437,11634.228262460529,72.29054760000001,59.56050419512195,12.08231499979536,0.5391533267240702,23,64,,False,True,,210,87.6246207195492
67,2026-09-18T06:49:20.562+00:00,2026-09-18T06:50:37.447+00:00,2026-09-18T06:50:43.146+00:00,True,89,89.0,,89.0,76885.067549,82583.785245,82583.78535399999,927.9077006067415,37.067581,76885.067549,8142.946821935415,96.28369420000001,64.75815563636364,13.033584944476004,1.077693396300074,23,64,,False,True,,401,87.6246207195492
68,2026-09-18T06:49:21.023+00:00,2026-09-18T06:50:39.181+00:00,2026-09-18T06:50:42.697+00:00,True,56,56.0,,56.0,78157.510018,81674.254978,81674.254971,1458.468838767857,34.022076999999996,78157.510018,10435.700752224524,97.44298725,63.94081745454545,13.526731887109495,0.6856505763668651,23,64,,False,True,,277,87.6246207195492
69,2026-09-18T06:49:21.580+00:00,2026-09-18T06:50:41.041+00:00,2026-09-18T06:50:44.380+00:00,True,54,54.0,,54.0,79460.561273,82799.305081,82799.305144,1533.3204656296296,38.518628,79460.561273,10804.64921158646,97.39499244999999,62.99516618867925,14.080545991766842,0.6521793866165116,23,64,,False,True,,236,87.6246207195492
70,2026-09-18T06:49:21.931+00:00,2026-09-18T06:50:42.569+00:00,2026-09-18T06:50:45.754+00:00,True,49,49.0,,49.0,80638.611275,83823.281739,83823.281841,1710.679221244898,0.0,80638.611275,11511.518151512206,99.94453279999998,66.34730133333333,167.60076929128851,0.584563130713147,23,64,,False,True,,206,87.6246207195492
71,2026-09-18T06:49:22.266+00:00,2026-09-18T06:50:43.870+00:00,2026-09-18T06:50:45.780+00:00,True,16,16.0,,16.0,81604.48499,83513.794174,83513.794056,5219.6121285,0.0,81604.48499,20371.359227691908,21307.29342725,127.28727893333334,299.85270095931384,0.191585116665448,23,64,,False,True,,79,87.6246207195492
72,2026-09-18T06:49:22.622+00:00,2026-09-18T06:50:45.759+00:00,2026-09-18T06:50:49.398+00:00,True,70,70.0,,70.0,83136.822376,86776.514664,86776.51469099999,1239.6644955857141,0.0,83136.822376,9930.472682363832,83.53995275000001,52.7491635942029,23.133168786290668,0.8066698722694853,23,64,,False,True,,244,87.6246207195492
73,2026-09-18T06:49:22.993+00:00,2026-09-18T06:50:46.607+00:00,2026-09-18T06:50:50.917+00:00,True,72,72.0,,72.0,83613.106428,87924.05222,87924.05214,1221.1673908333332,36.475552,83613.106428,9846.74914040367,78.72857895,60.71754636619718,10.651469852878614,0.8188885541790604,23,64,,False,True,,237,87.6246207195492
74,2026-09-18T06:49:23.511+00:00,2026-09-18T06:50:48.509+00:00,2026-09-18T06:50:53.884+00:00,True,88,88.0,,88.0,84998.340249,90373.275545,90373.275472,1026.9690394545455,38.390229,84998.340249,9054.27164689978,71.7348179,61.78086547126437,8.55388544294345,0.9737391885965418,23,64,,False,True,,484,87.6246207195492
75,2026-09-18T06:49:23.854+00:00,2026-09-18T06:50:49.714+00:00,2026-09-18T06:50:50.030+00:00,True,6,6.0,,6.0,85859.714767,86175.40577499999,86175.405732,14362.567622,56.519526,85859.714767,35026.30594421023,64411.547884249994,63.1382016,4.4898502931457305,0.06962543368424308,23,64,,False,True,,15,87.6246207195492
76,2026-09-18T06:49:24.243+00:00,2026-09-18T06:50:51.140+00:00,2026-09-18T06:50:51.363+00:00,True,5,5.0,,5.0,86896.330592,87119.589984,87119.590169,17423.9180338,37.414711000000004,86896.330592,38836.26116988692,69530.4994128,55.814848,14.063000862038514,0.05739237295444432,23,64,,False,True,,12,87.6246207195492
77,2026-09-18T06:49:24.722+00:00,2026-09-18T06:50:52.945+00:00,2026-09-18T06:50:53.321+00:00,True,7,7.0,,7.0,88222.74140099999,88599.097497,88599.09745399999,12657.013921999998,59.192281,88222.74140099999,33321.35380804969,61775.501162399996,62.726016,1.996958863013858,0.07900757680107322,23,64,,False,True,,30,87.6246207195492
78,2026-09-18T06:49:25.210+00:00,2026-09-18T06:50:54.698+00:00,2026-09-18T06:50:54.906+00:00,True,4,4.0,,4.0,89487.204235,89695.763339,89695.76318899999,22423.940797249998,36.364933,89487.204235,44708.849157840334,76078.51157005,69.51970133333333,30.346687463637632,0.044595194367009615,23,64,,False,True,,12,87.6246207195492
79,2026-09-18T06:49:25.623+00:00,2026-09-18T06:50:56.249+00:00,2026-09-18T06:50:56.249+00:00,True,1,1.0,,1.0,90625.622941,90625.622941,90625.622941,90625.622941,90625.622941,90625.622941,nan,90625.622941,nan,nan,0.011034406909964416,23,64,,False,True,,3,87.6246207195492
80,2026-09-18T06:49:26.054+00:00,2026-09-18T06:50:57.754+00:00,2026-09-18T06:51:02.521+00:00,True,78,78.0,,78.0,91699.450067,96466.822867,96466.822764,1236.754138,35.603084,91699.450067,10375.910704662421,71.73875670000001,61.91393246753247,7.864051093655349,0.8085681447966786,23,64,,False,True,,398,87.6246207195492
81,2026-09-18T06:49:26.586+00:00,2026-09-18T06:50:59.721+00:00,2026-09-18T06:51:03.794+00:00,True,66,66.0,,66.0,93134.69999400001,97208.13589800001,97208.136035,1472.8505459848486,40.217575,93134.69999400001,11456.37746519375,70.61784899999999,62.668244676923074,7.330163345380905,0.6789555153002158,23,64,,True,True,,260,87.6246207195492
82,2026-09-18T06:49:26.964+00:00,2026-09-18T06:51:01.401+00:00,2026-09-18T06:51:04.353+00:00,True,48,48.0,,48.0,94437.724456,97389.736488,97389.736403,2028.9528417291665,41.514223,94437.724456,13621.847486287761,69.6125359,62.80876663829787,6.962556716775328,0.4928650772755133,23,64,,True,True,,192,87.6246207195492
83,2026-09-18T06:49:27.460+00:00,2026-09-18T06:51:03.143+00:00,2026-09-18T06:51:06.453+00:00,True,54,54.0,,54.0,95683.32442399999,98992.953864,98992.95399899999,1833.2028518333332,39.969726,95683.32442399999,13012.356070786902,81.9646125,62.44583849056604,8.409388494224856,0.545493369903752,23,64,,True,True,,221,87.6246207195492
84,2026-09-18T06:49:27.775+00:00,2026-09-18T06:51:04.354+00:00,2026-09-18T06:51:09.544+00:00,True,85,85.0,,85.0,96579.45562800001,101768.91226800001,101768.91217400001,1197.2813196941179,37.439741000000005,96579.45562800001,10468.818325574233,91.02693019999998,61.779245714285715,11.702449230258063,0.8352255920369821,23,64,,True,True,,445,87.6246207195492
85,2026-09-18T06:49:28.110+00:00,2026-09-18T06:51:05.670+00:00,2026-09-18T06:51:08.313+00:00,True,43,43.0,,43.0,97559.449617,100202.574865,100202.57495600001,2330.2924408372096,38.309869,97559.449617,14868.08539713888,94.64741610000002,62.93155352380952,13.26947457674287,0.4291306890859106,23,64,,True,True,,245,87.6246207195492
86,2026-09-18T06:49:28.584+00:00,2026-09-18T06:51:07.279+00:00,2026-09-18T06:51:12.867+00:00,True,91,91.0,,91.0,98694.719269,104283.321893,104283.32177699999,1145.970568978022,34.909346,98694.719269,10339.515185669512,84.0774545,62.095584711111115,11.928243482168037,0.872622758348364,23,64,,True,True,,395,87.6246207195492
87,2026-09-18T06:49:29.082+00:00,2026-09-18T06:51:09.540+00:00,2026-09-18T06:51:12.150+00:00,True,42,42.0,,42.0,100457.85972,103068.499592,103068.49972899999,2454.0118983095235,38.278419,100457.85972,15491.161469773346,78.14143345000001,63.674143219512196,8.581722401040723,0.4074959872925129,23,64,,True,True,,194,87.6246207195492
88,2026-09-18T06:49:29.392+00:00,2026-09-18T06:51:10.727+00:00,2026-09-18T06:51:12.573+00:00,True,30,30.0,,30.0,101335.475308,103181.565036,103181.56509199999,3439.3855030666664,38.654649,101335.475308,18489.623184375752,92.92451024999998,63.65826648275862,11.807843147836486,0.2907496120022314,23,64,,True,True,,123,87.6246207195492
89,2026-09-18T06:49:29.784+00:00,2026-09-18T06:51:12.344+00:00,2026-09-18T06:51:17.481+00:00,True,82,82.0,,82.0,102559.905405,107696.780413,107696.780579,1313.3753729146342,39.025118,102559.905405,11318.846855868484,91.33284005,63.41820997530864,8.772941769074228,0.7613969487810411,23,64,,True,True,,336,87.6246207195492
90,2026-09-18T06:49:30.253+00:00,2026-09-18T06:51:13.897+00:00,2026-09-18T06:51:18.713+00:00,True,76,76.0,,76.0,103644.230933,108459.760149,108459.75999,1427.102105131579,38.13978,103644.230933,11881.447349403696,91.57287625000001,64.20705621333333,9.50741608667164,0.7007207087272977,23,64,,True,True,,368,87.6246207195492
91,2026-09-18T06:49:30.661+00:00,2026-09-18T06:51:15.268+00:00,2026-09-18T06:51:17.812+00:00,True,40,40.0,,40.0,104606.288175,107150.62967899999,107150.629766,2678.76574415,36.986470999999995,104606.288175,16529.394908472328,95.5262003,65.23952574358974,11.314427711875016,0.3733062523275067,23,64,,True,True,,90,87.6246207195492
92,2026-09-18T06:49:31.157+00:00,2026-09-18T06:51:17.204+00:00,2026-09-18T06:51:22.280+00:00,True,80,80.0,,80.0,106046.93790199999,111123.22334199998,111123.22337699999,1389.0402922125,38.563688,106046.93790199999,11849.229482493762,91.71055399999999,64.25677772151899,11.501107217261488,0.7199215212988094,23,64,,True,True,,426,87.6246207195492
93,2026-09-18T06:49:31.640+00:00,2026-09-18T06:51:19.081+00:00,2026-09-18T06:51:21.077+00:00,True,33,33.0,,33.0,107440.852237,109436.129037,109436.129044,3316.246334666667,38.786178,107440.852237,18692.200561204492,92.0048016,62.3524,10.776866491971282,0.3015457535860283,23,64,,True,True,,138,87.6246207195492
94,2026-09-18T06:49:32.162+00:00,2026-09-18T06:51:21.140+00:00,2026-09-18T06:51:24.023+00:00,True,46,46.0,,46.0,108978.559194,111861.212634,111861.21272,2431.7654939130434,37.792661,108978.559194,16058.571383710818,93.41146175,64.05896533333333,12.044670783115206,0.4112238631857848,23,64,,True,True,,162,87.6246207195492
95,2026-09-18T06:49:32.639+00:00,2026-09-18T06:51:22.995+00:00,2026-09-18T06:51:25.181+00:00,True,36,36.0,,36.0,110356.385369,112542.650713,112542.650753,3126.1847431388887,35.629854,110356.385369,18382.323596790317,95.13341150000001,62.464724114285715,11.491885800249658,0.319878728392538,23,64,,True,True,,180,87.6246207195492
96,2026-09-18T06:49:33.029+00:00,2026-09-18T06:51:24.524+00:00,2026-09-18T06:51:26.437+00:00,True,32,32.0,,32.0,111494.883355,113408.29775499999,113408.297784,3544.00930575,40.077116000000004,111494.883355,19698.78752040778,79.67910475000001,61.72304516129032,8.305796801252432,0.2821663020560519,23,64,,True,True,,125,87.6246207195492
97,2026-09-18T06:49:33.373+00:00,2026-09-18T06:51:25.904+00:00,2026-09-18T06:51:27.876+00:00,True,33,33.0,,33.0,112531.25024,114502.984,114502.984031,3469.787394878788,35.975933,112531.25024,19578.454622240908,94.9191104,61.61668,13.405583785530373,0.2882020961130585,23,64,,True,True,,144,87.6246207195492
98,2026-09-18T06:49:33.821+00:00,2026-09-18T06:51:27.971+00:00,2026-09-18T06:51:31.669+00:00,True,61,61.0,,61.0,114149.983198,117847.64028600001,117847.640124,1931.9285266229508,37.487881,114149.983198,14607.521158254984,90.51828200000001,61.627618133333335,11.000158230989644,0.5176174919749041,23,64,,True,True,,295,87.6246207195492
99,2026-09-18T06:49:34.334+00:00,2026-09-18T06:51:30.087+00:00,2026-09-18T06:51:34.420+00:00,True,69,69.0,,69.0,115752.85159600001,120085.67386800001,120085.673857,1740.372084884058,36.546332,115752.85159600001,13927.341340619805,94.2936174,63.71797458823529,13.342176905728193,0.5745897722641407,23,64,,True,True,,346,87.6246207195492
100,2026-09-18T06:49:35.145+00:00,2026-09-18T06:51:32.648+00:00,2026-09-18T06:51:33.475+00:00,True,14,14.0,,14.0,117502.95087100001,118329.938647,118329.93865000001,8452.138475,41.431363,117502.95087100001,31386.98593123652,41184.4780573,63.6144443076923,14.351084562736432,0.11831325326521615,23,64,,True,True,,74,87.6246207195492
101,2026-09-18T06:49:35.278+00:00,2026-09-18T06:51:34.084+00:00,2026-09-18T06:51:38.172+00:00,True,66,66.0,,66.0,118805.602249,122893.834441,122893.834353,1862.0277932272727,37.82711,118805.602249,14616.221955436402,92.48410125000001,62.895879876923075,12.407622635981841,0.5370489113649219,23,64,,True,True,,166,87.6246207195492
102,2026-09-18T06:49:35.588+00:00,2026-09-18T06:51:35.512+00:00,2026-09-18T06:51:41.393+00:00,True,96,96.0,,96.0,119923.237959,125804.380487,125804.380585,1310.4622977604167,37.527629999999995,119923.237959,12233.299409955509,76.05092400000001,61.90676345263158,9.3317547386316,0.7630894856631814,23,64,,True,True,,492,87.6246207195492
103,2026-09-18T06:49:36.052+00:00,2026-09-18T06:51:37.189+00:00,2026-09-18T06:51:39.779+00:00,True,42,42.0,,42.0,121137.394399,123726.844383,123726.844487,2945.877249690476,34.828646,121137.394399,18682.164094825355,92.92317870000001,63.157316682926826,11.935010500594824,0.3394574573484457,23,64,,True,True,,167,87.6246207195492
104,2026-09-18T06:49:36.500+00:00,2026-09-18T06:51:39.341+00:00,2026-09-18T06:51:41.900+00:00,True,44,44.0,,44.0,122841.427293,125399.625821,125399.625729,2849.9914938409092,36.147193,122841.427293,18510.07453262891,66.9407575,59.49298902325582,7.493106699244102,0.35087823996227235,23,64,,True,True,,165,87.6246207195492
105,2026-09-18T06:49:36.811+00:00,2026-09-18T06:51:40.496+00:00,2026-09-18T06:51:44.512+00:00,True,66,66.0,,66.0,123685.700949,127701.65205300001,127701.65194600001,1934.8735143333333,39.006668,123685.700949,15217.054813963561,79.45124575000001,61.78386313846154,8.85879580326899,0.5168296489430537,23,64,,True,True,,320,87.6246207195492
106,2026-09-18T06:49:37.292+00:00,2026-09-18T06:51:42.208+00:00,2026-09-18T06:51:46.840+00:00,True,77,77.0,,77.0,124915.916568,129547.935768,129547.935647,1682.4407226883118,37.50933,124915.916568,14228.54664973704,67.92642040000001,60.94762105263158,8.344217482943478,0.5943745806795016,23,64,,True,True,,391,87.6246207195492
107,2026-09-18T06:49:37.752+00:00,2026-09-18T06:51:44.144+00:00,2026-09-18T06:51:48.757+00:00,True,78,78.0,,78.0,126392.170564,131005.134916,131005.134942,1679.553012076923,36.345352,126392.170564,14304.314885277114,68.32808684999999,59.908627948051944,9.32362654654147,0.5953965090758717,23,64,,True,True,,395,87.6246207195492
108,2026-09-18T06:49:38.182+00:00,2026-09-18T06:51:45.378+00:00,2026-09-18T06:51:50.737+00:00,True,90,90.0,,90.0,127195.97620399999,132554.92404399998,132554.924045,1472.8324893888887,35.594834000000006,127195.97620399999,13401.289261257954,69.95369735,60.212897078651686,9.202505099602247,0.6789638381907683,23,64,,True,True,,389,87.6246207195492
109,2026-09-18T06:49:38.650+00:00,2026-09-18T06:51:47.094+00:00,2026-09-18T06:51:50.613+00:00,True,60,60.0,,60.0,128444.258638,131962.726222,131962.72621,2199.3787701666665,38.683048,128444.258638,16574.38558854725,68.83458695000002,59.63504379661017,8.113478600051847,0.45467384402973315,23,64,,True,True,,281,87.6246207195492
110,2026-09-18T06:49:39.124+00:00,2026-09-18T06:51:49.074+00:00,2026-09-18T06:51:49.263+00:00,True,4,4.0,,4.0,129950.063203,130139.05085099999,130139.050941,32534.76273525,59.722578999999996,129950.063203,64943.5337920093,110467.9289782,62.99588266666667,5.348817571669213,0.03073635449039595,23,64,,True,True,,19,87.6246207195492
111,2026-09-18T06:49:39.547+00:00,2026-09-18T06:51:50.362+00:00,2026-09-18T06:51:50.798+00:00,True,8,8.0,,8.0,130814.813763,131250.739779,131250.73982,16406.3424775,58.615801,130814.813763,46228.0034664448,85053.579902,62.27514514285714,3.4679044408377915,0.06095203740162075,23,64,,True,True,,22,87.6246207195492
112,2026-09-18T06:49:39.942+00:00,2026-09-18T06:51:51.738+00:00,2026-09-18T06:51:52.621+00:00,True,14,14.0,,14.0,131795.823567,132679.04993500002,132679.05000000002,9477.075,52.548072,131795.823567,35205.759630705106,46189.065056349995,67.94048984615384,12.371088642198483,0.10551778903194328,23,64,,True,True,,82,87.6246207195492
113,2026-09-18T06:49:40.475+00:00,2026-09-18T06:51:53.572+00:00,2026-09-18T06:51:59.047+00:00,True,92,92.0,,92.0,133097.16145,138572.48765800003,138572.48758400002,1506.222691130435,34.047686,133097.16145,13870.069537751267,71.5485598,60.16841986813187,10.870324430607269,0.6639124515615108,23,64,,True,True,,428,87.6246207195492
114,2026-09-18T06:49:40.795+00:00,2026-09-18T06:51:55.132+00:00,2026-09-18T06:52:00.608+00:00,True,92,92.0,,92.0,134337.023853,139813.020525,139813.020456,1519.7067440869564,36.638411,134337.023853,13999.33193425181,70.0062439,60.17578760439561,8.881365297242006,0.6580216896433437,23,64,,True,True,,391,87.6246207195492
115,2026-09-18T06:49:41.276+00:00,2026-09-18T06:51:57.031+00:00,2026-09-18T06:51:58.309+00:00,True,23,23.0,,23.0,135754.931281,137032.173137,137032.173049,5957.920567347826,37.830519,135754.931281,28294.755735610826,68.5689344,58.056448,9.07642778366161,0.16784379517214107,23,64,,True,True,,72,87.6246207195492
116,2026-09-18T06:49:41.569+00:00,2026-09-18T06:51:58.197+00:00,2026-09-18T06:52:04.075+00:00,True,96,96.0,,96.0,136628.601226,142505.949834,142505.949912,1484.43697825,34.554655,136628.601226,13938.287576077837,80.80429225,61.866827452631576,10.089170161270966,0.6736560832149598,23,64,,True,True,,296,87.6246207195492
117,2026-09-18T06:49:41.954+00:00,2026-09-18T06:51:59.727+00:00,2026-09-18T06:52:00.728+00:00,True,17,17.0,,17.0,137773.53505500001,138774.781519,138774.78150900002,8163.222441705883,36.641172,137773.53505500001,33399.815289978134,27634.877093400002,62.577904,12.58515856731876,0.12250064322870136,23,64,,True,True,,89,87.6246207195492
118,2026-09-18T06:49:42.304+00:00,2026-09-18T06:52:00.844+00:00,2026-09-18T06:52:06.394+00:00,True,90,90.0,,90.0,138540.23017899998,144089.28976299998,144089.289837,1600.9921092999998,36.514602,138540.23017899998,14596.855207950084,94.26830995,62.348984089887644,11.991668482807068,0.6246126977795033,23,64,,True,True,,413,87.6246207195492
119,2026-09-18T06:49:42.754+00:00,2026-09-18T06:52:02.484+00:00,2026-09-18T06:52:04.879+00:00,True,39,39.0,,39.0,139730.755172,142125.177444,142125.17742,3644.2353184615386,38.343169,139730.755172,22364.7406656675,92.79113280000001,63.01111242105264,11.060852529752143,0.27440598985613746,23,64,,True,True,,162,87.6246207195492
120,2026-09-18T06:49:43.195+00:00,2026-09-18T06:52:04.143+00:00,2026-09-18T06:52:04.419+00:00,True,5,5.0,,5.0,140947.074357,141223.122741,141223.12281200002,28244.6245624,56.330434000000004,140947.074357,63002.58594103615,112775.5199924,69.012096,14.18807420546331,0.035404966998002774,23,64,,True,True,,21,87.6246207195492
121,2026-09-18T06:49:43.550+00:00,2026-09-18T06:52:05.374+00:00,2026-09-18T06:52:08.495+00:00,True,51,51.0,,51.0,141823.318277,144945.211653,144945.21168900002,2842.062974294118,34.930925,141823.318277,19850.497508236032,93.87972549999999,62.437867520000005,12.33395904941461,0.3518570873668763,23,64,,True,True,,235,87.6246207195492
122,2026-09-18T06:49:44.069+00:00,2026-09-18T06:52:07.515+00:00,2026-09-18T06:52:11.220+00:00,True,62,62.0,,62.0,143446.420482,147151.46829,147151.46819699998,2373.4107773709675,37.43459,143446.420482,18210.001114448587,67.6596786,60.738488655737704,6.914127668598054,0.4213345658081575,23,64,,True,True,,318,87.6246207195492
123,2026-09-18T06:49:44.423+00:00,2026-09-18T06:52:09.069+00:00,2026-09-18T06:52:14.561+00:00,True,90,90.0,,90.0,144646.819419,150138.793307,150138.793393,1668.2088154777778,32.825919,144646.819419,15240.612688221834,83.8171545,61.7075717752809,10.702211382603,0.5994453399926445,23,64,,True,True,,471,87.6246207195492
124,2026-09-18T06:49:44.844+00:00,2026-09-18T06:52:10.620+00:00,2026-09-18T06:52:13.915+00:00,True,53,53.0,,53.0,145776.18680599998,149070.67487,149070.674875,2812.654242924528,34.080756,145776.18680599998,20015.199795757442,91.861481,63.355539692307694,11.281914539862004,0.35553605728436993,23,64,,True,True,,251,87.6246207195492
125,2026-09-18T06:49:45.219+00:00,2026-09-18T06:52:12.166+00:00,2026-09-18T06:52:17.374+00:00,True,84,84.0,,84.0,146947.053787,152155.90319500002,152155.903209,1811.379800107143,34.859376,146947.053787,16026.39546692731,93.51259425,62.75722178313253,12.497753043362952,0.5520653371716197,23,64,,True,True,,384,87.6246207195492
126,2026-09-18T06:49:45.541+00:00,2026-09-18T06:52:13.258+00:00,2026-09-18T06:52:14.017+00:00,True,13,13.0,,13.0,147716.978545,148476.18724899998,148476.18704999998,11421.245157692307,43.02011,147716.978545,40951.77287557335,59142.9743416,63.267392,11.941573045783572,0.08755612762468452,23,64,,True,True,,80,87.6246207195492
127,2026-09-18T06:49:45.854+00:00,2026-09-18T06:52:14.639+00:00,2026-09-18T06:52:19.111+00:00,True,72,72.0,,72.0,148785.111128,153256.969048,153256.96924399998,2128.5690172777777,34.815605000000005,148785.111128,17527.076025844148,93.69664904999999,62.98391436619718,13.660685128462612,0.4697991905180484,23,64,,True,True,,365,87.6246207195492
128,2026-09-18T06:49:46.165+00:00,2026-09-18T06:52:15.753+00:00,2026-09-18T06:52:17.431+00:00,True,28,28.0,,28.0,149587.817497,151266.034969,151266.034809,5402.358386035715,36.755982,149587.817497,28257.6968920783,98.43595335,62.156202666666665,13.279462920594574,0.1851043428601684,23,64,,True,True,,105,87.6246207195492
129,2026-09-18T06:49:46.540+00:00,2026-09-18T06:52:17.373+00:00,2026-09-18T06:52:18.321+00:00,True,15,15.0,,15.0,150833.30898899998,151781.376573,151781.376471,10118.7584314,48.36935,150833.30898899998,38927.51067642841,45319.9834385,67.71911314285715,15.202538903891055,0.0988263536586498,23,64,,True,True,,70,87.6246207195492
130,2026-09-18T06:49:47.017+00:00,2026-09-18T06:52:19.235+00:00,2026-09-18T06:52:22.071+00:00,True,45,45.0,,45.0,152217.986329,155053.997337,155053.997313,3445.6443847333335,38.224088,152217.986329,22681.711931208465,93.58198320000001,64.45479563636363,11.047802852933478,0.2902214762138338,23,64,,True,True,,189,87.6246207195492
131,2026-09-18T06:49:47.465+00:00,2026-09-18T06:52:20.926+00:00,2026-09-18T06:52:23.108+00:00,True,35,35.0,,35.0,153461.665592,155643.236664,155643.236806,4446.949623028571,43.681729,153461.665592,25928.911647699653,89.25920609999999,64.16385505882353,8.639054365950551,0.2248732469857165,23,64,,True,True,,176,87.6246207195492
132,2026-09-18T06:49:47.833+00:00,2026-09-18T06:52:22.259+00:00,2026-09-18T06:52:25.068+00:00,True,45,45.0,,45.0,154426.069537,157235.554337,157235.55434,3494.123429777778,36.480182,154426.069537,23010.964157126145,93.8379412,63.85192727272727,12.606852289434501,0.28619481255207935,23,64,,True,True,,163,87.6246207195492
134,2026-09-18T06:49:48.878+00:00,2026-09-18T06:52:24.120+00:00,2026-09-18T06:52:27.618+00:00,True,56,56.0,,56.0,155242.438336,158740.395712,158740.395616,2834.6499217142855,37.50479,155242.438336,20736.646856364743,90.13512200000001,63.59922501818182,9.697910500130885,0.35277724834200264,23,64,,True,True,,234,87.6246207195492
133,2026-09-18T06:49:48.854+00:00,2026-09-18T06:52:25.066+00:00,2026-09-18T06:52:30.588+00:00,True,89,89.0,,89.0,156211.94842899998,161733.96673299998,161733.96648499998,1817.235578483146,35.984063,156211.94842899998,16551.78465233228,77.4250974,62.750208,9.585661673339953,0.5502863857097283,23,64,,True,True,,345,87.6246207195492
135,2026-09-18T06:49:49.048+00:00,2026-09-18T06:52:26.596+00:00,2026-09-18T06:52:27.868+00:00,True,21,21.0,,21.0,157547.48893599998,158819.727016,158819.72701399997,7562.844143523808,40.442843999999994,157547.48893599998,34365.80047818423,89.953333,63.611904,8.86424951258172,0.13222538783160354,23,64,,True,True,,101,87.6246207195492
136,2026-09-18T06:49:49.512+00:00,2026-09-18T06:52:28.517+00:00,2026-09-18T06:52:33.991+00:00,True,87,87.0,,87.0,159005.63424900002,164479.46490500003,164479.46473600002,1890.5685601839084,36.686641,159005.63424900002,17040.373927032368,96.313451,63.649193674418605,12.425921320780514,0.5289414094960085,23,64,,True,True,,520,87.6246207195492
137,2026-09-18T06:49:49.814+00:00,2026-09-18T06:52:29.673+00:00,2026-09-18T06:52:31.102+00:00,True,25,25.0,,25.0,159859.430942,161288.69379000002,161288.69387800002,6451.54775512,40.963444,159859.430942,31959.976476990963,67.25020420000001,59.55261866666667,7.364118977396246,0.155001565283617,23,64,,True,True,,126,87.6246207195492
138,2026-09-18T06:49:50.280+00:00,2026-09-18T06:52:31.444+00:00,2026-09-18T06:52:35.065+00:00,True,57,57.0,,57.0,161163.235652,164784.71866,164784.718612,2890.959975649123,38.679078000000004,161163.235652,21338.03061016726,100.0840174,64.66933942857142,13.564186187288014,0.34590586107446036,23,64,,True,True,,202,87.6246207195492
139,2026-09-18T06:49:50.638+00:00,2026-09-18T06:52:32.891+00:00,2026-09-18T06:52:37.901+00:00,True,78,78.0,,78.0,162252.675964,167262.75519599998,167262.755166,2144.394297,38.612309,162252.675964,18364.13705153146,103.4479929,65.06596405194806,15.49109452016322,0.4663321485324029,23,64,,True,True,,323,87.6246207195492
140,2026-09-18T06:49:50.949+00:00,2026-09-18T06:52:34.243+00:00,2026-09-18T06:52:37.133+00:00,True,45,45.0,,45.0,163294.330797,166184.369069,166184.369241,3692.9859831333333,39.037177,163294.330797,24332.694803955943,99.5710188,65.682688,15.13727847231044,0.27078358964865057,23,64,,True,True,,229,87.6246207195492
141,2026-09-18T06:49:51.395+00:00,2026-09-18T06:52:36.254+00:00,2026-09-18T06:52:40.114+00:00,True,62,62.0,,62.0,164858.54166299998,168719.31811099997,168719.31815699997,2721.279325112903,38.393409,164858.54166299998,20929.022621735814,96.80966364999999,63.29141718032787,14.457377428079443,0.3674742210563604,23,64,,True,True,,281,87.6246207195492
142,2026-09-18T06:49:51.695+00:00,2026-09-18T06:52:37.129+00:00,2026-09-18T06:52:38.274+00:00,True,19,19.0,,19.0,165433.873975,166578.998839,166578.998871,8767.31573005263,35.533243999999996,165433.873975,37938.542686057335,16647.3871801,63.618048,18.066317224650504,0.11405999635262341,23,64,,True,True,,89,87.6246207195492
143,2026-09-18T06:49:52.194+00:00,2026-09-18T06:52:39.060+00:00,2026-09-18T06:52:42.825+00:00,True,61,61.0,,61.0,166866.12430599998,170630.76533,170630.76534999997,2797.2256614754097,38.006599,166866.12430599998,21356.986593174675,88.84406500000001,62.74401706666667,9.817222491542003,0.35749707786884716,23,64,,True,True,,278,87.6246207195492
144,2026-09-18T06:49:52.623+00:00,2026-09-18T06:52:40.784+00:00,2026-09-18T06:52:44.404+00:00,True,57,57.0,,57.0,168161.566404,171780.91974800001,171780.91966800002,3013.7003450526317,36.452202,168161.566404,22264.985695847474,93.99783520000001,64.63130971428572,11.125640496251233,0.3318179928458768,23,64,,True,True,,267,87.6246207195492
145,2026-09-18T06:49:52.933+00:00,2026-09-18T06:52:41.983+00:00,2026-09-18T06:52:41.983+00:00,True,1,1.0,,1.0,169049.963162,169049.963162,169049.963162,169049.963162,169049.963162,169049.963162,nan,169049.963162,nan,nan,0.005915410931155917,23,64,,True,True,,2,87.6246207195492
146,2026-09-18T06:49:53.279+00:00,2026-09-18T06:52:43.514+00:00,2026-09-18T06:52:43.576+00:00,True,2,2.0,,2.0,170234.64736700003,170297.35712700002,170297.35721100002,85148.67860550001,62.709844,170234.64736700003,120329.73099016682,161726.05049085003,62.70976,nan,0.011744163466427086,23,64,,True,True,,5,87.6246207195492
147,2026-09-18T06:49:53.655+00:00,2026-09-18T06:52:44.585+00:00,2026-09-18T06:52:46.585+00:00,True,34,34.0,,34.0,170929.274275,172929.738403,172929.738506,5086.168779588235,38.099188999999996,170929.274275,29303.734616449638,85.98216860000001,60.62012509090909,11.491898678187138,0.19661164305219447,23,64,,True,True,,126,87.6246207195492
148,2026-09-18T06:49:54.146+00:00,2026-09-18T06:52:46.652+00:00,2026-09-18T06:52:48.999+00:00,True,37,37.0,,37.0,172506.729945,174853.585113,174853.58513,4725.772571081081,37.968099,172506.729945,28349.218317860625,99.71867199999998,65.19042133333333,14.98584759235188,0.21160561263921793,23,64,,True,True,,155,87.6246207195492
149,2026-09-18T06:49:54.448+00:00,2026-09-18T06:52:47.980+00:00,2026-09-18T06:52:51.163+00:00,True,53,53.0,,53.0,173531.797489,176714.56843299998,176714.568546,3334.2371423773584,38.481138,173531.797489,23828.019710165685,75.1053074,61.207133538461534,8.791704692570459,0.29991867942735323,23,64,,True,True,,203,87.6246207195492
150,2026-09-18T06:49:54.859+00:00,2026-09-18T06:52:49.371+00:00,2026-09-18T06:52:52.052+00:00,True,43,43.0,,43.0,174511.738162,177192.46213,177192.462065,4120.754931744186,36.914171,174511.738162,26603.060570743353,97.02841140000001,63.826761142857144,13.78082011000581,0.24267397993743314,23,64,,True,True,,172,87.6246207195492
151,2026-09-18T06:49:55.312+00:00,2026-09-18T06:52:51.096+00:00,2026-09-18T06:52:57.248+00:00,True,94,94.0,,94.0,175783.909575,181935.415495,181935.415524,1935.4831438723404,37.767899,175783.909575,18123.9083636515,95.91828705,66.14522494623655,13.28147874504372,0.5166668608431728,23,64,,True,True,,375,87.6246207195492
152,2026-09-18T06:49:55.805+00:00,2026-09-18T06:52:53.205+00:00,2026-09-18T06:52:56.499+00:00,True,50,50.0,,50.0,177399.937725,180693.542845,180693.542853,3613.8708570599997,41.241833,177399.937725,25078.637401800504,96.75459815,67.21643102040817,13.293174797006532,0.27671160359554353,23,64,,True,True,,284,87.6246207195492
153,2026-09-18T06:49:56.217+00:00,2026-09-18T06:52:54.748+00:00,2026-09-18T06:52:57.854+00:00,True,48,48.0,,48.0,178530.68035299997,181636.84534499998,181636.84535099997,3784.1009448124996,38.196908,178530.68035299997,25759.148305504586,95.64170119999999,66.08861685106383,13.151008464498291,0.26426356342419993,23,64,,True,True,,192,87.6246207195492
154,2026-09-18T06:49:56.637+00:00,2026-09-18T06:52:56.308+00:00,2026-09-18T06:52:59.318+00:00,True,48,48.0,,48.0,179670.615234,182681.024962,182681.025071,3805.8546889791664,36.014932,179670.615234,25923.97774173801,93.5663235,64.05127080851064,13.078795323424606,0.2627530692363075,23,64,,True,True,,317,87.6246207195492
155,2026-09-18T06:49:57.001+00:00,2026-09-18T06:52:57.503+00:00,2026-09-18T06:52:58.852+00:00,True,22,22.0,,22.0,180501.440823,181850.49656700002,181850.496683,8265.931667409091,35.313583,180501.440823,38469.34325042512,97.87908609999998,64.24074971428571,15.408106034584502,0.12097849835617269,23,64,,True,True,,112,87.6246207195492
156,2026-09-18T06:49:57.462+00:00,2026-09-18T06:52:59.140+00:00,2026-09-18T06:52:59.740+00:00,True,11,11.0,,11.0,181678.557433,182278.61042500002,182278.610503,16570.782773000003,40.064935,181678.557433,54760.05435305858,90872.4790145,60.0052992,7.810265608016909,0.060347179377505944,23,64,,True,True,,46,87.6246207195492
157,2026-09-18T06:49:57.851+00:00,2026-09-18T06:53:00.903+00:00,2026-09-18T06:53:04.644+00:00,True,62,62.0,,62.0,183051.86428,186792.971736,186792.97161200002,3012.7898647096777,41.585363,183051.86428,23239.821920014554,69.7767216,61.32963042622951,6.068881096874592,0.33191826985667544,23,64,,True,True,,240,87.6246207195492
158,2026-09-18T06:49:58.206+00:00,2026-09-18T06:53:02.227+00:00,2026-09-18T06:53:04.606+00:00,True,40,40.0,,40.0,184021.45872999998,186400.34103399998,186400.34100599997,4660.0085251499995,41.129633,184021.45872999998,29086.703553102507,67.51350640000001,60.996982153846155,6.11360790779815,0.21459188206476446,23,64,,True,True,,166,87.6246207195492
159,2026-09-18T06:49:58.569+00:00,2026-09-18T06:53:03.799+00:00,2026-09-18T06:53:04.351+00:00,True,10,10.0,,10.0,185230.141754,185782.06751400002,185782.067493,18578.2067493,52.66725099999999,185230.141754,58555.521446050916,101907.11110055001,61.32508444444445,5.308861284479166,0.05382650830520242,23,64,,True,True,,33,87.6246207195492
160,2026-09-18T06:49:58.976+00:00,2026-09-18T06:53:05.266+00:00,2026-09-18T06:53:09.686+00:00,True,75,75.0,,75.0,186290.431454,190709.97807800001,190709.978238,2542.79970984,34.471165,186290.431454,21504.072497271205,69.65952,59.723603027027025,10.71955549820808,0.39326730963874973,23,64,,True,True,,294,87.6246207195492
161,2026-09-18T06:49:59.270+00:00,2026-09-18T06:53:06.219+00:00,2026-09-18T06:53:06.432+00:00,True,5,5.0,,5.0,186949.075377,187161.855153,187161.855209,37432.3710418,40.266565,186949.075377,83582.3791362742,149571.9311478,53.194944,10.23475578220435,0.026714845265412807,23,64,,True,True,,25,87.6246207195492
162,2026-09-18T06:49:59.748+00:00,2026-09-18T06:53:08.314+00:00,2026-09-18T06:53:11.403+00:00,True,52,52.0,,52.0,188566.808173,191654.999405,191654.999225,3685.6730620192307,37.004481,188566.808173,26141.11587033795,68.46812614999999,60.55276925490196,9.392564835174767,0.2713208638513783,23,64,,True,True,,248,87.6246207195492
163,2026-09-18T06:50:00.185+00:00,2026-09-18T06:53:10.070+00:00,2026-09-18T06:53:10.175+00:00,True,3,3.0,,3.0,189884.914942,189990.124542,189990.124675,63330.04155833334,40.303565,189884.914942,109599.73601331777,170902.91406460002,52.6048,17.39650124604692,0.015790294402048287,23,64,,True,True,,13,87.6246207195492
164,2026-09-18T06:50:00.512+00:00,2026-09-18T06:53:11.272+00:00,2026-09-18T06:53:14.472+00:00,True,53,53.0,,53.0,190759.325,193959.70516,193959.705013,3659.617075716981,36.733751,190759.325,26194.356817939275,89.69474039999999,61.5457723076923,11.129937411391465,0.2732526323252532,23,64,,True,True,,188,87.6246207195492
165,2026-09-18T06:50:00.858+00:00,2026-09-18T06:53:12.393+00:00,2026-09-18T06:53:12.905+00:00,True,9,9.0,,9.0,191535.809592,192047.466296,192047.466366,21338.607374,42.99411,191535.809592,63823.952044674064,114957.74811959999,63.957088,13.302017470597372,0.04686341441302031,23,64,,True,True,,33,87.6246207195492
166,2026-09-18T06:50:01.369+00:00,2026-09-18T06:53:14.353+00:00,2026-09-18T06:53:17.496+00:00,True,51,51.0,,51.0,192983.596777,196127.282921,196127.282914,3845.6329983137257,37.44029,192983.596777,27014.308060703064,95.86882099999998,62.87372288,13.75494934602917,0.26003521407341773,23,64,,True,True,,246,87.6246207195492
167,2026-09-18T06:50:02.580+00:00,2026-09-18T06:53:15.760+00:00,2026-09-18T06:53:18.055+00:00,True,37,37.0,,37.0,193179.91709099998,195474.67472299997,195474.67477399998,5283.099318216216,38.574888,193179.91709099998,31748.105912031293,92.561865,63.743267555555555,12.786658498586881,0.18928283191892428,23,64,,True,True,,211,87.6246207195492
168,2026-09-18T06:50:02.656+00:00,2026-09-18T06:53:16.206+00:00,2026-09-18T06:53:22.210+00:00,True,97,97.0,,97.0,193549.499479,199554.03298299998,199554.033042,2057.258072597938,36.551212,193549.499479,19645.627984081093,91.76669100000001,62.547224,13.346914112336544,0.4860838869052746,23,64,,True,True,,518,87.6246207195492
169,2026-09-18T06:50:02.682+00:00,2026-09-18T06:53:16.507+00:00,2026-09-18T06:53:19.929+00:00,True,55,55.0,,55.0,193824.83456400002,197246.53466,197246.53471200002,3586.300631127273,35.709292999999995,193824.83456400002,26126.793976051496,92.06187010000002,63.36481659259259,12.045498837303017,0.27883886576159733,23,64,,True,True,,225,87.6246207195492
170,2026-09-18T06:50:02.955+00:00,2026-09-18T06:53:20.735+00:00,2026-09-18T06:53:24.322+00:00,True,59,59.0,,59.0,197779.40941,201366.670338,201366.670399,3412.994413542373,36.076862999999996,197779.40941,25740.63815138077,96.3989929,61.84932634482759,15.047557259451986,0.2929978426964439,23,64,,True,True,,283,87.6246207195492
171,2026-09-18T06:50:03.468+00:00,2026-09-18T06:53:22.556+00:00,2026-09-18T06:53:28.011+00:00,True,87,87.0,,87.0,199087.587324,204543.041532,204543.041703,2351.069444862069,36.114622000000004,199087.587324,21337.63283033147,92.6364872,63.43551404651163,13.209803310704002,0.42533835103057843,23,64,,True,True,,340,87.6246207195492
172,2026-09-18T06:50:03.875+00:00,2026-09-18T06:53:24.381+00:00,2026-09-18T06:53:28.796+00:00,True,71,71.0,,71.0,200505.98180500002,204921.329517,204921.32946600002,2886.2159079718313,30.728312000000003,200505.98180500002,23788.19903900309,92.4638325,63.076395885714284,11.359429904387554,0.3464744259045515,23,64,,True,True,,316,87.6246207195492
173,2026-09-18T06:50:04.205+00:00,2026-09-18T06:53:25.919+00:00,2026-09-18T06:53:26.366+00:00,True,8,8.0,,8.0,201714.45615,202160.70767,202160.70759600002,25270.088449500003,37.59074,201714.45615,71294.29271610416,131148.49025230002,63.75021714285714,17.84507664864573,0.03957247722469847,23,64,,True,True,,40,87.6246207195492
174,2026-09-18T06:50:04.564+00:00,2026-09-18T06:53:27.269+00:00,2026-09-18T06:53:29.401+00:00,True,36,36.0,,36.0,202705.194831,204837.227343,204837.227388,5689.922983,35.083214,202705.194831,33774.04799168364,76.34859974999999,60.91521462857143,9.828311809180608,0.1757493033222813,23,64,,True,True,,134,87.6246207195492
175,2026-09-18T06:50:05.071+00:00,2026-09-18T06:53:28.906+00:00,2026-09-18T06:53:33.881+00:00,True,82,82.0,,82.0,203835.175458,208810.407458,208810.407364,2546.4683824878052,36.127452,203835.175458,22503.049026928446,88.1892166,61.42261728395062,10.730031338625732,0.3927007326801631,23,64,,True,True,,242,87.6246207195492
176,2026-09-18T06:50:05.551+00:00,2026-09-18T06:53:30.915+00:00,2026-09-18T06:53:36.543+00:00,True,90,90.0,,90.0,205363.76920100002,210991.310705,210991.310759,2344.3478973222223,37.40795,205363.76920100002,21640.580702583662,93.87829045000001,63.230803415730335,12.947113247700747,0.42655785064928364,23,64,,True,True,,393,87.6246207195492
177,2026-09-18T06:50:05.876+00:00,2026-09-18T06:53:32.358+00:00,2026-09-18T06:53:36.539+00:00,True,67,67.0,,67.0,206482.191864,210663.295224,210663.295204,3144.2282866268656,34.826803999999996,206482.191864,25218.07960157875,95.51783429999999,63.3500509090909,14.99840690263409,0.31804306454410275,23,64,,True,True,,314,87.6246207195492
178,2026-09-18T06:50:06.399+00:00,2026-09-18T06:53:34.406+00:00,2026-09-18T06:53:36.496+00:00,True,33,33.0,,33.0,208007.758502,210097.651366,210097.65136800002,6366.595496,38.196667999999995,208007.758502,36198.13715100108,95.3431418,65.309152,14.959362857394627,0.15706981865548056,23,64,,True,True,,122,87.6246207195492
179,2026-09-18T06:50:06.880+00:00,2026-09-18T06:53:36.013+00:00,2026-09-18T06:53:40.517+00:00,True,73,73.0,,73.0,209132.974919,213636.433991,213636.434046,2926.526493780822,35.099233999999996,209132.974919,24469.84501499994,89.6269826,62.54804266666667,10.9334946962922,0.34170201513041226,23,64,,True,True,,350,87.6246207195492
180,2026-09-18T06:50:07.299+00:00,2026-09-18T06:53:37.788+00:00,2026-09-18T06:53:41.393+00:00,True,59,59.0,,59.0,210489.538126,214094.281294,214094.281251,3628.7166313728812,36.633661999999994,210489.538126,27395.31418463209,86.83080260000001,62.15074427586207,9.963981016728853,0.27557952339221814,23,64,,True,True,,268,87.6246207195492
181,2026-09-18T06:50:07.702+00:00,2026-09-18T06:53:39.675+00:00,2026-09-18T06:53:41.054+00:00,True,24,24.0,,24.0,211972.880354,213351.902178,213351.902068,8889.662586166667,36.350932,211972.880354,43256.54523234269,73.52655245,59.95747060869565,9.434777868232645,0.1124902086880704,23,64,,True,True,,98,87.6246207195492
182,2026-09-18T06:50:08.076+00:00,2026-09-18T06:53:40.800+00:00,2026-09-18T06:53:45.451+00:00,True,75,75.0,,75.0,212724.201212,217374.555132,217374.555166,2898.3274022133337,35.368654,212724.201212,24556.021121222475,93.0619124,62.84262054054054,11.367279714671527,0.34502658305364436,23,64,,True,True,,410,87.6246207195492
183,2026-09-18T06:50:08.392+00:00,2026-09-18T06:53:41.940+00:00,2026-09-18T06:53:46.992+00:00,True,82,82.0,,82.0,213547.458426,218599.519354,218599.51923,2665.847795487805,37.939440000000005,213547.458426,23575.486153040634,91.2304005,62.37112256790123,10.172901047942132,0.37511518891864176,23,64,,True,True,,403,87.6246207195492
184,2026-09-18T06:50:08.738+00:00,2026-09-18T06:53:43.305+00:00,2026-09-18T06:53:47.244+00:00,True,63,63.0,,63.0,214567.335214,218506.317358,218506.317246,3468.354242,37.1214,214567.335214,27024.94051081939,87.7318945,63.53197006451613,9.15820852007343,0.2883211833952655,23,64,,True,True,,301,87.6246207195492
185,2026-09-18T06:50:09.178+00:00,2026-09-18T06:53:45.045+00:00,2026-09-18T06:53:45.106+00:00,True,2,2.0,,2.0,215867.593524,215928.319284,215928.319121,107964.1595605,60.725597,215867.593524,152598.49973781133,205077.25012765,60.72576,nan,0.009262333012324786,23,64,,True,True,,6,87.6246207195492
186,2026-09-18T06:50:09.607+00:00,2026-09-18T06:53:46.576+00:00,2026-09-18T06:53:47.051+00:00,True,8,8.0,,8.0,216969.014567,217444.291879,217444.29191,27180.53648875,60.452417000000004,216969.014567,76686.12658719349,141063.8569247,67.89675885714286,13.135164289605662,0.03679103245649564,23,64,,True,True,,39,87.6246207195492
187,2026-09-18T06:50:09.963+00:00,2026-09-18T06:53:48.047+00:00,2026-09-18T06:53:52.061+00:00,True,65,65.0,,65.0,218084.115336,222097.79111199998,222097.791148,3416.889094584615,0.019039999999999998,218084.115336,27042.246363243503,93.01078619999998,62.713684,32.87831687039325,0.2926638742085537,23,64,,True,True,,276,87.6246207195492
188,2026-09-18T06:50:10.301+00:00,2026-09-18T06:53:49.782+00:00,2026-09-18T06:53:49.966+00:00,True,4,4.0,,4.0,219480.38697,219664.844954,219664.844826,54916.2112065,59.805408,219480.38697,109709.45051826288,186567.82255230003,61.48599466666666,1.7460431221494312,0.018209559207517434,23,64,,True,True,,21,87.6246207195492
189,2026-09-18T06:50:10.822+00:00,2026-09-18T06:53:51.488+00:00,2026-09-18T06:53:55.366+00:00,True,63,63.0,,63.0,220665.623354,224543.25177,224543.251781,3564.1785996984127,35.061584,220665.623354,27793.378880793127,91.3523712,62.542393806451614,13.307357479368765,0.2805695539874473,23,64,,True,True,,246,87.6246207195492
190,2026-09-18T06:50:11.291+00:00,2026-09-18T06:53:53.332+00:00,2026-09-18T06:53:57.963+00:00,True,75,75.0,,75.0,222041.896521,226672.949321,226672.949351,3022.3059913466664,38.446649,222041.896521,25631.965163320056,83.39730080000001,62.5817945945946,9.511742433022444,0.3308731819331018,23,64,,True,True,,370,87.6246207195492
191,2026-09-18T06:50:11.649+00:00,2026-09-18T06:53:54.740+00:00,2026-09-18T06:53:55.618+00:00,True,15,15.0,,15.0,223090.673958,223968.990758,223968.990574,14931.266038266667,39.941295,223090.673958,57585.5669067339,66994.45643040001,62.736914285714285,12.077449058119742,0.06697355713946848,23,64,,True,True,,64,87.6246207195492
192,2026-09-18T06:50:12.070+00:00,2026-09-18T06:53:56.238+00:00,2026-09-18T06:53:59.786+00:00,True,58,58.0,,58.0,224168.370529,227716.959329,227716.95928500002,3926.1544704310345,38.943877,224168.370529,29426.57577762839,76.84313185,62.25594385964912,8.7883086176629,0.2547021538092953,23,64,,True,True,,269,87.6246207195492
193,2026-09-18T06:50:12.549+00:00,2026-09-18T06:53:57.809+00:00,2026-09-18T06:53:59.726+00:00,True,32,32.0,,32.0,225260.233461,227177.438709,227177.438601,7099.29495628125,40.295284,225260.233461,39809.82852205586,94.44251525,61.84533058064516,11.762324854777921,0.1408590579322007,23,64,,True,True,,172,87.6246207195492
194,2026-09-18T06:50:12.884+00:00,2026-09-18T06:53:59.183+00:00,2026-09-18T06:54:03.537+00:00,True,70,70.0,,70.0,226299.089198,230653.290286,230653.290226,3295.0470032285716,36.658982,226299.089198,27040.374282451998,90.8510903,63.1043635942029,10.808437079525783,0.30348580726163954,23,64,,True,True,,267,87.6246207195492
195,2026-09-18T06:50:13.213+00:00,2026-09-18T06:54:00.562+00:00,2026-09-18T06:54:04.366+00:00,True,62,62.0,,62.0,227348.516343,231152.802551,231152.802631,3728.271010177419,37.06705,227348.516343,28865.372026409415,89.66754300000001,62.36534767213115,10.793199253619667,0.2682208448946698,23,64,,True,True,,196,87.6246207195492
196,2026-09-18T06:50:13.563+00:00,2026-09-18T06:54:02.007+00:00,2026-09-18T06:54:02.333+00:00,True,6,6.0,,6.0,228444.467982,228769.731342,228769.731254,38128.288542333335,60.481087,228444.467982,93235.50595900524,171351.3180255,65.052672,4.1636343843483665,0.026227245907065745,23,64,,True,True,,41,87.6246207195492
197,2026-09-18T06:50:14.018+00:00,2026-09-18T06:54:03.496+00:00,2026-09-18T06:54:05.121+00:00,True,28,28.0,,28.0,229478.67042399998,231103.048536,231103.04859299998,8253.680306892857,40.015145,229478.67042399998,43356.02333377019,67.29864450000001,60.1621522962963,7.008184936656933,0.12115807289161878,23,64,,True,True,,125,87.6246207195492
198,2026-09-18T06:50:14.490+00:00,2026-09-18T06:54:05.217+00:00,2026-09-18T06:54:05.644+00:00,True,8,8.0,,8.0,230726.556375,231153.721559,231153.72152499997,28894.215190624996,38.221708,230726.556375,81552.58182259492,149997.47215599997,61.023597714285714,10.813171988453554,0.03460900367964904,23,64,,True,True,,29,87.6246207195492
199,2026-09-18T06:50:14.849+00:00,2026-09-18T06:54:06.513+00:00,2026-09-18T06:54:10.647+00:00,True,66,66.0,,66.0,231663.42323,235797.93714999998,235797.93732,3572.69602,38.701917,231663.42323,28507.970366653575,96.2997295,63.60790646153846,14.811027672771186,0.27990066748554676,23,64,,True,True,,280,87.6246207195492
200,2026-09-18T06:50:15.383+00:00,2026-09-18T06:54:08.845+00:00,2026-09-18T06:54:12.319+00:00,True,56,56.0,,56.0,233462.35281799998,236936.087986,236936.08809499998,4231.001573125,36.990471,233462.35281799998,31189.281647300435,92.57675925,63.158821236363636,12.407598205035228,0.23635065673621197,23,64,,True,True,,205,87.6246207195492
201,2026-09-18T06:50:15.706+00:00,2026-09-18T06:54:09.963+00:00,2026-09-18T06:54:11.713+00:00,True,29,29.0,,29.0,234257.365241,236006.641145,236006.641096,8138.160037793104,37.028769999999994,234257.365241,43488.900968030044,93.05112560000002,62.474139428571426,11.496272416717868,0.12287789809348079,23,64,,True,True,,143,87.6246207195492
202,2026-09-18T06:50:16.208+00:00,2026-09-18T06:54:11.869+00:00,2026-09-18T06:54:13.333+00:00,True,25,25.0,,25.0,235660.15534,237124.25902,237124.259019,9484.97036076,38.680476999999996,235660.15534,47119.831600328886,92.6048526,61.00432,11.717949993245837,0.1054299551775991,23,64,,True,True,,149,87.6246207195492
203,2026-09-18T06:50:17.205+00:00,2026-09-18T06:54:13.207+00:00,2026-09-18T06:54:19.484+00:00,True,100,100.0,,100.0,236001.35383399998,242278.766442,242278.76663199998,2422.78766632,36.249432999999996,236001.35383399998,23593.797184006293,90.96327595000001,63.40820816161616,11.17898571948414,0.4127476851090018,23,64,,True,True,,471,87.6246207195492
204,2026-09-18T06:50:17.247+00:00,2026-09-18T06:54:14.369+00:00,2026-09-18T06:54:19.849+00:00,True,87,87.0,,87.0,237122.300544,242602.954368,242602.95430399998,2788.5397046436783,39.530786,237122.300544,25415.348896566546,94.66546720000001,63.7285328372093,10.73814319468123,0.35861063698355167,23,64,,True,True,,460,87.6246207195492
205,2026-09-18T06:50:17.489+00:00,2026-09-18T06:54:17.279+00:00,2026-09-18T06:54:21.694+00:00,True,70,70.0,,70.0,239789.815554,244204.986882,244204.986938,3488.642670542857,37.59377,239789.815554,28652.71817391111,85.69418755000001,63.987990260869566,9.099474067585005,0.2866444329976932,23,64,,True,True,,369,87.6246207195492
206,2026-09-18T06:50:18.023+00:00,2026-09-18T06:54:19.158+00:00,2026-09-18T06:54:24.065+00:00,True,79,79.0,,79.0,241135.092481,246041.420289,246041.42030599999,3114.4483583037972,37.973189,241135.092481,27122.742134092317,81.9314725,62.90163856410257,9.427575327853488,0.3210841487876581,23,64,,True,True,,375,87.6246207195492
207,2026-09-18T06:50:18.351+00:00,2026-09-18T06:54:20.702+00:00,2026-09-18T06:54:23.191+00:00,True,41,41.0,,41.0,242351.850664,244840.1402,244840.140366,5971.7107406341465,35.813413,242351.850664,37839.28656573384,81.186548,62.2072384,10.739589462891077,0.16745620210194603,23,64,,True,True,,173,87.6246207195492
208,2026-09-18T06:50:18.814+00:00,2026-09-18T06:54:22.584+00:00,2026-09-18T06:54:27.448+00:00,True,79,79.0,,79.0,243769.563688,248633.984808,248633.98478,3147.2656301265824,36.995290999999995,243769.563688,27419.20400561196,89.88331389999999,62.36437333333333,10.20253642423718,0.3177361295198858,23,64,,True,True,,416,87.6246207195492
209,2026-09-18T06:50:19.237+00:00,2026-09-18T06:54:24.384+00:00,2026-09-18T06:54:27.877+00:00,True,57,57.0,,57.0,245146.687118,248639.928206,248639.928178,4362.104003122807,35.007764,245146.687118,32462.21113723529,87.58881240000001,62.37930514285714,10.110843029780472,0.2292471704414871,23,64,,True,True,,259,87.6246207195492
210,2026-09-18T06:50:19.552+00:00,2026-09-18T06:54:25.595+00:00,2026-09-18T06:54:26.318+00:00,True,12,12.0,,12.0,246042.809771,246766.563499,246766.563526,20563.880293833332,59.964017999999996,246042.809771,71007.44819193521,110770.6429742,65.79579345454545,9.481200999020032,0.048628954546545075,23,64,,True,True,,62,87.6246207195492
211,2026-09-18T06:50:19.867+00:00,2026-09-18T06:54:26.795+00:00,2026-09-18T06:54:29.555+00:00,True,43,43.0,,43.0,246928.522324,249688.39458,249688.394557,5806.70685016279,37.17618,246928.522324,37646.22878614873,97.8602793,65.7112441904762,15.282485921034143,0.17221465207596115,23,64,,True,True,,194,87.6246207195492
212,2026-09-18T06:50:20.247+00:00,2026-09-18T06:54:28.028+00:00,2026-09-18T06:54:32.140+00:00,True,66,66.0,,66.0,247780.427959,251892.436663,251892.43654999998,3816.552068939394,37.213431,247780.427959,30491.877446797924,93.72807,63.26167236923077,11.424196778381264,0.2620166007139769,23,64,,True,True,,288,87.6246207195492
213,2026-09-18T06:50:20.651+00:00,2026-09-18T06:54:29.863+00:00,2026-09-18T06:54:33.778+00:00,True,64,64.0,,64.0,249212.371236,253127.21411600002,253127.214077,3955.112719953125,33.498767,249212.371236,31143.780444173604,79.7968769,62.14036317460317,10.015856872647213,0.2528372945734348,23,64,,True,True,,325,87.6246207195492
214,2026-09-18T06:50:20.952+00:00,2026-09-18T06:54:30.915+00:00,2026-09-18T06:54:33.161+00:00,True,37,37.0,,37.0,249963.001063,252209.822439,252209.822416,6816.481686918919,35.606013,249963.001063,41083.40533280995,93.49839659999999,62.411704888888885,11.316257277702562,0.14670324748731345,23,64,,True,True,,143,87.6246207195492
215,2026-09-18T06:50:21.451+00:00,2026-09-18T06:54:32.481+00:00,2026-09-18T06:54:34.474+00:00,True,33,33.0,,33.0,251029.698602,253022.66833,253022.668231,7667.353582757575,37.656648999999994,251029.698602,43687.821124764014,93.961204,62.280304,10.514162427787008,0.13042309694149767,23,64,,True,True,,192,87.6246207195492
216,2026-09-18T06:50:21.823+00:00,2026-09-18T06:54:33.962+00:00,2026-09-18T06:54:35.011+00:00,True,18,18.0,,18.0,252138.77120500003,253187.79571700003,253187.79581100002,14065.988656166668,36.202083,252138.77120500003,59415.13462287056,37896.09029015,61.70732423529412,10.502396807616105,0.0710934741108906,23,64,,True,True,,80,87.6246207195492
217,2026-09-18T06:50:22.236+00:00,2026-09-18T06:54:35.619+00:00,2026-09-18T06:54:38.798+00:00,True,51,51.0,,51.0,253382.855664,256561.96248000002,256561.962482,5030.626715333334,36.028932,253382.855664,35471.79567506934,98.00287700000001,63.582136320000004,12.939766428246596,0.19878238966922324,23,64,,True,True,,260,87.6246207195492
218,2026-09-18T06:50:22.693+00:00,2026-09-18T06:54:37.530+00:00,2026-09-18T06:54:43.204+00:00,True,93,93.0,,93.0,254836.73012,260510.919944,260510.91992699998,2801.1926873870966,34.767925000000005,254836.73012,26418.944219413985,77.79005839999999,61.67597634782609,9.812493610649723,0.3569907933993381,23,64,,True,True,,449,87.6246207195492
219,2026-09-18T06:50:23.155+00:00,2026-09-18T06:54:39.195+00:00,2026-09-18T06:54:39.697+00:00,True,9,9.0,,9.0,256040.287703,256542.388695,256542.388874,28504.70987488889,43.92344799999999,256040.287703,85325.84248704823,153659.8175754,62.762624,12.502712403617474,0.03508192172756287,23,64,,True,True,,31,87.6246207195492
220,2026-09-18T06:50:23.569+00:00,2026-09-18T06:54:40.576+00:00,2026-09-18T06:54:41.632+00:00,True,18,18.0,,18.0,257007.512001,258063.455937,258063.455985,14336.858665833333,54.523818,257007.512001,60562.611134417806,38608.16731155,62.11434917647058,3.76807613149516,0.06975028655120494,23,64,,True,True,,66,87.6246207195492
221,2026-09-18T06:50:23.908+00:00,2026-09-18T06:54:41.886+00:00,2026-09-18T06:54:45.736+00:00,True,64,64.0,,64.0,257978.02359599998,261827.26109999997,261827.26101,4091.05095328125,34.862094,257978.02359599998,32239.616611079335,67.52490764999999,61.099008,8.244390679336455,0.24443596793977998,23,64,,True,True,,243,87.6246207195492
222,2026-09-18T06:50:24.357+00:00,2026-09-18T06:54:43.334+00:00,2026-09-18T06:54:44.156+00:00,True,14,14.0,,14.0,258976.23169400002,259798.54516600003,259798.54508500002,18557.03893464286,57.705321000000005,258976.23169400002,69197.40394235357,90693.60464705,63.254882461538465,5.621674219662214,0.05388790761339562,23,64,,True,True,,53,87.6246207195492
223,2026-09-18T06:50:24.677+00:00,2026-09-18T06:54:44.869+00:00,2026-09-18T06:54:50.016+00:00,True,86,86.0,,86.0,260191.70142,265338.636972,265338.636845,3085.3329865697674,36.88988,260191.70142,28050.66478488404,78.607403,60.552182964705885,9.428395852441962,0.32411412443139664,23,64,,True,True,,366,87.6246207195492
224,2026-09-18T06:50:25.215+00:00,2026-09-18T06:54:46.336+00:00,2026-09-18T06:54:49.612+00:00,True,56,56.0,,56.0,261120.48273699998,264396.712625,264396.712643,4721.369868625,35.831323,261120.48273699998,34885.73364209671,72.0511,59.56781614545455,10.234173181033766,0.2118029359897001,23,64,,True,True,,265,87.6246207195492
225,2026-09-18T06:50:25.650+00:00,2026-09-18T06:54:47.741+00:00,2026-09-18T06:54:50.865+00:00,True,53,53.0,,53.0,262090.27388999998,265214.510434,265214.51058999996,5004.047369622641,35.293563,262090.27388999998,35992.61648724986,79.56185719999999,60.081472,10.441957915503087,0.1998382362762513,23,64,,True,True,,222,87.6246207195492
226,2026-09-18T06:50:26.136+00:00,2026-09-18T06:54:49.798+00:00,2026-09-18T06:54:51.537+00:00,True,30,30.0,,30.0,263662.069003,265401.277195,265401.27718699997,8846.709239566666,32.816338,263662.069003,48126.93995203904,95.24297600000001,59.97269627586207,13.523021370718428,0.11303638142614479,23,64,,True,True,,198,87.6246207195492
227,2026-09-18T06:50:26.569+00:00,2026-09-18T06:54:51.477+00:00,2026-09-18T06:54:54.175+00:00,True,46,46.0,,46.0,264908.206879,267606.311199,267606.311368,5817.528508,37.46808,264908.206879,39049.744834266516,68.58073925000001,59.95787377777778,8.559691465424317,0.17189430172217812,23,64,,True,True,,191,87.6246207195492
228,2026-09-18T06:50:27.072+00:00,2026-09-18T06:54:53.091+00:00,2026-09-18T06:54:59.163+00:00,True,98,98.0,,98.0,266019.460105,272091.420425,272091.42047,2776.4430660204084,39.011747,266019.460105,26865.702860693094,93.50224299999998,62.597529072164946,12.137533021847212,0.3601730618588651,23,64,,True,True,,356,87.6246207195492
229,2026-09-18T06:50:27.480+00:00,2026-09-18T06:54:54.589+00:00,2026-09-18T06:54:57.141+00:00,True,41,41.0,,41.0,267109.233914,269661.09209,269661.092115,6577.099807682926,39.560776,267109.233914,41705.492346940475,94.163943,63.7964544,12.353230919010548,0.15204269804824552,23,64,,True,True,,197,87.6246207195492
230,2026-09-18T06:50:27.862+00:00,2026-09-18T06:54:56.243+00:00,2026-09-18T06:55:00.203+00:00,True,62,62.0,,62.0,268381.025671,272341.31546300004,272341.315575,4392.601864112903,34.635445,268381.025671,34076.18183287402,98.52069185,64.92278347540983,13.65280678972665,0.22765550608652782,23,64,,True,True,,281,87.6246207195492
231,2026-09-18T06:50:28.362+00:00,2026-09-18T06:54:58.059+00:00,2026-09-18T06:54:59.354+00:00,True,22,22.0,,22.0,269696.446462,270991.91244600003,270991.91243100003,12317.814201409092,42.290879999999994,269696.446462,57486.3247165651,103.20605855,61.68885638095238,12.237576350778085,0.08118323458964442,23,64,,True,True,,100,87.6246207195492
232,2026-09-18T06:50:28.885+00:00,2026-09-18T06:55:00.388+00:00,2026-09-18T06:55:03.560+00:00,True,51,51.0,,51.0,271503.050687,274675.668159,274675.668344,5385.797418509804,39.444336,271503.050687,38009.14795521382,92.657401,63.45234944,11.136571256741334,0.18567352667902826,23,64,,True,True,,180,87.6246207195492
233,2026-09-18T06:50:29.357+00:00,2026-09-18T06:55:02.104+00:00,2026-09-18T06:55:02.498+00:00,True,7,7.0,,7.0,272747.507297,273140.86921699997,273140.869189,39020.12416985714,44.967726,272747.507297,103064.08926618389,190950.5534426,65.56032,14.7212059278686,0.025627801581164213,23,64,,True,True,,45,87.6246207195492
234,2026-09-18T06:50:29.732+00:00,2026-09-18T06:55:03.209+00:00,2026-09-18T06:55:08.573+00:00,True,85,85.0,,85.0,273477.129616,278841.29908799997,278841.298953,3280.485870035294,38.239188,273477.129616,29655.83552079381,93.10603520000001,63.85916038095238,12.381233706269112,0.3048328933985303,23,64,,True,True,,335,87.6246207195492
235,2026-09-18T06:50:30.068+00:00,2026-09-18T06:55:04.404+00:00,2026-09-18T06:55:09.023+00:00,True,74,74.0,,74.0,274336.232914,278955.74881799996,278955.748737,3769.6722802297295,38.575218,274336.232914,31883.585117805273,91.2623638,63.28103978082192,11.627079982983936,0.2652750492275392,23,64,,True,True,,279,87.6246207195492
236,2026-09-18T06:50:30.423+00:00,2026-09-18T06:55:06.111+00:00,2026-09-18T06:55:11.757+00:00,True,92,92.0,,92.0,275687.054409,281333.26138499996,281333.261207,3057.9702305108694,36.610061,275687.054409,28735.89590962671,90.99361065000001,62.046230505494506,11.734297460077142,0.3270143016402867,23,64,,True,True,,404,87.6246207195492
237,2026-09-18T06:50:30.745+00:00,2026-09-18T06:55:07.570+00:00,2026-09-18T06:55:11.013+00:00,True,57,57.0,,57.0,276825.147994,280267.82345,280267.823605,4916.979361491228,38.772927,276825.147994,36658.24573936679,92.087309,61.47634742857142,11.922365402444415,0.203376896064449,23,64,,True,True,,228,87.6246207195492
238,2026-09-18T06:50:31.060+00:00,2026-09-18T06:55:08.574+00:00,2026-09-18T06:55:10.217+00:00,True,29,29.0,,29.0,277513.67981199996,279156.794052,279156.79391999997,9626.096342068964,36.699612,277513.67981199996,51522.100891293834,83.01470599999999,58.682651428571425,12.072022652487483,0.10388427083955555,23,64,,True,True,,96,87.6246207195492
239,2026-09-18T06:50:31.374+00:00,2026-09-18T06:55:09.891+00:00,2026-09-18T06:55:15.787+00:00,True,96,96.0,,96.0,278517.73459899996,284413.47706299997,284413.47719999996,2962.6403874999996,33.877966,278517.73459899996,28419.76580307755,94.08217625000002,62.06044698947368,12.144693605431776,0.33753674752457385,23,64,,True,True,,484,87.6246207195492
240,2026-09-18T06:50:31.864+00:00,2026-09-18T06:55:11.689+00:00,2026-09-18T06:55:16.387+00:00,True,77,77.0,,77.0,279825.52376,284522.926128,284522.926119,3695.10293661039,34.014716,279825.52376,31882.036195031356,79.2559218,61.80792589473684,10.98066798505856,0.2706284553159683,23,64,,True,True,,160,87.6246207195492
241,2026-09-18T06:50:32.402+00:00,2026-09-18T06:55:13.000+00:00,2026-09-18T06:55:17.624+00:00,True,76,76.0,,76.0,280598.257925,285221.708293,285221.708282,3752.917214236842,36.651000999999994,280598.257925,32179.758277438574,84.91594575,61.64600490666667,11.210934137715908,0.26645938156266635,23,64,,True,True,,421,87.6246207195492
242,2026-09-18T06:50:32.824+00:00,2026-09-18T06:55:14.647+00:00,2026-09-18T06:55:18.461+00:00,True,63,63.0,,63.0,281822.595134,285636.424254,285636.424399,4533.911498396826,36.688121,281822.595134,35498.56118720344,80.24957939999999,61.51337290322581,10.722877524819458,0.22056010596175832,23,64,,True,True,,244,87.6246207195492
243,2026-09-18T06:50:33.317+00:00,2026-09-18T06:55:16.922+00:00,2026-09-18T06:55:20.901+00:00,True,66,66.0,,66.0,283605.044116,287584.46837200003,287584.46844,4357.340430909091,36.405412,283605.044116,34901.833335075054,75.06367675,61.22191163076923,10.31939732682141,0.22949779024445371,23,64,,True,True,,315,87.6246207195492
244,2026-09-18T06:50:34.766+00:00,2026-09-18T06:55:20.407+00:00,2026-09-18T06:55:21.927+00:00,True,26,26.0,,26.0,285640.972711,287160.693671,287160.69364,11044.642063076923,33.814686,285640.972711,56006.8826137632,74.69834474999999,60.788838399999996,8.909918594908337,0.09054163948283327,23,64,,True,True,,153,87.6246207195492
245,2026-09-18T06:50:34.877+00:00,2026-09-18T06:55:22.586+00:00,2026-09-18T06:55:25.420+00:00,True,47,47.0,,47.0,287708.26223,290542.236246,290542.236232,6181.749707063829,35.607003,287708.26223,41957.57806408834,87.5354825,61.6081307826087,10.598390330558823,0.1617664977294573,23,64,,True,True,,269,87.6246207195492
246,2026-09-18T06:50:34.964+00:00,2026-09-18T06:55:22.901+00:00,2026-09-18T06:55:25.538+00:00,True,44,44.0,,44.0,287936.913917,290573.554429,290573.55425,6603.944414772727,37.654779000000005,287936.913917,43398.88042747976,87.7350419,61.31722120930233,10.795260063243509,0.15142465420317922,23,64,,True,True,,225,87.6246207195492
247,2026-09-18T06:50:35.167+00:00,2026-09-18T06:55:23.434+00:00,2026-09-18T06:55:25.797+00:00,True,40,40.0,,40.0,288266.614132,290630.073716,290630.073808,7265.7518452,34.704945,288266.614132,45569.37333532462,90.51431354999998,60.60152779487179,12.14327404249721,0.13763200582981472,23,64,,True,True,,231,87.6246207195492
248,2026-09-18T06:50:35.537+00:00,2026-09-18T06:55:25.285+00:00,2026-09-18T06:55:31.325+00:00,True,98,98.0,,98.0,289748.45810000005,295788.282484,295788.2824290001,3018.2477798877558,36.527532,289748.45810000005,29262.726717501806,92.18282799999999,62.2662307628866,11.747261042176786,0.33131806025920274,23,64,,True,True,,458,87.6246207195492
249,2026-09-18T06:50:35.994+00:00,2026-09-18T06:55:26.986+00:00,2026-09-18T06:55:27.946+00:00,True,16,16.0,,16.0,290991.637954,291952.07289799995,291952.072942,18247.004558875,40.829003,290991.637954,72731.90322249151,72824.80951374999,64.02899626666667,12.38258963183605,0.054803515663305324,23,64,,True,True,,44,87.6246207195492
250,2026-09-18T06:50:36.446+00:00,2026-09-18T06:55:28.782+00:00,2026-09-18T06:55:33.514+00:00,True,77,77.0,,77.0,292336.526606,297067.985678,297067.98559000005,3858.0257868831172,33.206358,292336.526606,33307.74617344958,90.3163004,62.25604042105263,11.06986914237325,0.25919992632077954,23,64,,True,True,,351,87.6246207195492
251,2026-09-18T06:50:36.734+00:00,2026-09-18T06:55:30.063+00:00,2026-09-18T06:55:30.482+00:00,True,7,7.0,,7.0,293329.772854,293748.765494,293748.765458,41964.109351142855,62.983211000000004,293329.772854,110841.839411998,205358.22268449995,69.83210666666668,10.946679243703501,0.023829887380898557,23,64,,True,True,,25,87.6246207195492
252,2026-09-18T06:50:37.259+00:00,2026-09-18T06:55:31.757+00:00,2026-09-18T06:55:37.282+00:00,False,89,88.0,,88.0,294498.573895,300023.266631,300023.26656099997,3371.04793888764,0.03548,294498.573895,31210.134360571534,92.82562419999998,62.78059927272727,13.035550356548999,0.29331058550279576,23,64,,True,False,Request timeout: 300.0s exceeded,432,87.6246207195492
253,2026-09-18T06:50:37.636+00:00,2026-09-18T06:55:33.040+00:00,2026-09-18T06:55:37.685+00:00,False,74,73.0,,73.0,295404.283184,300048.884016,300048.883981,4054.714648391892,0.0238,295404.283184,34332.65711908269,92.39744705000001,63.62466893150685,14.310545035548241,0.24329368942464485,23,64,,True,False,Request timeout: 300.0s exceeded,351,87.6246207195492
254,2026-09-18T06:50:38.032+00:00,2026-09-18T06:55:34.581+00:00,2026-09-18T06:55:38.091+00:00,False,56,55.0,,55.0,296549.143934,300058.280574,300058.280421,5358.1835789464285,0.022349,296549.143934,39619.5232090598,97.42236500000001,63.80248436363637,15.368015988395703,0.18329772434470767,23,64,,True,False,Request timeout: 300.0s exceeded,294,87.6246207195492
255,2026-09-18T06:50:38.388+00:00,2026-09-18T06:55:36.213+00:00,2026-09-18T06:55:38.401+00:00,False,36,35.0,,35.0,297825.22184899997,300012.788441,300012.78837599995,8333.688565999999,0.01864,297825.22184899997,49627.12206984461,90.87061474999999,62.50190262857143,14.572741411726176,0.11666169359604829,23,64,,True,False,Request timeout: 300.0s exceeded,154,87.6246207195492
256,2026-09-18T06:50:38.721+00:00,2026-09-18T06:55:37.410+00:00,2026-09-18T06:55:38.766+00:00,False,23,22.0,,22.0,298688.593458,300045.093426,300045.093475,13045.438846739129,0.02246,298688.593458,62268.022427389704,94.3465311,61.65908945454545,16.889190645063866,0.07332231215247602,23,64,,True,False,Request timeout: 300.0s exceeded,82,87.6246207195492
257,2026-09-18T06:50:39.030+00:00,2026-09-18T06:55:38.710+00:00,2026-09-18T06:55:39.076+00:00,False,8,7.0,,7.0,299680.01913,300045.50981799996,300045.510014,37505.68875175,0.07875,299680.01913,105934.42897334052,194814.67280229996,52.212955428571426,23.28874259898293,0.02332979421770392,23,64,,True,False,Request timeout: 300.0s exceeded,24,87.6246207195492
258,2026-09-18T06:50:39.497+00:00,2026-09-18T06:55:39.573+00:00,2026-09-18T06:55:39.573+00:00,False,1,0.0,,0.0,300075.164154,300075.164154,300075.164154,300075.164154,300075.164154,300075.164154,nan,300075.164154,nan,nan,0.0,23,64,,True,False,TTFT timeout: 300.0s exceeded (TTFT: 300.056s),0,87.6246207195492
259,2026-09-18T06:50:39.887+00:00,2026-09-18T06:55:39.951+00:00,2026-09-18T06:55:39.951+00:00,False,1,0.0,,0.0,300063.58034600003,300063.58034600003,300063.58034600003,300063.58034600003,300063.58034600003,300063.58034600003,nan,300063.58034600003,nan,nan,0.0,23,64,,True,False,"HTTPConnectionPool(host='gpu03', port=9002): Read timed out.",0,87.6246207195492
260,2026-09-18T06:50:40.413+00:00,2026-09-18T06:55:40.318+00:00,2026-09-18T06:55:40.458+00:00,False,4,3.0,,3.0,299904.327202,300044.388386,300044.388379,75011.09709475,0.05323,299904.327202,149928.82370265757,254929.40170945003,46.68706133333333,40.413418134087564,0.00999852060602637,23,64,,True,False,Request timeout: 300.0s exceeded,10,87.6246207195492
261,2026-09-18T06:50:40.811+00:00,2026-09-18T06:55:40.917+00:00,2026-09-18T06:55:40.917+00:00,False,1,0.0,,0.0,300106.335692,300106.335692,300106.335692,300106.335692,300106.335692,300106.335692,nan,300106.335692,nan,nan,0.0,23,64,,True,False,"HTTPConnectionPool(host='gpu03', port=9002): Read timed out.",0,87.6246207195492
262,2026-09-18T06:50:41.172+00:00,2026-09-18T06:55:41.247+00:00,2026-09-18T06:55:41.247+00:00,False,1,0.0,,0.0,300075.179972,300075.179972,300075.179972,300075.179972,300075.179972,300075.179972,nan,300075.179972,nan,nan,0.0,23,64,,True,False,"HTTPConnectionPool(host='gpu03', port=9002): Read timed out.",0,87.6246207195492
263,2026-09-18T06:50:41.489+00:00,2026-09-18T06:55:41.499+00:00,2026-09-18T06:55:41.499+00:00,False,1,0.0,,0.0,300009.870896,300009.870896,300009.870896,300009.870896,300009.870896,300009.870896,nan,300009.870896,nan,nan,0.0,23,64,,True,False,TTFT timeout: 300.0s exceeded (TTFT: 300.003s),0,87.6246207195492
264,2026-09-18T06:50:41.911+00:00,2026-09-18T06:55:41.834+00:00,2026-09-18T06:55:41.953+00:00,False,4,3.0,,3.0,299922.789328,300042.01569599996,300042.01564399997,75010.50391099999,0.054759999999999996,299922.789328,149941.5262375061,254943.317035,39.74212266666667,34.3702871550221,0.009998599672919058,23,64,,True,False,Request timeout: 300.0s exceeded,26,87.6246207195492
265,2026-09-18T06:50:42.217+00:00,2026-09-18T06:55:42.329+00:00,2026-09-18T06:55:42.329+00:00,False,1,0.0,,0.0,300112.67510299996,300112.67510299996,300112.67510299996,300112.67510299996,300112.67510299996,300112.67510299996,nan,300112.67510299996,nan,nan,0.0,23,64,,True,False,"HTTPConnectionPool(host='gpu03', port=9002): Read timed out.",0,87.6246207195492
266,2026-09-18T06:50:42.602+00:00,2026-09-18T06:55:42.709+00:00,2026-09-18T06:55:42.709+00:00,False,1,0.0,,0.0,300107.19272399996,300107.19272399996,300107.19272399996,300107.19272399996,300107.19272399996,300107.19272399996,nan,300107.19272399996,nan,nan,0.0,23,64,,True,False,"HTTPConnectionPool(host='gpu03', port=9002): Read timed out.",0,87.6246207195492
267,2026-09-18T06:50:42.926+00:00,2026-09-18T06:55:42.819+00:00,2026-09-18T06:55:42.979+00:00,False,4,3.0,,3.0,299892.713248,300053.30128,300053.30120700004,75013.32530175001,0.0202,299892.713248,149919.59684012088,254921.86157950002,53.529344,46.8295365065931,0.009998223606280197,23,64,,True,False,Request timeout: 300.0s exceeded,13,87.6246207195492
268,2026-09-18T06:50:43.335+00:00,2026-09-18T06:55:43.210+00:00,2026-09-18T06:55:43.373+00:00,False,5,4.0,,4.0,299874.41969199997,300037.244396,300037.24434599996,60007.448869199994,0.037079999999999995,299874.41969199997,134089.71547607658,239912.43634139997,40.706176,29.275601618366284,0.013331678232321903,23,64,,True,False,Request timeout: 300.0s exceeded,13,87.6246207195492
269,2026-09-18T06:50:43.642+00:00,2026-09-18T06:55:43.761+00:00,2026-09-18T06:55:43.761+00:00,False,1,0.0,,0.0,300119.467015,300119.467015,300119.467015,300119.467015,300119.467015,300119.467015,nan,300119.467015,nan,nan,0.0,23,64,,True,False,"HTTPConnectionPool(host='gpu03', port=9002): Read timed out.",0,87.6246207195492
270,2026-09-18T06:50:44.077+00:00,2026-09-18T06:55:44.153+00:00,2026-09-18T06:55:44.153+00:00,False,1,0.0,,0.0,300076.18873500003,300076.18873500003,300076.18873500003,300076.18873500003,300076.18873500003,300076.18873500003,nan,300076.18873500003,nan,nan,0.0,23,64,,True,False,TTFT timeout: 300.0s exceeded (TTFT: 300.071s),0,87.6246207195492
271,2026-09-18T06:50:44.489+00:00,2026-09-18T06:55:44.355+00:00,2026-09-18T06:55:44.496+00:00,False,4,3.0,,3.0,299865.911059,300006.770963,300006.771004,75001.692751,0.027549,299865.911059,149909.4825518793,254896.8644614,46.953301333333336,40.680934875498295,0.009999774306327211,23,64,,True,False,Request timeout: 300.0s exceeded,10,87.6246207195492
272,2026-09-18T06:50:44.867+00:00,2026-09-18T06:55:44.688+00:00,2026-09-18T06:55:45.856+00:00,False,21,20.0,,20.0,299821.08493300003,300989.403653,300989.403501,14332.828738142858,0.038689,299821.08493300003,65413.580155085125,93.205655,58.415936,20.16730106863317,0.06644752193023143,23,64,,True,False,Request timeout: 300.0s exceeded,64,87.6246207195492
273,2026-09-18T06:50:45.337+00:00,2026-09-18T06:55:45.627+00:00,2026-09-18T06:55:45.695+00:00,True,2,2.0,,2.0,300290.2941,300357.927508,300357.927624,150178.963812,67.63352400000001,300290.2941,212289.47915915676,285279.1610712,67.633408,nan,0.006658722200521011,23,64,,True,True,,5,87.6246207195492
274,2026-09-18T06:50:45.727+00:00,2026-09-18T06:55:45.816+00:00,2026-09-18T06:55:45.911+00:00,False,4,3.0,,3.0,300088.838689,300184.010785,300184.01085099997,75046.00271274999,0.02097,300088.838689,150028.55917539162,255084.01081074998,31.724032,28.917269756750965,0.00999387006707923,23,64,,True,False,Request timeout: 300.0s exceeded,9,87.6246207195492
275,2026-09-18T06:50:46.037+00:00,2026-09-18T06:55:46.148+00:00,2026-09-18T06:55:46.148+00:00,False,1,0.0,,0.0,300111.03739,300111.03739,300111.03739,300111.03739,300111.03739,300111.03739,nan,300111.03739,nan,nan,0.0,23,64,,True,False,"HTTPConnectionPool(host='gpu03', port=9002): Read timed out.",0,87.6246207195492
276,2026-09-18T06:50:46.403+00:00,2026-09-18T06:55:46.713+00:00,2026-09-18T06:55:46.713+00:00,False,1,0.0,,0.0,300309.841847,300309.841847,300309.841847,300309.841847,300309.841847,300309.841847,nan,300309.841847,nan,nan,0.0,23,64,,True,False,"HTTPConnectionPool(host='gpu03', port=9002): Read timed out.",0,87.6246207195492
277,2026-09-18T06:50:46.806+00:00,2026-09-18T06:55:46.915+00:00,2026-09-18T06:55:46.915+00:00,False,1,0.0,,0.0,300109.12919300003,300109.12919300003,300109.12919300003,300109.12919300003,300109.12919300003,300109.12919300003,nan,300109.12919300003,nan,nan,0.0,23,64,,True,False,"HTTPConnectionPool(host='gpu03', port=9002): Read timed out.",0,87.6246207195492
278,2026-09-18T06:50:47.186+00:00,2026-09-18T06:55:47.108+00:00,2026-09-18T06:55:47.291+00:00,False,3,2.0,,2.0,299921.588086,300104.589174,300104.589323,100034.86310766666,0.03943,299921.588086,173107.00587229826,269947.7254581,91.500544,129.34555633383312,0.006664343272806149,23,64,,True,False,Request timeout: 300.0s exceeded,5,87.6246207195492
279,2026-09-18T06:50:47.539+00:00,2026-09-18T06:55:47.290+00:00,2026-09-18T06:55:47.351+00:00,True,2,2.0,,2.0,299750.85464700003,299812.18482300005,299812.184912,149906.092456,61.330265,299750.85464700003,211912.4949410834,284766.3784279,61.330176,nan,0.006670842951832457,23,64,,True,True,,3,87.6246207195492
280,2026-09-18T06:50:48.038+00:00,2026-09-18T06:55:48.144+00:00,2026-09-18T06:55:48.144+00:00,False,1,0.0,,0.0,300105.685319,300105.685319,300105.685319,300105.685319,300105.685319,300105.685319,nan,300105.685319,nan,nan,0.0,23,64,,True,False,"HTTPConnectionPool(host='gpu03', port=9002): Read timed out.",0,87.6246207195492
281,2026-09-18T06:50:48.413+00:00,2026-09-18T06:55:48.461+00:00,2026-09-18T06:55:48.461+00:00,False,1,0.0,,0.0,300047.13178,300047.13178,300047.13178,300047.13178,300047.13178,300047.13178,nan,300047.13178,nan,nan,0.0,23,64,,True,False,"HTTPConnectionPool(host='gpu03', port=9002): Read timed out.",0,87.6246207195492
282,2026-09-18T06:50:48.780+00:00,2026-09-18T06:55:48.746+00:00,2026-09-18T06:55:48.814+00:00,False,3,2.0,,2.0,299965.275354,300033.51625,300033.51641599997,100011.17213866666,0.03602,299965.275354,173165.33632987874,269975.5683228,34.120448,48.2029149017705,0.006665921944312114,23,64,,True,False,Request timeout: 300.0s exceeded,6,87.6246207195492
283,2026-09-18T06:50:49.082+00:00,2026-09-18T06:55:48.959+00:00,2026-09-18T06:55:49.105+00:00,False,4,3.0,,3.0,299876.95371100004,300023.667567,300023.66770600004,75005.91692650001,0.02418,299876.95371100004,149914.0290743205,254908.80743530006,48.904618666666664,45.24291882102486,0.009999211143334392,23,64,,True,False,Request timeout: 300.0s exceeded,13,87.6246207195492
284,2026-09-18T06:50:49.532+00:00,2026-09-18T06:55:49.631+00:00,2026-09-18T06:55:49.631+00:00,False,1,0.0,,0.0,300099.134633,300099.134633,300099.134633,300099.134633,300099.134633,300099.134633,nan,300099.134633,nan,nan,0.0,23,64,,True,False,"HTTPConnectionPool(host='gpu03', port=9002): Read timed out.",0,87.6246207195492
285,2026-09-18T06:50:49.910+00:00,2026-09-18T06:55:50.019+00:00,2026-09-18T06:55:50.019+00:00,False,1,0.0,,0.0,300108.72565499996,300108.72565499996,300108.72565499996,300108.72565499996,300108.72565499996,300108.72565499996,nan,300108.72565499996,nan,nan,0.0,23,64,,True,False,"HTTPConnectionPool(host='gpu03', port=9002): Read timed out.",0,87.6246207195492
286,2026-09-18T06:50:50.284+00:00,2026-09-18T06:55:50.165+00:00,2026-09-18T06:55:50.310+00:00,False,4,3.0,,3.0,299881.465903,300026.521135,300026.52116099995,75006.63029024999,0.02725,299881.465903,149916.56097126578,254910.25945734995,48.351744,41.859985633945364,0.009999116040312048,23,64,,True,False,Request timeout: 300.0s exceeded,11,87.6246207195492
287,2026-09-18T06:50:50.640+00:00,2026-09-18T06:55:50.455+00:00,2026-09-18T06:55:50.677+00:00,False,6,5.0,,5.0,299814.85925800004,300036.67532200005,300036.675462,50006.11257700001,0.03669,299814.85925800004,122380.7948502922,224877.24658325006,44.3632128,26.640918783316224,0.016664629397836077,23,64,,True,False,Request timeout: 300.0s exceeded,23,87.6246207195492
288,2026-09-18T06:50:51.168+00:00,2026-09-18T06:55:51.214+00:00,2026-09-18T06:55:51.214+00:00,False,1,0.0,,0.0,300046.017992,300046.017992,300046.017992,300046.017992,300046.017992,300046.017992,nan,300046.017992,nan,nan,0.0,23,64,,True,False,TTFT timeout: 300.0s exceeded (TTFT: 300.019s),0,87.6246207195492
289,2026-09-18T06:50:51.471+00:00,2026-09-18T06:55:51.458+00:00,2026-09-18T06:55:51.550+00:00,False,3,2.0,,2.0,299987.050954,300078.92321,300078.923332,100026.30777733332,0.02475,299987.050954,173171.08943667202,269997.5306214,45.936128,64.92873950799759,0.0066649132788322105,23,64,,True,False,Request timeout: 300.0s exceeded,9,87.6246207195492
290,2026-09-18T06:50:51.941+00:00,2026-09-18T06:55:51.860+00:00,2026-09-18T06:55:51.984+00:00,False,4,3.0,,3.0,299919.09353899996,300042.725155,300042.72505799995,75010.68126449999,0.01909,299919.09353899996,149938.94435443732,254940.80332714997,41.210538666666665,35.72984683012259,0.009998576030964327,23,64,,True,False,Request timeout: 300.0s exceeded,5,87.6246207195492
291,2026-09-18T06:50:52.406+00:00,2026-09-18T06:55:52.478+00:00,2026-09-18T06:55:52.478+00:00,False,1,0.0,,0.0,300071.94609100005,300071.94609100005,300071.94609100005,300071.94609100005,300071.94609100005,300071.94609100005,nan,300071.94609100005,nan,nan,0.0,23,64,,True,False,"HTTPConnectionPool(host='gpu03', port=9002): Read timed out.",0,87.6246207195492
292,2026-09-18T06:50:52.810+00:00,2026-09-18T06:55:52.727+00:00,2026-09-18T06:55:52.818+00:00,False,3,2.0,,2.0,299916.651302,300007.94167,300007.941581,100002.64719366666,0.02298,299916.651302,173130.61214109848,269934.11290169996,45.645184,64.51945478933833,0.006666490189782849,23,64,,True,False,Request timeout: 300.0s exceeded,4,87.6246207195492
0,2026-09-18T06:48:53.157+00:00,2026-09-18T06:48:53.415+00:00,2026-09-18T06:48:58.478+00:00,True,88,88.0,,88.0,257.813721,5320.877785000001,5320.877563,60.46451776136364,12.652287,257.813721,24.036301877416133,71.45219495,58.19613866666666,11.242225436934206,16.538624557038194,24,64,,False,True,,499,87.6246207195492
1,2026-09-18T06:48:53.614+00:00,2026-09-18T06:48:53.762+00:00,2026-09-18T06:48:58.474+00:00,True,80,80.0,,80.0,147.780985,4860.642169000001,4860.641998,60.758024975,17.353038,147.780985,14.02662009748893,71.9769144,59.6564706835443,10.047406795761612,16.45873059947112,24,64,,False,True,,390,87.6246207195492
2,2026-09-18T06:48:54.019+00:00,2026-09-18T06:48:55.067+00:00,2026-09-18T06:49:00.033+00:00,True,83,83.0,,83.0,1048.1674520000001,6014.796571999999,6014.796414,72.4674266746988,8.407124,1048.1674520000001,108.93220917460772,70.038527,60.56864780487805,10.790008677600015,13.799302936757744,24,64,,False,True,,426,87.6246207195492
3,2026-09-18T06:48:54.329+00:00,2026-09-18T06:48:56.754+00:00,2026-09-18T06:48:57.695+00:00,True,16,16.0,,16.0,2424.165635,3365.1745309999997,3365.1746669999998,210.32341668749999,53.503131,2424.165635,590.3833265087214,664.5016175,62.7339264,5.6688234076168476,4.754582519452689,24,64,,False,True,,57,87.6246207195492
4,2026-09-18T06:48:54.694+00:00,2026-09-18T06:48:58.231+00:00,2026-09-18T06:48:59.779+00:00,True,26,26.0,,26.0,3537.4844270000003,5084.885899000001,5084.886042,195.57254007692308,38.018499000000006,3537.4844270000003,681.7456548324659,102.29693225,61.896058880000005,13.4139005507266,5.113192413051626,24,64,,False,True,,110,87.6246207195492
5,2026-09-18T06:48:55.025+00:00,2026-09-18T06:48:59.139+00:00,2026-09-18T06:48:59.139+00:00,True,1,1.0,,1.0,4113.276477,4113.276477,4113.276477,4113.276477,4113.276477,4113.276477,nan,4113.276477,nan,nan,0.2431151918893975,24,64,,False,True,,3,87.6246207195492
6,2026-09-18T06:48:55.324+00:00,2026-09-18T06:49:00.093+00:00,2026-09-18T06:49:00.156+00:00,True,2,2.0,,2.0,4768.768309,4831.922997,4831.922881,2415.9614405,63.154572,4768.768309,3327.3713830772713,4533.487622150001,63.154688,nan,0.41391388092106224,24,64,,False,True,,6,87.6246207195492
7,2026-09-18T06:48:55.683+00:00,2026-09-18T06:49:01.560+00:00,2026-09-18T06:49:07.353+00:00,True,98,98.0,,98.0,5876.74814,11669.356396,11669.356496,119.07506628571429,0.0,5876.74814,587.8435598279149,68.2144135,59.71761088659794,16.697316503868365,8.398063841257969,24,64,,False,True,,416,87.6246207195492
8,2026-09-18T06:48:56.030+00:00,2026-09-18T06:49:02.860+00:00,2026-09-18T06:49:06.736+00:00,True,66,66.0,,66.0,6829.638059000001,10705.858987000001,10705.858956,162.20998418181819,6.831887,6829.638059000001,833.4982961867626,68.76729525,59.634168123076925,16.885460720511507,6.164848619820514,24,64,,False,True,,344,87.6246207195492
9,2026-09-18T06:48:56.391+00:00,2026-09-18T06:49:04.102+00:00,2026-09-18T06:49:08.585+00:00,True,75,75.0,,75.0,7711.6640099999995,12194.118537999999,12194.118559999999,162.58824746666667,0.0,7711.6640099999995,884.3140990699686,96.91681659999999,60.57370983783784,38.85078923364506,6.150506062925399,24,64,,False,True,,391,87.6246207195492
10,2026-09-18T06:48:56.710+00:00,2026-09-18T06:49:05.432+00:00,2026-09-18T06:49:07.103+00:00,True,28,28.0,,28.0,8721.751493000002,10393.244101000002,10393.243907000002,371.1872823928572,55.956256,8721.751493000002,1636.5610409935402,70.3231266,61.90713362962963,3.816282071127465,2.6940577675170676,24,64,,False,True,,92,87.6246207195492
11,2026-09-18T06:48:57.156+00:00,2026-09-18T06:49:07.043+00:00,2026-09-18T06:49:07.293+00:00,True,5,5.0,,5.0,9887.171586999999,10136.515843,10136.515934,2027.3031867999998,56.070876,9887.171586999999,4393.801892856361,7923.034724799999,62.336064,4.6978165341557,0.49326613576526523,24,64,,False,True,,19,87.6246207195492
12,2026-09-18T06:48:57.604+00:00,2026-09-18T06:49:08.647+00:00,2026-09-18T06:49:11.307+00:00,True,46,46.0,,46.0,11042.93794,13703.08258,13703.082597,297.8930999347826,0.0,11042.93794,1619.7027214554462,70.38726649999998,59.11432533333333,27.379299275736543,3.356908909469624,24,64,,False,True,,198,87.6246207195492
13,2026-09-18T06:48:57.890+00:00,2026-09-18T06:49:09.669+00:00,2026-09-18T06:49:14.667+00:00,True,84,84.0,,84.0,11779.277091,16776.517667,16776.517515,199.72044660714286,0.0,11779.277091,1278.9908883187773,68.6754373,60.20771778313253,29.475263696567126,5.006998571892601,24,64,,False,True,,327,87.6246207195492
14,2026-09-18T06:48:58.334+00:00,2026-09-18T06:49:11.063+00:00,2026-09-18T06:49:11.063+00:00,True,1,1.0,,1.0,12728.576147,12728.576147,12728.576147,12728.576147,12728.576147,12728.576147,nan,12728.576147,nan,nan,0.07856338277362548,24,64,,False,True,,3,87.6246207195492
15,2026-09-18T06:48:58.694+00:00,2026-09-18T06:49:12.751+00:00,2026-09-18T06:49:14.904+00:00,True,37,37.0,,37.0,14057.404578,16210.640545999999,16210.640777,438.1254264054054,0.0,14057.404578,2301.42383907466,102.03165440000001,59.81211022222222,33.27012864054347,2.2824514487880494,24,64,,False,True,,149,87.6246207195492
16,2026-09-18T06:48:58.990+00:00,2026-09-18T06:49:13.976+00:00,2026-09-18T06:49:19.098+00:00,True,87,87.0,,87.0,14985.815451999999,20107.861915999998,20107.861913999997,231.1248495862069,0.0,14985.815451999999,1600.5580170015978,67.100987,59.55867981395349,30.925462405437113,4.326665876433802,24,64,,False,True,,333,87.6246207195492
17,2026-09-18T06:48:59.321+00:00,2026-09-18T06:49:14.850+00:00,2026-09-18T06:49:17.179+00:00,True,40,40.0,,40.0,15528.970494000001,17857.874686000003,17857.874726000002,446.44686815,0.0,15528.970494000001,2446.2749956204293,81.7785923,59.715492102564106,43.160897998581085,2.2399082031502164,24,64,,False,True,,127,87.6246207195492
18,2026-09-18T06:48:59.712+00:00,2026-09-18T06:49:16.409+00:00,2026-09-18T06:49:20.699+00:00,True,72,72.0,,72.0,16696.908533,20986.792693000003,20986.792651,291.4832312638889,0.0,16696.908533,1961.1893264840508,79.17155575,60.42090366197183,47.21662001409171,3.4307290805810027,24,64,,False,True,,311,87.6246207195492
19,2026-09-18T06:49:00.078+00:00,2026-09-18T06:49:17.809+00:00,2026-09-18T06:49:19.220+00:00,True,24,24.0,,24.0,17730.940732,19141.477436,19141.477340999998,797.561555875,36.323002,17730.940732,3606.7993261041497,67.07561265,61.3276827826087,5.931350365416072,1.2538217115290389,24,64,,False,True,,166,87.6246207195492
20,2026-09-18T06:49:00.357+00:00,2026-09-18T06:49:18.909+00:00,2026-09-18T06:49:23.597+00:00,True,76,76.0,,76.0,18551.735466,23239.978153999997,23239.978224,305.78918715789473,0.0,18551.735466,2121.5899276037367,93.15812675,62.50990250666667,56.03695573993933,3.2702268262209664,24,64,,False,True,,243,87.6246207195492
21,2026-09-18T06:49:00.797+00:00,2026-09-18T06:49:20.410+00:00,2026-09-18T06:49:24.449+00:00,True,66,66.0,,66.0,19613.153294,23652.098318,23652.098289,358.3651255909091,0.0,19613.153294,2407.349765095457,103.3575855,62.137615753846156,61.99453886317617,2.790450095067121,24,64,,False,True,,376,87.6246207195492
22,2026-09-18T06:49:01.252+00:00,2026-09-18T06:49:22.079+00:00,2026-09-18T06:49:28.027+00:00,True,99,99.0,,99.0,20826.787798,26774.474966,26774.475106,270.4492434949495,0.0,20826.787798,2087.369408387092,84.7317671,60.6906853877551,35.458686310053025,3.6975514973016925,24,64,,False,True,,462,87.6246207195492
23,2026-09-18T06:49:01.598+00:00,2026-09-18T06:49:23.463+00:00,2026-09-18T06:49:28.580+00:00,True,87,87.0,,87.0,21865.152669,26982.077341,26982.077300999998,310.1388195517241,0.0,21865.152669,2338.423741076996,83.009648,59.499124093023255,53.82291495840053,3.2243625611361337,24,64,,False,True,,377,87.6246207195492
24,2026-09-18T06:49:02.008+00:00,2026-09-18T06:49:25.053+00:00,2026-09-18T06:49:30.780+00:00,True,96,96.0,,96.0,23044.917677,28772.316333000002,28772.316374,299.71162889583337,0.0,23044.917677,2346.184287082245,75.39316774999999,60.28840690526316,39.280606821444415,3.336540544352842,24,64,,False,True,,372,87.6246207195492
25,2026-09-18T06:49:02.354+00:00,2026-09-18T06:49:26.332+00:00,2026-09-18T06:49:30.977+00:00,True,77,77.0,,77.0,23978.412431,28622.612879,28622.612912,371.7222456103896,0.0,23978.412431,2725.9735565612546,77.3579618,61.10790063157894,43.57691091590903,2.690180673773979,24,64,,False,True,,331,87.6246207195492
26,2026-09-18T06:49:02.691+00:00,2026-09-18T06:49:27.640+00:00,2026-09-18T06:49:30.787+00:00,True,53,53.0,,53.0,24948.798778,28096.009018,28096.009011000002,530.1133775660378,0.0,24948.798778,3419.0733072031394,77.119134,60.52327384615385,53.18646593624363,1.886388916164036,24,64,,False,True,,244,87.6246207195492
27,2026-09-18T06:49:02.946+00:00,2026-09-18T06:49:28.581+00:00,2026-09-18T06:49:31.382+00:00,True,46,46.0,,46.0,25635.372092999998,28436.636477,28436.636577999998,618.1877516956521,38.020899,25635.372092999998,3770.5580065560857,70.81105099999999,62.250319644444446,7.298959465273132,1.6176315380057527,24,64,,False,True,,221,87.6246207195492
28,2026-09-18T06:49:03.214+00:00,2026-09-18T06:49:29.908+00:00,2026-09-18T06:49:32.196+00:00,True,39,39.0,,39.0,26694.485145,28982.501017,28982.500953,743.1410500769231,37.022891,26694.485145,4264.903633800805,68.8076056,60.210944,7.533085104501062,1.3456395628908675,24,64,,False,True,,141,87.6246207195492
29,2026-09-18T06:49:03.580+00:00,2026-09-18T06:49:31.281+00:00,2026-09-18T06:49:36.596+00:00,True,90,90.0,,90.0,27700.453326000003,33015.817934000006,33015.81783,366.84242033333334,0.0,27700.453326000003,2914.4790028233306,69.1190474,59.72319784269663,72.437816399161,2.7259660863139525,24,64,,False,True,,359,87.6246207195492
30,2026-09-18T06:49:03.899+00:00,2026-09-18T06:49:32.422+00:00,2026-09-18T06:49:33.460+00:00,True,13,13.0,,13.0,28523.384606,29561.000222,29561.000197999998,2273.923092153846,0.0,28523.384606,7887.8893576506625,11695.8784142,86.467968,124.98489296327418,0.43976861074968265,24,64,,False,True,,70,87.6246207195492
31,2026-09-18T06:49:04.206+00:00,2026-09-18T06:49:33.833+00:00,2026-09-18T06:49:35.479+00:00,True,29,29.0,,29.0,29626.995086,31273.88123,31273.881372,1078.4097024827586,0.01808,29626.995086,5491.734554609195,387.61586940000007,58.81736228571428,109.96788568718661,0.9272913645326906,24,64,,False,True,,139,87.6246207195492
32,2026-09-18T06:49:04.640+00:00,2026-09-18T06:49:35.259+00:00,2026-09-18T06:49:38.989+00:00,True,60,60.0,,60.0,30619.028306,34349.773906,34349.773834,572.4962305666667,0.0,30619.028306,3945.2185633443355,99.1196872,63.232976271186445,62.219938475039,1.7467363879655573,24,64,,False,True,,240,87.6246207195492
33,2026-09-18T06:49:04.902+00:00,2026-09-18T06:49:36.219+00:00,2026-09-18T06:49:42.135+00:00,True,98,98.0,,98.0,31317.516671,37233.147007,37233.146998000004,379.93007140816326,0.0,31317.516671,3157.773144381731,94.56318425,60.98587975257732,49.67617971218797,2.6320633058918053,24,64,,False,True,,425,87.6246207195492
34,2026-09-18T06:49:05.345+00:00,2026-09-18T06:49:37.785+00:00,2026-09-18T06:49:39.381+00:00,True,28,28.0,,28.0,32439.300417,34035.779649,34035.779682,1215.5635600714286,0.0,32439.300417,6119.932266782768,357.29628124999994,59.12886044444445,91.24345135401428,0.8226636877061421,24,64,,False,True,,144,87.6246207195492
35,2026-09-18T06:49:05.633+00:00,2026-09-18T06:49:39.008+00:00,2026-09-18T06:49:42.262+00:00,True,58,58.0,,58.0,33374.641646000004,36629.293038,36629.293082000004,631.5395358965518,0.0,33374.641646000004,4374.837139972188,73.73902305000001,57.09914722807018,16.204059683496098,1.5834321437716414,24,64,,False,True,,274,87.6246207195492
36,2026-09-18T06:49:05.918+00:00,2026-09-18T06:49:39.685+00:00,2026-09-18T06:49:42.828+00:00,True,53,53.0,,53.0,33767.537545,36910.307977,36910.307996999996,696.4209056037736,34.160727,33767.537545,4630.04344074193,96.74349719999998,60.43789292307692,12.75220420121338,1.435913242258125,24,64,,False,True,,243,87.6246207195492
37,2026-09-18T06:49:06.201+00:00,2026-09-18T06:49:41.194+00:00,2026-09-18T06:49:45.289+00:00,True,62,62.0,,62.0,34993.604226999996,39087.909507,39087.909594,630.4501547419354,0.0,34993.604226999996,4436.234077908737,103.28588744999999,67.11975868852458,71.45786705867725,1.586168223933716,24,64,,False,True,,224,87.6246207195492
38,2026-09-18T06:49:06.480+00:00,2026-09-18T06:49:42.521+00:00,2026-09-18T06:49:43.794+00:00,True,21,21.0,,21.0,36041.180648,37313.845736,37313.84584,1776.849801904762,34.978745,36041.180648,7850.955556662056,112.22301300000001,63.6332544,13.526390917586282,0.5627937722789967,24,64,,False,True,,98,87.6246207195492
39,2026-09-18T06:49:06.850+00:00,2026-09-18T06:49:43.669+00:00,2026-09-18T06:49:48.865+00:00,True,84,84.0,,84.0,36819.156547,42014.886979,42014.886813,500.1772239642857,0.0,36819.156547,4011.4576409444535,92.82597125000001,62.5991618313253,89.58728005265448,1.9992913474213345,24,64,,False,True,,384,87.6246207195492
40,2026-09-18T06:49:07.301+00:00,2026-09-18T06:49:45.289+00:00,2026-09-18T06:49:49.571+00:00,True,71,71.0,,71.0,37988.054688000004,42270.172064000006,42270.172038000004,595.354535746479,0.01659,37988.054688000004,4501.637986421128,91.675811,61.17310537142857,70.56794435804979,1.6796714215523187,24,64,,False,True,,341,87.6246207195492
41,2026-09-18T06:49:07.907+00:00,2026-09-18T06:49:47.931+00:00,2026-09-18T06:49:53.413+00:00,True,89,89.0,,89.0,40024.05128,45506.11464,45506.114587,511.3046582808989,0.0,40024.05128,4236.990777043076,95.0631468,62.29617454545455,95.00697181675761,1.9557811231321593,24,64,,False,True,,393,87.6246207195492
42,2026-09-18T06:49:07.964+00:00,2026-09-18T06:49:48.180+00:00,2026-09-18T06:49:54.163+00:00,True,97,97.0,,97.0,40215.328068,46198.633028000004,46198.63322,476.27456927835055,0.0,40215.328068,4077.887660717697,96.49566220000001,62.32609333333333,89.31391051902611,2.0996292236874274,24,64,,False,True,,417,87.6246207195492
43,2026-09-18T06:49:08.303+00:00,2026-09-18T06:49:49.317+00:00,2026-09-18T06:49:53.138+00:00,True,63,63.0,,63.0,41013.713630000006,44835.036382000006,44835.03652000001,711.6672463492065,0.0,41013.713630000006,5160.12309394028,88.06672060000001,61.634237935483874,82.31869372626593,1.4051510845944737,24,64,,False,True,,313,87.6246207195492
44,2026-09-18T06:49:08.554+00:00,2026-09-18T06:49:50.139+00:00,2026-09-18T06:49:51.160+00:00,True,17,17.0,,17.0,41584.768829,42605.485629,42605.485616,2506.2050362352943,34.773205000000004,41584.768829,10070.322758868622,8389.9468546,63.7948,12.58336405888261,0.3990096521380505,24,64,,False,True,,38,87.6246207195492
45,2026-09-18T06:49:08.884+00:00,2026-09-18T06:49:51.519+00:00,2026-09-18T06:49:56.132+00:00,True,75,75.0,,75.0,42635.445965000006,47248.143565000006,47248.143566000006,629.9752475466668,0.0,42635.445965000006,4916.483741621152,96.69450699999999,62.33375135135135,74.98838728065382,1.5873639542434368,24,64,,False,True,,337,87.6246207195492
46,2026-09-18T06:49:09.205+00:00,2026-09-18T06:49:53.008+00:00,2026-09-18T06:49:58.406+00:00,True,87,87.0,,87.0,43802.667877,49201.269605,49201.269717,565.5318358275862,35.264155,43802.667877,4689.427590401397,93.46600319999999,62.77443869767442,13.352177956154488,1.7682470533475576,24,64,,False,True,,372,87.6246207195492
47,2026-09-18T06:49:09.624+00:00,2026-09-18T06:49:54.767+00:00,2026-09-18T06:49:58.225+00:00,True,57,57.0,,57.0,45142.595461000004,48600.32934900001,48600.329292,852.6373560000001,32.095351,45142.595461000004,5971.1219941201125,95.7792534,61.745248,14.593476831611323,1.1728315582119162,24,64,,False,True,,260,87.6246207195492
48,2026-09-18T06:49:10.008+00:00,2026-09-18T06:49:56.381+00:00,2026-09-18T06:50:02.613+00:00,True,96,96.0,,96.0,46373.207325,52604.927517000004,52604.927509,547.9679948854167,0.0,46373.207325,4727.884188753699,94.13969875000001,65.59705465263158,124.93072244854389,1.8249240999139535,24,64,,False,True,,385,87.6246207195492
49,2026-09-18T06:49:10.404+00:00,2026-09-18T06:49:57.903+00:00,2026-09-18T06:50:00.999+00:00,True,50,50.0,,50.0,47498.660585,50595.393001,50595.393061999996,1011.90786124,0.0,47498.660585,6709.222585975334,100.87936335,63.198620734693876,106.9586149719671,0.9882322684796968,24,64,,False,True,,205,87.6246207195492
50,2026-09-18T06:49:10.725+00:00,2026-09-18T06:49:59.262+00:00,2026-09-18T06:50:04.847+00:00,True,92,92.0,,92.0,48536.427504,54122.025712,54122.02566,588.2828876086957,0.0,48536.427504,5055.480859277909,91.4755711,61.38020008791209,128.19745399455294,1.69986246430539,24,64,,False,True,,453,87.6246207195492
51,2026-09-18T06:49:10.976+00:00,2026-09-18T06:50:00.781+00:00,2026-09-18T06:50:06.220+00:00,True,98,98.0,,98.0,49805.813656000006,55244.275608,55244.275673000004,563.7170987040816,0.0,49805.813656000006,5026.57980430627,92.14736810000001,56.06661806185567,105.5290162079763,1.7739394520327185,24,64,,False,True,,576,87.6246207195492
52,2026-09-18T06:49:11.277+00:00,2026-09-18T06:50:01.447+00:00,2026-09-18T06:50:02.662+00:00,True,12,12.0,,12.0,50169.541939,51384.551987,51384.551867,4282.045988916667,0.017929999999999998,50169.541939,14453.657090006123,23133.848040049998,110.45545890909091,300.6838071280146,0.2335332222617399,24,64,,False,True,,61,87.6246207195492
53,2026-09-18T06:49:11.661+00:00,2026-09-18T06:50:03.008+00:00,2026-09-18T06:50:05.180+00:00,True,36,36.0,,36.0,51346.81011200001,53518.30835200001,53518.30831700001,1486.6196754722223,38.25483,51346.81011200001,8547.468672018313,93.20424500000001,62.04280685714286,11.453316424179045,0.6726670014160614,24,64,,False,True,,169,87.6246207195492
54,2026-09-18T06:49:11.983+00:00,2026-09-18T06:50:04.942+00:00,2026-09-18T06:50:09.908+00:00,True,74,74.0,,74.0,52959.383391999996,57924.745824,57924.745791999994,782.766835027027,0.0,52959.383391999996,6149.191938425289,99.99406415,68.0186634520548,93.13467168698594,1.2775196325391476,24,64,,False,True,,366,87.6246207195492
55,2026-09-18T06:49:12.259+00:00,2026-09-18T06:50:05.669+00:00,2026-09-18T06:50:07.877+00:00,True,35,35.0,,35.0,53409.656825000005,55618.142201,55618.14245000001,1589.0897842857144,35.474635,53409.656825000005,9016.915953096455,102.6816388,64.95545223529412,17.07293422339432,0.629291066096967,24,64,,False,True,,123,87.6246207195492
56,2026-09-18T06:49:12.567+00:00,2026-09-18T06:50:07.113+00:00,2026-09-18T06:50:13.186+00:00,True,100,100.0,,100.0,54546.171872,60618.619871999996,60618.61987,606.1861987,0.0,54546.171872,5449.091960741215,93.79726395,61.337858585858584,81.85044345113133,1.6496581448267256,24,64,,False,True,,423,87.6246207195492
57,2026-09-18T06:49:12.959+00:00,2026-09-18T06:50:08.533+00:00,2026-09-18T06:50:10.664+00:00,True,35,35.0,,35.0,55574.200531999995,57705.632979999995,57705.63299,1648.7323711428571,0.0,55574.200531999995,9384.124094238286,309.78975219999995,62.689189647058825,136.67624459343895,0.6065265762205664,24,64,,False,True,,174,87.6246207195492
58,2026-09-18T06:49:13.374+00:00,2026-09-18T06:50:09.942+00:00,2026-09-18T06:50:14.074+00:00,True,70,70.0,,70.0,56567.745724,60699.236796,60699.236692,867.1319527428572,35.046235,56567.745724,6753.9917126310775,80.78361185,59.87668220289855,11.434668565285538,1.1532270205514827,24,64,,False,True,,384,87.6246207195492
59,2026-09-18T06:49:13.752+00:00,2026-09-18T06:50:11.267+00:00,2026-09-18T06:50:17.265+00:00,True,94,94.0,,94.0,57515.162542000005,63512.857518000004,63512.857457000006,675.6686963510639,0.01636,57515.162542000005,5926.2657851479,78.1897779,64.491343827957,90.35920485821808,1.480015286249083,24,64,,False,True,,492,87.6246207195492
60,2026-09-18T06:49:14.176+00:00,2026-09-18T06:50:13.120+00:00,2026-09-18T06:50:18.139+00:00,True,81,81.0,,81.0,58943.761051,63963.394971,63963.394991,789.6715430987655,0.015909,58943.761051,6543.05979887609,97.764409,62.745424,97.99700154629726,1.2663492930092928,24,64,,False,True,,286,87.6246207195492
61,2026-09-18T06:49:14.621+00:00,2026-09-18T06:50:14.836+00:00,2026-09-18T06:50:20.228+00:00,True,87,87.0,,87.0,60215.304602,65607.319194,65607.319065,754.1071156896552,0.0,60215.304602,6450.421676320206,93.95519259999999,62.69784409302326,134.4616065852029,1.3260715583080314,24,64,,False,True,,436,87.6246207195492
62,2026-09-18T06:49:15.059+00:00,2026-09-18T06:50:17.194+00:00,2026-09-18T06:50:20.213+00:00,True,47,47.0,,47.0,62134.880127,65154.092671,65154.092616999995,1386.2572897234043,0.01567,62134.880127,9054.736399168554,119.0492275,65.63505530434783,136.49576599768943,0.7213668101761417,24,64,,False,True,,189,87.6246207195492
63,2026-09-18T06:49:15.487+00:00,2026-09-18T06:50:18.262+00:00,2026-09-18T06:50:20.292+00:00,True,34,34.0,,34.0,62775.682810000006,64805.59794600001,64805.59774500001,1906.0469925000002,0.0,62775.682810000006,10756.583049456607,391.70975530000004,61.512579878787875,162.58659851972544,0.5246460348738836,24,64,,False,True,,111,87.6246207195492
64,2026-09-18T06:49:15.885+00:00,2026-09-18T06:50:20.203+00:00,2026-09-18T06:50:25.388+00:00,True,95,95.0,,95.0,64317.528111,69502.709551,69502.709566,731.6074691157895,0.0,64317.528111,6593.222316605986,89.88678810000002,55.16150468085107,23.833034215869006,1.3668531862098192,24,64,,False,True,,402,87.6246207195492
65,2026-09-18T06:49:16.219+00:00,2026-09-18T06:50:21.050+00:00,2026-09-18T06:50:21.687+00:00,True,10,10.0,,10.0,64830.332409999995,65467.617274,65467.617503999994,6546.7617504,55.722808,64830.332409999995,20478.763283963155,35698.664121099995,70.80942933333333,13.59558634135299,0.15274727287152132,24,64,,False,True,,41,87.6246207195492
66,2026-09-18T06:49:16.599+00:00,2026-09-18T06:50:22.187+00:00,2026-09-18T06:50:26.364+00:00,True,67,67.0,,67.0,65588.384446,69765.194174,69765.194211,1041.2715553880596,38.537679,65588.384446,8005.173779689258,90.8223252,63.284995878787875,11.952923507453091,0.9603642732348256,24,64,,False,True,,318,87.6246207195492
67,2026-09-18T06:49:17.036+00:00,2026-09-18T06:50:24.221+00:00,2026-09-18T06:50:24.896+00:00,True,12,12.0,,12.0,67185.525426,67860.78251399999,67860.78245,5655.065204166666,45.855925000000006,67185.525426,19377.071189822644,30274.161159849995,61.387008,7.985218076977184,0.17683262048333062,24,64,,False,True,,39,87.6246207195492
68,2026-09-18T06:49:17.316+00:00,2026-09-18T06:50:25.265+00:00,2026-09-18T06:50:28.706+00:00,True,56,56.0,,56.0,67949.36846099999,71390.444173,71390.44431299999,1274.8293627321427,32.403971,67949.36846099999,9071.766028253416,94.633308,62.56501294545455,13.815812919035121,0.7844187082559057,24,64,,False,True,,286,87.6246207195492
69,2026-09-18T06:49:17.772+00:00,2026-09-18T06:50:26.963+00:00,2026-09-18T06:50:27.796+00:00,True,14,14.0,,14.0,69191.092686,70024.215758,70024.21561900001,5001.729687071429,42.936541,69191.092686,18474.975205368064,24276.292668249996,64.08639015384615,15.03906892228005,0.19993083604653653,24,64,,False,True,,65,87.6246207195492
70,2026-09-18T06:49:18.086+00:00,2026-09-18T06:50:28.040+00:00,2026-09-18T06:50:32.314+00:00,True,70,70.0,,70.0,69954.955751,74228.888551,74228.888347,1060.4126906714287,0.0,69954.955751,8354.727554817175,92.18251959999999,61.94105507246377,124.51627214014238,0.9430290735379329,24,64,,False,True,,232,87.6246207195492
71,2026-09-18T06:49:18.498+00:00,2026-09-18T06:50:29.523+00:00,2026-09-18T06:50:30.284+00:00,True,14,14.0,,14.0,71025.420162,71786.417538,71786.41743799999,5127.601245571428,36.040034,71025.420162,18966.699421804246,24904.2524655,58.5382596923077,9.988650608325226,0.19502296506980765,24,64,,False,True,,64,87.6246207195492
72,2026-09-18T06:49:18.916+00:00,2026-09-18T06:50:32.239+00:00,2026-09-18T06:50:35.905+00:00,True,76,76.0,,76.0,73323.393929,76989.117321,76989.11736599999,1013.0147021842105,0.0,73323.393929,8405.942491536636,91.34008375000002,48.87631189333333,115.19851781274423,0.9871525047251035,24,64,,False,True,,406,87.6246207195492
73,2026-09-18T06:49:19.356+00:00,2026-09-18T06:50:32.726+00:00,2026-09-18T06:50:36.505+00:00,True,64,64.0,,64.0,73369.879919,77148.821103,77148.821117,1205.450329953125,0.01541,73369.879919,9164.493633509006,90.27867415,59.98319339682539,118.70019316137156,0.8295654954280476,24,64,,False,True,,285,87.6246207195492
74,2026-09-18T06:49:19.634+00:00,2026-09-18T06:50:34.716+00:00,2026-09-18T06:50:34.716+00:00,True,10,10.0,,10.0,75081.442425,75081.624697,75081.624844,7508.1624844,0.015269999999999999,75081.442425,23742.830397830643,41294.81253075,0.020252444444444444,0.008516997697415315,0.13318838051728474,24,64,,False,True,,41,87.6246207195492
75,2026-09-18T06:49:19.950+00:00,2026-09-18T06:50:34.891+00:00,2026-09-18T06:50:39.805+00:00,True,81,81.0,,81.0,74940.817678,79855.38228600001,79855.382349,985.868917888889,0.038939999999999995,74940.817678,8319.948566512898,86.59709,61.4320576,16.840761058901485,1.014333632639821,24,64,,False,True,,394,87.6246207195492
76,2026-09-18T06:49:20.234+00:00,2026-09-18T06:50:36.005+00:00,2026-09-18T06:50:38.384+00:00,True,40,40.0,,40.0,75770.92296099999,78150.25889699999,78150.25909099999,1953.7564772749997,31.305793,75770.92296099999,11970.794593927612,92.87606135,61.00861374358974,12.197631845289582,0.5118345167956381,24,64,,False,True,,236,87.6246207195492
77,2026-09-18T06:49:20.506+00:00,2026-09-18T06:50:37.013+00:00,2026-09-18T06:50:42.018+00:00,True,79,79.0,,79.0,76506.24893700001,81511.93648900001,81511.93645800001,1031.7966640253167,36.093683,76506.24893700001,8600.416769853526,98.94389380000001,64.17548143589744,14.200466840849197,0.9691832068136548,24,64,,False,True,,355,87.6246207195492
78,2026-09-18T06:49:20.849+00:00,2026-09-18T06:50:38.570+00:00,2026-09-18T06:50:42.567+00:00,True,63,63.0,,63.0,77720.599812,81717.957892,81717.957849,1297.110442047619,33.450438000000005,77720.599812,9783.761869674969,98.6241373,64.47351741935483,13.807551856742176,0.7709443753264367,24,64,,False,True,,267,87.6246207195492
79,2026-09-18T06:49:21.101+00:00,2026-09-18T06:50:39.491+00:00,2026-09-18T06:50:45.763+00:00,True,87,87.0,,87.0,78389.882371,84662.194947,84662.195083,973.1286791149425,0.0,78389.882371,8397.359916349636,95.23980599999999,72.9338671627907,123.77846724297055,1.0276133291189002,24,64,,False,True,,374,87.6246207195492
80,2026-09-18T06:49:21.583+00:00,2026-09-18T06:50:40.257+00:00,2026-09-18T06:50:42.011+00:00,True,27,27.0,,27.0,78674.800927,80428.968735,80428.96855,2978.850687037037,40.080775,78674.800927,15127.996808772963,105.94746939999999,67.4679926153846,16.383872923297957,0.3356999402660562,24,64,,False,True,,76,87.6246207195492
81,2026-09-18T06:49:21.632+00:00,2026-09-18T06:50:41.356+00:00,2026-09-18T06:50:46.610+00:00,True,84,84.0,,84.0,79723.69658599999,84978.10784999999,84978.10787099999,1011.6441413214285,0.0,79723.69658599999,8692.59414178221,92.6767261,63.306159807228916,128.1283317395663,0.9884898843390758,24,64,,False,True,,291,87.6246207195492
82,2026-09-18T06:49:22.003+00:00,2026-09-18T06:50:42.887+00:00,2026-09-18T06:50:46.357+00:00,True,56,56.0,,56.0,80884.07812100001,84354.76714500002,84354.76715800002,1506.3351278214288,0.0,80884.07812100001,10801.310839602664,96.3616315,63.1034368,159.32814537127524,0.6638628959017795,24,64,,False,True,,260,87.6246207195492
83,2026-09-18T06:49:22.416+00:00,2026-09-18T06:50:44.342+00:00,2026-09-18T06:50:49.905+00:00,True,91,91.0,,91.0,81925.751936,87488.354176,87488.354152,961.4104851868132,0.0,81925.751936,8582.560525310726,83.55566049999999,61.80669155555555,124.09902468070185,1.0401384373620248,24,64,,False,True,,303,87.6246207195492
84,2026-09-18T06:49:22.798+00:00,2026-09-18T06:50:45.776+00:00,2026-09-18T06:50:46.968+00:00,True,21,21.0,,21.0,82978.383331,84169.824483,84169.82443600001,4008.0868779047623,16.38745,82978.383331,18094.372837285748,88.37295599999999,59.5720576,13.493700839449739,0.249495589767345,24,64,,False,True,,95,87.6246207195492
85,2026-09-18T06:49:23.199+00:00,2026-09-18T06:50:47.286+00:00,2026-09-18T06:50:49.600+00:00,True,39,39.0,,39.0,84086.722793,86400.71780099999,86400.717771,2215.4030197692305,38.166219,84086.722793,13454.906526074456,94.1873888,60.894605473684216,12.645876271069396,0.45138513883444403,24,64,,False,True,,178,87.6246207195492
86,2026-09-18T06:49:23.523+00:00,2026-09-18T06:50:48.572+00:00,2026-09-18T06:50:54.396+00:00,True,94,94.0,,94.0,85048.74339599999,90872.38089999999,90872.380748,966.7274547659573,35.991883,85048.74339599999,8765.655636068062,87.29255570000001,62.619758107526884,10.549719891289783,1.0344177083182378,24,64,,False,True,,416,87.6246207195492
87,2026-09-18T06:49:23.950+00:00,2026-09-18T06:50:50.027+00:00,2026-09-18T06:50:50.437+00:00,True,8,8.0,,8.0,86077.03555599999,86487.03491599999,86487.03504699998,10810.879380874998,46.099494,86077.03555599999,30412.120195200067,55972.71572089999,58.57133714285714,6.095613730956258,0.09249941344121639,24,64,,False,True,,38,87.6246207195492
88,2026-09-18T06:49:24.315+00:00,2026-09-18T06:50:51.461+00:00,2026-09-18T06:50:55.306+00:00,True,61,61.0,,61.0,87145.730121,90990.879817,90990.879925,1491.653769262295,35.611394,87145.730121,11149.667644266363,95.57264300000001,64.08582826666667,11.279005802333115,0.6703968587036704,24,64,,False,True,,258,87.6246207195492
89,2026-09-18T06:49:24.729+00:00,2026-09-18T06:50:52.945+00:00,2026-09-18T06:50:55.185+00:00,True,35,35.0,,35.0,88216.031573,90456.389973,90456.390018,2584.4682862285713,37.617311,88216.031573,14900.098540798992,100.76488360000002,65.89289411764706,13.09981079257945,0.38692678328691893,24,64,,False,True,,173,87.6246207195492
90,2026-09-18T06:49:24.990+00:00,2026-09-18T06:50:54.007+00:00,2026-09-18T06:50:59.285+00:00,True,85,85.0,,85.0,89017.554691,94294.874371,94294.874345,1109.351462882353,35.683913999999994,89017.554691,9648.501387537408,88.99267680000001,62.82523428571428,11.08723496717997,0.9014275756449961,24,64,,False,True,,552,87.6246207195492
91,2026-09-18T06:49:25.240+00:00,2026-09-18T06:50:54.790+00:00,2026-09-18T06:50:56.186+00:00,True,24,24.0,,24.0,89550.324088,90945.851,90945.851035,3789.410459791666,37.344521,89550.324088,18267.001645762997,86.0135766,60.67508313043478,11.621118271137496,0.26389329184461646,24,64,,False,True,,105,87.6246207195492
92,2026-09-18T06:49:25.636+00:00,2026-09-18T06:50:56.368+00:00,2026-09-18T06:50:57.259+00:00,True,15,15.0,,15.0,90731.70408400001,91622.76994000001,91622.76988600001,6108.184659066667,40.623574999999995,90731.70408400001,23410.39338252976,27281.4836504,63.64756114285714,9.662961474357665,0.16371476227822934,24,64,,False,True,,54,87.6246207195492
93,2026-09-18T06:49:26.052+00:00,2026-09-18T06:50:57.758+00:00,2026-09-18T06:51:00.097+00:00,True,39,39.0,,39.0,91706.086435,94045.42800300001,94045.428105,2411.4212334615386,35.828614,91706.086435,14674.870916874981,70.73994370000001,61.561620210526314,8.420636631625756,0.41469320548741523,24,64,,False,True,,180,87.6246207195492
94,2026-09-18T06:49:26.461+00:00,2026-09-18T06:50:59.052+00:00,2026-09-18T06:51:05.071+00:00,True,98,98.0,,98.0,92591.623709,98609.831709,98609.831651,1006.2227719489797,38.861638,92591.623709,9346.902599243018,69.2829202,62.04338144329897,8.12820619748257,0.9938157108836811,24,64,,True,True,,485,87.6246207195492
95,2026-09-18T06:49:26.769+00:00,2026-09-18T06:51:00.293+00:00,2026-09-18T06:51:00.980+00:00,True,12,12.0,,12.0,93523.453827,94210.370435,94210.370435,7850.864202916667,40.492385,93523.453827,26979.87093900198,42133.363076099995,62.44696436363637,11.436530452955871,0.12737451242991707,24,64,,True,True,,58,87.6246207195492
96,2026-09-18T06:49:27.196+00:00,2026-09-18T06:51:02.158+00:00,2026-09-18T06:51:05.793+00:00,True,60,60.0,,60.0,94961.90005699999,98596.48412099999,98596.48431999999,1643.2747386666665,42.516681,94961.90005699999,12251.577310333236,68.1318389,61.60311972881356,6.428254571452733,0.608540969131988,24,64,,True,True,,254,87.6246207195492
97,2026-09-18T06:49:27.649+00:00,2026-09-18T06:51:03.611+00:00,2026-09-18T06:51:03.790+00:00,True,4,4.0,,4.0,95961.82218,96141.63402,96141.634017,24035.40850425,57.707533000000005,95961.82218,47950.94248353435,81576.85841025,59.93728,2.1800076637810246,0.04160528412870427,24,64,,True,True,,20,87.6246207195492
98,2026-09-18T06:49:27.976+00:00,2026-09-18T06:51:05.178+00:00,2026-09-18T06:51:11.211+00:00,True,98,98.0,,98.0,97202.38655699999,103235.618429,103235.61850099999,1053.4246785816326,37.69096,97202.38655699999,9812.64691533821,89.74333685000002,62.19826672164948,10.977875879907728,0.9492847671310191,24,64,,True,True,,341,87.6246207195492
99,2026-09-18T06:49:28.349+00:00,2026-09-18T06:51:06.633+00:00,2026-09-18T06:51:10.793+00:00,True,68,68.0,,68.0,98284.331227,102444.407771,102444.407758,1506.5354082058823,34.563006,98284.331227,11911.202827150168,93.2529787,62.09069468656717,12.611759108201671,0.6637746410912384,24,64,,True,True,,341,87.6246207195492
100,2026-09-18T06:49:28.641+00:00,2026-09-18T06:51:07.686+00:00,2026-09-18T06:51:11.768+00:00,True,66,66.0,,66.0,99045.152961,103126.628545,103126.628498,1562.5246742121212,38.466269,99045.152961,12183.891239145873,86.79492724999999,62.79193206153846,10.943802890809037,0.6399898933106346,24,64,,True,True,,296,87.6246207195492
101,2026-09-18T06:49:29.029+00:00,2026-09-18T06:51:09.186+00:00,2026-09-18T06:51:12.345+00:00,True,51,51.0,,51.0,100156.371838,103315.89823800001,103315.898291,2025.80192727451,36.608013,100156.371838,14015.85322334601,90.7048175,63.190528,11.205745062989015,0.4936316759548047,24,64,,True,True,,257,87.6246207195492
102,2026-09-18T06:49:29.301+00:00,2026-09-18T06:51:10.172+00:00,2026-09-18T06:51:11.832+00:00,True,27,27.0,,27.0,100871.204166,102531.087174,102531.087074,3797.4476694074074,39.231528,100871.204166,19400.38853396393,87.9678707,63.84165415384615,10.188359435374549,0.2633347674757388,24,64,,True,True,,101,87.6246207195492
103,2026-09-18T06:49:29.585+00:00,2026-09-18T06:51:11.493+00:00,2026-09-18T06:51:16.545+00:00,True,81,81.0,,81.0,101907.586941,106959.584125,106959.584061,1320.488692111111,35.846564,101907.586941,11316.051539167978,79.712192,63.1499648,8.272783016592776,0.7572953902414026,24,64,,True,True,,377,87.6246207195492
104,2026-09-18T06:49:29.978+00:00,2026-09-18T06:51:12.867+00:00,2026-09-18T06:51:13.399+00:00,True,9,9.0,,9.0,102888.960928,103420.37136,103420.371204,11491.152356,60.325638,102888.960928,34274.1793851952,61768.9396428,66.426304,9.576746595613715,0.08702347401820429,24,64,,True,True,,52,87.6246207195492
105,2026-09-18T06:49:30.313+00:00,2026-09-18T06:51:14.081+00:00,2026-09-18T06:51:14.208+00:00,True,3,3.0,,3.0,103768.492093,103895.67007699999,103895.669937,34631.889979,62.599674,103768.492093,59874.05377023317,93398.1007007,63.588992,1.3990984478184514,0.028875120568322202,24,64,,True,True,,5,87.6246207195492
106,2026-09-18T06:49:30.611+00:00,2026-09-18T06:51:15.078+00:00,2026-09-18T06:51:16.985+00:00,True,31,31.0,,31.0,104466.971162,106373.92565800001,106373.925493,3431.416951387097,56.589905,104466.971162,18751.406273831668,80.77316049999999,63.565149866666665,6.2392545950169165,0.29142479990507525,24,64,,True,True,,141,87.6246207195492
107,2026-09-18T06:49:31.001+00:00,2026-09-18T06:51:16.736+00:00,2026-09-18T06:51:17.617+00:00,True,14,14.0,,14.0,105735.410538,106616.605034,106616.605157,7615.471796928571,59.42442,105735.410538,28240.862873742506,37066.17344375,67.784192,10.579222329639673,0.13131162819839748,24,64,,True,True,,86,87.6246207195492
108,2026-09-18T06:49:31.376+00:00,2026-09-18T06:51:18.296+00:00,2026-09-18T06:51:24.587+00:00,True,100,100.0,,100.0,106919.693409,113210.401377,113210.401417,1132.10401417,35.195904999999996,106919.693409,10685.621097911298,91.22689180000002,63.54250472727273,11.388514479908597,0.8833110631503879,24,64,,True,True,,424,87.6246207195492
109,2026-09-18T06:49:31.827+00:00,2026-09-18T06:51:19.672+00:00,2026-09-18T06:51:23.804+00:00,True,67,67.0,,67.0,107844.62942,111976.766636,111976.766754,1671.2950261791045,36.982732000000006,107844.62942,13167.674631231723,94.7036068,62.60813963636363,11.539895517369745,0.5983384054818727,24,64,,True,True,,320,87.6246207195492
110,2026-09-18T06:49:32.269+00:00,2026-09-18T06:51:21.681+00:00,2026-09-18T06:51:21.799+00:00,True,3,3.0,,3.0,109411.994613,109530.952949,109530.953033,36510.317677666666,49.621418,109411.994613,63134.704974077824,98477.72885190001,59.479168,13.940842122117013,0.027389517932861093,24,64,,True,True,,9,87.6246207195492
111,2026-09-18T06:49:32.610+00:00,2026-09-18T06:51:22.866+00:00,2026-09-18T06:51:26.565+00:00,True,60,60.0,,60.0,110255.95755400001,113954.42795400001,113954.42796,1899.2404660000002,36.810922,110255.95755400001,14225.893442041892,92.03031895,62.685938983050846,9.695221461926149,0.526526270872249,24,64,,True,True,,236,87.6246207195492
112,2026-09-18T06:49:33.037+00:00,2026-09-18T06:51:24.643+00:00,2026-09-18T06:51:29.565+00:00,True,80,80.0,,80.0,111606.114609,116527.854129,116527.85419099999,1456.5981773874998,36.987021999999996,111606.114609,12470.983001413244,92.0056404,62.30050025316456,11.745030764670764,0.6865311353922083,24,64,,True,True,,391,87.6246207195492
113,2026-09-18T06:49:33.372+00:00,2026-09-18T06:51:25.906+00:00,2026-09-18T06:51:31.543+00:00,True,92,92.0,,92.0,112534.48836399999,118171.04797999999,118171.04804299999,1284.4679135108695,35.273095,112534.48836399999,11726.079877094253,90.42787305,61.940215560439555,12.066152347048513,0.7785324880555402,24,64,,True,True,,343,87.6246207195492
114,2026-09-18T06:49:33.696+00:00,2026-09-18T06:51:27.158+00:00,2026-09-18T06:51:32.330+00:00,True,83,83.0,,83.0,113462.04409000001,118634.07327400001,118634.07324800002,1429.3261837108435,34.392227,113462.04409000001,12447.160266349534,92.9766661,63.07352663414634,12.478630480705753,0.6996303651169531,24,64,,True,True,,439,87.6246207195492
115,2026-09-18T06:49:33.976+00:00,2026-09-18T06:51:28.502+00:00,2026-09-18T06:51:31.034+00:00,True,43,43.0,,43.0,114526.557062,117058.03610200001,117058.036057,2722.2799083023256,39.730117,114526.557062,17455.94842412036,87.5915555,60.273310476190474,11.658497625853947,0.3673391544219262,24,64,,True,True,,234,87.6246207195492
116,2026-09-18T06:49:34.270+00:00,2026-09-18T06:51:29.896+00:00,2026-09-18T06:51:32.913+00:00,True,49,49.0,,49.0,115625.65014,118643.25398,118643.254136,2421.290900734694,34.877485,115625.65014,16508.973771375287,92.7219604,62.866746666666664,12.610073374246685,0.41300283291505185,24,64,,True,True,,259,87.6246207195492
117,2026-09-18T06:49:34.538+00:00,2026-09-18T06:51:30.842+00:00,2026-09-18T06:51:33.598+00:00,True,44,44.0,,44.0,116304.813846,119060.146966,119060.146917,2705.912429931818,38.091269,116304.813846,17523.95468816878,97.33746810000001,64.07751441860465,12.471953506109072,0.3695611094161095,24,64,,True,True,,199,87.6246207195492
118,2026-09-18T06:49:35.159+00:00,2026-09-18T06:51:32.465+00:00,2026-09-18T06:51:37.835+00:00,True,87,87.0,,87.0,117306.147545,122676.177881,122676.177936,1410.0710107586208,34.394616,117306.147545,12569.850854228363,94.4545826,62.44221320930233,12.600920176260892,0.709184142371903,24,64,,True,True,,436,87.6246207195492
119,2026-09-18T06:49:35.199+00:00,2026-09-18T06:51:33.538+00:00,2026-09-18T06:51:39.407+00:00,True,94,94.0,,94.0,118338.41491400001,124207.53389,124207.53394200001,1321.3567440638299,35.020495000000004,118338.41491400001,12199.172517390269,92.8219113,63.10880619354839,12.32058446036564,0.756797893461501,24,64,,True,True,,352,87.6246207195492
120,2026-09-18T06:49:35.580+00:00,2026-09-18T06:51:35.449+00:00,2026-09-18T06:51:36.758+00:00,True,22,22.0,,22.0,119868.919509,121177.91355699999,121177.913507,5508.086977590909,41.520753,119868.919509,25542.850596656357,67.3244505,62.3330499047619,5.376746832769067,0.18155123614710184,24,64,,True,True,,83,87.6246207195492
121,2026-09-18T06:49:35.905+00:00,2026-09-18T06:51:36.591+00:00,2026-09-18T06:51:40.367+00:00,True,62,62.0,,62.0,120685.24363699999,124461.55160499999,124461.55163799999,2007.4443812580644,35.213705000000004,120685.24363699999,15319.182612423394,88.24825564999999,61.906688,10.44249035347187,0.4981458064798003,24,64,,True,True,,307,87.6246207195492
122,2026-09-18T06:49:36.170+00:00,2026-09-18T06:51:37.672+00:00,2026-09-18T06:51:40.203+00:00,True,41,41.0,,41.0,121501.666524,124032.580572,124032.580671,3025.184894414634,34.577676,121501.666524,18965.494727273523,96.060612,63.272851200000005,12.396472995532609,0.33055830823579296,24,64,,True,True,,164,87.6246207195492
123,2026-09-18T06:49:36.450+00:00,2026-09-18T06:51:39.022+00:00,2026-09-18T06:51:42.402+00:00,True,56,56.0,,56.0,122571.967012,125952.74806799999,125952.74805499999,2249.156215267857,39.317307,122571.967012,16371.15736080149,91.25539124999999,61.468746472727275,10.654339420236008,0.44461118045448633,24,64,,True,True,,316,87.6246207195492
124,2026-09-18T06:49:36.742+00:00,2026-09-18T06:51:39.964+00:00,2026-09-18T06:51:45.090+00:00,True,85,85.0,,85.0,123222.648646,128347.788614,128347.788545,1509.9739828823529,37.461760999999996,123222.648646,13358.75782770305,68.374669,61.013571047619045,8.8343514285974,0.6622630659857611,24,64,,True,True,,337,87.6246207195492
125,2026-09-18T06:49:36.998+00:00,2026-09-18T06:51:41.025+00:00,2026-09-18T06:51:46.460+00:00,True,90,90.0,,90.0,124026.237958,129461.401862,129461.402065,1438.4600229444445,36.439082,124026.237958,13067.079124114263,69.45800445,61.06925734831461,8.910109251713358,0.6951878992932267,24,64,,True,True,,426,87.6246207195492
126,2026-09-18T06:49:37.420+00:00,2026-09-18T06:51:42.944+00:00,2026-09-18T06:51:45.254+00:00,True,39,39.0,,39.0,125524.331212,127834.394572,127834.394508,3277.8049873846153,37.83027,125524.331212,20090.246542211476,71.21776650000001,60.79114105263158,7.869030714941869,0.3050822130505267,24,64,,True,True,,138,87.6246207195492
127,2026-09-18T06:49:37.811+00:00,2026-09-18T06:51:44.325+00:00,2026-09-18T06:51:45.630+00:00,True,23,23.0,,23.0,126513.830889,127819.220457,127819.22038900001,5557.357408217392,40.148945,126513.830889,26367.585972313584,65.915038,59.33588945454545,7.58711274469143,0.17994163880648523,24,64,,True,True,,119,87.6246207195492
128,2026-09-18T06:49:38.064+00:00,2026-09-18T06:51:45.151+00:00,2026-09-18T06:51:47.957+00:00,True,48,48.0,,48.0,127086.950309,129893.310373,129893.310238,2706.1106299583334,38.581517999999996,127086.950309,18334.805667268778,73.30455365,59.70978859574468,10.22345927366291,0.3695340419161218,24,64,,True,True,,288,87.6246207195492
129,2026-09-18T06:49:38.368+00:00,2026-09-18T06:51:46.062+00:00,2026-09-18T06:51:50.303+00:00,True,72,72.0,,72.0,127693.993933,131934.308301,131934.308369,1832.4209495694445,36.731491999999996,127693.993933,15041.84619141475,70.5223494,59.72273757746479,9.693128794109171,0.5457261339161034,24,64,,True,True,,335,87.6246207195492
130,2026-09-18T06:49:38.631+00:00,2026-09-18T06:51:47.089+00:00,2026-09-18T06:51:52.034+00:00,True,82,82.0,,82.0,128457.66142399999,133402.75915199998,133402.75919699998,1626.8629170365853,35.936252999999994,128457.66142399999,14179.037369137865,75.9227855,61.0505892345679,10.295784520078897,0.6146799400645728,24,64,,True,True,,357,87.6246207195492
131,2026-09-18T06:49:39.052+00:00,2026-09-18T06:51:48.653+00:00,2026-09-18T06:51:49.129+00:00,True,9,9.0,,9.0,129601.580053,130077.152789,130077.152727,14453.016969666667,41.506263,129601.580053,43180.711925798816,77789.37113859999,59.446592,8.71511395073678,0.06918970631682743,24,64,,True,True,,25,87.6246207195492
132,2026-09-18T06:49:39.363+00:00,2026-09-18T06:51:49.570+00:00,2026-09-18T06:51:51.272+00:00,True,30,30.0,,30.0,130206.66591,131909.125558,131909.125476,4396.9708492,37.027011,130206.66591,23761.659700050113,71.11812479999999,58.70550510344828,9.387756098517192,0.227429299323261,24,64,,True,True,,160,87.6246207195492
133,2026-09-18T06:49:39.802+00:00,2026-09-18T06:51:51.203+00:00,2026-09-18T06:51:52.315+00:00,True,17,17.0,,17.0,131401.226535,132513.75082299998,132513.750681,7794.926510647058,57.637753,131401.226535,31852.61740608459,26357.602379,69.532768,14.204020136117146,0.12828857303048558,24,64,,True,True,,61,87.6246207195492
134,2026-09-18T06:49:40.050+00:00,2026-09-18T06:51:52.193+00:00,2026-09-18T06:51:56.789+00:00,True,76,76.0,,76.0,132143.91769499998,136739.79481499997,136739.79496899998,1799.2078285394734,35.704314,132143.91769499998,15150.921322064749,80.07739775,61.278361600000004,10.375374827912527,0.5558001611953787,24,64,,True,True,,152,87.6246207195492
135,2026-09-18T06:49:40.369+00:00,2026-09-18T06:51:53.382+00:00,2026-09-18T06:51:55.363+00:00,True,33,33.0,,33.0,133013.466218,134993.991018,134993.990936,4090.7269980606056,37.64591,133013.466218,23143.901622928974,92.80389339999999,61.8914,12.214683581604815,0.24445532539000053,24,64,,True,True,,110,87.6246207195492
136,2026-09-18T06:49:40.655+00:00,2026-09-18T06:51:54.528+00:00,2026-09-18T06:51:59.478+00:00,True,84,84.0,,84.0,133872.92995,138822.78799799999,138822.78810399998,1652.6522393333332,35.936372999999996,133872.92995,14600.23054806342,69.60566650000001,59.63684395180723,9.86803731381276,0.6050879773514575,24,64,,True,True,,306,87.6246207195492
137,2026-09-18T06:49:41.111+00:00,2026-09-18T06:51:56.155+00:00,2026-09-18T06:51:57.714+00:00,True,28,28.0,,28.0,135044.26065900002,136602.69445100002,136602.69465400002,4878.667666214286,36.699252,135044.26065900002,25510.06109301857,83.35156495000001,57.71977007407408,11.95875830577773,0.2049739949312912,24,64,,True,True,,121,87.6246207195492
138,2026-09-18T06:49:41.373+00:00,2026-09-18T06:51:57.547+00:00,2026-09-18T06:52:03.100+00:00,True,91,91.0,,91.0,136174.186798,141727.295534,141727.29556700002,1557.4428084285714,37.13545,136174.186798,14268.469151446263,86.19087950000001,61.70120817777777,10.302679601226071,0.6420781519687528,24,64,,True,True,,325,87.6246207195492
139,2026-09-18T06:49:41.623+00:00,2026-09-18T06:51:58.312+00:00,2026-09-18T06:52:02.053+00:00,True,61,61.0,,61.0,136688.677384,140429.599752,140429.599591,2302.124583459017,34.746824999999994,136688.677384,17493.211130479034,70.624939,62.34870613333333,9.02553203871617,0.43438135626482294,24,64,,True,True,,339,87.6246207195492
140,2026-09-18T06:49:42.062+00:00,2026-09-18T06:51:59.974+00:00,2026-09-18T06:52:04.296+00:00,True,70,70.0,,70.0,137911.58424599998,142234.406646,142234.40665899997,2031.9200951285711,35.304244,137911.58424599998,16476.103821126162,94.47351350000001,62.6496,12.63651231733075,0.4921453370577166,24,64,,True,True,,379,87.6246207195492
141,2026-09-18T06:49:42.332+00:00,2026-09-18T06:52:00.841+00:00,2026-09-18T06:52:02.584+00:00,True,29,29.0,,29.0,138508.360428,140252.11799600002,140252.11803800002,4836.279932344828,35.319703999999994,138508.360428,25708.7955168534,93.66443939999999,62.277056,13.156258581952365,0.20677049597801497,24,64,,True,True,,108,87.6246207195492
142,2026-09-18T06:49:42.601+00:00,2026-09-18T06:52:01.984+00:00,2026-09-18T06:52:07.326+00:00,True,86,86.0,,86.0,139383.006603,144724.849291,144724.84948799998,1682.8470870697672,38.748628,139383.006603,15023.284060614385,93.76778774999998,62.84520809411765,11.947084893988125,0.5942310558367123,24,64,,True,True,,375,87.6246207195492
143,2026-09-18T06:49:43.014+00:00,2026-09-18T06:52:03.599+00:00,2026-09-18T06:52:07.126+00:00,True,57,57.0,,57.0,140584.276726,144111.461366,144111.461393,2528.2712525087722,38.439409,140584.276726,18612.50301308469,91.857519,62.98544,11.17807828869257,0.3955271805567015,24,64,,True,True,,253,87.6246207195492
144,2026-09-18T06:49:43.335+00:00,2026-09-18T06:52:04.661+00:00,2026-09-18T06:52:08.243+00:00,True,58,58.0,,58.0,141325.58267899998,144907.70645499998,144907.70639299997,2498.4087309137926,34.660486,141325.58267899998,18548.710010471164,91.80896899999999,62.84427677192982,11.87534240776373,0.4002547650425443,24,64,,True,True,,306,87.6246207195492
145,2026-09-18T06:49:43.591+00:00,2026-09-18T06:52:05.719+00:00,2026-09-18T06:52:09.009+00:00,True,53,53.0,,53.0,142128.657957,145418.030629,145418.03056699998,2743.736425792453,35.254744,142128.657957,19514.187293128634,94.60507820000001,63.25716676923077,12.171492143444931,0.3644664954596798,24,64,,True,True,,264,87.6246207195492
146,2026-09-18T06:49:43.994+00:00,2026-09-18T06:52:07.285+00:00,2026-09-18T06:52:10.188+00:00,True,49,49.0,,49.0,143290.906893,146193.330445,146193.330494,2983.5373570204083,35.140525000000004,143290.906893,20461.493608260935,74.3193838,60.46715733333333,9.627108594043042,0.3351726091118397,24,64,,True,True,,245,87.6246207195492
147,2026-09-18T06:49:44.375+00:00,2026-09-18T06:52:08.883+00:00,2026-09-18T06:52:09.544+00:00,True,12,12.0,,12.0,144507.989508,145168.71066,145168.710767,12097.392563916666,40.899674,144507.989508,41698.52439010443,65065.15763739999,60.06555927272727,6.806917893407869,0.08266244113792007,24,64,,True,True,,52,87.6246207195492
148,2026-09-18T06:49:44.780+00:00,2026-09-18T06:52:10.372+00:00,2026-09-18T06:52:13.330+00:00,True,48,48.0,,48.0,145591.533472,148549.00419200002,148549.00411900002,3094.7709191458334,36.494122000000004,145591.533472,21005.24801943708,90.60250245000002,62.92490893617021,10.739550614480022,0.3231256935116163,24,64,,True,True,,228,87.6246207195492
149,2026-09-18T06:49:45.135+00:00,2026-09-18T06:52:11.790+00:00,2026-09-18T06:52:17.921+00:00,True,98,98.0,,98.0,146654.644714,152785.85341799998,152785.853397,1559.039320377551,35.342734,146654.644714,14807.976381416893,92.60551089999998,63.208337154639175,12.395838588548388,0.6414206407702301,24,64,,True,True,,448,87.6246207195492
150,2026-09-18T06:49:45.536+00:00,2026-09-18T06:52:13.262+00:00,2026-09-18T06:52:15.013+00:00,True,29,29.0,,29.0,147726.133238,149476.892406,149476.892505,5154.37560362069,34.185356,147726.133238,27420.445145996702,88.4165412,62.52711314285714,10.314995536380492,0.19400992041787954,24,64,,True,True,,179,87.6246207195492
151,2026-09-18T06:49:45.940+00:00,2026-09-18T06:52:14.832+00:00,2026-09-18T06:52:17.587+00:00,True,45,45.0,,45.0,148891.986687,151646.981375,151646.981504,3369.932922311111,40.056046,148891.986687,22186.17650248164,94.235733,62.61351563636363,12.556093335389459,0.2967418117524003,24,64,,True,True,,161,87.6246207195492
152,2026-09-18T06:49:46.244+00:00,2026-09-18T06:52:16.320+00:00,2026-09-18T06:52:19.970+00:00,True,58,58.0,,58.0,150076.274845,153726.70402900001,153726.70404100002,2650.4604145000003,34.808676,150076.274845,19697.576866364903,96.5538155,64.0426172631579,15.207202853657607,0.3772929392219227,24,64,,True,True,,240,87.6246207195492
153,2026-09-18T06:49:46.557+00:00,2026-09-18T06:52:17.498+00:00,2026-09-18T06:52:22.783+00:00,True,83,83.0,,83.0,150940.761648,156225.74059200002,156225.740567,1882.2378381566266,34.541476,150940.761648,16560.830802543707,94.0415493,64.45096273170732,11.881455559729936,0.5312824870311432,24,64,,True,True,,384,87.6246207195492
154,2026-09-18T06:49:46.854+00:00,2026-09-18T06:52:18.388+00:00,2026-09-18T06:52:23.421+00:00,True,80,80.0,,80.0,151533.809557,156566.561429,156566.561297,1957.0820162125,35.005694000000005,151533.809557,16934.876950532747,93.57064295,63.70571989873417,12.443001490326072,0.5109647888401669,24,64,,True,True,,358,87.6246207195492
155,2026-09-18T06:49:47.250+00:00,2026-09-18T06:52:20.096+00:00,2026-09-18T06:52:24.121+00:00,True,64,64.0,,64.0,152845.54647499998,156870.753259,156870.75330199997,2451.1055203437495,40.419694,152845.54647499998,19097.70969684213,90.11977114999999,63.89217117460317,10.625462569022933,0.40797917183666094,24,64,,True,True,,288,87.6246207195492
156,2026-09-18T06:49:47.705+00:00,2026-09-18T06:52:21.589+00:00,2026-09-18T06:52:23.700+00:00,True,34,34.0,,34.0,153884.908339,155995.616307,155995.616434,4588.106365705882,37.672309999999996,153884.908339,26380.07718713056,93.25016185,63.960847515151514,11.253844301402065,0.21795484260972994,24,64,,True,True,,118,87.6246207195492
157,2026-09-18T06:49:47.987+00:00,2026-09-18T06:52:22.856+00:00,2026-09-18T06:52:26.231+00:00,True,54,54.0,,54.0,154869.201808,158244.10100800003,158244.10119800002,2930.4463184814817,35.686853,154869.201808,21066.366529236533,92.4784985,63.67734339622641,11.269380541185704,0.3412449478749924,24,64,,True,True,,127,87.6246207195492
159,2026-09-18T06:49:48.826+00:00,2026-09-18T06:52:25.383+00:00,2026-09-18T06:52:29.964+00:00,True,74,74.0,,74.0,156556.383728,161137.823984,161137.823997,2177.5381621216216,36.537322,156556.383728,18192.017224150935,82.24433515000001,62.75945556164384,10.385860528535249,0.45923420194223147,24,64,,True,True,,380,87.6246207195492
158,2026-09-18T06:49:48.791+00:00,2026-09-18T06:52:25.386+00:00,2026-09-18T06:52:30.088+00:00,True,76,76.0,,76.0,156594.989547,161296.520171,161296.520062,2122.322632394737,37.993660000000006,156594.989547,17955.489147362874,78.63309325,62.687074986666666,9.772881544116405,0.47118189480732686,24,64,,True,True,,299,87.6246207195492
160,2026-09-18T06:49:48.936+00:00,2026-09-18T06:52:26.167+00:00,2026-09-18T06:52:31.752+00:00,True,91,91.0,,91.0,157231.249838,162815.821998,162815.821918,1789.184856241758,36.090964,157231.249838,16475.811895618983,71.0429125,62.05080177777778,10.131672927269658,0.5589137399749629,24,64,,True,True,,431,87.6246207195492
161,2026-09-18T06:49:49.258+00:00,2026-09-18T06:52:27.490+00:00,2026-09-18T06:52:33.430+00:00,True,95,95.0,,95.0,158232.280305,164171.769585,164171.769633,1728.123890873684,36.354163,158232.280305,16227.810954989955,96.3213717,63.186056170212765,11.860566193031826,0.5786622160444809,24,64,,True,True,,402,87.6246207195492
162,2026-09-18T06:49:49.701+00:00,2026-09-18T06:52:29.227+00:00,2026-09-18T06:52:32.443+00:00,True,52,52.0,,52.0,159526.783414,162741.955254,162741.95521000001,3129.6529848076925,38.658498,159526.783414,22113.64443122932,92.128431,63.04258509803922,10.293961645965902,0.31952424265052515,24,64,,True,True,,239,87.6246207195492
163,2026-09-18T06:49:50.144+00:00,2026-09-18T06:52:30.936+00:00,2026-09-18T06:52:35.386+00:00,True,70,70.0,,70.0,160792.660995,165242.196995,165242.197052,2360.6028150285715,34.934315000000005,160792.660995,19210.69685227309,99.614527,64.48602898550725,14.706792088266612,0.423620608252492,24,64,,True,True,,427,87.6246207195492
164,2026-09-18T06:49:50.498+00:00,2026-09-18T06:52:32.441+00:00,2026-09-18T06:52:38.886+00:00,True,100,100.0,,100.0,161943.478133,168387.930485,168387.930562,1683.87930562,36.898281000000004,161943.478133,16187.844724182489,97.42348434999998,65.0954783030303,14.534178603865204,0.5938667914735611,24,64,,True,True,,646,87.6246207195492
165,2026-09-18T06:49:50.758+00:00,2026-09-18T06:52:33.434+00:00,2026-09-18T06:52:34.309+00:00,True,15,15.0,,15.0,162675.406774,163551.164854,163551.164861,10903.410990733333,37.150081,162675.406774,41986.460741675495,48876.47717230001,62.55414857142858,15.727661276554686,0.09171441862484014,24,64,,True,True,,65,87.6246207195492
166,2026-09-18T06:49:51.014+00:00,2026-09-18T06:52:34.600+00:00,2026-09-18T06:52:38.089+00:00,True,55,55.0,,55.0,163585.452912,167074.46257600002,167074.46259900002,3037.7175018000003,36.852472,163585.452912,22049.151582383663,101.3992727,64.61129007407408,16.137666477724576,0.3291945348917774,24,64,,True,True,,194,87.6246207195492
167,2026-09-18T06:49:51.417+00:00,2026-09-18T06:52:36.254+00:00,2026-09-18T06:52:41.264+00:00,True,80,80.0,,80.0,164837.871781,169847.710373,169847.710275,2123.0963784375,34.727375,164837.871781,18422.349051818026,91.52378015000001,63.41567837974683,13.399867002357047,0.4710101762591512,24,64,,True,True,,382,87.6246207195492
168,2026-09-18T06:49:51.795+00:00,2026-09-18T06:52:37.545+00:00,2026-09-18T06:52:37.898+00:00,True,7,7.0,,7.0,165750.367593,166103.73360900002,166103.733814,23729.10483057143,38.575877999999996,165750.367593,62625.491077594124,116045.24770260001,58.894336,10.394075271419272,0.04214233989753448,24,64,,True,True,,27,87.6246207195492
169,2026-09-18T06:49:52.128+00:00,2026-09-18T06:52:38.755+00:00,2026-09-18T06:52:42.239+00:00,True,57,57.0,,57.0,166627.354322,170111.66613,170111.665959,2984.4151922631577,37.288571000000005,166627.354322,22062.093309175918,81.0070826,62.21985371428572,10.14873434064882,0.33507402106355466,24,64,,True,True,,205,87.6246207195492
170,2026-09-18T06:49:52.402+00:00,2026-09-18T06:52:39.848+00:00,2026-09-18T06:52:41.676+00:00,True,30,30.0,,30.0,167446.57794,169273.788692,169273.78850499997,5642.459616833333,39.101698,167446.57794,30559.921528913044,93.39212225,63.00726731034483,12.300173130470553,0.17722767495082256,24,64,,True,True,,145,87.6246207195492
171,2026-09-18T06:49:52.745+00:00,2026-09-18T06:52:41.487+00:00,2026-09-18T06:52:44.590+00:00,True,50,50.0,,50.0,168741.200981,171844.208725,171844.208937,3436.88417874,41.531682,168741.200981,23854.65595078821,93.75517660000001,63.326688653061225,10.355309218790504,0.2909612163888184,24,64,,True,True,,182,87.6246207195492
172,2026-09-18T06:49:53.143+00:00,2026-09-18T06:52:42.880+00:00,2026-09-18T06:52:44.403+00:00,True,25,25.0,,25.0,169737.28429699998,171260.54599299998,171260.54578699998,6850.421831479999,35.861323,169737.28429699998,33934.76531485934,99.93907440000001,63.46923733333334,12.766127788542311,0.14597641187610041,24,64,,True,True,,106,87.6246207195492
173,2026-09-18T06:49:53.500+00:00,2026-09-18T06:52:44.214+00:00,2026-09-18T06:52:48.270+00:00,True,66,66.0,,66.0,170714.817158,174770.040198,174770.039999,2648.0309090757573,37.981279,170714.817158,21005.866265011326,93.86820949999999,62.38804676923077,13.586239194510984,0.3776390960671947,24,64,,True,True,,260,87.6246207195492
174,2026-09-18T06:49:53.864+00:00,2026-09-18T06:52:45.537+00:00,2026-09-18T06:52:48.676+00:00,True,50,50.0,,50.0,171672.737535,174811.755519,174811.75537499998,3496.2351074999997,36.195831,171672.737535,24269.135985548746,96.36514849999999,64.06159151020408,14.581559638597092,0.2860219545965579,24,64,,True,True,,188,87.6246207195492
175,2026-09-18T06:49:54.138+00:00,2026-09-18T06:52:46.589+00:00,2026-09-18T06:52:49.250+00:00,True,42,42.0,,42.0,172450.35072,175111.44256,175111.442578,4169.320061380952,39.312386,172450.35072,26599.65538720805,101.64091624999999,64.90467902439025,13.968877789299261,0.23984726175509155,24,64,,True,True,,169,87.6246207195492
176,2026-09-18T06:49:54.409+00:00,2026-09-18T06:52:47.811+00:00,2026-09-18T06:52:49.614+00:00,True,30,30.0,,30.0,173401.046484,175204.6269,175204.62708799998,5840.154236266666,37.729339,173401.046484,31647.201402822884,82.57146895,62.19242813793103,9.056558824960677,0.1712283547004888,24,64,,True,True,,107,87.6246207195492
177,2026-09-18T06:49:54.855+00:00,2026-09-18T06:52:49.368+00:00,2026-09-18T06:52:50.155+00:00,True,14,14.0,,14.0,174512.70311,175299.82144600002,175299.82154900001,12521.415824928572,42.254942,174512.70311,46624.30019196333,61123.60286545,60.547564307692305,6.732143148257116,0.0798631731881861,24,64,,True,True,,61,87.6246207195492
178,2026-09-18T06:49:55.128+00:00,2026-09-18T06:52:50.396+00:00,2026-09-18T06:52:50.811+00:00,True,8,8.0,,8.0,175267.251754,175682.52369,175682.523748,21960.3154685,43.970748,175267.251754,61945.35716920507,113947.47302715,59.324562285714286,8.106758946762998,0.045536686472675975,24,64,,True,True,,29,87.6246207195492
179,2026-09-18T06:49:55.416+00:00,2026-09-18T06:52:51.592+00:00,2026-09-18T06:52:55.422+00:00,True,59,59.0,,59.0,176176.920869,180006.554661,180006.55455499998,3050.958551779661,39.992946,176176.920869,22927.688768946977,97.7068787,66.0281688275862,12.662276904212305,0.327765842255648,24,64,,True,True,,275,87.6246207195492
180,2026-09-18T06:49:55.695+00:00,2026-09-18T06:52:52.615+00:00,2026-09-18T06:52:58.581+00:00,True,93,93.0,,93.0,176919.748204,182885.744748,182885.74455,1966.5133822580644,35.494163,176919.748204,18339.003678966717,96.9415008,64.84778852173913,13.35240997770234,0.5085142099409966,24,64,,True,True,,282,87.6246207195492
181,2026-09-18T06:49:56.003+00:00,2026-09-18T06:52:53.653+00:00,2026-09-18T06:52:58.399+00:00,True,73,73.0,,73.0,177649.634204,182395.675804,182395.675958,2498.5709035342466,40.424864,177649.634204,20784.605890361883,92.965444,65.91724444444445,12.87826373284233,0.40022878655547095,24,64,,True,True,,346,87.6246207195492
182,2026-09-18T06:49:56.425+00:00,2026-09-18T06:52:55.546+00:00,2026-09-18T06:52:56.249+00:00,True,11,11.0,,11.0,179121.016655,179823.71284700002,179823.712803,16347.610254818183,57.373903,179121.016655,53985.83331758654,89611.2661575,70.26961920000001,14.816361681404072,0.06117102036125327,24,64,,True,True,,40,87.6246207195492
183,2026-09-18T06:49:56.764+00:00,2026-09-18T06:52:56.775+00:00,2026-09-18T06:53:01.675+00:00,True,79,79.0,,79.0,180010.731566,184910.566446,184910.566413,2340.640081177215,40.132435,180010.731566,20245.724942018715,89.9582618,62.8183958974359,11.002864094532459,0.4272335622478914,24,64,,True,True,,161,87.6246207195492
184,2026-09-18T06:49:57.097+00:00,2026-09-18T06:52:57.854+00:00,2026-09-18T06:53:02.994+00:00,True,84,84.0,,84.0,180756.601295,185897.057743,185897.057753,2213.0602113452383,38.713697999999994,180756.601295,19715.406812049736,76.53061155,61.93321021686747,9.34675484731085,0.4518629881497575,24,64,,True,True,,346,87.6246207195492
185,2026-09-18T06:49:57.549+00:00,2026-09-18T06:52:59.671+00:00,2026-09-18T06:53:02.585+00:00,True,48,48.0,,48.0,182121.975444,185035.67963600002,185035.67954100002,3854.9099904375003,34.173077,182121.975444,26278.096406635195,75.7929748,61.99370621276596,9.094026646665768,0.2594094290053952,24,64,,True,True,,203,87.6246207195492
186,2026-09-18T06:49:57.939+00:00,2026-09-18T06:53:01.350+00:00,2026-09-18T06:53:05.264+00:00,True,65,65.0,,65.0,183411.447416,187324.726392,187324.72636600002,2881.918867169231,40.096505,183411.447416,22741.807091317634,71.33403899999999,61.144984,6.771112178490105,0.3469910313066707,24,64,,True,True,,129,87.6246207195492
187,2026-09-18T06:49:58.281+00:00,2026-09-18T06:53:02.583+00:00,2026-09-18T06:53:04.481+00:00,True,32,32.0,,32.0,184302.29443399998,186199.63689799997,186199.63689,5818.7386528125,40.451085,184302.29443399998,32569.531428349866,68.74457770000001,61.20459561290322,5.372547428982156,0.1718585521062513,24,64,,True,True,,143,87.6246207195492
188,2026-09-18T06:49:58.529+00:00,2026-09-18T06:53:03.679+00:00,2026-09-18T06:53:03.679+00:00,True,1,1.0,,1.0,185150.243044,185150.243044,185150.243044,185150.243044,185150.243044,185150.243044,nan,185150.243044,nan,nan,0.0054010191051294225,24,64,,True,True,,5,87.6246207195492
189,2026-09-18T06:49:58.900+00:00,2026-09-18T06:53:04.830+00:00,2026-09-18T06:53:09.194+00:00,True,74,74.0,,74.0,185930.705768,190294.64740000002,190294.64730600003,2571.549287918919,35.097035000000005,185930.705768,21607.05876804659,72.94390915,59.78002235616438,10.546938813722205,0.38887063304755887,24,64,,True,True,,356,87.6246207195492
190,2026-09-18T06:49:59.331+00:00,2026-09-18T06:53:06.332+00:00,2026-09-18T06:53:10.131+00:00,True,65,65.0,,65.0,187000.64898899998,190799.64470099998,190799.64472199997,2935.3791495692303,33.796706,187000.64898899998,23187.21613078832,69.3722904,59.359308,11.65109951127659,0.3406714939215992,24,64,,True,True,,240,87.6246207195492
191,2026-09-18T06:49:59.654+00:00,2026-09-18T06:53:07.948+00:00,2026-09-18T06:53:09.555+00:00,True,28,28.0,,28.0,188293.777766,189900.86563800002,189900.86557400002,6782.1737705000005,38.278869,188293.777766,35572.932755963186,90.59351335,59.521773037037036,12.370257354936406,0.14744535211005944,24,64,,True,True,,82,87.6246207195492
192,2026-09-18T06:50:00.092+00:00,2026-09-18T06:53:09.788+00:00,2026-09-18T06:53:12.047+00:00,True,39,39.0,,39.0,189696.522515,191955.133971,191955.13384599998,4921.926508871795,35.782693,189696.522515,30366.237538348072,68.044081,59.437143578947364,8.521912994951172,0.20317247678247563,24,64,,True,True,,176,87.6246207195492
193,2026-09-18T06:50:00.346+00:00,2026-09-18T06:53:10.606+00:00,2026-09-18T06:53:11.271+00:00,True,12,12.0,,12.0,190260.323067,190925.15557899998,190925.155444,15910.429620333332,42.50529,190260.323067,54905.97739902873,85653.183012,60.439319272727275,6.545513755795997,0.0628518539823041,24,64,,True,True,,38,87.6246207195492
194,2026-09-18T06:50:00.659+00:00,2026-09-18T06:53:11.689+00:00,2026-09-18T06:53:14.692+00:00,True,49,49.0,,49.0,191030.428571,194033.630107,194033.630071,3959.8700014489796,41.846362,191030.428571,27281.125531845995,91.9021744,62.56669866666667,11.581563516479886,0.2525335426285583,24,64,,True,True,,223,87.6246207195492
195,2026-09-18T06:50:00.955+00:00,2026-09-18T06:53:12.784+00:00,2026-09-18T06:53:14.157+00:00,True,23,23.0,,23.0,191829.44628200002,193201.94241000002,193201.94241800002,8400.084452956522,40.132175000000004,191829.44628200002,39986.19720362965,91.81929359999998,62.38618763636363,9.301546124209256,0.11904642216893951,24,64,,True,True,,84,87.6246207195492
196,2026-09-18T06:50:01.342+00:00,2026-09-18T06:53:14.226+00:00,2026-09-18T06:53:15.762+00:00,True,25,25.0,,25.0,192884.080812,194420.304812,194420.304833,7776.81219332,39.466646,192884.080812,38564.016418261206,92.4943672,64.00933333333333,13.070557023020061,0.12858739226941565,24,64,,True,True,,137,87.6246207195492
197,2026-09-18T06:50:02.701+00:00,2026-09-18T06:53:17.428+00:00,2026-09-18T06:53:18.332+00:00,True,14,14.0,,14.0,194727.280308,195631.64254799997,195631.642718,13973.688765571427,58.53379,194727.280308,52024.46368245739,68215.47697255,69.56632615384616,12.10208282055995,0.07156306524679398,24,64,,True,True,,58,87.6246207195492
199,2026-09-18T06:50:02.797+00:00,2026-09-18T06:53:18.209+00:00,2026-09-18T06:53:22.366+00:00,True,69,69.0,,69.0,195411.88952700002,199568.828023,199568.82804100003,2892.301855666667,37.776519,195411.88952700002,23517.471331617806,93.76100299999999,61.13144847058824,13.235067014197348,0.3457453785921309,24,64,,True,True,,274,87.6246207195492
198,2026-09-18T06:50:02.761+00:00,2026-09-18T06:53:19.736+00:00,2026-09-18T06:53:22.731+00:00,True,50,50.0,,50.0,196975.210357,199970.417013,199970.416911,3999.40833822,35.712844,196975.210357,27847.859818499084,93.92732,61.12666644897959,13.147954875758101,0.2500369842042662,24,64,,True,True,,250,87.6246207195492
200,2026-09-18T06:50:02.850+00:00,2026-09-18T06:53:20.270+00:00,2026-09-18T06:53:22.145+00:00,True,31,31.0,,31.0,197419.906384,199295.100752,199295.100691,6428.8742158387095,37.29648,197419.906384,35446.43872789705,96.11179550000001,62.50647893333333,15.581212877442812,0.1555482291487735,24,64,,True,True,,175,87.6246207195492
201,2026-09-18T06:50:02.898+00:00,2026-09-18T06:53:20.409+00:00,2026-09-18T06:53:26.046+00:00,True,91,91.0,,91.0,197511.243662,203148.63579,203148.635901,2232.4025923186814,36.910131,197511.243662,20698.242407098533,95.00054799999998,62.63769031111111,13.633295374089942,0.4479478764212281,24,64,,True,True,,489,87.6246207195492
202,2026-09-18T06:50:03.213+00:00,2026-09-18T06:53:21.823+00:00,2026-09-18T06:53:25.072+00:00,True,52,52.0,,52.0,198609.910712,201858.999224,201858.999343,3881.903833519231,36.478502,198609.910712,27533.40782151559,97.78648035,63.70761788235294,13.7537045074178,0.2576055573439971,24,64,,True,True,,244,87.6246207195492
203,2026-09-18T06:50:03.510+00:00,2026-09-18T06:53:22.837+00:00,2026-09-18T06:53:26.370+00:00,True,57,57.0,,57.0,199326.60105700002,202859.56617700003,202859.56628700002,3558.939759421053,36.872451,199326.60105700002,26393.099817250615,93.486217,63.08866285714286,12.360483913374482,0.28098255889133705,24,64,,True,True,,272,87.6246207195492
204,2026-09-18T06:50:03.842+00:00,2026-09-18T06:53:24.285+00:00,2026-09-18T06:53:24.726+00:00,True,8,8.0,,8.0,200443.802092,200884.826092,200884.826128,25110.603266,39.077966999999994,200443.802092,70845.31170926885,130315.1016271,63.00342857142857,12.424604288818843,0.039823814250341684,24,64,,True,True,,28,87.6246207195492
205,2026-09-18T06:50:04.208+00:00,2026-09-18T06:53:25.979+00:00,2026-09-18T06:53:27.338+00:00,True,22,22.0,,22.0,201770.931964,203129.30892399998,203129.30884699998,9233.150402136363,39.048387000000005,201770.931964,43003.91890668217,99.22919614999999,64.68461714285714,14.959822645575082,0.10830539480755685,24,64,,True,True,,89,87.6246207195492
206,2026-09-18T06:50:04.480+00:00,2026-09-18T06:53:27.116+00:00,2026-09-18T06:53:28.322+00:00,True,20,20.0,,20.0,202635.80411199998,203841.90587199997,203841.905679,10192.095283949999,43.364538,202635.80411199998,45296.550538102594,10220.792774849999,63.47904,12.422305797680487,0.09811525218253578,24,64,,True,True,,74,87.6246207195492
207,2026-09-18T06:50:04.838+00:00,2026-09-18T06:53:28.199+00:00,2026-09-18T06:53:31.813+00:00,True,60,60.0,,60.0,203361.109359,206974.63537499998,206974.635489,3449.57725815,36.842311,203361.109359,26245.9011848134,77.3742634,61.24620366101695,9.55228184812936,0.2898905940396563,24,64,,True,True,,337,87.6246207195492
208,2026-09-18T06:50:05.127+00:00,2026-09-18T06:53:28.966+00:00,2026-09-18T06:53:35.022+00:00,True,99,99.0,,99.0,203838.223901,209894.85007699998,209894.85010699998,2120.150001080808,37.86888,203838.223901,20480.303836934178,90.3717719,61.80230791836735,10.919046380761657,0.4716647405292785,24,64,,True,True,,403,87.6246207195492
209,2026-09-18T06:50:05.401+00:00,2026-09-18T06:53:30.172+00:00,2026-09-18T06:53:33.019+00:00,True,46,46.0,,46.0,204771.088452,207618.035524,207618.035464,4513.435553565218,33.856826999999996,204771.088452,30182.524068462484,93.73609625,63.26549048888889,11.68232059180072,0.2215607130849793,24,64,,True,True,,187,87.6246207195492
210,2026-09-18T06:50:05.749+00:00,2026-09-18T06:53:31.583+00:00,2026-09-18T06:53:33.687+00:00,True,36,36.0,,36.0,205834.391638,207937.634646,207937.634549,5776.045404138889,37.916159,205834.391638,34295.718544972195,94.75793099999999,60.09265737142857,12.024472325101474,0.17312883288918626,24,64,,True,True,,145,87.6246207195492
211,2026-09-18T06:50:06.095+00:00,2026-09-18T06:53:32.928+00:00,2026-09-18T06:53:36.149+00:00,True,52,52.0,,52.0,206833.210104,210054.593016,210054.593176,4039.5114072307692,37.616879999999995,206833.210104,28673.84904205339,91.90831770000001,63.16437082352942,12.813986799162691,0.247554691632185,24,64,,True,True,,256,87.6246207195492
212,2026-09-18T06:50:06.432+00:00,2026-09-18T06:53:34.470+00:00,2026-09-18T06:53:39.482+00:00,True,80,80.0,,80.0,208038.222725,213050.892677,213050.89268,2663.1361585,37.611940000000004,208038.222725,23252.289386896377,92.00287639999999,63.45151837974683,12.055771078268998,0.3754971358945938,24,64,,True,True,,359,87.6246207195492
213,2026-09-18T06:50:06.722+00:00,2026-09-18T06:53:35.467+00:00,2026-09-18T06:53:39.807+00:00,True,70,70.0,,70.0,208744.402289,213084.59172899998,213084.59183999998,3044.0655977142856,35.595523,208744.402289,24942.212437705624,91.2116592,62.901296231884054,11.057126825224415,0.32850803257058436,24,64,,True,True,,372,87.6246207195492
214,2026-09-18T06:50:07.039+00:00,2026-09-18T06:53:36.861+00:00,2026-09-18T06:53:42.139+00:00,True,85,85.0,,85.0,209822.354208,215100.644384,215100.644367,2530.595816082353,33.892907,209822.354208,22751.61635351847,89.07759320000001,62.836787809523805,10.248179883596682,0.39516385570773593,24,64,,True,True,,437,87.6246207195492
215,2026-09-18T06:50:07.374+00:00,2026-09-18T06:53:38.322+00:00,2026-09-18T06:53:43.246+00:00,True,80,80.0,,80.0,210948.69527599998,215871.93393199999,215871.93393799997,2698.399174225,34.137137,210948.69527599998,23577.815969494623,89.17461594999999,62.31947665822785,10.658706343072277,0.3705900926667018,24,64,,True,True,,376,87.6246207195492
216,2026-09-18T06:50:07.811+00:00,2026-09-18T06:53:39.979+00:00,2026-09-18T06:53:40.515+00:00,True,10,10.0,,10.0,212167.726567,212703.760615,212703.760516,21270.3760516,41.997510999999996,212167.726567,67074.49220294594,116721.9982735,59.55933866666666,6.981038211182058,0.04701374329765749,24,64,,True,True,,44,87.6246207195492
217,2026-09-18T06:50:08.220+00:00,2026-09-18T06:53:41.175+00:00,2026-09-18T06:53:43.120+00:00,True,32,32.0,,32.0,212954.509419,214899.81988300002,214899.82005500002,6715.619376718751,39.492636,212954.509419,37634.30325517153,88.63167795000001,62.751950451612906,12.204169761472388,0.14890659292977568,24,64,,True,True,,148,87.6246207195492
218,2026-09-18T06:50:08.606+00:00,2026-09-18T06:53:42.933+00:00,2026-09-18T06:53:45.640+00:00,True,44,44.0,,44.0,214327.092695,217034.427095,217034.427118,4932.600616318182,34.467876,214327.092695,32301.534530131572,90.86693615,62.96126511627907,9.446242023206974,0.2027328133556451,24,64,,True,True,,181,87.6246207195492
219,2026-09-18T06:50:08.879+00:00,2026-09-18T06:53:43.744+00:00,2026-09-18T06:53:43.806+00:00,True,2,2.0,,2.0,214864.355575,214926.643959,214926.644069,107463.3220345,62.288494,214864.355575,151887.99824586278,204124.25222094997,62.288384,nan,0.009305500533389082,24,64,,True,True,,6,87.6246207195492
220,2026-09-18T06:50:09.180+00:00,2026-09-18T06:53:45.047+00:00,2026-09-18T06:53:45.047+00:00,True,1,1.0,,1.0,215866.484926,215866.484926,215866.484926,215866.484926,215866.484926,215866.484926,nan,215866.484926,nan,nan,0.0046324930910085675,24,64,,True,True,,3,87.6246207195492
221,2026-09-18T06:50:09.486+00:00,2026-09-18T06:53:45.999+00:00,2026-09-18T06:53:48.961+00:00,True,46,46.0,,46.0,216512.062534,219474.52243799999,219474.52254099998,4771.185272630435,0.01807,216512.062534,31913.269770561263,98.10999899999999,65.83244231111111,30.449709290669418,0.20959152565416644,24,64,,True,True,,215,87.6246207195492
222,2026-09-18T06:50:09.931+00:00,2026-09-18T06:53:47.886+00:00,2026-09-18T06:53:50.389+00:00,True,41,41.0,,41.0,217955.152648,220457.54266399998,220457.542834,5377.013239853658,0.01744,217955.152648,34029.11936638755,85.07322100000002,62.5597504,30.63680118984744,0.18597685297839062,24,64,,True,True,,186,87.6246207195492
223,2026-09-18T06:50:10.179+00:00,2026-09-18T06:53:49.205+00:00,2026-09-18T06:53:53.134+00:00,True,64,64.0,,64.0,219026.64483,222955.880798,222955.88092,3483.685639375,32.712289,219026.64483,27370.53682731061,88.51341825000002,62.36882488888889,11.376824666815809,0.28705230725887226,24,64,,True,True,,235,87.6246207195492
224,2026-09-18T06:50:10.584+00:00,2026-09-18T06:53:50.636+00:00,2026-09-18T06:53:52.101+00:00,True,25,25.0,,25.0,220052.331545,221516.575513,221516.57551,8860.6630204,36.637812,220052.331545,43998.26631298433,96.7565256,61.01016533333333,13.67643920122962,0.1128583716234492,24,64,,True,True,,106,87.6246207195492
225,2026-09-18T06:50:11.034+00:00,2026-09-18T06:53:52.188+00:00,2026-09-18T06:53:57.752+00:00,True,90,90.0,,90.0,221153.561877,226718.319893,226718.319963,2519.0924440333333,36.750341,221153.561877,23305.043323695565,78.29817795,62.52537096629214,9.220592669370872,0.39696836163251215,24,64,,True,True,,521,87.6246207195492
226,2026-09-18T06:50:11.419+00:00,2026-09-18T06:53:53.682+00:00,2026-09-18T06:53:54.513+00:00,True,14,14.0,,14.0,222263.06522400002,223094.724488,223094.72430700003,15935.337450500001,39.887125,222263.06522400002,59385.207066483614,77859.85935565,63.97378953846154,15.775538460572308,0.06275361298717327,24,64,,True,True,,66,87.6246207195492
227,2026-09-18T06:50:11.804+00:00,2026-09-18T06:53:55.174+00:00,2026-09-18T06:54:00.239+00:00,True,82,82.0,,82.0,223370.0589,228434.448788,228434.448769,2785.785960597561,37.07295,223370.0589,24660.193141987776,68.95461655,62.52333195061728,7.7577111252898945,0.358965122971013,24,64,,True,True,,365,87.6246207195492
228,2026-09-18T06:50:12.054+00:00,2026-09-18T06:53:56.058+00:00,2026-09-18T06:53:56.811+00:00,True,13,13.0,,13.0,224004.052887,224756.866967,224756.86678799998,17288.989752923077,57.540432,224004.052887,62110.14673996753,89644.0186356,62.73450666666666,3.8884824965728852,0.05784027947812927,24,64,,True,True,,66,87.6246207195492
229,2026-09-18T06:50:12.426+00:00,2026-09-18T06:53:57.688+00:00,2026-09-18T06:53:59.661+00:00,True,33,33.0,,33.0,225262.385891,227235.521251,227235.521267,6885.924886878788,39.92669600000001,225262.385891,39202.41582834613,88.75241580000002,61.66048,10.755698523771558,0.14522377407513165,24,64,,True,True,,123,87.6246207195492
230,2026-09-18T06:50:12.784+00:00,2026-09-18T06:53:58.727+00:00,2026-09-18T06:54:02.801+00:00,True,66,66.0,,66.0,225942.193658,230016.567034,230016.56695100002,3485.0994992575756,33.645527,225942.193658,27803.848155182368,91.56036350000001,62.68266732307693,11.558351061740847,0.28693585358242557,24,64,,True,True,,285,87.6246207195492
231,2026-09-18T06:50:13.187+00:00,2026-09-18T06:54:00.427+00:00,2026-09-18T06:54:04.810+00:00,True,71,71.0,,71.0,227239.95698800002,231623.717372,231623.717551,3262.305881,35.359254,227239.95698800002,26960.990921760807,83.75799799999999,62.625148342857145,10.096768951335077,0.3065316488551568,24,64,,True,True,,161,87.6246207195492
232,2026-09-18T06:50:13.443+00:00,2026-09-18T06:54:01.689+00:00,2026-09-18T06:54:03.867+00:00,True,36,36.0,,36.0,228245.925757,230424.101245,230424.10113,6400.669475833333,34.280006,228245.925757,38030.61708035246,90.10131325,62.233585371428575,11.597668835798538,0.15623365700675015,24,64,,True,True,,146,87.6246207195492
233,2026-09-18T06:50:13.733+00:00,2026-09-18T06:54:02.736+00:00,2026-09-18T06:54:07.057+00:00,True,71,71.0,,71.0,229003.438352,233324.022544,233324.022442,3286.2538372112676,35.809713,229003.438352,27170.384891298785,83.327684,61.72263131428572,10.473638945031782,0.30429785679959676,24,64,,True,True,,368,87.6246207195492
234,2026-09-18T06:50:14.037+00:00,2026-09-18T06:54:03.497+00:00,2026-09-18T06:54:07.924+00:00,True,72,72.0,,72.0,229460.18107800002,233886.43515800004,233886.43515000003,3248.422710416667,37.027480000000004,229460.18107800002,27034.797098824616,91.95375609999999,62.34160676056338,11.596703087905269,0.3078417093807129,24,64,,True,True,,390,87.6246207195492
235,2026-09-18T06:50:14.358+00:00,2026-09-18T06:54:04.742+00:00,2026-09-18T06:54:05.883+00:00,True,20,20.0,,20.0,230384.531708,231524.816892,231524.816873,11576.240843649999,38.935756999999995,230384.531708,51502.1282435092,11585.2350364,60.015009684210526,8.21743064712634,0.08638382817220606,24,64,,True,True,,83,87.6246207195492
236,2026-09-18T06:50:14.809+00:00,2026-09-18T06:54:06.454+00:00,2026-09-18T06:54:07.215+00:00,True,12,12.0,,12.0,231645.46776600002,232406.90571800002,232406.90555000002,19367.24212916667,34.749105,231645.46776600002,66850.3074774426,104296.00487425,69.221632,22.529764031589217,0.05163357759498192,24,64,,True,True,,42,87.6246207195492
237,2026-09-18T06:50:15.243+00:00,2026-09-18T06:54:08.177+00:00,2026-09-18T06:54:09.488+00:00,True,21,21.0,,21.0,232933.543272,234244.64164000002,234244.641597,11154.506742714286,39.589985999999996,232933.543272,50815.96336127319,117.483139,65.5549184,15.47605474132683,0.0896498628654821,24,64,,True,True,,68,87.6246207195492
238,2026-09-18T06:50:15.619+00:00,2026-09-18T06:54:09.587+00:00,2026-09-18T06:54:11.401+00:00,True,30,30.0,,30.0,233967.956074,235781.85994599998,235781.85975899998,7859.3953253,37.672489999999996,233967.956074,42705.09092201291,93.6038802,62.54840937931035,11.724833240406342,0.12723625136755967,24,64,,True,True,,68,87.6246207195492
239,2026-09-18T06:50:15.928+00:00,2026-09-18T06:54:10.898+00:00,2026-09-18T06:54:11.587+00:00,True,11,11.0,,11.0,234969.496472,235659.044248,235659.04423,21423.549475454547,57.861171999999996,234969.496472,70825.17935681602,117533.7841595,68.9547776,13.673753463114062,0.046677605924701764,24,64,,True,True,,38,87.6246207195492
240,2026-09-18T06:50:16.358+00:00,2026-09-18T06:54:12.445+00:00,2026-09-18T06:54:18.631+00:00,True,100,100.0,,100.0,236086.701808,242272.69476800002,242272.694846,2422.72694846,36.485972000000004,236086.701808,23602.424444865363,93.35075899999998,62.48477737373737,11.43463955289295,0.4127580291116168,24,64,,True,True,,431,87.6246207195492
242,2026-09-18T06:50:17.208+00:00,2026-09-18T06:54:12.848+00:00,2026-09-18T06:54:18.198+00:00,True,86,86.0,,86.0,235639.419792,240990.101136,240990.101314,2802.210480395349,40.316705,235639.419792,25402.86646503705,91.87536949999999,62.94919228235294,10.965872897259558,0.3568611307875541,24,64,,True,True,,417,87.6246207195492
241,2026-09-18T06:50:17.188+00:00,2026-09-18T06:54:13.721+00:00,2026-09-18T06:54:14.073+00:00,True,7,7.0,,7.0,236533.21102900003,236885.18440500004,236885.18443000002,33840.740632857145,43.08133,236533.21102900003,89378.97853335094,165592.9670311,58.662229333333336,8.256104796077015,0.029550180681760897,24,64,,True,True,,33,87.6246207195492
243,2026-09-18T06:50:17.409+00:00,2026-09-18T06:54:16.456+00:00,2026-09-18T06:54:21.490+00:00,True,79,79.0,,79.0,239047.079466,244080.66359399998,244080.663823,3089.6286559873415,36.689581,239047.079466,26887.639098593947,91.75013500000001,64.53312984615384,10.325991931740301,0.3236634923748298,24,64,,True,True,,295,87.6246207195492
244,2026-09-18T06:50:17.723+00:00,2026-09-18T06:54:18.135+00:00,2026-09-18T06:54:19.533+00:00,True,23,23.0,,23.0,240412.077413,241810.07472499998,241810.07475499998,10513.481511086957,43.569049,240412.077413,50116.13404038699,88.34484110000001,63.54533236363637,8.600330683479685,0.09511597077233813,24,64,,True,True,,93,87.6246207195492
245,2026-09-18T06:50:18.062+00:00,2026-09-18T06:54:19.593+00:00,2026-09-18T06:54:19.722+00:00,True,3,3.0,,3.0,241531.549567,241659.977855,241659.977767,80553.32592233333,64.01777,241531.549567,139411.23113251236,217384.8356533,64.214144,0.2775026420630982,0.012414136699954718,24,64,,True,True,,9,87.6246207195492
246,2026-09-18T06:50:18.403+00:00,2026-09-18T06:54:20.889+00:00,2026-09-18T06:54:25.599+00:00,True,77,77.0,,77.0,242486.30110100002,247196.61278100003,247196.61295200002,3210.345622753247,33.564127,242486.30110100002,27626.81760983054,74.6505164,61.9777852631579,10.52158837693738,0.3114929413220437,24,64,,True,True,,153,87.6246207195492
247,2026-09-18T06:50:18.739+00:00,2026-09-18T06:54:22.258+00:00,2026-09-18T06:54:23.349+00:00,True,19,19.0,,19.0,243518.899448,244609.91308,244609.91328600002,12874.205962421052,33.863466,243518.899448,55853.163908188486,24448.698622999997,60.61186844444445,16.126959360342546,0.07767469339554535,24,64,,True,True,,80,87.6246207195492
248,2026-09-18T06:50:19.067+00:00,2026-09-18T06:54:23.636+00:00,2026-09-18T06:54:26.193+00:00,True,42,42.0,,42.0,244568.562955,247126.233099,247126.232986,5883.9579282380955,36.923991,244568.562955,37728.123758069516,75.13723705,62.38219863414634,8.708288880854957,0.1699536284485613,24,64,,True,True,,139,87.6246207195492
249,2026-09-18T06:50:19.516+00:00,2026-09-18T06:54:25.305+00:00,2026-09-18T06:54:29.490+00:00,True,66,66.0,,66.0,245788.202029,249973.804333,249973.80429200002,3787.4818832121214,38.913927,245788.202029,30246.51301525607,95.02074225,64.3938816,13.803331512793221,0.2640276655232193,24,64,,True,True,,330,87.6246207195492
250,2026-09-18T06:50:19.807+00:00,2026-09-18T06:54:26.547+00:00,2026-09-18T06:54:28.258+00:00,True,27,27.0,,27.0,246739.90086899998,248451.18944499997,248451.189505,9201.895907592592,34.976824,246739.90086899998,47472.451502198855,97.3464695,65.81879138461538,14.980666722122326,0.1086732571508861,24,64,,True,True,,129,87.6246207195492
251,2026-09-18T06:50:20.181+00:00,2026-09-18T06:54:27.749+00:00,2026-09-18T06:54:30.469+00:00,True,43,43.0,,43.0,247568.024308,250287.2517,250287.251777,5820.633762255814,35.661573,247568.024308,37743.89891940415,95.76819189999998,64.74350933333334,13.751005371221938,0.1718025976470459,24,64,,True,True,,198,87.6246207195492
252,2026-09-18T06:50:20.550+00:00,2026-09-18T06:54:29.615+00:00,2026-09-18T06:54:33.841+00:00,True,69,69.0,,69.0,249065.300864,253291.664256,253291.664261,3670.893684942029,43.187319,249065.300864,29976.457444630356,74.859954,62.152402823529414,7.785270135691001,0.27241322845216975,24,64,,True,True,,306,87.6246207195492
253,2026-09-18T06:50:20.931+00:00,2026-09-18T06:54:30.916+00:00,2026-09-18T06:54:31.333+00:00,True,8,8.0,,8.0,249984.957283,250402.704227,250402.704001,31300.338000125,39.760276,249984.957283,88361.93027573205,162514.05701065,59.67813485714286,9.377555669106874,0.03194853675680628,24,64,,True,True,,64,87.6246207195492
254,2026-09-18T06:50:21.186+00:00,2026-09-18T06:54:31.645+00:00,2026-09-18T06:54:34.095+00:00,True,40,40.0,,40.0,250459.101458,252909.15892999998,252909.15907999998,6322.728977,37.61054,250459.101458,39591.12915076776,94.50814240000001,62.821986461538465,9.511597722887132,0.15815955487429054,24,64,,True,True,,231,87.6246207195492
255,2026-09-18T06:50:21.531+00:00,2026-09-18T06:54:32.822+00:00,2026-09-18T06:54:33.961+00:00,True,19,19.0,,19.0,251291.57047,252429.77821400002,252429.778259,13285.777803105264,54.074249,251291.57047,57635.73382534282,25213.233917499998,63.233763555555555,8.495439394769534,0.07526845736834008,24,64,,True,True,,85,87.6246207195492
256,2026-09-18T06:50:21.902+00:00,2026-09-18T06:54:34.195+00:00,2026-09-18T06:54:37.111+00:00,True,47,47.0,,47.0,252293.592313,255208.944633,255208.944565,5429.97754393617,39.927515,252293.592313,36791.55986003377,92.3776943,63.377224347826086,11.242663719886135,0.18416282418152605,24,64,,True,True,,197,87.6246207195492
257,2026-09-18T06:50:22.163+00:00,2026-09-18T06:54:35.433+00:00,2026-09-18T06:54:38.666+00:00,True,52,52.0,,52.0,253270.003188,256502.92146,256502.921485,4932.748490096154,35.794663,253270.003188,35113.44189901693,98.23838785,63.39055435294118,13.303443032020802,0.2027267358360636,24,64,,True,True,,207,87.6246207195492
258,2026-09-18T06:50:22.587+00:00,2026-09-18T06:54:37.235+00:00,2026-09-18T06:54:42.492+00:00,True,85,85.0,,85.0,254648.87218399998,259905.58898399997,259905.58881199997,3057.712809552941,38.240228,254648.87218399998,27613.76238401956,89.68810219999999,62.5799619047619,10.3612761610434,0.327041832121712,24,64,,True,True,,395,87.6246207195492
259,2026-09-18T06:50:22.901+00:00,2026-09-18T06:54:38.211+00:00,2026-09-18T06:54:43.574+00:00,True,88,88.0,,88.0,255309.36176,260672.583776,260672.583779,2962.188452034091,38.100728000000004,255309.36176,27209.49942755689,69.0296115,61.646230068965515,9.171643958003479,0.3375882447063162,24,64,,True,True,,314,87.6246207195492
260,2026-09-18T06:50:23.192+00:00,2026-09-18T06:54:39.543+00:00,2026-09-18T06:54:41.017+00:00,True,24,24.0,,24.0,256350.599511,257824.374359,257824.374432,10742.682268,41.230292999999996,256350.599511,52314.2685837265,98.2381582,64.07716730434782,11.81652516504538,0.09308662169613918,24,64,,True,True,,112,87.6246207195492
261,2026-09-18T06:50:23.472+00:00,2026-09-18T06:54:40.167+00:00,2026-09-18T06:54:41.200+00:00,True,18,18.0,,18.0,256694.29841999998,257728.08248399998,257728.082435,14318.226801944444,35.216055,256694.29841999998,60489.0935776841,38562.459472849994,60.810827294117644,7.674614915109713,0.06984105040674975,24,64,,True,True,,48,87.6246207195492
262,2026-09-18T06:50:23.905+00:00,2026-09-18T06:54:41.887+00:00,2026-09-18T06:54:42.387+00:00,True,9,9.0,,9.0,257981.849548,258481.590988,258481.591132,28720.176792444443,57.834061,257981.849548,85973.12732511909,154815.8767628,62.46768,2.865548634447512,0.03481872718903926,24,64,,True,True,,38,87.6246207195492
263,2026-09-18T06:50:24.214+00:00,2026-09-18T06:54:42.894+00:00,2026-09-18T06:54:48.480+00:00,True,93,93.0,,93.0,258679.713413,264266.225285,264266.225455,2841.57231672043,35.228694000000004,258679.713413,26817.541614703565,70.07773900000001,60.722955130434784,9.227955209866023,0.35191784307549484,24,64,,True,True,,383,87.6246207195492
264,2026-09-18T06:50:24.491+00:00,2026-09-18T06:54:43.903+00:00,2026-09-18T06:54:44.450+00:00,True,10,10.0,,10.0,259411.231596,259958.991724,259958.991531,25995.8991531,39.074957000000005,259411.231596,82013.7883796229,142706.67911265,60.86223644444445,9.159289577767142,0.038467605731511145,24,64,,True,True,,40,87.6246207195492
265,2026-09-18T06:50:24.871+00:00,2026-09-18T06:54:45.230+00:00,2026-09-18T06:54:50.618+00:00,True,90,90.0,,90.0,260358.801392,265746.413808,265746.413855,2952.737931722222,34.685125,260358.801392,27437.849006171273,91.81026580000001,60.534970966292136,11.95862726531791,0.3386687282449064,24,64,,True,True,,425,87.6246207195492
266,2026-09-18T06:50:25.212+00:00,2026-09-18T06:54:46.208+00:00,2026-09-18T06:54:49.615+00:00,True,58,58.0,,58.0,260995.241401,264402.281145,264402.281153,4558.66001987931,37.16318,260995.241401,34262.5069182256,72.50346459999999,59.7726270877193,9.547713014332027,0.21936270651232545,24,64,,True,True,,249,87.6246207195492
267,2026-09-18T06:50:25.635+00:00,2026-09-18T06:54:47.677+00:00,2026-09-18T06:54:52.437+00:00,True,81,81.0,,81.0,262042.15502099998,266801.545485,266801.54543,3293.846239876543,36.355351999999996,262042.15502099998,29109.186727256078,69.762639,59.4923808,10.829767220440884,0.3035964422648142,24,64,,True,True,,384,87.6246207195492
268,2026-09-18T06:50:25.983+00:00,2026-09-18T06:54:49.184+00:00,2026-09-18T06:54:51.603+00:00,True,41,41.0,,41.0,263201.20288,265619.97996799997,265619.980122,6478.536100536585,35.236314,263201.20288,41095.67975713395,92.676056,60.469427200000005,11.275946246492563,0.1543558583391934,24,64,,True,True,,163,87.6246207195492
269,2026-09-18T06:50:26.395+00:00,2026-09-18T06:54:51.032+00:00,2026-09-18T06:54:52.971+00:00,True,34,34.0,,34.0,264636.715752,266575.654376,266575.654302,7840.4604206470585,35.927042,264636.715752,45374.74721580186,75.95957125,58.755715878787875,11.484445313998604,0.12754353010813071,24,64,,True,True,,116,87.6246207195492
270,2026-09-18T06:50:26.754+00:00,2026-09-18T06:54:52.231+00:00,2026-09-18T06:54:56.575+00:00,True,73,73.0,,73.0,265477.60921799997,269821.256962,269821.256985,3696.181602534246,33.273576999999996,265477.60921799997,31064.744671090608,68.76224160000001,60.328440888888885,10.175218044678322,0.2705494771684385,24,64,,True,True,,296,87.6246207195492
271,2026-09-18T06:50:27.161+00:00,2026-09-18T06:54:53.337+00:00,2026-09-18T06:54:54.760+00:00,True,25,25.0,,25.0,266175.962818,267599.134914,267599.135094,10703.96540376,42.51253,266175.962818,53223.33323271236,68.4267782,59.29883733333334,6.975654662837471,0.0934233214469636,24,64,,True,True,,102,87.6246207195492
272,2026-09-18T06:50:27.582+00:00,2026-09-18T06:54:55.054+00:00,2026-09-18T06:54:59.351+00:00,True,68,68.0,,68.0,267472.61111,271768.97079,271768.970898,3996.602513205882,40.668364000000004,267472.61111,32428.044957929764,98.13634185,64.12477134328358,13.507104648468058,0.25021252353545775,24,64,,True,True,,300,87.6246207195492
273,2026-09-18T06:50:27.944+00:00,2026-09-18T06:54:56.569+00:00,2026-09-18T06:54:57.931+00:00,True,21,21.0,,21.0,268625.97133,269987.647106,269987.647089,12856.554623285712,40.128705000000004,268625.97133,58604.1375829443,104.93768300000002,68.0837888,15.539777243440897,0.07778133638742064,24,64,,True,True,,69,87.6246207195492
274,2026-09-18T06:50:28.240+00:00,2026-09-18T06:54:57.653+00:00,2026-09-18T06:55:02.960+00:00,True,85,85.0,,85.0,269412.913787,274720.536187,274720.53614,3232.0063075294115,39.179726,269412.913787,29215.08230583181,96.27555719999998,63.18598095238095,11.96911505605664,0.3094053367096707,24,64,,True,True,,339,87.6246207195492
275,2026-09-18T06:50:28.490+00:00,2026-09-18T06:54:58.828+00:00,2026-09-18T06:55:03.559+00:00,True,76,76.0,,76.0,270338.03580400004,275069.12367600005,275069.12369900005,3619.3305749868427,36.75887,270338.03580400004,31002.665418872,89.08625775,63.081171626666666,10.88965427892583,0.27629418738222067,24,64,,True,True,,244,87.6246207195492
276,2026-09-18T06:50:28.750+00:00,2026-09-18T06:54:59.678+00:00,2026-09-18T06:55:04.471+00:00,True,76,76.0,,76.0,270927.868839,275720.911527,275720.911547,3627.906730881579,37.08513,270927.868839,31070.229614002095,92.9697655,63.907235840000006,12.162800093774946,0.27564104434116415,24,64,,True,True,,309,87.6246207195492
277,2026-09-18T06:50:29.047+00:00,2026-09-18T06:55:01.063+00:00,2026-09-18T06:55:02.389+00:00,True,21,21.0,,21.0,272016.020889,273342.076825,273342.077051,13016.289383380952,42.94604,272016.020889,59344.29496715887,99.932782,66.3027968,12.432997125489681,0.07682681072714866,24,64,,True,True,,76,87.6246207195492
278,2026-09-18T06:50:29.338+00:00,2026-09-18T06:55:01.977+00:00,2026-09-18T06:55:07.138+00:00,True,83,83.0,,83.0,272639.22820099996,277800.10295299994,277800.103059,3346.989193481927,37.612049,272639.22820099996,29919.1372406194,91.0122621,62.937496975609754,12.059829899033582,0.29877598718544207,24,64,,True,True,,365,87.6246207195492
279,2026-09-18T06:50:29.721+00:00,2026-09-18T06:55:03.209+00:00,2026-09-18T06:55:08.513+00:00,True,84,84.0,,84.0,273487.659557,278792.57424499997,278792.574195,3318.9592166071425,36.92701,273487.659557,29832.979089870623,93.9322843,63.914634795180724,12.79591482047581,0.3012992732230439,24,64,,True,True,,263,87.6246207195492
280,2026-09-18T06:50:29.972+00:00,2026-09-18T06:55:04.015+00:00,2026-09-18T06:55:09.700+00:00,True,92,92.0,,92.0,274042.303409,279727.756721,279727.756823,3040.519095902174,35.270254,274042.303409,28564.373984590704,91.5917226,62.47750892307692,12.146584735885192,0.3288912086467009,24,64,,True,True,,374,87.6246207195492
281,2026-09-18T06:50:30.311+00:00,2026-09-18T06:55:05.675+00:00,2026-09-18T06:55:10.826+00:00,True,85,85.0,,85.0,275364.59813700005,280515.444857,280515.44485500007,3300.181704176471,36.93045,275364.59813700005,29860.835326950135,91.7423934,61.319603809523805,11.534861246445725,0.30301361853116837,24,64,,True,True,,305,87.6246207195492
282,2026-09-18T06:50:30.677+00:00,2026-09-18T06:55:07.258+00:00,2026-09-18T06:55:11.461+00:00,True,69,69.0,,69.0,276580.752165,280784.113957,280784.113739,4069.334981724638,36.134472,276580.752165,33288.970237158035,92.0897214,61.814144,11.592350867523141,0.24574039829962327,24,64,,True,True,,216,87.6246207195492
283,2026-09-18T06:50:30.973+00:00,2026-09-18T06:55:08.256+00:00,2026-09-18T06:55:10.013+00:00,True,30,30.0,,30.0,277283.33371700003,279039.61915700004,279039.61930200004,9301.3206434,38.613648,277283.33371700003,50613.7232205011,91.31932990000001,60.56156689655172,11.679820490100738,0.10751161462530763,24,64,,True,True,,115,87.6246207195492
284,2026-09-18T06:50:31.360+00:00,2026-09-18T06:55:09.889+00:00,2026-09-18T06:55:13.172+00:00,True,54,54.0,,54.0,278528.373349,281811.727461,281811.72765,5218.735697222222,34.126386,278528.373349,37894.4821015682,90.9943234,61.950077584905664,11.407645313556406,0.19161729175189518,24,64,,True,True,,303,87.6246207195492
285,2026-09-18T06:50:31.671+00:00,2026-09-18T06:55:11.008+00:00,2026-09-18T06:55:16.508+00:00,True,89,89.0,,89.0,279337.564441,284836.887833,284836.887836,3200.4144700674156,36.924321000000006,279337.564441,29603.100611675014,92.79845180000001,62.49231127272727,11.405162502130333,0.31245952965256646,24,64,,True,True,,382,87.6246207195492
287,2026-09-18T06:50:32.459+00:00,2026-09-18T06:55:13.231+00:00,2026-09-18T06:55:17.271+00:00,True,66,66.0,,66.0,280771.665867,284811.584971,284811.584809,4315.327042560606,39.535506999999996,280771.665867,34552.954229365416,89.69941675,62.152601600000004,10.952477151147425,0.23173214673384943,24,64,,True,True,,225,87.6246207195492
288,2026-09-18T06:50:32.784+00:00,2026-09-18T06:55:14.576+00:00,2026-09-18T06:55:19.363+00:00,True,79,79.0,,79.0,281792.679312,286579.015056,286579.015123,3627.5824699113923,39.294216,281792.679312,31697.251076762557,79.20047670000002,61.36327876923077,10.068978905368017,0.27566568328306496,24,64,,True,True,,328,87.6246207195492
286,2026-09-18T06:50:32.080+00:00,2026-09-18T06:55:15.725+00:00,2026-09-18T06:55:20.408+00:00,True,77,77.0,,77.0,283645.144759,288328.620727,288328.620912,3744.527544311688,35.411344,283645.144759,32317.343057305538,76.9179552,61.624683789473686,10.349403210477721,0.2670563879709548,24,64,,True,True,,423,87.6246207195492
289,2026-09-18T06:50:33.205+00:00,2026-09-18T06:55:16.382+00:00,2026-09-18T06:55:21.683+00:00,True,87,87.0,,87.0,283176.70438300003,288477.552511,288477.552588,3315.833937793104,35.328814,283176.70438300003,30353.122725139274,72.0938052,61.63776893023255,9.767826607485043,0.3015832574934321,24,64,,True,True,,419,87.6246207195492
290,2026-09-18T06:50:33.601+00:00,2026-09-18T06:55:17.958+00:00,2026-09-18T06:55:21.688+00:00,True,61,61.0,,61.0,284356.933786,288086.925722,288086.925638,4722.7364858688525,37.717279000000005,284356.933786,36400.21610270959,73.172783,62.166532266666664,9.114554440914233,0.21174164654339148,24,64,,True,True,,291,87.6246207195492
291,2026-09-18T06:50:34.741+00:00,2026-09-18T06:55:18.456+00:00,2026-09-18T06:55:19.298+00:00,True,15,15.0,,15.0,283715.115425,284557.016225,284557.016176,18970.467745066668,38.819317000000005,283715.115425,73239.40161086345,85172.38009000002,60.135771428571424,11.17851363386323,0.05271351309130771,24,64,,True,True,,49,87.6246207195492
293,2026-09-18T06:50:34.766+00:00,2026-09-18T06:55:19.455+00:00,2026-09-18T06:55:24.246+00:00,True,79,79.0,,79.0,284688.58693800005,289479.74265000003,289479.74258900003,3664.3005391012666,35.821313,284688.58693800005,32023.05886506989,72.2232212,61.42507323076923,9.027287487369653,0.2729033792720901,24,64,,True,True,,384,87.6246207195492
292,2026-09-18T06:50:34.746+00:00,2026-09-18T06:55:20.005+00:00,2026-09-18T06:55:22.585+00:00,True,43,43.0,,43.0,285258.646319,287839.508271,287839.508227,6693.942051790697,38.159999000000006,285258.646319,43492.16571797558,78.14560060000001,61.449094095238095,8.84580041398363,0.14938880440108185,24,64,,True,True,,182,87.6246207195492
294,2026-09-18T06:50:34.893+00:00,2026-09-18T06:55:20.900+00:00,2026-09-18T06:55:23.122+00:00,True,37,37.0,,37.0,286007.24967,288229.01146199997,288229.011342,7789.973279513513,39.828105,286007.24967,47009.157066038184,78.2215774,61.715605333333336,9.017002375099723,0.12837014501879201,24,64,,True,True,,150,87.6246207195492
295,2026-09-18T06:50:35.155+00:00,2026-09-18T06:55:23.432+00:00,2026-09-18T06:55:27.784+00:00,True,72,72.0,,72.0,288276.816124,292628.953084,292628.953109,4064.2910154027777,38.638688,288276.816124,33966.52599025234,78.76704695000001,61.29770366197183,9.835419973840246,0.24604537330020174,24,64,,True,True,,342,87.6246207195492
296,2026-09-18T06:50:35.395+00:00,2026-09-18T06:55:24.853+00:00,2026-09-18T06:55:30.003+00:00,True,85,85.0,,85.0,289458.163749,294608.753957,294608.753827,3465.9853391411766,37.659669,289458.163749,31389.497355360825,88.51235419999999,61.3165500952381,11.49062964189654,0.2885182427824473,24,64,,True,True,,338,87.6246207195492
297,2026-09-18T06:50:35.737+00:00,2026-09-18T06:55:26.109+00:00,2026-09-18T06:55:32.006+00:00,True,96,96.0,,96.0,290371.672025,296269.100505,296269.100581,3086.1364643854163,35.294144,290371.672025,29629.60077093249,89.27558799999998,62.078194526315784,10.735474510915044,0.3240297413276139,24,64,,True,True,,495,87.6246207195492
298,2026-09-18T06:50:36.012+00:00,2026-09-18T06:55:27.052+00:00,2026-09-18T06:55:29.128+00:00,True,35,35.0,,35.0,291040.01170200005,293115.85682200006,293115.8567780001,8374.738765085716,38.460359,291040.01170200005,49184.42238206,98.46525079999999,61.05426823529412,12.732292506465718,0.11940670961808247,24,64,,True,True,,160,87.6246207195492
299,2026-09-18T06:50:36.418+00:00,2026-09-18T06:55:28.731+00:00,2026-09-18T06:55:33.985+00:00,True,86,86.0,,86.0,292313.303071,297566.68265499995,297566.68272599997,3460.077706116279,35.212074,292313.303071,31514.2913796551,91.156679,61.80446569411765,10.751045741891527,0.2890108503837735,24,64,,True,True,,224,87.6246207195492
300,2026-09-18T06:50:36.779+00:00,2026-09-18T06:55:30.223+00:00,2026-09-18T06:55:35.483+00:00,True,84,84.0,,84.0,293444.18330800004,298704.67047600006,298704.67038900004,3556.007980821429,35.478612999999996,293444.18330800004,32010.47183800104,92.97241764999998,63.379363469879515,10.805029374557662,0.2812142169258419,24,64,,True,True,,371,87.6246207195492
301,2026-09-18T06:50:37.153+00:00,2026-09-18T06:55:31.388+00:00,2026-09-18T06:55:31.447+00:00,True,2,2.0,,2.0,294234.698963,294293.93736299995,294293.93737099995,147146.96868549997,59.238408,294234.698963,208013.4630171162,279525.92593524995,59.2384,nan,0.006795926609704769,24,64,,True,True,,4,87.6246207195492
302,2026-09-18T06:50:37.401+00:00,2026-09-18T06:55:32.342+00:00,2026-09-18T06:55:35.707+00:00,True,54,54.0,,54.0,294940.68108099996,298306.03941699996,298306.03936799994,5524.185914222221,34.226966,294940.68108099996,40127.70396453263,90.57946120000001,63.497327094339624,12.498220207229522,0.18102214794422505,24,64,,True,True,,255,87.6246207195492
303,2026-09-18T06:50:37.694+00:00,2026-09-18T06:55:33.262+00:00,2026-09-18T06:55:35.150+00:00,True,31,31.0,,31.0,295568.18004500004,297456.67002900003,297456.67019200005,9595.376457806453,37.918928,295568.18004500004,53074.30681737599,81.68453699999999,62.94966613333333,8.549637557709586,0.10421685954118194,24,64,,True,True,,150,87.6246207195492
304,2026-09-18T06:50:38.068+00:00,2026-09-18T06:55:34.771+00:00,2026-09-18T06:55:36.624+00:00,True,29,29.0,,29.0,296703.07008499996,298556.35392499994,298556.353968,10295.046688551723,35.552142999999994,296703.07008499996,55084.08774978552,101.6573152,66.18870857142858,14.128107063381828,0.0971340908299177,24,64,,True,True,,135,87.6246207195492
305,2026-09-18T06:50:38.406+00:00,2026-09-18T06:55:36.282+00:00,2026-09-18T06:55:38.462+00:00,False,36,35.0,,35.0,297875.995012,300056.093316,300056.09324400005,8334.891479,0.039700000000000006,297875.995012,49635.61998731261,94.47220825000001,62.28852297142857,15.12562584542739,0.11664485667731542,24,64,,True,False,Request timeout: 300.0s exceeded,148,87.6246207195492
306,2026-09-18T06:50:38.715+00:00,2026-09-18T06:55:37.347+00:00,2026-09-18T06:55:38.767+00:00,False,24,23.0,,23.0,298632.392894,300052.36806199996,300052.367982,12502.18199925,0.02225,298632.392894,60945.48166843248,87.28736450000001,61.738050782608695,15.789905224778263,0.07665328605321155,24,64,,True,False,Request timeout: 300.0s exceeded,98,87.6246207195492
307,2026-09-18T06:50:38.992+00:00,2026-09-18T06:55:38.524+00:00,2026-09-18T06:55:38.767+00:00,True,5,5.0,,5.0,299531.182111,299775.141151,299775.141183,59955.0282366,58.255610999999995,299531.182111,133927.14148666494,239637.97004639998,60.98976,2.920846703966962,0.01667916819520884,24,64,,True,True,,15,87.6246207195492
308,2026-09-18T06:50:39.288+00:00,2026-09-18T06:55:39.405+00:00,2026-09-18T06:55:39.405+00:00,False,1,0.0,,0.0,300117.416131,300117.416131,300117.416131,300117.416131,300117.416131,300117.416131,nan,300117.416131,nan,nan,0.0,24,64,,True,False,"HTTPConnectionPool(host='gpu03', port=9002): Read timed out.",0,87.6246207195492
309,2026-09-18T06:50:39.554+00:00,2026-09-18T06:55:39.669+00:00,2026-09-18T06:55:39.669+00:00,False,1,0.0,,0.0,300114.955349,300114.955349,300114.955349,300114.955349,300114.955349,300114.955349,nan,300114.955349,nan,nan,0.0,24,64,,True,False,"HTTPConnectionPool(host='gpu03', port=9002): Read timed out.",0,87.6246207195492
310,2026-09-18T06:50:39.872+00:00,2026-09-18T06:55:39.894+00:00,2026-09-18T06:55:39.894+00:00,False,1,0.0,,0.0,300022.576334,300022.576334,300022.576334,300022.576334,300022.576334,300022.576334,nan,300022.576334,nan,nan,0.0,24,64,,True,False,TTFT timeout: 300.0s exceeded (TTFT: 300.007s),0,87.6246207195492
311,2026-09-18T06:50:40.286+00:00,2026-09-18T06:55:40.159+00:00,2026-09-18T06:55:40.228+00:00,True,2,2.0,,2.0,299873.268883,299942.302355,299942.302473,149971.1512365,69.03358999999999,299873.268883,211993.60780412756,284883.05711835,69.033472,nan,0.006667949083196935,24,64,,True,True,,7,87.6246207195492
312,2026-09-18T06:50:40.640+00:00,2026-09-18T06:55:40.731+00:00,2026-09-18T06:55:40.731+00:00,False,1,0.0,,0.0,300091.907014,300091.907014,300091.907014,300091.907014,300091.907014,300091.907014,nan,300091.907014,nan,nan,0.0,24,64,,True,False,TTFT timeout: 300.0s exceeded (TTFT: 300.080s),0,87.6246207195492
313,2026-09-18T06:50:41.025+00:00,2026-09-18T06:55:41.073+00:00,2026-09-18T06:55:41.073+00:00,False,1,0.0,,0.0,300047.085688,300047.085688,300047.085688,300047.085688,300047.085688,300047.085688,nan,300047.085688,nan,nan,0.0,24,64,,True,False,"HTTPConnectionPool(host='gpu03', port=9002): Read timed out.",0,87.6246207195492
314,2026-09-18T06:50:41.303+00:00,2026-09-18T06:55:41.408+00:00,2026-09-18T06:55:41.408+00:00,False,1,0.0,,0.0,300105.489701,300105.489701,300105.489701,300105.489701,300105.489701,300105.489701,nan,300105.489701,nan,nan,0.0,24,64,,True,False,"HTTPConnectionPool(host='gpu03', port=9002): Read timed out.",0,87.6246207195492
315,2026-09-18T06:50:41.728+00:00,2026-09-18T06:55:41.682+00:00,2026-09-18T06:55:41.745+00:00,False,3,2.0,,2.0,299953.45601599995,300017.11502399994,300017.11493599997,100005.70497866665,0.02512,299953.45601599995,173159.8347486553,269964.47379439994,31.829504,44.97823645055586,0.00666628635449684,24,64,,True,False,Request timeout: 300.0s exceeded,6,87.6246207195492
316,2026-09-18T06:50:42.078+00:00,2026-09-18T06:55:42.193+00:00,2026-09-18T06:55:42.193+00:00,False,1,0.0,,0.0,300114.407013,300114.407013,300114.407013,300114.407013,300114.407013,300114.407013,nan,300114.407013,nan,nan,0.0,24,64,,True,False,"HTTPConnectionPool(host='gpu03', port=9002): Read timed out.",0,87.6246207195492
317,2026-09-18T06:50:42.439+00:00,2026-09-18T06:55:42.520+00:00,2026-09-18T06:55:42.520+00:00,False,1,0.0,,0.0,300080.121029,300080.121029,300080.121029,300080.121029,300080.121029,300080.121029,nan,300080.121029,nan,nan,0.0,24,64,,True,False,"HTTPConnectionPool(host='gpu03', port=9002): Read timed out.",0,87.6246207195492
318,2026-09-18T06:50:42.870+00:00,2026-09-18T06:55:42.817+00:00,2026-09-18T06:55:42.892+00:00,False,3,2.0,,2.0,299946.898167,300021.739511,300021.739677,100007.24655899999,0.02491,299946.898167,173152.8215545318,269959.69001029996,37.420672,52.88570410433428,0.006666183601427563,24,64,,True,False,Request timeout: 300.0s exceeded,3,87.6246207195492
319,2026-09-18T06:50:43.237+00:00,2026-09-18T06:55:43.141+00:00,2026-09-18T06:55:43.270+00:00,False,4,3.0,,3.0,299903.85114,300032.763524,300032.76351799996,75008.19087949999,0.04294,299903.85114,149930.44327551356,254928.48124229998,42.97079466666666,37.35209517136501,0.009998908001792364,24,64,,True,False,Request timeout: 300.0s exceeded,4,87.6246207195492
320,2026-09-18T06:50:43.665+00:00,2026-09-18T06:55:43.776+00:00,2026-09-18T06:55:43.776+00:00,False,1,0.0,,0.0,300110.61492100003,300110.61492100003,300110.61492100003,300110.61492100003,300110.61492100003,300110.61492100003,nan,300110.61492100003,nan,nan,0.0,24,64,,True,False,"HTTPConnectionPool(host='gpu03', port=9002): Read timed out.",0,87.6246207195492
321,2026-09-18T06:50:43.984+00:00,2026-09-18T06:55:44.074+00:00,2026-09-18T06:55:44.074+00:00,False,1,0.0,,0.0,300089.274563,300089.274563,300089.274563,300089.274563,300089.274563,300089.274563,nan,300089.274563,nan,nan,0.0,24,64,,True,False,"HTTPConnectionPool(host='gpu03', port=9002): Read timed out.",0,87.6246207195492
322,2026-09-18T06:50:44.307+00:00,2026-09-18T06:55:44.255+00:00,2026-09-18T06:55:44.356+00:00,False,3,2.0,,2.0,299948.110639,300048.97591900005,300048.97598000005,100016.32532666667,0.054770000000000006,299948.110639,173146.0124333378,269963.38063220005,50.43264,71.2450471984788,0.006665578490559193,24,64,,True,False,Request timeout: 300.0s exceeded,6,87.6246207195492
323,2026-09-18T06:50:44.592+00:00,2026-09-18T06:55:44.422+00:00,2026-09-18T06:55:44.627+00:00,False,5,4.0,,4.0,299830.240163,300034.787235,300034.787429,60006.957485800005,0.072499,299830.240163,134065.2940059503,239878.83919300002,51.136768,34.56886575720359,0.01333178741326095,24,64,,True,False,Request timeout: 300.0s exceeded,10,87.6246207195492
324,2026-09-18T06:50:44.902+00:00,2026-09-18T06:55:44.876+00:00,2026-09-18T06:55:45.856+00:00,False,18,17.0,,17.0,299974.22490499995,300953.89338499994,300953.89324699994,16719.660735944442,0.024480000000000002,299974.22490499995,70691.02314127338,45075.25265799999,57.62755764705882,21.974279241993035,0.05648705789711278,24,64,,True,False,Request timeout: 300.0s exceeded,86,87.6246207195492
325,2026-09-18T06:50:45.300+00:00,2026-09-18T06:55:45.630+00:00,2026-09-18T06:55:45.910+00:00,False,7,6.0,,6.0,300329.816787,300609.777619,300609.777732,42944.25396171428,0.02215,300329.816787,113496.36718420532,210249.87323219999,46.66013866666666,24.11658331552344,0.019959430619733678,24,64,,True,False,Request timeout: 300.0s exceeded,24,87.6246207195492
327,2026-09-18T06:50:46.003+00:00,2026-09-18T06:55:46.093+00:00,2026-09-18T06:55:46.093+00:00,False,1,0.0,,0.0,300090.52464899997,300090.52464899997,300090.52464899997,300090.52464899997,300090.52464899997,300090.52464899997,nan,300090.52464899997,nan,nan,0.0,24,64,,True,False,"HTTPConnectionPool(host='gpu03', port=9002): Read timed out.",0,87.6246207195492
328,2026-09-18T06:50:46.279+00:00,2026-09-18T06:55:46.713+00:00,2026-09-18T06:55:46.713+00:00,False,1,0.0,,0.0,300434.243917,300434.243917,300434.243917,300434.243917,300434.243917,300434.243917,nan,300434.243917,nan,nan,0.0,24,64,,True,False,"HTTPConnectionPool(host='gpu03', port=9002): Read timed out.",0,87.6246207195492
329,2026-09-18T06:50:46.661+00:00,2026-09-18T06:55:46.761+00:00,2026-09-18T06:55:46.761+00:00,False,1,0.0,,0.0,300100.398684,300100.398684,300100.398684,300100.398684,300100.398684,300100.398684,nan,300100.398684,nan,nan,0.0,24,64,,True,False,"HTTPConnectionPool(host='gpu03', port=9002): Read timed out.",0,87.6246207195492
326,2026-09-18T06:50:45.696+00:00,2026-09-18T06:55:46.858+00:00,2026-09-18T06:55:46.858+00:00,False,1,0.0,,0.0,301161.582427,301161.582427,301161.582427,301161.582427,301161.582427,301161.582427,nan,301161.582427,nan,nan,0.0,24,64,,True,False,"HTTPConnectionPool(host='gpu03', port=9002): Read timed out.",0,87.6246207195492
330,2026-09-18T06:50:47.089+00:00,2026-09-18T06:55:47.108+00:00,2026-09-18T06:55:47.289+00:00,False,3,2.0,,2.0,300019.047715,300200.24605099997,300200.246086,100066.74869533333,0.03203,300019.047715,173163.79418009787,270035.2595776,90.599168,128.08131729132256,0.006662219722698785,24,64,,True,False,Request timeout: 300.0s exceeded,10,87.6246207195492
331,2026-09-18T06:50:47.520+00:00,2026-09-18T06:55:47.292+00:00,2026-09-18T06:55:47.531+00:00,False,6,5.0,,5.0,299771.555159,300010.30357499997,300010.303731,50001.717288499996,0.03696,299771.555159,122361.7335305141,224844.63022424997,47.7496832,26.79152175640621,0.016666094265492596,24,64,,True,False,Request timeout: 300.0s exceeded,22,87.6246207195492
332,2026-09-18T06:50:47.925+00:00,2026-09-18T06:55:47.855+00:00,2026-09-18T06:55:47.955+00:00,False,4,3.0,,3.0,299930.626461,300030.066845,300030.066874,75007.5167185,0.08827,299930.626461,149948.74184342142,254949.8816397,33.146794666666665,30.10772107067749,0.009998997872269396,24,64,,True,False,Request timeout: 300.0s exceeded,14,87.6246207195492
333,2026-09-18T06:50:48.330+00:00,2026-09-18T06:55:48.439+00:00,2026-09-18T06:55:48.439+00:00,False,1,0.0,,0.0,300108.922315,300108.922315,300108.922315,300108.922315,300108.922315,300108.922315,nan,300108.922315,nan,nan,0.0,24,64,,True,False,"HTTPConnectionPool(host='gpu03', port=9002): Read timed out.",0,87.6246207195492
334,2026-09-18T06:50:48.662+00:00,2026-09-18T06:55:48.655+00:00,2026-09-18T06:55:48.746+00:00,False,3,2.0,,2.0,299993.162144,300083.560864,300083.560875,100027.853625,0.02204,299993.162144,173175.04294590166,270002.8835987,45.19936,63.89041259679477,0.006664810275649902,24,64,,True,False,Request timeout: 300.0s exceeded,10,87.6246207195492
335,2026-09-18T06:50:48.949+00:00,2026-09-18T06:55:48.815+00:00,2026-09-18T06:55:48.959+00:00,False,4,3.0,,3.0,299865.974976,300010.354368,300010.354445,75002.58861125,0.04165,299865.974976,149908.92810447604,254897.1374289,48.126464,41.67165721744063,0.009999654866312139,24,64,,True,False,Request timeout: 300.0s exceeded,11,87.6246207195492
336,2026-09-18T06:50:49.257+00:00,2026-09-18T06:55:49.177+00:00,2026-09-18T06:55:49.298+00:00,False,4,3.0,,3.0,299920.10033600003,300041.337584,300041.337599,75010.33439975,0.06888,299920.10033600003,149939.8466748002,254941.36227920002,40.412416,34.961337691218624,0.00999862227037338,24,64,,True,False,Request timeout: 300.0s exceeded,17,87.6246207195492
337,2026-09-18T06:50:49.674+00:00,2026-09-18T06:55:49.783+00:00,2026-09-18T06:55:49.783+00:00,False,1,0.0,,0.0,300109.365801,300109.365801,300109.365801,300109.365801,300109.365801,300109.365801,nan,300109.365801,nan,nan,0.0,24,64,,True,False,"HTTPConnectionPool(host='gpu03', port=9002): Read timed out.",0,87.6246207195492
338,2026-09-18T06:50:50.077+00:00,2026-09-18T06:55:50.022+00:00,2026-09-18T06:55:50.166+00:00,False,4,3.0,,3.0,299944.931978,300089.152394,300089.152448,75022.288112,0.035679999999999996,299944.931978,149948.4330917221,254964.06534139998,48.073472,41.603688549925856,0.009997029136398675,24,64,,True,False,Request timeout: 300.0s exceeded,19,87.6246207195492
339,2026-09-18T06:50:50.460+00:00,2026-09-18T06:55:50.310+00:00,2026-09-18T06:55:50.515+00:00,False,5,4.0,,4.0,299850.328026,300054.89353,300054.893402,60010.9786804,0.02239,299850.328026,134074.2754981068,239894.58952,51.141376,34.31813671474433,0.013330894067221979,24,64,,True,False,Request timeout: 300.0s exceeded,10,87.6246207195492
340,2026-09-18T06:50:50.826+00:00,2026-09-18T06:55:50.923+00:00,2026-09-18T06:55:50.923+00:00,False,1,0.0,,0.0,300097.51331300003,300097.51331300003,300097.51331300003,300097.51331300003,300097.51331300003,300097.51331300003,nan,300097.51331300003,nan,nan,0.0,24,64,,True,False,"HTTPConnectionPool(host='gpu03', port=9002): Read timed out.",0,87.6246207195492
341,2026-09-18T06:50:51.170+00:00,2026-09-18T06:55:51.257+00:00,2026-09-18T06:55:51.257+00:00,False,1,0.0,,0.0,300087.224824,300087.224824,300087.224824,300087.224824,300087.224824,300087.224824,nan,300087.224824,nan,nan,0.0,24,64,,True,False,"HTTPConnectionPool(host='gpu03', port=9002): Read timed out.",0,87.6246207195492
342,2026-09-18T06:50:51.594+00:00,2026-09-18T06:55:51.549+00:00,2026-09-18T06:55:51.679+00:00,False,4,3.0,,3.0,299955.73782,300085.50422,300085.504106,75021.3760265,0.0391,299955.73782,149956.24606393327,254976.32097225,43.25546666666666,46.798350466277135,0.009997150671432056,24,64,,True,False,Request timeout: 300.0s exceeded,10,87.6246207195492
343,2026-09-18T06:50:51.975+00:00,2026-09-18T06:55:52.044+00:00,2026-09-18T06:55:52.044+00:00,False,1,0.0,,0.0,300069.089208,300069.089208,300069.089208,300069.089208,300069.089208,300069.089208,nan,300069.089208,nan,nan,0.0,24,64,,True,False,TTFT timeout: 300.0s exceeded (TTFT: 300.063s),0,87.6246207195492
344,2026-09-18T06:50:52.389+00:00,2026-09-18T06:55:52.477+00:00,2026-09-18T06:55:52.477+00:00,False,1,0.0,,0.0,300088.62944,300088.62944,300088.62944,300088.62944,300088.62944,300088.62944,nan,300088.62944,nan,nan,0.0,24,64,,True,False,"HTTPConnectionPool(host='gpu03', port=9002): Read timed out.",0,87.6246207195492
345,2026-09-18T06:50:52.804+00:00,2026-09-18T06:55:52.727+00:00,2026-09-18T06:55:52.817+00:00,False,3,2.0,,2.0,299923.11376,300013.050912,300013.05111099995,100004.35037033333,0.02585,299923.11376,173134.7336218175,269939.7935341,44.968576,63.55860415393655,0.006666376659016215,24,64,,True,False,Request timeout: 300.0s exceeded,6,87.6246207195492
346,2026-09-18T06:50:53.138+00:00,2026-09-18T06:55:52.889+00:00,2026-09-18T06:55:53.180+00:00,False,10,9.0,,9.0,299751.087245,300042.139021,300042.139089,30004.2139089,0.01886,299751.087245,94779.39085701556,164880.4607969,32.33908622222222,12.181102380811208,0.0299957866897159,24,64,,True,False,Request timeout: 300.0s exceeded,39,87.6246207195492
0,2026-09-18T06:48:53.157+00:00,2026-09-18T06:48:53.413+00:00,2026-09-18T06:48:54.190+00:00,True,16,16.0,,16.0,256.172554,1032.410122,1032.410051,64.5256281875,19.823513,256.172554,53.96772899659589,129.04202949999998,51.749171200000006,17.94961077813563,15.49771709812818,25,64,,False,True,,57,87.6246207195492
1,2026-09-18T06:48:53.472+00:00,2026-09-18T06:48:53.604+00:00,2026-09-18T06:48:54.881+00:00,True,24,24.0,,24.0,131.66805499999998,1408.4370789999998,1408.437072,58.684878,16.31143,131.66805499999998,20.542135430447594,83.6215223,55.51169669565217,13.730177870868808,17.0401648450211,25,64,,False,True,,124,87.6246207195492
2,2026-09-18T06:48:53.816+00:00,2026-09-18T06:48:53.972+00:00,2026-09-18T06:48:55.541+00:00,True,29,29.0,,29.0,156.802259,1725.860563,1725.860473,59.512430103448274,9.094933000000001,156.802259,23.22964832975278,81.1271868,56.03779657142857,14.018334198710962,16.80321146546762,25,64,,False,True,,112,87.6246207195492
3,2026-09-18T06:48:54.205+00:00,2026-09-18T06:48:56.376+00:00,2026-09-18T06:48:58.292+00:00,True,32,32.0,,32.0,2171.046986,4086.6128099999996,4086.612616,127.70664425,37.952999000000005,2171.046986,372.91399203763734,71.18653864999999,61.792445935483876,6.014697761343213,7.830445772032904,25,64,,False,True,,41,87.6246207195492
4,2026-09-18T06:48:54.518+00:00,2026-09-18T06:48:57.514+00:00,2026-09-18T06:48:57.697+00:00,True,4,4.0,,4.0,2995.9242230000004,3178.8403190000004,3178.8401730000005,794.7100432500001,56.831644999999995,2995.9242230000004,1467.4826549162378,2556.5902883000003,60.972032,5.363726961414796,1.2583205189930144,25,64,,False,True,,11,87.6246207195492
5,2026-09-18T06:48:54.797+00:00,2026-09-18T06:48:58.478+00:00,2026-09-18T06:49:03.513+00:00,True,85,85.0,,85.0,3681.016331,8716.321802999999,8716.321883999999,102.54496334117647,0.0,3681.016331,393.0235086201413,69.38795520000001,59.94411276190476,14.464312922508599,9.751819852583294,25,64,,False,True,,340,87.6246207195492
6,2026-09-18T06:48:55.178+00:00,2026-09-18T06:48:59.569+00:00,2026-09-18T06:49:01.439+00:00,True,32,32.0,,32.0,4391.0099709999995,6260.594867,6260.594907,195.64359084375,11.225869000000001,4391.0099709999995,765.7024296374656,90.22165235,60.30919019354839,14.640181054608629,5.111335373044831,25,64,,False,True,,181,87.6246207195492
7,2026-09-18T06:48:55.576+00:00,2026-09-18T06:49:01.126+00:00,2026-09-18T06:49:02.092+00:00,True,17,17.0,,17.0,5549.843547,6516.061787000001,6516.061852000001,383.29775600000005,39.749356,5549.843547,1331.4029727276031,1164.0517774000002,60.38864,6.438872401489772,2.608937814849483,25,64,,False,True,,106,87.6246207195492
8,2026-09-18T06:48:55.897+00:00,2026-09-18T06:49:02.214+00:00,2026-09-18T06:49:07.295+00:00,True,86,86.0,,86.0,6317.0492110000005,11398.842747,11398.842628,132.54468172093024,0.0,6317.0492110000005,674.9534004070508,68.73343725,59.785806305882346,17.149204768191378,7.544625529870905,25,64,,False,True,,483,87.6246207195492
9,2026-09-18T06:48:56.206+00:00,2026-09-18T06:49:03.615+00:00,2026-09-18T06:49:04.234+00:00,True,11,11.0,,11.0,7408.737913,8027.104377,8027.104394,729.7367630909091,59.13361,7408.737913,2215.175366736871,3737.887579,61.8366464,2.5178425893385263,1.3703571653457274,25,64,,False,True,,55,87.6246207195492
10,2026-09-18T06:48:56.666+00:00,2026-09-18T06:49:05.361+00:00,2026-09-18T06:49:05.365+00:00,True,2,2.0,,2.0,8694.822843,8698.671547,8698.671586,4349.335793,3.848743,8694.822843,6145.446721226652,8260.274138,3.848704,nan,0.2299201653026847,25,64,,False,True,,8,87.6246207195492
11,2026-09-18T06:48:57.058+00:00,2026-09-18T06:49:06.615+00:00,2026-09-18T06:49:07.905+00:00,True,19,19.0,,19.0,9557.365871,10847.767663,10847.767523,570.9351327894736,0.04531,9557.365871,2176.9551714937843,1231.400801,71.68898844444445,60.40571016455858,1.7515124392648969,25,64,,False,True,,88,87.6246207195492
12,2026-09-18T06:48:57.384+00:00,2026-09-18T06:49:07.930+00:00,2026-09-18T06:49:09.537+00:00,True,31,31.0,,31.0,10545.546204,12152.19606,12152.195958,392.00632122580646,0.0,10545.546204,1884.6966567758743,128.74815099999998,53.5549952,33.0065207151994,2.5509792507412854,25,64,,False,True,,118,87.6246207195492
13,2026-09-18T06:48:57.733+00:00,2026-09-18T06:49:08.978+00:00,2026-09-18T06:49:11.250+00:00,True,39,39.0,,39.0,11244.448455,13516.638663,13516.638773,346.58048135897434,0.0,11244.448455,1791.2107443669277,81.5865574,59.794479157894735,29.262569526948752,2.8853327348875064,25,64,,False,True,,167,87.6246207195492
14,2026-09-18T06:48:58.050+00:00,2026-09-18T06:49:10.215+00:00,2026-09-18T06:49:13.832+00:00,True,58,58.0,,58.0,12165.040224,15782.007392,15782.007383,272.10357556896554,0.0,12165.040224,1589.3517111643075,91.08208420000001,63.4555643508772,32.95976962394149,3.67507114648803,25,64,,False,True,,194,87.6246207195492
15,2026-09-18T06:48:58.449+00:00,2026-09-18T06:49:11.858+00:00,2026-09-18T06:49:11.979+00:00,True,3,3.0,,3.0,13409.514282,13529.888042,13529.888019,4509.962673,59.49333,13409.514282,7707.237806888828,12074.6508945,60.18688,0.9807627623599908,0.22173132480381835,25,64,,False,True,,9,87.6246207195492
16,2026-09-18T06:48:58.859+00:00,2026-09-18T06:49:13.411+00:00,2026-09-18T06:49:18.371+00:00,True,84,84.0,,84.0,14551.253311,19511.671871,19511.672043,232.2818100357143,0.0,14551.253311,1581.570757161049,68.70542085000001,59.76407903614458,36.652901237127,4.305115448607372,25,64,,False,True,,365,87.6246207195492
17,2026-09-18T06:48:59.276+00:00,2026-09-18T06:49:14.787+00:00,2026-09-18T06:49:19.751+00:00,True,84,84.0,,84.0,15510.896147,20475.611155,20475.611191,243.75727608333332,0.0,15510.896147,1686.1091405255372,68.73438265,59.81584346987952,29.678381582391133,4.102441649439499,25,64,,False,True,,390,87.6246207195492
18,2026-09-18T06:48:59.709+00:00,2026-09-18T06:49:16.404+00:00,2026-09-18T06:49:19.441+00:00,True,52,52.0,,52.0,16694.988857,19732.156729000002,19732.156613,379.46455025,0.0,16694.988857,2307.238748351163,68.37310105,59.552311215686274,38.733277451957505,2.6352922650151323,25,64,,False,True,,245,87.6246207195492
19,2026-09-18T06:49:00.172+00:00,2026-09-18T06:49:18.124+00:00,2026-09-18T06:49:19.030+00:00,True,16,16.0,,16.0,17952.1812,18858.690255999998,18858.690216,1178.6681385,42.698080999999995,17952.1812,4472.941234423067,4539.567368999999,60.43393706666667,6.507419844636335,0.8484152283539155,25,64,,False,True,,57,87.6246207195492
20,2026-09-18T06:49:00.634+00:00,2026-09-18T06:49:20.243+00:00,2026-09-18T06:49:25.391+00:00,True,89,89.0,,89.0,19609.163980999998,24756.926156999998,24756.925965,278.1677074719101,0.0,19609.163980999998,2073.1259899143142,91.50886580000001,58.49729745454545,56.43179946055104,3.5949535671590365,25,64,,False,True,,402,87.6246207195492
21,2026-09-18T06:49:00.953+00:00,2026-09-18T06:49:21.093+00:00,2026-09-18T06:49:22.884+00:00,True,30,30.0,,30.0,20140.371805,21930.917725,21930.917647,731.0305882333333,0.016640000000000002,20140.371805,3666.4446824345,253.8157893,61.742962758620685,67.8031067630032,1.367931810979424,25,64,,False,True,,105,87.6246207195492
22,2026-09-18T06:49:01.418+00:00,2026-09-18T06:49:22.656+00:00,2026-09-18T06:49:26.402+00:00,True,63,63.0,,63.0,21238.531213,24983.789452999998,24983.789554,396.5680881587301,0.0,21238.531213,2668.5315741992295,92.9013606,60.40739096774194,42.86682419079964,2.5216350833614274,25,64,,False,True,,320,87.6246207195492
23,2026-09-18T06:49:01.859+00:00,2026-09-18T06:49:24.317+00:00,2026-09-18T06:49:26.959+00:00,True,45,45.0,,45.0,22457.923507,25099.254707,25099.254799,557.7612177555555,37.233911,22457.923507,3338.8983030082773,86.6520472,60.03025454545455,10.93903342591658,1.7928819212089921,25,64,,False,True,,229,87.6246207195492
24,2026-09-18T06:49:02.140+00:00,2026-09-18T06:49:25.450+00:00,2026-09-18T06:49:25.972+00:00,True,10,10.0,,10.0,23310.023104,23832.645312,23832.645383,2383.2645383,35.498514,23310.023104,7352.9202066688,12850.728283449998,58.069134222222225,10.56730269490093,0.41959253238938143,25,64,,False,True,,39,87.6246207195492
25,2026-09-18T06:49:02.505+00:00,2026-09-18T06:49:27.023+00:00,2026-09-18T06:49:28.866+00:00,True,33,33.0,,33.0,24517.71539,26361.457342,26361.457344000002,798.8320407272728,0.0,24517.71539,4258.481431765008,204.03496940000002,57.616936,67.9253695805693,1.2518276046682457,25,64,,False,True,,184,87.6246207195492
26,2026-09-18T06:49:02.890+00:00,2026-09-18T06:49:28.462+00:00,2026-09-18T06:49:30.477+00:00,True,37,37.0,,37.0,25572.44902,27586.966268,27586.966287,745.5936834324324,0.0,25572.44902,4194.933045616134,72.7299312,55.95881244444445,20.33026256216451,1.3412130801391822,25,64,,False,True,,116,87.6246207195492
27,2026-09-18T06:49:03.234+00:00,2026-09-18T06:49:29.966+00:00,2026-09-18T06:49:30.657+00:00,True,12,12.0,,12.0,26731.813886,27423.13139,27423.131581,2285.2609650833333,56.734555,26731.813886,7698.668588454768,12067.37647475,62.84704581818182,4.118291323826566,0.43758678866177436,25,64,,False,True,,30,87.6246207195492
28,2026-09-18T06:49:03.668+00:00,2026-09-18T06:49:31.667+00:00,2026-09-18T06:49:36.874+00:00,True,87,87.0,,87.0,27999.186411,33206.093291,33206.093329999996,381.6792336781609,0.0,27999.186411,2996.129584985563,86.78320439999999,60.5454288372093,69.32753860202641,2.6200010714172155,25,64,,False,True,,346,87.6246207195492
29,2026-09-18T06:49:03.932+00:00,2026-09-18T06:49:32.487+00:00,2026-09-18T06:49:33.939+00:00,True,25,25.0,,25.0,28554.610828,30006.63822,30006.63808,1200.2655232,0.0,28554.610828,5699.531620976648,393.3513848,60.50114133333334,91.87444459896241,0.8331489791261262,25,64,,False,True,,123,87.6246207195492
30,2026-09-18T06:49:04.376+00:00,2026-09-18T06:49:34.312+00:00,2026-09-18T06:49:35.353+00:00,True,19,19.0,,19.0,29936.464271,30977.012367,30977.012432,1630.3690753684211,0.01627,29936.464271,6855.581635227514,3453.5742659,57.808227555555554,117.30050699609889,0.6133580532201619,25,64,,False,True,,82,87.6246207195492
31,2026-09-18T06:49:04.766+00:00,2026-09-18T06:49:35.590+00:00,2026-09-18T06:49:37.716+00:00,True,34,34.0,,34.0,30823.929190000003,32950.093926,32950.093968,969.1204108235295,35.377755,30823.929190000003,5275.228033706343,95.3843826,64.42923442424242,13.72426834181968,1.0318635229495219,25,64,,False,True,,144,87.6246207195492
32,2026-09-18T06:49:05.026+00:00,2026-09-18T06:49:36.594+00:00,2026-09-18T06:49:37.656+00:00,True,17,17.0,,17.0,31567.983620000003,32629.457924000002,32629.457992000003,1919.3798818823532,34.237917,31567.983620000003,7640.289194325341,6390.7789096,66.342144,17.547008577288214,0.5210016065726903,25,64,,False,True,,82,87.6246207195492
33,2026-09-18T06:49:05.340+00:00,2026-09-18T06:49:37.785+00:00,2026-09-18T06:49:38.987+00:00,True,17,17.0,,17.0,32444.834777,33646.816729,33646.81673,1979.2245135294118,0.0,32444.834777,7851.60173316426,6882.9801001999995,75.123872,115.29659671965808,0.5052483905661066,25,64,,False,True,,70,87.6246207195492
34,2026-09-18T06:49:05.674+00:00,2026-09-18T06:49:39.110+00:00,2026-09-18T06:49:39.336+00:00,True,5,5.0,,5.0,33436.578412,33662.654572,33662.654575,6732.530915,39.904816,33436.578412,14928.01955408228,26762.135782000005,56.51904,11.259501853859078,0.14853255227705398,25,64,,False,True,,14,87.6246207195492
35,2026-09-18T06:49:05.991+00:00,2026-09-18T06:49:39.940+00:00,2026-09-18T06:49:41.620+00:00,True,30,30.0,,30.0,33948.633162,35628.90913,35628.909221999995,1187.6303074,36.385533,33948.633162,6187.573890823541,72.49449675,57.940550620689656,10.302020936961407,0.8420128691153111,25,64,,False,True,,162,87.6246207195492
36,2026-09-18T06:49:06.289+00:00,2026-09-18T06:49:41.447+00:00,2026-09-18T06:49:42.829+00:00,True,23,23.0,,23.0,35157.991094,36539.61311,36539.613235,1588.6788363043477,39.936597,35157.991094,7317.8707487063075,102.9414295,62.80100072727273,16.497755385881128,0.629453845905814,25,64,,False,True,,120,87.6246207195492
37,2026-09-18T06:49:06.607+00:00,2026-09-18T06:49:42.822+00:00,2026-09-18T06:49:49.006+00:00,True,100,100.0,,100.0,36215.111569,42399.285905,42399.28604,423.9928604,0.0,36215.111569,3616.1887501152187,93.29627699999999,62.46640743434344,82.16905518214689,2.3585302880822185,25,64,,False,True,,415,87.6246207195492
38,2026-09-18T06:49:07.061+00:00,2026-09-18T06:49:44.369+00:00,2026-09-18T06:49:45.334+00:00,True,16,16.0,,16.0,37308.702057999995,38273.45264999999,38273.452617999996,2392.0907886249997,0.0,37308.702057999995,9312.226371855579,9771.836148999999,64.31670613333333,150.16055640567308,0.4180443334003734,25,64,,False,True,,64,87.6246207195492
39,2026-09-18T06:49:07.496+00:00,2026-09-18T06:49:46.047+00:00,2026-09-18T06:49:50.140+00:00,True,66,66.0,,66.0,38551.228091,42644.805050999996,42644.805019,646.1334093787879,0.01659,38551.228091,4738.27575668837,93.14852600000002,62.97810707692308,82.05894163001679,1.5476679966309832,25,64,,False,True,,195,87.6246207195492
40,2026-09-18T06:49:07.887+00:00,2026-09-18T06:49:47.200+00:00,2026-09-18T06:49:49.952+00:00,True,45,45.0,,45.0,39312.456432,42064.773872,42064.773975,934.772755,0.01565,39312.456432,5851.7982259202345,94.2671346,62.55266909090909,95.90184344965694,1.0697787211915528,25,64,,False,True,,146,87.6246207195492
41,2026-09-18T06:49:08.083+00:00,2026-09-18T06:49:48.770+00:00,2026-09-18T06:49:49.891+00:00,True,19,19.0,,19.0,40686.649939999996,41807.660628,41807.660712,2200.4031953684207,20.497592,40686.649939999996,9319.884444247737,4158.4423844,62.27837155555555,16.875236605476275,0.4544621658949044,25,64,,False,True,,88,87.6246207195492
42,2026-09-18T06:49:08.487+00:00,2026-09-18T06:49:50.011+00:00,2026-09-18T06:49:53.910+00:00,True,64,64.0,,64.0,41523.752331,45422.123147000006,45422.123209000005,709.7206751406251,0.0,41523.752331,5183.3409905405115,92.18667835000001,61.878901841269844,79.94819463669026,1.4090050302773443,25,64,,False,True,,194,87.6246207195492
43,2026-09-18T06:49:08.910+00:00,2026-09-18T06:49:51.643+00:00,2026-09-18T06:49:53.134+00:00,True,26,26.0,,26.0,42732.431467,44223.706475,44223.706296000004,1700.9117806153847,0.0,42732.431467,8369.754755926075,508.99768124999997,59.65100032,127.61188015478217,0.5879199658377345,25,64,,False,True,,116,87.6246207195492
44,2026-09-18T06:49:09.183+00:00,2026-09-18T06:49:52.886+00:00,2026-09-18T06:49:56.074+00:00,True,51,51.0,,51.0,43703.333869999995,46891.39556599999,46891.395748999996,919.4391323333332,36.484263,43703.333869999995,6110.772534980208,94.2281765,63.76123392,11.218422037488924,1.0876195810426907,25,64,,False,True,,221,87.6246207195492
45,2026-09-18T06:49:09.514+00:00,2026-09-18T06:49:54.516+00:00,2026-09-18T06:50:00.795+00:00,True,95,95.0,,95.0,45001.708448,51280.64528,51280.645205,539.7962653157895,0.0,45001.708448,4610.853138772992,96.45658570000002,66.79720034042553,76.53721764986199,1.8525507914591517,25,64,,False,True,,393,87.6246207195492
46,2026-09-18T06:49:09.807+00:00,2026-09-18T06:49:55.545+00:00,2026-09-18T06:49:59.196+00:00,True,60,60.0,,60.0,45738.481754,49389.745242,49389.745168,823.1624194666666,33.397057999999994,45738.481754,5896.840784058502,91.84174010000001,61.885821830508476,14.53309750280628,1.214827080115758,25,64,,False,True,,281,87.6246207195492
47,2026-09-18T06:49:10.233+00:00,2026-09-18T06:49:57.208+00:00,2026-09-18T06:50:01.066+00:00,True,62,62.0,,62.0,46975.333298,50833.227697999995,50833.227601,819.8907677580645,0.0,46975.333298,5958.5927396823145,92.47122999999999,63.24417049180328,95.414881393274,1.219674665719473,25,64,,False,True,,241,87.6246207195492
48,2026-09-18T06:49:10.557+00:00,2026-09-18T06:49:58.623+00:00,2026-09-18T06:50:04.664+00:00,True,99,99.0,,99.0,48066.562159,54107.657327,54107.657324,546.5419931717172,0.0,48066.562159,4826.185365035196,91.94047330000001,61.64382824489796,121.32008043586993,1.8296855729992674,25,64,,False,True,,481,87.6246207195492
49,2026-09-18T06:49:10.917+00:00,2026-09-18T06:50:00.781+00:00,2026-09-18T06:50:03.938+00:00,True,64,64.0,,64.0,49864.044587,53020.392747,53020.392844999995,828.4436382031249,0.0,49864.044587,6227.961771478259,79.97723605,50.10076444444445,124.19564231110034,1.2070827220272007,25,64,,False,True,,333,87.6246207195492
50,2026-09-18T06:49:11.220+00:00,2026-09-18T06:50:01.189+00:00,2026-09-18T06:50:07.167+00:00,True,96,96.0,,96.0,49969.305317,55947.576549,55947.576689,582.7872571770833,0.016390000000000002,49969.305317,5094.437280147699,99.45530624999999,62.9291708631579,95.67884390406348,1.715892017519674,25,64,,False,True,,467,87.6246207195492
51,2026-09-18T06:49:11.492+00:00,2026-09-18T06:50:02.725+00:00,2026-09-18T06:50:04.788+00:00,True,36,36.0,,36.0,51233.03194,53296.183044,53296.183014,1480.4495281666666,0.06834,51233.03194,8529.026681699674,76.369179,58.9471744,14.847369320505921,0.6754705110923103,25,64,,False,True,,156,87.6246207195492
52,2026-09-18T06:49:11.770+00:00,2026-09-18T06:50:03.989+00:00,2026-09-18T06:50:07.877+00:00,True,62,62.0,,62.0,52219.101834,56107.12385,56107.123832,904.9536101935485,32.8726,52219.101834,6623.752221258793,96.89588029999999,63.73806583606557,13.925822474888461,1.10502901852097,25,64,,False,True,,264,87.6246207195492
53,2026-09-18T06:49:12.188+00:00,2026-09-18T06:50:05.478+00:00,2026-09-18T06:50:05.982+00:00,True,8,8.0,,8.0,53289.374726,53794.06311,53794.063165,6724.257895625,57.746804,53289.374726,18815.153813294273,34671.8719151,72.09834057142857,15.270927570785203,0.14871529565709354,25,64,,False,True,,23,87.6246207195492
54,2026-09-18T06:49:12.510+00:00,2026-09-18T06:50:06.735+00:00,2026-09-18T06:50:09.917+00:00,True,50,50.0,,50.0,54224.197545999996,57406.89296999999,57406.892815,1148.1378562999998,0.0,54224.197545999996,7660.125657031597,99.16557755,64.9529678367347,115.41870730808714,0.8709755468934588,25,64,,False,True,,322,87.6246207195492
55,2026-09-18T06:49:12.922+00:00,2026-09-18T06:50:08.341+00:00,2026-09-18T06:50:11.902+00:00,True,58,58.0,,58.0,55418.694768,58979.276912,58979.276959,1016.8840855,0.0,55418.694768,7269.411229700305,94.62735635000001,62.466353403508776,107.59551711241116,0.983396254357931,25,64,,False,True,,203,87.6246207195492
56,2026-09-18T06:49:13.192+00:00,2026-09-18T06:50:09.908+00:00,2026-09-18T06:50:10.354+00:00,True,18,18.0,,18.0,56716.859967,57162.346559,57162.346565,3175.6859202777778,0.0,56716.859967,13362.147360855677,8567.35720555,26.20509364705882,30.079279622208475,0.31489260122345286,25,64,,False,True,,69,87.6246207195492
57,2026-09-18T06:49:13.527+00:00,2026-09-18T06:50:10.726+00:00,2026-09-18T06:50:13.700+00:00,True,51,51.0,,51.0,57199.201021,60172.616445,60172.616266,1179.8552209019608,34.267187,57199.201021,8001.1717424167,80.6879715,59.46830848,11.966502560039023,0.8475616154503749,25,64,,False,True,,170,87.6246207195492
58,2026-09-18T06:49:13.810+00:00,2026-09-18T06:50:11.614+00:00,2026-09-18T06:50:14.208+00:00,True,45,45.0,,45.0,57803.133170999994,60397.87185899999,60397.871875,1342.1749305555554,32.935029,57803.133170999994,8607.996736344863,70.504242,58.97133381818182,9.685346028571116,0.7450593640956982,25,64,,False,True,,213,87.6246207195492
59,2026-09-18T06:49:14.104+00:00,2026-09-18T06:50:12.866+00:00,2026-09-18T06:50:13.346+00:00,True,9,9.0,,9.0,58761.831286,59241.967222,59241.967150000004,6582.440794444445,40.132486,58761.831286,19567.273650316703,35286.3525496,60.016992,9.95541229405639,0.151919330535968,25,64,,False,True,,35,87.6246207195492
60,2026-09-18T06:49:14.418+00:00,2026-09-18T06:50:14.008+00:00,2026-09-18T06:50:18.901+00:00,True,78,78.0,,78.0,59590.282752,64483.674368,64483.674425,826.7137746794872,0.01568,59590.282752,6740.874583195872,90.76277524999999,63.55054046753247,104.49167679056171,1.2096084902802542,25,64,,False,True,,373,87.6246207195492
61,2026-09-18T06:49:14.742+00:00,2026-09-18T06:50:15.145+00:00,2026-09-18T06:50:20.988+00:00,True,94,94.0,,94.0,60403.683316,66246.27736400001,66246.277298,704.7476308297872,0.0,60403.683316,6225.037180677527,103.0421164,62.8235919139785,130.47034009480527,1.4189476562358825,25,64,,False,True,,484,87.6246207195492
62,2026-09-18T06:49:15.132+00:00,2026-09-18T06:50:17.191+00:00,2026-09-18T06:50:18.268+00:00,True,26,26.0,,26.0,62059.250107,63136.037563,63136.037541,2428.3091361923075,0.01611,62059.250107,12162.420151172968,113.93776175,43.071498240000004,34.467648486335044,0.4118091822607021,25,64,,False,True,,114,87.6246207195492
63,2026-09-18T06:49:15.400+00:00,2026-09-18T06:50:18.014+00:00,2026-09-18T06:50:18.014+00:00,True,1,1.0,,1.0,62614.146476999995,62614.146476999995,62614.146476999995,62614.146476999995,62614.146476999995,62614.146476999995,nan,62614.146476999995,nan,nan,0.01597083177309347,25,64,,False,True,,1,87.6246207195492
64,2026-09-18T06:49:15.670+00:00,2026-09-18T06:50:18.840+00:00,2026-09-18T06:50:20.801+00:00,True,33,33.0,,33.0,63170.033625,65130.524376999994,65130.52441799999,1973.652255090909,0.0,63170.033625,10987.033925022011,422.22668739999995,61.265336,165.49153968208594,0.5066748704337704,25,64,,False,True,,187,87.6246207195492
65,2026-09-18T06:49:15.992+00:00,2026-09-18T06:50:20.227+00:00,2026-09-18T06:50:26.425+00:00,True,98,98.0,,98.0,64234.773725,70432.506333,70432.506372,718.6990446122448,32.31904,64234.773725,6482.248299385255,89.98383885,63.89415059793814,11.767330997473245,1.3914029913498012,25,64,,False,True,,446,87.6246207195492
66,2026-09-18T06:49:16.269+00:00,2026-09-18T06:50:21.202+00:00,2026-09-18T06:50:25.870+00:00,True,75,75.0,,75.0,64933.56504,69601.583984,69601.58390900001,928.0211187866666,34.153577,64933.56504,7490.606997943033,90.8468114,63.08133708108108,11.528841371926138,1.0775616833266466,25,64,,False,True,,321,87.6246207195492
67,2026-09-18T06:49:16.537+00:00,2026-09-18T06:50:22.017+00:00,2026-09-18T06:50:23.105+00:00,True,18,18.0,,18.0,65480.545594999996,66568.200251,66568.200348,3698.2333526666666,40.041516,65480.545594999996,15418.838654495217,9904.733059749999,63.97968564705882,14.257031871343703,0.2703993788645292,25,64,,False,True,,65,87.6246207195492
68,2026-09-18T06:49:16.856+00:00,2026-09-18T06:50:23.544+00:00,2026-09-18T06:50:25.390+00:00,True,31,31.0,,31.0,66687.690932,68533.804468,68533.80432699999,2210.767881516129,35.180705,66687.690932,11966.415864207695,85.7964265,61.53711786666667,11.54620775186086,0.4523315207821946,25,64,,False,True,,128,87.6246207195492
69,2026-09-18T06:49:17.162+00:00,2026-09-18T06:50:24.759+00:00,2026-09-18T06:50:29.191+00:00,True,71,71.0,,71.0,67597.11315800001,72028.78368600001,72028.78368200001,1014.4899110140846,36.087763,67597.11315800001,8014.798867249344,94.9206145,63.30957897142857,13.330602548613747,0.9857170476391097,25,64,,False,True,,278,87.6246207195492
70,2026-09-18T06:49:17.432+00:00,2026-09-18T06:50:25.645+00:00,2026-09-18T06:50:28.356+00:00,True,44,44.0,,44.0,68212.648116,70923.696564,70923.696555,1611.902194431818,34.916826,68212.648116,10273.948447300609,95.68307614999999,63.047638325581396,14.219329291996923,0.6203850353498617,25,64,,False,True,,228,87.6246207195492
71,2026-09-18T06:49:17.793+00:00,2026-09-18T06:50:26.961+00:00,2026-09-18T06:50:27.977+00:00,True,17,17.0,,17.0,69168.016849,70184.27592100001,70184.27591400001,4128.486818470588,38.370729,69168.016849,16760.30892340689,13909.4912938,63.516192,14.230403314624903,0.24221949684478242,25,64,,False,True,,99,87.6246207195492
72,2026-09-18T06:49:18.204+00:00,2026-09-18T06:50:28.524+00:00,2026-09-18T06:50:31.124+00:00,True,43,43.0,,43.0,70319.75748999999,72919.61540999998,72919.61562399998,1695.8050145116276,36.021164,70319.75748999999,10714.227924181907,87.02945230000002,61.901379047619045,10.799767848499501,0.58969043868686,25,64,,False,True,,168,87.6246207195492
73,2026-09-18T06:49:18.570+00:00,2026-09-18T06:50:29.832+00:00,2026-09-18T06:50:33.066+00:00,True,53,53.0,,53.0,71262.115936,74496.47344,74496.473419,1405.5938380943396,0.0,71262.115936,9781.037818778028,94.5550662,62.19918276923077,139.5991339899043,0.7114430731098511,25,64,,False,True,,240,87.6246207195492
74,2026-09-18T06:49:19.012+00:00,2026-09-18T06:50:32.229+00:00,2026-09-18T06:50:32.229+00:00,True,6,6.0,,6.0,73217.42516500001,73217.42516500001,73217.42516500001,12202.904194166667,0.0,73217.42516500001,29890.88865577708,54913.06887375001,0.0,0.0,0.0819477055697961,25,64,,False,True,,22,87.6246207195492
75,2026-09-18T06:49:19.298+00:00,2026-09-18T06:50:32.531+00:00,2026-09-18T06:50:36.133+00:00,True,60,60.0,,60.0,73232.620331,76834.275115,76834.275066,1280.5712511,0.018,73232.620331,9447.310529727069,98.63074325,61.044996338983054,131.57655956067612,0.7809014910363419,25,64,,False,True,,258,87.6246207195492
76,2026-09-18T06:49:19.586+00:00,2026-09-18T06:50:33.773+00:00,2026-09-18T06:50:36.887+00:00,True,52,52.0,,52.0,74187.21367299999,77301.00208899999,77301.00200899999,1486.5577309423074,0.01532,74187.21367299999,10280.374227317114,93.1628989,61.05467482352942,139.3144251612689,0.6726950310441014,25,64,,False,True,,156,87.6246207195492
77,2026-09-18T06:49:19.894+00:00,2026-09-18T06:50:34.750+00:00,2026-09-18T06:50:36.006+00:00,True,22,22.0,,22.0,74855.723024,76112.172816,76112.172856,3459.644220727273,30.113644,74855.723024,15946.545345707626,94.7197641,59.83094247619048,15.925868953218295,0.28904706285530246,25,64,,False,True,,133,87.6246207195492
78,2026-09-18T06:49:20.283+00:00,2026-09-18T06:50:36.133+00:00,2026-09-18T06:50:40.513+00:00,True,71,71.0,,71.0,75850.426274,80230.882978,80230.883027,1130.0124369999999,36.442523,75850.426274,8994.372676398345,93.28266800000002,62.57795291428571,13.404842229463517,0.884946012864757,25,64,,False,True,,345,87.6246207195492
79,2026-09-18T06:49:20.739+00:00,2026-09-18T06:50:38.318+00:00,2026-09-18T06:50:44.507+00:00,True,98,98.0,,98.0,77579.13575100001,83767.70509500001,83767.70505500001,854.7725005612245,36.475043,77579.13575100001,7830.242765233257,96.35294809999999,63.799683958762884,13.41215689908048,1.169901931643696,25,64,,False,True,,377,87.6246207195492
80,2026-09-18T06:49:21.205+00:00,2026-09-18T06:50:39.805+00:00,2026-09-18T06:50:40.648+00:00,True,14,14.0,,14.0,78599.682313,79442.535689,79442.535733,5674.466838071428,40.187055,78599.682313,20989.327935671387,27574.43103145,64.83487507692308,17.93980449752755,0.17622801032946522,25,64,,False,True,,72,87.6246207195492
81,2026-09-18T06:49:21.673+00:00,2026-09-18T06:50:41.665+00:00,2026-09-18T06:50:43.435+00:00,True,29,29.0,,29.0,79991.140791,81761.129143,81761.128996,2819.349275724138,35.286065,79991.140791,14842.248187245104,92.7604784,63.213869714285714,12.113727166542063,0.35469177473416585,25,64,,False,True,,111,87.6246207195492
82,2026-09-18T06:49:21.937+00:00,2026-09-18T06:50:42.698+00:00,2026-09-18T06:50:45.776+00:00,True,45,45.0,,45.0,80760.62499899999,83838.935911,83838.935992,1863.0874664888888,0.0,80760.62499899999,12029.94029932132,96.58260560000001,69.96161163636364,177.95709470384074,0.5367434535162776,25,64,,False,True,,187,87.6246207195492
83,2026-09-18T06:49:22.204+00:00,2026-09-18T06:50:43.657+00:00,2026-09-18T06:50:45.753+00:00,True,17,17.0,,17.0,81453.209369,83548.851481,83548.851501,4914.638323588236,41.142103999999996,81453.209369,19725.412493694806,17237.3354498,130.977632,280.8270328123084,0.20347377251339,25,64,,False,True,,70,87.6246207195492
84,2026-09-18T06:49:22.566+00:00,2026-09-18T06:50:45.760+00:00,2026-09-18T06:50:46.048+00:00,True,20,20.0,,20.0,83193.98165,83482.05333,83482.053097,4174.10265485,0.0,83193.98165,18599.36864865124,4242.51626255,15.161667368421053,27.363298541622523,0.23957244943342604,25,64,,False,True,,71,87.6246207195492
85,2026-09-18T06:49:22.965+00:00,2026-09-18T06:50:46.487+00:00,2026-09-18T06:50:48.635+00:00,True,37,37.0,,37.0,83522.02121600001,85670.88393600001,85670.88390900001,2315.429294837838,38.701648999999996,83522.02121600001,13721.126328741306,76.00413759999999,59.69063111111111,10.222678956780488,0.4318853535775429,25,64,,False,True,,142,87.6246207195492
86,2026-09-18T06:49:23.361+00:00,2026-09-18T06:50:48.058+00:00,2026-09-18T06:50:51.649+00:00,True,59,59.0,,59.0,84696.30057600001,88287.765792,88287.76592,1496.4028122033899,34.912085,84696.30057600001,11018.462871196587,86.68644250000001,61.92181406896552,10.869613336221555,0.6682692609868507,25,64,,False,True,,329,87.6246207195492
87,2026-09-18T06:49:23.649+00:00,2026-09-18T06:50:49.049+00:00,2026-09-18T06:50:52.383+00:00,True,55,55.0,,55.0,85399.68212700001,88733.066319,88733.066248,1613.3284772363638,34.960925,85399.68212700001,11506.97147434027,77.6163672,61.72933688888889,10.003078951236917,0.6198365759419621,25,64,,False,True,,215,87.6246207195492
88,2026-09-18T06:49:24.046+00:00,2026-09-18T06:50:50.442+00:00,2026-09-18T06:50:55.807+00:00,True,87,87.0,,87.0,86395.777196,91760.498604,91760.49850799999,1054.7183736551724,37.402750999999995,86395.777196,9255.919101778434,93.23376850000001,62.3804814883721,11.790595902956337,0.9481203930185219,25,64,,False,True,,467,87.6246207195492
89,2026-09-18T06:49:24.459+00:00,2026-09-18T06:50:51.961+00:00,2026-09-18T06:50:57.005+00:00,True,81,81.0,,81.0,87502.259231,92546.396703,92546.39683700001,1142.5481090987655,35.816544,87502.259231,9715.472907316143,91.300331,63.0517184,10.313837943048199,0.875236669234625,25,64,,False,True,,326,87.6246207195492
90,2026-09-18T06:49:24.862+00:00,2026-09-18T06:50:53.515+00:00,2026-09-18T06:50:54.163+00:00,True,11,11.0,,11.0,88653.786823,89301.861575,89301.861604,8118.3510549090915,57.318704,88653.786823,26710.58410022575,44373.416110499995,64.8074752,10.402720874751832,0.12317772335307557,25,64,,False,True,,42,87.6246207195492
91,2026-09-18T06:49:25.328+00:00,2026-09-18T06:50:54.905+00:00,2026-09-18T06:50:59.545+00:00,True,76,76.0,,76.0,89577.245919,94217.255135,94217.255102,1239.7007250263157,37.590351000000005,89577.245919,10268.121893959047,75.09182900000002,61.866789546666666,8.770915587124943,0.8066462973380274,25,64,,False,True,,336,87.6246207195492
92,2026-09-18T06:49:25.702+00:00,2026-09-18T06:50:56.555+00:00,2026-09-18T06:51:01.652+00:00,True,83,83.0,,83.0,90853.406609,95950.531217,95950.53135599999,1156.0304982650603,37.99219,90853.406609,9965.637684266208,78.8448016,62.16005619512195,8.632229074332667,0.8650290826664492,25,64,,False,True,,384,87.6246207195492
93,2026-09-18T06:49:26.120+00:00,2026-09-18T06:50:58.075+00:00,2026-09-18T06:51:00.228+00:00,True,36,36.0,,36.0,91954.96736499999,94108.24864499999,94108.24874899999,2614.1180208055553,31.475292,91954.96736499999,15315.576741583738,75.18379325000001,61.52232228571428,8.999090763553774,0.38253819955571655,25,64,,False,True,,162,87.6246207195492
94,2026-09-18T06:49:26.526+00:00,2026-09-18T06:50:59.476+00:00,2026-09-18T06:50:59.724+00:00,True,5,5.0,,5.0,92949.905807,93197.369999,93197.37005900001,18639.4740118,53.999660000000006,92949.905807,41540.79454291838,74373.38296660001,61.866048,5.860671683283638,0.05364958260145806,25,64,,True,True,,34,87.6246207195492
95,2026-09-18T06:49:26.877+00:00,2026-09-18T06:51:00.865+00:00,2026-09-18T06:51:07.031+00:00,True,100,100.0,,100.0,93987.325339,100154.040219,100154.040186,1001.54040186,36.694942000000005,93987.325339,9392.507651867836,76.23421505000002,62.29004929292929,8.845245413540264,0.9984619669994025,25,64,,True,True,,390,87.6246207195492
96,2026-09-18T06:49:27.251+00:00,2026-09-18T06:51:02.516+00:00,2026-09-18T06:51:03.202+00:00,True,12,12.0,,12.0,95265.053206,95950.987286,95950.987117,7995.915593083333,58.400562,95265.053206,27482.651165511033,42908.060641200005,62.35764363636363,3.527603320596897,0.12506385123721278,25,64,,True,True,,48,87.6246207195492
97,2026-09-18T06:49:27.691+00:00,2026-09-18T06:51:03.789+00:00,2026-09-18T06:51:05.296+00:00,True,26,26.0,,26.0,96098.361178,97605.07938600001,97605.079159,3754.041506115385,36.779482,96098.361178,18834.62087180311,68.1997085,60.26872832,7.285621182287746,0.26637957945997337,25,64,,True,True,,116,87.6246207195492
98,2026-09-18T06:49:27.951+00:00,2026-09-18T06:51:05.027+00:00,2026-09-18T06:51:09.860+00:00,True,79,79.0,,79.0,97075.84860099999,101908.67394499999,101908.67397799999,1289.9832149113922,36.512353000000004,97075.84860099999,10914.922103054516,93.7343757,61.95929928205128,12.258611221016748,0.7752038854183916,25,64,,True,True,,239,87.6246207195492
99,2026-09-18T06:49:28.236+00:00,2026-09-18T06:51:06.219+00:00,2026-09-18T06:51:11.211+00:00,True,81,81.0,,81.0,97982.985094,102975.39623,102975.396145,1271.3011869753086,34.149327,97982.985094,10880.071574682717,91.106561,62.4051392,12.539022286449802,0.7865956623180453,25,64,,True,True,,371,87.6246207195492
100,2026-09-18T06:49:28.642+00:00,2026-09-18T06:51:07.686+00:00,2026-09-18T06:51:11.150+00:00,True,57,57.0,,57.0,99044.201253,102508.006437,102508.00632300001,1798.3860758421054,37.64696,99044.201253,13110.536695647914,80.1499038,61.853664,10.935734955716711,0.5560541267089357,25,64,,True,True,,235,87.6246207195492
101,2026-09-18T06:49:28.982+00:00,2026-09-18T06:51:08.913+00:00,2026-09-18T06:51:13.649+00:00,True,76,76.0,,76.0,99931.251934,104667.028446,104667.02861,1377.197744868421,37.011941,99931.251934,11455.662580874927,90.84481174999999,63.143686826666666,10.676937852398039,0.7261121398818545,25,64,,True,True,,281,87.6246207195492
102,2026-09-18T06:49:29.376+00:00,2026-09-18T06:51:10.430+00:00,2026-09-18T06:51:14.892+00:00,True,72,72.0,,72.0,101053.302571,105515.501611,105515.501593,1465.4930776805554,34.391277,101053.302571,11901.843331330896,88.03575550000001,62.847873802816906,9.956699688696894,0.6823641919974912,25,64,,True,True,,275,87.6246207195492
103,2026-09-18T06:49:29.634+00:00,2026-09-18T06:51:11.766+00:00,2026-09-18T06:51:16.150+00:00,True,71,71.0,,71.0,102132.201506,106516.769058,106516.769202,1500.236185943662,40.666425000000004,102132.201506,12113.43091729351,70.73886900000001,62.636679314285715,7.316338180441463,0.6665617125632061,25,64,,True,True,,361,87.6246207195492
104,2026-09-18T06:49:30.039+00:00,2026-09-18T06:51:13.205+00:00,2026-09-18T06:51:13.394+00:00,True,4,4.0,,4.0,103165.08023800001,103354.925742,103354.925786,25838.7314465,56.323696000000005,103165.08023800001,51550.89948130953,87700.75844995001,63.28183466666666,6.661821564079703,0.03870159038172027,25,64,,True,True,,8,87.6246207195492
105,2026-09-18T06:49:30.345+00:00,2026-09-18T06:51:14.144+00:00,2026-09-18T06:51:19.607+00:00,True,85,85.0,,85.0,103798.852277,109261.869493,109261.869426,1285.433757952941,38.439169,103798.852277,11251.51727903745,94.1733236,65.03591923809523,10.821582831394274,0.7779475163148808,25,64,,True,True,,435,87.6246207195492
106,2026-09-18T06:49:30.690+00:00,2026-09-18T06:51:15.452+00:00,2026-09-18T06:51:21.680+00:00,True,98,98.0,,98.0,104761.825298,110989.629202,110989.629242,1132.5472371632652,38.214909,104761.825298,10576.062988936266,93.925076,64.20416395876289,11.464060499870373,0.8829653788791473,25,64,,True,True,,396,87.6246207195492
107,2026-09-18T06:49:31.005+00:00,2026-09-18T06:51:16.796+00:00,2026-09-18T06:51:19.987+00:00,True,49,49.0,,49.0,105791.300674,108982.206018,108982.206028,2224.126653632653,37.413781,105791.300674,15103.551073836088,92.96974560000001,66.47719466666666,12.247762543941224,0.44961468289517775,25,64,,True,True,,268,87.6246207195492
108,2026-09-18T06:49:31.451+00:00,2026-09-18T06:51:18.481+00:00,2026-09-18T06:51:21.428+00:00,True,48,48.0,,48.0,107030.258375,109977.08077500001,109977.080681,2291.189180854167,35.969983,107030.258375,15439.44173427324,93.23389939999998,62.69834893617021,11.701722909093737,0.43645457455087644,25,64,,True,True,,192,87.6246207195492
109,2026-09-18T06:49:31.866+00:00,2026-09-18T06:51:19.919+00:00,2026-09-18T06:51:25.054+00:00,True,83,83.0,,83.0,108053.374884,113188.08669200001,113188.086643,1363.7118872650603,35.441824999999994,108053.374884,11853.531040868504,92.12615100000001,62.61843668292683,11.565712861475955,0.7332927203359674,25,64,,True,True,,363,87.6246207195492
110,2026-09-18T06:49:32.133+00:00,2026-09-18T06:51:21.010+00:00,2026-09-18T06:51:23.601+00:00,True,42,42.0,,42.0,108876.70953200001,111468.42614000001,111468.42616700001,2654.0101468333337,35.777824,108876.70953200001,16790.29122435283,94.17420865,63.21260019512195,11.91822862018983,0.37678831086436654,25,64,,True,True,,222,87.6246207195492
111,2026-09-18T06:49:32.535+00:00,2026-09-18T06:51:22.598+00:00,2026-09-18T06:51:25.780+00:00,True,51,51.0,,51.0,110063.35867,113245.495758,113245.49583100001,2220.499918254902,35.824614000000004,110063.35867,15403.044311566055,88.133732,63.64274176,9.975255699804396,0.4503490373602537,25,64,,True,True,,221,87.6246207195492
112,2026-09-18T06:49:32.825+00:00,2026-09-18T06:51:23.953+00:00,2026-09-18T06:51:27.257+00:00,True,54,54.0,,54.0,111128.40029199999,114432.31325199999,114432.31312699999,2119.116909759259,37.82568,111128.40029199999,15114.180004283864,90.53979975,62.33798037735849,10.105928742097065,0.4718946813657655,25,64,,True,True,,168,87.6246207195492
113,2026-09-18T06:49:33.198+00:00,2026-09-18T06:51:25.373+00:00,2026-09-18T06:51:29.769+00:00,True,71,71.0,,71.0,112175.563587,116570.790979,116570.790943,1641.8421259577465,37.803599999999996,112175.563587,13305.344488366465,94.20084600000001,62.788962742857144,12.759856104119145,0.6090719587961835,25,64,,True,True,,321,87.6246207195492
114,2026-09-18T06:49:33.477+00:00,2026-09-18T06:51:26.436+00:00,2026-09-18T06:51:30.025+00:00,True,58,58.0,,58.0,112959.739588,116548.333508,116548.333587,2009.454027362069,36.616432,112959.739588,14824.079416280601,95.19778505000001,62.95778807017544,13.134862168003016,0.4976476132626883,25,64,,True,True,,290,87.6246207195492
115,2026-09-18T06:49:33.855+00:00,2026-09-18T06:51:28.096+00:00,2026-09-18T06:51:28.096+00:00,True,1,1.0,,1.0,114241.626928,114241.626928,114241.626928,114241.626928,114241.626928,114241.626928,nan,114241.626928,nan,nan,0.008753376740951379,25,64,,True,True,,1,87.6246207195492
116,2026-09-18T06:49:34.214+00:00,2026-09-18T06:51:29.363+00:00,2026-09-18T06:51:33.983+00:00,True,74,74.0,,74.0,115149.241941,119769.298517,119769.298671,1618.5040360945945,35.820724,115149.241941,13378.476800574315,95.19070845,63.28844624657534,13.232571817704322,0.6178544995777567,25,64,,True,True,,361,87.6246207195492
117,2026-09-18T06:49:34.623+00:00,2026-09-18T06:51:31.353+00:00,2026-09-18T06:51:35.399+00:00,True,64,64.0,,64.0,116729.52748100001,120776.23800900001,120776.23818100001,1887.1287215781251,35.438494,116729.52748100001,14583.169922843435,97.289684,64.23350044444445,15.565932403975285,0.5299055596948702,25,64,,True,True,,278,87.6246207195492
118,2026-09-18T06:49:35.161+00:00,2026-09-18T06:51:32.971+00:00,2026-09-18T06:51:37.835+00:00,True,79,79.0,,79.0,117809.26469400001,122673.12696600001,122673.12687300002,1552.8243907974686,36.216362000000004,117809.26469400001,13247.56728767443,90.8202507,62.357208615384614,11.801472077633232,0.6439878232002317,25,64,,True,True,,305,87.6246207195492
119,2026-09-18T06:49:35.268+00:00,2026-09-18T06:51:33.758+00:00,2026-09-18T06:51:33.982+00:00,True,4,4.0,,4.0,118490.105983,118713.503615,118713.50351,29678.3758775,63.308103,118490.105983,59207.82183735188,100730.8241413,74.46587733333332,17.71628200595479,0.03369456614617666,25,64,,True,True,,11,87.6246207195492
120,2026-09-18T06:49:35.522+00:00,2026-09-18T06:51:34.992+00:00,2026-09-18T06:51:36.090+00:00,True,19,19.0,,19.0,119469.368829,120567.552765,120567.552837,6345.660675631579,38.335989999999995,119469.368829,27394.158533688125,12028.7533017,61.01021866666667,11.585466770748459,0.15758800410449716,25,64,,True,True,,99,87.6246207195492
121,2026-09-18T06:49:35.854+00:00,2026-09-18T06:51:36.396+00:00,2026-09-18T06:51:39.409+00:00,True,49,49.0,,49.0,120541.95820200001,123554.334266,123554.33433700001,2521.5170272857144,36.107904000000005,120541.95820200001,17211.31793691511,91.75111379999998,62.75783466666667,11.248120601466626,0.39658665388870895,25,64,,True,True,,181,87.6246207195492
122,2026-09-18T06:49:36.253+00:00,2026-09-18T06:51:38.075+00:00,2026-09-18T06:51:39.237+00:00,True,19,19.0,,19.0,121821.81259199999,122984.11044799999,122984.11048099998,6472.847920052631,55.789017,121821.81259199999,27933.028456194465,12265.538708399998,64.57210311111112,10.249081227064949,0.15449150244521676,25,64,,True,True,,83,87.6246207195492
123,2026-09-18T06:49:36.638+00:00,2026-09-18T06:51:39.654+00:00,2026-09-18T06:51:42.697+00:00,True,51,51.0,,51.0,123015.77481900001,126058.57008300001,126058.57005800001,2471.736667803922,37.56118,123015.77481900001,17217.135323555307,79.67728699999999,60.85590528,10.10251107230923,0.4045738418769971,25,64,,True,True,,211,87.6246207195492
124,2026-09-18T06:49:36.992+00:00,2026-09-18T06:51:41.025+00:00,2026-09-18T06:51:44.145+00:00,True,51,51.0,,51.0,124033.063635,127152.972499,127152.972521,2493.195539627451,35.428304,124033.063635,17359.367949286727,84.737558,62.39817728,9.532498864492938,0.4010916850599076,25,64,,True,True,,189,87.6246207195492
125,2026-09-18T06:49:37.447+00:00,2026-09-18T06:51:43.011+00:00,2026-09-18T06:51:47.464+00:00,True,75,75.0,,75.0,125564.642478,130017.22692599999,130017.22674999999,1733.5630233333331,37.537150000000004,125564.642478,14492.010836697855,69.32531370000001,60.17006010810811,8.822851106368187,0.576846636197576,25,64,,True,True,,282,87.6246207195492
126,2026-09-18T06:49:37.705+00:00,2026-09-18T06:51:43.883+00:00,2026-09-18T06:51:48.023+00:00,True,70,70.0,,70.0,126177.60079099999,130318.290711,130318.29069299999,1861.689867042857,34.644265,126177.60079099999,15073.938452775188,69.74721825,60.00999884057971,9.87426553537846,0.5371463945551228,25,64,,True,True,,305,87.6246207195492
127,2026-09-18T06:49:37.973+00:00,2026-09-18T06:51:44.861+00:00,2026-09-18T06:51:47.528+00:00,True,46,46.0,,46.0,126887.148053,129554.381077,129554.381012,2816.3995872173914,35.904002999999996,126887.148053,18699.753051095126,70.70375075,59.27184497777778,10.509844334444372,0.3550632531111405,25,64,,True,True,,275,87.6246207195492
128,2026-09-18T06:49:38.232+00:00,2026-09-18T06:51:45.630+00:00,2026-09-18T06:51:51.550+00:00,True,99,99.0,,99.0,127398.14707600001,133317.85037200002,133317.850532,1346.644954868687,35.821983,127398.14707600001,12797.92825327591,71.7563268,60.40513567346939,9.725275321646556,0.7425862307542307,25,64,,True,True,,425,87.6246207195492
129,2026-09-18T06:49:38.630+00:00,2026-09-18T06:51:47.089+00:00,2026-09-18T06:51:49.838+00:00,True,47,47.0,,47.0,128459.040891,131207.566203,131207.566048,2791.6503414468084,37.318290999999995,128459.040891,18728.96370565973,71.9809984,59.75055026086956,9.40742121237705,0.35821104956160194,25,64,,True,True,,238,87.6246207195492
130,2026-09-18T06:49:39.008+00:00,2026-09-18T06:51:48.409+00:00,2026-09-18T06:51:54.402+00:00,True,97,97.0,,97.0,129400.884338,135394.04965,135394.049547,1395.8149437835052,37.112930999999996,129400.884338,13132.334232622416,82.0800096,62.42880533333334,9.975878312203633,0.7164273485485483,25,64,,True,True,,426,87.6246207195492
131,2026-09-18T06:49:39.364+00:00,2026-09-18T06:51:49.572+00:00,2026-09-18T06:51:49.572+00:00,True,1,1.0,,1.0,130207.806287,130207.806287,130207.806287,130207.806287,130207.806287,130207.806287,nan,130207.806287,nan,nan,0.00768003108658348,25,64,,True,True,,1,87.6246207195492
132,2026-09-18T06:49:39.742+00:00,2026-09-18T06:51:50.925+00:00,2026-09-18T06:51:56.270+00:00,True,86,86.0,,86.0,131183.167282,136528.262706,136528.26266900002,1587.537938011628,35.381553999999994,131183.167282,14139.068167838985,90.85588525000001,62.883475576470595,11.146168675783015,0.6299062061984368,25,64,,True,True,,350,87.6246207195492
133,2026-09-18T06:49:40.162+00:00,2026-09-18T06:51:52.684+00:00,2026-09-18T06:51:58.559+00:00,True,98,98.0,,98.0,132522.338588,138396.79209200002,138396.792167,1412.212164969388,34.802355000000006,132522.338588,13380.664047602004,73.27744679999999,60.5613763298969,10.291632860432848,0.708108898469655,25,64,,True,True,,400,87.6246207195492
134,2026-09-18T06:49:40.625+00:00,2026-09-18T06:51:54.464+00:00,2026-09-18T06:51:54.901+00:00,True,9,9.0,,9.0,133839.229994,134276.26321,134276.2634,14919.584822222221,36.190072,133839.229994,44594.86848323174,80330.4797424,54.629152,12.544403350576385,0.06702599390872638,25,64,,True,True,,32,87.6246207195492
135,2026-09-18T06:49:41.011+00:00,2026-09-18T06:51:56.031+00:00,2026-09-18T06:52:00.482+00:00,True,75,75.0,,75.0,135019.738687,139470.401599,139470.401651,1859.6053553466668,37.39485,135019.738687,15583.794440118338,67.8303891,60.1440934054054,9.382932468462089,0.537748505346942,25,64,,True,True,,333,87.6246207195492
136,2026-09-18T06:49:41.319+00:00,2026-09-18T06:51:57.423+00:00,2026-09-18T06:52:00.161+00:00,True,46,46.0,,46.0,136104.253699,138842.001155,138842.001025,3018.3043701086954,41.208233,136104.253699,20058.508107108326,69.36196100000001,60.83883235555556,6.065681203520123,0.33131184812473763,25,64,,True,True,,209,87.6246207195492
137,2026-09-18T06:49:41.622+00:00,2026-09-18T06:51:58.308+00:00,2026-09-18T06:52:03.604+00:00,True,86,86.0,,86.0,136685.862348,141982.174156,141982.174197,1650.9555139186045,35.455194000000006,136685.862348,14732.500355229673,88.80182425,62.309550682352935,10.605292955597944,0.6057098400642131,25,64,,True,True,,344,87.6246207195492
138,2026-09-18T06:49:41.998+00:00,2026-09-18T06:51:59.791+00:00,2026-09-18T06:52:00.101+00:00,True,6,6.0,,6.0,137793.131938,138103.25981000002,138103.25986000002,23017.20997666667,57.551072,137793.131938,56228.4887730224,103361.2176605,62.025574399999996,2.9155099323632565,0.04344575217308188,25,64,,True,True,,38,87.6246207195492
139,2026-09-18T06:49:42.387+00:00,2026-09-18T06:52:00.971+00:00,2026-09-18T06:52:06.077+00:00,True,83,83.0,,83.0,138583.514467,143689.561443,143689.561331,1731.1995341084337,38.870548,138583.514467,15204.686060800981,93.56815719999999,62.26886556097561,11.158156718498612,0.5776341660902428,25,64,,True,True,,308,87.6246207195492
140,2026-09-18T06:49:42.650+00:00,2026-09-18T06:52:02.150+00:00,2026-09-18T06:52:04.481+00:00,True,38,38.0,,38.0,139500.59261300002,141831.20739700002,141831.20745900003,3732.400196289474,38.270699,139500.59261300002,22619.76903425261,90.86425064999999,62.98958875675676,11.63776541911253,0.2679241099149225,25,64,,True,True,,146,87.6246207195492
141,2026-09-18T06:49:43.095+00:00,2026-09-18T06:52:03.887+00:00,2026-09-18T06:52:04.141+00:00,True,5,5.0,,5.0,140791.922207,141046.27919899998,141046.279303,28209.2558606,57.667773000000004,140791.922207,62935.62389511141,112647.1598802,63.589248,4.767341062010982,0.03544935767462238,25,64,,True,True,,20,87.6246207195492
142,2026-09-18T06:49:43.557+00:00,2026-09-18T06:52:05.493+00:00,2026-09-18T06:52:09.604+00:00,True,67,67.0,,67.0,141935.688197,146046.317061,146046.317056,2179.795776955224,38.265739,141935.688197,17332.598786187362,93.7939183,62.28225551515152,11.27762614317362,0.4587585729533716,25,64,,True,True,,145,87.6246207195492
143,2026-09-18T06:49:43.986+00:00,2026-09-18T06:52:07.187+00:00,2026-09-18T06:52:08.940+00:00,True,29,29.0,,29.0,143201.271241,144953.98138500002,144953.981555,4998.413157068966,39.62360700000001,143201.271241,26580.186810995183,94.781435,62.59679085714286,11.147002382348113,0.2000634941028322,25,64,,True,True,,140,87.6246207195492
144,2026-09-18T06:49:44.256+00:00,2026-09-18T06:52:08.431+00:00,2026-09-18T06:52:10.899+00:00,True,42,42.0,,42.0,144174.183732,146642.159412,146642.159373,3491.4799850714285,38.191629,144174.183732,22237.272633162043,70.1363163,60.19452878048781,7.764715761235989,0.2864114942688375,25,64,,True,True,,183,87.6246207195492
145,2026-09-18T06:49:44.622+00:00,2026-09-18T06:52:09.959+00:00,2026-09-18T06:52:10.493+00:00,True,10,10.0,,10.0,145337.042089,145870.370217,145870.370245,14587.0370245,38.471168,145337.042089,45940.86951119197,79964.488441,59.25868088888889,7.961127929184351,0.06855401809924647,25,64,,True,True,,44,87.6246207195492
146,2026-09-18T06:49:45.020+00:00,2026-09-18T06:52:11.345+00:00,2026-09-18T06:52:14.326+00:00,True,48,48.0,,48.0,146325.33570899998,149305.89327699997,149305.89329299997,3110.539443604166,36.553052,146325.33570899998,21111.092762050666,93.22803375,63.4161184680851,11.56463129105963,0.3214876449045982,25,64,,True,True,,223,87.6246207195492
147,2026-09-18T06:49:45.368+00:00,2026-09-18T06:52:12.847+00:00,2026-09-18T06:52:12.847+00:00,True,1,1.0,,1.0,147478.811112,147478.811112,147478.811112,147478.811112,147478.811112,147478.811112,nan,147478.811112,nan,nan,0.006780635078761036,25,64,,True,True,,7,87.6246207195492
148,2026-09-18T06:49:45.823+00:00,2026-09-18T06:52:14.518+00:00,2026-09-18T06:52:17.776+00:00,True,53,53.0,,53.0,148694.999057,151952.923153,151952.923186,2867.036286528302,36.501411999999995,148694.999057,20416.227314798423,93.070247,62.65238646153846,13.46553535861894,0.3487922370972409,25,64,,True,True,,237,87.6246207195492
149,2026-09-18T06:49:46.166+00:00,2026-09-18T06:52:15.821+00:00,2026-09-18T06:52:16.317+00:00,True,9,9.0,,9.0,149654.85521200002,150150.99217200003,150150.99234700002,16683.443594111115,55.168468000000004,149654.85521200002,49864.27955481744,89820.293344,62.01712,4.7518077423272445,0.05993966386642571,25,64,,True,True,,34,87.6246207195492
150,2026-09-18T06:49:46.630+00:00,2026-09-18T06:52:17.776+00:00,2026-09-18T06:52:19.601+00:00,True,29,29.0,,29.0,151145.290406,152971.02480599997,152971.02490199998,5274.862927655172,38.808358,151145.290406,28054.872253106525,98.7589582,65.2048,16.476199915224537,0.18957838608179695,25,64,,True,True,,173,87.6246207195492
151,2026-09-18T06:49:47.078+00:00,2026-09-18T06:52:19.392+00:00,2026-09-18T06:52:23.206+00:00,True,61,61.0,,61.0,152314.82089700003,156128.47286500002,156128.47295800003,2559.4831632459022,37.413551,152314.82089700003,19493.778791160898,84.382791,63.560866133333334,9.938322936596657,0.39070387918765476,25,64,,True,True,,246,87.6246207195492
152,2026-09-18T06:49:47.342+00:00,2026-09-18T06:52:20.425+00:00,2026-09-18T06:52:25.133+00:00,True,75,75.0,,75.0,153082.75647099997,157791.58258299998,157791.58264399998,2103.8877685866664,35.690042999999996,153082.75647099997,17669.130003930542,91.20329539999999,63.632785297297296,11.282967569328779,0.4753105252654985,25,64,,True,True,,85,87.6246207195492
153,2026-09-18T06:49:47.774+00:00,2026-09-18T06:52:21.899+00:00,2026-09-18T06:52:23.638+00:00,True,28,28.0,,28.0,154124.83995,155863.872782,155863.872659,5566.566880678572,37.472739999999995,154124.83995,29114.68768462333,95.64200424999999,64.4086234074074,13.046403117689847,0.17964393865127667,25,64,,True,True,,94,87.6246207195492
154,2026-09-18T06:49:48.140+00:00,2026-09-18T06:52:23.422+00:00,2026-09-18T06:52:28.188+00:00,True,76,76.0,,76.0,155282.111837,160048.810845,160048.810841,2105.905405802632,37.275580999999995,155282.111837,17804.791975273565,89.03377400000001,63.55598677333333,9.546014928585606,0.4748551369969412,25,64,,True,True,,434,87.6246207195492
155,2026-09-18T06:49:48.845+00:00,2026-09-18T06:52:24.274+00:00,2026-09-18T06:52:27.868+00:00,True,58,58.0,,58.0,155428.30631,159022.580102,159022.580189,2741.768623948276,35.343303999999996,155428.30631,20400.458761808444,80.9357061,63.05743494736842,9.431345224120516,0.36472807800500867,25,64,,True,True,,231,87.6246207195492
156,2026-09-18T06:49:48.851+00:00,2026-09-18T06:52:26.038+00:00,2026-09-18T06:52:29.798+00:00,True,61,61.0,,61.0,157187.34297099998,160947.31199499997,160947.31201099997,2638.4805247704912,35.571193,157187.34297099998,20117.75566729238,77.30801600000001,62.6661504,9.673061250139108,0.3790060190747084,25,64,,True,True,,275,87.6246207195492
157,2026-09-18T06:49:49.263+00:00,2026-09-18T06:52:27.493+00:00,2026-09-18T06:52:28.415+00:00,True,16,16.0,,16.0,158229.776481,159152.039777,159152.03987100002,9947.002491937501,36.507002,158229.776481,39542.07388489986,39612.12398325,61.48421973333333,8.341402280024688,0.10053279884077398,25,64,,True,True,,32,87.6246207195492
158,2026-09-18T06:49:49.637+00:00,2026-09-18T06:52:29.049+00:00,2026-09-18T06:52:30.586+00:00,True,26,26.0,,26.0,159412.439257,160949.326041,160949.325943,6190.358690115384,39.879546000000005,159412.439257,31251.295634993563,67.4806135,61.47547136,5.625342361738786,0.16154152763197527,25,64,,True,True,,107,87.6246207195492
159,2026-09-18T06:49:49.985+00:00,2026-09-18T06:52:30.403+00:00,2026-09-18T06:52:30.753+00:00,True,7,7.0,,7.0,160417.982417,160767.661777,160767.66180499998,22966.808829285714,37.867129,160417.982417,60610.27120123246,112312.62914869998,58.279893333333334,10.422091623093603,0.04354109478627402,25,64,,True,True,,23,87.6246207195492
160,2026-09-18T06:49:50.297+00:00,2026-09-18T06:52:31.622+00:00,2026-09-18T06:52:37.430+00:00,True,90,90.0,,90.0,161324.561771,167132.092267,167132.09229600002,1857.0232477333334,36.915851,161324.561771,16998.23001662048,98.14032345,65.25315164044943,14.8092671889598,0.538496220439947,25,64,,True,True,,447,87.6246207195492
161,2026-09-18T06:49:50.756+00:00,2026-09-18T06:52:33.433+00:00,2026-09-18T06:52:37.338+00:00,True,62,62.0,,62.0,162676.738792,166581.98653599998,166581.986503,2686.806233919355,35.131995,162676.738792,20651.84110511602,94.64646955,64.02045481967212,14.811551656387683,0.3721891021308069,25,64,,True,True,,163,87.6246207195492
162,2026-09-18T06:49:51.031+00:00,2026-09-18T06:52:34.595+00:00,2026-09-18T06:52:36.594+00:00,True,32,32.0,,32.0,163564.482701,165562.827917,165562.827877,5173.83837115625,38.024089,163564.482701,28902.99740986421,99.81045245000001,64.46274890322582,15.842073832976379,0.19328010038607368,25,64,,True,True,,158,87.6246207195492
163,2026-09-18T06:49:51.421+00:00,2026-09-18T06:52:36.363+00:00,2026-09-18T06:52:42.600+00:00,True,100,100.0,,100.0,164941.43778799998,171178.48533999998,171178.48542399998,1711.7848542399997,34.418266,164941.43778799998,16487.847988995716,90.5348228,63.000480323232324,11.9102363638458,0.5841855639823949,25,64,,True,True,,530,87.6246207195492
164,2026-09-18T06:49:51.795+00:00,2026-09-18T06:52:37.545+00:00,2026-09-18T06:52:41.676+00:00,True,67,67.0,,67.0,165749.268916,169880.55954,169880.559586,2535.530740089552,36.625101,165749.268916,20241.85147531177,87.91270180000001,62.595312484848485,10.38575920884274,0.39439474523407264,25,64,,True,True,,342,87.6246207195492
165,2026-09-18T06:49:52.226+00:00,2026-09-18T06:52:39.193+00:00,2026-09-18T06:52:44.341+00:00,True,83,83.0,,83.0,166966.29776800002,172114.50589600002,172114.506033,2073.6687473855422,36.808911,166966.29776800002,18320.043924258345,89.23833919999998,62.783025951219514,10.790602277390075,0.4822370988889957,25,64,,True,True,,258,87.6246207195492
166,2026-09-18T06:49:52.572+00:00,2026-09-18T06:52:40.600+00:00,2026-09-18T06:52:42.671+00:00,True,33,33.0,,33.0,168027.175405,170098.215661,170098.215635,5154.491382878788,50.926546,168027.175405,29238.511599060334,91.3375664,64.720008,8.054908000452155,0.19400556244380535,25,64,,True,True,,143,87.6246207195492
167,2026-09-18T06:49:52.930+00:00,2026-09-18T06:52:41.981+00:00,2026-09-18T06:52:46.226+00:00,True,69,69.0,,69.0,169051.14886000002,173296.22790000003,173296.22806700002,2511.539537202899,38.799828,169051.14886000002,20343.854183260337,91.45954760000001,62.427632941176476,10.785070944552851,0.39816215757342516,25,64,,True,True,,343,87.6246207195492
168,2026-09-18T06:49:53.391+00:00,2026-09-18T06:52:43.817+00:00,2026-09-18T06:52:44.964+00:00,True,20,20.0,,20.0,170426.06960800002,171572.97008800003,171572.97013000003,8578.648506500002,41.409553,170426.06960800002,38094.9323823579,8621.64021275,60.36318315789474,13.667633647570783,0.11656847806354328,25,64,,True,True,,76,87.6246207195492
169,2026-09-18T06:49:53.697+00:00,2026-09-18T06:52:44.816+00:00,2026-09-18T06:52:45.535+00:00,True,13,13.0,,13.0,171118.89566,171837.62718,171837.627341,13218.27902623077,41.384862999999996,171118.89566,47443.2316486148,68490.5120882,59.89429333333334,9.32607842237237,0.0756528137250318,25,64,,True,True,,44,87.6246207195492
170,2026-09-18T06:49:54.076+00:00,2026-09-18T06:52:46.222+00:00,2026-09-18T06:52:48.940+00:00,True,43,43.0,,43.0,172146.156029,174863.458813,174863.458963,4066.5920689069767,38.435738,172146.156029,26242.180486250945,96.5294851,64.69768533333334,14.862679524953492,0.2459061503866537,25,64,,True,True,,205,87.6246207195492
171,2026-09-18T06:49:54.541+00:00,2026-09-18T06:52:48.271+00:00,2026-09-18T06:52:50.090+00:00,True,30,30.0,,30.0,173729.725269,175549.09371699998,175549.09365099997,5851.636455033333,41.890302000000005,173729.725269,31707.10993312978,84.6026771,62.73684303448276,7.7496986401179795,0.17089236614552133,25,64,,True,True,,132,87.6246207195492
172,2026-09-18T06:49:54.907+00:00,2026-09-18T06:52:49.550+00:00,2026-09-18T06:52:49.799+00:00,True,5,5.0,,5.0,174643.005366,174892.424374,174892.42451,34978.484902,52.111673,174643.005366,78074.840731453,139728.4583008,62.354752,7.646602850391539,0.028589002742095408,25,64,,True,True,,12,87.6246207195492
173,2026-09-18T06:49:55.357+00:00,2026-09-18T06:52:51.320+00:00,2026-09-18T06:52:53.086+00:00,True,28,28.0,,28.0,175963.149699,177728.885891,177728.886041,6347.46021575,39.248597000000004,175963.149699,33241.55269686098,96.26003655000001,65.39763674074074,12.08973570089481,0.1575433270716175,25,64,,True,True,,112,87.6246207195492
174,2026-09-18T06:49:55.759+00:00,2026-09-18T06:52:52.735+00:00,2026-09-18T06:52:56.173+00:00,True,53,53.0,,53.0,176975.65937799998,180414.21758599998,180414.21756499997,3404.0418408490564,37.25818,176975.65937799998,24300.396931657342,96.38712380000001,66.12611938461538,13.495355847748604,0.2937684219633961,25,64,,True,True,,207,87.6246207195492
175,2026-09-18T06:49:56.099+00:00,2026-09-18T06:52:53.937+00:00,2026-09-18T06:52:59.202+00:00,True,81,81.0,,81.0,177837.80985,183103.433914,183103.43382399998,2260.536220049383,37.500150000000005,177837.80985,19752.448202700198,97.089959,65.8203008,14.028450257839063,0.44237291605379764,25,64,,True,True,,370,87.6246207195492
176,2026-09-18T06:49:56.487+00:00,2026-09-18T06:52:55.727+00:00,2026-09-18T06:53:00.778+00:00,True,80,80.0,,80.0,179240.243482,184291.19337,184291.19343699998,2303.6399179625,38.508378,179240.243482,20032.523993571358,95.27033500000002,63.936074531645566,12.46276813931554,0.43409562083297504,25,64,,True,True,,228,87.6246207195492
177,2026-09-18T06:49:56.873+00:00,2026-09-18T06:52:57.174+00:00,2026-09-18T06:53:02.397+00:00,True,84,84.0,,84.0,180300.709521,185524.593297,185524.593323,2208.626110988095,35.225843999999995,180300.709521,19665.55625222834,93.26754605,62.93835874698795,11.234476884397894,0.45277016112644025,25,64,,True,True,,371,87.6246207195492
178,2026-09-18T06:49:57.271+00:00,2026-09-18T06:52:58.849+00:00,2026-09-18T06:53:00.219+00:00,True,23,23.0,,23.0,181578.228156,182947.831484,182947.831317,7954.253535521739,37.21581,181578.228156,37848.699196780246,98.0055915,62.25469672727273,13.643631419550253,0.12571889928092153,25,64,,True,True,,88,87.6246207195492
179,2026-09-18T06:49:57.569+00:00,2026-09-18T06:52:59.734+00:00,2026-09-18T06:53:03.242+00:00,True,58,58.0,,58.0,182164.985733,185672.85338100002,185672.85341,3201.2560932758624,37.022481,182164.985733,23911.354948282602,69.48665350000002,61.541537684210525,7.89217236201422,0.3123773828206551,25,64,,True,True,,301,87.6246207195492
180,2026-09-18T06:49:57.943+00:00,2026-09-18T06:53:01.411+00:00,2026-09-18T06:53:03.241+00:00,True,31,31.0,,31.0,183468.115231,185298.04675100002,185298.046733,5977.356346225806,36.435632,183468.115231,32940.89167442756,73.51043750000001,60.997717333333334,8.001545101913278,0.16729803979886096,25,64,,True,True,,142,87.6246207195492
181,2026-09-18T06:49:58.386+00:00,2026-09-18T06:53:03.173+00:00,2026-09-18T06:53:04.357+00:00,True,20,20.0,,20.0,184787.043427,185970.684003,185970.684176,9298.5342088,56.152985,184787.043427,41305.709183918436,9304.339868250001,62.29687242105263,3.540017603882882,0.10754383201428333,25,64,,True,True,,93,87.6246207195492
182,2026-09-18T06:49:58.764+00:00,2026-09-18T06:53:04.711+00:00,2026-09-18T06:53:05.197+00:00,True,9,9.0,,9.0,185946.48477200003,186432.40195600002,186432.401864,20714.711318222224,38.528218,185946.48477200003,61961.916018174205,111599.96892720001,60.739648,11.738954144538967,0.04827487017049801,25,64,,True,True,,23,87.6246207195492
183,2026-09-18T06:49:59.230+00:00,2026-09-18T06:53:06.096+00:00,2026-09-18T06:53:09.378+00:00,True,56,56.0,,56.0,186865.96052300002,190148.198219,190148.19843100003,3395.5035434107144,36.516341999999995,186865.96052300002,24963.041974124993,74.02270925,59.67704901818182,10.85097597078689,0.29450712930502204,25,64,,True,True,,230,87.6246207195492
184,2026-09-18T06:49:59.586+00:00,2026-09-18T06:53:07.509+00:00,2026-09-18T06:53:11.275+00:00,True,64,64.0,,64.0,187923.1285,191688.879028,191688.87922499998,2995.1387378906247,36.738381000000004,187923.1285,23482.921143935375,66.29673465,59.773817904761906,9.291640124069374,0.33387435058583403,25,64,,True,True,,299,87.6246207195492
185,2026-09-18T06:50:00.009+00:00,2026-09-18T06:53:09.499+00:00,2026-09-18T06:53:13.742+00:00,True,71,71.0,,71.0,189489.992723,193732.995603,193732.995458,2728.6337388450706,37.172671,189489.992723,22481.133334755716,69.16737099999999,60.614326857142856,9.912558605454253,0.366483777216216,25,64,,True,True,,322,87.6246207195492
186,2026-09-18T06:50:00.329+00:00,2026-09-18T06:53:10.484+00:00,2026-09-18T06:53:11.143+00:00,True,12,12.0,,12.0,190155.539613,190814.050461,190814.050643,15901.170886916667,37.69116,190155.539613,54875.89509651327,85607.05229555002,59.864622545454544,8.055680026495446,0.06288845067230858,25,64,,True,True,,44,87.6246207195492
187,2026-09-18T06:50:00.798+00:00,2026-09-18T06:53:12.169+00:00,2026-09-18T06:53:15.828+00:00,True,58,58.0,,58.0,191371.5451,195029.896972,195029.897167,3362.584433913793,35.576753,191371.5451,25119.89044496794,92.77772685,64.18161178947368,12.315487871431401,0.29739030220749657,25,64,,True,True,,293,87.6246207195492
188,2026-09-18T06:50:01.057+00:00,2026-09-18T06:53:13.033+00:00,2026-09-18T06:53:17.708+00:00,True,75,75.0,,75.0,191975.834496,196651.42463999998,196651.424502,2622.01899336,37.968909,191975.834496,22160.16753495043,92.562563,63.183650594594596,12.376483904809948,0.3813854902770157,25,64,,True,True,,397,87.6246207195492
189,2026-09-18T06:50:01.398+00:00,2026-09-18T06:53:14.567+00:00,2026-09-18T06:53:16.803+00:00,True,36,36.0,,36.0,193168.70478,195404.961292,195404.961283,5427.9155911944445,34.359215,193168.70478,32184.13754738909,94.25926625,63.8930432,12.231512553560977,0.18423278386572808,25,64,,True,True,,169,87.6246207195492
190,2026-09-18T06:50:02.608+00:00,2026-09-18T06:53:16.450+00:00,2026-09-18T06:53:21.511+00:00,True,82,82.0,,82.0,193841.816864,198903.31958399998,198903.319769,2425.650241085366,37.22787,193841.816864,21399.350308100355,90.85309654999999,62.487687901234565,11.895971091390328,0.41226059057988784,25,64,,True,True,,315,87.6246207195492
192,2026-09-18T06:50:02.671+00:00,2026-09-18T06:53:17.493+00:00,2026-09-18T06:53:19.964+00:00,True,40,40.0,,40.0,194821.68336199998,197293.26787399998,197293.26772499998,4932.331693124999,34.066326000000004,194821.68336199998,30793.994949207772,91.82234125,63.37396184615385,12.319734571839644,0.20274386668654976,25,64,,True,True,,144,87.6246207195492
191,2026-09-18T06:50:02.651+00:00,2026-09-18T06:53:18.555+00:00,2026-09-18T06:53:19.052+00:00,True,10,10.0,,10.0,195904.56358000002,196401.708924,196401.70889100002,19640.1708891,36.631542,195904.56358000002,61932.995715918434,107778.61329895,55.23837155555555,12.538432599903457,0.050916053912084945,25,64,,True,True,,56,87.6246207195492
193,2026-09-18T06:50:02.826+00:00,2026-09-18T06:53:19.374+00:00,2026-09-18T06:53:23.927+00:00,True,74,74.0,,74.0,196547.590395,201101.006587,201101.006499,2717.5811689054053,34.761255,196547.590395,22840.94681935095,97.79934209999999,62.3755642739726,14.51222025699286,0.3679742894175233,25,64,,True,True,,322,87.6246207195492
194,2026-09-18T06:50:03.118+00:00,2026-09-18T06:53:21.628+00:00,2026-09-18T06:53:26.887+00:00,True,84,84.0,,84.0,198509.180553,203768.47604100002,203768.475918,2425.8151895,33.245858,198509.180553,21652.218323744273,96.64001329999999,63.36500587951807,14.393060314277685,0.4122325574202089,25,64,,True,True,,458,87.6246207195492
195,2026-09-18T06:50:03.468+00:00,2026-09-18T06:53:22.618+00:00,2026-09-18T06:53:28.846+00:00,True,100,100.0,,100.0,199150.654937,205378.17826500002,205378.17833300002,2053.78178333,36.807601000000005,199150.654937,19908.77912083599,92.87051995000002,62.90427604040404,12.77106986792794,0.48690664628921637,25,64,,True,True,,429,87.6246207195492
196,2026-09-18T06:50:03.888+00:00,2026-09-18T06:53:24.447+00:00,2026-09-18T06:53:26.999+00:00,True,41,41.0,,41.0,200558.95421599998,203110.78525599997,203110.78527899997,4953.921592170731,40.425934,200558.95421599998,31312.085313128788,96.01367099999999,63.795776,11.830866641974277,0.20186028008470241,25,64,,True,True,,148,87.6246207195492
197,2026-09-18T06:50:04.288+00:00,2026-09-18T06:53:26.140+00:00,2026-09-18T06:53:29.399+00:00,True,54,54.0,,54.0,201852.63996,205111.491288,205111.491182,3798.3609478148146,35.336624,201852.63996,27460.299794105093,88.8221119,61.48776090566037,10.98359056549894,0.2632714513502212,25,64,,True,True,,252,87.6246207195492
198,2026-09-18T06:50:04.686+00:00,2026-09-18T06:53:27.501+00:00,2026-09-18T06:53:28.196+00:00,True,12,12.0,,12.0,202815.01736199998,203510.68353799998,203510.683382,16959.223615166666,38.198479,202815.01736199998,58529.397063302575,91316.03506949998,63.24237963636363,12.045629581933186,0.058964963368909974,25,64,,True,True,,38,87.6246207195492
199,2026-09-18T06:50:05.133+00:00,2026-09-18T06:53:29.089+00:00,2026-09-18T06:53:33.581+00:00,True,74,74.0,,74.0,203955.038432,208447.764192,208447.76404,2816.8616762162164,36.906601,203955.038432,23702.139732479853,87.41590790000001,61.54418849315068,10.89828621552557,0.3550050070666099,25,64,,True,True,,424,87.6246207195492
200,2026-09-18T06:50:05.482+00:00,2026-09-18T06:53:30.663+00:00,2026-09-18T06:53:32.482+00:00,True,30,30.0,,30.0,205180.782785,206999.890369,206999.890457,6899.996348566667,39.132527,205180.782785,37449.262968319206,85.382673,62.72784772413793,9.189620072348704,0.1449276129882084,25,64,,True,True,,123,87.6246207195492
201,2026-09-18T06:50:05.918+00:00,2026-09-18T06:53:32.363+00:00,2026-09-18T06:53:37.222+00:00,True,78,78.0,,78.0,206444.933653,211304.332309,211304.332176,2709.0298996923075,35.501284,206444.933653,23368.143800796282,91.25848020000001,63.10907345454545,13.373268281365652,0.3691358295765419,25,64,,True,True,,424,87.6246207195492
202,2026-09-18T06:50:06.387+00:00,2026-09-18T06:53:34.340+00:00,2026-09-18T06:53:34.883+00:00,True,10,10.0,,10.0,207952.447705,208495.351769,208495.351972,20849.5351972,40.129394999999995,207952.447705,65741.26305881435,114407.62476774999,60.32267377777777,10.842930017581615,0.04796269996023405,25,64,,True,True,,31,87.6246207195492
203,2026-09-18T06:50:06.640+00:00,2026-09-18T06:53:35.115+00:00,2026-09-18T06:53:40.987+00:00,True,95,95.0,,95.0,208475.24054300002,214347.292511,214347.29264300002,2256.2872909789476,35.587373,208475.24054300002,21382.7020977464,89.3640715,62.46863795744681,11.139297024725266,0.44320597142660306,25,64,,True,True,,438,87.6246207195492
204,2026-09-18T06:50:07.043+00:00,2026-09-18T06:53:36.926+00:00,2026-09-18T06:53:39.543+00:00,True,43,43.0,,43.0,209882.698555,212499.955259,212499.95540500002,4941.859428023256,37.2861,209882.698555,31997.309766692288,86.68860640000001,62.315635809523805,9.391434796445553,0.2023529837810581,25,64,,True,True,,171,87.6246207195492
205,2026-09-18T06:50:07.418+00:00,2026-09-18T06:53:38.478+00:00,2026-09-18T06:53:44.632+00:00,True,100,100.0,,100.0,211059.643727,217213.473615,217213.473692,2172.13473692,39.972156000000005,211059.643727,21099.75088853837,91.12396045,62.15989785858586,10.335303155184741,0.46037659789578705,25,64,,True,True,,520,87.6246207195492
206,2026-09-18T06:50:07.866+00:00,2026-09-18T06:53:40.041+00:00,2026-09-18T06:53:40.455+00:00,True,8,8.0,,8.0,212175.219472,212588.95208,212588.95205,26573.61900625,39.338027000000004,212175.219472,74994.3721259085,137937.71821800002,59.10465828571429,9.653283686204981,0.037631306433033716,25,64,,True,True,,23,87.6246207195492
207,2026-09-18T06:50:08.249+00:00,2026-09-18T06:53:41.391+00:00,2026-09-18T06:53:45.876+00:00,True,73,73.0,,73.0,213141.77246799998,217626.70046799997,217626.70062099997,2981.187679739726,38.871538,213141.77246799998,24939.069257206756,90.135445,62.29066666666667,10.69989389801587,0.3354367816219958,25,64,,True,True,,224,87.6246207195492
208,2026-09-18T06:50:08.579+00:00,2026-09-18T06:53:42.832+00:00,2026-09-18T06:53:46.259+00:00,True,56,56.0,,56.0,214253.07646399998,217679.17668799998,217679.176694,3887.1281552499995,37.111041,214253.07646399998,28622.449232471023,84.8879835,62.29273134545454,10.242170283375073,0.2572593339061775,25,64,,True,True,,254,87.6246207195492
209,2026-09-18T06:50:09.026+00:00,2026-09-18T06:53:44.155+00:00,2026-09-18T06:53:47.119+00:00,True,47,47.0,,47.0,215128.65333899998,218092.66793099997,218092.667792,4640.269527489361,40.264105,215128.65333899998,31370.341886040744,92.65603289999999,64.43509982608695,9.87554793486542,0.21550472304217871,25,64,,True,True,,234,87.6246207195492
210,2026-09-18T06:50:09.450+00:00,2026-09-18T06:53:45.812+00:00,2026-09-18T06:53:48.732+00:00,True,46,46.0,,46.0,216362.158665,219282.773065,219282.77299,4767.016804130435,41.571822999999995,216362.158665,31891.292217895858,92.52823125,64.90254222222222,10.418487629852253,0.20977480062405376,25,64,,True,True,,171,87.6246207195492
211,2026-09-18T06:50:09.749+00:00,2026-09-18T06:53:47.051+00:00,2026-09-18T06:53:47.051+00:00,True,1,1.0,,1.0,217301.608203,217301.608203,217301.608203,217301.608203,217301.608203,217301.608203,nan,217301.608203,nan,nan,0.004601898753854664,25,64,,True,True,,1,87.6246207195492
212,2026-09-18T06:50:10.180+00:00,2026-09-18T06:53:49.206+00:00,2026-09-18T06:53:49.967+00:00,True,13,13.0,,13.0,219026.01868200002,219787.533434,219787.53355900003,16906.73335069231,56.106566,219026.01868200002,60729.28753607273,87655.0303794,63.45956266666666,6.136745417366756,0.059148031723572574,25,64,,True,True,,38,87.6246207195492
213,2026-09-18T06:50:10.593+00:00,2026-09-18T06:53:50.643+00:00,2026-09-18T06:53:54.777+00:00,True,68,68.0,,68.0,220050.007299,224184.249859,224184.249949,3296.827205132353,35.701583,220050.007299,26677.503395683434,92.14378535,61.7051128358209,13.186063665304022,0.3033219329313651,25,64,,True,True,,364,87.6246207195492
214,2026-09-18T06:50:11.013+00:00,2026-09-18T06:53:52.062+00:00,2026-09-18T06:53:58.031+00:00,True,96,96.0,,96.0,221048.509705,227017.684233,227017.684314,2364.7675449375,36.92757,221048.509705,22554.25849229722,90.12648925000002,62.83341608421053,10.35467493322988,0.4228745453216333,25,64,,True,True,,378,87.6246207195492
215,2026-09-18T06:50:11.416+00:00,2026-09-18T06:53:53.747+00:00,2026-09-18T06:53:55.864+00:00,True,35,35.0,,35.0,222330.215338,224447.46743400002,224447.467264,6412.784778971429,35.559934,222330.215338,37570.14190030193,96.6709991,62.272120470588234,13.400217156149049,0.15593849376042496,25,64,,True,True,,142,87.6246207195492
216,2026-09-18T06:50:11.855+00:00,2026-09-18T06:53:55.368+00:00,2026-09-18T06:53:57.189+00:00,True,30,30.0,,30.0,223512.452403,225333.177651,225333.177594,7511.1059198,56.799004000000004,223512.452403,40796.14146569761,67.87898690000002,62.783629241379316,3.1018532202468165,0.13313618665807184,25,64,,True,True,,120,87.6246207195492
217,2026-09-18T06:50:12.182+00:00,2026-09-18T06:53:56.619+00:00,2026-09-18T06:53:56.619+00:00,True,1,1.0,,1.0,224436.443194,224436.443194,224436.443194,224436.443194,224436.443194,224436.443194,nan,224436.443194,nan,nan,0.0044556043829994795,25,64,,True,True,,5,87.6246207195492
218,2026-09-18T06:50:12.589+00:00,2026-09-18T06:53:58.027+00:00,2026-09-18T06:54:01.419+00:00,True,55,55.0,,55.0,225437.89688699998,228829.66725499998,228829.667467,4160.5394084909085,38.536358,225437.89688699998,30389.571785312884,79.505666,62.81056237037037,9.127382735341635,0.24035345005641195,25,64,,True,True,,248,87.6246207195492
219,2026-09-18T06:50:13.015+00:00,2026-09-18T06:53:59.721+00:00,2026-09-18T06:54:03.543+00:00,True,61,61.0,,61.0,226706.239131,230528.467867,230528.467956,3779.155212393443,40.393915,226706.239131,29018.604577440845,87.689306,63.70381226666667,9.394499317666323,0.26460940188607446,25,64,,True,True,,235,87.6246207195492
220,2026-09-18T06:50:13.419+00:00,2026-09-18T06:54:01.356+00:00,2026-09-18T06:54:05.766+00:00,True,73,73.0,,73.0,227937.44398500002,232347.720337,232347.72032900003,3182.8454839589044,37.51745,227937.44398500002,26670.892331758245,75.6291266,61.25383822222222,9.356175347794888,0.3141842747332313,25,64,,True,True,,317,87.6246207195492
221,2026-09-18T06:50:13.700+00:00,2026-09-18T06:54:02.509+00:00,2026-09-18T06:54:05.122+00:00,True,44,44.0,,44.0,228808.614706,231421.29029,231421.290135,5259.574775795454,35.990852,228808.614706,34485.037541019556,67.47961664999998,60.759897302325584,7.990253638666581,0.19012943858735928,25,64,,True,True,,214,87.6246207195492
222,2026-09-18T06:50:14.079+00:00,2026-09-18T06:54:03.762+00:00,2026-09-18T06:54:04.550+00:00,True,14,14.0,,14.0,229682.68797,230470.864354,230470.864394,16462.20459957143,47.372542,229682.68797,61369.076876885825,80433.33302179999,60.62895261538461,5.337203412255485,0.06074520542647073,25,64,,True,True,,62,87.6246207195492
223,2026-09-18T06:50:14.371+00:00,2026-09-18T06:54:04.808+00:00,2026-09-18T06:54:06.513+00:00,True,29,29.0,,29.0,230437.03099,232142.686286,232142.686446,8004.920222275862,39.330947,230437.03099,42779.77105424971,67.780703,60.91626057142857,6.81030142052636,0.12492316886637544,25,64,,True,True,,117,87.6246207195492
224,2026-09-18T06:50:14.760+00:00,2026-09-18T06:54:06.129+00:00,2026-09-18T06:54:11.169+00:00,True,80,80.0,,80.0,231368.692944,236408.61921600002,236408.619089,2955.1077386125003,36.677081,231368.692944,25860.677150308617,95.36514145,63.79653508860759,13.64686195620181,0.3383971374026182,25,64,,True,True,,415,87.6246207195492
225,2026-09-18T06:50:15.163+00:00,2026-09-18T06:54:07.928+00:00,2026-09-18T06:54:08.967+00:00,True,17,17.0,,17.0,232765.200559,233804.714415,233804.714403,13753.218494294117,34.609795,232765.200559,56438.09832483915,46648.796420599996,64.969616,16.88093514152259,0.07271025326643005,25,64,,True,True,,57,87.6246207195492
226,2026-09-18T06:50:15.457+00:00,2026-09-18T06:54:09.030+00:00,2026-09-18T06:54:14.552+00:00,True,90,90.0,,90.0,233573.002968,239094.57122399998,239094.571251,2656.606347233333,35.19512400000001,233573.002968,24614.21949411552,90.02601034999999,62.04009276404494,11.773218639912397,0.37642008992199955,25,64,,True,True,,464,87.6246207195492
227,2026-09-18T06:50:15.836+00:00,2026-09-18T06:54:10.520+00:00,2026-09-18T06:54:11.048+00:00,True,9,9.0,,9.0,234683.60176,235212.108128,235212.10815,26134.67868333333,55.547296,234683.60176,78205.84692620113,140847.6380856,66.063296,11.75080198224328,0.038263336320689297,25,64,,True,True,,39,87.6246207195492
228,2026-09-18T06:50:16.273+00:00,2026-09-18T06:54:12.127+00:00,2026-09-18T06:54:17.699+00:00,True,90,90.0,,90.0,235854.08987599998,241425.92117199997,241425.92123399998,2682.510235933333,36.305982,235854.08987599998,24854.60752171738,90.35125275,62.60484602247191,11.584805500139147,0.37278515729833733,25,64,,True,True,,285,87.6246207195492
230,2026-09-18T06:50:17.213+00:00,2026-09-18T06:54:12.845+00:00,2026-09-18T06:54:14.072+00:00,True,21,21.0,,21.0,235631.702176,236859.030432,236859.03046799998,11279.001450857142,36.918521,235631.702176,51405.662616707654,75.829719,61.3664128,10.111134775244514,0.08866033083770856,25,64,,True,True,,89,87.6246207195492
229,2026-09-18T06:50:17.188+00:00,2026-09-18T06:54:13.037+00:00,2026-09-18T06:54:16.523+00:00,True,58,58.0,,58.0,235849.073329,239335.226545,239335.226413,4126.469420913793,36.346282,235849.073329,30960.47110870105,77.35847489999999,61.1605827368421,9.306674592665667,0.24233791589009898,25,64,,True,True,,298,87.6246207195492
231,2026-09-18T06:50:17.472+00:00,2026-09-18T06:54:17.150+00:00,2026-09-18T06:54:19.657+00:00,True,40,40.0,,40.0,239677.599504,242185.385488,242185.385459,6054.634636475001,45.050934999999996,239677.599504,37886.1900367506,92.91978870000001,64.30220471794873,9.58013788133572,0.1651627323399411,25,64,,True,True,,196,87.6246207195492
232,2026-09-18T06:50:17.926+00:00,2026-09-18T06:54:18.816+00:00,2026-09-18T06:54:18.882+00:00,True,2,2.0,,2.0,240890.106202,240955.40617,240955.406189,120477.7030945,65.299987,240890.106202,170288.8535525627,228848.86589125,65.299968,nan,0.008300291044679655,25,64,,True,True,,3,87.6246207195492
233,2026-09-18T06:50:18.313+00:00,2026-09-18T06:54:20.576+00:00,2026-09-18T06:54:25.691+00:00,True,83,83.0,,83.0,242262.542572,247377.46942,247377.469416,2980.451438746988,38.393049,242262.542572,26584.923752257335,79.3220558,62.377156682926824,9.914158393936399,0.33551964208624735,25,64,,True,True,,332,87.6246207195492
234,2026-09-18T06:50:18.730+00:00,2026-09-18T06:54:22.196+00:00,2026-09-18T06:54:22.523+00:00,True,6,6.0,,6.0,243465.717649,243792.884369,243792.884316,40632.147386,39.135427,243465.717649,99367.75221523664,182625.25103075,65.433344,23.615597237801293,0.024611054648004085,25,64,,True,True,,20,87.6246207195492
235,2026-09-18T06:50:18.988+00:00,2026-09-18T06:54:23.419+00:00,2026-09-18T06:54:26.127+00:00,True,44,44.0,,44.0,244430.87945500002,247139.31798300002,247139.31801400002,5616.802682136364,36.433791,244430.87945500002,36839.847056765,87.14303120000001,62.9869425116279,9.254330272252508,0.1780372316274929,25,64,,True,True,,238,87.6246207195492
236,2026-09-18T06:50:19.384+00:00,2026-09-18T06:54:25.040+00:00,2026-09-18T06:54:30.951+00:00,True,94,94.0,,94.0,245656.682719,251567.118303,251567.118273,2676.245939074468,37.07748,245656.682719,25331.00006215758,92.7242242,63.55307079569893,12.137679565090089,0.37365773648836614,25,64,,True,True,,517,87.6246207195492
237,2026-09-18T06:50:19.801+00:00,2026-09-18T06:54:26.543+00:00,2026-09-18T06:54:29.860+00:00,True,52,52.0,,52.0,246742.276105,250059.244553,250059.244424,4808.831623538462,34.844045,246742.276105,34207.98079447061,92.96756454999999,65.03859701960785,13.932455744773206,0.2079507202101405,25,64,,True,True,,248,87.6246207195492
238,2026-09-18T06:50:20.156+00:00,2026-09-18T06:54:27.644+00:00,2026-09-18T06:54:30.721+00:00,True,49,49.0,,49.0,247488.39732800002,250565.140752,250565.140837,5113.574302795919,35.264063,247488.39732800002,35346.330881210946,97.5636232,64.09882133333333,13.497368405912546,0.1955579289798271,25,64,,True,True,,210,87.6246207195492
239,2026-09-18T06:50:20.473+00:00,2026-09-18T06:54:29.099+00:00,2026-09-18T06:54:29.488+00:00,True,7,7.0,,7.0,248626.314389,249015.377557,249015.37752,35573.62536,37.41161,248626.314389,93947.40666750647,174066.4454048,64.84386133333334,18.061361318661167,0.028110713758621952,25,64,,True,True,,22,87.6246207195492
240,2026-09-18T06:50:20.765+00:00,2026-09-18T06:54:30.237+00:00,2026-09-18T06:54:32.945+00:00,True,45,45.0,,45.0,249471.942806,252180.12175000002,252180.121836,5604.002707466667,36.957211,249471.942806,37179.90726885493,75.50218100000001,61.549521454545456,8.826390483856482,0.17844388244292692,25,64,,True,True,,260,87.6246207195492
241,2026-09-18T06:50:21.207+00:00,2026-09-18T06:54:31.711+00:00,2026-09-18T06:54:37.114+00:00,True,87,87.0,,87.0,250503.492875,255907.164939,255907.16486699998,2941.461665137931,36.372472,250503.492875,26850.059034776004,91.3661379,62.833396093023254,10.446708010374772,0.3399670346109222,25,64,,True,True,,310,87.6246207195492
242,2026-09-18T06:50:21.466+00:00,2026-09-18T06:54:32.536+00:00,2026-09-18T06:54:38.276+00:00,True,92,92.0,,92.0,251069.384977,256809.112593,256809.112521,2791.4033969673915,36.576602,251069.384977,26169.219126166518,92.23553079999999,63.073929846153845,10.764888305013624,0.35824273940701157,25,64,,True,True,,448,87.6246207195492
243,2026-09-18T06:50:21.860+00:00,2026-09-18T06:54:34.028+00:00,2026-09-18T06:54:34.383+00:00,True,7,7.0,,7.0,252167.357581,252522.897037,252522.896915,36074.69955928571,33.547597,252167.357581,95287.90625343563,176537.3406769,59.256576,12.724906136423451,0.027720258567183912,25,64,,True,True,,28,87.6246207195492
244,2026-09-18T06:50:22.314+00:00,2026-09-18T06:54:35.938+00:00,2026-09-18T06:54:40.103+00:00,True,66,66.0,,66.0,253624.029431,257789.049079,257789.049072,3905.894682909091,35.386264000000004,253624.029431,31211.075675235406,100.13421225,64.07722535384616,14.031601454611199,0.2560232881722379,25,64,,True,True,,332,87.6246207195492
245,2026-09-18T06:50:22.761+00:00,2026-09-18T06:54:37.716+00:00,2026-09-18T06:54:42.490+00:00,True,78,78.0,,78.0,254954.54213800002,259728.586554,259728.58679000003,3329.853676794872,36.451002,254954.54213800002,28860.898445491373,72.31250055,62.00057683116883,8.876798006356507,0.300313496619222,25,64,,True,True,,324,87.6246207195492
246,2026-09-18T06:50:23.142+00:00,2026-09-18T06:54:39.136+00:00,2026-09-18T06:54:44.515+00:00,True,88,88.0,,88.0,255994.006801,261373.931025,261373.93092900002,2970.158306011364,35.709354,255994.006801,27282.462172964144,68.57099684999999,61.83820947126437,8.573956422175218,0.3366823908371449,25,64,,True,True,,280,87.6246207195492
247,2026-09-18T06:50:23.526+00:00,2026-09-18T06:54:40.396+00:00,2026-09-18T06:54:40.577+00:00,True,4,4.0,,4.0,256869.348721,257051.095665,257051.0955,64262.773875,56.468523999999995,256869.348721,128404.38331250966,218348.99326959997,60.58231466666666,5.6148853927841955,0.015561108540120643,25,64,,True,True,,13,87.6246207195492
248,2026-09-18T06:50:23.952+00:00,2026-09-18T06:54:42.010+00:00,2026-09-18T06:54:45.388+00:00,True,56,56.0,,56.0,258058.190624,261436.25014400002,261436.250271,4668.5044691250005,40.052355000000006,258058.190624,34476.26960835753,73.2128105,61.419264,7.713203348308146,0.21420135872188725,25,64,,True,True,,276,87.6246207195492
249,2026-09-18T06:50:24.409+00:00,2026-09-18T06:54:43.577+00:00,2026-09-18T06:54:44.324+00:00,True,13,13.0,,13.0,259168.242014,259915.02447799998,259915.02440599998,19993.463415846152,36.183482000000005,259168.242014,71863.0779349782,103714.050068,62.231872,9.690021022542766,0.05001634678914209,25,64,,True,True,,43,87.6246207195492
250,2026-09-18T06:50:24.678+00:00,2026-09-18T06:54:44.870+00:00,2026-09-18T06:54:49.441+00:00,True,77,77.0,,77.0,260192.226479,264762.605231,264762.605123,3438.475391207792,37.541019999999996,260192.226479,29644.80439690449,72.3924884,60.136562526315785,9.411194722227986,0.29082656870224954,25,64,,True,True,,352,87.6246207195492
251,2026-09-18T06:50:25.090+00:00,2026-09-18T06:54:45.858+00:00,2026-09-18T06:54:47.804+00:00,True,33,33.0,,33.0,260768.02175,262713.993718,262713.993827,7961.030115969697,37.054891000000005,260768.02175,45383.30146228856,91.50580819999999,60.811624,11.588821585215744,0.12561188512638785,25,64,,True,True,,155,87.6246207195492
252,2026-09-18T06:50:25.351+00:00,2026-09-18T06:54:46.905+00:00,2026-09-18T06:54:50.017+00:00,True,52,52.0,,52.0,261554.387501,264666.74103699997,264666.741184,5089.745022769231,35.167754,261554.387501,36262.60617920837,86.96940745,61.02653992156863,10.605416276195706,0.19647349642896947,25,64,,True,True,,218,87.6246207195492
253,2026-09-18T06:50:25.678+00:00,2026-09-18T06:54:48.052+00:00,2026-09-18T06:54:52.682+00:00,True,79,79.0,,79.0,262373.870788,267003.7401,267003.74001,3379.794177341772,35.816873,262373.870788,29512.690568493574,71.4977084,59.357298871794875,11.022496317174511,0.29587600522154633,25,64,,True,True,,469,87.6246207195492
254,2026-09-18T06:50:26.001+00:00,2026-09-18T06:54:49.244+00:00,2026-09-18T06:54:51.792+00:00,True,43,43.0,,43.0,263243.363831,265791.748087,265791.74803,6181.20344255814,37.21519,263243.363831,40134.98491265564,87.6640179,60.67581561904762,10.153707612221966,0.16178079383384422,25,64,,True,True,,211,87.6246207195492
255,2026-09-18T06:50:26.292+00:00,2026-09-18T06:54:50.452+00:00,2026-09-18T06:54:54.240+00:00,True,65,65.0,,65.0,264159.877308,267947.84249199997,267947.842486,4122.274499784616,36.001813,264159.877308,32757.660291122607,67.651409,59.186956,9.151950126600484,0.24258452464285354,25,64,,True,True,,332,87.6246207195492
256,2026-09-18T06:50:26.689+00:00,2026-09-18T06:54:51.791+00:00,2026-09-18T06:54:57.334+00:00,True,91,91.0,,91.0,265102.074843,270645.409499,270645.409474,2974.1253788351646,34.787205,265102.074843,27783.79403113839,92.495332,61.592607288888885,11.0338133377107,0.33623330308263083,25,64,,True,True,,441,87.6246207195492
257,2026-09-18T06:50:27.095+00:00,2026-09-18T06:54:53.154+00:00,2026-09-18T06:54:56.180+00:00,True,51,51.0,,51.0,266059.180619,269085.280843,269085.280804,5276.181976549019,38.831917000000004,266059.180619,37247.26348791536,68.4422915,60.52200448,9.078295273839084,0.18953099121670788,25,64,,True,True,,176,87.6246207195492
258,2026-09-18T06:50:27.379+00:00,2026-09-18T06:54:54.303+00:00,2026-09-18T06:54:55.331+00:00,True,18,18.0,,18.0,266924.926681,267952.654553,267952.65461599996,14886.258589777777,39.286466999999995,266924.926681,62900.56088546349,40130.20857995,60.45458070588236,14.592186098115679,0.06717604656698659,25,64,,True,True,,72,87.6246207195492
259,2026-09-18T06:50:27.775+00:00,2026-09-18T06:54:55.638+00:00,2026-09-18T06:54:59.493+00:00,True,61,61.0,,61.0,267863.320704,271718.076544,271718.076558,4454.394697672132,35.998112,267863.320704,34288.160324701654,95.133612,64.24593066666667,12.77952477632824,0.22449739368047572,25,64,,True,True,,282,87.6246207195492
260,2026-09-18T06:50:28.032+00:00,2026-09-18T06:54:56.856+00:00,2026-09-18T06:55:01.686+00:00,True,76,76.0,,76.0,268823.901967,273653.32711899997,273653.327229,3600.701674065789,36.963291,268823.901967,30828.832262257387,93.11684575,64.39233536,11.709201256233046,0.2777236469226296,25,64,,True,True,,384,87.6246207195492
261,2026-09-18T06:50:28.469+00:00,2026-09-18T06:54:58.659+00:00,2026-09-18T06:55:00.198+00:00,True,26,26.0,,26.0,270190.669381,271728.932677,271728.932865,10451.1128025,39.528146,270190.669381,52976.6835351203,85.2352975,61.53053184,9.613039948111902,0.09568359078974413,25,64,,True,True,,117,87.6246207195492
262,2026-09-18T06:50:28.761+00:00,2026-09-18T06:54:59.838+00:00,2026-09-18T06:55:00.494+00:00,True,12,12.0,,12.0,271076.421431,271732.237879,271732.237901,22644.353158416667,44.002297,271076.421431,78235.81200367238,122022.7681924,59.61967709090909,6.948126616246676,0.0441611201293808,25,64,,True,True,,55,87.6246207195492
263,2026-09-18T06:50:29.144+00:00,2026-09-18T06:55:01.322+00:00,2026-09-18T06:55:06.496+00:00,True,82,82.0,,82.0,272178.446261,277352.235189,277352.235295,3382.3443328658536,36.651991,272178.446261,30050.030281490344,93.8825345,63.87393738271605,13.036159884683634,0.2956529264821738,25,64,,True,True,,446,87.6246207195492
264,2026-09-18T06:50:29.604+00:00,2026-09-18T06:55:02.829+00:00,2026-09-18T06:55:08.735+00:00,True,93,93.0,,93.0,273225.738912,279131.39932799997,279131.39940199995,3001.4128967956985,35.460063999999996,273225.738912,28325.53560780324,93.04839520000002,64.19196104347826,12.442964411375598,0.333176418790199,25,64,,True,True,,455,87.6246207195492
265,2026-09-18T06:50:29.957+00:00,2026-09-18T06:55:03.950+00:00,2026-09-18T06:55:05.054+00:00,True,18,18.0,,18.0,273993.05365200003,275096.972756,275096.97263100004,15283.165146166668,34.806163999999995,273993.05365200003,64565.47837691067,41180.936152450005,64.93641788235294,16.386948417426236,0.06543147247194639,25,64,,True,True,,73,87.6246207195492
266,2026-09-18T06:50:30.307+00:00,2026-09-18T06:55:05.678+00:00,2026-09-18T06:55:06.952+00:00,True,22,22.0,,22.0,275370.792075,276645.195659,276645.195655,12574.781620681819,38.087908999999996,275370.792075,58696.31311841797,92.73348275000001,60.68588495238095,12.45602155153909,0.0795242438517449,25,64,,True,True,,79,87.6246207195492
267,2026-09-18T06:50:30.678+00:00,2026-09-18T06:55:07.323+00:00,2026-09-18T06:55:12.789+00:00,True,89,89.0,,89.0,276644.745045,282110.795605,282110.79566999996,3169.784221011236,35.549894,276644.745045,29317.702457054373,90.24190859999999,62.11421090909091,11.485079352839982,0.3154788876800524,25,64,,True,True,,367,87.6246207195492
268,2026-09-18T06:50:30.987+00:00,2026-09-18T06:55:08.317+00:00,2026-09-18T06:55:11.198+00:00,True,49,49.0,,49.0,277329.53964,280210.49835999997,280210.49823599996,5718.581596653061,35.976853000000006,277329.53964,39609.93289582338,82.21306560000001,60.01997333333333,11.069397138357258,0.17486853735596777,25,64,,True,True,,217,87.6246207195492
269,2026-09-18T06:50:31.424+00:00,2026-09-18T06:55:10.131+00:00,2026-09-18T06:55:10.174+00:00,True,2,2.0,,2.0,278706.738123,278750.565067,278750.565201,139375.2826005,43.827078,278706.738123,197044.43406510318,264773.59257075,43.826944,nan,0.007174873347859523,25,64,,True,True,,5,87.6246207195492
270,2026-09-18T06:50:31.727+00:00,2026-09-18T06:55:11.201+00:00,2026-09-18T06:55:11.941+00:00,True,12,12.0,,12.0,279473.387145,280213.495433,280213.495227,23351.124602249998,44.200357000000004,279473.387145,80657.59631715708,125816.99752255,67.28257163636364,16.13655916500203,0.04282448988210577,25,64,,True,True,,61,87.6246207195492
272,2026-09-18T06:50:32.533+00:00,2026-09-18T06:55:13.445+00:00,2026-09-18T06:55:14.329+00:00,True,15,15.0,,15.0,280911.356983,281796.067895,281796.06799300003,18786.404532866665,41.215733,280911.356983,72514.68469910778,84337.0529289,63.19363657142858,10.731340239413827,0.053229983342383436,25,64,,True,True,,54,87.6246207195492
273,2026-09-18T06:50:32.813+00:00,2026-09-18T06:55:14.579+00:00,2026-09-18T06:55:19.178+00:00,True,76,76.0,,76.0,281765.332843,286364.550507,286364.550485,3767.954611644737,36.752001,281765.332843,32313.667627592713,77.54621449999999,61.32290218666667,10.04389729746862,0.2653959781873987,25,64,,True,True,,380,87.6246207195492
274,2026-09-18T06:50:33.136+00:00,2026-09-18T06:55:15.846+00:00,2026-09-18T06:55:20.779+00:00,True,81,81.0,,81.0,282710.13167000003,287643.10959,287643.109775,3551.1495033950623,35.747663,282710.13167000003,31405.386894068666,76.470416,61.662224,9.437654038430086,0.28159895822102454,25,64,,True,True,,405,87.6246207195492
271,2026-09-18T06:50:32.139+00:00,2026-09-18T06:55:16.156+00:00,2026-09-18T06:55:16.765+00:00,True,11,11.0,,11.0,284017.279699,284625.916627,284625.91672700003,25875.08333881818,40.683733999999994,284017.279699,85616.0812247078,142044.2276775,60.863692799999995,9.110018051683014,0.0386472185328626,25,64,,True,True,,51,87.6246207195492
275,2026-09-18T06:50:33.559+00:00,2026-09-18T06:55:17.749+00:00,2026-09-18T06:55:18.332+00:00,True,11,11.0,,11.0,284189.201313,284772.496801,284772.497028,25888.408820727273,39.259147,284189.201313,85668.68166523607,142128.3573635,58.3295488,9.662372402033926,0.03862732575501081,25,64,,True,True,,47,87.6246207195492
276,2026-09-18T06:50:34.767+00:00,2026-09-18T06:55:18.883+00:00,2026-09-18T06:55:22.905+00:00,True,66,66.0,,66.0,284116.677492,288137.94494799996,288137.94498699997,4365.726439196969,38.957747000000005,284116.677492,34964.731421734155,74.60912775000001,61.86565316923077,8.88973142223638,0.2290569539944174,25,64,,True,True,,345,87.6246207195492
277,2026-09-18T06:50:34.777+00:00,2026-09-18T06:55:19.367+00:00,2026-09-18T06:55:24.854+00:00,True,90,90.0,,90.0,284590.207372,290077.32903599995,290077.32903599995,3223.081433733333,36.230252,284590.207372,29991.944710717507,81.461131,61.65305240449438,10.0870835284425,0.31026209562495866,25,64,,True,True,,408,87.6246207195492
278,2026-09-18T06:50:34.827+00:00,2026-09-18T06:55:20.521+00:00,2026-09-18T06:55:22.356+00:00,True,31,31.0,,31.0,285693.90318900003,287529.023829,287529.023747,9275.129798290323,41.228883,285693.90318900003,51301.153610191504,71.21838149999999,61.170688,6.6777327900987675,0.10781520274779771,25,64,,True,True,,146,87.6246207195492
279,2026-09-18T06:50:35.223+00:00,2026-09-18T06:55:23.555+00:00,2026-09-18T06:55:27.656+00:00,True,68,68.0,,68.0,288331.59161799995,292432.0496019999,292432.04952599993,4300.471316558823,36.312921,288331.59161799995,34957.92128266454,83.08126909999999,61.20086543283582,10.59704703932459,0.23253265191878936,25,64,,True,True,,298,87.6246207195492
280,2026-09-18T06:50:35.576+00:00,2026-09-18T06:55:25.415+00:00,2026-09-18T06:55:26.237+00:00,True,14,14.0,,14.0,289838.88400900003,290660.827049,290660.826988,20761.487642000004,38.582567000000004,289838.88400900003,77445.80299183693,101505.0057661,63.226387692307696,12.00385716877665,0.04816610529233738,25,64,,True,True,,64,87.6246207195492
281,2026-09-18T06:50:35.967+00:00,2026-09-18T06:55:26.811+00:00,2026-09-18T06:55:29.220+00:00,True,40,40.0,,40.0,290844.214681,293253.344409,293253.344401,7331.333610025,37.460339999999995,290844.214681,45976.74245877189,92.08401775,61.77255712820513,11.592006834439957,0.13640083144017637,25,64,,True,True,,183,87.6246207195492
282,2026-09-18T06:50:36.278+00:00,2026-09-18T06:55:28.005+00:00,2026-09-18T06:55:32.857+00:00,True,80,80.0,,80.0,291726.591306,296578.231114,296578.231094,3707.227888675,34.946464,291726.591306,32609.160207318455,90.84691444999999,61.41316212658228,11.370581425189368,0.26974333112550414,25,64,,True,True,,380,87.6246207195492
283,2026-09-18T06:50:36.651+00:00,2026-09-18T06:55:29.638+00:00,2026-09-18T06:55:34.581+00:00,True,79,79.0,,79.0,292986.97160000005,297929.73307200003,297929.73313700006,3771.2624447721523,35.640303,292986.97160000005,32956.48153019997,89.79213159999999,63.36873682051282,9.608019954250079,0.26516319531259486,25,64,,True,True,,311,87.6246207195492
284,2026-09-18T06:50:36.991+00:00,2026-09-18T06:55:30.730+00:00,2026-09-18T06:55:33.806+00:00,True,50,50.0,,50.0,293739.273567,296815.190111,296815.190257,5936.30380514,43.608998,293739.273567,41532.13004694222,93.49954345000002,62.773807020408164,9.901855443392904,0.16845499039756523,25,64,,True,True,,173,87.6246207195492
285,2026-09-18T06:50:37.441+00:00,2026-09-18T06:55:32.411+00:00,2026-09-18T06:55:35.708+00:00,True,53,53.0,,53.0,294969.740165,298266.985861,298266.98578000005,5627.678976981132,36.511781,294969.740165,40508.50191612284,92.2647754,63.40857107692308,12.515203160875577,0.17769314913283546,25,64,,True,True,,245,87.6246207195492
286,2026-09-18T06:50:37.840+00:00,2026-09-18T06:55:33.801+00:00,2026-09-18T06:55:35.953+00:00,True,34,34.0,,34.0,295961.167913,298113.557545,298113.557505,8768.045808970588,37.6728,295961.167913,50745.73729641508,98.49844885,65.22392824242424,12.750879435149951,0.11405049901116197,25,64,,True,True,,161,87.6246207195492
287,2026-09-18T06:50:38.222+00:00,2026-09-18T06:55:35.381+00:00,2026-09-18T06:55:38.272+00:00,False,47,46.0,,46.0,297158.713675,300050.51860300003,300050.51851,6384.053585319149,0.02901,297158.713675,43335.88574505394,93.17735629999999,62.86532452173913,14.43256378765107,0.15330751706136217,25,64,,True,False,Request timeout: 300.0s exceeded,185,87.6246207195492
288,2026-09-18T06:50:38.656+00:00,2026-09-18T06:55:37.175+00:00,2026-09-18T06:55:38.711+00:00,False,26,25.0,,25.0,298519.174899,300055.161843,300055.16194799996,11540.583151846153,0.0293,298519.174899,58532.379689186666,90.783298,61.439477759999995,16.067499653929403,0.0833180134160829,25,64,,True,False,Request timeout: 300.0s exceeded,110,87.6246207195492
289,2026-09-18T06:50:39.010+00:00,2026-09-18T06:55:38.583+00:00,2026-09-18T06:55:38.583+00:00,True,1,1.0,,1.0,299573.250431,299573.250431,299573.250431,299573.250431,299573.250431,299573.250431,nan,299573.250431,nan,nan,0.0033380817498267507,25,64,,True,True,,2,87.6246207195492
290,2026-09-18T06:50:39.309+00:00,2026-09-18T06:55:39.420+00:00,2026-09-18T06:55:39.420+00:00,False,1,0.0,,0.0,300111.186892,300111.186892,300111.186892,300111.186892,300111.186892,300111.186892,nan,300111.186892,nan,nan,0.0,25,64,,True,False,TTFT timeout: 300.0s exceeded (TTFT: 300.095s),0,87.6246207195492
291,2026-09-18T06:50:39.739+00:00,2026-09-18T06:55:39.788+00:00,2026-09-18T06:55:39.788+00:00,False,1,0.0,,0.0,300049.414816,300049.414816,300049.414816,300049.414816,300049.414816,300049.414816,nan,300049.414816,nan,nan,0.0,25,64,,True,False,"HTTPConnectionPool(host='gpu03', port=9002): Read timed out.",0,87.6246207195492
292,2026-09-18T06:50:39.998+00:00,2026-09-18T06:55:39.987+00:00,2026-09-18T06:55:39.987+00:00,True,1,1.0,,1.0,299988.054465,299988.054465,299988.054465,299988.054465,299988.054465,299988.054465,nan,299988.054465,nan,nan,0.0033334660667852403,25,64,,True,True,,3,87.6246207195492
293,2026-09-18T06:50:40.363+00:00,2026-09-18T06:55:40.318+00:00,2026-09-18T06:55:40.388+00:00,False,3,2.0,,2.0,299954.946288,300024.44209599996,300024.44212799997,100008.147376,0.06652,299954.946288,173159.01073627768,269966.3945912,34.747904,49.046827046126765,0.006666123553227214,25,64,,True,False,Request timeout: 300.0s exceeded,7,87.6246207195492
294,2026-09-18T06:50:40.625+00:00,2026-09-18T06:55:40.670+00:00,2026-09-18T06:55:40.670+00:00,False,1,0.0,,0.0,300045.509441,300045.509441,300045.509441,300045.509441,300045.509441,300045.509441,nan,300045.509441,nan,nan,0.0,25,64,,True,False,TTFT timeout: 300.0s exceeded (TTFT: 300.035s),0,87.6246207195492
295,2026-09-18T06:50:41.006+00:00,2026-09-18T06:55:41.079+00:00,2026-09-18T06:55:41.079+00:00,False,1,0.0,,0.0,300072.91289,300072.91289,300072.91289,300072.91289,300072.91289,300072.91289,nan,300072.91289,nan,nan,0.0,25,64,,True,False,TTFT timeout: 300.0s exceeded (TTFT: 300.065s),0,87.6246207195492
296,2026-09-18T06:50:41.453+00:00,2026-09-18T06:55:41.499+00:00,2026-09-18T06:55:41.499+00:00,False,1,0.0,,0.0,300046.534918,300046.534918,300046.534918,300046.534918,300046.534918,300046.534918,nan,300046.534918,nan,nan,0.0,25,64,,True,False,TTFT timeout: 300.0s exceeded (TTFT: 300.038s),0,87.6246207195492
297,2026-09-18T06:50:41.723+00:00,2026-09-18T06:55:41.615+00:00,2026-09-18T06:55:41.745+00:00,False,4,3.0,,3.0,299891.452472,300021.209912,300021.20976899995,75005.30244224999,0.02479,299891.452472,149924.10314293165,254917.73334244997,43.25248,37.479106548968424,0.009999293052914285,25,64,,True,False,Request timeout: 300.0s exceeded,16,87.6246207195492
298,2026-09-18T06:50:42.004+00:00,2026-09-18T06:55:42.088+00:00,2026-09-18T06:55:42.088+00:00,False,1,0.0,,0.0,300084.88945099997,300084.88945099997,300084.88945099997,300084.88945099997,300084.88945099997,300084.88945099997,nan,300084.88945099997,nan,nan,0.0,25,64,,True,False,"HTTPConnectionPool(host='gpu03', port=9002): Read timed out.",0,87.6246207195492
299,2026-09-18T06:50:42.359+00:00,2026-09-18T06:55:42.478+00:00,2026-09-18T06:55:42.478+00:00,False,1,0.0,,0.0,300118.975797,300118.975797,300118.975797,300118.975797,300118.975797,300118.975797,nan,300118.975797,nan,nan,0.0,25,64,,True,False,"HTTPConnectionPool(host='gpu03', port=9002): Read timed out.",0,87.6246207195492
300,2026-09-18T06:50:42.761+00:00,2026-09-18T06:55:42.747+00:00,2026-09-18T06:55:42.819+00:00,False,3,2.0,,2.0,299985.237029,300057.353765,300057.353613,100019.11787100001,0.0195,299985.237029,173175.74283694618,269993.9230345,36.058368,50.96671812357049,0.006665392382172267,25,64,,True,False,Request timeout: 300.0s exceeded,15,87.6246207195492
301,2026-09-18T06:50:43.189+00:00,2026-09-18T06:55:43.052+00:00,2026-09-18T06:55:43.211+00:00,False,4,3.0,,3.0,299862.705787,300021.605499,300021.60539000004,75005.40134750001,0.02525,299862.705787,149904.87461062524,254896.98666595,52.96657066666666,47.34454511236661,0.009999279868562664,25,64,,True,False,Request timeout: 300.0s exceeded,6,87.6246207195492
302,2026-09-18T06:50:43.549+00:00,2026-09-18T06:55:43.659+00:00,2026-09-18T06:55:43.659+00:00,False,1,0.0,,0.0,300109.794395,300109.794395,300109.794395,300109.794395,300109.794395,300109.794395,nan,300109.794395,nan,nan,0.0,25,64,,True,False,"HTTPConnectionPool(host='gpu03', port=9002): Read timed out.",0,87.6246207195492
303,2026-09-18T06:50:43.963+00:00,2026-09-18T06:55:44.050+00:00,2026-09-18T06:55:44.050+00:00,False,1,0.0,,0.0,300087.052757,300087.052757,300087.052757,300087.052757,300087.052757,300087.052757,nan,300087.052757,nan,nan,0.0,25,64,,True,False,TTFT timeout: 300.0s exceeded (TTFT: 300.074s),0,87.6246207195492
304,2026-09-18T06:50:44.246+00:00,2026-09-18T06:55:44.255+00:00,2026-09-18T06:55:44.255+00:00,False,1,0.0,,0.0,300008.94989700004,300008.94989700004,300008.94989700004,300008.94989700004,300008.94989700004,300008.94989700004,nan,300008.94989700004,nan,nan,0.0,25,64,,True,False,TTFT timeout: 300.0s exceeded (TTFT: 300.005s),0,87.6246207195492
305,2026-09-18T06:50:44.596+00:00,2026-09-18T06:55:44.423+00:00,2026-09-18T06:55:45.819+00:00,False,24,23.0,,23.0,299827.13023799995,301222.50150199997,301222.50158,12550.937565833332,0.02583,299827.13023799995,61189.57554613498,91.543201,60.66831582608695,18.715652308761396,0.07635551755036234,25,64,,True,False,Request timeout: 300.0s exceeded,81,87.6246207195492
306,2026-09-18T06:50:44.947+00:00,2026-09-18T06:55:45.120+00:00,2026-09-18T06:55:45.859+00:00,False,13,12.0,,12.0,300173.267221,300911.685909,300911.685895,23147.052761153845,0.03737,300173.267221,83236.02154051945,120123.6188344,61.53489066666666,23.8554869250818,0.03987881016900412,25,64,,True,False,Request timeout: 300.0s exceeded,72,87.6246207195492
307,2026-09-18T06:50:45.288+00:00,2026-09-18T06:55:45.627+00:00,2026-09-18T06:55:45.907+00:00,False,7,6.0,,6.0,300339.28527999995,300618.55670399993,300618.55654599995,42945.50807799999,0.110209,300339.28527999995,113499.98953201043,210257.72608719996,46.54523733333333,24.939507222946155,0.019958847736428392,25,64,,True,False,Request timeout: 300.0s exceeded,23,87.6246207195492
309,2026-09-18T06:50:46.114+00:00,2026-09-18T06:55:46.157+00:00,2026-09-18T06:55:46.157+00:00,False,1,0.0,,0.0,300043.17925499997,300043.17925499997,300043.17925499997,300043.17925499997,300043.17925499997,300043.17925499997,nan,300043.17925499997,nan,nan,0.0,25,64,,True,False,"HTTPConnectionPool(host='gpu03', port=9002): Read timed out.",0,87.6246207195492
310,2026-09-18T06:50:46.386+00:00,2026-09-18T06:55:46.713+00:00,2026-09-18T06:55:46.713+00:00,False,1,0.0,,0.0,300327.287725,300327.287725,300327.287725,300327.287725,300327.287725,300327.287725,nan,300327.287725,nan,nan,0.0,25,64,,True,False,"HTTPConnectionPool(host='gpu03', port=9002): Read timed out.",0,87.6246207195492
308,2026-09-18T06:50:45.697+00:00,2026-09-18T06:55:46.858+00:00,2026-09-18T06:55:46.858+00:00,False,1,0.0,,0.0,301160.650929,301160.650929,301160.650929,301160.650929,301160.650929,301160.650929,nan,301160.650929,nan,nan,0.0,25,64,,True,False,"HTTPConnectionPool(host='gpu03', port=9002): Read timed out.",0,87.6246207195492
311,2026-09-18T06:50:46.753+00:00,2026-09-18T06:55:46.861+00:00,2026-09-18T06:55:46.861+00:00,False,1,0.0,,0.0,300107.921107,300107.921107,300107.921107,300107.921107,300107.921107,300107.921107,nan,300107.921107,nan,nan,0.0,25,64,,True,False,"HTTPConnectionPool(host='gpu03', port=9002): Read timed out.",0,87.6246207195492
312,2026-09-18T06:50:47.110+00:00,2026-09-18T06:55:47.107+00:00,2026-09-18T06:55:47.292+00:00,False,3,2.0,,2.0,299997.559695,300181.636751,300181.636669,100060.54555633334,0.020949000000000002,299997.559695,173150.55785137208,270016.20932799997,92.038528,130.13244738735452,0.006662632736788612,25,64,,True,False,Request timeout: 300.0s exceeded,3,87.6246207195492
313,2026-09-18T06:50:47.392+00:00,2026-09-18T06:55:47.289+00:00,2026-09-18T06:55:47.408+00:00,False,4,3.0,,3.0,299896.168888,300015.89036,300015.89039300004,75003.97259825001,0.037639000000000006,299896.168888,149928.1335135284,254920.89771355,39.90715733333334,34.54837314331714,0.009999470349387796,25,64,,True,False,Request timeout: 300.0s exceeded,6,87.6246207195492
314,2026-09-18T06:50:47.682+00:00,2026-09-18T06:55:47.293+00:00,2026-09-18T06:55:47.733+00:00,False,10,9.0,,9.0,299610.28917799995,300050.83701799996,300050.83703099994,30005.083703099994,0.053770000000000005,299610.28917799995,94729.61523083263,164814.66196594996,48.94976,21.066290552861936,0.02999491715952151,25,64,,True,False,Request timeout: 300.0s exceeded,46,87.6246207195492
315,2026-09-18T06:50:48.066+00:00,2026-09-18T06:55:48.128+00:00,2026-09-18T06:55:48.128+00:00,False,1,0.0,,0.0,300062.628269,300062.628269,300062.628269,300062.628269,300062.628269,300062.628269,nan,300062.628269,nan,nan,0.0,25,64,,True,False,"HTTPConnectionPool(host='gpu03', port=9002): Read timed out.",0,87.6246207195492
316,2026-09-18T06:50:48.439+00:00,2026-09-18T06:55:48.551+00:00,2026-09-18T06:55:48.551+00:00,False,1,0.0,,0.0,300112.118176,300112.118176,300112.118176,300112.118176,300112.118176,300112.118176,nan,300112.118176,nan,nan,0.0,25,64,,True,False,"HTTPConnectionPool(host='gpu03', port=9002): Read timed out.",0,87.6246207195492
317,2026-09-18T06:50:48.706+00:00,2026-09-18T06:55:48.656+00:00,2026-09-18T06:55:48.745+00:00,False,3,2.0,,2.0,299950.28570300003,300038.915975,300038.915747,100012.97191566668,0.03598,299950.28570300003,173150.79856588738,269964.1165391,44.315136,62.62001889686077,0.006665801979389384,25,64,,True,False,Request timeout: 300.0s exceeded,10,87.6246207195492
318,2026-09-18T06:50:49.032+00:00,2026-09-18T06:55:48.888+00:00,2026-09-18T06:55:49.106+00:00,False,5,4.0,,4.0,299856.418132,300074.698068,300074.697922,60014.9395844,0.03867,299856.418132,134075.46650996018,239902.59576480006,54.569984,38.03324514846761,0.01333001424563146,25,64,,True,False,Request timeout: 300.0s exceeded,27,87.6246207195492
319,2026-09-18T06:50:49.474+00:00,2026-09-18T06:55:49.582+00:00,2026-09-18T06:55:49.582+00:00,False,1,0.0,,0.0,300108.138047,300108.138047,300108.138047,300108.138047,300108.138047,300108.138047,nan,300108.138047,nan,nan,0.0,25,64,,True,False,"HTTPConnectionPool(host='gpu03', port=9002): Read timed out.",0,87.6246207195492
320,2026-09-18T06:50:49.794+00:00,2026-09-18T06:55:49.902+00:00,2026-09-18T06:55:49.902+00:00,False,1,0.0,,0.0,300108.074029,300108.074029,300108.074029,300108.074029,300108.074029,300108.074029,nan,300108.074029,nan,nan,0.0,25,64,,True,False,"HTTPConnectionPool(host='gpu03', port=9002): Read timed out.",0,87.6246207195492
321,2026-09-18T06:50:50.255+00:00,2026-09-18T06:55:50.165+00:00,2026-09-18T06:55:50.311+00:00,False,4,3.0,,3.0,299909.81455,300055.64111,300055.641087,75013.91027175,0.027170000000000003,299909.81455,149930.6068060441,254934.7091347,48.608853333333336,42.17137903956935,0.009998145640262114,25,64,,True,False,Request timeout: 300.0s exceeded,13,87.6246207195492
322,2026-09-18T06:50:50.723+00:00,2026-09-18T06:55:50.516+00:00,2026-09-18T06:55:50.799+00:00,False,7,6.0,,6.0,299792.366338,300076.326914,300076.326925,42868.046703571425,0.06415000000000001,299792.366338,113292.97820119282,209874.12547629996,47.32676266666667,24.907747154946843,0.019994912833359104,25,64,,True,False,Request timeout: 300.0s exceeded,13,87.6246207195492
323,2026-09-18T06:50:51.123+00:00,2026-09-18T06:55:51.214+00:00,2026-09-18T06:55:51.214+00:00,False,1,0.0,,0.0,300090.778588,300090.778588,300090.778588,300090.778588,300090.778588,300090.778588,nan,300090.778588,nan,nan,0.0,25,64,,True,False,TTFT timeout: 300.0s exceeded (TTFT: 300.072s),0,87.6246207195492
324,2026-09-18T06:50:51.433+00:00,2026-09-18T06:55:51.396+00:00,2026-09-18T06:55:51.457+00:00,False,3,2.0,,2.0,299962.556251,300023.993691,300023.993846,100007.99794866666,0.0225,299962.556251,173165.7298130135,269972.44213539996,30.71872,43.4109710396085,0.006666133516174161,25,64,,True,False,Request timeout: 300.0s exceeded,4,87.6246207195492
325,2026-09-18T06:50:51.740+00:00,2026-09-18T06:55:51.680+00:00,2026-09-18T06:55:51.801+00:00,False,4,3.0,,3.0,299940.38454500004,300060.758305,300060.75830900006,75015.18957725001,0.04463,299940.38454500004,149950.13267767266,254958.81196790002,40.124586666666666,34.84578635983073,0.009997975133258235,25,64,,True,False,Request timeout: 300.0s exceeded,11,87.6246207195492
326,2026-09-18T06:50:52.126+00:00,2026-09-18T06:55:52.230+00:00,2026-09-18T06:55:52.230+00:00,False,1,0.0,,0.0,300103.989008,300103.989008,300103.989008,300103.989008,300103.989008,300103.989008,nan,300103.989008,nan,nan,0.0,25,64,,True,False,"HTTPConnectionPool(host='gpu03', port=9002): Read timed out.",0,87.6246207195492
327,2026-09-18T06:50:52.575+00:00,2026-09-18T06:55:52.624+00:00,2026-09-18T06:55:52.624+00:00,False,1,0.0,,0.0,300048.82034,300048.82034,300048.82034,300048.82034,300048.82034,300048.82034,nan,300048.82034,nan,nan,0.0,25,64,,True,False,TTFT timeout: 300.0s exceeded (TTFT: 300.044s),0,87.6246207195492
328,2026-09-18T06:50:52.940+00:00,2026-09-18T06:55:52.819+00:00,2026-09-18T06:55:52.963+00:00,False,5,4.0,,4.0,299878.74377999996,300023.29776399996,300023.29770899995,60004.65954179999,0.02557,299878.74377999996,134093.69196265476,239917.23878319998,36.138496,29.070591872627844,0.013332297957562026,25,64,,True,False,Request timeout: 300.0s exceeded,12,87.6246207195492
0,2026-09-18T06:48:53.159+00:00,2026-09-18T06:48:53.412+00:00,2026-09-18T06:48:57.130+00:00,True,66,66.0,,66.0,253.15519,3971.1253659999998,3971.125381,60.16856637878788,13.493075000000001,253.15519,27.12907178728165,74.00075199999999,57.19954116923077,12.513937807564528,16.619973915978356,26,64,,False,True,,311,87.6246207195492
1,2026-09-18T06:48:53.627+00:00,2026-09-18T06:48:53.768+00:00,2026-09-18T06:48:59.139+00:00,True,91,91.0,,91.0,140.589709,5512.493709,5512.493687,60.576853703296706,12.449367,140.589709,13.326151584323672,70.8192585,59.68782222222222,10.33676684789309,16.507955347219426,26,64,,False,True,,379,87.6246207195492
2,2026-09-18T06:48:53.975+00:00,2026-09-18T06:48:54.467+00:00,2026-09-18T06:48:57.754+00:00,True,56,56.0,,56.0,491.70002600000004,3779.4366019999998,3779.436517,67.48993780357144,34.834495000000004,491.70002600000004,58.29270181931506,71.24490775000001,59.777028654545454,8.239537668923537,14.81702324901176,26,64,,False,True,,294,87.6246207195492
3,2026-09-18T06:48:54.509+00:00,2026-09-18T06:48:57.511+00:00,2026-09-18T06:49:00.654+00:00,True,53,53.0,,53.0,3001.992552,6144.81444,6144.814422,115.93989475471699,7.755856,3001.992552,404.2377641080261,70.28925319999999,60.43888246153846,12.324114559600892,8.625158744419302,26,64,,False,True,,288,87.6246207195492
4,2026-09-18T06:48:54.929+00:00,2026-09-18T06:48:58.834+00:00,2026-09-18T06:49:00.655+00:00,True,31,31.0,,31.0,3904.939404,5725.437836,5725.438001,184.69154841935486,11.262109,3904.939404,690.5889503340594,90.05402750000002,60.68328106666667,14.151113463613056,5.414433077079347,26,64,,False,True,,116,87.6246207195492
5,2026-09-18T06:48:55.303+00:00,2026-09-18T06:49:00.031+00:00,2026-09-18T06:49:02.853+00:00,True,48,48.0,,48.0,4728.064524,7550.382604,7550.382570000001,157.299636875,0.0,4728.064524,673.919101504044,66.86934685,60.04932085106383,14.330656132687198,6.357293731654185,26,64,,False,True,,173,87.6246207195492
6,2026-09-18T06:48:55.859+00:00,2026-09-18T06:49:02.095+00:00,2026-09-18T06:49:04.846+00:00,True,48,48.0,,48.0,6236.302392,8987.770168,8987.770109,187.24521060416666,0.0,6236.302392,891.8101683657014,71.0594698,58.541867574468085,15.227269908128017,5.340590502736585,26,64,,False,True,,220,87.6246207195492
7,2026-09-18T06:48:56.224+00:00,2026-09-18T06:49:03.675+00:00,2026-09-18T06:49:04.598+00:00,True,17,17.0,,17.0,7450.720394999999,8373.821834999999,8373.82196,492.57776235294114,39.701746,7450.720394999999,1793.0903770030989,1543.6744517999998,57.69384,8.312243896598543,2.0301363385766376,26,64,,False,True,,70,87.6246207195492
8,2026-09-18T06:48:56.772+00:00,2026-09-18T06:49:05.551+00:00,2026-09-18T06:49:10.576+00:00,True,84,84.0,,84.0,8778.370458000001,13803.245210000001,13803.245271000002,164.32434846428572,0.0,8778.370458000001,951.8941712067793,67.5962025,60.5406596626506,36.74579938229115,6.085525448692655,26,64,,False,True,,399,87.6246207195492
9,2026-09-18T06:48:57.264+00:00,2026-09-18T06:49:07.481+00:00,2026-09-18T06:49:09.149+00:00,True,29,29.0,,29.0,10216.873394999999,11885.612978999998,11885.613033999998,409.8487253103448,0.0,10216.873394999999,1887.2218591321594,274.6470116,59.597842285714286,64.49968590608584,2.439924642611065,26,64,,False,True,,115,87.6246207195492
10,2026-09-18T06:48:57.844+00:00,2026-09-18T06:49:09.497+00:00,2026-09-18T06:49:13.061+00:00,True,60,60.0,,60.0,11652.819727,15217.141519,15217.141703,253.61902838333333,0.0,11652.819727,1496.7538082631909,68.5153483,60.41223376271187,23.439672598740493,3.9429218638128907,26,64,,False,True,,292,87.6246207195492
11,2026-09-18T06:48:58.357+00:00,2026-09-18T06:49:11.122+00:00,2026-09-18T06:49:13.541+00:00,True,41,41.0,,41.0,12765.171819,15184.375146999999,15184.375293,370.350616902439,43.067550000000004,12765.171819,1984.1485683422147,68.095303,60.4800832,6.074760686067438,2.7001440364242075,26,64,,False,True,,170,87.6246207195492
12,2026-09-18T06:48:58.836+00:00,2026-09-18T06:49:13.284+00:00,2026-09-18T06:49:18.747+00:00,True,92,92.0,,92.0,14448.348561,19910.713489,19910.713441,216.42079827173913,0.0,14448.348561,1500.4949268331761,69.23955265,60.025988219780224,35.208863138118346,4.620627987582007,26,64,,False,True,,411,87.6246207195492
13,2026-09-18T06:48:59.360+00:00,2026-09-18T06:49:15.090+00:00,2026-09-18T06:49:15.805+00:00,True,13,13.0,,13.0,15730.651918,16445.173006,16445.172841,1265.0132954615385,36.402432999999995,15730.651918,4346.39350976916,6333.205009,59.543424,9.751566853978549,0.7905055176529286,26,64,,False,True,,62,87.6246207195492
14,2026-09-18T06:48:59.832+00:00,2026-09-18T06:49:16.960+00:00,2026-09-18T06:49:20.756+00:00,True,64,64.0,,64.0,17127.716442,20923.446618,20923.446758000002,326.92885559375003,0.0,17127.716442,2133.7726479957473,71.74509099999999,60.24968533333334,38.356635529855,3.058769483271563,26,64,,False,True,,282,87.6246207195492
15,2026-09-18T06:49:00.224+00:00,2026-09-18T06:49:18.312+00:00,2026-09-18T06:49:21.665+00:00,True,55,55.0,,55.0,18087.805088,21441.389984,21441.389926,389.8434532,0.0,18087.805088,2431.3420282376424,164.3804916,62.103424,61.233039002409235,2.5651322064960396,26,64,,False,True,,232,87.6246207195492
16,2026-09-18T06:49:00.709+00:00,2026-09-18T06:49:20.251+00:00,2026-09-18T06:49:24.922+00:00,True,78,78.0,,78.0,19541.997465999997,24213.440665999995,24213.440734999996,310.4287273717948,0.0,19541.997465999997,2206.5626630278234,90.7874683,60.668093506493506,57.379344399494435,3.221351359186469,26,64,,False,True,,378,87.6246207195492
17,2026-09-18T06:49:01.196+00:00,2026-09-18T06:49:21.781+00:00,2026-09-18T06:49:26.218+00:00,True,74,74.0,,74.0,20584.883618,25022.03741,25022.037362,338.135640027027,0.0,20584.883618,2386.2016220712603,91.45019295,60.78292865753425,39.55537309815737,2.9573930686565943,26,64,,False,True,,287,87.6246207195492
18,2026-09-18T06:49:01.531+00:00,2026-09-18T06:49:23.236+00:00,2026-09-18T06:49:27.084+00:00,True,65,65.0,,65.0,21704.876217,25553.519545000003,25553.519705000002,393.1310723846154,0.0,21704.876217,2685.0325241013193,83.5111608,60.135052,42.60757251331589,2.543680915872835,26,64,,False,True,,232,87.6246207195492
19,2026-09-18T06:49:01.904+00:00,2026-09-18T06:49:24.510+00:00,2026-09-18T06:49:29.626+00:00,True,87,87.0,,87.0,22605.529373,27721.271325,27721.271197000002,318.63530111494254,0.0,22605.529373,2417.5382132848354,72.0242299,59.485371534883726,41.29273290373606,3.138384202514565,26,64,,False,True,,310,87.6246207195492
20,2026-09-18T06:49:02.271+00:00,2026-09-18T06:49:26.155+00:00,2026-09-18T06:49:27.859+00:00,True,29,29.0,,29.0,23884.420947000002,25588.524883000002,25588.525050000004,882.3629327586208,42.880991,23884.420947000002,4423.931912755984,83.2659254,60.86085485714286,8.495568276996913,1.133320507242934,26,64,,False,True,,121,87.6246207195492
21,2026-09-18T06:49:02.771+00:00,2026-09-18T06:49:27.855+00:00,2026-09-18T06:49:31.547+00:00,True,62,62.0,,62.0,25084.596657000002,28776.761521,28776.761666000002,464.1413171935484,0.0,25084.596657000002,3178.413160138392,69.20078500000001,60.52729285245901,47.77394128882661,2.154516238901836,26,64,,False,True,,278,87.6246207195492
22,2026-09-18T06:49:03.154+00:00,2026-09-18T06:49:29.757+00:00,2026-09-18T06:49:33.456+00:00,True,56,56.0,,56.0,26602.738076,30301.918364,30301.918402000003,541.10568575,15.083572,26602.738076,3546.3866532418624,76.53286824999999,67.25782341818181,55.988515568280334,1.8480678129781525,26,64,,False,True,,238,87.6246207195492
23,2026-09-18T06:49:03.616+00:00,2026-09-18T06:49:31.444+00:00,2026-09-18T06:49:33.463+00:00,True,33,33.0,,33.0,27827.839559,29846.972999,29846.973047,904.4537286969697,0.0,27827.839559,4833.817428185447,228.1726958,63.09792,77.1379649340859,1.1056397578778134,26,64,,False,True,,156,87.6246207195492
24,2026-09-18T06:49:03.957+00:00,2026-09-18T06:49:32.545+00:00,2026-09-18T06:49:33.490+00:00,True,16,16.0,,16.0,28588.110867,29532.652819,29532.652740999998,1845.7907963124999,0.0,28588.110867,7132.173662118641,7500.3110355,62.96946346666667,116.51356382332004,0.541773206019146,26,64,,False,True,,70,87.6246207195492
25,2026-09-18T06:49:04.365+00:00,2026-09-18T06:49:34.125+00:00,2026-09-18T06:49:34.659+00:00,True,10,10.0,,10.0,29760.878197000002,30294.317685,30294.317655000003,3029.4317655,36.653961,29760.878197000002,9392.476713200018,16399.3220497,59.271054222222226,9.006298367891464,0.33009490769786914,26,64,,False,True,,38,87.6246207195492
26,2026-09-18T06:49:04.949+00:00,2026-09-18T06:49:36.409+00:00,2026-09-18T06:49:40.197+00:00,True,63,63.0,,63.0,31460.748907,35247.862123,35247.862231,559.4898766825397,0.0,31460.748907,3956.4440498856657,92.35791890000002,61.08247122580645,60.68521111862357,1.7873424430723452,26,64,,False,True,,272,87.6246207195492
27,2026-09-18T06:49:05.529+00:00,2026-09-18T06:49:38.989+00:00,2026-09-18T06:49:40.805+00:00,True,39,39.0,,39.0,33459.809537,35276.680705,35276.680535,904.5302701282052,0.0,33459.809537,5350.2529446552,69.138617,47.81239915789474,23.796368446665316,1.1055461914383649,26,64,,False,True,,178,87.6246207195492
28,2026-09-18T06:49:05.855+00:00,2026-09-18T06:49:39.504+00:00,2026-09-18T06:49:41.682+00:00,True,38,38.0,,38.0,33648.927343,35827.059055000005,35827.058865000006,942.8173385526317,34.93137599999999,33648.927343,5449.036078480277,69.0028614,58.86842464864865,10.031381497025578,1.0606508321451726,26,64,,False,True,,121,87.6246207195492
29,2026-09-18T06:49:06.232+00:00,2026-09-18T06:49:41.194+00:00,2026-09-18T06:49:43.548+00:00,True,38,38.0,,38.0,34961.814626,37316.07869,37316.078593,982.0020682368421,35.203435,34961.814626,5661.259406906732,110.99029915,63.62875848648649,17.427799451030833,1.0183277915046114,26,64,,False,True,,134,87.6246207195492
30,2026-09-18T06:49:06.640+00:00,2026-09-18T06:49:42.887+00:00,2026-09-18T06:49:45.451+00:00,True,42,42.0,,42.0,36246.583441,38811.362705,38811.362839,924.0800675952381,0.0,36246.583441,5584.0142038469085,109.6650646,62.55559180487805,89.35242409914639,1.0821573135485194,26,64,,False,True,,225,87.6246207195492
31,2026-09-18T06:49:06.998+00:00,2026-09-18T06:49:44.042+00:00,2026-09-18T06:49:50.076+00:00,True,98,98.0,,98.0,37043.914775,43078.016534999995,43078.016594,439.5715978979592,0.0,37043.914775,3736.6286627172676,92.0860894,62.20723463917526,82.98347025566801,2.2749422532111483,26,64,,False,True,,435,87.6246207195492
32,2026-09-18T06:49:07.387+00:00,2026-09-18T06:49:45.457+00:00,2026-09-18T06:49:50.287+00:00,True,78,78.0,,78.0,38070.294116,42900.470371999996,42900.470495999994,550.006032,0.01586,38070.294116,4304.064921531982,92.18357435,62.729561766233765,69.61284736853443,1.8181618831598765,26,64,,False,True,,303,87.6246207195492
33,2026-09-18T06:49:07.907+00:00,2026-09-18T06:49:47.008+00:00,2026-09-18T06:49:50.962+00:00,True,64,64.0,,64.0,39101.075112000006,43054.747304000004,43054.747459000006,672.7304290468751,0.01661,39101.075112000006,4880.324377121614,91.28107130000001,62.756701460317466,72.81262965285384,1.4864795175340415,26,64,,False,True,,254,87.6246207195492
34,2026-09-18T06:49:08.266+00:00,2026-09-18T06:49:49.193+00:00,2026-09-18T06:49:52.947+00:00,True,62,62.0,,62.0,40927.088428,44680.338220000005,44680.338405,720.6506194354839,0.0,40927.088428,5190.551097470215,87.5412789,61.5286851147541,80.87812991465628,1.3876349748007792,26,64,,False,True,,314,87.6246207195492
35,2026-09-18T06:49:08.599+00:00,2026-09-18T06:49:50.355+00:00,2026-09-18T06:49:56.014+00:00,True,92,92.0,,92.0,41756.570873000004,47415.168249,47415.168084000004,515.3822617826088,0.0,41756.570873000004,4347.438328152959,84.13060169999999,62.182388747252745,66.15485418042579,1.940307361493762,26,64,,False,True,,402,87.6246207195492
36,2026-09-18T06:49:08.995+00:00,2026-09-18T06:49:52.465+00:00,2026-09-18T06:49:52.883+00:00,True,14,14.0,,14.0,43470.042637,43887.737613,43887.737676,3134.838405428571,0.0,43470.042637,11609.308564304147,15257.855153,32.13038276923077,30.993907786480936,0.3189957095408139,26,64,,False,True,,48,87.6246207195492
37,2026-09-18T06:49:09.317+00:00,2026-09-18T06:49:53.260+00:00,2026-09-18T06:49:55.747+00:00,True,39,39.0,,39.0,43943.590518,46429.874293999994,46429.874181,1190.5095943846154,37.011300999999996,43943.590518,7026.138058699327,94.5261625,65.42852042105264,11.387483433441398,0.8399764288192325,26,64,,False,True,,185,87.6246207195492
38,2026-09-18T06:49:09.763+00:00,2026-09-18T06:49:55.157+00:00,2026-09-18T06:49:57.746+00:00,True,44,44.0,,44.0,45393.42826,47982.843172,47982.843123,1090.5191618863637,35.133265,45393.42826,6834.253154011305,94.15863669999999,60.21895144186047,14.346294968231659,0.916994431577907,26,64,,False,True,,188,87.6246207195492
39,2026-09-18T06:49:10.107+00:00,2026-09-18T06:49:56.697+00:00,2026-09-18T06:50:00.838+00:00,True,67,67.0,,67.0,46589.844567,50730.977623,50730.977787,757.1787729402985,0.0,46589.844567,5684.915450272981,93.7599742,62.74444024242424,91.51478305603356,1.3206920729559148,26,64,,False,True,,281,87.6246207195492
40,2026-09-18T06:49:10.578+00:00,2026-09-18T06:49:58.690+00:00,2026-09-18T06:50:03.454+00:00,True,78,78.0,,78.0,48111.848075999995,52875.91054,52875.910426999995,677.896287525641,0.0,48111.848075999995,5442.5846705103095,96.0059706,61.87094109090909,148.35719486643413,1.475151901942075,26,64,,False,True,,399,87.6246207195492
41,2026-09-18T06:49:10.989+00:00,2026-09-18T06:50:00.781+00:00,2026-09-18T06:50:05.063+00:00,True,79,79.0,,79.0,49792.359060999996,54074.00872499999,54074.00868299999,684.4811225696202,0.0,49792.359060999996,5597.268644822793,72.7253307,54.892944410256405,124.47577845335492,1.4609606696955684,26,64,,False,True,,358,87.6246207195492
42,2026-09-18T06:49:11.384+00:00,2026-09-18T06:50:02.646+00:00,2026-09-18T06:50:06.577+00:00,True,71,71.0,,71.0,51262.831274,55193.260202,55193.260203,777.3698620140844,0.01616,51262.831274,6077.159350212779,95.427074,56.14898468571428,23.35020483229461,1.2863889493055753,26,64,,False,True,,356,87.6246207195492
43,2026-09-18T06:49:11.910+00:00,2026-09-18T06:50:04.594+00:00,2026-09-18T06:50:07.294+00:00,True,42,42.0,,42.0,52683.41508,55384.16004,55384.159868,1318.670473047619,35.631564,52683.41508,8119.077923418224,101.74800080000001,65.87182829268292,15.659025214000733,0.7583395680220918,26,64,,False,True,,187,87.6246207195492
44,2026-09-18T06:49:12.385+00:00,2026-09-18T06:50:06.323+00:00,2026-09-18T06:50:07.564+00:00,True,21,21.0,,21.0,53938.63233,55179.463562,55179.463621,2627.593505761905,36.152792999999996,53938.63233,11756.846032511095,103.19165,62.0415616,15.78168639728624,0.38057637106972353,26,64,,False,True,,98,87.6246207195492
45,2026-09-18T06:49:12.938+00:00,2026-09-18T06:50:08.467+00:00,2026-09-18T06:50:11.201+00:00,True,44,44.0,,44.0,55529.056435000006,58262.586547000006,58262.586392000005,1324.1496907272729,0.0,55529.056435000006,8362.623331061484,92.2810938,63.57046772093023,123.21791203905528,0.7552016243649863,26,64,,False,True,,202,87.6246207195492
46,2026-09-18T06:49:13.373+00:00,2026-09-18T06:50:09.945+00:00,2026-09-18T06:50:15.820+00:00,True,97,97.0,,97.0,56572.530935,62447.293431000006,62447.293628,643.7865322474227,33.078909,56572.530935,5737.868285161882,85.74695439999999,61.195442666666665,11.551930261350812,1.5533099141787206,26,64,,False,True,,400,87.6246207195492
47,2026-09-18T06:49:13.901+00:00,2026-09-18T06:50:11.863+00:00,2026-09-18T06:50:17.255+00:00,True,77,77.0,,77.0,57961.731089,63354.003729000004,63354.003782,822.7792698961039,0.03202,57961.731089,6597.9751944597,80.5534612,70.95095578947368,97.33311762441365,1.2153928002620236,26,64,,False,True,,281,87.6246207195492
48,2026-09-18T06:49:14.388+00:00,2026-09-18T06:50:13.699+00:00,2026-09-18T06:50:20.207+00:00,True,98,98.0,,98.0,59310.920547,65819.254371,65819.254231,671.6250431734694,0.0,59310.920547,5985.830125215661,93.55866325000001,67.09622498969073,125.40022016392408,1.488926013163389,26,64,,False,True,,405,87.6246207195492
49,2026-09-18T06:49:14.901+00:00,2026-09-18T06:50:15.923+00:00,2026-09-18T06:50:18.269+00:00,True,38,38.0,,38.0,61021.471068000006,63367.589724000005,63367.589660000005,1667.5681489473686,0.0155,61021.471068000006,9889.641880719822,218.48395304999997,63.408612324324324,138.11132213013136,0.5996756412151776,26,64,,False,True,,123,87.6246207195492
50,2026-09-18T06:49:15.258+00:00,2026-09-18T06:50:17.328+00:00,2026-09-18T06:50:23.484+00:00,True,98,98.0,,98.0,62070.798508,68226.466988,68226.467102,696.1884398163265,0.0,62070.798508,6264.389342582817,92.42316650000001,63.460499793814435,94.28849040837649,1.4363927127757725,26,64,,False,True,,503,87.6246207195492
51,2026-09-18T06:49:15.584+00:00,2026-09-18T06:50:18.660+00:00,2026-09-18T06:50:23.419+00:00,True,76,76.0,,76.0,63075.953098,67834.753482,67834.753439,892.56254525,0.0,63075.953098,7228.77976904286,92.98503575000001,63.45067178666667,104.83081678456053,1.1203696644989896,26,64,,False,True,,368,87.6246207195492
52,2026-09-18T06:49:15.931+00:00,2026-09-18T06:50:20.205+00:00,2026-09-18T06:50:21.392+00:00,True,24,24.0,,24.0,64273.832711999996,65461.325064,65461.325041,2727.5552100416667,0.0,64273.832711999996,13109.328021702631,86.54192455,51.63010226086956,26.597585077841575,0.36662869223218086,26,64,,False,True,,87,87.6246207195492
53,2026-09-18T06:49:16.258+00:00,2026-09-18T06:50:21.107+00:00,2026-09-18T06:50:24.634+00:00,True,56,56.0,,56.0,64848.467517,68375.214141,68375.214011,1220.985964482143,41.810393,64848.467517,8657.179845101937,93.76424500000002,64.12266589090909,11.587676460808458,0.8190102320487005,26,64,,False,True,,247,87.6246207195492
54,2026-09-18T06:49:16.708+00:00,2026-09-18T06:50:22.715+00:00,2026-09-18T06:50:25.584+00:00,True,47,47.0,,47.0,66007.49999499999,68876.28975499999,68876.28987299999,1465.4529760212763,35.488974,66007.49999499999,9619.093154282224,88.7599493,62.3649947826087,11.391457269556335,0.6823828659642355,26,64,,False,True,,178,87.6246207195492
55,2026-09-18T06:49:17.049+00:00,2026-09-18T06:50:24.289+00:00,2026-09-18T06:50:25.030+00:00,True,13,13.0,,13.0,67240.246595,67981.240643,67981.240848,5229.326219076924,44.117029,67240.246595,18631.964700757173,26939.3756222,61.749504,8.894811066596443,0.19122922554868974,26,64,,False,True,,52,87.6246207195492
56,2026-09-18T06:49:17.594+00:00,2026-09-18T06:50:26.177+00:00,2026-09-18T06:50:26.361+00:00,True,4,4.0,,4.0,68583.156986,68766.415354,68766.415418,17191.6038545,56.955455,68583.156986,34261.03568944312,58305.733115150004,61.08612266666666,5.252714553294262,0.058167929495940025,26,64,,False,True,,9,87.6246207195492
57,2026-09-18T06:49:18.155+00:00,2026-09-18T06:50:28.356+00:00,2026-09-18T06:50:30.737+00:00,True,40,40.0,,40.0,70200.707479,72581.95599100001,72581.95583600001,1814.5488959000002,36.345182,70200.707479,11090.056830332134,80.0062537,61.05765415384615,10.05685753497276,0.5511011580475994,26,64,,False,True,,232,87.6246207195492
58,2026-09-18T06:49:18.511+00:00,2026-09-18T06:50:29.585+00:00,2026-09-18T06:50:35.181+00:00,True,91,91.0,,91.0,71074.57418099999,76670.12515699999,76670.125158,842.5288478901098,0.0,71074.57418099999,7445.601875793068,95.2366095,62.17278862222222,149.25517744509185,1.1869029796632815,26,64,,False,True,,204,87.6246207195492
59,2026-09-18T06:49:18.911+00:00,2026-09-18T06:50:32.240+00:00,2026-09-18T06:50:36.889+00:00,True,93,93.0,,93.0,73328.636008,77977.361,77977.361112,838.4662485161291,0.0,73328.636008,7599.292821165511,80.0296364,50.52961947826087,104.23745073466705,1.192653852443147,26,64,,False,True,,315,87.6246207195492
60,2026-09-18T06:49:19.226+00:00,2026-09-18T06:50:32.413+00:00,2026-09-18T06:50:33.772+00:00,True,24,24.0,,24.0,73187.01586399999,74545.60069599998,74545.60076799999,3106.066698666666,33.664097999999996,73187.01586399999,14927.184766118027,92.68777615,59.068905739130436,12.618242731656263,0.32195058831000617,26,64,,False,True,,102,87.6246207195492
61,2026-09-18T06:49:19.714+00:00,2026-09-18T06:50:34.761+00:00,2026-09-18T06:50:39.306+00:00,True,83,83.0,,83.0,75046.76073000001,79591.34185000001,79591.34194600002,958.9318306746989,0.016050000000000002,75046.76073000001,8231.399770539905,87.46316829999999,55.42172097560976,22.707377849862073,1.0428269968914965,26,64,,False,True,,370,87.6246207195492
62,2026-09-18T06:49:20.053+00:00,2026-09-18T06:50:35.364+00:00,2026-09-18T06:50:38.321+00:00,True,50,50.0,,50.0,75310.98360699999,78268.58770299998,78268.58780099999,1565.3717560199998,34.662686,75310.98360699999,10642.052010933226,83.6079392,60.35926726530612,12.02877566156666,0.6388258874649854,26,64,,False,True,,261,87.6246207195492
63,2026-09-18T06:49:20.611+00:00,2026-09-18T06:50:37.798+00:00,2026-09-18T06:50:42.696+00:00,True,77,77.0,,77.0,77187.454003,82085.20529900001,82085.205208,1066.041626077922,35.672284,77187.454003,8788.992192960948,97.4101596,64.444096,13.025823591583613,0.9380496731356539,26,64,,False,True,,290,87.6246207195492
64,2026-09-18T06:49:21.146+00:00,2026-09-18T06:50:39.625+00:00,2026-09-18T06:50:39.625+00:00,True,1,1.0,,1.0,78478.78453599999,78478.78453599999,78478.78453599999,78478.78453599999,78478.78453599999,78478.78453599999,nan,78478.78453599999,nan,nan,0.012742297245203605,26,64,,False,True,,4,87.6246207195492
65,2026-09-18T06:49:21.571+00:00,2026-09-18T06:50:40.356+00:00,2026-09-18T06:50:46.236+00:00,True,93,93.0,,93.0,78784.731333,84664.84397300001,84664.843771,910.3746642043011,0.0,78784.731333,8163.8495441173945,96.8800792,63.914267826086956,120.59545490503146,1.0984488441230473,26,64,,False,True,,417,87.6246207195492
66,2026-09-18T06:49:21.932+00:00,2026-09-18T06:50:42.633+00:00,2026-09-18T06:50:48.632+00:00,True,98,98.0,,98.0,80700.90177,86699.60128999999,86699.601338,884.6898095714286,0.0,80700.90177,8146.622772531535,94.35184154999999,61.842263092783504,118.12802016284958,1.130339684864311,26,64,,False,True,,363,87.6246207195492
67,2026-09-18T06:49:22.309+00:00,2026-09-18T06:50:44.098+00:00,2026-09-18T06:50:45.780+00:00,True,19,19.0,,19.0,81788.76973999999,83471.142604,83471.14268599999,4393.218036105262,0.0,81788.76973999999,18744.173923387174,9269.624753299999,93.4651591111111,280.73849674642935,0.22762357633151062,26,64,,False,True,,76,87.6246207195492
68,2026-09-18T06:49:22.886+00:00,2026-09-18T06:50:46.114+00:00,2026-09-18T06:50:48.179+00:00,True,36,36.0,,36.0,83228.299439,85292.96478299999,85292.964958,2369.249026611111,37.60765,83228.299439,13861.55468975315,71.8949945,58.990438399999995,9.542097926368983,0.4220746704208279,26,64,,False,True,,171,87.6246207195492
69,2026-09-18T06:49:23.408+00:00,2026-09-18T06:50:48.175+00:00,2026-09-18T06:50:51.523+00:00,True,55,55.0,,55.0,84766.428377,88114.836441,88114.83624,1602.0879316363637,38.703158,84766.428377,11421.546725543247,90.7774197,62.00755674074074,10.73519988856066,0.6241854632145512,26,64,,False,True,,136,87.6246207195492
70,2026-09-18T06:49:23.948+00:00,2026-09-18T06:50:50.030+00:00,2026-09-18T06:50:52.145+00:00,True,36,36.0,,36.0,86082.19268600001,88197.43671800001,88197.43677200002,2449.9287992222226,35.188755,86082.19268600001,14336.962996481174,75.00359075,60.43554377142857,10.124933507478048,0.4081751277546238,26,64,,False,True,,188,87.6246207195492
71,2026-09-18T06:49:24.528+00:00,2026-09-18T06:50:52.330+00:00,2026-09-18T06:50:53.700+00:00,True,23,23.0,,23.0,87802.25984700001,89171.91795900001,89171.917962,3877.039911391305,42.824331,87802.25984700001,18295.057472058284,91.33355069999999,62.257186909090905,9.241575813623061,0.25792873503713437,26,64,,False,True,,91,87.6246207195492
72,2026-09-18T06:49:25.091+00:00,2026-09-18T06:50:54.167+00:00,2026-09-18T06:51:00.164+00:00,True,97,97.0,,97.0,89075.969735,95072.591815,95072.59161700001,980.1298104845362,34.89821499999999,89075.969735,9037.958214846456,90.66532879999998,62.46481333333334,10.579855799359887,1.020273016104899,26,64,,False,True,,456,87.6246207195492
73,2026-09-18T06:49:25.479+00:00,2026-09-18T06:50:55.808+00:00,2026-09-18T06:51:01.282+00:00,True,89,89.0,,89.0,90329.466878,95803.25094200001,95803.250748,1076.4410196404494,37.532970999999996,90329.466878,9568.314359032189,70.73465340000001,62.20209163636363,8.145853929995223,0.928987264261849,26,64,,False,True,,460,87.6246207195492
74,2026-09-18T06:49:25.821+00:00,2026-09-18T06:50:57.005+00:00,2026-09-18T06:50:57.259+00:00,True,5,5.0,,5.0,91183.941629,91437.45817299999,91437.45816,18287.491631999997,39.847947,91183.941629,40750.35882208647,72965.6905828,63.379136,21.97578061342841,0.05468218495903487,26,64,,False,True,,24,87.6246207195492
75,2026-09-18T06:49:26.382+00:00,2026-09-18T06:50:58.940+00:00,2026-09-18T06:50:59.480+00:00,True,10,10.0,,10.0,92558.18356,93098.300808,93098.30073,9309.830073000001,35.683214,92558.18356,29250.494298692327,50948.570981050005,60.01302755555555,17.147734177802086,0.10741334603542724,26,64,,True,True,,41,87.6246207195492
76,2026-09-18T06:49:26.734+00:00,2026-09-18T06:51:00.226+00:00,2026-09-18T06:51:01.526+00:00,True,22,22.0,,22.0,93492.40730400001,94792.94285600001,94792.94283700001,4308.770128954546,37.36303,93492.40730400001,19919.447210376213,95.50316365,61.93026438095238,10.380356576087502,0.23208478750807648,26,64,,True,True,,81,87.6246207195492
77,2026-09-18T06:49:27.081+00:00,2026-09-18T06:51:01.648+00:00,2026-09-18T06:51:04.599+00:00,True,48,48.0,,48.0,94566.708318,97517.435486,97517.435627,2031.6132422291669,37.537731,94566.708318,13640.468431734838,69.2598149,62.78142910638298,6.519773636190524,0.49221967088019947,26,64,,True,True,,223,87.6246207195492
78,2026-09-18T06:49:27.522+00:00,2026-09-18T06:51:03.357+00:00,2026-09-18T06:51:09.479+00:00,True,100,100.0,,100.0,95834.862074,101956.350714,101956.350775,1019.5635077500001,35.248705,95834.862074,9577.309248182444,92.50745275000001,61.83321858585858,11.095873351342483,0.9808118797867943,26,64,,True,True,,519,87.6246207195492
79,2026-09-18T06:49:27.865+00:00,2026-09-18T06:51:04.717+00:00,2026-09-18T06:51:05.351+00:00,True,12,12.0,,12.0,96852.44933300001,97486.209333,97486.20933000001,8123.850777500001,41.098974000000005,96852.44933300001,27942.262929067587,43620.37489515001,57.61454545454545,7.716445565571189,0.12309433387659567,26,64,,True,True,,65,87.6246207195492
80,2026-09-18T06:49:28.330+00:00,2026-09-18T06:51:06.570+00:00,2026-09-18T06:51:09.282+00:00,True,44,44.0,,44.0,98240.003499,100951.496875,100951.497021,2294.352205022727,37.095631999999995,98240.003499,14800.737705160978,94.40166009999999,63.0579854883721,13.797388536205055,0.435852873528776,26,64,,True,True,,225,87.6246207195492
81,2026-09-18T06:49:28.692+00:00,2026-09-18T06:51:07.936+00:00,2026-09-18T06:51:12.799+00:00,True,79,79.0,,79.0,99243.854794,104106.474698,104106.474645,1317.8034765189873,38.194719,99243.854794,11158.7986972272,93.726043,62.34128082051282,12.226438177616435,0.7588384894327583,26,64,,True,True,,369,87.6246207195492
82,2026-09-18T06:49:29.244+00:00,2026-09-18T06:51:09.986+00:00,2026-09-18T06:51:14.580+00:00,True,74,74.0,,74.0,100741.921766,105335.999206,105335.999304,1423.459450054054,36.242193,100741.921766,11703.698390638841,82.92635555000001,62.93256767123288,9.275727392991087,0.702513865703995,26,64,,True,True,,317,87.6246207195492
83,2026-09-18T06:49:29.779+00:00,2026-09-18T06:51:12.255+00:00,2026-09-18T06:51:17.048+00:00,True,77,77.0,,77.0,102475.541501,107269.128957,107269.12902,1393.1055716883118,37.616461,102475.541501,11670.986320847926,73.65465760000001,63.07351915789474,7.586170677412048,0.7178206884747456,26,64,,True,True,,353,87.6246207195492
84,2026-09-18T06:49:30.334+00:00,2026-09-18T06:51:14.144+00:00,2026-09-18T06:51:20.400+00:00,True,98,98.0,,98.0,103809.698617,110065.518649,110065.518599,1123.1175367244898,39.153948,103809.698617,10479.852842699795,91.89470320000001,64.49299002061856,9.75977040777586,0.8903787598777682,26,64,,True,True,,476,87.6246207195492
85,2026-09-18T06:49:30.754+00:00,2026-09-18T06:51:15.641+00:00,2026-09-18T06:51:16.487+00:00,True,14,14.0,,14.0,104886.188537,105732.38527299999,105732.385291,7552.313235071429,55.086788,104886.188537,28014.618232795467,36773.645871299996,65.09205661538462,10.479309031187103,0.13240976228666493,26,64,,True,True,,57,87.6246207195492
86,2026-09-18T06:49:31.282+00:00,2026-09-18T06:51:17.937+00:00,2026-09-18T06:51:18.868+00:00,True,15,15.0,,15.0,106654.75023899999,107585.42671899998,107585.42650599999,7172.361767066665,43.38811,106654.75023899999,27520.976878557358,32064.318954399998,66.47689142857142,13.415491010424065,0.13942408797780922,26,64,,True,True,,58,87.6246207195492
87,2026-09-18T06:49:31.777+00:00,2026-09-18T06:51:19.418+00:00,2026-09-18T06:51:24.021+00:00,True,74,74.0,,74.0,107640.940216,112244.154808,112244.154949,1516.8129047162163,36.673692,107640.940216,12505.680384876614,95.76583499999998,63.0577341369863,11.880019376532085,0.6592770922154584,26,64,,True,True,,317,87.6246207195492
88,2026-09-18T06:49:32.305+00:00,2026-09-18T06:51:21.744+00:00,2026-09-18T06:51:24.209+00:00,True,39,39.0,,39.0,109438.908703,111904.169759,111904.169692,2869.3376844102563,35.559784,109438.908703,17513.86695738736,99.24130489999999,64.87529094736843,13.293919781599477,0.34851248245701216,26,64,,True,True,,199,87.6246207195492
89,2026-09-18T06:49:32.702+00:00,2026-09-18T06:51:23.381+00:00,2026-09-18T06:51:28.506+00:00,True,81,81.0,,81.0,110679.564392,115803.877224,115803.877139,1429.67749554321,38.685258000000005,110679.564392,12290.617493443433,92.3857,64.05391039999999,11.396393480122972,0.6994584459665484,26,64,,True,True,,145,87.6246207195492
90,2026-09-18T06:49:33.263+00:00,2026-09-18T06:51:25.529+00:00,2026-09-18T06:51:29.961+00:00,True,72,72.0,,72.0,112265.77404,116698.391,116698.39090700001,1620.8109848194445,38.328819,112265.77404,13223.296332033759,95.28616165,62.43122478873239,12.222458039521474,0.6169750875142743,26,64,,True,True,,336,87.6246207195492
91,2026-09-18T06:49:33.761+00:00,2026-09-18T06:51:27.666+00:00,2026-09-18T06:51:30.407+00:00,True,45,45.0,,45.0,113905.15668,116646.11796,116646.117948,2592.1359544,35.983523999999996,113905.15668,16970.69681437036,91.2358992,62.294574545454545,13.071411703982228,0.385782234222585,26,64,,True,True,,210,87.6246207195492
92,2026-09-18T06:49:34.258+00:00,2026-09-18T06:51:29.836+00:00,2026-09-18T06:51:32.327+00:00,True,41,41.0,,41.0,115577.36544,118068.64684799999,118068.64690899999,2879.7230953414632,40.844845,115577.36544,18040.427826152605,89.734834,62.2820352,9.988748283062115,0.34725561014333345,26,64,,True,True,,214,87.6246207195492
93,2026-09-18T06:49:35.168+00:00,2026-09-18T06:51:32.270+00:00,2026-09-18T06:51:37.362+00:00,True,82,82.0,,82.0,117101.119844,122193.101412,122193.10138000001,1490.1597729268292,34.288996,117101.119844,12924.719740677681,93.27362105,62.86396997530864,13.078461185834213,0.6710689805926079,26,64,,True,True,,337,87.6246207195492
94,2026-09-18T06:49:35.264+00:00,2026-09-18T06:51:33.820+00:00,2026-09-18T06:51:37.771+00:00,True,65,65.0,,65.0,118555.98217100001,122507.015259,122507.01535900001,1884.7233132153847,36.181563000000004,118555.98217100001,14697.406829653904,89.79553160000002,61.734892,11.355581430767387,0.5305818598435306,26,64,,True,True,,309,87.6246207195492
95,2026-09-18T06:49:35.746+00:00,2026-09-18T06:51:36.090+00:00,2026-09-18T06:51:40.206+00:00,True,67,67.0,,67.0,120344.33909800001,124460.01321,124460.01331200001,1857.6121389850748,34.511726,120344.33909800001,14694.786090659003,90.3170793,62.35869866666666,10.04223571382125,0.5383255093099792,26,64,,True,True,,277,87.6246207195492
96,2026-09-18T06:49:36.138+00:00,2026-09-18T06:51:37.486+00:00,2026-09-18T06:51:40.679+00:00,True,52,52.0,,52.0,121348.523308,124541.04017200001,124541.04019,2395.0200036538463,39.259867,121348.523308,16819.334864965607,91.17343799999999,62.59836988235294,10.599457970293187,0.4175330471640859,26,64,,True,True,,218,87.6246207195492
97,2026-09-18T06:49:36.575+00:00,2026-09-18T06:51:39.534+00:00,2026-09-18T06:51:43.943+00:00,True,73,73.0,,73.0,122958.871195,127367.647131,127367.647166,1744.7622899452056,36.640082,122958.871195,14384.083155507713,71.43683800000001,61.23299911111111,8.698197250654262,0.5731439784305519,26,64,,True,True,,276,87.6246207195492
98,2026-09-18T06:49:37.107+00:00,2026-09-18T06:51:41.511+00:00,2026-09-18T06:51:42.881+00:00,True,23,23.0,,23.0,124404.27037700001,125773.619753,125773.61971300001,5468.418248391305,35.620042999999995,124404.27037700001,25927.10837405176,96.68262279999999,62.24315345454545,13.639288434450743,0.18286823616246756,26,64,,True,True,,69,87.6246207195492
99,2026-09-18T06:49:37.546+00:00,2026-09-18T06:51:43.386+00:00,2026-09-18T06:51:46.101+00:00,True,46,46.0,,46.0,125840.477417,128554.735849,128554.735914,2794.668172043478,37.52647,125840.477417,18545.27429319073,67.46960275,60.31685404444444,7.220828202024002,0.3578242349160241,26,64,,True,True,,148,87.6246207195492
100,2026-09-18T06:49:38.027+00:00,2026-09-18T06:51:44.984+00:00,2026-09-18T06:51:49.002+00:00,True,68,68.0,,68.0,126957.153551,130974.592271,130974.59226399999,1926.0969450588234,34.006317,126957.153551,15388.548006896479,69.34865405,59.961771940298505,9.912864248057751,0.5191846664374489,26,64,,True,True,,252,87.6246207195492
101,2026-09-18T06:49:38.357+00:00,2026-09-18T06:51:45.993+00:00,2026-09-18T06:51:48.407+00:00,True,41,41.0,,41.0,127635.915461,130049.819077,130049.819072,3171.9468066341465,38.979207,127635.915461,19923.959244652102,73.465383,60.3475904,10.858938006380713,0.3152637988348503,26,64,,True,True,,202,87.6246207195492
102,2026-09-18T06:49:38.721+00:00,2026-09-18T06:51:47.730+00:00,2026-09-18T06:51:52.689+00:00,True,81,81.0,,81.0,129008.926724,133968.5225,133968.522439,1653.9323757901236,34.669525,129008.926724,14327.440387210292,79.08738199999999,61.994947200000006,10.11086748399115,0.604619641154884,26,64,,True,True,,368,87.6246207195492
103,2026-09-18T06:49:39.269+00:00,2026-09-18T06:51:49.317+00:00,2026-09-18T06:51:55.427+00:00,True,99,99.0,,99.0,130047.80254799999,136157.78706,136157.787059,1375.3311824141413,36.609182000000004,130047.80254799999,13064.034126636032,87.230552,62.34678073469388,10.627580800483162,0.7270975985851925,26,64,,True,True,,292,87.6246207195492
104,2026-09-18T06:49:39.758+00:00,2026-09-18T06:51:50.984+00:00,2026-09-18T06:51:53.675+00:00,True,43,43.0,,43.0,131225.867922,133917.093778,133917.093876,3114.351020372093,40.863574,131225.867922,20001.988521141124,90.7534161,64.0768060952381,10.890241265144326,0.3210941843711372,26,64,,True,True,,181,87.6246207195492
105,2026-09-18T06:49:40.095+00:00,2026-09-18T06:51:52.314+00:00,2026-09-18T06:51:56.910+00:00,True,76,76.0,,76.0,132218.553435,136814.76719500002,136814.767228,1800.194305631579,36.890741,132218.553435,15159.482093340299,77.72307049999999,61.28285013333333,10.347831023868295,0.5554955912886095,26,64,,True,True,,304,87.6246207195492
106,2026-09-18T06:49:40.638+00:00,2026-09-18T06:51:54.528+00:00,2026-09-18T06:51:59.046+00:00,True,77,77.0,,77.0,133890.357929,138408.084905,138408.08488799998,1797.5075959480519,36.483162,133890.357929,15251.452002456997,71.89548260000001,59.443776,10.947610197176276,0.5563258826451573,26,64,,True,True,,364,87.6246207195492
107,2026-09-18T06:49:41.192+00:00,2026-09-18T06:51:56.545+00:00,2026-09-18T06:52:02.359+00:00,True,97,97.0,,97.0,135353.212361,141166.98413700002,141166.98406400002,1455.3297326185568,34.760115,135353.212361,13736.891638999288,70.6135582,60.560122666666665,10.638856713893981,0.6871295054788679,26,64,,True,True,,287,87.6246207195492
108,2026-09-18T06:49:41.606+00:00,2026-09-18T06:51:58.310+00:00,2026-09-18T06:52:03.706+00:00,True,88,88.0,,88.0,136703.458756,142099.308228,142099.308389,1614.7648680568182,33.222778,136703.458756,14566.030175382886,89.93244695000001,62.021258298850576,10.852501965218435,0.6192852104445362,26,64,,True,True,,424,87.6246207195492
109,2026-09-18T06:49:42.013+00:00,2026-09-18T06:51:59.794+00:00,2026-09-18T06:52:03.354+00:00,True,58,58.0,,58.0,137781.10102,141341.075164,141341.074985,2436.915085948276,35.087154000000005,137781.10102,18083.347817738406,94.0404015,62.455686736842104,11.76552274067435,0.4103548804386962,26,64,,True,True,,255,87.6246207195492
110,2026-09-18T06:49:42.488+00:00,2026-09-18T06:52:01.348+00:00,2026-09-18T06:52:06.074+00:00,True,77,77.0,,77.0,138859.94741999998,143585.97980399997,143585.97960199998,1864.7529818441556,38.038389,138859.94741999998,15817.476762660213,91.2896098,62.18463663157895,10.897107609405616,0.5362640565959697,26,64,,True,True,,259,87.6246207195492
111,2026-09-18T06:49:43.043+00:00,2026-09-18T06:52:03.701+00:00,2026-09-18T06:52:05.253+00:00,True,25,25.0,,25.0,140658.01065900002,142210.02857900003,142210.02861600003,5688.401144640001,50.541036,140658.01065900002,28118.670182268208,93.8601646,64.66741333333333,9.486075679214597,0.17579632217085228,26,64,,True,True,,169,87.6246207195492
112,2026-09-18T06:49:43.452+00:00,2026-09-18T06:52:05.066+00:00,2026-09-18T06:52:07.876+00:00,True,46,46.0,,46.0,141614.78444699998,144424.496575,144424.49641999998,3139.6629656521736,34.455526,141614.78444699998,20870.75882032394,94.50931675,62.43804728888889,13.015701385073625,0.31850552427656953,26,64,,True,True,,221,87.6246207195492
113,2026-09-18T06:49:43.807+00:00,2026-09-18T06:52:06.660+00:00,2026-09-18T06:52:12.233+00:00,True,91,91.0,,91.0,142852.12280500002,148425.73637300002,148425.73648800002,1631.0520493186816,36.951911,142852.12280500002,14968.482261940808,81.628848,61.929039644444444,9.15140044188984,0.6131012196652555,26,64,,True,True,,351,87.6246207195492
114,2026-09-18T06:49:44.145+00:00,2026-09-18T06:52:08.005+00:00,2026-09-18T06:52:10.719+00:00,True,46,46.0,,46.0,143860.236399,146573.337967,146573.337894,3186.37691073913,40.056324999999994,143860.236399,21202.146204333083,67.63318124999999,60.29114595555556,6.522628177613105,0.31383606758247257,26,64,,True,True,,212,87.6246207195492
115,2026-09-18T06:49:44.588+00:00,2026-09-18T06:52:09.724+00:00,2026-09-18T06:52:10.370+00:00,True,12,12.0,,12.0,145136.260484,145782.059652,145782.0597,12148.504975,33.256578000000005,145136.260484,41880.2830543772,65348.361365050005,58.70901527272727,11.18876122829802,0.08231465537423124,26,64,,True,True,,40,87.6246207195492
116,2026-09-18T06:49:44.920+00:00,2026-09-18T06:52:10.965+00:00,2026-09-18T06:52:13.034+00:00,True,34,34.0,,34.0,146045.757482,148114.62327399998,148114.62334599998,4356.312451352941,33.327918,146045.757482,25035.89135234423,91.58832969999999,62.692902787878786,10.951323203186748,0.22955194597567025,26,64,,True,True,,118,87.6246207195492
117,2026-09-18T06:49:45.285+00:00,2026-09-18T06:52:12.419+00:00,2026-09-18T06:52:16.464+00:00,True,66,66.0,,66.0,147133.29584799998,151178.75248799997,151178.752429,2290.587158015151,36.311502,147133.29584799998,18103.199598293977,91.17531025,62.23779446153846,11.793599140041087,0.4365692857879539,26,64,,True,True,,282,87.6246207195492
118,2026-09-18T06:49:45.659+00:00,2026-09-18T06:52:13.792+00:00,2026-09-18T06:52:15.164+00:00,True,23,23.0,,23.0,148133.083517,149504.52441299998,149504.524442,6500.196714869565,39.027087,148133.083517,30874.88655838665,91.42578019999999,62.33822254545455,10.982762787235714,0.15384149804365427,26,64,,True,True,,105,87.6246207195492
119,2026-09-18T06:49:46.028+00:00,2026-09-18T06:52:15.227+00:00,2026-09-18T06:52:20.622+00:00,True,86,86.0,,86.0,149199.420383,154594.856159,154594.856117,1797.6146060116278,36.187063,149199.420383,16081.74768754298,93.42753825,63.475715011764706,12.996292064203951,0.5562927650810675,26,64,,True,True,,365,87.6246207195492
120,2026-09-18T06:49:46.602+00:00,2026-09-18T06:52:17.776+00:00,2026-09-18T06:52:22.980+00:00,True,82,82.0,,82.0,151173.39065400002,156377.556798,156377.556734,1907.0433748048783,36.631591,151173.39065400002,16687.217344531324,93.68414085,64.24896474074073,11.946977530233612,0.5243719218987615,26,64,,True,True,,322,87.6246207195492
121,2026-09-18T06:49:46.977+00:00,2026-09-18T06:52:18.985+00:00,2026-09-18T06:52:20.923+00:00,True,32,32.0,,32.0,152008.20871,153945.736006,153945.735888,4810.8042465,37.512589999999996,152008.20871,26860.462855304093,89.82798095000003,62.50088051612903,12.377950030431231,0.20786545201065398,26,64,,True,True,,144,87.6246207195492
122,2026-09-18T06:49:47.413+00:00,2026-09-18T06:52:20.760+00:00,2026-09-18T06:52:21.196+00:00,True,8,8.0,,8.0,153346.799287,153782.097335,153782.097256,19222.762157,40.607665000000004,153346.799287,54194.29575326885,99700.36997185001,62.185435428571424,10.034495122377654,0.05202166011933589,26,64,,True,True,,30,87.6246207195492
123,2026-09-18T06:49:47.933+00:00,2026-09-18T06:52:22.531+00:00,2026-09-18T06:52:23.270+00:00,True,13,13.0,,13.0,154598.27827500002,155336.87309100002,155336.87308800002,11948.990237538463,43.409108999999994,154598.27827500002,42860.77752444984,61886.62950180001,61.549568,7.8292807455864155,0.08368908000603496,26,64,,True,True,,47,87.6246207195492
124,2026-09-18T06:49:48.821+00:00,2026-09-18T06:52:24.930+00:00,2026-09-18T06:52:25.134+00:00,True,4,4.0,,4.0,156109.53144999998,156313.34457,156313.344601,39078.33615025,64.182901,156109.53144999998,78020.79700807139,132704.28650215,67.93770666666667,5.756422616498318,0.025589625831393598,26,64,,True,True,,14,87.6246207195492
125,2026-09-18T06:49:48.905+00:00,2026-09-18T06:52:25.852+00:00,2026-09-18T06:52:30.151+00:00,True,70,70.0,,70.0,156947.605097,161246.809193,161246.809262,2303.5258466,38.958397,156947.605097,18751.38184287777,74.928199,62.307305739130435,9.175965213932407,0.4341171174197649,26,64,,True,True,,246,87.6246207195492
126,2026-09-18T06:49:49.448+00:00,2026-09-18T06:52:28.181+00:00,2026-09-18T06:52:31.565+00:00,True,56,56.0,,56.0,158732.986579,162116.67707499999,162116.676951,2894.9406598392857,34.225136,158732.986579,21203.368880682116,77.25332875,61.52164538181818,10.377368579349405,0.34543022353025865,26,64,,True,True,,210,87.6246207195492
127,2026-09-18T06:49:49.958+00:00,2026-09-18T06:52:30.088+00:00,2026-09-18T06:52:32.889+00:00,True,45,45.0,,45.0,160130.08690400003,162931.03384800002,162931.03370300002,3620.689637844445,38.966877000000004,160130.08690400003,23861.297341870744,95.89640820000001,63.65788509090909,11.957304259773958,0.27619047726647916,26,64,,True,True,,215,87.6246207195492
128,2026-09-18T06:49:50.396+00:00,2026-09-18T06:52:31.944+00:00,2026-09-18T06:52:32.721+00:00,True,13,13.0,,13.0,161548.095482,162325.550586,162325.550683,12486.580821769232,53.85419,161548.095482,44787.41207170157,64674.019512800005,64.78792533333333,9.270813943221533,0.08008597508568195,26,64,,True,True,,84,87.6246207195492
129,2026-09-18T06:49:50.851+00:00,2026-09-18T06:52:33.932+00:00,2026-09-18T06:52:39.598+00:00,True,89,89.0,,89.0,163080.981567,168747.05132700002,168747.051406,1896.0342854606743,37.162951,163080.981567,17279.729758447676,92.5912458,64.38715636363636,13.624778551312783,0.5274166232838922,26,64,,True,True,,419,87.6246207195492
130,2026-09-18T06:49:51.249+00:00,2026-09-18T06:52:35.554+00:00,2026-09-18T06:52:41.040+00:00,True,88,88.0,,88.0,164304.81079800002,169791.15038200002,169791.150243,1929.4448891250001,34.451845999999996,164304.81079800002,17508.23418129176,96.41917575,63.061374528735634,13.127455579368164,0.5182837845318533,26,64,,True,True,,337,87.6246207195492
131,2026-09-18T06:49:51.813+00:00,2026-09-18T06:52:37.604+00:00,2026-09-18T06:52:38.468+00:00,True,15,15.0,,15.0,165790.61015700002,166654.370029,166654.370067,11110.291337800001,38.63883800000001,165790.61015700002,42791.02194570216,49786.263274100005,61.69713371428572,7.465929361623544,0.09000664067428779,26,64,,True,True,,82,87.6246207195492
132,2026-09-18T06:49:52.342+00:00,2026-09-18T06:52:39.545+00:00,2026-09-18T06:52:44.275+00:00,True,76,76.0,,76.0,167202.624316,171933.09702,171933.097059,2262.277592881579,34.714165,167202.624316,19172.224686563834,92.63017525,63.072969386666664,11.274984825634613,0.4420324028197977,26,64,,True,True,,279,87.6246207195492
133,2026-09-18T06:49:52.703+00:00,2026-09-18T06:52:41.202+00:00,2026-09-18T06:52:47.261+00:00,True,97,97.0,,97.0,168499.03322299998,174558.40397499996,174558.40382999997,1799.5711735051543,36.357792,168499.03322299998,17102.080052607693,94.14470280000002,63.118445333333334,11.814616684269112,0.5556879404894892,26,64,,True,True,,285,87.6246207195492
134,2026-09-18T06:49:53.184+00:00,2026-09-18T06:52:43.003+00:00,2026-09-18T06:52:46.852+00:00,True,63,63.0,,63.0,169819.490723,173668.468899,173668.468868,2756.642362984127,38.390398999999995,169819.490723,21387.42645667329,90.51515210000001,62.08029316129033,11.54500885711428,0.36276015098998066,26,64,,True,True,,392,87.6246207195492
135,2026-09-18T06:49:53.758+00:00,2026-09-18T06:52:45.092+00:00,2026-09-18T06:52:46.854+00:00,True,29,29.0,,29.0,171334.206298,173096.295514,173096.295564,5968.837778068965,35.845962,171334.206298,31804.27959915631,94.67266959999999,62.931757714285716,12.46046225473888,0.16753680322207987,26,64,,True,True,,133,87.6246207195492
136,2026-09-18T06:49:54.213+00:00,2026-09-18T06:52:46.810+00:00,2026-09-18T06:52:52.305+00:00,True,87,87.0,,87.0,172597.231875,178092.199171,178092.199019,2047.0367703333334,37.104441,172597.231875,18497.51977261831,93.0938766,63.89496855813953,12.913184218274306,0.488511009493822,26,64,,True,True,,345,87.6246207195492
137,2026-09-18T06:49:54.650+00:00,2026-09-18T06:52:48.741+00:00,2026-09-18T06:52:51.161+00:00,True,41,41.0,,41.0,174091.218692,176511.002372,176511.00235199998,4305.146398829268,33.922796999999996,174091.218692,27179.03417961638,71.814296,60.494592,8.554679266460445,0.23228013805956296,26,64,,True,True,,82,87.6246207195492
138,2026-09-18T06:49:55.170+00:00,2026-09-18T06:52:50.745+00:00,2026-09-18T06:52:54.183+00:00,True,53,53.0,,53.0,175575.13445800002,179013.082874,179013.082896,3377.6053376603777,35.489974000000004,175575.13445800002,24108.022204054087,98.34901040000001,66.11439261538462,14.420307596147968,0.29606774627363147,26,64,,True,True,,275,87.6246207195492
139,2026-09-18T06:49:55.705+00:00,2026-09-18T06:52:52.671+00:00,2026-09-18T06:52:58.455+00:00,True,90,90.0,,90.0,176966.085877,182749.48094900002,182749.481024,2030.5497891555556,40.143535,176966.085877,18647.017933150277,93.54497045,64.98196710112359,12.73742147901811,0.49247745893798917,26,64,,True,True,,464,87.6246207195492
140,2026-09-18T06:49:56.062+00:00,2026-09-18T06:52:53.879+00:00,2026-09-18T06:52:54.909+00:00,True,16,16.0,,16.0,177817.14542,178846.89646,178846.89648599998,11177.931030374999,36.266341999999995,177817.14542,44437.12694908954,44527.87186775,68.65006933333333,17.213920038087092,0.08946199412288086,26,64,,True,True,,60,87.6246207195492
141,2026-09-18T06:49:56.539+00:00,2026-09-18T06:52:56.048+00:00,2026-09-18T06:52:56.503+00:00,True,8,8.0,,8.0,179509.85999700002,179964.122269,179964.12217800002,22495.515272250002,57.918372000000005,179509.85999700002,63443.3761053858,116705.86837670002,64.89461028571428,4.918592959714588,0.04445330490953114,26,64,,True,True,,24,87.6246207195492
142,2026-09-18T06:49:56.948+00:00,2026-09-18T06:52:57.506+00:00,2026-09-18T06:53:00.592+00:00,True,50,50.0,,50.0,180557.72485,183644.226738,183644.226884,3672.88453768,33.179528,180557.72485,25525.813431586233,92.50946835,62.98983444897959,12.938957989201883,0.27226556961866044,26,64,,True,True,,166,87.6246207195492
143,2026-09-18T06:49:57.502+00:00,2026-09-18T06:52:59.381+00:00,2026-09-18T06:53:00.279+00:00,True,16,16.0,,16.0,181878.60475,182776.077518,182776.077493,11423.5048433125,39.808886,181878.60475,45454.69498039985,45539.214622750005,59.831517866666665,12.761410619070325,0.08753880823612872,26,64,,True,True,,75,87.6246207195492
144,2026-09-18T06:49:57.885+00:00,2026-09-18T06:53:01.156+00:00,2026-09-18T06:53:03.801+00:00,True,44,44.0,,44.0,183270.935818,185915.204106,185915.20417,4225.345549318182,41.457292,183270.935818,27619.86313661347,69.35043875000001,61.49461134883721,6.100533744447389,0.23666703436967587,26,64,,True,True,,192,87.6246207195492
145,2026-09-18T06:49:58.403+00:00,2026-09-18T06:53:03.302+00:00,2026-09-18T06:53:07.947+00:00,True,78,78.0,,78.0,184899.013497,189544.468345,189544.468149,2430.0572839615384,37.50739,184899.013497,20928.861277615702,71.50245695000001,60.33058244155844,8.512685377974194,0.41151293245882564,26,64,,True,True,,373,87.6246207195492
146,2026-09-18T06:49:58.949+00:00,2026-09-18T06:53:05.093+00:00,2026-09-18T06:53:10.362+00:00,True,90,90.0,,90.0,186143.32865,191412.47706600002,191412.47707700002,2126.8053008555557,34.208386,186143.32865,19614.991949420742,67.4521769,59.203914786516854,10.783213638028126,0.47018878486676463,26,64,,True,True,,401,87.6246207195492
147,2026-09-18T06:49:59.488+00:00,2026-09-18T06:53:07.114+00:00,2026-09-18T06:53:09.888+00:00,True,48,48.0,,48.0,187625.806007,190400.373687,190400.37358400002,3966.674449666667,35.266803,187625.806007,27072.934639720585,83.99506295,59.033354893617016,12.816098340219181,0.2521003455534568,26,64,,True,True,,193,87.6246207195492
148,2026-09-18T06:49:59.923+00:00,2026-09-18T06:53:08.850+00:00,2026-09-18T06:53:10.173+00:00,True,24,24.0,,24.0,188926.449898,190249.904874,190249.904896,7927.079370666666,35.647973,188926.449898,38552.70559173652,70.0266915,57.541520695652174,9.45297350953392,0.12614986596652902,26,64,,True,True,,121,87.6246207195492
149,2026-09-18T06:50:00.393+00:00,2026-09-18T06:53:10.892+00:00,2026-09-18T06:53:16.444+00:00,True,89,89.0,,89.0,190498.987929,196051.911321,196051.911307,2202.8304641235954,36.408201999999996,190498.987929,20186.166771011965,91.4030198,63.10140218181818,11.380250321518577,0.45396139930652546,26,64,,True,True,,177,87.6246207195492
150,2026-09-18T06:50:00.945+00:00,2026-09-18T06:53:12.780+00:00,2026-09-18T06:53:14.434+00:00,True,28,28.0,,28.0,191834.922892,193489.779852,193489.779741,6910.349276464286,40.307274,191834.922892,36241.811221551216,85.6096053,61.29099851851851,10.128660841393618,0.14471048559472832,26,64,,True,True,,127,87.6246207195492
151,2026-09-18T06:50:01.380+00:00,2026-09-18T06:53:14.347+00:00,2026-09-18T06:53:18.593+00:00,True,67,67.0,,67.0,192967.188827,197213.289563,197213.28963400002,2943.481934835821,35.529184,192967.188827,23566.83877914202,95.177096,64.33485963636363,14.337693768702408,0.3397336971989242,26,64,,True,True,,309,87.6246207195492
152,2026-09-18T06:50:02.648+00:00,2026-09-18T06:53:17.371+00:00,2026-09-18T06:53:20.773+00:00,True,55,55.0,,55.0,194722.732278,198124.54015000002,198124.540243,3602.2643680545457,37.548269999999995,194722.732278,26247.916109036072,91.9880153,62.996442074074075,11.980909573196847,0.277603167978886,26,64,,True,True,,231,87.6246207195492
153,2026-09-18T06:50:02.709+00:00,2026-09-18T06:53:18.549+00:00,2026-09-18T06:53:19.797+00:00,True,22,22.0,,22.0,195839.49855000002,197088.30392600002,197088.303878,8958.55926718182,38.238358,195839.49855000002,41740.443886141984,68.43705994999999,59.46692266666666,8.855167138846365,0.11162509170640718,26,64,,True,True,,95,87.6246207195492
154,2026-09-18T06:50:02.815+00:00,2026-09-18T06:53:19.926+00:00,2026-09-18T06:53:22.425+00:00,True,42,42.0,,42.0,197111.30606099998,199610.873933,199610.874012,4752.639857428571,37.595239,197111.30606099998,30405.530962251305,93.02286905,60.96507004878048,14.20330152801662,0.21040937887029856,26,64,,True,True,,187,87.6246207195492
155,2026-09-18T06:50:03.115+00:00,2026-09-18T06:53:21.628+00:00,2026-09-18T06:53:26.692+00:00,True,81,81.0,,81.0,198513.439075,203576.946019,203576.945996,2513.295629580247,37.984559000000004,198513.439075,22050.02037047604,93.316245,63.293836799999994,13.7489160853108,0.3978839528933704,26,64,,True,True,,427,87.6246207195492
156,2026-09-18T06:50:03.607+00:00,2026-09-18T06:53:23.451+00:00,2026-09-18T06:53:27.338+00:00,True,62,62.0,,62.0,199843.228909,203730.950125,203730.950317,3285.9830696290323,37.407300000000006,199843.228909,25372.02393373847,92.8994548,63.733134688524586,11.57887520360955,0.30432293160150503,26,64,,True,True,,284,87.6246207195492
157,2026-09-18T06:50:04.031+00:00,2026-09-18T06:53:25.172+00:00,2026-09-18T06:53:26.201+00:00,True,17,17.0,,17.0,201141.127465,202169.820713,202169.820573,11892.342386647058,52.097362000000004,201141.127465,48768.29661550805,40305.1387018,64.293328,10.02317673873226,0.08408772357835335,26,64,,True,True,,86,87.6246207195492
158,2026-09-18T06:50:04.441+00:00,2026-09-18T06:53:26.759+00:00,2026-09-18T06:53:30.107+00:00,True,56,56.0,,56.0,202318.450136,205666.406616,205666.406571,3672.6144030535716,36.184512999999995,202318.450136,27027.80790340974,89.75366725000002,60.871936,10.842705931205945,0.2722855955010566,26,64,,True,True,,250,87.6246207195492
159,2026-09-18T06:50:05.012+00:00,2026-09-18T06:53:28.729+00:00,2026-09-18T06:53:29.088+00:00,True,7,7.0,,7.0,203717.066609,204076.458353,204076.458368,29153.779766857144,51.497784,203717.066609,76975.17430554584,142621.2549293,59.898624,4.984576182753836,0.034300869666660884,26,64,,True,True,,31,87.6246207195492
160,2026-09-18T06:50:05.330+00:00,2026-09-18T06:53:29.790+00:00,2026-09-18T06:53:30.169+00:00,True,8,8.0,,8.0,204459.565956,204838.9833,204838.983167,25604.872895875,42.263711,204459.565956,72268.20979297654,132922.16712065,54.20247771428571,8.931388718414283,0.03905506594066365,26,64,,True,True,,31,87.6246207195492
161,2026-09-18T06:50:05.768+00:00,2026-09-18T06:53:31.775+00:00,2026-09-18T06:53:36.929+00:00,True,83,83.0,,83.0,206006.950334,211160.449214,211160.449277,2544.1017985180724,36.239602,206006.950334,22605.3059045294,91.7130793,62.84754731707317,13.296778440245015,0.39306603253094935,26,64,,True,True,,368,87.6246207195492
162,2026-09-18T06:50:06.262+00:00,2026-09-18T06:53:33.812+00:00,2026-09-18T06:53:36.738+00:00,True,46,46.0,,46.0,207549.521942,210476.370966,210476.370994,4575.573282478261,37.200250999999994,207549.521942,30591.920855430344,93.147786,65.04108942222221,13.987829849819882,0.21855184878416004,26,64,,True,True,,216,87.6246207195492
163,2026-09-18T06:50:06.618+00:00,2026-09-18T06:53:35.118+00:00,2026-09-18T06:53:40.696+00:00,True,90,90.0,,90.0,208499.21438999998,214077.23218199998,214077.23223799997,2378.6359137555555,36.998891,208499.21438999998,21971.14321188083,90.453555,62.67435721348315,11.038290523755444,0.420409022868371,26,64,,True,True,,348,87.6246207195492
164,2026-09-18T06:50:07.039+00:00,2026-09-18T06:53:36.861+00:00,2026-09-18T06:53:38.895+00:00,True,34,34.0,,34.0,209822.279328,211856.443808,211856.443837,6231.071877558824,32.636299,209822.279328,35973.65392478021,77.43376005,61.641347878787876,9.793671640449485,0.16048603190381744,26,64,,True,True,,158,87.6246207195492
165,2026-09-18T06:50:07.490+00:00,2026-09-18T06:53:38.833+00:00,2026-09-18T06:53:43.908+00:00,True,83,83.0,,83.0,211343.139236,216418.18384399998,216418.18369499999,2607.447996325301,36.266341999999995,211343.139236,23191.132198342584,89.6964294,61.89078790243903,10.420394278056369,0.3835167568905791,26,64,,True,True,,437,87.6246207195492
166,2026-09-18T06:50:08.015+00:00,2026-09-18T06:53:40.577+00:00,2026-09-18T06:53:43.306+00:00,True,45,45.0,,45.0,212562.12535699998,215290.57719699998,215290.57726,4784.235050222222,39.750665,212562.12535699998,31677.649087283946,93.2642018,62.01026909090909,12.077358407983786,0.20901983071383146,26,64,,True,True,,195,87.6246207195492
167,2026-09-18T06:50:08.355+00:00,2026-09-18T06:53:41.668+00:00,2026-09-18T06:53:42.297+00:00,True,11,11.0,,11.0,213313.023375,213942.35124699998,213942.35113899998,19449.304648999998,35.613253,213313.023375,64297.324266736316,106704.16939849999,62.9327872,19.710491481228733,0.05141571986979015,26,64,,True,True,,49,87.6246207195492
168,2026-09-18T06:50:08.911+00:00,2026-09-18T06:53:43.906+00:00,2026-09-18T06:53:50.224+00:00,True,99,99.0,,99.0,214994.229363,221312.752499,221312.75246,2235.482348080808,0.019149999999999997,214994.229363,21601.26363082907,95.18203570000001,64.47472587755102,21.435823118954506,0.44733075198839856,26,64,,True,True,,404,87.6246207195492
169,2026-09-18T06:50:09.403+00:00,2026-09-18T06:53:45.579+00:00,2026-09-18T06:53:49.969+00:00,True,69,69.0,,69.0,216176.611692,220566.764652,220566.76464100002,3196.6197774057973,0.01908,216176.611692,26016.84565249405,92.939508,64.56107294117648,25.25409128045479,0.3128304489067743,26,64,,True,True,,267,87.6246207195492
170,2026-09-18T06:50:09.844+00:00,2026-09-18T06:53:47.317+00:00,2026-09-18T06:53:47.946+00:00,True,10,10.0,,10.0,217472.942121,218102.730025,218102.730165,21810.2730165,52.266292,217472.942121,68748.85554266132,119653.63995660002,69.97643377777777,14.625654994589626,0.04584995336304938,26,64,,True,True,,30,87.6246207195492
171,2026-09-18T06:50:10.390+00:00,2026-09-18T06:53:49.970+00:00,2026-09-18T06:53:50.808+00:00,True,15,15.0,,15.0,219579.728552,220417.76170399997,220417.76148599997,14694.5174324,40.778864,219579.728552,56679.78698707954,65920.39117779999,59.85951085714286,7.9612735177524385,0.06805259196916974,26,64,,True,True,,63,87.6246207195492
172,2026-09-18T06:50:10.942+00:00,2026-09-18T06:53:51.841+00:00,2026-09-18T06:53:56.304+00:00,True,72,72.0,,72.0,220898.931576,225362.120568,225362.120575,3130.0294524305555,33.990617,220898.931576,26025.782995641574,89.80741675000002,62.8618167887324,11.684751280869241,0.3194858116285561,26,64,,True,True,,244,87.6246207195492
173,2026-09-18T06:50:11.491+00:00,2026-09-18T06:53:53.810+00:00,2026-09-18T06:53:53.810+00:00,True,1,1.0,,1.0,222319.065826,222319.065826,222319.065826,222319.065826,222319.065826,222319.065826,nan,222319.065826,nan,nan,0.004498039771283759,26,64,,True,True,,3,87.6246207195492
174,2026-09-18T06:50:11.976+00:00,2026-09-18T06:53:55.928+00:00,2026-09-18T06:54:00.424+00:00,True,73,73.0,,73.0,223951.909417,228448.253993,228448.253859,3129.4281350547944,36.320662,223951.909417,26204.28050326285,71.450772,62.449230222222226,8.110357036968523,0.31954720040117635,26,64,,True,True,,313,87.6246207195492
175,2026-09-18T06:50:12.409+00:00,2026-09-18T06:53:57.558+00:00,2026-09-18T06:54:02.799+00:00,True,84,84.0,,84.0,225148.906464,230389.21264,230389.212644,2742.728721952381,36.467072,225148.906464,24558.873338027017,93.04615614999999,63.13621898795181,10.890390754277202,0.36460040397488636,26,64,,True,True,,402,87.6246207195492
176,2026-09-18T06:50:12.742+00:00,2026-09-18T06:53:58.533+00:00,2026-09-18T06:54:01.590+00:00,True,50,50.0,,50.0,225790.636634,228848.127322,228848.12732899998,4576.96254658,38.696637,225790.636634,31922.795372432625,84.10689945,62.39776914285714,10.49859019942011,0.21848551082809461,26,64,,True,True,,224,87.6246207195492
177,2026-09-18T06:50:13.240+00:00,2026-09-18T06:54:00.626+00:00,2026-09-18T06:54:05.163+00:00,True,74,74.0,,74.0,227385.24803400002,231922.415138,231922.41531,3134.0866933783786,35.039714,227385.24803400002,26425.774802286127,83.6639779,62.15297402739726,9.738650246658645,0.3190722205784552,26,64,,True,True,,301,87.6246207195492
178,2026-09-18T06:50:13.667+00:00,2026-09-18T06:54:02.419+00:00,2026-09-18T06:54:07.925+00:00,True,89,89.0,,89.0,228752.003854,234257.98401400002,234257.98407600002,2632.1121806292135,37.161561,228752.003854,24241.0348800241,95.0376784,62.56795636363637,12.442478710022876,0.3799230168167121,26,64,,True,True,,434,87.6246207195492
179,2026-09-18T06:50:14.245+00:00,2026-09-18T06:54:04.367+00:00,2026-09-18T06:54:05.818+00:00,True,25,25.0,,25.0,230121.193405,231572.68038099998,231572.680307,9262.90721228,36.205271999999994,230121.193405,46012.14358313126,67.75773939999999,60.478624,7.75512583199202,0.10795746699856047,26,64,,True,True,,100,87.6246207195492
180,2026-09-18T06:50:14.615+00:00,2026-09-18T06:54:05.762+00:00,2026-09-18T06:54:05.943+00:00,True,4,4.0,,4.0,231146.92746399998,231327.52880799997,231327.52876599997,57831.88219149999,54.574808,231146.92746399998,115543.36358580028,196484.47497789998,60.200448,4.9539208892448015,0.017291500153965543,26,64,,True,True,,10,87.6246207195492
181,2026-09-18T06:50:15.119+00:00,2026-09-18T06:54:07.799+00:00,2026-09-18T06:54:12.673+00:00,True,78,78.0,,78.0,232679.410201,237553.760025,237553.76006499998,3045.5610264743586,36.352602,232679.410201,26338.59100727074,96.41838855,63.30324446753247,13.548568287441242,0.3283467287227587,26,64,,True,True,,316,87.6246207195492
182,2026-09-18T06:50:15.644+00:00,2026-09-18T06:54:09.768+00:00,2026-09-18T06:54:11.649+00:00,True,31,31.0,,31.0,234124.520302,236005.63057399998,236005.63047,7613.084853870967,36.584812,234124.520302,42038.74490579726,94.795052,62.703675733333334,11.93262051889614,0.13135279834046118,26,64,,True,True,,133,87.6246207195492
183,2026-09-18T06:50:16.023+00:00,2026-09-18T06:54:11.109+00:00,2026-09-18T06:54:14.491+00:00,True,55,55.0,,55.0,235086.41507,238468.005342,238468.00539799998,4335.7819163272725,37.254220000000004,235086.41507,31690.603824975762,93.27709109999999,62.62204207407407,11.472362942642754,0.23063890655319355,26,64,,True,True,,270,87.6246207195492
184,2026-09-18T06:50:16.349+00:00,2026-09-18T06:54:12.448+00:00,2026-09-18T06:54:14.921+00:00,True,42,42.0,,42.0,236098.932165,238572.339397,238572.339454,5680.29379652381,39.047438,236098.932165,36421.548285218305,70.2463467,60.327005658536585,7.675160307357494,0.176047232072907,26,64,,True,True,,169,87.6246207195492
185,2026-09-18T06:50:17.211+00:00,2026-09-18T06:54:12.842+00:00,2026-09-18T06:54:13.389+00:00,True,10,10.0,,10.0,235631.611016,236178.427528,236178.427562,23617.8427562,40.832544,235631.611016,74494.04527582755,129629.5802045,60.75739022222223,9.120282587384914,0.04234086959027812,26,64,,True,True,,41,87.6246207195492
186,2026-09-18T06:50:17.297+00:00,2026-09-18T06:54:13.455+00:00,2026-09-18T06:54:19.533+00:00,True,97,97.0,,97.0,236157.68056900002,242235.793849,242235.793929,2497.276226072165,34.775874,236157.68056900002,23971.75347531757,91.1124586,63.31368,10.944485144172061,0.40043627929101955,26,64,,True,True,,500,87.6246207195492
187,2026-09-18T06:50:17.750+00:00,2026-09-18T06:54:18.314+00:00,2026-09-18T06:54:20.701+00:00,True,38,38.0,,38.0,240563.652328,242950.879976,242950.879939,6393.444208921052,49.385286,240563.652328,39014.11183541619,87.89545925,64.51966616216217,7.776759770869819,0.15641021758700296,26,64,,True,True,,177,87.6246207195492
188,2026-09-18T06:50:18.107+00:00,2026-09-18T06:54:19.726+00:00,2026-09-18T06:54:21.116+00:00,True,23,23.0,,23.0,241619.000253,243008.757949,243008.758181,10565.598181782609,37.941409,241619.000253,50367.87316225289,94.77982939999998,63.170804363636364,9.879677306155445,0.09464679460164553,26,64,,True,True,,104,87.6246207195492
189,2026-09-18T06:50:18.505+00:00,2026-09-18T06:54:21.369+00:00,2026-09-18T06:54:26.735+00:00,True,87,87.0,,87.0,242864.46547,248230.792766,248230.79270299998,2853.227502333333,39.118987000000004,242864.46547,26031.11558624842,79.7245686,62.39915460465116,9.485282874720117,0.3504802890510541,26,64,,True,True,,461,87.6246207195492
190,2026-09-18T06:50:19.030+00:00,2026-09-18T06:54:23.477+00:00,2026-09-18T06:54:28.378+00:00,True,78,78.0,,78.0,244446.860804,249347.885828,249347.885858,3196.7677674102565,38.100069000000005,244446.860804,27670.952011043515,92.98284685,63.64967563636363,11.26180921367321,0.3128159669009761,26,64,,True,True,,345,87.6246207195492
191,2026-09-18T06:50:19.414+00:00,2026-09-18T06:54:25.101+00:00,2026-09-18T06:54:28.693+00:00,True,56,56.0,,56.0,245687.066961,249279.172945,249279.172715,4451.413798482143,33.752307,245687.066961,32822.59019619589,93.5546405,65.31101789090908,12.742795658866674,0.22464772864259955,26,64,,True,True,,259,87.6246207195492
192,2026-09-18T06:50:19.866+00:00,2026-09-18T06:54:26.794+00:00,2026-09-18T06:54:32.361+00:00,True,88,88.0,,88.0,246927.919625,252495.301129,252495.301182,2869.264786159091,35.118654,246927.919625,26315.785800831312,92.74167884999999,63.99289085057471,12.187798435993313,0.3485213372546713,26,64,,True,True,,447,87.6246207195492
193,2026-09-18T06:50:20.183+00:00,2026-09-18T06:54:27.749+00:00,2026-09-18T06:54:32.951+00:00,True,83,83.0,,83.0,247565.59656200002,252767.43643400003,252767.43632300003,3045.3907990722896,38.036009,247565.59656200002,27166.893732208187,91.75296920000001,63.437071609756096,11.368666265726839,0.32836508203331044,26,64,,True,True,,368,87.6246207195492
194,2026-09-18T06:50:20.722+00:00,2026-09-18T06:54:30.111+00:00,2026-09-18T06:54:33.287+00:00,True,52,52.0,,52.0,249388.535095,252564.994871,252564.994798,4857.01913073077,36.186173000000004,249388.535095,34575.33150564018,84.2405819,62.28352501960784,9.714456552342279,0.20588759747390764,26,64,,True,True,,253,87.6246207195492
195,2026-09-18T06:50:21.274+00:00,2026-09-18T06:54:31.831+00:00,2026-09-18T06:54:32.487+00:00,True,11,11.0,,11.0,250557.597891,251213.945795,251213.94581200002,22837.631437454547,57.346973,250557.597891,75526.16901645558,125322.12577900002,65.6347904,8.361681143953598,0.043787377986476965,26,64,,True,True,,47,87.6246207195492
196,2026-09-18T06:50:21.693+00:00,2026-09-18T06:54:33.349+00:00,2026-09-18T06:54:36.818+00:00,True,57,57.0,,57.0,251656.14009200002,255124.97721200003,255124.97733800003,4475.876795403509,36.900361,251656.14009200002,33324.46682812308,78.8959082,61.94352,9.773040514755696,0.22341991216577345,26,64,,True,True,,230,87.6246207195492
197,2026-09-18T06:50:22.055+00:00,2026-09-18T06:54:35.006+00:00,2026-09-18T06:54:36.696+00:00,True,28,28.0,,28.0,252950.410389,254640.724629,254640.724694,9094.311596214286,42.075430999999995,252950.410389,47791.30437995682,94.5431573,62.60423111111111,10.858824139505987,0.10995884511715372,26,64,,True,True,,109,87.6246207195492
198,2026-09-18T06:50:22.400+00:00,2026-09-18T06:54:36.362+00:00,2026-09-18T06:54:36.362+00:00,True,1,1.0,,1.0,253962.234785,253962.234785,253962.234785,253962.234785,253962.234785,253962.234785,nan,253962.234785,nan,nan,0.003937593323064677,26,64,,True,True,,1,87.6246207195492
199,2026-09-18T06:50:22.934+00:00,2026-09-18T06:54:38.396+00:00,2026-09-18T06:54:41.075+00:00,True,44,44.0,,44.0,255461.986003,258140.258259,258140.258218,5866.824050409091,39.803475,255461.986003,38502.955064272566,90.7484755,62.28540130232558,10.865764275550413,0.1704499728045265,26,64,,True,True,,170,87.6246207195492
200,2026-09-18T06:50:23.437+00:00,2026-09-18T06:54:40.169+00:00,2026-09-18T06:54:42.493+00:00,True,39,39.0,,39.0,256732.859189,259056.056885,259056.05691100002,6642.462997717949,39.314336000000004,256732.859189,41100.36942624912,67.4178268,61.136781473684216,5.688300986859176,0.1505465669050651,26,64,,True,True,,114,87.6246207195492
201,2026-09-18T06:50:24.016+00:00,2026-09-18T06:54:42.201+00:00,2026-09-18T06:54:46.276+00:00,True,68,68.0,,68.0,258185.050804,262259.698612,262259.698507,3856.7602721617645,37.412281,258185.050804,31302.1624274863,68.41596135,60.815638925373136,8.249798880146956,0.2592849772949773,26,64,,True,True,,270,87.6246207195492
202,2026-09-18T06:50:24.356+00:00,2026-09-18T06:54:43.329+00:00,2026-09-18T06:54:48.191+00:00,True,81,81.0,,81.0,258972.90359,263835.074982,263835.074928,3257.2231472592593,36.232341999999996,258972.90359,28768.01581614018,70.458588,60.777142399999995,10.144665319488587,0.3070099758552807,26,64,,True,True,,424,87.6246207195492
203,2026-09-18T06:50:24.908+00:00,2026-09-18T06:54:45.322+00:00,2026-09-18T06:54:47.738+00:00,True,41,41.0,,41.0,260414.08248699998,262829.835447,262829.835636,6410.4837959999995,38.236247999999996,260414.08248699998,40660.41615235938,86.607958,60.393824,9.891256527284078,0.15599446664900304,26,64,,True,True,,186,87.6246207195492
204,2026-09-18T06:50:25.429+00:00,2026-09-18T06:54:47.236+00:00,2026-09-18T06:54:49.738+00:00,True,43,43.0,,43.0,261807.034866,264309.725938,264309.72584,6146.737810232558,34.688815000000005,261807.034866,39916.11259437965,66.821224,59.587882666666665,9.659086267161184,0.16268792170775678,26,64,,True,True,,186,87.6246207195492
205,2026-09-18T06:50:25.945+00:00,2026-09-18T06:54:49.125+00:00,2026-09-18T06:54:50.017+00:00,True,15,15.0,,15.0,263180.003392,264071.276096,264071.276313,17604.7517542,47.78478,263180.003392,67936.3478482176,79020.393324,63.662336,10.244350676992962,0.05680284588978518,26,64,,True,True,,81,87.6246207195492
206,2026-09-18T06:50:26.368+00:00,2026-09-18T06:54:50.743+00:00,2026-09-18T06:54:52.007+00:00,True,22,22.0,,22.0,264374.600913,265638.863313,265638.863206,12074.493782090909,31.627211,264374.600913,56352.02020747718,92.02592145,60.20297142857142,12.02611847596005,0.08281920697001925,26,64,,True,True,,102,87.6246207195492
207,2026-09-18T06:50:26.693+00:00,2026-09-18T06:54:51.916+00:00,2026-09-18T06:54:57.143+00:00,True,86,86.0,,86.0,265222.619137,270450.018305,270450.01831,3144.767654767442,37.519109,265222.619137,28593.061061503955,91.68187875,61.49881374117647,11.053319450041757,0.3179885160999084,26,64,,True,True,,435,87.6246207195492
208,2026-09-18T06:50:27.230+00:00,2026-09-18T06:54:53.831+00:00,2026-09-18T06:54:54.117+00:00,True,6,6.0,,6.0,266601.204791,266886.707767,266886.707907,44481.1179845,43.715678999999994,266601.204791,108816.17508129893,199966.62481100002,57.1005952,7.763857586975382,0.022481449339313585,26,64,,True,True,,31,87.6246207195492
209,2026-09-18T06:50:27.550+00:00,2026-09-18T06:54:54.879+00:00,2026-09-18T06:54:55.218+00:00,True,6,6.0,,6.0,267328.965029,267667.762853,267667.76288500003,44611.29381416667,53.960449,267328.965029,109108.93149240335,200521.77088475,67.75956479999999,18.516457480445315,0.022415848423611363,26,64,,True,True,,21,87.6246207195492
210,2026-09-18T06:50:27.878+00:00,2026-09-18T06:54:56.242+00:00,2026-09-18T06:54:57.141+00:00,True,14,14.0,,14.0,268364.048703,269263.606335,269263.606319,19233.114737071428,53.414660000000005,268364.048703,71704.81667334115,93989.5848992,69.19674092307693,14.422688835636547,0.051993658521315815,26,64,,True,True,,60,87.6246207195492
211,2026-09-18T06:50:28.455+00:00,2026-09-18T06:54:58.553+00:00,2026-09-18T06:55:04.147+00:00,True,89,89.0,,89.0,270098.260375,275692.49858300004,275692.49873,3097.66852505618,34.508986,270098.260375,28623.622426337937,92.0570792,63.570888727272724,12.242048477775876,0.32282343718977047,26,64,,True,True,,349,87.6246207195492
212,2026-09-18T06:50:28.991+00:00,2026-09-18T06:55:00.745+00:00,2026-09-18T06:55:01.060+00:00,True,6,6.0,,6.0,271754.18718199997,272068.27588599996,272068.27585399995,45344.712642333325,60.137808,271754.18718199997,110917.53714245245,203832.61465225,62.817740799999996,2.9640944793881316,0.022053287839094018,26,64,,True,True,,28,87.6246207195492
213,2026-09-18T06:50:29.351+00:00,2026-09-18T06:55:02.041+00:00,2026-09-18T06:55:07.824+00:00,True,93,93.0,,93.0,272689.838766,278472.759214,278472.759177,2994.3307438387096,35.698693,272689.838766,28270.103587292582,93.096929,62.857830956521745,12.182227970597463,0.33396444328161956,26,64,,True,True,,415,87.6246207195492
214,2026-09-18T06:50:29.757+00:00,2026-09-18T06:55:03.373+00:00,2026-09-18T06:55:08.133+00:00,True,76,76.0,,76.0,273615.96297500003,278376.303711,278376.303924,3662.8461042631584,39.639785,273615.96297500003,31378.624961506343,92.88966499999998,63.47120981333333,11.657610308052181,0.273011743409383,26,64,,True,True,,345,87.6246207195492
215,2026-09-18T06:50:30.207+00:00,2026-09-18T06:55:05.058+00:00,2026-09-18T06:55:07.390+00:00,True,39,39.0,,39.0,274850.79559500003,277182.55213900004,277182.55230000004,7107.244930769231,40.874223,274850.79559500003,44001.525664026456,72.3829539,61.36201431578947,9.41274424297155,0.14070149689812542,26,64,,True,True,,146,87.6246207195492
216,2026-09-18T06:50:30.686+00:00,2026-09-18T06:55:07.391+00:00,2026-09-18T06:55:07.629+00:00,True,5,5.0,,5.0,276705.098161,276943.297713,276943.297795,55388.659559,54.774057,276705.098161,123719.65038611568,221376.866115,59.549888,4.909564508776177,0.01805423724383309,26,64,,True,True,,11,87.6246207195492
217,2026-09-18T06:50:31.021+00:00,2026-09-18T06:55:08.475+00:00,2026-09-18T06:55:14.078+00:00,True,93,93.0,,93.0,277454.577674,283057.848842,283057.848843,3043.6327832580646,36.770641000000005,277454.577674,28764.386407240385,90.1303046,60.90512139130435,12.109192876380833,0.3285547473086028,26,64,,True,True,,375,87.6246207195492
218,2026-09-18T06:50:31.543+00:00,2026-09-18T06:55:10.443+00:00,2026-09-18T06:55:14.397+00:00,True,64,64.0,,64.0,278900.12451700005,282853.57962100004,282853.57969100005,4419.587182671876,35.700413,278900.12451700005,34854.673389834395,93.06954575,62.75325561904762,11.849642762376599,0.2262654765966003,26,64,,True,True,,286,87.6246207195492
219,2026-09-18T06:50:31.969+00:00,2026-09-18T06:55:12.065+00:00,2026-09-18T06:55:14.459+00:00,True,40,40.0,,40.0,280095.64245,282489.386834,282489.38703,7062.23467575,33.791767,280095.64245,44277.306514211996,93.2238055,61.378061128205125,12.047840886541062,0.1415982400199173,26,64,,True,True,,123,87.6246207195492
220,2026-09-18T06:50:32.478+00:00,2026-09-18T06:55:13.294+00:00,2026-09-18T06:55:17.151+00:00,True,63,63.0,,63.0,280815.04620499996,284672.70457299997,284672.70438899996,4518.614355380952,38.179529,280815.04620499996,35371.533164440356,90.66927060000002,62.220296258064515,11.587092050816645,0.2213067813947881,26,64,,True,True,,285,87.6246207195492
221,2026-09-18T06:50:33.008+00:00,2026-09-18T06:55:15.304+00:00,2026-09-18T06:55:15.598+00:00,True,6,6.0,,6.0,282295.481842,282589.610482,282589.61061,47098.268435,44.162347000000004,282295.481842,115222.6325877153,211737.287357,58.825728,8.19934982088897,0.021232203086893667,26,64,,True,True,,18,87.6246207195492
222,2026-09-18T06:50:33.585+00:00,2026-09-18T06:55:17.809+00:00,2026-09-18T06:55:22.234+00:00,True,73,73.0,,73.0,284224.243616,288648.822176,288648.822095,3954.0934533561644,32.016310000000004,284224.243616,33258.74042370491,74.37672479999999,61.45248,9.572906211273223,0.2529024696850804,26,64,,True,True,,81,87.6246207195492
223,2026-09-18T06:50:34.760+00:00,2026-09-18T06:55:20.903+00:00,2026-09-18T06:55:26.234+00:00,True,88,88.0,,88.0,286142.72735,291473.722806,291473.722898,3312.2013965681817,34.192896999999995,286142.72735,30496.386930837725,76.10338890000001,61.27580983908046,10.327949358935792,0.301914008414993,26,64,,True,True,,454,87.6246207195492
224,2026-09-18T06:50:34.966+00:00,2026-09-18T06:55:21.813+00:00,2026-09-18T06:55:24.414+00:00,True,44,44.0,,44.0,286847.094232,289447.917784,289447.917822,6578.361768681818,34.483775,286847.094232,43234.70950347736,74.93344535,60.484268651162786,10.790129149341206,0.15201353092073347,26,64,,True,True,,238,87.6246207195492
225,2026-09-18T06:50:35.108+00:00,2026-09-18T06:55:23.306+00:00,2026-09-18T06:55:26.988+00:00,True,61,61.0,,61.0,288197.600513,291879.875329,291879.875435,4784.915990737704,35.633832999999996,288197.600513,36892.06519933873,87.82834499999998,61.37124693333333,10.281134383434752,0.2089900851548681,26,64,,True,True,,265,87.6246207195492
226,2026-09-18T06:50:35.601+00:00,2026-09-18T06:55:25.536+00:00,2026-09-18T06:55:30.220+00:00,True,77,77.0,,77.0,289934.51840899995,294619.05728899996,294619.05734099995,3826.22152390909,37.439389999999996,289934.51840899995,33034.08272995733,90.28272640000002,61.63866947368422,12.286705577112777,0.2613544443069363,26,64,,True,True,,370,87.6246207195492
227,2026-09-18T06:50:35.929+00:00,2026-09-18T06:55:26.685+00:00,2026-09-18T06:55:29.078+00:00,True,40,40.0,,40.0,290756.201907,293148.921011,293148.921008,7328.7230252,36.311072,290756.201907,45962.89287603059,90.19052169999999,61.351771897435896,11.288184365597806,0.13644941916227984,26,64,,True,True,,177,87.6246207195492
228,2026-09-18T06:50:36.358+00:00,2026-09-18T06:55:28.473+00:00,2026-09-18T06:55:28.972+00:00,True,9,9.0,,9.0,292114.793565,292613.772893,292613.772809,32512.641423222223,44.041368000000006,292114.793565,97350.80759115212,175302.16722459998,62.372416,10.941190387954267,0.030757267202494356,26,64,,True,True,,35,87.6246207195492
229,2026-09-18T06:50:36.788+00:00,2026-09-18T06:55:30.295+00:00,2026-09-18T06:55:32.347+00:00,True,33,33.0,,33.0,293506.247061,295558.34638899995,295558.34638099995,8956.31352669697,57.580142,293506.247061,51081.716832911894,92.2939004,64.128104,7.995326848719053,0.11165308103519755,26,64,,True,True,,171,87.6246207195492
230,2026-09-18T06:50:37.142+00:00,2026-09-18T06:55:31.257+00:00,2026-09-18T06:55:35.832+00:00,True,73,73.0,,73.0,294115.757727,298689.873567,298689.873556,4091.6421035068493,36.100102,294115.757727,34416.21200108671,92.6004842,63.52938666666667,11.395986418287588,0.24440065251701668,26,64,,True,True,,330,87.6246207195492
231,2026-09-18T06:50:37.475+00:00,2026-09-18T06:55:32.533+00:00,2026-09-18T06:55:37.503+00:00,False,80,79.0,,79.0,295058.104838,300027.588614,300027.588746,3750.3448593250005,0.023710000000000002,295058.104838,32981.46874541662,92.98177695,62.90485792405064,13.520002640670306,0.2633091188878544,26,64,,True,False,Request timeout: 300.0s exceeded,254,87.6246207195492
232,2026-09-18T06:50:37.978+00:00,2026-09-18T06:55:34.265+00:00,2026-09-18T06:55:37.411+00:00,True,50,50.0,,50.0,296286.518898,299432.60069,299432.600556,5988.65201112,34.043375999999995,296286.518898,41892.162959523645,95.2586794,64.20575085714286,12.008866247456114,0.16698248582412897,26,64,,True,True,,293,87.6246207195492
233,2026-09-18T06:50:38.306+00:00,2026-09-18T06:55:35.832+00:00,2026-09-18T06:55:38.328+00:00,False,41,40.0,,40.0,297525.442843,300021.762843,300021.762721,7317.603968804878,0.0348,297525.442843,46455.923203097496,91.013899,62.408,13.903002038931128,0.133323661660277,26,64,,True,False,Request timeout: 300.0s exceeded,94,87.6246207195492
234,2026-09-18T06:50:38.850+00:00,2026-09-18T06:55:37.903+00:00,2026-09-18T06:55:38.889+00:00,False,18,17.0,,17.0,299052.969612,300039.22318,300039.223412,16668.84574511111,0.03523,299052.969612,70473.78828094881,44919.21230705,58.01491576470588,15.553751472739975,0.0566592588123098,26,64,,True,False,Request timeout: 300.0s exceeded,89,87.6246207195492
235,2026-09-18T06:50:39.416+00:00,2026-09-18T06:55:39.533+00:00,2026-09-18T06:55:39.533+00:00,False,1,0.0,,0.0,300116.918148,300116.918148,300116.918148,300116.918148,300116.918148,300116.918148,nan,300116.918148,nan,nan,0.0,26,64,,True,False,"HTTPConnectionPool(host='gpu03', port=9002): Read timed out.",0,87.6246207195492
236,2026-09-18T06:50:39.915+00:00,2026-09-18T06:55:39.986+00:00,2026-09-18T06:55:39.986+00:00,False,1,0.0,,0.0,300071.03941100003,300071.03941100003,300071.03941100003,300071.03941100003,300071.03941100003,300071.03941100003,nan,300071.03941100003,nan,nan,0.0,26,64,,True,False,TTFT timeout: 300.0s exceeded (TTFT: 300.049s),0,87.6246207195492
237,2026-09-18T06:50:40.341+00:00,2026-09-18T06:55:40.228+00:00,2026-09-18T06:55:40.319+00:00,True,2,2.0,,2.0,299887.674075,299978.457051,299978.457135,149989.2285675,90.78305999999999,299887.674075,211988.41461535083,284897.82952425,90.782976,nan,0.0066671454332468145,26,64,,True,True,,13,87.6246207195492
238,2026-09-18T06:50:40.783+00:00,2026-09-18T06:55:40.893+00:00,2026-09-18T06:55:40.893+00:00,False,1,0.0,,0.0,300109.166078,300109.166078,300109.166078,300109.166078,300109.166078,300109.166078,nan,300109.166078,nan,nan,0.0,26,64,,True,False,"HTTPConnectionPool(host='gpu03', port=9002): Read timed out.",0,87.6246207195492
239,2026-09-18T06:50:41.184+00:00,2026-09-18T06:55:41.248+00:00,2026-09-18T06:55:41.248+00:00,False,1,0.0,,0.0,300063.11167400004,300063.11167400004,300063.11167400004,300063.11167400004,300063.11167400004,300063.11167400004,nan,300063.11167400004,nan,nan,0.0,26,64,,True,False,"HTTPConnectionPool(host='gpu03', port=9002): Read timed out.",0,87.6246207195492
240,2026-09-18T06:50:41.638+00:00,2026-09-18T06:55:41.614+00:00,2026-09-18T06:55:41.682+00:00,False,3,2.0,,2.0,299975.858685,300044.39679699996,300044.396847,100014.79894899999,0.02265,299975.858685,173171.36088532698,269985.1243677,34.269056,48.43190436178995,0.006665680217161773,26,64,,True,False,Request timeout: 300.0s exceeded,3,87.6246207195492
241,2026-09-18T06:50:42.081+00:00,2026-09-18T06:55:42.198+00:00,2026-09-18T06:55:42.198+00:00,False,1,0.0,,0.0,300117.21253799996,300117.21253799996,300117.21253799996,300117.21253799996,300117.21253799996,300117.21253799996,nan,300117.21253799996,nan,nan,0.0,26,64,,True,False,"HTTPConnectionPool(host='gpu03', port=9002): Read timed out.",0,87.6246207195492
242,2026-09-18T06:50:42.468+00:00,2026-09-18T06:55:42.540+00:00,2026-09-18T06:55:42.540+00:00,False,1,0.0,,0.0,300072.520662,300072.520662,300072.520662,300072.520662,300072.520662,300072.520662,nan,300072.520662,nan,nan,0.0,26,64,,True,False,"HTTPConnectionPool(host='gpu03', port=9002): Read timed out.",0,87.6246207195492
243,2026-09-18T06:50:42.943+00:00,2026-09-18T06:55:42.817+00:00,2026-09-18T06:55:42.980+00:00,False,4,3.0,,3.0,299873.65560299996,300036.44472299994,300036.44474799995,75009.11118699999,0.03622,299873.65560299996,149909.70131985442,254905.99822649997,54.26304,47.62098489794834,0.009998785323461835,26,64,,True,False,Request timeout: 300.0s exceeded,13,87.6246207195492
244,2026-09-18T06:50:43.311+00:00,2026-09-18T06:55:43.141+00:00,2026-09-18T06:55:43.371+00:00,False,6,5.0,,5.0,299829.710036,300059.885268,300059.885244,50009.980874,0.13547,299829.710036,122386.17537949796,224889.52356725,46.0350464,27.954578283841176,0.016663340371320293,26,64,,True,False,Request timeout: 300.0s exceeded,15,87.6246207195492
245,2026-09-18T06:50:43.798+00:00,2026-09-18T06:55:43.909+00:00,2026-09-18T06:55:43.909+00:00,False,1,0.0,,0.0,300111.092657,300111.092657,300111.092657,300111.092657,300111.092657,300111.092657,nan,300111.092657,nan,nan,0.0,26,64,,True,False,"HTTPConnectionPool(host='gpu03', port=9002): Read timed out.",0,87.6246207195492
246,2026-09-18T06:50:44.125+00:00,2026-09-18T06:55:44.153+00:00,2026-09-18T06:55:44.153+00:00,False,1,0.0,,0.0,300027.674764,300027.674764,300027.674764,300027.674764,300027.674764,300027.674764,nan,300027.674764,nan,nan,0.0,26,64,,True,False,TTFT timeout: 300.0s exceeded (TTFT: 300.023s),0,87.6246207195492
247,2026-09-18T06:50:44.593+00:00,2026-09-18T06:55:44.423+00:00,2026-09-18T06:55:45.814+00:00,False,24,23.0,,23.0,299830.717832,301221.388936,301221.388753,12550.891198041667,0.04246,299830.717832,61190.349525158286,91.8831642,60.46396104347826,18.5385318626751,0.07635579957068311,26,64,,True,False,Request timeout: 300.0s exceeded,90,87.6246207195492
248,2026-09-18T06:50:44.984+00:00,2026-09-18T06:55:45.241+00:00,2026-09-18T06:55:45.859+00:00,False,11,10.0,,10.0,300256.936683,300874.80522700003,300874.805224,27352.25502036364,0.02431,300256.936683,90512.24673279069,150175.114969,61.786854399999996,26.426992216153625,0.033236415367033915,26,64,,True,False,Request timeout: 300.0s exceeded,39,87.6246207195492
249,2026-09-18T06:50:45.372+00:00,2026-09-18T06:55:45.690+00:00,2026-09-18T06:55:45.907+00:00,False,6,5.0,,5.0,300318.61525599996,300535.24859999993,300535.24869999994,50089.20811666666,0.08224,300318.61525599996,122586.87561975534,225255.26205899997,43.3266688,27.0846140463333,0.01663698359274587,26,64,,True,False,Request timeout: 300.0s exceeded,12,87.6246207195492
250,2026-09-18T06:50:45.875+00:00,2026-09-18T06:55:45.989+00:00,2026-09-18T06:55:45.989+00:00,False,1,0.0,,0.0,300114.892486,300114.892486,300114.892486,300114.892486,300114.892486,300114.892486,nan,300114.892486,nan,nan,0.0,26,64,,True,False,"HTTPConnectionPool(host='gpu03', port=9002): Read timed out.",0,87.6246207195492
251,2026-09-18T06:50:46.445+00:00,2026-09-18T06:55:46.712+00:00,2026-09-18T06:55:46.712+00:00,False,1,0.0,,0.0,300267.328226,300267.328226,300267.328226,300267.328226,300267.328226,300267.328226,nan,300267.328226,nan,nan,0.0,26,64,,True,False,"HTTPConnectionPool(host='gpu03', port=9002): Read timed out.",0,87.6246207195492
252,2026-09-18T06:50:46.960+00:00,2026-09-18T06:55:47.075+00:00,2026-09-18T06:55:47.075+00:00,False,1,0.0,,0.0,300115.609877,300115.609877,300115.609877,300115.609877,300115.609877,300115.609877,nan,300115.609877,nan,nan,0.0,26,64,,True,False,"HTTPConnectionPool(host='gpu03', port=9002): Read timed out.",0,87.6246207195492
253,2026-09-18T06:50:47.335+00:00,2026-09-18T06:55:47.288+00:00,2026-09-18T06:55:47.350+00:00,False,3,2.0,,2.0,299953.334812,300014.750236,300014.750376,100004.91679199999,0.03432,299953.334812,173160.4121685634,269964.1394552,30.707712,43.37874959780339,0.006666338899759909,26,64,,True,False,Request timeout: 300.0s exceeded,2,87.6246207195492
254,2026-09-18T06:50:47.815+00:00,2026-09-18T06:55:47.409+00:00,2026-09-18T06:55:47.856+00:00,False,10,9.0,,9.0,299594.637644,300041.317196,300041.317296,30004.1317296,0.03786,299594.637644,94724.45031810661,164805.67873715,49.631061333333335,20.996573362111445,0.029995868849358533,26,64,,True,False,Request timeout: 300.0s exceeded,29,87.6246207195492
255,2026-09-18T06:50:48.188+00:00,2026-09-18T06:55:48.293+00:00,2026-09-18T06:55:48.293+00:00,False,1,0.0,,0.0,300105.27473500004,300105.27473500004,300105.27473500004,300105.27473500004,300105.27473500004,300105.27473500004,nan,300105.27473500004,nan,nan,0.0,26,64,,True,False,"HTTPConnectionPool(host='gpu03', port=9002): Read timed out.",0,87.6246207195492
256,2026-09-18T06:50:48.596+00:00,2026-09-18T06:55:48.557+00:00,2026-09-18T06:55:48.656+00:00,False,3,2.0,,2.0,299961.671585,300060.493217,300060.493099,100020.16436633334,0.038579999999999996,299961.671585,173154.43156115283,269975.3827199,49.410816,69.82277827565443,0.006665322643969744,26,64,,True,False,Request timeout: 300.0s exceeded,9,87.6246207195492
257,2026-09-18T06:50:49.086+00:00,2026-09-18T06:55:48.956+00:00,2026-09-18T06:55:49.105+00:00,False,4,3.0,,3.0,299870.17977399996,300018.25094199996,300018.25099599996,75004.56274899999,0.046319000000000006,299870.17977399996,149910.41587970892,254902.94636349997,49.357056,45.13477036198146,0.009999391672275182,26,64,,True,False,Request timeout: 300.0s exceeded,10,87.6246207195492
258,2026-09-18T06:50:49.445+00:00,2026-09-18T06:55:49.567+00:00,2026-09-18T06:55:49.567+00:00,False,1,0.0,,0.0,300121.998752,300121.998752,300121.998752,300121.998752,300121.998752,300121.998752,nan,300121.998752,nan,nan,0.0,26,64,,True,False,"HTTPConnectionPool(host='gpu03', port=9002): Read timed out.",0,87.6246207195492
259,2026-09-18T06:50:49.985+00:00,2026-09-18T06:55:50.022+00:00,2026-09-18T06:55:50.022+00:00,False,1,0.0,,0.0,300036.375859,300036.375859,300036.375859,300036.375859,300036.375859,300036.375859,nan,300036.375859,nan,nan,0.0,26,64,,True,False,TTFT timeout: 300.0s exceeded (TTFT: 300.029s),0,87.6246207195492
260,2026-09-18T06:50:50.473+00:00,2026-09-18T06:55:50.380+00:00,2026-09-18T06:55:50.517+00:00,False,4,3.0,,3.0,299906.87263,300043.35135,300043.351274,75010.8378185,0.0268,299906.87263,149930.69336008388,254931.70293159998,45.49290666666666,39.5961850799427,0.009998555163785334,26,64,,True,False,Request timeout: 300.0s exceeded,22,87.6246207195492
261,2026-09-18T06:50:51.028+00:00,2026-09-18T06:55:51.140+00:00,2026-09-18T06:55:51.140+00:00,False,1,0.0,,0.0,300111.754991,300111.754991,300111.754991,300111.754991,300111.754991,300111.754991,nan,300111.754991,nan,nan,0.0,26,64,,True,False,"HTTPConnectionPool(host='gpu03', port=9002): Read timed out.",0,87.6246207195492
262,2026-09-18T06:50:51.412+00:00,2026-09-18T06:55:51.398+00:00,2026-09-18T06:55:51.458+00:00,False,3,2.0,,2.0,299986.198847,300046.18067100004,300046.180585,100015.39352833334,0.02537,299986.198847,173179.80001368,269993.57459910004,29.990912,42.37771266981322,0.006665640587483416,26,64,,True,False,Request timeout: 300.0s exceeded,7,87.6246207195492
263,2026-09-18T06:50:51.900+00:00,2026-09-18T06:55:51.799+00:00,2026-09-18T06:55:51.922+00:00,False,4,3.0,,3.0,299899.537027,300022.163075,300022.16314699996,75005.54078674999,0.07723000000000001,299899.537027,149929.33360345924,254923.90649439997,40.87534933333333,35.339808940965675,0.00999926128540729,26,64,,True,False,Request timeout: 300.0s exceeded,11,87.6246207195492
264,2026-09-18T06:50:52.279+00:00,2026-09-18T06:55:52.349+00:00,2026-09-18T06:55:52.349+00:00,False,1,0.0,,0.0,300070.918256,300070.918256,300070.918256,300070.918256,300070.918256,300070.918256,nan,300070.918256,nan,nan,0.0,26,64,,True,False,"HTTPConnectionPool(host='gpu03', port=9002): Read timed out.",0,87.6246207195492
265,2026-09-18T06:50:52.712+00:00,2026-09-18T06:55:52.725+00:00,2026-09-18T06:55:52.725+00:00,False,1,0.0,,0.0,300013.43860299996,300013.43860299996,300013.43860299996,300013.43860299996,300013.43860299996,300013.43860299996,nan,300013.43860299996,nan,nan,0.0,26,64,,True,False,TTFT timeout: 300.0s exceeded (TTFT: 300.008s),0,87.6246207195492
266,2026-09-18T06:50:53.102+00:00,2026-09-18T06:55:52.890+00:00,2026-09-18T06:55:53.144+00:00,False,9,8.0,,8.0,299787.469967,300041.58247900003,300041.58255,33337.953616666666,0.04102,299787.469967,99918.56935237796,179887.4810758,31.764064,12.832261730153016,0.026662970958566786,26,64,,True,False,Request timeout: 300.0s exceeded,31,87.6246207195492
0,2026-09-18T06:48:53.160+00:00,2026-09-18T06:48:53.416+00:00,2026-09-18T06:48:56.567+00:00,True,57,57.0,,57.0,255.322056,3406.53332,3406.53343,59.76374438596491,11.00925,255.322056,29.495567317638418,74.87213679999999,56.271629714285716,13.34398378787746,16.732553198687047,27,64,,False,True,,301,87.6246207195492
1,2026-09-18T06:48:53.581+00:00,2026-09-18T06:48:53.708+00:00,2026-09-18T06:48:55.108+00:00,True,26,26.0,,26.0,127.27982399999999,1526.4148,1526.414704,58.70825784615385,17.546796999999998,127.27982399999999,19.859646681501786,87.35522525,55.96539904,14.390345854632463,17.033377821022174,27,64,,False,True,,75,87.6246207195492
2,2026-09-18T06:48:53.957+00:00,2026-09-18T06:48:54.404+00:00,2026-09-18T06:48:58.170+00:00,True,64,64.0,,64.0,446.69577000000004,4212.428634,4212.428453,65.819194578125,36.196163,446.69577000000004,49.05266868750848,69.81408400000001,59.77353752380952,8.248867760533706,15.193135732539986,27,64,,False,True,,295,87.6246207195492
3,2026-09-18T06:48:54.312+00:00,2026-09-18T06:48:56.696+00:00,2026-09-18T06:49:00.467+00:00,True,63,63.0,,63.0,2384.40584,6154.982991999999,6154.982863,97.69814068253969,15.930710999999999,2384.40584,292.9435057020394,72.5356352,60.81576051612903,10.875062396951051,10.235609112467879,27,64,,False,True,,241,87.6246207195492
4,2026-09-18T06:48:54.702+00:00,2026-09-18T06:48:58.231+00:00,2026-09-18T06:48:59.141+00:00,True,16,16.0,,16.0,3528.553343,4439.037055,4439.037021,277.4398138125,41.475493,3528.553343,866.9907493110495,935.5893117499999,60.69891413333333,7.100975430673631,3.604385320906045,27,64,,False,True,,77,87.6246207195492
5,2026-09-18T06:48:55.008+00:00,2026-09-18T06:48:59.075+00:00,2026-09-18T06:49:01.006+00:00,True,33,33.0,,33.0,4067.0588629999997,5998.104495,5998.1044249999995,181.76074015151514,11.467699,4067.0588629999997,697.6239925492478,85.4197536,60.345176,14.433761343921876,5.501738095344736,27,64,,False,True,,113,87.6246207195492
6,2026-09-18T06:48:55.305+00:00,2026-09-18T06:49:00.037+00:00,2026-09-18T06:49:05.367+00:00,True,91,91.0,,91.0,4732.097187,10061.591203,10061.591303000001,110.5669373956044,0.0,4732.097187,490.15271241456384,70.47198900000001,59.21660017777778,17.292065817868714,9.044295098459884,27,64,,False,True,,402,87.6246207195492
7,2026-09-18T06:48:55.840+00:00,2026-09-18T06:49:01.977+00:00,2026-09-18T06:49:07.544+00:00,True,94,94.0,,94.0,6136.295577999999,11703.217561999998,11703.217513,124.5023139680851,0.0,6136.295577999999,626.9659575579818,68.7259235,59.859376172043014,17.051304920421597,8.031979197346141,27,64,,False,True,,491,87.6246207195492
8,2026-09-18T06:48:56.162+00:00,2026-09-18T06:49:03.259+00:00,2026-09-18T06:49:06.426+00:00,True,54,54.0,,54.0,7097.51148,10263.875128,10263.875117,190.07176142592593,6.163308,7097.51148,957.8761342248347,69.18857725000001,59.74271033962264,17.514282382086677,5.2611707884761,27,64,,False,True,,207,87.6246207195492
9,2026-09-18T06:48:56.608+00:00,2026-09-18T06:49:05.076+00:00,2026-09-18T06:49:08.027+00:00,True,49,49.0,,49.0,8467.725015,11418.871255,11418.871361,233.03819104081632,0.01691,8467.725015,1201.7476103135784,121.24088499999998,61.482213333333334,45.82444724038366,4.291142172090283,27,64,,False,True,,262,87.6246207195492
10,2026-09-18T06:48:57.090+00:00,2026-09-18T06:49:06.801+00:00,2026-09-18T06:49:07.967+00:00,True,20,20.0,,20.0,9711.878472999999,10877.752137,10877.752016999999,543.8876008499999,0.019370000000000002,9711.878472999999,2158.9700422189303,796.0659059999999,61.361771789473686,69.1343352894743,1.8386151613044426,27,64,,False,True,,79,87.6246207195492
11,2026-09-18T06:48:57.546+00:00,2026-09-18T06:49:08.468+00:00,2026-09-18T06:49:11.554+00:00,True,53,53.0,,53.0,10922.049625,14007.591001,14007.591101,264.2941717169811,0.0,10922.049625,1492.314714910106,68.8199638,59.33733415384615,25.06295475945574,3.783662729459786,27,64,,False,True,,188,87.6246207195492
12,2026-09-18T06:48:57.904+00:00,2026-09-18T06:49:09.798+00:00,2026-09-18T06:49:10.219+00:00,True,8,8.0,,8.0,11893.854179,12315.071203,12315.071186,1539.38389825,56.741465,11893.854179,4183.838776664736,7753.7354795,60.17386057142858,3.0868114773882156,0.649610535589203,27,64,,False,True,,43,87.6246207195492
13,2026-09-18T06:48:58.423+00:00,2026-09-18T06:49:11.680+00:00,2026-09-18T06:49:16.028+00:00,True,74,74.0,,74.0,13256.577356,17604.574284,17604.574436,237.89965454054052,0.0,13256.577356,1534.307500368809,69.60966965,59.56160175342466,24.02809998434149,4.203452966610801,27,64,,False,True,,329,87.6246207195492
14,2026-09-18T06:48:58.846+00:00,2026-09-18T06:49:13.346+00:00,2026-09-18T06:49:14.847+00:00,True,26,26.0,,26.0,14500.133824999999,16001.604033,16001.604145,615.4463132692307,0.0,14500.133824999999,2832.1969610373917,188.81240350000004,60.05880832,39.560883353264565,1.6248371067288239,27,64,,False,True,,93,87.6246207195492
15,2026-09-18T06:48:59.336+00:00,2026-09-18T06:49:14.972+00:00,2026-09-18T06:49:15.864+00:00,True,16,16.0,,16.0,15636.587123,16527.614579,16527.614497,1032.9759060625,36.310453,15636.587123,3894.3074991948956,3963.3027620000003,59.4018304,9.656737761264669,0.9680767858859446,27,64,,False,True,,73,87.6246207195492
16,2026-09-18T06:48:59.769+00:00,2026-09-18T06:49:16.950+00:00,2026-09-18T06:49:16.950+00:00,True,2,2.0,,2.0,17181.088793000003,17181.088793000003,17181.088793000003,8590.544396500001,0.0,17181.088793000003,12148.864393698497,16322.034353350004,0.0,nan,0.11640705802154104,27,64,,False,True,,6,87.6246207195492
17,2026-09-18T06:49:00.261+00:00,2026-09-18T06:49:18.374+00:00,2026-09-18T06:49:21.663+00:00,True,54,54.0,,54.0,18113.260191,21401.970079000002,21401.969960000002,396.33277703703703,0.0,18113.260191,2457.3129807602204,172.30250130000002,62.05112996226415,65.42093912247358,2.523132207019847,27,64,,False,True,,239,87.6246207195492
18,2026-09-18T06:49:00.680+00:00,2026-09-18T06:49:20.258+00:00,2026-09-18T06:49:20.940+00:00,True,15,15.0,,15.0,19578.000379,20260.111867,20260.111811000002,1350.6741207333334,0.0,19578.000379,5042.487362007006,5920.044820900001,48.722249142857144,23.169959257039544,0.7403710353856557,27,64,,False,True,,63,87.6246207195492
19,2026-09-18T06:49:01.162+00:00,2026-09-18T06:49:21.714+00:00,2026-09-18T06:49:26.903+00:00,True,86,86.0,,86.0,20552.450138999997,25740.928090999998,25740.928176999998,299.3131183372093,0.0,20552.450138999997,2209.960772028779,90.06928475000001,61.04091708235294,37.55053700554731,3.340982877383852,27,64,,False,True,,334,87.6246207195492
20,2026-09-18T06:49:01.675+00:00,2026-09-18T06:49:23.775+00:00,2026-09-18T06:49:28.520+00:00,True,81,81.0,,81.0,22100.335922,26845.507378,26845.507353999998,331.4260167160494,0.0,22100.335922,2449.627785088637,92.239568,59.314643200000006,55.69998603982207,3.0172646342449028,27,64,,False,True,,315,87.6246207195492
21,2026-09-18T06:49:02.043+00:00,2026-09-18T06:49:25.185+00:00,2026-09-18T06:49:26.098+00:00,True,17,17.0,,17.0,23142.094446,24054.253934,24054.253961,1414.9561153529412,34.248886,23142.094446,5598.966934595266,4683.572706800001,57.009968,11.74155025640736,0.7067357003316151,27,64,,False,True,,60,87.6246207195492
22,2026-09-18T06:49:02.504+00:00,2026-09-18T06:49:27.021+00:00,2026-09-18T06:49:27.145+00:00,True,3,3.0,,3.0,24516.755771,24640.826683,24640.826831,8213.608943666666,56.652255,24516.755771,14118.940340366958,22071.8220744,62.035456,7.613311232804818,0.12174916201450886,27,64,,False,True,,18,87.6246207195492
23,2026-09-18T06:49:02.836+00:00,2026-09-18T06:49:28.470+00:00,2026-09-18T06:49:33.734+00:00,True,92,92.0,,92.0,25634.313315000003,30898.227043000003,30898.226993000004,335.850293402174,0.0,25634.313315000003,2666.976061040607,70.26324410000001,57.845205802197796,48.983742987659774,2.97751712005892,27,64,,False,True,,443,87.6246207195492
24,2026-09-18T06:49:03.331+00:00,2026-09-18T06:49:30.224+00:00,2026-09-18T06:49:32.792+00:00,True,44,44.0,,44.0,26893.155556,29460.484068,29460.484055,669.5564557954546,37.194811,26893.155556,4045.3018476669686,71.20382490000001,59.70531423255814,7.623639513268027,1.493526036382845,27,64,,False,True,,203,87.6246207195492
25,2026-09-18T06:49:03.694+00:00,2026-09-18T06:49:31.732+00:00,2026-09-18T06:49:34.248+00:00,True,43,43.0,,43.0,28038.073858,30553.596418,30553.596523,710.5487563488372,0.0,28038.073858,4267.176167418648,68.8169363,59.89339428571429,68.93862448635849,1.4073629634862712,27,64,,False,True,,210,87.6246207195492
26,2026-09-18T06:49:04.073+00:00,2026-09-18T06:49:33.473+00:00,2026-09-18T06:49:35.255+00:00,True,36,36.0,,36.0,29400.463776,31182.123936,31182.123869,866.1701074722222,0.0,29400.463776,4892.313900646384,187.1399815,50.904576,85.19771998887894,1.1545076298807768,27,64,,False,True,,53,87.6246207195492
27,2026-09-18T06:49:04.401+00:00,2026-09-18T06:49:34.375+00:00,2026-09-18T06:49:36.161+00:00,True,31,31.0,,31.0,29974.322351,31760.059310999997,31760.059168,1024.5180376774192,0.01759,29974.322351,5373.693691256988,317.11192800000003,59.524565333333335,96.48556301270855,0.9760687061835318,27,64,,False,True,,155,87.6246207195492
28,2026-09-18T06:49:04.925+00:00,2026-09-18T06:49:36.346+00:00,2026-09-18T06:49:36.473+00:00,True,3,3.0,,3.0,31421.15982,31547.51246,31547.512637,10515.837545666667,60.255358,31421.15982,18104.54039951965,28285.653583900003,63.17632,4.1310422664852995,0.0950946609119748,27,64,,False,True,,9,87.6246207195492
29,2026-09-18T06:49:05.346+00:00,2026-09-18T06:49:37.780+00:00,2026-09-18T06:49:41.552+00:00,True,65,65.0,,65.0,32433.965627,36205.760827,36205.760879,557.0117058307693,0.0,32433.965627,4016.055739546486,72.0733412,58.9343,59.047380675808036,1.7952944093782737,27,64,,False,True,,323,87.6246207195492
30,2026-09-18T06:49:05.748+00:00,2026-09-18T06:49:39.339+00:00,2026-09-18T06:49:43.609+00:00,True,71,71.0,,71.0,33590.315349,37860.94498099999,37860.945191,533.252749169014,34.094238,33590.315349,3979.2200726888814,95.00300999999999,61.00899474285714,13.772529025264665,1.8752833569164846,27,64,,False,True,,449,87.6246207195492
31,2026-09-18T06:49:06.098+00:00,2026-09-18T06:49:40.554+00:00,2026-09-18T06:49:45.578+00:00,True,82,82.0,,82.0,34455.709538,39479.648098000005,39479.64798,481.4591217073171,0.0,34455.709538,3798.676403300046,97.5516561,62.02393283950617,63.8012854469926,2.0770195265279994,27,64,,False,True,,398,87.6246207195492
32,2026-09-18T06:49:06.449+00:00,2026-09-18T06:49:42.256+00:00,2026-09-18T06:49:48.122+00:00,True,95,95.0,,95.0,35807.700898,41673.884578000005,41673.884716,438.6724706947369,0.0,35807.700898,3667.8666249205494,92.7609497,62.40620936170213,59.454539543358415,2.2796051042995713,27,64,,False,True,,378,87.6246207195492
33,2026-09-18T06:49:06.800+00:00,2026-09-18T06:49:43.350+00:00,2026-09-18T06:49:46.216+00:00,True,48,48.0,,48.0,36549.831463,39415.736359,39415.736226,821.1611713750001,0.0,36549.831463,5267.351869098383,91.29887575,60.97669991489362,82.95326972404375,1.2177877272877564,27,64,,False,True,,218,87.6246207195492
34,2026-09-18T06:49:07.156+00:00,2026-09-18T06:49:44.612+00:00,2026-09-18T06:49:45.296+00:00,True,8,8.0,,8.0,37455.438608000004,38139.119376,38139.119417,4767.389927125,0.0,37455.438608000004,13209.531111451979,24553.47622665,97.66868114285715,219.61460586738127,0.2097583827547471,27,64,,False,True,,32,87.6246207195492
35,2026-09-18T06:49:07.643+00:00,2026-09-18T06:49:46.720+00:00,2026-09-18T06:49:52.461+00:00,True,84,84.0,,84.0,39077.193031999996,44818.414919999996,44818.414751,533.5525565595237,0.016190000000000003,39077.193031999996,4257.0937635648115,88.45374084999999,69.17134804819277,91.40925070997272,1.8742296029419687,27,64,,False,True,,428,87.6246207195492
36,2026-09-18T06:49:07.953+00:00,2026-09-18T06:49:48.126+00:00,2026-09-18T06:49:52.458+00:00,True,63,63.0,,63.0,40173.135064999995,44505.495512999994,44505.495563,706.4364375079364,0.0,40173.135064999995,5053.671086162578,90.1760535,69.87678141935484,107.99675218484703,1.4155555235105244,27,64,,False,True,,273,87.6246207195492
37,2026-09-18T06:49:08.464+00:00,2026-09-18T06:49:50.012+00:00,2026-09-18T06:49:53.072+00:00,True,51,51.0,,51.0,41547.689747000004,44608.06043500001,44608.060341000004,874.6678498235295,0.0,41547.689747000004,5809.952203330512,87.45048849999999,61.20741376,89.96889258444905,1.1432911339939094,27,64,,False,True,,240,87.6246207195492
38,2026-09-18T06:49:08.895+00:00,2026-09-18T06:49:51.520+00:00,2026-09-18T06:49:54.771+00:00,True,53,53.0,,53.0,42624.874645,45876.191381000004,45876.191167000004,865.5885125849057,0.0,42624.874645,5847.079162394481,97.9498012,62.52532184615385,90.75735067482051,1.1552833486074954,27,64,,False,True,,249,87.6246207195492
39,2026-09-18T06:49:09.382+00:00,2026-09-18T06:49:53.607+00:00,2026-09-18T06:49:57.746+00:00,True,68,68.0,,68.0,44224.996530000004,48364.00709000001,48364.006954000004,711.235396382353,35.662944,44224.996530000004,5355.590839630911,91.75811184999999,61.77627701492538,12.216561105184494,1.40600426001633,27,64,,False,True,,307,87.6246207195492
40,2026-09-18T06:49:09.879+00:00,2026-09-18T06:49:56.074+00:00,2026-09-18T06:50:02.669+00:00,True,97,97.0,,97.0,46195.338872,52790.751864,52790.751715,544.2345537628865,0.0,46195.338872,4685.120755654003,94.4067718,68.70221866666667,125.75340072443755,1.8374430477878445,27,64,,False,True,,499,87.6246207195492
41,2026-09-18T06:49:10.412+00:00,2026-09-18T06:49:58.065+00:00,2026-09-18T06:50:02.706+00:00,True,73,73.0,,73.0,47653.369309,52294.327773000005,52294.327837000004,716.3606553013699,0.0,47653.369309,5571.931287628693,98.4104642,64.45775644444444,152.95041901204672,1.3959448970618664,27,64,,False,True,,416,87.6246207195492
42,2026-09-18T06:49:10.816+00:00,2026-09-18T06:49:59.524+00:00,2026-09-18T06:50:04.786+00:00,True,87,87.0,,87.0,48707.5663,53969.929436,53969.929452,620.3440166896552,0.0,48707.5663,5217.157318829759,93.65499919999998,61.190269023255816,134.67717195660077,1.6120087780208896,27,64,,False,True,,420,87.6246207195492
43,2026-09-18T06:49:11.221+00:00,2026-09-18T06:50:01.191+00:00,2026-09-18T06:50:02.895+00:00,True,29,29.0,,29.0,49970.080685999994,51674.28881399999,51674.28900199999,1781.872034551724,0.01654,49970.080685999994,9269.598552981774,616.3748346,60.864576,180.23502815214343,0.5612075301971664,27,64,,False,True,,134,87.6246207195492
44,2026-09-18T06:49:11.664+00:00,2026-09-18T06:50:03.072+00:00,2026-09-18T06:50:03.883+00:00,True,14,14.0,,14.0,51407.906148999995,52218.876517,52218.876623,3729.919758785714,36.891642,51407.906148999995,13722.6746275027,18054.78274475,62.382336,13.5429669990944,0.26810228281035997,27,64,,False,True,,54,87.6246207195492
45,2026-09-18T06:49:12.208+00:00,2026-09-18T06:50:05.546+00:00,2026-09-18T06:50:09.944+00:00,True,69,69.0,,69.0,53338.798545000005,57735.989713,57735.989723000006,836.7534742463769,0.0,53338.798545000005,6414.178090211129,100.64538259999999,64.664576,97.22233931631766,1.1950951277182966,27,64,,False,True,,400,87.6246207195492
46,2026-09-18T06:49:12.528+00:00,2026-09-18T06:50:06.843+00:00,2026-09-18T06:50:07.748+00:00,True,15,15.0,,15.0,54314.949538,55219.812770000004,55219.812759,3681.3208506,39.981976,54314.949538,14007.380149836596,16364.929511199998,64.633088,16.17676253717208,0.2716416309210894,27,64,,False,True,,51,87.6246207195492
47,2026-09-18T06:49:12.937+00:00,2026-09-18T06:50:08.468+00:00,2026-09-18T06:50:12.557+00:00,True,67,67.0,,67.0,55531.682810000006,59620.88908200001,59620.88916600001,889.8640174029852,0.0,55531.682810000006,6777.398436984067,95.408272,61.95767078787879,97.65575727398655,1.1237672069574653,27,64,,False,True,,302,87.6246207195492
48,2026-09-18T06:49:13.301+00:00,2026-09-18T06:50:09.904+00:00,2026-09-18T06:50:12.316+00:00,True,44,44.0,,44.0,56602.781529,59014.671705,59014.671489,1341.2425338409091,0.0,56602.781529,8524.757142269686,92.49855215,56.09046920930233,19.912350980381802,0.7455773069440309,27,64,,False,True,,168,87.6246207195492
49,2026-09-18T06:49:13.820+00:00,2026-09-18T06:50:11.611+00:00,2026-09-18T06:50:12.701+00:00,True,20,20.0,,20.0,57791.055383,58880.462103,58880.462194,2944.0231097,36.806902,57791.055383,12909.65545368184,2955.2090104999997,57.33719578947368,9.917197666127842,0.3396712472299192,27,64,,False,True,,71,87.6246207195492
50,2026-09-18T06:49:14.168+00:00,2026-09-18T06:50:13.052+00:00,2026-09-18T06:50:16.291+00:00,True,53,53.0,,53.0,58884.081492,62123.492436,62123.492536,1172.1413686037736,33.657576999999996,58884.081492,8079.799633640273,82.71363339999999,62.29636430769231,9.989314913217124,0.8531394150868277,27,64,,False,True,,320,87.6246207195492
51,2026-09-18T06:49:14.494+00:00,2026-09-18T06:50:14.355+00:00,2026-09-18T06:50:15.924+00:00,True,26,26.0,,26.0,59861.465283,61430.442946999996,61430.442799,2362.709338423077,39.539327,59861.465283,11727.494953572921,86.46308525,62.75910656,9.649238599994845,0.4232429191896252,27,64,,False,True,,109,87.6246207195492
52,2026-09-18T06:49:14.812+00:00,2026-09-18T06:50:15.633+00:00,2026-09-18T06:50:20.476+00:00,True,79,79.0,,79.0,60821.821306000005,65663.895418,65663.89538300001,831.1885491518988,0.0,60821.821306000005,6837.476545447402,117.35848320000001,62.077873230769235,142.7564706326043,1.2030964580627708,27,64,,False,True,,313,87.6246207195492
53,2026-09-18T06:49:15.351+00:00,2026-09-18T06:50:17.771+00:00,2026-09-18T06:50:20.202+00:00,True,26,26.0,,26.0,62420.085465000004,64850.464217,64850.464341000006,2494.2486285,50.692886,62420.085465000004,12223.703373902832,720.6080804999999,97.21515008,173.55915361450784,0.400922342097658,27,64,,False,True,,112,87.6246207195492
54,2026-09-18T06:49:15.692+00:00,2026-09-18T06:50:18.904+00:00,2026-09-18T06:50:20.223+00:00,True,21,21.0,,21.0,63211.505769,64530.363753000005,64530.363856,3072.8744693333333,0.0,63211.505769,13781.01286903748,950.174948,65.9428992,210.0864731358721,0.3254281981174128,27,64,,False,True,,104,87.6246207195492
55,2026-09-18T06:49:16.168+00:00,2026-09-18T06:50:20.804+00:00,2026-09-18T06:50:23.035+00:00,True,35,35.0,,35.0,64636.112038,66866.475942,66866.475923,1910.4707406571429,32.56809,64636.112038,10914.418197553621,96.36626349999999,65.59893835294118,14.557055218288475,0.523431203857057,27,64,,False,True,,119,87.6246207195492
56,2026-09-18T06:49:16.624+00:00,2026-09-18T06:50:22.243+00:00,2026-09-18T06:50:25.131+00:00,True,47,47.0,,47.0,65618.76042,68506.595044,68506.594973,1457.5871270851064,35.623205,65618.76042,9562.329196043718,93.5526079,62.77901356521739,11.294609709511493,0.6860653338530855,27,64,,False,True,,159,87.6246207195492
57,2026-09-18T06:49:16.998+00:00,2026-09-18T06:50:23.878+00:00,2026-09-18T06:50:24.582+00:00,True,13,13.0,,13.0,66880.466218,67584.03281,67584.03269000001,5198.771745384615,36.155113,66880.466218,18533.04503963457,26792.3676028,58.630549333333335,9.764793465552659,0.19235312631531018,27,64,,False,True,,66,87.6246207195492
58,2026-09-18T06:49:17.477+00:00,2026-09-18T06:50:25.804+00:00,2026-09-18T06:50:27.380+00:00,True,25,25.0,,25.0,68326.828886,69902.300758,69902.30092000001,2796.0920368,36.419552,68326.828886,13652.244563820213,96.2753604,65.64466133333333,14.83112364068358,0.35764201934567746,27,64,,False,True,,166,87.6246207195492
59,2026-09-18T06:49:17.930+00:00,2026-09-18T06:50:27.315+00:00,2026-09-18T06:50:29.705+00:00,True,40,40.0,,40.0,69384.323632,71774.8652,71774.865142,1794.37162855,37.039102,69384.323632,10960.940385081369,90.4310008,61.29593764102564,12.81054081406654,0.557298155678041,27,64,,False,True,,191,87.6246207195492
60,2026-09-18T06:49:18.488+00:00,2026-09-18T06:50:29.524+00:00,2026-09-18T06:50:33.228+00:00,True,61,61.0,,61.0,71036.307532,74739.94913200001,74739.94910900001,1225.2450673606559,0.0,71036.307532,9088.344218039218,96.99042100000001,61.72736,134.6173392254097,0.8161632528310455,27,64,,False,True,,304,87.6246207195492
61,2026-09-18T06:49:18.796+00:00,2026-09-18T06:50:30.611+00:00,2026-09-18T06:50:34.728+00:00,True,63,63.0,,63.0,71815.62459800001,75931.90568600001,75931.90565400002,1205.268343714286,0.0,71815.62459800001,9041.213616532876,96.82478219999999,66.39163045161291,174.6568632611988,0.8296907529296432,27,64,,False,True,,322,87.6246207195492
62,2026-09-18T06:49:19.104+00:00,2026-09-18T06:50:32.240+00:00,2026-09-18T06:50:34.875+00:00,True,38,38.0,,38.0,73135.903907,75770.258595,75770.258727,1993.9541770263158,0.0,73135.903907,11853.934993586523,248.32525944999998,71.19877535135134,176.23288885457077,0.5015160394675964,27,64,,False,True,,162,87.6246207195492
63,2026-09-18T06:49:19.585+00:00,2026-09-18T06:50:33.776+00:00,2026-09-18T06:50:38.261+00:00,True,74,74.0,,74.0,74190.200198,78675.808902,78675.80876300001,1063.1866049054054,0.01554,74190.200198,8617.988591580339,98.61258504999998,61.44669457534247,110.28576233455036,0.9405686580506052,27,64,,False,True,,319,87.6246207195492
64,2026-09-18T06:49:20.080+00:00,2026-09-18T06:50:35.467+00:00,2026-09-18T06:50:39.312+00:00,True,63,63.0,,63.0,75387.021876,79232.434996,79232.435043,1257.657699095238,35.541834,75387.021876,9490.065456292017,85.1273239,62.02279225806451,12.10472588478641,0.795128914101662,27,64,,False,True,,328,87.6246207195492
65,2026-09-18T06:49:20.484+00:00,2026-09-18T06:50:37.012+00:00,2026-09-18T06:50:41.197+00:00,True,67,67.0,,67.0,76527.876287,80712.892863,80712.89265600001,1204.6700396417912,32.933529,76527.876287,9341.630445746076,94.8607158,63.409342060606065,13.070740184406809,0.8301028202981657,27,64,,False,True,,213,87.6246207195492
66,2026-09-18T06:49:20.796+00:00,2026-09-18T06:50:38.447+00:00,2026-09-18T06:50:39.302+00:00,True,14,14.0,,14.0,77650.56091,78505.224334,78505.224554,5607.516039571428,47.771122000000005,77650.56091,20735.41857114519,27245.206929199998,65.7433403076923,13.200239483484378,0.17833208068340883,27,64,,False,True,,83,87.6246207195492
67,2026-09-18T06:49:21.581+00:00,2026-09-18T06:50:39.930+00:00,2026-09-18T06:50:41.048+00:00,True,18,18.0,,18.0,78349.805498,79467.348666,79467.34868,4414.8527044444445,35.266655,78349.805498,18451.74019381223,11836.66108665,65.7378334117647,18.248007635006786,0.22650812317463506,27,64,,False,True,,75,87.6246207195492
68,2026-09-18T06:49:21.655+00:00,2026-09-18T06:50:41.603+00:00,2026-09-18T06:50:44.154+00:00,True,41,41.0,,41.0,79948.017381,82498.520805,82498.520721,2012.1590419756096,37.74807,79948.017381,12475.83135905352,98.892277,63.7625856,13.164213657980948,0.496978607615412,27,64,,False,True,,209,87.6246207195492
69,2026-09-18T06:49:22.156+00:00,2026-09-18T06:50:43.566+00:00,2026-09-18T06:50:45.761+00:00,True,25,25.0,,25.0,81409.63534000001,83604.49178800001,83604.49192700001,3344.17967708,0.0,81409.63534000001,16265.287123025084,973.7489054000001,91.452352,236.69431081108712,0.2990269956235571,27,64,,False,True,,107,87.6246207195492
70,2026-09-18T06:49:22.714+00:00,2026-09-18T06:50:45.759+00:00,2026-09-18T06:50:47.998+00:00,True,43,43.0,,43.0,83044.64074799999,85283.296748,85283.29679499999,1983.3324836046509,0.0,83044.64074799999,12656.076919055358,73.3536977,53.30133333333334,20.563842033085084,0.5042018969676897,27,64,,False,True,,175,87.6246207195492
71,2026-09-18T06:49:23.049+00:00,2026-09-18T06:50:46.919+00:00,2026-09-18T06:50:50.093+00:00,True,53,53.0,,53.0,83869.932723,87044.430259,87044.430378,1642.3477429811321,38.287009,83869.932723,11512.040187292907,80.4060454,61.048029538461535,10.30346415259837,0.6088844494966413,27,64,,False,True,,320,87.6246207195492
72,2026-09-18T06:49:23.590+00:00,2026-09-18T06:50:48.824+00:00,2026-09-18T06:50:51.070+00:00,True,37,37.0,,37.0,85233.985133,87480.20644499999,87480.206486,2364.329905027027,40.326145,85233.985133,14002.127347293916,95.13482959999999,62.39503644444445,10.983846638430341,0.42295281988460337,27,64,,False,True,,159,87.6246207195492
73,2026-09-18T06:49:24.009+00:00,2026-09-18T06:50:50.149+00:00,2026-09-18T06:50:53.574+00:00,True,57,57.0,,57.0,86139.98374,89564.646012,89564.64620199999,1571.309582491228,36.69573200000001,86139.98374,11401.423457909466,74.8551152,61.154683428571424,9.665744164523812,0.6364118269653303,27,64,,False,True,,241,87.6246207195492
74,2026-09-18T06:49:24.426+00:00,2026-09-18T06:50:51.771+00:00,2026-09-18T06:50:53.324+00:00,True,26,26.0,,26.0,87344.879033,88897.780153,88897.779989,3419.145384192308,43.34574,87344.879033,17117.55952298383,82.5422725,62.1160448,7.015873805265694,0.2924707451103051,27,64,,False,True,,116,87.6246207195492
75,2026-09-18T06:49:24.973+00:00,2026-09-18T06:50:53.950+00:00,2026-09-18T06:50:57.573+00:00,True,58,58.0,,58.0,88976.70902699999,92599.82403499998,92599.82394199999,1596.5486886551723,35.446664,88976.70902699999,11674.87434746463,94.13094145,63.56342119298246,12.297870706362557,0.626351082244797,27,64,,False,True,,266,87.6246207195492
76,2026-09-18T06:49:25.455+00:00,2026-09-18T06:50:55.434+00:00,2026-09-18T06:50:59.787+00:00,True,72,72.0,,72.0,89978.801757,94331.624797,94331.624721,1310.1614544583333,35.664864,89978.801757,10596.882153329152,68.31334854999999,61.30736676056338,9.055614527507624,0.7632647074079635,27,64,,False,True,,392,87.6246207195492
77,2026-09-18T06:49:26.001+00:00,2026-09-18T06:50:57.571+00:00,2026-09-18T06:50:58.935+00:00,True,23,23.0,,23.0,91569.613127,92934.027079,92934.02713100001,4040.6098752608696,51.773214,91569.613127,19080.652767406416,67.0823732,62.018816,3.78506237594126,0.24748739210933468,27,64,,False,True,,102,87.6246207195492
78,2026-09-18T06:49:26.546+00:00,2026-09-18T06:50:59.662+00:00,2026-09-18T06:51:00.291+00:00,True,11,11.0,,11.0,93116.157498,93744.890426,93744.890455,8522.262768636363,57.271644,93116.157498,28056.621055396492,46593.350074,62.873292799999994,3.688260140666051,0.11733972859761503,27,64,,True,True,,39,87.6246207195492
79,2026-09-18T06:49:27.041+00:00,2026-09-18T06:51:01.526+00:00,2026-09-18T06:51:03.206+00:00,True,28,28.0,,28.0,94485.312538,96164.86505,96164.86507,3434.459466785714,42.772971,94485.312538,17844.29062319718,69.14969785,62.20564859259259,5.1139932365859675,0.29116663331708176,27,64,,True,True,,121,87.6246207195492
80,2026-09-18T06:49:27.563+00:00,2026-09-18T06:51:03.415+00:00,2026-09-18T06:51:03.480+00:00,True,2,2.0,,2.0,95851.701493,95916.066037,95916.066164,47958.033082,64.364671,95851.701493,67731.87541863607,91062.3346519,64.364544,nan,0.020851564108441356,27,64,,True,True,,6,87.6246207195492
81,2026-09-18T06:49:27.903+00:00,2026-09-18T06:51:04.787+00:00,2026-09-18T06:51:04.787+00:00,True,1,1.0,,1.0,96884.523384,96884.523384,96884.523384,96884.523384,96884.523384,96884.523384,nan,96884.523384,nan,nan,0.010321565974335433,27,64,,True,True,,1,87.6246207195492
82,2026-09-18T06:49:28.218+00:00,2026-09-18T06:51:06.095+00:00,2026-09-18T06:51:11.154+00:00,True,82,82.0,,82.0,97876.79435,102935.164142,102935.164129,1255.306879621951,37.58932,97876.79435,10801.794122330628,89.71927004999999,62.449009777777775,12.100849326526465,0.796617955423671,27,64,,True,True,,408,87.6246207195492
83,2026-09-18T06:49:28.710+00:00,2026-09-18T06:51:07.999+00:00,2026-09-18T06:51:09.735+00:00,True,29,29.0,,29.0,99289.08634000001,101024.64781200001,101024.648029,3483.6085527241385,39.841426,99289.08634000001,18426.015012036136,96.4489596,61.98433828571429,13.47464325458148,0.28705865972398165,27,64,,True,True,,130,87.6246207195492
84,2026-09-18T06:49:29.119+00:00,2026-09-18T06:51:09.735+00:00,2026-09-18T06:51:10.046+00:00,True,6,6.0,,6.0,100615.422049,100926.156641,100926.156674,16821.026112333333,57.773243,100615.422049,41050.70284060487,75478.48992050001,62.1469184,4.185389266768481,0.05944940538400107,27,64,,True,True,,25,87.6246207195492
85,2026-09-18T06:49:29.512+00:00,2026-09-18T06:51:11.277+00:00,2026-09-18T06:51:17.480+00:00,True,98,98.0,,98.0,101764.814404,107967.476548,107967.476676,1101.7089456734695,37.66979,101764.814404,10273.343395410993,91.6702247,63.94497055670104,9.328264295318935,0.9076807491784928,27,64,,True,True,,463,87.6246207195492
86,2026-09-18T06:49:30.044+00:00,2026-09-18T06:51:13.273+00:00,2026-09-18T06:51:18.959+00:00,True,89,89.0,,89.0,103229.438138,108914.99129,108914.991326,1223.763947483146,39.982236,103229.438138,10935.454185325792,90.45200059999999,64.60855854545454,9.54787211806196,0.8171510546516613,27,64,,True,True,,406,87.6246207195492
87,2026-09-18T06:49:30.488+00:00,2026-09-18T06:51:14.641+00:00,2026-09-18T06:51:20.459+00:00,True,91,91.0,,91.0,104153.488692,109971.323444,109971.32324499999,1208.4760796153846,40.120625999999994,104153.488692,10911.480672528489,92.98123749999999,64.64260835555555,10.260055065296632,0.8274884501716427,27,64,,True,True,,501,87.6246207195492
88,2026-09-18T06:49:30.979+00:00,2026-09-18T06:51:16.669+00:00,2026-09-18T06:51:22.602+00:00,True,93,93.0,,93.0,105689.637223,111623.159143,111623.159331,1200.2490250645162,35.032754999999995,105689.637223,10952.824362402618,94.801023,64.49480347826086,12.73126096906944,0.8331604365439798,27,64,,True,True,,410,87.6246207195492
89,2026-09-18T06:49:31.364+00:00,2026-09-18T06:51:18.291+00:00,2026-09-18T06:51:20.206+00:00,True,31,31.0,,31.0,106926.730445,108842.366157,108842.36621,3511.0440712903223,39.468326999999995,106926.730445,19193.1423680152,93.96802100000001,63.85452373333334,11.383118383778744,0.28481556488108645,27,64,,True,True,,148,87.6246207195492
90,2026-09-18T06:49:31.809+00:00,2026-09-18T06:51:19.546+00:00,2026-09-18T06:51:22.736+00:00,True,52,52.0,,52.0,107737.157589,110926.337237,110926.337227,2133.198792826923,35.642953999999996,107737.157589,14931.788851826836,95.0949168,62.5329342745098,12.335865511684052,0.4687795639452085,27,64,,True,True,,186,87.6246207195492
91,2026-09-18T06:49:32.116+00:00,2026-09-18T06:51:20.931+00:00,2026-09-18T06:51:25.432+00:00,True,73,73.0,,73.0,108815.212036,113315.97594,113315.975968,1552.2736433972602,35.107504999999996,108815.212036,12728.545985376475,92.67486600000001,62.51060977777777,11.417736968178497,0.6442163110226662,27,64,,True,True,,263,87.6246207195492
92,2026-09-18T06:49:32.672+00:00,2026-09-18T06:51:23.173+00:00,2026-09-18T06:51:27.543+00:00,True,71,71.0,,71.0,110500.535312,114870.60302400001,114870.60294600001,1617.8958161408452,33.809256999999995,110500.535312,13106.59682285507,90.77572249999999,62.42953874285714,11.522986565979611,0.6180867700778581,27,64,,True,True,,297,87.6246207195492
93,2026-09-18T06:49:32.974+00:00,2026-09-18T06:51:24.328+00:00,2026-09-18T06:51:29.240+00:00,True,79,79.0,,79.0,111354.093596,116265.468188,116265.468317,1471.7147888227848,38.891478,111354.093596,12521.235209173288,92.66701499999999,62.96634092307692,11.411996896900028,0.679479481149621,27,64,,True,True,,340,87.6246207195492
94,2026-09-18T06:49:33.386+00:00,2026-09-18T06:51:25.965+00:00,2026-09-18T06:51:27.164+00:00,True,21,21.0,,21.0,112578.467242,113777.376682,113777.376574,5417.970313047619,38.389769,112578.467242,24553.5570149539,91.55725000000001,59.945472,11.549810383295549,0.18457096315986934,27,64,,True,True,,115,87.6246207195492
95,2026-09-18T06:49:33.892+00:00,2026-09-18T06:51:28.222+00:00,2026-09-18T06:51:33.981+00:00,True,92,92.0,,92.0,114330.53652400001,120089.47898800002,120089.47889600002,1305.3204227826088,37.042552,114330.53652400001,11913.191890431477,96.788858,63.28508202197802,13.352092428714347,0.7660954213082491,27,64,,True,True,,392,87.6246207195492
96,2026-09-18T06:49:34.437+00:00,2026-09-18T06:51:30.533+00:00,2026-09-18T06:51:34.264+00:00,True,59,59.0,,59.0,116096.083611,119827.667355,119827.667405,2030.9774136440676,36.409542,116096.083611,15106.052065262907,94.503622,64.33765075862068,12.90775235415134,0.49237376728036697,27,64,,True,True,,182,87.6246207195492
98,2026-09-18T06:49:35.221+00:00,2026-09-18T06:51:32.328+00:00,2026-09-18T06:51:37.134+00:00,True,77,77.0,,77.0,117106.527244,121912.25857199999,121912.25839999999,1583.276083116883,34.099877,117106.527244,13338.32821365159,97.4902236,63.23330694736842,13.722112971781668,0.6316017839545207,27,64,,True,True,,264,87.6246207195492
97,2026-09-18T06:49:35.147+00:00,2026-09-18T06:51:32.819+00:00,2026-09-18T06:51:37.921+00:00,True,82,82.0,,82.0,117672.343757,122773.771213,122773.77128599999,1497.2411132439024,37.93013,117672.343757,12987.78750313345,93.72338914999999,62.98058587654321,12.611584156687075,0.6678950983572732,27,64,,True,True,,325,87.6246207195492
99,2026-09-18T06:49:35.502+00:00,2026-09-18T06:51:34.926+00:00,2026-09-18T06:51:39.409+00:00,True,73,73.0,,73.0,119423.519304,123906.781768,123906.781737,1697.353174479452,36.797432,119423.519304,13970.182113662724,89.249479,62.267534222222224,11.006711153793745,0.5891525787239265,27,64,,True,True,,343,87.6246207195492
100,2026-09-18T06:49:35.912+00:00,2026-09-18T06:51:36.693+00:00,2026-09-18T06:51:39.839+00:00,True,51,51.0,,51.0,120780.98325,123926.90683400001,123926.906898,2429.9393509411766,35.781513,120780.98325,16903.91436224562,95.32809300000001,62.91847168,11.998708717575777,0.4115329051851061,27,64,,True,True,,222,87.6246207195492
101,2026-09-18T06:49:36.320+00:00,2026-09-18T06:51:38.419+00:00,2026-09-18T06:51:39.529+00:00,True,19,19.0,,19.0,122099.143417,123208.716537,123208.716464,6484.669287578948,43.970269,122099.143417,27997.324049959483,12290.8470064,61.64295111111111,8.846299236869305,0.15420986870108525,27,64,,True,True,,79,87.6246207195492
102,2026-09-18T06:49:36.704+00:00,2026-09-18T06:51:39.966+00:00,2026-09-18T06:51:44.200+00:00,True,70,70.0,,70.0,123261.48084399999,127496.02522799998,127496.02528799999,1821.3717898285713,35.816814,123261.48084399999,14725.232408720187,69.1164527,61.370208463768115,9.012949066200555,0.5490367238886047,27,64,,True,True,,342,87.6246207195492
103,2026-09-18T06:49:37.030+00:00,2026-09-18T06:51:41.269+00:00,2026-09-18T06:51:42.818+00:00,True,26,26.0,,26.0,124238.900394,125787.83095399999,125787.831137,4837.993505269231,36.524502,124238.900394,24353.10565213213,97.23162500000001,61.9572224,13.298023072928094,0.20669726000369684,27,64,,True,True,,147,87.6246207195492
104,2026-09-18T06:49:37.517+00:00,2026-09-18T06:51:43.265+00:00,2026-09-18T06:51:45.314+00:00,True,35,35.0,,35.0,125748.14613699999,127797.43176899999,127797.43153499998,3651.3551867142855,36.654942000000005,125748.14613699999,21245.129700047197,71.9391153,60.27310682352942,8.28258785947528,0.27387091833945604,27,64,,True,True,,143,87.6246207195492
105,2026-09-18T06:49:37.887+00:00,2026-09-18T06:51:44.515+00:00,2026-09-18T06:51:49.445+00:00,True,83,83.0,,83.0,126627.856937,131558.08772100002,131558.087819,1585.0372026385542,36.608552,126627.856937,13892.616687643122,70.26801909999999,60.12476565853658,9.527933954969779,0.6309000186748008,27,64,,True,True,,415,87.6246207195492
106,2026-09-18T06:49:38.437+00:00,2026-09-18T06:51:46.456+00:00,2026-09-18T06:51:51.130+00:00,True,79,79.0,,79.0,128018.765906,132693.04661,132693.046423,1679.6588154810127,35.086365,128018.765906,14396.49724989997,69.0095351,59.9266756923077,9.456793510508756,0.5953590034916451,27,64,,True,True,,337,87.6246207195492
107,2026-09-18T06:49:38.897+00:00,2026-09-18T06:51:48.083+00:00,2026-09-18T06:51:51.029+00:00,True,50,50.0,,50.0,129185.775802,132131.882938,132131.88295,2642.637659,40.252224999999996,129185.775802,18261.12617103358,68.5604079,60.12463542857142,7.373009505356683,0.37840980456973744,27,64,,True,True,,193,87.6246207195492
108,2026-09-18T06:49:39.398+00:00,2026-09-18T06:51:49.898+00:00,2026-09-18T06:51:51.615+00:00,True,29,29.0,,29.0,130499.74565299999,132216.354421,132216.35424299998,4559.1846290689655,40.288685,130499.74565299999,24221.811920293858,84.97920719999998,61.307456,10.090766011406666,0.21933746492252332,27,64,,True,True,,139,87.6246207195492
109,2026-09-18T06:49:39.761+00:00,2026-09-18T06:51:50.984+00:00,2026-09-18T06:51:54.404+00:00,True,54,54.0,,54.0,131223.086048,134643.582176,134643.582222,2493.399670777778,38.448378,131223.086048,17848.421195605682,94.75511180000001,64.53766279245282,11.246487198767133,0.40105884831119276,27,64,,True,True,,169,87.6246207195492
110,2026-09-18T06:49:40.202+00:00,2026-09-18T06:51:52.748+00:00,2026-09-18T06:51:57.552+00:00,True,80,80.0,,80.0,132545.93767299998,137350.325513,137350.325658,1716.8790707249998,36.741552000000006,132545.93767299998,14812.290893123032,73.83734235000001,60.81503594936709,10.792647855415868,0.5824522053457246,27,64,,True,True,,338,87.6246207195492
111,2026-09-18T06:49:40.609+00:00,2026-09-18T06:51:54.332+00:00,2026-09-18T06:51:58.194+00:00,True,66,66.0,,66.0,133723.183221,137584.797557,137584.797373,2084.6181420151515,37.649279,133723.183221,16452.877078370595,74.98675075000001,59.40945132307693,11.379580748146997,0.4797041618835603,27,64,,True,True,,299,87.6246207195492
112,2026-09-18T06:49:41.145+00:00,2026-09-18T06:51:56.266+00:00,2026-09-18T06:52:01.414+00:00,True,86,86.0,,86.0,135121.12544499998,140269.03661299997,140269.03673899997,1631.0353109186044,36.823351,135121.12544499998,14563.957896267437,68.66828975,60.563660799999994,9.3544116078861,0.6131075116547112,27,64,,True,True,,435,87.6246207195492
113,2026-09-18T06:49:41.678+00:00,2026-09-18T06:51:58.555+00:00,2026-09-18T06:52:01.991+00:00,True,56,56.0,,56.0,136877.339821,140312.946605,140312.946457,2505.588329589286,39.052927000000004,136877.339821,18282.65835639874,74.48034400000002,62.46557789090909,8.084329102940195,0.39910786107035157,27,64,,True,True,,213,87.6246207195492
114,2026-09-18T06:49:42.149+00:00,2026-09-18T06:52:00.288+00:00,2026-09-18T06:52:00.842+00:00,True,10,10.0,,10.0,138138.454531,138692.740867,138692.740968,13869.2740968,46.666714,138138.454531,43663.74125766976,76018.60244485,61.587370666666665,14.089029502654043,0.07210182694124953,27,64,,True,True,,14,87.6246207195492
115,2026-09-18T06:49:42.566+00:00,2026-09-18T06:52:01.706+00:00,2026-09-18T06:52:03.095+00:00,True,23,23.0,,23.0,139140.095306,140528.244042,140528.244089,6109.923656043478,36.687262000000004,139140.095306,28999.562838270245,95.63994400000001,63.09766981818182,15.913484875904699,0.1636681661881859,27,64,,True,True,,125,87.6246207195492
116,2026-09-18T06:49:42.867+00:00,2026-09-18T06:52:02.841+00:00,2026-09-18T06:52:05.535+00:00,True,44,44.0,,44.0,139974.051556,142668.427492,142668.427685,3242.4642655681814,39.248757,139974.051556,21092.437672071264,86.8150965,62.6599054883721,8.727490362302678,0.30840740851697734,27,64,,True,True,,186,87.6246207195492
117,2026-09-18T06:49:43.181+00:00,2026-09-18T06:52:04.076+00:00,2026-09-18T06:52:08.492+00:00,True,71,71.0,,71.0,140894.440676,145311.092964,145311.092965,2046.6351121830985,38.531298,140894.440676,16713.60976016818,93.12349600000002,63.09503268571428,11.602033006024689,0.488606881634218,27,64,,True,True,,320,87.6246207195492
118,2026-09-18T06:49:43.708+00:00,2026-09-18T06:52:06.391+00:00,2026-09-18T06:52:10.065+00:00,True,60,60.0,,60.0,142683.35573100002,146357.28801900003,146357.287894,2439.288131566667,39.591826,142683.35573100002,18412.30548605556,89.04025845,62.270038779661014,9.668797799258716,0.40995566952710155,27,64,,True,True,,275,87.6246207195492
119,2026-09-18T06:49:44.120+00:00,2026-09-18T06:52:07.817+00:00,2026-09-18T06:52:08.126+00:00,True,6,6.0,,6.0,143697.287184,144005.39495999998,144005.39492999998,24000.899155,59.473369,143697.287184,58639.014969924574,107789.10220549999,61.6215552,1.9097481728320098,0.04166510568348224,27,64,,True,True,,14,87.6246207195492
120,2026-09-18T06:49:44.607+00:00,2026-09-18T06:52:09.901+00:00,2026-09-18T06:52:15.228+00:00,True,86,86.0,,86.0,145294.370289,150621.19012900002,150621.19010100001,1751.4091872209303,36.869211,145294.370289,15660.740513109058,88.873264,62.668468705882354,10.302223341291004,0.570968798788172,27,64,,True,True,,403,87.6246207195492
121,2026-09-18T06:49:45.053+00:00,2026-09-18T06:52:11.565+00:00,2026-09-18T06:52:15.526+00:00,True,64,64.0,,64.0,146512.68194,150472.985044,150472.985028,2351.1403910625,36.442012000000005,146512.68194,18306.23081059562,92.43054154999999,62.86195403174603,11.100835537484471,0.4253255159475016,27,64,,True,True,,394,87.6246207195492
122,2026-09-18T06:49:45.409+00:00,2026-09-18T06:52:12.844+00:00,2026-09-18T06:52:13.390+00:00,True,9,9.0,,9.0,147435.370643,147981.379987,147981.379805,16442.375533888888,59.01479,147435.370643,49122.374006041355,88496.8330954,68.251168,9.712324303085317,0.060818462436224345,27,64,,True,True,,23,87.6246207195492
123,2026-09-18T06:49:45.817+00:00,2026-09-18T06:52:14.451+00:00,2026-09-18T06:52:17.923+00:00,True,56,56.0,,56.0,148634.09234099998,152106.45534899997,152106.45521,2716.1867001785713,34.956705,148634.09234099998,19853.63335610302,95.00040349999999,63.133872872727274,12.590419593232866,0.36816320432627964,27,64,,True,True,,262,87.6246207195492
124,2026-09-18T06:49:46.285+00:00,2026-09-18T06:52:16.532+00:00,2026-09-18T06:52:20.368+00:00,True,60,60.0,,60.0,150246.684797,154082.870141,154082.870176,2568.0478362666668,38.973427,150246.684797,19388.374249559944,98.68399645,65.02009057627119,13.624388866595188,0.3894008460842823,27,64,,True,True,,152,87.6246207195492
125,2026-09-18T06:49:46.629+00:00,2026-09-18T06:52:17.775+00:00,2026-09-18T06:52:19.445+00:00,True,27,27.0,,27.0,151146.472794,152815.555418,152815.555262,5659.835380074074,36.347743,151146.472794,29075.802288500803,101.6238939,64.19548553846154,16.42846274041529,0.17668358385470812,27,64,,True,True,,123,87.6246207195492
126,2026-09-18T06:49:46.934+00:00,2026-09-18T06:52:18.797+00:00,2026-09-18T06:52:24.622+00:00,True,93,93.0,,93.0,151862.255833,157687.390425,157687.390426,1695.5633379139786,36.233153,151862.255833,15740.820849350055,90.6593526,63.316680347826086,11.462415911431759,0.5897744883046504,27,64,,True,True,,410,87.6246207195492
127,2026-09-18T06:49:47.408+00:00,2026-09-18T06:52:20.762+00:00,2026-09-18T06:52:26.424+00:00,True,90,90.0,,90.0,153353.70183399998,159016.152522,159016.15256,1766.8461395555553,35.514914,153353.70183399998,16158.196615371167,91.88683535,63.62304143820225,10.785299159528016,0.5659802389417543,27,64,,True,True,,369,87.6246207195492
128,2026-09-18T06:49:47.728+00:00,2026-09-18T06:52:21.711+00:00,2026-09-18T06:52:25.382+00:00,True,59,59.0,,59.0,153983.111995,157653.777467,157653.777563,2672.09792479661,37.909870000000005,153983.111995,20038.657552468867,92.96806350000001,63.28733572413793,11.426974285996817,0.3742377819798821,27,64,,True,True,,264,87.6246207195492
129,2026-09-18T06:49:48.759+00:00,2026-09-18T06:52:23.822+00:00,2026-09-18T06:52:24.442+00:00,True,11,11.0,,11.0,155062.72085299998,155682.774613,155682.77468799998,14152.979517090907,39.458076,155062.72085299998,46734.476406860726,77578.4698635,62.005376,15.371552176248926,0.07065650022839114,27,64,,True,True,,53,87.6246207195492
130,2026-09-18T06:49:48.774+00:00,2026-09-18T06:52:24.805+00:00,2026-09-18T06:52:30.689+00:00,True,95,95.0,,95.0,156030.757638,161914.83648600001,161914.83635,1704.3666984210527,38.101639000000006,156030.757638,16001.998359804118,76.7298017,62.596583489361706,9.300464367708583,0.586728196512209,27,64,,True,True,,451,87.6246207195492
131,2026-09-18T06:49:49.212+00:00,2026-09-18T06:52:27.258+00:00,2026-09-18T06:52:27.425+00:00,True,3,3.0,,3.0,158046.022673,158213.031953,158213.032012,52737.677337333334,75.36868,158046.022673,91199.7026541005,142250.5844716,83.50464,11.505951033799509,0.018961775543819955,27,64,,True,True,,13,87.6246207195492
132,2026-09-18T06:49:49.698+00:00,2026-09-18T06:52:29.228+00:00,2026-09-18T06:52:31.232+00:00,True,34,34.0,,34.0,159529.847648,161533.846112,161533.846173,4750.99547567647,38.606038,159529.847648,27348.729470632505,67.58628795,60.72722618181818,7.299806073152156,0.21048220430798134,27,64,,True,True,,197,87.6246207195492
133,2026-09-18T06:49:50.231+00:00,2026-09-18T06:52:31.228+00:00,2026-09-18T06:52:34.055+00:00,True,44,44.0,,44.0,160997.266033,163823.942513,163823.942574,3723.2714221363635,41.401383,160997.266033,24261.345065056903,102.85285524999999,65.73666232558139,14.380028352745244,0.26858101035206405,27,64,,True,True,,118,87.6246207195492
134,2026-09-18T06:49:50.749+00:00,2026-09-18T06:52:33.436+00:00,2026-09-18T06:52:34.182+00:00,True,13,13.0,,13.0,162687.167552,163432.918592,163432.91852099999,12571.762963153846,37.427870000000006,162687.167552,45104.068732510896,65139.4217528,62.14592,17.25549620748699,0.07954333871044476,27,64,,True,True,,41,87.6246207195492
135,2026-09-18T06:49:51.296+00:00,2026-09-18T06:52:35.676+00:00,2026-09-18T06:52:40.660+00:00,True,80,80.0,,80.0,164380.05380599998,169363.393326,169363.393169,2117.0424146124997,36.073631999999996,164380.05380599998,18371.201267426608,94.51159085,63.08024708860759,13.817466772317598,0.4723570922201092,27,64,,True,True,,384,87.6246207195492
136,2026-09-18T06:49:51.824+00:00,2026-09-18T06:52:37.670+00:00,2026-09-18T06:52:42.417+00:00,True,77,77.0,,77.0,165845.196986,170592.288698,170592.288589,2215.4842673896105,36.919372,165845.196986,18892.698632295775,80.51181580000001,62.46173305263158,9.892084906170538,0.4513685852255217,27,64,,True,True,,346,87.6246207195492
137,2026-09-18T06:49:52.351+00:00,2026-09-18T06:52:39.661+00:00,2026-09-18T06:52:45.536+00:00,True,95,95.0,,95.0,167310.215655,173184.929255,173184.929205,1822.9992547894738,34.334686000000005,167310.215655,17159.25707324124,89.8867404,62.49695319148936,10.520524424440314,0.5485465762446375,27,64,,True,True,,383,87.6246207195492
138,2026-09-18T06:49:52.670+00:00,2026-09-18T06:52:41.134+00:00,2026-09-18T06:52:42.290+00:00,True,19,19.0,,19.0,168464.301339,169620.699163,169620.699054,8927.405213368422,53.503561000000005,168464.301339,38633.6235860905,16931.9520426,64.24432355555555,8.678757443861393,0.1120146308425578,27,64,,True,True,,79,87.6246207195492
139,2026-09-18T06:49:52.992+00:00,2026-09-18T06:52:42.357+00:00,2026-09-18T06:52:44.279+00:00,True,31,31.0,,31.0,169364.885944,171286.80645600002,171286.806382,5525.380851032259,37.939989000000004,169364.885944,30407.327747038908,97.8836435,64.06401706666666,12.51858973912123,0.18098299945806537,27,64,,True,True,,116,87.6246207195492
140,2026-09-18T06:49:53.549+00:00,2026-09-18T06:52:44.279+00:00,2026-09-18T06:52:49.802+00:00,True,89,89.0,,89.0,170729.886619,176253.243547,176253.243539,1980.3735229101123,36.562161999999994,170729.886619,18090.68254830623,90.155964,62.76541963636363,11.920083515630528,0.5049552462634092,27,64,,True,True,,490,87.6246207195492
141,2026-09-18T06:49:54.041+00:00,2026-09-18T06:52:45.896+00:00,2026-09-18T06:52:52.114+00:00,True,98,98.0,,98.0,171854.92239199998,178072.96450399997,178072.96455799998,1817.071066918367,37.64672,171854.92239199998,17353.498427874445,94.46835775,64.10352692783505,13.435211776170638,0.5503362078177716,27,64,,True,True,,425,87.6246207195492
142,2026-09-18T06:49:54.467+00:00,2026-09-18T06:52:48.041+00:00,2026-09-18T06:52:53.424+00:00,True,86,86.0,,86.0,173573.98644,178957.30061600002,178957.300557,2080.898843686047,36.917091,173573.98644,18710.13846963763,90.1045845,63.33310795294118,11.578462745128169,0.4805615624731378,27,64,,True,True,,452,87.6246207195492
143,2026-09-18T06:49:54.984+00:00,2026-09-18T06:52:49.908+00:00,2026-09-18T06:52:51.214+00:00,True,23,23.0,,23.0,174924.56321700002,176230.032401,176230.03238800002,7662.175321217392,39.127076,174924.56321700002,36461.920832220516,77.8637756,59.33950836363637,9.460479188833466,0.13051123969417988,27,64,,True,True,,87,87.6246207195492
144,2026-09-18T06:49:55.315+00:00,2026-09-18T06:52:51.159+00:00,2026-09-18T06:52:55.546+00:00,True,67,67.0,,67.0,175843.88985299997,180230.78598099996,180230.78595799996,2690.0117307164173,37.39141,175843.88985299997,21474.633737498993,93.97636399999999,66.46812315151514,12.863568518675951,0.37174559071757685,27,64,,True,True,,341,87.6246207195492
145,2026-09-18T06:49:55.654+00:00,2026-09-18T06:52:52.495+00:00,2026-09-18T06:52:54.336+00:00,True,30,30.0,,30.0,176841.070703,178682.451055,178682.45106300001,5956.0817021,39.774566,176841.070703,32275.024631150703,94.776983,63.49587420689655,13.762131721678902,0.16789561494634825,27,64,,True,True,,124,87.6246207195492
146,2026-09-18T06:49:56.199+00:00,2026-09-18T06:52:54.520+00:00,2026-09-18T06:52:55.167+00:00,True,10,10.0,,10.0,178321.823843,178968.02953899998,178968.02969599998,17896.802969599998,57.251863,178321.823843,56367.608590738106,98123.14204069998,71.8006328888889,15.7827681938704,0.05587590155492459,27,64,,True,True,,43,87.6246207195492
147,2026-09-18T06:49:56.680+00:00,2026-09-18T06:52:56.433+00:00,2026-09-18T06:52:56.621+00:00,True,4,4.0,,4.0,179752.802329,179941.353753,179941.353778,44985.3384445,61.555885,179752.802329,89844.97593063315,152799.54084580002,62.85047466666666,1.4343411417558005,0.022229464859371224,27,64,,True,True,,14,87.6246207195492
148,2026-09-18T06:49:57.088+00:00,2026-09-18T06:52:57.853+00:00,2026-09-18T06:53:03.997+00:00,True,100,100.0,,100.0,180764.96447,186909.010038,186909.010182,1869.09010182,35.994593,180764.96447,18070.292380876053,69.7814005,62.06106634343434,8.631509590751792,0.5350196867431337,27,64,,True,True,,393,87.6246207195492
149,2026-09-18T06:49:57.514+00:00,2026-09-18T06:52:59.443+00:00,2026-09-18T06:53:04.770+00:00,True,88,88.0,,88.0,181929.368374,187256.101942,187256.10213400002,2127.9102515227273,37.618790000000004,181929.368374,19387.210547197195,69.17270675,61.22682262068965,7.713722660742721,0.46994463244384305,27,64,,True,True,,381,87.6246207195492
150,2026-09-18T06:49:57.842+00:00,2026-09-18T06:53:00.907+00:00,2026-09-18T06:53:03.678+00:00,True,46,46.0,,46.0,183064.958736,185836.388624,185836.388649,4039.9214923695654,39.184446,183064.958736,26982.375904640685,69.84550225,61.587330844444445,6.816181431247511,0.24752956264701803,27,64,,True,True,,241,87.6246207195492
151,2026-09-18T06:49:58.179+00:00,2026-09-18T06:53:02.162+00:00,2026-09-18T06:53:04.901+00:00,True,46,46.0,,46.0,183982.920944,186721.386992,186721.38716800002,4059.160590608696,38.471388,183982.920944,27117.829976586065,68.5803165,60.85480106666667,6.514075350210267,0.24635635339389828,27,64,,True,True,,232,87.6246207195492
152,2026-09-18T06:49:58.673+00:00,2026-09-18T06:53:04.231+00:00,2026-09-18T06:53:05.489+00:00,True,22,22.0,,22.0,185557.62391,186816.21207,186816.212159,8491.646007227273,35.584814,185557.62391,39548.24172701923,77.3613816,59.932769523809526,9.53399505579922,0.11776279882902563,27,64,,True,True,,101,87.6246207195492
153,2026-09-18T06:49:59.103+00:00,2026-09-18T06:53:05.738+00:00,2026-09-18T06:53:08.317+00:00,True,45,45.0,,45.0,186634.463808,189213.681216,189213.68125,4204.7484722222225,35.756142999999994,186634.463808,27813.086931074162,69.1383968,58.61857745454545,10.858683463404768,0.23782635436720617,27,64,,True,True,,220,87.6246207195492
154,2026-09-18T06:49:59.502+00:00,2026-09-18T06:53:07.212+00:00,2026-09-18T06:53:09.072+00:00,True,32,32.0,,32.0,187709.57235,189569.25542200002,189569.255417,5924.03923178125,38.080559,187709.57235,33172.07563830066,97.33962625,59.989776516129034,13.240319093033923,0.16880374367016854,27,64,,True,True,,154,87.6246207195492
155,2026-09-18T06:49:59.927+00:00,2026-09-18T06:53:08.850+00:00,2026-09-18T06:53:14.566+00:00,True,95,95.0,,95.0,188922.297126,194638.828838,194638.829007,2048.8297790210527,36.736551,188922.297126,19376.782188236128,77.1603862,60.814167148936164,10.625940611563125,0.4880834958119766,27,64,,True,True,,541,87.6246207195492
156,2026-09-18T06:50:00.472+00:00,2026-09-18T06:53:11.148+00:00,2026-09-18T06:53:17.024+00:00,True,94,94.0,,94.0,190675.813907,196552.444691,196552.444779,2090.983455095745,36.144161999999994,190675.813907,19660.194571535096,91.89120145000001,63.189578322580644,11.82485004169105,0.4782438608066023,27,64,,True,True,,375,87.6246207195492
157,2026-09-18T06:50:00.924+00:00,2026-09-18T06:53:12.582+00:00,2026-09-18T06:53:12.780+00:00,True,4,4.0,,4.0,191658.715681,191856.284449,191856.28430200001,47964.071075500004,38.428849,191658.715681,95796.43266476026,162924.34126435,65.856256,29.007019553698928,0.02084893914988381,27,64,,True,True,,13,87.6246207195492
158,2026-09-18T06:50:01.294+00:00,2026-09-18T06:53:13.963+00:00,2026-09-18T06:53:19.425+00:00,True,87,87.0,,87.0,192669.296755,198131.01937899998,198131.01914199998,2277.3680361149422,37.36072,192669.296755,20649.511792050118,92.32179169999999,63.50840260465116,12.591388371763324,0.43910337852539805,27,64,,True,True,,460,87.6246207195492
160,2026-09-18T06:50:02.722+00:00,2026-09-18T06:53:17.868+00:00,2026-09-18T06:53:23.516+00:00,True,92,92.0,,92.0,195145.543116,200794.206156,200794.20605399998,2182.5457179782607,34.883714999999995,195145.543116,20338.862457284373,93.01172155,62.07322021978022,13.974981432477636,0.45818055092946175,27,64,,True,True,,443,87.6246207195492
159,2026-09-18T06:50:02.610+00:00,2026-09-18T06:53:19.375+00:00,2026-09-18T06:53:21.127+00:00,True,30,30.0,,30.0,196764.32457499998,198516.40777499997,198516.40786199996,6617.2135954,36.224932,196764.32457499998,35913.05755475357,85.49646939999998,60.416662068965515,11.303480204912399,0.15112100977568682,27,64,,True,True,,146,87.6246207195492
161,2026-09-18T06:50:02.723+00:00,2026-09-18T06:53:19.926+00:00,2026-09-18T06:53:23.311+00:00,True,56,56.0,,56.0,197202.988343,200587.965239,200587.965299,3581.9279517678574,37.23772,197202.988343,26344.137002556716,94.74466125000001,61.545034472727274,13.738495579571106,0.27917926149395933,27,64,,True,True,,313,87.6246207195492
162,2026-09-18T06:50:03.036+00:00,2026-09-18T06:53:21.274+00:00,2026-09-18T06:53:21.869+00:00,True,11,11.0,,11.0,198237.563642,198833.09644199998,198833.0966,18075.736054545454,33.039969,198237.563642,59752.920799462234,99168.07156849999,59.55328,17.978501711640376,0.05532278175433798,27,64,,True,True,,64,87.6246207195492
163,2026-09-18T06:50:03.590+00:00,2026-09-18T06:53:23.247+00:00,2026-09-18T06:53:25.114+00:00,True,30,30.0,,30.0,199656.450469,201523.952805,201523.95281000002,6717.465093666667,38.164779,199656.450469,36440.35929572902,96.20079745,64.39663227586207,13.920993479155344,0.14886567865721057,27,64,,True,True,,131,87.6246207195492
164,2026-09-18T06:50:04.041+00:00,2026-09-18T06:53:25.302+00:00,2026-09-18T06:53:30.333+00:00,True,83,83.0,,83.0,201260.99738,206292.08346,206292.08352199997,2485.4467894216864,35.653433,201260.99738,22084.53275334398,86.971597,61.35470829268292,11.319155487944295,0.40234214812268204,27,64,,True,True,,304,87.6246207195492
165,2026-09-18T06:50:04.590+00:00,2026-09-18T06:53:27.332+00:00,2026-09-18T06:53:30.523+00:00,True,54,54.0,,54.0,202742.514701,205933.54113300002,205933.54104900002,3813.5840935,38.847197,202742.514701,27581.570117417676,77.15840825,60.20804588679245,9.826603470188735,0.2622205188280847,27,64,,True,True,,223,87.6246207195492
166,2026-09-18T06:50:04.956+00:00,2026-09-18T06:53:28.546+00:00,2026-09-18T06:53:32.642+00:00,True,67,67.0,,67.0,203589.27271000002,207686.03379800002,207686.03390700003,3099.7915508507467,35.454733,203589.27271000002,24864.8072608514,86.3806636,62.0721376969697,10.672533539591127,0.3226023376476324,27,64,,True,True,,209,87.6246207195492
167,2026-09-18T06:50:05.396+00:00,2026-09-18T06:53:30.041+00:00,2026-09-18T06:53:30.723+00:00,True,12,12.0,,12.0,204644.765178,205327.008762,205327.00898400001,17110.584082,45.430175000000006,204644.765178,59057.951298149215,92132.4043644,62.022144,7.412177911191933,0.058443358583719095,27,64,,True,True,,56,87.6246207195492
168,2026-09-18T06:50:05.860+00:00,2026-09-18T06:53:32.294+00:00,2026-09-18T06:53:34.887+00:00,True,43,43.0,,43.0,206434.146854,209027.047462,209027.047521,4861.094128395349,36.122743,206434.146854,31471.500136906383,88.93779709999998,61.73572876190476,12.65668273280188,0.20571500445566582,27,64,,True,True,,164,87.6246207195492
169,2026-09-18T06:50:06.307+00:00,2026-09-18T06:53:34.094+00:00,2026-09-18T06:53:34.705+00:00,True,11,11.0,,11.0,207787.600666,208398.53852200002,208398.53853400002,18945.321684909093,39.88003500000001,207787.600666,62631.89918230422,103933.32435400001,61.093785600000004,10.477378446864986,0.05278347956763028,27,64,,True,True,,46,87.6246207195492
170,2026-09-18T06:50:06.790+00:00,2026-09-18T06:53:35.768+00:00,2026-09-18T06:53:39.670+00:00,True,63,63.0,,63.0,208978.09712,212880.73136,212880.731199,3379.0592253809523,35.603434,208978.09712,26320.83740900434,92.4068954,62.9457135483871,11.26957399826685,0.2959403587047128,27,64,,True,True,,269,87.6246207195492
171,2026-09-18T06:50:07.192+00:00,2026-09-18T06:53:37.339+00:00,2026-09-18T06:53:39.672+00:00,True,38,38.0,,38.0,210147.037247,212480.291135,212480.291068,5591.586607052632,38.234778,210147.037247,34080.122332413855,88.64105195,63.06091589189189,8.916441423285137,0.17884011640334482,27,64,,True,True,,196,87.6246207195492
172,2026-09-18T06:50:07.703+00:00,2026-09-18T06:53:39.673+00:00,2026-09-18T06:53:40.224+00:00,True,10,10.0,,10.0,211970.162139,212520.82863499998,212520.82864999998,21252.082865,40.090625,211970.162139,67011.50295223856,116615.94516465001,61.18516622222222,9.235876516969055,0.04705421141178961,27,64,,True,True,,55,87.6246207195492
173,2026-09-18T06:50:08.090+00:00,2026-09-18T06:53:40.862+00:00,2026-09-18T06:53:41.451+00:00,True,10,10.0,,10.0,212772.259361,213360.765985,213360.766071,21336.0766071,56.909983999999994,212772.259361,67263.81863788718,117062.87798450001,65.38962488888889,7.856315183148339,0.04686897309275237,27,64,,True,True,,50,87.6246207195492
174,2026-09-18T06:50:08.413+00:00,2026-09-18T06:53:42.092+00:00,2026-09-18T06:53:42.711+00:00,True,12,12.0,,12.0,213678.89062,214297.481084,214297.480945,17858.123412083332,39.086037,213678.89062,61667.54958610462,96193.64754754999,56.235496727272725,10.815687139513875,0.05599692511222873,27,64,,True,True,,53,87.6246207195492
175,2026-09-18T06:50:08.893+00:00,2026-09-18T06:53:43.805+00:00,2026-09-18T06:53:49.841+00:00,True,95,95.0,,95.0,214912.44956600002,220948.32412600002,220948.32407100004,2325.771832326316,0.01927,214912.44956600002,22042.975001046554,93.6686591,64.2114314893617,22.008389204785836,0.42996479097901835,27,64,,True,True,,287,87.6246207195492
176,2026-09-18T06:50:09.252+00:00,2026-09-18T06:53:45.200+00:00,2026-09-18T06:53:51.078+00:00,True,93,93.0,,93.0,215947.767463,221825.670567,221825.670664,2385.222265204301,0.01936,215947.767463,22386.125738058494,91.98241239999999,63.890251130434784,21.8051495470971,0.4192481409490899,27,64,,True,True,,399,87.6246207195492
177,2026-09-18T06:50:09.553+00:00,2026-09-18T06:53:46.383+00:00,2026-09-18T06:53:48.096+00:00,True,27,27.0,,27.0,216830.786517,218543.001813,218543.002039,8094.1852607037035,35.881112,216830.786517,41716.43278570166,97.5611568,65.85443446153846,13.683288450578623,0.12354547972715686,27,64,,True,True,,112,87.6246207195492
178,2026-09-18T06:50:09.979+00:00,2026-09-18T06:53:48.160+00:00,2026-09-18T06:53:50.921+00:00,True,45,45.0,,45.0,218180.872775,220942.009415,220942.009367,4909.822430377778,0.01859,218180.872775,32515.141669958233,81.926539,62.753105454545455,28.441148001289342,0.20367335356073257,27,64,,True,True,,190,87.6246207195492
179,2026-09-18T06:50:10.391+00:00,2026-09-18T06:53:50.028+00:00,2026-09-18T06:53:52.651+00:00,True,43,43.0,,43.0,219637.032655,222259.937743,222259.93769599998,5168.835760372092,36.884402,219637.032655,33484.81202690256,90.08404429999999,62.45012114285714,12.028299317226246,0.19346716478307063,27,64,,True,True,,229,87.6246207195492
180,2026-09-18T06:50:10.857+00:00,2026-09-18T06:53:51.549+00:00,2026-09-18T06:53:55.868+00:00,True,70,70.0,,70.0,220692.382263,225011.396407,225011.396504,3214.4485214857145,37.103241000000004,220692.382263,26370.306277673713,93.68413649999998,62.59440788405797,12.298388724442852,0.31109535391435994,27,64,,True,True,,384,87.6246207195492
181,2026-09-18T06:50:11.203+00:00,2026-09-18T06:53:52.782+00:00,2026-09-18T06:53:53.908+00:00,True,20,20.0,,20.0,221578.64688,222704.67184,222704.671783,11135.233589149999,42.5385,221578.64688,49533.240370300526,11152.15535625,59.264471578947365,8.114877887311033,0.08980503118663269,27,64,,True,True,,137,87.6246207195492
182,2026-09-18T06:50:11.709+00:00,2026-09-18T06:53:54.932+00:00,2026-09-18T06:53:55.740+00:00,True,14,14.0,,14.0,223223.17321799998,224031.121506,224031.121616,16002.222972571428,54.410868,223223.17321799998,59642.29234671895,78172.32588374999,62.1498683076923,3.632228404907181,0.062491317750355733,27,64,,True,True,,66,87.6246207195492
183,2026-09-18T06:50:12.260+00:00,2026-09-18T06:53:57.002+00:00,2026-09-18T06:53:58.026+00:00,True,17,17.0,,17.0,224741.94836,225765.96935200001,225765.969273,13280.351133705883,57.287633,224741.94836,54492.4068202915,45020.426464799995,64.001312,7.623425947645184,0.07529921382214463,27,64,,True,True,,73,87.6246207195492
184,2026-09-18T06:50:12.653+00:00,2026-09-18T06:53:58.276+00:00,2026-09-18T06:53:58.600+00:00,True,6,6.0,,6.0,225623.639228,225947.46668399998,225947.46657199998,37657.91109533333,55.443296000000004,225623.639228,92084.02484966765,169235.91705425,64.7654912,7.4100442586782975,0.02655484519501753,27,64,,True,True,,22,87.6246207195492
185,2026-09-18T06:50:13.033+00:00,2026-09-18T06:53:59.976+00:00,2026-09-18T06:54:04.241+00:00,True,69,69.0,,69.0,226943.83178600002,231207.98769000004,231207.98770300002,3350.840401492754,36.639822,226943.83178600002,27313.279367034367,83.4245818,62.70817505882353,9.855942567034788,0.2984325960767155,27,64,,True,True,,332,87.6246207195492
186,2026-09-18T06:50:13.416+00:00,2026-09-18T06:54:01.296+00:00,2026-09-18T06:54:02.272+00:00,True,17,17.0,,17.0,227879.200815,228855.277871,228855.277718,13462.075159882352,37.50656,227879.200815,55254.02925983314,45634.4741486,61.004816,9.059264781287276,0.07428275265551217,27,64,,True,True,,63,87.6246207195492
187,2026-09-18T06:50:13.718+00:00,2026-09-18T06:54:02.569+00:00,2026-09-18T06:54:08.053+00:00,True,89,89.0,,89.0,228851.030127,234334.671983,234334.671901,2632.97384158427,36.016223,228851.030127,24251.558117103494,93.70904839999999,62.314112,11.557098310424026,0.37979868385185683,27,64,,True,True,,401,87.6246207195492
188,2026-09-18T06:50:14.084+00:00,2026-09-18T06:54:03.769+00:00,2026-09-18T06:54:05.579+00:00,True,31,31.0,,31.0,229685.355605,231494.96251699998,231494.96253699998,7467.579436677419,34.280006,229685.355605,41241.874714110076,70.1593285,60.3202304,8.679484522898452,0.13391220121139136,27,64,,True,True,,97,87.6246207195492
189,2026-09-18T06:50:14.569+00:00,2026-09-18T06:54:05.574+00:00,2026-09-18T06:54:10.086+00:00,True,71,71.0,,71.0,231004.49380199998,235516.81815399998,235516.818244,3317.1382851267604,36.106432,231004.49380199998,27407.542494554047,91.68441849999999,64.46177645714286,13.0865290241432,0.3014646705764106,27,64,,True,True,,376,87.6246207195492
190,2026-09-18T06:50:14.967+00:00,2026-09-18T06:54:07.276+00:00,2026-09-18T06:54:12.038+00:00,True,76,76.0,,76.0,232309.067879,237070.819175,237070.818944,3119.3528808421056,34.197156,232309.067879,26640.398792211443,96.746991,63.49001728,14.605240528379863,0.32057931155119773,27,64,,True,True,,305,87.6246207195492
191,2026-09-18T06:50:15.380+00:00,2026-09-18T06:54:08.781+00:00,2026-09-18T06:54:09.961+00:00,True,20,20.0,,20.0,233400.236194,234580.91869,234580.918864,11729.0459432,40.209835,233400.236194,52175.984914304456,11754.66724355,62.141184,8.768842316225076,0.08525842643846968,27,64,,True,True,,105,87.6246207195492
192,2026-09-18T06:50:15.855+00:00,2026-09-18T06:54:10.643+00:00,2026-09-18T06:54:16.371+00:00,True,93,93.0,,93.0,234787.576474,240516.14889,240516.14900900002,2586.1951506344085,39.345065999999996,234787.576474,24339.883169542274,87.9572074,62.267091478260866,10.943984634304186,0.3866684230111032,27,64,,True,True,,373,87.6246207195492
193,2026-09-18T06:50:16.236+00:00,2026-09-18T06:54:12.040+00:00,2026-09-18T06:54:14.200+00:00,True,36,36.0,,36.0,235803.452422,237963.051782,237963.051838,6610.0847732777775,42.571791,235803.452422,39290.29260199814,79.96798525,61.70283885714286,9.016780632294541,0.15128399022626382,27,64,,True,True,,147,87.6246207195492
194,2026-09-18T06:50:17.196+00:00,2026-09-18T06:54:12.783+00:00,2026-09-18T06:54:18.566+00:00,True,93,93.0,,93.0,235586.762551,241370.384183,241370.38436199998,2595.3804770107527,36.289932,235586.762551,24422.692964849623,91.00527319999999,62.86545252173913,11.200623697633,0.3852999626063905,27,64,,True,True,,548,87.6246207195492
195,2026-09-18T06:50:17.385+00:00,2026-09-18T06:54:15.969+00:00,2026-09-18T06:54:20.235+00:00,True,67,67.0,,67.0,238584.275784,242850.18196,242850.182068,3624.6295831044777,35.443763,238584.275784,29139.814148292517,93.6154019,64.63494206060606,11.302551687116457,0.27589026065064104,27,64,,True,True,,285,87.6246207195492
196,2026-09-18T06:50:17.548+00:00,2026-09-18T06:54:17.633+00:00,2026-09-18T06:54:19.099+00:00,True,24,24.0,,24.0,240084.72509,241550.237538,241550.237536,10064.593230666665,41.109443,240084.72509,48994.083668361236,89.89932095,63.71793252173913,8.73385510138575,0.09935821320078143,27,64,,True,True,,118,87.6246207195492
197,2026-09-18T06:50:18.040+00:00,2026-09-18T06:54:19.288+00:00,2026-09-18T06:54:22.467+00:00,True,51,51.0,,51.0,241247.34845,244426.18109,244426.180989,4792.670215470588,40.496075,241247.34845,33772.48448413207,85.12242600000002,63.5766528,9.31904679368208,0.2086519528005117,27,64,,True,True,,258,87.6246207195492
198,2026-09-18T06:50:18.556+00:00,2026-09-18T06:54:21.629+00:00,2026-09-18T06:54:23.029+00:00,True,23,23.0,,23.0,243073.195248,244473.176048,244473.17604700002,10629.268523782608,35.183114,243073.195248,50670.99719308202,100.65250170000002,63.635490909090905,11.427696814339829,0.09407985109779148,27,64,,True,True,,85,87.6246207195492
199,2026-09-18T06:50:18.915+00:00,2026-09-18T06:54:23.084+00:00,2026-09-18T06:54:27.748+00:00,True,76,76.0,,76.0,244169.72930500002,248833.850393,248833.850523,3274.129612144737,37.123110000000004,244169.72930500002,28001.057357566096,88.455497,62.18828117333333,10.718507055056941,0.3054246834985196,27,64,,True,True,,318,87.6246207195492
200,2026-09-18T06:50:19.436+00:00,2026-09-18T06:54:25.180+00:00,2026-09-18T06:54:27.648+00:00,True,40,40.0,,40.0,245744.15585299997,248212.21780499996,248212.217923,6205.305448075,36.793741000000004,245744.15585299997,38845.558292825575,95.74078395000001,63.28363979487179,11.318914208745825,0.1611524217209353,27,64,,True,True,,161,87.6246207195492
201,2026-09-18T06:50:19.745+00:00,2026-09-18T06:54:26.318+00:00,2026-09-18T06:54:29.989+00:00,True,58,58.0,,58.0,246573.450782,250244.351518,250244.351539,4314.5577851551725,35.488604,246573.450782,32368.22708262508,96.36482619999998,64.40176729824562,14.495713486494315,0.23177346320973033,27,64,,True,True,,115,87.6246207195492
202,2026-09-18T06:50:20.259+00:00,2026-09-18T06:54:28.028+00:00,2026-09-18T06:54:29.742+00:00,True,27,27.0,,27.0,247768.12047099997,249482.42344699998,249482.42344099996,9240.089757074073,35.148004,247768.12047099997,47670.31038539726,102.07299090000001,65.93472984615384,15.78581700565218,0.10822405693736528,27,64,,True,True,,104,87.6246207195492
203,2026-09-18T06:50:20.683+00:00,2026-09-18T06:54:29.982+00:00,2026-09-18T06:54:33.842+00:00,True,63,63.0,,63.0,249299.248283,253158.948763,253158.948546,4018.3960086666666,40.129985,249299.248283,31400.910907604448,73.8275712,62.253233548387094,8.2941999222128,0.24885551274341386,27,64,,True,True,,311,87.6246207195492
204,2026-09-18T06:50:21.129+00:00,2026-09-18T06:54:31.467+00:00,2026-09-18T06:54:35.564+00:00,True,67,67.0,,67.0,250337.530877,254434.23026900002,254434.230417,3797.525827119403,40.134095,250337.530877,30576.014900436934,83.63155439999998,62.07120290909091,8.098712060802878,0.2633293481351326,27,64,,True,True,,305,87.6246207195492
205,2026-09-18T06:50:21.674+00:00,2026-09-18T06:54:33.350+00:00,2026-09-18T06:54:33.774+00:00,True,8,8.0,,8.0,251675.646827,252099.636587,252099.63682299998,31512.454602874997,54.939667,251675.646827,88959.36360834567,163612.18916299997,60.569965714285715,3.8544264214888364,0.03173348485664789,27,64,,True,True,,34,87.6246207195492
206,2026-09-18T06:50:22.078+00:00,2026-09-18T06:54:35.132+00:00,2026-09-18T06:54:36.359+00:00,True,21,21.0,,21.0,253053.94239500002,254281.32569100003,254281.32566700003,12108.634555571429,38.078209,253053.94239500002,55207.506052307464,74.77313000000001,61.3691648,7.440920391333557,0.08258569496966905,27,64,,True,True,,60,87.6246207195492
207,2026-09-18T06:50:22.596+00:00,2026-09-18T06:54:37.235+00:00,2026-09-18T06:54:40.457+00:00,True,52,52.0,,52.0,254639.233102,257860.612174,257860.61226,4958.857928076923,35.573584000000004,254639.233102,35303.35156074539,100.17062250000001,63.16429552941176,14.02356809721047,0.201659336653212,27,64,,True,True,,292,87.6246207195492
208,2026-09-18T06:50:22.899+00:00,2026-09-18T06:54:38.209+00:00,2026-09-18T06:54:42.012+00:00,True,62,62.0,,62.0,255309.768729,259113.466393,259113.466357,4179.249457370968,36.674082000000006,255309.768729,32416.455309386045,91.62937265000001,62.35569940983607,9.735945520080326,0.23927741333969874,27,64,,True,True,,123,87.6246207195492
209,2026-09-18T06:50:23.367+00:00,2026-09-18T06:54:40.044+00:00,2026-09-18T06:54:44.517+00:00,True,74,74.0,,74.0,256677.613674,261150.17226599998,261150.172191,3529.056380959459,36.170343,256677.613674,29831.044987426583,69.01006230000002,61.26792591780822,6.6498115903131545,0.28336186554235065,27,64,,True,True,,278,87.6246207195492
210,2026-09-18T06:50:23.816+00:00,2026-09-18T06:54:41.634+00:00,2026-09-18T06:54:42.011+00:00,True,7,7.0,,7.0,257818.805166,258194.974638,258194.974602,36884.99637171429,55.998425000000005,257818.805166,97422.65250939965,180494.24825160002,62.694912,5.514799817674038,0.027111294516147296,27,64,,True,True,,31,87.6246207195492
211,2026-09-18T06:50:24.373+00:00,2026-09-18T06:54:43.453+00:00,2026-09-18T06:54:48.777+00:00,True,89,89.0,,89.0,259079.45223,264403.458118,264403.457903,2970.825369696629,35.637473,259079.45223,27455.955741506015,73.9059356,60.500066909090904,9.78497833150434,0.3366067926399071,27,64,,True,True,,444,87.6246207195492
212,2026-09-18T06:50:24.817+00:00,2026-09-18T06:54:45.050+00:00,2026-09-18T06:54:49.493+00:00,True,75,75.0,,75.0,260232.42944,264675.787392,264675.787211,3529.010496146667,35.586273,260232.42944,30042.120743208703,72.5326789,60.04537772972973,9.710387635406983,0.28336554975057354,27,64,,True,True,,394,87.6246207195492
213,2026-09-18T06:50:25.314+00:00,2026-09-18T06:54:46.784+00:00,2026-09-18T06:54:48.831+00:00,True,35,35.0,,35.0,261469.207372,263517.17742,263517.177367,7529.062210485715,40.321854,261469.207372,44186.1822624582,89.42205150000001,60.23441317647058,10.089889413723041,0.1328186661024232,27,64,,True,True,,130,87.6246207195492
214,2026-09-18T06:50:25.632+00:00,2026-09-18T06:54:47.676+00:00,2026-09-18T06:54:52.173+00:00,True,76,76.0,,76.0,262043.936577,266541.664833,266541.664686,3507.1271669210523,35.013224,262043.936577,30051.623824810777,73.99655849999999,59.96971008,10.512014495549332,0.285133658363008,27,64,,True,True,,326,87.6246207195492
215,2026-09-18T06:50:26.091+00:00,2026-09-18T06:54:49.675+00:00,2026-09-18T06:54:54.465+00:00,True,81,81.0,,81.0,263583.767912,268373.989736,268373.989574,3313.25913054321,32.816078000000005,263583.767912,29280.43424447795,70.131249,59.877772799999995,10.908437961319187,0.3018176242775235,27,64,,True,True,,444,87.6246207195492
216,2026-09-18T06:50:26.500+00:00,2026-09-18T06:54:51.250+00:00,2026-09-18T06:54:57.142+00:00,True,97,97.0,,97.0,264750.254506,270642.022314,270642.022286,2790.1239410927838,36.515392,264750.254506,26875.086216654985,90.42327800000001,61.372581333333336,10.667464852813556,0.358407017397543,27,64,,True,True,,450,87.6246207195492
217,2026-09-18T06:50:26.963+00:00,2026-09-18T06:54:52.845+00:00,2026-09-18T06:54:57.268+00:00,True,72,72.0,,72.0,265881.807636,270305.01506,270305.015014,3754.2363196388887,37.980809,265881.807636,31327.131189394433,91.58570164999999,62.298696112676055,10.18437838527451,0.2663657571577725,27,64,,True,True,,392,87.6246207195492
218,2026-09-18T06:50:27.424+00:00,2026-09-18T06:54:54.424+00:00,2026-09-18T06:55:00.267+00:00,True,93,93.0,,93.0,267000.138928,272843.026096,272843.026078,2933.7959793333334,36.467442000000005,267000.138928,27680.04191532549,95.8646926,63.50964313043478,12.74672795033823,0.3408553311063113,27,64,,True,True,,446,87.6246207195492
219,2026-09-18T06:50:27.925+00:00,2026-09-18T06:54:56.361+00:00,2026-09-18T06:54:56.699+00:00,True,6,6.0,,6.0,268436.709106,268774.384114,268774.38419300003,44795.73069883334,59.292229,268436.709106,109561.25717355375,201350.15767950003,67.5350016,13.226424464142863,0.0223235559436911,27,64,,True,True,,34,87.6246207195492
220,2026-09-18T06:50:28.309+00:00,2026-09-18T06:54:57.933+00:00,2026-09-18T06:55:04.020+00:00,True,97,97.0,,97.0,269624.31913899997,275711.344803,275711.34483899997,2842.384998340206,36.68331,269624.31913899997,27369.76630431787,94.3345326,63.40651733333333,11.556384664455017,0.3518172241672101,27,64,,True,True,,553,87.6246207195492
221,2026-09-18T06:50:28.820+00:00,2026-09-18T06:55:00.079+00:00,2026-09-18T06:55:00.870+00:00,True,14,14.0,,14.0,271259.36464600003,272049.97917400004,272049.979063,19432.141361642858,38.601677,271259.36464600003,72480.86113454126,94984.80199220002,60.81650215384615,7.419051097996943,0.0514611324084894,27,64,,True,True,,58,87.6246207195492
222,2026-09-18T06:50:29.195+00:00,2026-09-18T06:55:01.480+00:00,2026-09-18T06:55:04.987+00:00,True,56,56.0,,56.0,272284.95265,275791.733834,275791.73387,4924.852390535714,36.888059999999996,272284.95265,36377.08960111868,92.75916575,63.75965789090909,13.730695717518907,0.20305177106470707,27,64,,True,True,,344,87.6246207195492
223,2026-09-18T06:50:29.637+00:00,2026-09-18T06:55:03.020+00:00,2026-09-18T06:55:07.504+00:00,True,72,72.0,,72.0,273383.205435,277867.47423500003,277867.474353,3859.270477125,37.42005,273383.205435,32211.07866498086,93.52217205,63.15871549295775,12.134830876763921,0.2591163294596605,27,64,,True,True,,420,87.6246207195492
224,2026-09-18T06:50:30.177+00:00,2026-09-18T06:55:04.846+00:00,2026-09-18T06:55:05.183+00:00,True,6,6.0,,6.0,274668.946977,275006.55542499997,275006.555494,45834.42591566667,51.075904,274668.946977,112105.56320225043,206024.59599225,67.52168959999999,14.741328297480278,0.021817661730744904,27,64,,True,True,,10,87.6246207195492
225,2026-09-18T06:50:30.493+00:00,2026-09-18T06:55:06.434+00:00,2026-09-18T06:55:07.134+00:00,True,13,13.0,,13.0,275940.813351,276640.74807100004,276640.748158,21280.057550615387,37.47668,275940.813351,76516.03485982702,110416.77934739999,58.327893333333336,8.692488237693942,0.04699235412949195,27,64,,True,True,,26,87.6246207195492
226,2026-09-18T06:50:30.826+00:00,2026-09-18T06:55:07.760+00:00,2026-09-18T06:55:12.183+00:00,True,72,72.0,,72.0,276933.83520800003,281356.40416800004,281356.403981,3907.727833069445,34.129586,276933.83520800003,32629.627060143743,93.72726055,62.28970366197183,12.870393762134698,0.25590318518930266,27,64,,True,True,,255,87.6246207195492
227,2026-09-18T06:50:31.300+00:00,2026-09-18T06:55:09.531+00:00,2026-09-18T06:55:09.829+00:00,True,6,6.0,,6.0,278230.33583,278528.75375,278528.75383,46421.45897166667,40.403194000000006,278230.33583,113562.69367453388,208689.94771275,59.683584,11.232688551795246,0.021541761556817366,27,64,,True,True,,25,87.6246207195492
228,2026-09-18T06:50:31.697+00:00,2026-09-18T06:55:11.071+00:00,2026-09-18T06:55:13.502+00:00,True,40,40.0,,40.0,279373.817413,281804.475461,281804.475583,7045.111889575,38.349167,279373.817413,44163.02627619093,91.06044565000002,62.32456533333334,11.943753659763798,0.14194238730440517,27,64,,True,True,,200,87.6246207195492
230,2026-09-18T06:50:32.629+00:00,2026-09-18T06:55:13.692+00:00,2026-09-18T06:55:18.020+00:00,True,71,71.0,,71.0,281062.93340499996,285390.721437,285390.72132699995,4019.587624323943,36.152322999999996,281062.93340499996,33348.69801221595,85.820149,61.82554331428572,11.450711087623207,0.2487817390926399,27,64,,True,True,,367,87.6246207195492
231,2026-09-18T06:50:33.039+00:00,2026-09-18T06:55:15.369+00:00,2026-09-18T06:55:19.242+00:00,True,65,65.0,,65.0,282329.91380599997,286203.426254,286203.42624999996,4403.129634615384,37.919049,282329.91380599997,35011.21016952909,70.4473298,60.523632,9.529535158494637,0.2271111874891175,27,64,,True,True,,326,87.6246207195492
229,2026-09-18T06:50:32.180+00:00,2026-09-18T06:55:16.252+00:00,2026-09-18T06:55:20.347+00:00,True,67,67.0,,67.0,284071.331407,288166.657359,288166.65753300005,4300.994888552239,37.056641000000006,284071.331407,34697.25755962657,85.0906856,62.050393212121215,10.302825170037316,0.23250434527729189,27,64,,True,True,,313,87.6246207195492
232,2026-09-18T06:50:33.533+00:00,2026-09-18T06:55:17.689+00:00,2026-09-18T06:55:21.264+00:00,True,59,59.0,,59.0,284155.97277600004,287731.30410400004,287731.30416800006,4876.801765559323,34.604495,284155.97277600004,36985.93264949137,79.3916276,61.6436435862069,9.983053671735187,0.20505241924832251,27,64,,True,True,,207,87.6246207195492
233,2026-09-18T06:50:34.738+00:00,2026-09-18T06:55:18.755+00:00,2026-09-18T06:55:19.775+00:00,True,17,17.0,,17.0,284016.883789,285036.168013,285036.168046,16766.833414470588,38.144388,284016.883789,68868.76235949814,56877.3401306,63.705264,10.323440797052735,0.05964155397719443,27,64,,True,True,,69,87.6246207195492
235,2026-09-18T06:50:34.920+00:00,2026-09-18T06:55:20.904+00:00,2026-09-18T06:55:25.101+00:00,True,70,70.0,,70.0,285984.141542,290180.299238,290180.299209,4145.432845842857,38.275478,285984.141542,34174.37539143159,73.0150416,60.81387965217392,9.353845779374026,0.24122933287965015,27,64,,True,True,,375,87.6246207195492
234,2026-09-18T06:50:34.779+00:00,2026-09-18T06:55:22.460+00:00,2026-09-18T06:55:25.163+00:00,True,45,45.0,,45.0,287681.226343,290383.79709500005,290383.79710100003,6452.9732689111115,35.558093,287681.226343,42875.83019648511,86.6035554,61.422062545454544,10.515081005493991,0.15496732410754344,27,64,,True,True,,218,87.6246207195492
236,2026-09-18T06:50:35.321+00:00,2026-09-18T06:55:24.245+00:00,2026-09-18T06:55:28.478+00:00,True,69,69.0,,69.0,288923.808564,293157.270324,293157.270421,4248.656093057971,36.222102,288923.808564,34774.84588213851,88.17179499999999,62.2567905882353,10.454543625188235,0.23536854441215324,27,64,,True,True,,331,87.6246207195492
237,2026-09-18T06:50:35.673+00:00,2026-09-18T06:55:25.854+00:00,2026-09-18T06:55:27.720+00:00,True,31,31.0,,31.0,290181.05233499996,292047.48023899994,292047.48016399995,9420.886456903225,37.768919000000004,290181.05233499996,52106.882161378606,78.823042,62.214263466666665,8.211382579213167,0.10614712366164175,27,64,,True,True,,137,87.6246207195492
238,2026-09-18T06:50:36.169+00:00,2026-09-18T06:55:27.553+00:00,2026-09-18T06:55:31.573+00:00,True,66,66.0,,66.0,291383.756283,295403.342587,295403.342552,4475.808220484849,38.895286999999996,291383.756283,35859.25085307436,88.02983250000001,61.83978929230769,11.440285055143537,0.22342333509839066,27,64,,True,True,,274,87.6246207195492
239,2026-09-18T06:50:36.554+00:00,2026-09-18T06:55:29.077+00:00,2026-09-18T06:55:33.800+00:00,True,77,77.0,,77.0,292523.373183,297246.679423,297246.679421,3860.3464859870132,37.843319,292523.373183,33329.05141301736,90.10786680000001,62.14876631578947,10.672905928509955,0.2590441048810652,27,64,,True,True,,346,87.6246207195492
240,2026-09-18T06:50:36.890+00:00,2026-09-18T06:55:30.419+00:00,2026-09-18T06:55:31.133+00:00,True,12,12.0,,12.0,293528.993855,294243.512895,294243.512784,24520.292732,56.424313999999995,293528.993855,84715.77117184617,132140.9230737,64.95627636363636,10.768470839277779,0.04078254735995546,27,64,,True,True,,53,87.6246207195492
241,2026-09-18T06:50:37.282+00:00,2026-09-18T06:55:31.882+00:00,2026-09-18T06:55:33.920+00:00,True,34,34.0,,34.0,294600.27376300003,296638.26800300006,296638.26789,8724.654937941177,39.436266,294600.27376300003,50512.93993663565,94.02738285,61.75740121212121,10.753886925116541,0.1146177134490825,27,64,,True,True,,141,87.6246207195492
242,2026-09-18T06:50:37.798+00:00,2026-09-18T06:55:33.568+00:00,2026-09-18T06:55:37.810+00:00,False,68,67.0,,67.0,295770.388952,300012.782296,300012.78245400003,4411.952683147059,0.03477,295770.388952,35859.75214221891,92.16478834999998,63.319303641791045,13.91656537009662,0.22332381802951365,27,64,,True,False,Request timeout: 300.0s exceeded,236,87.6246207195492
243,2026-09-18T06:50:38.301+00:00,2026-09-18T06:55:35.770+00:00,2026-09-18T06:55:38.329+00:00,False,42,41.0,,41.0,297468.65889099997,300028.284619,300028.28475,7143.530589285713,0.04184,297468.65889099997,45890.77958266422,91.56683700000002,62.42989580487805,14.220643521675155,0.1366537826660746,27,64,,True,False,Request timeout: 300.0s exceeded,155,87.6246207195492
244,2026-09-18T06:50:38.736+00:00,2026-09-18T06:55:37.410+00:00,2026-09-18T06:55:38.767+00:00,False,23,22.0,,22.0,298674.000056,300031.012792,300031.01267100003,13044.826637869566,0.04054,298674.000056,62264.97459745491,91.3969149,61.68239709090909,16.7455850353478,0.07332575321222462,27,64,,True,False,Request timeout: 300.0s exceeded,93,87.6246207195492
245,2026-09-18T06:50:39.045+00:00,2026-09-18T06:55:38.766+00:00,2026-09-18T06:55:39.076+00:00,False,7,6.0,,6.0,299721.67538200004,300031.38341400004,300031.38332100003,42861.62618871429,0.045219999999999996,299721.67538200004,113264.63768233865,209824.44705640004,51.618005333333336,25.346993961102076,0.01999790799124792,27,64,,True,False,Request timeout: 300.0s exceeded,17,87.6246207195492
246,2026-09-18T06:50:39.484+00:00,2026-09-18T06:55:39.543+00:00,2026-09-18T06:55:39.543+00:00,False,1,0.0,,0.0,300059.672654,300059.672654,300059.672654,300059.672654,300059.672654,300059.672654,nan,300059.672654,nan,nan,0.0,27,64,,True,False,"HTTPConnectionPool(host='gpu03', port=9002): Read timed out.",0,87.6246207195492
247,2026-09-18T06:50:39.961+00:00,2026-09-18T06:55:39.987+00:00,2026-09-18T06:55:39.987+00:00,False,1,0.0,,0.0,300026.745993,300026.745993,300026.745993,300026.745993,300026.745993,300026.745993,nan,300026.745993,nan,nan,0.0,27,64,,True,False,TTFT timeout: 300.0s exceeded (TTFT: 300.022s),0,87.6246207195492
248,2026-09-18T06:50:40.515+00:00,2026-09-18T06:55:40.457+00:00,2026-09-18T06:55:40.611+00:00,False,4,3.0,,3.0,299942.15999699995,300095.53548499994,300095.53565,75023.8839125,0.02386,299942.15999699995,149945.52212332288,254964.29808374995,51.12516266666666,46.14511663032115,0.009996816497624815,27,64,,True,False,Request timeout: 300.0s exceeded,6,87.6246207195492
249,2026-09-18T06:50:40.923+00:00,2026-09-18T06:55:41.031+00:00,2026-09-18T06:55:41.031+00:00,False,1,0.0,,0.0,300108.714495,300108.714495,300108.714495,300108.714495,300108.714495,300108.714495,nan,300108.714495,nan,nan,0.0,27,64,,True,False,"HTTPConnectionPool(host='gpu03', port=9002): Read timed out.",0,87.6246207195492
250,2026-09-18T06:50:41.483+00:00,2026-09-18T06:55:41.498+00:00,2026-09-18T06:55:41.498+00:00,False,1,0.0,,0.0,300015.81239499996,300015.81239499996,300015.81239499996,300015.81239499996,300015.81239499996,300015.81239499996,nan,300015.81239499996,nan,nan,0.0,27,64,,True,False,TTFT timeout: 300.0s exceeded (TTFT: 300.006s),0,87.6246207195492
251,2026-09-18T06:50:42.021+00:00,2026-09-18T06:55:42.130+00:00,2026-09-18T06:55:42.130+00:00,False,1,0.0,,0.0,300108.875606,300108.875606,300108.875606,300108.875606,300108.875606,300108.875606,nan,300108.875606,nan,nan,0.0,27,64,,True,False,"HTTPConnectionPool(host='gpu03', port=9002): Read timed out.",0,87.6246207195492
252,2026-09-18T06:50:42.539+00:00,2026-09-18T06:55:42.623+00:00,2026-09-18T06:55:42.623+00:00,False,1,0.0,,0.0,300083.91726899997,300083.91726899997,300083.91726899997,300083.91726899997,300083.91726899997,300083.91726899997,nan,300083.91726899997,nan,nan,0.0,27,64,,True,False,TTFT timeout: 300.0s exceeded (TTFT: 300.077s),0,87.6246207195492
253,2026-09-18T06:50:42.937+00:00,2026-09-18T06:55:42.817+00:00,2026-09-18T06:55:42.978+00:00,False,4,3.0,,3.0,299880.065031,300041.207047,300041.207019,75010.30175475,0.04268,299880.065031,149913.180425274,254911.16346975003,53.71400533333333,46.98100190208929,0.009998626620409724,27,64,,True,False,Request timeout: 300.0s exceeded,11,87.6246207195492
254,2026-09-18T06:50:43.377+00:00,2026-09-18T06:55:43.209+00:00,2026-09-18T06:55:43.413+00:00,False,6,5.0,,5.0,299832.052551,300035.65600699995,300035.65586799994,50005.94264466666,0.04089,299832.052551,122389.30079227684,224889.5868965,40.720691200000005,25.06487207021243,0.01666468601279625,27,64,,True,False,Request timeout: 300.0s exceeded,16,87.6246207195492
255,2026-09-18T06:50:43.710+00:00,2026-09-18T06:55:43.818+00:00,2026-09-18T06:55:43.818+00:00,False,1,0.0,,0.0,300108.01252399996,300108.01252399996,300108.01252399996,300108.01252399996,300108.01252399996,300108.01252399996,nan,300108.01252399996,nan,nan,0.0,27,64,,True,False,"HTTPConnectionPool(host='gpu03', port=9002): Read timed out.",0,87.6246207195492
256,2026-09-18T06:50:44.114+00:00,2026-09-18T06:55:44.152+00:00,2026-09-18T06:55:44.152+00:00,False,1,0.0,,0.0,300038.470364,300038.470364,300038.470364,300038.470364,300038.470364,300038.470364,nan,300038.470364,nan,nan,0.0,27,64,,True,False,TTFT timeout: 300.0s exceeded (TTFT: 300.034s),0,87.6246207195492
257,2026-09-18T06:50:44.625+00:00,2026-09-18T06:55:44.496+00:00,2026-09-18T06:55:45.818+00:00,False,23,22.0,,22.0,299870.77932599996,301193.13298999995,301193.13314499997,13095.353614999998,0.03741,299870.77932599996,62514.849460236714,94.8819874,60.106984727272724,19.11797996321975,0.07304283395043548,27,64,,True,False,Request timeout: 300.0s exceeded,112,87.6246207195492
258,2026-09-18T06:50:45.180+00:00,2026-09-18T06:55:45.449+00:00,2026-09-18T06:55:45.907+00:00,False,9,8.0,,8.0,300268.549646,300727.139854,300727.13989500003,33414.126655,0.039049999999999994,300268.549646,100070.41233140451,180198.227802,57.323776,29.129850746141962,0.026602188295622133,27,64,,True,False,Request timeout: 300.0s exceeded,32,87.6246207195492
260,2026-09-18T06:50:45.971+00:00,2026-09-18T06:55:46.093+00:00,2026-09-18T06:55:46.093+00:00,False,1,0.0,,0.0,300121.844301,300121.844301,300121.844301,300121.844301,300121.844301,300121.844301,nan,300121.844301,nan,nan,0.0,27,64,,True,False,"HTTPConnectionPool(host='gpu03', port=9002): Read timed out.",0,87.6246207195492
261,2026-09-18T06:50:46.358+00:00,2026-09-18T06:55:46.713+00:00,2026-09-18T06:55:46.713+00:00,False,1,0.0,,0.0,300354.878254,300354.878254,300354.878254,300354.878254,300354.878254,300354.878254,nan,300354.878254,nan,nan,0.0,27,64,,True,False,"HTTPConnectionPool(host='gpu03', port=9002): Read timed out.",0,87.6246207195492
259,2026-09-18T06:50:45.562+00:00,2026-09-18T06:55:46.729+00:00,2026-09-18T06:55:46.729+00:00,False,1,0.0,,0.0,301167.273159,301167.273159,301167.273159,301167.273159,301167.273159,301167.273159,nan,301167.273159,nan,nan,0.0,27,64,,True,False,"HTTPConnectionPool(host='gpu03', port=9002): Read timed out.",0,87.6246207195492
262,2026-09-18T06:50:46.739+00:00,2026-09-18T06:55:46.858+00:00,2026-09-18T06:55:46.858+00:00,False,1,0.0,,0.0,300118.507987,300118.507987,300118.507987,300118.507987,300118.507987,300118.507987,nan,300118.507987,nan,nan,0.0,27,64,,True,False,"HTTPConnectionPool(host='gpu03', port=9002): Read timed out.",0,87.6246207195492
263,2026-09-18T06:50:47.181+00:00,2026-09-18T06:55:47.106+00:00,2026-09-18T06:55:47.293+00:00,False,3,2.0,,2.0,299925.355779,300112.013827,300112.01386899996,100037.33795633333,0.02581,299925.355779,173108.12649121846,269951.48342909996,93.329024,131.95060559797537,0.006664178399578841,27,64,,True,False,Request timeout: 300.0s exceeded,7,87.6246207195492
264,2026-09-18T06:50:47.574+00:00,2026-09-18T06:55:47.289+00:00,2026-09-18T06:55:47.594+00:00,False,7,6.0,,6.0,299714.662735,300020.244559,300020.244491,42860.03492728572,0.034159999999999996,299714.662735,113262.2470178542,209819.49982150004,50.930304,25.033051475621583,0.019998650453803227,27,64,,True,False,Request timeout: 300.0s exceeded,36,87.6246207195492
265,2026-09-18T06:50:48.036+00:00,2026-09-18T06:55:48.127+00:00,2026-09-18T06:55:48.127+00:00,False,1,0.0,,0.0,300091.68956599996,300091.68956599996,300091.68956599996,300091.68956599996,300091.68956599996,300091.68956599996,nan,300091.68956599996,nan,nan,0.0,27,64,,True,False,"HTTPConnectionPool(host='gpu03', port=9002): Read timed out.",0,87.6246207195492
266,2026-09-18T06:50:48.411+00:00,2026-09-18T06:55:48.490+00:00,2026-09-18T06:55:48.490+00:00,False,1,0.0,,0.0,300078.85587,300078.85587,300078.85587,300078.85587,300078.85587,300078.85587,nan,300078.85587,nan,nan,0.0,27,64,,True,False,"HTTPConnectionPool(host='gpu03', port=9002): Read timed out.",0,87.6246207195492
267,2026-09-18T06:50:48.744+00:00,2026-09-18T06:55:48.654+00:00,2026-09-18T06:55:48.816+00:00,False,4,3.0,,3.0,299910.16921799997,300071.34732999996,300071.34731599997,75017.83682899999,0.03499,299910.16921799997,149928.22669716916,254937.46517235,53.72603733333334,47.9157351767924,0.009997622321136795,27,64,,True,False,Request timeout: 300.0s exceeded,9,87.6246207195492
268,2026-09-18T06:50:49.105+00:00,2026-09-18T06:55:48.958+00:00,2026-09-18T06:55:49.177+00:00,False,5,4.0,,4.0,299852.492347,300071.632955,300071.632986,60014.3265972,0.024300000000000002,299852.492347,134073.61467232264,239899.63948659998,54.785152,38.37278142223181,0.013330150406452638,27,64,,True,False,Request timeout: 300.0s exceeded,11,87.6246207195492
269,2026-09-18T06:50:49.601+00:00,2026-09-18T06:55:49.676+00:00,2026-09-18T06:55:49.676+00:00,False,1,0.0,,0.0,300074.50576800003,300074.50576800003,300074.50576800003,300074.50576800003,300074.50576800003,300074.50576800003,nan,300074.50576800003,nan,nan,0.0,27,64,,True,False,"HTTPConnectionPool(host='gpu03', port=9002): Read timed out.",0,87.6246207195492
270,2026-09-18T06:50:50.086+00:00,2026-09-18T06:55:50.021+00:00,2026-09-18T06:55:50.167+00:00,False,4,3.0,,3.0,299935.672176,300081.49592,300081.495933,75020.37398325,0.07048,299935.672176,149943.53605648663,254956.27202205002,48.607914666666666,42.03491523437445,0.009997284207086806,27,64,,True,False,Request timeout: 300.0s exceeded,12,87.6246207195492
271,2026-09-18T06:50:50.478+00:00,2026-09-18T06:55:50.382+00:00,2026-09-18T06:55:50.514+00:00,False,4,3.0,,3.0,299904.01290499995,300035.89207299997,300035.89194799995,75008.97298699999,0.06255,299904.01290499995,149930.02991929525,254929.27359034994,43.959722666666664,38.569175192779916,0.009998803740687423,27,64,,True,False,Request timeout: 300.0s exceeded,15,87.6246207195492
272,2026-09-18T06:50:50.970+00:00,2026-09-18T06:55:51.008+00:00,2026-09-18T06:55:51.008+00:00,False,1,0.0,,0.0,300037.59438200004,300037.59438200004,300037.59438200004,300037.59438200004,300037.59438200004,300037.59438200004,nan,300037.59438200004,nan,nan,0.0,27,64,,True,False,"HTTPConnectionPool(host='gpu03', port=9002): Read timed out.",0,87.6246207195492
273,2026-09-18T06:50:51.380+00:00,2026-09-18T06:55:51.397+00:00,2026-09-18T06:55:51.457+00:00,False,3,2.0,,2.0,300016.057842,300077.04216199997,300077.04200799996,100025.68066933332,0.02607,300016.057842,173196.74982350867,270020.5478674,30.49216,43.085498273509714,0.006664955058175619,27,64,,True,False,Request timeout: 300.0s exceeded,6,87.6246207195492
274,2026-09-18T06:50:51.929+00:00,2026-09-18T06:55:51.861+00:00,2026-09-18T06:55:51.984+00:00,False,4,3.0,,3.0,299931.427856,300055.06792,300055.06805500004,75013.76701375001,0.023350000000000003,299931.427856,149945.1100583673,254951.10671705005,41.21335466666667,35.68087274712822,0.009998164739546586,27,64,,True,False,Request timeout: 300.0s exceeded,12,87.6246207195492
275,2026-09-18T06:50:52.454+00:00,2026-09-18T06:55:52.560+00:00,2026-09-18T06:55:52.560+00:00,False,1,0.0,,0.0,300106.470445,300106.470445,300106.470445,300106.470445,300106.470445,300106.470445,nan,300106.470445,nan,nan,0.0,27,64,,True,False,"HTTPConnectionPool(host='gpu03', port=9002): Read timed out.",0,87.6246207195492
276,2026-09-18T06:50:52.957+00:00,2026-09-18T06:55:52.818+00:00,2026-09-18T06:55:52.999+00:00,False,6,5.0,,5.0,299861.754562,300042.574018,300042.57402299996,50007.0956705,0.01932,299861.754562,122403.28685638642,224913.9194235,36.1638912,24.912359708741267,0.01666430177905367,27,64,,True,False,Request timeout: 300.0s exceeded,13,87.6246207195492
0,2026-09-18T06:48:53.162+00:00,2026-09-18T06:48:53.417+00:00,2026-09-18T06:48:54.542+00:00,True,23,23.0,,23.0,254.14323800000003,1379.9170620000002,1379.916906,59.9963872173913,11.02609,254.14323800000003,45.89632866776285,91.9014782,51.17153745454545,18.173899436503635,16.667668393537113,28,64,,False,True,,94,87.6246207195492
1,2026-09-18T06:48:53.457+00:00,2026-09-18T06:48:53.558+00:00,2026-09-18T06:48:58.708+00:00,True,88,88.0,,88.0,100.31931399999999,5251.045714,5251.045943,59.670976625,14.546743000000001,100.31931399999999,10.92766579820977,70.2301005,59.20375172413793,10.068221024529025,16.75856672993344,28,64,,False,True,,387,87.6246207195492
2,2026-09-18T06:48:53.903+00:00,2026-09-18T06:48:54.089+00:00,2026-09-18T06:48:54.731+00:00,True,13,13.0,,13.0,185.998364,828.3394840000001,828.339321,63.718409307692305,8.092095,185.998364,41.334194676784904,128.33457140000002,53.52842666666666,19.78007954723531,15.694048456103776,28,64,,False,True,,48,87.6246207195492
3,2026-09-18T06:48:54.366+00:00,2026-09-18T06:48:57.072+00:00,2026-09-18T06:49:02.731+00:00,True,95,95.0,,95.0,2706.172581,8365.064869,8365.064806,88.05331374736842,0.0,2706.172581,271.798905394594,68.17748099999999,60.20098178723404,13.419360154965037,11.356755923323373,28,64,,False,True,,472,87.6246207195492
4,2026-09-18T06:48:54.859+00:00,2026-09-18T06:48:58.603+00:00,2026-09-18T06:49:03.860+00:00,True,89,89.0,,89.0,3744.378902,9000.803862,9000.804005,101.13262926966291,0.0,3744.378902,390.81920609634176,69.63318239999998,59.73210181818182,13.984239401360256,9.888005711994703,28,64,,False,True,,357,87.6246207195492
5,2026-09-18T06:48:55.348+00:00,2026-09-18T06:49:00.223+00:00,2026-09-18T06:49:02.914+00:00,True,46,46.0,,46.0,4875.183881,7566.073609,7566.073621,164.47986132608696,0.0,4875.183881,710.1254718234953,68.7060675,59.79754951111111,14.02804053474879,6.07977167249365,28,64,,False,True,,264,87.6246207195492
6,2026-09-18T06:48:55.769+00:00,2026-09-18T06:49:01.849+00:00,2026-09-18T06:49:07.598+00:00,True,97,97.0,,97.0,6079.952832000001,11829.495232000001,11829.495228000002,121.9535590515464,0.0,6079.952832000001,611.4708629195715,69.191565,59.89106666666667,16.71794868244618,8.199842689619167,28,64,,False,True,,409,87.6246207195492
7,2026-09-18T06:48:56.183+00:00,2026-09-18T06:49:03.390+00:00,2026-09-18T06:49:05.015+00:00,True,29,29.0,,29.0,7206.542239,8831.293343000001,8831.29326,304.5273537931035,39.311367,7206.542239,1327.4729401884906,67.8047138,58.02682514285714,8.614351325023925,3.283777230997138,28,64,,False,True,,67,87.6246207195492
8,2026-09-18T06:48:56.568+00:00,2026-09-18T06:49:04.848+00:00,2026-09-18T06:49:05.348+00:00,True,8,8.0,,8.0,8279.881824,8780.471904,8780.471784,1097.558973,34.124027000000005,8279.881824,2902.312003158501,5436.040256650001,71.51286857142857,38.18538426679216,0.9111127610755805,28,64,,False,True,,23,87.6246207195492
9,2026-09-18T06:48:57.032+00:00,2026-09-18T06:49:06.556+00:00,2026-09-18T06:49:08.527+00:00,True,33,33.0,,33.0,9523.386603,11494.842859,11494.842920000001,348.32857333333334,0.0,9523.386603,1648.0089060435382,233.42770060000004,61.608008,56.081631548809156,2.870852642771217,28,64,,False,True,,152,87.6246207195492
10,2026-09-18T06:48:57.350+00:00,2026-09-18T06:49:07.937+00:00,2026-09-18T06:49:12.507+00:00,True,81,81.0,,81.0,10587.732666,15156.970426,15156.970465,187.12309216049383,0.0,10587.732666,1170.4065192233609,67.606245,57.115472,28.30117163901015,5.3440758755492475,28,64,,False,True,,440,87.6246207195492
11,2026-09-18T06:48:57.638+00:00,2026-09-18T06:49:08.704+00:00,2026-09-18T06:49:08.747+00:00,True,2,2.0,,2.0,11065.769897,11109.526953,11109.526856,5554.763428,43.756959,11065.769897,7793.740090785662,10514.6692501,43.757056,nan,0.1800256670208557,28,64,,False,True,,6,87.6246207195492
12,2026-09-18T06:48:58.113+00:00,2026-09-18T06:49:10.462+00:00,2026-09-18T06:49:11.067+00:00,True,11,11.0,,11.0,12348.789913,12954.129817000001,12954.130018,1177.6481834545455,0.0,12348.789913,3705.4355614805254,6276.644751500001,60.5339904,56.44933810232565,0.8491500514040279,28,64,,False,True,,37,87.6246207195492
13,2026-09-18T06:48:58.397+00:00,2026-09-18T06:49:11.429+00:00,2026-09-18T06:49:14.260+00:00,True,48,48.0,,48.0,13031.874203,15863.530907,15863.530711,330.49022314583334,0.0,13031.874203,1872.5153148962352,72.88177885,60.248014978723404,29.167526837674156,3.02580808026915,28,64,,False,True,,221,87.6246207195492
14,2026-09-18T06:48:58.857+00:00,2026-09-18T06:49:13.412+00:00,2026-09-18T06:49:18.191+00:00,True,81,81.0,,81.0,14555.671951999999,19334.554512,19334.554662,238.69820570370368,0.0,14555.671951999999,1611.0799437151738,68.419563,59.736032,37.034503112272425,4.189390552015425,28,64,,False,True,,441,87.6246207195492
15,2026-09-18T06:48:59.322+00:00,2026-09-18T06:49:14.849+00:00,2026-09-18T06:49:15.153+00:00,True,6,6.0,,6.0,15526.701017000001,15830.463449,15830.463633000001,2638.4106055,55.841737,15526.701017000001,6313.947749441183,11661.082818000003,60.752486399999995,3.362795861571856,0.3790160673014924,28,64,,False,True,,16,87.6246207195492
16,2026-09-18T06:48:59.630+00:00,2026-09-18T06:49:16.092+00:00,2026-09-18T06:49:20.572+00:00,True,75,75.0,,75.0,16461.873449,20942.580264999997,20942.580332999998,279.23440444,0.0,16461.873449,1894.4371317110397,75.737246,60.55009210810811,47.00855375664338,3.5812206065812595,28,64,,False,True,,302,87.6246207195492
17,2026-09-18T06:49:00.105+00:00,2026-09-18T06:49:17.939+00:00,2026-09-18T06:49:23.111+00:00,True,84,84.0,,84.0,17833.92345,23006.082169999998,23006.082119,273.88192998809524,0.0,17833.92345,1939.8171432981144,93.24095960000001,62.31516530120482,55.186617315830006,3.6512083795621773,28,64,,False,True,,292,87.6246207195492
18,2026-09-18T06:49:00.495+00:00,2026-09-18T06:49:19.379+00:00,2026-09-18T06:49:25.050+00:00,True,92,92.0,,92.0,18883.842859,24554.996779,24554.996621000002,266.9021371847826,0.0,18883.842859,1963.2249844288924,96.7977902,62.32037274725275,61.26396706096091,3.746691593080579,28,64,,False,True,,348,87.6246207195492
19,2026-09-18T06:49:00.918+00:00,2026-09-18T06:49:20.880+00:00,2026-09-18T06:49:23.470+00:00,True,42,42.0,,42.0,19961.913686,22551.235158,22551.235164,536.9341705714286,0.01757,19961.913686,3070.9611341632985,103.3050184,63.15418224390244,56.986408828229024,1.8624257033256377,28,64,,False,True,,198,87.6246207195492
20,2026-09-18T06:49:01.284+00:00,2026-09-18T06:49:22.292+00:00,2026-09-18T06:49:22.353+00:00,True,2,2.0,,2.0,21008.685221,21069.023653,21069.023649,10534.5118245,60.338428,21008.685221,14812.718071977766,19961.26788135,60.338432,nan,0.0949260883152135,28,64,,False,True,,6,87.6246207195492
21,2026-09-18T06:49:01.726+00:00,2026-09-18T06:49:24.139+00:00,2026-09-18T06:49:28.637+00:00,True,81,81.0,,81.0,22413.713929,26911.470089000002,26911.470282000002,332.24037385185187,0.0,22413.713929,2484.573471190031,70.222409,56.221952,45.29215059865455,3.0098690161526536,28,64,,False,True,,360,87.6246207195492
22,2026-09-18T06:49:02.206+00:00,2026-09-18T06:49:25.845+00:00,2026-09-18T06:49:31.382+00:00,True,92,92.0,,92.0,23639.470821,29176.253157,29176.253023999998,317.13318504347825,0.0,23639.470821,2458.5610853715084,69.05703,60.84376193406593,39.84082932679065,3.1532493053491093,28,64,,False,True,,368,87.6246207195492
23,2026-09-18T06:49:02.543+00:00,2026-09-18T06:49:27.143+00:00,2026-09-18T06:49:32.787+00:00,True,95,95.0,,95.0,24600.892465,30244.559153000002,30244.559238,318.3637814526316,0.0,24600.892465,2518.131345781077,69.510244,60.039007319148936,38.612603351404246,3.141060827483637,28,64,,False,True,,417,87.6246207195492
24,2026-09-18T06:49:02.920+00:00,2026-09-18T06:49:28.469+00:00,2026-09-18T06:49:30.475+00:00,True,35,35.0,,35.0,25549.105544,27554.310279999998,27554.310397999998,787.2660113714285,0.0,25549.105544,4308.648759546976,76.3993152,58.97660988235294,16.476167985385075,1.270218693349199,28,64,,False,True,,118,87.6246207195492
25,2026-09-18T06:49:03.191+00:00,2026-09-18T06:49:29.910+00:00,2026-09-18T06:49:31.093+00:00,True,20,20.0,,20.0,26718.89784,27901.570224000003,27901.570303,1395.0785151500002,52.699182,26718.89784,5960.61068073808,1409.6445582000001,62.24591494736842,5.147837510306693,0.7168055360123304,28,64,,False,True,,85,87.6246207195492
26,2026-09-18T06:49:03.629+00:00,2026-09-18T06:49:31.506+00:00,2026-09-18T06:49:37.139+00:00,True,94,94.0,,94.0,27876.990688,33510.135264000004,33510.135278,356.49080082978725,0.0,27876.990688,2869.973177849305,90.2382618,60.57144705376344,73.39730048745407,2.805121473233334,28,64,,False,True,,493,87.6246207195492
27,2026-09-18T06:49:04.062+00:00,2026-09-18T06:49:33.469+00:00,2026-09-18T06:49:35.294+00:00,True,38,38.0,,38.0,29406.639375,31231.528974999997,31231.528988,821.8823417894737,0.0,29406.639375,4763.222912175053,140.1200287,49.32134054054054,90.52619162483654,1.216719169606393,28,64,,False,True,,158,87.6246207195492
28,2026-09-18T06:49:04.528+00:00,2026-09-18T06:49:35.157+00:00,2026-09-18T06:49:39.342+00:00,True,75,75.0,,75.0,30628.133977,34813.697625,34813.697676,464.18263568000003,0.0,30628.133977,3530.602105408923,95.42887190000002,56.56167091891892,59.882443457189495,2.154324450331926,28,64,,False,True,,264,87.6246207195492
29,2026-09-18T06:49:04.963+00:00,2026-09-18T06:49:36.474+00:00,2026-09-18T06:49:37.503+00:00,True,17,17.0,,17.0,31511.168574,32540.168254,32540.168225999998,1914.1275427058822,37.121931,31511.168574,7626.996065743359,6379.7634524,64.31248,14.636931732693888,0.5224312261480171,28,64,,False,True,,69,87.6246207195492
30,2026-09-18T06:49:05.362+00:00,2026-09-18T06:49:37.782+00:00,2026-09-18T06:49:41.451+00:00,True,63,63.0,,63.0,32419.904613000002,36088.985701000005,36088.985835,572.841045,0.0,32419.904613000002,4077.5033801575655,70.684199,59.178727225806455,60.054930412497484,1.7456849721951122,28,64,,False,True,,258,87.6246207195492
31,2026-09-18T06:49:05.699+00:00,2026-09-18T06:49:39.172+00:00,2026-09-18T06:49:45.294+00:00,True,99,99.0,,99.0,33472.578566,39594.370054,39594.370081999994,399.9431321414141,0.0,33472.578566,3358.32317399895,98.0694426,62.46726008163265,57.10851504108093,2.500355476422047,28,64,,False,True,,541,87.6246207195492
32,2026-09-18T06:49:06.160+00:00,2026-09-18T06:49:40.861+00:00,2026-09-18T06:49:46.592+00:00,True,93,93.0,,93.0,34701.469195,40431.810570999995,40431.810604,434.75065165591394,0.0,34701.469195,3592.400797763003,102.53174460000002,62.28631930434783,59.34360106952108,2.3001690670440795,28,64,,False,True,,335,87.6246207195492
33,2026-09-18T06:49:06.545+00:00,2026-09-18T06:49:42.640+00:00,2026-09-18T06:49:47.420+00:00,True,78,78.0,,78.0,36095.270779,40875.246971,40875.246991,524.0416280897435,0.0,36095.270779,4080.473416706441,91.40434505000002,62.077612883116885,65.42404485498245,1.9082453509171238,28,64,,False,True,,329,87.6246207195492
34,2026-09-18T06:49:06.815+00:00,2026-09-18T06:49:43.414+00:00,2026-09-18T06:49:43.543+00:00,True,3,3.0,,3.0,36598.723174,36727.88695,36727.887036,12242.629012,64.152452,36598.723174,21092.996285630215,32945.351997599995,64.581888,0.6075008915614857,0.08168180227967077,28,64,,False,True,,5,87.6246207195492
35,2026-09-18T06:49:07.190+00:00,2026-09-18T06:49:44.614+00:00,2026-09-18T06:49:45.288+00:00,True,10,10.0,,10.0,37423.342777000005,38098.228921,38098.229062000006,3809.8229062000005,0.0,37423.342777000005,11812.051718789888,20851.990807000002,74.98734933333333,197.2959063912142,0.2624793929590762,28,64,,False,True,,36,87.6246207195492
36,2026-09-18T06:49:07.637+00:00,2026-09-18T06:49:46.597+00:00,2026-09-18T06:49:48.951+00:00,True,39,39.0,,39.0,38959.998149,41313.808325,41313.808496,1059.328422974359,0.01656,38959.998149,6229.532508393796,162.483847,61.94237305263158,104.81587811293988,0.9439943104059023,28,64,,False,True,,160,87.6246207195492
37,2026-09-18T06:49:08.036+00:00,2026-09-18T06:49:48.861+00:00,2026-09-18T06:49:53.415+00:00,True,82,82.0,,82.0,40824.370055,45378.710407,45378.710274,553.3989057804878,0.0,40824.370055,4502.664170731722,89.48504865000001,56.226424098765435,72.4585537353195,1.8070147711238373,28,64,,False,True,,376,87.6246207195492
38,2026-09-18T06:49:08.398+00:00,2026-09-18T06:49:49.691+00:00,2026-09-18T06:49:52.460+00:00,True,45,45.0,,45.0,41293.138585,44062.850201,44062.850006,979.1744445777778,0.0,41293.138585,6146.95853471883,91.744437,62.94799127272727,95.47201787231563,1.021268478882438,28,64,,False,True,,242,87.6246207195492
39,2026-09-18T06:49:08.741+00:00,2026-09-18T06:49:51.099+00:00,2026-09-18T06:49:53.195+00:00,True,36,36.0,,36.0,42357.901716,44453.989012,44453.988929,1234.8330258055555,0.0,42357.901716,7050.468245956569,217.14050474999996,59.88820845714286,107.71310187929308,0.8098260876044686,28,64,,False,True,,177,87.6246207195492
40,2026-09-18T06:49:09.164+00:00,2026-09-18T06:49:52.829+00:00,2026-09-18T06:49:58.732+00:00,True,95,95.0,,95.0,43664.312451,49567.603587,49567.603501,521.7642473789474,35.485025,43664.312451,4473.439409563238,94.6803204,62.800969531914895,13.010877717783258,1.9165743978979743,28,64,,False,True,,532,87.6246207195492
41,2026-09-18T06:49:09.506+00:00,2026-09-18T06:49:54.393+00:00,2026-09-18T06:49:54.646+00:00,True,5,5.0,,5.0,44887.19947,45139.655406,45139.655554,9027.9311108,59.87607,44887.19947,20045.94064743635,35923.3756708,63.113984,3.4971319867907,0.11076734979539513,28,64,,False,True,,20,87.6246207195492
42,2026-09-18T06:49:09.827+00:00,2026-09-18T06:49:55.610+00:00,2026-09-18T06:49:56.261+00:00,True,12,12.0,,12.0,45783.49334,46434.595036,46434.595019,3869.549584916667,38.264139,45783.49334,13199.473273754695,20643.32622365,59.19106327272727,10.9901236591268,0.25842801020869444,28,64,,False,True,,53,87.6246207195492
43,2026-09-18T06:49:10.118+00:00,2026-09-18T06:49:56.700+00:00,2026-09-18T06:49:57.748+00:00,True,19,19.0,,19.0,46582.433671,47629.863047,47629.862859,2506.8348873157893,37.554321,46582.433671,10673.401614790047,4742.0026852,58.19052088888889,13.636624939273435,0.3989093981070502,28,64,,False,True,,96,87.6246207195492
44,2026-09-18T06:49:10.597+00:00,2026-09-18T06:49:58.959+00:00,2026-09-18T06:50:03.273+00:00,True,71,71.0,,71.0,48361.821524,52675.703124,52675.703256,741.9113134647887,0.0,48361.821524,5734.0796980583655,113.09864099999999,61.62688,148.71267101601285,1.3478700005743467,28,64,,False,True,,279,87.6246207195492
45,2026-09-18T06:49:10.872+00:00,2026-09-18T06:49:59.788+00:00,2026-09-18T06:50:03.180+00:00,True,57,57.0,,57.0,48916.754575000006,52308.05057500001,52308.050479000005,917.6850961228072,0.0,48916.754575000006,6473.338312151272,235.10288799999998,60.55885714285714,169.39281218137484,1.0896984187600838,28,64,,False,True,,289,87.6246207195492
46,2026-09-18T06:49:11.195+00:00,2026-09-18T06:50:01.129+00:00,2026-09-18T06:50:06.045+00:00,True,80,80.0,,80.0,49934.645262000005,54850.645518000005,54850.645683,685.6330710375,0.01662,49934.645262000005,5577.074504450771,91.62145090000001,62.22785134177215,114.89957732912754,1.4585060803659435,28,64,,False,True,,388,87.6246207195492
47,2026-09-18T06:49:11.548+00:00,2026-09-18T06:50:02.952+00:00,2026-09-18T06:50:04.662+00:00,True,29,29.0,,29.0,51404.401005,53114.658669,53114.65863,1831.5399527586208,34.645606,51404.401005,9534.221561632976,84.69060540000001,61.08063085714286,11.180462635410098,0.5459886352790525,28,64,,False,True,,112,87.6246207195492
48,2026-09-18T06:49:11.953+00:00,2026-09-18T06:50:04.788+00:00,2026-09-18T06:50:08.887+00:00,True,65,65.0,,65.0,52834.624032,56933.999904,56933.99992,875.9076910769231,35.657194000000004,52834.624032,6545.400194905707,96.55178020000001,64.052748,14.764337784576103,1.1416728160607124,28,64,,False,True,,245,87.6246207195492
49,2026-09-18T06:49:12.228+00:00,2026-09-18T06:50:05.602+00:00,2026-09-18T06:50:07.167+00:00,True,24,24.0,,24.0,53374.05943,54938.789286,54938.789393,2289.1162247083334,40.904784,53374.05943,10881.061441800462,108.3983316,68.03173286956522,17.91285208581686,0.4368498161665149,28,64,,False,True,,113,87.6246207195492
50,2026-09-18T06:49:12.539+00:00,2026-09-18T06:50:07.005+00:00,2026-09-18T06:50:09.899+00:00,True,37,37.0,,37.0,54465.704371,57359.820723,57359.820692,1550.2654241081082,0.0,54465.704371,8941.79060143775,249.8623332,80.3921208888889,128.68784889805931,0.6450508305923598,28,64,,False,True,,122,87.6246207195492
51,2026-09-18T06:49:12.890+00:00,2026-09-18T06:50:08.222+00:00,2026-09-18T06:50:09.903+00:00,True,22,22.0,,22.0,55331.900678000005,57013.004550000005,57013.00470700001,2591.500213954546,0.0,55331.900678000005,11780.951545601492,789.5733140499999,80.05256533333333,173.58142202539247,0.385876874471791,28,64,,False,True,,96,87.6246207195492
52,2026-09-18T06:49:13.320+00:00,2026-09-18T06:50:09.917+00:00,2026-09-18T06:50:12.438+00:00,True,45,45.0,,45.0,56597.215989,59117.428213,59117.428019,1313.7206226444443,0.0,56597.215989,8428.498741506493,95.24897179999999,57.277550545454545,19.636597400444852,0.7611968477022558,28,64,,False,True,,218,87.6246207195492
53,2026-09-18T06:49:13.758+00:00,2026-09-18T06:50:11.326+00:00,2026-09-18T06:50:11.617+00:00,True,6,6.0,,6.0,57567.610625,57859.127809,57859.127767,9643.187961166666,37.322480999999996,57567.610625,23478.07903400096,43193.122889,58.3034368,12.554300001683693,0.10370014597881129,28,64,,False,True,,22,87.6246207195492
54,2026-09-18T06:49:14.034+00:00,2026-09-18T06:50:12.565+00:00,2026-09-18T06:50:17.228+00:00,True,68,68.0,,68.0,58530.510991999996,63193.725584,63193.72547899999,929.3194923382352,0.016640000000000002,58530.510991999996,7090.136270107734,82.93234905000001,69.60021779104477,101.0587379405859,1.0760561965857083,28,64,,False,True,,163,87.6246207195492
55,2026-09-18T06:49:14.416+00:00,2026-09-18T06:50:13.949+00:00,2026-09-18T06:50:18.839+00:00,True,78,78.0,,78.0,59532.273239,64422.589527000004,64422.589498,825.9306345897436,0.016120000000000002,59532.273239,6734.275266477821,97.32337355,63.51060114285714,102.09163924070832,1.210755428688715,28,64,,False,True,,333,87.6246207195492
56,2026-09-18T06:49:14.769+00:00,2026-09-18T06:50:15.414+00:00,2026-09-18T06:50:17.205+00:00,True,25,25.0,,25.0,60644.867211000004,62435.908235,62435.908297,2497.43633188,0.01813,60644.867211000004,12115.164039338812,697.0695526000001,74.62670933333332,167.96998066153574,0.4004106083618341,28,64,,False,True,,130,87.6246207195492
57,2026-09-18T06:49:15.227+00:00,2026-09-18T06:50:17.281+00:00,2026-09-18T06:50:20.198+00:00,True,38,38.0,,38.0,62053.421789,64971.037917,64971.038007,1709.7641580789473,0.0,62053.421789,10054.63530504692,248.1233709,78.85448994594594,146.1069074750942,0.5848759881063421,28,64,,False,True,,134,87.6246207195492
58,2026-09-18T06:49:15.533+00:00,2026-09-18T06:50:18.422+00:00,2026-09-18T06:50:20.928+00:00,True,42,42.0,,42.0,62888.142222999995,65394.04507099999,65394.04517,1557.0010754761904,0.0,62888.142222999995,9695.501369929876,71.36131370000001,61.11958165853658,146.59693015843612,0.642260315207593,28,64,,False,True,,212,87.6246207195492
59,2026-09-18T06:49:15.932+00:00,2026-09-18T06:50:20.216+00:00,2026-09-18T06:50:24.628+00:00,True,79,79.0,,79.0,64283.665985,68695.977537,68695.977325,869.5693332278481,0.0,64283.665985,7226.147461835766,90.51675789999999,56.56809682051282,22.437088496222383,1.1499945532829807,28,64,,False,True,,350,87.6246207195492
60,2026-09-18T06:49:16.200+00:00,2026-09-18T06:50:20.927+00:00,2026-09-18T06:50:22.553+00:00,True,26,26.0,,26.0,64727.461769,66352.903305,66352.90323,2552.0347396153848,46.541835,64727.461769,12681.353764868003,94.10691374999999,65.01766144,11.65011922729508,0.39184419527940656,28,64,,False,True,,107,87.6246207195492
61,2026-09-18T06:49:16.643+00:00,2026-09-18T06:50:22.313+00:00,2026-09-18T06:50:23.920+00:00,True,26,26.0,,26.0,65670.555016,67277.130888,67277.130812,2587.5819543076923,42.024242,65670.555016,12866.457301699442,90.67883499999999,64.26303488,11.433698639968872,0.3864611890671089,28,64,,False,True,,143,87.6246207195492
62,2026-09-18T06:49:17.134+00:00,2026-09-18T06:50:24.696+00:00,2026-09-18T06:50:28.174+00:00,True,56,56.0,,56.0,67561.889893,71039.619685,71039.619788,1268.5646390714285,39.399727,67561.889893,9019.896298170406,92.4920595,63.23145076363637,12.612060472821739,0.7882925084384199,28,64,,False,True,,288,87.6246207195492
63,2026-09-18T06:49:17.483+00:00,2026-09-18T06:50:25.873+00:00,2026-09-18T06:50:29.583+00:00,True,60,60.0,,60.0,68389.226742,72099.750134,72099.750047,1201.6625007833334,35.672665,68389.226742,8820.902406743704,92.9757069,62.890226983050844,13.590544887223091,0.8321804151677061,28,64,,False,True,,227,87.6246207195492
64,2026-09-18T06:49:17.845+00:00,2026-09-18T06:50:27.114+00:00,2026-09-18T06:50:32.241+00:00,True,71,71.0,,71.0,69268.509144,74395.43291999999,74395.432906,1047.8229986760564,0.0,69268.509144,8212.836465836219,89.67053950000002,73.24176822857143,120.33640085228372,0.954359659098278,28,64,,False,True,,143,87.6246207195492
65,2026-09-18T06:49:18.158+00:00,2026-09-18T06:50:28.457+00:00,2026-09-18T06:50:30.104+00:00,True,28,28.0,,28.0,70298.365828,71945.107332,71945.10720999999,2569.468114642857,39.161848,70298.365828,13273.62075441876,89.3459678,60.99042607407407,11.093359674018958,0.38918560327932206,28,64,,False,True,,142,87.6246207195492
66,2026-09-18T06:49:18.651+00:00,2026-09-18T06:50:30.225+00:00,2026-09-18T06:50:34.749+00:00,True,60,60.0,,60.0,71573.648603,76098.306011,76098.30600499999,1268.3051000833332,0.0,71573.648603,9231.90853335029,141.0800984,76.68910861016948,178.19392079777722,0.7884538190814263,28,64,,False,True,,334,87.6246207195492
67,2026-09-18T06:49:18.929+00:00,2026-09-18T06:50:32.237+00:00,2026-09-18T06:50:34.834+00:00,True,49,49.0,,49.0,73308.186416,75905.08984,75905.089855,1549.0834664285715,0.0,73308.186416,10465.93884033764,95.3681618,54.102154666666664,151.2124514451786,0.6455430077651826,28,64,,False,True,,227,87.6246207195492
68,2026-09-18T06:49:19.248+00:00,2026-09-18T06:50:32.532+00:00,2026-09-18T06:50:38.383+00:00,True,97,97.0,,97.0,73283.339767,79134.502135,79134.502142,815.8196097113401,0.01602,73283.339767,7435.355019400085,86.0707446,60.949608,105.9977293915449,1.2257611709557765,28,64,,False,True,,328,87.6246207195492
69,2026-09-18T06:49:19.591+00:00,2026-09-18T06:50:33.772+00:00,2026-09-18T06:50:35.776+00:00,True,33,33.0,,33.0,74181.197865,76185.087273,76185.08726799999,2308.639008121212,0.01723,74181.197865,12903.751393572818,489.2898994000001,62.621544,190.573132690451,0.43315563689975856,28,64,,False,True,,123,87.6246207195492
70,2026-09-18T06:49:20.064+00:00,2026-09-18T06:50:35.473+00:00,2026-09-18T06:50:35.945+00:00,True,9,9.0,,9.0,75408.89452599999,75880.98156599999,75880.98166499998,8431.220184999998,37.65733,75408.89452599999,25116.630658007947,45275.237056399994,59.01088,12.63348696135853,0.11860679467057174,28,64,,False,True,,40,87.6246207195492
71,2026-09-18T06:49:20.472+00:00,2026-09-18T06:50:36.953+00:00,2026-09-18T06:50:39.305+00:00,True,38,38.0,,38.0,76481.03291400001,78833.329362,78833.32944400002,2074.561301157895,37.674981,76481.03291400001,12396.555045152694,98.39032635,63.57557967567568,12.887143424831445,0.48202962259154725,28,64,,False,True,,173,87.6246207195492
72,2026-09-18T06:49:20.814+00:00,2026-09-18T06:50:38.513+00:00,2026-09-18T06:50:41.892+00:00,True,53,53.0,,53.0,77699.106341,81078.091557,81078.09161300001,1529.7753134528302,35.290744,77699.106341,10663.878711803292,105.6204928,64.98048492307692,15.74682943707998,0.6536907687663026,28,64,,False,True,,198,87.6246207195492
74,2026-09-18T06:49:21.630+00:00,2026-09-18T06:50:40.773+00:00,2026-09-18T06:50:41.043+00:00,True,5,5.0,,5.0,79142.348782,79412.88139,79412.881541,15882.5763082,58.130892,79142.348782,35363.28895852018,63330.269589200005,67.633152,10.11693771495703,0.06296207759349255,28,64,,False,True,,17,87.6246207195492
73,2026-09-18T06:49:21.606+00:00,2026-09-18T06:50:40.859+00:00,2026-09-18T06:50:44.344+00:00,True,56,56.0,,56.0,79252.910457,82738.74674500001,82738.74675600001,1477.4776206428573,35.121375,79252.910457,10582.15529869008,95.208686,63.3788416,13.94078111110124,0.6768292027989188,28,64,,False,True,,274,87.6246207195492
75,2026-09-18T06:49:22.000+00:00,2026-09-18T06:50:42.885+00:00,2026-09-18T06:50:44.384+00:00,True,25,25.0,,25.0,80885.275219,82383.829075,82383.829096,3295.35316384,43.706599000000004,80885.275219,16164.572512524956,97.3004582,62.439744,13.519073823449965,0.30345761153248507,28,64,,False,True,,84,87.6246207195492
76,2026-09-18T06:49:22.415+00:00,2026-09-18T06:50:44.439+00:00,2026-09-18T06:50:49.588+00:00,True,84,84.0,,84.0,82023.343096,87172.986104,87172.986226,1037.773645547619,0.0,82023.343096,8943.64696414466,84.76690015,62.0438916626506,130.18071929284264,0.9636012686290851,28,64,,False,True,,345,87.6246207195492
77,2026-09-18T06:49:22.862+00:00,2026-09-18T06:50:45.920+00:00,2026-09-18T06:50:49.780+00:00,True,64,64.0,,64.0,83058.179104,86917.447456,86917.44731199999,1358.0851142499998,32.48988,83058.179104,10374.621678897773,91.615209,61.25822780952381,11.768679556099926,0.7363308734117918,28,64,,False,True,,275,87.6246207195492
78,2026-09-18T06:49:23.346+00:00,2026-09-18T06:50:47.997+00:00,2026-09-18T06:50:52.332+00:00,True,71,71.0,,71.0,84651.14391,88986.313446,88986.313507,1253.328359253521,36.578313,84651.14391,10038.896914482879,79.461118,61.93099337142857,9.334253364586019,0.7978755074856009,28,64,,False,True,,400,87.6246207195492
79,2026-09-18T06:49:23.737+00:00,2026-09-18T06:50:49.464+00:00,2026-09-18T06:50:50.436+00:00,True,17,17.0,,17.0,85727.620141,86699.34801300001,86699.347882,5099.961640117647,44.399728,85727.620141,20777.27358434081,17208.078848200003,60.732992,8.322775304685555,0.19607990590022614,28,64,,False,True,,110,87.6246207195492
80,2026-09-18T06:49:24.040+00:00,2026-09-18T06:50:50.374+00:00,2026-09-18T06:50:52.944+00:00,True,43,43.0,,43.0,86334.32244,88904.30004,88904.300204,2067.5418652093026,34.056197,86334.32244,13156.53336760598,89.296842,61.18994285714286,10.38918278415302,0.48366614416460574,28,64,,False,True,,221,87.6246207195492
81,2026-09-18T06:49:24.442+00:00,2026-09-18T06:50:51.898+00:00,2026-09-18T06:50:52.612+00:00,True,13,13.0,,13.0,87456.233977,88169.816313,88169.816326,6782.293563538461,40.647584,87456.233977,24239.50365088993,35024.655098799994,59.46519466666666,8.145889851785057,0.1474427479110359,28,64,,False,True,,53,87.6246207195492
82,2026-09-18T06:49:24.815+00:00,2026-09-18T06:50:53.258+00:00,2026-09-18T06:50:56.435+00:00,True,51,51.0,,51.0,88442.529435,91620.041883,91620.041755,1796.4714069607844,39.809467,88442.529435,12375.537703208283,91.47542600000001,63.55024896,11.52899367715705,0.5566467658367551,28,64,,False,True,,198,87.6246207195492
83,2026-09-18T06:49:25.176+00:00,2026-09-18T06:50:54.637+00:00,2026-09-18T06:50:58.934+00:00,True,70,70.0,,70.0,89460.78014300001,93758.240879,93758.24082100001,1339.4034403,35.859334000000004,89460.78014300001,10685.168423943274,82.54262969999999,62.282039652173914,9.506211171359583,0.7466010384125992,28,64,,False,True,,192,87.6246207195492
84,2026-09-18T06:49:25.560+00:00,2026-09-18T06:50:56.121+00:00,2026-09-18T06:50:57.882+00:00,True,29,29.0,,29.0,90561.249389,92322.634861,92322.63481,3183.5391313793107,34.716266000000005,90561.249389,16805.122288322582,81.274114,62.906624,8.1886049776832,0.3141158183327642,28,64,,False,True,,89,87.6246207195492
85,2026-09-18T06:49:26.039+00:00,2026-09-18T06:50:57.629+00:00,2026-09-18T06:50:57.697+00:00,True,2,2.0,,2.0,91589.446881,91657.866977,91657.866824,45828.933412,68.419943,91589.446881,64715.138769016485,87013.3955341,68.420096,nan,0.021820276490853385,28,64,,False,True,,6,87.6246207195492
86,2026-09-18T06:49:26.322+00:00,2026-09-18T06:50:58.562+00:00,2026-09-18T06:51:01.164+00:00,True,43,43.0,,43.0,92239.24716,94841.922872,94841.922983,2205.626115883721,36.544591999999994,92239.24716,14056.906502904463,88.6745707,61.96846933333334,9.727786338322845,0.4533859995440351,28,64,,True,True,,197,87.6246207195492
87,2026-09-18T06:49:26.783+00:00,2026-09-18T06:51:00.380+00:00,2026-09-18T06:51:03.789+00:00,True,56,56.0,,56.0,93596.74547,97005.50706999999,97005.50710199999,1732.2411982499998,39.00160700000001,93596.74547,12499.111308197464,70.627117,61.97748363636363,7.452365618091251,0.5772868127949676,28,64,,True,True,,227,87.6246207195492
88,2026-09-18T06:49:27.054+00:00,2026-09-18T06:51:01.586+00:00,2026-09-18T06:51:02.092+00:00,True,9,9.0,,9.0,94532.033872,95037.887824,95037.887986,10559.765331777779,56.388985,94532.033872,31489.600999497146,56746.4674528,63.231744,4.622846385899122,0.09469907429621159,28,64,,True,True,,37,87.6246207195492
89,2026-09-18T06:49:27.378+00:00,2026-09-18T06:51:02.959+00:00,2026-09-18T06:51:08.148+00:00,True,85,85.0,,85.0,95581.03877300001,100770.135989,100770.135899,1185.5310105764706,37.936158999999996,95581.03877300001,10360.523864434837,88.43259640000001,61.77496685714286,10.29120193503377,0.8435038731046125,28,64,,True,True,,471,87.6246207195492
90,2026-09-18T06:49:27.717+00:00,2026-09-18T06:51:03.920+00:00,2026-09-18T06:51:07.094+00:00,True,52,52.0,,52.0,96203.191933,99376.863357,99376.86335999999,1911.0935261538461,36.55471300000001,96203.191933,13332.356880425707,92.70137025,62.22885145098039,10.571181935149239,0.5232606287159212,28,64,,True,True,,190,87.6246207195492
91,2026-09-18T06:49:28.201+00:00,2026-09-18T06:51:05.974+00:00,2026-09-18T06:51:08.005+00:00,True,33,33.0,,33.0,97772.619983,99804.232655,99804.23245299999,3024.3706803939394,35.815804,97772.619983,17008.981498898906,96.8342844,63.487896,13.007965131050357,0.3306472994394268,28,64,,True,True,,127,87.6246207195492
92,2026-09-18T06:49:28.683+00:00,2026-09-18T06:51:07.746+00:00,2026-09-18T06:51:13.522+00:00,True,93,93.0,,93.0,99063.527587,104839.552163,104839.55216800001,1127.3070125591398,35.149954,99063.527587,10265.905309347701,87.219673,62.78287582608695,11.443321708573418,0.8870697945695879,28,64,,True,True,,520,87.6246207195492
93,2026-09-18T06:49:29.090+00:00,2026-09-18T06:51:09.600+00:00,2026-09-18T06:51:14.643+00:00,True,81,81.0,,81.0,100509.008545,105552.975521,105552.97576100001,1303.12315754321,37.86331,100509.008545,11160.665480407379,76.064879,63.049587200000005,8.733424462216645,0.7673871778620288,28,64,,True,True,,360,87.6246207195492
94,2026-09-18T06:49:29.576+00:00,2026-09-18T06:51:11.431+00:00,2026-09-18T06:51:13.893+00:00,True,40,40.0,,40.0,101855.618287,104317.713135,104317.71317100001,2607.942829275,38.374839,101855.618287,16094.808533390713,91.76580645,63.13063712820513,10.038234221237955,0.38344398854138095,28,64,,True,True,,161,87.6246207195492
95,2026-09-18T06:49:29.980+00:00,2026-09-18T06:51:12.866+00:00,2026-09-18T06:51:18.231+00:00,True,84,84.0,,84.0,102886.360953,108250.940537,108250.940565,1288.7016733928572,41.267883999999995,102886.360953,11218.773823116926,91.46760160000002,64.63348896385543,9.047582474721782,0.7759747821432454,28,64,,True,True,,436,87.6246207195492
96,2026-09-18T06:49:30.312+00:00,2026-09-18T06:51:14.018+00:00,2026-09-18T06:51:14.766+00:00,True,13,13.0,,13.0,103705.634529,104453.500897,104453.501015,8034.8846934615385,55.970347000000004,103705.634529,28745.483071960512,41523.066168000005,62.322197333333335,3.804398850334399,0.1244572933253726,28,64,,True,True,,40,87.6246207195492
97,2026-09-18T06:49:30.645+00:00,2026-09-18T06:51:15.144+00:00,2026-09-18T06:51:17.263+00:00,True,34,34.0,,34.0,104498.322254,106617.678158,106617.678302,3135.8140677058823,53.493321,104498.322254,17910.30198774434,90.66161545000001,64.22290618181817,7.947140780199952,0.3188964587056038,28,64,,True,True,,130,87.6246207195492
98,2026-09-18T06:49:31.125+00:00,2026-09-18T06:51:17.048+00:00,2026-09-18T06:51:19.294+00:00,True,34,34.0,,34.0,105922.581582,108168.613454,108168.613355,3181.4298045588234,34.030357,105922.581582,18153.906809200307,95.89141980000001,68.06157187878787,15.475200872406422,0.31432408084308955,28,64,,True,True,,118,87.6246207195492
99,2026-09-18T06:49:31.468+00:00,2026-09-18T06:51:18.545+00:00,2026-09-18T06:51:20.801+00:00,True,36,36.0,,36.0,107077.933286,109333.316838,109333.31686199999,3037.0365795,40.447815000000006,107077.933286,17835.586251678156,94.60079474999999,64.43953005714286,12.057385219997338,0.3292683423602841,28,64,,True,True,,202,87.6246207195492
100,2026-09-18T06:49:31.832+00:00,2026-09-18T06:51:19.731+00:00,2026-09-18T06:51:23.667+00:00,True,64,64.0,,64.0,107898.3783,111834.505532,111834.505397,1747.414146828125,35.130435,107898.3783,13479.492856343317,92.79264665000001,62.47821003174603,12.100200803102496,0.572274180455756,28,64,,True,True,,237,87.6246207195492
101,2026-09-18T06:49:32.318+00:00,2026-09-18T06:51:21.747+00:00,2026-09-18T06:51:23.956+00:00,True,35,35.0,,35.0,109429.045452,111638.20231600001,111638.20233500001,3189.662923857143,35.678494,109429.045452,18485.907033975538,95.1672322,64.97520188235293,14.042650057167734,0.31351275167375026,28,64,,True,True,,170,87.6246207195492
102,2026-09-18T06:49:32.677+00:00,2026-09-18T06:51:23.171+00:00,2026-09-18T06:51:24.078+00:00,True,15,15.0,,15.0,110493.94220399999,111400.80582,111400.80564699999,7426.7203764666665,38.01163,110493.94220399999,28512.692176676257,33216.4077902,64.77597257142857,15.784064869765942,0.13464893624052243,28,64,,True,True,,59,87.6246207195492
103,2026-09-18T06:49:33.139+00:00,2026-09-18T06:51:24.994+00:00,2026-09-18T06:51:31.164+00:00,True,100,100.0,,100.0,111854.68317,118025.128482,118025.12831100001,1180.25128311,36.955781,111854.68317,11179.241746274562,90.31576274999999,62.327730424242425,11.835764813008945,0.8472771966967271,28,64,,True,True,,441,87.6246207195492
104,2026-09-18T06:49:33.501+00:00,2026-09-18T06:51:26.565+00:00,2026-09-18T06:51:27.602+00:00,True,18,18.0,,18.0,113063.647705,114101.152473,114101.15246499999,6338.952914722222,35.049425,113063.647705,26634.976597933055,17043.257313050002,61.02969223529412,15.23636860500247,0.1577547606651859,28,64,,True,True,,74,87.6246207195492
105,2026-09-18T06:49:33.789+00:00,2026-09-18T06:51:27.819+00:00,2026-09-18T06:51:33.474+00:00,True,91,91.0,,91.0,114029.74955,119685.074734,119685.07471399999,1315.2206012527472,35.887273,114029.74955,11946.985552567136,94.126301,62.83694648888889,12.926529834745189,0.7603287227103918,28,64,,True,True,,432,87.6246207195492
106,2026-09-18T06:49:34.071+00:00,2026-09-18T06:51:28.630+00:00,2026-09-18T06:51:31.797+00:00,True,53,53.0,,53.0,114558.530464,117725.785248,117725.78541299999,2221.241234207547,36.040572999999995,114558.530464,15727.461807597587,80.86138419999999,60.90874584615385,11.20973509406693,0.45019873843568525,28,64,,True,True,,183,87.6246207195492
107,2026-09-18T06:49:34.514+00:00,2026-09-18T06:51:30.749+00:00,2026-09-18T06:51:33.254+00:00,True,39,39.0,,39.0,116234.746516,118740.43074,118740.430878,3044.6264327692306,35.889924,116234.746516,18601.901379236544,97.95562269999999,65.93905852631579,13.417888859141406,0.3284475199976018,28,64,,True,True,,171,87.6246207195492
108,2026-09-18T06:49:35.223+00:00,2026-09-18T06:51:33.035+00:00,2026-09-18T06:51:37.297+00:00,True,69,69.0,,69.0,117811.701809,122074.09745700001,122074.09730000001,1769.189815942029,36.117853000000004,117811.701809,14175.32173186661,94.7446306,62.68228894117647,12.655968980889325,0.5652304742560551,28,64,,True,True,,359,87.6246207195492
109,2026-09-18T06:49:35.257+00:00,2026-09-18T06:51:33.035+00:00,2026-09-18T06:51:38.901+00:00,True,94,94.0,,94.0,117777.90465099999,123643.92346699999,123643.92337499998,1315.360886968085,35.546733999999994,117777.90465099999,12141.36383337403,93.04021095,63.075471139784945,12.387823139729573,0.7602476317818254,28,64,,True,True,,480,87.6246207195492
110,2026-09-18T06:49:35.660+00:00,2026-09-18T06:51:35.838+00:00,2026-09-18T06:51:40.492+00:00,True,76,76.0,,76.0,120177.62134700001,124831.69520300001,124831.69523400001,1642.5223057105263,38.546159,120177.62134700001,13778.2036305021,87.28273924999999,62.05431808,9.38093259116679,0.6088197382596591,28,64,,True,True,,321,87.6246207195492
111,2026-09-18T06:49:36.103+00:00,2026-09-18T06:51:37.420+00:00,2026-09-18T06:51:41.152+00:00,True,61,61.0,,61.0,121316.26779799999,125048.38222999999,125048.38221099999,2049.9734788688525,37.256071000000006,121316.26779799999,15524.995593569094,92.28337900000001,62.2019072,10.2352371286269,0.48781118885491404,28,64,,True,True,,269,87.6246207195492
112,2026-09-18T06:49:36.536+00:00,2026-09-18T06:51:39.465+00:00,2026-09-18T06:51:42.882+00:00,True,57,57.0,,57.0,122929.51661,126346.73261,126346.732636,2216.609344491228,37.621941,122929.51661,16274.33251668448,73.5263082,61.02171428571428,9.635358682611047,0.45113948594099695,28,64,,True,True,,213,87.6246207195492
113,2026-09-18T06:49:36.890+00:00,2026-09-18T06:51:40.801+00:00,2026-09-18T06:51:45.254+00:00,True,74,74.0,,74.0,123910.88326199999,128364.03218999998,128364.03219199998,1734.6490836756755,33.954997000000006,123910.88326199999,14397.259105451316,72.51706165,61.00204010958904,9.129158444430923,0.5764854744549296,28,64,,True,True,,365,87.6246207195492
114,2026-09-18T06:49:37.362+00:00,2026-09-18T06:51:42.753+00:00,2026-09-18T06:51:47.898+00:00,True,86,86.0,,86.0,125390.92431900001,130535.53846300002,130535.53846500002,1517.8550984302326,37.65994,125390.92431900001,13514.727177523233,70.99133825,60.52487228235294,8.495056359476257,0.658824416803371,28,64,,True,True,,446,87.6246207195492
115,2026-09-18T06:49:37.824+00:00,2026-09-18T06:51:44.325+00:00,2026-09-18T06:51:50.252+00:00,True,100,100.0,,100.0,126500.81231299999,132427.965465,132427.965599,1324.2796559899998,36.051722,126500.81231299999,12644.097596453143,67.93535084999999,59.870233858585856,9.304184267246248,0.7551275113898013,28,64,,True,True,,545,87.6246207195492
116,2026-09-18T06:49:38.199+00:00,2026-09-18T06:51:45.442+00:00,2026-09-18T06:51:46.102+00:00,True,12,12.0,,12.0,127243.892624,127903.52296,127903.522795,10658.626899583332,41.665233,127243.892624,36714.83761268208,57296.054115650004,59.96639418181818,6.8779008789825085,0.0938207151944738,28,64,,True,True,,72,87.6246207195492
117,2026-09-18T06:49:38.671+00:00,2026-09-18T06:51:47.356+00:00,2026-09-18T06:51:47.591+00:00,True,5,5.0,,5.0,128684.4056,128920.099168,128920.099211,25784.0198422,38.084459,128684.4056,57523.065709171424,102961.36037819998,58.923392,14.352167878890306,0.038783712022159834,28,64,,True,True,,22,87.6246207195492
118,2026-09-18T06:49:39.054+00:00,2026-09-18T06:51:48.715+00:00,2026-09-18T06:51:49.132+00:00,True,8,8.0,,8.0,129661.709412,130078.22473999999,130078.224625,16259.778078125,45.305155,129661.709412,45821.3005092105,84305.12346074998,59.50218971428572,8.722317557182565,0.0615014543440332,28,64,,True,True,,22,87.6246207195492
119,2026-09-18T06:49:39.540+00:00,2026-09-18T06:51:50.362+00:00,2026-09-18T06:51:54.838+00:00,True,72,72.0,,72.0,130821.46020999999,135297.742578,135297.74237599998,1879.1353107777777,36.565141000000004,130821.46020999999,15410.030105722219,87.0753895,63.046230535211265,10.056264521801522,0.532159654906966,28,64,,True,True,,367,87.6246207195492
120,2026-09-18T06:49:39.932+00:00,2026-09-18T06:51:51.672+00:00,2026-09-18T06:51:55.716+00:00,True,65,65.0,,65.0,131740.12564,135784.57440800001,135784.57442100003,2088.9934526307693,34.573986,131740.12564,16332.51685059578,88.99350240000001,63.194512,11.000369999078128,0.4786994419903001,28,64,,True,True,,212,87.6246207195492
121,2026-09-18T06:49:40.313+00:00,2026-09-18T06:51:53.126+00:00,2026-09-18T06:51:53.126+00:00,True,1,1.0,,1.0,132813.398472,132813.398472,132813.398472,132813.398472,132813.398472,132813.398472,nan,132813.398472,nan,nan,0.007529360828838531,28,64,,True,True,,1,87.6246207195492
122,2026-09-18T06:49:40.660+00:00,2026-09-18T06:51:54.592+00:00,2026-09-18T06:51:58.558+00:00,True,68,68.0,,68.0,133931.92507,137897.64155,137897.641658,2027.9064949705883,36.107023,133931.92507,16234.457591525894,74.0110291,59.189798208955224,11.234925800841724,0.4931193835925325,28,64,,True,True,,335,87.6246207195492
123,2026-09-18T06:49:41.004+00:00,2026-09-18T06:51:55.964+00:00,2026-09-18T06:51:58.558+00:00,True,45,45.0,,45.0,134959.493919,137553.542943,137553.542953,3056.7453989555556,37.36949,134959.493919,20109.787235723546,69.249685,58.955659636363634,9.76953366673349,0.32714533582495425,28,64,,True,True,,178,87.6246207195492
124,2026-09-18T06:49:41.445+00:00,2026-09-18T06:51:57.838+00:00,2026-09-18T06:52:00.903+00:00,True,51,51.0,,51.0,136392.50733899997,139457.82957899998,139457.82956599997,2734.4672463921565,39.559957000000004,136392.50733899997,19090.18811337827,71.21561249999999,61.306444799999994,7.818315630752962,0.36570194842383913,28,64,,True,True,,260,87.6246207195492
125,2026-09-18T06:49:41.745+00:00,2026-09-18T06:51:58.787+00:00,2026-09-18T06:52:02.048+00:00,True,53,53.0,,53.0,137041.490954,140302.75329000002,140302.753085,2647.221756320755,34.335896999999996,137041.490954,18815.48399468287,79.825657,62.71658338461538,9.389127626159029,0.3777545255327326,28,64,,True,True,,269,87.6246207195492
126,2026-09-18T06:49:42.165+00:00,2026-09-18T06:52:00.342+00:00,2026-09-18T06:52:04.660+00:00,True,70,70.0,,70.0,138176.12619,142494.19467,142494.19474200002,2035.631353457143,34.016386,138176.12619,16507.730105180042,90.80351135000001,62.580702608695645,11.597669647603356,0.491248083208666,28,64,,True,True,,219,87.6246207195492
127,2026-09-18T06:49:42.514+00:00,2026-09-18T06:52:01.517+00:00,2026-09-18T06:52:04.605+00:00,True,50,50.0,,50.0,139002.637213,142090.351261,142090.351289,2841.80702578,35.309304,139002.637213,19649.033791320457,95.30312435,63.01457240816327,12.544191702958312,0.3518887775015562,28,64,,True,True,,202,87.6246207195492
128,2026-09-18T06:49:42.982+00:00,2026-09-18T06:52:03.470+00:00,2026-09-18T06:52:07.819+00:00,True,70,70.0,,70.0,140487.739666,144836.488466,144836.48827200002,2069.0926896,39.943046,140487.739666,16783.96719817248,89.42013040000002,63.02534492753623,11.067950269231035,0.4833036256359689,28,64,,True,True,,305,87.6246207195492
129,2026-09-18T06:49:43.420+00:00,2026-09-18T06:52:04.940+00:00,2026-09-18T06:52:07.758+00:00,True,46,46.0,,46.0,141520.26254499998,144337.87739299997,144337.87736299998,3137.7799426739125,37.22657100000001,141520.26254499998,20856.796273874043,95.12736924999999,62.61366328888889,12.74845877510947,0.3186966639030739,28,64,,True,True,,241,87.6246207195492
130,2026-09-18T06:49:43.705+00:00,2026-09-18T06:52:06.333+00:00,2026-09-18T06:52:12.107+00:00,True,94,94.0,,94.0,142628.435183,148401.883119,148401.883084,1578.7434370638298,36.740262,142628.435183,14704.599785292072,79.3264301,62.08008533333334,9.47578667888296,0.6334151428834874,28,64,,True,True,,358,87.6246207195492
131,2026-09-18T06:49:44.149+00:00,2026-09-18T06:52:07.939+00:00,2026-09-18T06:52:13.917+00:00,True,97,97.0,,97.0,143790.45334900002,149767.79888500003,149767.79899900002,1543.9979278247424,35.657554,143790.45334900002,14593.389773880248,81.205209,62.264016,9.696618177173544,0.6476692635009075,28,64,,True,True,,494,87.6246207195492
132,2026-09-18T06:49:44.575+00:00,2026-09-18T06:52:09.668+00:00,2026-09-18T06:52:13.856+00:00,True,68,68.0,,68.0,145093.68162299998,149281.16219899998,149281.162188,2195.3112086470587,36.249421999999996,145093.68162299998,17587.617581570932,89.67120129999999,62.49971008955224,11.025096880795283,0.45551628215053863,28,64,,True,True,,247,87.6246207195492
133,2026-09-18T06:49:45.024+00:00,2026-09-18T06:52:11.348+00:00,2026-09-18T06:52:13.956+00:00,True,42,42.0,,42.0,146324.112482,148932.01981,148932.01970099998,3546.0004690714286,34.801986,146324.112482,22568.489704290518,95.4048413,63.60749580487805,13.289517689736494,0.28200785871017864,28,64,,True,True,,192,87.6246207195492
134,2026-09-18T06:49:45.366+00:00,2026-09-18T06:52:12.755+00:00,2026-09-18T06:52:15.164+00:00,True,38,38.0,,38.0,147389.0854,149797.685976,149797.686101,3942.0443710789477,34.393206,147389.0854,23899.109740220418,92.6027385,65.09731286486486,12.19364511020418,0.25367548071529095,28,64,,True,True,,224,87.6246207195492
135,2026-09-18T06:49:45.695+00:00,2026-09-18T06:52:14.017+00:00,2026-09-18T06:52:19.111+00:00,True,82,82.0,,82.0,148322.65179300003,153416.03419300003,153416.03424100002,1870.9272468414638,36.751292,148322.65179300003,16372.557547564733,89.78406849999999,62.88126419753087,12.657928085609838,0.5344943273454884,28,64,,True,True,,427,87.6246207195492
136,2026-09-18T06:49:46.056+00:00,2026-09-18T06:52:15.352+00:00,2026-09-18T06:52:20.306+00:00,True,79,79.0,,79.0,149295.697153,154249.77715299997,154249.77717999998,1952.528825063291,35.779144,149295.697153,16789.937505209014,94.7621998,63.51384615384615,13.195143881137316,0.512156331491099,28,64,,True,True,,408,87.6246207195492
137,2026-09-18T06:49:46.404+00:00,2026-09-18T06:52:16.767+00:00,2026-09-18T06:52:18.166+00:00,True,22,22.0,,22.0,150362.238539,151761.122891,151761.123063,6898.2328665000005,44.046368,150362.238539,32043.139092002868,108.11162755,66.61354057142857,16.76916672519344,0.14496466276017966,28,64,,True,True,,105,87.6246207195492
138,2026-09-18T06:49:46.883+00:00,2026-09-18T06:52:18.568+00:00,2026-09-18T06:52:20.759+00:00,True,35,35.0,,35.0,151684.843655,153875.399815,153875.399672,4396.439990628572,36.655162,151684.843655,25628.53176513055,98.7415685,64.42812235294117,14.362662535742155,0.22745676074329943,28,64,,True,True,,152,87.6246207195492
139,2026-09-18T06:49:47.272+00:00,2026-09-18T06:52:20.097+00:00,2026-09-18T06:52:23.574+00:00,True,55,55.0,,55.0,152825.64529100002,156302.69540300002,156302.69527000003,2841.8671867272733,38.178999000000005,152825.64529100002,20598.326128254474,91.2375837,64.38981688888889,10.530416872195826,0.3518813278183835,28,64,,True,True,,245,87.6246207195492
140,2026-09-18T06:49:47.542+00:00,2026-09-18T06:52:21.194+00:00,2026-09-18T06:52:22.915+00:00,True,28,28.0,,28.0,153651.305727,155373.112063,155373.112108,5549.039718142857,40.943254,153651.305727,29025.317779069755,94.37484549999999,63.770605037037036,10.682003790375926,0.18021136107930105,28,64,,True,True,,107,87.6246207195492
141,2026-09-18T06:49:47.967+00:00,2026-09-18T06:52:22.723+00:00,2026-09-18T06:52:28.623+00:00,True,94,94.0,,94.0,154756.127379,160656.42331500002,160656.42323100002,1709.1108854361703,34.909965,154756.127379,15955.335997482794,93.2960138,63.44404232258064,11.322110148969601,0.5850995438613347,28,64,,True,True,,448,87.6246207195492
142,2026-09-18T06:49:48.855+00:00,2026-09-18T06:52:25.321+00:00,2026-09-18T06:52:29.294+00:00,True,64,64.0,,64.0,156465.693796,160439.374692,160439.374768,2506.86523075,36.788852,156465.693796,19550.33016649857,89.75549295,63.074299936507934,10.414059813447452,0.3989045714174753,28,64,,True,True,,289,87.6246207195492
143,2026-09-18T06:49:48.907+00:00,2026-09-18T06:52:26.108+00:00,2026-09-18T06:52:27.258+00:00,True,20,20.0,,20.0,157200.886725,158350.82566899998,158350.825621,7917.541281049999,42.186761,157200.886725,35137.65410019925,7924.294826499999,60.52310231578947,6.6307380405417,0.1263018359108901,28,64,,True,True,,90,87.6246207195492
144,2026-09-18T06:49:49.090+00:00,2026-09-18T06:52:26.728+00:00,2026-09-18T06:52:32.890+00:00,True,99,99.0,,99.0,157638.830475,163800.064395,163800.06449,1654.546105959596,36.588622,157638.830475,15836.983994941458,92.6621119,62.86973387755102,11.40251173845815,0.6043953667885248,28,64,,True,True,,448,87.6246207195492
145,2026-09-18T06:49:49.523+00:00,2026-09-18T06:52:28.684+00:00,2026-09-18T06:52:31.945+00:00,True,53,53.0,,53.0,159160.11385,162421.358522,162421.35842099998,3064.553932471698,37.730470000000004,159160.11385,21853.710729498776,92.66935559999997,62.71624369230769,10.494333593064628,0.32631176393479766,28,64,,True,True,,233,87.6246207195492
146,2026-09-18T06:49:49.978+00:00,2026-09-18T06:52:30.276+00:00,2026-09-18T06:52:34.872+00:00,True,73,73.0,,73.0,160297.89552000002,164894.09904000003,164894.09902300002,2258.8232742876717,35.116495,160297.89552000002,18753.982976449584,98.61091839999999,63.83616,13.580827546606516,0.4427083832896388,28,64,,True,True,,341,87.6246207195492
147,2026-09-18T06:49:50.442+00:00,2026-09-18T06:52:32.132+00:00,2026-09-18T06:52:33.992+00:00,True,30,30.0,,30.0,161690.231627,163549.554507,163549.554591,5451.6518197000005,37.445519999999995,161690.231627,29508.759973816872,102.12751680000001,64.11458206896552,14.084153484170645,0.18343064333272757,28,64,,True,True,,140,87.6246207195492
148,2026-09-18T06:49:50.910+00:00,2026-09-18T06:52:34.116+00:00,2026-09-18T06:52:35.619+00:00,True,24,24.0,,24.0,163206.080101,164708.562533,164708.562531,6862.856772125,33.282648,163206.080101,33300.97071693096,100.60766635,65.32532313043478,15.822324444114498,0.14571191461398073,28,64,,True,True,,92,87.6246207195492
149,2026-09-18T06:49:51.354+00:00,2026-09-18T06:52:35.938+00:00,2026-09-18T06:52:41.857+00:00,True,94,94.0,,94.0,164583.83338499998,170503.437609,170503.43764299998,1813.866357904255,34.100406,164583.83338499998,16968.96656254284,97.07092865,63.651658322580644,13.70569276530233,0.5513085326500082,28,64,,True,True,,187,87.6246207195492
150,2026-09-18T06:49:51.831+00:00,2026-09-18T06:52:37.672+00:00,2026-09-18T06:52:38.686+00:00,True,17,17.0,,17.0,165840.145015,166854.217847,166854.217745,9814.953985,41.518432000000004,165840.145015,40206.772833548355,33246.0083862,63.379552,10.973714392407485,0.10188534769668489,28,64,,True,True,,87,87.6246207195492
151,2026-09-18T06:49:52.105+00:00,2026-09-18T06:52:38.685+00:00,2026-09-18T06:52:42.879+00:00,True,68,68.0,,68.0,166579.39149200002,170774.05645200002,170774.05625400002,2511.3831802058826,34.426076,166579.39149200002,20193.128664825843,85.81944365,62.60693970149254,10.030946634518171,0.39818694603130755,28,64,,True,True,,395,87.6246207195492
152,2026-09-18T06:49:52.565+00:00,2026-09-18T06:52:40.594+00:00,2026-09-18T06:52:45.839+00:00,True,84,84.0,,84.0,168028.91472200002,173274.28329800002,173274.283425,2062.789088392857,37.634370000000004,168028.91472200002,18326.565099668132,90.55542015,63.19721175903614,10.276119293163607,0.48478053639116997,28,64,,True,True,,390,87.6246207195492
153,2026-09-18T06:49:52.953+00:00,2026-09-18T06:52:42.042+00:00,2026-09-18T06:52:45.472+00:00,True,56,56.0,,56.0,169089.21535800002,172518.42239800002,172518.422496,3080.6861160000003,37.321131,169089.21535800002,22587.167629897274,92.11208825,62.34921890909091,10.831112251653797,0.3246030146902688,28,64,,True,True,,275,87.6246207195492
154,2026-09-18T06:49:53.411+00:00,2026-09-18T06:52:43.883+00:00,2026-09-18T06:52:48.166+00:00,True,69,69.0,,69.0,170472.654721,174755.619457,174755.619518,2532.690137942029,35.849253,170472.654721,20514.91829637462,101.0725916,62.98477552941176,14.146869523712464,0.3948370885834547,28,64,,True,True,,366,87.6246207195492
155,2026-09-18T06:49:53.825+00:00,2026-09-18T06:52:45.348+00:00,2026-09-18T06:52:49.120+00:00,True,60,60.0,,60.0,171523.121165,175294.969613,175294.969593,2921.58282655,35.304264,171523.121165,22135.290461106033,93.94431375,63.9296347118644,13.44832403718923,0.34228021564145533,28,64,,True,True,,271,87.6246207195492
156,2026-09-18T06:49:54.111+00:00,2026-09-18T06:52:46.585+00:00,2026-09-18T06:52:47.811+00:00,True,19,19.0,,19.0,172473.632567,173699.363639,173699.363603,9142.071768578948,46.799264,172473.632567,39552.54633928106,17352.4460435,68.09617066666667,17.56392136134943,0.10938439613105186,28,64,,True,True,,136,87.6246207195492
157,2026-09-18T06:49:54.445+00:00,2026-09-18T06:52:47.917+00:00,2026-09-18T06:52:51.773+00:00,True,62,62.0,,62.0,173472.70891,177328.40939,177328.40961099998,2860.135638887097,32.662459,173472.70891,22023.031331946993,89.18104584999999,63.20820459016393,11.035958901827108,0.3496337682905779,28,64,,True,True,,298,87.6246207195492
158,2026-09-18T06:49:54.775+00:00,2026-09-18T06:52:49.064+00:00,2026-09-18T06:52:53.485+00:00,True,71,71.0,,71.0,174288.76163999998,178709.532712,178709.532743,2517.0356724366193,39.206017,174288.76163999998,20676.778670032105,90.957735,63.15387245714286,11.406837234787082,0.3972927404741207,28,64,,True,True,,449,87.6246207195492
159,2026-09-18T06:49:55.119+00:00,2026-09-18T06:52:50.276+00:00,2026-09-18T06:52:55.671+00:00,True,84,84.0,,84.0,175157.07844,180552.12023200002,180552.12036200002,2149.430004309524,36.219212,175157.07844,19104.11642927914,94.89889765,65.00050351807229,13.20285891508694,0.4652396210693311,28,64,,True,True,,395,87.6246207195492
160,2026-09-18T06:49:55.461+00:00,2026-09-18T06:52:51.775+00:00,2026-09-18T06:52:53.366+00:00,True,26,26.0,,26.0,176314.61421,177904.923586,177904.923549,6842.497059576923,39.599875999999995,176314.61421,34565.667083391956,98.65640625,63.612375039999996,11.350267031190016,0.14614547746022044,28,64,,True,True,,86,87.6246207195492
161,2026-09-18T06:49:55.928+00:00,2026-09-18T06:52:53.592+00:00,2026-09-18T06:52:59.258+00:00,True,87,87.0,,87.0,177663.652669,183329.942845,183329.942655,2107.2407201724136,34.057656,177663.652669,19040.483624000637,96.92555890000001,65.88709506976744,13.255843815471676,0.4745542307486339,28,64,,True,True,,480,87.6246207195492
162,2026-09-18T06:49:56.359+00:00,2026-09-18T06:52:55.298+00:00,2026-09-18T06:52:57.915+00:00,True,41,41.0,,41.0,178939.291637,181556.04248499998,181556.042279,4428.196153146341,37.59908,178939.291637,27935.40890601593,98.275767,65.41877120000001,13.701654849414155,0.2258255877294053,28,64,,True,True,,215,87.6246207195492
163,2026-09-18T06:49:56.703+00:00,2026-09-18T06:52:56.434+00:00,2026-09-18T06:52:58.912+00:00,True,40,40.0,,40.0,179731.131579,182209.18981900002,182209.18959,4555.229739750001,35.383663,179731.131579,28407.94346329855,94.77583294999998,63.53995487179487,13.003746653132112,0.21952789560029626,28,64,,True,True,,206,87.6246207195492
164,2026-09-18T06:49:57.048+00:00,2026-09-18T06:52:57.696+00:00,2026-09-18T06:53:02.395+00:00,True,76,76.0,,76.0,180647.727279,185346.612911,185346.61306200002,2438.7712245000002,35.884113,180647.727279,20714.531369509285,88.09978725,62.65180842666667,10.372215241268366,0.41004256191341243,28,64,,True,True,,376,87.6246207195492
165,2026-09-18T06:49:57.502+00:00,2026-09-18T06:52:59.381+00:00,2026-09-18T06:53:04.712+00:00,True,88,88.0,,88.0,181879.33623800002,187210.05931,187210.05937000003,2127.3870382954547,36.944571,181879.33623800002,19381.872156344492,69.8184704,61.272678988505746,7.560946214991981,0.47006021110372775,28,64,,True,True,,384,87.6246207195492
166,2026-09-18T06:49:57.834+00:00,2026-09-18T06:53:00.845+00:00,2026-09-18T06:53:01.615+00:00,True,13,13.0,,13.0,183010.299928,183780.46056799998,183780.460609,14136.958508384614,59.194189,183010.299928,50740.124478661695,73250.36937279999,64.18005333333333,4.501519786003699,0.07073657319076047,28,64,,True,True,,55,87.6246207195492
167,2026-09-18T06:49:58.278+00:00,2026-09-18T06:53:02.588+00:00,2026-09-18T06:53:04.836+00:00,True,38,38.0,,38.0,184310.566659,186558.536195,186558.53617,4909.4351623684215,42.92559,184310.566659,29889.266655282838,67.57433935,60.7559334054054,5.631517456228982,0.2036894198198498,28,64,,True,True,,165,87.6246207195492
168,2026-09-18T06:49:58.719+00:00,2026-09-18T06:53:04.607+00:00,2026-09-18T06:53:09.556+00:00,True,84,84.0,,84.0,185888.80241,190837.690986,190837.690795,2271.877271369048,35.957993,185888.80241,20275.628109417077,68.45870065,59.62516356626506,10.345714475766076,0.44016462139107676,28,64,,True,True,,424,87.6246207195492
169,2026-09-18T06:49:59.210+00:00,2026-09-18T06:53:06.093+00:00,2026-09-18T06:53:11.862+00:00,True,98,98.0,,98.0,186883.38800099998,192651.90896099998,192651.90899499998,1965.8358060714284,34.468266,186883.38800099998,18872.06839946627,68.18692035,59.46928824742268,10.170733495586013,0.5086894831643682,28,64,,True,True,,403,87.6246207195492
170,2026-09-18T06:49:59.557+00:00,2026-09-18T06:53:07.510+00:00,2026-09-18T06:53:10.133+00:00,True,45,45.0,,45.0,187953.266584,190576.39132,190576.39128399998,4235.030917422222,33.655466,187953.266584,28009.533749424834,69.749166,59.616471272727274,11.066438748329078,0.23612578498477155,28,64,,True,True,,184,87.6246207195492
171,2026-09-18T06:49:59.926+00:00,2026-09-18T06:53:08.851+00:00,2026-09-18T06:53:13.872+00:00,True,84,84.0,,84.0,188925.27163,193946.52731,193946.52737,2308.887230595238,35.613803,188925.27163,20606.83850854083,68.53991865,60.497056385542166,9.5471386976063,0.43310906962379475,28,64,,True,True,,433,87.6246207195492
172,2026-09-18T06:50:00.382+00:00,2026-09-18T06:53:10.834+00:00,2026-09-18T06:53:14.434+00:00,True,59,59.0,,59.0,190452.240307,194052.358067,194052.358072,3289.0230181694915,36.005883000000004,190452.240307,24786.69111265237,93.5935927,62.07099586206897,10.791302965992047,0.3040416544674464,28,64,,True,True,,229,87.6246207195492
173,2026-09-18T06:50:00.842+00:00,2026-09-18T06:53:12.394+00:00,2026-09-18T06:53:14.027+00:00,True,27,27.0,,27.0,191552.404452,193185.30685199998,193185.30693199998,7155.011367851851,38.701977,191552.404452,36852.19281988151,99.11063579999998,62.803938461538465,12.44123782833168,0.13976218191730702,28,64,,True,True,,157,87.6246207195492
174,2026-09-18T06:50:01.193+00:00,2026-09-18T06:53:13.456+00:00,2026-09-18T06:53:14.909+00:00,True,24,24.0,,24.0,192262.803437,193715.708909,193715.708933,8071.487872208333,38.085979,192262.803437,39232.588532092814,94.79502615,63.16980313043478,14.61232300517883,0.12389289508407526,28,64,,True,True,,91,87.6246207195492
175,2026-09-18T06:50:01.633+00:00,2026-09-18T06:53:15.354+00:00,2026-09-18T06:53:16.634+00:00,True,21,21.0,,21.0,193720.90472299999,195001.026067,195001.02601099998,9285.763143380951,39.291547,193720.90472299999,42259.401731668346,95.140782,64.0060672,12.921633005372305,0.10769174103106849,28,64,,True,True,,84,87.6246207195492
177,2026-09-18T06:50:02.672+00:00,2026-09-18T06:53:15.888+00:00,2026-09-18T06:53:21.509+00:00,True,91,91.0,,91.0,193215.508973,198837.064941,198837.065011,2185.022692428571,35.728243,193215.508973,20247.945011605254,93.24206099999999,62.46173297777778,12.722927836242546,0.457661150988132,28,64,,True,True,,438,87.6246207195492
176,2026-09-18T06:50:02.622+00:00,2026-09-18T06:53:19.049+00:00,2026-09-18T06:53:20.880+00:00,True,31,31.0,,31.0,196427.677713,198258.435345,198258.43550300002,6395.433403322581,38.427968,196427.677713,35268.493511348686,81.35908799999999,61.0252544,10.769585689977513,0.15636156890906183,28,64,,True,True,,153,87.6246207195492
178,2026-09-18T06:50:02.744+00:00,2026-09-18T06:53:19.608+00:00,2026-09-18T06:53:23.518+00:00,True,64,64.0,,64.0,196863.812466,200773.296754,200773.296792,3137.082762375,37.090559999999996,196863.812466,24600.22407458372,99.30398405,62.055306158730154,14.881455343249625,0.31876749067091725,28,64,,True,True,,253,87.6246207195492
179,2026-09-18T06:50:03.081+00:00,2026-09-18T06:53:21.566+00:00,2026-09-18T06:53:24.653+00:00,True,50,50.0,,50.0,198485.664958,201572.164542,201572.164472,4031.44328944,37.44814,198485.664958,28061.20769647682,100.0653183,62.989787428571425,14.881386937582398,0.2480501219680155,28,64,,True,True,,292,87.6246207195492
180,2026-09-18T06:50:03.552+00:00,2026-09-18T06:53:23.016+00:00,2026-09-18T06:53:28.608+00:00,True,90,90.0,,90.0,199463.89104,205055.59305599998,205055.59283399998,2278.3954759333333,33.686127,199463.89104,21018.721307577012,92.99449895000002,62.82811253932584,12.62718475662547,0.438905365411912,28,64,,True,True,,358,87.6246207195492
181,2026-09-18T06:50:04.045+00:00,2026-09-18T06:53:25.420+00:00,2026-09-18T06:53:29.340+00:00,True,64,64.0,,64.0,201375.07881799998,205295.30742599998,205295.30753499997,3207.7391802343745,37.344809999999995,201375.07881799998,25164.108793226034,90.66579275,62.22585092063492,10.540598372257639,0.31174604428339997,28,64,,True,True,,288,87.6246207195492
182,2026-09-18T06:50:04.445+00:00,2026-09-18T06:53:26.757+00:00,2026-09-18T06:53:27.376+00:00,True,11,11.0,,11.0,202311.597279,202931.031007,202931.030972,18448.27554290909,43.612458,202311.597279,60980.56601830373,101199.22245300001,61.9433728,11.211702514846301,0.054205608405057386,28,64,,True,True,,56,87.6246207195492
183,2026-09-18T06:50:04.720+00:00,2026-09-18T06:53:27.652+00:00,2026-09-18T06:53:33.580+00:00,True,98,98.0,,98.0,202931.848854,208859.583382,208859.58326,2131.220237346939,35.663402999999995,202931.848854,20493.04187758306,79.86514125,61.1106652371134,10.4517531907688,0.46921476339804796,28,64,,True,True,,493,87.6246207195492
184,2026-09-18T06:50:05.099+00:00,2026-09-18T06:53:28.906+00:00,2026-09-18T06:53:32.867+00:00,True,65,65.0,,65.0,203807.101699,207767.323139,207767.32327199998,3196.420358030769,39.892466,203807.101699,25271.486745005015,88.1495218,61.87846,10.276998157651253,0.3128499660965159,28,64,,True,True,,243,87.6246207195492
185,2026-09-18T06:50:05.500+00:00,2026-09-18T06:53:30.663+00:00,2026-09-18T06:53:36.146+00:00,True,88,88.0,,88.0,205163.16511700003,210646.32210900003,210646.32191500004,2393.7082035795456,36.569522,205163.16511700003,21863.751688911507,93.29334589999999,63.02479301149425,12.023106844213823,0.4177618631977061,28,64,,True,True,,439,87.6246207195492
186,2026-09-18T06:50:05.803+00:00,2026-09-18T06:53:32.172+00:00,2026-09-18T06:53:35.120+00:00,True,48,48.0,,48.0,206369.05947799998,209317.06306199997,209317.06310099998,4360.7721479374995,35.717223,206369.05947799998,29777.757256471818,92.12806355000001,62.723480510638296,12.579785327867276,0.22931718655818492,28,64,,True,True,,229,87.6246207195492
187,2026-09-18T06:50:06.098+00:00,2026-09-18T06:53:33.015+00:00,2026-09-18T06:53:36.803+00:00,True,61,61.0,,61.0,206916.999167,210704.663807,210704.663711,3454.174814934426,34.916735,206916.999167,26484.927955240644,92.172208,63.127744,14.033539643772514,0.28950474516252006,28,64,,True,True,,310,87.6246207195492
188,2026-09-18T06:50:06.500+00:00,2026-09-18T06:53:34.758+00:00,2026-09-18T06:53:37.601+00:00,True,45,45.0,,45.0,208258.84028,211101.426136,211101.426081,4691.1428018,36.651382,208258.84028,31035.76697695124,92.51490659999999,64.604224,13.064152499296819,0.21316767405924203,28,64,,True,True,,224,87.6246207195492
189,2026-09-18T06:50:06.924+00:00,2026-09-18T06:53:36.148+00:00,2026-09-18T06:53:39.672+00:00,True,57,57.0,,57.0,209223.865419,212747.578187,212747.578236,3732.4136532631583,35.510572999999994,209223.865419,27704.045822839784,92.093014,62.92344228571428,11.328254953767992,0.2679231438766291,28,64,,True,True,,246,87.6246207195492
190,2026-09-18T06:50:07.324+00:00,2026-09-18T06:53:38.067+00:00,2026-09-18T06:53:38.829+00:00,True,13,13.0,,13.0,210743.52245,211504.912274,211504.91210699998,16269.608623615384,36.615471,210743.52245,58432.140428283536,84355.6670408,63.449152,13.477814924695876,0.061464293477774094,28,64,,True,True,,57,87.6246207195492
191,2026-09-18T06:50:07.636+00:00,2026-09-18T06:53:39.356+00:00,2026-09-18T06:53:41.237+00:00,True,32,32.0,,32.0,211720.615937,213601.435649,213601.43585399998,6675.044870437499,39.034667999999996,211720.615937,37416.54625492252,75.8607462,60.67160361290322,7.717184701570652,0.14981172716733945,28,64,,True,True,,143,87.6246207195492
192,2026-09-18T06:50:08.058+00:00,2026-09-18T06:53:40.635+00:00,2026-09-18T06:53:42.236+00:00,True,26,26.0,,26.0,212577.57640700002,214178.25557500002,214178.25563600002,8237.625216769231,39.744555999999996,212577.57640700002,41677.338417947445,95.76951100000001,64.02716672,14.665130460539322,0.12139420937106024,28,64,,True,True,,84,87.6246207195492
193,2026-09-18T06:50:08.427+00:00,2026-09-18T06:53:42.240+00:00,2026-09-18T06:53:42.480+00:00,True,5,5.0,,5.0,213813.37116,214052.875032,214052.874982,42810.5749964,54.825186,213813.37116,95593.46924702231,171064.0903892,59.875968,5.196576133897395,0.023358714519730327,28,64,,True,True,,33,87.6246207195492
194,2026-09-18T06:50:08.861+00:00,2026-09-18T06:53:43.677+00:00,2026-09-18T06:53:47.795+00:00,True,65,65.0,,65.0,214815.808216,218934.22332,218934.223193,3368.218818353846,37.72065,214815.808216,26636.64206412742,92.7249872,64.350236,10.327215322995713,0.29689282476862605,28,64,,True,True,,246,87.6246207195492
195,2026-09-18T06:50:09.207+00:00,2026-09-18T06:53:45.107+00:00,2026-09-18T06:53:50.512+00:00,True,85,85.0,,85.0,215899.89594299998,221304.514439,221304.514668,2603.582525505882,0.045840000000000006,215899.89594299998,23410.663310705324,91.8346628,64.34069638095238,22.20398064218702,0.38408615484176784,28,64,,True,True,,329,87.6246207195492
196,2026-09-18T06:50:09.619+00:00,2026-09-18T06:53:46.643+00:00,2026-09-18T06:53:48.091+00:00,True,23,23.0,,23.0,217023.984875,218472.078827,218472.07887,9498.786037826087,37.17227,217023.984875,45238.90628937276,96.1160464,65.82245236363637,14.365976528862321,0.10527661073895331,28,64,,True,True,,113,87.6246207195492
197,2026-09-18T06:50:09.921+00:00,2026-09-18T06:53:47.600+00:00,2026-09-18T06:53:50.515+00:00,True,47,47.0,,47.0,217678.76231400002,220594.14100200002,220594.14120900002,4693.4923661489365,0.017839999999999998,217678.76231400002,31742.479710000556,92.31134699999998,63.37779756521739,29.597053251402215,0.2130609624830148,28,64,,True,True,,295,87.6246207195492
198,2026-09-18T06:50:10.190+00:00,2026-09-18T06:53:49.267+00:00,2026-09-18T06:53:50.578+00:00,True,22,22.0,,22.0,219077.096646,220387.356102,220387.356229,10017.60710131818,35.857723,219077.096646,46694.092227061104,73.1826315,62.393307428571426,7.5684064277998475,0.09982423850948113,28,64,,True,True,,97,87.6246207195492
199,2026-09-18T06:50:10.489+00:00,2026-09-18T06:53:50.347+00:00,2026-09-18T06:53:54.778+00:00,True,73,73.0,,73.0,219858.305449,224289.51799300002,224289.518025,3072.459151027397,36.7249,219858.305449,25725.2681203815,91.12330560000001,61.544618666666665,12.682619384514604,0.32547218725700017,28,64,,True,True,,314,87.6246207195492
200,2026-09-18T06:50:10.810+00:00,2026-09-18T06:53:51.368+00:00,2026-09-18T06:53:55.428+00:00,True,66,66.0,,66.0,220557.717645,224618.199181,224618.19915,3403.3060477272725,35.923072999999995,220557.717645,27141.091877388375,93.5123905,62.46894670769231,12.777003557778503,0.2938319345478165,28,64,,True,True,,283,87.6246207195492
201,2026-09-18T06:50:11.193+00:00,2026-09-18T06:53:52.781+00:00,2026-09-18T06:53:54.507+00:00,True,29,29.0,,29.0,221588.604971,223314.518059,223314.518121,7700.500624862068,40.078125,221588.604971,41136.52640898511,91.75896440000001,61.63975314285714,12.000595097302941,0.129861686790727,28,64,,True,True,,105,87.6246207195492
202,2026-09-18T06:50:11.610+00:00,2026-09-18T06:53:54.630+00:00,2026-09-18T06:53:56.121+00:00,True,25,25.0,,25.0,223019.554842,224510.41077800002,224510.410791,8980.41643164,40.503454,223019.554842,44591.48809459959,88.9365154,62.11899733333333,9.281920859488302,0.11135341079893375,28,64,,True,True,,116,87.6246207195492
203,2026-09-18T06:50:11.923+00:00,2026-09-18T06:53:55.680+00:00,2026-09-18T06:53:58.150+00:00,True,40,40.0,,40.0,223756.442674,226226.72926599998,226226.72933899998,5655.668233474999,51.988273,223756.442674,35368.985619865525,71.25415439999999,63.34068184615385,6.9325207154450545,0.17681376612649313,28,64,,True,True,,145,87.6246207195492
204,2026-09-18T06:50:12.224+00:00,2026-09-18T06:53:56.876+00:00,2026-09-18T06:53:59.619+00:00,True,45,45.0,,45.0,224651.35787,227395.091118,227395.091063,5053.224245844444,36.907161,224651.35787,33479.75279621963,87.1899028,62.35757381818182,9.624572493142553,0.19789345398247216,28,64,,True,True,,173,87.6246207195492
205,2026-09-18T06:50:12.591+00:00,2026-09-18T06:53:58.024+00:00,2026-09-18T06:54:01.167+00:00,True,51,51.0,,51.0,225433.382006,228576.129142,228576.128952,4481.884881411765,36.858811,225433.382006,31558.187637832685,84.31754699999999,62.85494272,10.087386672041214,0.2231204115295736,28,64,,True,True,,226,87.6246207195492
206,2026-09-18T06:50:13.057+00:00,2026-09-18T06:54:00.105+00:00,2026-09-18T06:54:01.751+00:00,True,27,27.0,,27.0,227048.27245,228694.64940999998,228694.649458,8470.172202148147,36.601262000000006,227048.27245,43683.27531773162,88.41483240000001,63.322190769230765,10.756322149097187,0.11806135416659813,28,64,,True,True,,118,87.6246207195492
207,2026-09-18T06:50:13.484+00:00,2026-09-18T06:54:01.755+00:00,2026-09-18T06:54:02.739+00:00,True,16,16.0,,16.0,228270.796809,229255.12372099998,229255.123627,14328.4452266875,43.24405,228270.796809,57051.29491201099,57139.375007999995,65.62179413333334,11.891752223569686,0.06979124278797694,28,64,,True,True,,60,87.6246207195492
208,2026-09-18T06:50:13.832+00:00,2026-09-18T06:54:03.052+00:00,2026-09-18T06:54:08.582+00:00,True,89,89.0,,89.0,229219.446795,234749.593867,234749.59391999998,2637.635886741573,36.864791,229219.446795,24290.55492629935,95.55508900000001,62.842580363636365,13.040559703043279,0.3791273864798418,28,64,,True,True,,398,87.6246207195492
209,2026-09-18T06:50:14.144+00:00,2026-09-18T06:54:03.989+00:00,2026-09-18T06:54:06.840+00:00,True,47,47.0,,47.0,229845.286414,232696.39195,232696.391936,4950.987062468085,36.274271999999996,229845.286414,33517.3413023168,84.31491369999999,61.98055513043478,9.606737633936268,0.2019799258859974,28,64,,True,True,,224,87.6246207195492
210,2026-09-18T06:50:14.473+00:00,2026-09-18T06:54:05.116+00:00,2026-09-18T06:54:10.250+00:00,True,82,82.0,,82.0,230642.926121,235777.720105,235777.720128,2875.3380503414633,34.002127,230642.926121,25463.253346667243,93.08608470000003,63.392518320987655,13.566341840049335,0.347785193458833,28,64,,True,True,,451,87.6246207195492
211,2026-09-18T06:50:14.781+00:00,2026-09-18T06:54:06.322+00:00,2026-09-18T06:54:09.837+00:00,True,55,55.0,,55.0,231541.380741,235056.444293,235056.44438,4273.753534181818,37.039370000000005,231541.380741,31212.259772866124,96.6055768,65.09376948148149,15.142513714848388,0.23398635236497495,28,64,,True,True,,243,87.6246207195492
212,2026-09-18T06:50:15.224+00:00,2026-09-18T06:54:08.174+00:00,2026-09-18T06:54:10.832+00:00,True,44,44.0,,44.0,232949.621002,235608.071434,235608.071475,5354.728897159091,38.092708,232949.621002,35109.1586241142,86.55670105000002,61.82442865116279,12.813826439449238,0.1867508177126502,28,64,,True,True,,187,87.6246207195492
213,2026-09-18T06:50:15.665+00:00,2026-09-18T06:54:09.895+00:00,2026-09-18T06:54:11.525+00:00,True,27,27.0,,27.0,234230.113693,235860.58614099998,235860.5863,8735.57727037037,35.975472,234230.113693,45065.53933725486,91.4931776,62.71047876923077,12.162264741506382,0.11447440389153918,28,64,,True,True,,121,87.6246207195492
214,2026-09-18T06:50:16.073+00:00,2026-09-18T06:54:11.401+00:00,2026-09-18T06:54:17.468+00:00,True,98,98.0,,98.0,235327.919147,241394.915627,241394.915878,2463.2134273265306,36.756621,235327.919147,23765.39445575043,93.62320735000002,62.54635546391752,11.920866381509967,0.4059737536122269,28,64,,True,True,,466,87.6246207195492
215,2026-09-18T06:50:17.222+00:00,2026-09-18T06:54:13.386+00:00,2026-09-18T06:54:18.504+00:00,True,82,82.0,,82.0,236163.72175,241281.810966,241281.810898,2942.461108512195,36.503402,236163.72175,26072.945074035033,95.02378145,63.18628661728395,11.796413410293878,0.33985156059507093,28,64,,True,True,,434,87.6246207195492
216,2026-09-18T06:50:17.248+00:00,2026-09-18T06:54:15.048+00:00,2026-09-18T06:54:19.478+00:00,True,70,70.0,,70.0,237800.425575,242229.791079,242229.791203,3460.4255886142855,34.437135000000005,237800.425575,28414.91714773865,96.6364528,64.19370295652175,12.166831457810954,0.28898179570806976,28,64,,True,True,,325,87.6246207195492
217,2026-09-18T06:50:17.359+00:00,2026-09-18T06:54:15.545+00:00,2026-09-18T06:54:17.466+00:00,True,31,31.0,,31.0,238186.05446,240107.25177200002,240107.251583,7745.395212354839,35.830743000000005,238186.05446,42767.97806142038,95.3245215,64.0399104,12.329159438478548,0.1291089701423797,28,64,,True,True,,141,87.6246207195492
218,2026-09-18T06:50:17.528+00:00,2026-09-18T06:54:17.529+00:00,2026-09-18T06:54:20.051+00:00,True,40,40.0,,40.0,240000.965528,242523.501464,242523.501506,6063.08753765,37.353709,240000.965528,37937.25915726338,94.74575645,64.68040861538462,10.598904974256381,0.16493246946600584,28,64,,True,True,,147,87.6246207195492
219,2026-09-18T06:50:17.963+00:00,2026-09-18T06:54:18.882+00:00,2026-09-18T06:54:24.317+00:00,True,87,87.0,,87.0,240918.633197,246353.250541,246353.25056299998,2831.646558195402,34.737075,240918.633197,25822.415642275584,86.6041956,63.19322493023255,10.259780373015621,0.35315141898450736,28,64,,True,True,,360,87.6246207195492
220,2026-09-18T06:50:18.302+00:00,2026-09-18T06:54:20.514+00:00,2026-09-18T06:54:23.795+00:00,True,54,54.0,,54.0,242211.872568,245492.421432,245492.42153599998,4546.155954370371,37.6443,242211.872568,32952.43949942855,81.74393135,61.89714837735849,10.578872863914386,0.21996605713939602,28,64,,True,True,,247,87.6246207195492
221,2026-09-18T06:50:18.711+00:00,2026-09-18T06:54:22.129+00:00,2026-09-18T06:54:28.132+00:00,True,96,96.0,,96.0,243418.45146799998,249421.859596,249421.859577,2598.14437059375,32.804998,243418.45146799998,24837.34494104894,91.24832475,63.193769768421056,12.1868244346239,0.38489008203008185,28,64,,True,True,,546,87.6246207195492
222,2026-09-18T06:50:19.094+00:00,2026-09-18T06:54:23.801+00:00,2026-09-18T06:54:25.938+00:00,True,35,35.0,,35.0,244706.148976,246843.541104,246843.540894,7052.672596971429,38.073239,244706.148976,41352.26335005412,78.6733608,62.86447435294118,8.212693465949615,0.14179022000520491,28,64,,True,True,,146,87.6246207195492
223,2026-09-18T06:50:19.427+00:00,2026-09-18T06:54:25.177+00:00,2026-09-18T06:54:27.355+00:00,True,36,36.0,,36.0,245749.648213,247927.711061,247927.711195,6886.880866527778,37.711788999999996,245749.648213,40947.90417514672,90.38783075,62.230367085714285,10.064243659221857,0.14520361538425441,28,64,,True,True,,204,87.6246207195492
224,2026-09-18T06:50:19.906+00:00,2026-09-18T06:54:27.020+00:00,2026-09-18T06:54:31.397+00:00,True,69,69.0,,69.0,247114.204895,251490.605279,251490.605392,3644.7913824927537,35.634263,247114.204895,29741.309233927994,94.92973819999999,64.35882917647058,12.910051323661683,0.2743641255443813,28,64,,True,True,,354,87.6246207195492
225,2026-09-18T06:50:20.378+00:00,2026-09-18T06:54:28.692+00:00,2026-09-18T06:54:33.527+00:00,True,79,79.0,,79.0,248313.670387,253148.792307,253148.79232399998,3204.415092708861,36.097842,248313.670387,27930.497976537798,80.3005702,61.988742564102566,9.622481668813412,0.31206943268445336,28,64,,True,True,,369,87.6246207195492
226,2026-09-18T06:50:20.822+00:00,2026-09-18T06:54:30.471+00:00,2026-09-18T06:54:36.404+00:00,True,97,97.0,,97.0,249648.28884599998,255581.77441399998,255581.77455699997,2634.863655226804,35.209035,249648.28884599998,25341.669170466725,75.86398960000001,61.807141333333334,8.658637385796128,0.37952627969033553,28,64,,True,True,,376,87.6246207195492
227,2026-09-18T06:50:21.174+00:00,2026-09-18T06:54:31.651+00:00,2026-09-18T06:54:33.838+00:00,True,36,36.0,,36.0,250477.049875,252664.799251,252664.79912799998,7018.466642444444,36.189882,250477.049875,41735.758308425226,91.20580675000001,62.50712502857143,10.081561391938003,0.14248126413619336,28,64,,True,True,,156,87.6246207195492
228,2026-09-18T06:50:21.665+00:00,2026-09-18T06:54:33.347+00:00,2026-09-18T06:54:39.425+00:00,True,98,98.0,,98.0,251682.220194,257760.005538,257760.005575,2630.204138520408,36.868321,251682.220194,25417.41678729532,91.93475999999998,62.657580865979384,11.65377639926415,0.38019862621997214,28,64,,True,True,,510,87.6246207195492
229,2026-09-18T06:50:22.069+00:00,2026-09-18T06:54:35.010+00:00,2026-09-18T06:54:37.364+00:00,True,38,38.0,,38.0,252940.910437,255294.81942900002,255294.81934900003,6718.284719710527,40.008335,252940.910437,41022.115139362984,98.78600349999999,63.61916194594595,11.530408790588691,0.14884751709804347,28,64,,True,True,,201,87.6246207195492
230,2026-09-18T06:50:22.549+00:00,2026-09-18T06:54:36.976+00:00,2026-09-18T06:54:41.760+00:00,True,77,77.0,,77.0,254426.359963,259210.455195,259210.45535499998,3366.369550064935,34.995864000000005,254426.359963,28987.403386394133,93.75570280000002,62.94862147368421,11.873888431676336,0.29705591906805645,28,64,,True,True,,360,87.6246207195492
231,2026-09-18T06:50:22.842+00:00,2026-09-18T06:54:37.961+00:00,2026-09-18T06:54:42.771+00:00,True,79,79.0,,79.0,255118.154729,259928.515817,259928.515903,3290.2343785189873,38.822357000000004,255118.154729,28696.09787737753,71.3276929,61.671296,9.404139364477404,0.30392971602861435,28,64,,True,True,,368,87.6246207195492
232,2026-09-18T06:50:23.236+00:00,2026-09-18T06:54:39.696+00:00,2026-09-18T06:54:43.209+00:00,True,58,58.0,,58.0,256459.565467,259972.431515,259972.43138,4482.283299655172,37.730069,256459.565467,33666.6993508685,67.74571075,61.6292289122807,8.071339273946373,0.22310057901910071,28,64,,True,True,,314,87.6246207195492
233,2026-09-18T06:50:23.708+00:00,2026-09-18T06:54:41.077+00:00,2026-09-18T06:54:41.637+00:00,True,10,10.0,,10.0,257369.15559,257929.05984600002,257929.059822,25792.9059822,59.701078,257369.15559,81367.60010867924,141582.54294615,62.211584,2.1048533319279046,0.03877035028922539,28,64,,True,True,,39,87.6246207195492
234,2026-09-18T06:50:24.090+00:00,2026-09-18T06:54:42.263+00:00,2026-09-18T06:54:43.330+00:00,True,19,19.0,,19.0,258172.956576,259240.38543999998,259240.385387,13644.230809842105,35.828352,258172.956576,59215.3342253955,25877.367557100002,59.30160355555555,9.008703483432361,0.07329104980210524,28,64,,True,True,,78,87.6246207195492
235,2026-09-18T06:50:24.580+00:00,2026-09-18T06:54:44.452+00:00,2026-09-18T06:54:47.240+00:00,True,47,47.0,,47.0,259872.020671,262660.75974300003,262660.759671,5588.5268015106385,35.569652999999995,259872.020671,37897.38825481007,80.71630289999999,60.62476243478261,9.63963431477347,0.17893803416234336,28,64,,True,True,,200,87.6246207195492
236,2026-09-18T06:50:25.050+00:00,2026-09-18T06:54:45.734+00:00,2026-09-18T06:54:48.480+00:00,True,47,47.0,,47.0,260683.986888,263429.723848,263429.724008,5604.887744851064,37.17119,260683.986888,38015.96224031452,80.8854172,59.689933913043475,10.36194777749794,0.17841570538607554,28,64,,True,True,,222,87.6246207195492
237,2026-09-18T06:50:25.331+00:00,2026-09-18T06:54:46.843+00:00,2026-09-18T06:54:48.716+00:00,True,32,32.0,,32.0,261512.37866999998,263385.89035,263385.890502,8230.8090781875,35.126975,261512.37866999998,46218.61160913647,86.08804669999999,60.43586064516129,10.622313859608107,0.12149473898346203,28,64,,True,True,,182,87.6246207195492
238,2026-09-18T06:50:25.817+00:00,2026-09-18T06:54:48.437+00:00,2026-09-18T06:54:52.498+00:00,True,69,69.0,,69.0,262620.028324,266680.473764,266680.473681,3864.934401173913,35.561994,262620.028324,31608.54976285575,83.6771256,59.71243294117647,11.738727424809737,0.25873660349449445,28,64,,True,True,,292,87.6246207195492
239,2026-09-18T06:50:26.167+00:00,2026-09-18T06:54:49.862+00:00,2026-09-18T06:54:51.210+00:00,True,23,23.0,,23.0,263694.572102,265042.35911,265042.359229,11523.580836043478,35.678653,263694.572102,54971.34655394596,97.13060109999998,61.26304581818182,13.538161369462856,0.086778581647224,28,64,,True,True,,112,87.6246207195492
240,2026-09-18T06:50:26.562+00:00,2026-09-18T06:54:51.479+00:00,2026-09-18T06:54:54.301+00:00,True,48,48.0,,48.0,264917.061502,267739.61023800005,267739.61026800005,5577.908547250001,36.319592,264917.061502,38228.8172351717,69.5165117,60.05422842553192,9.369370223241976,0.1792786654067796,28,64,,True,True,,168,87.6246207195492
241,2026-09-18T06:50:26.881+00:00,2026-09-18T06:54:52.496+00:00,2026-09-18T06:54:57.335+00:00,True,79,79.0,,79.0,265614.82534599997,270454.03712199995,270454.037057,3423.4688235063286,35.975423,265614.82534599997,29877.024092303465,88.84675879999999,62.041176615384614,9.962169298546428,0.2921013893549818,28,64,,True,True,,318,87.6246207195492
242,2026-09-18T06:50:27.200+00:00,2026-09-18T06:54:53.704+00:00,2026-09-18T06:54:58.306+00:00,True,74,74.0,,74.0,266504.485173,271106.713653,271106.713692,3663.6042390810812,36.446791,266504.485173,30973.190978247807,96.8211948,63.04422575342466,12.790315082776951,0.2729552470423712,28,64,,True,True,,383,87.6246207195492
243,2026-09-18T06:50:27.620+00:00,2026-09-18T06:54:55.116+00:00,2026-09-18T06:54:59.558+00:00,True,70,70.0,,70.0,267495.43470600003,271937.67829,271937.67818000005,3884.8239740000004,33.591407,267495.43470600003,31964.127504474938,98.773066,64.38034179710145,13.439038339751889,0.2574119204082876,28,64,,True,True,,298,87.6246207195492
244,2026-09-18T06:50:27.922+00:00,2026-09-18T06:54:56.303+00:00,2026-09-18T06:54:59.223+00:00,True,46,46.0,,46.0,268381.17221,271301.500914,271301.500885,5897.858714891304,36.839400999999995,268381.17221,39561.07929329739,101.47668225,64.89619342222223,14.751454671367163,0.16955306124377678,28,64,,True,True,,192,87.6246207195492
245,2026-09-18T06:50:28.349+00:00,2026-09-18T06:54:58.055+00:00,2026-09-18T06:55:03.496+00:00,True,87,87.0,,87.0,269705.509605,275146.923237,275146.92312700005,3162.608311804598,36.403012000000004,269705.509605,28908.68420517143,90.30221660000001,63.27225153488372,10.66995836228642,0.3161947041837784,28,64,,True,True,,338,87.6246207195492
246,2026-09-18T06:50:28.640+00:00,2026-09-18T06:54:59.432+00:00,2026-09-18T06:55:03.090+00:00,True,59,59.0,,59.0,270791.044839,274449.087975,274449.088117,4651.679459610169,35.091904,270791.044839,35245.78183053702,88.67586189999999,63.069709241379314,10.634438420412824,0.21497611974347097,28,64,,True,True,,272,87.6246207195492
247,2026-09-18T06:50:29.029+00:00,2026-09-18T06:55:01.001+00:00,2026-09-18T06:55:01.723+00:00,True,12,12.0,,12.0,271971.418524,272693.13372399996,272693.13372,22724.427809999997,39.571936,271971.418524,78492.44691940778,122441.20672104998,65.61047272727272,14.29277624457511,0.044005508448722155,28,64,,True,True,,53,87.6246207195492
248,2026-09-18T06:50:29.501+00:00,2026-09-18T06:55:02.561+00:00,2026-09-18T06:55:02.897+00:00,True,7,7.0,,7.0,273060.307416,273395.841496,273395.841586,39056.548797999996,39.709995,273060.307416,103185.9591178486,191162.58408210002,55.92234666666666,12.103801448505187,0.025603900782457275,28,64,,True,True,,42,87.6246207195492
249,2026-09-18T06:50:29.932+00:00,2026-09-18T06:55:03.842+00:00,2026-09-18T06:55:09.954+00:00,True,99,99.0,,99.0,273909.72778799996,280021.71037999995,280021.710522,2828.5021264848483,37.675319,273909.72778799996,27522.697845470648,91.09312590000002,62.36716930612245,11.891105223007086,0.3535440158038221,28,64,,True,True,,542,87.6246207195492
250,2026-09-18T06:50:30.227+00:00,2026-09-18T06:55:05.176+00:00,2026-09-18T06:55:09.888+00:00,True,77,77.0,,77.0,274948.93892000004,279660.93303200003,279660.9330300001,3631.96016922078,36.411942,274948.93892000004,31326.276149810146,92.84001980000001,61.999922526315785,11.602663291660782,0.2753334159519139,28,64,,True,True,,277,87.6246207195492
251,2026-09-18T06:50:30.616+00:00,2026-09-18T06:55:07.017+00:00,2026-09-18T06:55:12.720+00:00,True,93,93.0,,93.0,276400.960713,282104.563913,282104.563814,3033.3824066021502,35.458663,276400.960713,28655.01788660331,87.07753500000001,61.995686956521745,10.96765813201416,0.32966499623409445,28,64,,True,True,,275,87.6246207195492
252,2026-09-18T06:50:31.077+00:00,2026-09-18T06:55:08.641+00:00,2026-09-18T06:55:12.662+00:00,True,67,67.0,,67.0,277564.151666,281584.57765,281584.577865,4202.754893507463,36.495941,277564.151666,33902.417973552474,84.22107820000001,60.91554521212121,11.16309237539663,0.2379391675465931,28,64,,True,True,,227,87.6246207195492
253,2026-09-18T06:50:31.518+00:00,2026-09-18T06:55:10.441+00:00,2026-09-18T06:55:15.556+00:00,True,82,82.0,,82.0,278922.827884,284037.96286,284037.962959,3463.877597060976,37.680659,278922.827884,30794.901812325388,91.82941699999999,63.14981451851852,11.174781743615048,0.2886938040758204,28,64,,True,True,,453,87.6246207195492
254,2026-09-18T06:50:31.806+00:00,2026-09-18T06:55:11.526+00:00,2026-09-18T06:55:12.537+00:00,True,17,17.0,,17.0,279719.518122,280731.092394,280731.09244399995,16513.59367317647,42.410471,279719.518122,67826.61500328293,56019.79280999999,63.223392,10.530389176518128,0.06055617087166416,28,64,,True,True,,60,87.6246207195492
255,2026-09-18T06:50:32.257+00:00,2026-09-18T06:55:12.473+00:00,2026-09-18T06:55:12.718+00:00,True,5,5.0,,5.0,280215.979015,280461.415943,280461.415895,56092.283179,59.251229,280215.979015,125288.95482056375,224185.26814059998,61.359232,1.4297616654123395,0.017827764233409496,28,64,,True,True,,12,87.6246207195492
256,2026-09-18T06:50:32.573+00:00,2026-09-18T06:55:13.574+00:00,2026-09-18T06:55:13.694+00:00,True,3,3.0,,3.0,281001.01194199995,281121.08925399993,281121.08938699996,93707.02979566665,58.91433,281001.01194199995,162201.34651857094,252907.02705929996,60.038656,1.5900738472813143,0.010671557967995156,28,64,,True,True,,11,87.6246207195492
257,2026-09-18T06:50:32.889+00:00,2026-09-18T06:55:14.833+00:00,2026-09-18T06:55:17.437+00:00,True,43,43.0,,43.0,281943.50424599997,284547.558262,284547.558341,6617.385077697673,39.430216,281943.50424599997,42986.52777757033,93.0629915,62.0012860952381,11.771026927726925,0.15111709361570877,28,64,,True,True,,138,87.6246207195492
258,2026-09-18T06:50:33.370+00:00,2026-09-18T06:55:17.213+00:00,2026-09-18T06:55:19.364+00:00,True,37,37.0,,37.0,283842.434909,285993.844317,285993.844373,7729.563361432432,37.0244,283842.434909,46653.58522295754,71.0882786,59.76137244444445,10.176197873361781,0.12937341392211443,28,64,,True,True,,169,87.6246207195492
259,2026-09-18T06:50:34.848+00:00,2026-09-18T06:55:21.080+00:00,2026-09-18T06:55:24.410+00:00,True,56,56.0,,56.0,286232.19393,289562.433418,289562.43346000003,5170.757740357143,37.800159,286232.19393,38241.295586792396,70.30966525000001,60.549808872727276,9.184725997727561,0.19339525275766964,28,64,,True,True,,264,87.6246207195492
260,2026-09-18T06:50:35.012+00:00,2026-09-18T06:55:22.049+00:00,2026-09-18T06:55:24.919+00:00,True,48,48.0,,48.0,287036.969964,289906.36157999997,289906.361559,6039.7158658125,35.850002999999994,287036.969964,41421.40723133886,81.96991699999998,61.05088544680851,10.072188321454831,0.16557070268619942,28,64,,True,True,,179,87.6246207195492
261,2026-09-18T06:50:35.070+00:00,2026-09-18T06:55:22.715+00:00,2026-09-18T06:55:27.888+00:00,True,84,84.0,,84.0,287645.165422,292817.72862199997,292817.728457,3485.9253387738095,37.2289,287645.165422,31377.862767267594,86.9408755,62.32003855421687,10.908251426587231,0.286867876461251,28,64,,True,True,,430,87.6246207195492
262,2026-09-18T06:50:35.133+00:00,2026-09-18T06:55:23.119+00:00,2026-09-18T06:55:27.656+00:00,True,75,75.0,,75.0,287985.93231,292522.79503,292522.795038,3900.30393384,37.594519,287985.93231,33246.673059544875,75.4422488,61.308955675675676,9.359286625563415,0.25639027547343207,28,64,,True,True,,377,87.6246207195492
263,2026-09-18T06:50:35.411+00:00,2026-09-18T06:55:24.916+00:00,2026-09-18T06:55:28.971+00:00,True,66,66.0,,66.0,289505.254359,293560.316375,293560.31650200003,4447.883583363637,35.975663,289505.254359,35627.95602349197,90.94566800000001,62.38556947692308,11.25722297452288,0.22482602830993764,28,64,,True,True,,289,87.6246207195492
264,2026-09-18T06:50:35.733+00:00,2026-09-18T06:55:26.045+00:00,2026-09-18T06:55:26.045+00:00,True,1,1.0,,1.0,290311.758328,290311.758328,290311.758328,290311.758328,290311.758328,290311.758328,nan,290311.758328,nan,nan,0.003444572847339445,28,64,,True,True,,4,87.6246207195492
265,2026-09-18T06:50:36.104+00:00,2026-09-18T06:55:27.233+00:00,2026-09-18T06:55:29.575+00:00,True,40,40.0,,40.0,291129.792232,293471.112936,293471.112999,7336.777824974999,39.066815999999996,291129.792232,46022.171717199446,94.00254665,60.03386420512821,13.730166594808088,0.1362996159990819,28,64,,True,True,,171,87.6246207195492
266,2026-09-18T06:50:36.449+00:00,2026-09-18T06:55:28.730+00:00,2026-09-18T06:55:30.425+00:00,True,29,29.0,,29.0,292280.68131099996,293975.210591,293975.210592,10137.076227310343,35.990212,292280.68131099996,54263.9234496197,93.63880840000002,60.518902857142855,13.289016541817276,0.09864777353743251,28,64,,True,True,,115,87.6246207195492
267,2026-09-18T06:50:36.923+00:00,2026-09-18T06:55:30.607+00:00,2026-09-18T06:55:35.213+00:00,True,74,74.0,,74.0,293684.380473,298289.83224899997,298289.832023,4030.9436759864866,37.57065,293684.380473,34132.78321931481,87.88404729999998,63.08838049315068,9.588314951075906,0.24808086632409204,28,64,,True,True,,394,87.6246207195492
268,2026-09-18T06:50:37.273+00:00,2026-09-18T06:55:31.817+00:00,2026-09-18T06:55:32.283+00:00,True,8,8.0,,8.0,294543.96433,295010.713002,295010.712854,36876.33910675,56.555324,294543.96433,104113.44358473542,191486.80090119998,66.67838171428572,12.82952962382952,0.027117659282921584,28,64,,True,True,,25,87.6246207195492
269,2026-09-18T06:50:37.637+00:00,2026-09-18T06:55:33.104+00:00,2026-09-18T06:55:37.346+00:00,True,67,67.0,,67.0,295466.632927,299709.039583,299709.039418,4473.269245044776,39.698886,295466.632927,36089.14314163427,94.73375589999999,64.27888872727273,11.119012764673347,0.22355014748043775,28,64,,True,True,,351,87.6246207195492
270,2026-09-18T06:50:38.131+00:00,2026-09-18T06:55:34.986+00:00,2026-09-18T06:55:38.147+00:00,False,51,50.0,,50.0,296854.375839,300016.084895,300016.084808,5882.668329568627,0.02034,296854.375839,41559.07513460913,94.51615799999999,63.234181119999995,15.01008475447105,0.16665773109298143,28,64,,True,False,Request timeout: 300.0s exceeded,305,87.6246207195492
271,2026-09-18T06:50:38.507+00:00,2026-09-18T06:55:36.745+00:00,2026-09-18T06:55:36.924+00:00,True,4,4.0,,4.0,298238.26836,298416.75335199997,298416.753416,74604.188354,48.376239999999996,298238.26836,149089.38690051364,253512.76256879995,59.49499733333334,10.139345463742192,0.013404073179771402,28,64,,True,True,,12,87.6246207195492
272,2026-09-18T06:50:38.983+00:00,2026-09-18T06:55:38.462+00:00,2026-09-18T06:55:39.015+00:00,False,11,10.0,,10.0,299478.427409,300032.133393,300032.13341999997,27275.648492727272,0.05241,299478.427409,90279.45037162294,149772.06556299998,55.3705984,19.605269161150254,0.033329763338720134,28,64,,True,False,Request timeout: 300.0s exceeded,58,87.6246207195492
273,2026-09-18T06:50:39.391+00:00,2026-09-18T06:55:39.498+00:00,2026-09-18T06:55:39.498+00:00,False,1,0.0,,0.0,300107.241407,300107.241407,300107.241407,300107.241407,300107.241407,300107.241407,nan,300107.241407,nan,nan,0.0,28,64,,True,False,"HTTPConnectionPool(host='gpu03', port=9002): Read timed out.",0,87.6246207195492
274,2026-09-18T06:50:39.783+00:00,2026-09-18T06:55:39.888+00:00,2026-09-18T06:55:39.888+00:00,False,1,0.0,,0.0,300105.110861,300105.110861,300105.110861,300105.110861,300105.110861,300105.110861,nan,300105.110861,nan,nan,0.0,28,64,,True,False,"HTTPConnectionPool(host='gpu03', port=9002): Read timed out.",0,87.6246207195492
275,2026-09-18T06:50:40.108+00:00,2026-09-18T06:55:40.055+00:00,2026-09-18T06:55:40.158+00:00,False,3,2.0,,2.0,299947.414909,300050.540925,300050.540935,100016.84697833333,0.03197,299947.414909,173144.9584892889,269962.98282369995,51.563008,72.87585039635647,0.00666554372418184,28,64,,True,False,Request timeout: 300.0s exceeded,6,87.6246207195492
276,2026-09-18T06:50:40.388+00:00,2026-09-18T06:55:40.319+00:00,2026-09-18T06:55:40.458+00:00,False,4,3.0,,3.0,299931.87695999997,300070.46128,300070.4614,75017.61535,0.03447,299931.87695999997,149942.84463484611,254952.78617939996,46.19477333333334,40.02575647597598,0.009997651842180686,28,64,,True,False,Request timeout: 300.0s exceeded,16,87.6246207195492
277,2026-09-18T06:50:40.848+00:00,2026-09-18T06:55:40.950+00:00,2026-09-18T06:55:40.950+00:00,False,1,0.0,,0.0,300102.113949,300102.113949,300102.113949,300102.113949,300102.113949,300102.113949,nan,300102.113949,nan,nan,0.0,28,64,,True,False,"HTTPConnectionPool(host='gpu03', port=9002): Read timed out.",0,87.6246207195492
278,2026-09-18T06:50:41.297+00:00,2026-09-18T06:55:41.297+00:00,2026-09-18T06:55:41.410+00:00,False,3,2.0,,2.0,300000.660528,300112.99332799995,300112.993457,100037.66448566665,0.02755,300000.660528,173173.0434890124,270011.8250131,56.1664,79.39218445309972,0.00666415664920631,28,64,,True,False,Request timeout: 300.0s exceeded,2,87.6246207195492
279,2026-09-18T06:50:41.628+00:00,2026-09-18T06:55:41.614+00:00,2026-09-18T06:55:41.683+00:00,False,3,2.0,,2.0,299985.721077,300054.57150900003,300054.571638,100018.19054600001,0.041729999999999996,299985.721077,173176.9647852403,269994.0298524,34.425216,48.62559505129257,0.006665454187022812,28,64,,True,False,Request timeout: 300.0s exceeded,6,87.6246207195492
280,2026-09-18T06:50:41.971+00:00,2026-09-18T06:55:41.954+00:00,2026-09-18T06:55:41.993+00:00,False,3,2.0,,2.0,299983.51736299996,300022.405811,300022.40579899994,100007.46859966665,0.023499,299983.51736299996,173184.33946639235,269989.05212039995,19.444224,27.46533977147139,0.006666168796939472,28,64,,True,False,Request timeout: 300.0s exceeded,5,87.6246207195492
281,2026-09-18T06:50:42.263+00:00,2026-09-18T06:55:42.350+00:00,2026-09-18T06:55:42.350+00:00,False,1,0.0,,0.0,300087.50176899997,300087.50176899997,300087.50176899997,300087.50176899997,300087.50176899997,300087.50176899997,nan,300087.50176899997,nan,nan,0.0,28,64,,True,False,"HTTPConnectionPool(host='gpu03', port=9002): Read timed out.",0,87.6246207195492
282,2026-09-18T06:50:42.686+00:00,2026-09-18T06:55:42.746+00:00,2026-09-18T06:55:42.746+00:00,False,1,0.0,,0.0,300060.03187,300060.03187,300060.03187,300060.03187,300060.03187,300060.03187,nan,300060.03187,nan,nan,0.0,28,64,,True,False,TTFT timeout: 300.0s exceeded (TTFT: 300.046s),0,87.6246207195492
283,2026-09-18T06:50:43.176+00:00,2026-09-18T06:55:43.053+00:00,2026-09-18T06:55:43.210+00:00,False,4,3.0,,3.0,299876.795781,300034.123909,300034.123846,75008.5309615,0.034699,299876.795781,149912.18144337612,254908.8635835,52.44270933333333,46.929467810055094,0.009998862665734303,28,64,,True,False,Request timeout: 300.0s exceeded,12,87.6246207195492
284,2026-09-18T06:50:43.586+00:00,2026-09-18T06:55:43.680+00:00,2026-09-18T06:55:43.680+00:00,False,1,0.0,,0.0,300093.802374,300093.802374,300093.802374,300093.802374,300093.802374,300093.802374,nan,300093.802374,nan,nan,0.0,28,64,,True,False,"HTTPConnectionPool(host='gpu03', port=9002): Read timed out.",0,87.6246207195492
285,2026-09-18T06:50:43.926+00:00,2026-09-18T06:55:44.000+00:00,2026-09-18T06:55:44.000+00:00,False,1,0.0,,0.0,300073.889293,300073.889293,300073.889293,300073.889293,300073.889293,300073.889293,nan,300073.889293,nan,nan,0.0,28,64,,True,False,"HTTPConnectionPool(host='gpu03', port=9002): Read timed out.",0,87.6246207195492
286,2026-09-18T06:50:44.232+00:00,2026-09-18T06:55:44.251+00:00,2026-09-18T06:55:44.251+00:00,False,1,0.0,,0.0,300018.914858,300018.914858,300018.914858,300018.914858,300018.914858,300018.914858,nan,300018.914858,nan,nan,0.0,28,64,,True,False,"HTTPConnectionPool(host='gpu03', port=9002): Read timed out.",0,87.6246207195492
287,2026-09-18T06:50:44.528+00:00,2026-09-18T06:55:44.357+00:00,2026-09-18T06:55:44.568+00:00,False,5,4.0,,4.0,299829.058837,300040.229909,300040.22987,60008.045974,0.045020000000000004,299829.058837,134064.02527445002,239877.90775800002,52.792768,35.25079663587186,0.013331545577115344,28,64,,True,False,Request timeout: 300.0s exceeded,11,87.6246207195492
288,2026-09-18T06:50:44.960+00:00,2026-09-18T06:55:45.183+00:00,2026-09-18T06:55:45.857+00:00,False,12,11.0,,11.0,300223.010757,300896.940485,300896.94046300004,25074.745038583333,0.03595,300223.010757,86649.23545358938,135153.18491465002,61.266338909090905,25.76704896448697,0.03655736739054135,28,64,,True,False,Request timeout: 300.0s exceeded,45,87.6246207195492
289,2026-09-18T06:50:45.343+00:00,2026-09-18T06:55:45.630+00:00,2026-09-18T06:55:45.909+00:00,False,7,6.0,,6.0,300287.29382599995,300566.43776199996,300566.43762299995,42938.06251757142,0.02556,300287.29382599995,113480.3465337128,210220.93172599998,46.52398933333333,24.353994111213368,0.019962308648549212,28,64,,True,False,Request timeout: 300.0s exceeded,26,87.6246207195492
291,2026-09-18T06:50:45.958+00:00,2026-09-18T06:55:45.997+00:00,2026-09-18T06:55:45.997+00:00,False,1,0.0,,0.0,300038.358558,300038.358558,300038.358558,300038.358558,300038.358558,300038.358558,nan,300038.358558,nan,nan,0.0,28,64,,True,False,"HTTPConnectionPool(host='gpu03', port=9002): Read timed out.",0,87.6246207195492
292,2026-09-18T06:50:46.422+00:00,2026-09-18T06:55:46.712+00:00,2026-09-18T06:55:46.712+00:00,False,1,0.0,,0.0,300290.033214,300290.033214,300290.033214,300290.033214,300290.033214,300290.033214,nan,300290.033214,nan,nan,0.0,28,64,,True,False,"HTTPConnectionPool(host='gpu03', port=9002): Read timed out.",0,87.6246207195492
290,2026-09-18T06:50:45.617+00:00,2026-09-18T06:55:46.741+00:00,2026-09-18T06:55:46.741+00:00,False,1,0.0,,0.0,301123.81968,301123.81968,301123.81968,301123.81968,301123.81968,301123.81968,nan,301123.81968,nan,nan,0.0,28,64,,True,False,"HTTPConnectionPool(host='gpu03', port=9002): Read timed out.",0,87.6246207195492
293,2026-09-18T06:50:46.855+00:00,2026-09-18T06:55:46.966+00:00,2026-09-18T06:55:46.966+00:00,False,1,0.0,,0.0,300111.235139,300111.235139,300111.235139,300111.235139,300111.235139,300111.235139,nan,300111.235139,nan,nan,0.0,28,64,,True,False,"HTTPConnectionPool(host='gpu03', port=9002): Read timed out.",0,87.6246207195492
294,2026-09-18T06:50:47.235+00:00,2026-09-18T06:55:47.277+00:00,2026-09-18T06:55:47.277+00:00,False,1,0.0,,0.0,300042.546677,300042.546677,300042.546677,300042.546677,300042.546677,300042.546677,nan,300042.546677,nan,nan,0.0,28,64,,True,False,"HTTPConnectionPool(host='gpu03', port=9002): Read timed out.",0,87.6246207195492
295,2026-09-18T06:50:47.656+00:00,2026-09-18T06:55:47.292+00:00,2026-09-18T06:55:47.695+00:00,False,9,8.0,,8.0,299635.61251099996,300038.46511899994,300038.46520499996,33337.60724499999,0.02395,299635.61251099996,99861.75406396214,179806.730899,50.356576,21.837515123041687,0.026663247983311322,28,64,,True,False,Request timeout: 300.0s exceeded,25,87.6246207195492
296,2026-09-18T06:50:47.934+00:00,2026-09-18T06:55:47.855+00:00,2026-09-18T06:55:47.955+00:00,False,4,3.0,,3.0,299920.939148,300020.72206,300020.722111,75005.18052775,0.045759999999999995,299920.939148,149943.8411030212,254941.6410518,33.260970666666665,30.165252962503022,0.0099993093123749,28,64,,True,False,Request timeout: 300.0s exceeded,11,87.6246207195492
297,2026-09-18T06:50:48.251+00:00,2026-09-18T06:55:48.356+00:00,2026-09-18T06:55:48.356+00:00,False,1,0.0,,0.0,300104.858565,300104.858565,300104.858565,300104.858565,300104.858565,300104.858565,nan,300104.858565,nan,nan,0.0,28,64,,True,False,"HTTPConnectionPool(host='gpu03', port=9002): Read timed out.",0,87.6246207195492
298,2026-09-18T06:50:48.689+00:00,2026-09-18T06:55:48.655+00:00,2026-09-18T06:55:48.745+00:00,False,3,2.0,,2.0,299965.923315,300055.166707,300055.16673700005,100018.38891233334,0.025799,299965.923315,173159.6499594364,269978.2527458,44.621696,63.068041753420566,0.006665440965237483,28,64,,True,False,Request timeout: 300.0s exceeded,5,87.6246207195492
299,2026-09-18T06:50:49.168+00:00,2026-09-18T06:55:49.048+00:00,2026-09-18T06:55:49.179+00:00,False,4,3.0,,3.0,299880.210833,300011.034513,300011.034477,75002.75861925,0.05879,299880.210833,149918.3047540772,254909.06838050002,43.60789333333334,38.39816918117328,0.009999632196428446,28,64,,True,False,Request timeout: 300.0s exceeded,11,87.6246207195492
300,2026-09-18T06:50:49.512+00:00,2026-09-18T06:55:49.631+00:00,2026-09-18T06:55:49.631+00:00,False,1,0.0,,0.0,300118.40068699996,300118.40068699996,300118.40068699996,300118.40068699996,300118.40068699996,300118.40068699996,nan,300118.40068699996,nan,nan,0.0,28,64,,True,False,"HTTPConnectionPool(host='gpu03', port=9002): Read timed out.",0,87.6246207195492
301,2026-09-18T06:50:49.860+00:00,2026-09-18T06:55:49.973+00:00,2026-09-18T06:55:49.973+00:00,False,1,0.0,,0.0,300112.999759,300112.999759,300112.999759,300112.999759,300112.999759,300112.999759,nan,300112.999759,nan,nan,0.0,28,64,,True,False,"HTTPConnectionPool(host='gpu03', port=9002): Read timed out.",0,87.6246207195492
302,2026-09-18T06:50:50.141+00:00,2026-09-18T06:55:50.094+00:00,2026-09-18T06:55:50.167+00:00,False,3,2.0,,2.0,299952.178754,300025.64589,300025.645936,100008.54864533333,0.02586,299952.178754,173156.26688985588,269964.3050108,36.733568,51.91254415408561,0.00666609680671522,28,64,,True,False,Request timeout: 300.0s exceeded,12,87.6246207195492
303,2026-09-18T06:50:50.442+00:00,2026-09-18T06:55:50.308+00:00,2026-09-18T06:55:50.517+00:00,False,5,4.0,,4.0,299865.52934899996,300074.05440499994,300074.05442699994,60014.810885399995,0.02135,299865.52934899996,134080.63118024086,239907.1382918,52.131264,35.10175267893165,0.01333004283869652,28,64,,True,False,Request timeout: 300.0s exceeded,10,87.6246207195492
304,2026-09-18T06:50:50.810+00:00,2026-09-18T06:55:50.903+00:00,2026-09-18T06:55:50.903+00:00,False,1,0.0,,0.0,300093.150562,300093.150562,300093.150562,300093.150562,300093.150562,300093.150562,nan,300093.150562,nan,nan,0.0,28,64,,True,False,"HTTPConnectionPool(host='gpu03', port=9002): Read timed out.",0,87.6246207195492
305,2026-09-18T06:50:51.290+00:00,2026-09-18T06:55:51.396+00:00,2026-09-18T06:55:51.396+00:00,False,1,0.0,,0.0,300105.83270599996,300105.83270599996,300105.83270599996,300105.83270599996,300105.83270599996,300105.83270599996,nan,300105.83270599996,nan,nan,0.0,28,64,,True,False,TTFT timeout: 300.0s exceeded (TTFT: 300.090s),0,87.6246207195492
306,2026-09-18T06:50:51.587+00:00,2026-09-18T06:55:51.551+00:00,2026-09-18T06:55:51.679+00:00,False,4,3.0,,3.0,299964.536693,300092.887925,300092.888113,75023.22202825,0.03566,299964.536693,149960.88127858343,254983.7352656,42.783744,46.64086121908127,0.00999690469422177,28,64,,True,False,Request timeout: 300.0s exceeded,9,87.6246207195492
307,2026-09-18T06:50:51.921+00:00,2026-09-18T06:55:51.798+00:00,2026-09-18T06:55:51.984+00:00,False,5,4.0,,4.0,299877.832227,300063.88355499995,300063.88348799996,60012.7766976,0.05317,299877.832227,134088.64508395764,239914.96669980002,46.512832,30.99272117167195,0.013330494668702184,28,64,,True,False,Request timeout: 300.0s exceeded,15,87.6246207195492
308,2026-09-18T06:50:52.347+00:00,2026-09-18T06:55:52.417+00:00,2026-09-18T06:55:52.417+00:00,False,1,0.0,,0.0,300069.881177,300069.881177,300069.881177,300069.881177,300069.881177,300069.881177,nan,300069.881177,nan,nan,0.0,28,64,,True,False,"HTTPConnectionPool(host='gpu03', port=9002): Read timed out.",0,87.6246207195492
309,2026-09-18T06:50:52.750+00:00,2026-09-18T06:55:52.727+00:00,2026-09-18T06:55:52.816+00:00,False,3,2.0,,2.0,299977.050421,300066.908725,300066.908632,100022.30287733334,0.022670000000000003,299977.050421,173165.89680282475,269988.328933,44.929152,63.50755670118913,0.006665180137650316,28,64,,True,False,Request timeout: 300.0s exceeded,7,87.6246207195492
310,2026-09-18T06:50:53.109+00:00,2026-09-18T06:55:52.889+00:00,2026-09-18T06:55:53.144+00:00,False,9,8.0,,8.0,299780.05246100004,300034.47524500004,300034.47524400003,33337.163916000005,0.05279,299780.05246100004,99916.0839262201,179882.78832100003,31.802848,12.839597910670834,0.026663602552564725,28,64,,True,False,Request timeout: 300.0s exceeded,25,87.6246207195492
0,2026-09-18T06:48:53.162+00:00,2026-09-18T06:48:53.415+00:00,2026-09-18T06:48:55.234+00:00,True,35,35.0,,35.0,252.89982,2071.763692,2071.76364,59.19324685714285,17.605276999999997,252.89982,36.46127931511541,85.09966409999998,53.49599623529412,14.114896928705727,16.893818602551317,29,64,,False,True,,172,87.6246207195492
1,2026-09-18T06:48:53.629+00:00,2026-09-18T06:48:53.762+00:00,2026-09-18T06:48:55.104+00:00,True,25,25.0,,25.0,133.04465299999998,1475.473837,1475.473888,59.01895552,16.907519,133.04465299999998,21.711192752153593,88.5476076,55.93454933333334,15.610631419101654,16.943709453250033,29,64,,False,True,,107,87.6246207195492
2,2026-09-18T06:48:54.002+00:00,2026-09-18T06:48:54.827+00:00,2026-09-18T06:49:00.533+00:00,True,95,95.0,,95.0,825.921505,6531.522017,6531.522073,68.7528639263158,11.501878000000001,825.921505,79.13676966628674,70.1759424,60.69787778723405,9.99124769833158,14.544848773798444,29,64,,False,True,,416,87.6246207195492
3,2026-09-18T06:48:54.441+00:00,2026-09-18T06:48:57.316+00:00,2026-09-18T06:49:01.850+00:00,True,76,76.0,,76.0,2874.617489,7408.546193,7408.546064,97.4808692631579,13.675164,2874.617489,322.99440831163196,69.97302499999999,60.452382719999996,11.07902828005499,10.258422910531213,29,64,,False,True,,371,87.6246207195492
4,2026-09-18T06:48:54.856+00:00,2026-09-18T06:48:58.606+00:00,2026-09-18T06:49:00.779+00:00,True,37,37.0,,37.0,3749.858012,5922.57814,5922.578125,160.06967905405406,14.654543,3749.858012,606.6930763835549,78.54965639999999,60.35333688888889,13.323221233496612,6.247279330957042,29,64,,False,True,,165,87.6246207195492
5,2026-09-18T06:48:55.193+00:00,2026-09-18T06:48:59.577+00:00,2026-09-18T06:49:01.911+00:00,True,40,40.0,,40.0,4383.5562740000005,6718.107314000001,6718.107266000001,167.95268165000002,11.718028,4383.5562740000005,683.7737311797595,73.05797374999999,59.86028307692308,13.884618591131925,5.954057911019549,29,64,,False,True,,170,87.6246207195492
6,2026-09-18T06:48:55.475+00:00,2026-09-18T06:49:00.658+00:00,2026-09-18T06:49:02.094+00:00,True,25,25.0,,25.0,5183.055678999999,6618.887230999999,6618.887170999999,264.75548683999995,35.635434000000004,5183.055678999999,1024.6743615357295,67.47303280000001,59.82631466666666,7.805103163280729,3.7770699405348434,29,64,,False,True,,83,87.6246207195492
7,2026-09-18T06:48:55.913+00:00,2026-09-18T06:49:02.341+00:00,2026-09-18T06:49:06.859+00:00,True,77,77.0,,77.0,6427.790306,10945.755362,10945.75541,142.15266766233765,0.0,6427.790306,725.9890623352744,68.721867,59.44690863157894,19.138122842088126,7.034690384851669,29,64,,False,True,,282,87.6246207195492
8,2026-09-18T06:48:56.168+00:00,2026-09-18T06:49:03.263+00:00,2026-09-18T06:49:04.539+00:00,True,23,23.0,,23.0,7094.619436,8370.594604,8370.594475,363.9388902173913,37.822410000000005,7094.619436,1467.261800372205,68.01751039999999,57.99887127272727,8.764143501770763,2.7477140021820126,29,64,,False,True,,85,87.6246207195492
9,2026-09-18T06:48:56.598+00:00,2026-09-18T06:49:04.971+00:00,2026-09-18T06:49:06.920+00:00,True,33,33.0,,33.0,8372.712252000001,10321.723964,10321.724160000002,312.77952000000005,9.674762000000001,8372.712252000001,1447.0536418506622,101.7947932,60.906616,21.44873823776232,3.197140333833481,29,64,,False,True,,165,87.6246207195492
10,2026-09-18T06:48:56.939+00:00,2026-09-18T06:49:06.240+00:00,2026-09-18T06:49:11.309+00:00,True,85,85.0,,85.0,9301.454505999998,14370.164649999999,14370.164736999997,169.0607616117647,0.0,9301.454505999998,1003.2167477270527,69.9834642,60.34178742857142,42.19901836036702,5.915033130813849,29,64,,False,True,,313,87.6246207195492
11,2026-09-18T06:48:57.341+00:00,2026-09-18T06:49:07.939+00:00,2026-09-18T06:49:08.848+00:00,True,21,21.0,,21.0,10598.245376,11507.471872,11507.471896000001,547.9748521904762,0.0,10598.245376,2303.1729356102246,185.258536,45.4613248,42.163179055091334,1.8249012670712874,29,64,,False,True,,88,87.6246207195492
12,2026-09-18T06:48:57.769+00:00,2026-09-18T06:49:09.209+00:00,2026-09-18T06:49:14.728+00:00,True,93,93.0,,93.0,11440.346741000001,16959.028341,16959.028266,182.3551426451613,0.0,11440.346741000001,1180.4099123185606,67.1134632,59.98566956521739,27.696629470035592,5.483804739872037,29,64,,False,True,,360,87.6246207195492
13,2026-09-18T06:48:58.098+00:00,2026-09-18T06:49:10.403+00:00,2026-09-18T06:49:13.061+00:00,True,45,45.0,,45.0,12304.894395,14962.779322999999,14962.779266,332.5062059111111,0.0,12304.894395,1825.5019406120937,68.8636778,60.40647563636363,27.432877995829664,3.0074626530666237,29,64,,False,True,,165,87.6246207195492
14,2026-09-18T06:48:58.366+00:00,2026-09-18T06:49:11.251+00:00,2026-09-18T06:49:14.083+00:00,True,48,48.0,,48.0,12884.943007,15716.472990999999,15716.473105,327.4265230208333,0.0,12884.943007,1851.3103879657435,72.43870944999999,60.24531880851064,29.15646587953626,3.054120350506573,29,64,,False,True,,231,87.6246207195492
15,2026-09-18T06:48:58.693+00:00,2026-09-18T06:49:12.685+00:00,2026-09-18T06:49:12.927+00:00,True,5,5.0,,5.0,13992.269039,14234.682607,14234.682508,2846.9365016,55.770387,13992.269039,6230.430989426103,11206.5590594,60.603392,3.3933755584683913,0.3512547583984217,29,64,,False,True,,19,87.6246207195492
16,2026-09-18T06:48:59.148+00:00,2026-09-18T06:49:14.390+00:00,2026-09-18T06:49:14.611+00:00,True,5,5.0,,5.0,15241.998626,15463.370274,15463.370235,3092.674047,39.339797,15241.998626,6791.685509430455,12206.1134616,55.342912,10.932828646948176,0.32334477616480306,29,64,,False,True,,20,87.6246207195492
17,2026-09-18T06:48:59.618+00:00,2026-09-18T06:49:15.989+00:00,2026-09-18T06:49:18.494+00:00,True,43,43.0,,43.0,16371.945607000001,18876.570759000002,18876.570753,438.99001751162797,0.0,16371.945607000001,2487.973332346034,68.30254810000001,59.633932190476195,43.37504431035187,2.2779561260881236,29,64,,False,True,,172,87.6246207195492
18,2026-09-18T06:49:00.084+00:00,2026-09-18T06:49:17.808+00:00,2026-09-18T06:49:22.657+00:00,True,79,79.0,,79.0,17724.488223,22573.509407,22573.509222,285.74062306329114,0.0,17724.488223,1987.9063934845296,90.2973466,62.166938256410255,54.58694990866932,3.49967736853102,29,64,,False,True,,385,87.6246207195492
19,2026-09-18T06:49:00.545+00:00,2026-09-18T06:49:19.564+00:00,2026-09-18T06:49:20.286+00:00,True,12,12.0,,12.0,19018.350099,19740.379667,19740.379688,1645.0316406666666,0.0,19018.350099,5471.889357360322,8738.60118055,65.63905163636363,92.63904597205455,0.6078910437604401,29,64,,False,True,,44,87.6246207195492
20,2026-09-18T06:49:00.987+00:00,2026-09-18T06:49:21.157+00:00,2026-09-18T06:49:26.335+00:00,True,86,86.0,,86.0,20169.900539000002,25347.224315000003,25347.224208000003,294.73516520930235,0.0,20169.900539000002,2169.201201646862,91.39664549999999,60.90969148235294,58.99545026402882,3.392876432198016,29,64,,False,True,,396,87.6246207195492
21,2026-09-18T06:49:01.277+00:00,2026-09-18T06:49:22.227+00:00,2026-09-18T06:49:26.962+00:00,True,79,79.0,,79.0,20950.184889,25684.739257,25684.739302,325.12328230379745,0.0,20950.184889,2350.5777394401616,95.126966,60.69941497435897,39.46072031028757,3.0757563551465568,29,64,,False,True,,385,87.6246207195492
22,2026-09-18T06:49:01.656+00:00,2026-09-18T06:49:23.716+00:00,2026-09-18T06:49:25.974+00:00,True,39,39.0,,39.0,22060.720426,24317.906474,24317.906441,623.5360625897436,0.0,22060.720426,3523.457939657806,119.18233540000001,59.39963284210526,55.59319464589269,1.6037564763931331,29,64,,False,True,,190,87.6246207195492
23,2026-09-18T06:49:01.919+00:00,2026-09-18T06:49:24.632+00:00,2026-09-18T06:49:27.210+00:00,True,44,44.0,,44.0,22713.428432,25291.8676,25291.867651,574.8151738863636,33.253009,22713.428432,3415.1589739068972,85.6105474,59.96370158139535,12.022355674257682,1.7396896384195843,29,64,,False,True,,200,87.6246207195492
24,2026-09-18T06:49:02.316+00:00,2026-09-18T06:49:26.273+00:00,2026-09-18T06:49:28.465+00:00,True,35,35.0,,35.0,23956.985221000003,26148.683141,26148.683339000003,747.1052382571429,0.0,23956.985221000003,4039.050159621645,181.62919399999998,64.46170352941176,62.978438783615005,1.3384995263918862,29,64,,False,True,,178,87.6246207195492
25,2026-09-18T06:49:02.658+00:00,2026-09-18T06:49:27.576+00:00,2026-09-18T06:49:28.828+00:00,True,23,23.0,,23.0,24918.650245,26170.660485,26170.660389,1137.854799521739,0.0,24918.650245,5184.639826184309,368.80491830000005,56.90955636363637,81.3027639732985,0.878846753339783,29,64,,False,True,,87,87.6246207195492
26,2026-09-18T06:49:03.016+00:00,2026-09-18T06:49:29.245+00:00,2026-09-18T06:49:31.793+00:00,True,42,42.0,,42.0,26228.307241,28776.421416999998,28776.421347,685.1528892142857,39.069957,26228.307241,4037.5321025413728,73.33744100000001,62.14912624390244,7.192131448787518,1.459528250277431,29,64,,False,True,,203,87.6246207195492
27,2026-09-18T06:49:03.484+00:00,2026-09-18T06:49:30.845+00:00,2026-09-18T06:49:36.354+00:00,True,93,93.0,,93.0,27360.702487,32869.750551,32869.750428,353.43817664516126,0.0,27360.702487,2831.8426626852147,72.98233019999999,59.880957217391305,70.95276379546279,2.829349126203535,29,64,,False,True,,347,87.6246207195492
28,2026-09-18T06:49:03.863+00:00,2026-09-18T06:49:32.252+00:00,2026-09-18T06:49:38.082+00:00,True,96,96.0,,96.0,28388.776677,34219.191269,34219.191294000004,356.44990931250004,0.0,28388.776677,2892.0537983221566,94.26377100000002,61.37278517894737,72.5375170868949,2.805443274370097,29,64,,False,True,,502,87.6246207195492
29,2026-09-18T06:49:04.287+00:00,2026-09-18T06:49:34.060+00:00,2026-09-18T06:49:39.816+00:00,True,95,95.0,,95.0,29773.627364,35529.73386,35529.733942,373.9971993894737,0.0,29773.627364,3049.3281952580596,93.76670150000001,61.2351754893617,74.52269811851167,2.6738168198595114,29,64,,False,True,,459,87.6246207195492
30,2026-09-18T06:49:04.688+00:00,2026-09-18T06:49:35.414+00:00,2026-09-18T06:49:39.441+00:00,True,66,66.0,,66.0,30725.30777,34752.456314,34752.456261,526.5523675909091,0.0,30725.30777,3774.8580001074133,92.55155175,61.95613144615385,59.409071996117525,1.8991463338207824,29,64,,False,True,,337,87.6246207195492
31,2026-09-18T06:49:05.022+00:00,2026-09-18T06:49:36.596+00:00,2026-09-18T06:49:39.815+00:00,True,53,53.0,,53.0,31573.52126,34792.780396,34792.780321,656.4675532264151,0.0,31573.52126,4328.946912976937,102.73814060000001,61.90882953846154,66.03884680114831,1.523304530329896,29,64,,False,True,,288,87.6246207195492
32,2026-09-18T06:49:05.277+00:00,2026-09-18T06:49:37.598+00:00,2026-09-18T06:49:40.618+00:00,True,52,52.0,,52.0,32320.273106,35340.505554,35340.505635,679.6251083653847,0.0,32320.273106,4474.284303004684,83.65358895,59.22024407843138,66.27273160686521,1.4713994376946427,29,64,,False,True,,253,87.6246207195492
33,2026-09-18T06:49:05.650+00:00,2026-09-18T06:49:38.998+00:00,2026-09-18T06:49:40.197+00:00,True,22,22.0,,22.0,33348.089725,34547.236733,34547.236593,1570.3289360454544,32.988929,33348.089725,7097.668918586329,67.74722055000001,57.10223847619048,9.870798669675356,0.6368092525034078,29,64,,False,True,,95,87.6246207195492
34,2026-09-18T06:49:05.991+00:00,2026-09-18T06:49:39.941+00:00,2026-09-18T06:49:45.300+00:00,True,86,86.0,,86.0,33950.344877999996,39308.922542,39308.922623,457.08049561627905,0.0,33950.344877999996,3654.6714349384633,97.55761675,63.04209016470588,61.39149056370481,2.187798454870201,29,64,,False,True,,376,87.6246207195492
35,2026-09-18T06:49:06.349+00:00,2026-09-18T06:49:41.614+00:00,2026-09-18T06:49:44.556+00:00,True,47,47.0,,47.0,35264.348779,38207.134059,38207.13414,812.9177476595745,33.590709000000004,35264.348779,5134.5283969748625,104.07765650000002,63.97359304347826,16.510982708273275,1.2301367573768272,29,64,,False,True,,171,87.6246207195492
36,2026-09-18T06:49:06.817+00:00,2026-09-18T06:49:43.414+00:00,2026-09-18T06:49:46.405+00:00,True,50,50.0,,50.0,36597.572986,39587.854714,39587.85467,791.7570934,0.0,36597.572986,5167.678855111326,88.10423035,61.026157714285716,81.581198798019,1.2630136278215098,29,64,,False,True,,197,87.6246207195492
37,2026-09-18T06:49:07.114+00:00,2026-09-18T06:49:44.467+00:00,2026-09-18T06:49:48.952+00:00,True,73,73.0,,73.0,37352.791507,41837.565907000004,41837.565874,573.117340739726,0.0,37352.791507,4365.5080247926135,95.16363059999999,62.28853333333333,93.37142909964597,1.744843382195571,29,64,,False,True,,259,87.6246207195492
38,2026-09-18T06:49:07.484+00:00,2026-09-18T06:49:45.991+00:00,2026-09-18T06:49:52.464+00:00,True,97,97.0,,97.0,38506.936112,44979.589168000006,44979.589152,463.70710465979386,0.0,38506.936112,3903.872687912564,92.8384768,67.42346933333333,85.7245556293096,2.156533703269328,29,64,,False,True,,435,87.6246207195492
39,2026-09-18T06:49:07.886+00:00,2026-09-18T06:49:47.416+00:00,2026-09-18T06:49:49.313+00:00,True,31,31.0,,31.0,39529.922081,41427.216672999995,41427.216610999996,1336.3618261612903,0.01712,39529.922081,7089.153580115657,336.78520349999997,63.24315306666667,103.38658622480521,0.7483003322355497,29,64,,False,True,,160,87.6246207195492
40,2026-09-18T06:49:08.227+00:00,2026-09-18T06:49:49.133+00:00,2026-09-18T06:49:53.413+00:00,True,70,70.0,,70.0,40906.630826,45186.021290000004,45186.021342,645.5145906,0.0,40906.630826,4882.453120651273,94.39428665,62.020151652173915,76.35318989671374,1.5491516624299804,29,64,,False,True,,446,87.6246207195492
41,2026-09-18T06:49:08.577+00:00,2026-09-18T06:49:50.232+00:00,2026-09-18T06:49:52.460+00:00,True,32,32.0,,32.0,41654.53112,43882.942,43882.94203,1371.3419384375,0.0,41654.53112,7351.636449503269,336.2406153,71.88422193548388,109.80004280206319,0.7292127314526906,29,64,,False,True,,150,87.6246207195492
42,2026-09-18T06:49:08.852+00:00,2026-09-18T06:49:51.458+00:00,2026-09-18T06:49:55.158+00:00,True,60,60.0,,60.0,42605.360011,46306.294410999995,46306.294282999996,771.7715713833333,0.0,42605.360011,5492.842583213986,98.5724758,62.727701694915254,82.72174703367197,1.2957201772065587,29,64,,False,True,,278,87.6246207195492
43,2026-09-18T06:49:09.195+00:00,2026-09-18T06:49:52.946+00:00,2026-09-18T06:49:58.892+00:00,True,95,95.0,,95.0,43750.411342,49696.868942,49696.869023,523.1249370842105,36.074013,43750.411342,4482.22737258314,94.14846510000001,63.260187234042554,13.541464863174294,1.9115892413840432,29,64,,False,True,,503,87.6246207195492
44,2026-09-18T06:49:09.505+00:00,2026-09-18T06:49:54.332+00:00,2026-09-18T06:49:56.485+00:00,True,36,36.0,,36.0,44826.399891999994,46979.09493199999,46979.09480099999,1304.9748555833332,35.707164,44826.399891999994,7460.824395473133,84.09296774999999,61.50557257142857,11.54347992353123,0.7662982876129966,29,64,,False,True,,133,87.6246207195492
45,2026-09-18T06:49:09.780+00:00,2026-09-18T06:49:55.215+00:00,2026-09-18T06:49:59.638+00:00,True,72,72.0,,72.0,45435.044933,49858.260293,49858.260243,692.4758367083333,35.843243,45435.044933,5347.249251568856,98.23194925,62.298807887323946,14.670203785526557,1.4440937083821326,29,64,,False,True,,362,87.6246207195492
46,2026-09-18T06:49:10.065+00:00,2026-09-18T06:49:56.548+00:00,2026-09-18T06:49:57.561+00:00,True,18,18.0,,18.0,46482.917493,47496.637557,47496.637563000004,2638.7020868333334,33.508489000000004,46482.917493,10942.08464846279,7050.3360873,59.630592,15.986312468558847,0.37897419535011234,29,64,,False,True,,82,87.6246207195492
47,2026-09-18T06:49:10.426+00:00,2026-09-18T06:49:58.133+00:00,2026-09-18T06:50:03.881+00:00,True,93,93.0,,93.0,47707.074909999996,53455.01347,53455.013616,574.7850926451613,0.0,47707.074909999996,4942.415401671545,96.1156002,62.47759304347826,137.81145871095467,1.7397806859069154,29,64,,False,True,,469,87.6246207195492
48,2026-09-18T06:49:10.824+00:00,2026-09-18T06:49:59.642+00:00,2026-09-18T06:50:02.645+00:00,True,37,37.0,,37.0,48817.647217,51820.939632999995,51820.939526999995,1400.565933162162,0.0,48817.647217,8014.276188941512,807.1055207999999,83.42478933333332,199.70232836510093,0.7139970880890415,29,64,,False,True,,140,87.6246207195492
49,2026-09-18T06:49:11.179+00:00,2026-09-18T06:50:01.006+00:00,2026-09-18T06:50:05.357+00:00,True,72,72.0,,72.0,49826.956229,54177.784261,54177.784173,752.469224625,0.016309999999999998,49826.956229,5866.182711126707,95.62759145,61.279268056338026,121.53801065574717,1.3289580033975175,29,64,,False,True,,342,87.6246207195492
50,2026-09-18T06:49:11.590+00:00,2026-09-18T06:50:02.946+00:00,2026-09-18T06:50:07.755+00:00,True,77,77.0,,77.0,51356.198114,56164.736738,56164.736503,729.4121623766233,35.220125,51356.198114,5845.387595280424,95.8828054,63.27024505263158,13.75325117403966,1.3709669887565457,29,64,,False,True,,337,87.6246207195492
51,2026-09-18T06:49:11.859+00:00,2026-09-18T06:50:04.368+00:00,2026-09-18T06:50:07.626+00:00,True,52,52.0,,52.0,52509.183621,55766.556805,55766.55674199999,1072.4337835,36.653802000000006,52509.183621,7272.87101585647,100.91633184999999,63.870062431372546,14.71038512234436,0.9324585016397804,29,64,,False,True,,265,87.6246207195492
52,2026-09-18T06:49:12.267+00:00,2026-09-18T06:50:05.761+00:00,2026-09-18T06:50:06.577+00:00,True,13,13.0,,13.0,53494.129159000004,54310.469639,54310.469793000004,4177.728445615385,53.832741,53494.129159000004,14817.739964188253,21455.532614800002,68.02837333333333,13.542842500509622,0.23936452927788315,29,64,,False,True,,63,87.6246207195492
53,2026-09-18T06:49:12.691+00:00,2026-09-18T06:50:07.298+00:00,2026-09-18T06:50:09.920+00:00,True,34,34.0,,34.0,54606.769922,57228.784898,57228.784725,1683.199550735294,0.0,54606.769922,9352.350967656172,356.87872375000006,79.45499927272726,138.43725892605954,0.5941066206560016,29,64,,False,True,,150,87.6246207195492
54,2026-09-18T06:49:13.136+00:00,2026-09-18T06:50:09.905+00:00,2026-09-18T06:50:10.070+00:00,True,15,15.0,,15.0,56769.733829000004,56934.83386100001,56934.833744,3795.655582933334,0.0,56769.733829000004,14654.855955565718,17081.0187763,11.792859428571429,24.237044662060537,0.2634590984601942,29,64,,False,True,,68,87.6246207195492
55,2026-09-18T06:49:13.480+00:00,2026-09-18T06:50:10.469+00:00,2026-09-18T06:50:12.092+00:00,True,27,27.0,,27.0,56988.418129,58611.774032999994,58611.774045,2170.806446111111,33.724417,56988.418129,10955.418673127877,91.3712403,62.436765538461536,13.877830775971297,0.4606582968261339,29,64,,False,True,,128,87.6246207195492
56,2026-09-18T06:49:13.837+00:00,2026-09-18T06:50:11.744+00:00,2026-09-18T06:50:15.273+00:00,True,60,60.0,,60.0,57907.232428999996,61436.472236999994,61436.472177999996,1023.9412029666667,37.003612000000004,57907.232428999996,7468.075655927385,71.4784963,59.81762386440678,9.950779376538502,0.9766185755025354,29,64,,False,True,,302,87.6246207195492
57,2026-09-18T06:49:14.270+00:00,2026-09-18T06:50:13.243+00:00,2026-09-18T06:50:15.416+00:00,True,36,36.0,,36.0,58972.619399999996,61145.243528,61145.243572,1698.478988111111,37.92933,58972.619399999996,9818.42820318794,80.13922224999999,62.074975085714286,9.139875024606516,0.5887620675435639,29,64,,False,True,,133,87.6246207195492
58,2026-09-18T06:49:14.583+00:00,2026-09-18T06:50:14.711+00:00,2026-09-18T06:50:20.924+00:00,True,100,100.0,,100.0,60127.698273,66340.700257,66340.700272,663.40700272,0.0,60127.698273,6007.807317135232,93.27054895,62.757595797979796,126.24883994048733,1.5073702811789116,29,64,,False,True,,483,87.6246207195492
59,2026-09-18T06:49:14.991+00:00,2026-09-18T06:50:16.228+00:00,2026-09-18T06:50:18.481+00:00,True,36,36.0,,36.0,61236.813793,63489.444321,63489.444397,1763.5956776944445,0.01602,61236.813793,10196.659953675005,329.0423955,64.36087222857142,162.06046240262563,0.5670233908173065,29,64,,False,True,,157,87.6246207195492
60,2026-09-18T06:49:15.397+00:00,2026-09-18T06:50:18.019+00:00,2026-09-18T06:50:22.569+00:00,True,73,73.0,,73.0,62621.379103,67171.441951,67171.44215,920.1567417808219,0.0,62621.379103,7322.666355129631,92.983855,63.195317333333335,107.95508712753225,1.0867713700898634,29,64,,False,True,,344,87.6246207195492
61,2026-09-18T06:49:15.807+00:00,2026-09-18T06:50:19.209+00:00,2026-09-18T06:50:20.930+00:00,True,29,29.0,,29.0,63402.304679,65123.476391000004,65123.476454,2245.637119103448,0.0,63402.304679,11763.31824499997,584.2408362000001,61.47041828571428,172.56538460575098,0.4453079228431327,29,64,,False,True,,140,87.6246207195492
62,2026-09-18T06:49:16.205+00:00,2026-09-18T06:50:20.988+00:00,2026-09-18T06:50:25.745+00:00,True,76,76.0,,76.0,64783.371216,69540.08008,69540.080011,915.0010527763158,37.416801,64783.371216,7423.897054878953,89.58239974999998,63.42278485333333,12.15757659485616,1.0928949163211836,29,64,,False,True,,256,87.6246207195492
63,2026-09-18T06:49:16.594+00:00,2026-09-18T06:50:22.145+00:00,2026-09-18T06:50:27.438+00:00,True,85,85.0,,85.0,65550.322076,70844.241308,70844.24128,833.461662117647,36.982962,65550.322076,7103.105468148736,91.9372598,63.022848,12.325647378532176,1.1998152345291824,29,64,,False,True,,321,87.6246207195492
64,2026-09-18T06:49:17.057+00:00,2026-09-18T06:50:24.348+00:00,2026-09-18T06:50:25.930+00:00,True,27,27.0,,27.0,67290.334313,68873.081449,68873.081523,2550.8548712222223,34.606196000000004,67290.334313,12938.3206793102,84.1330839,60.87488984615385,11.80845741970613,0.39202543914044696,29,64,,False,True,,112,87.6246207195492
65,2026-09-18T06:49:17.527+00:00,2026-09-18T06:50:25.938+00:00,2026-09-18T06:50:26.176+00:00,True,4,4.0,,4.0,68411.600971,68649.18381900001,68649.18377300001,17162.295943250003,56.691316,68411.600971,34166.207093111625,58163.715777850004,79.19428266666667,19.582435088674067,0.058267262296174904,29,64,,False,True,,15,87.6246207195492
66,2026-09-18T06:49:17.823+00:00,2026-09-18T06:50:27.051+00:00,2026-09-18T06:50:29.648+00:00,True,43,43.0,,43.0,69227.44940000001,71824.8126,71824.81262900001,1670.3444797441864,34.428737,69227.44940000001,10547.664875314611,94.906841,61.84198095238096,13.654511885319689,0.5986789027835208,29,64,,False,True,,214,87.6246207195492
67,2026-09-18T06:49:18.255+00:00,2026-09-18T06:50:28.799+00:00,2026-09-18T06:50:30.046+00:00,True,22,22.0,,22.0,70544.398166,71790.744918,71790.744697,3263.2156680454545,36.998212,70544.398166,15027.467816012137,95.97289089999998,59.349845333333334,12.585774348743383,0.3064461864148169,29,64,,False,True,,113,87.6246207195492
68,2026-09-18T06:49:18.545+00:00,2026-09-18T06:50:29.649+00:00,2026-09-18T06:50:35.080+00:00,True,88,88.0,,88.0,71103.797508,76535.464196,76535.464098,869.7211829318182,0.0,71103.797508,7574.556602322347,95.07175149999999,62.43295043678161,152.7024232128139,1.1497937710894444,29,64,,False,True,,341,87.6246207195492
69,2026-09-18T06:49:18.902+00:00,2026-09-18T06:50:32.230+00:00,2026-09-18T06:50:33.107+00:00,True,31,31.0,,31.0,73328.400839,74205.57306299999,74205.57294099999,2393.7281593870966,0.0,73328.400839,13164.955787467266,94.79096,29.239074133333332,32.04459054220278,0.4177583801378533,29,64,,False,True,,141,87.6246207195492
70,2026-09-18T06:49:19.300+00:00,2026-09-18T06:50:32.528+00:00,2026-09-18T06:50:33.708+00:00,True,21,21.0,,21.0,73228.33998899999,74407.85717299998,74407.85723299999,3543.231296809523,38.395989,73228.33998899999,15966.869337551809,91.710581,58.9758592,13.052033517201581,0.28222825919008143,29,64,,False,True,,104,87.6246207195492
71,2026-09-18T06:49:19.738+00:00,2026-09-18T06:50:34.710+00:00,2026-09-18T06:50:40.516+00:00,True,100,100.0,,100.0,74972.221607,80777.961639,80777.961751,807.77961751,0.01684,74972.221607,7491.399732549025,94.47718729999998,58.64383870707071,25.199775384525953,1.2379614188199508,29,64,,False,True,,390,87.6246207195492
72,2026-09-18T06:49:20.167+00:00,2026-09-18T06:50:35.778+00:00,2026-09-18T06:50:40.517+00:00,True,77,77.0,,77.0,75610.47760500001,80349.66864500001,80349.66870600001,1043.5021909870131,33.090979,75610.47760500001,8609.517116860658,94.41414160000001,62.35777684210526,13.097164889090578,0.9583113570785279,29,64,,False,True,,359,87.6246207195492
73,2026-09-18T06:49:20.600+00:00,2026-09-18T06:50:37.666+00:00,2026-09-18T06:50:39.305+00:00,True,26,26.0,,26.0,77066.129346,78705.191362,78705.191232,3027.1227396923077,58.135752999999994,77066.129346,15101.056883004583,99.3655445,65.56248064,10.196755232728215,0.3303466969594737,29,64,,False,True,,154,87.6246207195492
74,2026-09-18T06:49:20.886+00:00,2026-09-18T06:50:38.633+00:00,2026-09-18T06:50:39.746+00:00,True,18,18.0,,18.0,77747.490023,78860.41571900001,78860.41573800001,4381.134207666667,56.205726000000006,77747.490023,18309.83227873906,11755.043240750001,65.4662174117647,11.95924476607189,0.22825139629162797,29,64,,False,True,,105,87.6246207195492
75,2026-09-18T06:49:21.167+00:00,2026-09-18T06:50:39.747+00:00,2026-09-18T06:50:45.799+00:00,True,96,96.0,,96.0,78579.917989,84632.468645,84632.46862799999,881.588214875,0.0,78579.917989,8014.416410642122,96.664043,63.71105953684211,120.04207649692509,1.1343164335981069,29,64,,False,True,,503,87.6246207195492
76,2026-09-18T06:49:21.604+00:00,2026-09-18T06:50:41.475+00:00,2026-09-18T06:50:43.979+00:00,True,40,40.0,,40.0,79870.834524,82374.818908,82374.81893000001,2059.37047325,36.658842,79870.834524,12618.543746487318,99.55132185000001,64.20472779487179,14.048465668214732,0.48558528601651735,29,64,,False,True,,172,87.6246207195492
77,2026-09-18T06:49:22.039+00:00,2026-09-18T06:50:43.203+00:00,2026-09-18T06:50:46.354+00:00,True,51,51.0,,51.0,81164.20869300001,84314.595637,84314.59560300001,1653.227364764706,0.0,81164.20869300001,11357.64972205652,95.4487235,63.007738880000005,167.47133137475126,0.6048774783854804,29,64,,False,True,,221,87.6246207195492
78,2026-09-18T06:49:22.507+00:00,2026-09-18T06:50:45.760+00:00,2026-09-18T06:50:49.715+00:00,True,82,82.0,,82.0,83252.558992,87207.49096000001,87207.491013,1063.5059879634148,0.0,83252.558992,9188.352186863021,71.20952960000001,48.82632059259259,26.242644110203276,0.9402861967168787,29,64,,False,True,,348,87.6246207195492
79,2026-09-18T06:49:22.800+00:00,2026-09-18T06:50:45.795+00:00,2026-09-18T06:50:50.152+00:00,True,72,72.0,,72.0,82995.107141,87351.440197,87351.440179,1213.2144469305556,38.110189,82995.107141,9773.8417212097,85.0614582,61.3568036056338,10.454354356764307,0.8242565873856396,29,64,,False,True,,275,87.6246207195492
80,2026-09-18T06:49:23.062+00:00,2026-09-18T06:50:46.974+00:00,2026-09-18T06:50:48.175+00:00,True,22,22.0,,22.0,83912.104816,85112.389232,85112.389074,3868.744957909091,35.184655,83912.104816,17877.93872066604,79.60237054999999,57.15640076190476,11.701288797231841,0.25848175804385226,29,64,,False,True,,104,87.6246207195492
81,2026-09-18T06:49:23.429+00:00,2026-09-18T06:50:48.326+00:00,2026-09-18T06:50:50.499+00:00,True,36,36.0,,36.0,84897.404714,87069.663274,87069.663204,2418.6017556666666,37.596230000000006,84897.404714,14139.226402413258,87.14540625000001,62.064530285714284,9.40424179963395,0.413462033116074,29,64,,False,True,,194,87.6246207195492
82,2026-09-18T06:49:23.893+00:00,2026-09-18T06:50:49.907+00:00,2026-09-18T06:50:52.331+00:00,True,41,41.0,,41.0,86013.441273,88437.75640900001,88437.756426,2157.0184494146342,37.7592,86013.441273,13423.579854178115,73.728484,60.6078784,8.326746014656209,0.46360289614750533,29,64,,False,True,,156,87.6246207195492
83,2026-09-18T06:49:24.292+00:00,2026-09-18T06:50:51.356+00:00,2026-09-18T06:50:56.186+00:00,True,78,78.0,,78.0,87064.047451,91893.389915,91893.39011400001,1178.120386076923,33.918057,87064.047451,9850.96643959628,87.61375404999998,62.7187332987013,10.755399926961662,0.8488096921024333,29,64,,False,True,,364,87.6246207195492
84,2026-09-18T06:49:24.743+00:00,2026-09-18T06:50:53.009+00:00,2026-09-18T06:50:57.387+00:00,True,70,70.0,,70.0,88265.56632099999,92643.476849,92643.47682899999,1323.4782404142857,38.839858,88265.56632099999,10542.17509319907,91.0730409,63.447978666666664,10.9148936067983,0.7555847684137903,29,64,,False,True,,292,87.6246207195492
85,2026-09-18T06:49:25.061+00:00,2026-09-18T06:50:54.106+00:00,2026-09-18T06:50:58.319+00:00,True,68,68.0,,68.0,89044.31036300001,93257.632347,93257.63230600001,1371.4357692058825,35.283815000000004,89044.31036300001,10790.587847356157,88.58424985000002,62.88540274626866,10.557460522862511,0.7291628394229491,29,64,,False,True,,292,87.6246207195492
86,2026-09-18T06:49:25.371+00:00,2026-09-18T06:50:55.060+00:00,2026-09-18T06:50:59.599+00:00,True,75,75.0,,75.0,89689.227192,94227.47282400001,94227.472823,1256.3663043066667,37.467671,89689.227192,10349.341992334103,69.4163975,61.327643675675674,8.698526871225544,0.7959462113569205,29,64,,False,True,,348,87.6246207195492
87,2026-09-18T06:49:25.709+00:00,2026-09-18T06:50:56.621+00:00,2026-09-18T06:51:02.519+00:00,True,96,96.0,,96.0,90912.292701,96810.449757,96810.449746,1008.4421848541666,36.332432,90912.292701,9272.364313703043,68.90329275,62.08586374736842,8.55639785761338,0.9916284888766215,29,64,,False,True,,504,87.6246207195492
88,2026-09-18T06:49:25.973+00:00,2026-09-18T06:50:57.506+00:00,2026-09-18T06:51:03.077+00:00,True,91,91.0,,91.0,91532.75097499999,97104.21926299999,97104.21926299999,1067.0793325604395,36.661381999999996,91532.75097499999,9588.753103560373,69.408571,61.9052032,7.679579603434452,0.9371374456297605,29,64,,False,True,,324,87.6246207195492
89,2026-09-18T06:49:26.254+00:00,2026-09-18T06:50:58.435+00:00,2026-09-18T06:51:04.047+00:00,True,91,91.0,,91.0,92181.235797,97792.623701,97792.623822,1074.644217824176,39.220448,92181.235797,9656.68714822308,69.47626650000001,62.348754488888886,8.729845196338973,0.9305405311369046,29,64,,True,True,,362,87.6246207195492
90,2026-09-18T06:49:26.517+00:00,2026-09-18T06:50:59.418+00:00,2026-09-18T06:50:59.547+00:00,True,3,3.0,,3.0,92901.043467,93029.980939,93029.980998,31009.993666,57.550523,92901.043467,53599.22184103493,83618.07782109999,64.468736,9.784095109922022,0.032247668651755476,29,64,,True,True,,10,87.6246207195492
91,2026-09-18T06:49:26.780+00:00,2026-09-18T06:51:00.382+00:00,2026-09-18T06:51:03.731+00:00,True,55,55.0,,55.0,93602.13629000001,96951.00643400001,96951.006563,1762.7455738727274,37.497870999999996,93602.13629000001,12612.949013501415,68.40130309999999,62.016113777777775,6.768209508288492,0.567296844282288,29,64,,True,True,,271,87.6246207195492
92,2026-09-18T06:49:27.039+00:00,2026-09-18T06:51:01.465+00:00,2026-09-18T06:51:07.627+00:00,True,100,100.0,,100.0,94425.08754899999,100587.94066899999,100587.940664,1005.8794066399998,37.81616,94425.08754899999,9436.28802540316,75.4106069,62.251041616161615,9.132561362957928,0.9941549586850108,29,64,,True,True,,506,87.6246207195492
93,2026-09-18T06:49:27.458+00:00,2026-09-18T06:51:03.203+00:00,2026-09-18T06:51:07.095+00:00,True,63,63.0,,63.0,95744.88522,99637.053412,99637.05350699999,1581.5405318571427,36.529202,95744.88522,12054.817150756126,93.5875087,62.77690632258064,10.620030631030026,0.6322948927392955,29,64,,True,True,,281,87.6246207195492
94,2026-09-18T06:49:27.724+00:00,2026-09-18T06:51:03.916+00:00,2026-09-18T06:51:07.095+00:00,True,52,52.0,,52.0,96192.755094,99371.24059799999,99371.240641,1910.9853969423075,37.94673,96192.755094,13330.896800283159,92.12886060000001,62.323245176470586,10.998294889303821,0.5232902365621325,29,64,,True,True,,159,87.6246207195492
95,2026-09-18T06:49:28.026+00:00,2026-09-18T06:51:05.295+00:00,2026-09-18T06:51:10.664+00:00,True,87,87.0,,87.0,97268.834034,102637.359858,102637.359819,1179.7397680344827,36.854552000000005,97268.834034,10421.627254754092,92.8215929,62.42471888372093,11.494660424451583,0.8476445625683039,29,64,,True,True,,378,87.6246207195492
96,2026-09-18T06:49:28.336+00:00,2026-09-18T06:51:06.578+00:00,2026-09-18T06:51:12.255+00:00,True,92,92.0,,92.0,98241.428757,103918.740757,103918.74096,1129.551532173913,33.844826999999995,98241.428757,10235.879713896786,93.24903454999999,62.38804395604396,12.15755678304982,0.8853071094763323,29,64,,True,True,,487,87.6246207195492
97,2026-09-18T06:49:28.622+00:00,2026-09-18T06:51:07.686+00:00,2026-09-18T06:51:08.147+00:00,True,9,9.0,,9.0,99064.257826,99525.02761800001,99525.027504,11058.336389333333,38.0906,99064.257826,33002.22227030149,59466.6656836,57.596224,11.428810900487193,0.09042951522248327,29,64,,True,True,,39,87.6246207195492
98,2026-09-18T06:49:29.031+00:00,2026-09-18T06:51:09.186+00:00,2026-09-18T06:51:14.149+00:00,True,80,80.0,,80.0,100155.09095,105118.490118,105118.49006499999,1313.9811258125,37.003012000000005,100155.09095,11190.660268433203,93.80092435,62.82783756962025,10.700636696226342,0.7610459388276656,29,64,,True,True,,384,87.6246207195492
99,2026-09-18T06:49:29.445+00:00,2026-09-18T06:51:10.912+00:00,2026-09-18T06:51:15.335+00:00,True,71,71.0,,71.0,101466.71780500001,105889.48362900001,105889.48355100001,1491.401176774648,38.008129999999994,101466.71780500001,12034.388777610951,84.5955985,63.18236891428571,8.817790902967712,0.6705103997745362,29,64,,True,True,,168,87.6246207195492
100,2026-09-18T06:49:29.706+00:00,2026-09-18T06:51:12.017+00:00,2026-09-18T06:51:17.478+00:00,True,87,87.0,,87.0,102311.318565,107772.002085,107772.002079,1238.7586445862069,42.531152,102311.318565,10962.1205751331,91.5071829,63.49632,8.666864556251975,0.8072597550093105,29,64,,True,True,,384,87.6246207195492
101,2026-09-18T06:49:30.106+00:00,2026-09-18T06:51:13.518+00:00,2026-09-18T06:51:16.089+00:00,True,42,42.0,,42.0,103412.048791,105982.953367,105982.953363,2523.4036515,54.681669,103412.048791,15947.150341168317,68.2793441,62.70498965853658,3.5070459657881847,0.39629014540254903,29,64,,True,True,,211,87.6246207195492
102,2026-09-18T06:49:30.481+00:00,2026-09-18T06:51:14.579+00:00,2026-09-18T06:51:15.019+00:00,True,8,8.0,,8.0,104097.515646,104538.006654,104538.00682,13067.2508525,56.268206,104097.515646,36781.781677557025,67687.44150045,62.92728685714286,4.4678849167284,0.07652719098115586,29,64,,True,True,,29,87.6246207195492
103,2026-09-18T06:49:30.782+00:00,2026-09-18T06:51:15.899+00:00,2026-09-18T06:51:19.205+00:00,True,51,51.0,,51.0,105117.1123,108422.932972,108422.933182,2125.9398663137254,39.814546,105117.1123,14710.087008855078,93.4947275,66.11641344,12.583714381045478,0.4703801917364719,29,64,,True,True,,264,87.6246207195492
104,2026-09-18T06:49:31.170+00:00,2026-09-18T06:51:17.263+00:00,2026-09-18T06:51:21.304+00:00,True,64,64.0,,64.0,106092.927638,110134.17998999999,110134.179949,1720.846561703125,37.44811,106092.927638,13253.603531812882,94.69430795,64.14686273015873,12.64325696250631,0.5811093341396022,29,64,,True,True,,372,87.6246207195492
105,2026-09-18T06:49:31.572+00:00,2026-09-18T06:51:18.862+00:00,2026-09-18T06:51:19.146+00:00,True,5,5.0,,5.0,107290.41086399999,107574.58391999999,107574.58385799998,21514.916771599997,58.147492,107290.41086399999,47949.96175915249,85852.13081660001,71.043264,19.12534320805843,0.04647938033130903,29,64,,True,True,,18,87.6246207195492
106,2026-09-18T06:49:32.000+00:00,2026-09-18T06:51:20.521+00:00,2026-09-18T06:51:22.020+00:00,True,25,25.0,,25.0,108521.37962,110020.313892,110020.313876,4400.81255504,39.363057,108521.37962,21691.788536609474,97.5530352,62.45559466666666,12.99692241862876,0.22723076417088686,29,64,,True,True,,139,87.6246207195492
107,2026-09-18T06:49:32.402+00:00,2026-09-18T06:51:22.019+00:00,2026-09-18T06:51:23.387+00:00,True,23,23.0,,23.0,109617.152235,110985.722603,110985.722603,4825.466200130435,40.621514000000005,109617.152235,22843.787677662298,91.2367423,62.207744,11.198419551937429,0.20723386270387087,29,64,,True,True,,104,87.6246207195492
108,2026-09-18T06:49:32.784+00:00,2026-09-18T06:51:23.801+00:00,2026-09-18T06:51:26.788+00:00,True,49,49.0,,49.0,111017.01715700001,114003.116613,114003.11676100001,2326.594219612245,41.176644,111017.01715700001,15850.688941994415,83.37329340000001,62.210405333333334,8.560753185160678,0.4298128108754917,29,64,,True,True,,249,87.6246207195492
109,2026-09-18T06:49:33.111+00:00,2026-09-18T06:51:24.936+00:00,2026-09-18T06:51:28.979+00:00,True,65,65.0,,65.0,111825.168715,115867.77377100001,115867.773813,1782.5811355846156,34.589735,111825.168715,13862.376143972571,95.8267628,63.165704,12.740730883706092,0.5609842830713689,29,64,,True,True,,361,87.6246207195492
110,2026-09-18T06:49:33.435+00:00,2026-09-18T06:51:26.213+00:00,2026-09-18T06:51:31.731+00:00,True,90,90.0,,90.0,112778.300794,118295.36831399999,118295.368334,1314.3929814888888,36.888211000000005,112778.300794,11881.348664594341,92.14393584999998,61.98952269662921,12.23513683473578,0.7608074710170094,29,64,,True,True,,350,87.6246207195492
111,2026-09-18T06:49:33.784+00:00,2026-09-18T06:51:27.760+00:00,2026-09-18T06:51:33.408+00:00,True,91,91.0,,91.0,113976.839528,119624.469608,119624.46958599999,1314.5546108351648,35.705123,113976.839528,11941.447802889339,93.48527700000001,62.751445333333336,12.701838138391407,0.7607139266589843,29,64,,True,True,,464,87.6246207195492
112,2026-09-18T06:49:34.115+00:00,2026-09-18T06:51:29.106+00:00,2026-09-18T06:51:35.201+00:00,True,98,98.0,,98.0,114991.282183,121086.37491900001,121086.374953,1235.575254622449,35.498535000000004,114991.282183,11609.534774286305,94.82487335,62.83600758762886,14.154539169266863,0.8093396145153119,29,64,,True,True,,341,87.6246207195492
113,2026-09-18T06:49:34.538+00:00,2026-09-18T06:51:30.847+00:00,2026-09-18T06:51:32.528+00:00,True,27,27.0,,27.0,116308.580609,117989.437185,117989.437148,4369.97915362963,38.818788,116308.580609,22371.15716134489,90.7310417,64.64832984615384,9.558330382859515,0.228834043488704,29,64,,True,True,,133,87.6246207195492
114,2026-09-18T06:49:35.143+00:00,2026-09-18T06:51:32.912+00:00,2026-09-18T06:51:35.707+00:00,True,45,45.0,,45.0,117769.520928,120564.402208,120564.402325,2679.2089405555557,38.505018,117769.520928,17546.580640084023,95.3812854,63.52002909090909,14.697788971744531,0.3732444998347451,29,64,,True,True,,186,87.6246207195492
115,2026-09-18T06:49:35.251+00:00,2026-09-18T06:51:33.602+00:00,2026-09-18T06:51:39.840+00:00,True,100,100.0,,100.0,118351.901109,124589.706421,124589.706365,1245.89706365,36.784112,118351.901109,11828.895059412085,92.69119135000001,63.00813446464647,11.734753216702678,0.8026345263395266,29,64,,True,True,,525,87.6246207195492
116,2026-09-18T06:49:35.554+00:00,2026-09-18T06:51:35.335+00:00,2026-09-18T06:51:37.771+00:00,True,41,41.0,,41.0,119780.932022,122216.39774999999,122216.39776499999,2980.8877503658537,35.952254,119780.932022,18697.131227570557,68.95561199999999,60.8866432,7.241659207922475,0.33547053222651546,29,64,,True,True,,140,87.6246207195492
117,2026-09-18T06:49:35.889+00:00,2026-09-18T06:51:36.527+00:00,2026-09-18T06:51:39.240+00:00,True,44,44.0,,44.0,120637.906265,123350.788953,123350.788814,2803.4270185,40.384766000000006,120637.906265,18177.3406198344,91.34449615000001,63.09029506976744,10.87369657488395,0.35670627138643757,29,64,,True,True,,152,87.6246207195492
118,2026-09-18T06:49:36.284+00:00,2026-09-18T06:51:38.228+00:00,2026-09-18T06:51:44.264+00:00,True,99,99.0,,99.0,121943.938135,127979.90690300001,127979.907074,1292.726334080808,37.192101,121943.938135,12249.639379192184,70.08254120000001,61.59151804081633,8.088376662350333,0.7735589312081248,29,64,,True,True,,343,87.6246207195492
119,2026-09-18T06:49:36.735+00:00,2026-09-18T06:51:39.962+00:00,2026-09-18T06:51:43.578+00:00,True,60,60.0,,60.0,123227.30740800001,126842.91112,126842.911147,2114.0485191166667,34.006597,123227.30740800001,15900.66835531054,72.4388738,61.28141884745762,9.471104733125445,0.47302604040076685,29,64,,True,True,,247,87.6246207195492
120,2026-09-18T06:49:37.183+00:00,2026-09-18T06:51:41.862+00:00,2026-09-18T06:51:45.508+00:00,True,60,60.0,,60.0,124678.962128,128324.332752,128324.33287,2138.7388811666665,37.24729,124678.962128,16088.010452256314,74.47073675,61.78594277966101,8.457324709813674,0.46756525994143433,29,64,,True,True,,201,87.6246207195492
121,2026-09-18T06:49:37.517+00:00,2026-09-18T06:51:43.325+00:00,2026-09-18T06:51:45.690+00:00,True,40,40.0,,40.0,125807.81126700001,128172.539331,128172.53935700002,3204.313483925,36.670742,125807.81126700001,19882.375860726275,68.07966305000001,60.63405292307692,7.543047684422885,0.3120793284488321,29,64,,True,True,,221,87.6246207195492
122,2026-09-18T06:49:37.944+00:00,2026-09-18T06:51:44.697+00:00,2026-09-18T06:51:45.026+00:00,True,7,7.0,,7.0,126752.298165,127081.780661,127081.780661,18154.540094428572,44.252877,126752.298165,47887.110694678246,88745.20665,54.913749333333335,8.039373672767367,0.05508264019901496,29,64,,True,True,,29,87.6246207195492
123,2026-09-18T06:49:38.315+00:00,2026-09-18T06:51:45.814+00:00,2026-09-18T06:51:48.943+00:00,True,53,53.0,,53.0,127498.52212800001,130627.98696000001,130627.986925,2464.678998584906,36.582741999999996,127498.52212800001,17505.005248742786,70.43768880000002,60.182016,10.317632826568836,0.40573234904270006,29,64,,True,True,,224,87.6246207195492
124,2026-09-18T06:49:38.695+00:00,2026-09-18T06:51:47.463+00:00,2026-09-18T06:51:48.023+00:00,True,10,10.0,,10.0,128768.063514,129328.46901799999,129328.468979,12932.846897899999,43.01487,128768.063514,40700.34721186971,70855.74812759999,62.267278222222224,8.524057977182256,0.07732249578094205,29,64,,True,True,,58,87.6246207195492
125,2026-09-18T06:49:39.081+00:00,2026-09-18T06:51:48.878+00:00,2026-09-18T06:51:50.486+00:00,True,28,28.0,,28.0,129797.258578,131405.597778,131405.597981,4693.05707075,37.462300000000006,129797.258578,24518.11997366256,69.77805134999998,59.56811851851852,7.392251134029401,0.21308072466824377,29,64,,True,True,,138,87.6246207195492
126,2026-09-18T06:49:39.471+00:00,2026-09-18T06:51:50.205+00:00,2026-09-18T06:51:52.098+00:00,True,31,31.0,,31.0,130733.957175,132627.355959,132627.355925,4278.301804032259,39.404247000000005,130733.957175,23469.17914934833,91.34976449999998,63.113292799999996,11.592479529711683,0.23373760093342463,29,64,,True,True,,148,87.6246207195492
127,2026-09-18T06:49:39.853+00:00,2026-09-18T06:51:51.547+00:00,2026-09-18T06:51:54.733+00:00,True,51,51.0,,51.0,131694.027328,134880.090432,134880.090539,2644.7076576274508,37.67255,131694.027328,18431.93238927256,92.724737,63.721262079999995,10.236602235660694,0.3781136254925016,29,64,,True,True,,223,87.6246207195492
128,2026-09-18T06:49:40.214+00:00,2026-09-18T06:51:52.808+00:00,2026-09-18T06:51:55.234+00:00,True,40,40.0,,40.0,132593.841094,135019.656134,135019.655932,3375.4913983,39.489596,132593.841094,20955.09529988974,90.87298134999999,62.20038564102564,11.293472642326403,0.2962531615419171,29,64,,True,True,,184,87.6246207195492
129,2026-09-18T06:49:40.557+00:00,2026-09-18T06:51:54.079+00:00,2026-09-18T06:51:58.788+00:00,True,80,80.0,,80.0,133522.724635,138231.699483,138231.699497,1727.8962437124999,36.355442000000004,133522.724635,14921.633740587167,70.44242865,59.60727655696203,10.424791837854904,0.5787384536195951,29,64,,True,True,,372,87.6246207195492
130,2026-09-18T06:49:40.861+00:00,2026-09-18T06:51:55.429+00:00,2026-09-18T06:51:57.775+00:00,True,41,41.0,,41.0,134568.90023899998,136914.497935,136914.49786699997,3339.377996756097,35.224225,134568.90023899998,21006.976328054894,71.953696,58.639942399999995,11.302666932358415,0.2994569648823071,29,64,,True,True,,216,87.6246207195492
131,2026-09-18T06:49:41.185+00:00,2026-09-18T06:51:56.389+00:00,2026-09-18T06:51:57.364+00:00,True,18,18.0,,18.0,135203.463231,136179.288383,136179.288332,7565.516018444445,37.5523,135203.463231,31854.2352151923,20361.64020535,57.401479529411766,14.19346707405924,0.13217869041418076,29,64,,True,True,,82,87.6246207195492
132,2026-09-18T06:49:41.627+00:00,2026-09-18T06:51:58.367+00:00,2026-09-18T06:52:00.101+00:00,True,29,29.0,,29.0,136739.576528,138473.262544,138473.262607,4774.940089896552,51.958013,136739.576528,25380.40445725004,69.7524802,61.917357714285714,4.083664666647084,0.2094267114619707,29,64,,True,True,,163,87.6246207195492
133,2026-09-18T06:49:41.888+00:00,2026-09-18T06:51:59.476+00:00,2026-09-18T06:52:05.258+00:00,True,93,93.0,,93.0,137588.226662,143370.079334,143370.079206,1541.6137549032258,35.297954,137588.226662,14260.722095925932,92.4475736,62.846224695652175,11.346049585790979,0.6486709111971956,29,64,,True,True,,460,87.6246207195492
134,2026-09-18T06:49:42.308+00:00,2026-09-18T06:52:00.842+00:00,2026-09-18T06:52:04.298+00:00,True,56,56.0,,56.0,138534.63777,141989.943498,141989.94345,2535.534704464286,35.709493,138534.63777,18504.078260430717,93.32861125,62.82374050909091,11.91541779806919,0.3943941283474684,29,64,,True,True,,274,87.6246207195492
135,2026-09-18T06:49:42.566+00:00,2026-09-18T06:52:01.707+00:00,2026-09-18T06:52:02.627+00:00,True,16,16.0,,16.0,139141.271444,140061.83259600002,140061.832418,8753.864526125,37.28065,139141.271444,34769.979556311075,34857.8362085,61.37074346666667,18.061237459452336,0.11423526098042029,29,64,,True,True,,68,87.6246207195492
136,2026-09-18T06:49:42.930+00:00,2026-09-18T06:52:03.288+00:00,2026-09-18T06:52:05.004+00:00,True,28,28.0,,28.0,140357.87296,142073.69580800002,142073.695882,5074.060567214286,34.544396,140357.87296,26513.137121111657,91.65657635,63.54899437037037,10.51977951495248,0.1970808166899488,29,64,,True,True,,128,87.6246207195492
137,2026-09-18T06:49:43.227+00:00,2026-09-18T06:52:04.296+00:00,2026-09-18T06:52:09.418+00:00,True,83,83.0,,83.0,141069.06542899998,146191.250133,146191.24996299998,1761.3403609999998,34.968125,141069.06542899998,15477.48871342332,93.4450284,62.46566712195122,10.675322516048134,0.5677494372918306,29,64,,True,True,,307,87.6246207195492
138,2026-09-18T06:49:43.494+00:00,2026-09-18T06:52:05.129+00:00,2026-09-18T06:52:06.037+00:00,True,16,16.0,,16.0,141635.094009,142543.672569,142543.672646,8908.979540375,38.152009,141635.094009,35393.63131309372,35460.328706249995,60.571904,7.7313897107471465,0.11224630116257883,29,64,,True,True,,73,87.6246207195492
139,2026-09-18T06:49:43.764+00:00,2026-09-18T06:52:06.662+00:00,2026-09-18T06:52:11.733+00:00,True,83,83.0,,83.0,142898.31940900002,147969.516593,147969.51646800002,1782.7652586506026,34.607986,142898.31940900002,15678.343650900348,88.4050972,61.84386809756097,10.710018507314441,0.5609263442300553,29,64,,True,True,,456,87.6246207195492
140,2026-09-18T06:49:44.037+00:00,2026-09-18T06:52:07.281+00:00,2026-09-18T06:52:12.300+00:00,True,83,83.0,,83.0,143243.393621,148262.871381,148262.871277,1786.299653939759,37.16487,143243.393621,15716.288264216671,70.85804350000001,61.213143414634146,8.329265758538499,0.5598164882879539,29,64,,True,True,,404,87.6246207195492
141,2026-09-18T06:49:44.329+00:00,2026-09-18T06:52:08.694+00:00,2026-09-18T06:52:14.703+00:00,True,98,98.0,,98.0,144365.150966,150373.652982,150373.65316699998,1534.4250323163265,35.122245,144365.150966,14576.828766852012,81.91915420000001,61.94331975257732,10.194314510302329,0.6517099109890665,29,64,,True,True,,474,87.6246207195492
142,2026-09-18T06:49:44.639+00:00,2026-09-18T06:52:10.021+00:00,2026-09-18T06:52:12.042+00:00,True,34,34.0,,34.0,145381.459556,147402.470244,147402.470099,4335.3667676176465,35.349974,145381.459556,24922.21323058499,77.00605345,61.242748121212124,9.222437099077904,0.23066099193397993,29,64,,True,True,,172,87.6246207195492
143,2026-09-18T06:49:45.065+00:00,2026-09-18T06:52:11.566+00:00,2026-09-18T06:52:16.529+00:00,True,81,81.0,,81.0,146500.640632,151463.656312,151463.656303,1869.9216827530863,35.794553,146500.640632,16270.959476523258,90.452461,62.037696,10.883958188852093,0.5347817553878937,29,64,,True,True,,416,87.6246207195492
144,2026-09-18T06:49:45.415+00:00,2026-09-18T06:52:12.903+00:00,2026-09-18T06:52:15.294+00:00,True,38,38.0,,38.0,147487.94948500002,149878.27754900002,149878.27741,3944.1651950000005,39.223836999999996,147487.94948500002,23915.227133391323,92.49489785,64.60346118918919,10.93625620999268,0.2535390759850211,29,64,,True,True,,147,87.6246207195492
145,2026-09-18T06:49:45.786+00:00,2026-09-18T06:52:14.326+00:00,2026-09-18T06:52:14.517+00:00,True,4,4.0,,4.0,148540.23569499998,148731.14001499998,148731.13994999998,37182.784987499996,61.533525999999995,148540.23569499998,74238.3005298544,126269.36906184997,63.634773333333335,3.5997817501606026,0.026894166208882603,29,64,,True,True,,19,87.6246207195492
146,2026-09-18T06:49:46.247+00:00,2026-09-18T06:52:16.320+00:00,2026-09-18T06:52:21.467+00:00,True,81,81.0,,81.0,150072.355962,155219.989882,155219.989919,1916.296171839506,35.307843999999996,150072.355962,16667.562321016165,93.93501599999999,64.345424,13.742556473701262,0.5218400030922378,29,64,,True,True,,359,87.6246207195492
147,2026-09-18T06:49:46.566+00:00,2026-09-18T06:52:17.495+00:00,2026-09-18T06:52:17.711+00:00,True,4,4.0,,4.0,150928.57993,151144.986458,151144.986387,37786.24659675,57.555273,150928.57993,75428.22388454527,128303.41506175,72.13550933333333,19.39520543016148,0.02646465551876916,29,64,,True,True,,21,87.6246207195492
148,2026-09-18T06:49:47.030+00:00,2026-09-18T06:52:19.237+00:00,2026-09-18T06:52:25.072+00:00,True,92,92.0,,92.0,152206.903769,158041.717977,158041.717983,1717.8447606847826,37.56468,152206.903769,15861.986202076208,93.830805,64.11883745054945,11.847077353562735,0.5821247780499885,29,64,,True,True,,296,87.6246207195492
149,2026-09-18T06:49:47.379+00:00,2026-09-18T06:52:20.696+00:00,2026-09-18T06:52:22.194+00:00,True,25,25.0,,25.0,153316.683134,154814.373502,154814.37357199998,6192.57494288,40.166965,153316.683134,30650.85723838086,87.26116760000001,62.40376533333333,9.345027826765868,0.1614837139115964,29,64,,True,True,,111,87.6246207195492
150,2026-09-18T06:49:47.716+00:00,2026-09-18T06:52:21.714+00:00,2026-09-18T06:52:21.837+00:00,True,3,3.0,,3.0,153997.840878,154121.45739,154121.457497,51373.81916566666,61.743593999999995,153997.840878,88875.00984143003,138604.24409269998,61.808256,0.09141476467179686,0.019465167607444725,29,64,,True,True,,10,87.6246207195492
151,2026-09-18T06:49:48.011+00:00,2026-09-18T06:52:22.858+00:00,2026-09-18T06:52:26.535+00:00,True,59,59.0,,59.0,154847.132499,158523.693395,158523.693406,2686.8422611186443,39.351817000000004,154847.132499,20151.12998919513,93.3715283,63.388980965517234,11.060454778849667,0.37218411163930726,29,64,,True,True,,241,87.6246207195492
153,2026-09-18T06:49:48.909+00:00,2026-09-18T06:52:25.919+00:00,2026-09-18T06:52:27.924+00:00,True,33,33.0,,33.0,157009.925641,159015.296777,159015.296612,4818.6453518787885,40.732903,157009.925641,27321.012041846767,82.3792868,62.667848,8.548798732808947,0.20752720441907274,29,64,,True,True,,172,87.6246207195492
152,2026-09-18T06:49:48.903+00:00,2026-09-18T06:52:25.983+00:00,2026-09-18T06:52:26.725+00:00,True,13,13.0,,13.0,157079.761571,157821.065635,157821.065589,12140.081968384617,55.526827,157079.761571,43548.95405539699,62872.273140799996,61.77533866666666,3.987620676931348,0.08237176670740327,29,64,,True,True,,60,87.6246207195492
154,2026-09-18T06:49:49.297+00:00,2026-09-18T06:52:27.685+00:00,2026-09-18T06:52:30.343+00:00,True,44,44.0,,44.0,158388.690393,161046.031577,161046.031579,3660.137081340909,33.182798000000005,158388.690393,23868.679308564148,73.611793,61.79863218604651,10.601812613396687,0.2732138107914975,29,64,,True,True,,211,87.6246207195492
155,2026-09-18T06:49:49.626+00:00,2026-09-18T06:52:29.053+00:00,2026-09-18T06:52:32.888+00:00,True,62,62.0,,62.0,159426.740391,163262.565799,163262.56570099998,2633.2671887258066,38.934548,159426.740391,20239.23323472182,95.22364935,62.88238373770492,11.163604334927482,0.3797563740136917,29,64,,True,True,,268,87.6246207195492
156,2026-09-18T06:49:49.935+00:00,2026-09-18T06:52:29.896+00:00,2026-09-18T06:52:33.560+00:00,True,58,58.0,,58.0,159961.199899,163624.672027,163624.67205,2821.1150353448274,40.076156000000005,159961.199899,20995.49847440342,93.57536094999999,64.27144084210526,11.646162517363017,0.35446977085722936,29,64,,True,True,,281,87.6246207195492
157,2026-09-18T06:49:50.379+00:00,2026-09-18T06:52:31.747+00:00,2026-09-18T06:52:37.608+00:00,True,90,90.0,,90.0,161368.34312799998,167229.078104,167229.07806399997,1858.1008673777776,40.05769600000001,161368.34312799998,17002.782442736592,100.7146559,65.85095478651685,15.358169522308911,0.5381839152640002,29,64,,True,True,,342,87.6246207195492
158,2026-09-18T06:49:50.798+00:00,2026-09-18T06:52:33.555+00:00,2026-09-18T06:52:39.484+00:00,True,93,93.0,,93.0,162757.43468,168686.15916,168686.15928,1813.8296696774194,37.597599,162757.43468,16870.483732866232,96.9260318,64.44265739130435,14.721302044337335,0.5513196842177718,29,64,,True,True,,316,87.6246207195492
159,2026-09-18T06:49:51.270+00:00,2026-09-18T06:52:35.611+00:00,2026-09-18T06:52:36.596+00:00,True,16,16.0,,16.0,164341.472289,165326.404129,165326.404063,10332.9002539375,37.72989,164341.472289,41068.95562851872,41162.896837500004,65.66212266666666,16.479309084242693,0.09677824957419147,29,64,,True,True,,61,87.6246207195492
160,2026-09-18T06:49:51.529+00:00,2026-09-18T06:52:36.661+00:00,2026-09-18T06:52:38.529+00:00,True,30,30.0,,30.0,165131.60463100002,166999.74363900002,166999.74370900003,5566.658123633334,40.109786,165131.60463100002,30137.010680492855,107.59520115,64.41858648275861,14.95111638523864,0.17964099432901162,29,64,,True,True,,124,87.6246207195492
161,2026-09-18T06:49:51.911+00:00,2026-09-18T06:52:38.022+00:00,2026-09-18T06:52:42.761+00:00,True,76,76.0,,76.0,166110.821429,170849.903157,170849.903107,2248.025040881579,36.135863,166110.821429,19046.972734688414,94.47153450000002,63.187756373333336,10.519838136676237,0.44483490242403545,29,64,,True,True,,335,87.6246207195492
162,2026-09-18T06:49:52.336+00:00,2026-09-18T06:52:39.543+00:00,2026-09-18T06:52:43.427+00:00,True,63,63.0,,63.0,167206.623818,171091.00986599998,171091.01001899998,2715.7303177619046,37.407309999999995,167206.623818,21058.16357945343,89.2548299,62.65138787096774,10.194202419991253,0.36822507535224774,29,64,,True,True,,230,87.6246207195492
163,2026-09-18T06:49:52.738+00:00,2026-09-18T06:52:41.389+00:00,2026-09-18T06:52:43.423+00:00,True,33,33.0,,33.0,168650.77669,170684.505714,170684.505639,5172.257746636364,40.342504999999996,168650.77669,29347.27022979493,96.9720418,63.554032,10.1040081129534,0.19333916609451943,29,64,,True,True,,141,87.6246207195492
164,2026-09-18T06:49:53.191+00:00,2026-09-18T06:52:43.109+00:00,2026-09-18T06:52:48.803+00:00,True,91,91.0,,91.0,169917.51502000002,175611.63495600002,175611.63484600003,1929.7981851208795,38.770326999999995,169917.51502000002,17805.56761772564,95.25154199999999,63.26799928888889,12.669148333619658,0.5181889003128995,29,64,,True,True,,391,87.6246207195492
165,2026-09-18T06:49:53.663+00:00,2026-09-18T06:52:44.650+00:00,2026-09-18T06:52:47.384+00:00,True,45,45.0,,45.0,170986.26743900002,173720.391727,173720.39163300002,3860.4531474000005,37.879519,170986.26743900002,25479.86743347079,92.75342559999999,62.139188363636364,12.044942695929745,0.259036947549123,29,64,,True,True,,227,87.6246207195492
166,2026-09-18T06:49:54.106+00:00,2026-09-18T06:52:46.489+00:00,2026-09-18T06:52:52.614+00:00,True,97,97.0,,97.0,172382.66097799997,178508.19518599997,178508.19523399998,1840.2906725154637,32.954858,172382.66097799997,17496.333969166197,97.3586578,63.807648,13.66188489730526,0.5433924190367229,29,64,,True,True,,373,87.6246207195492
167,2026-09-18T06:49:54.406+00:00,2026-09-18T06:52:47.748+00:00,2026-09-18T06:52:48.454+00:00,True,13,13.0,,13.0,173342.267603,174048.51835499998,174048.518257,13388.347558230767,39.729625999999996,173342.267603,48060.172545954294,69377.4762596,58.854229333333336,9.40311777376602,0.07469181652833383,29,64,,True,True,,61,87.6246207195492
168,2026-09-18T06:49:54.783+00:00,2026-09-18T06:52:49.126+00:00,2026-09-18T06:52:49.251+00:00,True,3,3.0,,3.0,174342.14498100002,174467.370453,174467.37026700002,58155.79008900001,58.447601000000006,174342.14498100002,100620.33499578953,156914.6082514,62.612736,5.890369192911425,0.017195192385891858,29,64,,True,True,,5,87.6246207195492
169,2026-09-18T06:49:55.069+00:00,2026-09-18T06:52:50.092+00:00,2026-09-18T06:52:56.168+00:00,True,94,94.0,,94.0,175023.21150099998,181099.461357,181099.46137099998,1926.5900145851062,37.301559999999995,175023.21150099998,18045.53159102853,93.61219744999998,65.33601995698925,12.94606924422912,0.5190517922894233,29,64,,True,True,,468,87.6246207195492
170,2026-09-18T06:49:55.460+00:00,2026-09-18T06:52:51.892+00:00,2026-09-18T06:52:52.733+00:00,True,14,14.0,,14.0,176431.460283,177272.300987,177272.30114199998,12662.30722442857,53.675809,176431.460283,47136.006001179005,61816.0247185,64.68005415384616,11.470516626584363,0.07897454888356568,29,64,,True,True,,91,87.6246207195492
171,2026-09-18T06:49:55.787+00:00,2026-09-18T06:52:52.955+00:00,2026-09-18T06:52:55.956+00:00,True,46,46.0,,46.0,177167.56687900002,180168.37532700002,180168.375414,3916.7038133478263,45.584375,177167.56687900002,26112.104031569463,98.52559625000002,66.68463217777777,13.70500854953092,0.25531672756948287,29,64,,True,True,,186,87.6246207195492
172,2026-09-18T06:49:56.249+00:00,2026-09-18T06:52:54.909+00:00,2026-09-18T06:53:00.342+00:00,True,86,86.0,,86.0,178660.883769,184093.908281,184093.90812100001,2140.626838616279,37.313050000000004,178660.883769,19258.610552921597,96.23530575000001,63.91793543529411,13.156676642762497,0.4671528830206051,29,64,,True,True,,334,87.6246207195492
173,2026-09-18T06:49:56.570+00:00,2026-09-18T06:52:56.113+00:00,2026-09-18T06:53:00.783+00:00,True,75,75.0,,75.0,179543.13002399998,184212.372392,184212.372552,2456.16496736,33.120537,179543.13002399998,20724.572894483394,94.7318528,63.09786983783784,12.832247031799005,0.40713877697857126,29,64,,True,True,,343,87.6246207195492
174,2026-09-18T06:49:56.949+00:00,2026-09-18T06:52:57.432+00:00,2026-09-18T06:52:58.701+00:00,True,21,21.0,,21.0,180482.67444,181752.305416,181752.305358,8654.871683714286,37.32729,180482.67444,39370.69753944813,95.828881,63.4815488,12.575633659960182,0.11554186315235225,29,64,,True,True,,88,87.6246207195492
175,2026-09-18T06:49:57.338+00:00,2026-09-18T06:52:58.913+00:00,2026-09-18T06:53:02.336+00:00,True,56,56.0,,56.0,181574.286182,184997.733734,184997.733637,3303.5309578035717,37.286041,181574.286182,24255.56905040697,81.11700825000001,62.24450094545455,10.448038607585124,0.302706410882416,29,64,,True,True,,176,87.6246207195492
176,2026-09-18T06:49:57.659+00:00,2026-09-18T06:52:59.989+00:00,2026-09-18T06:53:05.614+00:00,True,93,93.0,,93.0,182329.87363299998,187954.26940899997,187954.26961599998,2021.013651784946,39.611666,182329.87363299998,18900.388956705578,67.8877876,61.13473669565217,6.736450927225384,0.4948012103817994,29,64,,True,True,,404,87.6246207195492
177,2026-09-18T06:49:58.107+00:00,2026-09-18T06:53:01.861+00:00,2026-09-18T06:53:02.526+00:00,True,12,12.0,,12.0,183753.583193,184419.158361,184419.15839,15368.263199166666,35.150445,183753.583193,53027.62427097215,82727.26542535,60.50683345454545,9.225175435190687,0.06506916150495619,29,64,,True,True,,37,87.6246207195492
178,2026-09-18T06:49:58.380+00:00,2026-09-18T06:53:03.170+00:00,2026-09-18T06:53:08.733+00:00,True,93,93.0,,93.0,184790.27977000002,190353.20329000003,190353.20335900004,2046.8086382688175,35.768873,184790.27977000002,19155.591832125094,71.410119,60.46656,9.927766746064464,0.4885654582776629,29,64,,True,True,,401,87.6246207195492
179,2026-09-18T06:49:58.734+00:00,2026-09-18T06:53:04.603+00:00,2026-09-18T06:53:07.825+00:00,True,55,55.0,,55.0,185868.910037,189091.47464499998,189091.474797,3438.026814490909,39.662706,185868.910037,25054.513609365436,74.1591487,59.67712237037037,9.464812946908232,0.29086451466549146,29,64,,True,True,,225,87.6246207195492
180,2026-09-18T06:49:59.177+00:00,2026-09-18T06:53:06.023+00:00,2026-09-18T06:53:09.252+00:00,True,55,55.0,,55.0,186845.877602,190074.865762,190074.86598,3455.906654181818,35.422444000000006,186845.877602,25186.23263040808,75.8078572,59.79607703703704,11.40879920328475,0.2893596677262295,29,64,,True,True,,245,87.6246207195492
181,2026-09-18T06:49:59.480+00:00,2026-09-18T06:53:07.114+00:00,2026-09-18T06:53:11.569+00:00,True,76,76.0,,76.0,187633.69100299999,192088.926843,192088.926881,2527.485880013158,35.097394,187633.69100299999,21516.24910157208,69.2152635,59.40314453333333,10.7496240399651,0.3956500837870632,29,64,,True,True,,314,87.6246207195492
182,2026-09-18T06:49:59.749+00:00,2026-09-18T06:53:08.314+00:00,2026-09-18T06:53:08.505+00:00,True,4,4.0,,4.0,188564.66874700002,188755.65037900003,188755.65037100003,47188.912592750006,60.252568,188564.66874700002,94250.50415685422,160290.15741205,63.660544,3.9083163171227584,0.021191418598428453,29,64,,True,True,,18,87.6246207195492
183,2026-09-18T06:50:00.184+00:00,2026-09-18T06:53:10.065+00:00,2026-09-18T06:53:12.717+00:00,True,44,44.0,,44.0,189881.095529,192533.037929,192533.03781500002,4375.750859431819,34.251067000000006,189881.095529,28616.35670609757,89.4821731,61.67307906976745,10.988686702443532,0.2285322065931655,29,64,,True,True,,168,87.6246207195492
184,2026-09-18T06:50:00.495+00:00,2026-09-18T06:53:11.273+00:00,2026-09-18T06:53:11.689+00:00,True,8,8.0,,8.0,190777.529146,191194.45279399998,191194.452948,23899.3066185,39.708226,190777.529146,67428.98495969354,124028.26391755,59.56052114285714,8.984853797956564,0.041842218134955506,29,64,,True,True,,32,87.6246207195492
185,2026-09-18T06:50:00.873+00:00,2026-09-18T06:53:12.455+00:00,2026-09-18T06:53:14.566+00:00,True,35,35.0,,35.0,191582.068545,193693.34790499997,193693.347981,5534.0956565999995,34.255576,191582.068545,32372.786487671783,94.4820334,62.09645176470588,13.250548822747767,0.18069799700693034,29,64,,True,True,,153,87.6246207195492
186,2026-09-18T06:50:01.321+00:00,2026-09-18T06:53:14.092+00:00,2026-09-18T06:53:19.370+00:00,True,84,84.0,,84.0,192770.432926,198049.282974,198049.282935,2357.7295587500003,37.6006,192770.432926,21026.043282114857,94.96631215,63.60060298795181,13.19478094728801,0.4241368549212448,29,64,,True,True,,360,87.6246207195492
187,2026-09-18T06:50:01.621+00:00,2026-09-18T06:53:15.291+00:00,2026-09-18T06:53:18.635+00:00,True,53,53.0,,53.0,193670.489327,197014.63038299998,197014.63019999999,3717.2571735849056,35.374964,193670.489327,26593.857508122954,93.96320880000002,64.31040492307692,13.947136230705194,0.26901555431171303,29,64,,True,True,,161,87.6246207195492
189,2026-09-18T06:50:02.621+00:00,2026-09-18T06:53:15.697+00:00,2026-09-18T06:53:17.375+00:00,True,28,28.0,,28.0,193076.11257499998,194754.36435099997,194754.36412899997,6955.513004607142,35.415713000000004,193076.11257499998,36476.21119537087,93.70728050000001,62.15747318518519,13.148616040813552,0.14377084741236626,29,64,,True,True,,139,87.6246207195492
188,2026-09-18T06:50:02.600+00:00,2026-09-18T06:53:15.882+00:00,2026-09-18T06:53:18.332+00:00,True,39,39.0,,39.0,193281.542051,195731.747491,195731.74769299998,5018.762761358974,35.503453,193281.542051,30939.49469174185,95.71817139999999,64.47909052631579,14.074637466860526,0.1992522955520707,29,64,,True,True,,162,87.6246207195492
190,2026-09-18T06:50:02.809+00:00,2026-09-18T06:53:19.490+00:00,2026-09-18T06:53:21.507+00:00,True,34,34.0,,34.0,196681.32133500002,198697.543543,198697.54348800002,5844.045396705883,35.538402999999995,196681.32133500002,33720.09219883038,90.00551195,61.097642666666665,11.86707285731181,0.1711143449171131,29,64,,True,True,,151,87.6246207195492
191,2026-09-18T06:50:03.044+00:00,2026-09-18T06:53:21.274+00:00,2026-09-18T06:53:27.054+00:00,True,93,93.0,,93.0,198229.983487,204009.524223,204009.52435,2193.6507994623653,37.47336,198229.983487,20548.981939155132,95.0256586,62.82109495652174,13.599263224529814,0.45586106998780596,29,64,,True,True,,412,87.6246207195492
192,2026-09-18T06:50:03.502+00:00,2026-09-18T06:53:22.839+00:00,2026-09-18T06:53:27.778+00:00,True,79,79.0,,79.0,199337.41831600002,204276.40660400002,204276.40663,2585.7772991139245,36.410911999999996,199337.41831600002,22420.09140665683,94.77561970000001,63.32036266666666,13.04978478032541,0.3867309069771598,29,64,,True,True,,363,87.6246207195492
193,2026-09-18T06:50:03.820+00:00,2026-09-18T06:53:24.220+00:00,2026-09-18T06:53:25.546+00:00,True,22,22.0,,22.0,200400.60392300002,201725.83323500003,201725.833218,9169.356055363638,37.010491,200400.60392300002,42712.09931762074,87.82432575000001,63.106157714285715,10.719113427107716,0.10905891252099155,29,64,,True,True,,108,87.6246207195492
194,2026-09-18T06:50:04.094+00:00,2026-09-18T06:53:25.542+00:00,2026-09-18T06:53:31.458+00:00,True,96,96.0,,96.0,201448.23228999999,207363.536738,207363.536779,2160.0368414479167,37.2744,201448.23228999999,20553.87183967408,88.96331825000001,62.266362610526315,10.710870843819743,0.4629550667883054,29,64,,True,True,,458,87.6246207195492
195,2026-09-18T06:50:04.451+00:00,2026-09-18T06:53:26.817+00:00,2026-09-18T06:53:27.651+00:00,True,14,14.0,,14.0,202365.24353900002,203199.21192300002,203199.21196100002,14514.229425785716,40.977553,202365.24353900002,54067.24273533273,70888.10982770001,64.15141415384615,13.752921074028611,0.06889790500420413,29,64,,True,True,,75,87.6246207195492
196,2026-09-18T06:50:04.728+00:00,2026-09-18T06:53:27.649+00:00,2026-09-18T06:53:30.598+00:00,True,50,50.0,,50.0,202921.00775400002,205870.17383400002,205870.17396400002,4117.40347928,36.725651,202921.00775400002,28688.853933744387,74.88391130000002,60.187062857142855,9.511576818136799,0.24287151008244967,29,64,,True,True,,190,87.6246207195492
197,2026-09-18T06:50:05.008+00:00,2026-09-18T06:53:28.729+00:00,2026-09-18T06:53:32.237+00:00,True,58,58.0,,58.0,203720.85347200002,207229.062624,207229.06248000002,3572.9148703448277,34.515265,203720.85347200002,26741.779035184452,81.81160284999999,61.54752898245614,10.571242724908803,0.2798835224441284,29,64,,True,True,,218,87.6246207195492
198,2026-09-18T06:50:05.348+00:00,2026-09-18T06:53:29.787+00:00,2026-09-18T06:53:34.573+00:00,True,79,79.0,,79.0,204438.549254,209224.582662,209224.58271400002,2648.4124394177215,32.856538,204438.549254,22994.23321952499,88.76573049999999,61.35940266666666,11.556669713972104,0.37758469389624083,29,64,,True,True,,382,87.6246207195492
199,2026-09-18T06:50:05.640+00:00,2026-09-18T06:53:31.336+00:00,2026-09-18T06:53:34.650+00:00,True,55,55.0,,55.0,205695.928459,209009.49953099998,209009.49940899998,3800.1727165272723,39.023717,205695.928459,27727.76121752475,87.48083580000001,61.36242725925926,10.603601003714548,0.2631459341485217,29,64,,True,True,,289,87.6246207195492
200,2026-09-18T06:50:06.046+00:00,2026-09-18T06:53:32.760+00:00,2026-09-18T06:53:34.222+00:00,True,25,25.0,,25.0,206713.764818,208175.905234,208175.905246,8327.03620984,36.546962,206713.764818,41330.57087328902,95.0108352,60.92251733333334,14.427604446892657,0.12009074715874907,29,64,,True,True,,79,87.6246207195492
201,2026-09-18T06:50:06.316+00:00,2026-09-18T06:53:34.160+00:00,2026-09-18T06:53:39.847+00:00,True,91,91.0,,91.0,207843.66834099998,213531.02680499997,213531.02685499997,2346.4948006043956,33.275317,207843.66834099998,21781.315275521687,90.96920999999999,63.19287182222222,11.677392316185662,0.42616757555848167,29,64,,True,True,,499,87.6246207195492
202,2026-09-18T06:50:06.740+00:00,2026-09-18T06:53:35.564+00:00,2026-09-18T06:53:39.018+00:00,True,56,56.0,,56.0,208823.86207,212277.820982,212277.820957,3790.675374232143,35.790653,208823.86207,27896.872663958402,89.47968800000001,62.79925294545455,11.201961886687712,0.26380523288275365,29,64,,True,True,,203,87.6246207195492
203,2026-09-18T06:50:07.064+00:00,2026-09-18T06:53:37.060+00:00,2026-09-18T06:53:39.674+00:00,True,43,43.0,,43.0,209995.210444,212610.013132,212610.013008,4944.418907162791,38.649777,209995.210444,32014.47650530419,86.3711755,62.25720685714286,9.128676901965255,0.20224823547376028,29,64,,True,True,,198,87.6246207195492
204,2026-09-18T06:50:07.466+00:00,2026-09-18T06:53:38.765+00:00,2026-09-18T06:53:44.924+00:00,True,100,100.0,,100.0,211299.035328,217458.368704,217458.368883,2174.58368883,35.001155,211299.035328,21123.68496924702,90.5957153,62.21548864646464,11.28786801780616,0.45985813558694544,29,64,,True,True,,518,87.6246207195492
205,2026-09-18T06:50:07.919+00:00,2026-09-18T06:53:40.228+00:00,2026-09-18T06:53:45.516+00:00,True,86,86.0,,86.0,212308.613192,217596.508232,217596.50828399998,2530.1919567906975,34.348456,212308.613192,22887.120928627126,91.65146324999999,62.210529882352944,11.239266051258051,0.3952269303343202,29,64,,True,True,,345,87.6246207195492
206,2026-09-18T06:50:08.252+00:00,2026-09-18T06:53:41.388+00:00,2026-09-18T06:53:42.874+00:00,True,25,25.0,,25.0,213136.46769800002,214621.751794,214621.75182300003,8584.87007292,34.662365,213136.46769800002,42614.91857244775,92.66374720000002,61.88683733333333,14.611479222835182,0.11648399936645612,29,64,,True,True,,116,87.6246207195492
207,2026-09-18T06:50:08.599+00:00,2026-09-18T06:53:42.877+00:00,2026-09-18T06:53:44.339+00:00,True,25,25.0,,25.0,214277.940947,215739.815379,215739.815247,8629.59260988,43.729558,214277.940947,42843.40611981909,66.4277556,60.911434666666665,4.3972525748435904,0.11588032536359297,29,64,,True,True,,100,87.6246207195492
208,2026-09-18T06:50:08.914+00:00,2026-09-18T06:53:43.906+00:00,2026-09-18T06:53:44.033+00:00,True,3,3.0,,3.0,214991.84056600003,215119.45272600002,215119.45296700002,71706.48432233334,63.038193,214991.84056600003,124088.75849969525,193499.1139302,63.80608,1.0862970352385206,0.013945740201473702,29,64,,True,True,,7,87.6246207195492
209,2026-09-18T06:50:09.191+00:00,2026-09-18T06:53:45.047+00:00,2026-09-18T06:53:45.391+00:00,True,6,6.0,,6.0,215856.68919499998,216200.10653899997,216200.106404,36033.35106733333,56.411885000000005,215856.68919499998,88095.08607588639,161917.88081874998,68.6834688,18.915152990442007,0.027752067730446146,29,64,,True,True,,21,87.6246207195492
210,2026-09-18T06:50:09.575+00:00,2026-09-18T06:53:46.447+00:00,2026-09-18T06:53:47.479+00:00,True,16,16.0,,16.0,216871.666271,217903.541343,217903.541173,13618.9713233125,56.775964,216871.666271,54200.71951993384,54286.605114499995,68.79167146666667,10.036042859935339,0.07342698471712557,29,64,,True,True,,61,87.6246207195492
211,2026-09-18T06:50:09.925+00:00,2026-09-18T06:53:47.725+00:00,2026-09-18T06:53:49.144+00:00,True,23,23.0,,23.0,217800.455777,219219.658849,219219.658806,9531.289513304348,0.01768,217800.455777,45401.10111266866,207.15907760000002,64.50923054545454,41.147834164473714,0.10491759781380992,29,64,,True,True,,95,87.6246207195492
212,2026-09-18T06:50:10.237+00:00,2026-09-18T06:53:49.577+00:00,2026-09-18T06:53:55.677+00:00,True,99,99.0,,99.0,219339.596684,225440.19828399998,225440.19826799998,2277.173719878788,37.025631000000004,219339.596684,22038.205336525007,89.9296949,62.251036734693876,11.356080944044022,0.43914084867546116,29,64,,True,True,,570,87.6246207195492
213,2026-09-18T06:50:10.537+00:00,2026-09-18T06:53:50.452+00:00,2026-09-18T06:53:50.452+00:00,True,1,1.0,,1.0,219914.318194,219914.318194,219914.318194,219914.318194,219914.318194,219914.318194,nan,219914.318194,nan,nan,0.004547225520431272,29,64,,True,True,,5,87.6246207195492
214,2026-09-18T06:50:11.008+00:00,2026-09-18T06:53:51.965+00:00,2026-09-18T06:53:54.194+00:00,True,36,36.0,,36.0,220956.754265,223185.70453699998,223185.704577,6199.602904916666,35.735843,220956.754265,36815.51439629279,100.31549075000001,63.684293485714285,14.396896942325938,0.1613006535283351,29,64,,True,True,,181,87.6246207195492
215,2026-09-18T06:50:11.289+00:00,2026-09-18T06:53:53.339+00:00,2026-09-18T06:53:57.907+00:00,True,74,74.0,,74.0,222050.450305,226618.167169,226618.167224,3062.407665189189,36.513061,222050.450305,25805.568601895902,83.04637085,62.57146389041096,9.857520958199625,0.3265404575654107,29,64,,True,True,,338,87.6246207195492
216,2026-09-18T06:50:11.665+00:00,2026-09-18T06:53:54.741+00:00,2026-09-18T06:53:55.426+00:00,True,12,12.0,,12.0,223075.656816,223760.960624,223760.960573,18646.746714416666,37.611819000000004,223075.656816,64378.41203248286,100437.39273965,62.30034618181818,13.754619536039911,0.0536286578612092,29,64,,True,True,,53,87.6246207195492
217,2026-09-18T06:50:11.971+00:00,2026-09-18T06:53:55.934+00:00,2026-09-18T06:54:02.004+00:00,True,98,98.0,,98.0,223962.681896,230032.533544,230032.533612,2347.270751142857,36.334502,223962.681896,22617.327817918336,76.52736290000001,62.575790185567016,8.623834375556115,0.4260266949642357,29,64,,True,True,,431,87.6246207195492
218,2026-09-18T06:50:12.394+00:00,2026-09-18T06:53:57.500+00:00,2026-09-18T06:54:02.803+00:00,True,85,85.0,,85.0,225105.877334,230408.907094,230408.907187,2710.6930257294116,37.94284,225105.877334,24409.315195381158,90.08470720000001,63.13130666666667,10.504213761824612,0.36890934934786407,29,64,,True,True,,443,87.6246207195492
219,2026-09-18T06:50:12.714+00:00,2026-09-18T06:53:58.395+00:00,2026-09-18T06:53:59.188+00:00,True,14,14.0,,14.0,225680.60742,226473.824956,226473.824775,16176.701769642856,39.023817,225680.60742,60299.37283535319,79039.4743868,61.01673353846154,10.382003201051267,0.06181729832451923,29,64,,True,True,,50,87.6246207195492
220,2026-09-18T06:50:13.140+00:00,2026-09-18T06:54:00.302+00:00,2026-09-18T06:54:05.119+00:00,True,78,78.0,,78.0,227161.402706,231978.310994,231978.310888,2974.080908820513,36.112113,227161.402706,25713.882685162083,81.88719915,62.557250493506494,10.121152429833172,0.33623833049641194,29,64,,True,True,,384,87.6246207195492
221,2026-09-18T06:50:13.555+00:00,2026-09-18T06:54:02.005+00:00,2026-09-18T06:54:04.617+00:00,True,43,43.0,,43.0,228450.084042,231062.904522,231062.90442,5373.555916744186,35.789993,228450.084042,34828.8258407028,90.5953822,62.21001142857143,10.582292778106257,0.18609650947197315,29,64,,True,True,,171,87.6246207195492
222,2026-09-18T06:50:14.007+00:00,2026-09-18T06:54:03.438+00:00,2026-09-18T06:54:08.300+00:00,True,79,79.0,,79.0,229431.573312,234293.013824,234293.01403999998,2965.7343549367088,35.429434,229431.573312,25806.059031690245,92.8011268,62.326160410256406,11.547614047369605,0.3371846164365127,29,64,,True,True,,307,87.6246207195492
223,2026-09-18T06:50:14.365+00:00,2026-09-18T06:54:04.812+00:00,2026-09-18T06:54:07.986+00:00,True,51,51.0,,51.0,230447.011441,233621.598577,233621.598777,4580.815662294118,38.144449,230447.011441,32260.14792397141,94.9184375,63.49174272,12.809746412652668,0.2183017337037473,29,64,,True,True,,307,87.6246207195492
224,2026-09-18T06:50:14.801+00:00,2026-09-18T06:54:06.387+00:00,2026-09-18T06:54:10.646+00:00,True,68,68.0,,68.0,231585.692517,235844.465765,235844.465604,3468.300964764706,35.931212,231585.692517,28076.185936413796,92.37037049999999,63.563779820895526,14.784645800147114,0.28832561230313764,29,64,,True,True,,339,87.6246207195492
225,2026-09-18T06:50:15.221+00:00,2026-09-18T06:54:08.111+00:00,2026-09-18T06:54:13.952+00:00,True,94,94.0,,94.0,232889.79102399998,238731.24151999998,238731.24151799997,2539.694058702127,34.404316,232889.79102399998,24014.272894746613,93.58911715,62.81129565591398,13.101243218101517,0.39374821410680366,29,64,,True,True,,431,87.6246207195492
226,2026-09-18T06:50:15.628+00:00,2026-09-18T06:54:09.713+00:00,2026-09-18T06:54:14.240+00:00,True,74,74.0,,74.0,234084.45254600001,238611.86451400002,238611.86446,3224.484654864865,36.508082,234084.45254600001,27204.557924604174,90.8816819,62.01934202739726,12.094107604257228,0.31012707666788386,29,64,,True,True,,316,87.6246207195492
227,2026-09-18T06:50:16.057+00:00,2026-09-18T06:54:11.325+00:00,2026-09-18T06:54:14.432+00:00,True,51,51.0,,51.0,235268.42435800002,238375.611046,238375.611161,4674.031591392157,38.598288000000004,235268.42435800002,32935.469097947935,84.419927,62.143733759999996,11.763150774624528,0.2139480619523546,29,64,,True,True,,277,87.6246207195492
228,2026-09-18T06:50:16.346+00:00,2026-09-18T06:54:12.388+00:00,2026-09-18T06:54:17.885+00:00,True,89,89.0,,89.0,236041.851642,241539.63135399998,241539.631349,2713.9284421235952,38.699417000000004,236041.851642,25013.766373733157,89.68270580000001,62.47476945454545,11.140637764870739,0.36846955301327666,29,64,,True,True,,379,87.6246207195492
229,2026-09-18T06:50:17.217+00:00,2026-09-18T06:54:12.909+00:00,2026-09-18T06:54:18.759+00:00,True,94,94.0,,94.0,235692.462392,241542.272312,241542.27234,2569.5986419148935,39.089567,235692.462392,24303.33592126129,93.1539918,62.901181935483876,10.7534003418964,0.3891658346187133,29,64,,True,True,,495,87.6246207195492
231,2026-09-18T06:50:17.363+00:00,2026-09-18T06:54:15.783+00:00,2026-09-18T06:54:17.527+00:00,True,28,28.0,,28.0,238420.52298100002,240164.58109300002,240164.58103600002,8577.30646557143,38.804298,238420.52298100002,45045.038153538706,98.0348397,64.59474488888888,12.798854779701712,0.11658671679466938,29,64,,True,True,,132,87.6246207195492
230,2026-09-18T06:50:17.348+00:00,2026-09-18T06:54:16.366+00:00,2026-09-18T06:54:21.183+00:00,True,75,75.0,,75.0,239017.441404,243834.77644400002,243834.77656600002,3251.1303542133337,37.867499,239017.441404,27591.842155829036,97.3513134,65.09912216216216,11.411803092884753,0.30758532926998117,29,64,,True,True,,368,87.6246207195492
232,2026-09-18T06:50:17.658+00:00,2026-09-18T06:54:17.816+00:00,2026-09-18T06:54:22.128+00:00,True,69,69.0,,69.0,240158.17081,244469.80601,244469.806018,3543.040666927536,40.066224999999996,240158.17081,28904.01388627226,75.2369716,63.4064,7.06755771282673,0.282243443990697,29,64,,True,True,,165,87.6246207195492
233,2026-09-18T06:50:17.978+00:00,2026-09-18T06:54:18.943+00:00,2026-09-18T06:54:21.941+00:00,True,48,48.0,,48.0,240964.263822,243963.08366200002,243963.083877,5082.5642474375,37.633359,240964.263822,34770.98720370759,85.93157415,63.80467744680851,8.304559387072745,0.19675107921861595,29,64,,True,True,,202,87.6246207195492
234,2026-09-18T06:50:18.289+00:00,2026-09-18T06:54:20.515+00:00,2026-09-18T06:54:24.442+00:00,True,64,64.0,,64.0,242226.087202,246153.12157,246153.12156899998,3846.1425245156247,37.570119,242226.087202,30270.470894659433,77.15825365,62.33387885714286,10.314066058917192,0.2600007653439404,29,64,,True,True,,271,87.6246207195492
235,2026-09-18T06:50:18.675+00:00,2026-09-18T06:54:22.004+00:00,2026-09-18T06:54:22.260+00:00,True,5,5.0,,5.0,243329.000925,243584.920541,243584.920536,48716.9841072,58.206451,243329.000925,108791.4248148302,194677.38063939998,63.979904,5.495429696935688,0.02052672221619895,29,64,,True,True,,16,87.6246207195492
236,2026-09-18T06:50:19.021+00:00,2026-09-18T06:54:23.477+00:00,2026-09-18T06:54:26.421+00:00,True,48,48.0,,48.0,244456.616105,247400.501417,247400.50127399998,5154.177109875,37.4884,244456.616105,35275.2339941304,85.85736424999999,62.63585770212766,10.12677025436958,0.194017391739618,29,64,,True,True,,204,87.6246207195492
237,2026-09-18T06:50:19.287+00:00,2026-09-18T06:54:24.568+00:00,2026-09-18T06:54:27.305+00:00,True,45,45.0,,45.0,245280.719055,248018.357967,248018.35793,5511.519065111111,35.866173,245280.719055,36555.01706797114,89.101229,62.21906618181818,10.16115017457493,0.18143818211225907,29,64,,True,True,,156,87.6246207195492
238,2026-09-18T06:50:19.677+00:00,2026-09-18T06:54:25.998+00:00,2026-09-18T06:54:31.331+00:00,True,85,85.0,,85.0,246321.302777,251654.442489,251654.442512,2960.6405001411767,34.804075,246321.302777,26710.412774771343,91.43782619999998,63.48975847619048,12.115573914477249,0.33776475058140654,29,64,,True,True,,369,87.6246207195492
239,2026-09-18T06:50:20.016+00:00,2026-09-18T06:54:27.305+00:00,2026-09-18T06:54:30.409+00:00,True,49,49.0,,49.0,247289.056435,250392.398771,250392.398775,5110.048954591837,39.478787,247289.056435,35317.77491438578,97.4108994,64.65296533333334,14.686900449985435,0.19569284147804206,29,64,,True,True,,195,87.6246207195492
240,2026-09-18T06:50:20.307+00:00,2026-09-18T06:54:28.259+00:00,2026-09-18T06:54:31.144+00:00,True,47,47.0,,47.0,247952.087885,250837.39246099998,250837.39235399998,5336.965794765957,34.002957,247952.087885,36158.38182480989,92.1588123,62.724012521739134,11.759920813425389,0.18737238311591653,29,64,,True,True,,224,87.6246207195492
241,2026-09-18T06:50:20.741+00:00,2026-09-18T06:54:30.174+00:00,2026-09-18T06:54:31.646+00:00,True,25,25.0,,25.0,249433.107301,250904.772965,250904.77304600002,10036.19092184,37.25131,249433.107301,49874.358279143235,73.77790220000001,61.31940266666666,8.536735203492352,0.09963939587345905,29,64,,True,True,,105,87.6246207195492
242,2026-09-18T06:50:21.118+00:00,2026-09-18T06:54:31.464+00:00,2026-09-18T06:54:35.311+00:00,True,63,63.0,,63.0,250346.804751,254193.697295,254193.697438,4034.820594253968,41.499612,250346.804751,31532.91681639068,87.05150780000002,62.046653935483874,8.95558257832285,0.24784249440648587,29,64,,True,True,,240,87.6246207195492
243,2026-09-18T06:50:21.556+00:00,2026-09-18T06:54:32.881+00:00,2026-09-18T06:54:37.963+00:00,True,81,81.0,,81.0,251324.382078,256406.81842999998,256406.818382,3165.516276320988,38.57478699999999,251324.382078,27917.874671805468,92.36793700000003,63.530454399999996,11.327030251834667,0.31590423568284826,29,64,,True,True,,351,87.6246207195492
244,2026-09-18T06:50:21.847+00:00,2026-09-18T06:54:33.965+00:00,2026-09-18T06:54:37.178+00:00,True,52,52.0,,52.0,252117.964933,255331.91130100001,255331.911356,4910.229064538462,36.568101000000006,252117.964933,34953.73378794057,91.91288035000001,63.01855623529412,11.12082798003488,0.20365648670799866,29,64,,True,True,,175,87.6246207195492
245,2026-09-18T06:50:22.152+00:00,2026-09-18T06:54:35.432+00:00,2026-09-18T06:54:40.290+00:00,True,77,77.0,,77.0,253280.77040799998,258138.451304,258138.45110299997,3352.4474169220775,35.830543,253280.77040799998,28856.741645850216,94.7696544,63.91685389473684,13.34519832917393,0.2982895404037269,29,64,,True,True,,289,87.6246207195492
246,2026-09-18T06:50:22.520+00:00,2026-09-18T06:54:36.820+00:00,2026-09-18T06:54:41.824+00:00,True,80,80.0,,80.0,254300.32282899998,259303.84154899998,259303.84175,3241.298021875,34.048345999999995,254300.32282899998,28424.561525839632,93.24013045,63.33568,11.364623912536866,0.30851837567120116,29,64,,True,True,,309,87.6246207195492
247,2026-09-18T06:50:22.870+00:00,2026-09-18T06:54:38.022+00:00,2026-09-18T06:54:42.491+00:00,True,73,73.0,,73.0,255151.999755,259621.189899,259621.189908,3556.4546562739724,40.254364,255151.999755,29856.019207374386,77.53275219999999,62.072085333333334,9.320871349981317,0.28117889771785987,29,64,,True,True,,417,87.6246207195492
248,2026-09-18T06:50:23.161+00:00,2026-09-18T06:54:39.262+00:00,2026-09-18T06:54:45.325+00:00,True,99,99.0,,99.0,256100.352471,262163.83279099996,262163.83294,2648.1195246464645,37.724159,256100.352471,25732.836995385383,70.24601650000001,61.872248163265304,8.881325643299878,0.3776264595541062,29,64,,True,True,,497,87.6246207195492
249,2026-09-18T06:50:23.606+00:00,2026-09-18T06:54:40.640+00:00,2026-09-18T06:54:42.891+00:00,True,38,38.0,,38.0,257034.08445,259285.070946,259285.07074599998,6823.291335421052,37.895919,257034.08445,41686.56583305981,67.32274605,60.837472864864864,6.642830327126074,0.1465568374660262,29,64,,True,True,,152,87.6246207195492
250,2026-09-18T06:50:23.881+00:00,2026-09-18T06:54:41.830+00:00,2026-09-18T06:54:43.574+00:00,True,30,30.0,,30.0,257949.1855,259692.80534,259692.80526599998,8656.4268422,39.025947,257949.1855,47083.88577103051,67.10969435000001,60.124822068965514,6.852990595934481,0.11552110564142438,29,64,,True,True,,158,87.6246207195492
251,2026-09-18T06:50:24.230+00:00,2026-09-18T06:54:43.021+00:00,2026-09-18T06:54:43.826+00:00,True,14,14.0,,14.0,258790.366266,259595.647034,259595.646968,18542.546212,51.308444,258790.366266,69148.07942238582,90621.28809475001,61.94467446153846,4.715780560055366,0.053930026022995604,29,64,,True,True,,72,87.6246207195492
252,2026-09-18T06:50:24.672+00:00,2026-09-18T06:54:44.805+00:00,2026-09-18T06:54:45.170+00:00,True,7,7.0,,7.0,260132.488981,260497.951765,260497.951737,37213.993105285714,58.026182,260132.488981,98297.8171609712,182112.6715312,60.910464,3.0854237898101453,0.02687161243522878,29,64,,True,True,,25,87.6246207195492
253,2026-09-18T06:50:25.140+00:00,2026-09-18T06:54:46.082+00:00,2026-09-18T06:54:48.649+00:00,True,44,44.0,,44.0,260942.275463,263509.264007,263509.263897,5988.84690675,37.710629999999995,260942.275463,39329.52978441384,83.5209247,59.697408,10.391530631657742,0.1669770517017996,29,64,,True,True,,238,87.6246207195492
254,2026-09-18T06:50:25.491+00:00,2026-09-18T06:54:47.235+00:00,2026-09-18T06:54:47.618+00:00,True,7,7.0,,7.0,261744.08758300002,262126.729247,262126.729296,37446.67561371429,42.217081,261744.08758300002,98905.86283178856,183247.00495990002,63.77361066666666,14.349456481034794,0.026704640233022377,29,64,,True,True,,25,87.6246207195492
255,2026-09-18T06:50:25.913+00:00,2026-09-18T06:54:48.897+00:00,2026-09-18T06:54:50.493+00:00,True,27,27.0,,27.0,262984.195678,264579.826014,264579.82601099997,9799.252815222222,35.545833,262984.195678,50599.522847287444,92.7831408,61.37039753846154,12.689720245160663,0.10204859685171658,29,64,,True,True,,117,87.6246207195492
256,2026-09-18T06:50:26.232+00:00,2026-09-18T06:54:50.135+00:00,2026-09-18T06:54:54.428+00:00,True,73,73.0,,73.0,263902.8419,268195.812396,268195.812413,3673.915238534247,35.029435,263902.8419,30880.514555009308,68.5961436,59.624590222222224,10.38263857570053,0.2721891865045718,29,64,,True,True,,365,87.6246207195492
257,2026-09-18T06:50:26.691+00:00,2026-09-18T06:54:51.852+00:00,2026-09-18T06:54:57.485+00:00,True,92,92.0,,92.0,265161.092743,270793.582727,270793.582806,2943.4085087608696,34.550895,265161.092743,27638.50403431932,91.77191859999999,61.895494329670335,10.946114899526055,0.3397421721501784,29,64,,True,True,,496,87.6246207195492
258,2026-09-18T06:50:27.000+00:00,2026-09-18T06:54:52.907+00:00,2026-09-18T06:54:53.216+00:00,True,6,6.0,,6.0,265906.694518,266216.053366,266216.053279,44369.34221316667,57.786502,265906.694518,108530.69448124226,199446.89190175,61.8717696,3.9817599978397493,0.022538084853023724,29,64,,True,True,,24,87.6246207195492
259,2026-09-18T06:50:27.355+00:00,2026-09-18T06:54:54.235+00:00,2026-09-18T06:54:55.275+00:00,True,18,18.0,,18.0,266880.603994,267919.92559400003,267919.925508,14884.440306,36.312642999999994,266880.603994,62889.953031948855,40118.72878625,61.13656470588236,13.873094717261338,0.06718425275795577,29,64,,True,True,,65,87.6246207195492
260,2026-09-18T06:50:27.674+00:00,2026-09-18T06:54:55.332+00:00,2026-09-18T06:54:57.051+00:00,True,28,28.0,,28.0,267658.797039,269377.754863,269377.754771,9620.634098964287,41.079003,267658.797039,50570.727452167805,91.8109008,63.66510459259259,9.940551041669995,0.10394325253115361,29,64,,True,True,,130,87.6246207195492
261,2026-09-18T06:50:28.020+00:00,2026-09-18T06:54:56.854+00:00,2026-09-18T06:55:01.914+00:00,True,80,80.0,,80.0,268834.279049,273893.687433,273893.687319,3423.6710914875002,37.794049,268834.279049,30049.428130189794,91.7820435,64.04314410126582,11.675320731898472,0.29208413216741125,29,64,,True,True,,424,87.6246207195492
262,2026-09-18T06:50:28.432+00:00,2026-09-18T06:54:58.492+00:00,2026-09-18T06:54:59.950+00:00,True,24,24.0,,24.0,270059.346519,271517.658199,271517.658223,11313.235759291667,38.753488,270059.346519,55112.692455930686,102.49091725,63.404855652173914,13.780806976416436,0.08839204108931283,29,64,,True,True,,131,87.6246207195492
263,2026-09-18T06:50:28.868+00:00,2026-09-18T06:55:00.264+00:00,2026-09-18T06:55:02.902+00:00,True,43,43.0,,43.0,271395.98077799997,274033.13380199997,274033.13392999995,6372.8635797674415,39.055606,271395.98077799997,41377.925281067204,91.89759570000002,62.789357714285714,11.299690398331457,0.15691533138131114,29,64,,True,True,,200,87.6246207195492
264,2026-09-18T06:50:29.266+00:00,2026-09-18T06:55:01.726+00:00,2026-09-18T06:55:06.050+00:00,True,69,69.0,,69.0,272460.697378,276783.944994,276783.94498800003,4011.3615215652176,37.605209,272460.697378,32792.762173875875,92.4148064,63.577170823529414,12.847336814139503,0.2492919161243104,29,64,,True,True,,325,87.6246207195492
265,2026-09-18T06:50:29.737+00:00,2026-09-18T06:55:03.297+00:00,2026-09-18T06:55:05.434+00:00,True,34,34.0,,34.0,273560.170131,275696.972691,275696.972712,8108.734491529412,40.234124,273560.170131,46904.07921968234,97.19974919999999,64.75159272727272,13.54864411078782,0.12332380609092526,29,64,,True,True,,163,87.6246207195492
266,2026-09-18T06:50:30.171+00:00,2026-09-18T06:55:04.781+00:00,2026-09-18T06:55:09.767+00:00,True,81,81.0,,81.0,274610.486126,279595.92331,279595.923153,3451.801520407407,35.822563,274610.486126,30505.354325925025,93.06336500000002,62.3179648,11.940802957795993,0.28970379482318787,29,64,,True,True,,401,87.6246207195492
267,2026-09-18T06:50:30.448+00:00,2026-09-18T06:55:06.241+00:00,2026-09-18T06:55:08.982+00:00,True,44,44.0,,44.0,275792.7968,278533.922432,278533.922487,6330.316420159091,37.826279,275792.7968,41567.71982984015,93.1752054,63.74710772093023,11.574944029236661,0.15796998662072106,29,64,,True,True,,215,87.6246207195492
268,2026-09-18T06:50:30.790+00:00,2026-09-18T06:55:07.696+00:00,2026-09-18T06:55:10.888+00:00,True,53,53.0,,53.0,276906.2569,280097.99578,280097.995963,5284.86784835849,36.155131999999995,276906.2569,38027.57052261591,89.27666860000001,61.379593846153846,12.60839596684241,0.18921949031591173,29,64,,True,True,,250,87.6246207195492
269,2026-09-18T06:50:31.191+00:00,2026-09-18T06:55:09.183+00:00,2026-09-18T06:55:09.248+00:00,True,2,2.0,,2.0,277991.53263200005,278056.93192800006,278056.93211900006,139028.46605950003,65.39948700000001,277991.53263200005,196523.4534157848,264095.22597475,65.399296,nan,0.007192771588653935,29,64,,True,True,,5,87.6246207195492
270,2026-09-18T06:50:31.495+00:00,2026-09-18T06:55:10.276+00:00,2026-09-18T06:55:14.464+00:00,True,68,68.0,,68.0,278781.54939999996,282969.11548,282969.115525,4161.31052242647,32.415209,278781.54939999996,33799.65133887015,90.27031785,62.50098626865672,11.80473846883549,0.24030891104370783,29,64,,True,True,,295,87.6246207195492
271,2026-09-18T06:50:31.889+00:00,2026-09-18T06:55:11.760+00:00,2026-09-18T06:55:15.722+00:00,True,65,65.0,,65.0,279870.713814,283833.09282200004,283833.09285200003,4366.662966953846,35.667353000000006,279870.713814,34706.01234531686,89.63058339999999,61.912172,11.568682870058996,0.22900782764173094,29,64,,True,True,,294,87.6246207195492
272,2026-09-18T06:50:32.256+00:00,2026-09-18T06:55:12.473+00:00,2026-09-18T06:55:17.212+00:00,True,77,77.0,,77.0,280216.680994,284955.98748999997,284955.98750499997,3700.7271104545453,34.109485,280216.680994,31926.54987832266,89.2322986,62.359296,11.029200475273976,0.2702171681958505,29,64,,True,True,,388,87.6246207195492
273,2026-09-18T06:50:32.702+00:00,2026-09-18T06:55:14.018+00:00,2026-09-18T06:55:19.707+00:00,True,93,93.0,,93.0,281316.096418,287005.511074,287005.511065,3086.080764139785,36.303212,281316.096418,29164.709462764607,78.7378918,61.841463652173914,10.388964709502861,0.324035589602394,29,64,,True,True,,379,87.6246207195492
274,2026-09-18T06:50:33.054+00:00,2026-09-18T06:55:15.496+00:00,2026-09-18T06:55:17.215+00:00,True,29,29.0,,29.0,282441.431126,284160.754006,284160.753931,9798.646687275863,36.8913,282441.431126,52436.65555321939,83.670543,61.404388571428576,10.393574400047708,0.10205490938198901,29,64,,True,True,,112,87.6246207195492
275,2026-09-18T06:50:33.524+00:00,2026-09-18T06:55:17.625+00:00,2026-09-18T06:55:21.984+00:00,True,72,72.0,,72.0,284100.60361,288460.08905,288460.08897,4006.390124583333,37.51471,284100.60361,33474.34242848131,80.47495435,61.401203380281686,9.765061887236374,0.24960125415311762,29,64,,True,True,,363,87.6246207195492
276,2026-09-18T06:50:34.722+00:00,2026-09-18T06:55:18.593+00:00,2026-09-18T06:55:23.934+00:00,True,88,88.0,,88.0,283871.03699299996,289212.056129,289212.0559929999,3286.5006362840904,35.953093,283871.03699299996,30254.211535968545,75.2451908,61.391024551724136,9.961917774244807,0.30427500560608906,29,64,,True,True,,405,87.6246207195492
277,2026-09-18T06:50:34.762+00:00,2026-09-18T06:55:19.455+00:00,2026-09-18T06:55:19.833+00:00,True,7,7.0,,7.0,284692.663161,285070.497657,285070.497672,40724.35681028572,59.558949,284692.663161,107579.91109578346,199305.07932990004,62.972416,2.8525985093981947,0.024555329497556344,29,64,,True,True,,16,87.6246207195492
278,2026-09-18T06:50:34.782+00:00,2026-09-18T06:55:21.890+00:00,2026-09-18T06:55:24.855+00:00,True,50,50.0,,50.0,287107.33259899996,290072.31435899995,290072.314415,5801.446288299999,38.781158000000005,287107.33259899996,40594.55225891933,79.84096065,60.5098318367347,10.298841195996435,0.17237081074245122,29,64,,True,True,,274,87.6246207195492
279,2026-09-18T06:50:34.958+00:00,2026-09-18T06:55:22.466+00:00,2026-09-18T06:55:24.479+00:00,True,34,34.0,,34.0,287507.943663,289520.73982300004,289520.739735,8515.315874558824,37.16522,287507.943663,49296.746222146976,79.21421964999999,60.993823030303034,10.186736480639079,0.11743545564572014,29,64,,True,True,,184,87.6246207195492
280,2026-09-18T06:50:35.300+00:00,2026-09-18T06:55:24.181+00:00,2026-09-18T06:55:26.233+00:00,True,34,34.0,,34.0,288880.83150599996,290933.483026,290933.48285499995,8556.867142794117,40.882953,288880.83150599996,49531.98745102332,91.69757720000001,62.20156121212121,10.365912415832987,0.11686520109808574,29,64,,True,True,,215,87.6246207195492
281,2026-09-18T06:50:35.612+00:00,2026-09-18T06:55:25.602+00:00,2026-09-18T06:55:25.799+00:00,True,4,4.0,,4.0,289989.153207,290187.05477499997,290187.054725,72546.76368125,40.665873,289989.153207,144961.59504726116,246505.58315820002,65.96718933333334,29.712907184071323,0.013784212404310896,29,64,,True,True,,11,87.6246207195492
282,2026-09-18T06:50:36.014+00:00,2026-09-18T06:55:27.107+00:00,2026-09-18T06:55:32.472+00:00,True,87,87.0,,87.0,291093.095732,296457.31666,296457.31670900004,3407.5553644712645,36.829201,291093.095732,31201.770285477716,89.97250079999999,62.37466195348837,10.887179881194012,0.29346551800500265,29,64,,True,True,,411,87.6246207195492
283,2026-09-18T06:50:36.322+00:00,2026-09-18T06:55:28.184+00:00,2026-09-18T06:55:28.786+00:00,True,11,11.0,,11.0,291861.638011,292463.768443,292463.768441,26587.615312818183,37.309851,291861.638011,87981.44112340003,145976.25756,60.2130432,14.874146866360368,0.03761149648915864,29,64,,True,True,,27,87.6246207195492
284,2026-09-18T06:50:36.787+00:00,2026-09-18T06:55:30.295+00:00,2026-09-18T06:55:31.388+00:00,True,18,18.0,,18.0,293508.129908,294601.340276,294601.34020700003,16366.74112261111,58.349451,293508.129908,69165.37290979721,44105.328998950004,64.30649223529412,7.955771559981404,0.061099518363143,29,64,,True,True,,91,87.6246207195492
285,2026-09-18T06:50:37.137+00:00,2026-09-18T06:55:31.202+00:00,2026-09-18T06:55:32.287+00:00,True,18,18.0,,18.0,294064.782022,295149.69799,295149.697937,16397.205440944443,57.082713000000005,294064.782022,69296.69214788046,44190.495465500004,63.818586352941175,8.63967511990851,0.060986001756335395,29,64,,True,True,,84,87.6246207195492
286,2026-09-18T06:50:37.410+00:00,2026-09-18T06:55:32.342+00:00,2026-09-18T06:55:36.076+00:00,True,60,60.0,,60.0,294931.699598,298665.099406,298665.09923399996,4977.7516539,40.424094,294931.699598,38067.35110617746,93.9423264,63.27796284745762,10.998575481569565,0.20089391133858958,29,64,,True,True,,216,87.6246207195492
287,2026-09-18T06:50:37.819+00:00,2026-09-18T06:55:33.634+00:00,2026-09-18T06:55:37.807+00:00,True,66,66.0,,66.0,295814.711518,299987.838174,299987.83797,4545.270272272727,36.793911,295814.711518,36404.37296852729,92.960695,64.20194855384615,11.496401343530241,0.22000891903397246,29,64,,True,True,,290,87.6246207195492
288,2026-09-18T06:50:38.290+00:00,2026-09-18T06:55:35.703+00:00,2026-09-18T06:55:38.327+00:00,False,43,42.0,,42.0,297412.44840600004,300036.844694,300036.844754,6977.601040790699,0.036969999999999996,297412.44840600004,45345.44625844276,89.8968721,62.4856259047619,13.787756256498561,0.13998280792092296,29,64,,True,False,Request timeout: 300.0s exceeded,204,87.6246207195492
289,2026-09-18T06:50:38.636+00:00,2026-09-18T06:55:37.117+00:00,2026-09-18T06:55:38.712+00:00,False,27,26.0,,26.0,298480.708291,300075.867075,300075.86711,11113.921004074075,0.02578,298480.708291,57430.83402566943,92.21639439999998,61.35226092307692,16.140366799238407,0.08664475505290015,29,64,,True,False,Request timeout: 300.0s exceeded,95,87.6246207195492
290,2026-09-18T06:50:38.946+00:00,2026-09-18T06:55:38.401+00:00,2026-09-18T06:55:39.014+00:00,False,12,11.0,,11.0,299455.411044,300068.381796,300068.38172400004,25005.698477,0.05248,299455.411044,86429.24659634223,134790.3004318,55.72461381818182,18.585248277034548,0.03665831079623143,29,64,,True,False,Request timeout: 300.0s exceeded,58,87.6246207195492
291,2026-09-18T06:50:39.375+00:00,2026-09-18T06:55:39.483+00:00,2026-09-18T06:55:39.483+00:00,False,1,0.0,,0.0,300108.665155,300108.665155,300108.665155,300108.665155,300108.665155,300108.665155,nan,300108.665155,nan,nan,0.0,29,64,,True,False,"HTTPConnectionPool(host='gpu03', port=9002): Read timed out.",0,87.6246207195492
292,2026-09-18T06:50:39.838+00:00,2026-09-18T06:55:39.894+00:00,2026-09-18T06:55:39.894+00:00,False,1,0.0,,0.0,300056.48253100005,300056.48253100005,300056.48253100005,300056.48253100005,300056.48253100005,300056.48253100005,nan,300056.48253100005,nan,nan,0.0,29,64,,True,False,TTFT timeout: 300.0s exceeded (TTFT: 300.052s),0,87.6246207195492
293,2026-09-18T06:50:40.148+00:00,2026-09-18T06:55:40.160+00:00,2026-09-18T06:55:40.160+00:00,False,1,0.0,,0.0,300012.012696,300012.012696,300012.012696,300012.012696,300012.012696,300012.012696,nan,300012.012696,nan,nan,0.0,29,64,,True,False,TTFT timeout: 300.0s exceeded (TTFT: 300.007s),0,87.6246207195492
294,2026-09-18T06:50:40.443+00:00,2026-09-18T06:55:40.387+00:00,2026-09-18T06:55:40.457+00:00,False,3,2.0,,2.0,299943.986396,300014.436828,300014.43673400005,100004.81224466667,0.06666,299943.986396,173152.40759619445,269956.62612420006,35.225216,49.72184815001019,0.006666345863704591,29,64,,True,False,Request timeout: 300.0s exceeded,9,87.6246207195492
295,2026-09-18T06:50:40.795+00:00,2026-09-18T06:55:40.902+00:00,2026-09-18T06:55:40.902+00:00,False,1,0.0,,0.0,300106.991811,300106.991811,300106.991811,300106.991811,300106.991811,300106.991811,nan,300106.991811,nan,nan,0.0,29,64,,True,False,"HTTPConnectionPool(host='gpu03', port=9002): Read timed out.",0,87.6246207195492
296,2026-09-18T06:50:41.154+00:00,2026-09-18T06:55:41.193+00:00,2026-09-18T06:55:41.193+00:00,False,1,0.0,,0.0,300039.16897899995,300039.16897899995,300039.16897899995,300039.16897899995,300039.16897899995,300039.16897899995,nan,300039.16897899995,nan,nan,0.0,29,64,,True,False,TTFT timeout: 300.0s exceeded (TTFT: 300.014s),0,87.6246207195492
297,2026-09-18T06:50:41.424+00:00,2026-09-18T06:55:41.409+00:00,2026-09-18T06:55:41.500+00:00,False,3,2.0,,2.0,299984.857224,300075.456648,300075.45648399997,100025.15216133333,0.05223,299984.857224,173170.1902288286,269995.4262046,45.299712,63.98961119291387,0.0066649902739165925,29,64,,True,False,Request timeout: 300.0s exceeded,2,87.6246207195492
298,2026-09-18T06:50:41.708+00:00,2026-09-18T06:55:41.615+00:00,2026-09-18T06:55:41.745+00:00,False,4,3.0,,3.0,299907.059453,300036.81330900005,300036.81319,75009.2032975,0.02404,299907.059453,149931.90722584896,254930.98573580003,43.251285333333335,37.474589302517266,0.009998773040261493,29,64,,True,False,Request timeout: 300.0s exceeded,15,87.6246207195492
299,2026-09-18T06:50:42.061+00:00,2026-09-18T06:55:42.160+00:00,2026-09-18T06:55:42.160+00:00,False,1,0.0,,0.0,300099.400642,300099.400642,300099.400642,300099.400642,300099.400642,300099.400642,nan,300099.400642,nan,nan,0.0,29,64,,True,False,"HTTPConnectionPool(host='gpu03', port=9002): Read timed out.",0,87.6246207195492
300,2026-09-18T06:50:42.325+00:00,2026-09-18T06:55:42.420+00:00,2026-09-18T06:55:42.420+00:00,False,1,0.0,,0.0,300095.260243,300095.260243,300095.260243,300095.260243,300095.260243,300095.260243,nan,300095.260243,nan,nan,0.0,29,64,,True,False,TTFT timeout: 300.0s exceeded (TTFT: 300.087s),0,87.6246207195492
301,2026-09-18T06:50:42.677+00:00,2026-09-18T06:55:42.746+00:00,2026-09-18T06:55:42.746+00:00,False,1,0.0,,0.0,300069.87820200005,300069.87820200005,300069.87820200005,300069.87820200005,300069.87820200005,300069.87820200005,nan,300069.87820200005,nan,nan,0.0,29,64,,True,False,TTFT timeout: 300.0s exceeded (TTFT: 300.052s),0,87.6246207195492
302,2026-09-18T06:50:42.975+00:00,2026-09-18T06:55:42.892+00:00,2026-09-18T06:55:43.053+00:00,False,4,3.0,,3.0,299917.144121,300078.200889,300078.200909,75019.55022725,0.020329999999999997,299917.144121,149931.73415665192,254942.61532640003,53.68558933333333,46.91880117646338,0.009997393983009485,29,64,,True,False,Request timeout: 300.0s exceeded,8,87.6246207195492
303,2026-09-18T06:50:43.330+00:00,2026-09-18T06:55:43.142+00:00,2026-09-18T06:55:43.372+00:00,False,6,5.0,,5.0,299811.75966000004,300041.55268400005,300041.55267800007,50006.92544633334,0.038329999999999996,299811.75966000004,122378.87838795705,224876.02339275004,45.958604799999996,28.025214954062836,0.016664358503923407,29,64,,True,False,Request timeout: 300.0s exceeded,22,87.6246207195492
304,2026-09-18T06:50:43.596+00:00,2026-09-18T06:55:43.711+00:00,2026-09-18T06:55:43.711+00:00,False,1,0.0,,0.0,300115.237034,300115.237034,300115.237034,300115.237034,300115.237034,300115.237034,nan,300115.237034,nan,nan,0.0,29,64,,True,False,"HTTPConnectionPool(host='gpu03', port=9002): Read timed out.",0,87.6246207195492
305,2026-09-18T06:50:44.031+00:00,2026-09-18T06:55:44.142+00:00,2026-09-18T06:55:44.142+00:00,False,1,0.0,,0.0,300110.861241,300110.861241,300110.861241,300110.861241,300110.861241,300110.861241,nan,300110.861241,nan,nan,0.0,29,64,,True,False,"HTTPConnectionPool(host='gpu03', port=9002): Read timed out.",0,87.6246207195492
306,2026-09-18T06:50:44.307+00:00,2026-09-18T06:55:44.254+00:00,2026-09-18T06:55:44.353+00:00,False,3,2.0,,2.0,299947.21802100004,300046.54986100004,300046.54997500003,100015.51665833335,0.14675,299947.21802100004,173145.93948308966,269962.41473930003,49.66592,70.03076949269976,0.006665632385796547,29,64,,True,False,Request timeout: 300.0s exceeded,7,87.6246207195492
307,2026-09-18T06:50:44.689+00:00,2026-09-18T06:55:44.496+00:00,2026-09-18T06:55:45.816+00:00,False,23,22.0,,22.0,299807.009984,301127.289792,301127.289647,13092.49085421739,0.023350000000000003,299807.009984,62501.572291576995,93.91457419999999,60.01271854545455,19.11468355102161,0.07305880518234077,29,64,,True,False,Request timeout: 300.0s exceeded,106,87.6246207195492
308,2026-09-18T06:50:45.111+00:00,2026-09-18T06:55:45.449+00:00,2026-09-18T06:55:45.911+00:00,False,9,8.0,,8.0,300338.53107599996,300800.07706,300800.07714999997,33422.23079444444,0.04154,300338.53107599996,100093.61625479673,180240.97673879995,57.693248,28.894411769207416,0.026595737867461573,29,64,,True,False,Request timeout: 300.0s exceeded,32,87.6246207195492
311,2026-09-18T06:50:46.174+00:00,2026-09-18T06:55:46.199+00:00,2026-09-18T06:55:46.199+00:00,False,1,0.0,,0.0,300024.871368,300024.871368,300024.871368,300024.871368,300024.871368,300024.871368,nan,300024.871368,nan,nan,0.0,29,64,,True,False,"HTTPConnectionPool(host='gpu03', port=9002): Read timed out.",0,87.6246207195492
312,2026-09-18T06:50:46.541+00:00,2026-09-18T06:55:46.713+00:00,2026-09-18T06:55:46.713+00:00,False,1,0.0,,0.0,300172.341282,300172.341282,300172.341282,300172.341282,300172.341282,300172.341282,nan,300172.341282,nan,nan,0.0,29,64,,True,False,"HTTPConnectionPool(host='gpu03', port=9002): Read timed out.",0,87.6246207195492
309,2026-09-18T06:50:45.463+00:00,2026-09-18T06:55:46.714+00:00,2026-09-18T06:55:46.714+00:00,False,1,0.0,,0.0,301250.646976,301250.646976,301250.646976,301250.646976,301250.646976,301250.646976,nan,301250.646976,nan,nan,0.0,29,64,,True,False,"HTTPConnectionPool(host='gpu03', port=9002): Read timed out.",0,87.6246207195492
310,2026-09-18T06:50:45.721+00:00,2026-09-18T06:55:46.857+00:00,2026-09-18T06:55:46.857+00:00,False,1,0.0,,0.0,301135.854505,301135.854505,301135.854505,301135.854505,301135.854505,301135.854505,nan,301135.854505,nan,nan,0.0,29,64,,True,False,"HTTPConnectionPool(host='gpu03', port=9002): Read timed out.",0,87.6246207195492
313,2026-09-18T06:50:46.923+00:00,2026-09-18T06:55:47.031+00:00,2026-09-18T06:55:47.031+00:00,False,1,0.0,,0.0,300108.168583,300108.168583,300108.168583,300108.168583,300108.168583,300108.168583,nan,300108.168583,nan,nan,0.0,29,64,,True,False,"HTTPConnectionPool(host='gpu03', port=9002): Read timed out.",0,87.6246207195492
314,2026-09-18T06:50:47.312+00:00,2026-09-18T06:55:47.288+00:00,2026-09-18T06:55:47.349+00:00,False,3,2.0,,2.0,299976.35243,300037.22411,300037.22405500006,100012.40801833334,0.03418,299976.35243,173173.85837003042,269984.80093150004,30.43584,42.99462656684587,0.006665839566849071,29,64,,True,False,Request timeout: 300.0s exceeded,6,87.6246207195492
315,2026-09-18T06:50:47.705+00:00,2026-09-18T06:55:47.349+00:00,2026-09-18T06:55:47.733+00:00,False,9,8.0,,8.0,299644.03837300005,300028.764389,300028.76445200003,33336.529383555564,0.022719999999999997,299644.03837300005,99865.31799625613,179812.1443038,48.090752,22.02513466459481,0.026664110077218,29,64,,True,False,Request timeout: 300.0s exceeded,24,87.6246207195492
316,2026-09-18T06:50:47.987+00:00,2026-09-18T06:55:48.098+00:00,2026-09-18T06:55:48.098+00:00,False,1,0.0,,0.0,300110.82058,300110.82058,300110.82058,300110.82058,300110.82058,300110.82058,nan,300110.82058,nan,nan,0.0,29,64,,True,False,"HTTPConnectionPool(host='gpu03', port=9002): Read timed out.",0,87.6246207195492
317,2026-09-18T06:50:48.283+00:00,2026-09-18T06:55:48.387+00:00,2026-09-18T06:55:48.387+00:00,False,1,0.0,,0.0,300104.093305,300104.093305,300104.093305,300104.093305,300104.093305,300104.093305,nan,300104.093305,nan,nan,0.0,29,64,,True,False,"HTTPConnectionPool(host='gpu03', port=9002): Read timed out.",0,87.6246207195492
318,2026-09-18T06:50:48.542+00:00,2026-09-18T06:55:48.557+00:00,2026-09-18T06:55:48.557+00:00,False,1,0.0,,0.0,300014.340457,300014.340457,300014.340457,300014.340457,300014.340457,300014.340457,nan,300014.340457,nan,nan,0.0,29,64,,True,False,TTFT timeout: 300.0s exceeded (TTFT: 300.010s),0,87.6246207195492
319,2026-09-18T06:50:48.860+00:00,2026-09-18T06:55:48.746+00:00,2026-09-18T06:55:48.888+00:00,False,4,3.0,,3.0,299885.476901,300027.459877,300027.45976500004,75006.86494125001,0.02444,299885.476901,149919.078387127,254913.70415765003,47.327658666666665,41.05320371540937,0.009999084754541759,29,64,,True,False,Request timeout: 300.0s exceeded,5,87.6246207195492
320,2026-09-18T06:50:49.250+00:00,2026-09-18T06:55:49.178+00:00,2026-09-18T06:55:49.298+00:00,False,4,3.0,,3.0,299927.10553299997,300047.906813,300047.906677,75011.97666925,0.04076,299927.10553299997,149943.42194808283,254947.37483349998,40.267093333333335,34.88615040716928,0.009998403361199589,29,64,,True,False,Request timeout: 300.0s exceeded,13,87.6246207195492
321,2026-09-18T06:50:49.613+00:00,2026-09-18T06:55:49.725+00:00,2026-09-18T06:55:49.725+00:00,False,1,0.0,,0.0,300112.126247,300112.126247,300112.126247,300112.126247,300112.126247,300112.126247,nan,300112.126247,nan,nan,0.0,29,64,,True,False,"HTTPConnectionPool(host='gpu03', port=9002): Read timed out.",0,87.6246207195492
322,2026-09-18T06:50:50.059+00:00,2026-09-18T06:55:50.020+00:00,2026-09-18T06:55:50.095+00:00,False,3,2.0,,2.0,299961.012889,300035.220889,300035.2209,100011.7403,0.01992,299961.012889,173161.15350124598,269972.3304092,37.104,52.44474100187785,0.006665884072123362,29,64,,True,False,Request timeout: 300.0s exceeded,6,87.6246207195492
323,2026-09-18T06:50:50.515+00:00,2026-09-18T06:55:50.381+00:00,2026-09-18T06:55:50.573+00:00,False,5,4.0,,4.0,299866.30640600005,300058.21271000005,300058.2128050001,60011.64256100001,0.020640000000000002,299866.30640600005,134082.83621591807,239907.33202000006,47.976576,32.458116293352084,0.013330746603712912,29,64,,True,False,Request timeout: 300.0s exceeded,12,87.6246207195492
324,2026-09-18T06:50:50.897+00:00,2026-09-18T06:55:51.008+00:00,2026-09-18T06:55:51.008+00:00,False,1,0.0,,0.0,300111.414006,300111.414006,300111.414006,300111.414006,300111.414006,300111.414006,nan,300111.414006,nan,nan,0.0,29,64,,True,False,"HTTPConnectionPool(host='gpu03', port=9002): Read timed out.",0,87.6246207195492
325,2026-09-18T06:50:51.240+00:00,2026-09-18T06:55:51.303+00:00,2026-09-18T06:55:51.303+00:00,False,1,0.0,,0.0,300062.715238,300062.715238,300062.715238,300062.715238,300062.715238,300062.715238,nan,300062.715238,nan,nan,0.0,29,64,,True,False,TTFT timeout: 300.0s exceeded (TTFT: 300.039s),0,87.6246207195492
326,2026-09-18T06:50:51.699+00:00,2026-09-18T06:55:51.680+00:00,2026-09-18T06:55:51.739+00:00,False,3,2.0,,2.0,299980.31534100004,300039.32846100006,300039.32841,100013.10947000001,0.03548,299980.31534100004,173176.68271575775,269988.18156580004,29.50656,41.67825395557199,0.00666579281542408,29,64,,True,False,Request timeout: 300.0s exceeded,5,87.6246207195492
327,2026-09-18T06:50:51.957+00:00,2026-09-18T06:55:51.984+00:00,2026-09-18T06:55:51.984+00:00,False,1,0.0,,0.0,300026.882287,300026.882287,300026.882287,300026.882287,300026.882287,300026.882287,nan,300026.882287,nan,nan,0.0,29,64,,True,False,TTFT timeout: 300.0s exceeded (TTFT: 300.012s),0,87.6246207195492
328,2026-09-18T06:50:52.297+00:00,2026-09-18T06:55:52.401+00:00,2026-09-18T06:55:52.401+00:00,False,1,0.0,,0.0,300103.884984,300103.884984,300103.884984,300103.884984,300103.884984,300103.884984,nan,300103.884984,nan,nan,0.0,29,64,,True,False,"HTTPConnectionPool(host='gpu03', port=9002): Read timed out.",0,87.6246207195492
329,2026-09-18T06:50:52.638+00:00,2026-09-18T06:55:52.700+00:00,2026-09-18T06:55:52.700+00:00,False,1,0.0,,0.0,300061.122576,300061.122576,300061.122576,300061.122576,300061.122576,300061.122576,nan,300061.122576,nan,nan,0.0,29,64,,True,False,"HTTPConnectionPool(host='gpu03', port=9002): Read timed out.",0,87.6246207195492
330,2026-09-18T06:50:52.896+00:00,2026-09-18T06:55:52.817+00:00,2026-09-18T06:55:52.926+00:00,False,4,3.0,,3.0,299920.93893199996,300030.83333199995,300030.83331599995,75007.70832899999,0.038840000000000006,299920.93893199996,149942.1565990662,254943.56473744995,36.63146666666666,35.89117974124012,0.00999897232788852,29,64,,True,False,Request timeout: 300.0s exceeded,10,87.6246207195492
0,2026-09-18T06:48:53.164+00:00,2026-09-18T06:48:53.415+00:00,2026-09-18T06:48:54.032+00:00,True,13,13.0,,13.0,250.962084,868.311716,868.311687,66.79320669230769,30.690223000000003,250.962084,57.24297096484766,152.162451,51.445802666666665,15.304160413818538,14.971581933601366,30,64,,False,True,,38,87.6246207195492
1,2026-09-18T06:48:53.479+00:00,2026-09-18T06:48:53.604+00:00,2026-09-18T06:48:56.260+00:00,True,47,47.0,,47.0,124.79450800000001,2780.337292,2780.337354,59.156113914893616,15.582591,124.79450800000001,15.388726057415774,80.4709295,57.72919095652174,12.010461842878103,16.904423839235402,30,64,,False,True,,189,87.6246207195492
2,2026-09-18T06:48:53.989+00:00,2026-09-18T06:48:54.730+00:00,2026-09-18T06:48:58.648+00:00,True,66,66.0,,66.0,741.3980320000001,4659.4882720000005,4659.4882020000005,70.59830609090909,37.218981,741.3980320000001,84.18585169201273,70.265559,60.278311384615385,7.681998883904671,14.16464558921847,30,64,,False,True,,266,87.6246207195492
3,2026-09-18T06:48:54.270+00:00,2026-09-18T06:48:56.561+00:00,2026-09-18T06:48:58.711+00:00,True,36,36.0,,36.0,2290.650604,4441.138924,4441.138738,123.36496494444444,40.745934,2290.650604,371.58912116661685,71.84314125,61.44252342857143,6.453366844954265,8.106028794878563,30,64,,False,True,,141,87.6246207195492
4,2026-09-18T06:48:54.588+00:00,2026-09-18T06:48:57.692+00:00,2026-09-18T06:49:02.276+00:00,True,77,77.0,,77.0,3104.0633319999997,7688.3777,7688.377774,99.84906199999999,8.888154,3104.0633319999997,347.0382824780398,69.5135492,60.31992589473684,10.982359832059826,10.015116713113613,30,64,,False,True,,206,87.6246207195492
5,2026-09-18T06:48:54.884+00:00,2026-09-18T06:48:58.781+00:00,2026-09-18T06:49:00.407+00:00,True,28,28.0,,28.0,3897.229159,5522.948455,5522.948428,197.24815814285714,10.173681,3897.229159,725.285454437778,97.17469854999999,60.211825777777776,15.394181931921697,5.069755806728781,30,64,,False,True,,114,87.6246207195492
6,2026-09-18T06:48:55.211+00:00,2026-09-18T06:48:59.792+00:00,2026-09-18T06:49:03.512+00:00,True,63,63.0,,63.0,4580.700439,8301.250583000001,8301.250625,131.76588293650795,0.0,4580.700439,569.6961330196624,67.05117200000001,60.008873290322576,12.846823089470119,7.58921795819737,30,64,,False,True,,254,87.6246207195492
7,2026-09-18T06:48:55.607+00:00,2026-09-18T06:49:01.313+00:00,2026-09-18T06:49:02.093+00:00,True,14,14.0,,14.0,5705.859058,6485.764594,6485.764799,463.2689142142857,44.132708,5705.859058,1508.929092962026,2038.7785649500001,59.992733538461536,5.066534162429524,2.1585735647808497,30,64,,False,True,,40,87.6246207195492
8,2026-09-18T06:48:56.030+00:00,2026-09-18T06:49:02.853+00:00,2026-09-18T06:49:04.479+00:00,True,29,29.0,,29.0,6823.274391,8449.563799,8449.563799,291.3642689310345,38.270298000000004,6823.274391,1256.2955846778013,69.8457824,58.08176457142857,8.965974581439648,3.4321298341379625,30,64,,False,True,,132,87.6246207195492
9,2026-09-18T06:48:56.468+00:00,2026-09-18T06:49:04.480+00:00,2026-09-18T06:49:09.034+00:00,True,76,76.0,,76.0,8012.78618,12566.976515999999,12566.976417,165.35495285526315,0.0,8012.78618,913.1084464531918,90.40718674999998,60.72253781333333,41.793417864981976,6.047596245862199,30,64,,False,True,,406,87.6246207195492
10,2026-09-18T06:48:56.963+00:00,2026-09-18T06:49:06.368+00:00,2026-09-18T06:49:08.645+00:00,True,38,38.0,,38.0,9404.796004,11681.553252,11681.553243,307.40929586842105,0.0,9404.796004,1516.4666380830897,200.57781525000001,61.533979675675674,49.598842766918274,3.252992061949811,30,64,,False,True,,124,87.6246207195492
11,2026-09-18T06:48:57.474+00:00,2026-09-18T06:49:08.217+00:00,2026-09-18T06:49:11.031+00:00,True,48,48.0,,48.0,10743.076147,13556.947763,13556.947848,282.4364135,0.0,10743.076147,1542.1969534470268,68.41581805,59.86960885106383,25.657891374597405,3.540619971333292,30,64,,False,True,,209,87.6246207195492
12,2026-09-18T06:48:57.837+00:00,2026-09-18T06:49:09.496+00:00,2026-09-18T06:49:11.920+00:00,True,41,41.0,,41.0,11659.824833,14083.675329000002,14083.675299,343.50427558536586,0.0,11659.824833,1811.7183088678491,67.52529399999999,60.5962624,28.79655799206398,2.9111719094784876,30,64,,False,True,,81,87.6246207195492
13,2026-09-18T06:48:58.224+00:00,2026-09-18T06:49:11.034+00:00,2026-09-18T06:49:15.032+00:00,True,70,70.0,,70.0,12810.279405,16807.899629,16807.899697,240.1128528142857,0.0,12810.279405,1524.4297328531202,68.4994375,57.93652498550725,26.86041735373602,4.16470835411365,30,64,,False,True,,319,87.6246207195492
14,2026-09-18T06:48:58.513+00:00,2026-09-18T06:49:12.031+00:00,2026-09-18T06:49:17.458+00:00,True,92,92.0,,92.0,13517.76518,18944.378172,18944.378186,205.9171541956522,0.0,13517.76518,1403.5313422883983,69.61424549999998,59.6331098021978,34.691025948383306,4.85632197397627,30,64,,False,True,,530,87.6246207195492
15,2026-09-18T06:48:58.864+00:00,2026-09-18T06:49:13.475+00:00,2026-09-18T06:49:19.031+00:00,True,94,94.0,,94.0,14611.760298000001,20166.78033,20166.780325,214.54021622340426,0.0,14611.760298000001,1501.330770292909,70.6538986,59.73139819354839,34.997976949586686,4.6611307537359385,30,64,,False,True,,457,87.6246207195492
16,2026-09-18T06:48:59.197+00:00,2026-09-18T06:49:14.555+00:00,2026-09-18T06:49:16.590+00:00,True,35,35.0,,35.0,15357.371172000001,17392.416804,17392.416691000002,496.9261911714286,34.604646,15357.371172000001,2585.7650737433705,69.74038999999999,59.85428329411764,8.250742015758295,2.0123712761961015,30,64,,False,True,,197,87.6246207195492
17,2026-09-18T06:48:59.523+00:00,2026-09-18T06:49:15.700+00:00,2026-09-18T06:49:19.261+00:00,True,61,61.0,,61.0,16176.498720000001,19737.400864000003,19737.400833,323.5639480819672,0.0,16176.498720000001,2063.8807812093924,67.43739500000001,59.34836906666667,34.957472810420754,3.090579171002239,30,64,,False,True,,276,87.6246207195492
18,2026-09-18T06:48:59.979+00:00,2026-09-18T06:49:17.579+00:00,2026-09-18T06:49:21.034+00:00,True,57,57.0,,57.0,17600.234004,21055.318036,21055.318223000002,369.3915477719299,0.0,17600.234004,2323.3900278036713,88.94146059999998,61.69792914285714,40.93374883823239,2.7071545489145517,30,64,,False,True,,275,87.6246207195492
19,2026-09-18T06:49:00.275+00:00,2026-09-18T06:49:18.430+00:00,2026-09-18T06:49:18.970+00:00,True,10,10.0,,10.0,18155.486823,18694.783335,18694.783291,1869.4783290999999,39.209357000000004,18155.486823,5722.326381133484,10016.37802905,59.92183466666666,8.998057935802814,0.5349085796184757,30,64,,False,True,,36,87.6246207195492
20,2026-09-18T06:49:00.698+00:00,2026-09-18T06:49:20.262+00:00,2026-09-18T06:49:20.700+00:00,True,11,11.0,,11.0,19563.282816,20001.057408,20001.057573,1818.277961181818,0.0,19563.282816,5885.404650141169,9815.518725,43.7774592,26.165980989677404,0.5499709228173223,30,64,,False,True,,50,87.6246207195492
21,2026-09-18T06:49:01.054+00:00,2026-09-18T06:49:21.625+00:00,2026-09-18T06:49:22.538+00:00,True,18,18.0,,18.0,20570.486455,21483.678646999997,21483.678777999998,1193.537709888889,0.02138,20570.486455,4835.899391766011,3165.34027985,53.71718776470588,22.78073520672309,0.8378453381173404,30,64,,False,True,,75,87.6246207195492
22,2026-09-18T06:49:01.521+00:00,2026-09-18T06:49:23.117+00:00,2026-09-18T06:49:27.390+00:00,True,72,72.0,,72.0,21595.957868999998,25869.105516999996,25869.105548999996,359.293132625,0.0,21595.957868999998,2538.354910338367,80.1124433,60.18517814084507,41.8255979389928,2.783242735342545,30,64,,False,True,,301,87.6246207195492
23,2026-09-18T06:49:01.997+00:00,2026-09-18T06:49:24.992+00:00,2026-09-18T06:49:29.758+00:00,True,81,81.0,,81.0,22995.589377999997,27761.443073999995,27761.442881999996,342.7338627407407,0.0,22995.589377999997,2548.8174855078473,71.72734600000001,59.573171200000004,43.77512625455173,2.917715760815785,30,64,,False,True,,386,87.6246207195492
24,2026-09-18T06:49:02.417+00:00,2026-09-18T06:49:26.644+00:00,2026-09-18T06:49:28.480+00:00,True,32,32.0,,32.0,24226.62002,26062.546803999998,26062.54681,814.4545878125,0.0,24226.62002,4272.756383020988,231.06302765,59.223444645161294,68.01317898737207,1.2278155408468654,30,64,,False,True,,137,87.6246207195492
25,2026-09-18T06:49:02.770+00:00,2026-09-18T06:49:27.857+00:00,2026-09-18T06:49:29.563+00:00,True,30,30.0,,30.0,25087.257822,26793.679582,26793.679431,893.1226477,0.0,25087.257822,4570.055103803809,250.07817495000003,58.842129655172414,69.65047252982883,1.1196670434229574,30,64,,False,True,,106,87.6246207195492
26,2026-09-18T06:49:03.265+00:00,2026-09-18T06:49:29.969+00:00,2026-09-18T06:49:33.446+00:00,True,52,52.0,,52.0,26704.680357,30181.226661,30181.226856,580.4082087692308,37.370071,26704.680357,3694.2734613363045,72.17298925000001,68.16757458823528,58.47524981851296,1.7229253331573195,30,64,,False,True,,299,87.6246207195492
27,2026-09-18T06:49:03.699+00:00,2026-09-18T06:49:31.792+00:00,2026-09-18T06:49:35.213+00:00,True,53,53.0,,53.0,28092.408247000003,31513.525687,31513.525813000004,594.5948266603774,0.0,28092.408247000003,3850.868884069979,228.8892632,65.79072,93.6452508649625,1.6818175321418773,30,64,,False,True,,251,87.6246207195492
28,2026-09-18T06:49:04.111+00:00,2026-09-18T06:49:33.463+00:00,2026-09-18T06:49:33.612+00:00,True,7,7.0,,7.0,29351.570138,29500.645593999998,29500.645621,4214.377945857143,0.0,29351.570138,11084.498203025043,20566.3992851,24.84590933333333,31.935225972482403,0.23728294276460507,30,64,,False,True,,25,87.6246207195492
29,2026-09-18T06:49:04.528+00:00,2026-09-18T06:49:35.144+00:00,2026-09-18T06:49:37.445+00:00,True,45,45.0,,45.0,30615.810309999997,32917.292038,32917.291845,731.4953743333333,0.01652,30615.810309999997,4556.210854572441,92.1791898,52.306402909090906,26.035314631632406,1.3670626352876056,30,64,,False,True,,194,87.6246207195492
30,2026-09-18T06:49:04.879+00:00,2026-09-18T06:49:36.104+00:00,2026-09-18T06:49:36.531+00:00,True,8,8.0,,8.0,31224.498432,31651.435264,31651.435385,3956.429423125,56.326626,31224.498432,11017.96418391585,20318.9526956,60.990976,3.4618860280504133,0.25275315110588725,30,64,,False,True,,30,87.6246207195492
31,2026-09-18T06:49:05.377+00:00,2026-09-18T06:49:37.849+00:00,2026-09-18T06:49:43.238+00:00,True,91,91.0,,91.0,32471.847258,37860.770138,37860.770286,416.0524207252747,0.0,32471.847258,3398.0757885102767,98.101039,59.87692088888889,50.973037202756366,2.403543289487008,30,64,,False,True,,489,87.6246207195492
32,2026-09-18T06:49:05.666+00:00,2026-09-18T06:49:39.055+00:00,2026-09-18T06:49:43.241+00:00,True,71,71.0,,71.0,33388.82532,37574.509032,37574.509129000005,529.2184384366197,29.678345,33388.82532,3955.449241720335,84.10164499999999,59.7954816,13.016753693914946,1.8895789147779276,30,64,,False,True,,359,87.6246207195492
33,2026-09-18T06:49:05.972+00:00,2026-09-18T06:49:39.875+00:00,2026-09-18T06:49:41.134+00:00,True,23,23.0,,23.0,33903.111765,35161.840469,35161.840523,1528.7756749130435,35.556044,33903.111765,7057.366070227676,70.81739449999999,57.21494109090909,11.35933758408176,0.6541182057940813,30,64,,False,True,,96,87.6246207195492
34,2026-09-18T06:49:06.386+00:00,2026-09-18T06:49:41.847+00:00,2026-09-18T06:49:46.591+00:00,True,77,77.0,,77.0,35461.129877,40205.271189,40205.271275,522.1463801948051,0.0,35461.129877,4034.5936837571285,98.61348160000001,62.422912,66.23918592239147,1.9151717603901373,30,64,,False,True,,264,87.6246207195492
35,2026-09-18T06:49:06.729+00:00,2026-09-18T06:49:43.134+00:00,2026-09-18T06:49:45.297+00:00,True,33,33.0,,33.0,36405.329199,38567.948847,38567.94897,1168.7257263636363,0.0,36405.329199,6326.350194887686,303.7607434,67.581864,99.64830727986036,0.855632746530333,30,64,,False,True,,123,87.6246207195492
36,2026-09-18T06:49:07.035+00:00,2026-09-18T06:49:44.205+00:00,2026-09-18T06:49:49.319+00:00,True,83,83.0,,83.0,37170.272792,42284.779544000005,42284.779467,509.45517430120486,0.0,37170.272792,4074.088588071527,95.14725100000001,62.37203356097561,89.32115933060024,1.962881228070096,30,64,,False,True,,455,87.6246207195492
37,2026-09-18T06:49:07.515+00:00,2026-09-18T06:49:46.110+00:00,2026-09-18T06:49:49.439+00:00,True,54,54.0,,54.0,38594.042232,41923.473016,41923.47297,776.3606105555556,0.01697,38594.042232,5244.179888213639,94.59349445,62.81944875471698,89.21531472454942,1.2880612247795171,30,64,,False,True,,241,87.6246207195492
38,2026-09-18T06:49:07.890+00:00,2026-09-18T06:49:46.845+00:00,2026-09-18T06:49:50.355+00:00,True,57,57.0,,57.0,38954.588072,42464.950184,42464.950165999995,744.9991257192983,0.016739999999999998,38954.588072,5151.948573377501,93.9943664,62.68503771428572,78.68480491270392,1.342283453837102,30,64,,False,True,,214,87.6246207195492
39,2026-09-18T06:49:08.180+00:00,2026-09-18T06:49:49.065+00:00,2026-09-18T06:49:50.075+00:00,True,17,17.0,,17.0,40885.892124,41895.117084,41895.117031999995,2464.4186489411763,38.490369,40885.892124,9900.991805370943,8248.823364799999,63.07656,9.980563463744119,0.4057752116055645,30,64,,False,True,,93,87.6246207195492
40,2026-09-18T06:49:08.581+00:00,2026-09-18T06:49:50.293+00:00,2026-09-18T06:49:51.643+00:00,True,23,23.0,,23.0,41712.12263400001,43062.147082,43062.147084000004,1872.2672645217394,42.165633,41712.12263400001,8684.788057131487,79.099509,61.36474763636363,9.229665669355725,0.5341117793361031,30,64,,False,True,,107,87.6246207195492
41,2026-09-18T06:49:08.974+00:00,2026-09-18T06:49:52.463+00:00,2026-09-18T06:49:57.098+00:00,True,83,83.0,,83.0,43488.990202,48123.858426,48123.858182,579.8055202650603,0.0,43488.990202,4767.380570983474,89.81340039999999,56.52278321951219,21.50793118333169,1.724716236700534,30,64,,False,True,,422,87.6246207195492
42,2026-09-18T06:49:09.319+00:00,2026-09-18T06:49:53.256+00:00,2026-09-18T06:49:58.564+00:00,True,85,85.0,,85.0,43936.747450999996,49245.23564299999,49245.235477999995,579.3557115058823,33.432608,43936.747450999996,4758.773870111639,95.7229914,63.196288,13.563691229611738,1.7260553003787362,30,64,,False,True,,382,87.6246207195492
43,2026-09-18T06:49:09.786+00:00,2026-09-18T06:49:55.281+00:00,2026-09-18T06:50:00.938+00:00,True,92,92.0,,92.0,45495.358191,51152.719599,51152.719505,556.0078207065218,0.0,45495.358191,4737.367726549181,96.85001539999999,62.16880668131868,77.70349001165535,1.7985358495347439,30,64,,False,True,,389,87.6246207195492
44,2026-09-18T06:49:10.191+00:00,2026-09-18T06:49:56.924+00:00,2026-09-18T06:49:57.623+00:00,True,13,13.0,,13.0,46733.362152999995,47431.707624999995,47431.707684999994,3648.5928988461533,37.072411,46733.362152999995,12945.370833222525,18748.186025799998,58.195456,15.740228200090296,0.2740782622202715,30,64,,False,True,,52,87.6246207195492
45,2026-09-18T06:49:10.604+00:00,2026-09-18T06:49:59.020+00:00,2026-09-18T06:50:00.779+00:00,True,18,18.0,,18.0,48415.739005999996,50174.224766,50174.22466199999,2787.4569256666664,43.703438999999996,48415.739005999996,11388.512606086559,7910.187138799999,103.4403388235294,170.02530286788448,0.35874993752165546,30,64,,False,True,,58,87.6246207195492
46,2026-09-18T06:49:10.985+00:00,2026-09-18T06:50:00.782+00:00,2026-09-18T06:50:00.782+00:00,True,5,5.0,,5.0,49797.535701,49797.535701,49797.535701,9959.5071402,0.0,49797.535701,22270.134987881727,39838.028560800005,0.0,0.0,0.10040657493618893,30,64,,False,True,,14,87.6246207195492
47,2026-09-18T06:49:11.415+00:00,2026-09-18T06:50:02.677+00:00,2026-09-18T06:50:08.089+00:00,True,90,90.0,,90.0,51261.588105999996,56673.81185,56673.811802,629.7090200222221,0.01685,51261.588105999996,5397.065777228052,94.46943535,60.81150274157304,18.109916412837325,1.5880350564420347,30,64,,False,True,,368,87.6246207195492
48,2026-09-18T06:49:11.924+00:00,2026-09-18T06:50:04.599+00:00,2026-09-18T06:50:08.789+00:00,True,66,66.0,,66.0,52675.115045,56865.778469,56865.778404,861.602703090909,33.614348,52675.115045,6475.937912822457,99.06815699999999,64.47174498461538,14.227127939288907,1.1606277409176675,30,64,,False,True,,318,87.6246207195492
49,2026-09-18T06:49:12.346+00:00,2026-09-18T06:50:06.168+00:00,2026-09-18T06:50:08.532+00:00,True,38,38.0,,38.0,53822.182015,56186.647423,56186.647243,1478.5959800789474,35.660624000000006,53822.182015,8720.755346623602,98.74406144999999,63.90447048648649,14.147241170717676,0.6763172700787394,30,64,,False,True,,167,87.6246207195492
50,2026-09-18T06:49:12.798+00:00,2026-09-18T06:50:07.941+00:00,2026-09-18T06:50:10.929+00:00,True,48,48.0,,48.0,55143.112034000005,58130.90237,58130.90236200001,1211.060465875,0.0,55143.112034000005,7950.880528892689,99.41689604999999,63.57000714893617,116.3629001257692,0.825722602661191,30,64,,False,True,,214,87.6246207195492
51,2026-09-18T06:49:13.108+00:00,2026-09-18T06:50:09.078+00:00,2026-09-18T06:50:13.120+00:00,True,67,67.0,,67.0,55969.344995,60012.071139,60012.071097,895.7025536865672,0.0,55969.344995,6830.9643294992475,95.78252830000001,61.25342642424242,98.80963974251755,1.1164420545462355,30,64,,False,True,,341,87.6246207195492
52,2026-09-18T06:49:13.524+00:00,2026-09-18T06:50:10.726+00:00,2026-09-18T06:50:10.926+00:00,True,4,4.0,,4.0,57202.355605,57401.705364999994,57401.705438,14350.4263595,39.350067,57202.355605,28567.96135492828,48636.01352395,66.44992,27.02926904944105,0.06968434081470605,30,64,,False,True,,19,87.6246207195492
53,2026-09-18T06:49:14.033+00:00,2026-09-18T06:50:12.558+00:00,2026-09-18T06:50:15.561+00:00,True,50,50.0,,50.0,58524.935603,61527.486131,61527.486034,1230.54972068,36.625972000000004,58524.935603,8268.016803413972,84.9898953,61.2765413877551,10.751651500526405,0.8126449355259455,30,64,,False,True,,204,87.6246207195492
54,2026-09-18T06:49:14.377+00:00,2026-09-18T06:50:13.636+00:00,2026-09-18T06:50:17.198+00:00,True,48,48.0,,48.0,59259.437282,62821.387234,62821.387081,1308.7788975208334,0.01886,59259.437282,8543.180696593598,95.32556815,75.78616919148936,114.91618187507305,0.7640709973692142,30,64,,False,True,,131,87.6246207195492
55,2026-09-18T06:49:14.846+00:00,2026-09-18T06:50:15.757+00:00,2026-09-18T06:50:18.901+00:00,True,51,51.0,,51.0,60910.278243,64054.694499,64054.694532,1255.9744025882353,0.0171,60910.278243,8521.22877552209,109.6004825,62.88832512,124.40110984073816,0.7961945708881056,30,64,,False,True,,228,87.6246207195492
56,2026-09-18T06:49:15.171+00:00,2026-09-18T06:50:17.255+00:00,2026-09-18T06:50:18.204+00:00,True,22,22.0,,22.0,62083.984502,63033.215094,63033.214890999996,2865.1461314090907,0.016329999999999997,62083.984502,13226.758029574683,113.55190470000001,45.20145676190476,35.37018900781851,0.3490223363538081,30,64,,False,True,,97,87.6246207195492
57,2026-09-18T06:49:15.534+00:00,2026-09-18T06:50:18.417+00:00,2026-09-18T06:50:19.024+00:00,True,11,11.0,,11.0,62883.170782,63490.38307,63490.383092000004,5771.853008363636,54.848449,62883.170782,18941.681462472257,31473.551962,60.7212288,3.1025366547662543,0.17325458546804134,30,64,,False,True,,46,87.6246207195492
58,2026-09-18T06:49:15.879+00:00,2026-09-18T06:50:20.201+00:00,2026-09-18T06:50:21.265+00:00,True,30,30.0,,30.0,64321.791674,65385.692346,65385.692201,2179.5230733666667,0.0,64321.791674,11736.844275773403,82.3758859,36.686230068965514,32.515509922539565,0.45881597217399905,30,64,,False,True,,130,87.6246207195492
59,2026-09-18T06:49:16.343+00:00,2026-09-18T06:50:21.449+00:00,2026-09-18T06:50:21.894+00:00,True,7,7.0,,7.0,65105.304075,65550.902027,65550.901963,9364.414566142857,53.937160000000006,65105.304075,24579.42726129888,45603.4538856,74.26632533333333,17.756794739781284,0.10678724141914545,30,64,,False,True,,19,87.6246207195492
60,2026-09-18T06:49:16.640+00:00,2026-09-18T06:50:22.246+00:00,2026-09-18T06:50:24.835+00:00,True,42,42.0,,42.0,65605.97597500001,68195.113127,68195.113018,1623.6931670952383,38.683119,65605.97597500001,10113.483007813968,88.69054205,63.14968663414634,10.527071218436232,0.6158799080189699,30,64,,False,True,,146,87.6246207195492
61,2026-09-18T06:49:16.917+00:00,2026-09-18T06:50:23.725+00:00,2026-09-18T06:50:26.728+00:00,True,49,49.0,,49.0,66807.594061,69811.217741,69811.21776,1424.7187297959183,33.732018,66807.594061,9535.010397751348,91.4726874,62.575493333333334,12.281911489973124,0.7018929276064237,30,64,,False,True,,186,87.6246207195492
62,2026-09-18T06:49:17.375+00:00,2026-09-18T06:50:25.384+00:00,2026-09-18T06:50:29.526+00:00,True,67,67.0,,67.0,68008.84887199999,72150.58275999999,72150.582791,1076.8743700149253,36.230222999999995,68008.84887199999,8300.948525475455,93.16007830000001,62.753543757575756,14.111593008231484,0.9286134281529954,30,64,,False,True,,346,87.6246207195492
63,2026-09-18T06:49:17.752+00:00,2026-09-18T06:50:26.732+00:00,2026-09-18T06:50:32.415+00:00,True,92,92.0,,92.0,68979.33772699999,74662.465535,74662.465573,811.5485388369564,0.0,68979.33772699999,7185.865268207578,91.26606755,62.45195393406593,106.6816516238803,1.2322121877541343,30,64,,False,True,,418,87.6246207195492
64,2026-09-18T06:49:18.238+00:00,2026-09-18T06:50:28.708+00:00,2026-09-18T06:50:34.732+00:00,True,96,96.0,,96.0,70470.694442,76494.24797800001,76494.248049,796.8150838437501,0.0,70470.694442,7187.287191426617,92.38567474999999,63.405826694736845,141.24442533259875,1.2549963237446284,30,64,,False,True,,410,87.6246207195492
65,2026-09-18T06:49:18.574+00:00,2026-09-18T06:50:29.832+00:00,2026-09-18T06:50:32.807+00:00,True,49,49.0,,49.0,71258.565103,74233.874927,74233.874905,1514.977038877551,0.0,71258.565103,10172.007685478065,93.787469,61.985621333333334,148.941363308286,0.6600760104222708,30,64,,False,True,,235,87.6246207195492
66,2026-09-18T06:49:18.874+00:00,2026-09-18T06:50:31.185+00:00,2026-09-18T06:50:34.764+00:00,True,55,55.0,,55.0,72311.779734,75890.506902,75890.506981,1379.8273996545454,0.0,72311.779734,9743.406839067715,361.39710290000005,66.27272533333334,190.32690063257175,0.7247283256524215,30,64,,False,True,,252,87.6246207195492
67,2026-09-18T06:49:19.160+00:00,2026-09-18T06:50:32.226+00:00,2026-09-18T06:50:35.469+00:00,True,55,55.0,,55.0,73066.028296,76309.09312800001,76309.093183,1387.4380578727273,0.01667,73066.028296,9845.003210771425,113.28456969999999,60.056756148148146,132.8671534364286,0.7207528977934993,30,64,,False,True,,220,87.6246207195492
68,2026-09-18T06:49:19.643+00:00,2026-09-18T06:50:34.739+00:00,2026-09-18T06:50:35.242+00:00,True,20,20.0,,20.0,75096.170027,75599.086379,75599.08625,3779.9543125,0.0165,75096.170027,16786.157333481544,3895.16341845,26.46928168421053,46.85083856186058,0.2645534616613518,30,64,,False,True,,88,87.6246207195492
69,2026-09-18T06:49:20.082+00:00,2026-09-18T06:50:35.473+00:00,2026-09-18T06:50:40.769+00:00,True,86,86.0,,86.0,75391.376689,80686.80299299999,80686.803042,938.2186400232558,33.336159,75391.376689,8122.953603888084,92.72400875,62.29913298823529,12.99239770528567,1.0658496409562908,30,64,,False,True,,355,87.6246207195492
70,2026-09-18T06:49:20.485+00:00,2026-09-18T06:50:37.020+00:00,2026-09-18T06:50:42.991+00:00,True,95,95.0,,95.0,76534.850744,82505.65036,82505.650329,868.4805297789474,31.639312,76534.850744,7845.804484544257,94.8902493,63.519144851063835,13.45055051968421,1.1514362905508038,30,64,,False,True,,462,87.6246207195492
71,2026-09-18T06:49:20.770+00:00,2026-09-18T06:50:38.447+00:00,2026-09-18T06:50:41.295+00:00,True,45,45.0,,45.0,77676.362663,80524.888487,80524.88854700001,1789.4419677111114,35.547084000000005,77676.362663,11569.667080269503,103.6965568,64.73922327272727,14.884382814438151,0.558833434550671,30,64,,False,True,,192,87.6246207195492
72,2026-09-18T06:49:21.092+00:00,2026-09-18T06:50:39.428+00:00,2026-09-18T06:50:40.580+00:00,True,19,19.0,,19.0,78335.445191,79487.451591,79487.451799,4183.550094684211,35.794314,78335.445191,17956.7082418117,7931.2049672,64.00035555555556,16.645531739119782,0.23903143980214459,30,64,,False,True,,81,87.6246207195492
73,2026-09-18T06:49:21.588+00:00,2026-09-18T06:50:40.259+00:00,2026-09-18T06:50:43.659+00:00,True,53,53.0,,53.0,78671.564703,82070.813343,82070.813412,1548.5059134339622,35.278095,78671.564703,10797.400606794678,96.12541999999999,65.37016615384616,14.383082040122412,0.645783779167585,30,64,,False,True,,276,87.6246207195492
74,2026-09-18T06:49:21.973+00:00,2026-09-18T06:50:42.761+00:00,2026-09-18T06:50:48.180+00:00,True,89,89.0,,89.0,80787.43751,86206.32288600001,86206.322901,968.6103696741574,0.0,80787.43751,8557.806783601345,91.29158699999999,61.5782429090909,123.62368977325562,1.0324068701746434,30,64,,False,True,,462,87.6246207195492
75,2026-09-18T06:49:22.292+00:00,2026-09-18T06:50:44.038+00:00,2026-09-18T06:50:47.554+00:00,True,58,58.0,,58.0,81746.291248,85261.80024,85261.80024099999,1470.031038637931,0.0,81746.291248,10726.807491070489,73.1258819,61.67559635087719,154.4158958277793,0.6802577453999111,30,64,,False,True,,246,87.6246207195492
76,2026-09-18T06:49:22.752+00:00,2026-09-18T06:50:45.754+00:00,2026-09-18T06:50:50.683+00:00,True,84,84.0,,84.0,83002.61469599999,87931.28567199998,87931.28544499999,1046.8010172023808,0.0,83002.61469599999,9049.859285230108,75.574691,59.381578024096385,13.945124758574803,0.9552913887024874,30,64,,False,True,,434,87.6246207195492
77,2026-09-18T06:49:23.101+00:00,2026-09-18T06:50:47.104+00:00,2026-09-18T06:50:52.327+00:00,True,87,87.0,,87.0,84003.174837,89226.68203699999,89226.68179,1025.5940435632183,36.407613,84003.174837,8999.579965067256,69.875259,60.738455813953486,10.5741306244227,0.9750446616845324,30,64,,False,True,,337,87.6246207195492
78,2026-09-18T06:49:23.408+00:00,2026-09-18T06:50:48.179+00:00,2026-09-18T06:50:48.324+00:00,True,3,3.0,,3.0,84770.47661900001,84915.619915,84915.61969,28305.206563333337,51.430195,84770.47661900001,48900.3628698275,76302.8002447,72.571648,29.89823964709307,0.03532918917630208,30,64,,False,True,,8,87.6246207195492
79,2026-09-18T06:49:23.767+00:00,2026-09-18T06:50:49.524+00:00,2026-09-18T06:50:53.700+00:00,True,69,69.0,,69.0,85757.091227,89933.256859,89933.25689799999,1303.3805347536231,35.965404,85757.091227,10316.550730311703,73.1322086,61.414200470588234,8.616993772387268,0.7672356412954134,30,64,,False,True,,271,87.6246207195492
80,2026-09-18T06:49:24.124+00:00,2026-09-18T06:50:50.627+00:00,2026-09-18T06:50:53.069+00:00,True,41,41.0,,41.0,86502.669079,88945.217815,88945.217879,2169.39555802439,35.790163,86502.669079,13499.91484520198,91.86381999999999,61.0637184,10.72352322457303,0.4609578907915793,30,64,,False,True,,190,87.6246207195492
81,2026-09-18T06:49:24.471+00:00,2026-09-18T06:50:52.081+00:00,2026-09-18T06:50:52.205+00:00,True,3,3.0,,3.0,87610.000052,87733.906868,87733.906873,29244.635624333336,60.104159,87610.000052,50545.88832932393,78855.380313,61.953408,2.6151863469573255,0.034194305338683346,30,64,,False,True,,15,87.6246207195492
82,2026-09-18T06:49:24.950+00:00,2026-09-18T06:50:53.823+00:00,2026-09-18T06:50:54.575+00:00,True,12,12.0,,12.0,88872.78376,89624.88872,89624.888628,7468.740719,53.84962,88872.78376,25635.6295510716,40050.787374750005,68.37317818181819,15.701499607458988,0.13389137963104852,30,64,,False,True,,43,87.6246207195492
83,2026-09-18T06:49:25.329+00:00,2026-09-18T06:50:54.901+00:00,2026-09-18T06:50:59.282+00:00,True,72,72.0,,72.0,89571.946168,93952.56952799999,93952.56963099999,1304.8968004305555,38.809809,89571.946168,10548.88688505229,69.38491959999999,61.69892056338028,8.12218141148149,0.7663441283374625,30,64,,False,True,,374,87.6246207195492
84,2026-09-18T06:49:25.835+00:00,2026-09-18T06:50:57.103+00:00,2026-09-18T06:50:58.376+00:00,True,21,21.0,,21.0,91268.103454,92540.60700599999,92540.60710899999,4406.695576619048,54.743909,91268.103454,19902.450048849863,89.241095,63.6251776,7.1509329188580875,0.226927407107222,30,64,,False,True,,76,87.6246207195492
85,2026-09-18T06:49:26.143+00:00,2026-09-18T06:50:58.199+00:00,2026-09-18T06:51:02.221+00:00,True,66,66.0,,66.0,92056.154757,96077.88557299999,96077.885554,1455.7255386969696,36.738222,92056.154757,11323.716720927605,71.38505574999999,61.872781784615384,8.831608670290539,0.6869426778741211,30,64,,True,True,,286,87.6246207195492
86,2026-09-18T06:49:26.548+00:00,2026-09-18T06:50:59.662+00:00,2026-09-18T06:51:05.420+00:00,True,94,94.0,,94.0,93114.36943199999,98872.90562399999,98872.905594,1051.839421212766,34.599536,93114.36943199999,9597.630297374828,68.0092563,61.919744,7.546406144524345,0.9507154604869105,30,64,,True,True,,523,87.6246207195492
87,2026-09-18T06:49:26.927+00:00,2026-09-18T06:51:01.162+00:00,2026-09-18T06:51:02.324+00:00,True,20,20.0,,20.0,94234.496612,95396.314212,95396.314171,4769.81570855,35.155405,94234.496612,21057.802059696027,4777.1463545,61.148294736842104,7.329984985627921,0.20965170578345238,30,64,,True,True,,87,87.6246207195492
88,2026-09-18T06:49:27.376+00:00,2026-09-18T06:51:02.899+00:00,2026-09-18T06:51:06.906+00:00,True,65,65.0,,65.0,95522.651351,99529.555671,99529.555625,1531.2239326923077,37.69997,95522.651351,11840.365450434505,92.55628259999999,62.60788,10.164253201545034,0.653072341796248,30,64,,True,True,,274,87.6246207195492
89,2026-09-18T06:49:27.867+00:00,2026-09-18T06:51:04.782+00:00,2026-09-18T06:51:05.665+00:00,True,16,16.0,,16.0,96914.74340899999,97797.94289699999,97797.94295399998,6112.371434624999,38.855508,96914.74340899999,24213.96709223021,24278.433244999997,58.879965866666666,7.9966036616241905,0.16360262318452928,30,64,,True,True,,68,87.6246207195492
90,2026-09-18T06:49:28.166+00:00,2026-09-18T06:51:05.913+00:00,2026-09-18T06:51:11.960+00:00,True,97,97.0,,97.0,97747.26856,103794.674896,103794.674709,1070.0481928762886,33.893387000000004,97747.26856,9918.342698274002,94.00123640000001,62.993816,12.115440685187952,0.9345373459398748,30,64,,True,True,,451,87.6246207195492
91,2026-09-18T06:49:28.571+00:00,2026-09-18T06:51:07.217+00:00,2026-09-18T06:51:07.559+00:00,True,7,7.0,,7.0,98645.442711,98987.933079,98987.933247,14141.133321,44.501267999999996,98645.442711,37262.89849191956,69070.8379686,57.081728,7.317405738383078,0.07071569010753523,30,64,,True,True,,32,87.6246207195492
92,2026-09-18T06:49:28.881+00:00,2026-09-18T06:51:08.436+00:00,2026-09-18T06:51:09.482+00:00,True,18,18.0,,18.0,99554.408391,100600.751303,100600.75138500001,5588.930632500001,37.106252,99554.408391,23450.695323740732,15009.91105835,61.54958305882353,13.413755447864668,0.17892510509971932,30,64,,True,True,,77,87.6246207195492
93,2026-09-18T06:49:29.259+00:00,2026-09-18T06:51:10.047+00:00,2026-09-18T06:51:15.774+00:00,True,92,92.0,,92.0,100788.216761,106515.77106500001,106515.771041,1157.7801200108695,36.242802000000005,100788.216761,10501.340060963888,79.4320756,62.94015718681318,9.268244718954055,0.863721860905068,30,64,,True,True,,428,87.6246207195492
94,2026-09-18T06:49:29.649+00:00,2026-09-18T06:51:11.827+00:00,2026-09-18T06:51:11.957+00:00,True,3,3.0,,3.0,102178.56892,102308.836568,102308.836469,34102.945489666665,63.619772,102178.56892,58955.21928857203,91967.37680570001,65.133824,2.141096706015868,0.029322980307825486,30,64,,True,True,,4,87.6246207195492
95,2026-09-18T06:49:30.090+00:00,2026-09-18T06:51:13.456+00:00,2026-09-18T06:51:13.521+00:00,True,2,2.0,,2.0,103365.729546,103430.619914,103430.619936,51715.309968,64.89039,103365.729546,73044.72386946843,98200.68758820002,64.890368,nan,0.019336633597119988,30,64,,True,True,,4,87.6246207195492
96,2026-09-18T06:49:30.485+00:00,2026-09-18T06:51:14.641+00:00,2026-09-18T06:51:17.937+00:00,True,52,52.0,,52.0,104156.270087,107451.624711,107451.624878,2066.3774015,38.966798000000004,104156.270087,14434.91901015739,95.08373905,64.6147965490196,10.305906484445618,0.4839387039503431,30,64,,True,True,,189,87.6246207195492
97,2026-09-18T06:49:30.899+00:00,2026-09-18T06:51:16.327+00:00,2026-09-18T06:51:19.858+00:00,True,54,54.0,,54.0,105428.611325,108959.27833300001,108959.27831000001,2017.7644131481482,38.576389000000006,105428.611325,14337.957117312202,95.8045823,66.61635864150944,12.879605031018302,0.495597996115263,30,64,,True,True,,273,87.6246207195492
98,2026-09-18T06:49:31.208+00:00,2026-09-18T06:51:17.619+00:00,2026-09-18T06:51:18.418+00:00,True,13,13.0,,13.0,106411.155449,107209.84370499999,107209.84366099999,8246.911050846154,36.092634,106411.155449,29494.688340548644,42620.71743320001,66.55735466666667,15.272000145898502,0.12125752217092088,30,64,,True,True,,51,87.6246207195492
99,2026-09-18T06:49:31.705+00:00,2026-09-18T06:51:19.295+00:00,2026-09-18T06:51:22.869+00:00,True,58,58.0,,58.0,107590.02631,111163.86823000001,111163.868207,1916.618417362069,34.489707,107590.02631,14119.033647009184,89.29547085,62.69898105263158,10.533678865808184,0.5217522646836737,30,64,,True,True,,246,87.6246207195492
100,2026-09-18T06:49:32.043+00:00,2026-09-18T06:51:20.528+00:00,2026-09-18T06:51:24.521+00:00,True,64,64.0,,64.0,108485.561726,112478.748542,112478.748687,1757.480448234375,36.023723,108485.561726,13552.777539274291,92.7619953,63.383917714285715,12.097471201273775,0.5689963733558269,30,64,,True,True,,223,87.6246207195492
101,2026-09-18T06:49:32.496+00:00,2026-09-18T06:51:22.274+00:00,2026-09-18T06:51:23.253+00:00,True,17,17.0,,17.0,109778.382297,110757.320665,110757.320686,6515.136510941176,35.096644999999995,109778.382297,26610.33283001779,22029.155507400003,61.183648,14.052916436321452,0.15348872560233487,30,64,,True,True,,85,87.6246207195492
102,2026-09-18T06:49:32.941+00:00,2026-09-18T06:51:24.271+00:00,2026-09-18T06:51:27.315+00:00,True,50,50.0,,50.0,111329.42164100001,114373.31719300001,114373.31720800001,2287.46634416,38.150869,111329.42164100001,15735.57594159818,90.28439835,62.1203173877551,10.270875422037388,0.4371649019817024,30,64,,True,True,,139,87.6246207195492
103,2026-09-18T06:49:33.420+00:00,2026-09-18T06:51:26.085+00:00,2026-09-18T06:51:26.844+00:00,True,14,14.0,,14.0,112665.298772,113423.959892,113423.95990799999,8101.711421999999,41.921352,112665.298772,30095.471605523242,39476.3870826,58.358547692307695,7.718167237060097,0.12343071087740648,30,64,,True,True,,74,87.6246207195492
104,2026-09-18T06:49:33.873+00:00,2026-09-18T06:51:28.223+00:00,2026-09-18T06:51:33.355+00:00,True,83,83.0,,83.0,114350.081168,119482.29544,119482.29551000001,1439.5457290361446,36.119663,114350.081168,12544.688518998591,93.8985791,62.58797892682927,12.75278526914678,0.6946635875578723,30,64,,True,True,,335,87.6246207195492
105,2026-09-18T06:49:34.241+00:00,2026-09-18T06:51:29.707+00:00,2026-09-18T06:51:34.549+00:00,True,77,77.0,,77.0,115465.66240700001,120307.91059900001,120307.91065500001,1562.4403981168832,36.642032,115465.66240700001,13151.27890712512,94.0692706,63.713792,12.977227098502816,0.64002441416051,30,64,,True,True,,384,87.6246207195492
106,2026-09-18T06:49:34.536+00:00,2026-09-18T06:51:30.842+00:00,2026-09-18T06:51:31.479+00:00,True,11,11.0,,11.0,116306.677982,116943.248606,116943.248664,10631.204424,54.218239999999994,116306.677982,35048.58973776412,58187.1388135,63.6570624,3.9886240073503263,0.09406271957657608,30,64,,True,True,,27,87.6246207195492
107,2026-09-18T06:49:35.157+00:00,2026-09-18T06:51:31.915+00:00,2026-09-18T06:51:36.276+00:00,True,69,69.0,,69.0,116758.22928900001,121119.56458500001,121119.56479700001,1755.3560115507248,38.602068,116758.22928900001,14048.325073025517,96.14052039999999,64.13728376470588,14.38569742967722,0.5696850070128576,30,64,,True,True,,337,87.6246207195492
108,2026-09-18T06:49:35.283+00:00,2026-09-18T06:51:34.083+00:00,2026-09-18T06:51:37.011+00:00,True,48,48.0,,48.0,118799.424561,121727.281457,121727.28140200001,2535.9850292083333,36.498792,118799.424561,17138.232064242795,91.9579724,62.29482757446809,11.244760594304616,0.39432409420032877,30,64,,True,True,,256,87.6246207195492
109,2026-09-18T06:49:35.618+00:00,2026-09-18T06:51:35.708+00:00,2026-09-18T06:51:38.898+00:00,True,52,52.0,,52.0,120090.258309,123279.840901,123279.84082699999,2370.76616975,39.693477,120090.258309,16644.852411754156,89.29882955000001,62.5408351372549,9.755441210431957,0.4218045677213248,30,64,,True,True,,240,87.6246207195492
110,2026-09-18T06:49:36.009+00:00,2026-09-18T06:51:37.068+00:00,2026-09-18T06:51:40.369+00:00,True,54,54.0,,54.0,121058.460605,124360.076221,124360.076305,2302.9643760185186,38.837058,121058.460605,16465.495822956505,90.83584575,62.29463426415094,10.341667891764745,0.43422295676336453,30,64,,True,True,,271,87.6246207195492
111,2026-09-18T06:49:36.362+00:00,2026-09-18T06:51:38.598+00:00,2026-09-18T06:51:39.715+00:00,True,19,19.0,,19.0,122235.94267399999,123352.87835399999,123352.87828699998,6492.256751947368,37.368771,122235.94267399999,28028.614708377954,12308.2649498,62.05198222222222,10.660315917353888,0.154029644492555,30,64,,True,True,,65,87.6246207195492
112,2026-09-18T06:49:36.875+00:00,2026-09-18T06:51:40.748+00:00,2026-09-18T06:51:44.384+00:00,True,60,60.0,,60.0,123873.227592,127509.318472,127509.31836199999,2125.155306033333,35.433454,123873.227592,15984.011111525517,72.41094825,61.62865898305085,8.871311150463715,0.4705538443700137,30,64,,True,True,,273,87.6246207195492
113,2026-09-18T06:49:37.202+00:00,2026-09-18T06:51:41.863+00:00,2026-09-18T06:51:45.936+00:00,True,67,67.0,,67.0,124660.887591,128734.37981500001,128734.379705,1921.4086523134329,37.206291,124660.887591,15222.213796476904,72.39776520000001,61.71957915151515,9.090128284468367,0.520451491639479,30,64,,True,True,,293,87.6246207195492
114,2026-09-18T06:49:37.711+00:00,2026-09-18T06:51:43.943+00:00,2026-09-18T06:51:49.901+00:00,True,100,100.0,,100.0,126232.169241,132190.045209,132190.045135,1321.90045135,33.924827,126232.169241,12617.201968457757,68.67648849999999,60.180565333333334,8.890760042468049,0.7564866162341823,30,64,,True,True,,504,87.6246207195492
115,2026-09-18T06:49:38.180+00:00,2026-09-18T06:51:45.376+00:00,2026-09-18T06:51:49.258+00:00,True,65,65.0,,65.0,127196.079514,131078.055322,131078.05527799999,2016.5854658153846,36.109583,127196.079514,15769.211294886994,70.5613222,60.655872,9.414616016571923,0.49588773529119073,30,64,,True,True,,235,87.6246207195492
116,2026-09-18T06:49:38.635+00:00,2026-09-18T06:51:47.088+00:00,2026-09-18T06:51:50.090+00:00,True,51,51.0,,51.0,128453.925831,131455.664327,131455.664416,2577.562047372549,36.436672,128453.925831,17978.743147016274,72.5989395,60.03476992,9.168235470740173,0.3879635028364844,30,64,,True,True,,206,87.6246207195492
117,2026-09-18T06:49:39.020+00:00,2026-09-18T06:51:48.532+00:00,2026-09-18T06:51:51.613+00:00,True,52,52.0,,52.0,129512.1758,132593.295544,132593.295587,2549.871068980769,37.25684,129512.1758,17951.732101847727,75.39452150000001,60.41411262745098,9.942921264455814,0.39217669179015335,30,64,,True,True,,190,87.6246207195492
118,2026-09-18T06:49:39.448+00:00,2026-09-18T06:51:50.208+00:00,2026-09-18T06:51:50.798+00:00,True,11,11.0,,11.0,130759.177538,131350.13101,131350.130997,11940.920999727274,40.899504,130759.177538,39407.558160318724,65412.078628,59.095347200000006,7.499031507000485,0.08374563401967633,30,64,,True,True,,44,87.6246207195492
119,2026-09-18T06:49:39.894+00:00,2026-09-18T06:51:51.610+00:00,2026-09-18T06:51:56.034+00:00,True,71,71.0,,71.0,131716.440416,136140.581216,136140.581249,1917.4729753380282,34.399836,131716.440416,15624.368358561751,88.82591950000001,63.202011428571424,10.53444018356861,0.5215197361861688,30,64,,True,True,,214,87.6246207195492
120,2026-09-18T06:49:40.338+00:00,2026-09-18T06:51:53.189+00:00,2026-09-18T06:51:54.462+00:00,True,21,21.0,,21.0,132851.32211100002,134123.63212700002,134123.63228900003,6386.839632809524,41.186082999999996,132851.32211100002,28976.654604648378,92.129398,63.6155008,9.309400204278015,0.15657196026510348,30,64,,True,True,,83,87.6246207195492
121,2026-09-18T06:49:40.693+00:00,2026-09-18T06:51:54.692+00:00,2026-09-18T06:51:59.233+00:00,True,77,77.0,,77.0,133998.77312600001,138539.884934,138539.885011,1799.219285857143,36.155332,133998.77312600001,15263.771670882768,70.1719178,59.75147115789474,10.483478909109591,0.5557966215771188,30,64,,True,True,,416,87.6246207195492
122,2026-09-18T06:49:41.065+00:00,2026-09-18T06:51:56.032+00:00,2026-09-18T06:51:56.153+00:00,True,3,3.0,,3.0,134967.126493,135087.840733,135087.84072799998,45029.28024266666,51.836574,134967.126493,77888.46008049657,121477.3016098,60.35712,12.05009515776668,0.022207772244501826,30,64,,True,True,,18,87.6246207195492
123,2026-09-18T06:49:41.381+00:00,2026-09-18T06:51:57.648+00:00,2026-09-18T06:52:02.589+00:00,True,81,81.0,,81.0,136267.805783,141207.898199,141207.898025,1743.3073830246913,37.80767,136267.805783,15134.009439050476,72.286855,61.7511552,10.161958720315528,0.5736223046521743,30,64,,True,True,,437,87.6246207195492
124,2026-09-18T06:49:41.798+00:00,2026-09-18T06:51:59.045+00:00,2026-09-18T06:52:01.100+00:00,True,34,34.0,,34.0,137247.26030899998,139302.85864499997,139302.85852799998,4097.142897882352,44.702366999999995,137247.26030899998,23527.02932274991,77.59938544999999,62.290858666666665,7.498039094247153,0.24407252177534816,30,64,,True,True,,160,87.6246207195492
125,2026-09-18T06:49:42.229+00:00,2026-09-18T06:52:00.605+00:00,2026-09-18T06:52:04.484+00:00,True,63,63.0,,63.0,138375.923847,142254.838151,142254.83811799999,2258.0133034603173,34.028117,138375.923847,17425.849777229283,94.09133809999999,62.563133935483876,12.31273153988647,0.4428671869362155,30,64,,True,True,,234,87.6246207195492
126,2026-09-18T06:49:42.726+00:00,2026-09-18T06:52:02.356+00:00,2026-09-18T06:52:07.064+00:00,True,76,76.0,,76.0,139629.97095,144338.187014,144338.186895,1899.1866696710524,36.736841999999996,139629.97095,16009.45890529715,90.88598275,62.77621418666667,10.961885870714475,0.5265411847845118,30,64,,True,True,,344,87.6246207195492
127,2026-09-18T06:49:43.185+00:00,2026-09-18T06:52:04.072+00:00,2026-09-18T06:52:10.064+00:00,True,97,97.0,,97.0,140887.413748,146879.184116,146879.184131,1514.2183931030927,36.696871,140887.413748,14298.616557491223,92.9795102,62.414274666666664,11.069895654776568,0.6604067185135835,30,64,,True,True,,408,87.6246207195492
128,2026-09-18T06:49:43.552+00:00,2026-09-18T06:52:05.257+00:00,2026-09-18T06:52:05.717+00:00,True,9,9.0,,9.0,141704.776468,142165.40034,142165.400179,15796.155575444443,39.97960500000001,141704.776468,47215.73364188845,85049.65027079999,57.577984,9.333452978509753,0.0633065427908322,30,64,,True,True,,28,87.6246207195492
129,2026-09-18T06:49:43.850+00:00,2026-09-18T06:52:06.723+00:00,2026-09-18T06:52:10.901+00:00,True,69,69.0,,69.0,142872.897515,147050.553067,147050.55304,2131.167435362319,38.945367,142872.897515,17192.48231343401,85.84248600000001,61.43611105882353,9.710285996693402,0.46922638889064106,30,64,,True,True,,262,87.6246207195492
130,2026-09-18T06:49:44.166+00:00,2026-09-18T06:52:08.121+00:00,2026-09-18T06:52:09.127+00:00,True,17,17.0,,17.0,143955.554761,144961.446345,144961.446387,8527.143905117648,58.604971,143955.554761,34899.102998719216,28855.000769000002,62.868224,4.971311221596277,0.11727256059201399,30,64,,True,True,,72,87.6246207195492
131,2026-09-18T06:49:44.584+00:00,2026-09-18T06:52:09.726+00:00,2026-09-18T06:52:10.185+00:00,True,9,9.0,,9.0,145141.644214,145600.482742,145600.482738,16177.831415333334,40.022885,145141.644214,48361.43091322679,87112.7778684,57.354816,11.095638312986233,0.061812981870037816,30,64,,True,True,,38,87.6246207195492
132,2026-09-18T06:49:45.096+00:00,2026-09-18T06:52:11.668+00:00,2026-09-18T06:52:16.719+00:00,True,82,82.0,,82.0,146571.447679,151622.503295,151622.503256,1849.0549177560977,34.629195,146571.447679,16179.225610153453,85.95241345000001,62.35871130864198,10.447578445213203,0.5408168195222252,30,64,,True,True,,348,87.6246207195492
133,2026-09-18T06:49:45.559+00:00,2026-09-18T06:52:13.393+00:00,2026-09-18T06:52:19.235+00:00,True,94,94.0,,94.0,147834.241247,153675.76854299998,153675.76847,1634.8486007446809,32.498079000000004,147834.241247,15241.464422228513,90.84903945,62.81212146236559,12.734973977395057,0.6116774354943141,30,64,,True,True,,493,87.6246207195492
134,2026-09-18T06:49:46.025+00:00,2026-09-18T06:52:15.165+00:00,2026-09-18T06:52:18.169+00:00,True,49,49.0,,49.0,149140.426113,152144.458881,152144.458995,3104.9889590816324,36.020583,149140.426113,21296.83861244666,96.141329,62.584016,13.23615983894497,0.32206233707351395,30,64,,True,True,,286,87.6246207195492
135,2026-09-18T06:49:46.310+00:00,2026-09-18T06:52:16.652+00:00,2026-09-18T06:52:18.389+00:00,True,27,27.0,,27.0,150341.97719900002,152078.21476700003,152078.21469300002,5632.526470111112,38.464288,150341.97719900002,28920.479841356362,104.8570257,66.778368,16.160694688973244,0.17754022192703187,30,64,,True,True,,111,87.6246207195492
136,2026-09-18T06:49:46.594+00:00,2026-09-18T06:52:17.589+00:00,2026-09-18T06:52:19.237+00:00,True,27,27.0,,27.0,150994.49590799998,152642.39145999998,152642.391316,5653.421900592592,35.897713,150994.49590799998,29046.710255183232,101.3370658,63.38059815384615,14.68578249178245,0.176884021153949,30,64,,True,True,,105,87.6246207195492
137,2026-09-18T06:49:46.925+00:00,2026-09-18T06:52:18.671+00:00,2026-09-18T06:52:21.839+00:00,True,51,51.0,,51.0,151745.686931,154913.631123,154913.631056,3037.5221775686277,36.599131,151745.686931,21239.777020666937,89.8401375,63.358883840000004,10.846559987970016,0.32921570316498794,30,64,,True,True,,110,87.6246207195492
138,2026-09-18T06:49:47.334+00:00,2026-09-18T06:52:20.362+00:00,2026-09-18T06:52:25.386+00:00,True,80,80.0,,80.0,153028.619982,158052.542926,158052.542978,1975.656787225,35.090204,153028.619982,17102.01361124614,94.2298675,63.5939613164557,11.463276106218649,0.5061607900700206,30,64,,True,True,,455,87.6246207195492
139,2026-09-18T06:49:47.778+00:00,2026-09-18T06:52:21.965+00:00,2026-09-18T06:52:24.624+00:00,True,43,43.0,,43.0,154187.55492300002,156846.57009100003,156846.57021700003,3647.5946562093027,36.540510999999995,154187.55492300002,23503.729936722262,91.29633699999998,63.309884952380955,11.848332247349049,0.2741532694980327,30,64,,True,True,,205,87.6246207195492
140,2026-09-18T06:49:48.067+00:00,2026-09-18T06:52:23.043+00:00,2026-09-18T06:52:27.077+00:00,True,65,65.0,,65.0,154976.010208,159010.03260799998,159010.032439,2446.308191369231,36.962381,154976.010208,19214.59287762585,86.93657800000001,63.0316,10.250047344506674,0.4087792382273228,30,64,,True,True,,312,87.6246207195492
141,2026-09-18T06:49:48.780+00:00,2026-09-18T06:52:24.802+00:00,2026-09-18T06:52:28.624+00:00,True,61,61.0,,61.0,156021.501635,159844.015811,159844.0159,2620.3937032786885,37.599919,156021.501635,19968.35167572163,87.790997,63.708569600000004,9.976337514489568,0.3816220437812734,30,64,,True,True,,285,87.6246207195492
142,2026-09-18T06:49:48.903+00:00,2026-09-18T06:52:26.038+00:00,2026-09-18T06:52:27.989+00:00,True,32,32.0,,32.0,157135.418527,159086.386335,159086.3863,4971.449571875,43.805457000000004,157135.418527,27766.755679806465,81.80439830000002,62.934445419354844,7.656807866754678,0.20114857554571156,30,64,,True,True,,168,87.6246207195492
143,2026-09-18T06:49:49.301+00:00,2026-09-18T06:52:27.745+00:00,2026-09-18T06:52:31.385+00:00,True,60,60.0,,60.0,158443.90446000002,162084.10286,162084.10283400002,2701.4017139000002,36.188603,158443.90446000002,20447.057425469025,71.20478650000001,61.6982779661017,10.257827408369282,0.3701781910828414,30,64,,True,True,,290,87.6246207195492
144,2026-09-18T06:49:49.739+00:00,2026-09-18T06:52:29.415+00:00,2026-09-18T06:52:33.826+00:00,True,71,71.0,,71.0,159676.56864399998,164087.50982799998,164087.509922,2311.091689042253,37.239731,159676.56864399998,18942.647608836116,94.14434000000001,63.013445485714286,11.824918638153306,0.4326959442216151,30,64,,True,True,,240,87.6246207195492
145,2026-09-18T06:49:50.085+00:00,2026-09-18T06:52:30.748+00:00,2026-09-18T06:52:32.134+00:00,True,22,22.0,,22.0,160663.659997,162049.65142100002,162049.65146400002,7365.893248363637,43.419239000000005,160663.659997,34239.539134362014,104.02510754999999,65.99959161904762,14.418614749830466,0.13576085975553676,30,64,,True,True,,99,87.6246207195492
146,2026-09-18T06:49:50.416+00:00,2026-09-18T06:52:32.008+00:00,2026-09-18T06:52:34.597+00:00,True,41,41.0,,41.0,161591.777141,164180.339573,164180.339645,4004.398527926829,38.808268,161591.777141,25226.29264823684,102.732258,64.7140608,13.573477062203805,0.24972539407966107,30,64,,True,True,,59,87.6246207195492
147,2026-09-18T06:49:50.870+00:00,2026-09-18T06:52:33.933+00:00,2026-09-18T06:52:40.244+00:00,True,100,100.0,,100.0,163062.97478999998,169373.73216599997,169373.73201799998,1693.7373201799999,34.664256,163062.97478999998,16299.92867696086,95.2986369,63.745024,13.701172381852828,0.5904103234968685,30,64,,True,True,,477,87.6246207195492
148,2026-09-18T06:49:51.332+00:00,2026-09-18T06:52:35.868+00:00,2026-09-18T06:52:38.530+00:00,True,42,42.0,,42.0,164536.078004,167197.927092,167197.92726300002,3980.903030071429,37.341131000000004,164536.078004,25378.454840547474,105.89291574999999,64.92314848780488,15.595324549157525,0.2511992865610688,30,64,,True,True,,177,87.6246207195492
149,2026-09-18T06:49:51.612+00:00,2026-09-18T06:52:36.723+00:00,2026-09-18T06:52:41.860+00:00,True,82,82.0,,82.0,165111.483387,170247.988219,170247.988235,2076.19497847561,38.548018,165111.483387,18226.514288468705,91.45148209999999,63.41363990123457,12.257289003177073,0.48165033171797944,30,64,,True,True,,425,87.6246207195492
150,2026-09-18T06:49:51.922+00:00,2026-09-18T06:52:38.024+00:00,2026-09-18T06:52:39.726+00:00,True,28,28.0,,28.0,166102.704953,167804.362553,167804.36254200002,5993.0129479285715,39.231447,166102.704953,31378.55148782932,88.28256735,63.02435555555555,9.204214311672358,0.16686097771240224,30,64,,True,True,,140,87.6246207195492
151,2026-09-18T06:49:52.266+00:00,2026-09-18T06:52:39.315+00:00,2026-09-18T06:52:41.201+00:00,True,32,32.0,,32.0,167049.644122,168934.859098,168934.859009,5279.21434403125,34.867934999999996,167049.644122,29519.73587797061,84.84164274999999,60.81338632258064,11.660137498927407,0.18942212501823935,30,64,,True,True,,138,87.6246207195492
152,2026-09-18T06:49:52.606+00:00,2026-09-18T06:52:40.659+00:00,2026-09-18T06:52:43.427+00:00,True,44,44.0,,44.0,168053.000456,170820.59392800002,170820.593738,3882.286221318182,39.195657,168053.000456,25325.242040798363,96.9257143,64.36263888372093,10.207146854082279,0.25758018391240206,30,64,,True,True,,190,87.6246207195492
153,2026-09-18T06:49:53.100+00:00,2026-09-18T06:52:42.664+00:00,2026-09-18T06:52:46.420+00:00,True,61,61.0,,61.0,169563.554731,173319.880875,173319.88089,2841.3095227868853,37.51755,169563.554731,21702.37609506109,92.502449,62.60543573333334,12.253597767090573,0.351950391911438,30,64,,True,True,,203,87.6246207195492
154,2026-09-18T06:49:53.390+00:00,2026-09-18T06:52:43.754+00:00,2026-09-18T06:52:45.839+00:00,True,35,35.0,,35.0,170363.531904,172448.955008,172448.955007,4927.1130002,40.799404,170363.531904,28786.326927088034,81.4408338,61.33597364705882,10.421781022205398,0.20295860881485964,30,64,,True,True,,152,87.6246207195492
155,2026-09-18T06:49:53.699+00:00,2026-09-18T06:52:44.881+00:00,2026-09-18T06:52:45.775+00:00,True,16,16.0,,16.0,171181.476025,172075.750329,172075.750268,10754.73439175,38.389048,171181.476025,42780.46546739279,42850.74496525001,59.61828693333333,9.72589105342835,0.0929823055800066,30,64,,True,True,,58,87.6246207195492
156,2026-09-18T06:49:54.016+00:00,2026-09-18T06:52:45.837+00:00,2026-09-18T06:52:47.064+00:00,True,20,20.0,,20.0,171821.496685,173048.033901,173048.033989,8652.40169945,35.554744,171821.496685,38406.02275737454,8683.6028668,64.55459031578948,15.453196031351288,0.11557484675868615,30,64,,True,True,,55,87.6246207195492
157,2026-09-18T06:49:54.512+00:00,2026-09-18T06:52:48.161+00:00,2026-09-18T06:52:50.996+00:00,True,47,47.0,,47.0,173648.83200999998,176484.50074599998,176484.50068499998,3754.9893762765955,33.671807,173648.83200999998,25320.295258813858,74.53712999999999,61.644972521739135,9.37335297016961,0.26631233791823644,30,64,,True,True,,210,87.6246207195492
158,2026-09-18T06:49:54.963+00:00,2026-09-18T06:52:49.905+00:00,2026-09-18T06:52:54.031+00:00,True,65,65.0,,65.0,174941.258917,179067.220389,179067.22051,2754.8803155384617,35.421454,174941.258917,21690.80021479668,94.8063626,64.468148,13.086833916919174,0.3629921761157405,30,64,,True,True,,241,87.6246207195492
159,2026-09-18T06:49:55.345+00:00,2026-09-18T06:52:51.321+00:00,2026-09-18T06:52:54.844+00:00,True,54,54.0,,54.0,175975.698456,179498.121496,179498.121397,3324.0392851296297,40.871214,175975.698456,23938.2188494377,93.60840280000001,66.4608120754717,13.377788567549915,0.3008388029353463,30,64,,True,True,,207,87.6246207195492
160,2026-09-18T06:49:55.792+00:00,2026-09-18T06:52:53.082+00:00,2026-09-18T06:52:56.777+00:00,True,56,56.0,,56.0,177289.13725200001,180984.70614800003,180984.70610900002,3231.869751946429,40.865483999999995,177289.13725200001,23682.282199510104,98.76285825,67.19216174545456,13.233091822251932,0.3094184099412581,30,64,,True,True,,118,87.6246207195492
161,2026-09-18T06:49:56.078+00:00,2026-09-18T06:52:53.873+00:00,2026-09-18T06:52:58.974+00:00,True,79,79.0,,79.0,177795.543179,182896.131979,182896.132052,2315.140912050633,37.212061,177795.543179,19996.208705317415,94.60919589999999,65.39216410256411,13.429391087395171,0.43193915117390635,30,64,,True,True,,381,87.6246207195492
162,2026-09-18T06:49:56.426+00:00,2026-09-18T06:52:55.606+00:00,2026-09-18T06:53:01.674+00:00,True,96,96.0,,96.0,179179.822835,185247.718643,185247.718561,1929.6637350104168,36.241052,179179.822835,18280.949020681142,93.7827475,63.87258745263158,12.004126232756152,0.5182250054318149,30,64,,True,True,,413,87.6246207195492
163,2026-09-18T06:49:56.815+00:00,2026-09-18T06:52:57.109+00:00,2026-09-18T06:52:58.762+00:00,True,27,27.0,,27.0,180294.302685,181946.437597,181946.437499,6738.756944407408,39.474726000000004,180294.302685,34685.427223909035,89.50714610000001,63.54365046153846,10.315415469788478,0.1483953209339735,30,64,,True,True,,94,87.6246207195492
164,2026-09-18T06:49:57.173+00:00,2026-09-18T06:52:58.272+00:00,2026-09-18T06:53:01.863+00:00,True,58,58.0,,58.0,181098.215355,184689.20569099998,184689.205617,3184.2966485689653,37.5413,181098.215355,23771.09066071746,92.78698845,62.99983045614035,10.522384398571207,0.314041092888984,30,64,,True,True,,370,87.6246207195492
165,2026-09-18T06:49:57.486+00:00,2026-09-18T06:52:59.322+00:00,2026-09-18T06:53:02.051+00:00,True,45,45.0,,45.0,181836.19487900002,184565.17535900002,184565.175461,4101.448343577778,37.35899,181836.19487900002,27097.295072834295,72.2190792,62.02228363636363,8.516896193219418,0.24381630994292364,30,64,,True,True,,153,87.6246207195492
166,2026-09-18T06:49:57.826+00:00,2026-09-18T06:53:00.713+00:00,2026-09-18T06:53:04.643+00:00,True,65,65.0,,65.0,182887.235237,186817.213093,186817.213246,2874.1109730153844,35.714584,182887.235237,22676.754254829746,70.70957399999999,61.405904,6.914696707230357,0.3479336776512246,30,64,,True,True,,182,87.6246207195492
167,2026-09-18T06:49:58.265+00:00,2026-09-18T06:53:02.527+00:00,2026-09-18T06:53:05.549+00:00,True,51,51.0,,51.0,184262.12978,187283.64478799998,187283.644745,3672.228328333333,40.173545,184262.12978,25793.398204551257,69.79650399999998,60.430300159999994,7.546411363957761,0.27231422187308785,30,64,,True,True,,221,87.6246207195492
168,2026-09-18T06:49:58.704+00:00,2026-09-18T06:53:04.477+00:00,2026-09-18T06:53:07.511+00:00,True,52,52.0,,52.0,185772.817787,188806.872699,188806.8726,3630.9013961538462,36.195062,185772.817787,25753.80662446284,72.50971679999999,59.49127278431372,10.146108307164809,0.2754137032018931,30,64,,True,True,,224,87.6246207195492
169,2026-09-18T06:49:59.036+00:00,2026-09-18T06:53:05.391+00:00,2026-09-18T06:53:11.145+00:00,True,98,98.0,,98.0,186355.088762,192109.290874,192109.290943,1960.2988871734694,34.700865,186355.088762,18818.717054431305,67.22640449999999,59.32167125773196,10.203968855794107,0.5101262908948839,30,64,,True,True,,475,87.6246207195492
170,2026-09-18T06:49:59.387+00:00,2026-09-18T06:53:06.557+00:00,2026-09-18T06:53:12.521+00:00,True,100,100.0,,100.0,187170.070591,193134.322751,193134.322611,1931.34322611,36.003201999999995,187170.070591,18710.985212645966,69.46050374999999,60.24497131313131,10.010003349388075,0.517774358154484,30,64,,True,True,,445,87.6246207195492
171,2026-09-18T06:49:59.692+00:00,2026-09-18T06:53:08.151+00:00,2026-09-18T06:53:13.150+00:00,True,83,83.0,,83.0,188458.956556,193458.565132,193458.565107,2330.826085626506,35.091925,188458.956556,20679.368318642162,68.95679009999999,60.970836292682925,10.890206755406735,0.4290324387724458,30,64,,True,True,,464,87.6246207195492
172,2026-09-18T06:49:59.991+00:00,2026-09-18T06:53:09.188+00:00,2026-09-18T06:53:12.967+00:00,True,63,63.0,,63.0,189196.48942199998,192975.761102,192975.761182,3063.107320349206,35.412403,189196.48942199998,23828.839407054333,69.69231539999998,60.95599483870968,9.84474126380819,0.32646587136246863,30,64,,True,True,,193,87.6246207195492
173,2026-09-18T06:50:00.406+00:00,2026-09-18T06:53:11.024+00:00,2026-09-18T06:53:15.172+00:00,True,67,67.0,,67.0,190617.998257,194765.813937,194765.81396,2906.952447164179,36.922540999999995,190617.998257,23280.020332909466,95.7258786,62.845692121212124,12.347470735540734,0.34400287527703494,30,64,,True,True,,316,87.6246207195492
174,2026-09-18T06:50:00.792+00:00,2026-09-18T06:53:12.107+00:00,2026-09-18T06:53:14.977+00:00,True,46,46.0,,46.0,191315.384666,194184.92809,194184.928056,4221.411479478261,38.310499,191315.384666,28198.515570741423,94.96244,63.76763164444444,13.23583685870722,0.23688759190764855,30,64,,True,True,,206,87.6246207195492
175,2026-09-18T06:50:01.280+00:00,2026-09-18T06:53:13.873+00:00,2026-09-18T06:53:15.047+00:00,True,19,19.0,,19.0,192592.862398,193767.38066999998,193767.380664,10198.283192842106,38.293858,192592.862398,44168.8660619492,19345.511550699997,65.25101511111112,16.200823525355236,0.09805571987556765,30,64,,True,True,,90,87.6246207195492
176,2026-09-18T06:50:01.560+00:00,2026-09-18T06:53:15.110+00:00,2026-09-18T06:53:16.862+00:00,True,29,29.0,,29.0,193549.498005,195301.847445,195301.847311,6734.546459,39.837416,193549.498005,35929.619729532096,93.95091859999998,62.58390857142857,11.525900888186447,0.14848809870150792,30,64,,True,True,,136,87.6246207195492
178,2026-09-18T06:50:02.592+00:00,2026-09-18T06:53:15.421+00:00,2026-09-18T06:53:17.710+00:00,True,37,37.0,,37.0,192828.742637,195117.777133,195117.777191,5273.453437594594,36.859651,192828.742637,31690.39960440741,94.62089759999999,63.58429155555555,13.474176719119994,0.1896290565814479,30,64,,True,True,,163,87.6246207195492
177,2026-09-18T06:50:02.587+00:00,2026-09-18T06:53:15.483+00:00,2026-09-18T06:53:19.674+00:00,True,67,67.0,,67.0,192896.272561,197087.219121,197087.219152,2941.6002858507463,37.933699,192896.272561,23558.275928857896,92.277057,63.4991903030303,12.280954111631416,0.3399510140678677,30,64,,True,True,,346,87.6246207195492
179,2026-09-18T06:50:02.772+00:00,2026-09-18T06:53:19.174+00:00,2026-09-18T06:53:25.237+00:00,True,98,98.0,,98.0,196402.071547,202465.735675,202465.73573,2065.9768952040818,35.181093999999995,196402.071547,19833.29508285274,93.0510788,62.512001319587625,13.45329712579092,0.48403251875325004,30,64,,True,True,,486,87.6246207195492
180,2026-09-18T06:50:03.144+00:00,2026-09-18T06:53:21.689+00:00,2026-09-18T06:53:25.423+00:00,True,60,60.0,,60.0,198544.94832499998,202278.49763699996,202278.497751,3371.3082958499995,37.517230000000005,198544.94832499998,25623.877418937085,101.88341865000001,63.280496813559324,14.945982199257031,0.2966207515920617,30,64,,True,True,,211,87.6246207195492
181,2026-09-18T06:50:03.474+00:00,2026-09-18T06:53:22.614+00:00,2026-09-18T06:53:23.311+00:00,True,12,12.0,,12.0,199140.394696,199837.424072,199837.423984,16653.118665333335,43.622208,199140.394696,57468.589784073156,89670.01672849999,63.36630690909091,15.155810908453677,0.060048812457052514,30,64,,True,True,,35,87.6246207195492
182,2026-09-18T06:50:03.965+00:00,2026-09-18T06:53:25.007+00:00,2026-09-18T06:53:27.559+00:00,True,42,42.0,,42.0,201042.427111,203593.843175,203593.843235,4847.4724579761905,35.579334,201042.427111,31011.920002248786,94.14743010000001,62.22966009756097,11.985947583514172,0.20629307519824513,30,64,,True,True,,159,87.6246207195492
183,2026-09-18T06:50:04.360+00:00,2026-09-18T06:53:26.478+00:00,2026-09-18T06:53:31.516+00:00,True,82,82.0,,82.0,202117.697083,207155.968059,207155.9682,2526.292295121951,39.490296,202117.697083,22313.298921653783,88.3722905,62.20087624691358,9.796354356477318,0.3958370148266528,30,64,,True,True,,420,87.6246207195492
184,2026-09-18T06:50:04.749+00:00,2026-09-18T06:53:27.715+00:00,2026-09-18T06:53:29.151+00:00,True,25,25.0,,25.0,202966.279299,204401.48544299998,204401.485237,8176.05940948,40.982173,202966.279299,40581.2963644893,68.58625740000001,59.800256,6.850826312208426,0.12230830879637407,30,64,,True,True,,103,87.6246207195492
185,2026-09-18T06:50:05.132+00:00,2026-09-18T06:53:29.091+00:00,2026-09-18T06:53:35.184+00:00,True,99,99.0,,99.0,203959.921754,210052.372314,210052.37245300002,2121.741135888889,36.236612,203959.921754,20492.498211687573,88.9158849,62.16786285714286,10.960328768535119,0.47131103024158344,30,64,,True,True,,488,87.6246207195492
186,2026-09-18T06:50:05.424+00:00,2026-09-18T06:53:30.273+00:00,2026-09-18T06:53:35.828+00:00,True,89,89.0,,89.0,204848.967086,210404.18628599998,210404.186199,2364.091979764045,38.356719,204848.967086,21707.258720512167,94.5845974,63.12749090909091,11.738449838790798,0.4229953860282197,30,64,,True,True,,394,87.6246207195492
187,2026-09-18T06:50:05.769+00:00,2026-09-18T06:53:31.987+00:00,2026-09-18T06:53:36.600+00:00,True,74,74.0,,74.0,206217.23810299998,210830.826583,210830.82667399998,2849.0652253243243,36.957101,206217.23810299998,23964.924039645528,93.79259865,63.19984219178082,13.721572779251948,0.35099231549456383,30,64,,True,True,,329,87.6246207195492
188,2026-09-18T06:50:06.111+00:00,2026-09-18T06:53:33.077+00:00,2026-09-18T06:53:36.332+00:00,True,52,52.0,,52.0,206965.797306,210221.101498,210221.10151399998,4042.713490653846,36.142212,206965.797306,28692.144086834025,96.44530660000001,63.82949396078432,14.41630113111174,0.24735861257246203,30,64,,True,True,,173,87.6246207195492
189,2026-09-18T06:50:06.469+00:00,2026-09-18T06:53:34.654+00:00,2026-09-18T06:53:40.041+00:00,True,86,86.0,,86.0,208185.499469,213572.109133,213572.109006,2483.396616348837,35.809493,208185.499469,22442.38918145329,90.43922625,63.3718784,11.66941572950954,0.40267430213204625,30,64,,True,True,,444,87.6246207195492
190,2026-09-18T06:50:06.761+00:00,2026-09-18T06:53:35.564+00:00,2026-09-18T06:53:41.608+00:00,True,97,97.0,,97.0,208803.75223699998,214847.102253,214847.10221699998,2214.918579556701,36.920790999999994,208803.75223699998,21194.42029434064,91.96573099999999,62.95156266666667,11.610688554549693,0.4514838644915703,30,64,,True,True,,482,87.6246207195492
191,2026-09-18T06:50:07.143+00:00,2026-09-18T06:53:37.181+00:00,2026-09-18T06:53:39.541+00:00,True,39,39.0,,39.0,210037.926403,212398.268931,212398.268903,5446.109459051282,35.571683,210037.926403,33623.04083909189,87.21800579999999,62.11427705263158,10.833957865448891,0.1836173156979429,30,64,,True,True,,204,87.6246207195492
192,2026-09-18T06:50:07.434+00:00,2026-09-18T06:53:38.639+00:00,2026-09-18T06:53:40.456+00:00,True,30,30.0,,30.0,211204.910065,213021.70059300002,213021.700522,7100.723350733333,37.938339,211204.910065,38549.127655525524,83.95434185,62.647949241379315,9.173739914672414,0.14083072248736808,30,64,,True,True,,150,87.6246207195492
193,2026-09-18T06:50:07.745+00:00,2026-09-18T06:53:39.802+00:00,2026-09-18T06:53:41.393+00:00,True,27,27.0,,27.0,212057.107106,213647.821218,213647.821345,7912.882272037037,39.566476,212057.107106,40798.636065191116,86.1674972,61.181312,9.769499904711472,0.12637620101189795,30,64,,True,True,,130,87.6246207195492
194,2026-09-18T06:50:08.100+00:00,2026-09-18T06:53:40.862+00:00,2026-09-18T06:53:46.132+00:00,True,85,85.0,,85.0,212762.01025,218032.063882,218032.063846,2565.083104070588,33.445818,212762.01025,23070.477760311842,88.9114622,62.738733714285715,10.989855790180119,0.38985091681745676,30,64,,True,True,,278,87.6246207195492
195,2026-09-18T06:50:08.472+00:00,2026-09-18T06:53:42.484+00:00,2026-09-18T06:53:43.972+00:00,True,26,26.0,,26.0,214011.922558,215500.125822,215500.125718,8288.46637376923,39.640976,214011.922558,41959.51741655171,67.74247575,59.52813056,7.9172745268183355,0.12064958152959793,30,64,,True,True,,95,87.6246207195492
196,2026-09-18T06:50:08.759+00:00,2026-09-18T06:53:43.429+00:00,2026-09-18T06:53:46.638+00:00,True,52,52.0,,52.0,214669.861512,217878.70324,217878.703268,4189.975062846154,39.474696,214669.861512,29760.629819918162,84.4483734,62.91846525490196,9.431464299454282,0.23866490495273612,30,64,,True,True,,231,87.6246207195492
197,2026-09-18T06:50:09.253+00:00,2026-09-18T06:53:45.202+00:00,2026-09-18T06:53:51.370+00:00,True,98,98.0,,98.0,215949.702559,222117.424543,222117.424748,2266.5043341632654,0.02166,215949.702559,21807.801105583352,90.8659834,63.58476272164948,20.975273211316697,0.44120806911763943,30,64,,True,True,,337,87.6246207195492
198,2026-09-18T06:50:09.690+00:00,2026-09-18T06:53:46.926+00:00,2026-09-18T06:53:49.582+00:00,True,42,42.0,,42.0,217236.280326,219892.01050200002,219892.01068500002,5235.524063928571,0.019100000000000002,217236.280326,33510.30540616784,93.78498719999999,64.77390673170731,31.5065319212867,0.19100284682520557,30,64,,True,True,,174,87.6246207195492
199,2026-09-18T06:50:10.174+00:00,2026-09-18T06:53:49.210+00:00,2026-09-18T06:53:51.117+00:00,True,32,32.0,,32.0,219036.426733,220943.108333,220943.108181,6904.47213065625,37.949538000000004,219036.426733,38709.6640670155,81.1834552,61.505858064516126,9.802203009962192,0.1448336643828256,30,64,,True,True,,141,87.6246207195492
200,2026-09-18T06:50:10.452+00:00,2026-09-18T06:53:50.158+00:00,2026-09-18T06:53:55.805+00:00,True,92,92.0,,92.0,219706.11997499998,225352.754727,225352.754826,2449.4864654999997,38.256588,219706.11997499998,22899.48023945129,92.38705954999999,62.05093134065934,11.905202497659191,0.40824883685780516,30,64,,True,True,,390,87.6246207195492
201,2026-09-18T06:50:10.824+00:00,2026-09-18T06:53:51.494+00:00,2026-09-18T06:53:54.990+00:00,True,57,57.0,,57.0,220670.31909499998,224166.800887,224166.80093499998,3932.750893596491,35.741673000000006,220670.31909499998,29220.23072427921,90.85318380000001,62.43717485714286,13.230299056488931,0.2542749406890678,30,64,,True,True,,207,87.6246207195492
202,2026-09-18T06:50:11.231+00:00,2026-09-18T06:53:53.091+00:00,2026-09-18T06:53:53.564+00:00,True,9,9.0,,9.0,221860.023303,222332.82355899998,222332.823598,24703.647066444442,40.074144999999994,221860.023303,73933.6420616141,133146.98176380002,59.100032,12.822324682623819,0.04047985293368835,30,64,,True,True,,32,87.6246207195492
203,2026-09-18T06:50:11.701+00:00,2026-09-18T06:53:54.840+00:00,2026-09-18T06:53:57.187+00:00,True,38,38.0,,38.0,223139.19943500002,225485.867723,225485.867682,5933.838623210527,51.163163999999995,223139.19943500002,36187.67004506002,74.01524239999999,63.42346724324324,6.940328775587114,0.1685249740204624,30,64,,True,True,,189,87.6246207195492
204,2026-09-18T06:50:12.137+00:00,2026-09-18T06:53:56.367+00:00,2026-09-18T06:53:58.088+00:00,True,28,28.0,,28.0,224229.832322,225951.12333,225951.123369,8069.682977464286,55.780714999999994,224229.832322,42363.40777128721,83.3283376,63.751518814814816,6.450462567727044,0.1239206054271578,30,64,,True,True,,93,87.6246207195492
205,2026-09-18T06:50:12.522+00:00,2026-09-18T06:53:57.809+00:00,2026-09-18T06:54:01.694+00:00,True,63,63.0,,63.0,225287.460891,229172.424475,229172.42454799998,3637.6575325079366,37.29308,225287.460891,28375.659507686134,88.77716609999999,62.66070296774193,10.38748094988304,0.2749021839967162,30,64,,True,True,,241,87.6246207195492
206,2026-09-18T06:50:12.855+00:00,2026-09-18T06:53:59.123+00:00,2026-09-18T06:54:04.931+00:00,True,94,94.0,,94.0,226268.073376,232075.738528,232075.738513,2468.8908352446806,37.789949,226268.073376,23331.3307127609,78.94902935,62.448012387096774,9.492840994703508,0.40504018470960884,30,64,,True,True,,419,87.6246207195492
207,2026-09-18T06:50:13.296+00:00,2026-09-18T06:54:00.902+00:00,2026-09-18T06:54:04.935+00:00,True,66,66.0,,66.0,227605.55709000002,231638.75209800003,231638.75211000003,3509.6780622727274,35.653714,227605.55709000002,28008.67131247234,79.60477574999999,62.04915396923077,9.71219714489837,0.28492641840894223,30,64,,True,True,,251,87.6246207195492
208,2026-09-18T06:50:13.595+00:00,2026-09-18T06:54:02.077+00:00,2026-09-18T06:54:07.738+00:00,True,91,91.0,,91.0,228482.46065999998,234143.542516,234143.542601,2573.0059626483517,34.204096,228482.46065999998,23944.879145637096,91.6675135,62.90090951111111,12.165374916427417,0.3886504791981679,30,64,,True,True,,346,87.6246207195492
209,2026-09-18T06:50:13.920+00:00,2026-09-18T06:54:03.237+00:00,2026-09-18T06:54:05.640+00:00,True,41,41.0,,41.0,229316.73672999998,231720.37116199997,231720.37134999997,5651.716374390243,36.854631,229316.73672999998,35803.87378397447,69.070721,60.090860799999994,8.402682340004516,0.17693739999810437,30,64,,True,True,,205,87.6246207195492
210,2026-09-18T06:50:14.264+00:00,2026-09-18T06:54:04.495+00:00,2026-09-18T06:54:08.546+00:00,True,64,64.0,,64.0,230230.747509,234281.228661,234281.22867500002,3660.6441980468753,38.013879,230230.747509,28770.809878238615,95.6771971,64.29335161904761,13.48176130543527,0.2731759619231238,30,64,,True,True,,288,87.6246207195492
211,2026-09-18T06:50:14.560+00:00,2026-09-18T06:54:05.510+00:00,2026-09-18T06:54:09.424+00:00,True,61,61.0,,61.0,230950.47791299998,234864.178521,234864.17863599997,3850.2324366557373,39.528016,230950.47791299998,29561.829978584712,93.49460499999999,65.22834346666667,13.43364923325624,0.25972457947454,30,64,,True,True,,213,87.6246207195492
212,2026-09-18T06:50:14.929+00:00,2026-09-18T06:54:07.054+00:00,2026-09-18T06:54:08.842+00:00,True,28,28.0,,28.0,232125.035974,233912.805318,233912.80510599999,8354.028753785715,35.949771999999996,232125.035974,43854.99848761035,117.257405,66.21367940740741,17.20067272997303,0.11970272410667955,30,64,,True,True,,116,87.6246207195492
213,2026-09-18T06:50:15.294+00:00,2026-09-18T06:54:08.540+00:00,2026-09-18T06:54:09.242+00:00,True,12,12.0,,12.0,233245.37278600002,233947.832434,233947.83262200002,19495.6527185,39.688286,233245.37278600002,67313.70546741852,105008.74298450003,63.859968,11.380667061875064,0.051293486565580255,30,64,,True,True,,67,87.6246207195492
214,2026-09-18T06:50:15.618+00:00,2026-09-18T06:54:09.587+00:00,2026-09-18T06:54:10.021+00:00,True,8,8.0,,8.0,233969.155623,234403.116583,234403.11676,29300.389595,55.181356,233969.155623,82698.6700142503,152103.69788285,61.99442285714286,4.322603279764153,0.03412923905031473,30,64,,True,True,,28,87.6246207195492
215,2026-09-18T06:50:15.988+00:00,2026-09-18T06:54:10.957+00:00,2026-09-18T06:54:13.338+00:00,True,38,38.0,,38.0,234968.918261,237349.729781,237349.729774,6246.045520368421,37.162731,234968.918261,38106.55605604158,96.3278138,64.3462572972973,14.148125551436575,0.16010129876727555,30,64,,True,True,,199,87.6246207195492
216,2026-09-18T06:50:16.268+00:00,2026-09-18T06:54:12.035+00:00,2026-09-18T06:54:13.511+00:00,True,25,25.0,,25.0,235767.204449,237243.704929,237243.704964,9489.74819856,38.812258,235767.204449,47141.13784414035,89.5897936,61.520853333333335,10.5217842912144,0.105376873993271,30,64,,True,True,,122,87.6246207195492
218,2026-09-18T06:50:17.270+00:00,2026-09-18T06:54:12.968+00:00,2026-09-18T06:54:18.693+00:00,True,92,92.0,,92.0,235698.05216999998,241422.61409,241422.61418299997,2624.1588498152173,35.490214,235698.05216999998,24566.664758189825,90.2992164,62.90727384615385,11.5249844425531,0.3810744919102868,30,64,,True,True,,293,87.6246207195492
217,2026-09-18T06:50:17.245+00:00,2026-09-18T06:54:13.780+00:00,2026-09-18T06:54:17.634+00:00,True,62,62.0,,62.0,236535.171713,240389.258369,240389.258438,3877.2461038387096,34.436845,236535.171713,30031.975310708727,93.37944455,63.18174845901639,12.486859434379703,0.25791501841912323,30,64,,True,True,,316,87.6246207195492
219,2026-09-18T06:50:17.367+00:00,2026-09-18T06:54:15.354+00:00,2026-09-18T06:54:16.798+00:00,True,24,24.0,,24.0,237987.853831,239431.21203899998,239431.212029,9976.300501208332,37.007419999999996,237987.853831,48566.25954544374,95.77083265000002,62.75470469565217,14.452661749319327,0.1002375579842562,30,64,,True,True,,120,87.6246207195492
220,2026-09-18T06:50:17.666+00:00,2026-09-18T06:54:17.882+00:00,2026-09-18T06:54:19.348+00:00,True,24,24.0,,24.0,240215.509422,241681.495726,241681.495778,10070.062324083334,42.043661,240215.509422,49020.775641736036,88.20813174999999,63.73853495652174,8.37278818437375,0.09930425135737064,30,64,,True,True,,101,87.6246207195492
221,2026-09-18T06:50:18.023+00:00,2026-09-18T06:54:19.162+00:00,2026-09-18T06:54:25.180+00:00,True,97,97.0,,97.0,241138.93168399998,247157.28457999998,247157.284627,2548.0132435773194,36.371992,241138.93168399998,24477.58540901033,77.5056908,62.691176,9.380195044759411,0.39246263837553613,30,64,,True,True,,493,87.6246207195492
222,2026-09-18T06:50:18.489+00:00,2026-09-18T06:54:21.305+00:00,2026-09-18T06:54:22.255+00:00,True,16,16.0,,16.0,242816.3356,243765.761264,243765.761423,15235.3600889375,51.842932999999995,242816.3356,60688.260335290026,60756.57029425,63.295044266666665,5.087278447882429,0.06563678146198675,30,64,,True,True,,77,87.6246207195492
223,2026-09-18T06:50:18.831+00:00,2026-09-18T06:54:22.714+00:00,2026-09-18T06:54:24.504+00:00,True,30,30.0,,30.0,243882.993555,245673.239187,245673.239263,8189.107975433333,40.024665,243882.993555,44515.46925939005,84.1867599,61.732608,9.854696776949238,0.12211342228106818,30,64,,True,True,,136,87.6246207195492
224,2026-09-18T06:50:19.296+00:00,2026-09-18T06:54:24.629+00:00,2026-09-18T06:54:27.650+00:00,True,49,49.0,,49.0,245333.411826,248354.277106,248354.27693999998,5068.454631428572,40.194415,245333.411826,35038.64107388348,89.9843076,62.934693333333335,10.302219287201336,0.19729879658600094,30,64,,True,True,,236,87.6246207195492
225,2026-09-18T06:50:19.663+00:00,2026-09-18T06:54:26.005+00:00,2026-09-18T06:54:27.873+00:00,True,31,31.0,,31.0,246342.18474700002,248210.27921100002,248210.27905900002,8006.783195451613,38.039209,246342.18474700002,44233.18002972191,94.2174135,62.26981546666667,11.81138511546841,0.12489410228513276,30,64,,True,True,,121,87.6246207195492
226,2026-09-18T06:50:20.100+00:00,2026-09-18T06:54:27.524+00:00,2026-09-18T06:54:30.410+00:00,True,46,46.0,,46.0,247424.711089,250309.908913,250309.909077,5441.5197625434785,39.384247,247424.711089,36471.332338673405,96.26522725,64.1155072,12.958571541792478,0.18377218944212145,30,64,,True,True,,270,87.6246207195492
227,2026-09-18T06:50:20.487+00:00,2026-09-18T06:54:29.159+00:00,2026-09-18T06:54:30.049+00:00,True,15,15.0,,15.0,248671.760063,249562.282687,249562.282626,16637.4855084,41.649232000000005,248671.760063,64190.34958120758,74668.6519359,63.60875885714286,11.346897767334665,0.06010523641031501,30,64,,True,True,,94,87.6246207195492
228,2026-09-18T06:50:20.796+00:00,2026-09-18T06:54:30.339+00:00,2026-09-18T06:54:35.007+00:00,True,76,76.0,,76.0,249542.429004,254211.020364,254211.020404,3344.8818474210525,38.439758000000005,249542.429004,28617.340938077596,79.43223575,62.247884799999994,9.387955252551725,0.29896422228736197,30,64,,True,True,,341,87.6246207195492
229,2026-09-18T06:50:21.264+00:00,2026-09-18T06:54:31.830+00:00,2026-09-18T06:54:32.821+00:00,True,17,17.0,,17.0,250566.277966,251556.997966,251556.99774999998,14797.470455882352,45.262345,250566.277966,60756.23192954486,50183.704341200006,61.92,10.756386481175346,0.06757911780413953,30,64,,True,True,,71,87.6246207195492
230,2026-09-18T06:50:21.559+00:00,2026-09-18T06:54:33.010+00:00,2026-09-18T06:54:34.253+00:00,True,21,21.0,,21.0,251450.99138999998,252693.57238199998,252693.57235299997,12033.02725490476,46.617254,251450.99138999998,54857.54772294301,88.80204399999998,62.1290496,7.9979661142776886,0.08310460690410455,30,64,,True,True,,121,87.6246207195492
231,2026-09-18T06:50:21.908+00:00,2026-09-18T06:54:34.252+00:00,2026-09-18T06:54:39.818+00:00,True,89,89.0,,89.0,252343.660329,257909.559337,257909.559338,2897.8602172808987,38.688047,252343.660329,26741.672688624243,90.32575080000001,63.24885236363637,11.757609536122398,0.3450822072232976,30,64,,True,True,,406,87.6246207195492
232,2026-09-18T06:50:22.346+00:00,2026-09-18T06:54:35.936+00:00,2026-09-18T06:54:38.797+00:00,True,46,46.0,,46.0,253590.65209299998,256450.91142099997,256450.911607,5575.019817543478,37.09486,253590.65209299998,37380.53225195361,97.0268335,63.5613184,12.521240136955775,0.17937155982450217,30,64,,True,True,,241,87.6246207195492
233,2026-09-18T06:50:22.691+00:00,2026-09-18T06:54:37.528+00:00,2026-09-18T06:54:37.900+00:00,True,7,7.0,,7.0,254836.443801,255209.06895299998,255209.069013,36458.43843042857,40.858582999999996,254836.443801,96295.65021830103,178413.19796309996,62.104192,16.76043377571891,0.02742849236791479,30,64,,True,True,,34,87.6246207195492
234,2026-09-18T06:50:23.133+00:00,2026-09-18T06:54:39.048+00:00,2026-09-18T06:54:39.359+00:00,True,6,6.0,,6.0,255914.69382,256225.862076,256225.86219699998,42704.31036616666,40.699214,255914.69382,104451.33065538642,191958.47705800002,62.233651200000004,17.63075288873947,0.023416839937181362,30,64,,True,True,,15,87.6246207195492
235,2026-09-18T06:50:23.414+00:00,2026-09-18T06:54:40.042+00:00,2026-09-18T06:54:44.745+00:00,True,78,78.0,,78.0,256627.59247600002,261331.145756,261331.14584100002,3350.3993056538466,37.4497,256627.59247600002,29050.437159320358,68.30130355,61.08510753246753,6.675635105864089,0.2984718862130086,30,64,,True,True,,323,87.6246207195492
236,2026-09-18T06:50:23.733+00:00,2026-09-18T06:54:41.322+00:00,2026-09-18T06:54:42.648+00:00,True,23,23.0,,23.0,257588.912118,258914.611446,258914.611437,11257.157019,39.661426,257588.912118,53698.43667215289,70.41522189999999,60.259060363636365,7.324720411725439,0.08883237555249736,30,64,,True,True,,116,87.6246207195492
237,2026-09-18T06:50:24.139+00:00,2026-09-18T06:54:42.608+00:00,2026-09-18T06:54:45.112+00:00,True,42,42.0,,42.0,258469.462359,260973.24859899998,260973.248731,6213.648779309524,36.526052,258469.462359,39873.28167351571,69.37772609999999,61.06795707317073,7.879058644921842,0.16093603549586552,30,64,,True,True,,177,87.6246207195492
238,2026-09-18T06:50:24.569+00:00,2026-09-18T06:54:44.448+00:00,2026-09-18T06:54:44.869+00:00,True,8,8.0,,8.0,259878.28629,260299.943634,260299.943431,32537.492928875,38.222529,259878.28629,91859.55283659081,168944.62932269997,60.23676342857143,10.131343297995695,0.03073377538355737,30,64,,True,True,,29,87.6246207195492
239,2026-09-18T06:50:24.950+00:00,2026-09-18T06:54:45.447+00:00,2026-09-18T06:54:49.377+00:00,True,67,67.0,,67.0,260497.025202,264427.80869,264427.808563,3946.683709895522,33.884766000000006,260497.025202,31817.502434392612,70.40267759999999,59.55732557575758,10.462507733004113,0.2533772840758476,30,64,,True,True,,277,87.6246207195492
240,2026-09-18T06:50:25.393+00:00,2026-09-18T06:54:47.047+00:00,2026-09-18T06:54:51.151+00:00,True,69,69.0,,69.0,261653.379135,265758.078015,265758.07782,3851.5663452173912,34.093565999999996,261653.379135,31492.09994422013,80.2049416,60.363218823529415,9.990990166309428,0.2596346290407229,30,64,,True,True,,331,87.6246207195492
241,2026-09-18T06:50:25.878+00:00,2026-09-18T06:54:48.716+00:00,2026-09-18T06:54:51.729+00:00,True,51,51.0,,51.0,262838.223803,265851.082939,265851.082842,5212.766330235294,38.034528,262838.223803,36796.27668317696,81.75929750000002,60.257182719999996,10.12417071434524,0.19183672090477075,30,64,,True,True,,211,87.6246207195492
242,2026-09-18T06:50:26.347+00:00,2026-09-18T06:54:50.615+00:00,2026-09-18T06:54:54.812+00:00,True,72,72.0,,72.0,264268.087293,268464.538109,268464.53825700004,3728.674142458334,36.550512000000005,264268.087293,31137.32835728336,67.58797515,59.10494107042254,8.629469243975182,0.26819184577281896,30,64,,True,True,,338,87.6246207195492
243,2026-09-18T06:50:26.753+00:00,2026-09-18T06:54:52.232+00:00,2026-09-18T06:54:53.217+00:00,True,18,18.0,,18.0,265479.004115,266463.25883500004,266463.259022,14803.514390111111,39.221067000000005,265479.004115,62560.355359768,39878.00027085,57.897336470588236,8.456929261208927,0.0675515269110553,30,64,,True,True,,68,87.6246207195492
244,2026-09-18T06:50:27.195+00:00,2026-09-18T06:54:53.589+00:00,2026-09-18T06:54:54.936+00:00,True,24,24.0,,24.0,266393.65936,267741.279456,267741.279447,11155.886643625,32.11575,266393.65936,54365.418741186426,72.03780769999999,58.59217808695652,9.579627085178773,0.08963877385199433,30,64,,True,True,,87,87.6246207195492
245,2026-09-18T06:50:27.680+00:00,2026-09-18T06:54:55.396+00:00,2026-09-18T06:54:58.929+00:00,True,56,56.0,,56.0,267716.28782100003,271249.46926100005,271249.46910900006,4843.740519803572,37.203271,267716.28782100003,35766.511920053155,97.74710175,64.23966254545455,13.560896944206174,0.20645201685580447,30,64,,True,True,,254,87.6246207195492
246,2026-09-18T06:50:28.108+00:00,2026-09-18T06:54:57.202+00:00,2026-09-18T06:55:03.205+00:00,True,96,96.0,,96.0,269094.50235799997,275097.30734999996,275097.307377,2865.5969518437496,37.43354,269094.50235799997,27457.896127275937,91.4329055,63.18742096842105,11.840876456009234,0.34896742874281,30,64,,True,True,,452,87.6246207195492
247,2026-09-18T06:50:28.462+00:00,2026-09-18T06:54:58.553+00:00,2026-09-18T06:54:59.833+00:00,True,21,21.0,,21.0,270090.955939,271371.126435,271371.126277,12922.434584619048,38.118228,270090.955939,58924.71272600859,106.62083000000001,64.0085248,15.563924361651893,0.07738479872887291,30,64,,True,True,,65,87.6246207195492
248,2026-09-18T06:50:28.824+00:00,2026-09-18T06:55:00.079+00:00,2026-09-18T06:55:02.498+00:00,True,39,39.0,,39.0,271255.007604,273673.68741199997,273673.68749599997,7017.274038358974,36.578811,271255.007604,43425.37277021048,92.29176930000001,63.64946863157895,10.62008085904481,0.14250547931298832,30,64,,True,True,,172,87.6246207195492
249,2026-09-18T06:50:29.310+00:00,2026-09-18T06:55:01.916+00:00,2026-09-18T06:55:06.913+00:00,True,80,80.0,,80.0,272606.107144,277603.173128,277603.17322,3470.0396652500003,35.217484,272606.107144,30471.219923262204,93.29515394999999,63.25399979746836,12.674923379341996,0.2881811439637717,30,64,,True,True,,389,87.6246207195492
250,2026-09-18T06:50:29.777+00:00,2026-09-18T06:55:03.375+00:00,2026-09-18T06:55:04.632+00:00,True,21,21.0,,21.0,273597.749319,274854.61203899997,274854.611951,13088.314854809523,36.285692000000004,273597.749319,59690.21194783316,101.461929,62.843136,15.096957807248982,0.07640402991316822,30,64,,True,True,,87,87.6246207195492
251,2026-09-18T06:50:30.168+00:00,2026-09-18T06:55:04.782+00:00,2026-09-18T06:55:06.436+00:00,True,27,27.0,,27.0,274613.560531,276267.566547,276267.566538,10232.132094,42.66554,274613.560531,52837.16276044748,95.6212938,63.615616,11.608464862351603,0.09773134189244986,30,64,,True,True,,139,87.6246207195492
252,2026-09-18T06:50:30.565+00:00,2026-09-18T06:55:06.620+00:00,2026-09-18T06:55:08.644+00:00,True,33,33.0,,33.0,276054.203616,278078.672352,278078.672328,8426.626434181819,38.449288,276054.203616,48043.857132518955,94.3827346,63.264648,11.833681310613025,0.11867145265361324,30,64,,True,True,,110,87.6246207195492
253,2026-09-18T06:50:31.013+00:00,2026-09-18T06:55:08.473+00:00,2026-09-18T06:55:11.759+00:00,True,55,55.0,,55.0,277459.695735,280745.606519,280745.60655,5104.465573636364,35.424603000000005,277459.695735,37404.454762579786,91.33952270000002,60.8501997037037,12.534137898485463,0.19590689479330378,30,64,,True,True,,84,87.6246207195492
254,2026-09-18T06:50:31.510+00:00,2026-09-18T06:55:10.377+00:00,2026-09-18T06:55:10.825+00:00,True,8,8.0,,8.0,278867.10123000003,279315.03851000004,279315.038399,34914.379799875,55.865755,278867.10123000003,98571.78499314755,181287.89464465,63.99104,4.0671420944422385,0.02864149400145379,30,64,,True,True,,41,87.6246207195492
255,2026-09-18T06:50:31.956+00:00,2026-09-18T06:55:12.003+00:00,2026-09-18T06:55:13.499+00:00,True,26,26.0,,26.0,280046.934981,281543.16333300003,281543.16342500004,10828.583208653847,35.304834,280046.934981,54909.98625494414,88.76481874999999,59.84913408,11.17044991357114,0.09234818452774167,30,64,,True,True,,103,87.6246207195492
256,2026-09-18T06:50:32.262+00:00,2026-09-18T06:55:12.533+00:00,2026-09-18T06:55:12.876+00:00,True,6,6.0,,6.0,280270.94653200003,280614.23715600005,280614.23717800004,46769.03952966667,60.440347,280270.94653200003,114392.10571118612,210225.25742500005,68.6581248,11.797451831357616,0.0213816663787606,30,64,,True,True,,9,87.6246207195492
257,2026-09-18T06:50:32.632+00:00,2026-09-18T06:55:13.692+00:00,2026-09-18T06:55:18.338+00:00,True,76,76.0,,76.0,281060.115001,285705.424697,285705.424737,3759.2819044342104,35.918973,281060.115001,32232.703499995918,85.03893099999999,61.93746261333334,11.264067534837805,0.26600824986295063,30,64,,True,True,,379,87.6246207195492
258,2026-09-18T06:50:33.027+00:00,2026-09-18T06:55:15.307+00:00,2026-09-18T06:55:15.973+00:00,True,12,12.0,,12.0,282280.49654900003,282946.26499700005,282946.26493,23578.855410833337,40.176284,282280.49654900003,81469.88874776528,127064.41815855,60.524404363636364,7.354871760737087,0.04241087967755019,30,64,,True,True,,59,87.6246207195492
259,2026-09-18T06:50:33.454+00:00,2026-09-18T06:55:17.399+00:00,2026-09-18T06:55:19.518+00:00,True,36,36.0,,36.0,283944.836914,286063.560242,286063.560098,7946.210002722221,39.536027000000004,283944.836914,47314.05135066478,77.49390600000001,60.53495222857143,9.982629505491317,0.12584615799910073,30,64,,True,True,,166,87.6246207195492
261,2026-09-18T06:50:34.883+00:00,2026-09-18T06:55:22.840+00:00,2026-09-18T06:55:22.961+00:00,True,3,3.0,,3.0,287956.85687300004,288077.209641,288077.20969700004,96025.73656566668,57.900792,287956.85687300004,166217.2259785354,259167.41638890002,60.176384,3.218161755119217,0.01041387482105433,30,64,,True,True,,12,87.6246207195492
260,2026-09-18T06:50:34.831+00:00,2026-09-18T06:55:23.028+00:00,2026-09-18T06:55:23.121+00:00,True,2,2.0,,2.0,288197.216853,288290.074965,288290.075039,144145.0375195,92.858186,288197.216853,203720.54570283697,273791.99891965,92.858112,nan,0.006937457004868486,30,64,,True,True,,5,87.6246207195492
262,2026-09-18T06:50:35.013+00:00,2026-09-18T06:55:23.031+00:00,2026-09-18T06:55:28.375+00:00,True,87,87.0,,87.0,288017.853324,293361.19847600005,293361.19848900003,3371.9677987241384,35.909932,288017.853324,30872.095885142262,91.88199689999999,62.13192037209302,11.304547475475017,0.296562737171656,30,64,,True,True,,448,87.6246207195492
263,2026-09-18T06:50:35.234+00:00,2026-09-18T06:55:23.684+00:00,2026-09-18T06:55:28.242+00:00,True,75,75.0,,75.0,288449.933256,293008.265672,293008.26570399996,3906.776876053333,34.037366999999996,288449.933256,33300.21818723204,88.2441952,61.5990867027027,10.758821712756244,0.255965475335623,30,64,,True,True,,239,87.6246207195492
264,2026-09-18T06:50:35.685+00:00,2026-09-18T06:55:25.855+00:00,2026-09-18T06:55:27.725+00:00,True,31,31.0,,31.0,290170.004915,292040.386483,292040.386616,9420.657632774193,40.166115,290170.004915,52104.87432281454,79.221281,62.34605226666667,8.262600304989336,0.10614970200980933,30,64,,True,True,,206,87.6246207195492
265,2026-09-18T06:50:36.014+00:00,2026-09-18T06:55:27.050+00:00,2026-09-18T06:55:31.076+00:00,True,66,66.0,,66.0,291036.194209,295061.981601,295061.981697,4470.636086318182,37.068321000000005,291036.194209,35816.457415544966,90.8996515,61.93519064615384,12.172232207685456,0.2236818164166234,30,64,,True,True,,347,87.6246207195492
266,2026-09-18T06:50:36.509+00:00,2026-09-18T06:55:28.909+00:00,2026-09-18T06:55:30.129+00:00,True,22,22.0,,22.0,292399.900935,293619.290375,293619.290428,13346.331383090908,37.451550000000005,292399.900935,62327.489727128086,90.25481114999998,58.06616380952381,12.18163322957039,0.07492695718970778,30,64,,True,True,,106,87.6246207195492
267,2026-09-18T06:50:37.007+00:00,2026-09-18T06:55:30.794+00:00,2026-09-18T06:55:31.940+00:00,True,19,19.0,,19.0,293787.55571600003,294932.796036,294932.79614700004,15522.778744578949,56.651892999999994,293787.55571600003,67384.89156282811,29458.777184300005,63.62446222222222,6.7607513630656335,0.0644214555158553,30,64,,True,True,,80,87.6246207195492
268,2026-09-18T06:50:37.338+00:00,2026-09-18T06:55:32.099+00:00,2026-09-18T06:55:37.409+00:00,True,85,85.0,,85.0,294760.173382,300070.979142,300070.978969,3530.2468114000003,36.253572,294760.173382,31964.3738053293,91.54012619999999,63.2238780952381,10.543786134389313,0.28326631333374025,30,64,,True,True,,345,87.6246207195492
269,2026-09-18T06:50:37.701+00:00,2026-09-18T06:55:33.265+00:00,2026-09-18T06:55:35.611+00:00,True,38,38.0,,38.0,295563.67448299995,297909.76318699995,297909.76310099993,7839.730607921051,36.621451,295563.67448299995,47936.474652685836,94.01685650000002,63.407802810810814,11.940446578630311,0.12755540333247536,30,64,,True,True,,159,87.6246207195492
270,2026-09-18T06:50:38.179+00:00,2026-09-18T06:55:35.274+00:00,2026-09-18T06:55:38.214+00:00,False,47,46.0,,46.0,297094.740806,300034.77818200004,300034.778301,6383.718687255319,0.03933,297094.740806,43326.401719747846,95.6417717,63.913856,15.385749057703542,0.15331555987851703,30,64,,True,False,Request timeout: 300.0s exceeded,169,87.6246207195492
271,2026-09-18T06:50:38.602+00:00,2026-09-18T06:55:36.924+00:00,2026-09-18T06:55:38.650+00:00,False,29,28.0,,28.0,298321.608541,300048.102749,300048.102853,10346.486305275861,0.02389,298321.608541,55385.48390875288,90.4900526,61.66050742857143,15.137255135057252,0.09331837043283327,30,64,,True,False,Request timeout: 300.0s exceeded,89,87.6246207195492
272,2026-09-18T06:50:39.018+00:00,2026-09-18T06:55:38.650+00:00,2026-09-18T06:55:39.077+00:00,False,9,8.0,,8.0,299632.833719,300059.420855,300059.420828,33339.935647555554,0.02086,299632.833719,99859.83882674483,179805.12655979997,53.323392,21.63113786873728,0.02666138585885594,30,64,,True,False,Request timeout: 300.0s exceeded,8,87.6246207195492
273,2026-09-18T06:50:39.512+00:00,2026-09-18T06:55:39.604+00:00,2026-09-18T06:55:39.604+00:00,False,1,0.0,,0.0,300092.12786199996,300092.12786199996,300092.12786199996,300092.12786199996,300092.12786199996,300092.12786199996,nan,300092.12786199996,nan,nan,0.0,30,64,,True,False,"HTTPConnectionPool(host='gpu03', port=9002): Read timed out.",0,87.6246207195492
274,2026-09-18T06:50:40.022+00:00,2026-09-18T06:55:40.055+00:00,2026-09-18T06:55:40.055+00:00,False,1,0.0,,0.0,300033.254219,300033.254219,300033.254219,300033.254219,300033.254219,300033.254219,nan,300033.254219,nan,nan,0.0,30,64,,True,False,TTFT timeout: 300.0s exceeded (TTFT: 300.029s),0,87.6246207195492
275,2026-09-18T06:50:40.380+00:00,2026-09-18T06:55:40.317+00:00,2026-09-18T06:55:40.389+00:00,False,3,2.0,,2.0,299936.859001,300008.277881,300008.277857,100002.75928566667,0.03714,299936.859001,173148.01311088665,269950.3112725,35.70944,50.448278745313004,0.0066664827188312155,30,64,,True,False,Request timeout: 300.0s exceeded,4,87.6246207195492
276,2026-09-18T06:50:40.674+00:00,2026-09-18T06:55:40.767+00:00,2026-09-18T06:55:40.767+00:00,False,1,0.0,,0.0,300093.23693,300093.23693,300093.23693,300093.23693,300093.23693,300093.23693,nan,300093.23693,nan,nan,0.0,30,64,,True,False,"HTTPConnectionPool(host='gpu03', port=9002): Read timed out.",0,87.6246207195492
277,2026-09-18T06:50:41.039+00:00,2026-09-18T06:55:41.072+00:00,2026-09-18T06:55:41.072+00:00,False,1,0.0,,0.0,300033.498613,300033.498613,300033.498613,300033.498613,300033.498613,300033.498613,nan,300033.498613,nan,nan,0.0,30,64,,True,False,"HTTPConnectionPool(host='gpu03', port=9002): Read timed out.",0,87.6246207195492
278,2026-09-18T06:50:41.369+00:00,2026-09-18T06:55:41.410+00:00,2026-09-18T06:55:41.410+00:00,False,1,0.0,,0.0,300041.051851,300041.051851,300041.051851,300041.051851,300041.051851,300041.051851,nan,300041.051851,nan,nan,0.0,30,64,,True,False,TTFT timeout: 300.0s exceeded (TTFT: 300.034s),0,87.6246207195492
279,2026-09-18T06:50:41.652+00:00,2026-09-18T06:55:41.613+00:00,2026-09-18T06:55:41.683+00:00,False,3,2.0,,2.0,299960.583254,300030.905174,300030.905252,100010.30175066667,0.044039999999999996,299960.583254,173162.02683656567,269971.5527244,35.16096,49.66283584647949,0.006665979955765289,30,64,,True,False,Request timeout: 300.0s exceeded,6,87.6246207195492
280,2026-09-18T06:50:41.975+00:00,2026-09-18T06:55:42.056+00:00,2026-09-18T06:55:42.056+00:00,False,1,0.0,,0.0,300081.378509,300081.378509,300081.378509,300081.378509,300081.378509,300081.378509,nan,300081.378509,nan,nan,0.0,30,64,,True,False,TTFT timeout: 300.0s exceeded (TTFT: 300.075s),0,87.6246207195492
281,2026-09-18T06:50:42.481+00:00,2026-09-18T06:55:42.520+00:00,2026-09-18T06:55:42.520+00:00,False,1,0.0,,0.0,300038.812325,300038.812325,300038.812325,300038.812325,300038.812325,300038.812325,nan,300038.812325,nan,nan,0.0,30,64,,True,False,"HTTPConnectionPool(host='gpu03', port=9002): Read timed out.",0,87.6246207195492
282,2026-09-18T06:50:42.802+00:00,2026-09-18T06:55:42.747+00:00,2026-09-18T06:55:42.819+00:00,False,3,2.0,,2.0,299945.33470300003,300017.270191,300017.270238,100005.75674600001,0.02249,299945.33470300003,173152.75746369286,269957.9925372,35.967744,50.83457400830234,0.006666282906736468,30,64,,True,False,Request timeout: 300.0s exceeded,7,87.6246207195492
283,2026-09-18T06:50:43.089+00:00,2026-09-18T06:55:42.979+00:00,2026-09-18T06:55:43.142+00:00,False,4,3.0,,3.0,299890.04341900005,300052.83817100007,300052.838104,75013.209526,0.02291,299890.04341900005,149917.89436810644,254920.16659165005,54.26491733333334,47.92163695661847,0.00999823903778674,30,64,,True,False,Request timeout: 300.0s exceeded,7,87.6246207195492
284,2026-09-18T06:50:43.584+00:00,2026-09-18T06:55:43.659+00:00,2026-09-18T06:55:43.659+00:00,False,1,0.0,,0.0,300075.62277899997,300075.62277899997,300075.62277899997,300075.62277899997,300075.62277899997,300075.62277899997,nan,300075.62277899997,nan,nan,0.0,30,64,,True,False,"HTTPConnectionPool(host='gpu03', port=9002): Read timed out.",0,87.6246207195492
285,2026-09-18T06:50:43.903+00:00,2026-09-18T06:55:44.000+00:00,2026-09-18T06:55:44.000+00:00,False,1,0.0,,0.0,300097.41714,300097.41714,300097.41714,300097.41714,300097.41714,300097.41714,nan,300097.41714,nan,nan,0.0,30,64,,True,False,"HTTPConnectionPool(host='gpu03', port=9002): Read timed out.",0,87.6246207195492
286,2026-09-18T06:50:44.243+00:00,2026-09-18T06:55:44.255+00:00,2026-09-18T06:55:44.255+00:00,False,1,0.0,,0.0,300011.651022,300011.651022,300011.651022,300011.651022,300011.651022,300011.651022,nan,300011.651022,nan,nan,0.0,30,64,,True,False,TTFT timeout: 300.0s exceeded (TTFT: 300.007s),0,87.6246207195492
287,2026-09-18T06:50:44.527+00:00,2026-09-18T06:55:44.354+00:00,2026-09-18T06:55:44.569+00:00,False,5,4.0,,4.0,299826.900301,300041.472077,300041.472128,60008.2944256,0.02032,299826.900301,134062.67983296153,239876.25695900002,53.642944,35.78159515666477,0.013331490384680804,30,64,,True,False,Request timeout: 300.0s exceeded,11,87.6246207195492
288,2026-09-18T06:50:44.887+00:00,2026-09-18T06:55:44.751+00:00,2026-09-18T06:55:45.859+00:00,False,20,19.0,,19.0,299863.581642,300972.093898,300972.093863,15048.60469315,0.027829999999999997,299863.581642,67038.49248733469,15083.010144450001,58.34275031578947,20.843202131645036,0.06312877633910847,30,64,,True,False,Request timeout: 300.0s exceeded,57,87.6246207195492
289,2026-09-18T06:50:45.279+00:00,2026-09-18T06:55:45.536+00:00,2026-09-18T06:55:45.910+00:00,False,8,7.0,,7.0,300256.485366,300631.080438,300631.080333,37578.885041625,0.053308999999999995,300256.485366,106137.781701212,195198.4355049,53.51358171428571,27.954421420896967,0.023284352335764667,30,64,,True,False,Request timeout: 300.0s exceeded,27,87.6246207195492
291,2026-09-18T06:50:46.068+00:00,2026-09-18T06:55:46.177+00:00,2026-09-18T06:55:46.177+00:00,False,1,0.0,,0.0,300108.768423,300108.768423,300108.768423,300108.768423,300108.768423,300108.768423,nan,300108.768423,nan,nan,0.0,30,64,,True,False,"HTTPConnectionPool(host='gpu03', port=9002): Read timed out.",0,87.6246207195492
292,2026-09-18T06:50:46.525+00:00,2026-09-18T06:55:46.713+00:00,2026-09-18T06:55:46.713+00:00,False,1,0.0,,0.0,300188.26682200003,300188.26682200003,300188.26682200003,300188.26682200003,300188.26682200003,300188.26682200003,nan,300188.26682200003,nan,nan,0.0,30,64,,True,False,"HTTPConnectionPool(host='gpu03', port=9002): Read timed out.",0,87.6246207195492
290,2026-09-18T06:50:45.588+00:00,2026-09-18T06:55:46.742+00:00,2026-09-18T06:55:46.742+00:00,False,1,0.0,,0.0,301154.13617400004,301154.13617400004,301154.13617400004,301154.13617400004,301154.13617400004,301154.13617400004,nan,301154.13617400004,nan,nan,0.0,30,64,,True,False,"HTTPConnectionPool(host='gpu03', port=9002): Read timed out.",0,87.6246207195492
293,2026-09-18T06:50:46.826+00:00,2026-09-18T06:55:46.933+00:00,2026-09-18T06:55:46.933+00:00,False,1,0.0,,0.0,300107.790775,300107.790775,300107.790775,300107.790775,300107.790775,300107.790775,nan,300107.790775,nan,nan,0.0,30,64,,True,False,"HTTPConnectionPool(host='gpu03', port=9002): Read timed out.",0,87.6246207195492
294,2026-09-18T06:50:47.183+00:00,2026-09-18T06:55:47.107+00:00,2026-09-18T06:55:47.291+00:00,False,3,2.0,,2.0,299924.388911,300108.417071,300108.416966,100036.13898866666,0.02423,299924.388911,173108.3267924531,269950.35040239996,92.01408,130.09316619144604,0.0066642582687937,30,64,,True,False,Request timeout: 300.0s exceeded,7,87.6246207195492
295,2026-09-18T06:50:47.588+00:00,2026-09-18T06:55:47.293+00:00,2026-09-18T06:55:47.632+00:00,False,8,7.0,,7.0,299704.969652,300043.681716,300043.681726,37505.46021575,0.024359000000000002,299704.969652,105944.60276323225,194831.02608460002,48.38743771428572,22.829303471572597,0.02332993636115191,30,64,,True,False,Request timeout: 300.0s exceeded,22,87.6246207195492
296,2026-09-18T06:50:48.028+00:00,2026-09-18T06:55:48.128+00:00,2026-09-18T06:55:48.128+00:00,False,1,0.0,,0.0,300100.499839,300100.499839,300100.499839,300100.499839,300100.499839,300100.499839,nan,300100.499839,nan,nan,0.0,30,64,,True,False,"HTTPConnectionPool(host='gpu03', port=9002): Read timed out.",0,87.6246207195492
297,2026-09-18T06:50:48.486+00:00,2026-09-18T06:55:48.556+00:00,2026-09-18T06:55:48.556+00:00,False,1,0.0,,0.0,300069.95622399997,300069.95622399997,300069.95622399997,300069.95622399997,300069.95622399997,300069.95622399997,nan,300069.95622399997,nan,nan,0.0,30,64,,True,False,TTFT timeout: 300.0s exceeded (TTFT: 300.063s),0,87.6246207195492
298,2026-09-18T06:50:48.828+00:00,2026-09-18T06:55:48.746+00:00,2026-09-18T06:55:48.887+00:00,False,4,3.0,,3.0,299917.634931,300058.698867,300058.698777,75014.67469425,0.05266,299917.634931,149935.31051145765,254940.86087445,47.021312,40.72360991014191,0.009998043753864773,30,64,,True,False,Request timeout: 300.0s exceeded,11,87.6246207195492
299,2026-09-18T06:50:49.312+00:00,2026-09-18T06:55:49.360+00:00,2026-09-18T06:55:49.360+00:00,False,1,0.0,,0.0,300048.584754,300048.584754,300048.584754,300048.584754,300048.584754,300048.584754,nan,300048.584754,nan,nan,0.0,30,64,,True,False,TTFT timeout: 300.0s exceeded (TTFT: 300.039s),0,87.6246207195492
300,2026-09-18T06:50:49.627+00:00,2026-09-18T06:55:49.771+00:00,2026-09-18T06:55:49.771+00:00,False,1,0.0,,0.0,300144.560826,300144.560826,300144.560826,300144.560826,300144.560826,300144.560826,nan,300144.560826,nan,nan,0.0,30,64,,True,False,"HTTPConnectionPool(host='gpu03', port=9002): Read timed out.",0,87.6246207195492
301,2026-09-18T06:50:49.926+00:00,2026-09-18T06:55:49.958+00:00,2026-09-18T06:55:49.958+00:00,False,1,0.0,,0.0,300031.28952999995,300031.28952999995,300031.28952999995,300031.28952999995,300031.28952999995,300031.28952999995,nan,300031.28952999995,nan,nan,0.0,30,64,,True,False,"HTTPConnectionPool(host='gpu03', port=9002): Read timed out.",0,87.6246207195492
302,2026-09-18T06:50:50.319+00:00,2026-09-18T06:55:50.165+00:00,2026-09-18T06:55:50.382+00:00,False,5,4.0,,4.0,299846.527397,300063.015333,300063.015381,60012.6030762,0.02059,299846.527397,134071.24316574863,239891.947702,54.121984,36.08857992462731,0.013330533240029373,30,64,,True,False,Request timeout: 300.0s exceeded,12,87.6246207195492
303,2026-09-18T06:50:50.796+00:00,2026-09-18T06:55:50.859+00:00,2026-09-18T06:55:50.859+00:00,False,1,0.0,,0.0,300062.958568,300062.958568,300062.958568,300062.958568,300062.958568,300062.958568,nan,300062.958568,nan,nan,0.0,30,64,,True,False,TTFT timeout: 300.0s exceeded (TTFT: 300.055s),0,87.6246207195492
304,2026-09-18T06:50:51.270+00:00,2026-09-18T06:55:51.331+00:00,2026-09-18T06:55:51.331+00:00,False,1,0.0,,0.0,300061.07362,300061.07362,300061.07362,300061.07362,300061.07362,300061.07362,nan,300061.07362,nan,nan,0.0,30,64,,True,False,"HTTPConnectionPool(host='gpu03', port=9002): Read timed out.",0,87.6246207195492
305,2026-09-18T06:50:51.548+00:00,2026-09-18T06:55:51.457+00:00,2026-09-18T06:55:51.587+00:00,False,4,3.0,,3.0,299909.230178,300039.176546,300039.176334,75009.7940835,0.04018,299909.230178,149932.96226083243,254936.78722969998,43.315456,46.77654695076292,0.009998694285644594,30,64,,True,False,Request timeout: 300.0s exceeded,10,87.6246207195492
306,2026-09-18T06:50:51.857+00:00,2026-09-18T06:55:51.738+00:00,2026-09-18T06:55:51.922+00:00,False,5,4.0,,4.0,299881.059574,300065.56773400004,300065.567647,60013.113529400005,0.04305,299881.059574,134090.26088467115,239917.22213200002,46.12704,30.723954875292474,0.013330419848590864,30,64,,True,False,Request timeout: 300.0s exceeded,18,87.6246207195492
307,2026-09-18T06:50:52.364+00:00,2026-09-18T06:55:52.468+00:00,2026-09-18T06:55:52.468+00:00,False,1,0.0,,0.0,300104.578621,300104.578621,300104.578621,300104.578621,300104.578621,300104.578621,nan,300104.578621,nan,nan,0.0,30,64,,True,False,"HTTPConnectionPool(host='gpu03', port=9002): Read timed out.",0,87.6246207195492
308,2026-09-18T06:50:52.679+00:00,2026-09-18T06:55:52.727+00:00,2026-09-18T06:55:52.727+00:00,False,1,0.0,,0.0,300047.928359,300047.928359,300047.928359,300047.928359,300047.928359,300047.928359,nan,300047.928359,nan,nan,0.0,30,64,,True,False,TTFT timeout: 300.0s exceeded (TTFT: 300.044s),0,87.6246207195492
309,2026-09-18T06:50:52.972+00:00,2026-09-18T06:55:52.816+00:00,2026-09-18T06:55:52.999+00:00,False,6,5.0,,5.0,299844.155634,300027.22328200005,300027.223191,50004.5371985,0.02115,299844.155634,122395.91870204764,224901.3062315,36.6135296,25.7224995134917,0.016665154399340708,30,64,,True,False,Request timeout: 300.0s exceeded,13,87.6246207195492
0,2026-09-18T06:48:53.165+00:00,2026-09-18T06:48:53.414+00:00,2026-09-18T06:48:59.142+00:00,True,99,99.0,,99.0,249.082097,5976.447985000001,5976.447744,60.36815903030303,12.035078,249.082097,22.168923109243664,69.87263689999999,58.44250906122449,11.208816772841262,16.56502327945886,31,64,,False,True,,300,87.6246207195492
1,2026-09-18T06:48:53.653+00:00,2026-09-18T06:48:53.848+00:00,2026-09-18T06:48:59.388+00:00,True,94,94.0,,94.0,195.76316599999998,5735.415774,5735.415553,61.015059074468084,8.406214,195.76316599999998,17.263987464230716,68.6856153,59.56615707526882,10.089779134181923,16.38939593989407,31,64,,False,True,,435,87.6246207195492
2,2026-09-18T06:48:54.007+00:00,2026-09-18T06:48:54.938+00:00,2026-09-18T06:48:57.760+00:00,True,47,47.0,,47.0,931.398069,3753.4550289999997,3753.455085,79.8607464893617,37.221071,931.398069,127.10693474543426,70.31697190000001,61.349064347826086,7.156563086276756,12.521796488000497,31,64,,False,True,,205,87.6246207195492
3,2026-09-18T06:48:54.582+00:00,2026-09-18T06:48:57.692+00:00,2026-09-18T06:49:02.589+00:00,True,82,82.0,,82.0,3110.161111,8007.397335,8007.397341,97.65118708536585,0.0,3110.161111,337.0890255457332,71.16989205,60.4597064691358,14.445649681261228,10.240530920275608,31,64,,False,True,,274,87.6246207195492
4,2026-09-18T06:48:55.129+00:00,2026-09-18T06:48:59.325+00:00,2026-09-18T06:48:59.911+00:00,True,11,11.0,,11.0,4195.451005,4781.666685,4781.666665,434.6969695454545,6.853077,4195.451005,1247.5583104436864,2156.008369,58.621568,26.707008960006885,2.3004531107337103,31,64,,False,True,,50,87.6246207195492
5,2026-09-18T06:48:55.565+00:00,2026-09-18T06:49:01.067+00:00,2026-09-18T06:49:03.675+00:00,True,45,45.0,,45.0,5501.041998,8109.929294,8109.92918,180.22064844444444,0.0,5501.041998,811.3438957323907,71.0654666,59.2928930909091,15.017440488209505,5.548753678196989,31,64,,False,True,,197,87.6246207195492
6,2026-09-18T06:48:55.938+00:00,2026-09-18T06:49:02.467+00:00,2026-09-18T06:49:08.400+00:00,True,100,100.0,,100.0,6529.166477,12462.223501,12462.223612,124.62223612,0.0,6529.166477,648.0282091210788,72.19665035,59.92986892929293,38.01227302291502,8.024250246513052,31,64,,False,True,,483,87.6246207195492
7,2026-09-18T06:48:56.317+00:00,2026-09-18T06:49:03.921+00:00,2026-09-18T06:49:05.738+00:00,True,32,32.0,,32.0,7603.914,9421.380111999999,9421.380213,294.41813165625,7.420377,7603.914,1334.0312209126762,108.5782965,58.62793909677419,23.509533759479616,3.396529979640843,31,64,,False,True,,153,87.6246207195492
8,2026-09-18T06:48:56.647+00:00,2026-09-18T06:49:05.194+00:00,2026-09-18T06:49:08.402+00:00,True,53,53.0,,53.0,8547.290807,11754.534582999999,11754.534646999999,221.78367258490564,0.0,8547.290807,1166.5962291835635,167.63957879999998,61.67776492307692,48.94967204567599,4.508898215047262,31,64,,False,True,,218,87.6246207195492
9,2026-09-18T06:48:57.113+00:00,2026-09-18T06:49:06.861+00:00,2026-09-18T06:49:09.792+00:00,True,50,50.0,,50.0,9748.502935,12679.773335,12679.773198,253.59546396000002,0.0,9748.502935,1370.8453262269481,139.3054593,59.82184489795918,42.938451454236585,3.9432881550007615,31,64,,False,True,,299,87.6246207195492
10,2026-09-18T06:48:57.539+00:00,2026-09-18T06:49:08.406+00:00,2026-09-18T06:49:11.795+00:00,True,58,58.0,,58.0,10867.245517000001,14255.813069000002,14255.813070000002,245.7898805172414,0.0,10867.245517000001,1419.3326408212263,68.2160045,59.448553543859646,24.000473421605687,4.068515749980194,31,64,,False,True,,273,87.6246207195492
11,2026-09-18T06:48:57.909+00:00,2026-09-18T06:49:09.794+00:00,2026-09-18T06:49:14.047+00:00,True,71,71.0,,71.0,11884.971045,16138.522149,16138.522011000001,227.30312691549295,0.0,11884.971045,1403.6163420941655,68.5169225,60.76501577142857,31.173005305394454,4.399411504008092,31,64,,False,True,,244,87.6246207195492
12,2026-09-18T06:48:58.416+00:00,2026-09-18T06:49:11.614+00:00,2026-09-18T06:49:16.957+00:00,True,90,90.0,,90.0,13197.227856000001,18540.452176000003,18540.452197000002,206.00502441111112,0.0,13197.227856000001,1385.2290570122432,69.3672329,60.03622831460674,35.405960953693985,4.854250540690804,31,64,,False,True,,435,87.6246207195492
13,2026-09-18T06:48:58.861+00:00,2026-09-18T06:49:13.410+00:00,2026-09-18T06:49:17.999+00:00,True,78,78.0,,78.0,14548.585995,19137.658379,19137.658456999998,245.3545956025641,0.0,14548.585995,1640.9955744260383,71.26644685000001,59.59834264935065,38.28141797097146,4.075733742096181,31,64,,False,True,,406,87.6246207195492
14,2026-09-18T06:48:59.419+00:00,2026-09-18T06:49:15.383+00:00,2026-09-18T06:49:17.456+00:00,True,36,36.0,,36.0,15964.086174,18037.178526,18037.178642,501.03274005555556,0.0,15964.086174,2651.1895458543754,126.10834849999999,59.23121005714285,45.564513353599146,1.9958775674425568,31,64,,False,True,,182,87.6246207195492
15,2026-09-18T06:48:59.762+00:00,2026-09-18T06:49:16.944+00:00,2026-09-18T06:49:18.247+00:00,True,27,27.0,,27.0,17182.655649999997,18485.494689999996,18485.494768999997,684.6479544074073,0.0,17182.655649999997,3297.2317546925096,67.1520133,50.10919384615385,22.16767324129219,1.4606046769527923,31,64,,False,True,,113,87.6246207195492
16,2026-09-18T06:49:00.294+00:00,2026-09-18T06:49:18.623+00:00,2026-09-18T06:49:21.776+00:00,True,52,52.0,,52.0,18328.555559999997,21482.461991999997,21482.461989999996,413.1242690384615,0.0,18328.555559999997,2534.1556777871756,198.86688985,61.841302588235294,72.54389972470452,2.4205791691550362,31,64,,False,True,,197,87.6246207195492
17,2026-09-18T06:49:00.821+00:00,2026-09-18T06:49:20.530+00:00,2026-09-18T06:49:24.860+00:00,True,71,71.0,,71.0,19708.860657,24038.964209,24038.96444,338.576963943662,0.0,19708.860657,2332.3592870390607,100.654733,61.85862217142857,57.102267791722454,2.953538238283085,31,64,,False,True,,303,87.6246207195492
18,2026-09-18T06:49:01.374+00:00,2026-09-18T06:49:22.478+00:00,2026-09-18T06:49:26.647+00:00,True,70,70.0,,70.0,21103.632954,25272.996154,25272.996226,361.0428032285714,0.0,21103.632954,2515.4682294492645,80.199423,60.42555362318841,40.66036164604791,2.7697547047234834,31,64,,False,True,,335,87.6246207195492
19,2026-09-18T06:49:01.715+00:00,2026-09-18T06:49:24.131+00:00,2026-09-18T06:49:27.205+00:00,True,57,57.0,,57.0,22415.471366,25489.251078,25489.251065,447.17984324561405,0.0,22415.471366,2961.7980169220655,76.0345568,54.888923428571424,20.029914803841947,2.2362367503687546,31,64,,False,True,,296,87.6246207195492
20,2026-09-18T06:49:02.117+00:00,2026-09-18T06:49:25.452+00:00,2026-09-18T06:49:30.902+00:00,True,91,91.0,,91.0,23334.409529,28784.853049,28784.853151,316.3170675934066,0.0,23334.409529,2440.0875620419383,71.18298300000001,60.56048355555555,40.06297143674205,3.16138490771838,31,64,,False,True,,270,87.6246207195492
21,2026-09-18T06:49:02.438+00:00,2026-09-18T06:49:26.647+00:00,2026-09-18T06:49:29.850+00:00,True,54,54.0,,54.0,24208.606013,27412.010813,27412.010932,507.6298320740741,0.0,24208.606013,3286.542981294431,88.87670835,60.4416,51.377785541380995,1.9699393951205793,31,64,,False,True,,339,87.6246207195492
22,2026-09-18T06:49:02.954+00:00,2026-09-18T06:49:28.700+00:00,2026-09-18T06:49:29.843+00:00,True,19,19.0,,19.0,25746.176558,26889.008174,26889.008034,1415.2109491578947,37.362511,25746.176558,5892.01985812238,2656.1871236,63.49064533333333,9.750665105575711,0.7066084355752408,31,64,,False,True,,72,87.6246207195492
23,2026-09-18T06:49:03.466+00:00,2026-09-18T06:49:30.785+00:00,2026-09-18T06:49:32.071+00:00,True,23,23.0,,23.0,27318.925485,28604.861101,28604.861185,1243.6896167391303,41.430693,27318.925485,5684.206792366185,72.7347235,58.451618909090904,7.761376947373847,0.8040591394165498,31,64,,False,True,,116,87.6246207195492
24,2026-09-18T06:49:03.883+00:00,2026-09-18T06:49:32.361+00:00,2026-09-18T06:49:37.660+00:00,True,87,87.0,,87.0,28477.869331,33776.728083,33776.728181,388.23825495402303,0.0,28477.869331,3047.339191228598,92.0841747,61.61463665116279,70.09552911805845,2.5757379396315043,31,64,,False,True,,256,87.6246207195492
25,2026-09-18T06:49:04.439+00:00,2026-09-18T06:49:34.534+00:00,2026-09-18T06:49:39.750+00:00,True,86,86.0,,86.0,30094.417377,35311.288545,35311.288357000005,410.59637624418605,0.0,30094.417377,3239.425994880192,97.07728875000001,61.37495491764706,75.93938916426725,2.435481783407686,31,64,,False,True,,419,87.6246207195492
26,2026-09-18T06:49:04.867+00:00,2026-09-18T06:49:35.909+00:00,2026-09-18T06:49:40.680+00:00,True,79,79.0,,79.0,31041.922179,35812.535427,35812.535498,453.32323415189876,0.0,31041.922179,3486.0357418152043,90.8537549,61.1617083076923,54.96966530552268,2.2059315001874973,31,64,,False,True,,325,87.6246207195492
27,2026-09-18T06:49:05.313+00:00,2026-09-18T06:49:37.600+00:00,2026-09-18T06:49:39.942+00:00,True,40,40.0,,40.0,32286.610879,34629.070271,34629.070167,865.726754175,0.0,32286.610879,5096.057885210356,127.08908635,60.06306133333334,78.77484956525576,1.1550988717562503,31,64,,False,True,,214,87.6246207195492
28,2026-09-18T06:49:05.652+00:00,2026-09-18T06:49:38.998+00:00,2026-09-18T06:49:39.377+00:00,True,8,8.0,,8.0,33346.103848,33724.578856,33724.578779999996,4215.5723474999995,38.801898,33346.103848,11770.516180048282,21698.044257,54.06785828571429,10.444928396447047,0.2372157124380726,31,64,,False,True,,43,87.6246207195492
29,2026-09-18T06:49:06.086+00:00,2026-09-18T06:49:40.553+00:00,2026-09-18T06:49:40.743+00:00,True,4,4.0,,4.0,34466.609498000005,34657.058650000006,34657.058706,8664.2646765,58.748051,34466.609498000005,17201.563588718018,29306.73305405,63.483050666666664,4.395544096536551,0.11541660359570069,31,64,,False,True,,15,87.6246207195492
30,2026-09-18T06:49:06.546+00:00,2026-09-18T06:49:42.644+00:00,2026-09-18T06:49:48.827+00:00,True,98,98.0,,98.0,36097.728084,42280.939604,42280.939738,431.4381605918368,0.0,36097.728084,3640.9593426110587,93.51520849999999,63.74444865979382,84.79333092543943,2.3178292847287785,31,64,,False,True,,360,87.6246207195492
31,2026-09-18T06:49:06.875+00:00,2026-09-18T06:49:43.733+00:00,2026-09-18T06:49:43.733+00:00,True,1,1.0,,1.0,36858.085127,36858.085127,36858.085127,36858.085127,36858.085127,36858.085127,nan,36858.085127,nan,nan,0.027131089326923843,31,64,,False,True,,3,87.6246207195492
32,2026-09-18T06:49:07.235+00:00,2026-09-18T06:49:45.295+00:00,2026-09-18T06:49:49.954+00:00,True,84,84.0,,84.0,38060.742363,42719.842523,42719.842738,508.5695564047619,0.0,38060.742363,4147.228147739644,89.61289715000001,56.13373686746988,70.10257119274394,1.966299383120973,31,64,,False,True,,330,87.6246207195492
33,2026-09-18T06:49:07.889+00:00,2026-09-18T06:49:46.717+00:00,2026-09-18T06:49:52.755+00:00,True,99,99.0,,99.0,38828.487275,44866.689387,44866.689386,453.19888268686867,0.0,38828.487275,3897.271059048045,89.5909966,61.614307265306124,91.08719632204627,2.206536772661568,31,64,,False,True,,477,87.6246207195492
34,2026-09-18T06:49:07.995+00:00,2026-09-18T06:49:48.842+00:00,2026-09-18T06:49:52.465+00:00,True,68,68.0,,68.0,40846.908063,44470.756255,44470.756157,653.9817081911765,0.0,40846.908063,4947.49454370548,85.95242325,54.087286447761194,80.07666868494638,1.5290947518427804,31,64,,False,True,,176,87.6246207195492
35,2026-09-18T06:49:08.440+00:00,2026-09-18T06:49:49.890+00:00,2026-09-18T06:49:54.767+00:00,True,79,79.0,,79.0,41449.889126999995,46326.240358999996,46326.240451,586.4081069746835,0.0,41449.889126999995,4657.006009175717,87.26703699999999,62.51732348717949,72.8729150702695,1.7052970279435233,31,64,,False,True,,348,87.6246207195492
36,2026-09-18T06:49:08.929+00:00,2026-09-18T06:49:51.742+00:00,2026-09-18T06:49:55.909+00:00,True,67,67.0,,67.0,42813.831947,46980.826123,46980.82604,701.2063588059701,0.0,42813.831947,5223.401719102217,97.4989379,63.13627539393939,77.95892522625991,1.4261137048673433,31,64,,False,True,,369,87.6246207195492
37,2026-09-18T06:49:09.370+00:00,2026-09-18T06:49:53.545+00:00,2026-09-18T06:49:54.462+00:00,True,15,15.0,,15.0,44174.558072,45091.36652,45091.366491,3006.0910994,55.808407,44174.558072,11388.918408092683,13323.052703399999,65.48631771428572,11.133078024897017,0.3326579156421627,31,64,,False,True,,69,87.6246207195492
38,2026-09-18T06:49:09.809+00:00,2026-09-18T06:49:55.548+00:00,2026-09-18T06:50:00.021+00:00,True,73,73.0,,73.0,45738.776103,50212.269862999994,50212.269990999994,687.8393149452054,34.255407,45738.776103,5346.066813691327,95.6051434,62.131857777777775,14.715424760336665,1.4538279229195261,31,64,,False,True,,273,87.6246207195492
39,2026-09-18T06:49:10.314+00:00,2026-09-18T06:49:57.689+00:00,2026-09-18T06:49:58.008+00:00,True,6,6.0,,6.0,47375.106971,47693.736603,47693.736713,7948.956118833334,40.496745000000004,47375.106971,19314.800065935273,35556.1559125,63.7259264,21.579572857048973,0.12580268243487955,31,64,,False,True,,13,87.6246207195492
40,2026-09-18T06:49:10.845+00:00,2026-09-18T06:49:59.697+00:00,2026-09-18T06:50:05.421+00:00,True,94,94.0,,94.0,48851.962293,54576.073397,54576.073214,580.5965235531914,0.0,48851.962293,5034.012447776972,100.02476800000001,61.54958176344086,130.1882167105477,1.7223664904622307,31,64,,False,True,,371,87.6246207195492
41,2026-09-18T06:49:11.436+00:00,2026-09-18T06:50:02.590+00:00,2026-09-18T06:50:04.994+00:00,True,41,41.0,,41.0,51154.224415,53558.612767,53558.612829,1306.3076299756096,0.01966,51154.224415,7979.609351737244,92.433299,60.1097088,28.392099919084284,0.7655164665740193,31,64,,False,True,,247,87.6246207195492
42,2026-09-18T06:49:11.902+00:00,2026-09-18T06:50:04.498+00:00,2026-09-18T06:50:10.667+00:00,True,98,98.0,,98.0,52595.494232,58764.583,58764.582912,599.6386011428572,0.0,52595.494232,5307.139649398148,96.20672715,63.59885327835052,81.33545389859891,1.6676711549199625,31,64,,False,True,,423,87.6246207195492
43,2026-09-18T06:49:12.352+00:00,2026-09-18T06:50:06.169+00:00,2026-09-18T06:50:10.296+00:00,True,66,66.0,,66.0,53816.887565,57944.323340999996,57944.323120999994,877.9442897121212,0.0,53816.887565,6617.336536396507,99.15299,63.49901193846154,100.52180318723926,1.1390244323260568,31,64,,False,True,,257,87.6246207195492
44,2026-09-18T06:49:12.695+00:00,2026-09-18T06:50:07.422+00:00,2026-09-18T06:50:12.762+00:00,True,88,88.0,,88.0,54727.278111,60067.099679,60067.099799999996,682.5806795454546,0.0,54727.278111,5828.018519373201,96.10961755,61.377259402298854,85.07977908538997,1.4650282845396911,31,64,,False,True,,279,87.6246207195492
45,2026-09-18T06:49:13.245+00:00,2026-09-18T06:50:09.906+00:00,2026-09-18T06:50:09.906+00:00,True,6,6.0,,6.0,56660.611131,56660.611131,56660.611131,9443.4351885,0.0,56660.611131,23131.597630868477,42495.458348249995,0.0,0.0,0.10589366899216689,31,64,,False,True,,19,87.6246207195492
46,2026-09-18T06:49:13.729+00:00,2026-09-18T06:50:11.207+00:00,2026-09-18T06:50:11.207+00:00,True,1,1.0,,1.0,57478.014569,57478.014569,57478.014569,57478.014569,57478.014569,57478.014569,nan,57478.014569,nan,nan,0.01739795654910002,31,64,,False,True,,2,87.6246207195492
47,2026-09-18T06:49:14.057+00:00,2026-09-18T06:50:12.660+00:00,2026-09-18T06:50:16.170+00:00,True,58,58.0,,58.0,58602.774179,62113.649827,62113.649982,1070.9249996896551,35.114245000000004,58602.774179,7686.840267415723,74.48896450000001,61.59430961403508,10.28783192157592,0.9337722088710386,31,64,,False,True,,330,87.6246207195492
48,2026-09-18T06:49:14.555+00:00,2026-09-18T06:50:14.521+00:00,2026-09-18T06:50:17.613+00:00,True,50,50.0,,50.0,59966.450761,63058.212681,63058.212637,1261.16425274,0.01566,59966.450761,8472.606617071226,110.35281275,63.09718204081633,131.06508109019475,0.7929181287287809,31,64,,False,True,,246,87.6246207195492
49,2026-09-18T06:49:15.007+00:00,2026-09-18T06:50:16.295+00:00,2026-09-18T06:50:20.215+00:00,True,52,52.0,,52.0,61287.651929,65207.847513,65207.847387,1253.9970651346155,0.0,61287.651929,8490.203378475124,475.50212530000005,76.86658007843137,176.29872572588948,0.7974500306827816,31,64,,False,True,,268,87.6246207195492
50,2026-09-18T06:49:15.412+00:00,2026-09-18T06:50:18.077+00:00,2026-09-18T06:50:19.030+00:00,True,16,16.0,,16.0,62665.792522,63618.207242000004,63618.207245000005,3976.1379528125003,48.516510000000004,62665.792522,15650.576633368333,15731.92187725,63.49431466666666,8.3552063634635,0.2515003281865036,31,64,,False,True,,72,87.6246207195492
51,2026-09-18T06:49:15.998+00:00,2026-09-18T06:50:20.293+00:00,2026-09-18T06:50:20.413+00:00,True,3,3.0,,3.0,64294.758164,64415.046164,64415.046162,21471.682054,59.093489999999996,64294.758164,37085.87179433306,57871.401798399995,60.144,1.4859877290906542,0.04657296980525377,31,64,,False,True,,16,87.6246207195492
52,2026-09-18T06:49:16.587+00:00,2026-09-18T06:50:22.086+00:00,2026-09-18T06:50:27.503+00:00,True,87,87.0,,87.0,65499.148840999995,70915.986217,70915.986309,815.126279413793,36.861521999999994,65499.148840999995,7015.503760419338,90.46476430000001,62.98648111627907,12.36538017051913,1.2268037806565022,31,64,,False,True,,432,87.6246207195492
53,2026-09-18T06:49:17.100+00:00,2026-09-18T06:50:24.479+00:00,2026-09-18T06:50:25.998+00:00,True,26,26.0,,26.0,67378.288401,68897.844497,68897.844418,2649.917093,36.064544000000005,67378.288401,13202.05477855172,87.38523149999999,60.78224384000001,12.458512812685816,0.3773702964122791,31,64,,False,True,,108,87.6246207195492
54,2026-09-18T06:49:17.663+00:00,2026-09-18T06:50:26.423+00:00,2026-09-18T06:50:29.069+00:00,True,43,43.0,,43.0,68760.330169,71406.576057,71406.575847,1660.6180429534882,33.825778,68760.330169,10476.25272646133,92.4131054,63.00585447619048,13.884751007060679,0.6021854340932891,31,64,,False,True,,247,87.6246207195492
55,2026-09-18T06:49:18.105+00:00,2026-09-18T06:50:28.173+00:00,2026-09-18T06:50:33.457+00:00,True,87,87.0,,87.0,70067.76106399999,75351.21475999999,75351.21481699999,866.1059174367815,0.0,70067.76106399999,7506.265768473399,93.83653760000001,61.43550809302326,110.22002592472799,1.1545931976956494,31,64,,False,True,,255,87.6246207195492
56,2026-09-18T06:49:18.513+00:00,2026-09-18T06:50:29.583+00:00,2026-09-18T06:50:30.351+00:00,True,14,14.0,,14.0,71069.82440000001,71838.14491200002,71838.14476200001,5131.2960544285725,36.008112999999994,71069.82440000001,18978.416172793368,24919.000137600004,59.101577846153845,9.50942832103362,0.19488253792117907,31,64,,False,True,,57,87.6246207195492
57,2026-09-18T06:49:18.880+00:00,2026-09-18T06:50:31.187+00:00,2026-09-18T06:50:35.240+00:00,True,66,66.0,,66.0,72307.372422,76359.86727,76359.867225,1156.9676852272728,0.0,72307.372422,8894.630300039724,92.048096,62.34607458461539,184.40216327117687,0.8643283750956682,31,64,,False,True,,293,87.6246207195492
58,2026-09-18T06:49:19.380+00:00,2026-09-18T06:50:32.933+00:00,2026-09-18T06:50:38.316+00:00,True,89,89.0,,89.0,73552.469692,78936.147388,78936.14756,886.9230062921348,0.01587,73552.469692,7790.700012751948,81.3067298,61.178155636363634,100.32777823651624,1.127493587475615,31,64,,False,True,,383,87.6246207195492
59,2026-09-18T06:49:19.755+00:00,2026-09-18T06:50:34.913+00:00,2026-09-18T06:50:35.472+00:00,True,19,19.0,,19.0,75157.834825,75716.763465,75716.76345299999,3985.0928133157895,0.018389,75157.834825,17235.307415500403,7647.9663196,31.05159111111111,38.827967481756296,0.2509351843701393,31,64,,False,True,,66,87.6246207195492
60,2026-09-18T06:49:20.312+00:00,2026-09-18T06:50:36.241+00:00,2026-09-18T06:50:38.040+00:00,True,31,31.0,,31.0,75928.523351,77727.962199,77727.96221099999,2507.3536197096773,32.045451,75928.523351,13626.397467354145,80.60528099999999,59.98129493333333,11.940363004277685,0.3988268716042426,31,64,,False,True,,76,87.6246207195492
61,2026-09-18T06:49:20.763+00:00,2026-09-18T06:50:38.387+00:00,2026-09-18T06:50:44.096+00:00,True,90,90.0,,90.0,77624.025919,83333.224767,83333.22452900001,925.9247169888889,34.200277,77624.025919,8175.5406322763865,100.00676844999998,64.14830166292134,13.902714857426147,1.080001407021513,31,64,,False,True,,379,87.6246207195492
62,2026-09-18T06:49:21.589+00:00,2026-09-18T06:50:40.256+00:00,2026-09-18T06:50:40.647+00:00,True,6,6.0,,6.0,78667.48862,79058.461548,79058.461436,13176.410239333334,60.682627000000004,78667.48862,32083.949351765317,59025.27770425001,78.1945856,18.795498206339857,0.0758932046300588,31,64,,False,True,,21,87.6246207195492
63,2026-09-18T06:49:21.721+00:00,2026-09-18T06:50:41.950+00:00,2026-09-18T06:50:43.142+00:00,True,20,20.0,,20.0,80229.24857099999,81420.78265099999,81420.782486,4071.0391242999995,38.452069,80229.24857099999,17925.786096771255,4096.8877709,62.71232,11.731919749301921,0.24563753072391237,31,64,,False,True,,93,87.6246207195492
64,2026-09-18T06:49:22.246+00:00,2026-09-18T06:50:43.809+00:00,2026-09-18T06:50:49.604+00:00,True,95,95.0,,95.0,81563.087677,87357.636925,87357.63699300001,919.5540736105263,0.0,81563.087677,8362.734303504454,79.76198749999999,61.64414093617021,120.75711609992744,1.0874836287245415,31,64,,False,True,,459,87.6246207195492
65,2026-09-18T06:49:22.597+00:00,2026-09-18T06:50:45.783+00:00,2026-09-18T06:50:48.931+00:00,True,66,66.0,,66.0,83186.56878399999,86334.39623999999,86334.39619799999,1308.096912090909,0.0,83186.56878399999,10233.630868705177,75.67647525,48.42811470769231,26.260980647639734,0.7644693525918379,31,64,,False,True,,383,87.6246207195492
66,2026-09-18T06:49:23.035+00:00,2026-09-18T06:50:46.792+00:00,2026-09-18T06:50:48.322+00:00,True,27,27.0,,27.0,83757.161951,85286.84847900001,85286.848321,3158.772160037037,37.26550099999999,83757.161951,16107.755275265568,89.17606450000001,58.83409723076923,12.371724143457465,0.31657870447221587,31,64,,False,True,,121,87.6246207195492
67,2026-09-18T06:49:23.365+00:00,2026-09-18T06:50:48.058+00:00,2026-09-18T06:50:53.951+00:00,True,96,96.0,,96.0,84692.68678300001,90585.70284700001,90585.70284700001,943.6010713229168,35.012985,84692.68678300001,8637.585420522142,75.56560975000001,62.031748042105264,9.674378355576048,1.0597698862274634,31,64,,False,True,,408,87.6246207195492
68,2026-09-18T06:49:23.690+00:00,2026-09-18T06:50:49.213+00:00,2026-09-18T06:50:54.794+00:00,True,90,90.0,,90.0,85522.973969,91104.613649,91104.6136,1012.2734844444444,36.553591999999995,85522.973969,9008.30802456525,90.32431225,62.715052584269664,10.254606096540927,0.9878753270031333,31,64,,False,True,,468,87.6246207195492
69,2026-09-18T06:49:24.073+00:00,2026-09-18T06:50:50.503+00:00,2026-09-18T06:50:55.054+00:00,True,73,73.0,,73.0,86429.683474,90981.190418,90981.19052100001,1246.3176783698632,37.71643,86429.683474,10108.436516172871,91.5307892,63.21537422222222,11.100817187542162,0.8023636497237725,31,64,,False,True,,380,87.6246207195492
70,2026-09-18T06:49:24.414+00:00,2026-09-18T06:50:51.766+00:00,2026-09-18T06:50:57.633+00:00,True,94,94.0,,94.0,87352.444979,93219.628851,93219.62896100001,991.6981804361703,38.725388,87352.444979,9003.215771509433,90.9123013,63.08799862365591,10.481307868807553,1.0083713179146778,31,64,,False,True,,385,87.6246207195492
71,2026-09-18T06:49:24.742+00:00,2026-09-18T06:50:53.002+00:00,2026-09-18T06:50:53.322+00:00,True,6,6.0,,6.0,88260.64151100001,88580.00227900001,88580.00246,14763.333743333334,59.81326,88260.64151100001,36006.1804000288,66212.39024425001,63.872153600000004,3.0035385145306197,0.06773537870434716,31,64,,False,True,,11,87.6246207195492
72,2026-09-18T06:49:25.097+00:00,2026-09-18T06:50:54.268+00:00,2026-09-18T06:50:54.572+00:00,True,6,6.0,,6.0,89171.446757,89475.548645,89475.54865499999,14912.5914425,54.626529000000005,89171.446757,36379.26109228599,66895.00972725,60.8203776,4.38626300006518,0.06705742620037332,31,64,,False,True,,50,87.6246207195492
73,2026-09-18T06:49:25.423+00:00,2026-09-18T06:50:55.371+00:00,2026-09-18T06:50:55.514+00:00,True,4,4.0,,4.0,89947.640324,90090.72922000001,90090.729189,22522.68229725,38.759288,89947.640324,44949.97321587626,76464.83134415,47.696298666666664,12.71047723889254,0.04439968501344981,31,64,,False,True,,12,87.6246207195492
74,2026-09-18T06:49:25.769+00:00,2026-09-18T06:50:56.872+00:00,2026-09-18T06:51:01.398+00:00,True,74,74.0,,74.0,91103.063449,95628.75893699999,95628.75888299999,1292.2805254459458,35.060425,91103.063449,10583.313332403932,79.2360989,61.99582860273973,9.485732640662482,0.7738257907200389,31,64,,False,True,,318,87.6246207195492
75,2026-09-18T06:49:26.287+00:00,2026-09-18T06:50:58.497+00:00,2026-09-18T06:50:59.057+00:00,True,10,10.0,,10.0,92210.039023,92770.69950300001,92770.69941500001,9277.0699415,51.770525,92210.039023,29139.675386280403,50745.42614335001,62.295608888888886,4.720464626291687,0.10779265493925289,31,64,,True,True,,49,87.6246207195492
76,2026-09-18T06:49:26.791+00:00,2026-09-18T06:51:00.442+00:00,2026-09-18T06:51:03.482+00:00,True,50,50.0,,50.0,93650.816901,96690.550661,96690.550715,1933.8110143,37.170581,93650.816901,13235.4546886828,70.38571695,62.03538285714286,7.845758603474874,0.5171136130489267,31,64,,True,True,,217,87.6246207195492
77,2026-09-18T06:49:27.161+00:00,2026-09-18T06:51:02.098+00:00,2026-09-18T06:51:08.107+00:00,True,98,98.0,,98.0,94936.882914,100945.763042,100945.76298300001,1030.0588059489796,38.802618,94936.882914,9583.819700630407,81.38383715,61.94721781443299,8.724088385619783,0.9708183587579166,31,64,,True,True,,372,87.6246207195492
78,2026-09-18T06:49:27.521+00:00,2026-09-18T06:51:03.299+00:00,2026-09-18T06:51:06.862+00:00,True,58,58.0,,58.0,95778.00052,99340.362376,99340.362377,1712.7648685689655,38.191379,95778.00052,12568.064675332867,90.00192274999999,62.497576421052635,9.346574430952051,0.5838513028618912,31,64,,True,True,,271,87.6246207195492
79,2026-09-18T06:49:28.067+00:00,2026-09-18T06:51:05.478+00:00,2026-09-18T06:51:09.111+00:00,True,59,59.0,,59.0,97410.475632,101043.45176,101043.45172900001,1712.6008767627118,34.313756999999995,97410.475632,12673.615396145415,96.19547870000001,62.63751944827587,12.813569627508759,0.5839072099411027,31,64,,True,True,,288,87.6246207195492
80,2026-09-18T06:49:28.538+00:00,2026-09-18T06:51:07.090+00:00,2026-09-18T06:51:13.017+00:00,True,96,96.0,,96.0,98551.233414,104478.178182,104478.177976,1088.3143539166667,37.333311,98551.233414,10051.981506526334,88.24618375,62.38889229473684,10.95326935279507,0.9188521629154837,31,64,,True,True,,402,87.6246207195492
81,2026-09-18T06:49:28.928+00:00,2026-09-18T06:51:08.666+00:00,2026-09-18T06:51:10.107+00:00,True,24,24.0,,24.0,99737.392422,101178.966822,101178.966875,4215.790286458334,38.938528,99737.392422,20346.01873580834,88.7205996,62.67714782608695,10.677012280052775,0.2372034500235826,31,64,,True,True,,110,87.6246207195492
82,2026-09-18T06:49:29.506+00:00,2026-09-18T06:51:11.274+00:00,2026-09-18T06:51:17.269+00:00,True,95,95.0,,95.0,101767.05841,107762.792938,107762.792994,1134.3451894105262,36.360822999999996,101767.05841,10434.539509863918,89.30579870000001,63.784409872340426,8.910318105449296,0.8815658671231459,31,64,,True,True,,464,87.6246207195492
83,2026-09-18T06:49:29.936+00:00,2026-09-18T06:51:12.696+00:00,2026-09-18T06:51:14.331+00:00,True,27,27.0,,27.0,102760.798195,104395.62417899999,104395.624,3866.5045925925924,40.851944,102760.798195,19764.22523747,82.2496309,62.87792246153846,7.210289825827049,0.25863152993563177,31,64,,True,True,,125,87.6246207195492
84,2026-09-18T06:49:30.520+00:00,2026-09-18T06:51:14.765+00:00,2026-09-18T06:51:18.165+00:00,True,53,53.0,,53.0,104245.872861,107645.101533,107645.10171,2031.0396549056602,44.370898000000004,104245.872861,14310.296454277428,94.23932379999998,65.36978215384615,10.529615012955873,0.49235867907795294,31,64,,True,True,,182,87.6246207195492
85,2026-09-18T06:49:30.869+00:00,2026-09-18T06:51:16.211+00:00,2026-09-18T06:51:17.615+00:00,True,22,22.0,,22.0,105341.973844,106746.058324,106746.058456,4852.093566181818,53.66062,105341.973844,22444.732003039197,91.95271414999999,66.86116571428572,10.999561293847501,0.20609660296050183,31,64,,True,True,,81,87.6246207195492
86,2026-09-18T06:49:31.218+00:00,2026-09-18T06:51:17.681+00:00,2026-09-18T06:51:23.540+00:00,True,93,93.0,,93.0,106462.233964,112321.24094,112321.240981,1207.7552793655914,36.062453,106462.233964,11033.022834978752,94.0900936,63.68485843478261,12.720937003612349,0.827982305231821,31,64,,True,True,,401,87.6246207195492
87,2026-09-18T06:49:31.653+00:00,2026-09-18T06:51:19.079+00:00,2026-09-18T06:51:24.996+00:00,True,95,95.0,,95.0,107426.398503,113343.517223,113343.51707300001,1193.0896534,38.793368,107426.398503,11015.263157086521,93.5662607,62.9480714893617,11.128989590096486,0.8381599788639903,31,64,,True,True,,367,87.6246207195492
88,2026-09-18T06:49:32.153+00:00,2026-09-18T06:51:21.073+00:00,2026-09-18T06:51:25.843+00:00,True,76,76.0,,76.0,108919.98081299999,113690.04263699999,113690.04273599999,1495.9216149473682,35.862654,108919.98081299999,12486.687566461105,91.00863425,63.60082432,10.572031532525212,0.6684842246269516,31,64,,True,True,,222,87.6246207195492
89,2026-09-18T06:49:32.497+00:00,2026-09-18T06:51:22.341+00:00,2026-09-18T06:51:27.604+00:00,True,85,85.0,,85.0,109843.629646,115107.196238,115107.196286,1354.2023092470588,37.435261,109843.629646,11907.423149802084,91.6106184,62.66150704761905,11.313665656450674,0.738442102475077,31,64,,True,True,,251,87.6246207195492
90,2026-09-18T06:49:32.858+00:00,2026-09-18T06:51:24.017+00:00,2026-09-18T06:51:24.017+00:00,True,1,1.0,,1.0,111158.65725599999,111158.65725599999,111158.65725599999,111158.65725599999,111158.65725599999,111158.65725599999,nan,111158.65725599999,nan,nan,0.008996150409562663,31,64,,True,True,,2,87.6246207195492
91,2026-09-18T06:49:33.429+00:00,2026-09-18T06:51:26.209+00:00,2026-09-18T06:51:27.814+00:00,True,27,27.0,,27.0,112779.96998000001,114385.142716,114385.14268900001,4236.48676625926,37.654881,112779.96998000001,21692.638358583823,94.42641609999998,61.73741292307692,14.068747326734481,0.2360446414534506,31,64,,True,True,,100,87.6246207195492
92,2026-09-18T06:49:33.790+00:00,2026-09-18T06:51:27.817+00:00,2026-09-18T06:51:29.365+00:00,True,25,25.0,,25.0,114027.029745,115575.11576100001,115575.11574000001,4623.0046296,38.667238,114027.029745,22792.509028597968,94.91397819999999,64.503584,13.4378212717402,0.2163095389123207,31,64,,True,True,,130,87.6246207195492
93,2026-09-18T06:49:34.354+00:00,2026-09-18T06:51:30.256+00:00,2026-09-18T06:51:30.697+00:00,True,9,9.0,,9.0,115902.22712899999,116342.80440899999,116342.80434399999,12926.978260444443,40.236726000000004,115902.22712899999,38615.71963329294,69568.38216739999,55.07216,10.743063332343475,0.0773575989139882,31,64,,True,True,,34,87.6246207195492
94,2026-09-18T06:49:35.168+00:00,2026-09-18T06:51:32.648+00:00,2026-09-18T06:51:38.541+00:00,True,94,94.0,,94.0,117479.489044,123373.18146,123373.181507,1312.4806543297873,35.784693,117479.489044,12110.554915419216,95.24861994999999,63.3730367311828,13.3189142082037,0.7619159925001742,31,64,,True,True,,444,87.6246207195492
95,2026-09-18T06:49:35.359+00:00,2026-09-18T06:51:34.357+00:00,2026-09-18T06:51:40.434+00:00,True,99,99.0,,99.0,118997.797553,125074.58910499999,125074.589207,1263.379688959596,39.292867,118997.797553,11953.500842153459,91.54800290000001,62.00807706122449,10.121192572310807,0.7915276852669858,31,64,,True,True,,463,87.6246207195492
96,2026-09-18T06:49:35.913+00:00,2026-09-18T06:51:36.695+00:00,2026-09-18T06:51:41.332+00:00,True,76,76.0,,76.0,120782.288608,125419.36688,125419.366886,1650.2548274473684,38.00551,120782.288608,13847.590100054347,90.765422,61.82771029333334,9.961249475766113,0.6059670200114791,31,64,,True,True,,411,87.6246207195492
97,2026-09-18T06:49:36.497+00:00,2026-09-18T06:51:39.238+00:00,2026-09-18T06:51:40.682+00:00,True,25,25.0,,25.0,122741.596578,124185.571746,124185.571535,4967.4228614,37.537351,122741.596578,24536.287032035783,67.70752259999999,60.165632,6.562673432413216,0.2013116310414317,31,64,,True,True,,135,87.6246207195492
98,2026-09-18T06:49:36.986+00:00,2026-09-18T06:51:40.864+00:00,2026-09-18T06:51:41.732+00:00,True,16,16.0,,16.0,123877.960262,124746.580294,124746.580425,7796.6612765625,42.142982,123877.960262,30955.013801183664,31021.02241775,57.90800213333333,6.998533706084091,0.12826002895062574,31,64,,True,True,,64,87.6246207195492
99,2026-09-18T06:49:37.441+00:00,2026-09-18T06:51:42.941+00:00,2026-09-18T06:51:45.935+00:00,True,50,50.0,,50.0,125499.88181800001,128493.75753,128493.7575,2569.8751500000003,35.909723,125499.88181800001,17739.724035617328,68.83539745,61.099504326530614,6.903802507939704,0.3891239618261321,31,64,,True,True,,315,87.6246207195492
100,2026-09-18T06:49:37.977+00:00,2026-09-18T06:51:44.857+00:00,2026-09-18T06:51:48.590+00:00,True,63,63.0,,63.0,126880.773485,130612.87946899999,130612.879619,2073.2203114126983,35.121105,126880.773485,15977.893860323775,68.78492609999999,60.195257806451615,9.629892781016581,0.4823414065758544,31,64,,True,True,,260,87.6246207195492
101,2026-09-18T06:49:38.359+00:00,2026-09-18T06:51:45.996+00:00,2026-09-18T06:51:51.675+00:00,True,95,95.0,,95.0,127636.38904000001,133315.81867200002,133315.818634,1403.3244066736843,34.819415,127636.38904000001,13089.02264404963,77.11946040000001,60.41946417021277,10.717184068495154,0.7125936062676154,31,64,,True,True,,465,87.6246207195492
102,2026-09-18T06:49:38.679+00:00,2026-09-18T06:51:47.361+00:00,2026-09-18T06:51:49.321+00:00,True,33,33.0,,33.0,128682.086604,130641.998028,130641.99814099999,3958.848428515151,39.727076000000004,128682.086604,22390.015411297172,71.84567999999999,61.247232,7.407244929748312,0.2525987086704479,31,64,,True,True,,168,87.6246207195492
103,2026-09-18T06:49:39.238+00:00,2026-09-18T06:51:49.255+00:00,2026-09-18T06:51:54.464+00:00,True,84,84.0,,84.0,130017.325825,135226.342145,135226.34221600002,1609.8374073333334,35.972923,130017.325825,14179.20946829115,88.82723005,62.759232771084335,10.436041962430503,0.6211807453160924,31,64,,True,True,,358,87.6246207195492
104,2026-09-18T06:49:39.638+00:00,2026-09-18T06:51:50.736+00:00,2026-09-18T06:51:53.801+00:00,True,49,49.0,,49.0,131098.680021,134163.58728500002,134163.587158,2738.032390979592,39.344487,131098.680021,18719.26403370573,92.8329008,63.85223466666666,10.568092229856287,0.3652257739345524,31,64,,True,True,,229,87.6246207195492
105,2026-09-18T06:49:40.104+00:00,2026-09-18T06:51:52.493+00:00,2026-09-18T06:51:53.315+00:00,True,14,14.0,,14.0,132389.553957,133211.308581,133211.308415,9515.093458214285,58.71128,132389.553957,35365.70262732994,46381.10413425,63.21189415384615,2.8562981113623813,0.10509618251732142,31,64,,True,True,,68,87.6246207195492
106,2026-09-18T06:49:40.670+00:00,2026-09-18T06:51:54.589+00:00,2026-09-18T06:51:57.265+00:00,True,46,46.0,,46.0,133918.952984,136594.849048,136594.849056,2969.453240347826,36.340143,133918.952984,19736.50845129153,86.146749,59.464356977777776,12.052481357059387,0.33676233269847095,31,64,,True,True,,215,87.6246207195492
107,2026-09-18T06:49:41.118+00:00,2026-09-18T06:51:56.271+00:00,2026-09-18T06:51:56.604+00:00,True,6,6.0,,6.0,135153.46732499998,135485.93247699997,135485.93248499997,22580.988747499996,55.791446,135153.46732499998,55149.028187701326,101388.76244724999,66.4930304,16.051012423376065,0.04428504044889352,31,64,,True,True,,19,87.6246207195492
108,2026-09-18T06:49:41.468+00:00,2026-09-18T06:51:57.902+00:00,2026-09-18T06:52:02.422+00:00,True,74,74.0,,74.0,136433.550002,140953.403314,140953.403357,1904.7757210405407,36.284152,136433.550002,15852.883774665519,82.9340209,61.91579879452055,10.310510871013623,0.5249961920759814,31,64,,True,True,,326,87.6246207195492
109,2026-09-18T06:49:42.035+00:00,2026-09-18T06:51:59.909+00:00,2026-09-18T06:52:05.127+00:00,True,84,84.0,,84.0,137873.626207,143092.041823,143092.041681,1703.4766866785715,35.531224,137873.626207,15036.39030825806,91.37735495000001,62.872477301204825,11.497394220931758,0.587034743021594,31,64,,True,True,,167,87.6246207195492
110,2026-09-18T06:49:42.507+00:00,2026-09-18T06:52:01.518+00:00,2026-09-18T06:52:01.580+00:00,True,2,2.0,,2.0,139011.148908,139072.679788,139072.679863,69536.3399315,61.530955,139011.148908,98252.21709784635,132063.66801035,61.53088,nan,0.014380969742215116,31,64,,True,True,,4,87.6246207195492
111,2026-09-18T06:49:42.980+00:00,2026-09-18T06:52:03.471+00:00,2026-09-18T06:52:03.471+00:00,True,1,1.0,,1.0,140490.723271,140490.723271,140490.723271,140490.723271,140490.723271,140490.723271,nan,140490.723271,nan,nan,0.007117907693243539,31,64,,True,True,,1,87.6246207195492
112,2026-09-18T06:49:43.568+00:00,2026-09-18T06:52:05.592+00:00,2026-09-18T06:52:09.831+00:00,True,69,69.0,,69.0,142024.926611,146263.834003,146263.834041,2119.7657107391306,36.795721,142024.926611,17090.29068756505,90.21420979999999,62.33687341176471,10.562140529874206,0.47175024824376444,31,64,,True,True,,269,87.6246207195492
113,2026-09-18T06:49:44.024+00:00,2026-09-18T06:52:07.284+00:00,2026-09-18T06:52:10.243+00:00,True,50,50.0,,50.0,143259.847771,146219.087707,146219.087657,2924.38175314,38.840396999999996,143259.847771,20251.46323966896,70.39982685,60.39265175510204,9.282836911917405,0.3419526190738662,31,64,,True,True,,219,87.6246207195492
114,2026-09-18T06:49:44.494+00:00,2026-09-18T06:52:09.254+00:00,2026-09-18T06:52:14.763+00:00,True,90,90.0,,90.0,144759.824127,150268.801279,150268.801139,1669.653345988889,33.880487,144759.824127,15252.50386338935,82.67670289999998,61.89861968539326,10.069314583008829,0.5989267182141118,31,64,,True,True,,424,87.6246207195492
115,2026-09-18T06:49:44.847+00:00,2026-09-18T06:52:10.620+00:00,2026-09-18T06:52:11.566+00:00,True,16,16.0,,16.0,145773.214351,146718.702223,146718.702369,9169.9188980625,45.138976,145773.214351,36427.54673470699,36511.776810250005,63.0325248,9.998072307964193,0.10905221868498642,31,64,,True,True,,90,87.6246207195492
116,2026-09-18T06:49:45.369+00:00,2026-09-18T06:52:12.843+00:00,2026-09-18T06:52:16.870+00:00,True,65,65.0,,65.0,147473.602902,151500.858198,151500.858087,2330.7824321076923,34.042547,147473.602902,18284.04802547931,88.7281252,62.925864,11.917557242404973,0.4290404739163258,31,64,,True,True,,290,87.6246207195492
117,2026-09-18T06:49:45.947+00:00,2026-09-18T06:52:14.895+00:00,2026-09-18T06:52:15.421+00:00,True,9,9.0,,9.0,148948.800812,149474.91998,149474.919841,16608.324426777777,55.609177,148948.800812,49627.67985190772,89406.2064908,65.764896,11.703237535196392,0.060210769814790434,31,64,,True,True,,42,87.6246207195492
118,2026-09-18T06:49:46.456+00:00,2026-09-18T06:52:17.054+00:00,2026-09-18T06:52:21.351+00:00,True,67,67.0,,67.0,150597.75029,154894.613266,154894.613431,2311.859901955224,37.677679,150597.75029,18390.49472198012,94.07520830000001,65.10398448484848,13.618067633174881,0.43255216296606214,31,64,,True,True,,257,87.6246207195492
119,2026-09-18T06:49:46.852+00:00,2026-09-18T06:52:18.324+00:00,2026-09-18T06:52:22.980+00:00,True,74,74.0,,74.0,151471.43546399998,156127.441352,156127.44139499997,2109.8302891216213,38.985918,151471.43546399998,17600.786119899523,94.41859345,63.780902575342466,11.62960720196664,0.47397177177304745,31,64,,True,True,,113,87.6246207195492
120,2026-09-18T06:49:47.393+00:00,2026-09-18T06:52:20.758+00:00,2026-09-18T06:52:23.925+00:00,True,51,51.0,,51.0,153364.517124,156531.65594,156531.655831,3069.2481535490197,39.479987,153364.517124,21466.46106884578,92.51350750000002,63.34277632,11.346651382251862,0.32581269069017427,31,64,,True,True,,130,87.6246207195492
121,2026-09-18T06:49:47.760+00:00,2026-09-18T06:52:21.902+00:00,2026-09-18T06:52:25.136+00:00,True,52,52.0,,52.0,154142.030738,157375.952018,157375.951951,3026.460614442308,37.49292,154142.030738,21366.86361997586,92.91112205000002,63.410221176470586,12.103941667041548,0.33041897019979555,31,64,,True,True,,269,87.6246207195492
122,2026-09-18T06:49:48.783+00:00,2026-09-18T06:52:24.929+00:00,2026-09-18T06:52:25.664+00:00,True,12,12.0,,12.0,156145.57302399998,156881.454496,156881.454592,13073.454549333332,61.797394999999995,156145.57302399998,45056.03300771334,70314.15326805,66.89831563636363,7.59156538430792,0.0764908767486342,31,64,,True,True,,70,87.6246207195492
123,2026-09-18T06:49:48.882+00:00,2026-09-18T06:52:25.729+00:00,2026-09-18T06:52:27.988+00:00,True,37,37.0,,37.0,156846.253616,159105.5148,159105.514905,4300.149051486486,41.591302000000006,156846.253616,25775.04907565931,79.0351022,62.757255111111114,7.455159087975742,0.23255007877325945,31,64,,True,True,,157,87.6246207195492
124,2026-09-18T06:49:49.427+00:00,2026-09-18T06:52:28.119+00:00,2026-09-18T06:52:28.870+00:00,True,13,13.0,,13.0,158692.43874399998,159443.292632,159443.29259499998,12264.868661153845,34.951726,158692.43874399998,43996.01262311833,63539.93168859999,62.57115733333334,17.753577885176412,0.0815336900374003,31,64,,True,True,,49,87.6246207195492
125,2026-09-18T06:49:50.002+00:00,2026-09-18T06:52:30.522+00:00,2026-09-18T06:52:36.364+00:00,True,91,91.0,,91.0,160520.756284,166362.801724,166362.80160500002,1828.162655,37.024620999999996,160520.756284,16820.349020912854,98.40529149999999,64.911616,14.4382254006305,0.5469972797823595,31,64,,True,True,,365,87.6246207195492
126,2026-09-18T06:49:50.408+00:00,2026-09-18T06:52:31.939+00:00,2026-09-18T06:52:32.436+00:00,True,9,9.0,,9.0,161530.530264,162027.677144,162027.676998,18003.075222,52.806432,161530.530264,53822.795809631774,96945.60835960001,62.14336,4.558146465853104,0.055546065700870145,31,64,,True,True,,51,87.6246207195492
127,2026-09-18T06:49:50.787+00:00,2026-09-18T06:52:33.554+00:00,2026-09-18T06:52:34.832+00:00,True,21,21.0,,21.0,162767.269773,164044.988557,164044.98845,7811.666116666667,37.64806,162767.269773,35504.792481429846,107.047811,63.8859392,15.766850854169737,0.12801366371946937,31,64,,True,True,,109,87.6246207195492
128,2026-09-18T06:49:51.313+00:00,2026-09-18T06:52:35.677+00:00,2026-09-18T06:52:39.065+00:00,True,53,53.0,,53.0,164364.165526,167752.556438,167752.55651,3165.142575660377,34.106836,164364.165526,22568.2084169967,100.48508079999999,65.1613636923077,14.469370743433505,0.31594153391986235,31,64,,True,True,,262,87.6246207195492
129,2026-09-18T06:49:51.832+00:00,2026-09-18T06:52:37.666+00:00,2026-09-18T06:52:41.137+00:00,True,57,57.0,,57.0,165833.705007,169305.18097500002,169305.180857,2970.2663308245615,34.074446,165833.705007,21957.002535120006,79.89259140000001,61.99064228571428,10.737629229501481,0.3366701460152997,31,64,,True,True,,139,87.6246207195492
130,2026-09-18T06:49:52.326+00:00,2026-09-18T06:52:39.380+00:00,2026-09-18T06:52:39.724+00:00,True,7,7.0,,7.0,167054.386183,167398.850823,167398.850901,23914.121557285715,34.355236,167054.386183,63118.92473130048,116957.71416249998,57.41077333333334,11.878059070877509,0.041816296620826185,31,64,,True,True,,13,87.6246207195492
131,2026-09-18T06:49:52.730+00:00,2026-09-18T06:52:41.393+00:00,2026-09-18T06:52:43.004+00:00,True,26,26.0,,26.0,168662.992597,170274.004693,170274.004634,6549.000178230769,55.549137,168662.992597,33064.897517443744,91.69596725,64.44048384,8.651865906466226,0.15269506374080638,31,64,,True,True,,105,87.6246207195492
132,2026-09-18T06:49:53.250+00:00,2026-09-18T06:52:43.425+00:00,2026-09-18T06:52:46.485+00:00,True,50,50.0,,50.0,170174.49790000002,173234.25649200001,173234.25667700003,3464.68513354,34.597325,170174.49790000002,24057.480007513506,91.21942865,62.44405289795918,11.388703057760214,0.2886265165591484,31,64,,True,True,,227,87.6246207195492
133,2026-09-18T06:49:53.662+00:00,2026-09-18T06:52:44.647+00:00,2026-09-18T06:52:44.923+00:00,True,6,6.0,,6.0,170985.32614,171260.608828,171260.60867699998,28543.4347795,44.010698,170985.32614,69781.99078941204,128254.45202099999,55.0565376,8.594242896716196,0.03503432599627101,31,64,,True,True,,12,87.6246207195492
134,2026-09-18T06:49:54.083+00:00,2026-09-18T06:52:46.287+00:00,2026-09-18T06:52:47.976+00:00,True,27,27.0,,27.0,172204.233001,173893.19018499998,173893.190053,6440.488520481481,39.668836000000006,172204.233001,33128.222687057976,111.80640379999998,64.95989169230769,16.869959219917227,0.155267724810129,31,64,,True,True,,97,87.6246207195492
135,2026-09-18T06:49:54.554+00:00,2026-09-18T06:52:48.331+00:00,2026-09-18T06:52:53.021+00:00,True,75,75.0,,75.0,173777.12608000002,178466.94700800002,178466.946991,2379.5592932133336,35.125964,173777.12608000002,20058.739437832235,90.6616894,63.37595848648649,11.687421098770237,0.4202458845034091,31,64,,True,True,,397,87.6246207195492
136,2026-09-18T06:49:54.957+00:00,2026-09-18T06:52:49.732+00:00,2026-09-18T06:52:49.837+00:00,True,3,3.0,,3.0,174774.19912900002,174879.69212100003,174879.692142,58293.230714000005,40.234955,174774.19912900002,100875.47848070458,157303.3050219,52.746496,17.694278053740195,0.017154650512103412,31,64,,True,True,,8,87.6246207195492
137,2026-09-18T06:49:55.370+00:00,2026-09-18T06:52:51.385+00:00,2026-09-18T06:52:53.144+00:00,True,28,28.0,,28.0,176015.35603099997,177774.40319899996,177774.40309599997,6349.085824857142,41.233453000000004,176015.35603099997,33251.46588805513,98.99975965,65.1498951111111,12.92331304725278,0.15750298972263688,31,64,,True,True,,142,87.6246207195492
138,2026-09-18T06:49:55.802+00:00,2026-09-18T06:52:53.147+00:00,2026-09-18T06:52:57.373+00:00,True,65,65.0,,65.0,177345.66559599998,181571.86796399998,181571.86793199996,2793.4133527999998,34.137626,177345.66559599998,21988.83634524013,96.27067600000001,66.034412,13.92966709466825,0.35798497161954335,31,64,,True,True,,244,87.6246207195492
139,2026-09-18T06:49:56.303+00:00,2026-09-18T06:52:55.035+00:00,2026-09-18T06:52:55.831+00:00,True,13,13.0,,13.0,178732.45862400002,179527.830144,179527.83029900002,13809.833099923078,54.925678,178732.45862400002,49553.08335904408,71555.5508346,66.28096,12.555600363846276,0.07241217135846095,31,64,,True,True,,62,87.6246207195492
140,2026-09-18T06:49:56.657+00:00,2026-09-18T06:52:56.368+00:00,2026-09-18T06:53:01.289+00:00,True,79,79.0,,79.0,179710.980268,184631.928236,184631.92827600002,2337.113016151899,37.50007,179710.980268,20211.97061677502,96.39308989999999,63.08907651282051,12.369036938299216,0.427878323943087,31,64,,True,True,,356,87.6246207195492
141,2026-09-18T06:49:57.230+00:00,2026-09-18T06:52:58.518+00:00,2026-09-18T06:53:04.357+00:00,True,95,95.0,,95.0,181287.42887,187126.795014,187126.794952,1969.7557363368421,38.578538,181287.42887,18593.326375068656,71.3112419,62.12091642553192,8.871571700709758,0.5076771607876495,31,64,,True,True,,378,87.6246207195492
142,2026-09-18T06:49:57.735+00:00,2026-09-18T06:53:00.216+00:00,2026-09-18T06:53:04.049+00:00,True,63,63.0,,63.0,182481.027509,186314.099893,186314.099958,2957.366666,42.432750999999996,182481.027509,22982.660034741006,69.6933371,61.82374812903226,5.4228789609079735,0.338138659587121,31,64,,True,True,,313,87.6246207195492
143,2026-09-18T06:49:58.166+00:00,2026-09-18T06:53:02.044+00:00,2026-09-18T06:53:04.648+00:00,True,44,44.0,,44.0,183877.973019,186481.370651,186481.370706,4238.212970590909,36.967171,183877.973019,27711.52101225799,69.27678259999999,60.544130976744185,7.311158253024904,0.23594850169964715,31,64,,True,True,,177,87.6246207195492
144,2026-09-18T06:49:58.746+00:00,2026-09-18T06:53:04.710+00:00,2026-09-18T06:53:06.271+00:00,True,27,27.0,,27.0,185964.292669,187525.048637,187525.04857299998,6945.37216937037,36.633131,185964.292669,35777.29346314058,78.84964380000001,60.02907569230769,9.656189994336204,0.14398076521641126,31,64,,True,True,,137,87.6246207195492
145,2026-09-18T06:49:59.177+00:00,2026-09-18T06:53:06.020+00:00,2026-09-18T06:53:10.299+00:00,True,73,73.0,,73.0,186843.333996,191122.124652,191122.124613,2618.111296068493,35.386914,186843.333996,21861.405453041203,70.6844184,59.427648,11.09478743967794,0.38195473251943096,31,64,,True,True,,350,87.6246207195492
146,2026-09-18T06:49:59.644+00:00,2026-09-18T06:53:07.763+00:00,2026-09-18T06:53:10.835+00:00,True,53,53.0,,53.0,188119.01225200001,191190.29596400002,191190.295985,3607.3640751886796,35.071124000000005,188119.01225200001,25832.02289141589,70.10291680000002,59.0631483076923,10.82964962979628,0.2772107220859137,31,64,,True,True,,238,87.6246207195492
147,2026-09-18T06:50:00.090+00:00,2026-09-18T06:53:09.785+00:00,2026-09-18T06:53:11.568+00:00,True,31,31.0,,31.0,189695.492528,191478.340528,191478.340478,6176.720660580645,38.914578,189695.492528,34059.64346168549,67.947738,59.428266666666666,7.805365685885175,0.16189820694349946,31,64,,True,True,,117,87.6246207195492
148,2026-09-18T06:50:00.582+00:00,2026-09-18T06:53:11.626+00:00,2026-09-18T06:53:14.095+00:00,True,40,40.0,,40.0,191044.835556,193513.847012,193513.846914,4837.846172850001,38.559278,191044.835556,30196.832855135588,94.41681614999999,63.30798605128205,10.987704842021495,0.2067035543845064,31,64,,True,True,,172,87.6246207195492
149,2026-09-18T06:50:01.154+00:00,2026-09-18T06:53:13.277+00:00,2026-09-18T06:53:14.351+00:00,True,18,18.0,,18.0,192123.085499,193196.910011,193196.909953,10733.161664055557,44.495727,192123.085499,45268.95831724506,28899.310458400003,63.16614776470588,10.717149760514545,0.09316919198643052,31,64,,True,True,,77,87.6246207195492
150,2026-09-18T06:50:01.576+00:00,2026-09-18T06:53:15.112+00:00,2026-09-18T06:53:19.547+00:00,True,71,71.0,,71.0,193535.424531,197970.42638699998,197970.426396,2788.3158647323944,36.439232000000004,193535.424531,22960.913468354982,93.45658999999999,63.35716937142857,12.542225166357404,0.3586394255736286,31,64,,True,True,,320,87.6246207195492
152,2026-09-18T06:50:02.750+00:00,2026-09-18T06:53:17.429+00:00,2026-09-18T06:53:21.565+00:00,True,67,67.0,,67.0,194679.63937599998,198815.17959999997,198815.179701,2967.39074180597,34.823305,194679.63937599998,23776.25114239777,91.17041700000001,62.65970036363637,11.778598750099116,0.3369964010534737,31,64,,True,True,,318,87.6246207195492
151,2026-09-18T06:50:02.593+00:00,2026-09-18T06:53:19.303+00:00,2026-09-18T06:53:19.492+00:00,True,4,4.0,,4.0,196710.255326,196899.374302,196899.374252,49224.843563,51.335864,196710.255326,98323.60819215394,167214.1621391,63.03965866666666,10.162883007516584,0.020314945205792714,31,64,,True,True,,15,87.6246207195492
153,2026-09-18T06:50:02.923+00:00,2026-09-18T06:53:20.567+00:00,2026-09-18T06:53:25.800+00:00,True,85,85.0,,85.0,197643.731554,202876.132706,202876.132729,2386.778032105882,36.307021999999996,197643.731554,21430.720663391945,93.7012744,62.290489904761905,13.862561099007598,0.4189748634610391,31,64,,True,True,,422,87.6246207195492
154,2026-09-18T06:50:03.495+00:00,2026-09-18T06:53:22.841+00:00,2026-09-18T06:53:27.115+00:00,True,69,69.0,,69.0,199345.553472,203620.444992,203620.444996,2951.0209419710145,34.181787,199345.553472,23990.819387588348,89.7401266,62.86605176470588,12.201763615009776,0.3388657755006425,31,64,,True,True,,352,87.6246207195492
155,2026-09-18T06:50:03.911+00:00,2026-09-18T06:53:24.582+00:00,2026-09-18T06:53:27.502+00:00,True,47,47.0,,47.0,200671.01475600002,203591.43690000003,203591.43703000003,4331.732702765958,33.454758,200671.01475600002,29261.61792858219,93.6726679,63.48743791304348,12.62024407618296,0.23085450309526254,31,64,,True,True,,164,87.6246207195492
156,2026-09-18T06:50:04.343+00:00,2026-09-18T06:53:26.477+00:00,2026-09-18T06:53:31.079+00:00,True,75,75.0,,75.0,202134.137323,206735.854315,206735.85428600002,2756.4780571466667,37.583259,202134.137323,23333.261801066485,91.5936662,62.18536475675676,11.152563105956524,0.36278177410737733,31,64,,True,True,,317,87.6246207195492
157,2026-09-18T06:50:04.764+00:00,2026-09-18T06:53:27.907+00:00,2026-09-18T06:53:32.237+00:00,True,72,72.0,,72.0,203143.380338,207473.271666,207473.27174899998,2881.573218736111,37.72923,203143.380338,23933.49174950002,75.9491911,60.98438490140845,9.51127405248805,0.34703265351649204,31,64,,True,True,,265,87.6246207195492
158,2026-09-18T06:50:05.162+00:00,2026-09-18T06:53:29.274+00:00,2026-09-18T06:53:32.232+00:00,True,49,49.0,,49.0,204111.609629,207070.41846100002,207070.41860300003,4225.926910265306,37.43057,204111.609629,29149.997334147916,87.17959480000002,61.64185066666666,10.740984893259359,0.23663447615637448,31,64,,True,True,,209,87.6246207195492
159,2026-09-18T06:50:05.584+00:00,2026-09-18T06:53:31.075+00:00,2026-09-18T06:53:35.567+00:00,True,73,73.0,,73.0,205491.136902,209983.223942,209983.223931,2876.4825196027396,35.602173,205491.136902,24043.61919312776,91.0459606,62.390097777777775,12.095342103874978,0.34764681972957756,31,64,,True,True,,319,87.6246207195492
160,2026-09-18T06:50:06.128+00:00,2026-09-18T06:53:33.306+00:00,2026-09-18T06:53:34.514+00:00,True,21,21.0,,21.0,207178.13959900002,208385.77019100002,208385.770193,9923.131913952382,37.933799,207178.13959900002,45196.80177026122,91.15524,60.3815296,12.237879826223248,0.10077463533499453,31,64,,True,True,,75,87.6246207195492
161,2026-09-18T06:50:06.492+00:00,2026-09-18T06:53:34.703+00:00,2026-09-18T06:53:38.322+00:00,True,58,58.0,,58.0,208211.62877900002,211830.20004300002,211830.19992,3652.244826206897,37.55265,208211.62877900002,27331.19295069045,89.82051820000001,63.483706385964915,11.82817404503767,0.2738042072765187,31,64,,True,True,,331,87.6246207195492
162,2026-09-18T06:50:07.036+00:00,2026-09-18T06:53:36.803+00:00,2026-09-18T06:53:42.832+00:00,True,98,98.0,,98.0,209766.843241,215795.673705,215795.673788,2201.9966713061226,34.548186,209766.843241,21183.37538520737,91.29835455,62.1528913814433,10.808821105422357,0.454133293394794,31,64,,True,True,,363,87.6246207195492
163,2026-09-18T06:50:07.474+00:00,2026-09-18T06:53:38.833+00:00,2026-09-18T06:53:40.104+00:00,True,21,21.0,,21.0,211359.552626,212630.72574599998,212630.72592099998,10125.272662904761,43.52019799999999,211359.552626,46108.56692710536,89.364283,63.558656,9.396349650882899,0.09876277253121801,31,64,,True,True,,89,87.6246207195492
164,2026-09-18T06:50:07.933+00:00,2026-09-18T06:53:40.351+00:00,2026-09-18T06:53:41.050+00:00,True,13,13.0,,13.0,212418.102297,213116.718361,213116.718362,16393.593720153847,44.575737999999994,212418.102297,58898.03509349412,85006.85614500001,58.21800533333334,6.70687060861314,0.06099943777277577,31,64,,True,True,,65,87.6246207195492
165,2026-09-18T06:50:08.480+00:00,2026-09-18T06:53:42.541+00:00,2026-09-18T06:53:46.866+00:00,True,70,70.0,,70.0,214060.685516,218386.15495599998,218386.154987,3119.8022141,33.187418,214060.685516,25577.654799096366,85.38756864999999,62.68796289855073,9.92466322242172,0.320533140088956,31,64,,True,True,,402,87.6246207195492
166,2026-09-18T06:50:09.057+00:00,2026-09-18T06:53:44.273+00:00,2026-09-18T06:53:50.352+00:00,True,95,95.0,,95.0,215215.750036,221294.738324,221294.73838000002,2329.418298736842,0.019010000000000003,215215.750036,22074.0460341047,93.99473239999999,64.67008817021276,22.14379684554803,0.4292917252325696,31,64,,True,True,,421,87.6246207195492
167,2026-09-18T06:50:09.433+00:00,2026-09-18T06:53:45.746+00:00,2026-09-18T06:53:46.575+00:00,True,14,14.0,,14.0,216313.308167,217142.166279,217142.166238,15510.154731285715,56.880464,216313.308167,57795.12333921535,75755.33398115,63.758316307692304,3.2097159933188117,0.06447388934128889,31,64,,True,True,,27,87.6246207195492
168,2026-09-18T06:50:09.947+00:00,2026-09-18T06:53:47.946+00:00,2026-09-18T06:53:53.624+00:00,True,92,92.0,,92.0,217999.213595,223677.821979,223677.82182500002,2431.2806720108697,0.01822,217999.213595,22721.50073972816,90.56693879999999,62.402289934065934,28.343650143307883,0.41130586477472686,31,64,,True,True,,418,87.6246207195492
169,2026-09-18T06:50:10.368+00:00,2026-09-18T06:53:49.838+00:00,2026-09-18T06:53:51.554+00:00,True,29,29.0,,29.0,219469.13295899998,221185.360543,221185.360623,7627.081400793103,36.587841,219469.13295899998,40743.01412644037,85.33235020000001,61.293842285714284,10.250909103863298,0.1311117513781487,31,64,,True,True,,126,87.6246207195492
170,2026-09-18T06:50:10.790+00:00,2026-09-18T06:53:51.304+00:00,2026-09-18T06:53:52.905+00:00,True,26,26.0,,26.0,220514.324717,222115.627757,222115.627696,8542.908757538462,33.698007,220514.324717,43233.85725281308,95.4391795,64.0521216,12.735637872774701,0.11705614891917755,31,64,,True,True,,80,87.6246207195492
171,2026-09-18T06:50:11.207+00:00,2026-09-18T06:53:52.841+00:00,2026-09-18T06:53:57.690+00:00,True,79,79.0,,79.0,221634.70569499998,226483.77065499997,226483.77066799998,2866.883173012658,34.402255,221634.70569499998,24928.860027048064,75.5644203,62.16749948717949,9.631975640358858,0.34881086521797516,31,64,,True,True,,340,87.6246207195492
172,2026-09-18T06:50:11.720+00:00,2026-09-18T06:53:54.937+00:00,2026-09-18T06:53:59.316+00:00,True,71,71.0,,71.0,223216.898079,227595.697951,227595.697991,3205.573211140845,38.411457999999996,223216.898079,26483.549352541006,72.161495,62.554283885714284,7.814260100725743,0.31195668740314186,31,64,,True,True,,313,87.6246207195492
173,2026-09-18T06:50:12.080+00:00,2026-09-18T06:53:56.242+00:00,2026-09-18T06:53:56.242+00:00,True,1,1.0,,1.0,224162.23812,224162.23812,224162.23812,224162.23812,224162.23812,224162.23812,nan,224162.23812,nan,nan,0.004461054673556005,31,64,,True,True,,3,87.6246207195492
174,2026-09-18T06:50:12.570+00:00,2026-09-18T06:53:57.905+00:00,2026-09-18T06:54:01.939+00:00,True,66,66.0,,66.0,225334.697371,229368.64732299998,229368.64731899998,3475.2825351363635,36.503711,225334.697371,27729.146397677498,73.64472400000001,62.060768492307695,9.731696926214655,0.2877463889258497,31,64,,True,True,,299,87.6246207195492
175,2026-09-18T06:50:13.095+00:00,2026-09-18T06:54:00.237+00:00,2026-09-18T06:54:04.123+00:00,True,63,63.0,,63.0,227141.453474,231027.89187400002,231027.891898,3667.1093952063493,39.366877,227141.453474,28609.237563216804,89.0024225,62.68449032258064,10.268564401786376,0.2726943465092928,31,64,,True,True,,314,87.6246207195492
176,2026-09-18T06:50:13.679+00:00,2026-09-18T06:54:02.419+00:00,2026-09-18T06:54:02.677+00:00,True,5,5.0,,5.0,228740.726695,228998.813095,228998.813191,45799.7626382,37.205801,228740.726695,102267.10960323871,183010.63447000002,64.5216,21.709085768685146,0.021834174301705894,31,64,,True,True,,13,87.6246207195492
177,2026-09-18T06:50:14.100+00:00,2026-09-18T06:54:03.928+00:00,2026-09-18T06:54:04.182+00:00,True,5,5.0,,5.0,229828.187167,230082.043423,230082.043532,46016.4087064,61.544145,229828.187167,102753.90795631317,183876.0943302,63.464064,2.8935614544737076,0.021731378623092403,31,64,,True,True,,13,87.6246207195492
178,2026-09-18T06:50:14.428+00:00,2026-09-18T06:54:04.996+00:00,2026-09-18T06:54:07.537+00:00,True,41,41.0,,41.0,230567.603193,233109.396217,233109.39621399998,5685.595029609756,40.644394999999996,230567.603193,35998.68796323562,93.414075,63.5448256,12.265760107518743,0.17588308607617587,31,64,,True,True,,210,87.6246207195492
179,2026-09-18T06:50:14.885+00:00,2026-09-18T06:54:06.644+00:00,2026-09-18T06:54:09.894+00:00,True,51,51.0,,51.0,231759.01511,235009.25792600002,235009.257805,4608.024662843138,36.466682,231759.01511,32443.65442020455,100.668717,65.00485632,15.450095898560225,0.21701272728608392,31,64,,True,True,,207,87.6246207195492
180,2026-09-18T06:50:15.386+00:00,2026-09-18T06:54:08.843+00:00,2026-09-18T06:54:10.897+00:00,True,35,35.0,,35.0,233456.818757,235510.257477,235510.257504,6728.864500114286,36.203222000000004,233456.818757,39451.19724738104,74.91876930000001,60.39525647058824,9.775654227811593,0.14861348450361278,31,64,,True,True,,144,87.6246207195492
181,2026-09-18T06:50:15.872+00:00,2026-09-18T06:54:10.702+00:00,2026-09-18T06:54:13.954+00:00,True,52,52.0,,52.0,234829.918544,238081.76776,238081.76794599998,4578.495537423077,34.799405,234829.918544,32556.210878807018,93.84800804999999,63.761749333333334,13.062257083804424,0.2184123567681964,31,64,,True,True,,201,87.6246207195492
182,2026-09-18T06:50:16.316+00:00,2026-09-18T06:54:12.320+00:00,2026-09-18T06:54:15.550+00:00,True,54,54.0,,54.0,236003.97502399998,239234.159728,239234.15986599997,4430.262219740741,34.932415,236003.97502399998,32107.780826684546,74.67843845,60.94688120754717,10.012348420267372,0.22572027364903036,31,64,,True,True,,213,87.6246207195492
183,2026-09-18T06:50:17.209+00:00,2026-09-18T06:54:12.575+00:00,2026-09-18T06:54:18.755+00:00,True,100,100.0,,100.0,235365.851094,241546.03131800002,241546.03126400002,2415.46031264,33.541848,235365.851094,23530.345145165822,90.4493304,62.42606286868687,11.207265437640382,0.413999764162335,31,64,,True,True,,484,87.6246207195492
184,2026-09-18T06:50:17.358+00:00,2026-09-18T06:54:16.101+00:00,2026-09-18T06:54:19.005+00:00,True,46,46.0,,46.0,238743.86931600003,241647.56518800004,241647.56515900002,5253.207938239131,37.0268,238743.86931600003,35191.35168513833,101.61656450000001,64.52657493333334,13.408119312620975,0.19035987374510616,31,64,,True,True,,153,87.6246207195492
185,2026-09-18T06:50:17.586+00:00,2026-09-18T06:54:17.755+00:00,2026-09-18T06:54:23.987+00:00,True,100,100.0,,100.0,240169.059621,246401.626917,246401.626933,2464.01626933,38.758987999999995,240169.059621,24010.612305202492,77.63445165,62.95522521212121,9.513397230635816,0.4058414761753373,31,64,,True,True,,432,87.6246207195492
186,2026-09-18T06:50:17.992+00:00,2026-09-18T06:54:19.007+00:00,2026-09-18T06:54:23.695+00:00,True,75,75.0,,75.0,241015.047276,245703.6499,245703.649879,3276.0486650533335,35.830343,241015.047276,27822.706547327813,90.56541499999999,63.35949491891892,11.106559509556218,0.3052457707914578,31,64,,True,True,,304,87.6246207195492
187,2026-09-18T06:50:18.352+00:00,2026-09-18T06:54:20.707+00:00,2026-09-18T06:54:21.749+00:00,True,18,18.0,,18.0,242355.488727,243397.10613499998,243397.10627699998,13522.061459833332,42.625501,242355.488727,57109.29500461239,36416.55938204999,61.27161223529412,6.53466831027872,0.07395322107903911,31,64,,True,True,,81,87.6246207195492
188,2026-09-18T06:50:18.766+00:00,2026-09-18T06:54:22.400+00:00,2026-09-18T06:54:26.614+00:00,True,69,69.0,,69.0,243634.027773,247847.829757,247847.829663,3591.997531347826,34.059596,243634.027773,29322.631864856223,75.87331420000001,61.96767623529412,9.825833655170705,0.2783966277519976,31,64,,True,True,,317,87.6246207195492
189,2026-09-18T06:50:19.160+00:00,2026-09-18T06:54:24.189+00:00,2026-09-18T06:54:28.600+00:00,True,70,70.0,,70.0,245029.406469,249439.849733,249439.849651,3563.4264235857145,36.600891000000004,245029.406469,29278.978001060437,91.92037245000002,63.9194675942029,11.340908786000574,0.2806287771377664,31,64,,True,True,,352,87.6246207195492
190,2026-09-18T06:50:19.586+00:00,2026-09-18T06:54:25.752+00:00,2026-09-18T06:54:26.675+00:00,True,16,16.0,,16.0,246166.31857899998,247089.416947,247089.41674999997,15443.088546874998,38.947897,246166.31857899998,61526.19506304588,61593.91674474999,61.5398912,7.1505327231928595,0.06475388625580818,31,64,,True,True,,54,87.6246207195492
191,2026-09-18T06:50:20.090+00:00,2026-09-18T06:54:27.450+00:00,2026-09-18T06:54:29.032+00:00,True,25,25.0,,25.0,247359.14509099998,248941.62829099997,248941.62825799998,9957.66513032,37.39206,247359.14509099998,49458.64410621259,102.0503948,65.9368,15.894990228972475,0.10042514854436593,31,64,,True,True,,95,87.6246207195492
192,2026-09-18T06:50:20.421+00:00,2026-09-18T06:54:28.825+00:00,2026-09-18T06:54:30.788+00:00,True,33,33.0,,33.0,248403.116938,250366.113674,250366.113563,7586.851926151515,37.43232,248403.116938,43230.75517892759,85.127194,61.343648,11.210531138300803,0.131806974656998,31,64,,True,True,,128,87.6246207195492
193,2026-09-18T06:50:20.782+00:00,2026-09-18T06:54:30.341+00:00,2026-09-18T06:54:31.390+00:00,True,18,18.0,,18.0,249558.912204,250607.882444,250607.882491,13922.660138388888,43.577108,249558.912204,58807.05621042826,37495.53756049999,61.704131764705885,6.184615823886957,0.07182535451183272,31,64,,True,True,,53,87.6246207195492
194,2026-09-18T06:50:21.242+00:00,2026-09-18T06:54:31.770+00:00,2026-09-18T06:54:32.217+00:00,True,8,8.0,,8.0,250528.338377,250975.742409,250975.742459,31371.967807375,58.306021,250528.338377,88552.54639851493,162871.08643425,63.91486171428571,7.103684500834519,0.03187559053800062,31,64,,True,True,,25,87.6246207195492
195,2026-09-18T06:50:21.655+00:00,2026-09-18T06:54:33.285+00:00,2026-09-18T06:54:35.191+00:00,True,32,32.0,,32.0,251629.449394,253535.48254599998,253535.482526,7922.9838289375,40.214074999999994,251629.449394,44471.35419211751,78.97941725000001,61.48494038709678,8.539212981248228,0.12621507521809736,31,64,,True,True,,80,87.6246207195492
196,2026-09-18T06:50:22.149+00:00,2026-09-18T06:54:35.307+00:00,2026-09-18T06:54:38.920+00:00,True,58,58.0,,58.0,253158.139028,256771.382932,256771.383162,4427.092813137931,36.94753,253158.139028,33232.97098378833,93.60508505,63.390243929824564,12.598031567839715,0.22588186945801497,31,64,,True,True,,280,87.6246207195492
197,2026-09-18T06:50:22.577+00:00,2026-09-18T06:54:37.176+00:00,2026-09-18T06:54:42.265+00:00,True,82,82.0,,82.0,254598.92813800002,259688.41089000003,259688.410769,3166.9318386463415,39.707016,254598.92813800002,28108.811128049776,89.66594925,62.833120395061734,9.877199879654308,0.315763032008132,31,64,,True,True,,327,87.6246207195492
198,2026-09-18T06:50:23.162+00:00,2026-09-18T06:54:39.319+00:00,2026-09-18T06:54:43.966+00:00,True,76,76.0,,76.0,256157.216285,260804.083741,260804.083645,3431.632679539474,40.196205,256157.216285,29376.141980584012,70.78508475000001,61.95823274666667,8.442614243613068,0.2914064799517261,31,64,,True,True,,475,87.6246207195492
199,2026-09-18T06:50:23.726+00:00,2026-09-18T06:54:41.323+00:00,2026-09-18T06:54:45.391+00:00,True,67,67.0,,67.0,257597.412102,261664.569862,261664.569809,3905.4413404328357,36.267782,257597.412102,31463.005115597138,68.30410830000001,61.62360242424242,7.719476141039636,0.2560530072349318,31,64,,True,True,,304,87.6246207195492
200,2026-09-18T06:50:24.187+00:00,2026-09-18T06:54:42.891+00:00,2026-09-18T06:54:46.463+00:00,True,59,59.0,,59.0,258703.94035800002,262276.088326,262276.088232,4445.357427661017,38.185567999999996,258703.94035800002,33672.36706906408,70.4986054,61.58875806896552,8.197108111321374,0.22495378963661017,31,64,,True,True,,285,87.6246207195492
201,2026-09-18T06:50:24.554+00:00,2026-09-18T06:54:44.325+00:00,2026-09-18T06:54:49.246+00:00,True,83,83.0,,83.0,259771.242301,264691.790397,264691.790329,3189.057714807229,38.421508,259771.242301,28507.0132625616,69.1814323,60.00668409756097,9.829480017857394,0.3135722489749751,31,64,,True,True,,285,87.6246207195492
202,2026-09-18T06:50:25.132+00:00,2026-09-18T06:54:46.024+00:00,2026-09-18T06:54:49.023+00:00,True,51,51.0,,51.0,260891.669528,263890.224408,263890.224544,5174.3181283137255,34.486896,260891.669528,36523.74446451999,74.358726,59.9710976,9.47873116714414,0.19326217981136365,31,64,,True,True,,254,87.6246207195492
203,2026-09-18T06:50:25.552+00:00,2026-09-18T06:54:47.362+00:00,2026-09-18T06:54:48.252+00:00,True,16,16.0,,16.0,261810.02279699998,262700.185229,262700.185281,16418.7615800625,38.492038,261810.02279699998,65437.670860147045,65523.2436765,59.344162133333334,12.984217902750167,0.060905933454338985,31,64,,True,True,,56,87.6246207195492
204,2026-09-18T06:50:25.914+00:00,2026-09-18T06:54:48.959+00:00,2026-09-18T06:54:50.300+00:00,True,23,23.0,,23.0,263044.914775,264385.368663,264385.368625,11495.016027173913,40.610484,263044.914775,54835.952527865855,94.9726217,60.92972218181818,10.599325430568062,0.08699422406130596,31,64,,True,True,,97,87.6246207195492
205,2026-09-18T06:50:26.502+00:00,2026-09-18T06:54:51.313+00:00,2026-09-18T06:54:56.181+00:00,True,82,82.0,,82.0,264810.796552,269678.622216,269678.622239,3288.763685841463,33.757687,264810.796552,29236.825769881678,69.80362315,60.09661313580247,10.734443189786365,0.30406562940061976,31,64,,True,True,,340,87.6246207195492
206,2026-09-18T06:50:27.043+00:00,2026-09-18T06:54:52.967+00:00,2026-09-18T06:54:59.160+00:00,True,100,100.0,,100.0,265924.090133,272117.332757,272117.332711,2721.1733271099997,37.39079,265924.090133,26586.155888146794,94.93969640000002,62.558006303030304,11.987913967235501,0.3674885351360537,31,64,,True,True,,502,87.6246207195492
207,2026-09-18T06:50:27.609+00:00,2026-09-18T06:54:55.113+00:00,2026-09-18T06:54:59.951+00:00,True,76,76.0,,76.0,267503.140442,272341.807194,272341.80709200003,3583.4448301578946,39.674925,267503.140442,30677.316965275968,98.5057295,64.51555669333334,13.120649414689057,0.2790610842420611,31,64,,True,True,,373,87.6246207195492
208,2026-09-18T06:50:28.083+00:00,2026-09-18T06:54:57.143+00:00,2026-09-18T06:55:00.751+00:00,True,58,58.0,,58.0,269059.995004,272667.37087600003,272667.370858,4701.161566517242,37.34196,269059.995004,35321.00004415912,93.02603979999999,63.287296,11.700537332505228,0.21271338706080992,31,64,,True,True,,253,87.6246207195492
209,2026-09-18T06:50:28.536+00:00,2026-09-18T06:54:58.892+00:00,2026-09-18T06:55:03.843+00:00,True,79,79.0,,79.0,270356.17077799997,275306.85903399996,275306.859091,3484.896950518987,38.533298,270356.17077799997,30410.306611736836,93.14029569999998,63.470362256410255,10.86822423075456,0.2869525309946732,31,64,,True,True,,89,87.6246207195492
210,2026-09-18T06:50:28.924+00:00,2026-09-18T06:55:00.558+00:00,2026-09-18T06:55:02.264+00:00,True,27,27.0,,27.0,271634.256209,273339.321169,273339.321241,10123.678564481483,40.507734,271634.256209,52263.417131539936,92.8401758,65.57942153846153,9.98152256049948,0.09877832389620395,31,64,,True,True,,108,87.6246207195492
211,2026-09-18T06:50:29.269+00:00,2026-09-18T06:55:01.787+00:00,2026-09-18T06:55:06.686+00:00,True,78,78.0,,78.0,272517.445141,277417.232661,277417.232529,3556.6311862692305,34.529325,272517.445141,30849.321816321815,92.78085755000001,63.63360415584416,12.373612202048994,0.28116494152803734,31,64,,True,True,,293,87.6246207195492
212,2026-09-18T06:50:29.786+00:00,2026-09-18T06:55:03.375+00:00,2026-09-18T06:55:07.566+00:00,True,68,68.0,,68.0,273588.503815,277780.116487,277780.116692,4085.0017160588236,35.696243,273588.503815,33169.89497444419,94.57053635,62.5613831641791,12.36182122671513,0.24479793895968924,31,64,,True,True,,294,87.6246207195492
213,2026-09-18T06:50:30.221+00:00,2026-09-18T06:55:05.178+00:00,2026-09-18T06:55:05.937+00:00,True,13,13.0,,13.0,274957.123394,275716.095298,275716.0954,21208.930415384613,38.044368000000006,274957.123394,76241.84429727419,110038.10571979999,63.247658666666666,12.194032340054669,0.047149949610120936,31,64,,True,True,,52,87.6246207195492
214,2026-09-18T06:50:30.559+00:00,2026-09-18T06:55:06.560+00:00,2026-09-18T06:55:08.511+00:00,True,32,32.0,,32.0,276001.166595,277951.974915,277951.974966,8685.9992176875,34.391526,276001.166595,48779.45117255779,92.1922546,62.92930064516129,12.206380302663668,0.11512780223916688,31,64,,True,True,,119,87.6246207195492
215,2026-09-18T06:50:31.002+00:00,2026-09-18T06:55:08.410+00:00,2026-09-18T06:55:09.252+00:00,True,15,15.0,,15.0,277407.96332200005,278249.45964200003,278249.4594730001,18549.96396486667,35.665483,277407.96332200005,71610.91006259878,83288.08868940001,60.10688,14.96722871597306,0.05390846048470041,31,64,,True,True,,62,87.6246207195492
216,2026-09-18T06:50:31.441+00:00,2026-09-18T06:55:10.134+00:00,2026-09-18T06:55:16.193+00:00,True,99,99.0,,99.0,278693.43743800005,284752.121342,284752.12124300003,2876.2840529595965,33.950377,278693.43743800005,28003.533388122112,90.8509778,61.823305142857144,11.92936324964139,0.34767080762533314,31,64,,True,True,,469,87.6246207195492
217,2026-09-18T06:50:32.032+00:00,2026-09-18T06:55:12.307+00:00,2026-09-18T06:55:14.832+00:00,True,42,42.0,,42.0,280275.286161,282799.495057,282799.49497600005,6733.3213089523815,39.018536999999995,280275.286161,43237.91687647244,86.93103880000001,61.56607063414634,10.143885777179616,0.14851511666077988,31,64,,True,True,,185,87.6246207195492
218,2026-09-18T06:50:32.416+00:00,2026-09-18T06:55:13.104+00:00,2026-09-18T06:55:15.558+00:00,True,40,40.0,,40.0,280688.547175,283142.091367,283142.091552,7078.5522888000005,36.693711,280688.547175,44370.8104663942,94.9185462,62.911389538461535,11.771338257894495,0.14127182506451588,31,64,,True,True,,175,87.6246207195492
219,2026-09-18T06:50:32.874+00:00,2026-09-18T06:55:14.770+00:00,2026-09-18T06:55:17.399+00:00,True,43,43.0,,43.0,281896.117455,284525.113551,284525.113453,6616.863103558139,40.351275,281896.117455,42979.210518830856,90.82827150000001,62.59514514285714,10.676118148124003,0.15112901445971103,31,64,,True,True,,198,87.6246207195492
220,2026-09-18T06:50:33.221+00:00,2026-09-18T06:55:16.384+00:00,2026-09-18T06:55:17.622+00:00,True,21,21.0,,21.0,283163.010488,284401.314488,284401.314335,13542.919730238094,35.927593,283163.010488,61777.72464036464,93.876084,61.9152,10.827757352258141,0.07383932116419972,31,64,,True,True,,93,87.6246207195492
221,2026-09-18T06:50:33.769+00:00,2026-09-18T06:55:18.394+00:00,2026-09-18T06:55:22.361+00:00,True,65,65.0,,65.0,284624.39534,288591.75534,288591.755276,4439.873158092308,39.151487,284624.39534,35295.62351588347,78.3622646,61.99,8.8627916790147,0.22523165959270472,31,64,,True,True,,357,87.6246207195492
222,2026-09-18T06:50:34.888+00:00,2026-09-18T06:55:19.896+00:00,2026-09-18T06:55:22.909+00:00,True,50,50.0,,50.0,285007.828645,288021.109157,288021.109222,5760.42218444,37.94139,285007.828645,40297.497761897386,72.96489505000001,61.49552065306123,8.493362569602821,0.1735983870985826,31,64,,True,True,,178,87.6246207195492
223,2026-09-18T06:50:35.076+00:00,2026-09-18T06:55:23.030+00:00,2026-09-18T06:55:25.414+00:00,True,40,40.0,,40.0,287953.712773,290338.006405,290338.00654800003,7258.4501637,39.070567000000004,287953.712773,45519.81441056116,90.14482080000002,61.13573415384615,10.438717764421204,0.13777045759625065,31,64,,True,True,,191,87.6246207195492
224,2026-09-18T06:50:35.372+00:00,2026-09-18T06:55:24.661+00:00,2026-09-18T06:55:25.542+00:00,True,15,15.0,,15.0,289288.853637,290169.340549,290169.340556,19344.622703733334,42.87758,289288.853637,74677.82270737187,86846.66490640001,62.89192228571429,9.027785700784161,0.05169395213022857,31,64,,True,True,,88,87.6246207195492
225,2026-09-18T06:50:35.827+00:00,2026-09-18T06:55:26.497+00:00,2026-09-18T06:55:29.891+00:00,True,57,57.0,,57.0,290669.127174,294063.361286,294063.36108600005,5159.006334842105,35.211035,290669.127174,38492.04011743267,91.9492216,60.611323428571424,12.102679068164724,0.19383577658477139,31,64,,True,True,,311,87.6246207195492
226,2026-09-18T06:50:36.198+00:00,2026-09-18T06:55:27.785+00:00,2026-09-18T06:55:27.888+00:00,True,2,2.0,,2.0,291587.34862,291689.78113200003,291689.780948,145844.890474,102.432328,291587.34862,206110.96092366637,277013.10280540003,102.432512,nan,0.006856599474408494,31,64,,True,True,,7,87.6246207195492
227,2026-09-18T06:50:36.621+00:00,2026-09-18T06:55:29.346+00:00,2026-09-18T06:55:32.983+00:00,True,60,60.0,,60.0,292724.98592199996,296362.25619399996,296362.255999,4939.370933316666,36.492811,292724.98592199996,37782.67570116364,90.57226695000001,61.6486486779661,10.087907771215066,0.20245493056552977,31,64,,True,True,,297,87.6246207195492
228,2026-09-18T06:50:37.150+00:00,2026-09-18T06:55:31.327+00:00,2026-09-18T06:55:36.813+00:00,True,87,87.0,,87.0,294176.11550300004,299662.69854300003,299662.69868000003,3444.3988354022995,38.862087,294176.11550300004,31532.151969493803,92.94536830000001,63.79747720930233,10.38147022472794,0.2903264250872918,31,64,,True,True,,450,87.6246207195492
229,2026-09-18T06:50:37.600+00:00,2026-09-18T06:55:32.918+00:00,2026-09-18T06:55:35.764+00:00,True,45,45.0,,45.0,295318.008477,298164.418973,298164.419047,6625.875978822222,36.317091,295318.008477,44013.76770101943,96.92277479999998,64.69114763636364,12.824414953608212,0.15092344068081084,31,64,,True,True,,232,87.6246207195492
230,2026-09-18T06:50:38.187+00:00,2026-09-18T06:55:35.278+00:00,2026-09-18T06:55:38.213+00:00,False,47,46.0,,46.0,297091.246163,300025.914195,300025.914178,6383.530088893617,0.02163,297091.246163,43325.908909752114,92.4464164,63.79713113043478,15.12315998379767,0.15332008944434905,31,64,,True,False,Request timeout: 300.0s exceeded,239,87.6246207195492
231,2026-09-18T06:50:38.649+00:00,2026-09-18T06:55:37.112+00:00,2026-09-18T06:55:37.242+00:00,True,3,3.0,,3.0,298462.98411400005,298593.3260020001,298593.3262090001,99531.10873633335,61.764044,298462.98411400005,172280.05773322782,268623.54350770003,65.170944,4.818372685215621,0.010047110028105266,31,64,,True,True,,13,87.6246207195492
232,2026-09-18T06:50:38.980+00:00,2026-09-18T06:55:38.403+00:00,2026-09-18T06:55:39.015+00:00,False,12,11.0,,11.0,299423.004553,300035.042953,300035.042875,25002.92023958333,0.03594,299423.004553,86419.91613422088,134777.00204409997,55.63985454545455,18.675929161081783,0.036662384139319125,31,64,,True,False,Request timeout: 300.0s exceeded,22,87.6246207195492
233,2026-09-18T06:50:39.299+00:00,2026-09-18T06:55:39.418+00:00,2026-09-18T06:55:39.418+00:00,False,1,0.0,,0.0,300118.96643699997,300118.96643699997,300118.96643699997,300118.96643699997,300118.96643699997,300118.96643699997,nan,300118.96643699997,nan,nan,0.0,31,64,,True,False,"HTTPConnectionPool(host='gpu03', port=9002): Read timed out.",0,87.6246207195492
234,2026-09-18T06:50:39.840+00:00,2026-09-18T06:55:39.895+00:00,2026-09-18T06:55:39.895+00:00,False,1,0.0,,0.0,300054.704524,300054.704524,300054.704524,300054.704524,300054.704524,300054.704524,nan,300054.704524,nan,nan,0.0,31,64,,True,False,TTFT timeout: 300.0s exceeded (TTFT: 300.049s),0,87.6246207195492
235,2026-09-18T06:50:40.361+00:00,2026-09-18T06:55:40.319+00:00,2026-09-18T06:55:40.387+00:00,False,3,2.0,,2.0,299957.631483,300025.768955,300025.768835,100008.58961166667,0.06884,299957.631483,173160.9530608359,269968.6751859,34.068736,48.083080101349246,0.006666094072406075,31,64,,True,False,Request timeout: 300.0s exceeded,7,87.6246207195492
236,2026-09-18T06:50:40.751+00:00,2026-09-18T06:55:40.833+00:00,2026-09-18T06:55:40.833+00:00,False,1,0.0,,0.0,300082.09827899997,300082.09827899997,300082.09827899997,300082.09827899997,300082.09827899997,300082.09827899997,nan,300082.09827899997,nan,nan,0.0,31,64,,True,False,"HTTPConnectionPool(host='gpu03', port=9002): Read timed out.",0,87.6246207195492
237,2026-09-18T06:50:41.340+00:00,2026-09-18T06:55:41.409+00:00,2026-09-18T06:55:41.409+00:00,False,1,0.0,,0.0,300068.717449,300068.717449,300068.717449,300068.717449,300068.717449,300068.717449,nan,300068.717449,nan,nan,0.0,31,64,,True,False,TTFT timeout: 300.0s exceeded (TTFT: 300.046s),0,87.6246207195492
238,2026-09-18T06:50:41.898+00:00,2026-09-18T06:55:41.835+00:00,2026-09-18T06:55:41.954+00:00,False,4,3.0,,3.0,299936.90898199996,300056.37061399996,300056.37052799994,75014.09263199999,0.038369999999999994,299936.90898199996,149948.54687223944,254955.38470774997,39.820544,34.45432359864474,0.009998121332538796,31,64,,True,False,Request timeout: 300.0s exceeded,11,87.6246207195492
239,2026-09-18T06:50:42.384+00:00,2026-09-18T06:55:42.430+00:00,2026-09-18T06:55:42.430+00:00,False,1,0.0,,0.0,300045.798255,300045.798255,300045.798255,300045.798255,300045.798255,300045.798255,nan,300045.798255,nan,nan,0.0,31,64,,True,False,"HTTPConnectionPool(host='gpu03', port=9002): Read timed out.",0,87.6246207195492
240,2026-09-18T06:50:42.887+00:00,2026-09-18T06:55:42.818+00:00,2026-09-18T06:55:42.979+00:00,False,4,3.0,,3.0,299930.79749699996,300091.673785,300091.673776,75022.918444,0.02182,299930.79749699996,149938.590987609,254954.52005654998,53.62542933333334,47.197400946555405,0.009996945140668392,31,64,,True,False,Request timeout: 300.0s exceeded,6,87.6246207195492
241,2026-09-18T06:50:43.442+00:00,2026-09-18T06:55:43.561+00:00,2026-09-18T06:55:43.561+00:00,False,1,0.0,,0.0,300119.71130900003,300119.71130900003,300119.71130900003,300119.71130900003,300119.71130900003,300119.71130900003,nan,300119.71130900003,nan,nan,0.0,31,64,,True,False,"HTTPConnectionPool(host='gpu03', port=9002): Read timed out.",0,87.6246207195492
242,2026-09-18T06:50:43.954+00:00,2026-09-18T06:55:44.050+00:00,2026-09-18T06:55:44.050+00:00,False,1,0.0,,0.0,300095.85719099996,300095.85719099996,300095.85719099996,300095.85719099996,300095.85719099996,300095.85719099996,nan,300095.85719099996,nan,nan,0.0,31,64,,True,False,TTFT timeout: 300.0s exceeded (TTFT: 300.091s),0,87.6246207195492
243,2026-09-18T06:50:44.349+00:00,2026-09-18T06:55:44.354+00:00,2026-09-18T06:55:44.354+00:00,False,1,0.0,,0.0,300005.61906,300005.61906,300005.61906,300005.61906,300005.61906,300005.61906,nan,300005.61906,nan,nan,0.0,31,64,,True,False,TTFT timeout: 300.0s exceeded (TTFT: 300.002s),0,87.6246207195492
244,2026-09-18T06:50:44.688+00:00,2026-09-18T06:55:44.495+00:00,2026-09-18T06:55:45.446+00:00,True,17,17.0,,17.0,299807.204144,300758.093616,300758.09356,17691.65256235294,36.691331,299807.204144,72699.51444116922,60023.28966480001,59.430592,11.336477599449498,0.056523832145661715,31,64,,True,True,,56,87.6246207195492
245,2026-09-18T06:50:45.011+00:00,2026-09-18T06:55:45.318+00:00,2026-09-18T06:55:45.855+00:00,False,10,9.0,,9.0,300307.728466,300844.043346,300844.04347,30084.404347,0.040240000000000005,300307.728466,94946.80147765069,165210.864157,59.590542222222226,27.63815991948112,0.02991583246888196,31,64,,True,False,Request timeout: 300.0s exceeded,37,87.6246207195492
246,2026-09-18T06:50:45.351+00:00,2026-09-18T06:55:45.627+00:00,2026-09-18T06:55:45.910+00:00,False,7,6.0,,6.0,300275.408718,300558.545486,300558.545627,42936.93508957143,0.03719,300275.408718,113475.6028708647,210212.9080878,47.189461333333334,24.510410012997585,0.019962832832778263,31,64,,True,False,Request timeout: 300.0s exceeded,32,87.6246207195492
247,2026-09-18T06:50:45.758+00:00,2026-09-18T06:55:45.820+00:00,2026-09-18T06:55:45.908+00:00,False,4,3.0,,3.0,300062.19287800003,300149.972718,300149.972673,75037.49316825,0.080539,300062.19287800003,150016.46803171348,255060.63051625004,29.259946666666668,26.48429731815268,0.009995003407241989,31,64,,True,False,Request timeout: 300.0s exceeded,8,87.6246207195492
248,2026-09-18T06:50:46.247+00:00,2026-09-18T06:55:46.713+00:00,2026-09-18T06:55:46.713+00:00,False,1,0.0,,0.0,300466.196648,300466.196648,300466.196648,300466.196648,300466.196648,300466.196648,nan,300466.196648,nan,nan,0.0,31,64,,True,False,"HTTPConnectionPool(host='gpu03', port=9002): Read timed out.",0,87.6246207195492
249,2026-09-18T06:50:46.761+00:00,2026-09-18T06:55:46.868+00:00,2026-09-18T06:55:46.868+00:00,False,1,0.0,,0.0,300106.944339,300106.944339,300106.944339,300106.944339,300106.944339,300106.944339,nan,300106.944339,nan,nan,0.0,31,64,,True,False,"HTTPConnectionPool(host='gpu03', port=9002): Read timed out.",0,87.6246207195492
250,2026-09-18T06:50:47.228+00:00,2026-09-18T06:55:47.292+00:00,2026-09-18T06:55:47.292+00:00,False,1,0.0,,0.0,300064.02023699996,300064.02023699996,300064.02023699996,300064.02023699996,300064.02023699996,300064.02023699996,nan,300064.02023699996,nan,nan,0.0,31,64,,True,False,TTFT timeout: 300.0s exceeded (TTFT: 300.054s),0,87.6246207195492
251,2026-09-18T06:50:47.752+00:00,2026-09-18T06:55:47.349+00:00,2026-09-18T06:55:47.794+00:00,False,10,9.0,,9.0,299597.600149,300042.427029,300042.427054,30004.2427054,0.088169,299597.600149,94725.45227597016,164808.01031155,49.42520888888889,21.161579019749333,0.02999575789703275,31,64,,True,False,Request timeout: 300.0s exceeded,54,87.6246207195492
252,2026-09-18T06:50:48.206+00:00,2026-09-18T06:55:48.311+00:00,2026-09-18T06:55:48.311+00:00,False,1,0.0,,0.0,300104.842466,300104.842466,300104.842466,300104.842466,300104.842466,300104.842466,nan,300104.842466,nan,nan,0.0,31,64,,True,False,"HTTPConnectionPool(host='gpu03', port=9002): Read timed out.",0,87.6246207195492
253,2026-09-18T06:50:48.704+00:00,2026-09-18T06:55:48.656+00:00,2026-09-18T06:55:48.746+00:00,False,3,2.0,,2.0,299952.17578,300042.328996,300042.329051,100014.10968366667,0.03683,299952.17578,173151.45028078856,269965.96984609996,45.076608,63.69581681061223,0.006665726155014158,31,64,,True,False,Request timeout: 300.0s exceeded,3,87.6246207195492
254,2026-09-18T06:50:49.133+00:00,2026-09-18T06:55:49.046+00:00,2026-09-18T06:55:49.178+00:00,True,3,3.0,,3.0,299912.777943,300044.84450300003,300044.844525,100014.94817500001,60.596846,299912.777943,173116.59882582654,269928.64712230006,66.03328,7.688434257238076,0.009998505406647653,31,64,,True,True,,5,87.6246207195492
255,2026-09-18T06:50:49.455+00:00,2026-09-18T06:55:49.570+00:00,2026-09-18T06:55:49.570+00:00,False,1,0.0,,0.0,300115.518455,300115.518455,300115.518455,300115.518455,300115.518455,300115.518455,nan,300115.518455,nan,nan,0.0,31,64,,True,False,"HTTPConnectionPool(host='gpu03', port=9002): Read timed out.",0,87.6246207195492
256,2026-09-18T06:50:50.045+00:00,2026-09-18T06:55:50.021+00:00,2026-09-18T06:55:50.093+00:00,False,3,2.0,,2.0,299976.765559,300048.78245500004,300048.78245400003,100016.26081800001,0.01911,299976.765559,173170.88059901708,269986.2887816,36.008448,50.896844659880756,0.006665582788358593,31,64,,True,False,Request timeout: 300.0s exceeded,2,87.6246207195492
257,2026-09-18T06:50:50.577+00:00,2026-09-18T06:55:50.453+00:00,2026-09-18T06:55:50.638+00:00,False,5,4.0,,4.0,299875.841816,300061.079576,300061.079488,60012.2158976,0.04421,299875.841816,134087.8459048005,239913.7248342,46.30944,30.97926966069226,0.013330619238097065,31,64,,True,False,Request timeout: 300.0s exceeded,22,87.6246207195492
258,2026-09-18T06:50:50.935+00:00,2026-09-18T06:55:51.041+00:00,2026-09-18T06:55:51.041+00:00,False,1,0.0,,0.0,300106.219574,300106.219574,300106.219574,300106.219574,300106.219574,300106.219574,nan,300106.219574,nan,nan,0.0,31,64,,True,False,"HTTPConnectionPool(host='gpu03', port=9002): Read timed out.",0,87.6246207195492
259,2026-09-18T06:50:51.349+00:00,2026-09-18T06:55:51.396+00:00,2026-09-18T06:55:51.396+00:00,False,1,0.0,,0.0,300046.96742500004,300046.96742500004,300046.96742500004,300046.96742500004,300046.96742500004,300046.96742500004,nan,300046.96742500004,nan,nan,0.0,31,64,,True,False,TTFT timeout: 300.0s exceeded (TTFT: 300.031s),0,87.6246207195492
260,2026-09-18T06:50:51.726+00:00,2026-09-18T06:55:51.678+00:00,2026-09-18T06:55:51.738+00:00,False,3,2.0,,2.0,299952.47556199995,300012.14941799996,300012.1493599999,100004.04978666666,0.04139,299952.47556199995,173160.41873158494,269963.19124659995,29.836928,42.13713797229081,0.00666639669053351,31,64,,True,False,Request timeout: 300.0s exceeded,7,87.6246207195492
261,2026-09-18T06:50:52.258+00:00,2026-09-18T06:55:52.367+00:00,2026-09-18T06:55:52.367+00:00,False,1,0.0,,0.0,300109.159845,300109.159845,300109.159845,300109.159845,300109.159845,300109.159845,nan,300109.159845,nan,nan,0.0,31,64,,True,False,"HTTPConnectionPool(host='gpu03', port=9002): Read timed out.",0,87.6246207195492
262,2026-09-18T06:50:52.772+00:00,2026-09-18T06:55:52.726+00:00,2026-09-18T06:55:52.817+00:00,False,3,2.0,,2.0,299953.734644,300045.0501,300045.050093,100015.01669766667,0.039310000000000005,299953.734644,173152.0149509018,269967.4887935,45.657728,64.51438624793079,0.006665665703644948,31,64,,True,False,Request timeout: 300.0s exceeded,4,87.6246207195492
0,2026-09-18T06:48:53.167+00:00,2026-09-18T06:48:53.413+00:00,2026-09-18T06:48:56.942+00:00,True,63,63.0,,63.0,245.60529300000002,3775.176877,3775.177015,59.92344468253968,10.416091,245.60529300000002,26.71963641141872,74.27650609999999,56.928573935483875,12.301134071134566,16.687959810260303,32,64,,False,True,,335,87.6246207195492
1,2026-09-18T06:48:53.631+00:00,2026-09-18T06:48:53.853+00:00,2026-09-18T06:48:58.046+00:00,True,72,72.0,,72.0,221.99005799999998,4415.439786,4415.439836,61.32555327777778,17.762737,221.99005799999998,21.810001695116267,68.8549511,59.06267222535212,10.417269049818975,16.30641645896516,32,64,,False,True,,352,87.6246207195492
2,2026-09-18T06:48:54.064+00:00,2026-09-18T06:48:55.478+00:00,2026-09-18T06:48:56.024+00:00,True,10,10.0,,10.0,1413.558213,1959.801029,1959.800998,195.9800998,41.251063,1413.558213,427.8827763480476,808.3514125500001,60.69364622222222,8.17575014229743,5.102558806749152,32,64,,False,True,,57,87.6246207195492
3,2026-09-18T06:48:54.452+00:00,2026-09-18T06:48:57.445+00:00,2026-09-18T06:48:57.635+00:00,True,4,4.0,,4.0,2992.24854,3182.475484,3182.475387,795.61884675,59.749438000000005,2992.24854,1464.4233432125059,2553.55018725,63.40898133333334,3.94799671172575,1.2568832093476072,32,64,,False,True,,14,87.6246207195492
4,2026-09-18T06:48:54.733+00:00,2026-09-18T06:48:58.290+00:00,2026-09-18T06:48:59.779+00:00,True,25,25.0,,25.0,3557.086611,5046.416531,5046.416483,201.85665932,42.331271,3557.086611,699.135762384457,107.3452824,62.055413333333334,13.746431333168678,4.954010404497068,32,64,,False,True,,104,87.6246207195492
5,2026-09-18T06:48:55.127+00:00,2026-09-18T06:48:59.330+00:00,2026-09-18T06:49:02.734+00:00,True,58,58.0,,58.0,4202.769261,7606.613869000001,7606.613915,131.14851577586208,0.0,4202.769261,544.2565820893909,78.29622275,59.71657207017544,16.54466914835772,7.6249433715011135,32,64,,False,True,,230,87.6246207195492
6,2026-09-18T06:48:55.511+00:00,2026-09-18T06:49:00.717+00:00,2026-09-18T06:49:05.353+00:00,True,78,78.0,,78.0,5205.998595999999,9841.318404,9841.318442,126.17074925641025,0.0,5205.998595999999,582.8953536923415,68.82501655,60.198958545454545,17.122692358403416,7.925767341121382,32,64,,False,True,,369,87.6246207195492
7,2026-09-18T06:48:55.889+00:00,2026-09-18T06:49:02.215+00:00,2026-09-18T06:49:07.604+00:00,True,91,91.0,,91.0,6325.991036,11714.923644,11714.923711,128.7354253956044,0.0,6325.991036,657.1035249248458,69.1959765,59.877028977777776,17.719277303706306,7.767869664827668,32,64,,False,True,,448,87.6246207195492
8,2026-09-18T06:48:56.237+00:00,2026-09-18T06:49:03.677+00:00,2026-09-18T06:49:09.095+00:00,True,91,91.0,,91.0,7440.413875,12857.825203,12857.825207,141.29478249450548,0.0,7440.413875,774.5113684598164,68.9882215,60.1934592,36.56603048306007,7.077402170529413,32,64,,False,True,,379,87.6246207195492
9,2026-09-18T06:48:56.591+00:00,2026-09-18T06:49:04.913+00:00,2026-09-18T06:49:09.032+00:00,True,69,69.0,,69.0,8321.686467,12440.801219,12440.801043,180.30146439130434,0.0,8321.686467,995.2659138347416,122.017566,60.57521694117647,38.787798880882846,5.546266577639785,32,64,,False,True,,270,87.6246207195492
10,2026-09-18T06:48:56.881+00:00,2026-09-18T06:49:06.048+00:00,2026-09-18T06:49:09.092+00:00,True,51,51.0,,51.0,9166.801516000001,12210.888812000001,12210.888849,239.4291931176471,0.0,9166.801516000001,1275.9692776250145,129.52783449999998,60.88174592,48.01015372907748,4.176600146410374,32,64,,False,True,,210,87.6246207195492
11,2026-09-18T06:48:57.316+00:00,2026-09-18T06:49:07.895+00:00,2026-09-18T06:49:10.638+00:00,True,51,51.0,,51.0,10578.646683,13321.718683000001,13321.718615000002,261.21016892156865,0.0,10578.646683,1473.8658924487618,68.609752,54.86144,26.934270503158206,3.8283348578049234,32,64,,False,True,,250,87.6246207195492
12,2026-09-18T06:48:57.671+00:00,2026-09-18T06:49:08.851+00:00,2026-09-18T06:49:14.446+00:00,True,94,94.0,,94.0,11179.093155999999,16774.449316,16774.449339,178.45158871276595,0.0,11179.093155999999,1147.1690026949193,70.84334299999999,60.16512,28.043653052273832,5.603760709470197,32,64,,False,True,,386,87.6246207195492
13,2026-09-18T06:48:58.074+00:00,2026-09-18T06:49:10.341+00:00,2026-09-18T06:49:13.351+00:00,True,51,51.0,,51.0,12266.139087,15276.404943,15276.404902999999,299.53735103921565,0.0,12266.139087,1709.3626386709432,67.2923255,60.20531712,25.747332254184048,3.338481808402793,32,64,,False,True,,269,87.6246207195492
14,2026-09-18T06:48:58.407+00:00,2026-09-18T06:49:11.488+00:00,2026-09-18T06:49:15.574+00:00,True,69,69.0,,69.0,13080.731563,17166.234027,17166.234171,248.78600247826085,0.0,13080.731563,1567.6826796276118,69.326539,60.0809185882353,23.968476515651016,4.019518776889154,32,64,,False,True,,302,87.6246207195492
15,2026-09-18T06:48:58.734+00:00,2026-09-18T06:49:12.870+00:00,2026-09-18T06:49:17.689+00:00,True,82,82.0,,82.0,14135.711982,18954.77579,18954.775837,231.1558028902439,0.0,14135.711982,1554.88762646444,69.81719960000001,59.49461491358024,36.77003850222501,4.326086518167146,32,64,,False,True,,401,87.6246207195492
16,2026-09-18T06:48:59.099+00:00,2026-09-18T06:49:14.330+00:00,2026-09-18T06:49:15.388+00:00,True,19,19.0,,19.0,15231.414245999998,16289.204709999998,16289.204831,857.3265700526315,31.373622,15231.414245999998,3480.859236922551,1585.4829314999997,58.76613688888889,10.52834110092336,1.1664166752312857,32,64,,False,True,,66,87.6246207195492
17,2026-09-18T06:48:59.576+00:00,2026-09-18T06:49:15.927+00:00,2026-09-18T06:49:16.946+00:00,True,15,15.0,,15.0,16351.492014000001,17370.864046000002,17370.864,1158.0576,0.0,16351.492014000001,4203.613129648494,5110.2326644,72.812288,65.65294762009465,0.8635149040530347,32,64,,False,True,,105,87.6246207195492
18,2026-09-18T06:48:59.914+00:00,2026-09-18T06:49:17.174+00:00,2026-09-18T06:49:20.694+00:00,True,59,59.0,,59.0,17259.801827,20779.749347,20779.749526,352.19914450847455,0.0,17259.801827,2239.4806287454753,71.3780728,60.68875034482758,39.75626595536037,2.839302775734295,32,64,,False,True,,332,87.6246207195492
19,2026-09-18T06:49:00.355+00:00,2026-09-18T06:49:18.913+00:00,2026-09-18T06:49:23.778+00:00,True,79,79.0,,79.0,18557.462115,23423.149411,23423.149333999998,296.4955611898734,0.0,18557.462115,2081.562167450256,93.33690169999998,62.38060635897436,54.44138752283615,3.372731762659549,32,64,,False,True,,214,87.6246207195492
20,2026-09-18T06:49:00.713+00:00,2026-09-18T06:49:20.258+00:00,2026-09-18T06:49:20.287+00:00,True,2,2.0,,2.0,19544.523921,19573.685137,19573.685077,9786.8425385,29.161156,19544.523921,13799.445348446952,18568.75578275,29.161216,nan,0.10217800000365868,32,64,,False,True,,10,87.6246207195492
21,2026-09-18T06:49:01.166+00:00,2026-09-18T06:49:21.715+00:00,2026-09-18T06:49:27.638+00:00,True,98,98.0,,98.0,20549.387004,26472.056572,26472.056458,270.12302508163265,0.0,20549.387004,2069.932030464126,90.34658694999999,61.05844915463918,35.32321272251679,3.702016869503689,32,64,,False,True,,365,87.6246207195492
22,2026-09-18T06:49:01.532+00:00,2026-09-18T06:49:23.239+00:00,2026-09-18T06:49:27.902+00:00,True,79,79.0,,79.0,21706.663483,26370.116411,26370.116228,333.7989395949367,0.0,21706.663483,2435.7555922482907,73.0095649,59.78785805128205,37.946156877090274,2.9958153679991355,32,64,,False,True,,381,87.6246207195492
23,2026-09-18T06:49:02.002+00:00,2026-09-18T06:49:24.985+00:00,2026-09-18T06:49:30.901+00:00,True,99,99.0,,99.0,22982.960632,28899.39532,28899.395288,291.9130837171717,0.0,22982.960632,2304.127478303096,72.6239813,60.37178253061224,38.634337331927824,3.4256772124047337,32,64,,False,True,,498,87.6246207195492
24,2026-09-18T06:49:02.285+00:00,2026-09-18T06:49:26.216+00:00,2026-09-18T06:49:30.597+00:00,True,73,73.0,,73.0,23931.1567,28312.121308,28312.12132,387.8372783561644,0.0,23931.1567,2794.1637088688917,77.0633608,60.846730666666666,44.867177969159314,2.578400933149887,32,64,,False,True,,267,87.6246207195492
25,2026-09-18T06:49:02.550+00:00,2026-09-18T06:49:27.205+00:00,2026-09-18T06:49:32.066+00:00,True,82,82.0,,82.0,24654.276146,29515.399986,29515.399913,359.9439013780488,0.0,24654.276146,2716.290885729897,70.147234,60.01387456790123,41.22367831515455,2.7782106981065797,32,64,,False,True,,297,87.6246207195492
26,2026-09-18T06:49:02.970+00:00,2026-09-18T06:49:28.703+00:00,2026-09-18T06:49:30.716+00:00,True,33,33.0,,33.0,25732.861262,27745.375054,27745.374942,840.7689376363636,44.211638,25732.861262,4468.573305434368,77.71884920000001,62.891056,6.8342732800987696,1.1893874181110573,32,64,,False,True,,149,87.6246207195492
27,2026-09-18T06:49:03.268+00:00,2026-09-18T06:49:29.969+00:00,2026-09-18T06:49:34.253+00:00,True,72,72.0,,72.0,26700.100505,30984.613273,30984.613283,430.34185115277774,0.0,26700.100505,3139.957196346392,70.50811954999999,60.34525025352113,52.45048991029739,2.323734021322797,32,64,,False,True,,409,87.6246207195492
28,2026-09-18T06:49:03.664+00:00,2026-09-18T06:49:31.664+00:00,2026-09-18T06:49:36.596+00:00,True,83,83.0,,83.0,28000.745578000002,32932.891498000005,32932.891434000005,396.7818245060241,0.0,28000.745578000002,3067.738690015208,74.3532589,60.14812097560976,73.0681483778918,2.5202767271449744,32,64,,False,True,,426,87.6246207195492
29,2026-09-18T06:49:04.022+00:00,2026-09-18T06:49:32.968+00:00,2026-09-18T06:49:35.169+00:00,True,38,38.0,,38.0,28945.818932,31146.820915999997,31146.820993999998,819.6531840526316,0.0,28945.818932,4687.208743899141,478.04763020000007,59.48654010810811,108.71501487309368,1.220028204563232,32,64,,False,True,,224,87.6246207195492
30,2026-09-18T06:49:04.366+00:00,2026-09-18T06:49:34.192+00:00,2026-09-18T06:49:39.011+00:00,True,79,79.0,,79.0,29826.190365,34645.195037,34645.195184,438.5467744810126,0.0,29826.190365,3349.6037621269365,92.7486332,61.782111179487174,75.77450308721659,2.2802584865125,32,64,,False,True,,290,87.6246207195492
31,2026-09-18T06:49:04.684+00:00,2026-09-18T06:49:35.352+00:00,2026-09-18T06:49:38.389+00:00,True,49,49.0,,49.0,30667.230897999998,33704.27205,33704.272065,687.8422870408162,16.993368,30667.230897999998,4372.014855753669,95.925313,63.271690666666665,13.590560151086931,1.4538216380199198,32,64,,False,True,,229,87.6246207195492
32,2026-09-18T06:49:05.111+00:00,2026-09-18T06:49:36.961+00:00,2026-09-18T06:49:40.741+00:00,True,64,64.0,,64.0,31849.753961,35629.679465,35629.679478,556.71374184375,0.0,31849.753961,3974.155821260722,90.70604525,59.99881752380952,59.368529720224224,1.7962552838250743,32,64,,False,True,,247,87.6246207195492
33,2026-09-18T06:49:05.416+00:00,2026-09-18T06:49:38.025+00:00,2026-09-18T06:49:38.989+00:00,True,16,16.0,,16.0,32609.033165,33573.360077,33573.359996,2098.33499975,0.0,32609.033165,8137.044639559356,8522.173613750001,64.2884608,122.34296771456167,0.47656832569943075,32,64,,False,True,,67,87.6246207195492
34,2026-09-18T06:49:05.761+00:00,2026-09-18T06:49:39.445+00:00,2026-09-18T06:49:42.259+00:00,True,48,48.0,,48.0,33684.313476,36498.097796,36498.097945,760.3770405208334,35.720015,33684.313476,4853.285467004743,84.0154669,59.8677514893617,12.102961969451327,1.315137031751297,32,64,,False,True,,231,87.6246207195492
35,2026-09-18T06:49:06.018+00:00,2026-09-18T06:49:40.197+00:00,2026-09-18T06:49:42.385+00:00,True,37,37.0,,37.0,34178.308109,36366.156556999995,36366.156522,982.8690951891891,32.36516,34178.308109,5608.903337112136,96.1205024,60.773568,13.247151708678935,1.0174294867263887,32,64,,False,True,,54,87.6246207195492
36,2026-09-18T06:49:06.414+00:00,2026-09-18T06:49:42.136+00:00,2026-09-18T06:49:45.289+00:00,True,49,49.0,,49.0,35722.015166000005,38874.65619,38874.65632,793.3603330612245,0.0,35722.015166000005,5094.407005269457,111.47088579999999,65.68002133333333,81.91180639306198,1.2604613082753027,32,64,,False,True,,202,87.6246207195492
37,2026-09-18T06:49:06.721+00:00,2026-09-18T06:49:43.138+00:00,2026-09-18T06:49:44.313+00:00,True,20,20.0,,20.0,36417.820545999995,37591.89773,37591.897841,1879.5948920499998,33.162509,36417.820545999995,8129.469805851032,1929.6979168999999,61.793536,16.05997742108522,0.5320295384832119,32,64,,False,True,,80,87.6246207195492
38,2026-09-18T06:49:07.061+00:00,2026-09-18T06:49:44.375+00:00,2026-09-18T06:49:46.954+00:00,True,42,42.0,,42.0,37314.379177,39893.134505,39893.134410000006,949.8365335714286,0.0,37314.379177,5748.692546021808,103.34827800000001,62.89647141463415,88.4553748551606,1.052812733848626,32,64,,False,True,,179,87.6246207195492
39,2026-09-18T06:49:07.427+00:00,2026-09-18T06:49:45.575+00:00,2026-09-18T06:49:45.931+00:00,True,7,7.0,,7.0,38148.02845400001,38503.63344600001,38503.63344800001,5500.519064000001,45.898786,38148.02845400001,14396.199829954337,26723.346495200003,59.26749866666666,6.875084353057922,0.18180102430637496,32,64,,False,True,,35,87.6246207195492
40,2026-09-18T06:49:07.887+00:00,2026-09-18T06:49:47.481+00:00,2026-09-18T06:49:48.859+00:00,True,17,17.0,,17.0,39594.292273,40971.537201,40971.537072,2410.090416,0.016890000000000002,39594.292273,9583.406031264936,8460.951190599999,86.077808,160.27403724945827,0.41492219138863745,32,64,,False,True,,77,87.6246207195492
41,2026-09-18T06:49:08.155+00:00,2026-09-18T06:49:49.009+00:00,2026-09-18T06:49:49.761+00:00,True,13,13.0,,13.0,40854.053302,41606.320566,41606.320544,3200.486195692308,55.391698,40854.053302,11313.489519584547,16383.7965328,62.688938666666665,3.8828490329306424,0.31245252699954884,32,64,,False,True,,54,87.6246207195492
42,2026-09-18T06:49:08.439+00:00,2026-09-18T06:49:49.887+00:00,2026-09-18T06:49:54.101+00:00,True,69,69.0,,69.0,41448.378949,45661.812292999995,45661.812107,661.7653928550725,0.0,41448.378949,4982.960309109717,80.8625564,61.96225505882352,79.26617765329027,1.5111095362848261,32,64,,False,True,,308,87.6246207195492
43,2026-09-18T06:49:08.763+00:00,2026-09-18T06:49:51.161+00:00,2026-09-18T06:49:51.683+00:00,True,10,10.0,,10.0,42398.396771,42920.578403,42920.578318,4292.0578318,40.826125,42398.396771,13389.206238135515,23350.678443500005,58.02018133333333,10.317971448728088,0.23298847247829807,32,64,,False,True,,55,87.6246207195492
44,2026-09-18T06:49:09.060+00:00,2026-09-18T06:49:52.473+00:00,2026-09-18T06:49:54.458+00:00,True,32,32.0,,32.0,43412.616224,45398.530847999995,45398.530931,1418.70409159375,37.55125099999999,43412.616224,7663.020609748486,94.00704725,64.06176206451613,10.07276391613773,0.7048686246508733,32,64,,False,True,,74,87.6246207195492
45,2026-09-18T06:49:09.427+00:00,2026-09-18T06:49:53.972+00:00,2026-09-18T06:49:56.481+00:00,True,41,41.0,,41.0,44544.99368,47054.093968,47054.094021,1147.6608297804878,32.757569,44544.99368,6946.974397690422,100.127076,62.727507200000005,12.830530357247083,0.8713375721968591,32,64,,False,True,,195,87.6246207195492
46,2026-09-18T06:49:09.845+00:00,2026-09-18T06:49:55.845+00:00,2026-09-18T06:49:58.005+00:00,True,37,37.0,,37.0,46000.001322,48159.70564199999,48159.705577999994,1301.6136642702702,37.005362,46000.001322,7552.503034592714,94.25145780000001,59.99178666666666,13.648487851565514,0.7682771210240199,32,64,,False,True,,170,87.6246207195492
47,2026-09-18T06:49:10.224+00:00,2026-09-18T06:49:57.019+00:00,2026-09-18T06:50:03.142+00:00,True,100,100.0,,100.0,46795.2818,52917.650056,52917.650055,529.17650055,0.0,46795.2818,4674.933982910216,96.04292794999999,61.8421035959596,122.53796329532284,1.889728661310077,32,64,,False,True,,541,87.6246207195492
48,2026-09-18T06:49:10.586+00:00,2026-09-18T06:49:58.792+00:00,2026-09-18T06:50:00.018+00:00,True,20,20.0,,20.0,48206.646801,49432.752401000005,49432.752519,2471.6376259500003,38.087889000000004,48206.646801,10764.912615834875,2505.76781435,64.53187368421052,13.866952792738173,0.4045900547426408,32,64,,False,True,,62,87.6246207195492
49,2026-09-18T06:49:10.875+00:00,2026-09-18T06:49:59.790+00:00,2026-09-18T06:50:02.625+00:00,True,38,38.0,,38.0,48914.981548,51749.354156,51749.354259,1361.8251120789475,0.0,48914.981548,7925.121976461934,799.9678121999999,76.60466508108108,201.43118349650715,0.7343086811373113,32,64,,False,True,,166,87.6246207195492
50,2026-09-18T06:49:11.140+00:00,2026-09-18T06:50:00.936+00:00,2026-09-18T06:50:04.721+00:00,True,63,63.0,,63.0,49795.496738,53581.303586,53581.303764000004,850.4968851428572,0.01566,49795.496738,6267.163484372772,89.13721759999999,61.06140077419355,124.33658228528907,1.175783263631924,32,64,,False,True,,321,87.6246207195492
51,2026-09-18T06:49:11.508+00:00,2026-09-18T06:50:02.843+00:00,2026-09-18T06:50:06.679+00:00,True,62,62.0,,62.0,51335.170562,55170.994946,55170.994925,889.8547568548387,38.093548999999996,51335.170562,6511.598394097953,95.7214862,62.88236695081967,12.221793057425115,1.1237788997766682,32,64,,False,True,,326,87.6246207195492
52,2026-09-18T06:49:11.894+00:00,2026-09-18T06:50:04.428+00:00,2026-09-18T06:50:06.841+00:00,True,39,39.0,,39.0,52533.784236,54947.364524,54947.364533,1408.906782897436,35.613673999999996,52533.784236,8401.978050146152,100.81224090000002,63.515270736842105,13.621429017280823,0.709770165281822,32,64,,False,True,,190,87.6246207195492
53,2026-09-18T06:49:12.154+00:00,2026-09-18T06:50:05.302+00:00,2026-09-18T06:50:06.382+00:00,True,17,17.0,,17.0,53147.420357,54227.452357,54227.452485,3189.850146176471,48.82891,53147.420357,12873.780563005197,10712.8012378,67.502,16.05831769796143,0.31349435131273573,32,64,,False,True,,82,87.6246207195492
54,2026-09-18T06:49:12.453+00:00,2026-09-18T06:50:06.509+00:00,2026-09-18T06:50:08.164+00:00,True,27,27.0,,27.0,54056.130045000005,55710.86079700001,55710.860672,2063.365210074074,39.424427,54056.130045000005,10390.867782524316,96.6362759,63.64349046153846,13.868797228173378,0.484645177147468,32,64,,False,True,,141,87.6246207195492
55,2026-09-18T06:49:12.761+00:00,2026-09-18T06:50:07.881+00:00,2026-09-18T06:50:13.764+00:00,True,97,97.0,,97.0,55120.528425,61003.055401,61003.055393999995,628.8974782886597,0.0,55120.528425,5591.003377903189,91.25861800000001,61.276322666666665,81.18569583377689,1.5900842894241314,32,64,,False,True,,434,87.6246207195492
56,2026-09-18T06:49:13.051+00:00,2026-09-18T06:50:08.789+00:00,2026-09-18T06:50:13.182+00:00,True,73,73.0,,73.0,55738.29296,60131.328735999996,60131.328766,823.7168324109589,0.0,55738.29296,6517.198636511502,91.29570159999999,61.014385777777775,93.82844599427332,1.214009427938945,32,64,,False,True,,322,87.6246207195492
57,2026-09-18T06:49:13.352+00:00,2026-09-18T06:50:09.898+00:00,2026-09-18T06:50:12.370+00:00,True,44,44.0,,44.0,56546.348024,59017.907704,59017.907633999996,1341.316082590909,0.0,56546.348024,8516.035133080386,90.73773994999999,57.478132093023255,17.506357433165196,0.7455364263450135,32,64,,False,True,,177,87.6246207195492
58,2026-09-18T06:49:13.704+00:00,2026-09-18T06:50:11.198+00:00,2026-09-18T06:50:12.438+00:00,True,22,22.0,,22.0,57493.369761,58733.743777,58733.743582,2669.7156173636363,38.945558,57493.369761,12245.03742806453,67.20793515,59.065429333333334,8.175369776385784,0.37457172972881647,32,64,,False,True,,89,87.6246207195492
59,2026-09-18T06:49:14.026+00:00,2026-09-18T06:50:12.496+00:00,2026-09-18T06:50:18.480+00:00,True,97,97.0,,97.0,58470.038193,64454.630065,64454.630033,664.4807219896908,0.016210000000000002,58470.038193,5931.039874671395,91.14207200000001,62.339498666666664,87.35169080982396,1.5049345547740984,32,64,,False,True,,396,87.6246207195492
60,2026-09-18T06:49:14.292+00:00,2026-09-18T06:50:13.311+00:00,2026-09-18T06:50:18.323+00:00,True,81,81.0,,81.0,59019.284773,64030.970405,64030.970348,790.5058067654321,0.01686,59019.284773,6551.408297042503,91.337032,62.6460704,94.33112174171472,1.2650128443731181,32,64,,False,True,,316,87.6246207195492
61,2026-09-18T06:49:14.664+00:00,2026-09-18T06:50:14.898+00:00,2026-09-18T06:50:17.438+00:00,True,41,41.0,,41.0,60234.115468,62773.936012000006,62773.936022,1531.071610292683,0.0162,60234.115468,9398.15302304011,93.874946,63.4955136,144.35246780018755,0.6531373146995649,32,64,,False,True,,140,87.6246207195492
62,2026-09-18T06:49:15.111+00:00,2026-09-18T06:50:17.193+00:00,2026-09-18T06:50:21.833+00:00,True,83,83.0,,83.0,62081.584025,66721.595801,66721.595906,803.8746494698795,0.0,62081.584025,6808.917567374058,96.3429512,56.58550946341463,104.32376442209737,1.243975042916405,32,64,,False,True,,319,87.6246207195492
63,2026-09-18T06:49:15.451+00:00,2026-09-18T06:50:18.138+00:00,2026-09-18T06:50:22.188+00:00,True,65,65.0,,65.0,62687.363862000006,66736.59931800001,66736.599312,1026.7169124923078,0.0,62687.363862000006,7768.399805512257,94.97995080000001,63.269304,114.92505534184536,0.9739783067200487,32,64,,False,True,,290,87.6246207195492
64,2026-09-18T06:49:15.926+00:00,2026-09-18T06:50:20.216+00:00,2026-09-18T06:50:21.448+00:00,True,31,31.0,,31.0,64289.881223,65521.538438999996,65521.53849,2113.5980158064517,0.0,64289.881223,11539.470639515179,83.37900150000002,41.05524053333333,31.227360734897676,0.4731268639069081,32,64,,False,True,,116,87.6246207195492
65,2026-09-18T06:49:16.284+00:00,2026-09-18T06:50:21.267+00:00,2026-09-18T06:50:23.422+00:00,True,34,34.0,,34.0,64982.223681,67137.534785,67137.534765,1974.6333754411767,33.214968999999996,64982.223681,11133.165506005991,92.7403617,65.3124576969697,12.749763809794088,0.5064231224587107,32,64,,False,True,,67,87.6246207195492
66,2026-09-18T06:49:16.668+00:00,2026-09-18T06:50:22.309+00:00,2026-09-18T06:50:23.721+00:00,True,23,23.0,,23.0,65641.16149,67053.43413,67053.434305,2915.3667089130436,47.395773,65641.16149,13673.747303517088,96.803436,64.19421090909091,11.224171001070939,0.3430100232511387,32,64,,False,True,,102,87.6246207195492
67,2026-09-18T06:49:17.003+00:00,2026-09-18T06:50:23.875+00:00,2026-09-18T06:50:28.645+00:00,True,78,78.0,,78.0,66871.676175,71641.713935,71641.713775,918.4835099358975,35.614633999999995,66871.676175,7564.722250932398,93.61407790000001,61.94854233766234,12.519403989385259,1.0887511718489706,32,64,,False,True,,413,87.6246207195492
68,2026-09-18T06:49:17.394+00:00,2026-09-18T06:50:25.481+00:00,2026-09-18T06:50:26.428+00:00,True,16,16.0,,16.0,68086.536419,69033.699811,69033.69987099999,4314.606241937499,38.07316,68086.536419,17005.853244499845,17090.572889749998,63.14422613333333,13.762037346152816,0.23177086037405922,32,64,,False,True,,58,87.6246207195492
69,2026-09-18T06:49:17.763+00:00,2026-09-18T06:50:26.855+00:00,2026-09-18T06:50:32.874+00:00,True,98,98.0,,98.0,69091.37629,75110.546338,75110.546266,766.4341455714285,0.0,69091.37629,6973.771999719884,93.22344285,62.053299463917526,103.30996148184263,1.3047435383973467,32,64,,False,True,,409,87.6246207195492
70,2026-09-18T06:49:18.067+00:00,2026-09-18T06:50:27.913+00:00,2026-09-18T06:50:32.809+00:00,True,80,80.0,,80.0,69846.136042,74741.955306,74741.95522999999,934.2744403749999,0.0,69846.136042,7802.940425516621,89.48434745,61.97239574683544,114.79282141634741,1.0703493061222857,32,64,,False,True,,356,87.6246207195492
71,2026-09-18T06:49:18.361+00:00,2026-09-18T06:50:29.070+00:00,2026-09-18T06:50:29.705+00:00,True,12,12.0,,12.0,70709.235913,71343.421641,71343.421613,5945.285134416667,37.656701,70709.235913,20395.356943459785,31856.9937645,57.653248,9.005809690360728,0.1682005113293274,32,64,,False,True,,56,87.6246207195492
72,2026-09-18T06:49:18.647+00:00,2026-09-18T06:50:30.167+00:00,2026-09-18T06:50:32.231+00:00,True,25,25.0,,25.0,71520.082411,73583.80746699999,73583.80770399999,2943.3523081599997,0.0,71520.082411,14288.247440931116,852.937873,85.988544,206.39593134368425,0.3397486602091324,32,64,,False,True,,98,87.6246207195492
73,2026-09-18T06:49:19.113+00:00,2026-09-18T06:50:32.244+00:00,2026-09-18T06:50:33.165+00:00,True,22,22.0,,22.0,73130.539766,74052.06450200001,74052.064366,3366.0029257272727,0.0,73130.539766,15582.155775486404,99.83808205000001,43.88213028571428,30.27476203027562,0.2970882736078995,32,64,,False,True,,123,87.6246207195492
74,2026-09-18T06:49:19.545+00:00,2026-09-18T06:50:33.580+00:00,2026-09-18T06:50:36.006+00:00,True,40,40.0,,40.0,74035.489933,76461.664653,76461.66463700001,1911.541615925,0.01625,74035.489933,11697.573733909743,152.27584365,62.209608205128205,181.43957331456204,0.523137969615609,32,64,,False,True,,165,87.6246207195492
75,2026-09-18T06:49:20.011+00:00,2026-09-18T06:50:35.238+00:00,2026-09-18T06:50:37.735+00:00,True,43,43.0,,43.0,75227.082461,77723.942109,77723.942175,1807.5335389534882,31.604482,75227.082461,11462.963063799092,72.71595950000001,59.44903923809524,12.290426498923372,0.5532400806394616,32,64,,False,True,,219,87.6246207195492
76,2026-09-18T06:49:20.333+00:00,2026-09-18T06:50:36.336+00:00,2026-09-18T06:50:37.512+00:00,True,21,21.0,,21.0,76002.969794,77178.987714,77178.987664,3675.189888761905,32.67349,76002.969794,16572.379663141608,73.83565300000001,58.800896,10.810960181683539,0.27209478411169513,32,64,,False,True,,75,87.6246207195492
77,2026-09-18T06:49:20.595+00:00,2026-09-18T06:50:37.663+00:00,2026-09-18T06:50:41.605+00:00,True,62,62.0,,62.0,77067.320064,81009.73312,81009.733298,1306.6086015806452,37.98068,77067.320064,9779.360470748888,100.88601004999998,64.6297222295082,13.391316367600501,0.7653401339831496,32,64,,False,True,,248,87.6246207195492
78,2026-09-18T06:49:20.976+00:00,2026-09-18T06:50:38.952+00:00,2026-09-18T06:50:45.772+00:00,True,94,94.0,,94.0,77975.950603,84795.381003,84795.38102500001,902.0785215425533,0.0,77975.950603,8035.933449870566,97.57076135,73.32720860215055,120.33583339801984,1.1085509480365958,32,64,,False,True,,448,87.6246207195492
79,2026-09-18T06:49:21.572+00:00,2026-09-18T06:50:40.646+00:00,2026-09-18T06:50:42.282+00:00,True,26,26.0,,26.0,79074.656036,80710.488612,80710.488559,3104.2495599615386,39.558627,79074.656036,15494.991026616344,105.68283175,65.43330304,15.687465521019481,0.3221390484326015,32,64,,False,True,,117,87.6246207195492
80,2026-09-18T06:49:21.617+00:00,2026-09-18T06:50:40.917+00:00,2026-09-18T06:50:41.196+00:00,True,6,6.0,,6.0,79299.443491,79578.33936299999,79578.339195,13263.056532499999,39.467767,79299.443491,32351.093174772785,59492.803409500004,55.779174399999995,14.705207586371735,0.07539740145406583,32,64,,False,True,,22,87.6246207195492
81,2026-09-18T06:49:22.016+00:00,2026-09-18T06:50:43.144+00:00,2026-09-18T06:50:43.559+00:00,True,8,8.0,,8.0,81127.342601,81542.748425,81542.74847199999,10192.843558999999,39.553826,81127.342601,28661.86709962028,52756.21762825,59.343689142857144,9.025732317918502,0.09810804951415274,32,64,,False,True,,45,87.6246207195492
82,2026-09-18T06:49:22.459+00:00,2026-09-18T06:50:44.509+00:00,2026-09-18T06:50:45.751+00:00,True,10,10.0,,10.0,82049.762087,83291.598119,83291.598189,8329.1598189,0.0,82049.762087,25905.427980900884,45660.40144145,137.98178133333334,392.9079422916466,0.12006012882251155,32,64,,False,True,,45,87.6246207195492
83,2026-09-18T06:49:22.728+00:00,2026-09-18T06:50:45.754+00:00,2026-09-18T06:50:47.676+00:00,True,37,37.0,,37.0,83026.507122,84948.084338,84948.08428499999,2295.8941698648646,0.0,83026.507122,13640.713861288254,75.501042,53.377144888888886,20.733350110086285,0.43556014580364955,32,64,,False,True,,170,87.6246207195492
84,2026-09-18T06:49:23.145+00:00,2026-09-18T06:50:47.159+00:00,2026-09-18T06:50:50.506+00:00,True,56,56.0,,56.0,84013.815598,87360.56196600001,87360.56196400001,1560.0100350714285,37.92569,84013.815598,11218.691932114907,79.59546049999999,60.84993396363636,10.688724213761905,0.6410215174874302,32,64,,False,True,,264,87.6246207195492
85,2026-09-18T06:49:23.458+00:00,2026-09-18T06:50:48.384+00:00,2026-09-18T06:50:54.575+00:00,True,100,100.0,,100.0,84926.704021,91117.65723699999,91117.65708399999,911.17657084,35.233135000000004,84926.704021,8486.423129411882,89.8519088,62.53488096969697,10.323117545579032,1.0974821240179249,32,64,,False,True,,485,87.6246207195492
86,2026-09-18T06:49:23.909+00:00,2026-09-18T06:50:49.903+00:00,2026-09-18T06:50:51.583+00:00,True,29,29.0,,29.0,85994.44015800001,87673.53571000001,87673.53574,3023.225370344828,34.819716,85994.44015800001,15957.634763726588,83.338872,59.967698285714285,11.272788450639673,0.33077256169893776,32,64,,False,True,,156,87.6246207195492
87,2026-09-18T06:49:24.243+00:00,2026-09-18T06:50:51.134+00:00,2026-09-18T06:50:52.880+00:00,True,30,30.0,,30.0,86891.18750100001,88637.01457300001,88637.01473000001,2954.567157666667,32.321651,86891.18750100001,15853.099785851564,80.3233957,60.20093351724138,10.104240780977484,0.3384590528519266,32,64,,False,True,,135,87.6246207195492
88,2026-09-18T06:49:24.515+00:00,2026-09-18T06:50:52.205+00:00,2026-09-18T06:50:53.447+00:00,True,21,21.0,,21.0,87690.20541400001,88932.22858200001,88932.22846500001,4234.868022142858,42.524351,87690.20541400001,19122.022085577115,90.63309299999999,62.101158399999996,9.080527542991033,0.23613486735730388,32,64,,False,True,,100,87.6246207195492
89,2026-09-18T06:49:24.824+00:00,2026-09-18T06:50:53.322+00:00,2026-09-18T06:50:53.446+00:00,True,3,3.0,,3.0,88497.536103,88621.669991,88621.67006300001,29540.556687666667,56.950235,88497.536103,51058.24216045935,79654.50086520001,62.066944,7.236066936614669,0.03385176560433431,32,64,,False,True,,17,87.6246207195492
90,2026-09-18T06:49:25.100+00:00,2026-09-18T06:50:54.265+00:00,2026-09-18T06:50:57.511+00:00,True,53,53.0,,53.0,89165.242159,92411.581743,92411.581772,1743.6147504150945,36.803962,89165.242159,12239.216732395302,89.2422994,62.42960738461539,10.17848271439593,0.5735211864178988,32,64,,False,True,,203,87.6246207195492
91,2026-09-18T06:49:25.507+00:00,2026-09-18T06:50:55.866+00:00,2026-09-18T06:50:56.184+00:00,True,6,6.0,,6.0,90359.21011300001,90677.69766500001,90677.697813,15112.949635500001,59.28114,90359.21011300001,36862.988831406845,67786.97646975,63.6975104,4.150317534810656,0.06616842017941854,32,64,,False,True,,14,87.6246207195492
92,2026-09-18T06:49:25.833+00:00,2026-09-18T06:50:57.106+00:00,2026-09-18T06:50:58.938+00:00,True,30,30.0,,30.0,91272.846815,93104.871391,93104.871235,3103.495707833333,53.815870000000004,91272.846815,16652.533053222407,79.843019,63.173261241379315,6.333495900374146,0.3222172970307111,32,64,,False,True,,146,87.6246207195492
93,2026-09-18T06:49:26.142+00:00,2026-09-18T06:50:58.197+00:00,2026-09-18T06:50:59.283+00:00,True,19,19.0,,19.0,92055.0469,93141.439732,93141.439549,4902.181028894737,43.47171,92055.0469,21105.03093759146,9267.8007568,60.35515733333334,7.374779588881778,0.20399083431252024,32,64,,True,True,,79,87.6246207195492
94,2026-09-18T06:49:26.448+00:00,2026-09-18T06:50:59.052+00:00,2026-09-18T06:50:59.977+00:00,True,16,16.0,,16.0,92604.28433499999,93529.14219099999,93529.142113,5845.5713820625,37.976659,92604.28433499999,23135.659365065385,23219.035951,61.6571904,11.30442212832248,0.17106967545287322,32,64,,True,True,,76,87.6246207195492
95,2026-09-18T06:49:26.888+00:00,2026-09-18T06:51:00.976+00:00,2026-09-18T06:51:06.159+00:00,True,85,85.0,,85.0,94088.450421,99270.770037,99270.77002,1167.891412,37.235021,94088.450421,10198.635672174112,68.251556,61.69428114285714,6.495463056614789,0.8562439877148025,32,64,,True,True,,396,87.6246207195492
96,2026-09-18T06:49:27.322+00:00,2026-09-18T06:51:02.708+00:00,2026-09-18T06:51:03.485+00:00,True,13,13.0,,13.0,95385.772504,96163.11932,96163.11931499999,7397.163024230768,54.144069,95385.772504,26437.288930693285,38211.8852974,64.77890133333334,10.747939089442905,0.13518696244388842,32,64,,True,True,,58,87.6246207195492
97,2026-09-18T06:49:27.631+00:00,2026-09-18T06:51:03.605+00:00,2026-09-18T06:51:06.636+00:00,True,50,50.0,,50.0,95974.118477,99005.339469,99005.339477,1980.10678954,39.598857,95974.118477,13564.043321854444,72.93831510000001,61.86165289795918,7.2194010683747285,0.505023267110313,32,64,,True,True,,108,87.6246207195492
98,2026-09-18T06:49:28.076+00:00,2026-09-18T06:51:05.538+00:00,2026-09-18T06:51:08.209+00:00,True,44,44.0,,44.0,97461.978617,100132.549113,100132.549035,2275.7397507954547,32.780709,97461.978617,14683.588730742527,95.68284814999998,62.10629060465116,12.856006505840499,0.4394175559272522,32,64,,True,True,,211,87.6246207195492
99,2026-09-18T06:49:28.402+00:00,2026-09-18T06:51:06.864+00:00,2026-09-18T06:51:09.667+00:00,True,47,47.0,,47.0,98461.68853,101265.07541,101265.075522,2154.5760749361702,37.038151,98461.68853,14353.229522447038,89.6800192,60.94319304347826,12.865740509404164,0.46412842541920146,32,64,,True,True,,212,87.6246207195492
100,2026-09-18T06:49:28.829+00:00,2026-09-18T06:51:08.376+00:00,2026-09-18T06:51:08.722+00:00,True,7,7.0,,7.0,99547.177964,99892.955628,99892.955694,14270.422242,46.546932999999996,99547.177964,37603.51510618413,69701.848985,57.629610666666665,5.986038808312377,0.07007501135583478,32,64,,True,True,,44,87.6246207195492
101,2026-09-18T06:49:29.297+00:00,2026-09-18T06:51:10.173+00:00,2026-09-18T06:51:14.893+00:00,True,76,76.0,,76.0,100876.701356,105596.09514800001,105596.09518300001,1389.4223050394737,38.443159,100876.701356,11564.136708995791,81.1520875,62.92525056,9.050372486037016,0.7197235834666131,32,64,,True,True,,390,87.6246207195492
102,2026-09-18T06:49:29.623+00:00,2026-09-18T06:51:11.710+00:00,2026-09-18T06:51:16.274+00:00,True,74,74.0,,74.0,102086.52126000001,106650.16158000001,106650.161525,1441.2183989864866,36.953720999999994,102086.52126000001,11860.051759117874,69.49602029999998,62.51562082191781,6.949701924967717,0.6938573641493399,32,64,,True,True,,295,87.6246207195492
103,2026-09-18T06:49:29.963+00:00,2026-09-18T06:51:12.797+00:00,2026-09-18T06:51:16.734+00:00,True,63,63.0,,63.0,102834.074,106770.96411199999,106770.964044,1694.777207047619,53.812191,102834.074,12947.87703746605,69.6795291,63.49822761290322,6.352300093167016,0.5900480577651676,32,64,,True,True,,272,87.6246207195492
104,2026-09-18T06:49:30.292+00:00,2026-09-18T06:51:13.955+00:00,2026-09-18T06:51:14.024+00:00,True,2,2.0,,2.0,103662.562228,103731.303092,103731.303141,51865.6515705,68.740913,103662.562228,73251.89354086401,98482.87116224998,68.740864,nan,0.01928058300999252,32,64,,True,True,,5,87.6246207195492
105,2026-09-18T06:49:30.601+00:00,2026-09-18T06:51:15.017+00:00,2026-09-18T06:51:21.011+00:00,True,94,94.0,,94.0,104415.66471699999,110409.887565,110409.88756399999,1174.5732719574467,35.178665,104415.66471699999,10763.01201892959,92.92333994999998,64.45400911827957,11.83712697697105,0.851373025306821,32,64,,True,True,,501,87.6246207195492
106,2026-09-18T06:49:30.915+00:00,2026-09-18T06:51:16.392+00:00,2026-09-18T06:51:21.141+00:00,True,74,74.0,,74.0,105476.759366,110226.05447,110226.054636,1489.5412788648648,36.641392,105476.759366,12253.868460472308,96.12246379999999,65.05883704109588,13.35537994879843,0.6713476260745632,32,64,,True,True,,379,87.6246207195492
107,2026-09-18T06:49:31.355+00:00,2026-09-18T06:51:18.293+00:00,2026-09-18T06:51:20.394+00:00,True,34,34.0,,34.0,106938.439034,109039.82297,109039.82296399999,3207.053616588235,40.227476,106938.439034,18328.873618751884,94.42421829999999,63.678301090909095,11.279628798942953,0.3118126852549493,32,64,,True,True,,133,87.6246207195492
108,2026-09-18T06:49:31.618+00:00,2026-09-18T06:51:18.960+00:00,2026-09-18T06:51:23.895+00:00,True,79,79.0,,79.0,107341.722469,112276.990053,112276.990086,1421.2277226075948,35.784904000000004,107341.722469,12069.774124893725,91.43967860000001,63.27266133333334,11.63292327245485,0.7036170097070494,32,64,,True,True,,347,87.6246207195492
109,2026-09-18T06:49:32.080+00:00,2026-09-18T06:51:20.738+00:00,2026-09-18T06:51:23.050+00:00,True,38,38.0,,38.0,108658.67044599999,110969.78980599999,110969.78991899999,2920.2576294473683,34.338607,108658.67044599999,17616.635025033393,93.34317895,62.4626854054054,11.84296187397671,0.3424355409380562,32,64,,True,True,,243,87.6246207195492
110,2026-09-18T06:49:32.541+00:00,2026-09-18T06:51:22.598+00:00,2026-09-18T06:51:24.771+00:00,True,35,35.0,,35.0,110056.160583,112229.301063,112229.30109200001,3206.5514597714287,36.300943,110056.160583,18592.085579602655,90.81841100000001,63.91589647058824,10.472949926568814,0.3118615162750833,32,64,,True,True,,166,87.6246207195492
111,2026-09-18T06:49:32.902+00:00,2026-09-18T06:51:24.080+00:00,2026-09-18T06:51:26.600+00:00,True,42,42.0,,42.0,111177.60098100001,113698.289365,113698.289237,2707.1021246904766,38.505229,111177.60098100001,17145.59154722519,67.1019795,61.480204487804876,8.120550405599078,0.36939869750519705,32,64,,True,True,,133,87.6246207195492
112,2026-09-18T06:49:33.180+00:00,2026-09-18T06:51:25.305+00:00,2026-09-18T06:51:28.444+00:00,True,50,50.0,,50.0,112125.00465999999,115264.022388,115264.02233099999,2305.28044662,35.156025,112125.00465999999,15847.815563505132,93.08261035,64.06158628571428,12.735318656857027,0.43378670086395876,32,64,,True,True,,279,87.6246207195492
113,2026-09-18T06:49:33.496+00:00,2026-09-18T06:51:26.557+00:00,2026-09-18T06:51:29.505+00:00,True,48,48.0,,48.0,113061.06640099999,116008.90000099999,116008.89984499999,2416.8520801041664,38.670328,113061.06640099999,16309.912223406891,93.27381245000001,62.71986382978723,13.873646586103158,0.4137613579612103,32,64,,True,True,,182,87.6246207195492
114,2026-09-18T06:49:33.830+00:00,2026-09-18T06:51:27.973+00:00,2026-09-18T06:51:31.415+00:00,True,57,57.0,,57.0,114142.987601,117584.373585,117584.373582,2062.8837470526314,36.439493,114142.987601,15110.472922282643,92.6473472,61.45332114285714,11.861708168277374,0.48475829110741103,32,64,,True,True,,239,87.6246207195492
115,2026-09-18T06:49:34.227+00:00,2026-09-18T06:51:29.465+00:00,2026-09-18T06:51:33.356+00:00,True,63,63.0,,63.0,115238.832636,119129.750524,119129.750545,1890.9484213492065,34.856125,115238.832636,14510.826939099597,93.611368,62.75674012903226,12.538060579732448,0.528835154299328,32,64,,True,True,,271,87.6246207195492
116,2026-09-18T06:49:34.671+00:00,2026-09-18T06:51:31.413+00:00,2026-09-18T06:51:32.974+00:00,True,25,25.0,,25.0,116741.959428,118302.587396,118302.587409,4732.1034963600005,37.567029999999995,116741.959428,23335.39065594285,97.8002944,65.02616533333334,13.963224348173663,0.21132251246810252,32,64,,True,True,,109,87.6246207195492
117,2026-09-18T06:49:35.183+00:00,2026-09-18T06:51:32.331+00:00,2026-09-18T06:51:36.759+00:00,True,71,71.0,,71.0,117148.348747,121576.694347,121576.69444199999,1712.3478090422534,36.164393,117148.348747,13895.449928643005,93.863021,63.26208,13.639360840849662,0.5839935061678372,32,64,,True,True,,348,87.6246207195492
118,2026-09-18T06:49:35.418+00:00,2026-09-18T06:51:34.417+00:00,2026-09-18T06:51:38.294+00:00,True,63,63.0,,63.0,118999.689019,122876.124731,122876.124845,1950.414680079365,35.288415,118999.689019,14984.679257060996,92.83691950000001,62.52315664516129,12.156874737216924,0.5127114818921852,32,64,,True,True,,318,87.6246207195492
119,2026-09-18T06:49:35.805+00:00,2026-09-18T06:51:36.212+00:00,2026-09-18T06:51:38.233+00:00,True,33,33.0,,33.0,120407.08250300001,122427.937799,122427.93796300002,3709.937514030303,38.758469,120407.08250300001,20949.192458969646,93.1417716,63.151728,11.545465517265557,0.2695463191921015,32,64,,True,True,,142,87.6246207195492
120,2026-09-18T06:49:36.201+00:00,2026-09-18T06:51:38.016+00:00,2026-09-18T06:51:42.447+00:00,True,73,73.0,,73.0,121814.951434,126245.58285800001,126245.582714,1729.3915440273972,36.544582000000005,121814.951434,14250.16332592286,93.39068520000001,61.53654755555555,10.7148180407927,0.5782380527492181,32,64,,True,True,,349,87.6246207195492
121,2026-09-18T06:49:36.491+00:00,2026-09-18T06:51:39.243+00:00,2026-09-18T06:51:40.308+00:00,True,19,19.0,,19.0,122752.768687,123817.669807,123817.66992700001,6516.719469842105,34.272747,122752.768687,28147.845034621616,12336.540772300003,59.16117333333334,7.824748226447192,0.15345144218604767,32,64,,True,True,,101,87.6246207195492
122,2026-09-18T06:49:36.750+00:00,2026-09-18T06:51:40.022+00:00,2026-09-18T06:51:40.748+00:00,True,13,13.0,,13.0,123272.436524,123998.0931,123998.093171,9538.314859307693,45.467506,123272.436524,34172.851046526834,49349.6040446,60.47138133333333,5.643732869740822,0.10484032193556371,32,64,,True,True,,38,87.6246207195492
123,2026-09-18T06:49:37.118+00:00,2026-09-18T06:51:41.567+00:00,2026-09-18T06:51:44.203+00:00,True,43,43.0,,43.0,124449.392543,127085.27222299999,127085.272245,2955.4714475581395,37.86479,124449.392543,18968.786100978563,90.61563029999999,62.75904,9.502258857986773,0.33835549350318683,32,64,,True,True,,264,87.6246207195492
124,2026-09-18T06:49:37.478+00:00,2026-09-18T06:51:43.135+00:00,2026-09-18T06:51:43.949+00:00,True,14,14.0,,14.0,125656.842537,126471.276585,126471.27656,9033.662611428572,50.335357,125656.842537,33566.460464781805,44023.123474,62.64877292307692,4.36428656737514,0.11069707192044313,32,64,,True,True,,67,87.6246207195492
125,2026-09-18T06:49:37.919+00:00,2026-09-18T06:51:44.636+00:00,2026-09-18T06:51:47.732+00:00,True,53,53.0,,53.0,126716.520502,129812.32543,129812.325442,2449.2891592830188,36.075223,126716.520502,17397.677871359123,72.8073344,59.53471015384615,10.099369242639744,0.40828172382274847,32,64,,True,True,,267,87.6246207195492
126,2026-09-18T06:49:38.387+00:00,2026-09-18T06:51:46.396+00:00,2026-09-18T06:51:48.937+00:00,True,43,43.0,,43.0,128009.388565,130550.680597,130550.68055800001,3036.0623385581393,36.621241999999995,128009.388565,19512.02441038508,70.15185410000001,60.50695314285714,10.746250098994945,0.3293740009884569,32,64,,True,True,,201,87.6246207195492
127,2026-09-18T06:49:38.652+00:00,2026-09-18T06:51:47.152+00:00,2026-09-18T06:51:47.731+00:00,True,11,11.0,,11.0,128499.834734,129079.113326,129079.11309500001,11734.464826818183,38.542739000000005,128499.834734,38726.69369807939,64287.301577000006,57.9278592,11.913228784620573,0.08521905455159572,32,64,,True,True,,18,87.6246207195492
128,2026-09-18T06:49:39.024+00:00,2026-09-18T06:51:48.531+00:00,2026-09-18T06:51:50.676+00:00,True,37,37.0,,37.0,129507.33387,131652.455918,131652.455741,3558.1744794864867,37.083511,129507.33387,21281.08029718549,72.5871668,59.58672355555555,8.769162614196183,0.281042991123884,32,64,,True,True,,154,87.6246207195492
129,2026-09-18T06:49:39.433+00:00,2026-09-18T06:51:50.088+00:00,2026-09-18T06:51:55.429+00:00,True,86,86.0,,86.0,130655.519592,135996.89764,135996.897506,1581.3592733255814,38.671878,130655.519592,14082.175134112445,91.04183300000001,62.83974174117647,11.077389783979367,0.6323673664060503,32,64,,True,True,,376,87.6246207195492
130,2026-09-18T06:49:39.755+00:00,2026-09-18T06:51:50.924+00:00,2026-09-18T06:51:51.270+00:00,True,7,7.0,,7.0,131169.533187,131514.696195,131514.696334,18787.813761999998,37.656409,131169.533187,49555.6818030655,91840.2047187,57.527168,13.584702396268648,0.053225990725940864,32,64,,True,True,,22,87.6246207195492
131,2026-09-18T06:49:40.169+00:00,2026-09-18T06:51:52.688+00:00,2026-09-18T06:51:54.771+00:00,True,35,35.0,,35.0,132518.944124,134602.13414,134602.134051,3845.7752586,39.061077,132518.944124,22389.43553127061,77.96085240000001,61.270294588235295,10.095617257855471,0.26002559486609933,32,64,,True,True,,147,87.6246207195492
132,2026-09-18T06:49:40.438+00:00,2026-09-18T06:51:53.446+00:00,2026-09-18T06:51:53.575+00:00,True,3,3.0,,3.0,133008.222237,133136.844061,133136.84404700002,44378.94801566667,64.088741,133008.222237,76755.20299497347,119713.85332020001,64.310912,0.3144305866037845,0.02253320650011408,32,64,,True,True,,11,87.6246207195492
133,2026-09-18T06:49:40.772+00:00,2026-09-18T06:51:54.991+00:00,2026-09-18T06:52:00.284+00:00,True,89,89.0,,89.0,134219.693542,139512.049126,139512.049247,1567.5511151348314,37.30339,134219.693542,14220.886640552024,68.5944842,60.140404363636364,8.395166266983825,0.6379377305226149,32,64,,True,True,,439,87.6246207195492
134,2026-09-18T06:49:41.210+00:00,2026-09-18T06:51:56.546+00:00,2026-09-18T06:51:57.835+00:00,True,24,24.0,,24.0,135336.801081,136624.881465,136624.88143,5692.703392916667,38.534138,135336.801081,27614.078632313012,65.231553,56.00349495652174,9.176525982460738,0.1756634643898902,32,64,,True,True,,75,87.6246207195492
135,2026-09-18T06:49:41.617+00:00,2026-09-18T06:51:58.310+00:00,2026-09-18T06:51:58.429+00:00,True,3,3.0,,3.0,136693.066195,136811.323347,136811.323484,45603.774494666664,56.224265,136693.066195,78885.64067868581,123029.96287789999,59.128576,4.1073287334714275,0.02192800951417582,32,64,,True,True,,5,87.6246207195492
136,2026-09-18T06:49:42.066+00:00,2026-09-18T06:52:00.037+00:00,2026-09-18T06:52:01.293+00:00,True,21,21.0,,21.0,137970.946005,139226.10069300001,139226.100656,6629.814316952381,38.047999000000004,137970.946005,30094.035367687746,94.084585,62.7577344,9.672208664460234,0.15083378687955912,32,64,,True,True,,87,87.6246207195492
137,2026-09-18T06:49:42.451+00:00,2026-09-18T06:52:01.292+00:00,2026-09-18T06:52:03.474+00:00,True,36,36.0,,36.0,138840.773586,141023.413714,141023.41372799998,3917.317048,36.648000999999994,138840.773586,23129.738931169475,92.3610145,62.361146514285714,12.9554628417835,0.2552767590281792,32,64,,True,True,,155,87.6246207195492
138,2026-09-18T06:49:42.880+00:00,2026-09-18T06:52:02.906+00:00,2026-09-18T06:52:05.906+00:00,True,49,49.0,,49.0,140026.594297,143026.076153,143026.076168,2918.899513632653,40.447474,140026.594297,19994.873795749463,81.960823,62.48920533333334,8.183646395432643,0.342594870235991,32,64,,True,True,,159,87.6246207195492
139,2026-09-18T06:49:43.208+00:00,2026-09-18T06:52:04.138+00:00,2026-09-18T06:52:06.911+00:00,True,45,45.0,,45.0,140929.601289,143702.20877700002,143702.208741,3193.382416466667,38.890988,140929.601289,20999.15353864147,91.9598352,63.01380654545455,10.394006429339488,0.31314758752130184,32,64,,True,True,,159,87.6246207195492
140,2026-09-18T06:49:43.678+00:00,2026-09-18T06:52:06.137+00:00,2026-09-18T06:52:10.497+00:00,True,71,71.0,,71.0,142458.9895,146818.75193199998,146818.751895,2067.869745,35.277625,142458.9895,16899.383071634416,90.91556550000001,62.28232045714286,10.217686768073408,0.48358945342951887,32,64,,True,True,,141,87.6246207195492
141,2026-09-18T06:49:43.993+00:00,2026-09-18T06:52:07.285+00:00,2026-09-18T06:52:08.939+00:00,True,28,28.0,,28.0,143291.804402,144946.087154,144946.087229,5176.645972464286,35.510374000000006,143291.804402,27068.028505589493,88.0121654,61.26973155555555,9.857190894355519,0.19317527330179673,32,64,,True,True,,151,87.6246207195492
142,2026-09-18T06:49:44.303+00:00,2026-09-18T06:52:08.555+00:00,2026-09-18T06:52:12.296+00:00,True,62,62.0,,62.0,144251.272868,147992.446116,147992.446165,2386.974938145161,34.209227,144251.272868,18312.142673734237,68.62283705,61.330708983606556,7.973576693728176,0.4189403015300046,32,64,,True,True,,341,87.6246207195492
143,2026-09-18T06:49:44.742+00:00,2026-09-18T06:52:10.311+00:00,2026-09-18T06:52:15.523+00:00,True,84,84.0,,84.0,145569.07851300001,150780.91620900002,150780.91608000002,1795.0109057142859,35.880314,145569.07851300001,15876.040930989497,92.0615308,62.79322525301205,10.808666518271128,0.557099678871603,32,64,,True,True,,323,87.6246207195492
144,2026-09-18T06:49:45.174+00:00,2026-09-18T06:52:11.981+00:00,2026-09-18T06:52:18.044+00:00,True,97,97.0,,97.0,146807.215338,152870.421738,152870.421837,1575.9837302783505,35.141165,146807.215338,14899.607093303506,95.12504120000001,63.1584,12.923779311025326,0.6345243173741312,32,64,,True,True,,361,87.6246207195492
145,2026-09-18T06:49:45.623+00:00,2026-09-18T06:52:13.544+00:00,2026-09-18T06:52:15.294+00:00,True,29,29.0,,29.0,147920.965563,149670.798779,149670.798772,5161.06202662069,39.703206,147920.965563,27456.630254946853,83.61020400000001,62.49404342857142,8.876903934397395,0.19375857038633598,32,64,,True,True,,177,87.6246207195492
146,2026-09-18T06:49:46.092+00:00,2026-09-18T06:52:15.417+00:00,2026-09-18T06:52:17.772+00:00,True,39,39.0,,39.0,149325.34520699998,151680.13893499997,151680.13883899996,3889.234329205128,40.547055,149325.34520699998,23901.271898455463,92.4540723,61.968256,11.96530850380971,0.257120017649198,32,64,,True,True,,149,87.6246207195492
147,2026-09-18T06:49:46.410+00:00,2026-09-18T06:52:16.871+00:00,2026-09-18T06:52:19.391+00:00,True,40,40.0,,40.0,150461.471954,152980.963026,152980.963087,3824.524077175,37.278021,150461.471954,23779.837637787623,96.8062595,64.60233517948717,14.96856915372104,0.2614704418693048,32,64,,True,True,,201,87.6246207195492
148,2026-09-18T06:49:46.857+00:00,2026-09-18T06:52:18.448+00:00,2026-09-18T06:52:23.824+00:00,True,85,85.0,,85.0,151590.598031,156966.579087,156966.579091,1846.665636364706,33.486638,151590.598031,16435.371447511912,92.737585,63.999774476190474,11.93485210737892,0.5415165476269191,32,64,,True,True,,442,87.6246207195492
149,2026-09-18T06:49:47.115+00:00,2026-09-18T06:52:19.448+00:00,2026-09-18T06:52:22.591+00:00,True,50,50.0,,50.0,152332.80890200002,155475.64051800003,155475.640324,3109.5128064800006,39.479776,152332.80890200002,21534.044207659073,92.5996694,64.13942073469387,10.392588725294056,0.3215937868685693,32,64,,True,True,,236,87.6246207195492
150,2026-09-18T06:49:47.554+00:00,2026-09-18T06:52:21.253+00:00,2026-09-18T06:52:21.462+00:00,True,4,4.0,,4.0,153698.997868,153907.46532400002,153907.46522,38476.866305,58.478141,153698.997868,76814.75584446544,130657.75777945001,69.489152,18.399904623502373,0.0259896424879674,32,64,,True,True,,16,87.6246207195492
151,2026-09-18T06:49:47.996+00:00,2026-09-18T06:52:22.860+00:00,2026-09-18T06:52:24.802+00:00,True,32,32.0,,32.0,154864.14552700002,156806.28952700002,156806.28967700002,4900.196552406251,42.297250999999996,154864.14552700002,27365.299985095364,97.36986585000001,62.6498064516129,13.337632981770707,0.2040734469039905,32,64,,True,True,,117,87.6246207195492
153,2026-09-18T06:49:48.884+00:00,2026-09-18T06:52:25.258+00:00,2026-09-18T06:52:28.991+00:00,True,60,60.0,,60.0,156374.068317,160107.120477,160107.120428,2668.452007133333,36.573042,156374.068317,20179.639868877603,91.94466425,63.27207050847457,10.808617355759953,0.37474910435741193,32,64,,True,True,,320,87.6246207195492
152,2026-09-18T06:49:48.874+00:00,2026-09-18T06:52:25.540+00:00,2026-09-18T06:52:30.981+00:00,True,89,89.0,,89.0,156665.574673,162106.44379299998,162106.443681,1821.420715516854,35.689262,156665.574673,16599.96650047068,70.6395338,61.82805818181818,9.270231429511046,0.5490219754228127,32,64,,True,True,,379,87.6246207195492
154,2026-09-18T06:49:49.137+00:00,2026-09-18T06:52:26.787+00:00,2026-09-18T06:52:31.507+00:00,True,77,77.0,,77.0,157650.51458199997,162370.61877399997,162370.61879399998,2108.709334987013,34.522225,157650.51458199997,17958.868829292765,79.49794720000001,62.10663410526316,10.477623482485638,0.4742237270597248,32,64,,True,True,,353,87.6246207195492
155,2026-09-18T06:49:49.516+00:00,2026-09-18T06:52:28.623+00:00,2026-09-18T06:52:34.663+00:00,True,96,96.0,,96.0,159106.339611,165146.595355,165146.59549100001,1720.2770363645834,33.029339,159106.339611,16232.23796181758,93.18095625,63.581639410526314,12.081604614659442,0.581301720411722,32,64,,True,True,,476,87.6246207195492
156,2026-09-18T06:49:49.860+00:00,2026-09-18T06:52:29.797+00:00,2026-09-18T06:52:30.401+00:00,True,11,11.0,,11.0,159937.488764,160541.159292,160541.159469,14594.650860818183,37.149472,159937.488764,48204.766631283375,80003.20821800001,60.367052799999996,8.673341072895301,0.06851825443712331,32,64,,True,True,,48,87.6246207195492
157,2026-09-18T06:49:50.249+00:00,2026-09-18T06:52:31.384+00:00,2026-09-18T06:52:37.547+00:00,True,95,95.0,,95.0,161135.724064,167298.758432,167298.75829700002,1761.0395610210528,38.158299,161135.724064,16525.457084070415,99.99900550000001,65.56419540425532,15.6852776023366,0.5678464137473773,32,64,,True,True,,239,87.6246207195492
158,2026-09-18T06:49:50.608+00:00,2026-09-18T06:52:32.653+00:00,2026-09-18T06:52:33.600+00:00,True,16,16.0,,16.0,162045.692591,162992.090031,162992.089846,10187.005615375,42.83975,162045.692591,40495.65229108592,40593.867914,63.093162666666665,14.523953941136918,0.09816427286107508,32,64,,True,True,,61,87.6246207195492
159,2026-09-18T06:49:51.048+00:00,2026-09-18T06:52:34.661+00:00,2026-09-18T06:52:38.402+00:00,True,59,59.0,,59.0,163612.573591,167354.11240699998,167354.112378,2836.5103792881355,39.383177,163612.573591,21292.150106422494,99.2588422,64.50928993103449,15.746139270943909,0.3525458630888845,32,64,,True,True,,302,87.6246207195492
160,2026-09-18T06:49:51.515+00:00,2026-09-18T06:52:36.557+00:00,2026-09-18T06:52:41.039+00:00,True,73,73.0,,73.0,165042.284658,169523.908978,169523.908875,2322.2453270547944,35.493794,165042.284658,19309.457104228215,91.45956759999999,62.24478222222223,12.473010117632047,0.4306177248984602,32,64,,True,True,,358,87.6246207195492
161,2026-09-18T06:49:51.880+00:00,2026-09-18T06:52:37.792+00:00,2026-09-18T06:52:39.723+00:00,True,32,32.0,,32.0,165911.603221,167842.241301,167842.241313,5245.07004103125,38.513669,165911.603221,29318.297085633913,83.66395574999999,62.27864774193549,9.754801540602,0.19065522333327745,32,64,,True,True,,98,87.6246207195492
162,2026-09-18T06:49:52.191+00:00,2026-09-18T06:52:38.995+00:00,2026-09-18T06:52:42.538+00:00,True,58,58.0,,58.0,166804.04128099998,170346.495809,170346.49594999998,2937.0085508620687,38.939527999999996,166804.04128099998,21894.2849941427,77.02372170000001,62.14832505263158,9.011894018038495,0.34048249554268595,32,64,,True,True,,259,87.6246207195492
163,2026-09-18T06:49:52.520+00:00,2026-09-18T06:52:40.366+00:00,2026-09-18T06:52:41.549+00:00,True,19,19.0,,19.0,167846.206914,169028.53113800002,169028.5312,8896.238484210528,42.330871,167846.206914,38491.49332131899,16868.5478937,65.68467911111111,11.717447157028666,0.11240705857218757,32,64,,True,True,,98,87.6246207195492
164,2026-09-18T06:49:52.864+00:00,2026-09-18T06:52:41.796+00:00,2026-09-18T06:52:45.476+00:00,True,60,60.0,,60.0,168932.821101,172612.420973,172612.42111300002,2876.8736852166667,35.580054,168932.821101,21801.08480154417,89.24048020000001,62.36609952542373,11.15528045950688,0.3475995508422026,32,64,,True,True,,326,87.6246207195492
165,2026-09-18T06:49:53.213+00:00,2026-09-18T06:52:43.237+00:00,2026-09-18T06:52:46.131+00:00,True,48,48.0,,48.0,170024.45617,172918.795242,172918.79545499998,3602.4749053124997,36.619982,170024.45617,24532.03010107998,85.66302075,61.58168238297872,10.661236289732571,0.27758694439678444,32,64,,True,True,,178,87.6246207195492
166,2026-09-18T06:49:53.470+00:00,2026-09-18T06:52:44.155+00:00,2026-09-18T06:52:44.399+00:00,True,5,5.0,,5.0,170685.025354,170928.61217,170928.61203000002,34185.722406,56.982784,170685.025354,76305.43012232633,136560.91156120002,60.896704,3.3166380810903484,0.029251977983809775,32,64,,True,True,,19,87.6246207195492
167,2026-09-18T06:49:53.788+00:00,2026-09-18T06:52:45.096+00:00,2026-09-18T06:52:50.813+00:00,True,92,92.0,,92.0,171308.510266,177025.008442,177025.008462,1924.1848745869565,36.167232000000006,171308.510266,17853.601167065168,89.83236615,62.81866127472527,11.471174988305235,0.519700582475287,32,64,,True,True,,468,87.6246207195492
168,2026-09-18T06:49:54.245+00:00,2026-09-18T06:52:46.970+00:00,2026-09-18T06:52:46.970+00:00,True,1,1.0,,1.0,172724.772988,172724.772988,172724.772988,172724.772988,172724.772988,172724.772988,nan,172724.772988,nan,nan,0.005789557471697905,32,64,,True,True,,3,87.6246207195492
169,2026-09-18T06:49:54.668+00:00,2026-09-18T06:52:48.736+00:00,2026-09-18T06:52:51.037+00:00,True,39,39.0,,39.0,174067.448156,176369.219676,176369.219727,4522.287685307692,33.171228,174067.448156,27863.401042815687,76.5058279,60.5729347368421,8.836980283932515,0.22112702018892613,32,64,,True,True,,117,87.6246207195492
170,2026-09-18T06:49:55.092+00:00,2026-09-18T06:52:50.214+00:00,2026-09-18T06:52:51.591+00:00,True,23,23.0,,23.0,175121.702727,176498.603335,176498.60332599998,7673.852318521739,37.416410000000006,175121.702727,36502.35143689207,101.11613890000001,62.586391272727276,13.45963193692137,0.13031264590998073,32,64,,True,True,,88,87.6246207195492
171,2026-09-18T06:49:55.459+00:00,2026-09-18T06:52:51.774+00:00,2026-09-18T06:52:55.724+00:00,True,62,62.0,,62.0,176314.54902,180264.534044,180264.53422200002,2907.492487451613,44.224057,176314.54902,22383.749509399902,95.61025169999999,64.75385285245902,11.954191373357862,0.3439389801704793,32,64,,True,True,,325,87.6246207195492
172,2026-09-18T06:49:55.851+00:00,2026-09-18T06:52:53.365+00:00,2026-09-18T06:52:57.011+00:00,True,56,56.0,,56.0,177513.39958199998,181160.18332599997,181160.183291,3235.0032730535713,37.997279,177513.39958199998,23712.369278325532,98.6456185,66.30515898181818,13.661036830749554,0.30911869800455716,32,64,,True,True,,283,87.6246207195492
173,2026-09-18T06:49:56.123+00:00,2026-09-18T06:52:54.031+00:00,2026-09-18T06:52:57.113+00:00,True,48,48.0,,48.0,177908.276358,180989.78112600002,180989.781242,3770.6204425416668,40.924824,177908.276358,25669.38750790648,97.46092125,65.56393123404256,12.61751090014386,0.265208343263224,32,64,,True,True,,255,87.6246207195492
174,2026-09-18T06:49:56.414+00:00,2026-09-18T06:52:55.480+00:00,2026-09-18T06:52:59.738+00:00,True,67,67.0,,67.0,179065.38237900002,183323.67562700002,183323.67565500003,2736.174263507463,34.748596,179065.38237900002,21868.44050494342,98.1691021,64.51959466666666,14.229536732566459,0.365473798028803,32,64,,True,True,,337,87.6246207195492
175,2026-09-18T06:49:56.709+00:00,2026-09-18T06:52:56.434+00:00,2026-09-18T06:52:58.522+00:00,True,34,34.0,,34.0,179724.741171,181813.399091,181813.39908,5347.452914117647,36.353691,179724.741171,30811.68709239882,95.62392615,63.292664242424244,13.50218472720211,0.18700491916430512,32,64,,True,True,,195,87.6246207195492
176,2026-09-18T06:49:57.059+00:00,2026-09-18T06:52:57.699+00:00,2026-09-18T06:53:01.733+00:00,True,65,65.0,,65.0,180639.996403,184674.181363,184674.181288,2841.141250584615,39.269777000000005,180639.996403,22397.818128867188,93.97647839999999,63.03414,10.754332359925533,0.3519712366951525,32,64,,True,True,,266,87.6246207195492
177,2026-09-18T06:49:57.444+00:00,2026-09-18T06:52:59.135+00:00,2026-09-18T06:53:05.162+00:00,True,99,99.0,,99.0,181691.46722999998,187718.11810999998,187718.11816299998,1896.1426077070705,37.058971,181691.46722999998,18254.50009772774,68.9184714,61.496437551020406,6.6382895719571104,0.5273864930927312,32,64,,True,True,,445,87.6246207195492
178,2026-09-18T06:49:57.803+00:00,2026-09-18T06:53:00.529+00:00,2026-09-18T06:53:06.216+00:00,True,94,94.0,,94.0,182726.00844,188412.683896,188412.683857,2004.3902537978724,35.657004,182726.00844,18840.443138004423,68.85760385000002,61.1470479139785,6.871147488564501,0.49890484046119793,32,64,,True,True,,372,87.6246207195492
179,2026-09-18T06:49:58.060+00:00,2026-09-18T06:53:01.733+00:00,2026-09-18T06:53:03.620+00:00,True,32,32.0,,32.0,183673.236584,185559.872104,185559.8721,5798.746003125,40.856154000000004,183673.236584,32458.389949171527,68.6732785,60.859210322580644,6.66123401878531,0.17245107811922333,32,64,,True,True,,135,87.6246207195492
180,2026-09-18T06:49:58.512+00:00,2026-09-18T06:53:03.615+00:00,2026-09-18T06:53:04.831+00:00,True,21,21.0,,21.0,185103.670792,186319.48007199998,186319.47996099998,8872.356188619047,46.309713,185103.670792,40379.66729648697,67.070685,60.790464,5.430499238136747,0.11270963182102542,32,64,,True,True,,87,87.6246207195492
181,2026-09-18T06:49:58.900+00:00,2026-09-18T06:53:04.896+00:00,2026-09-18T06:53:08.504+00:00,True,62,62.0,,62.0,185996.025836,189603.917292,189603.917326,3058.1276988064515,32.052451,185996.025836,23614.00992912123,74.38650305,59.14576157377049,11.055901678765402,0.32699746337264085,32,64,,True,True,,305,87.6246207195492
182,2026-09-18T06:49:59.334+00:00,2026-09-18T06:53:06.391+00:00,2026-09-18T06:53:11.985+00:00,True,95,95.0,,95.0,187057.111503,192650.693583,192650.69360499998,2027.9020379473684,35.569793,187057.111503,19185.552125334416,68.64829730000001,59.50619234042553,10.102099832878798,0.4931204670647656,32,64,,True,True,,471,87.6246207195492
183,2026-09-18T06:49:59.646+00:00,2026-09-18T06:53:07.825+00:00,2026-09-18T06:53:12.298+00:00,True,76,76.0,,76.0,188179.277479,192652.36983100002,192652.370004,2534.89960531579,35.007365,188179.277479,21578.80436819244,69.25540074999999,59.64123136,9.733239503230656,0.3944929411803722,32,64,,True,True,,253,87.6246207195492
184,2026-09-18T06:50:00.021+00:00,2026-09-18T06:53:09.496+00:00,2026-09-18T06:53:13.805+00:00,True,72,72.0,,72.0,189474.934631,193783.75920700002,193783.759383,2691.4411025416666,34.916065,189474.934631,22322.68509155463,68.84199515,60.68767008450704,9.545016718053047,0.37154816427670556,32,64,,True,True,,366,87.6246207195492
185,2026-09-18T06:50:00.489+00:00,2026-09-18T06:53:11.206+00:00,2026-09-18T06:53:13.809+00:00,True,43,43.0,,43.0,190716.82665,193320.12265,193320.122508,4495.816802511628,36.664662,190716.82665,29074.592906265843,88.9498149,61.9832380952381,10.521552999487303,0.22242899192574042,32,64,,True,True,,173,87.6246207195492
186,2026-09-18T06:50:00.808+00:00,2026-09-18T06:53:12.237+00:00,2026-09-18T06:53:12.681+00:00,True,7,7.0,,7.0,191429.010733,191873.110061,191873.110293,27410.44432757143,58.278331,191429.010733,72325.39160488808,134030.21953600002,74.01655466666668,19.034118182683166,0.03648244403697095,32,64,,True,True,,33,87.6246207195492
187,2026-09-18T06:50:01.195+00:00,2026-09-18T06:53:13.458+00:00,2026-09-18T06:53:17.497+00:00,True,65,65.0,,65.0,192262.64310699998,196302.32285099998,196302.323021,3020.035738784615,37.164721,192262.64310699998,23839.42040667237,94.3070636,63.119996,13.14927139121164,0.3311219095931798,32,64,,True,True,,323,87.6246207195492
188,2026-09-18T06:50:01.466+00:00,2026-09-18T06:53:14.691+00:00,2026-09-18T06:53:17.710+00:00,True,48,48.0,,48.0,193225.85607100002,196244.800071,196244.80014200002,4088.433336291667,36.920411,193225.85607100002,27880.48135392244,92.3808415,64.23285106382978,12.084809789509737,0.24459246809410456,32,64,,True,True,,209,87.6246207195492
190,2026-09-18T06:50:02.601+00:00,2026-09-18T06:53:15.945+00:00,2026-09-18T06:53:19.242+00:00,True,53,53.0,,53.0,193343.584505,196641.07852100002,196641.078514,3710.209028566038,34.211356,193343.584505,26549.07671310769,92.02317560000002,63.41334646153847,13.572662645159335,0.26952659331727546,32,64,,True,True,,266,87.6246207195492
189,2026-09-18T06:50:02.596+00:00,2026-09-18T06:53:17.025+00:00,2026-09-18T06:53:17.774+00:00,True,13,13.0,,13.0,194429.603206,195178.016902,195178.016998,15013.69361523077,43.672328,194429.603206,53907.77293343927,77828.4201028,62.367808,11.51903063312269,0.06660586169664473,32,64,,True,True,,42,87.6246207195492
191,2026-09-18T06:50:02.778+00:00,2026-09-18T06:53:19.796+00:00,2026-09-18T06:53:22.558+00:00,True,46,46.0,,46.0,197018.653106,199780.075954,199780.075817,4343.045126456522,37.57444,197018.653106,29039.77100215152,95.05976000000001,61.364952177777774,13.694697002414488,0.23025319106691922,32,64,,True,True,,159,87.6246207195492
192,2026-09-18T06:50:03.030+00:00,2026-09-18T06:53:21.128+00:00,2026-09-18T06:53:23.457+00:00,True,38,38.0,,38.0,198098.03838299998,200426.64177499997,200426.64190299998,5274.385313236841,37.820589,198098.03838299998,32125.540098397545,99.7938982,62.93522681081081,16.715525409066544,0.18959555308350176,32,64,,True,True,,183,87.6246207195492
193,2026-09-18T06:50:03.486+00:00,2026-09-18T06:53:22.731+00:00,2026-09-18T06:53:23.139+00:00,True,7,7.0,,7.0,199244.28245199998,199652.73685199997,199652.736759,28521.819537,56.593434,199244.28245199998,75281.53201012006,139502.8822807,68.07573333333333,18.989617846677998,0.03506087675216298,32,64,,True,True,,30,87.6246207195492
194,2026-09-18T06:50:03.886+00:00,2026-09-18T06:53:24.448+00:00,2026-09-18T06:53:24.881+00:00,True,7,7.0,,7.0,200561.79580000002,200994.91068000003,200994.910861,28713.558694428575,63.82638,200561.79580000002,75777.95032361908,140420.50539130002,72.18581333333333,10.024877433013746,0.03482675246013846,32,64,,True,True,,31,87.6246207195492
195,2026-09-18T06:50:04.184+00:00,2026-09-18T06:53:25.860+00:00,2026-09-18T06:53:28.484+00:00,True,43,43.0,,43.0,201675.989073,204300.616529,204300.61656,4751.177129302326,31.738241000000002,201675.989073,30745.772755640988,91.27162,62.491129904761905,12.69794262442391,0.21047415681144677,32,64,,True,True,,193,87.6246207195492
196,2026-09-18T06:50:04.612+00:00,2026-09-18T06:53:27.436+00:00,2026-09-18T06:53:28.970+00:00,True,26,26.0,,26.0,202823.48399900002,204357.944927,204357.944862,7859.92095623077,40.618834,202823.48399900002,39764.92157521363,87.85464099999999,61.378437119999994,9.456387727981795,0.12722774252445934,32,64,,True,True,,122,87.6246207195492
197,2026-09-18T06:50:04.903+00:00,2026-09-18T06:53:28.258+00:00,2026-09-18T06:53:34.346+00:00,True,100,100.0,,100.0,203354.769879,209443.234519,209443.234545,2094.43234545,35.960322999999995,203354.769879,20329.329727973844,89.55571255,61.49964282828282,10.539364263748743,0.4774563390870873,32,64,,True,True,,313,87.6246207195492
198,2026-09-18T06:50:05.251+00:00,2026-09-18T06:53:29.519+00:00,2026-09-18T06:53:29.987+00:00,True,9,9.0,,9.0,204267.20151699998,204735.39889299998,204735.39894199997,22748.37766022222,38.274697999999994,204267.20151699998,68069.5610723764,122598.560395,58.524672,18.18776018614214,0.04395917876763282,32,64,,True,True,,29,87.6246207195492
199,2026-09-18T06:50:05.699+00:00,2026-09-18T06:53:31.455+00:00,2026-09-18T06:53:35.338+00:00,True,63,63.0,,63.0,205756.27405500002,209638.70400700002,209638.704223,3327.598479730159,36.991271,205756.27405500002,25914.967590180633,93.67583020000001,62.61983793548387,12.678699784502355,0.3005170266550416,32,64,,True,True,,302,87.6246207195492
200,2026-09-18T06:50:06.054+00:00,2026-09-18T06:53:32.822+00:00,2026-09-18T06:53:38.831+00:00,True,97,97.0,,97.0,206767.87837700002,212776.23319300002,212776.233202,2193.5694144536083,35.190934,206767.87837700002,20987.746164436405,91.2529256,62.587029333333334,12.48735043406783,0.4558779829137004,32,64,,True,True,,388,87.6246207195492
201,2026-09-18T06:50:06.515+00:00,2026-09-18T06:53:34.826+00:00,2026-09-18T06:53:39.421+00:00,True,73,73.0,,73.0,208310.243065,212905.757433,212905.75751899998,2916.5172262876713,37.587089,208310.243065,24373.40252560803,92.41308099999998,63.82658844444445,12.262489983459494,0.3428747107647975,32,64,,True,True,,320,87.6246207195492
202,2026-09-18T06:50:06.975+00:00,2026-09-18T06:53:36.496+00:00,2026-09-18T06:53:36.543+00:00,True,2,2.0,,2.0,209520.93609200002,209567.20732400002,209567.20720600002,104783.60360300001,46.271114000000004,209520.93609200002,148120.956092724,199047.2028431,46.271232,nan,0.009543477844355263,32,64,,True,True,,3,87.6246207195492
203,2026-09-18T06:50:07.284+00:00,2026-09-18T06:53:37.727+00:00,2026-09-18T06:53:40.107+00:00,True,39,39.0,,39.0,210442.536234,212822.61457,212822.614567,5456.990117102564,39.654334999999996,210442.536234,33687.746717883376,89.9512289,62.63364042105263,9.549440334543716,0.18325120231606032,32,64,,True,True,,176,87.6246207195492
204,2026-09-18T06:50:07.747+00:00,2026-09-18T06:53:39.801+00:00,2026-09-18T06:53:42.711+00:00,True,48,48.0,,48.0,212054.078991,214963.886863,214963.886886,4478.414310125,39.494896,212054.078991,30598.436077694027,91.04071435,61.91080578723405,11.823643813020192,0.22329332010353528,32,64,,True,True,,288,87.6246207195492
205,2026-09-18T06:50:08.177+00:00,2026-09-18T06:53:41.053+00:00,2026-09-18T06:53:47.115+00:00,True,97,97.0,,97.0,212875.864296,218937.63863200002,218937.638543,2257.08905714433,37.21527,212875.864296,21607.860639239923,92.08678780000002,63.143482666666664,10.741822431173416,0.4430485347612699,32,64,,True,True,,417,87.6246207195492
206,2026-09-18T06:50:08.464+00:00,2026-09-18T06:53:42.423+00:00,2026-09-18T06:53:42.874+00:00,True,9,9.0,,9.0,213959.220856,214409.8446,214409.844574,23823.316063777776,40.371173999999996,213959.220856,71300.96483343696,128401.63857679999,56.327968,9.349384034012202,0.041975684543731066,32,64,,True,True,,33,87.6246207195492
207,2026-09-18T06:50:08.913+00:00,2026-09-18T06:53:43.911+00:00,2026-09-18T06:53:46.193+00:00,True,37,37.0,,37.0,214998.70453400002,217280.692374,217280.69243100003,5872.451146783785,34.763555000000004,214998.70453400002,35335.14983201807,94.2639864,63.38855111111111,10.60955957563047,0.17028664441253158,32,64,,True,True,,171,87.6246207195492
208,2026-09-18T06:50:09.210+00:00,2026-09-18T06:53:45.105+00:00,2026-09-18T06:53:47.415+00:00,True,36,36.0,,36.0,215895.039643,218204.904603,218204.904518,6061.247347722222,46.414804,215895.039643,35971.508649173156,94.85707725,65.99614171428571,10.177197066526892,0.16498254274118207,32,64,,True,True,,173,87.6246207195492
209,2026-09-18T06:50:09.682+00:00,2026-09-18T06:53:46.927+00:00,2026-09-18T06:53:47.245+00:00,True,6,6.0,,6.0,217244.95700099997,217562.70317699996,217562.703257,36260.45054283333,59.938738,217244.95700099997,88663.93847819846,162950.7403015,63.549235200000005,3.116059932309904,0.027578256348095888,32,64,,True,True,,22,87.6246207195492
210,2026-09-18T06:50:09.955+00:00,2026-09-18T06:53:48.048+00:00,2026-09-18T06:53:49.970+00:00,True,31,31.0,,31.0,218093.00616999998,220014.695514,220014.69530999998,7097.248235806451,0.01697,218093.00616999998,39159.16983056612,153.5442035,64.05631146666667,34.203285802730484,0.14089967912178578,32,64,,True,True,,151,87.6246207195492
211,2026-09-18T06:50:10.300+00:00,2026-09-18T06:53:49.706+00:00,2026-09-18T06:53:54.379+00:00,True,76,76.0,,76.0,219406.507658,224078.865034,224078.865195,2948.406120986842,38.049108999999994,219406.507658,25160.509165710784,87.47227149999999,62.29809834666666,11.870270379997121,0.3391663019556456,32,64,,True,True,,399,87.6246207195492
212,2026-09-18T06:50:10.748+00:00,2026-09-18T06:53:51.077+00:00,2026-09-18T06:53:54.134+00:00,True,50,50.0,,50.0,220329.176434,223386.22373,223386.223679,4467.7244735799995,37.070761,220329.176434,31150.430563460017,91.42400669999999,62.38872032653061,13.130289778592394,0.2238275895671769,32,64,,True,True,,224,87.6246207195492
213,2026-09-18T06:50:11.038+00:00,2026-09-18T06:53:52.190+00:00,2026-09-18T06:53:55.932+00:00,True,61,61.0,,61.0,221152.30138999998,224894.68602999998,224894.68617699997,3686.79813404918,37.27917,221152.30138999998,28307.666854684758,90.75746099999998,62.373077333333335,11.37983905043512,0.2712380673675094,32,64,,True,True,,284,87.6246207195492
214,2026-09-18T06:50:11.497+00:00,2026-09-18T06:53:53.908+00:00,2026-09-18T06:53:54.843+00:00,True,16,16.0,,16.0,222410.210616,223345.0878,223345.087895,13959.0679934375,35.270924,222410.210616,55586.97348943933,55678.5216465,62.3251456,15.903817873184021,0.07163802059675296,32,64,,True,True,,39,87.6246207195492
215,2026-09-18T06:50:11.822+00:00,2026-09-18T06:53:55.174+00:00,2026-09-18T06:53:59.909+00:00,True,77,77.0,,77.0,223351.507605,228086.977941,228086.97800899998,2962.1685455714282,40.015095,223351.507605,25446.166889965705,69.7395314,62.30882021052632,7.460750035840816,0.33759051347472296,32,64,,True,True,,400,87.6246207195492
216,2026-09-18T06:50:12.190+00:00,2026-09-18T06:53:56.617+00:00,2026-09-18T06:53:59.791+00:00,True,52,52.0,,52.0,224427.62569,227601.225946,227601.22578799998,4376.94664976923,37.311451,224427.62569,31113.88385071177,79.7728739,62.227456,8.884692236918669,0.22846977112652886,32,64,,True,True,,317,87.6246207195492
217,2026-09-18T06:50:12.575+00:00,2026-09-18T06:53:57.962+00:00,2026-09-18T06:53:59.981+00:00,True,34,34.0,,34.0,225386.61437400003,227405.24067800003,227405.24054400003,6688.389427764707,36.493352,225386.61437400003,38642.99624732329,83.72163325000001,61.17049406060606,10.655637143425452,0.14951282520416107,32,64,,True,True,,160,87.6246207195492
218,2026-09-18T06:50:12.922+00:00,2026-09-18T06:53:59.320+00:00,2026-09-18T06:54:02.805+00:00,True,56,56.0,,56.0,226397.89525099998,229883.044435,229883.04461699998,4105.054368160714,38.612277999999996,226397.89525099998,30245.22530002458,88.01088275000001,63.3663488,10.111320335972728,0.2436021331526873,32,64,,True,True,,221,87.6246207195492
219,2026-09-18T06:50:13.332+00:00,2026-09-18T06:54:01.105+00:00,2026-09-18T06:54:07.215+00:00,True,99,99.0,,99.0,227773.44445500002,233883.08131900002,233883.08149600003,2362.4553686464646,38.189068,227773.44445500002,22885.829164023286,89.65972300000001,62.34323330612245,10.526118591561026,0.42328842018705487,32,64,,True,True,,345,87.6246207195492
220,2026-09-18T06:50:13.782+00:00,2026-09-18T06:54:02.923+00:00,2026-09-18T06:54:02.923+00:00,True,1,1.0,,1.0,229141.204092,229141.204092,229141.204092,229141.204092,229141.204092,229141.204092,nan,229141.204092,nan,nan,0.004364121258603934,32,64,,True,True,,2,87.6246207195492
221,2026-09-18T06:50:14.072+00:00,2026-09-18T06:54:03.662+00:00,2026-09-18T06:54:09.770+00:00,True,98,98.0,,98.0,229590.39641299998,235698.42124499998,235698.421048,2405.0859290612243,36.933071000000005,229590.39641299998,23185.774677722984,90.5526936,62.96932816494846,12.294605541551086,0.41578555970950926,32,64,,True,True,,501,87.6246207195492
222,2026-09-18T06:50:14.481+00:00,2026-09-18T06:54:05.219+00:00,2026-09-18T06:54:05.391+00:00,True,4,4.0,,4.0,230737.78849399998,230910.13716599997,230910.13707099998,57727.534267749994,45.412295,230737.78849399998,115340.16980028777,196136.76711739998,57.44955733333334,10.458669731790815,0.017322756155674635,32,64,,True,True,,14,87.6246207195492
223,2026-09-18T06:50:14.838+00:00,2026-09-18T06:54:06.513+00:00,2026-09-18T06:54:11.175+00:00,True,74,74.0,,74.0,231674.504349,236336.793501,236336.793531,3193.7404531216216,35.545753,231674.504349,26924.193846868897,96.20186115,63.866974684931506,15.041869505036047,0.31311248199568587,32,64,,True,True,,223,87.6246207195492
224,2026-09-18T06:50:15.150+00:00,2026-09-18T06:54:07.800+00:00,2026-09-18T06:54:08.048+00:00,True,5,5.0,,5.0,232649.774905,232897.934137,232897.934311,46579.5868622,59.895288,232649.774905,104016.39727983707,186132.82697159998,62.039808,2.195022066569112,0.021468631821606445,32,64,,True,True,,13,87.6246207195492
225,2026-09-18T06:50:15.592+00:00,2026-09-18T06:54:09.297+00:00,2026-09-18T06:54:09.961+00:00,True,12,12.0,,12.0,233705.793736,234369.795272,234369.795303,19530.81627525,43.817438,233705.793736,67447.62630134037,105205.73902825,60.363776,7.318844360197422,0.05120113701543022,32,64,,True,True,,65,87.6246207195492
226,2026-09-18T06:50:16.013+00:00,2026-09-18T06:54:11.049+00:00,2026-09-18T06:54:16.138+00:00,True,83,83.0,,83.0,235035.257206,240124.585078,240124.584947,2893.0672885180725,37.74614,235035.257206,25791.660986136245,90.5911646,62.064974048780485,11.248999394172248,0.34565390283980707,32,64,,True,True,,276,87.6246207195492
227,2026-09-18T06:50:16.319+00:00,2026-09-18T06:54:12.386+00:00,2026-09-18T06:54:15.487+00:00,True,52,52.0,,52.0,236067.247225,239167.661177,239167.6612,4599.3781,35.856552,236067.247225,32728.208201376947,72.95984245,60.792430431372544,10.024765596612136,0.21742069870188901,32,64,,True,True,,263,87.6246207195492
229,2026-09-18T06:50:17.316+00:00,2026-09-18T06:54:13.207+00:00,2026-09-18T06:54:14.734+00:00,True,26,26.0,,26.0,235890.25151899998,237417.49145499998,237417.49148,9131.44198,39.371457,235890.25151899998,46249.90436759438,71.1779515,61.08959744,7.468312595589705,0.10951172906705584,32,64,,True,True,,94,87.6246207195492
228,2026-09-18T06:50:17.281+00:00,2026-09-18T06:54:14.428+00:00,2026-09-18T06:54:19.914+00:00,True,87,87.0,,87.0,237146.722937,242632.40511300002,242632.405128,2788.8782198620693,35.432914,237146.722937,25417.96095778574,93.59535,63.78700204651163,10.677491151159261,0.3585671087894542,32,64,,True,True,,296,87.6246207195492
230,2026-09-18T06:50:17.434+00:00,2026-09-18T06:54:16.741+00:00,2026-09-18T06:54:20.886+00:00,True,65,65.0,,65.0,239307.056779,243452.10151500002,243452.10132800002,3745.4169435076924,41.115142999999996,239307.056779,29674.355595472873,91.3335294,64.766324,9.809437286296905,0.26699297149421036,32,64,,True,True,,319,87.6246207195492
231,2026-09-18T06:50:17.733+00:00,2026-09-18T06:54:18.199+00:00,2026-09-18T06:54:22.648+00:00,True,71,71.0,,71.0,240466.026351,244914.963823,244914.963912,3449.5065339718312,39.717316,240466.026351,28530.525647498096,83.4190535,63.5562496,9.122404347280023,0.28989653752357775,32,64,,True,True,,365,87.6246207195492
232,2026-09-18T06:50:18.104+00:00,2026-09-18T06:54:19.662+00:00,2026-09-18T06:54:22.256+00:00,True,42,42.0,,42.0,241558.03925600002,244152.55112800002,244152.551229,5813.155981642858,40.408574,241558.03925600002,37263.45098530646,78.0692687,63.28077736585366,7.5900641231799675,0.17202359674702303,32,64,,True,True,,196,87.6246207195492
233,2026-09-18T06:50:18.484+00:00,2026-09-18T06:54:21.243+00:00,2026-09-18T06:54:21.878+00:00,True,11,11.0,,11.0,242758.03587999998,243393.57738399997,243393.57747999998,22126.68886181818,53.28383,242758.03587999998,73175.13967418544,121414.85416799999,63.5541504,5.245197093812866,0.04519429032691932,32,64,,True,True,,44,87.6246207195492
234,2026-09-18T06:50:18.805+00:00,2026-09-18T06:54:22.525+00:00,2026-09-18T06:54:25.942+00:00,True,56,56.0,,56.0,243719.94034099998,247137.099253,247137.099363,4413.162488624999,40.964523,243719.94034099998,32560.145865549,81.93010675,62.130162036363636,9.60438419361778,0.22659487454237495,32,64,,True,True,,234,87.6246207195492
235,2026-09-18T06:50:19.159+00:00,2026-09-18T06:54:24.189+00:00,2026-09-18T06:54:24.250+00:00,True,2,2.0,,2.0,245029.41699,245090.349854,245090.349685,122545.1748425,60.932695,245029.41699,173218.87642198478,232780.99277525,60.932864,nan,0.008160256008412397,32,64,,True,True,,3,87.6246207195492
236,2026-09-18T06:50:19.576+00:00,2026-09-18T06:54:25.753+00:00,2026-09-18T06:54:30.239+00:00,True,71,71.0,,71.0,246176.66997,250662.475282,250662.47551999998,3530.4574016901406,38.390048,246176.66997,29208.192754010513,92.62549650000001,64.08293302857143,11.775567403144139,0.2832494170502532,32,64,,True,True,,242,87.6246207195492
237,2026-09-18T06:50:19.863+00:00,2026-09-18T06:54:26.793+00:00,2026-09-18T06:54:32.702+00:00,True,94,94.0,,94.0,246930.52437,252839.674322,252839.674437,2689.783770606383,36.769961,246930.52437,25462.388428232276,95.68318815,63.53924679569893,12.597445549019472,0.3717770965022197,32,64,,True,True,,522,87.6246207195492
238,2026-09-18T06:50:20.331+00:00,2026-09-18T06:54:28.375+00:00,2026-09-18T06:54:29.925+00:00,True,25,25.0,,25.0,248044.92526,249593.97946799998,249593.97947,9983.759178799999,37.494620000000005,248044.92526,49596.07840640962,98.2927826,64.54392533333333,14.881117271020054,0.10016267240614755,32,64,,True,True,,130,87.6246207195492
239,2026-09-18T06:50:20.773+00:00,2026-09-18T06:54:30.278+00:00,2026-09-18T06:54:31.391+00:00,True,19,19.0,,19.0,249504.80049599998,250617.490416,250617.49043299997,13190.394233315788,36.366542,249504.80049599998,57226.1459700316,25022.323486499998,61.81610666666666,8.859569182429317,0.07581274542515727,32,64,,True,True,,90,87.6246207195492
240,2026-09-18T06:50:21.155+00:00,2026-09-18T06:54:31.530+00:00,2026-09-18T06:54:36.468+00:00,True,81,81.0,,81.0,250375.072586,255313.146698,255313.1469,3152.014159259259,36.148963,250375.072586,27812.595495037578,80.703779,61.7259264,8.949969062550228,0.31725745833140256,32,64,,True,True,,359,87.6246207195492
241,2026-09-18T06:50:21.558+00:00,2026-09-18T06:54:32.948+00:00,2026-09-18T06:54:37.902+00:00,True,79,79.0,,79.0,251389.782185,256343.36298499999,256343.363001,3244.8526962151896,39.658316,251389.782185,28276.4173197702,91.88192740000001,63.50744615384615,11.303804881354447,0.3081803994458117,32,64,,True,True,,350,87.6246207195492
242,2026-09-18T06:50:21.852+00:00,2026-09-18T06:54:33.962+00:00,2026-09-18T06:54:38.439+00:00,True,72,72.0,,72.0,252109.384019,256587.026771,256587.026836,3563.7087060555555,35.344014,252109.384019,29703.945971391808,94.8805801,63.06539087323944,12.172499483078923,0.2806065486087841,32,64,,True,True,,343,87.6246207195492
243,2026-09-18T06:50:22.206+00:00,2026-09-18T06:54:35.565+00:00,2026-09-18T06:54:39.423+00:00,True,62,62.0,,62.0,253358.829021,257216.44924500003,257216.44915700002,4148.652405758065,37.012271,253358.829021,32168.574553882332,94.33647664999998,63.23967580327869,12.885125419319678,0.24104212690124133,32,64,,True,True,,281,87.6246207195492
244,2026-09-18T06:50:22.550+00:00,2026-09-18T06:54:37.049+00:00,2026-09-18T06:54:39.875+00:00,True,46,46.0,,46.0,254498.968446,257325.02822200002,257325.02819500002,5594.022352065218,35.331124,254498.968446,37514.56844897244,94.6743305,62.801328355555555,13.147006326596092,0.17876224601174348,32,64,,True,True,,237,87.6246207195492
245,2026-09-18T06:50:22.832+00:00,2026-09-18T06:54:37.905+00:00,2026-09-18T06:54:43.024+00:00,True,84,84.0,,84.0,255072.957474,260191.979298,260191.97931,3097.523563214286,39.322095999999995,255072.957474,27824.01334955749,68.46414265,61.674961734939764,8.627528612285726,0.3228385449337549,32,64,,True,True,,451,87.6246207195492
246,2026-09-18T06:50:23.257+00:00,2026-09-18T06:54:39.877+00:00,2026-09-18T06:54:44.806+00:00,True,81,81.0,,81.0,256620.555004,261549.397756,261549.397627,3229.0049089753084,35.99071300000001,256620.555004,28506.550343861454,68.747072,61.6105344,7.4377389981913895,0.30969293255863306,32,64,,True,True,,294,87.6246207195492
247,2026-09-18T06:50:23.571+00:00,2026-09-18T06:54:40.578+00:00,2026-09-18T06:54:41.385+00:00,True,14,14.0,,14.0,257007.52545,257814.22368999998,257814.22387999998,18415.301705714286,55.354266,257007.52545,68671.56597561235,89998.15840535,62.05371076923077,3.832533778241712,0.054302667244743745,32,64,,True,True,,40,87.6246207195492
248,2026-09-18T06:50:23.984+00:00,2026-09-18T06:54:42.139+00:00,2026-09-18T06:54:46.147+00:00,True,67,67.0,,67.0,258154.893152,262162.979168,262162.97921,3912.880286716418,36.696671,258154.893152,31531.221688965426,69.5234609,60.728576,8.04667877123761,0.2555662138591463,32,64,,True,True,,351,87.6246207195492
249,2026-09-18T06:50:24.312+00:00,2026-09-18T06:54:43.144+00:00,2026-09-18T06:54:46.783+00:00,True,61,61.0,,61.0,258832.089956,262471.11229200003,262471.112304,4302.805119737705,36.404222000000004,258832.089956,33132.288811489794,69.858429,60.650372266666665,8.497283364139879,0.23240652835020292,32,64,,True,True,,193,87.6246207195492
250,2026-09-18T06:50:24.705+00:00,2026-09-18T06:54:44.864+00:00,2026-09-18T06:54:45.919+00:00,True,18,18.0,,18.0,260158.896761,261214.262137,261214.262136,14511.903452,39.071797,260158.896761,61305.40819922592,39098.0429541,62.08031623529412,9.141676456198224,0.0689089479752812,32,64,,True,True,,106,87.6246207195492
251,2026-09-18T06:50:24.966+00:00,2026-09-18T06:54:45.512+00:00,2026-09-18T06:54:47.552+00:00,True,35,35.0,,35.0,260546.94311700002,262586.340237,262586.340129,7502.466860828572,36.359472000000004,260546.94311700002,44030.334219914046,92.3923054,59.98226823529412,11.923057895157374,0.1332894923948077,32,64,,True,True,,170,87.6246207195492
252,2026-09-18T06:50:25.269+00:00,2026-09-18T06:54:46.581+00:00,2026-09-18T06:54:51.475+00:00,True,83,83.0,,83.0,261312.464107,266206.81623500003,266206.816323,3207.3110400361447,36.157903,261312.464107,28676.219702389306,87.47937350000001,59.687221073170726,10.714798469991573,0.31178765883563964,32,64,,True,True,,375,87.6246207195492
253,2026-09-18T06:50:25.546+00:00,2026-09-18T06:54:47.364+00:00,2026-09-18T06:54:52.726+00:00,True,91,91.0,,91.0,261818.56690099998,267180.054005,267180.054034,2936.0445498241756,35.330404,261818.56690099998,27439.800807007276,80.6463395,59.57207893333333,11.27889286876871,0.3405942870207558,32,64,,True,True,,301,87.6246207195492
254,2026-09-18T06:50:25.848+00:00,2026-09-18T06:54:48.600+00:00,2026-09-18T06:54:50.015+00:00,True,24,24.0,,24.0,262751.894805,264167.238421,264167.23834499996,11006.968264375,37.731189,262751.894805,53621.44544347729,84.4088538,61.53667895652174,8.402079335694618,0.09085153837945453,32,64,,True,True,,96,87.6246207195492
255,2026-09-18T06:50:26.214+00:00,2026-09-18T06:54:50.078+00:00,2026-09-18T06:54:50.303+00:00,True,5,5.0,,5.0,263863.415095,264088.542519,264088.54271300003,52817.7085426,40.888063,263863.415095,117978.13689220803,211103.30364240002,56.281856,10.335568870100314,0.018933044017387737,32,64,,True,True,,24,87.6246207195492
256,2026-09-18T06:50:26.615+00:00,2026-09-18T06:54:51.662+00:00,2026-09-18T06:54:56.365+00:00,True,79,79.0,,79.0,265047.547357,269750.726621,269750.726591,3414.5661593797468,36.63450099999999,265047.547357,29813.39648840756,67.2558628,60.297170051282045,9.76858924119815,0.29286297386325516,32,64,,True,True,,294,87.6246207195492
257,2026-09-18T06:50:27.069+00:00,2026-09-18T06:54:53.090+00:00,2026-09-18T06:54:53.834+00:00,True,13,13.0,,13.0,266021.268061,266764.752477,266764.752499,20520.365576846154,55.955695,266021.268061,73763.84111627983,106449.47748159998,61.957034666666665,4.201245387311056,0.04873207528090068,32,64,,True,True,,44,87.6246207195492
258,2026-09-18T06:50:27.427+00:00,2026-09-18T06:54:54.427+00:00,2026-09-18T06:55:00.391+00:00,True,95,95.0,,95.0,267000.350498,272964.352034,272964.35216099996,2873.308970115789,35.561763,267000.350498,27387.151190804732,94.48836,63.44682485106383,12.309304019352647,0.3480307933695567,32,64,,True,True,,376,87.6246207195492
259,2026-09-18T06:50:27.703+00:00,2026-09-18T06:54:55.513+00:00,2026-09-18T06:55:00.139+00:00,True,73,73.0,,73.0,267809.254106,272435.46697,272435.467133,3731.992700452055,39.519186000000005,267809.254106,31337.184528034566,94.68331820000002,64.25295644444445,12.447282112258343,0.26795336455968344,32,64,,True,True,,330,87.6246207195492
260,2026-09-18T06:50:28.093+00:00,2026-09-18T06:54:57.202+00:00,2026-09-18T06:55:02.039+00:00,True,77,77.0,,77.0,269108.742492,273945.960284,273945.960388,3557.739745298701,36.171952,269108.742492,30660.53640878508,92.4741486,63.64760252631579,11.959279816568396,0.2810773333549947,32,64,,True,True,,261,87.6246207195492
261,2026-09-18T06:50:28.445+00:00,2026-09-18T06:54:58.492+00:00,2026-09-18T06:55:02.559+00:00,True,65,65.0,,65.0,270046.870561,274113.761313,274113.761252,4217.134788492308,41.067653,270046.870561,33487.31179102342,90.5971602,63.545168,10.698482707991833,0.23712782491711165,32,64,,True,True,,345,87.6246207195492
262,2026-09-18T06:50:28.855+00:00,2026-09-18T06:55:00.201+00:00,2026-09-18T06:55:03.884+00:00,True,59,59.0,,59.0,271346.80032,275029.466816,275029.467051,4661.516390694915,38.620987,271346.80032,35318.080114959856,93.94870760000002,63.49424993103448,11.78080885733555,0.21452246802147978,32,64,,True,True,,204,87.6246207195492
263,2026-09-18T06:50:29.278+00:00,2026-09-18T06:55:01.853+00:00,2026-09-18T06:55:06.953+00:00,True,82,82.0,,82.0,272574.87941299996,277675.02763699996,277675.02746499993,3386.280822743902,36.037292,272574.87941299996,30093.909186393645,92.46727849999999,62.96479288888889,12.541604665797944,0.29530923503570244,32,64,,True,True,,348,87.6246207195492
264,2026-09-18T06:50:29.554+00:00,2026-09-18T06:55:02.622+00:00,2026-09-18T06:55:04.340+00:00,True,28,28.0,,28.0,273067.259881,274785.99575299997,274785.99586699996,9813.78556667857,38.751407,273067.259881,51592.83331634586,95.82576765,63.65688414814815,14.0757512601931,0.10189747815666954,32,64,,True,True,,127,87.6246207195492
265,2026-09-18T06:50:29.848+00:00,2026-09-18T06:55:03.494+00:00,2026-09-18T06:55:05.985+00:00,True,40,40.0,,40.0,273645.850646,276136.650262,276136.650273,6903.416256825,37.593959000000005,273645.850646,43257.11205704181,94.81254990000001,63.86665682051282,14.126230861504354,0.1448558167199022,32,64,,True,True,,140,87.6246207195492
266,2026-09-18T06:50:30.120+00:00,2026-09-18T06:55:04.634+00:00,2026-09-18T06:55:08.317+00:00,True,59,59.0,,59.0,274513.95970999997,278197.000478,278197.00054,4715.203398983051,37.645029,274513.95970999997,35730.4082259076,93.15267200000002,63.50070289655172,11.597481902326521,0.21207992860679953,32,64,,True,True,,266,87.6246207195492
267,2026-09-18T06:50:30.482+00:00,2026-09-18T06:55:06.305+00:00,2026-09-18T06:55:11.425+00:00,True,84,84.0,,84.0,275822.03322399996,280942.11949599994,280942.11967899994,3344.5490437976187,37.44286,275822.03322399996,30087.92237316319,91.39678699999999,61.687786409638555,10.974465104411749,0.29899397125177596,32,64,,True,True,,415,87.6246207195492
268,2026-09-18T06:50:30.937+00:00,2026-09-18T06:55:08.132+00:00,2026-09-18T06:55:12.540+00:00,True,73,73.0,,73.0,277194.474624,281603.338368,281603.33821400005,3857.579975534247,34.913525,277194.474624,32435.994352993894,86.9525468,61.23421866666666,11.382724902451132,0.25922988137521086,32,64,,True,True,,363,87.6246207195492
269,2026-09-18T06:50:31.329+00:00,2026-09-18T06:55:09.707+00:00,2026-09-18T06:55:12.064+00:00,True,39,39.0,,39.0,278378.055162,280735.076858,280735.076851,7198.335303871795,36.247332,278378.055162,44566.233063091604,89.4399947,62.0268867368421,10.828804121865316,0.13892100850556263,32,64,,True,True,,187,87.6246207195492
270,2026-09-18T06:50:31.647+00:00,2026-09-18T06:55:10.890+00:00,2026-09-18T06:55:14.896+00:00,True,65,65.0,,65.0,279242.746131,283248.444947,283248.444937,4357.668383646153,37.5571,279242.746131,34628.03839464473,89.33541100000001,62.589044,10.961314497140807,0.22948051846202533,32,64,,True,True,,302,87.6246207195492
271,2026-09-18T06:50:31.983+00:00,2026-09-18T06:55:12.181+00:00,2026-09-18T06:55:16.632+00:00,True,73,73.0,,73.0,280198.14911799994,284649.14124599996,284649.1412489999,3899.3033047808212,37.81472,280198.14911799994,32787.479111250264,81.7992748,61.81933511111111,10.639120573957742,0.2564560696739001,32,64,,True,True,,313,87.6246207195492
272,2026-09-18T06:50:32.305+00:00,2026-09-18T06:55:12.721+00:00,2026-09-18T06:55:15.064+00:00,True,38,38.0,,38.0,280416.08970899996,282759.213933,282759.21395299997,7441.031946131578,35.868663,280416.08970899996,45479.22527655626,96.3646578,63.327681729729726,12.981556423658384,0.13438996194480907,32,64,,True,True,,114,87.6246207195492
273,2026-09-18T06:50:32.633+00:00,2026-09-18T06:55:13.759+00:00,2026-09-18T06:55:14.018+00:00,True,5,5.0,,5.0,281126.096267,281384.877195,281384.877021,56276.975404200006,41.769671,281126.096267,125694.4808661917,224918.76617220003,64.695232,19.49300250073371,0.017769256293524955,32,64,,True,True,,19,87.6246207195492
274,2026-09-18T06:50:33.094+00:00,2026-09-18T06:55:15.494+00:00,2026-09-18T06:55:20.651+00:00,True,85,85.0,,85.0,282400.195482,287557.537434,287557.537417,3383.029851964706,35.235574,282400.195482,30623.944199949612,77.1835934,61.396928,10.518153636161658,0.29559301682192607,32,64,,True,True,,360,87.6246207195492
275,2026-09-18T06:50:33.434+00:00,2026-09-18T06:55:17.396+00:00,2026-09-18T06:55:22.907+00:00,True,91,91.0,,91.0,283961.506773,289472.975061,289472.974953,3181.0217027802196,37.581379,283961.506773,29760.836058038607,73.65685150000002,61.23853653333333,9.259836815580515,0.3143644064901871,32,64,,True,True,,339,87.6246207195492
276,2026-09-18T06:50:34.836+00:00,2026-09-18T06:55:19.936+00:00,2026-09-18T06:55:22.050+00:00,True,35,35.0,,35.0,285099.867374,287214.089454,287214.089668,8206.116847657144,35.621583,285099.867374,48180.16323070978,81.5212796,62.18300235294118,9.40441099923473,0.12186031704271798,32,64,,True,True,,80,87.6246207195492
278,2026-09-18T06:50:34.938+00:00,2026-09-18T06:55:20.955+00:00,2026-09-18T06:55:21.140+00:00,True,4,4.0,,4.0,286017.406429,286202.489821,286202.489852,71550.622463,57.206813000000004,286017.406429,142977.8560178052,243124.61148070003,61.694464,4.166478694679237,0.013976118804912301,32,64,,True,True,,18,87.6246207195492
277,2026-09-18T06:50:34.877+00:00,2026-09-18T06:55:21.014+00:00,2026-09-18T06:55:24.124+00:00,True,52,52.0,,52.0,286136.973237,289246.70200499997,289246.701863,5562.436574288461,34.915684999999996,286136.973237,39671.60441619888,75.14228059999999,60.97507388235294,10.400961951731853,0.1797773306991798,32,64,,True,True,,216,87.6246207195492
279,2026-09-18T06:50:35.176+00:00,2026-09-18T06:55:23.438+00:00,2026-09-18T06:55:27.425+00:00,True,66,66.0,,66.0,288261.98285100004,292248.56691500003,292248.56684200006,4428.008588515152,36.004372000000004,288261.98285100004,35475.04933391462,88.03581324999999,61.33206252307692,10.489714117799673,0.22583515360469153,32,64,,True,True,,286,87.6246207195492
280,2026-09-18T06:50:35.464+00:00,2026-09-18T06:55:25.160+00:00,2026-09-18T06:55:29.535+00:00,True,72,72.0,,72.0,289696.886619,294071.259739,294071.259763,4084.3230522638887,33.084058,289696.886619,34133.847016369706,94.64507499999999,61.61088901408451,12.962148651018586,0.24483861518430217,32,64,,True,True,,221,87.6246207195492
281,2026-09-18T06:50:35.833+00:00,2026-09-18T06:55:26.496+00:00,2026-09-18T06:55:30.134+00:00,True,61,61.0,,61.0,290663.236595,294301.34859500005,294301.348589,4824.61227195082,34.676606,290663.236595,37207.85204055332,89.844762,60.6352,11.199920854252074,0.20727054188237704,32,64,,True,True,,264,87.6246207195492
282,2026-09-18T06:50:36.177+00:00,2026-09-18T06:55:27.616+00:00,2026-09-18T06:55:28.370+00:00,True,13,13.0,,13.0,291438.976699,292192.86469899997,292192.86490499997,22476.37422346154,36.912901,291438.976699,80813.20589681296,116636.787271,62.824,15.501415342189066,0.04449116173111154,32,64,,True,True,,67,87.6246207195492
283,2026-09-18T06:50:36.509+00:00,2026-09-18T06:55:28.972+00:00,2026-09-18T06:55:33.322+00:00,True,71,71.0,,71.0,292463.091107,296813.053603,296813.053777,4180.46554615493,35.229855,292463.091107,34701.6101040097,92.830861,62.14232137142857,11.315667424339434,0.23920780820834617,32,64,,True,True,,307,87.6246207195492
284,2026-09-18T06:50:36.894+00:00,2026-09-18T06:55:30.359+00:00,2026-09-18T06:55:33.856+00:00,True,57,57.0,,57.0,293465.01736500004,296962.629397,296962.62936300004,5209.870690578948,39.542175,293465.01736500004,38862.1195192308,89.55904639999999,62.45735771428571,9.251790052808493,0.19194334356394216,32,64,,True,True,,281,87.6246207195492
285,2026-09-18T06:50:37.296+00:00,2026-09-18T06:55:31.942+00:00,2026-09-18T06:55:33.263+00:00,True,22,22.0,,22.0,294646.18409600004,295967.17609600007,295967.17601900006,13453.053455409094,41.588682,294646.18409600004,62805.36738207172,96.10014025000001,62.904380952380954,12.152044655291876,0.07433256717922014,32,64,,True,True,,88,87.6246207195492
286,2026-09-18T06:50:37.743+00:00,2026-09-18T06:55:33.449+00:00,2026-09-18T06:55:35.421+00:00,True,32,32.0,,32.0,295705.969574,297677.81699799997,297677.81720499997,9302.431787656249,38.825267,295705.969574,52262.68103140064,94.85778024999999,63.60798141935484,12.12237713817372,0.10749877274266292,32,64,,True,True,,101,87.6246207195492
287,2026-09-18T06:50:38.028+00:00,2026-09-18T06:55:34.581+00:00,2026-09-18T06:55:37.052+00:00,True,39,39.0,,39.0,296553.374676,299023.90625999996,299023.906181,7667.2796456666665,40.353674,296553.374676,47476.135242673445,94.3503044,65.01398905263157,11.771077458208907,0.13042435465373686,32,64,,True,True,,139,87.6246207195492
288,2026-09-18T06:50:38.374+00:00,2026-09-18T06:55:36.211+00:00,2026-09-18T06:55:38.400+00:00,False,36,35.0,,35.0,297837.338346,300026.480362,300026.48043,8334.068900833334,0.01939,297837.338346,49629.13412678097,92.20354200000001,62.54691474285714,15.067438637681683,0.11665636965700625,32,64,,True,False,Request timeout: 300.0s exceeded,110,87.6246207195492
289,2026-09-18T06:50:38.846+00:00,2026-09-18T06:55:37.811+00:00,2026-09-18T06:55:38.889+00:00,False,19,18.0,,18.0,298965.046716,300043.188412,300043.188424,15791.746759157895,0.036770000000000004,298965.046716,68573.54644428383,29980.010493,59.896760888888885,17.50356066012205,0.05999136356091363,32,64,,True,False,Request timeout: 300.0s exceeded,93,87.6246207195492
290,2026-09-18T06:50:39.174+00:00,2026-09-18T06:55:38.949+00:00,2026-09-18T06:55:39.203+00:00,False,6,5.0,,5.0,299775.632696,300029.68556,300029.685749,50004.94762483333,0.04393,299775.632696,122362.14887192026,224848.2501985,50.810572799999996,28.45030589372823,0.01666501763206394,32,64,,True,False,Request timeout: 300.0s exceeded,15,87.6246207195492
291,2026-09-18T06:50:39.489+00:00,2026-09-18T06:55:39.543+00:00,2026-09-18T06:55:39.543+00:00,False,1,0.0,,0.0,300054.753143,300054.753143,300054.753143,300054.753143,300054.753143,300054.753143,nan,300054.753143,nan,nan,0.0,32,64,,True,False,"HTTPConnectionPool(host='gpu03', port=9002): Read timed out.",0,87.6246207195492
292,2026-09-18T06:50:39.923+00:00,2026-09-18T06:55:39.987+00:00,2026-09-18T06:55:39.987+00:00,False,1,0.0,,0.0,300063.832864,300063.832864,300063.832864,300063.832864,300063.832864,300063.832864,nan,300063.832864,nan,nan,0.0,32,64,,True,False,TTFT timeout: 300.0s exceeded (TTFT: 300.049s),0,87.6246207195492
293,2026-09-18T06:50:40.303+00:00,2026-09-18T06:55:40.228+00:00,2026-09-18T06:55:40.319+00:00,False,3,2.0,,2.0,299924.749007,300016.270031,300016.270045,100005.42334833334,0.02327,299924.749007,173135.2207690797,269941.4238831,45.760512,64.68219117238772,0.006666305130029596,32,64,,True,False,Request timeout: 300.0s exceeded,5,87.6246207195492
294,2026-09-18T06:50:40.607+00:00,2026-09-18T06:55:40.610+00:00,2026-09-18T06:55:40.670+00:00,False,3,2.0,,2.0,300003.357861,300063.197605,300063.197768,100021.06592266666,0.08272,300003.357861,173189.74769582087,270008.9977936,29.919872,42.196150275821516,0.0066652625712293415,32,64,,True,False,Request timeout: 300.0s exceeded,8,87.6246207195492
295,2026-09-18T06:50:40.885+00:00,2026-09-18T06:55:40.995+00:00,2026-09-18T06:55:40.995+00:00,False,1,0.0,,0.0,300109.81947399996,300109.81947399996,300109.81947399996,300109.81947399996,300109.81947399996,300109.81947399996,nan,300109.81947399996,nan,nan,0.0,32,64,,True,False,"HTTPConnectionPool(host='gpu03', port=9002): Read timed out.",0,87.6246207195492
296,2026-09-18T06:50:41.297+00:00,2026-09-18T06:55:41.296+00:00,2026-09-18T06:55:41.409+00:00,False,3,2.0,,2.0,299998.85396100004,300112.17184900003,300112.17173900007,100037.39057966668,0.02409,299998.85396100004,173171.71632718694,270010.2979337,56.658944,80.09381539937276,0.006664174890601539,32,64,,True,False,Request timeout: 300.0s exceeded,7,87.6246207195492
297,2026-09-18T06:50:41.709+00:00,2026-09-18T06:55:41.615+00:00,2026-09-18T06:55:41.745+00:00,False,4,3.0,,3.0,299905.831655,300035.99818299996,300035.998281,75008.99957025,0.03785,299905.831655,149931.2245278979,254929.92859265,43.38884266666666,37.56984470844485,0.009998800204534858,32,64,,True,False,Request timeout: 300.0s exceeded,5,87.6246207195492
298,2026-09-18T06:50:42.095+00:00,2026-09-18T06:55:42.193+00:00,2026-09-18T06:55:42.193+00:00,False,1,0.0,,0.0,300097.559815,300097.559815,300097.559815,300097.559815,300097.559815,300097.559815,nan,300097.559815,nan,nan,0.0,32,64,,True,False,"HTTPConnectionPool(host='gpu03', port=9002): Read timed out.",0,87.6246207195492
299,2026-09-18T06:50:42.490+00:00,2026-09-18T06:55:42.519+00:00,2026-09-18T06:55:42.519+00:00,False,1,0.0,,0.0,300029.311813,300029.311813,300029.311813,300029.311813,300029.311813,300029.311813,nan,300029.311813,nan,nan,0.0,32,64,,True,False,"HTTPConnectionPool(host='gpu03', port=9002): Read timed out.",0,87.6246207195492
300,2026-09-18T06:50:42.856+00:00,2026-09-18T06:55:42.746+00:00,2026-09-18T06:55:42.892+00:00,False,4,3.0,,3.0,299889.698236,300035.10956400004,300035.10937300004,75008.77734325001,0.037880000000000004,299889.698236,149920.61784101048,254917.2434419,48.47044266666666,41.948801307698,0.009998829818148581,32,64,,True,False,Request timeout: 300.0s exceeded,3,87.6246207195492
301,2026-09-18T06:50:43.176+00:00,2026-09-18T06:55:43.052+00:00,2026-09-18T06:55:43.211+00:00,False,4,3.0,,3.0,299876.01661299996,300035.52074099996,300035.520744,75008.880186,0.03626,299876.01661299996,149911.42921783574,254908.08449185,53.168042666666665,47.1021154714035,0.009998816115474853,32,64,,True,False,Request timeout: 300.0s exceeded,8,87.6246207195492
302,2026-09-18T06:50:43.613+00:00,2026-09-18T06:55:43.723+00:00,2026-09-18T06:55:43.723+00:00,False,1,0.0,,0.0,300110.547472,300110.547472,300110.547472,300110.547472,300110.547472,300110.547472,nan,300110.547472,nan,nan,0.0,32,64,,True,False,"HTTPConnectionPool(host='gpu03', port=9002): Read timed out.",0,87.6246207195492
303,2026-09-18T06:50:44.015+00:00,2026-09-18T06:55:44.074+00:00,2026-09-18T06:55:44.074+00:00,False,1,0.0,,0.0,300058.533049,300058.533049,300058.533049,300058.533049,300058.533049,300058.533049,nan,300058.533049,nan,nan,0.0,32,64,,True,False,"HTTPConnectionPool(host='gpu03', port=9002): Read timed out.",0,87.6246207195492
304,2026-09-18T06:50:44.294+00:00,2026-09-18T06:55:44.254+00:00,2026-09-18T06:55:44.355+00:00,False,3,2.0,,2.0,299959.897877,300060.267285,300060.26733899995,100020.089113,0.053619999999999994,299959.897877,173152.9608743869,269973.93967349996,50.184704,70.8962229380381,0.006665327662660453,32,64,,True,False,Request timeout: 300.0s exceeded,6,87.6246207195492
305,2026-09-18T06:50:44.651+00:00,2026-09-18T06:55:44.495+00:00,2026-09-18T06:55:45.020+00:00,True,10,10.0,,10.0,299844.230915,300368.983811,300368.98395100003,30036.8983951,37.7654,299844.230915,94800.63397174512,164947.2362831,58.305877333333335,11.487925192135261,0.033292385495741664,32,64,,True,True,,43,87.6246207195492
306,2026-09-18T06:50:44.921+00:00,2026-09-18T06:55:45.120+00:00,2026-09-18T06:55:45.692+00:00,True,9,9.0,,9.0,300199.282772,300770.881876,300770.881809,33418.98686766667,56.917274,300199.282772,100042.61189535871,180157.6005076,71.449888,14.592602748493558,0.029923109390989733,32,64,,True,True,,24,87.6246207195492
307,2026-09-18T06:50:45.278+00:00,2026-09-18T06:55:45.541+00:00,2026-09-18T06:55:45.909+00:00,False,8,7.0,,7.0,300262.932783,300630.899503,300630.899353,37578.862419125,0.03018,300262.932783,106140.39610511293,195203.36741455,52.566674285714285,28.45160467890722,0.023284366349474818,32,64,,True,False,Request timeout: 300.0s exceeded,29,87.6246207195492
309,2026-09-18T06:50:45.992+00:00,2026-09-18T06:55:46.114+00:00,2026-09-18T06:55:46.114+00:00,False,1,0.0,,0.0,300122.450299,300122.450299,300122.450299,300122.450299,300122.450299,300122.450299,nan,300122.450299,nan,nan,0.0,32,64,,True,False,"HTTPConnectionPool(host='gpu03', port=9002): Read timed out.",0,87.6246207195492
310,2026-09-18T06:50:46.320+00:00,2026-09-18T06:55:46.713+00:00,2026-09-18T06:55:46.713+00:00,False,1,0.0,,0.0,300393.168703,300393.168703,300393.168703,300393.168703,300393.168703,300393.168703,nan,300393.168703,nan,nan,0.0,32,64,,True,False,"HTTPConnectionPool(host='gpu03', port=9002): Read timed out.",0,87.6246207195492
308,2026-09-18T06:50:45.554+00:00,2026-09-18T06:55:46.730+00:00,2026-09-18T06:55:46.730+00:00,False,1,0.0,,0.0,301175.807224,301175.807224,301175.807224,301175.807224,301175.807224,301175.807224,nan,301175.807224,nan,nan,0.0,32,64,,True,False,"HTTPConnectionPool(host='gpu03', port=9002): Read timed out.",0,87.6246207195492
311,2026-09-18T06:50:46.739+00:00,2026-09-18T06:55:46.860+00:00,2026-09-18T06:55:46.860+00:00,False,1,0.0,,0.0,300120.89524299995,300120.89524299995,300120.89524299995,300120.89524299995,300120.89524299995,300120.89524299995,nan,300120.89524299995,nan,nan,0.0,32,64,,True,False,"HTTPConnectionPool(host='gpu03', port=9002): Read timed out.",0,87.6246207195492
312,2026-09-18T06:50:47.204+00:00,2026-09-18T06:55:47.108+00:00,2026-09-18T06:55:47.289+00:00,False,3,2.0,,2.0,299904.25517799996,300085.72973799997,300085.72989799996,100028.57663266665,0.02472,299904.25517799996,173097.438988135,269931.97466019995,90.73728,128.2871362763361,0.006664762105636173,32,64,,True,False,Request timeout: 300.0s exceeded,7,87.6246207195492
313,2026-09-18T06:50:47.651+00:00,2026-09-18T06:55:47.292+00:00,2026-09-18T06:55:47.696+00:00,False,9,8.0,,8.0,299640.36145200004,300044.20401200006,300044.20407400007,33338.244897111115,0.041210000000000004,299640.36145200004,99863.29583934801,179809.9438032,50.48032,22.056262402445096,0.02666273800003164,32,64,,True,False,Request timeout: 300.0s exceeded,45,87.6246207195492
314,2026-09-18T06:50:48.086+00:00,2026-09-18T06:55:48.171+00:00,2026-09-18T06:55:48.171+00:00,False,1,0.0,,0.0,300084.38362800004,300084.38362800004,300084.38362800004,300084.38362800004,300084.38362800004,300084.38362800004,nan,300084.38362800004,nan,nan,0.0,32,64,,True,False,"HTTPConnectionPool(host='gpu03', port=9002): Read timed out.",0,87.6246207195492
315,2026-09-18T06:50:48.401+00:00,2026-09-18T06:55:48.460+00:00,2026-09-18T06:55:48.460+00:00,False,1,0.0,,0.0,300059.32301700005,300059.32301700005,300059.32301700005,300059.32301700005,300059.32301700005,300059.32301700005,nan,300059.32301700005,nan,nan,0.0,32,64,,True,False,"HTTPConnectionPool(host='gpu03', port=9002): Read timed out.",0,87.6246207195492
316,2026-09-18T06:50:48.720+00:00,2026-09-18T06:55:48.656+00:00,2026-09-18T06:55:48.746+00:00,False,3,2.0,,2.0,299935.57500099996,300025.94069699995,300025.94077199994,100008.64692399999,0.02339,299935.57500099996,173141.80450460102,269951.05173899996,45.182848,63.86525090909303,0.006666090256574933,32,64,,True,False,Request timeout: 300.0s exceeded,4,87.6246207195492
317,2026-09-18T06:50:49.102+00:00,2026-09-18T06:55:48.957+00:00,2026-09-18T06:55:49.178+00:00,False,5,4.0,,4.0,299855.061272,300075.450648,300075.450718,60015.090143600006,0.062709,299855.061272,134074.62405430037,239902.1766256,55.097344,39.04106336643174,0.01332998081436576,32,64,,True,False,Request timeout: 300.0s exceeded,11,87.6246207195492
318,2026-09-18T06:50:49.411+00:00,2026-09-18T06:55:49.522+00:00,2026-09-18T06:55:49.522+00:00,False,1,0.0,,0.0,300110.784825,300110.784825,300110.784825,300110.784825,300110.784825,300110.784825,nan,300110.784825,nan,nan,0.0,32,64,,True,False,"HTTPConnectionPool(host='gpu03', port=9002): Read timed out.",0,87.6246207195492
319,2026-09-18T06:50:49.697+00:00,2026-09-18T06:55:49.820+00:00,2026-09-18T06:55:49.820+00:00,False,1,0.0,,0.0,300123.56192400004,300123.56192400004,300123.56192400004,300123.56192400004,300123.56192400004,300123.56192400004,nan,300123.56192400004,nan,nan,0.0,32,64,,True,False,"HTTPConnectionPool(host='gpu03', port=9002): Read timed out.",0,87.6246207195492
320,2026-09-18T06:50:50.095+00:00,2026-09-18T06:55:50.021+00:00,2026-09-18T06:55:50.168+00:00,False,4,3.0,,3.0,299926.713152,300073.262912,300073.262947,75018.31573675,0.02011,299926.713152,149938.93558574468,254948.716127,48.84992,42.288194102958236,0.009997558499171534,32,64,,True,False,Request timeout: 300.0s exceeded,7,87.6246207195492
321,2026-09-18T06:50:50.449+00:00,2026-09-18T06:55:50.310+00:00,2026-09-18T06:55:50.382+00:00,True,2,2.0,,2.0,299860.54486699996,299932.51133099996,299932.51136199996,149966.25568099998,71.966495,299860.54486699996,211982.53668911592,284871.11594839994,71.966464,nan,0.006668166752329284,32,64,,True,True,,2,87.6246207195492
322,2026-09-18T06:50:50.864+00:00,2026-09-18T06:55:50.926+00:00,2026-09-18T06:55:50.926+00:00,False,1,0.0,,0.0,300061.98966900003,300061.98966900003,300061.98966900003,300061.98966900003,300061.98966900003,300061.98966900003,nan,300061.98966900003,nan,nan,0.0,32,64,,True,False,"HTTPConnectionPool(host='gpu03', port=9002): Read timed out.",0,87.6246207195492
323,2026-09-18T06:50:51.337+00:00,2026-09-18T06:55:51.397+00:00,2026-09-18T06:55:51.397+00:00,False,1,0.0,,0.0,300060.53078,300060.53078,300060.53078,300060.53078,300060.53078,300060.53078,nan,300060.53078,nan,nan,0.0,32,64,,True,False,TTFT timeout: 300.0s exceeded (TTFT: 300.031s),0,87.6246207195492
324,2026-09-18T06:50:51.731+00:00,2026-09-18T06:55:51.678+00:00,2026-09-18T06:55:51.800+00:00,False,4,3.0,,3.0,299947.47823199996,300069.04520799994,300069.045184,75017.261296,0.05207,299947.47823199996,149953.4806902263,254964.6230658,40.522325333333335,35.06296863555448,0.009997699022638204,32,64,,True,False,Request timeout: 300.0s exceeded,9,87.6246207195492
325,2026-09-18T06:50:52.167+00:00,2026-09-18T06:55:52.261+00:00,2026-09-18T06:55:52.261+00:00,False,1,0.0,,0.0,300094.54222500004,300094.54222500004,300094.54222500004,300094.54222500004,300094.54222500004,300094.54222500004,nan,300094.54222500004,nan,nan,0.0,32,64,,True,False,"HTTPConnectionPool(host='gpu03', port=9002): Read timed out.",0,87.6246207195492
326,2026-09-18T06:50:52.538+00:00,2026-09-18T06:55:52.570+00:00,2026-09-18T06:55:52.570+00:00,False,1,0.0,,0.0,300032.87825099996,300032.87825099996,300032.87825099996,300032.87825099996,300032.87825099996,300032.87825099996,nan,300032.87825099996,nan,nan,0.0,32,64,,True,False,"HTTPConnectionPool(host='gpu03', port=9002): Read timed out.",0,87.6246207195492
327,2026-09-18T06:50:52.800+00:00,2026-09-18T06:55:52.725+00:00,2026-09-18T06:55:52.818+00:00,False,3,2.0,,2.0,299925.46283499995,300018.45611499995,300018.45625099994,100006.15208366665,0.018879999999999997,299925.46283499995,173135.2080561739,269942.21400509996,46.49664,65.72938803105374,0.006666256556007944,32,64,,True,False,Request timeout: 300.0s exceeded,5,87.6246207195492
328,2026-09-18T06:50:53.148+00:00,2026-09-18T06:55:52.888+00:00,2026-09-18T06:55:53.180+00:00,False,10,9.0,,9.0,299740.47323400003,300032.78478600003,300032.784676,30003.278467600005,0.01874,299740.47323400003,94775.99015897013,164874.6376443,32.479061333333334,12.221952261405049,0.02999672187964158,32,64,,True,False,Request timeout: 300.0s exceeded,38,87.6246207195492
0,2026-09-18T06:48:53.167+00:00,2026-09-18T06:48:53.414+00:00,2026-09-18T06:48:54.343+00:00,True,19,19.0,,19.0,247.22884,1175.541928,1175.541915,61.87062710526316,15.6985,247.22884,48.18461319150404,105.37627060000001,51.572949333333334,18.028077626165352,16.162758254250885,33,64,,False,True,,90,87.6246207195492
1,2026-09-18T06:48:53.747+00:00,2026-09-18T06:48:53.971+00:00,2026-09-18T06:48:57.566+00:00,True,62,62.0,,62.0,223.456414,3818.8310060000003,3818.830913,61.59404698387097,6.423948,223.456414,23.85387417318453,72.7387792,58.94056708196721,11.604985741308544,16.235334819107727,33,64,,False,True,,394,87.6246207195492
2,2026-09-18T06:48:54.168+00:00,2026-09-18T06:48:55.852+00:00,2026-09-18T06:49:00.529+00:00,True,78,78.0,,78.0,1683.917281,6360.833249,6360.833161,81.5491430897436,9.395453,1683.917281,184.11048971636555,70.54803500000001,60.739168415584416,10.951373842784562,12.262544378484145,33,64,,False,True,,411,87.6246207195492
3,2026-09-18T06:48:54.583+00:00,2026-09-18T06:48:57.695+00:00,2026-09-18T06:48:59.025+00:00,True,23,23.0,,23.0,3112.4520469999998,4442.744015,4442.743885,193.16277760869565,38.162039,3112.4520469999998,636.4179633488217,70.3043179,60.46781672727273,6.856729306960906,5.176980695341727,33,64,,False,True,,115,87.6246207195492
4,2026-09-18T06:48:55.036+00:00,2026-09-18T06:48:59.199+00:00,2026-09-18T06:49:00.156+00:00,True,17,17.0,,17.0,4163.6648829999995,5120.813810999999,5120.813794,301.22434082352936,16.624289,4163.6648829999995,995.4838390856709,919.4721357999998,59.821808,18.182965048181263,3.319784828630631,33,64,,False,True,,75,87.6246207195492
5,2026-09-18T06:48:55.628+00:00,2026-09-18T06:49:01.374+00:00,2026-09-18T06:49:02.731+00:00,True,24,24.0,,24.0,5746.038393,7103.450233,7103.450331,295.977097125,0.0,5746.038393,1161.03069934765,113.8529391,59.01790608695652,20.463187551877652,3.3786398458181472,33,64,,False,True,,82,87.6246207195492
6,2026-09-18T06:48:56.067+00:00,2026-09-18T06:49:02.973+00:00,2026-09-18T06:49:03.393+00:00,True,8,8.0,,8.0,6905.650447999999,7325.690895999999,7325.690916999999,915.7113646249999,37.700720000000004,6905.650447999999,2420.321195059447,4512.8465848999995,60.005778285714285,10.710388692353073,1.092047168461365,33,64,,False,True,,44,87.6246207195492
7,2026-09-18T06:48:56.588+00:00,2026-09-18T06:49:04.908+00:00,2026-09-18T06:49:09.854+00:00,True,83,83.0,,83.0,8319.367850999999,13265.569962999998,13265.57002,159.8261448192771,0.0,8319.367850999999,907.2974576857874,71.3410344,60.319537951219516,37.08886759493813,6.256798632211173,33,64,,False,True,,414,87.6246207195492
8,2026-09-18T06:48:57.086+00:00,2026-09-18T06:49:06.799+00:00,2026-09-18T06:49:08.220+00:00,True,23,23.0,,23.0,9713.053661,11134.609373,11134.60932,484.11344869565215,0.0,9713.053661,2012.9564814496625,301.33363599999996,64.61616872727272,68.66437449452064,2.065631512477847,33,64,,False,True,,96,87.6246207195492
9,2026-09-18T06:48:57.433+00:00,2026-09-18T06:49:07.919+00:00,2026-09-18T06:49:11.038+00:00,True,53,53.0,,53.0,10486.593594,13605.086522,13605.086359,256.6997426226415,0.0,10486.593594,1432.5805429138272,115.8171488,59.97101784615385,33.04259613096609,3.8956018334978437,33,64,,False,True,,250,87.6246207195492
10,2026-09-18T06:48:57.923+00:00,2026-09-18T06:49:09.917+00:00,2026-09-18T06:49:15.319+00:00,True,91,91.0,,91.0,11993.594122999999,17395.621643,17395.621574999997,191.16067664835163,0.0,11993.594122999999,1251.2888433218372,67.02535549999999,60.022528,28.03583895243613,5.231201383172094,33,64,,False,True,,306,87.6246207195492
11,2026-09-18T06:48:58.482+00:00,2026-09-18T06:49:11.918+00:00,2026-09-18T06:49:11.976+00:00,True,2,2.0,,2.0,13436.015503,13494.844047,13494.844174,6747.422087,58.828671,13436.015503,9459.09952210659,12767.1561614,58.828544,nan,0.14820475086887827,33,64,,False,True,,5,87.6246207195492
12,2026-09-18T06:48:58.895+00:00,2026-09-18T06:49:13.602+00:00,2026-09-18T06:49:19.380+00:00,True,98,98.0,,98.0,14707.55718,20485.10086,20485.100823,209.03164105102042,0.0,14707.55718,1480.0582339696487,68.55326035,59.56230597938144,34.03318600768117,4.783964729768971,33,64,,False,True,,442,87.6246207195492
13,2026-09-18T06:48:59.350+00:00,2026-09-18T06:49:15.030+00:00,2026-09-18T06:49:15.866+00:00,True,15,15.0,,15.0,15679.874653,16516.398685,16516.398609,1101.0932406,40.562315000000005,15679.874653,4033.10693114804,4753.3535622,59.751716571428574,8.607955489329424,0.9081882973449186,33,64,,False,True,,65,87.6246207195492
14,2026-09-18T06:48:59.756+00:00,2026-09-18T06:49:16.596+00:00,2026-09-18T06:49:17.178+00:00,True,11,11.0,,11.0,16839.459208,17421.723528,17421.723616,1583.793056,0.0,16839.459208,5060.43732451265,8568.5068175,58.226432,89.05331019788834,0.6313956241080811,33,64,,False,True,,47,87.6246207195492
15,2026-09-18T06:49:00.181+00:00,2026-09-18T06:49:18.248+00:00,2026-09-18T06:49:21.595+00:00,True,52,52.0,,52.0,18066.748598000002,21413.872566000002,21413.872418000003,411.8052388076923,0.0,18066.748598000002,2497.0703963564697,199.19163279999998,65.6298817254902,62.39507701873166,2.4283323737791966,33,64,,False,True,,269,87.6246207195492
16,2026-09-18T06:49:00.703+00:00,2026-09-18T06:49:20.255+00:00,2026-09-18T06:49:20.255+00:00,True,1,1.0,,1.0,19552.449276,19552.449276,19552.449276,19552.449276,19552.449276,19552.449276,nan,19552.449276,nan,nan,0.051144487623219034,33,64,,False,True,,3,87.6246207195492
17,2026-09-18T06:49:01.231+00:00,2026-09-18T06:49:21.960+00:00,2026-09-18T06:49:25.521+00:00,True,59,59.0,,59.0,20729.905169,24290.749201000002,24290.749052000003,411.7076110508475,0.0,20729.905169,2691.162332606359,95.25211409999999,61.39386262068965,43.865149974752875,2.428908203357148,33,64,,False,True,,284,87.6246207195492
18,2026-09-18T06:49:01.627+00:00,2026-09-18T06:49:23.529+00:00,2026-09-18T06:49:28.822+00:00,True,90,90.0,,90.0,21902.756129,27194.866721000002,27194.866785000002,302.1651865,0.0,21902.756129,2303.0931955603382,81.82861865000001,59.46191676404494,53.20871650471542,3.3094481000159335,33,64,,False,True,,387,87.6246207195492
19,2026-09-18T06:49:01.984+00:00,2026-09-18T06:49:24.861+00:00,2026-09-18T06:49:28.927+00:00,True,70,70.0,,70.0,22876.554479,26943.315183,26943.315112,384.9045016,0.0,22876.554479,2727.615581339381,83.69001560000001,58.93856092753624,46.392792016625975,2.598047030387961,33,64,,False,True,,369,87.6246207195492
20,2026-09-18T06:49:02.578+00:00,2026-09-18T06:49:27.205+00:00,2026-09-18T06:49:31.667+00:00,True,75,75.0,,75.0,24627.720676,29089.86698,29089.866824,387.8648909866667,0.0,24627.720676,2837.151979488332,71.1162933,60.29927437837838,44.89995273832455,2.5782173583524584,33,64,,False,True,,306,87.6246207195492
21,2026-09-18T06:49:02.939+00:00,2026-09-18T06:49:28.467+00:00,2026-09-18T06:49:31.092+00:00,True,44,44.0,,44.0,25528.267702,28153.195190000002,28153.195315,639.8453480681818,10.265931,25528.267702,3839.3435153258033,72.62120685,61.044825302325584,10.934860438488405,1.5628776663910877,33,64,,False,True,,201,87.6246207195492
22,2026-09-18T06:49:03.439+00:00,2026-09-18T06:49:30.716+00:00,2026-09-18T06:49:34.309+00:00,True,61,61.0,,61.0,27276.122385000002,30869.642257000003,30869.642437000002,506.05971208196723,0.0,27276.122385000002,3485.1423988895926,68.574622,59.891997866666664,57.1734511580243,1.9760514064968677,33,64,,False,True,,318,87.6246207195492
23,2026-09-18T06:49:03.841+00:00,2026-09-18T06:49:32.257+00:00,2026-09-18T06:49:35.296+00:00,True,52,52.0,,52.0,28415.539847,31454.555014999998,31454.555064,604.8952896923076,0.0,28415.539847,3933.4615722099074,249.38467735000003,59.58853270588236,98.06465680612365,1.6531786882759054,33,64,,False,True,,171,87.6246207195492
24,2026-09-18T06:49:04.419+00:00,2026-09-18T06:49:34.429+00:00,2026-09-18T06:49:36.965+00:00,True,42,42.0,,42.0,30009.169975,32545.418551000002,32545.418599,774.8909190238095,0.01592,30009.169975,4621.5893650984735,100.03455045000001,61.85972136585366,76.58227044082982,1.2905042205613142,33,64,,False,True,,184,87.6246207195492
25,2026-09-18T06:49:04.746+00:00,2026-09-18T06:49:35.593+00:00,2026-09-18T06:49:35.778+00:00,True,4,4.0,,4.0,30846.785148,31031.990908,31031.990936,7757.997734,55.582547,30846.785148,15392.525689618285,26229.8596062,61.73525333333333,5.873016847658905,0.12889923859087,33,64,,False,True,,19,87.6246207195492
26,2026-09-18T06:49:05.319+00:00,2026-09-18T06:49:37.655+00:00,2026-09-18T06:49:39.440+00:00,True,31,31.0,,31.0,32335.996798,34121.614974,34121.615094,1100.6972610967741,0.0,32335.996798,5797.6465723506135,296.77546199999995,59.52060586666667,86.25776026776482,0.9085150284833058,33,64,,False,True,,116,87.6246207195492
27,2026-09-18T06:49:05.878+00:00,2026-09-18T06:49:39.573+00:00,2026-09-18T06:49:42.645+00:00,True,52,52.0,,52.0,33695.35223700001,36767.70628500001,36767.70639900001,707.0712769038463,36.228343,33695.35223700001,4664.368114578232,96.29681570000001,60.242236235294115,12.935671488373448,1.4142845788891176,33,64,,False,True,,181,87.6246207195492
28,2026-09-18T06:49:06.416+00:00,2026-09-18T06:49:42.197+00:00,2026-09-18T06:49:43.199+00:00,True,17,17.0,,17.0,35781.266887000005,36783.273927,36783.273998000004,2163.7219998823534,40.185646,35781.266887000005,8663.050184729724,7235.222999800001,62.62544,11.50084403452746,0.4621665823911748,33,64,,False,True,,67,87.6246207195492
29,2026-09-18T06:49:06.744+00:00,2026-09-18T06:49:43.198+00:00,2026-09-18T06:49:44.049+00:00,True,14,14.0,,14.0,36453.78279,37304.422918,37304.422691,2664.601620785714,36.718093,36453.78279,9725.210618945788,12835.82037065,65.433856,17.947542307670766,0.37529061984885365,33,64,,False,True,,50,87.6246207195492
30,2026-09-18T06:49:07.289+00:00,2026-09-18T06:49:45.292+00:00,2026-09-18T06:49:49.068+00:00,True,64,64.0,,64.0,38002.818049999994,41778.72614599999,41778.72603399999,652.7925942812499,0.0,38002.818049999994,4743.429197943532,91.7774654,59.93504914285714,74.04761255187508,1.5318801194738563,33,64,,False,True,,295,87.6246207195492
31,2026-09-18T06:49:07.931+00:00,2026-09-18T06:49:47.871+00:00,2026-09-18T06:49:53.973+00:00,True,99,99.0,,99.0,39939.774195,46041.346803,46041.346779,465.06410887878786,0.0,39939.774195,4008.8228416336565,89.322939,62.26094497959184,89.18081151662729,2.1502411826395416,33,64,,False,True,,405,87.6246207195492
32,2026-09-18T06:49:08.174+00:00,2026-09-18T06:49:49.066+00:00,2026-09-18T06:49:49.193+00:00,True,3,3.0,,3.0,40891.851641999994,41018.245498,41018.245468999994,13672.748489666665,62.958944,40891.851641999994,23572.43479935094,36809.00996609999,63.196928,0.33669596492978643,0.07313818432693023,33,64,,False,True,,8,87.6246207195492
33,2026-09-18T06:49:08.646+00:00,2026-09-18T06:49:50.543+00:00,2026-09-18T06:49:50.961+00:00,True,8,8.0,,8.0,41896.54210499999,42314.394776999994,42314.394733999994,5289.299341749999,40.657475,41896.54210499999,14791.561889133121,27255.753338899995,59.69323885714286,8.550972892857736,0.1890609576755285,33,64,,False,True,,35,87.6246207195492
34,2026-09-18T06:49:09.017+00:00,2026-09-18T06:49:52.456+00:00,2026-09-18T06:49:53.975+00:00,True,29,29.0,,29.0,43438.953744000006,44958.03700800001,44958.03690200001,1550.2771345517244,0.0,43438.953744000006,8056.368165594135,83.6510038,54.252973714285716,22.93632702415318,0.6450459568517111,33,64,,False,True,,119,87.6246207195492
35,2026-09-18T06:49:09.447+00:00,2026-09-18T06:49:54.038+00:00,2026-09-18T06:49:55.424+00:00,True,22,22.0,,22.0,44591.062465999996,45976.575425999996,45976.575339999996,2089.8443336363634,38.416769,44591.062465999996,9492.790047440398,106.23880804999999,65.97680761904762,14.040128593338048,0.47850453836887735,33,64,,False,True,,111,87.6246207195492
36,2026-09-18T06:49:09.833+00:00,2026-09-18T06:49:55.745+00:00,2026-09-18T06:49:59.459+00:00,True,61,61.0,,61.0,45911.648234,49625.739242,49625.739302,813.5367098688524,34.001357000000006,45911.648234,5870.474854120215,91.27899099999999,61.901516799999996,13.967274756680084,1.229200832707668,33,64,,False,True,,318,87.6246207195492
37,2026-09-18T06:49:10.329+00:00,2026-09-18T06:49:57.687+00:00,2026-09-18T06:50:03.755+00:00,True,98,98.0,,98.0,47358.627111,53426.804007,53426.804017,545.1714695612245,0.0,47358.627111,4779.304235476395,97.85972735,62.558524701030926,127.36276503410977,1.834285277239492,33,64,,False,True,,416,87.6246207195492
38,2026-09-18T06:49:10.704+00:00,2026-09-18T06:49:59.198+00:00,2026-09-18T06:50:04.726+00:00,True,91,91.0,,91.0,48493.428713,54022.346473,54022.346304,593.6521571868132,0.0,48493.428713,5078.744927906057,95.910478,61.432419555555555,131.82823057770514,1.6844881042973796,33,64,,False,True,,460,87.6246207195492
39,2026-09-18T06:49:11.127+00:00,2026-09-18T06:50:00.836+00:00,2026-09-18T06:50:03.276+00:00,True,41,41.0,,41.0,49708.771317,52148.862197,52148.862396,1271.9234730731707,0.01594,49708.771317,7755.52252572227,94.294137,61.002272,171.2511271543442,0.7862108255615715,33,64,,False,True,,201,87.6246207195492
40,2026-09-18T06:49:11.688+00:00,2026-09-18T06:50:03.393+00:00,2026-09-18T06:50:07.417+00:00,True,64,64.0,,64.0,51704.962351999995,55729.267759999995,55729.26772799999,870.7698082499999,39.579966999999996,51704.962351999995,6455.147758814696,94.35517814999999,63.877863619047616,12.649729082016002,1.1484091317262268,33,64,,False,True,,259,87.6246207195492
41,2026-09-18T06:49:12.197+00:00,2026-09-18T06:50:05.477+00:00,2026-09-18T06:50:06.324+00:00,True,13,13.0,,13.0,53279.58702399999,54127.19329599999,54127.193070999994,4163.630236230769,47.653152,53279.58702399999,14757.517902225736,21375.691744,70.633856,17.503702673960742,0.2401750249437135,33,64,,False,True,,58,87.6246207195492
42,2026-09-18T06:49:12.610+00:00,2026-09-18T06:50:07.233+00:00,2026-09-18T06:50:09.921+00:00,True,32,32.0,,32.0,54622.006293,57310.068757,57310.068775,1790.93964921875,34.658096,54622.006293,9641.559263752524,431.37624855,86.71169238709678,140.45555284458683,0.5583661072835728,33,64,,False,True,,63,87.6246207195492
43,2026-09-18T06:49:13.039+00:00,2026-09-18T06:50:08.786+00:00,2026-09-18T06:50:14.648+00:00,True,97,97.0,,97.0,55747.932382,61609.556702,61609.556708,635.1500691546391,0.0,55747.932382,5654.738239364427,87.9319274,61.05858666666666,82.31161453355354,1.5744310654462337,33,64,,False,True,,510,87.6246207195492
44,2026-09-18T06:49:13.587+00:00,2026-09-18T06:50:10.791+00:00,2026-09-18T06:50:16.168+00:00,True,89,89.0,,89.0,57203.614084,62580.354436,62580.354465000004,703.1500501685393,33.068329,57203.614084,6057.104312711394,81.85644099999999,61.09932218181818,10.992982843089617,1.422171555308447,33,64,,False,True,,181,87.6246207195492
45,2026-09-18T06:49:13.986+00:00,2026-09-18T06:50:12.278+00:00,2026-09-18T06:50:15.820+00:00,True,59,59.0,,59.0,58291.833831,61834.381543,61834.38157600001,1048.0403656949154,31.577992,58291.833831,7581.007096062445,82.9821853,61.0784088275862,11.426047752130204,0.9541617224548617,33,64,,False,True,,246,87.6246207195492
46,2026-09-18T06:49:14.537+00:00,2026-09-18T06:50:14.418+00:00,2026-09-18T06:50:19.146+00:00,True,76,76.0,,76.0,59880.563419,64608.603355,64608.603326,850.1132016578947,0.015809,59880.563419,6862.215105573851,102.14841399999999,63.040532479999996,96.87026915757586,1.176313928075624,33,64,,False,True,,256,87.6246207195492
47,2026-09-18T06:49:15.071+00:00,2026-09-18T06:50:17.191+00:00,2026-09-18T06:50:22.492+00:00,True,96,96.0,,96.0,62119.937414,67420.694918,67420.694855,702.2989047395833,0.0,62119.937414,6335.138159742177,96.04934275,55.79744741052631,97.56393913305963,1.4238951425338973,33,64,,False,True,,430,87.6246207195492
48,2026-09-18T06:49:15.551+00:00,2026-09-18T06:50:18.479+00:00,2026-09-18T06:50:21.593+00:00,True,51,51.0,,51.0,62928.403699,66042.644467,66042.64449400001,1294.9538136078431,0.0,62928.403699,8803.998362951952,82.68848750000001,62.284815359999996,132.75503528019385,0.7722283141687873,33,64,,False,True,,229,87.6246207195492
49,2026-09-18T06:49:15.948+00:00,2026-09-18T06:50:20.229+00:00,2026-09-18T06:50:20.675+00:00,True,11,11.0,,11.0,64281.045839,64727.061326999996,64727.061237,5884.278294272727,0.0,64281.045839,19368.039076406047,32175.8498195,44.601548799999996,31.03939275333323,0.16994437526567427,33,64,,False,True,,22,87.6246207195492
50,2026-09-18T06:49:16.444+00:00,2026-09-18T06:50:21.834+00:00,2026-09-18T06:50:22.712+00:00,True,15,15.0,,15.0,65389.728211,66268.256723,66268.25665,4417.883776666667,38.310519,65389.728211,16867.35622144211,19681.497488300003,62.752036571428576,11.278391462860771,0.22635271760202935,33,64,,False,True,,71,87.6246207195492
51,2026-09-18T06:49:16.837+00:00,2026-09-18T06:50:23.418+00:00,2026-09-18T06:50:29.008+00:00,True,90,90.0,,90.0,66580.53871000001,72170.045014,72170.045058,801.8893895333334,34.867546000000004,66580.53871000001,7011.59730423109,92.4736975,62.803441617977526,13.241448878113887,1.2470547854382137,33,64,,False,True,,449,87.6246207195492
52,2026-09-18T06:49:17.342+00:00,2026-09-18T06:50:25.267+00:00,2026-09-18T06:50:30.352+00:00,True,83,83.0,,83.0,67925.247136,73010.096288,73010.096195,879.6397131927712,37.181312,67925.247136,7448.969088527094,93.82768320000001,62.010355512195126,12.951857487430576,1.1368290718668994,33,64,,False,True,,301,87.6246207195492
53,2026-09-18T06:49:17.693+00:00,2026-09-18T06:50:26.482+00:00,2026-09-18T06:50:32.569+00:00,True,99,99.0,,99.0,68789.336676,74876.34339600001,74876.34337700001,756.3267007777779,0.0,68789.336676,6908.129914676012,92.79118790000001,62.11231346938776,104.60693149223223,1.3221799504339673,33,64,,False,True,,383,87.6246207195492
54,2026-09-18T06:49:18.131+00:00,2026-09-18T06:50:28.176+00:00,2026-09-18T06:50:33.516+00:00,True,88,88.0,,88.0,70044.871756,75385.45005999999,75385.450094,856.6528419772726,0.0,70044.871756,7461.115131245568,91.93127989999999,61.38595751724138,113.30433317577227,1.1673340137912551,33,64,,False,True,,328,87.6246207195492
55,2026-09-18T06:49:18.546+00:00,2026-09-18T06:50:29.706+00:00,2026-09-18T06:50:32.226+00:00,True,29,29.0,,29.0,71159.52399500001,73679.68578700001,73679.685626,2540.6788146896556,0.0,71159.52399500001,13198.559332506056,660.2971898000001,90.00577828571429,187.2658057888506,0.3935955981657666,33,64,,False,True,,112,87.6246207195492
56,2026-09-18T06:49:19.126+00:00,2026-09-18T06:50:32.231+00:00,2026-09-18T06:50:33.167+00:00,True,21,21.0,,21.0,73105.194924,74041.29246,74041.292327,3525.775825095238,0.0,73105.194924,15942.671520688982,96.155023,46.804876799999995,28.250831244154814,0.2836255189811148,33,64,,False,True,,85,87.6246207195492
57,2026-09-18T06:49:19.468+00:00,2026-09-18T06:50:33.228+00:00,2026-09-18T06:50:37.665+00:00,True,74,74.0,,74.0,73759.98436,78196.492264,78196.492215,1056.7093542567568,0.017079999999999998,73759.98436,8568.15791732567,90.50632829999999,60.77408087671233,117.8006838278696,0.9463340088218768,33,64,,False,True,,389,87.6246207195492
58,2026-09-18T06:49:19.961+00:00,2026-09-18T06:50:35.000+00:00,2026-09-18T06:50:40.768+00:00,True,94,94.0,,94.0,75038.901348,80806.229348,80806.22953,859.6407396808511,35.451364,75038.901348,7733.284998348535,94.40101510000001,62.01427956989247,12.231100429641344,1.163276652783534,33,64,,False,True,,409,87.6246207195492
59,2026-09-18T06:49:20.414+00:00,2026-09-18T06:50:36.826+00:00,2026-09-18T06:50:38.886+00:00,True,34,34.0,,34.0,76411.90239,78472.000694,78472.00058,2308.0000170588237,38.600899,76411.90239,13093.831068047783,90.08890374999999,62.427221333333335,10.522135505723668,0.43327555942637835,33,64,,False,True,,146,87.6246207195492
60,2026-09-18T06:49:20.753+00:00,2026-09-18T06:50:38.383+00:00,2026-09-18T06:50:43.372+00:00,True,79,79.0,,79.0,77629.579878,82618.348134,82618.34807200001,1045.801874329114,33.251979,77629.579878,8726.824420209929,96.08548119999999,63.958567384615385,13.438040772951059,0.9562040610140093,33,64,,False,True,,351,87.6246207195492
61,2026-09-18T06:49:21.129+00:00,2026-09-18T06:50:39.494+00:00,2026-09-18T06:50:40.918+00:00,True,23,23.0,,23.0,78364.637707,79789.061131,79789.061031,3469.0896100434784,38.846858,78364.637707,16326.662847805896,102.38677390000001,64.74651927272727,15.380338454469417,0.28826006565283346,33,64,,False,True,,77,87.6246207195492
62,2026-09-18T06:49:21.588+00:00,2026-09-18T06:50:40.854+00:00,2026-09-18T06:50:45.763+00:00,True,64,64.0,,64.0,79265.261494,84174.81695000001,84174.81700800001,1315.2315157500002,0.0,79265.261494,9899.448812594248,101.39994920000001,77.92945168253969,144.10800683790973,0.7603224137453856,33,64,,False,True,,311,87.6246207195492
63,2026-09-18T06:49:22.014+00:00,2026-09-18T06:50:43.049+00:00,2026-09-18T06:50:48.698+00:00,True,92,92.0,,92.0,81035.122612,86683.422388,86683.422369,942.2111127065218,0.0,81035.122612,8442.91242027074,95.86032999999999,62.069228307692306,123.12973628128518,1.061333268409762,33,64,,False,True,,443,87.6246207195492
64,2026-09-18T06:49:22.560+00:00,2026-09-18T06:50:45.753+00:00,2026-09-18T06:50:50.919+00:00,True,100,100.0,,100.0,83192.551053,88358.74522900001,88358.745262,883.58745262,0.0,83192.551053,8314.069268376465,71.72907310000001,52.18377955555555,23.37985254725692,1.1317498878105305,33,64,,False,True,,315,87.6246207195492
65,2026-09-18T06:49:23.070+00:00,2026-09-18T06:50:47.041+00:00,2026-09-18T06:50:48.636+00:00,True,28,28.0,,28.0,83971.680125,85565.919357,85565.919455,3055.9256948214284,36.825061999999996,83971.680125,15858.001619656556,84.8421391,59.04589748148148,11.946220552534063,0.3272330877808697,33,64,,False,True,,87,87.6246207195492
66,2026-09-18T06:49:23.555+00:00,2026-09-18T06:50:48.632+00:00,2026-09-18T06:50:53.390+00:00,True,78,78.0,,78.0,85077.16541300001,89834.64534900001,89834.64533900001,1151.7262222948718,37.244531,85077.16541300001,9626.100158015213,72.8324807,61.785453714285715,8.755711059500053,0.8682619015968348,33,64,,False,True,,383,87.6246207195492
67,2026-09-18T06:49:24.037+00:00,2026-09-18T06:50:50.273+00:00,2026-09-18T06:50:52.608+00:00,True,40,40.0,,40.0,86235.969132,88571.385196,88571.38532,2214.2846329999998,36.620203000000004,86235.969132,13625.63881609459,70.96107385,59.882463179487175,9.357727910431482,0.45161312439095114,33,64,,False,True,,180,87.6246207195492
68,2026-09-18T06:49:24.364+00:00,2026-09-18T06:50:51.708+00:00,2026-09-18T06:50:56.750+00:00,True,81,81.0,,81.0,87344.289243,92385.73871500001,92385.73868400001,1140.5646751111112,38.092439,87344.289243,9697.92478742079,91.93755000000002,63.0181184,10.648942659905837,0.8767586981133118,33,64,,False,True,,402,87.6246207195492
69,2026-09-18T06:49:24.803+00:00,2026-09-18T06:50:53.258+00:00,2026-09-18T06:50:54.163+00:00,True,15,15.0,,15.0,88454.901331,89360.51822700001,89360.518286,5957.367885733333,58.207673,88454.901331,22822.256535711826,26599.866005699998,64.68692114285714,8.029654901590717,0.16785936672721527,33,64,,False,True,,61,87.6246207195492
70,2026-09-18T06:49:25.159+00:00,2026-09-18T06:50:54.519+00:00,2026-09-18T06:50:54.633+00:00,True,3,3.0,,3.0,89359.64903,89473.983494,89473.983428,29824.661142666668,56.488335,89359.64903,51558.811928898744,80429.4687333,57.167232,0.959945538721859,0.03352929961144712,33,64,,False,True,,11,87.6246207195492
71,2026-09-18T06:49:25.519+00:00,2026-09-18T06:50:55.864+00:00,2026-09-18T06:50:57.105+00:00,True,21,21.0,,21.0,90345.539008,91586.00416000001,91586.00410300001,4361.238290619048,43.07206,90345.539008,19701.479141535485,70.086671,62.0232576,5.798978147058074,0.22929267624028196,33,64,,False,True,,94,87.6246207195492
72,2026-09-18T06:49:26.077+00:00,2026-09-18T06:50:57.880+00:00,2026-09-18T06:51:03.665+00:00,True,94,94.0,,94.0,91803.59727500001,97587.806171,97587.80608000001,1038.1681497872341,38.339659,91803.59727500001,9462.4068433208,72.44363489999999,62.195794580645156,8.501877167560353,0.9632350975826509,33,64,,False,True,,399,87.6246207195492
73,2026-09-18T06:49:26.607+00:00,2026-09-18T06:50:59.853+00:00,2026-09-18T06:51:04.662+00:00,True,78,78.0,,78.0,93246.29857799999,98055.15310599998,98055.15288899999,1257.117344730769,42.231061000000004,93246.29857799999,10550.995255487493,72.72741124999999,62.45265620779221,7.142438778662175,0.7954706869477847,33,64,,True,True,,223,87.6246207195492
74,2026-09-18T06:49:27.090+00:00,2026-09-18T06:51:01.649+00:00,2026-09-18T06:51:06.223+00:00,True,75,75.0,,75.0,94558.11070399999,99132.47025599999,99132.47016799999,1321.7662689066665,35.603204,94558.11070399999,10911.494254552286,69.61422999999999,61.81566962162162,6.617105995939516,0.7565634126368461,33,64,,True,True,,365,87.6246207195492
75,2026-09-18T06:49:27.458+00:00,2026-09-18T06:51:03.203+00:00,2026-09-18T06:51:06.861+00:00,True,59,59.0,,59.0,95745.33376899999,99403.72557699999,99403.72550799999,1684.808906915254,34.806025999999996,95745.33376899999,12456.773224211114,93.1738999,63.0757208275862,10.37806717781272,0.5935391219748348,33,64,,True,True,,216,87.6246207195492
76,2026-09-18T06:49:27.801+00:00,2026-09-18T06:51:04.476+00:00,2026-09-18T06:51:04.595+00:00,True,3,3.0,,3.0,96674.29040299999,96794.179811,96794.179851,32264.726616999997,56.827965,96674.29040299999,55780.318572425596,87013.167511,59.944704,4.407820831204463,0.030993599055829497,33,64,,True,True,,20,87.6246207195492
77,2026-09-18T06:49:28.163+00:00,2026-09-18T06:51:05.913+00:00,2026-09-18T06:51:06.968+00:00,True,17,17.0,,17.0,97749.389956,98804.73306,98804.732963,5812.043115470588,40.808594,97749.389956,23691.716247962442,19624.471053600002,65.958944,14.656744557236475,0.17205653487952452,33,64,,True,True,,67,87.6246207195492
78,2026-09-18T06:49:28.752+00:00,2026-09-18T06:51:08.212+00:00,2026-09-18T06:51:12.408+00:00,True,67,67.0,,67.0,99459.637475,103655.516899,103655.5169,1547.0972671641791,39.386167,99459.637475,12143.167308024314,95.2810847,63.57393066666666,11.596819967750966,0.6463717706919889,33,64,,True,True,,320,87.6246207195492
79,2026-09-18T06:49:29.223+00:00,2026-09-18T06:51:09.923+00:00,2026-09-18T06:51:11.569+00:00,True,27,27.0,,27.0,100699.698384,102345.99624000001,102345.996207,3790.592452111111,40.199115,100699.698384,19367.482100530324,85.33153990000001,63.3191483076923,8.717131701774967,0.26381100377083005,33,64,,True,True,,84,87.6246207195492
80,2026-09-18T06:49:29.659+00:00,2026-09-18T06:51:11.891+00:00,2026-09-18T06:51:12.573+00:00,True,12,12.0,,12.0,102231.735631,102913.630799,102913.630949,8576.135912416667,37.240981,102231.735631,29493.86827331918,46055.83134925,61.99046981818182,14.724449628842104,0.1166026298638431,33,64,,True,True,,52,87.6246207195492
81,2026-09-18T06:49:30.110+00:00,2026-09-18T06:51:13.581+00:00,2026-09-18T06:51:14.144+00:00,True,10,10.0,,10.0,103471.50908,104034.471256,104034.471359,10403.4471359,56.548036,103471.50908,32700.7839057023,56940.502273399994,62.551352888888886,4.0336891542952475,0.09612198610009534,33,64,,True,True,,54,87.6246207195492
82,2026-09-18T06:49:30.483+00:00,2026-09-18T06:51:14.641+00:00,2026-09-18T06:51:19.144+00:00,True,70,70.0,,70.0,104158.65494200001,108661.047518,108661.047619,1552.3006802714287,35.113205,104158.65494200001,12441.546686098776,94.72175039999998,65.25206631884058,11.644494354428991,0.6442050909586925,33,64,,True,True,,362,87.6246207195492
83,2026-09-18T06:49:31.000+00:00,2026-09-18T06:51:16.731+00:00,2026-09-18T06:51:17.771+00:00,True,16,16.0,,16.0,105730.662336,106770.61779199999,106770.617852,6673.16361575,55.577867,105730.662336,26415.335650329922,26501.486138999997,69.33036373333333,12.26663845626954,0.14985396105106016,33,64,,True,True,,77,87.6246207195492
84,2026-09-18T06:49:31.419+00:00,2026-09-18T06:51:18.419+00:00,2026-09-18T06:51:23.446+00:00,True,81,81.0,,81.0,107000.09306,112027.52550799999,112027.525377,1383.0558688518518,37.057951,107000.09306,11881.922036027465,92.16501899999999,62.8429056,11.348752409540557,0.7230365897371867,33,64,,True,True,,356,87.6246207195492
85,2026-09-18T06:49:31.844+00:00,2026-09-18T06:51:19.734+00:00,2026-09-18T06:51:24.809+00:00,True,82,82.0,,82.0,107889.638907,112964.294907,112964.294937,1377.613352890244,34.556076000000004,107889.638907,11907.504413016484,92.14578115,62.65007407407408,11.499511249514825,0.7258930803534697,33,64,,True,True,,362,87.6246207195492
86,2026-09-18T06:49:32.170+00:00,2026-09-18T06:51:21.203+00:00,2026-09-18T06:51:27.040+00:00,True,94,94.0,,94.0,109033.34475300001,114870.17240100002,114870.17252300002,1222.0231119468087,36.476853000000006,109033.34475300001,11239.462470664712,89.87312215,62.76158761290322,10.660578933384159,0.8183151294650766,33,64,,True,True,,499,87.6246207195492
87,2026-09-18T06:49:32.771+00:00,2026-09-18T06:51:23.665+00:00,2026-09-18T06:51:28.224+00:00,True,73,73.0,,73.0,110893.97106499999,115453.50668099998,115453.50655699999,1581.5548843424656,38.832428,110893.97106499999,12971.749767067877,89.7947038,63.326883555555554,10.293480860107335,0.6322891534312618,33,64,,True,True,,314,87.6246207195492
88,2026-09-18T06:49:33.252+00:00,2026-09-18T06:51:25.526+00:00,2026-09-18T06:51:26.562+00:00,True,18,18.0,,18.0,112274.20074500001,113309.87588100001,113309.875868,6294.993103777779,42.888271,112274.20074500001,26448.924094172064,16901.56641055,60.92206682352941,6.105071961894596,0.15885640911745338,33,64,,True,True,,95,87.6246207195492
89,2026-09-18T06:49:33.804+00:00,2026-09-18T06:51:27.877+00:00,2026-09-18T06:51:30.404+00:00,True,42,42.0,,42.0,114072.97370999999,116600.75534199999,116600.755142,2776.2084557619046,38.069019,114072.97370999999,17592.332943454763,92.55942015000001,61.65321053658537,12.389132090573504,0.3602034984834396,33,64,,True,True,,123,87.6246207195492
90,2026-09-18T06:49:34.212+00:00,2026-09-18T06:51:29.363+00:00,2026-09-18T06:51:32.910+00:00,True,58,58.0,,58.0,115151.28255799999,118698.46514999999,118698.465153,2046.5252612586205,36.173963,115151.28255799999,15111.938365744394,94.65333104999999,62.23127354385964,13.10235322962183,0.4886331084964329,33,64,,True,True,,247,87.6246207195492
91,2026-09-18T06:49:34.617+00:00,2026-09-18T06:51:31.282+00:00,2026-09-18T06:51:36.885+00:00,True,89,89.0,,89.0,116665.495919,122268.49367899999,122268.49368,1373.8032997752807,35.261115,116665.495919,12359.775948511522,95.28871959999998,63.670429090909096,13.385760903260497,0.7279062440538272,33,64,,True,True,,192,87.6246207195492
92,2026-09-18T06:49:35.148+00:00,2026-09-18T06:51:31.667+00:00,2026-09-18T06:51:34.209+00:00,True,40,40.0,,40.0,116518.467752,119060.46967199999,119060.469598,2976.51173995,38.979988,116518.467752,18412.886880774757,96.0023199,65.1795364102564,14.141986405730398,0.33596373431245574,33,64,,True,True,,155,87.6246207195492
93,2026-09-18T06:49:35.482+00:00,2026-09-18T06:51:34.807+00:00,2026-09-18T06:51:38.600+00:00,True,62,62.0,,62.0,119325.81327500001,123118.17653900001,123118.176456,1985.7770396129033,38.983737999999995,119325.81327500001,15146.50176511718,92.3233835,62.16988957377049,10.971466302535847,0.5035812074455175,33,64,,True,True,,275,87.6246207195492
94,2026-09-18T06:49:35.921+00:00,2026-09-18T06:51:36.757+00:00,2026-09-18T06:51:40.249+00:00,True,57,57.0,,57.0,120835.79643799999,124327.00463,124327.00461699998,2181.175519596491,35.215154999999996,120835.79643799999,15996.838424785234,92.0334612,62.34300342857143,11.022844200566746,0.45846837675880076,33,64,,True,True,,285,87.6246207195492
95,2026-09-18T06:49:36.356+00:00,2026-09-18T06:51:38.478+00:00,2026-09-18T06:51:43.698+00:00,True,86,86.0,,86.0,122122.280785,127341.973841,127341.97385499999,1480.7206262209302,34.071647,122122.280785,13162.16576686442,69.769136,61.4081536,9.476615652403849,0.6753468428829299,33,64,,True,True,,308,87.6246207195492
96,2026-09-18T06:49:36.829+00:00,2026-09-18T06:51:40.623+00:00,2026-09-18T06:51:43.382+00:00,True,46,46.0,,46.0,123793.338099,126553.094643,126553.094801,2751.1542348043477,39.792196000000004,123793.338099,18243.292188597206,86.5874425,61.3279232,9.792593689901015,0.36348380203395037,33,64,,True,True,,166,87.6246207195492
97,2026-09-18T06:49:37.381+00:00,2026-09-18T06:51:42.822+00:00,2026-09-18T06:51:48.023+00:00,True,87,87.0,,87.0,125440.725438,130641.25638199999,130641.25650799999,1501.6236380229884,34.774485,125440.725438,13442.177337908752,68.46193600000001,60.471290046511626,9.22517069019517,0.6659458306617069,33,64,,True,True,,302,87.6246207195492
98,2026-09-18T06:49:37.807+00:00,2026-09-18T06:51:44.267+00:00,2026-09-18T06:51:50.093+00:00,True,98,98.0,,98.0,126460.550418,132285.846802,132285.846624,1349.8555777959184,36.376892,126460.550418,12768.38151588593,69.126034,60.054601896907215,9.18219027312952,0.7408199922300257,33,64,,True,True,,453,87.6246207195492
99,2026-09-18T06:49:38.384+00:00,2026-09-18T06:51:46.224+00:00,2026-09-18T06:51:50.428+00:00,True,71,71.0,,71.0,127839.62038,132043.80265199998,132043.80272399998,1859.7718693521126,38.47208800000001,127839.62038,15164.64664637251,71.334882,60.05974674285714,9.217536181796982,0.537700358320638,33,64,,True,True,,328,87.6246207195492
100,2026-09-18T06:49:38.982+00:00,2026-09-18T06:51:48.282+00:00,2026-09-18T06:51:53.320+00:00,True,82,82.0,,82.0,129299.611208,134337.998664,134337.998486,1638.2682742195123,36.110673000000006,129299.611208,14271.887438269941,79.38842249999999,62.20231427160494,9.538162580639039,0.6104006373140529,33,64,,True,True,,454,87.6246207195492
101,2026-09-18T06:49:39.390+00:00,2026-09-18T06:51:49.693+00:00,2026-09-18T06:51:55.783+00:00,True,99,99.0,,99.0,130302.95895,136393.352806,136393.352798,1377.7106343232324,37.032471,130302.95895,13089.698679261253,91.2323055,62.14687608163265,10.978356130652676,0.7258418241306328,33,64,,True,True,,412,87.6246207195492
102,2026-09-18T06:49:39.877+00:00,2026-09-18T06:51:51.549+00:00,2026-09-18T06:51:51.609+00:00,True,2,2.0,,2.0,131671.691149,131731.60154899998,131731.60151799998,65865.80075899999,59.910368999999996,131671.691149,93063.58267357532,125091.10210999999,59.9104,nan,0.015182385824528698,33,64,,True,True,,3,87.6246207195492
103,2026-09-18T06:49:40.370+00:00,2026-09-18T06:51:53.316+00:00,2026-09-18T06:51:55.302+00:00,True,33,33.0,,33.0,132946.374703,134931.716143,134931.71609200002,4088.8398815757578,38.316589,132946.374703,23132.19606822035,92.6782166,62.04192,11.776135388932794,0.24456814856654427,33,64,,True,True,,129,87.6246207195492
104,2026-09-18T06:49:40.797+00:00,2026-09-18T06:51:55.235+00:00,2026-09-18T06:51:59.974+00:00,True,80,80.0,,80.0,134438.87589300002,139177.889781,139177.88974900002,1739.7236218625003,34.873225,134438.87589300002,15024.018941486842,68.19378525,59.98751756962025,8.694659309491533,0.5748039442607016,33,64,,True,True,,328,87.6246207195492
105,2026-09-18T06:49:41.138+00:00,2026-09-18T06:51:56.265+00:00,2026-09-18T06:51:59.290+00:00,True,52,52.0,,52.0,135126.357165,138151.851693,138151.851696,2656.766378769231,38.252169,135126.357165,18730.42981905988,69.31681309999999,59.32342211764706,9.351927993596336,0.3763974160516792,33,64,,True,True,,203,87.6246207195492
106,2026-09-18T06:49:41.635+00:00,2026-09-18T06:51:58.430+00:00,2026-09-18T06:52:00.841+00:00,True,40,40.0,,40.0,136795.420204,139205.967916,139205.967921,3480.149198025,41.802201999999994,136795.420204,21619.48374857337,70.56744880000001,61.80891569230769,8.240072901075541,0.2873440025512189,33,64,,True,True,,177,87.6246207195492
107,2026-09-18T06:49:41.966+00:00,2026-09-18T06:51:59.789+00:00,2026-09-18T06:52:00.480+00:00,True,12,12.0,,12.0,137822.571023,138514.154511,138514.154724,11542.846227,39.176676,137822.571023,39767.80189537632,62072.6479335,62.87122618181818,13.295179497500571,0.08663374542741789,33,64,,True,True,,65,87.6246207195492
108,2026-09-18T06:49:42.437+00:00,2026-09-18T06:52:01.229+00:00,2026-09-18T06:52:05.593+00:00,True,71,71.0,,71.0,138792.353866,143155.60890599998,143155.608894,2016.2761816056336,36.581122,138792.353866,16464.228482603874,92.00094349999999,62.33221485714286,11.51455617204182,0.49596380150651737,33,64,,True,True,,252,87.6246207195492
109,2026-09-18T06:49:42.775+00:00,2026-09-18T06:52:02.720+00:00,2026-09-18T06:52:04.014+00:00,True,22,22.0,,22.0,139945.589631,141238.732159,141238.73208100002,6419.942367318182,46.700453,139945.589631,29823.37193023308,70.14100225,61.57821561904762,5.533942385576186,0.15576463809681768,33,64,,True,True,,87,87.6246207195492
110,2026-09-18T06:49:43.293+00:00,2026-09-18T06:52:04.540+00:00,2026-09-18T06:52:06.336+00:00,True,30,30.0,,30.0,141247.087346,143043.68024199997,143043.680367,4768.122678899999,35.958383000000005,141247.087346,25776.76382495637,92.71846405000001,61.9514791724138,11.766233902873347,0.20972614763019434,33,64,,True,True,,169,87.6246207195492
111,2026-09-18T06:49:43.756+00:00,2026-09-18T06:52:06.597+00:00,2026-09-18T06:52:08.001+00:00,True,23,23.0,,23.0,142841.158386,144244.809714,144244.80982,6271.513470434782,39.239267,142841.158386,29771.13989611965,94.675833,63.802333090909094,14.037781290087619,0.15945114452022935,33,64,,True,True,,98,87.6246207195492
112,2026-09-18T06:49:44.127+00:00,2026-09-18T06:52:07.815+00:00,2026-09-18T06:52:13.196+00:00,True,88,88.0,,88.0,143688.03833,149068.719034,149068.719033,1693.9627162840911,34.493646,143688.03833,15310.605848694875,74.74048404999999,61.84690464367816,8.620648684673585,0.5903317649085635,33,64,,True,True,,341,87.6246207195492
113,2026-09-18T06:49:44.519+00:00,2026-09-18T06:52:09.377+00:00,2026-09-18T06:52:09.606+00:00,True,5,5.0,,5.0,144858.088333,145086.331789,145086.331938,29017.266387599997,38.854578000000004,144858.088333,64756.98896388848,115899.1717308,57.060864,12.144115118505754,0.034462240090758746,33,64,,True,True,,13,87.6246207195492
114,2026-09-18T06:49:44.960+00:00,2026-09-18T06:52:11.024+00:00,2026-09-18T06:52:11.412+00:00,True,7,7.0,,7.0,146063.702238,146452.563934,146452.563853,20921.794836142857,60.451677000000004,146063.702238,55182.39435487945,102265.3155579,64.81028266666667,3.4896563031520835,0.04779704644265979,33,64,,True,True,,16,87.6246207195492
115,2026-09-18T06:49:45.303+00:00,2026-09-18T06:52:12.691+00:00,2026-09-18T06:52:13.200+00:00,True,8,8.0,,8.0,147388.599412,147897.220468,147897.220494,18487.15256175,60.431987,147388.599412,52084.05116336,95834.01305635,72.66015085714285,12.811009376705483,0.0540916183190267,33,64,,True,True,,32,87.6246207195492
116,2026-09-18T06:49:45.812+00:00,2026-09-18T06:52:14.452+00:00,2026-09-18T06:52:17.653+00:00,True,52,52.0,,52.0,148640.24277900002,151841.56911500002,151841.56924300003,2920.0301777500003,35.332184999999996,148640.24277900002,20603.99206495149,94.6406497,62.77110462745098,12.790564156697673,0.34246221441914126,33,64,,True,True,,261,87.6246207195492
117,2026-09-18T06:49:46.360+00:00,2026-09-18T06:52:16.715+00:00,2026-09-18T06:52:18.676+00:00,True,30,30.0,,30.0,150355.21893399997,152315.41554199997,152315.41551999998,5077.180517333332,38.645868,150355.21893399997,27438.645641852803,104.3432769,67.59298648275863,16.3325301882373,0.19695970951625508,33,64,,True,True,,133,87.6246207195492
118,2026-09-18T06:49:46.733+00:00,2026-09-18T06:52:18.170+00:00,2026-09-18T06:52:23.865+00:00,True,90,90.0,,90.0,151437.26541,157132.171778,157132.171755,1745.9130195,35.974883,151437.26541,15956.149161126259,93.3586945,63.987712,12.2910736548589,0.5727662195565788,33,64,,True,True,,362,87.6246207195492
119,2026-09-18T06:49:47.225+00:00,2026-09-18T06:52:20.033+00:00,2026-09-18T06:52:25.257+00:00,True,83,83.0,,83.0,152807.709685,158031.756533,158031.756468,1903.9970658795182,38.433589,152807.709685,16765.83571626676,90.85685409999998,63.7078883902439,10.729076235210535,0.5252108931831561,33,64,,True,True,,302,87.6246207195492
120,2026-09-18T06:49:47.713+00:00,2026-09-18T06:52:21.649+00:00,2026-09-18T06:52:24.117+00:00,True,40,40.0,,40.0,153936.500812,156404.146764,156404.146832,3910.1036708,39.914235,153936.500812,24329.495799164502,92.79706635000001,63.27297312820513,10.611501934457978,0.255747694850805,33,64,,True,True,,193,87.6246207195492
121,2026-09-18T06:49:48.152+00:00,2026-09-18T06:52:23.419+00:00,2026-09-18T06:52:29.168+00:00,True,92,92.0,,92.0,155267.37290400002,161016.657,161016.65696700002,1750.1810539891305,39.378726,155267.37290400002,16181.159379911698,92.50595320000001,63.17894610989011,10.85158019539573,0.5713694577574046,33,64,,True,True,,376,87.6246207195492
122,2026-09-18T06:49:48.764+00:00,2026-09-18T06:52:23.928+00:00,2026-09-18T06:52:29.794+00:00,True,94,94.0,,94.0,155164.477403,161030.176219,161030.176389,1713.0869828617022,35.548404000000005,155164.477403,15997.491611808722,80.03797,63.072030279569894,10.060482373645709,0.5837415210436124,33,64,,True,True,,508,87.6246207195492
123,2026-09-18T06:49:49.149+00:00,2026-09-18T06:52:26.849+00:00,2026-09-18T06:52:28.626+00:00,True,29,29.0,,29.0,157699.68756999998,159476.56795399997,159476.56782799997,5499.191994068965,39.297917999999996,157699.68756999998,29272.315385542526,100.260949,63.460013714285715,13.037537187951363,0.18184489653906316,33,64,,True,True,,144,87.6246207195492
124,2026-09-18T06:49:49.613+00:00,2026-09-18T06:52:28.938+00:00,2026-09-18T06:52:31.229+00:00,True,39,39.0,,39.0,159324.66783199998,161616.32146399998,161616.32144099998,4144.008242076922,35.110504999999996,159324.66783199998,25502.709173651023,67.8378017,60.30667452631579,7.432156736820381,0.2413122613280568,33,64,,True,True,,159,87.6246207195492
125,2026-09-18T06:49:49.938+00:00,2026-09-18T06:52:29.965+00:00,2026-09-18T06:52:30.339+00:00,True,7,7.0,,7.0,160027.118016,160401.256896,160401.25711799998,22914.46530257143,58.027152,160027.118016,60460.996864850305,112039.08171869999,62.35648,3.508684022612239,0.0436405557877805,33,64,,True,True,,28,87.6246207195492
126,2026-09-18T06:49:50.501+00:00,2026-09-18T06:52:32.441+00:00,2026-09-18T06:52:32.760+00:00,True,6,6.0,,6.0,161940.441329,162259.426801,162259.42691399998,27043.237818999998,40.165805,161940.441329,66085.86578986292,121479.34992449998,63.7970944,20.421852363329943,0.03697782075465228,33,64,,True,True,,31,87.6246207195492
127,2026-09-18T06:49:51.054+00:00,2026-09-18T06:52:34.722+00:00,2026-09-18T06:52:35.388+00:00,True,12,12.0,,12.0,163667.743358,164333.739646,164333.739487,13694.478290583334,36.217794000000005,163667.743358,47229.3323660083,73700.07392020001,60.545117090909095,15.755077129903448,0.07302213182667074,33,64,,True,True,,70,87.6246207195492
128,2026-09-18T06:49:51.409+00:00,2026-09-18T06:52:36.261+00:00,2026-09-18T06:52:39.726+00:00,True,55,55.0,,55.0,164851.200456,168316.24263199998,168316.242668,3060.2953212363636,37.167790000000004,164851.200456,22219.883278809564,99.89218000000001,64.1674477037037,13.922349785135106,0.3267658494507261,33,64,,True,True,,196,87.6246207195492
129,2026-09-18T06:49:51.905+00:00,2026-09-18T06:52:38.027+00:00,2026-09-18T06:52:38.884+00:00,True,14,14.0,,14.0,166122.030228,166979.02914,166979.02911099998,11927.073507928571,59.240099,166122.030228,44380.362343964785,58203.802048549995,65.92299323076924,9.285502677755309,0.08384286381412602,33,64,,True,True,,85,87.6246207195492
130,2026-09-18T06:49:52.349+00:00,2026-09-18T06:52:39.597+00:00,2026-09-18T06:52:45.718+00:00,True,99,99.0,,99.0,167248.218521,173368.948377,173368.94848300001,1751.2014998282827,34.690035,167248.218521,16802.804953327955,91.42174359999999,62.45642710204082,11.125608801491909,0.5710365144784708,33,64,,True,True,,463,87.6246207195492
131,2026-09-18T06:49:52.790+00:00,2026-09-18T06:52:41.611+00:00,2026-09-18T06:52:44.752+00:00,True,51,51.0,,51.0,168820.83199200002,171961.49580000003,171961.495808,3371.794035450981,36.193782,168820.83199200002,23630.851362603575,89.88199799999998,62.813276159999994,10.063199133970151,0.29657802034541264,33,64,,True,True,,212,87.6246207195492
132,2026-09-18T06:49:53.357+00:00,2026-09-18T06:52:43.758+00:00,2026-09-18T06:52:45.473+00:00,True,29,29.0,,29.0,170401.718795,172116.828939,172116.828938,5935.063066827586,37.985779,170401.718795,31631.43255434911,94.12157739999999,61.253933714285715,12.354964360110566,0.16849020620916683,33,64,,True,True,,116,87.6246207195492
133,2026-09-18T06:49:53.913+00:00,2026-09-18T06:52:45.662+00:00,2026-09-18T06:52:47.320+00:00,True,27,27.0,,27.0,171749.35772099998,173407.72469699997,173407.724661,6422.508320777777,35.410523999999995,171749.35772099998,33040.90729767811,96.24518739999999,63.783345230769235,14.604321213865557,0.15570240626349163,33,64,,True,True,,142,87.6246207195492
134,2026-09-18T06:49:54.262+00:00,2026-09-18T06:52:47.200+00:00,2026-09-18T06:52:51.988+00:00,True,76,76.0,,76.0,172938.401779,177726.63960300002,177726.63940000001,2338.5084131578947,36.021733,172938.401779,19830.076308491538,94.45699625000002,63.843170986666664,13.363619966669107,0.4276230067128165,33,64,,True,True,,444,87.6246207195492
135,2026-09-18T06:49:54.819+00:00,2026-09-18T06:52:49.184+00:00,2026-09-18T06:52:51.448+00:00,True,38,38.0,,38.0,174364.929377,176628.823137,176628.822948,4648.12691968421,37.23027,174364.929377,28275.8029738017,83.71385525,61.18631783783784,10.956806575773054,0.21514042456437452,33,64,,True,True,,228,87.6246207195492
136,2026-09-18T06:49:55.247+00:00,2026-09-18T06:52:50.870+00:00,2026-09-18T06:52:56.822+00:00,True,91,91.0,,91.0,175622.647037,181574.55615699998,181574.55602,1995.3247914285712,39.730426,175622.647037,18403.327763667927,94.65514800000001,66.13232355555556,12.981078822130014,0.501171540363376,33,64,,True,True,,556,87.6246207195492
137,2026-09-18T06:49:55.654+00:00,2026-09-18T06:52:52.491+00:00,2026-09-18T06:52:58.333+00:00,True,91,91.0,,91.0,176836.76830000003,182678.41617200003,182678.41609800002,2007.4551219560442,35.154724,176836.76830000003,18530.730755157674,96.68861400000002,64.90719857777778,13.129901922644695,0.4981431408641039,33,64,,True,True,,524,87.6246207195492
138,2026-09-18T06:49:56.143+00:00,2026-09-18T06:52:54.183+00:00,2026-09-18T06:53:00.278+00:00,True,96,96.0,,96.0,178039.860082,184134.465906,184134.465767,1918.0673517395833,35.216744,178039.860082,18164.574252583938,96.24440025,64.15374551578947,13.25934416869676,0.5213581255831141,33,64,,True,True,,382,87.6246207195492
139,2026-09-18T06:49:56.622+00:00,2026-09-18T06:52:56.247+00:00,2026-09-18T06:52:57.173+00:00,True,16,16.0,,16.0,179624.68152,180550.76331200002,180550.76333100002,11284.422708187501,38.130339,179624.68152,44890.737719768986,44980.962678,61.738786133333335,13.996907893447721,0.08861773667692152,33,64,,True,True,,94,87.6246207195492
140,2026-09-18T06:49:57.022+00:00,2026-09-18T06:52:57.601+00:00,2026-09-18T06:53:02.993+00:00,True,87,87.0,,87.0,180578.95368799998,185970.23151199997,185970.23150799997,2137.588867908046,37.003111,180578.95368799998,19353.377860437122,92.4241979,62.68927702325582,10.617761112177064,0.46781680752161786,33,64,,True,True,,535,87.6246207195492
141,2026-09-18T06:49:57.363+00:00,2026-09-18T06:52:58.978+00:00,2026-09-18T06:52:59.385+00:00,True,7,7.0,,7.0,181614.93479600002,182022.07438,182022.074385,26003.15348357143,52.071172,181614.93479600002,68618.3473794281,127160.1478277,67.85659733333333,16.444295722614704,0.038456874111798045,33,64,,True,True,,43,87.6246207195492
142,2026-09-18T06:49:57.755+00:00,2026-09-18T06:53:00.342+00:00,2026-09-18T06:53:01.406+00:00,True,18,18.0,,18.0,182587.065251,183651.245475,183651.245413,10202.846967388889,54.695998,182587.065251,43021.429432178666,27446.628978999997,62.598836705882356,3.3119844343777447,0.09801185912703378,33,64,,True,True,,99,87.6246207195492
143,2026-09-18T06:49:58.184+00:00,2026-09-18T06:53:02.162+00:00,2026-09-18T06:53:06.097+00:00,True,66,66.0,,66.0,183977.882752,187912.480896,187912.480822,2847.1588003333336,35.904343,183977.882752,22638.662233427603,71.1601715,60.53227913846154,7.869163274574003,0.3512273356474264,33,64,,True,True,,283,87.6246207195492
144,2026-09-18T06:49:58.669+00:00,2026-09-18T06:53:04.170+00:00,2026-09-18T06:53:09.191+00:00,True,85,85.0,,85.0,185501.609685,190522.373845,190522.373926,2241.439693247059,35.595293,185501.609685,20113.994361585334,71.7126306,59.7710019047619,10.827499363978731,0.4461418272541155,33,64,,True,True,,385,87.6246207195492
145,2026-09-18T06:49:59.102+00:00,2026-09-18T06:53:05.670+00:00,2026-09-18T06:53:10.134+00:00,True,76,76.0,,76.0,186568.16455199997,191032.28999199998,191032.29003299997,2513.582763592105,34.605525,186568.16455199997,21394.01144155281,71.561469,59.52167253333333,11.121037325545187,0.3978385015600384,33,64,,True,True,,377,87.6246207195492
146,2026-09-18T06:49:59.490+00:00,2026-09-18T06:53:07.111+00:00,2026-09-18T06:53:12.297+00:00,True,88,88.0,,88.0,187620.69087700002,192806.16518100002,192806.165241,2190.9791504659092,35.795902999999996,187620.69087700002,19994.08168027334,67.905601,59.60315291954023,10.154025312562935,0.4564169403887502,33,64,,True,True,,447,87.6246207195492
147,2026-09-18T06:49:59.941+00:00,2026-09-18T06:53:09.009+00:00,2026-09-18T06:53:14.472+00:00,True,91,91.0,,91.0,189067.759263,194530.355103,194530.35533000002,2137.6962124175825,38.734987999999994,189067.759263,19813.326403114064,69.3665905,60.695509333333334,10.022476506208202,0.4677933166359424,33,64,,True,True,,356,87.6246207195492
148,2026-09-18T06:50:00.510+00:00,2026-09-18T06:53:11.273+00:00,2026-09-18T06:53:12.296+00:00,True,18,18.0,,18.0,190762.594523,191786.15343500001,191786.153413,10654.786300722222,42.87254,190762.594523,44948.98373203353,28671.82930035,60.20934776470588,6.792959605972123,0.09385453369604466,33,64,,True,True,,92,87.6246207195492
149,2026-09-18T06:50:00.942+00:00,2026-09-18T06:53:12.676+00:00,2026-09-18T06:53:13.087+00:00,True,8,8.0,,8.0,191734.16653,192144.616194,192144.616213,24018.077026625,45.233195,191734.16653,67767.53419525184,124650.12129129999,58.63566628571429,7.6030952761105945,0.041635306564732216,33,64,,True,True,,27,87.6246207195492
150,2026-09-18T06:50:01.275+00:00,2026-09-18T06:53:13.802+00:00,2026-09-18T06:53:18.335+00:00,True,71,71.0,,71.0,192527.1884,197060.39364800003,197060.39363200002,2775.498501859155,36.961871,192527.1884,22841.091797382258,94.7337225,64.76007497142858,13.296032654365048,0.36029563671137316,33,64,,True,True,,314,87.6246207195492
151,2026-09-18T06:50:01.618+00:00,2026-09-18T06:53:15.295+00:00,2026-09-18T06:53:20.813+00:00,True,89,89.0,,89.0,193677.689854,199194.909438,199194.909277,2238.14504805618,35.753653,193677.689854,20523.152004842694,92.674699,62.69567709090909,12.340777578698123,0.4467985665452034,33,64,,True,True,,338,87.6246207195492
152,2026-09-18T06:50:02.628+00:00,2026-09-18T06:53:15.823+00:00,2026-09-18T06:53:20.410+00:00,True,74,74.0,,74.0,193194.902373,197782.37398899999,197782.374062,2672.7347846216217,36.500961000000004,193194.902373,22451.149149033907,92.35966930000001,62.84207693150685,12.020808044029033,0.37414860843017106,33,64,,True,True,,334,87.6246207195492
153,2026-09-18T06:50:02.814+00:00,2026-09-18T06:53:19.860+00:00,2026-09-18T06:53:25.732+00:00,True,95,95.0,,95.0,197045.514424,202918.192824,202918.192853,2135.9809774,34.965514000000006,197045.514424,20210.03796907836,95.1496821,62.475302127659575,13.682587687250098,0.4681689634521718,33,64,,True,True,,368,87.6246207195492
154,2026-09-18T06:50:03.203+00:00,2026-09-18T06:53:21.829+00:00,2026-09-18T06:53:25.987+00:00,True,67,67.0,,67.0,198625.977843,202784.112115,202784.112055,3026.628538134328,38.916097,198625.977843,24258.331801620727,93.83677629999998,63.002034424242424,12.898561113999461,0.33040063790601076,33,64,,True,True,,347,87.6246207195492
155,2026-09-18T06:50:03.751+00:00,2026-09-18T06:53:23.925+00:00,2026-09-18T06:53:26.405+00:00,True,41,41.0,,41.0,200173.801939,202653.837267,202653.837106,4942.776514780488,34.007557,200173.801939,31252.214771490595,88.749814,62.000883200000004,11.327897425078806,0.20231543874484734,33,64,,True,True,,206,87.6246207195492
156,2026-09-18T06:50:04.187+00:00,2026-09-18T06:53:25.859+00:00,2026-09-18T06:53:31.269+00:00,True,88,88.0,,88.0,201672.134039,207082.309527,207082.309373,2353.208061056818,33.724696,201672.134039,21491.69561427428,88.42669,62.18592514942529,11.293086665477754,0.4249517991227845,33,64,,True,True,,457,87.6246207195492
157,2026-09-18T06:50:04.783+00:00,2026-09-18T06:53:28.073+00:00,2026-09-18T06:53:32.175+00:00,True,68,68.0,,68.0,203289.867963,207391.654843,207391.654871,3049.877277514706,36.557462,203289.867963,24645.095267389108,75.94994774999999,61.22069970149254,9.418358364142758,0.3278820454539383,33,64,,True,True,,270,87.6246207195492
158,2026-09-18T06:50:05.365+00:00,2026-09-18T06:53:29.847+00:00,2026-09-18T06:53:31.399+00:00,True,26,26.0,,26.0,204481.860663,206034.366775,206034.366883,7924.398726269231,36.799082000000006,204481.860663,40090.015090506466,90.91385700000001,62.10024447999999,12.028096688602417,0.12619253965719865,33,64,,True,True,,116,87.6246207195492
159,2026-09-18T06:50:05.938+00:00,2026-09-18T06:53:32.357+00:00,2026-09-18T06:53:35.246+00:00,True,47,47.0,,47.0,206418.848111,209308.385135,209308.384983,4453.369893255319,37.099959999999996,206418.848111,30100.123684130718,95.1529669,62.81602226086956,13.167474445361378,0.22454905459084157,33,64,,True,True,,203,87.6246207195492
160,2026-09-18T06:50:06.518+00:00,2026-09-18T06:53:34.882+00:00,2026-09-18T06:53:40.412+00:00,True,88,88.0,,88.0,208364.56748300002,213894.379963,213894.38002300003,2430.6179548068185,39.054536999999996,208364.56748300002,22204.964776579942,91.38881635,63.561062988505746,11.381746318515274,0.41141800927739414,33,64,,True,True,,471,87.6246207195492
161,2026-09-18T06:50:06.971+00:00,2026-09-18T06:53:36.498+00:00,2026-09-18T06:53:37.602+00:00,True,19,19.0,,19.0,209526.481803,210630.261899,210630.262001,11085.803263210526,37.462410000000006,209526.481803,48054.604415232905,21020.4773814,61.32111644444445,9.340311850662136,0.09020546159274469,33,64,,True,True,,84,87.6246207195492
162,2026-09-18T06:50:07.339+00:00,2026-09-18T06:53:38.195+00:00,2026-09-18T06:53:41.519+00:00,True,54,54.0,,54.0,210855.87128999998,214179.48857,214179.48841,3966.2868224074073,37.587759,210855.87128999998,28685.317699139963,87.86912385,62.70976,10.125519049289581,0.25212498339845113,33,64,,True,True,,262,87.6246207195492
163,2026-09-18T06:50:07.820+00:00,2026-09-18T06:53:39.980+00:00,2026-09-18T06:53:45.871+00:00,True,96,96.0,,96.0,212159.67695300002,218050.609689,218050.60956900002,2271.36051634375,37.866809,212159.67695300002,21647.130129343765,88.70243175,62.00981827368421,10.71594016944416,0.44026476301498235,33,64,,True,True,,489,87.6246207195492
164,2026-09-18T06:50:08.194+00:00,2026-09-18T06:53:41.110+00:00,2026-09-18T06:53:41.514+00:00,True,7,7.0,,7.0,212915.777702,213319.370662,213319.370657,30474.195808142857,57.420233,212915.777702,80449.1764728081,149068.06023499998,67.26549333333332,11.829359236503771,0.032814647719411054,33,64,,True,True,,43,87.6246207195492
165,2026-09-18T06:50:08.781+00:00,2026-09-18T06:53:43.496+00:00,2026-09-18T06:53:45.644+00:00,True,35,35.0,,35.0,214715.50543599998,216863.188508,216863.18843399998,6196.091098114285,37.20234,214715.50543599998,36282.86903717232,96.2491203,63.16714917647059,11.06873099850936,0.16139207507183206,33,64,,True,True,,140,87.6246207195492
166,2026-09-18T06:50:09.156+00:00,2026-09-18T06:53:44.982+00:00,2026-09-18T06:53:51.181+00:00,True,98,98.0,,98.0,215825.289394,222025.117106,222025.11709299998,2265.5624193163267,0.01796,215825.289394,21795.200227485628,92.030334,63.915749608247424,21.161479276005768,0.4413915023551705,33,64,,True,True,,510,87.6246207195492
167,2026-09-18T06:50:09.526+00:00,2026-09-18T06:53:46.067+00:00,2026-09-18T06:53:51.239+00:00,True,82,82.0,,82.0,216541.77435800002,221713.33301400003,221713.33287700004,2703.8211326463415,0.01788,216541.77435800002,23905.99871136681,94.3114746,63.84640316049383,22.828909870905555,0.36984695004707785,33,64,,True,True,,364,87.6246207195492
168,2026-09-18T06:50:09.984+00:00,2026-09-18T06:53:48.249+00:00,2026-09-18T06:53:48.953+00:00,True,10,10.0,,10.0,218265.169688,218969.74108,218969.741132,21896.974113199998,42.454422,218265.169688,68996.7696047607,120145.16592349998,78.28571022222222,53.897279692193415,0.04566841039624067,33,64,,True,True,,59,87.6246207195492
169,2026-09-18T06:50:10.405+00:00,2026-09-18T06:53:50.095+00:00,2026-09-18T06:53:52.716+00:00,True,43,43.0,,43.0,219690.654205,222311.175421,222311.17525,5170.0273313953485,37.4788,219690.654205,33492.99787250266,89.2646851,62.39336228571428,11.971979184327072,0.1934225749945728,33,64,,True,True,,224,87.6246207195492
170,2026-09-18T06:50:10.904+00:00,2026-09-18T06:53:51.673+00:00,2026-09-18T06:53:51.777+00:00,True,3,3.0,,3.0,220768.95352799998,220872.68907999998,220872.688855,73624.22961833332,42.282551,220768.95352799998,127431.0692991054,198698.2034528,51.867776,13.555270936471613,0.01358248506185118,33,64,,True,True,,7,87.6246207195492
171,2026-09-18T06:50:11.417+00:00,2026-09-18T06:53:53.681+00:00,2026-09-18T06:53:55.679+00:00,True,33,33.0,,33.0,222264.21573199998,224261.99646799997,224261.996692,6795.818081575757,36.416902,222264.21573199998,38680.36827457686,99.83493319999998,62.430648,13.783855981097137,0.14714931874205794,33,64,,True,True,,164,87.6246207195492
172,2026-09-18T06:50:11.795+00:00,2026-09-18T06:53:55.114+00:00,2026-09-18T06:53:57.625+00:00,True,41,41.0,,41.0,223319.230645,225830.892213,225830.892243,5508.070542512195,53.2974,223319.230645,34866.79813966404,68.114093,62.7915392,3.5757678340975563,0.18155177796193386,33,64,,True,True,,164,87.6246207195492
173,2026-09-18T06:50:12.208+00:00,2026-09-18T06:53:56.683+00:00,2026-09-18T06:54:00.969+00:00,True,69,69.0,,69.0,224474.809291,228760.48762700002,228760.487617,3315.369385753623,37.804229,224474.809291,27016.00569513999,85.71892520000002,63.0246814117647,9.25633068077299,0.3016255154714756,33,64,,True,True,,264,87.6246207195492
174,2026-09-18T06:50:12.792+00:00,2026-09-18T06:53:58.724+00:00,2026-09-18T06:54:03.502+00:00,True,77,77.0,,77.0,225932.274086,230709.37334999998,230709.373334,2996.2256277142856,38.353748,225932.274086,25740.211082939477,88.4961596,62.856569263157894,10.36171654829417,0.33375323629866727,33,64,,True,True,,363,87.6246207195492
175,2026-09-18T06:50:13.350+00:00,2026-09-18T06:54:01.102+00:00,2026-09-18T06:54:01.165+00:00,True,2,2.0,,2.0,227752.026585,227814.748889,227814.74891700002,113907.37445850001,62.722332,227752.026585,161000.65104094334,216367.56137235,62.722304,nan,0.00877906285591051,33,64,,True,True,,2,87.6246207195492
176,2026-09-18T06:50:13.788+00:00,2026-09-18T06:54:02.927+00:00,2026-09-18T06:54:07.803+00:00,True,79,79.0,,79.0,229138.632217,234014.614809,234014.614787,2962.2103137594936,34.651685,229138.632217,25773.07963820149,92.48108459999999,62.51259733333334,11.608187783256405,0.33758575319955497,33,64,,True,True,,406,87.6246207195492
177,2026-09-18T06:50:14.144+00:00,2026-09-18T06:54:03.987+00:00,2026-09-18T06:54:04.555+00:00,True,10,10.0,,10.0,229843.274627,230411.203459,230411.203484,23041.1203484,58.416201,229843.274627,72662.87036016685,126444.8490023,63.10320355555555,3.5444454609952425,0.04340066737153876,33,64,,True,True,,41,87.6246207195492
178,2026-09-18T06:50:14.705+00:00,2026-09-18T06:54:06.006+00:00,2026-09-18T06:54:12.319+00:00,True,99,99.0,,99.0,231300.718114,237614.171682,237614.17152399998,2400.1431467070706,36.879041,231300.718114,23240.126405571777,95.0225656,64.42299559183674,14.243020791420552,0.4166418160129443,33,64,,True,True,,490,87.6246207195492
179,2026-09-18T06:50:15.070+00:00,2026-09-18T06:54:07.532+00:00,2026-09-18T06:54:11.461+00:00,True,63,63.0,,63.0,232462.70524799998,236391.20137599998,236391.20138399999,3752.241291809524,35.297434,232462.70524799998,29279.568183301897,93.5203311,63.36284077419355,13.778691942390351,0.26650738112622574,33,64,,True,True,,262,87.6246207195492
180,2026-09-18T06:50:15.519+00:00,2026-09-18T06:54:09.117+00:00,2026-09-18T06:54:11.462+00:00,True,39,39.0,,39.0,233597.74456,235942.736304,235942.73617,6049.813747948718,35.223044,233597.74456,37395.6957812789,91.8021911,61.71030905263158,11.65730595316409,0.1652943447674122,33,64,,True,True,,181,87.6246207195492
181,2026-09-18T06:50:16.080+00:00,2026-09-18T06:54:11.524+00:00,2026-09-18T06:54:16.265+00:00,True,78,78.0,,78.0,235444.080288,240184.99984,240184.999782,3079.294869,34.97955399999999,235444.080288,26651.823163203208,78.7740908,61.57038379220779,10.757233940067207,0.3247496723440679,33,64,,True,True,,378,87.6246207195492
182,2026-09-18T06:50:17.194+00:00,2026-09-18T06:54:13.038+00:00,2026-09-18T06:54:16.367+00:00,True,56,56.0,,56.0,235843.091651,239172.135619,239172.135758,4270.930995678571,34.976514,235843.091651,31507.77172328152,72.49224199999999,60.52807214545455,9.280527762137604,0.23414098743177889,33,64,,True,True,,267,87.6246207195492
183,2026-09-18T06:50:17.311+00:00,2026-09-18T06:54:14.367+00:00,2026-09-18T06:54:17.817+00:00,True,55,55.0,,55.0,237055.846617,240506.505433,240506.505557,4372.845555581818,38.160838000000005,237055.846617,31955.989900416316,96.8687581,63.901089185185185,12.72018680633184,0.2286840428743489,33,64,,True,True,,274,87.6246207195492
184,2026-09-18T06:50:17.493+00:00,2026-09-18T06:54:17.277+00:00,2026-09-18T06:54:19.726+00:00,True,39,39.0,,39.0,239784.242975,242233.399583,242233.3997,6211.112812820513,40.729273,239784.242975,38385.88881078855,87.7212371,64.45148968421053,9.6055281266688,0.1610017448755528,33,64,,True,True,,143,87.6246207195492
185,2026-09-18T06:50:18.050+00:00,2026-09-18T06:54:19.479+00:00,2026-09-18T06:54:23.921+00:00,True,72,72.0,,72.0,241428.397411,245870.59645100002,245870.59650500002,3414.869395902778,37.925379,241428.397411,28445.237889466018,84.63175135,62.56618366197183,10.438419814354097,0.2928369680607539,33,64,,True,True,,324,87.6246207195492
186,2026-09-18T06:50:18.386+00:00,2026-09-18T06:54:20.764+00:00,2026-09-18T06:54:25.881+00:00,True,83,83.0,,83.0,242377.711915,247494.33757899998,247494.337565,2981.8594887349395,36.207232000000005,242377.711915,26597.5629730672,79.6164074,62.397873951219516,9.962814708459403,0.3353612079044292,33,64,,True,True,,326,87.6246207195492
187,2026-09-18T06:50:18.848+00:00,2026-09-18T06:54:22.902+00:00,2026-09-18T06:54:25.476+00:00,True,43,43.0,,43.0,244053.913813,246627.607253,246627.607375,5735.525752906977,41.302633,244053.913813,37208.5294104928,77.06632610000001,61.27841523809524,10.1111250566169,0.17435193277405056,33,64,,True,True,,135,87.6246207195492
188,2026-09-18T06:50:19.213+00:00,2026-09-18T06:54:24.190+00:00,2026-09-18T06:54:26.358+00:00,True,36,36.0,,36.0,244976.610257,247144.145873,247144.14580899998,6865.115161361111,39.573716,244976.610257,40819.114289573816,77.5853765,61.92958902857143,8.424952710433306,0.1456639803173785,33,64,,True,True,,120,87.6246207195492
189,2026-09-18T06:50:19.743+00:00,2026-09-18T06:54:26.316+00:00,2026-09-18T06:54:27.084+00:00,True,14,14.0,,14.0,246573.529342,247341.045502,247341.04545499998,17667.2175325,41.445023,246573.529342,65883.76910874112,86344.30953094998,59.039704615384615,8.084622391549008,0.05660200866211183,33,64,,True,True,,48,87.6246207195492
190,2026-09-18T06:50:20.319+00:00,2026-09-18T06:54:28.313+00:00,2026-09-18T06:54:34.471+00:00,True,99,99.0,,99.0,247994.54551499998,254152.63345099997,254152.63353599998,2567.198318545454,36.341052000000005,247994.54551499998,24918.076368901533,89.96773370000001,62.837632,10.444443369743375,0.3895297036892083,33,64,,True,True,,432,87.6246207195492
191,2026-09-18T06:50:20.871+00:00,2026-09-18T06:54:30.532+00:00,2026-09-18T06:54:31.589+00:00,True,18,18.0,,18.0,249661.18028,250717.97516,250717.975052,13928.776391777777,36.557262,249661.18028,58831.05289936236,37517.333204,62.164404705882355,9.108010247477353,0.07179381529590365,33,64,,True,True,,81,87.6246207195492
192,2026-09-18T06:50:21.341+00:00,2026-09-18T06:54:32.017+00:00,2026-09-18T06:54:37.962+00:00,True,95,95.0,,95.0,250675.575948,256620.422796,256620.42265800002,2701.2676069263157,36.893741,250675.575948,25712.285387048258,92.993627,63.24305157446808,11.524389882137893,0.3701965687879803,33,64,,True,True,,434,87.6246207195492
193,2026-09-18T06:50:21.749+00:00,2026-09-18T06:54:33.780+00:00,2026-09-18T06:54:39.611+00:00,True,94,94.0,,94.0,252030.82298899998,257861.74318099997,257861.743061,2743.2100325638294,36.018712,252030.82298899998,25988.530094121048,93.1771815,62.69806658064516,11.11538681114037,0.3645364327426381,33,64,,True,True,,466,87.6246207195492
194,2026-09-18T06:50:22.138+00:00,2026-09-18T06:54:35.253+00:00,2026-09-18T06:54:35.686+00:00,True,8,8.0,,8.0,253114.933869,253547.474797,253547.474729,31693.434341125,56.563744,253114.933869,89467.79650454513,164547.56266865,61.79156114285714,2.812337146398314,0.03155227637902965,33,64,,True,True,,33,87.6246207195492
195,2026-09-18T06:50:22.736+00:00,2026-09-18T06:54:37.720+00:00,2026-09-18T06:54:40.393+00:00,True,44,44.0,,44.0,254984.734032,257657.669968,257657.670037,5855.856137204546,37.015181,254984.734032,38431.025596083564,94.01244005000001,62.161300837209296,11.777325369951857,0.17076922261023558,33,64,,True,True,,197,87.6246207195492
196,2026-09-18T06:50:23.112+00:00,2026-09-18T06:54:38.988+00:00,2026-09-18T06:54:40.703+00:00,True,28,28.0,,28.0,255876.062153,257590.78906500002,257590.78896200002,9199.671034357143,39.767006,255876.062153,48344.03009737719,96.3943979,63.50840414814815,12.52833330058775,0.10869953891454763,33,64,,True,True,,147,87.6246207195492
197,2026-09-18T06:50:23.519+00:00,2026-09-18T06:54:40.333+00:00,2026-09-18T06:54:43.964+00:00,True,60,60.0,,60.0,256814.244784,260444.956336,260444.956318,4340.749271966667,36.704601000000004,256814.244784,33146.63241729069,69.403314,61.537483932203386,5.416268065324557,0.23037497382976388,33,64,,True,True,,229,87.6246207195492
198,2026-09-18T06:50:23.930+00:00,2026-09-18T06:54:41.947+00:00,2026-09-18T06:54:42.009+00:00,True,2,2.0,,2.0,258017.340711,258078.84496699998,258078.84490599998,129039.42245299999,61.504195,258017.340711,182402.32124711204,245119.54888520003,61.504256,nan,0.007749569710976255,33,64,,True,True,,5,87.6246207195492
199,2026-09-18T06:50:24.477+00:00,2026-09-18T06:54:43.697+00:00,2026-09-18T06:54:47.925+00:00,True,70,70.0,,70.0,259219.791975,263447.812967,263447.81302,3763.540186,36.162713000000004,259219.791975,30975.36894440879,80.307145,61.275666550724644,10.153631642636451,0.2657072731469907,33,64,,True,True,,283,87.6246207195492
200,2026-09-18T06:50:25.075+00:00,2026-09-18T06:54:45.795+00:00,2026-09-18T06:54:47.237+00:00,True,25,25.0,,25.0,260719.88829,262162.154914,262162.15479,10486.4861916,39.919715,260719.88829,52131.959535689515,82.20464380000001,60.094442666666666,9.124203513856665,0.09536082737876879,33,64,,True,True,,128,87.6246207195492
201,2026-09-18T06:50:25.634+00:00,2026-09-18T06:54:47.672+00:00,2026-09-18T06:54:51.252+00:00,True,61,61.0,,61.0,262038.126189,265618.487405,265618.487525,4354.401434836065,38.556248,262038.126189,33542.905165152915,69.19383,59.67268693333333,9.665477828809754,0.22965268944925005,33,64,,True,True,,267,87.6246207195492
202,2026-09-18T06:50:26.105+00:00,2026-09-18T06:54:49.738+00:00,2026-09-18T06:54:51.031+00:00,True,22,22.0,,22.0,263633.039039,264926.68614299997,264926.68596699997,12042.122089409091,38.076079,263633.039039,56193.620364230825,91.73854680000001,61.60224304761905,12.03139421709866,0.08304184195368305,33,64,,True,True,,93,87.6246207195492
203,2026-09-18T06:50:26.434+00:00,2026-09-18T06:54:51.087+00:00,2026-09-18T06:54:52.968+00:00,True,33,33.0,,33.0,264652.444192,266533.496096,266533.49595,8076.772604545456,34.329004999999995,264652.444192,46059.84565236625,76.9539242,58.782872,11.153625020358517,0.12381183034538391,33,64,,True,True,,114,87.6246207195492
204,2026-09-18T06:50:26.890+00:00,2026-09-18T06:54:52.558+00:00,2026-09-18T06:54:57.869+00:00,True,86,86.0,,86.0,265668.380627,270978.999251,270978.999291,3150.918596406977,34.275566,265668.380627,28641.02324443835,88.39135425,62.47786616470588,11.216754771281781,0.31736776738311256,33,64,,True,True,,211,87.6246207195492
205,2026-09-18T06:50:27.224+00:00,2026-09-18T06:54:53.770+00:00,2026-09-18T06:54:54.302+00:00,True,10,10.0,,10.0,266546.408184,267077.873912,267077.873849,26707.7873849,42.250001,266546.408184,84270.7016576792,146629.4920767,59.05174755555555,6.992014229888393,0.037442263013127475,33,64,,True,True,,36,87.6246207195492
206,2026-09-18T06:50:27.612+00:00,2026-09-18T06:54:55.118+00:00,2026-09-18T06:54:55.277+00:00,True,3,3.0,,3.0,267505.811287,267665.661015,267665.661228,89221.887076,58.158901,267505.811287,154398.40898732402,240765.39926230002,79.924864,30.781795026029783,0.011208012221754063,33,64,,True,True,,10,87.6246207195492
207,2026-09-18T06:50:28.048+00:00,2026-09-18T06:54:56.924+00:00,2026-09-18T06:54:57.050+00:00,True,3,3.0,,3.0,268875.75578899996,269001.58746899996,269001.587334,89667.19577799998,58.052532,268875.75578899996,155199.16562135005,241994.95811139996,62.91584,6.877648651366831,0.011152350542710918,33,64,,True,True,,10,87.6246207195492
208,2026-09-18T06:50:28.559+00:00,2026-09-18T06:54:59.052+00:00,2026-09-18T06:55:03.846+00:00,True,76,76.0,,76.0,270492.71087199997,275286.988248,275286.98832699994,3622.197214828947,38.249408,270492.71087199997,31020.31133853423,93.259792,63.92369834666666,11.225587831050353,0.2760755257038639,33,64,,True,True,,327,87.6246207195492
209,2026-09-18T06:50:28.994+00:00,2026-09-18T06:55:00.751+00:00,2026-09-18T06:55:01.247+00:00,True,9,9.0,,9.0,271756.192248,272252.664056,272252.664047,30250.296005222222,58.351831,271756.192248,90564.71114180861,163080.58435840002,62.058976,3.241750893343199,0.03305752776086253,33,64,,True,True,,34,87.6246207195492
210,2026-09-18T06:50:29.403+00:00,2026-09-18T06:55:02.166+00:00,2026-09-18T06:55:04.635+00:00,True,40,40.0,,40.0,272762.354498,275231.40077,275231.400846,6880.78502115,39.272966000000004,272762.354498,43117.50726131059,97.95224630000001,63.308878769230766,14.161826649267713,0.1453322545614133,33,64,,True,True,,173,87.6246207195492
211,2026-09-18T06:50:29.762+00:00,2026-09-18T06:55:03.369+00:00,2026-09-18T06:55:07.081+00:00,True,60,60.0,,60.0,273607.201342,277318.725438,277318.72544899996,4621.9787574833335,36.205282,273607.201342,35314.4186941202,93.40962689999998,62.90718806779661,12.487834970298405,0.21635754998237278,33,64,,True,True,,199,87.6246207195492
212,2026-09-18T06:50:30.210+00:00,2026-09-18T06:55:05.117+00:00,2026-09-18T06:55:10.441+00:00,True,88,88.0,,88.0,274907.061329,280230.77000099997,280230.770082,3184.4405691136362,34.792615,274907.061329,29298.670312120237,90.9946354,61.192053701149426,11.429662084152104,0.31402690004272543,33,64,,True,True,,454,87.6246207195492
213,2026-09-18T06:50:30.587+00:00,2026-09-18T06:55:06.872+00:00,2026-09-18T06:55:08.004+00:00,True,19,19.0,,19.0,276284.67738300003,277416.58419900003,277416.584119,14600.872848368423,37.620059999999995,276284.67738300003,63369.62690108357,27713.29464,62.883712,13.67720841928543,0.0684890561062156,33,64,,True,True,,70,87.6246207195492
214,2026-09-18T06:50:31.064+00:00,2026-09-18T06:55:08.638+00:00,2026-09-18T06:55:12.537+00:00,True,65,65.0,,65.0,277574.254048,281472.75747199997,281472.757635,4330.3501174615385,33.985146,277574.254048,34421.295264008484,89.0025908,60.914116,11.222555781350467,0.23092820983382734,33,64,,True,True,,353,87.6246207195492
215,2026-09-18T06:50:31.496+00:00,2026-09-18T06:55:10.277+00:00,2026-09-18T06:55:10.757+00:00,True,9,9.0,,9.0,278781.080661,279260.898133,279260.898231,31028.988692333332,37.177141000000006,278781.080661,92907.03493165142,167296.14334100002,59.977184,9.703626117595892,0.03222792757657639,33,64,,True,True,,38,87.6246207195492
216,2026-09-18T06:50:31.891+00:00,2026-09-18T06:55:11.753+00:00,2026-09-18T06:55:12.247+00:00,True,9,9.0,,9.0,279862.1608,280356.87132800004,280356.87118200003,31150.763464666667,57.322693,279862.1608,93266.77403871373,167943.32053880004,61.838816,2.8448334219344775,0.032101941919128366,33,64,,True,True,,33,87.6246207195492
217,2026-09-18T06:50:32.267+00:00,2026-09-18T06:55:12.594+00:00,2026-09-18T06:55:16.960+00:00,True,71,71.0,,71.0,280326.11224800005,284692.45516000007,284692.455268,4009.752891098592,37.16909,280326.11224800005,33261.188203606725,91.14688450000001,62.37632731428572,11.84512326573867,0.24939192701856913,33,64,,True,True,,256,87.6246207195492
218,2026-09-18T06:50:32.853+00:00,2026-09-18T06:55:14.707+00:00,2026-09-18T06:55:16.447+00:00,True,29,29.0,,29.0,281853.345805,283593.289229,283593.28924199997,9779.07893937931,37.565898999999995,281853.345805,52327.31429332478,92.4216528,62.14083657142857,11.371549584065153,0.10225911931428908,33,64,,True,True,,133,87.6246207195492
219,2026-09-18T06:50:33.228+00:00,2026-09-18T06:55:16.504+00:00,2026-09-18T06:55:21.020+00:00,True,74,74.0,,74.0,283276.00632499997,287791.805877,287791.80591299996,3889.078458283783,34.514595,283276.00632499997,32922.97728026981,82.20551405,61.86026783561644,10.147257846564862,0.25713032299337607,33,64,,True,True,,399,87.6246207195492
220,2026-09-18T06:50:34.754+00:00,2026-09-18T06:55:21.264+00:00,2026-09-18T06:55:22.585+00:00,True,23,23.0,,23.0,286510.167281,287831.518193,287831.518212,12514.413835304347,36.552322,286510.167281,59728.97671274269,72.5130954,60.06140509090909,9.555560817825194,0.07990785770923732,33,64,,True,True,,152,87.6246207195492
222,2026-09-18T06:50:34.851+00:00,2026-09-18T06:55:21.452+00:00,2026-09-18T06:55:26.805+00:00,True,88,88.0,,88.0,286600.60844800004,291953.88870400004,291953.88877400005,3317.657826977273,38.180698,286600.60844800004,30545.169817533875,84.85414455,61.53195696551724,10.042037698069848,0.3014174614718681,33,64,,True,True,,336,87.6246207195492
221,2026-09-18T06:50:34.790+00:00,2026-09-18T06:55:21.986+00:00,2026-09-18T06:55:26.404+00:00,True,73,73.0,,73.0,287195.176814,291613.439854,291613.439734,3994.704653890411,36.310692,287195.176814,33606.47225519665,80.01953560000001,61.36476444444445,10.090867576660049,0.2503313977454139,33,64,,True,True,,354,87.6246207195492
223,2026-09-18T06:50:35.090+00:00,2026-09-18T06:55:23.180+00:00,2026-09-18T06:55:23.180+00:00,True,1,1.0,,1.0,288089.107418,288089.107418,288089.107418,288089.107418,288089.107418,288089.107418,nan,288089.107418,nan,nan,0.003471148246327342,33,64,,True,True,,2,87.6246207195492
224,2026-09-18T06:50:35.393+00:00,2026-09-18T06:55:24.853+00:00,2026-09-18T06:55:25.474+00:00,True,11,11.0,,11.0,289460.680004,290081.01946000004,290081.019389,26371.001762636366,55.489324999999994,289460.680004,87256.97495073569,144764.14693850002,62.0339456,3.3112058223541196,0.03792044036689141,33,64,,True,True,,46,87.6246207195492
225,2026-09-18T06:50:35.993+00:00,2026-09-18T06:55:26.924+00:00,2026-09-18T06:55:30.066+00:00,True,53,53.0,,53.0,290930.671538,294072.692658,294072.692764,5548.54137290566,36.532012,290930.671538,39954.10324272373,88.6787098,60.42348307692308,12.553720215666084,0.1802275468726973,33,64,,True,True,,259,87.6246207195492
226,2026-09-18T06:50:36.343+00:00,2026-09-18T06:55:28.370+00:00,2026-09-18T06:55:33.512+00:00,True,84,84.0,,84.0,292026.668611,297168.415811,297168.415795,3537.719235654762,35.876563000000004,292026.668611,31855.96470770565,90.33847685,61.948761445783134,11.67389665241786,0.28266799407587195,33,64,,True,True,,451,87.6246207195492
227,2026-09-18T06:50:36.893+00:00,2026-09-18T06:55:30.354+00:00,2026-09-18T06:55:32.473+00:00,True,34,34.0,,34.0,293460.98624199996,295579.52320199995,295579.52341799997,8693.515394647058,57.044843,293460.98624199996,50317.134727662065,94.882006,64.19808969696969,8.371534182138841,0.11502826593560846,33,64,,True,True,,124,87.6246207195492
228,2026-09-18T06:50:37.352+00:00,2026-09-18T06:55:32.092+00:00,2026-09-18T06:55:34.324+00:00,True,37,37.0,,37.0,294740.28457899997,296972.31913899997,296972.319041,8026.278892999999,39.589086,294740.28457899997,48444.812471820725,94.4722628,62.00096,10.295119033063719,0.12459073662916674,33,64,,True,True,,198,87.6246207195492
229,2026-09-18T06:50:37.881+00:00,2026-09-18T06:55:33.985+00:00,2026-09-18T06:55:35.149+00:00,True,19,19.0,,19.0,296103.45117400005,297268.06583000004,297268.06599900004,15645.687684157898,42.034331,296103.45117400005,67915.94774862911,29690.295549100003,64.70081422222222,9.155816042153981,0.06391537532613951,33,64,,True,True,,69,87.6246207195492
230,2026-09-18T06:50:38.384+00:00,2026-09-18T06:55:36.212+00:00,2026-09-18T06:55:38.403+00:00,False,36,35.0,,35.0,297827.657754,300018.537242,300018.537065,8333.848251805555,0.03418,297827.657754,49627.512407170725,93.502377,62.596556799999995,15.0159237239833,0.11665945818464014,33,64,,True,False,Request timeout: 300.0s exceeded,177,87.6246207195492
231,2026-09-18T06:50:38.764+00:00,2026-09-18T06:55:37.566+00:00,2026-09-18T06:55:38.826+00:00,False,22,21.0,,21.0,298802.000415,300062.158367,300062.158612,13639.189027818182,0.02174,298802.000415,63692.00891420577,96.0273007,60.00752152380952,16.4628951407625,0.06998549938548174,33,64,,True,False,Request timeout: 300.0s exceeded,102,87.6246207195492
232,2026-09-18T06:50:39.268+00:00,2026-09-18T06:55:39.326+00:00,2026-09-18T06:55:39.326+00:00,False,1,0.0,,0.0,300057.154444,300057.154444,300057.154444,300057.154444,300057.154444,300057.154444,nan,300057.154444,nan,nan,0.0,33,64,,True,False,TTFT timeout: 300.0s exceeded (TTFT: 300.048s),0,87.6246207195492
233,2026-09-18T06:50:39.756+00:00,2026-09-18T06:55:39.788+00:00,2026-09-18T06:55:39.788+00:00,False,1,0.0,,0.0,300032.37709799997,300032.37709799997,300032.37709799997,300032.37709799997,300032.37709799997,300032.37709799997,nan,300032.37709799997,nan,nan,0.0,33,64,,True,False,"HTTPConnectionPool(host='gpu03', port=9002): Read timed out.",0,87.6246207195492
234,2026-09-18T06:50:40.184+00:00,2026-09-18T06:55:40.157+00:00,2026-09-18T06:55:40.228+00:00,False,3,2.0,,2.0,299973.01131800003,300043.46200600005,300043.46197600005,100014.48732533335,0.01753,299973.01131800003,173169.16506001726,269982.75349900004,35.225344,49.79117855569197,0.006665700984212766,33,64,,True,False,Request timeout: 300.0s exceeded,2,87.6246207195492
235,2026-09-18T06:50:40.540+00:00,2026-09-18T06:55:40.457+00:00,2026-09-18T06:55:40.610+00:00,False,4,3.0,,3.0,299917.38837400003,300070.22319000005,300070.22319700004,75017.55579925001,0.028120000000000003,299917.38837400003,149933.22648683787,254943.36884740004,50.944938666666665,46.3216218037359,0.009997659774793596,33,64,,True,False,Request timeout: 300.0s exceeded,14,87.6246207195492
236,2026-09-18T06:50:40.888+00:00,2026-09-18T06:55:40.995+00:00,2026-09-18T06:55:40.995+00:00,False,1,0.0,,0.0,300107.289739,300107.289739,300107.289739,300107.289739,300107.289739,300107.289739,nan,300107.289739,nan,nan,0.0,33,64,,True,False,"HTTPConnectionPool(host='gpu03', port=9002): Read timed out.",0,87.6246207195492
237,2026-09-18T06:50:41.288+00:00,2026-09-18T06:55:41.297+00:00,2026-09-18T06:55:41.409+00:00,False,3,2.0,,2.0,300009.275622,300121.413862,300121.414052,100040.47135066666,0.038700000000000005,300009.275622,173178.0735275073,270019.5580328,56.06912,79.23904209485745,0.0066639696723527625,33,64,,True,False,Request timeout: 300.0s exceeded,7,87.6246207195492
238,2026-09-18T06:50:41.883+00:00,2026-09-18T06:55:41.835+00:00,2026-09-18T06:55:41.954+00:00,False,4,3.0,,3.0,299952.912612,300071.653348,300071.653269,75017.91331725,0.02782,299952.912612,149956.66880510165,254968.9522734,39.58024533333334,34.25680021349276,0.009997612125397366,33,64,,True,False,Request timeout: 300.0s exceeded,7,87.6246207195492
239,2026-09-18T06:50:42.403+00:00,2026-09-18T06:55:42.518+00:00,2026-09-18T06:55:42.518+00:00,False,1,0.0,,0.0,300115.616843,300115.616843,300115.616843,300115.616843,300115.616843,300115.616843,nan,300115.616843,nan,nan,0.0,33,64,,True,False,"HTTPConnectionPool(host='gpu03', port=9002): Read timed out.",0,87.6246207195492
240,2026-09-18T06:50:42.738+00:00,2026-09-18T06:55:42.747+00:00,2026-09-18T06:55:42.747+00:00,False,1,0.0,,0.0,300009.604473,300009.604473,300009.604473,300009.604473,300009.604473,300009.604473,nan,300009.604473,nan,nan,0.0,33,64,,True,False,TTFT timeout: 300.0s exceeded (TTFT: 300.002s),0,87.6246207195492
241,2026-09-18T06:50:43.230+00:00,2026-09-18T06:55:43.141+00:00,2026-09-18T06:55:43.269+00:00,False,4,3.0,,3.0,299910.854076,300038.625212,300038.62515599997,75009.65628899999,0.04313,299910.854076,149934.1349371843,254934.5896521,42.590378666666666,37.21583469392464,0.009998712658679437,33,64,,True,False,Request timeout: 300.0s exceeded,11,87.6246207195492
242,2026-09-18T06:50:43.827+00:00,2026-09-18T06:55:43.911+00:00,2026-09-18T06:55:43.911+00:00,False,1,0.0,,0.0,300084.501115,300084.501115,300084.501115,300084.501115,300084.501115,300084.501115,nan,300084.501115,nan,nan,0.0,33,64,,True,False,"HTTPConnectionPool(host='gpu03', port=9002): Read timed out.",0,87.6246207195492
243,2026-09-18T06:50:44.258+00:00,2026-09-18T06:55:44.254+00:00,2026-09-18T06:55:44.355+00:00,False,3,2.0,,2.0,299995.875161,300097.626201,300097.62616,100032.54205333334,0.020309999999999998,299995.875161,173173.3337638796,270006.4607138,50.87552,71.91988728302624,0.006664497901294413,33,64,,True,False,Request timeout: 300.0s exceeded,8,87.6246207195492
244,2026-09-18T06:50:44.611+00:00,2026-09-18T06:55:44.422+00:00,2026-09-18T06:55:45.820+00:00,False,24,23.0,,23.0,299810.851569,301208.483825,301208.483766,12550.35349025,0.02525,299810.851569,61186.23254963969,90.69491464999999,60.76661982608695,18.501647334505954,0.07635907099271093,33,64,,True,False,Request timeout: 300.0s exceeded,91,87.6246207195492
245,2026-09-18T06:50:45.188+00:00,2026-09-18T06:55:45.537+00:00,2026-09-18T06:55:45.910+00:00,False,8,7.0,,7.0,300349.126474,300722.204746,300722.204724,37590.2755905,0.02438,300349.126474,106170.61192679519,195258.6656791,53.296896,28.144068828647313,0.023277296752703822,33,64,,True,False,Request timeout: 300.0s exceeded,22,87.6246207195492
247,2026-09-18T06:50:46.088+00:00,2026-09-18T06:55:46.113+00:00,2026-09-18T06:55:46.113+00:00,False,1,0.0,,0.0,300024.75957,300024.75957,300024.75957,300024.75957,300024.75957,300024.75957,nan,300024.75957,nan,nan,0.0,33,64,,True,False,"HTTPConnectionPool(host='gpu03', port=9002): Read timed out.",0,87.6246207195492
248,2026-09-18T06:50:46.445+00:00,2026-09-18T06:55:46.713+00:00,2026-09-18T06:55:46.713+00:00,False,1,0.0,,0.0,300267.588185,300267.588185,300267.588185,300267.588185,300267.588185,300267.588185,nan,300267.588185,nan,nan,0.0,33,64,,True,False,"HTTPConnectionPool(host='gpu03', port=9002): Read timed out.",0,87.6246207195492
246,2026-09-18T06:50:45.613+00:00,2026-09-18T06:55:46.741+00:00,2026-09-18T06:55:46.741+00:00,False,1,0.0,,0.0,301127.753783,301127.753783,301127.753783,301127.753783,301127.753783,301127.753783,nan,301127.753783,nan,nan,0.0,33,64,,True,False,"HTTPConnectionPool(host='gpu03', port=9002): Read timed out.",0,87.6246207195492
249,2026-09-18T06:50:46.843+00:00,2026-09-18T06:55:46.960+00:00,2026-09-18T06:55:46.960+00:00,False,1,0.0,,0.0,300117.101177,300117.101177,300117.101177,300117.101177,300117.101177,300117.101177,nan,300117.101177,nan,nan,0.0,33,64,,True,False,"HTTPConnectionPool(host='gpu03', port=9002): Read timed out.",0,87.6246207195492
250,2026-09-18T06:50:47.229+00:00,2026-09-18T06:55:47.287+00:00,2026-09-18T06:55:47.287+00:00,False,1,0.0,,0.0,300058.137338,300058.137338,300058.137338,300058.137338,300058.137338,300058.137338,nan,300058.137338,nan,nan,0.0,33,64,,True,False,TTFT timeout: 300.0s exceeded (TTFT: 300.046s),0,87.6246207195492
251,2026-09-18T06:50:47.767+00:00,2026-09-18T06:55:47.351+00:00,2026-09-18T06:55:47.796+00:00,False,10,9.0,,9.0,299583.573105,300028.415601,300028.415561,30002.8415561,0.05717,299583.573105,94721.01588710095,164798.77355355,49.426944,20.642753661893078,0.0299971587090233,33,64,,True,False,Request timeout: 300.0s exceeded,58,87.6246207195492
252,2026-09-18T06:50:48.336+00:00,2026-09-18T06:55:48.371+00:00,2026-09-18T06:55:48.371+00:00,False,1,0.0,,0.0,300035.244434,300035.244434,300035.244434,300035.244434,300035.244434,300035.244434,nan,300035.244434,nan,nan,0.0,33,64,,True,False,"HTTPConnectionPool(host='gpu03', port=9002): Read timed out.",0,87.6246207195492
253,2026-09-18T06:50:48.884+00:00,2026-09-18T06:55:48.745+00:00,2026-09-18T06:55:48.957+00:00,False,5,4.0,,4.0,299860.997876,300072.752116,300072.75212900003,60014.5504258,0.03164,299860.997876,134078.24364480743,239902.96459440005,52.93856,35.27238993694008,0.01333010068989439,33,64,,True,False,Request timeout: 300.0s exceeded,8,87.6246207195492
254,2026-09-18T06:50:49.484+00:00,2026-09-18T06:55:49.594+00:00,2026-09-18T06:55:49.594+00:00,False,1,0.0,,0.0,300110.218294,300110.218294,300110.218294,300110.218294,300110.218294,300110.218294,nan,300110.218294,nan,nan,0.0,33,64,,True,False,"HTTPConnectionPool(host='gpu03', port=9002): Read timed out.",0,87.6246207195492
255,2026-09-18T06:50:49.875+00:00,2026-09-18T06:55:49.986+00:00,2026-09-18T06:55:49.986+00:00,False,1,0.0,,0.0,300110.72782200004,300110.72782200004,300110.72782200004,300110.72782200004,300110.72782200004,300110.72782200004,nan,300110.72782200004,nan,nan,0.0,33,64,,True,False,"HTTPConnectionPool(host='gpu03', port=9002): Read timed out.",0,87.6246207195492
256,2026-09-18T06:50:50.236+00:00,2026-09-18T06:55:50.165+00:00,2026-09-18T06:55:50.310+00:00,False,4,3.0,,3.0,299929.057035,300073.568779,300073.568663,75018.39216575,0.043259,299929.057035,149940.44711231175,254950.74025755,48.17058133333334,41.70223747844738,0.009997548308593143,33,64,,True,False,Request timeout: 300.0s exceeded,9,87.6246207195492
257,2026-09-18T06:50:50.574+00:00,2026-09-18T06:55:50.455+00:00,2026-09-18T06:55:50.637+00:00,False,5,4.0,,4.0,299880.978416,300062.676976,300062.677115,60012.53542300001,0.04058,299880.978416,134090.53862670745,239917.61572660002,45.42464,30.36969315208586,0.013330548271819667,33,64,,True,False,Request timeout: 300.0s exceeded,7,87.6246207195492
258,2026-09-18T06:50:50.939+00:00,2026-09-18T06:55:51.008+00:00,2026-09-18T06:55:51.008+00:00,False,1,0.0,,0.0,300068.519725,300068.519725,300068.519725,300068.519725,300068.519725,300068.519725,nan,300068.519725,nan,nan,0.0,33,64,,True,False,"HTTPConnectionPool(host='gpu03', port=9002): Read timed out.",0,87.6246207195492
259,2026-09-18T06:50:51.379+00:00,2026-09-18T06:55:51.397+00:00,2026-09-18T06:55:51.397+00:00,False,1,0.0,,0.0,300018.450037,300018.450037,300018.450037,300018.450037,300018.450037,300018.450037,nan,300018.450037,nan,nan,0.0,33,64,,True,False,TTFT timeout: 300.0s exceeded (TTFT: 300.011s),0,87.6246207195492
260,2026-09-18T06:50:51.964+00:00,2026-09-18T06:55:51.984+00:00,2026-09-18T06:55:51.984+00:00,False,1,0.0,,0.0,300020.332899,300020.332899,300020.332899,300020.332899,300020.332899,300020.332899,nan,300020.332899,nan,nan,0.0,33,64,,True,False,TTFT timeout: 300.0s exceeded (TTFT: 300.012s),0,87.6246207195492
261,2026-09-18T06:50:52.308+00:00,2026-09-18T06:55:52.412+00:00,2026-09-18T06:55:52.412+00:00,False,1,0.0,,0.0,300104.581093,300104.581093,300104.581093,300104.581093,300104.581093,300104.581093,nan,300104.581093,nan,nan,0.0,33,64,,True,False,"HTTPConnectionPool(host='gpu03', port=9002): Read timed out.",0,87.6246207195492
262,2026-09-18T06:50:52.670+00:00,2026-09-18T06:55:52.699+00:00,2026-09-18T06:55:52.699+00:00,False,1,0.0,,0.0,300029.064515,300029.064515,300029.064515,300029.064515,300029.064515,300029.064515,nan,300029.064515,nan,nan,0.0,33,64,,True,False,"HTTPConnectionPool(host='gpu03', port=9002): Read timed out.",0,87.6246207195492
263,2026-09-18T06:50:53.126+00:00,2026-09-18T06:55:52.889+00:00,2026-09-18T06:55:53.144+00:00,False,9,8.0,,8.0,299763.517481,300018.384937,300018.384713,33335.376079222224,0.057589,299763.517481,99910.55375008509,179872.99966459998,31.858432,12.862092313940039,0.026665032550188206,33,64,,True,False,Request timeout: 300.0s exceeded,25,87.6246207195492
0,2026-09-18T06:48:53.168+00:00,2026-09-18T06:48:53.416+00:00,2026-09-18T06:48:58.354+00:00,True,86,86.0,,86.0,248.186199,5185.899351,5185.899224,60.30115376744186,4.205312,248.186199,23.69673250113311,72.51329750000001,58.09074296470588,11.959469614350871,16.58343021705899,34,64,,False,True,,422,87.6246207195492
1,2026-09-18T06:48:53.720+00:00,2026-09-18T06:48:53.907+00:00,2026-09-18T06:48:54.508+00:00,True,12,12.0,,12.0,187.772261,788.8228849999999,788.822884,65.73524033333334,17.561548,187.772261,41.70742024063943,130.68636565,54.64096581818182,16.993102646798633,15.212540391750933,34,64,,False,True,,44,87.6246207195492
2,2026-09-18T06:48:54.364+00:00,2026-09-18T06:48:57.071+00:00,2026-09-18T06:48:58.838+00:00,True,30,30.0,,30.0,2706.2195309999997,4473.227787,4473.227808,149.1075936,44.264447999999994,2706.2195309999997,482.99638235860266,69.1315848,60.931319172413794,5.920878564953817,6.7065665842426725,34,64,,False,True,,101,87.6246207195492
3,2026-09-18T06:48:54.847+00:00,2026-09-18T06:48:58.603+00:00,2026-09-18T06:48:59.791+00:00,True,21,21.0,,21.0,3755.771721,4943.805513,4943.805553,235.41931204761906,12.459277,3755.771721,806.801680347132,112.376531,59.401689600000005,17.85009159222241,4.24773991306482,34,64,,False,True,,87,87.6246207195492
4,2026-09-18T06:48:55.404+00:00,2026-09-18T06:49:00.404+00:00,2026-09-18T06:49:01.624+00:00,True,21,21.0,,21.0,5000.674318,6220.255246000001,6220.255422,296.20263914285715,36.810691,5000.674318,1077.9528374499273,69.079592,60.9790464,7.218100974661428,3.3760672463568544,34,64,,False,True,,79,87.6246207195492
5,2026-09-18T06:48:55.880+00:00,2026-09-18T06:49:02.150+00:00,2026-09-18T06:49:06.427+00:00,True,73,73.0,,73.0,6270.031929,10546.621753,10546.621611999999,144.47426865753425,0.0,6270.031929,727.1399146787593,69.436227,59.39708088888889,18.815230675435185,6.921647681091346,34,64,,False,True,,382,87.6246207195492
6,2026-09-18T06:48:56.494+00:00,2026-09-18T06:49:04.541+00:00,2026-09-18T06:49:09.603+00:00,True,85,85.0,,85.0,8046.536988,13108.95286,13108.95296,154.222976,0.0,8046.536988,867.0621216575671,70.6304722,60.26685561904762,38.145724162684076,6.484118213542803,34,64,,False,True,,429,87.6246207195492
7,2026-09-18T06:48:56.895+00:00,2026-09-18T06:49:06.111+00:00,2026-09-18T06:49:10.760+00:00,True,78,78.0,,78.0,9216.189235,13865.881651,13865.881624,177.76771312820512,0.0,9216.189235,1037.384377017945,68.56367519999999,60.385615792207794,38.18171799904304,5.625318458878861,34,64,,False,True,,345,87.6246207195492
8,2026-09-18T06:48:57.397+00:00,2026-09-18T06:49:07.913+00:00,2026-09-18T06:49:13.834+00:00,True,99,99.0,,99.0,10515.955118,16436.911278,16436.911436,166.02940844444444,0.0,10515.955118,1051.2736767918477,70.9927849,60.41792,31.00521713214695,6.023029407751726,34,64,,False,True,,430,87.6246207195492
9,2026-09-18T06:48:57.873+00:00,2026-09-18T06:49:09.664+00:00,2026-09-18T06:49:11.730+00:00,True,35,35.0,,35.0,11790.88984,13857.140592,13857.14075,395.91830714285715,0.0,11790.88984,1982.9811534202765,110.80849819999999,60.772080941176476,30.613348015265224,2.5257736087491374,34,64,,False,True,,175,87.6246207195492
10,2026-09-18T06:48:58.256+00:00,2026-09-18T06:49:11.031+00:00,2026-09-18T06:49:16.284+00:00,True,89,89.0,,89.0,12775.43301,18028.393522,18028.393449,202.5662185280899,0.0,12775.43301,1348.0342007900563,67.59214200000001,59.692733090909094,21.430859512474413,4.936657272950779,34,64,,False,True,,317,87.6246207195492
11,2026-09-18T06:48:58.617+00:00,2026-09-18T06:49:12.502+00:00,2026-09-18T06:49:18.248+00:00,True,97,97.0,,97.0,13884.932389,19630.961445,19630.961371,202.38104506185567,0.0,13884.932389,1404.1177097616119,69.99226979999999,59.854469333333334,33.42384795641703,4.941174189138142,34,64,,False,True,,418,87.6246207195492
12,2026-09-18T06:48:59.037+00:00,2026-09-18T06:49:14.148+00:00,2026-09-18T06:49:15.991+00:00,True,32,32.0,,32.0,15111.046980000001,16954.186308,16954.186325000002,529.8183226562501,39.40899700000001,15111.046980000001,2660.779174830973,68.91623865,59.45610735483871,6.90933082994179,1.8874394452596337,34,64,,False,True,,116,87.6246207195492
13,2026-09-18T06:48:59.671+00:00,2026-09-18T06:49:16.151+00:00,2026-09-18T06:49:21.625+00:00,True,90,90.0,,90.0,16480.942414,21954.049358,21954.049344000003,243.9338816,0.0,16480.942414,1731.7093439396356,91.34559095,61.49558364044943,57.60731608446428,4.099471515818754,34,64,,False,True,,320,87.6246207195492
14,2026-09-18T06:49:00.102+00:00,2026-09-18T06:49:17.811+00:00,2026-09-18T06:49:21.625+00:00,True,58,58.0,,58.0,17708.958682,21523.04969,21523.049894,371.08706713793106,0.0,17708.958682,2317.3146778153673,124.2481927,66.91387733333333,61.45398552156597,2.694785396836576,34,64,,False,True,,275,87.6246207195492
15,2026-09-18T06:49:00.711+00:00,2026-09-18T06:49:20.257+00:00,2026-09-18T06:49:25.843+00:00,True,94,94.0,,94.0,19545.49235,25132.11379,25132.113678,267.3629114680851,0.0,19545.49235,2010.3649779419904,92.24288235000002,60.07119827956989,49.265457740684646,3.7402345375900037,34,64,,False,True,,474,87.6246207195492
16,2026-09-18T06:49:01.210+00:00,2026-09-18T06:49:21.898+00:00,2026-09-18T06:49:22.472+00:00,True,10,10.0,,10.0,20687.287727000003,21261.393071000002,21261.393130000004,2126.139313,55.067818,20687.287727000003,6521.73313239095,11420.9569667,63.789482666666665,12.328057683260248,0.4703360671902419,34,64,,False,True,,39,87.6246207195492
17,2026-09-18T06:49:01.601+00:00,2026-09-18T06:49:23.468+00:00,2026-09-18T06:49:29.051+00:00,True,95,95.0,,95.0,21866.873056,27449.577952,27449.578002000002,288.9429263368421,0.0,21866.873056,2238.012050043345,77.69116960000001,59.390477617021276,52.59611258336806,3.460891098803879,34,64,,False,True,,334,87.6246207195492
18,2026-09-18T06:49:02.001+00:00,2026-09-18T06:49:24.991+00:00,2026-09-18T06:49:30.595+00:00,True,94,94.0,,94.0,22989.998238,28593.603486,28593.603596,304.18727229787237,0.0,22989.998238,2365.358608235478,76.92332475,60.25381987096774,40.0865584360392,3.28744853883227,34,64,,False,True,,426,87.6246207195492
19,2026-09-18T06:49:02.557+00:00,2026-09-18T06:49:27.208+00:00,2026-09-18T06:49:27.267+00:00,True,2,2.0,,2.0,24650.354543999998,24709.694064,24709.694073,12354.8470365,59.339529,24650.354543999998,17388.473473366706,23420.80379325,59.33952,nan,0.08093989325889049,34,64,,False,True,,8,87.6246207195492
20,2026-09-18T06:49:03.161+00:00,2026-09-18T06:49:29.846+00:00,2026-09-18T06:49:32.066+00:00,True,38,38.0,,38.0,26685.537032,28905.598216,28905.598407,760.6736422894737,36.475851999999996,26685.537032,4319.2388874399685,67.75267035,60.00165362162162,7.713153544289417,1.3146242370090793,34,64,,False,True,,175,87.6246207195492
21,2026-09-18T06:49:03.751+00:00,2026-09-18T06:49:31.964+00:00,2026-09-18T06:49:37.505+00:00,True,92,92.0,,92.0,28212.922784000002,33754.550944,33754.55083,366.8972916304348,0.0,28212.922784000002,2936.0132327198985,90.9150094,60.897012747252745,75.55568210063092,2.7255584040395404,34,64,,False,True,,412,87.6246207195492
22,2026-09-18T06:49:04.156+00:00,2026-09-18T06:49:33.613+00:00,2026-09-18T06:49:34.602+00:00,True,18,18.0,,18.0,29457.347351,30446.170135,30446.170173,1691.4538985,35.891693,29457.347351,6929.459924503126,4477.6738055,58.166046117647056,9.736301777202895,0.591207364347864,34,64,,False,True,,70,87.6246207195492
23,2026-09-18T06:49:04.522+00:00,2026-09-18T06:49:35.170+00:00,2026-09-18T06:49:36.873+00:00,True,36,36.0,,36.0,30648.163191,32351.275895,32351.275869,898.6465519166667,0.01573,30648.163191,5099.999730994109,94.373961,48.660362971428576,29.44854995457301,1.1127845503479485,34,64,,False,True,,146,87.6246207195492
24,2026-09-18T06:49:05.141+00:00,2026-09-18T06:49:37.208+00:00,2026-09-18T06:49:40.863+00:00,True,62,62.0,,62.0,32066.988912,35721.729136,35721.729349,576.156924983871,0.0,32066.988912,4065.34659239768,92.82478405,59.91377416393443,60.57950223439772,1.7356382655484899,34,64,,False,True,,246,87.6246207195492
25,2026-09-18T06:49:05.748+00:00,2026-09-18T06:49:39.339+00:00,2026-09-18T06:49:42.890+00:00,True,60,60.0,,60.0,33591.159508000004,37142.48546,37142.48542700001,619.0414237833334,35.573495,33591.159508000004,4328.8495529933725,91.16045924999999,60.1919652881356,13.356770762973522,1.615400780451702,34,64,,False,True,,269,87.6246207195492
26,2026-09-18T06:49:06.302+00:00,2026-09-18T06:49:41.554+00:00,2026-09-18T06:49:46.914+00:00,True,86,86.0,,86.0,35251.988742,40612.217606,40612.217663,472.2350891046512,0.0,35251.988742,3795.03317060261,100.08802600000001,63.061516047058824,62.80212310477084,2.117589362746211,34,64,,False,True,,339,87.6246207195492
27,2026-09-18T06:49:06.792+00:00,2026-09-18T06:49:43.354+00:00,2026-09-18T06:49:46.047+00:00,True,45,45.0,,45.0,36561.816802,39254.669026,39254.668954,872.3259767555555,0.0,36561.816802,5441.853526047969,89.81253000000001,61.20118690909091,85.92652943687384,1.1463604487454633,34,64,,False,True,,189,87.6246207195492
28,2026-09-18T06:49:07.445+00:00,2026-09-18T06:49:45.677+00:00,2026-09-18T06:49:47.136+00:00,True,24,24.0,,24.0,38231.392881,39690.563185,39690.563109,1653.773462875,30.176564,38231.392881,7791.011637819422,97.5524605,63.44218713043478,13.583550003970803,0.6046777388402028,34,64,,False,True,,72,87.6246207195492
29,2026-09-18T06:49:07.933+00:00,2026-09-18T06:49:47.993+00:00,2026-09-18T06:49:48.952+00:00,True,16,16.0,,16.0,40060.381763,41018.686787,41018.686835,2563.6679271875,0.016239999999999997,40060.381763,10000.452259780915,10510.452126499998,63.887001600000005,168.726891754526,0.3900661199390435,34,64,,False,True,,66,87.6246207195492
30,2026-09-18T06:49:08.488+00:00,2026-09-18T06:49:50.014+00:00,2026-09-18T06:49:55.947+00:00,True,96,96.0,,96.0,41525.518388,47458.485556,47458.485672999996,494.3592257604166,0.0,41525.518388,4232.306931568764,92.9345665,62.45228597894737,65.42999319118134,2.0228205530646792,34,64,,False,True,,580,87.6246207195492
31,2026-09-18T06:49:08.915+00:00,2026-09-18T06:49:51.640+00:00,2026-09-18T06:49:54.640+00:00,True,49,49.0,,49.0,42725.499309,45724.980653,45724.980756,933.1628725714286,0.0,42725.499309,6095.404783920956,93.7075946,62.48919466666666,92.6194534022669,1.0716242915848042,34,64,,False,True,,205,87.6246207195492
32,2026-09-18T06:49:09.558+00:00,2026-09-18T06:49:54.581+00:00,2026-09-18T06:49:56.317+00:00,True,29,29.0,,29.0,45022.540560999994,46759.073552999995,46759.073466999995,1612.381843689655,38.604199,45022.540560999994,8348.966010036102,89.4469628,62.01903542857143,10.819481398486163,0.6202004829528835,34,64,,False,True,,115,87.6246207195492
33,2026-09-18T06:49:10.018+00:00,2026-09-18T06:49:56.380+00:00,2026-09-18T06:49:57.267+00:00,True,16,16.0,,16.0,46362.334685999995,47249.31554999999,47249.315469999994,2953.0822168749996,36.049283,46362.334685999995,11575.811513051602,11657.611272749999,59.1320576,16.40892218101407,0.3386292439108148,34,64,,False,True,,66,87.6246207195492
34,2026-09-18T06:49:10.503+00:00,2026-09-18T06:49:58.410+00:00,2026-09-18T06:49:58.794+00:00,True,7,7.0,,7.0,47906.229373999995,48290.147454,48290.147365,6898.592480714285,42.729991999999996,47906.229373999995,18082.673477520853,33561.266114,63.98634666666666,15.16403280821366,0.14495710551863664,34,64,,False,True,,21,87.6246207195492
35,2026-09-18T06:49:10.980+00:00,2026-09-18T06:50:00.777+00:00,2026-09-18T06:50:05.112+00:00,True,81,81.0,,81.0,49796.765501999995,54131.715901999996,54131.715704999995,668.2927864814815,0.0,49796.765501999995,5527.94619103635,95.52585400000002,54.18688,105.43522816486434,1.4963501276523787,34,64,,False,True,,312,87.6246207195492
36,2026-09-18T06:49:11.412+00:00,2026-09-18T06:50:02.624+00:00,2026-09-18T06:50:06.611+00:00,True,68,68.0,,68.0,51211.213989,55198.91011700001,55198.909973,811.7486760735295,0.017070000000000002,51211.213989,6203.085029382833,94.76017445,59.51785265671642,19.67341058235356,1.2319083810869946,34,64,,False,True,,228,87.6246207195492
37,2026-09-18T06:49:11.993+00:00,2026-09-18T06:50:04.950+00:00,2026-09-18T06:50:08.408+00:00,True,55,55.0,,55.0,52956.858167000006,56415.238967000005,56415.239007000004,1025.7316183090911,35.356904,52956.858167000006,7132.079425132492,99.14881600000001,64.0440888888889,14.177220159755239,0.9749138886422541,34,64,,False,True,,249,87.6246207195492
38,2026-09-18T06:49:12.509+00:00,2026-09-18T06:50:06.677+00:00,2026-09-18T06:50:08.002+00:00,True,22,22.0,,22.0,54168.752068,55492.891076,55492.891065,2522.404139318182,32.89591,54168.752068,11535.384537934478,104.38864174999999,63.05423847619048,16.325043344434977,0.3964471768081071,34,64,,False,True,,99,87.6246207195492
39,2026-09-18T06:49:12.919+00:00,2026-09-18T06:50:08.281+00:00,2026-09-18T06:50:10.631+00:00,True,38,38.0,,38.0,55361.665733,57711.505861,57711.505918,1518.7238399473686,0.0,55361.665733,8971.504525137712,206.7029852,63.50919264864865,132.98161772567,0.6584475562208377,34,64,,False,True,,161,87.6246207195492
40,2026-09-18T06:49:13.465+00:00,2026-09-18T06:50:10.351+00:00,2026-09-18T06:50:13.404+00:00,True,52,52.0,,52.0,56886.192727,59938.554967000004,59938.554996,1152.6645191538462,37.435250999999994,56886.192727,7880.404543955899,88.25766955,59.85024,11.83443044970284,0.8675551158787415,34,64,,False,True,,246,87.6246207195492
41,2026-09-18T06:49:13.908+00:00,2026-09-18T06:50:11.966+00:00,2026-09-18T06:50:15.350+00:00,True,57,57.0,,57.0,58058.703851000006,61442.54436300001,61442.544368,1077.9393748771931,32.86864,58058.703851000006,7682.06594854976,73.3379328,60.42572342857142,9.962954916714873,0.9276959571082597,34,64,,False,True,,221,87.6246207195492
42,2026-09-18T06:49:14.556+00:00,2026-09-18T06:50:14.582+00:00,2026-09-18T06:50:17.276+00:00,True,42,42.0,,42.0,60025.91732,62720.055176,62720.05507,1493.3346445238096,0.01554,60025.91732,9253.08508055671,87.58324875,65.71067941463414,139.3889610322067,0.669642268045571,34,64,,False,True,,164,87.6246207195492
43,2026-09-18T06:49:15.185+00:00,2026-09-18T06:50:17.298+00:00,2026-09-18T06:50:19.024+00:00,True,33,33.0,,33.0,62112.757749,63838.74456499999,63838.744405,1934.5074062121212,0.019530000000000002,62112.757749,10803.088917638113,96.7548654,53.937088,27.893331895876376,0.5169274587848406,34,64,,False,True,,140,87.6246207195492
44,2026-09-18T06:49:15.564+00:00,2026-09-18T06:50:18.597+00:00,2026-09-18T06:50:23.722+00:00,True,82,82.0,,82.0,63033.064847,68158.396047,68158.396022,831.1999514878049,0.0,63033.064847,6954.569928612587,91.26421359999999,63.275693827160495,100.69489176675174,1.2030799542796642,34,64,,False,True,,446,87.6246207195492
45,2026-09-18T06:49:16.127+00:00,2026-09-18T06:50:20.612+00:00,2026-09-18T06:50:26.896+00:00,True,100,100.0,,100.0,64485.345625,70769.057625,70769.057423,707.69057423,39.581357000000004,64485.345625,6442.196948816082,90.27193395,63.47183838383839,11.160712933895933,1.4130469354261095,34,64,,False,True,,275,87.6246207195492
46,2026-09-18T06:49:16.755+00:00,2026-09-18T06:50:22.838+00:00,2026-09-18T06:50:26.553+00:00,True,60,60.0,,60.0,66082.596057,69798.00597700001,69798.006083,1163.3001013833334,37.904241,66082.596057,8523.105141211887,91.22226079999999,62.97304949152543,12.112138929420722,0.8596234113016257,34,64,,False,True,,272,87.6246207195492
47,2026-09-18T06:49:17.404+00:00,2026-09-18T06:50:25.542+00:00,2026-09-18T06:50:30.672+00:00,True,84,84.0,,84.0,68137.314145,73267.715169,73267.715301,872.2347059642857,37.8852,68137.314145,7427.656069018411,94.7434728,61.81206053012048,12.169009837600088,1.1464804082704751,34,64,,False,True,,289,87.6246207195492
48,2026-09-18T06:49:18.023+00:00,2026-09-18T06:50:27.799+00:00,2026-09-18T06:50:32.234+00:00,True,67,67.0,,67.0,69776.765739,74210.873899,74210.873929,1107.6249840149253,0.0,69776.765739,8517.272927986394,90.77148989999999,67.18345696969696,124.20821944057512,0.902832650794358,34,64,,False,True,,380,87.6246207195492
49,2026-09-18T06:49:18.567+00:00,2026-09-18T06:50:29.830+00:00,2026-09-18T06:50:32.240+00:00,True,32,32.0,,32.0,71263.645464,73673.37244,73673.372528,2302.2928915,0.0,71263.645464,12585.31066014402,523.6782248499999,77.73312825806453,183.9001415868519,0.4343496020364885,34,64,,False,True,,143,87.6246207195492
50,2026-09-18T06:49:19.218+00:00,2026-09-18T06:50:32.413+00:00,2026-09-18T06:50:38.441+00:00,True,100,100.0,,100.0,73195.056999,79222.52733499999,79222.527469,792.2252746899999,0.01731,73195.056999,7314.214112480528,76.02240465000001,60.883538747474745,108.50684421545198,1.2622672283243437,34,64,,False,True,,387,87.6246207195492
51,2026-09-18T06:49:19.768+00:00,2026-09-18T06:50:34.795+00:00,2026-09-18T06:50:35.145+00:00,True,12,12.0,,12.0,75027.757835,75377.115403,75377.11542999999,6281.426285833333,0.016980000000000002,75027.757835,21649.51026914725,33809.13066495,31.75977890909091,38.07467745037351,0.15919951215753742,34,64,,False,True,,38,87.6246207195492
52,2026-09-18T06:49:20.160+00:00,2026-09-18T06:50:35.658+00:00,2026-09-18T06:50:41.733+00:00,True,98,98.0,,98.0,75497.56673399999,81573.144334,81573.14417199999,832.3790221632652,34.070007,75497.56673399999,7620.09132220677,99.52842520000002,62.6348206185567,13.862836658854485,1.201375781209812,34,64,,False,True,,425,87.6246207195492
53,2026-09-18T06:49:20.660+00:00,2026-09-18T06:50:37.983+00:00,2026-09-18T06:50:39.552+00:00,True,25,25.0,,25.0,77323.744581,78892.03002100001,78892.030048,3155.68120192,56.876675000000006,77323.744581,15451.683457536079,101.7217424,65.34522666666666,10.754801967784651,0.3168887908366071,34,64,,False,True,,82,87.6246207195492
54,2026-09-18T06:49:21.210+00:00,2026-09-18T06:50:39.868+00:00,2026-09-18T06:50:45.800+00:00,True,94,94.0,,94.0,78657.765336,84589.776856,84589.776827,899.8912428404255,0.0,78657.765336,8107.254494509064,96.94761135,63.785070107526884,121.74875306214031,1.1112453950554726,34,64,,False,True,,504,87.6246207195492
55,2026-09-18T06:49:21.584+00:00,2026-09-18T06:50:40.855+00:00,2026-09-18T06:50:41.153+00:00,True,6,6.0,,6.0,79271.269353,79568.713193,79568.713173,13261.4521955,39.55210700000001,79271.269353,32338.075699330057,59470.24954625,59.488768,11.68634790963199,0.07540652298154603,34,64,,False,True,,21,87.6246207195492
56,2026-09-18T06:49:21.981+00:00,2026-09-18T06:50:42.880+00:00,2026-09-18T06:50:45.755+00:00,True,36,36.0,,36.0,80898.44977400001,83774.029422,83774.02944200001,2327.056373388889,0.0,80898.44977400001,13470.733499107431,367.236875,82.15941851428572,193.61823328272007,0.42972744952561626,34,64,,False,True,,130,87.6246207195492
57,2026-09-18T06:49:22.620+00:00,2026-09-18T06:50:45.764+00:00,2026-09-18T06:50:49.404+00:00,True,71,71.0,,71.0,83143.344315,86783.948475,86783.94854699999,1222.3091344647887,0.0,83143.344315,9861.15606254407,82.4159225,52.00863085714286,23.98326293980816,0.818123642074814,34,64,,False,True,,306,87.6246207195492
58,2026-09-18T06:49:23.051+00:00,2026-09-18T06:50:46.924+00:00,2026-09-18T06:50:50.852+00:00,True,66,66.0,,66.0,83872.523009,87800.043265,87800.04328,1330.303686060606,39.000318,83872.523009,10316.561169497592,75.29741575,60.42338855384615,10.097087076600456,0.7517080578285977,34,64,,False,True,,361,87.6246207195492
59,2026-09-18T06:49:23.453+00:00,2026-09-18T06:50:48.387+00:00,2026-09-18T06:50:52.566+00:00,True,69,69.0,,69.0,84934.236626,89113.61813,89113.618202,1291.5017130724636,36.745302,84934.236626,10217.485124678433,69.00313179999999,61.46149270588236,8.744175775741697,0.7742924308082967,34,64,,False,True,,367,87.6246207195492
60,2026-09-18T06:49:23.908+00:00,2026-09-18T06:50:49.905+00:00,2026-09-18T06:50:55.618+00:00,True,93,93.0,,93.0,85997.338733,91709.755245,91709.755161,986.1263995806452,35.109125,85997.338733,8911.077983158642,91.96504,62.09148382608695,11.972830132722226,1.0140687841937115,34,64,,False,True,,312,87.6246207195492
61,2026-09-18T06:49:24.430+00:00,2026-09-18T06:50:51.832+00:00,2026-09-18T06:50:55.866+00:00,True,65,65.0,,65.0,87401.668557,91436.285389,91436.285351,1406.7120823230769,38.283370000000005,87401.668557,10833.029391930344,89.10554900000001,63.040888,11.385466763685567,0.7108775222382302,34,64,,False,True,,235,87.6246207195492
62,2026-09-18T06:49:24.848+00:00,2026-09-18T06:50:53.511+00:00,2026-09-18T06:50:58.562+00:00,True,81,81.0,,81.0,88662.541608,93713.498152,93713.498051,1156.9567660617283,38.677618,88662.541608,9844.383964239723,91.500571,63.1369568,10.631960236335209,0.8643365320609507,34,64,,False,True,,413,87.6246207195492
63,2026-09-18T06:49:25.464+00:00,2026-09-18T06:50:55.677+00:00,2026-09-18T06:51:00.796+00:00,True,83,83.0,,83.0,90213.252683,95331.691083,95331.69112,1148.574591807229,33.687208,90213.252683,9895.343153098209,69.895355,62.41998048780488,8.626231669467577,0.8706443686993501,34,64,,False,True,,428,87.6246207195492
64,2026-09-18T06:49:25.832+00:00,2026-09-18T06:50:57.103+00:00,2026-09-18T06:51:03.015+00:00,True,96,96.0,,96.0,91271.276558,97182.64859,97182.648697,1012.3192572604166,37.974410000000006,91271.276558,9308.98809208152,69.8015835,62.22496875789474,7.814758386309391,0.9878306610577221,34,64,,False,True,,418,87.6246207195492
65,2026-09-18T06:49:26.303+00:00,2026-09-18T06:50:58.560+00:00,2026-09-18T06:51:03.921+00:00,True,87,87.0,,87.0,92256.40557799999,97617.72321,97617.723185,1122.0427952298849,37.143061,92256.40557799999,9884.244719550394,71.45272990000001,62.340902697674416,8.345197397493756,0.8912316036386279,34,64,,True,True,,307,87.6246207195492
66,2026-09-18T06:49:26.681+00:00,2026-09-18T06:50:59.977+00:00,2026-09-18T06:51:01.284+00:00,True,22,22.0,,22.0,93295.874517,94603.114965,94603.114957,4300.141588954546,40.020556,93295.874517,19877.477763648058,93.20022345000001,62.249545142857144,9.431778064546272,0.23255048217111315,34,64,,True,True,,70,87.6246207195492
67,2026-09-18T06:49:27.331+00:00,2026-09-18T06:51:02.705+00:00,2026-09-18T06:51:02.893+00:00,True,4,4.0,,4.0,95373.741346,95561.72112199999,95561.721029,23890.43025725,55.727597,95373.741346,47655.54110313546,81078.2336596,62.659925333333334,7.344610328091568,0.04185776431227471,34,64,,True,True,,11,87.6246207195492
68,2026-09-18T06:49:27.764+00:00,2026-09-18T06:51:04.354+00:00,2026-09-18T06:51:05.108+00:00,True,14,14.0,,14.0,96590.212568,97344.346072,97344.346132,6953.167580857143,36.892012,96590.212568,25799.31777954351,33850.7630199,58.010269538461536,9.187109196109592,0.1438193440597465,34,64,,True,True,,61,87.6246207195492
69,2026-09-18T06:49:28.250+00:00,2026-09-18T06:51:06.223+00:00,2026-09-18T06:51:08.912+00:00,True,44,44.0,,44.0,97972.18494400001,100661.153648,100661.15366800001,2287.7534924545457,39.708486,97972.18494400001,14760.44131226607,96.02216295,62.53415590697674,13.560536991036095,0.43711003108371604,34,64,,True,True,,200,87.6246207195492
70,2026-09-18T06:49:28.687+00:00,2026-09-18T06:51:07.877+00:00,2026-09-18T06:51:11.083+00:00,True,53,53.0,,53.0,99190.427732,102395.829076,102395.82909,1931.996775283019,35.715494,99190.427732,13616.390922318833,83.91585299999998,61.642333538461536,11.849138152555225,0.5175992076851339,34,64,,True,True,,220,87.6246207195492
71,2026-09-18T06:49:29.131+00:00,2026-09-18T06:51:09.792+00:00,2026-09-18T06:51:13.709+00:00,True,63,63.0,,63.0,100661.843253,104578.021429,104578.021396,1659.9685935873015,33.305078,100661.843253,12674.246880717536,90.0831528,63.16416412903226,10.93156133178134,0.602421035884408,34,64,,True,True,,276,87.6246207195492
72,2026-09-18T06:49:29.668+00:00,2026-09-18T06:51:11.895+00:00,2026-09-18T06:51:16.672+00:00,True,77,77.0,,77.0,102226.421212,107003.937756,107003.937731,1389.661528974026,39.870057,102226.421212,11642.620524630407,72.0673048,62.86205978947368,7.57284425365234,0.7195996859067217,34,64,,True,True,,316,87.6246207195492
73,2026-09-18T06:49:30.268+00:00,2026-09-18T06:51:13.960+00:00,2026-09-18T06:51:16.736+00:00,True,45,45.0,,45.0,103691.65191500001,106467.58049100002,106467.580467,2365.9462326000003,55.820007,103691.65191500001,15448.034982659708,69.870965,63.08928581818182,5.487841876990428,0.42266387375830305,34,64,,True,True,,194,87.6246207195492
74,2026-09-18T06:49:30.746+00:00,2026-09-18T06:51:15.579+00:00,2026-09-18T06:51:16.089+00:00,True,9,9.0,,9.0,104832.909416,105343.305064,105343.304991,11704.811665666666,56.105926,104832.909416,34923.03684870235,62927.1945744,63.799456,3.918308498307474,0.08543494999071999,34,64,,True,True,,54,87.6246207195492
75,2026-09-18T06:49:31.146+00:00,2026-09-18T06:51:17.142+00:00,2026-09-18T06:51:18.708+00:00,True,25,25.0,,25.0,105996.499316,107562.15026,107562.150308,4302.48601232,40.802455,105996.499316,21186.256768127518,94.427535,65.235456,13.293060561835542,0.23242376560499972,34,64,,True,True,,110,87.6246207195492
76,2026-09-18T06:49:31.704+00:00,2026-09-18T06:51:19.205+00:00,2026-09-18T06:51:19.424+00:00,True,4,4.0,,4.0,107501.257545,107720.495177,107720.495189,26930.12379725,57.044844,107501.257545,53714.091556547995,91390.31468385,73.07921066666667,19.630253520916263,0.03713313788084092,34,64,,True,True,,14,87.6246207195492
77,2026-09-18T06:49:32.157+00:00,2026-09-18T06:51:21.140+00:00,2026-09-18T06:51:23.731+00:00,True,42,42.0,,42.0,108982.535267,111573.480035,111573.480113,2656.511431261905,39.570497,108982.535267,16806.622953881084,90.5907072,63.19377482926829,11.269655866941465,0.37643353946497704,34,64,,True,True,,153,87.6246207195492
78,2026-09-18T06:49:32.527+00:00,2026-09-18T06:51:22.469+00:00,2026-09-18T06:51:28.634+00:00,True,98,98.0,,98.0,109942.904102,116107.610406,116107.610395,1184.7715346428572,36.265703,109942.904102,11099.496656804167,92.72631355000001,63.5536732371134,11.710488731410393,0.84404458637395,34,64,,True,True,,407,87.6246207195492
79,2026-09-18T06:49:33.150+00:00,2026-09-18T06:51:25.180+00:00,2026-09-18T06:51:26.335+00:00,True,19,19.0,,19.0,112029.947766,113185.075574,113185.075568,5957.109240421052,56.732115,112029.947766,25686.711341375045,11287.318302,64.17376711111112,7.843377400608227,0.1678666547125983,34,64,,True,True,,74,87.6246207195492
80,2026-09-18T06:49:33.723+00:00,2026-09-18T06:51:27.374+00:00,2026-09-18T06:51:31.542+00:00,True,68,68.0,,68.0,113650.973801,117819.101289,117819.101197,1732.633841132353,37.99353,113650.973801,13774.66550523137,89.7855557,62.21085802985074,11.460419230935862,0.5771559896149769,34,64,,True,True,,291,87.6246207195492
81,2026-09-18T06:49:34.120+00:00,2026-09-18T06:51:29.103+00:00,2026-09-18T06:51:32.110+00:00,True,50,50.0,,50.0,114982.60487899999,117989.99073499998,117989.990624,2359.7998124799997,36.187322,114982.60487899999,16252.319711290851,82.43047675,61.37522155102041,10.856968164481305,0.42376475909975847,34,64,,True,True,,240,87.6246207195492
82,2026-09-18T06:49:35.186+00:00,2026-09-18T06:51:31.663+00:00,2026-09-18T06:51:34.542+00:00,True,45,45.0,,45.0,116476.74824,119355.814352,119355.814452,2652.3514322666665,36.235142999999994,116476.74824,17353.580527401005,96.58922940000001,65.43332072727273,14.950521940892258,0.37702394511998866,34,64,,True,True,,200,87.6246207195492
83,2026-09-18T06:49:35.425+00:00,2026-09-18T06:51:34.550+00:00,2026-09-18T06:51:35.834+00:00,True,22,22.0,,22.0,119124.659888,120408.850608,120408.85058099999,5473.129571863637,38.27537,119124.659888,25384.428980390232,96.36950985,61.151939047619045,14.220613117597985,0.18271082141314215,34,64,,True,True,,98,87.6246207195492
84,2026-09-18T06:49:36.023+00:00,2026-09-18T06:51:37.129+00:00,2026-09-18T06:51:42.056+00:00,True,81,81.0,,81.0,121106.26224699999,126032.387047,126032.38696999999,1555.955394691358,35.988223,121106.26224699999,13449.413965714424,91.77426,61.57656,11.003373828725787,0.642691945283822,34,64,,True,True,,400,87.6246207195492
85,2026-09-18T06:49:36.492+00:00,2026-09-18T06:51:39.242+00:00,2026-09-18T06:51:42.447+00:00,True,54,54.0,,54.0,122749.912973,125954.430605,125954.430542,2332.4894544814815,37.441970999999995,122749.912973,16695.922712724685,77.8949506,60.46259683018868,10.524512233911297,0.42872648259073126,34,64,,True,True,,251,87.6246207195492
86,2026-09-18T06:49:36.989+00:00,2026-09-18T06:51:40.961+00:00,2026-09-18T06:51:45.027+00:00,True,67,67.0,,67.0,123972.75130599999,128038.15136999999,128038.15148599999,1911.0171863582088,35.074115,123972.75130599999,15138.159500862168,75.0099667,61.596970666666664,8.985565717880398,0.5232815319739024,34,64,,True,True,,259,87.6246207195492
87,2026-09-18T06:49:37.372+00:00,2026-09-18T06:51:42.821+00:00,2026-09-18T06:51:47.532+00:00,True,79,79.0,,79.0,125449.41098100001,130160.39491700001,130160.39493400001,1647.5999358734177,36.420021999999996,125449.41098100001,14107.369194114648,69.13444559999999,60.39722994871795,9.207296973247539,0.6069434565743005,34,64,,True,True,,395,87.6246207195492
88,2026-09-18T06:49:37.945+00:00,2026-09-18T06:51:44.698+00:00,2026-09-18T06:51:47.421+00:00,True,47,47.0,,47.0,126753.18460400001,129476.44246,129476.44248900001,2754.8179252978725,36.354923,126753.18460400001,18480.219737246054,68.0270527,59.20125773913044,10.528095431294318,0.3630003968831628,34,64,,True,True,,170,87.6246207195492
89,2026-09-18T06:49:38.385+00:00,2026-09-18T06:51:46.336+00:00,2026-09-18T06:51:51.891+00:00,True,92,92.0,,92.0,127951.42625300001,133505.86721300002,133505.867349,1451.150732054348,36.099133,127951.42625300001,13333.49876702557,77.43391654999999,61.03781274725275,10.46619877394448,0.6891082910477629,34,64,,True,True,,386,87.6246207195492
90,2026-09-18T06:49:38.790+00:00,2026-09-18T06:51:47.859+00:00,2026-09-18T06:51:49.129+00:00,True,22,22.0,,22.0,129069.056392,130339.509896,130339.510033,5924.5231833181815,35.969502,129069.056392,27504.718296769348,74.0572094,60.497785904761905,8.281330309547675,0.16878995492275636,34,64,,True,True,,102,87.6246207195492
91,2026-09-18T06:49:39.345+00:00,2026-09-18T06:51:49.510+00:00,2026-09-18T06:51:52.376+00:00,True,47,47.0,,47.0,130164.835378,133031.735346,133031.73547400002,2830.462456893617,35.867733,130164.835378,18977.40547816902,91.34063470000001,62.32391234782609,12.061720963652341,0.35329915736089956,34,64,,True,True,,192,87.6246207195492
92,2026-09-18T06:49:39.897+00:00,2026-09-18T06:51:51.670+00:00,2026-09-18T06:51:52.686+00:00,True,16,16.0,,16.0,131773.320789,132789.747285,132789.74739399998,8299.359212124999,53.48014,131773.320789,32926.392384441584,33017.577171749996,67.7617664,13.623765634650633,0.12049123013736895,34,64,,True,True,,57,87.6246207195492
93,2026-09-18T06:49:40.291+00:00,2026-09-18T06:51:53.064+00:00,2026-09-18T06:51:53.611+00:00,True,10,10.0,,10.0,132772.715149,133319.819149,133319.819199,13331.9819199,38.804897,132772.715149,41967.19664633828,73055.6557033,60.78933333333334,8.818816617733697,0.07500760249924933,34,64,,True,True,,42,87.6246207195492
94,2026-09-18T06:49:40.773+00:00,2026-09-18T06:51:55.068+00:00,2026-09-18T06:51:57.551+00:00,True,43,43.0,,43.0,134294.612103,136777.895815,136777.895864,3180.8812991627906,36.425072,134294.612103,20470.72266712459,69.85211310000001,59.125802666666665,11.063726540729585,0.31437828271726,34,64,,True,True,,137,87.6246207195492
95,2026-09-18T06:49:41.318+00:00,2026-09-18T06:51:57.365+00:00,2026-09-18T06:52:00.038+00:00,True,45,45.0,,45.0,136047.049526,138719.88895,138719.88883299998,3082.6641962888884,40.936594,136047.049526,20271.641993437395,66.38703,60.74635054545455,5.757734202389224,0.3243947233566467,34,64,,True,True,,129,87.6246207195492
96,2026-09-18T06:49:41.869+00:00,2026-09-18T06:51:59.416+00:00,2026-09-18T06:52:02.087+00:00,True,44,44.0,,44.0,137547.875528,140218.938824,140218.93859900002,3186.794059068182,38.412237999999995,137547.875528,20726.76024323073,89.4638222,62.11775106976744,10.089538686334656,0.3137949863907322,34,64,,True,True,,183,87.6246207195492
97,2026-09-18T06:49:42.324+00:00,2026-09-18T06:52:00.842+00:00,2026-09-18T06:52:06.597+00:00,True,93,93.0,,93.0,138518.45906999998,144272.933822,144272.93372399997,1551.3218679999998,37.21408,138518.45906999998,14357.213422191207,89.7788222,62.54863860869565,11.205582124040738,0.6446115535069167,34,64,,True,True,,371,87.6246207195492
98,2026-09-18T06:49:42.693+00:00,2026-09-18T06:52:02.357+00:00,2026-09-18T06:52:08.126+00:00,True,93,93.0,,93.0,139664.38722600002,145433.59375400003,145433.59375400003,1563.8020833763444,37.54357,139664.38722600002,14476.024247377705,92.74364059999999,62.70876660869565,11.528694827300862,0.6394671107234611,34,64,,True,True,,447,87.6246207195492
99,2026-09-18T06:49:43.188+00:00,2026-09-18T06:52:04.143+00:00,2026-09-18T06:52:10.123+00:00,True,97,97.0,,97.0,140954.830413,146935.229773,146935.229657,1514.7961820309276,36.035531999999996,140954.830413,14305.473460798603,91.2235038,62.29582666666666,10.743055653590323,0.6601548188943873,34,64,,True,True,,464,87.6246207195492
100,2026-09-18T06:49:43.560+00:00,2026-09-18T06:52:05.536+00:00,2026-09-18T06:52:08.187+00:00,True,43,43.0,,43.0,141975.224574,144626.301694,144626.301703,3363.402365186046,38.641578,141975.224574,21641.396377688136,93.6536514,63.120883809523804,12.371730304225725,0.29731798086754163,34,64,,True,True,,175,87.6246207195492
101,2026-09-18T06:49:44.174+00:00,2026-09-18T06:52:08.181+00:00,2026-09-18T06:52:11.566+00:00,True,56,56.0,,56.0,144007.293245,147392.019005,147392.019057,2632.0003403035716,38.149419,144007.293245,19235.5619523286,69.70617775,61.540468363636364,7.97931436659044,0.3799391607363781,34,64,,True,True,,241,87.6246207195492
102,2026-09-18T06:49:44.721+00:00,2026-09-18T06:52:10.244+00:00,2026-09-18T06:52:14.019+00:00,True,61,61.0,,61.0,145523.428369,149298.576401,149298.576272,2447.5176438032786,37.282401,145523.428369,18624.31316802709,93.15668600000001,62.91913386666667,11.368380356536841,0.40857723811217417,34,64,,True,True,,288,87.6246207195492
103,2026-09-18T06:49:45.108+00:00,2026-09-18T06:52:11.665+00:00,2026-09-18T06:52:16.130+00:00,True,72,72.0,,72.0,146557.070125,151021.826605,151021.826554,2097.5253688055554,35.361444000000006,146557.070125,17264.508707185138,92.7181081,62.88389408450704,10.738095526941779,0.47675227891606126,34,64,,True,True,,369,87.6246207195492
104,2026-09-18T06:49:45.631+00:00,2026-09-18T06:52:13.609+00:00,2026-09-18T06:52:16.594+00:00,True,50,50.0,,50.0,147978.021807,150962.936239,150962.936285,3019.2587257,35.577633999999996,147978.021807,20918.640156974558,73.6124259,60.91662106122449,10.396939953874723,0.33120712438211647,34,64,,True,True,,220,87.6246207195492
105,2026-09-18T06:49:46.006+00:00,2026-09-18T06:52:15.075+00:00,2026-09-18T06:52:18.168+00:00,True,50,50.0,,50.0,149069.201706,152162.02833,152162.028272,3043.24056544,37.71568,149069.201706,21072.646405080548,90.79796234999998,63.118910693877545,13.262579328710721,0.3285970918550255,34,64,,True,True,,212,87.6246207195492
106,2026-09-18T06:49:46.451+00:00,2026-09-18T06:52:17.055+00:00,2026-09-18T06:52:21.589+00:00,True,71,71.0,,71.0,150604.123398,155138.384134,155138.384227,2185.047665169014,35.916833,150604.123398,17865.738464129252,93.1499865,64.77515337142857,13.095604333595723,0.45765592052753434,34,64,,True,True,,350,87.6246207195492
107,2026-09-18T06:49:46.936+00:00,2026-09-18T06:52:18.868+00:00,2026-09-18T06:52:24.503+00:00,True,90,90.0,,90.0,151931.917954,157567.28333,157567.28334,1750.7475926666666,35.043974999999996,151931.917954,16008.360679992797,95.93845855,63.31871208988764,12.368636826341197,0.5711845638127117,34,64,,True,True,,378,87.6246207195492
108,2026-09-18T06:49:47.551+00:00,2026-09-18T06:52:21.193+00:00,2026-09-18T06:52:24.668+00:00,True,56,56.0,,56.0,153642.160394,157116.466954,157116.46699800002,2805.6511963928574,38.350409,153642.160394,20522.859176729613,92.31759100000001,63.16921018181818,11.60077443418469,0.3564234932573648,34,64,,True,True,,282,87.6246207195492
109,2026-09-18T06:49:48.126+00:00,2026-09-18T06:52:23.419+00:00,2026-09-18T06:52:29.298+00:00,True,94,94.0,,94.0,155292.939206,161171.732678,161171.732687,1714.592900925532,38.447218,155292.939206,16010.727243931626,91.27779545,63.21283303225806,10.584084347687117,0.5832288233061295,34,64,,True,True,,426,87.6246207195492
110,2026-09-18T06:49:48.774+00:00,2026-09-18T06:52:24.051+00:00,2026-09-18T06:52:24.807+00:00,True,13,13.0,,13.0,155276.537344,156033.00556800002,156033.005674,12002.538898,35.169985000000004,155276.537344,43048.48136304731,62166.862774600006,63.039018666666664,14.9404247168855,0.08331570588335896,34,64,,True,True,,34,87.6246207195492
111,2026-09-18T06:49:49.111+00:00,2026-09-18T06:52:26.785+00:00,2026-09-18T06:52:27.558+00:00,True,13,13.0,,13.0,157673.979949,158446.671405,158446.671538,12188.205502923078,39.535965,157673.979949,43713.036597998514,63126.254056000005,64.39095466666666,12.468382439243392,0.08204653265811533,34,64,,True,True,,46,87.6246207195492
112,2026-09-18T06:49:49.763+00:00,2026-09-18T06:52:29.480+00:00,2026-09-18T06:52:34.246+00:00,True,76,76.0,,76.0,159717.326297,164483.864793,164483.864832,2164.261379368421,35.664673,159717.326297,18313.54781372866,97.90065775,63.553846613333334,12.378739762162343,0.46205139996950245,34,64,,True,True,,330,87.6246207195492
113,2026-09-18T06:49:50.157+00:00,2026-09-18T06:52:30.942+00:00,2026-09-18T06:52:33.268+00:00,True,37,37.0,,37.0,160784.40009,163111.122906,163111.123033,4408.4087306216215,39.629966,160784.40009,26422.170310530597,97.85662140000001,64.63118933333334,12.904860113744984,0.22683922065402548,34,64,,True,True,,155,87.6246207195492
114,2026-09-18T06:49:50.654+00:00,2026-09-18T06:52:32.949+00:00,2026-09-18T06:52:35.557+00:00,True,41,41.0,,41.0,162294.563916,164902.52602800002,164902.526065,4022.0128308536587,36.447792,162294.563916,25335.974978072074,100.978492,65.1990528,15.759341719368948,0.24863172801269465,34,64,,True,True,,138,87.6246207195492
115,2026-09-18T06:49:51.234+00:00,2026-09-18T06:52:35.462+00:00,2026-09-18T06:52:35.977+00:00,True,9,9.0,,9.0,164227.901381,164742.99667700002,164742.996661,18304.77740677778,42.779161,164227.901381,54721.17275971263,98572.2920902,64.386912,12.600393270397056,0.054630546861094594,34,64,,True,True,,56,87.6246207195492
116,2026-09-18T06:49:51.837+00:00,2026-09-18T06:52:37.730+00:00,2026-09-18T06:52:37.964+00:00,True,5,5.0,,5.0,165893.71639500002,166127.21169100003,166127.21175900003,33225.442351800004,35.122594,165893.71639500002,74163.82108708026,132729.05198780002,58.373824,15.926421674686209,0.030097417208808035,34,64,,True,True,,20,87.6246207195492
117,2026-09-18T06:49:52.406+00:00,2026-09-18T06:52:39.891+00:00,2026-09-18T06:52:43.693+00:00,True,61,61.0,,61.0,167484.542709,171287.324661,171287.324792,2807.9889310163935,36.027653,167484.542709,21436.086076063995,89.98739200000001,63.379699200000005,10.909515015828488,0.3561267602300811,34,64,,True,True,,316,87.6246207195492
118,2026-09-18T06:49:52.989+00:00,2026-09-18T06:52:42.292+00:00,2026-09-18T06:52:43.362+00:00,True,18,18.0,,18.0,169303.413619,170372.847475,170372.847595,9465.158199722222,37.55938,169303.413619,39890.3709676904,25474.647966800003,62.90787388235294,10.147449970257366,0.10565063780272421,34,64,,True,True,,61,87.6246207195492
119,2026-09-18T06:49:53.569+00:00,2026-09-18T06:52:44.335+00:00,2026-09-18T06:52:46.586+00:00,True,38,38.0,,38.0,170766.36344999998,173017.50815399998,173017.50814399996,4553.092319578946,39.604536,170766.36344999998,27692.094006204145,74.26922685000001,60.84174875675676,9.781727152674549,0.2196309518350989,34,64,,True,True,,144,87.6246207195492
120,2026-09-18T06:49:54.216+00:00,2026-09-18T06:52:46.915+00:00,2026-09-18T06:52:48.268+00:00,True,22,22.0,,22.0,172698.694007,174051.872887,174051.872825,7911.448764772728,35.974053,172698.694007,36805.75117312661,120.1652005,64.43708952380952,17.4290910639718,0.12639909950456607,34,64,,True,True,,82,87.6246207195492
121,2026-09-18T06:49:54.681+00:00,2026-09-18T06:52:48.876+00:00,2026-09-18T06:52:50.623+00:00,True,30,30.0,,30.0,174194.428199,175942.116647,175942.116744,5864.737224799999,41.028674,174194.428199,31792.403944862865,72.43914885000001,60.26511889655172,7.677495284793483,0.1705106234466319,34,64,,True,True,,162,87.6246207195492
122,2026-09-18T06:49:55.106+00:00,2026-09-18T06:52:50.276+00:00,2026-09-18T06:52:51.379+00:00,True,19,19.0,,19.0,175170.536936,176273.299432,176273.29927599998,9277.542067157894,38.504898000000004,175170.536936,40172.82498098521,17613.3650165,61.264583111111115,15.308178418463253,0.10778716947616634,34,64,,True,True,,99,87.6246207195492
123,2026-09-18T06:49:55.520+00:00,2026-09-18T06:52:52.111+00:00,2026-09-18T06:52:55.956+00:00,True,60,60.0,,60.0,176591.049143,180436.525495,180436.525529,3007.2754254833335,42.153151,176591.049143,22789.395434536968,94.40913525,65.1775652881356,12.570404238072536,0.3325269084815238,34,64,,True,True,,342,87.6246207195492
124,2026-09-18T06:49:55.917+00:00,2026-09-18T06:52:53.538+00:00,2026-09-18T06:52:57.377+00:00,True,59,59.0,,59.0,177621.285399,181459.933975,181459.93375899998,3075.5920976101693,41.081343000000004,177621.285399,23115.708829544597,95.23370500000001,66.18359613793103,12.806327474598747,0.32514064514169017,34,64,,True,True,,268,87.6246207195492
125,2026-09-18T06:49:56.502+00:00,2026-09-18T06:52:55.828+00:00,2026-09-18T06:53:01.348+00:00,True,88,88.0,,88.0,179326.17685,184846.378834,184846.378779,2100.527031579545,36.629091,179326.17685,19109.474947798615,94.88280620000002,63.450597517241384,12.623091110510256,0.4760709977393054,34,64,,True,True,,395,87.6246207195492
126,2026-09-18T06:49:57.160+00:00,2026-09-18T06:52:58.206+00:00,2026-09-18T06:53:00.178+00:00,True,32,32.0,,32.0,181045.993174,183018.63727,183018.637328,5719.3324165,42.196681,181045.993174,31993.465651548442,96.87187355,63.63368051612903,12.152645510926932,0.17484558117866267,34,64,,True,True,,140,87.6246207195492
127,2026-09-18T06:49:57.587+00:00,2026-09-18T06:52:59.737+00:00,2026-09-18T06:53:03.359+00:00,True,60,60.0,,60.0,182149.460072,185771.659368,185771.659346,3096.194322433333,36.257782,182149.460072,23507.469709172572,69.0292595,61.393208406779664,8.061728558237917,0.32297714411402445,34,64,,True,True,,271,87.6246207195492
128,2026-09-18T06:49:58.059+00:00,2026-09-18T06:53:01.736+00:00,2026-09-18T06:53:04.711+00:00,True,50,50.0,,50.0,183676.483178,186651.839338,186651.83939,3733.0367877999997,40.748004,183676.483178,25967.190724440952,68.0759417,60.721554285714284,6.044812026160614,0.2678784210074517,34,64,,True,True,,197,87.6246207195492
129,2026-09-18T06:49:58.680+00:00,2026-09-18T06:53:04.289+00:00,2026-09-18T06:53:09.681+00:00,True,91,91.0,,91.0,185608.511545,191000.920889,191000.921002,2098.9112198021976,35.202264,185608.511545,19450.78061795253,69.68809949999999,59.91565937777778,10.23689617500789,0.4764374934761941,34,64,,True,True,,296,87.6246207195492
130,2026-09-18T06:49:59.093+00:00,2026-09-18T06:53:05.550+00:00,2026-09-18T06:53:06.804+00:00,True,22,22.0,,22.0,186457.590679,187711.145623,187711.14563699998,8532.324801681818,37.57708,186457.590679,39740.16610344648,71.17095945,59.69309257142857,8.226756344234078,0.11720135172039763,34,64,,True,True,,101,87.6246207195492
131,2026-09-18T06:49:59.464+00:00,2026-09-18T06:53:06.985+00:00,2026-09-18T06:53:10.299+00:00,True,57,57.0,,57.0,187521.655242,190834.991818,190834.991784,3347.982312,35.478574,187521.655242,24830.016158723225,74.5694798,59.166724571428574,12.2769739565735,0.298687360514895,34,64,,True,True,,183,87.6246207195492
132,2026-09-18T06:49:59.899+00:00,2026-09-18T06:53:08.669+00:00,2026-09-18T06:53:12.109+00:00,True,59,59.0,,59.0,188770.25772,192210.55032799998,192210.55019399998,3257.8059354915254,37.18558,188770.25772,24568.073226635443,67.57926700000002,59.31538979310345,7.59657406797539,0.3069550547528153,34,64,,True,True,,310,87.6246207195492
133,2026-09-18T06:50:00.347+00:00,2026-09-18T06:53:10.608+00:00,2026-09-18T06:53:16.803+00:00,True,100,100.0,,100.0,190261.938204,196456.035868,196456.03577400002,1964.56035774,39.757436,190261.938204,19019.94062318694,93.86630339999999,62.566643070707066,11.542511297354624,0.5090197384782343,34,64,,True,True,,313,87.6246207195492
134,2026-09-18T06:50:00.904+00:00,2026-09-18T06:53:12.522+00:00,2026-09-18T06:53:17.373+00:00,True,78,78.0,,78.0,191617.608158,196468.523486,196468.523537,2518.8272248333333,38.456137999999996,191617.608158,21689.291797908845,92.10062884999999,62.998900363636366,12.067181582881348,0.39701016028431724,34,64,,True,True,,542,87.6246207195492
135,2026-09-18T06:50:01.457+00:00,2026-09-18T06:53:14.689+00:00,2026-09-18T06:53:15.763+00:00,True,17,17.0,,17.0,193231.437291,194305.60202700002,194305.60211500002,11429.741300882353,56.893034,193231.437291,46849.22573686287,38720.0502558,67.135296,10.092367063600545,0.08749104412150577,34,64,,True,True,,67,87.6246207195492
136,2026-09-18T06:50:02.597+00:00,2026-09-18T06:53:16.575+00:00,2026-09-18T06:53:17.868+00:00,True,21,21.0,,21.0,193977.569971,195270.558131,195270.558295,9298.598014047619,35.066334000000005,193977.569971,42315.27085144878,96.04141,64.649408,14.738755758243423,0.10754309405881789,34,64,,True,True,,121,87.6246207195492
137,2026-09-18T06:50:02.679+00:00,2026-09-18T06:53:17.930+00:00,2026-09-18T06:53:19.244+00:00,True,22,22.0,,22.0,195251.36602900003,196564.765837,196564.76603600002,8934.762092545456,40.448785,195251.36602900003,41614.398889248216,94.1301085,62.542848,13.102494091463349,0.11192239823002333,34,64,,True,True,,104,87.6246207195492
138,2026-09-18T06:50:03.024+00:00,2026-09-18T06:53:21.004+00:00,2026-09-18T06:53:27.060+00:00,True,97,97.0,,97.0,197979.197246,204035.312446,204035.312442,2103.456829298969,35.832733,197979.197246,20095.340966584456,92.46907500000002,63.08453333333333,13.30771568785677,0.4754079028632459,34,64,,True,True,,497,87.6246207195492
139,2026-09-18T06:50:03.382+00:00,2026-09-18T06:53:22.427+00:00,2026-09-18T06:53:25.984+00:00,True,57,57.0,,57.0,199044.72162599998,202602.250458,202602.25032,3554.425444210526,35.448994,199044.72162599998,26355.7063062084,99.9209094,63.527300571428576,13.253183006858752,0.2813394218037882,34,64,,True,True,,195,87.6246207195492
140,2026-09-18T06:50:03.886+00:00,2026-09-18T06:53:24.384+00:00,2026-09-18T06:53:26.938+00:00,True,41,41.0,,41.0,200497.724171,203051.24173900002,203051.24156,4952.469306341463,34.703176,200497.724171,31302.516245043673,92.49629700000001,63.8379392,11.943531091719187,0.20191947435958546,34,64,,True,True,,206,87.6246207195492
141,2026-09-18T06:50:04.461+00:00,2026-09-18T06:53:26.888+00:00,2026-09-18T06:53:27.005+00:00,True,3,3.0,,3.0,202427.242202,202543.447514,202543.447455,67514.482485,48.384800000000006,202427.242202,116837.87761372117,182191.3000271,58.102656,13.742806968550784,0.014811636894808147,34,64,,True,True,,10,87.6246207195492
142,2026-09-18T06:50:05.045+00:00,2026-09-18T06:53:28.842+00:00,2026-09-18T06:53:32.176+00:00,True,55,55.0,,55.0,203797.102209,207131.347073,207131.347132,3766.024493309091,42.048012,203797.102209,27471.671494423725,79.43727210000002,61.74527525925926,9.374442291923334,0.2655319958915546,34,64,,True,True,,290,87.6246207195492
143,2026-09-18T06:50:05.404+00:00,2026-09-18T06:53:30.206+00:00,2026-09-18T06:53:32.295+00:00,True,34,34.0,,34.0,204801.594805,206891.201973,206891.201871,6085.035349147059,41.206303,204801.594805,35112.32538663205,84.40136120000001,63.321429333333334,9.234974440636567,0.1643375826316535,34,64,,True,True,,179,87.6246207195492
144,2026-09-18T06:50:05.861+00:00,2026-09-18T06:53:32.299+00:00,2026-09-18T06:53:34.286+00:00,True,33,33.0,,33.0,206437.685937,208425.320369,208425.320295,6315.918796818182,36.979021,206437.685937,35925.37815696551,92.0422186,62.113576,12.985279078222694,0.15833009128438041,34,64,,True,True,,147,87.6246207195492
145,2026-09-18T06:50:06.343+00:00,2026-09-18T06:53:34.218+00:00,2026-09-18T06:53:37.342+00:00,True,50,50.0,,50.0,207874.51095300002,210998.802537,210998.802586,4219.97605172,34.965805,207874.51095300002,29388.881377463462,94.47365235,63.76105273469388,14.04168825455742,0.23696816948158828,34,64,,True,True,,219,87.6246207195492
146,2026-09-18T06:50:06.814+00:00,2026-09-18T06:53:35.832+00:00,2026-09-18T06:53:39.675+00:00,True,62,62.0,,62.0,209018.69644499998,212861.12127699997,212861.12113599997,3433.2438892903224,32.01982,209018.69644499998,26537.40367946711,89.2555375,62.990571016393446,11.604732674962037,0.29126972379008703,34,64,,True,True,,239,87.6246207195492
147,2026-09-18T06:50:07.359+00:00,2026-09-18T06:53:38.264+00:00,2026-09-18T06:53:38.264+00:00,True,1,1.0,,1.0,210905.68571599998,210905.68571599998,210905.68571599998,210905.68571599998,210905.68571599998,210905.68571599998,nan,210905.68571599998,nan,nan,0.004741455862629392,34,64,,True,True,,4,87.6246207195492
148,2026-09-18T06:50:07.927+00:00,2026-09-18T06:53:40.287+00:00,2026-09-18T06:53:41.301+00:00,True,18,18.0,,18.0,212360.253706,213374.47194599998,213374.472041,11854.13733561111,39.360547,212360.253706,50039.73034802071,31910.500959999998,59.65989647058824,7.328809342411069,0.08435873249427595,34,64,,True,True,,85,87.6246207195492
149,2026-09-18T06:50:08.286+00:00,2026-09-18T06:53:41.449+00:00,2026-09-18T06:53:44.039+00:00,True,43,43.0,,43.0,213163.271357,215753.184189,215753.184209,5017.515911837209,34.299895,213163.271357,32497.69218168554,91.16042949999999,61.66459123809524,10.991066492236124,0.1993018094339315,34,64,,True,True,,172,87.6246207195492
150,2026-09-18T06:50:08.831+00:00,2026-09-18T06:53:43.615+00:00,2026-09-18T06:53:45.264+00:00,True,27,27.0,,27.0,214783.865097,216433.130505,216433.130486,8016.0418698518515,36.211872,214783.865097,41322.96812251929,94.51480009999999,63.43328492307692,12.275975317254941,0.12474984738704895,34,64,,True,True,,138,87.6246207195492
151,2026-09-18T06:50:09.198+00:00,2026-09-18T06:53:45.103+00:00,2026-09-18T06:53:46.388+00:00,True,21,21.0,,21.0,215905.06287400002,217189.829082,217189.82904500002,10342.372811666668,43.473828000000005,215905.06287400002,47100.330439993966,100.451453,64.2383104,10.331802385306643,0.09668961059899103,34,64,,True,True,,120,87.6246207195492
152,2026-09-18T06:50:09.713+00:00,2026-09-18T06:53:46.991+00:00,2026-09-18T06:53:50.222+00:00,True,51,51.0,,51.0,217278.335577,220508.859737,220508.859712,4323.703131607843,0.02113,217278.335577,30416.017460869723,94.49464349999998,64.6104832,27.449194516653574,0.23128322399756404,34,64,,True,True,,274,87.6246207195492
153,2026-09-18T06:50:10.200+00:00,2026-09-18T06:53:49.267+00:00,2026-09-18T06:53:54.778+00:00,True,90,90.0,,90.0,219067.858573,224578.181005,224578.181002,2495.3131222444445,35.900991999999995,219067.858573,23085.256193547488,87.69755225,61.913735191011234,11.089013675453478,0.40075130895283295,34,64,,True,True,,289,87.6246207195492
154,2026-09-18T06:50:10.636+00:00,2026-09-18T06:53:50.698+00:00,2026-09-18T06:53:51.740+00:00,True,18,18.0,,18.0,220061.896246,221103.71973399998,221103.71964999998,12283.539980555555,31.389401000000003,220061.896246,51854.643514382275,33096.08658904999,61.2837345882353,14.300416572867306,0.08140975656879494,34,64,,True,True,,122,87.6246207195492
155,2026-09-18T06:50:11.239+00:00,2026-09-18T06:53:53.091+00:00,2026-09-18T06:53:58.273+00:00,True,84,84.0,,84.0,221851.947488,227034.160352,227034.160406,2702.7876238809527,35.243824000000004,221851.947488,24199.22178874439,80.02003595,62.43629956626506,10.34559487312399,0.3699883747439772,34,64,,True,True,,168,87.6246207195492
156,2026-09-18T06:50:11.651+00:00,2026-09-18T06:53:54.738+00:00,2026-09-18T06:53:57.186+00:00,True,40,40.0,,40.0,223087.037905,225534.719953,225534.72000200002,5638.36800005,40.021045,223087.037905,35263.23513137035,70.7846067,62.76107815384615,7.2057167862136176,0.17735628469237796,34,64,,True,True,,221,87.6246207195492
157,2026-09-18T06:50:12.144+00:00,2026-09-18T06:53:56.429+00:00,2026-09-18T06:53:58.149+00:00,True,28,28.0,,28.0,224284.53126,226005.161788,226005.16167799997,8071.6129170714285,58.113641,224284.53126,42373.749547663945,84.87964695,63.72705659259259,6.618063149169082,0.12389097566835613,34,64,,True,True,,161,87.6246207195492
158,2026-09-18T06:50:12.514+00:00,2026-09-18T06:53:57.814+00:00,2026-09-18T06:54:03.498+00:00,True,91,91.0,,91.0,225300.176738,230984.30781,230984.30768600001,2538.2890954505497,35.862693,225300.176738,23611.257559307298,91.2457935,63.157011911111105,10.512909005466375,0.39396615667439006,34,64,,True,True,,356,87.6246207195492
159,2026-09-18T06:50:12.884+00:00,2026-09-18T06:53:59.183+00:00,2026-09-18T06:54:01.233+00:00,True,33,33.0,,33.0,226298.73038800003,228348.77378000002,228348.77363900002,6919.659807242425,36.97481,226298.73038800003,39382.402143578365,95.8981242,64.063856,11.746293753533907,0.14451577494255988,34,64,,True,True,,124,87.6246207195492
160,2026-09-18T06:50:13.381+00:00,2026-09-18T06:54:01.165+00:00,2026-09-18T06:54:03.866+00:00,True,45,45.0,,45.0,227783.91356400002,230485.23759600002,230485.23764700003,5121.894169933334,38.682508,227783.91356400002,33946.87058838917,84.478724,61.393728,10.645293750350916,0.19524026991644933,34,64,,True,True,,174,87.6246207195492
161,2026-09-18T06:50:14.002+00:00,2026-09-18T06:54:03.439+00:00,2026-09-18T06:54:04.997+00:00,True,27,27.0,,27.0,229436.917082,230994.96969,230994.969615,8555.369245,37.67721,229436.917082,44143.6233826171,67.17821319999999,59.925100307692304,7.97812542541354,0.11688566221262114,34,64,,True,True,,125,87.6246207195492
162,2026-09-18T06:50:14.611+00:00,2026-09-18T06:54:05.768+00:00,2026-09-18T06:54:08.904+00:00,True,49,49.0,,49.0,231157.394415,234293.642991,234293.642833,4781.502914959184,35.641314,231157.394415,33013.15405042168,96.3143218,65.338512,14.704735696994954,0.2091392637651814,34,64,,True,True,,284,87.6246207195492
163,2026-09-18T06:50:15.274+00:00,2026-09-18T06:54:08.413+00:00,2026-09-18T06:54:13.206+00:00,True,78,78.0,,78.0,233139.389554,237931.724146,237931.72434299998,3050.406722346154,36.576691,233139.389554,26390.79323224447,94.54410920000002,62.238111584415584,11.918475818827163,0.3278251367276166,34,64,,True,True,,88,87.6246207195492
164,2026-09-18T06:50:15.677+00:00,2026-09-18T06:54:09.964+00:00,2026-09-18T06:54:10.767+00:00,True,15,15.0,,15.0,234286.728007,235089.772103,235089.771973,15672.651464866667,36.62982100000001,234286.728007,60477.76347012719,70334.4798221,57.36029257142857,10.064845011342841,0.06380541299528779,34,64,,True,True,,93,87.6246207195492
165,2026-09-18T06:50:16.275+00:00,2026-09-18T06:54:12.127+00:00,2026-09-18T06:54:16.795+00:00,True,77,77.0,,77.0,235851.800891,240519.192379,240519.19222199998,3123.625873012987,36.403552000000005,235851.800891,26870.810370610674,78.8446624,61.41304589473684,10.031637738031481,0.3201407722950718,34,64,,True,True,,331,87.6246207195492
166,2026-09-18T06:50:17.250+00:00,2026-09-18T06:54:12.906+00:00,2026-09-18T06:54:17.028+00:00,True,67,67.0,,67.0,235656.61894800002,239778.592708,239778.592841,3578.7849677761196,38.132889000000006,235656.61894800002,28782.41053034361,95.4361533,62.45414787878787,11.653402762468424,0.279424444206293,34,64,,True,True,,337,87.6246207195492
167,2026-09-18T06:50:17.478+00:00,2026-09-18T06:54:17.026+00:00,2026-09-18T06:54:21.877+00:00,True,77,77.0,,77.0,239548.543796,244398.97144400002,244398.971365,3174.0126151298705,39.626985999999995,239548.543796,27291.818355306106,81.3239578,63.82141642105263,8.607653076901613,0.315058609064741,34,64,,True,True,,236,87.6246207195492
168,2026-09-18T06:50:18.073+00:00,2026-09-18T06:54:19.593+00:00,2026-09-18T06:54:25.235+00:00,True,91,91.0,,91.0,241519.943738,247161.463098,247161.463087,2716.060033923077,34.845535000000005,241519.943738,25311.600432484858,78.9265675,62.68354844444445,10.055450210272282,0.3681803743163566,34,64,,True,True,,469,87.6246207195492
169,2026-09-18T06:50:18.669+00:00,2026-09-18T06:54:22.007+00:00,2026-09-18T06:54:22.781+00:00,True,13,13.0,,13.0,243337.88952,244112.72728,244112.727379,18777.902106076923,38.846237,243337.88952,67471.88076437326,97399.6260174,64.56981333333333,15.716146596836571,0.05325408529432739,34,64,,True,True,,64,87.6246207195492
170,2026-09-18T06:50:19.150+00:00,2026-09-18T06:54:24.063+00:00,2026-09-18T06:54:25.300+00:00,True,21,21.0,,21.0,244912.967338,246150.278058,246150.278031,11721.441810999999,42.8543,244912.967338,53430.891119386666,68.706861,61.865536,5.427703518013023,0.08531373665583186,34,64,,True,True,,102,87.6246207195492
171,2026-09-18T06:50:19.716+00:00,2026-09-18T06:54:26.253+00:00,2026-09-18T06:54:28.319+00:00,True,33,33.0,,33.0,246536.965102,248602.86999799998,248602.870103,7533.4203061515145,39.581666,246536.965102,42905.34087811976,96.262931,64.559528,14.144415342054074,0.13274183037494894,34,64,,True,True,,143,87.6246207195492
172,2026-09-18T06:50:20.328+00:00,2026-09-18T06:54:28.381+00:00,2026-09-18T06:54:31.270+00:00,True,47,47.0,,47.0,248052.954046,250941.97139,250941.971388,5339.190880595745,34.821905,248052.954046,36173.08282947555,91.58164359999999,62.80472486956522,11.560611897361817,0.1872942965246544,34,64,,True,True,,184,87.6246207195492
173,2026-09-18T06:50:20.699+00:00,2026-09-18T06:54:29.987+00:00,2026-09-18T06:54:33.839+00:00,True,63,63.0,,63.0,249287.971453,253139.915133,253139.915201,4018.093892079365,40.701194,249287.971453,31399.505898714942,73.6050457,62.12812387096774,8.202646368844054,0.2488742242285249,34,64,,True,True,,314,87.6246207195492
174,2026-09-18T06:50:21.118+00:00,2026-09-18T06:54:31.390+00:00,2026-09-18T06:54:33.588+00:00,True,36,36.0,,36.0,250271.9896,252470.770272,252470.770123,7013.076947861111,36.243002,250271.9896,41701.52899464306,92.533326,62.82230491428571,9.768442192237618,0.1425907639178005,34,64,,True,True,,122,87.6246207195492
175,2026-09-18T06:50:21.483+00:00,2026-09-18T06:54:32.600+00:00,2026-09-18T06:54:36.400+00:00,True,63,63.0,,63.0,251117.255667,254917.355763,254917.355823,4046.3072352857143,35.084085,251117.255667,31630.079505725673,74.9631044,61.29193703225806,8.649287066130876,0.24713892002932875,34,64,,True,True,,322,87.6246207195492
176,2026-09-18T06:50:22.046+00:00,2026-09-18T06:54:34.945+00:00,2026-09-18T06:54:40.290+00:00,True,85,85.0,,85.0,252898.156478,258244.104126,258244.104168,3038.165931388235,38.341908000000004,252898.156478,27423.7562613183,93.61076440000001,63.6422339047619,12.461779480890577,0.32914594618790455,34,64,,True,True,,399,87.6246207195492
177,2026-09-18T06:50:22.633+00:00,2026-09-18T06:54:37.298+00:00,2026-09-18T06:54:39.820+00:00,True,41,41.0,,41.0,254664.531204,257187.121412,257187.1214,6272.856619512195,36.738541,254664.531204,39762.07084037626,91.49462,63.0647552,12.907599484137332,0.1594170025890223,34,64,,True,True,,214,87.6246207195492
178,2026-09-18T06:50:23.211+00:00,2026-09-18T06:54:39.610+00:00,2026-09-18T06:54:40.703+00:00,True,18,18.0,,18.0,256398.84520100002,257491.69819300002,257491.69819400003,14305.094344111112,39.814686,256398.84520100002,60418.6367344779,38548.9494357,64.28547011764707,14.28070128578272,0.0699051663658232,34,64,,True,True,,56,87.6246207195492
179,2026-09-18T06:50:23.719+00:00,2026-09-18T06:54:41.200+00:00,2026-09-18T06:54:42.771+00:00,True,27,27.0,,27.0,257481.52549,259052.168178,259052.16808,9594.524743703703,40.714453,257481.52549,49540.71725618433,65.8020903,60.40933415384615,6.030345945468241,0.10422611086369196,34,64,,True,True,,125,87.6246207195492
180,2026-09-18T06:50:24.315+00:00,2026-09-18T06:54:43.204+00:00,2026-09-18T06:54:46.842+00:00,True,61,61.0,,61.0,258889.452318,262527.668766,262527.668758,4303.732274721311,35.170164,258889.452318,33139.63507558165,69.57779,60.6369408,8.680528714514683,0.2323564608893526,34,64,,True,True,,320,87.6246207195492
181,2026-09-18T06:50:24.861+00:00,2026-09-18T06:54:45.175+00:00,2026-09-18T06:54:45.322+00:00,True,3,3.0,,3.0,260313.683937,260461.210593,260461.21077099998,86820.40359033333,58.66776,260313.683937,150249.5889244432,234291.20145069997,73.763328,21.3483343699083,0.011518029856230065,34,64,,True,True,,12,87.6246207195492
182,2026-09-18T06:50:25.297+00:00,2026-09-18T06:54:46.647+00:00,2026-09-18T06:54:48.477+00:00,True,32,32.0,,32.0,261350.482235,263180.524603,263180.524408,8224.39138775,35.515764000000004,261350.482235,46190.240336398216,88.0395951,59.03362477419355,12.127459548200738,0.1215895440905859,34,64,,True,True,,113,87.6246207195492
183,2026-09-18T06:50:25.715+00:00,2026-09-18T06:54:48.253+00:00,2026-09-18T06:54:50.453+00:00,True,37,37.0,,37.0,262538.149499,264738.047355,264738.047301,7155.082359486486,35.433903,262538.149499,43150.96121927669,94.515127,61.108273777777775,11.347932273304536,0.13976079513189474,34,64,,True,True,,155,87.6246207195492
184,2026-09-18T06:50:26.193+00:00,2026-09-18T06:54:50.019+00:00,2026-09-18T06:54:53.834+00:00,True,65,65.0,,65.0,263825.855275,267640.495147,267640.495244,4117.546080676922,35.484584000000005,263825.855275,32716.17879179145,69.31367420000001,59.603748,10.9086473412226,0.2428630987410897,34,64,,True,True,,287,87.6246207195492
185,2026-09-18T06:50:26.711+00:00,2026-09-18T06:54:51.917+00:00,2026-09-18T06:54:52.235+00:00,True,6,6.0,,6.0,265206.000698,265523.82393,265523.823863,44253.97064383334,39.242516,265206.000698,108243.94774373752,198928.11415925,63.5646464,20.085391238501202,0.022596842389486598,34,64,,True,True,,23,87.6246207195492
186,2026-09-18T06:50:27.178+00:00,2026-09-18T06:54:53.464+00:00,2026-09-18T06:54:59.616+00:00,True,99,99.0,,99.0,266285.547923,272437.76910700003,272437.769136,2751.896657939394,36.344212,266285.547923,26756.3978784724,92.8156694,62.77776718367347,12.192318311114509,0.36338573878542413,34,64,,True,True,,323,87.6246207195492
187,2026-09-18T06:50:27.660+00:00,2026-09-18T06:54:55.217+00:00,2026-09-18T06:54:57.653+00:00,True,39,39.0,,39.0,267557.536699,269992.915899,269992.915888,6922.895279179487,37.792199000000004,267557.536699,42833.23355490381,94.6872919,64.08892631578948,11.894563178416513,0.14444823439215446,34,64,,True,True,,185,87.6246207195492
188,2026-09-18T06:50:28.215+00:00,2026-09-18T06:54:57.592+00:00,2026-09-18T06:54:58.432+00:00,True,14,14.0,,14.0,269377.663665,270217.585329,270217.585439,19301.256102785715,50.990804,269377.663665,71976.94245258179,94350.22970634999,64.60935876923077,13.084028683255564,0.05181009956459524,34,64,,True,True,,74,87.6246207195492
189,2026-09-18T06:50:28.742+00:00,2026-09-18T06:54:59.677+00:00,2026-09-18T06:55:01.545+00:00,True,30,30.0,,30.0,270934.508508,272803.173596,272803.173622,9093.439120733334,38.531627,270934.508508,49453.883847060846,94.18792625,64.4367271724138,10.245790751337971,0.10996939516703583,34,64,,True,True,,141,87.6246207195492
190,2026-09-18T06:50:29.260+00:00,2026-09-18T06:55:01.681+00:00,2026-09-18T06:55:04.844+00:00,True,51,51.0,,51.0,272421.213213,275583.52694099996,275583.5269,5403.598566666667,36.654471,272421.213213,38137.74610145399,96.280124,63.24627456,13.719397358886466,0.18506185970585484,34,64,,True,True,,271,87.6246207195492
191,2026-09-18T06:50:29.824+00:00,2026-09-18T06:55:03.495+00:00,2026-09-18T06:55:04.147+00:00,True,11,11.0,,11.0,273671.02126999997,274323.498966,274323.498836,24938.499894181816,38.138578,273671.02126999997,82495.2455885224,136881.62483349998,65.2477696,13.07306680783986,0.040098642812088636,34,64,,True,True,,37,87.6246207195492
192,2026-09-18T06:50:30.242+00:00,2026-09-18T06:55:05.243+00:00,2026-09-18T06:55:07.570+00:00,True,39,39.0,,39.0,275000.783502,277327.596686,277327.596827,7110.964021205127,38.965546,275000.783502,44025.56354892438,70.5146688,61.23192589473684,8.222493946884695,0.14062790889201396,34,64,,True,True,,171,87.6246207195492
193,2026-09-18T06:50:30.681+00:00,2026-09-18T06:55:07.322+00:00,2026-09-18T06:55:08.737+00:00,True,22,22.0,,22.0,276640.78700199997,278056.022074,278056.021976,12638.91008981818,37.38297,276640.78700199997,58965.64757939417,95.25174605000002,67.39214628571429,14.381387645636792,0.07912074637299193,34,64,,True,True,,54,87.6246207195492
194,2026-09-18T06:50:31.176+00:00,2026-09-18T06:55:08.858+00:00,2026-09-18T06:55:09.701+00:00,True,16,16.0,,16.0,277681.861533,278524.994973,278524.995001,17407.8121875625,33.955625999999995,277681.861533,69406.41399899368,69470.6701095,56.208896,11.178710159735093,0.0574454727179908,34,64,,True,True,,90,87.6246207195492
195,2026-09-18T06:50:31.610+00:00,2026-09-18T06:55:10.691+00:00,2026-09-18T06:55:10.948+00:00,True,5,5.0,,5.0,279081.263584,279337.745376,279337.745363,55867.5490726,60.096717,279081.263584,124780.25983171137,223278.7917314,64.120448,3.7508991434851104,0.017899478616002273,34,64,,True,True,,15,87.6246207195492
196,2026-09-18T06:50:32.264+00:00,2026-09-18T06:55:12.478+00:00,2026-09-18T06:55:15.657+00:00,True,52,52.0,,52.0,280213.79857,283393.512874,283393.512795,5449.875246057692,36.689811,280213.79857,38850.01798183609,90.36884419999998,62.347339294117646,11.73980748787617,0.18349043869299786,34,64,,True,True,,248,87.6246207195492
197,2026-09-18T06:50:32.813+00:00,2026-09-18T06:55:14.581+00:00,2026-09-18T06:55:20.412+00:00,True,95,95.0,,95.0,281768.284376,287598.759896,287598.760068,3027.355369136842,36.878101,281768.284376,28902.454244016,86.2363113,62.026335319148934,10.822099649682901,0.33032131304861473,34,64,,True,True,,291,87.6246207195492
198,2026-09-18T06:50:33.197+00:00,2026-09-18T06:55:16.321+00:00,2026-09-18T06:55:17.687+00:00,True,23,23.0,,23.0,283124.370721,284490.618401,284490.618358,12369.157319913043,36.414311999999995,283124.370721,59022.564053284696,91.65236709999999,62.10216727272727,11.029747095703286,0.08084625120249361,34,64,,True,True,,101,87.6246207195492
199,2026-09-18T06:50:34.786+00:00,2026-09-18T06:55:19.070+00:00,2026-09-18T06:55:21.325+00:00,True,37,37.0,,37.0,284283.920727,286539.195223,286539.19518599997,7744.3025725945945,42.063911,284283.920727,46725.69064548875,90.880785,62.64651377777778,9.774805711687348,0.12912718614709806,34,64,,True,True,,166,87.6246207195492
200,2026-09-18T06:50:34.849+00:00,2026-09-18T06:55:19.459+00:00,2026-09-18T06:55:22.842+00:00,True,56,56.0,,56.0,284610.51926200005,287993.91049400007,287993.910465,5142.748401160715,36.903451000000004,284610.51926200005,38024.46100442684,73.23727975,61.51620421818182,8.946158800866716,0.1944485558876658,34,64,,True,True,,276,87.6246207195492
201,2026-09-18T06:50:35.095+00:00,2026-09-18T06:55:23.308+00:00,2026-09-18T06:55:25.102+00:00,True,31,31.0,,31.0,288212.874935,290006.88427900005,290006.88427900005,9355.060783193549,38.990556,288212.874935,51753.82094306906,77.89775900000001,59.80031146666667,10.061131638520807,0.10689401417856192,34,64,,True,True,,108,87.6246207195492
202,2026-09-18T06:50:35.504+00:00,2026-09-18T06:55:25.231+00:00,2026-09-18T06:55:26.742+00:00,True,25,25.0,,25.0,289726.414912,291237.260608,291237.260578,11649.49042312,38.482448,289726.414912,57932.69391287119,95.4706812,62.951904,12.589933961039247,0.08584066457639684,34,64,,True,True,,73,87.6246207195492
203,2026-09-18T06:50:35.916+00:00,2026-09-18T06:55:26.680+00:00,2026-09-18T06:55:30.129+00:00,True,58,58.0,,58.0,290764.05832300003,294213.40821100003,294213.40831100004,5072.644970879311,36.277452,290764.05832300003,38171.24710880696,89.02739904999999,60.51491031578948,11.839258606088835,0.197135814960562,34,64,,True,True,,205,87.6246207195492
204,2026-09-18T06:50:36.333+00:00,2026-09-18T06:55:28.310+00:00,2026-09-18T06:55:31.757+00:00,True,57,57.0,,57.0,291976.892005,295423.503461,295423.50341799995,5182.868481017544,34.623385,291976.892005,38665.133703688974,89.91651959999999,61.54663314285714,11.421161166472347,0.19294334855630332,34,64,,True,True,,295,87.6246207195492
205,2026-09-18T06:50:36.873+00:00,2026-09-18T06:55:30.355+00:00,2026-09-18T06:55:31.821+00:00,True,24,24.0,,24.0,293481.74498400005,294947.726168,294947.726114,12289.488588083335,54.962727,293481.74498400005,59893.70036998898,94.3748663,63.73831234782609,8.389347160245798,0.08137035098324433,34,64,,True,True,,129,87.6246207195492
206,2026-09-18T06:50:37.377+00:00,2026-09-18T06:55:32.153+00:00,2026-09-18T06:55:33.170+00:00,True,18,18.0,,18.0,294775.693961,295793.074057,295793.074092,16432.948560666668,36.404302,294775.693961,69465.19210781094,44273.20501305,59.845888,8.953777171199203,0.0608533518148953,34,64,,True,True,,79,87.6246207195492
207,2026-09-18T06:50:37.836+00:00,2026-09-18T06:55:33.695+00:00,2026-09-18T06:55:37.904+00:00,False,67,66.0,,66.0,295859.033755,300067.717275,300067.7171,4478.622643283582,0.02196,295859.033755,36137.14604071555,94.49905459999998,63.76793212121213,14.26168904129098,0.2199503518717865,34,64,,True,False,Request timeout: 300.0s exceeded,300,87.6246207195492
208,2026-09-18T06:50:38.499+00:00,2026-09-18T06:55:36.683+00:00,2026-09-18T06:55:38.524+00:00,False,31,30.0,,30.0,298183.92024199996,300025.06840199995,300025.068369,9678.228011903224,0.026,298183.92024199996,53544.39242302562,91.3683135,61.371605333333335,15.010781343010002,0.09999164456419143,34,64,,True,False,Request timeout: 300.0s exceeded,169,87.6246207195492
209,2026-09-18T06:50:38.940+00:00,2026-09-18T06:55:38.328+00:00,2026-09-18T06:55:39.015+00:00,False,13,12.0,,12.0,299388.36276,300074.79348,300074.793472,23082.676420923075,0.039119999999999995,299388.36276,83019.52851967473,119798.16723959999,57.20256,18.40362105555471,0.03999003002163126,34,64,,True,False,Request timeout: 300.0s exceeded,48,87.6246207195492
210,2026-09-18T06:50:39.341+00:00,2026-09-18T06:55:39.419+00:00,2026-09-18T06:55:39.419+00:00,False,1,0.0,,0.0,300078.183173,300078.183173,300078.183173,300078.183173,300078.183173,300078.183173,nan,300078.183173,nan,nan,0.0,34,64,,True,False,TTFT timeout: 300.0s exceeded (TTFT: 300.071s),0,87.6246207195492
211,2026-09-18T06:50:39.746+00:00,2026-09-18T06:55:39.791+00:00,2026-09-18T06:55:39.791+00:00,False,1,0.0,,0.0,300044.11826599995,300044.11826599995,300044.11826599995,300044.11826599995,300044.11826599995,300044.11826599995,nan,300044.11826599995,nan,nan,0.0,34,64,,True,False,TTFT timeout: 300.0s exceeded (TTFT: 300.036s),0,87.6246207195492
212,2026-09-18T06:50:40.184+00:00,2026-09-18T06:55:40.159+00:00,2026-09-18T06:55:40.227+00:00,False,3,2.0,,2.0,299974.971685,300043.115813,300043.115917,100014.37197233333,0.038060000000000004,299974.971685,173170.96245157256,269984.2851337,34.072064,48.13159328339289,0.00666570867517083,34,64,,True,False,Request timeout: 300.0s exceeded,6,87.6246207195492
213,2026-09-18T06:50:40.595+00:00,2026-09-18T06:55:40.520+00:00,2026-09-18T06:55:40.611+00:00,False,3,2.0,,2.0,299925.161558,300016.182358,300016.182387,100005.39412900001,0.036539999999999996,299925.161558,173135.6032840223,269941.74383110006,45.5104,64.30965337893315,0.006666307078107747,34,64,,True,False,Request timeout: 300.0s exceeded,5,87.6246207195492
214,2026-09-18T06:50:41.215+00:00,2026-09-18T06:55:41.296+00:00,2026-09-18T06:55:41.296+00:00,False,1,0.0,,0.0,300080.340201,300080.340201,300080.340201,300080.340201,300080.340201,300080.340201,nan,300080.340201,nan,nan,0.0,34,64,,True,False,TTFT timeout: 300.0s exceeded (TTFT: 300.073s),0,87.6246207195492
215,2026-09-18T06:50:41.727+00:00,2026-09-18T06:55:41.682+00:00,2026-09-18T06:55:41.745+00:00,False,3,2.0,,2.0,299954.83486299997,300017.66852699994,300017.66843499994,100005.88947833332,0.03711,299954.83486299997,173160.86900629243,269965.6310229,31.416832,44.37761429376176,0.006666274055856183,34,64,,True,False,Request timeout: 300.0s exceeded,21,87.6246207195492
216,2026-09-18T06:50:42.194+00:00,2026-09-18T06:55:42.300+00:00,2026-09-18T06:55:42.300+00:00,False,1,0.0,,0.0,300106.265475,300106.265475,300106.265475,300106.265475,300106.265475,300106.265475,nan,300106.265475,nan,nan,0.0,34,64,,True,False,"HTTPConnectionPool(host='gpu03', port=9002): Read timed out.",0,87.6246207195492
217,2026-09-18T06:50:42.576+00:00,2026-09-18T06:55:42.623+00:00,2026-09-18T06:55:42.623+00:00,False,1,0.0,,0.0,300046.619608,300046.619608,300046.619608,300046.619608,300046.619608,300046.619608,nan,300046.619608,nan,nan,0.0,34,64,,True,False,TTFT timeout: 300.0s exceeded (TTFT: 300.035s),0,87.6246207195492
218,2026-09-18T06:50:42.952+00:00,2026-09-18T06:55:42.818+00:00,2026-09-18T06:55:42.892+00:00,True,2,2.0,,2.0,299865.692918,299939.90142999997,299939.901489,149969.9507445,74.20857099999999,299865.692918,211984.5915237444,284876.11870064994,74.208512,nan,0.006668002458041617,34,64,,True,True,,3,87.6246207195492
219,2026-09-18T06:50:43.615+00:00,2026-09-18T06:55:43.713+00:00,2026-09-18T06:55:43.713+00:00,False,1,0.0,,0.0,300098.112426,300098.112426,300098.112426,300098.112426,300098.112426,300098.112426,nan,300098.112426,nan,nan,0.0,34,64,,True,False,"HTTPConnectionPool(host='gpu03', port=9002): Read timed out.",0,87.6246207195492
220,2026-09-18T06:50:44.178+00:00,2026-09-18T06:55:44.152+00:00,2026-09-18T06:55:44.253+00:00,False,3,2.0,,2.0,299974.241614,300075.490382,300075.490414,100025.16347133333,0.040240000000000005,299974.241614,173160.9885232061,269986.9383086,50.624384,71.53685036808461,0.006664989524649194,34,64,,True,False,Request timeout: 300.0s exceeded,5,87.6246207195492
221,2026-09-18T06:50:44.622+00:00,2026-09-18T06:55:44.423+00:00,2026-09-18T06:55:45.817+00:00,False,24,23.0,,23.0,299801.081317,301195.466981,301195.46697099996,12549.811123791666,0.02138,299801.081317,61184.267017178056,90.47863715000001,60.62546365217391,18.497661088063484,0.07636237102283776,34,64,,True,False,Request timeout: 300.0s exceeded,98,87.6246207195492
222,2026-09-18T06:50:45.016+00:00,2026-09-18T06:55:45.319+00:00,2026-09-18T06:55:45.908+00:00,False,11,10.0,,10.0,300303.25882499997,300891.702985,300891.70285099995,27353.791168272724,0.0436,300303.25882499997,90527.10045496214,150198.12323049997,58.844416,26.00064325165364,0.033234548845298396,34,64,,True,False,Request timeout: 300.0s exceeded,54,87.6246207195492
224,2026-09-18T06:50:46.056+00:00,2026-09-18T06:55:46.163+00:00,2026-09-18T06:55:46.163+00:00,False,1,0.0,,0.0,300106.83475700003,300106.83475700003,300106.83475700003,300106.83475700003,300106.83475700003,300106.83475700003,nan,300106.83475700003,nan,nan,0.0,34,64,,True,False,"HTTPConnectionPool(host='gpu03', port=9002): Read timed out.",0,87.6246207195492
223,2026-09-18T06:50:45.643+00:00,2026-09-18T06:55:46.751+00:00,2026-09-18T06:55:46.751+00:00,False,1,0.0,,0.0,301108.86667799996,301108.86667799996,301108.86667799996,301108.86667799996,301108.86667799996,301108.86667799996,nan,301108.86667799996,nan,nan,0.0,34,64,,True,False,"HTTPConnectionPool(host='gpu03', port=9002): Read timed out.",0,87.6246207195492
225,2026-09-18T06:50:46.677+00:00,2026-09-18T06:55:46.772+00:00,2026-09-18T06:55:46.772+00:00,False,1,0.0,,0.0,300095.337862,300095.337862,300095.337862,300095.337862,300095.337862,300095.337862,nan,300095.337862,nan,nan,0.0,34,64,,True,False,"HTTPConnectionPool(host='gpu03', port=9002): Read timed out.",0,87.6246207195492
226,2026-09-18T06:50:47.124+00:00,2026-09-18T06:55:47.108+00:00,2026-09-18T06:55:47.286+00:00,False,3,2.0,,2.0,299983.91636000003,300162.179912,300162.179766,100054.05992200001,0.019440000000000002,299983.91636000003,173144.35758200407,270003.34912060003,89.131776,126.0238515185312,0.0066630646158898155,34,64,,True,False,Request timeout: 300.0s exceeded,6,87.6246207195492
227,2026-09-18T06:50:47.611+00:00,2026-09-18T06:55:47.292+00:00,2026-09-18T06:55:47.631+00:00,False,8,7.0,,7.0,299680.771146,300020.25249000004,300020.25261900004,37502.531577375004,0.06788,299680.771146,105936.00844702646,194814.5152131,48.49733485714286,22.872497485727056,0.023331758245998133,34,64,,True,False,Request timeout: 300.0s exceeded,22,87.6246207195492
228,2026-09-18T06:50:48.189+00:00,2026-09-18T06:55:48.297+00:00,2026-09-18T06:55:48.297+00:00,False,1,0.0,,0.0,300108.31388,300108.31388,300108.31388,300108.31388,300108.31388,300108.31388,nan,300108.31388,nan,nan,0.0,34,64,,True,False,"HTTPConnectionPool(host='gpu03', port=9002): Read timed out.",0,87.6246207195492
229,2026-09-18T06:50:48.604+00:00,2026-09-18T06:55:48.556+00:00,2026-09-18T06:55:48.655+00:00,False,3,2.0,,2.0,299951.958823,300050.827559,300050.827507,100016.94250233335,0.023530000000000002,299951.958823,173148.8102898408,269966.64745610004,49.434368,69.87744611512153,0.006665537356689121,34,64,,True,False,Request timeout: 300.0s exceeded,7,87.6246207195492
230,2026-09-18T06:50:49.056+00:00,2026-09-18T06:55:48.888+00:00,2026-09-18T06:55:49.048+00:00,True,3,3.0,,3.0,299832.486436,299992.13801999995,299992.138207,99997.37940233333,70.62052800000001,299832.486436,173062.27950395882,269858.1409167,79.825792,13.018367585943793,0.010000262072868039,34,64,,True,True,,12,87.6246207195492
231,2026-09-18T06:50:49.423+00:00,2026-09-18T06:55:49.522+00:00,2026-09-18T06:55:49.522+00:00,False,1,0.0,,0.0,300099.099166,300099.099166,300099.099166,300099.099166,300099.099166,300099.099166,nan,300099.099166,nan,nan,0.0,34,64,,True,False,"HTTPConnectionPool(host='gpu03', port=9002): Read timed out.",0,87.6246207195492
232,2026-09-18T06:50:50.075+00:00,2026-09-18T06:55:50.022+00:00,2026-09-18T06:55:50.167+00:00,False,4,3.0,,3.0,299947.067225,300092.475225,300092.475232,75023.118808,0.02293,299947.067225,149949.30285886975,254966.01765755002,48.46933333333334,41.9619627832753,0.009996918442392444,34,64,,True,False,Request timeout: 300.0s exceeded,10,87.6246207195492
233,2026-09-18T06:50:50.737+00:00,2026-09-18T06:55:50.514+00:00,2026-09-18T06:55:50.798+00:00,False,7,6.0,,6.0,299777.19732599996,300061.16174199997,300061.16170299996,42865.88024328571,0.05396,299777.19732599996,113287.2446492076,209863.5343326,47.327402666666664,25.094000353287274,0.019995923381643604,34,64,,True,False,Request timeout: 300.0s exceeded,51,87.6246207195492
234,2026-09-18T06:50:51.274+00:00,2026-09-18T06:55:51.397+00:00,2026-09-18T06:55:51.397+00:00,False,1,0.0,,0.0,300122.612595,300122.612595,300122.612595,300122.612595,300122.612595,300122.612595,nan,300122.612595,nan,nan,0.0,34,64,,True,False,TTFT timeout: 300.0s exceeded (TTFT: 300.096s),0,87.6246207195492
235,2026-09-18T06:50:51.837+00:00,2026-09-18T06:55:51.679+00:00,2026-09-18T06:55:51.861+00:00,False,5,4.0,,4.0,299841.729537,300023.465473,300023.465496,60004.6930992,0.02234,299841.729537,134072.98182336817,239885.82349819998,45.433984,30.336773945817946,0.013332290504990421,34,64,,True,False,Request timeout: 300.0s exceeded,13,87.6246207195492
236,2026-09-18T06:50:52.449+00:00,2026-09-18T06:55:52.555+00:00,2026-09-18T06:55:52.555+00:00,False,1,0.0,,0.0,300106.323066,300106.323066,300106.323066,300106.323066,300106.323066,300106.323066,nan,300106.323066,nan,nan,0.0,34,64,,True,False,"HTTPConnectionPool(host='gpu03', port=9002): Read timed out.",0,87.6246207195492
237,2026-09-18T06:50:53.035+00:00,2026-09-18T06:55:52.888+00:00,2026-09-18T06:55:53.071+00:00,False,7,6.0,,6.0,299853.768094,300036.751006,300036.751021,42862.393003,0.027469999999999998,299853.768094,113322.5454161637,209908.73007910003,30.497152,14.930198896709179,0.019997550233038,34,64,,True,False,Request timeout: 300.0s exceeded,20,87.6246207195492
0,2026-09-18T06:48:53.170+00:00,2026-09-18T06:48:53.416+00:00,2026-09-18T06:48:57.006+00:00,True,64,64.0,,64.0,245.365364,3836.279668,3836.2795810000002,59.941868453125004,3.393394,245.365364,27.1256555572236,72.86851515000001,56.99863974603175,13.576469248376945,16.682829600211516,35,64,,False,True,,299,87.6246207195492
1,2026-09-18T06:48:53.472+00:00,2026-09-18T06:48:53.608+00:00,2026-09-18T06:48:57.881+00:00,True,73,73.0,,73.0,135.49518799999998,4408.478484,4408.478469,60.39011601369863,10.174751,135.49518799999998,14.005804535052677,71.9678484,59.346990222222225,10.880003209550333,16.559001085055538,35,64,,False,True,,313,87.6246207195492
2,2026-09-18T06:48:53.839+00:00,2026-09-18T06:48:54.035+00:00,2026-09-18T06:48:59.450+00:00,True,92,92.0,,92.0,196.045206,5610.554518,5610.554445,60.98428744565217,20.698001,196.045206,17.009368464384597,71.01128510000001,59.500102329670334,9.360713047605,16.39766616737116,35,64,,False,True,,280,87.6246207195492
3,2026-09-18T06:48:54.339+00:00,2026-09-18T06:48:56.817+00:00,2026-09-18T06:49:01.440+00:00,True,77,77.0,,77.0,2478.717854,7101.608606,7101.608584,92.2286829090909,13.714013999999999,2478.717854,275.7319500733801,70.1101514,60.82750989473684,10.241825082664041,10.842613874122028,35,64,,False,True,,444,87.6246207195492
4,2026-09-18T06:48:54.884+00:00,2026-09-18T06:48:58.777+00:00,2026-09-18T06:48:58.957+00:00,True,4,4.0,,4.0,3892.2107579999997,4072.971846,4072.9717619999997,1018.2429404999999,49.814128,3892.2107579999997,1915.9959803596744,3318.8449818,60.253696,10.010966868105399,0.9820838815589495,35,64,,False,True,,9,87.6246207195492
5,2026-09-18T06:48:55.430+00:00,2026-09-18T06:49:00.470+00:00,2026-09-18T06:49:03.140+00:00,True,46,46.0,,46.0,5040.919724,7710.905004,7710.904982,167.62836917391306,0.0,5040.919724,734.6536176740977,69.63800599999999,59.333006222222224,15.443239763863293,5.965577318892879,35,64,,False,True,,216,87.6246207195492
6,2026-09-18T06:48:55.978+00:00,2026-09-18T06:49:02.735+00:00,2026-09-18T06:49:06.860+00:00,True,70,70.0,,70.0,6757.0652740000005,10882.768186000001,10882.768268,155.46811811428572,3.689803,6757.0652740000005,800.6333139417543,68.63891445000002,59.79279582608695,15.927516539599223,6.432186995405324,35,64,,False,True,,323,87.6246207195492
7,2026-09-18T06:48:56.331+00:00,2026-09-18T06:49:04.048+00:00,2026-09-18T06:49:09.664+00:00,True,95,95.0,,95.0,7717.156980000001,13333.448564,13333.448753,140.35209213684212,0.0,7717.156980000001,786.3293109944177,70.60697269999999,59.747782808510635,33.24725250921098,7.1249384241446565,35,64,,False,True,,373,87.6246207195492
8,2026-09-18T06:48:56.843+00:00,2026-09-18T06:49:05.927+00:00,2026-09-18T06:49:09.668+00:00,True,63,63.0,,63.0,9083.334021,12824.912005,12824.912168,203.57003441269842,0.0,9083.334021,1137.4940152393867,67.4912229,60.348032,40.35849143610508,4.9123144061681225,35,64,,False,True,,326,87.6246207195492
9,2026-09-18T06:48:57.226+00:00,2026-09-18T06:49:07.357+00:00,2026-09-18T06:49:09.280+00:00,True,33,33.0,,33.0,10130.792845,12053.566605,12053.566472,365.25959006060606,0.0,10130.792845,1753.969775466784,235.07744099999996,60.08668,56.59794243946472,2.737778873376043,35,64,,False,True,,141,87.6246207195492
10,2026-09-18T06:48:57.718+00:00,2026-09-18T06:49:08.972+00:00,2026-09-18T06:49:14.080+00:00,True,86,86.0,,86.0,11254.341156999999,16362.130212999999,16362.130265999998,190.2573286744186,0.0,11254.341156999999,1207.4404545222392,68.5180805,60.09163595294118,28.544713315842163,5.256039334760428,35,64,,False,True,,318,87.6246207195492
11,2026-09-18T06:48:58.150+00:00,2026-09-18T06:49:10.523+00:00,2026-09-18T06:49:14.551+00:00,True,68,68.0,,68.0,12372.724828,16401.213788,16401.213913,241.19432225,0.0,12372.724828,1493.4830510163385,73.12948865,60.12670089552238,33.09284266917466,4.14603460932583,35,64,,False,True,,358,87.6246207195492
12,2026-09-18T06:48:58.491+00:00,2026-09-18T06:49:11.918+00:00,2026-09-18T06:49:13.065+00:00,True,20,20.0,,20.0,13426.65209,14574.030778,14574.030757,728.70153785,40.742675000000006,13426.65209,2988.795460063365,741.0585128499999,60.388352,7.116927497499028,1.3723039497206693,35,64,,False,True,,59,87.6246207195492
13,2026-09-18T06:48:58.799+00:00,2026-09-18T06:49:13.126+00:00,2026-09-18T06:49:14.261+00:00,True,20,20.0,,20.0,14326.778227,15462.091123,15462.091117,773.10455585,0.0,14326.778227,3190.538543239092,940.0256956999999,59.75331031578948,47.48552400145136,1.293486103587232,35,64,,False,True,,100,87.6246207195492
14,2026-09-18T06:48:59.116+00:00,2026-09-18T06:49:14.388+00:00,2026-09-18T06:49:15.739+00:00,True,24,24.0,,24.0,15272.02489,16623.481402,16623.481519,692.6450632916667,36.182172,15272.02489,3105.407039213815,68.73109670000001,58.75897878260869,8.87838805839614,1.443740899972524,35,64,,False,True,,93,87.6246207195492
15,2026-09-18T06:48:59.622+00:00,2026-09-18T06:49:16.093+00:00,2026-09-18T06:49:17.621+00:00,True,27,27.0,,27.0,16471.387992,17999.139672,17999.139643,666.6348015925926,0.0,16471.387992,3159.058747949229,229.91410639999995,58.75968,54.19104875672851,1.50007169742685,35,64,,False,True,,101,87.6246207195492
16,2026-09-18T06:48:59.954+00:00,2026-09-18T06:49:17.415+00:00,2026-09-18T06:49:23.237+00:00,True,95,95.0,,95.0,17461.321922,23283.353282,23283.353303,245.08792950526316,0.0,17461.321922,1785.7983478170834,92.94759330000001,61.936503829787235,48.77297707913856,4.080168300905481,35,64,,False,True,,469,87.6246207195492
17,2026-09-18T06:49:00.310+00:00,2026-09-18T06:49:18.621+00:00,2026-09-18T06:49:20.251+00:00,True,27,27.0,,27.0,18310.628914,19940.131634,19940.131666,738.5233950370371,0.0,18310.628914,3512.297250716138,256.3425563,62.673181538461535,59.00094689537559,1.3540532477710523,35,64,,False,True,,94,87.6246207195492
18,2026-09-18T06:49:00.760+00:00,2026-09-18T06:49:20.353+00:00,2026-09-18T06:49:24.736+00:00,True,72,72.0,,72.0,19592.639662999998,23975.358894999998,23975.358947999997,332.99109649999997,0.0,19592.639662999998,2302.486564952348,96.16702855,61.728439887323944,59.04779488825985,3.0030833037921876,35,64,,False,True,,289,87.6246207195492
19,2026-09-18T06:49:01.143+00:00,2026-09-18T06:49:21.577+00:00,2026-09-18T06:49:25.226+00:00,True,61,61.0,,61.0,20433.664869,24082.660453,24082.660528,394.7977135737705,0.0,20433.664869,2608.8384835607394,92.22087900000001,60.81659306666667,43.8591348059997,2.532942741897155,35,64,,False,True,,243,87.6246207195492
20,2026-09-18T06:49:01.519+00:00,2026-09-18T06:49:23.113+00:00,2026-09-18T06:49:23.406+00:00,True,6,6.0,,6.0,21593.460103999998,21886.518151999997,21886.51831,3647.753051666666,35.414155,21593.460103999998,8791.57280196579,16211.721336999999,58.6116096,13.035750465331132,0.27414136676882606,35,64,,False,True,,15,87.6246207195492
21,2026-09-18T06:49:02.011+00:00,2026-09-18T06:49:25.052+00:00,2026-09-18T06:49:25.052+00:00,True,1,1.0,,1.0,23040.931904,23040.931904,23040.931904,23040.931904,23040.931904,23040.931904,nan,23040.931904,nan,nan,0.04340102232698304,35,64,,False,True,,1,87.6246207195492
22,2026-09-18T06:49:02.456+00:00,2026-09-18T06:49:26.777+00:00,2026-09-18T06:49:31.212+00:00,True,74,74.0,,74.0,24320.940195,28756.239010999998,28756.239024,388.5978246486486,0.0,24320.940195,2820.537848417346,69.52600195,60.75751802739726,44.669506524761495,2.5733546021680063,35,64,,False,True,,402,87.6246207195492
23,2026-09-18T06:49:02.999+00:00,2026-09-18T06:49:28.927+00:00,2026-09-18T06:49:29.183+00:00,True,5,5.0,,5.0,25927.989539000002,26184.340515000004,26184.340693000002,5236.868138600001,57.955932999999995,25927.989539000002,11566.689949481655,20756.704904600003,64.087744,6.696834332358137,0.19095382589970872,35,64,,False,True,,25,87.6246207195492
24,2026-09-18T06:49:03.396+00:00,2026-09-18T06:49:30.598+00:00,2026-09-18T06:49:32.911+00:00,True,40,40.0,,40.0,27201.468342999997,29514.458550999996,29514.458684999998,737.8614671249999,33.283438000000004,27201.468342999997,4291.561734295312,72.72157134999999,59.30744123076923,9.042134944890611,1.3552679589524348,35,64,,False,True,,196,87.6246207195492
25,2026-09-18T06:49:03.870+00:00,2026-09-18T06:49:32.318+00:00,2026-09-18T06:49:33.460+00:00,True,17,17.0,,17.0,28448.030597,29589.707653,29589.707645000002,1740.5710379411764,0.0,28448.030597,6883.178039947888,6067.527128999999,71.354816,109.94487882823431,0.5745240946399288,35,64,,False,True,,60,87.6246207195492
26,2026-09-18T06:49:04.336+00:00,2026-09-18T06:49:34.058+00:00,2026-09-18T06:49:37.140+00:00,True,51,51.0,,51.0,29721.150261,32803.717940999995,32803.717911,643.210155117647,0.0158,29721.150261,4153.805970513574,94.21070650000001,61.6513536,73.96486475448707,1.5547018204377752,35,64,,False,True,,177,87.6246207195492
27,2026-09-18T06:49:04.631+00:00,2026-09-18T06:49:35.255+00:00,2026-09-18T06:49:38.992+00:00,True,58,58.0,,58.0,30624.374276000002,34361.708548,34361.708621000005,592.4432520862069,0.0,30624.374276000002,4013.0403390958263,98.2220319,65.56726792982457,62.12073433620575,1.6879253812126245,35,64,,False,True,,213,87.6246207195492
28,2026-09-18T06:49:05.045+00:00,2026-09-18T06:49:36.746+00:00,2026-09-18T06:49:40.239+00:00,True,59,59.0,,59.0,31700.599826,35193.778706000005,35193.778762,596.504724779661,0.0,31700.599826,4119.705451481025,94.4927427,60.22722206896552,63.4222673102505,1.6764326585352256,35,64,,False,True,,204,87.6246207195492
29,2026-09-18T06:49:05.371+00:00,2026-09-18T06:49:37.845+00:00,2026-09-18T06:49:38.494+00:00,True,12,12.0,,12.0,32474.845872,33123.639728,33123.639805,2760.3033170833337,14.585213,32474.845872,9357.676188764619,14669.581038049999,58.98125963636363,21.33528133849233,0.362279027864688,35,64,,False,True,,47,87.6246207195492
30,2026-09-18T06:49:05.788+00:00,2026-09-18T06:49:39.441+00:00,2026-09-18T06:49:42.133+00:00,True,46,46.0,,46.0,33653.912243,36345.871539,36345.871537,790.1276421086957,35.231455000000004,33653.912243,4953.194770399117,91.799403,59.82131768888889,12.84653146703194,1.2656182958947864,35,64,,False,True,,195,87.6246207195492
31,2026-09-18T06:49:06.180+00:00,2026-09-18T06:49:40.928+00:00,2026-09-18T06:49:43.010+00:00,True,35,35.0,,35.0,34748.212519,36829.883943,36829.883729,1052.2823922571429,36.513462,34748.212519,5863.189982367435,102.7299482,61.22563011764706,15.179151555949165,0.9503152400417001,35,64,,False,True,,164,87.6246207195492
32,2026-09-18T06:49:06.649+00:00,2026-09-18T06:49:42.889+00:00,2026-09-18T06:49:47.805+00:00,True,80,80.0,,80.0,36239.439114,41155.278858,41155.278885,514.4409860625,0.0,36239.439114,4045.2395592893886,94.16256795,62.225819544303796,64.27178757260516,1.9438575614085323,35,64,,False,True,,280,87.6246207195492
33,2026-09-18T06:49:07.176+00:00,2026-09-18T06:49:44.612+00:00,2026-09-18T06:49:46.590+00:00,True,33,33.0,,33.0,37435.535365,39413.235973,39413.236017,1194.3404853636364,0.0,37435.535365,6506.691890568952,293.4887584,61.803144,101.05043859263138,0.837282176541064,35,64,,False,True,,122,87.6246207195492
34,2026-09-18T06:49:07.524+00:00,2026-09-18T06:49:46.111+00:00,2026-09-18T06:49:47.612+00:00,True,25,25.0,,25.0,38587.592225,40088.124961,40088.124866,1603.52499464,34.968385999999995,38587.592225,7705.025266839926,93.9876308,62.52219733333334,13.456208786128686,0.6236260744128447,35,64,,False,True,,162,87.6246207195492
35,2026-09-18T06:49:08.004+00:00,2026-09-18T06:49:48.772+00:00,2026-09-18T06:49:52.470+00:00,True,62,62.0,,62.0,40767.931328,44465.767616,44465.767566999995,717.1897994677419,0.0,40767.931328,5170.48775257487,94.0862096,60.62026701639345,82.92223192257248,1.3943310399006965,35,64,,False,True,,223,87.6246207195492
36,2026-09-18T06:49:08.497+00:00,2026-09-18T06:49:50.075+00:00,2026-09-18T06:49:51.267+00:00,True,20,20.0,,20.0,41577.980831,42769.523615,42769.523442,2138.4761721,34.813765,41577.980831,9283.102866641784,2165.52481245,62.71277810526316,11.473807097649953,0.46762269741498036,35,64,,False,True,,68,87.6246207195492
37,2026-09-18T06:49:08.888+00:00,2026-09-18T06:49:51.522+00:00,2026-09-18T06:49:53.971+00:00,True,41,41.0,,41.0,42634.226678000006,45082.69848600001,45082.698451000004,1099.578011,0.0,42634.226678000006,6649.5234283403315,94.083336,61.211795200000005,100.16107054449317,0.9094397934660489,35,64,,False,True,,208,87.6246207195492
38,2026-09-18T06:49:09.282+00:00,2026-09-18T06:49:53.193+00:00,2026-09-18T06:49:58.956+00:00,True,92,92.0,,92.0,43910.744778,49673.886154,49673.886176,539.9335453913044,37.254731,43910.744778,4571.42901344982,94.59002104999999,63.33122391208791,13.645166748984563,1.8520797771847306,35,64,,False,True,,415,87.6246207195492
39,2026-09-18T06:49:09.693+00:00,2026-09-18T06:49:54.897+00:00,2026-09-18T06:49:59.638+00:00,True,77,77.0,,77.0,45204.227207,49944.486279000004,49944.486302000005,648.6296922337663,35.109584999999996,45204.227207,5144.410512218918,94.7978774,62.37182989473684,13.944723063687887,1.54171172308916,35,64,,False,True,,372,87.6246207195492
40,2026-09-18T06:49:10.059+00:00,2026-09-18T06:49:56.547+00:00,2026-09-18T06:49:58.893+00:00,True,38,38.0,,38.0,46487.489445,48833.674149,48833.674087,1285.0966865,32.415021,46487.489445,7530.998042285503,97.95224475,63.410397405405405,16.67609125516441,0.7781515657424305,35,64,,False,True,,156,87.6246207195492
41,2026-09-18T06:49:10.369+00:00,2026-09-18T06:49:57.903+00:00,2026-09-18T06:50:02.604+00:00,True,62,62.0,,62.0,47533.461148999995,52234.69250899999,52234.69239699999,842.4950386612902,0.0,47533.461148999995,6028.854301807572,104.57480035,77.06936655737705,152.0611390211464,1.186950607382583,35,64,,False,True,,207,87.6246207195492
42,2026-09-18T06:49:10.889+00:00,2026-09-18T06:49:59.959+00:00,2026-09-18T06:50:05.668+00:00,True,94,94.0,,94.0,49069.691722999996,54778.969162999994,54778.96930999999,582.7549926595744,0.0,49069.691722999996,5056.400460770733,85.25719745,61.39008,127.08445423983478,1.7159870190381665,35,64,,False,True,,517,87.6246207195492
43,2026-09-18T06:49:11.319+00:00,2026-09-18T06:50:02.744+00:00,2026-09-18T06:50:05.062+00:00,True,55,55.0,,55.0,51425.013044,53743.261492,53743.261607,977.1502110363637,0.01577,51425.013044,6928.421563587134,79.7311965,42.93052681481481,29.816667558407865,1.0233841131541128,35,64,,False,True,,268,87.6246207195492
44,2026-09-18T06:49:11.620+00:00,2026-09-18T06:50:03.010+00:00,2026-09-18T06:50:09.905+00:00,True,100,100.0,,100.0,51390.017482,58284.912842000005,58284.912753000004,582.84912753,0.0,51390.017482,5132.633806524693,97.58379785,69.64540767676768,78.65354681212156,1.715709865966209,35,64,,False,True,,436,87.6246207195492
45,2026-09-18T06:49:11.970+00:00,2026-09-18T06:50:04.850+00:00,2026-09-18T06:50:07.821+00:00,True,47,47.0,,47.0,52880.285507,55850.708547,55850.708318,1188.3129429361702,36.112324,52880.285507,7703.978242295454,101.7408895,64.57441391304347,15.366477265969513,0.8415291627043214,35,64,,False,True,,234,87.6246207195492
46,2026-09-18T06:49:12.476+00:00,2026-09-18T06:50:06.573+00:00,2026-09-18T06:50:07.881+00:00,True,22,22.0,,22.0,54097.685728,55404.83119999999,55404.831217,2518.4014189545455,35.499584000000006,54097.685728,11520.405329867373,99.185976,62.24502247619048,16.06139845818815,0.39707728592448094,35,64,,False,True,,71,87.6246207195492
47,2026-09-18T06:49:12.820+00:00,2026-09-18T06:50:08.001+00:00,2026-09-18T06:50:08.534+00:00,True,9,9.0,,9.0,55181.531834,55714.027706,55714.027682,6190.447520222222,57.391734,55181.531834,18371.65899257491,33144.953098,66.561984,9.986312001901116,0.16153920961328674,35,64,,False,True,,24,87.6246207195492
48,2026-09-18T06:49:13.345+00:00,2026-09-18T06:50:09.915+00:00,2026-09-18T06:50:15.411+00:00,True,94,94.0,,94.0,56569.40808,62065.226832,62065.226842000004,660.2683706595744,0.0,56569.40808,5828.612582173637,78.98319959999999,59.09482529032258,14.888016203436049,1.5145356715515113,35,64,,False,True,,506,87.6246207195492
49,2026-09-18T06:49:13.889+00:00,2026-09-18T06:50:11.799+00:00,2026-09-18T06:50:17.235+00:00,True,89,89.0,,89.0,57910.111104999996,63346.456449,63346.456635999995,711.7579397303371,0.01682,57910.111104999996,6132.57870253379,72.0019274,61.77665163636363,90.99904346333228,1.4049720377280075,35,64,,False,True,,380,87.6246207195492
50,2026-09-18T06:49:14.425+00:00,2026-09-18T06:50:14.076+00:00,2026-09-18T06:50:14.647+00:00,True,10,10.0,,10.0,59651.39445,60222.876562,60222.876745,6022.2876745,44.169678999999995,59651.39445,18843.35103382492,32849.394139949996,63.49801244444445,12.47081333654681,0.16604985631506508,35,64,,False,True,,42,87.6246207195492
51,2026-09-18T06:49:14.794+00:00,2026-09-18T06:50:15.500+00:00,2026-09-18T06:50:18.905+00:00,True,55,55.0,,55.0,60706.278308,64111.351716000005,64111.351667,1165.6609394,0.01557,60706.278308,8178.183299060032,104.74537999999998,63.05691496296296,132.46508561545426,0.8578823956736804,35,64,,False,True,,266,87.6246207195492
52,2026-09-18T06:49:15.245+00:00,2026-09-18T06:50:17.323+00:00,2026-09-18T06:50:18.964+00:00,True,27,27.0,,27.0,62078.054174000004,63718.35139,63718.351298,2359.938936962963,9.591262,62078.054174000004,11934.800350376201,113.43324359999998,63.088354461538465,19.046271995210553,0.42373977686179426,35,64,,False,True,,144,87.6246207195492
53,2026-09-18T06:49:15.583+00:00,2026-09-18T06:50:18.658+00:00,2026-09-18T06:50:20.737+00:00,True,35,35.0,,35.0,63075.399309,65154.380941,65154.380934,1861.5537409714286,0.0,63075.399309,10652.466318172894,326.95602149999996,61.146518588235296,156.3383897433762,0.5371856733884703,35,64,,False,True,,168,87.6246207195492
54,2026-09-18T06:49:16.081+00:00,2026-09-18T06:50:20.550+00:00,2026-09-18T06:50:24.292+00:00,True,59,59.0,,59.0,64469.832283,68211.079515,68211.079591,1156.1199930677967,41.029084000000005,64469.832283,8384.867329855388,93.96910050000001,64.50426262068966,11.546963083441776,0.8649621208095022,35,64,,False,True,,243,87.6246207195492
55,2026-09-18T06:49:16.393+00:00,2026-09-18T06:50:21.686+00:00,2026-09-18T06:50:25.327+00:00,True,59,59.0,,59.0,65293.291288,68933.621528,68933.621643,1168.3664685254237,37.97343,65293.291288,8492.298705732976,93.73163190000001,62.76431448275862,11.336842207227848,0.855895841422388,35,64,,False,True,,199,87.6246207195492
56,2026-09-18T06:49:16.777+00:00,2026-09-18T06:50:22.935+00:00,2026-09-18T06:50:28.525+00:00,True,91,91.0,,91.0,66158.231678,71747.70163,71747.701437,788.4362795274725,35.394983999999994,66158.231678,6928.767627785855,90.34001799999999,62.10522168888889,12.367210484723524,1.2683333114875697,35,64,,False,True,,466,87.6246207195492
57,2026-09-18T06:49:17.210+00:00,2026-09-18T06:50:24.963+00:00,2026-09-18T06:50:28.081+00:00,True,51,51.0,,51.0,67753.315501,70870.998189,70870.99802,1389.6274121568629,35.533305,67753.315501,9478.63952631527,90.55875850000001,62.35365376,13.1589732247308,0.7196173512893429,35,64,,False,True,,234,87.6246207195492
58,2026-09-18T06:49:17.752+00:00,2026-09-18T06:50:26.666+00:00,2026-09-18T06:50:32.235+00:00,True,80,80.0,,80.0,68914.258227,74483.480627,74483.480423,931.0435052875,0.0,68914.258227,7697.785014008399,91.95834375000003,70.49648607594938,112.96693061649583,1.0740636625270743,35,64,,False,True,,426,87.6246207195492
59,2026-09-18T06:49:18.178+00:00,2026-09-18T06:50:28.527+00:00,2026-09-18T06:50:32.233+00:00,True,48,48.0,,48.0,70349.08829500001,74054.84547900001,74054.845369,1542.8092785208335,0.0,70349.08829500001,10143.659186043824,93.91277439999998,78.84589753191489,145.64058654736394,0.6481682554264667,35,64,,False,True,,211,87.6246207195492
60,2026-09-18T06:49:18.646+00:00,2026-09-18T06:50:30.167+00:00,2026-09-18T06:50:33.357+00:00,True,52,52.0,,52.0,71521.10277,74710.388402,74710.388446,1436.7382393461537,0.0,71521.10277,9910.564873832282,95.15671805,62.535012392156865,145.31281352801517,0.6960210100929948,35,64,,False,True,,202,87.6246207195492
61,2026-09-18T06:49:19.122+00:00,2026-09-18T06:50:32.225+00:00,2026-09-18T06:50:32.575+00:00,True,11,11.0,,11.0,73102.75954799999,73453.02028399998,73453.02016199999,6677.547287454544,0.0,73102.75954799999,22030.769974149807,36596.492530999996,35.026073600000004,30.82262763225209,0.1497555846916766,35,64,,False,True,,41,87.6246207195492
62,2026-09-18T06:49:19.612+00:00,2026-09-18T06:50:33.773+00:00,2026-09-18T06:50:34.774+00:00,True,8,8.0,,8.0,74161.091212,75161.56174,75161.561786,9395.19522325,0.01645,74161.091212,26171.714752582462,48554.8261927,142.92436114285712,378.08214804820886,0.10643738388078894,35,64,,False,True,,40,87.6246207195492
63,2026-09-18T06:49:20.113+00:00,2026-09-18T06:50:35.468+00:00,2026-09-18T06:50:39.810+00:00,True,71,71.0,,71.0,75354.951006,79697.503838,79697.503953,1122.5000556760565,34.560437,75354.951006,8935.63175740916,84.60841400000001,62.036469028571425,11.071648971270358,0.8908685539803192,35,64,,False,True,,362,87.6246207195492
64,2026-09-18T06:49:20.482+00:00,2026-09-18T06:50:37.017+00:00,2026-09-18T06:50:39.617+00:00,True,42,42.0,,42.0,76534.866614,79135.281078,79135.281166,1884.173361095238,33.468608999999994,76534.866614,11799.80498658944,93.31932425000001,63.424743024390246,11.354568692374459,0.5307367261209641,35,64,,False,True,,159,87.6246207195492
65,2026-09-18T06:49:20.802+00:00,2026-09-18T06:50:38.508+00:00,2026-09-18T06:50:43.500+00:00,True,79,79.0,,79.0,77705.835399,82697.22842300001,82697.228277,1046.800357936709,37.911120000000004,77705.835399,8735.400036362766,97.653191,63.992218256410254,13.435192164972646,0.9552919911162134,35,64,,False,True,,374,87.6246207195492
66,2026-09-18T06:49:21.161+00:00,2026-09-18T06:50:39.683+00:00,2026-09-18T06:50:40.584+00:00,True,15,15.0,,15.0,78521.398257,79422.717169,79422.717129,5294.8478086,36.946801,78521.398257,20257.522348716368,23626.8200402,64.37992228571429,17.87260577739754,0.18886284094363306,35,64,,False,True,,104,87.6246207195492
67,2026-09-18T06:49:21.691+00:00,2026-09-18T06:50:41.733+00:00,2026-09-18T06:50:46.971+00:00,True,84,84.0,,84.0,80041.622737,85279.530193,85279.530014,1015.2325001666667,0.0,80041.622737,8727.314428674705,92.5068114,63.10731874698796,129.07041834381226,0.9849960454741691,35,64,,False,True,,329,87.6246207195492
68,2026-09-18T06:49:22.020+00:00,2026-09-18T06:50:43.054+00:00,2026-09-18T06:50:47.620+00:00,True,74,74.0,,74.0,81034.148463,85600.380527,85600.38050300001,1156.7618986891894,0.0,81034.148463,9413.760078401121,90.62001459999999,62.55112416438356,138.37208652481377,0.8644821383318382,35,64,,False,True,,329,87.6246207195492
69,2026-09-18T06:49:22.463+00:00,2026-09-18T06:50:44.505+00:00,2026-09-18T06:50:44.569+00:00,True,2,2.0,,2.0,82042.277711,82105.724239,82105.724254,41052.862127,63.446543,82042.277711,57967.7874326399,77943.33615260001,63.446528,nan,0.02435883756628512,35,64,,False,True,,7,87.6246207195492
70,2026-09-18T06:49:22.988+00:00,2026-09-18T06:50:46.547+00:00,2026-09-18T06:50:47.095+00:00,True,10,10.0,,10.0,83558.969368,84107.222808,84107.222854,8410.722285400001,47.700472000000005,83558.969368,26404.40344697747,45989.370196,60.917048888888885,7.299908070834256,0.11889585300929509,35,64,,False,True,,26,87.6246207195492
71,2026-09-18T06:49:23.450+00:00,2026-09-18T06:50:48.325+00:00,2026-09-18T06:50:50.315+00:00,True,33,33.0,,33.0,84875.453816,86865.823096,86865.823182,2632.297672181818,40.914874000000005,84875.453816,14764.094947181438,82.07463200000001,62.19904,8.485483368858803,0.3798962448502901,35,64,,False,True,,98,87.6246207195492
72,2026-09-18T06:49:23.864+00:00,2026-09-18T06:50:49.713+00:00,2026-09-18T06:50:50.031+00:00,True,6,6.0,,6.0,85849.04524699999,86166.904575,86166.90464799998,14361.150774666665,60.652567000000005,85849.04524699999,35021.77302916308,64404.18456799999,63.5718656,3.9757946485980384,0.06963230290787083,35,64,,False,True,,21,87.6246207195492
73,2026-09-18T06:49:24.224+00:00,2026-09-18T06:50:51.069+00:00,2026-09-18T06:50:54.330+00:00,True,53,53.0,,53.0,86845.533946,90106.61938599999,90106.619391,1700.1248941698113,35.014894999999996,86845.533946,11920.541742936799,90.7147524,62.713181538461534,10.507258569961479,0.5881920813492942,35,64,,False,True,,221,87.6246207195492
74,2026-09-18T06:49:24.752+00:00,2026-09-18T06:50:53.130+00:00,2026-09-18T06:50:56.622+00:00,True,56,56.0,,56.0,88378.366242,91870.125858,91870.125671,1640.5379584107143,37.881589,88378.366242,11801.577601113737,92.96247775,63.486538472727275,11.379177080033667,0.6095561476268899,35,64,,False,True,,287,87.6246207195492
75,2026-09-18T06:49:25.225+00:00,2026-09-18T06:50:54.788+00:00,2026-09-18T06:50:57.198+00:00,True,40,40.0,,40.0,89563.167824,91972.4404,91972.440386,2299.31100965,35.577904000000004,89563.167824,14151.41666614766,90.25657645,61.776219897435894,10.919595611149536,0.43491289157963886,35,64,,False,True,,185,87.6246207195492
76,2026-09-18T06:49:25.694+00:00,2026-09-18T06:50:56.492+00:00,2026-09-18T06:51:00.863+00:00,True,71,71.0,,71.0,90798.29987199999,95169.058272,95169.05831299999,1340.4092720140843,38.130749,90798.29987199999,10768.369540730324,78.39739,62.43940571428572,9.402870724059506,0.7460407961280535,35,64,,False,True,,399,87.6246207195492
77,2026-09-18T06:49:26.011+00:00,2026-09-18T06:50:57.572+00:00,2026-09-18T06:51:00.756+00:00,True,52,52.0,,52.0,91560.238024,94744.25261600001,94744.25263100001,1822.0048582884617,34.950226,91560.238024,12688.466024100198,81.1747109,62.431658666666664,9.154811462807334,0.5488459570287271,35,64,,False,True,,220,87.6246207195492
78,2026-09-18T06:49:26.464+00:00,2026-09-18T06:50:59.112+00:00,2026-09-18T06:51:03.139+00:00,True,66,66.0,,66.0,92647.93741500001,96674.608519,96674.60857200001,1464.7667965454546,33.649758,92647.93741500001,11396.551807117341,79.64605725,61.948786215384615,10.118875338110605,0.6827025318341853,35,64,,True,True,,302,87.6246207195492
79,2026-09-18T06:49:26.770+00:00,2026-09-18T06:51:00.380+00:00,2026-09-18T06:51:01.970+00:00,True,27,27.0,,27.0,93610.145296,95200.136464,95200.13648300001,3525.930980851852,37.98968,93610.145296,18003.51372092613,76.2732237,61.15350646153846,8.33912760793959,0.28361303883435157,35,64,,True,True,,110,87.6246207195492
80,2026-09-18T06:49:27.245+00:00,2026-09-18T06:51:02.388+00:00,2026-09-18T06:51:07.342+00:00,True,80,80.0,,80.0,95142.44495399999,100096.40463399999,100096.40446599999,1251.2050558249998,38.234669000000004,95142.44495399999,10630.241787325274,92.21026695,62.70835037974683,9.36235530205237,0.7992295057201905,35,64,,True,True,,281,87.6246207195492
81,2026-09-18T06:49:27.800+00:00,2026-09-18T06:51:04.416+00:00,2026-09-18T06:51:10.298+00:00,True,96,96.0,,96.0,96615.42134199999,102498.14185399999,102498.14201499999,1067.6889793229166,33.760828000000004,96615.42134199999,9854.457142251495,92.70518100000001,61.92337381052632,11.826135622083722,0.9366023448185428,35,64,,True,True,,492,87.6246207195492
82,2026-09-18T06:49:28.210+00:00,2026-09-18T06:51:06.034+00:00,2026-09-18T06:51:08.663+00:00,True,43,43.0,,43.0,97823.630459,100452.57561100001,100452.575704,2336.1064117209303,38.065538999999994,97823.630459,14908.424364445207,96.2778285,62.593932190476195,13.60531132262292,0.4280626926532614,35,64,,True,True,,188,87.6246207195492
83,2026-09-18T06:49:28.607+00:00,2026-09-18T06:51:07.453+00:00,2026-09-18T06:51:12.408+00:00,True,80,80.0,,80.0,98846.342519,103801.343607,103801.343549,1297.5167943625,36.405542000000004,98846.342519,11044.350844344675,92.60724735000002,62.72153275949367,11.838733760299391,0.7707029333154516,35,64,,True,True,,345,87.6246207195492
84,2026-09-18T06:49:28.970+00:00,2026-09-18T06:51:08.907+00:00,2026-09-18T06:51:13.398+00:00,True,72,72.0,,72.0,99937.357972,104428.349844,104428.349771,1450.3937468194445,39.187076999999995,99937.357972,11770.280945832053,92.5369996,63.253406647887324,10.755856303225517,0.6894679472342233,35,64,,True,True,,239,87.6246207195492
85,2026-09-18T06:49:29.436+00:00,2026-09-18T06:51:10.790+00:00,2026-09-18T06:51:14.147+00:00,True,54,54.0,,54.0,101354.322134,104711.621334,104711.621411,1939.1041002037036,40.510585,101354.322134,13783.959453209267,90.15924425000001,63.3452679245283,9.781422750348005,0.5157020711937551,35,64,,True,True,,248,87.6246207195492
86,2026-09-18T06:49:29.910+00:00,2026-09-18T06:51:12.471+00:00,2026-09-18T06:51:13.892+00:00,True,24,24.0,,24.0,102561.513133,103982.775725,103982.775653,4332.615652208333,38.914068,102561.513133,20922.669745618703,88.2060476,61.79402573913044,9.800796105048892,0.23080745664524335,35,64,,True,True,,97,87.6246207195492
87,2026-09-18T06:49:30.294+00:00,2026-09-18T06:51:13.956+00:00,2026-09-18T06:51:16.990+00:00,True,49,49.0,,49.0,103661.78748,106695.857752,106695.857705,2177.4664837755104,56.144686,103661.78748,14799.79773677286,68.62947539999999,63.209797333333334,5.2874092802892685,0.45924931888071824,35,64,,True,True,,239,87.6246207195492
88,2026-09-18T06:49:30.781+00:00,2026-09-18T06:51:15.966+00:00,2026-09-18T06:51:17.773+00:00,True,28,28.0,,28.0,105185.250214,106992.119974,106992.119951,3821.147141107143,50.169067000000005,105185.250214,19865.50024480244,93.08771485000001,66.92110222222222,11.688798237815071,0.2617015160257058,35,64,,True,True,,147,87.6246207195492
89,2026-09-18T06:49:31.228+00:00,2026-09-18T06:51:17.770+00:00,2026-09-18T06:51:21.927+00:00,True,67,67.0,,67.0,106541.818357,110698.66136499999,110698.661314,1652.2188255820895,35.955873,106541.818357,13008.465332225318,95.21302,62.98246981818182,11.625489462408758,0.6052467046469963,35,64,,True,True,,345,87.6246207195492
90,2026-09-18T06:49:31.769+00:00,2026-09-18T06:51:19.424+00:00,2026-09-18T06:51:24.395+00:00,True,80,80.0,,80.0,107654.57654099999,112625.41430099998,112625.414293,1407.8176786625,38.844108,107654.57654099999,12029.117473968985,90.51156305,62.92199696202532,10.82085318402474,0.7103192516228524,35,64,,True,True,,340,87.6246207195492
91,2026-09-18T06:49:32.099+00:00,2026-09-18T06:51:20.862+00:00,2026-09-18T06:51:21.621+00:00,True,14,14.0,,14.0,108762.891214,109521.562062,109521.562069,7822.968719214286,36.998371,108762.891214,29052.5100665956,38111.770595350004,58.359296,10.834492132089009,0.127828710040445,35,64,,True,True,,88,87.6246207195492
92,2026-09-18T06:49:32.563+00:00,2026-09-18T06:51:22.598+00:00,2026-09-18T06:51:28.166+00:00,True,89,89.0,,89.0,110034.669123,115603.14477099999,115603.144779,1298.9117390898875,36.19039299999999,110034.669123,11656.949276312751,91.6544004,63.27813236363637,11.015136670323718,0.7698752501612429,35,64,,True,True,,446,87.6246207195492
93,2026-09-18T06:49:33.078+00:00,2026-09-18T06:51:24.767+00:00,2026-09-18T06:51:30.406+00:00,True,92,92.0,,92.0,111689.149206,117328.48207,117328.48218,1275.3095889130434,36.450652000000005,111689.149206,11637.943375558525,91.06191565,61.97069081318682,11.392899885348328,0.7841233294496334,35,64,,True,True,,383,87.6246207195492
94,2026-09-18T06:49:33.564+00:00,2026-09-18T06:51:26.724+00:00,2026-09-18T06:51:31.221+00:00,True,73,73.0,,73.0,113159.325629,117656.345021,117656.344977,1611.730753109589,38.146080000000005,113159.325629,13236.993812819663,92.98764360000001,62.458602666666664,13.463344588811884,0.6204510261386288,35,64,,True,True,,320,87.6246207195492
95,2026-09-18T06:49:33.902+00:00,2026-09-18T06:51:28.317+00:00,2026-09-18T06:51:33.535+00:00,True,85,85.0,,85.0,114414.25720000001,119633.17867200001,119633.17862100001,1407.449160247059,34.996655,114414.25720000001,12403.23560646493,93.84586639999999,62.13001752380952,12.227419632004931,0.7105052372891112,35,64,,True,True,,427,87.6246207195492
96,2026-09-18T06:49:34.254+00:00,2026-09-18T06:51:29.703+00:00,2026-09-18T06:51:34.415+00:00,True,75,75.0,,75.0,115449.151727,120160.996335,120160.996187,1602.1466158266667,37.071171,115449.151727,13323.574284380275,96.6012358,63.67357578378379,13.662060747358654,0.6241626009067495,35,64,,True,True,,345,87.6246207195492
97,2026-09-18T06:49:34.557+00:00,2026-09-18T06:51:30.970+00:00,2026-09-18T06:51:36.084+00:00,True,81,81.0,,81.0,116413.059646,121527.774782,121527.77480999999,1500.3428988888888,37.299981,116413.059646,12927.686768298978,94.57881500000002,63.933939200000005,12.673249906058501,0.6665143021445108,35,64,,True,True,,335,87.6246207195492
98,2026-09-18T06:49:35.159+00:00,2026-09-18T06:51:31.978+00:00,2026-09-18T06:51:33.035+00:00,True,17,17.0,,17.0,116818.978857,117875.77604099999,117875.776141,6933.869184764706,39.025758,116818.978857,28316.748533002403,23440.280453799995,66.049824,15.381923727890648,0.14421962315723796,35,64,,True,True,,69,87.6246207195492
99,2026-09-18T06:49:35.399+00:00,2026-09-18T06:51:34.416+00:00,2026-09-18T06:51:36.888+00:00,True,41,41.0,,41.0,119017.713196,121489.307692,121489.307752,2963.153847609756,36.398213000000005,119017.713196,18577.796935693605,89.40809499999999,61.7898624,10.494422558764686,0.3374782586130403,35,64,,True,True,,169,87.6246207195492
100,2026-09-18T06:49:35.817+00:00,2026-09-18T06:51:36.273+00:00,2026-09-18T06:51:39.839+00:00,True,58,58.0,,58.0,120455.857162,124021.46945,124021.469383,2138.3011962586206,35.052786,120455.857162,15808.418735344982,91.64386619999999,62.55460154385965,10.81682556949691,0.46766096432507637,35,64,,True,True,,328,87.6246207195492
101,2026-09-18T06:49:36.296+00:00,2026-09-18T06:51:38.293+00:00,2026-09-18T06:51:44.003+00:00,True,94,94.0,,94.0,121997.284256,127707.416224,127707.416089,1358.589532861702,36.400172,121997.284256,12576.729419709614,68.56207100000002,61.39926847311828,8.983305495918735,0.7360574881189603,35,64,,True,True,,394,87.6246207195492
102,2026-09-18T06:49:36.774+00:00,2026-09-18T06:51:40.206+00:00,2026-09-18T06:51:41.998+00:00,True,31,31.0,,31.0,123432.054448,125224.57848,125224.578511,4039.502532612903,36.172413,123432.054448,22158.321938095014,80.6499865,59.75080106666667,9.765138730845605,0.2475552353721926,35,64,,True,True,,156,87.6246207195492
103,2026-09-18T06:49:37.265+00:00,2026-09-18T06:51:42.152+00:00,2026-09-18T06:51:43.643+00:00,True,25,25.0,,25.0,124886.98220299999,126378.301499,126378.301413,5055.132056519999,35.933944000000004,124886.98220299999,24964.96966440565,70.4863974,62.138304,6.786110231664317,0.19781876875594678,35,64,,True,True,,94,87.6246207195492
104,2026-09-18T06:49:37.759+00:00,2026-09-18T06:51:44.200+00:00,2026-09-18T06:51:47.588+00:00,True,58,58.0,,58.0,126440.279185,129829.087889,129829.08789400001,2238.432549896552,36.062793,126440.279185,16594.61826690855,66.89519554999998,59.452784280701756,9.674097426388878,0.4467411806019024,35,64,,True,True,,311,87.6246207195492
105,2026-09-18T06:49:38.186+00:00,2026-09-18T06:51:45.374+00:00,2026-09-18T06:51:45.626+00:00,True,5,5.0,,5.0,127187.960129,127440.534593,127440.534598,25488.1069196,56.299504999999996,127187.960129,56851.94645712337,101764.21644539999,63.143616,5.333517972526576,0.039233984822554545,35,64,,True,True,,12,87.6246207195492
106,2026-09-18T06:49:38.690+00:00,2026-09-18T06:51:47.421+00:00,2026-09-18T06:51:48.944+00:00,True,26,26.0,,26.0,128730.61552400001,130254.028772,130254.028835,5009.770339807693,41.758533,128730.61552400001,25234.201347297047,73.22300325,60.936529920000005,7.922738444445844,0.19960994869119225,35,64,,True,True,,92,87.6246207195492
107,2026-09-18T06:49:39.164+00:00,2026-09-18T06:51:49.196+00:00,2026-09-18T06:51:51.833+00:00,True,44,44.0,,44.0,130031.910469,132669.110341,132669.110344,3015.207053272727,36.152023,130031.910469,19593.805386105858,91.54276125,61.33022958139535,11.30301698686287,0.3316521825382458,35,64,,True,True,,177,87.6246207195492
108,2026-09-18T06:49:39.497+00:00,2026-09-18T06:51:50.210+00:00,2026-09-18T06:51:53.318+00:00,True,50,50.0,,50.0,130712.71766400001,133820.85641600002,133820.856361,2676.41712722,38.419078999999996,130712.71766400001,18476.60191184552,91.03000825000001,63.43140310204082,10.011926003550341,0.3736338366014361,35,64,,True,True,,227,87.6246207195492
109,2026-09-18T06:49:39.952+00:00,2026-09-18T06:51:51.736+00:00,2026-09-18T06:51:55.842+00:00,True,66,66.0,,66.0,131784.701387,135890.221003,135890.221064,2058.9427433939395,37.73742,131784.701387,16213.804122346632,89.09057949999999,63.161840246153844,10.62157962452233,0.485686162792707,35,64,,True,True,,208,87.6246207195492
110,2026-09-18T06:49:40.490+00:00,2026-09-18T06:51:53.738+00:00,2026-09-18T06:51:54.271+00:00,True,9,9.0,,9.0,133247.944449,133781.004033,133781.004126,14864.556014,53.127711000000005,133247.944449,44393.77200252677,79985.5609406,66.632448,11.658092760121713,0.06727412509013576,35,64,,True,True,,37,87.6246207195492
111,2026-09-18T06:49:40.947+00:00,2026-09-18T06:51:55.848+00:00,2026-09-18T06:51:59.601+00:00,True,64,64.0,,64.0,134901.079659,138653.449323,138653.449394,2166.46014678125,35.484584000000005,134901.079659,16855.191996005313,67.035801,59.56142323809524,8.713792675177508,0.46158245837006806,35,64,,True,True,,382,87.6246207195492
112,2026-09-18T06:49:41.329+00:00,2026-09-18T06:51:57.427+00:00,2026-09-18T06:51:58.246+00:00,True,15,15.0,,15.0,136098.375,136917.155416,136917.155564,9127.810370933334,37.745219,136098.375,35125.35006713462,40878.227474,58.48431542857143,10.04518882188019,0.10955529973161506,35,64,,True,True,,55,87.6246207195492
113,2026-09-18T06:49:41.823+00:00,2026-09-18T06:51:59.167+00:00,2026-09-18T06:52:04.013+00:00,True,79,79.0,,79.0,137344.056259,142190.367171,142190.367296,1799.8780670379747,35.110875,137344.056259,15445.42708716219,91.85043230000001,62.13219117948718,11.059686614584036,0.5555931922237289,35,64,,True,True,,522,87.6246207195492
114,2026-09-18T06:49:42.142+00:00,2026-09-18T06:52:00.220+00:00,2026-09-18T06:52:04.421+00:00,True,68,68.0,,68.0,138078.066643,142279.223507,142279.223383,2092.341520338235,36.641542,138078.066643,16736.825304772807,92.60499125,62.70383379104478,11.893482195417553,0.47793344891746947,35,64,,True,True,,346,87.6246207195492
115,2026-09-18T06:49:42.655+00:00,2026-09-18T06:52:02.149+00:00,2026-09-18T06:52:02.841+00:00,True,12,12.0,,12.0,139494.059965,140185.378237,140185.37800599998,11682.114833833333,39.931536,139494.059965,40250.32802061251,62823.813746499996,62.84711563636363,18.53237496415459,0.08560093892040992,35,64,,True,True,,56,87.6246207195492
116,2026-09-18T06:49:43.066+00:00,2026-09-18T06:52:03.767+00:00,2026-09-18T06:52:05.369+00:00,True,26,26.0,,26.0,140700.09328,142302.414432,142302.414343,5473.169782423077,51.354245000000006,140700.09328,27580.99053283375,95.382772,64.09284608,9.783384948788303,0.1827094789907746,35,64,,True,True,,117,87.6246207195492
117,2026-09-18T06:49:43.558+00:00,2026-09-18T06:52:05.494+00:00,2026-09-18T06:52:11.026+00:00,True,91,91.0,,91.0,141935.962457,147468.027225,147468.02723699997,1620.5277718351647,37.31761,141935.962457,14872.491756934118,85.0102315,61.467386311111106,10.358095090014263,0.6170829142588065,35,64,,True,True,,320,87.6246207195492
118,2026-09-18T06:49:43.936+00:00,2026-09-18T06:52:07.127+00:00,2026-09-18T06:52:10.553+00:00,True,57,57.0,,57.0,143190.554551,146617.126583,146617.126656,2572.2302922105264,36.751632,143190.554551,18957.94981067104,77.6285116,61.188786285714286,9.196290652223656,0.38876767897734155,35,64,,True,True,,260,87.6246207195492
119,2026-09-18T06:49:44.236+00:00,2026-09-18T06:52:08.430+00:00,2026-09-18T06:52:14.520+00:00,True,99,99.0,,99.0,144193.453937,150283.83652900002,150283.836396,1518.0185494545456,34.568086,144193.453937,14485.744929031891,79.81804810000001,62.146761142857144,10.152500432743036,0.6587534779955936,35,64,,True,True,,544,87.6246207195492
120,2026-09-18T06:49:44.669+00:00,2026-09-18T06:52:10.124+00:00,2026-09-18T06:52:12.631+00:00,True,42,42.0,,42.0,145455.395038,147962.45372599998,147962.453675,3522.915563690476,40.004816,145455.395038,22434.821066947985,70.05072855,61.14777287804878,8.707372850523377,0.2838557954558965,35,64,,True,True,,210,87.6246207195492
121,2026-09-18T06:49:44.971+00:00,2026-09-18T06:52:11.023+00:00,2026-09-18T06:52:14.830+00:00,True,61,61.0,,61.0,146052.604828,149859.040924,149859.040974,2456.705589737705,38.413659,146052.604828,18692.000079778467,91.58668899999999,63.4406016,10.658758365112824,0.40704918184372835,35,64,,True,True,,358,87.6246207195492
122,2026-09-18T06:49:45.330+00:00,2026-09-18T06:52:12.752+00:00,2026-09-18T06:52:13.548+00:00,True,12,12.0,,12.0,147422.23030899998,148217.91926899998,148217.91939499998,12351.493282916665,58.88141,147422.23030899998,42536.25294750897,66392.99390604999,72.33536,14.328389849820809,0.0809618705969098,35,64,,True,True,,42,87.6246207195492
123,2026-09-18T06:49:45.654+00:00,2026-09-18T06:52:13.736+00:00,2026-09-18T06:52:16.465+00:00,True,46,46.0,,46.0,148082.044783,150811.047023,150811.04706799999,3278.501023217391,37.050321000000004,148082.044783,21824.567032372026,75.890531,60.64449422222222,9.957654488541275,0.3050174434037621,35,64,,True,True,,215,87.6246207195492
124,2026-09-18T06:49:46.065+00:00,2026-09-18T06:52:15.418+00:00,2026-09-18T06:52:15.880+00:00,True,9,9.0,,9.0,149353.286755,149815.159139,149815.159015,16646.128779444447,36.641351,149353.286755,49765.18530509555,89639.1796146,57.734048,11.002668447770139,0.06007402756652756,35,64,,True,True,,38,87.6246207195492
125,2026-09-18T06:49:46.431+00:00,2026-09-18T06:52:16.992+00:00,2026-09-18T06:52:23.267+00:00,True,99,99.0,,99.0,150561.450868,156836.74584400002,156836.745671,1584.2095522323234,36.603192,150561.450868,15125.564422819085,91.98266870000002,64.03362220408164,12.212024255772038,0.6312296233082508,35,64,,True,True,,523,87.6246207195492
126,2026-09-18T06:49:46.759+00:00,2026-09-18T06:52:18.171+00:00,2026-09-18T06:52:18.171+00:00,True,1,1.0,,1.0,151412.034016,151412.034016,151412.034016,151412.034016,151412.034016,151412.034016,nan,151412.034016,nan,nan,0.006604494857352806,35,64,,True,True,,1,87.6246207195492
127,2026-09-18T06:49:47.171+00:00,2026-09-18T06:52:19.725+00:00,2026-09-18T06:52:21.258+00:00,True,25,25.0,,25.0,152553.53266,154086.154484,154086.154443,6163.4461777199995,43.173559000000004,152553.53266,30497.93591924694,85.0288592,63.85924266666667,8.86748537792127,0.16224689417241542,35,64,,True,True,,99,87.6246207195492
128,2026-09-18T06:49:47.713+00:00,2026-09-18T06:52:21.710+00:00,2026-09-18T06:52:22.027+00:00,True,6,6.0,,6.0,153997.27027900002,154313.82349500002,154313.823448,25718.97057466667,60.806837,153997.27027900002,62843.27590426703,115514.69373525002,63.3106432,2.3375359257036457,0.03888180503929001,35,64,,True,True,,34,87.6246207195492
129,2026-09-18T06:49:48.080+00:00,2026-09-18T06:52:23.209+00:00,2026-09-18T06:52:26.724+00:00,True,56,56.0,,56.0,155128.958782,158644.064062,158644.06423,2832.929718392857,36.967101,155128.958782,20721.44155048431,92.83407925,63.91100509090909,11.116924056535927,0.35299146130115866,35,64,,True,True,,211,87.6246207195492
130,2026-09-18T06:49:48.766+00:00,2026-09-18T06:52:24.745+00:00,2026-09-18T06:52:29.547+00:00,True,77,77.0,,77.0,155978.630416,160780.8036,160780.803484,2088.062382909091,35.848373,155978.630416,17768.21645576993,79.7414092,63.186489263157895,9.651402409322674,0.4789128943002745,35,64,,True,True,,371,87.6246207195492
131,2026-09-18T06:49:48.919+00:00,2026-09-18T06:52:26.109+00:00,2026-09-18T06:52:29.798+00:00,True,60,60.0,,60.0,157189.727675,160878.833339,160878.833298,2681.3138883,40.093824,157189.727675,20285.036668095512,79.19616024999999,62.5272146440678,9.772380717643658,0.37295148625033503,35,64,,True,True,,316,87.6246207195492
132,2026-09-18T06:49:49.291+00:00,2026-09-18T06:52:27.684+00:00,2026-09-18T06:52:28.690+00:00,True,17,17.0,,17.0,158392.803325,159398.635517,159398.63543,9376.390319411765,41.892462,158392.803325,38400.65287084555,31761.9893418,62.864512,13.41741016819557,0.10665085020873305,35,64,,True,True,,78,87.6246207195492
133,2026-09-18T06:49:49.653+00:00,2026-09-18T06:52:29.047+00:00,2026-09-18T06:52:33.017+00:00,True,64,64.0,,64.0,159394.206941,163364.30102100002,163364.301061,2552.567204078125,39.220247,159394.206941,19916.401663284356,93.50094634999999,63.01736634920635,10.957697956874222,0.39176245728112274,35,64,,True,True,,363,87.6246207195492
134,2026-09-18T06:49:50.018+00:00,2026-09-18T06:52:30.586+00:00,2026-09-18T06:52:33.785+00:00,True,51,51.0,,51.0,160568.168576,163766.647424,163766.647524,3211.1107357647056,37.7025,160568.168576,22475.086921297716,98.34969699999999,63.96957696,12.841888371438404,0.3114187217129656,35,64,,True,True,,252,87.6246207195492
135,2026-09-18T06:49:50.495+00:00,2026-09-18T06:52:32.374+00:00,2026-09-18T06:52:37.009+00:00,True,72,72.0,,72.0,161879.05581400002,166514.009798,166514.00966500002,2312.694578680556,38.183858,161879.05581400002,19069.942009615374,101.6168937,65.28104202816901,14.941478882231337,0.43239604936151615,35,64,,True,True,,302,87.6246207195492
136,2026-09-18T06:49:50.925+00:00,2026-09-18T06:52:34.122+00:00,2026-09-18T06:52:36.787+00:00,True,42,42.0,,42.0,163197.446737,165862.297169,165862.29734999998,3949.1023178571427,33.978437,163197.446737,25171.88799100382,98.72315909999999,64.996352,15.084917295550758,0.25322210482353,35,64,,True,True,,149,87.6246207195492
137,2026-09-18T06:49:51.334+00:00,2026-09-18T06:52:35.868+00:00,2026-09-18T06:52:41.198+00:00,True,85,85.0,,85.0,164534.141168,169864.323568,169864.323565,1998.403806647059,35.522864,164534.141168,17839.355745844165,93.38434660000001,63.45455238095238,13.534610882244078,0.5003993670629303,35,64,,True,True,,377,87.6246207195492
138,2026-09-18T06:49:51.822+00:00,2026-09-18T06:52:37.607+00:00,2026-09-18T06:52:38.758+00:00,True,19,19.0,,19.0,165784.720898,166936.627714,166936.627831,8786.138306894736,35.629323,165784.720898,38018.9434966752,16663.2469103,63.99482311111111,11.019054398437051,0.11381564525522389,35,64,,True,True,,106,87.6246207195492
139,2026-09-18T06:49:52.154+00:00,2026-09-18T06:52:38.820+00:00,2026-09-18T06:52:40.594+00:00,True,31,31.0,,31.0,166666.31296900002,168439.988489,168439.98840400003,5433.5480130322585,37.250401,166666.31296900002,29923.536426092534,72.06831050000001,59.122517333333334,10.151918674786206,0.18404180787523897,35,64,,True,True,,132,87.6246207195492
140,2026-09-18T06:49:52.555+00:00,2026-09-18T06:52:40.532+00:00,2026-09-18T06:52:44.964+00:00,True,71,71.0,,71.0,167976.577,172408.975336,172408.975488,2428.2954294084507,38.733038,167976.577,19927.64051584864,93.5575765,63.31997622857143,11.295871398572219,0.4118115072700324,35,64,,True,True,,324,87.6246207195492
141,2026-09-18T06:49:52.981+00:00,2026-09-18T06:52:42.168+00:00,2026-09-18T06:52:45.095+00:00,True,48,48.0,,48.0,169186.812226,172114.21165,172114.21164000002,3585.7127425000003,40.139135,169186.812226,24411.02534476444,89.81593385000001,62.285094127659576,11.230096511398733,0.2788845821611152,35,64,,True,True,,194,87.6246207195492
142,2026-09-18T06:49:53.496+00:00,2026-09-18T06:52:44.218+00:00,2026-09-18T06:52:48.162+00:00,True,64,64.0,,64.0,170722.040374,174665.795126,174665.795153,2729.153049265625,35.328663,170722.040374,21332.434308139957,93.49556945,62.599281777777776,13.448188344123732,0.3664140420500295,35,64,,True,True,,282,87.6246207195492
143,2026-09-18T06:49:53.870+00:00,2026-09-18T06:52:45.593+00:00,2026-09-18T06:52:45.659+00:00,True,2,2.0,,2.0,171723.28889,171788.842298,171788.842309,85894.4211545,65.55341899999999,171723.28889,121380.34879467064,163140.40211645,65.553408,nan,0.011642199651887895,35,64,,True,True,,7,87.6246207195492
144,2026-09-18T06:49:54.394+00:00,2026-09-18T06:52:47.698+00:00,2026-09-18T06:52:53.786+00:00,True,98,98.0,,98.0,173303.555246,179391.64305400001,179391.643018,1830.5269695714287,35.856173000000005,173303.555246,17499.966355112225,89.76181414999999,62.76379183505154,11.476425253126282,0.5462907766026776,35,64,,True,True,,531,87.6246207195492
145,2026-09-18T06:49:54.907+00:00,2026-09-18T06:52:49.555+00:00,2026-09-18T06:52:50.746+00:00,True,21,21.0,,21.0,174647.785646,175839.542446,175839.5423,8373.311538095239,36.250522,174647.785646,38098.269516364584,72.986214,59.58784,10.326271469730663,0.11942706235401553,35,64,,True,True,,103,87.6246207195492
146,2026-09-18T06:49:55.353+00:00,2026-09-18T06:52:51.321+00:00,2026-09-18T06:52:53.148+00:00,True,29,29.0,,29.0,175968.40619,177795.22500600002,177795.224907,6130.869824379311,44.625496,175968.40619,32664.399002882306,92.9367582,65.24352914285714,10.81200813381494,0.16310899237604015,35,64,,True,True,,169,87.6246207195492
147,2026-09-18T06:49:55.813+00:00,2026-09-18T06:52:53.205+00:00,2026-09-18T06:52:57.251+00:00,True,62,62.0,,62.0,177391.90376,181437.490704,181437.490523,2926.411137467742,36.014963,177391.90376,22520.3757442466,97.74805780000001,66.32109744262296,13.909881851737492,0.3417154842664121,35,64,,True,True,,229,87.6246207195492
148,2026-09-18T06:49:56.326+00:00,2026-09-18T06:52:55.099+00:00,2026-09-18T06:52:58.271+00:00,True,50,50.0,,50.0,178773.174147,181944.863875,181944.864023,3638.8972804600003,36.155682,178773.174147,25273.194266186,95.72316514999999,64.72836179591837,13.424456207676224,0.2748085267982671,35,64,,True,True,,208,87.6246207195492
149,2026-09-18T06:49:56.823+00:00,2026-09-18T06:52:57.111+00:00,2026-09-18T06:53:02.267+00:00,True,83,83.0,,83.0,180288.243067,185443.631483,185443.631396,2234.260619228916,35.027314,180288.243067,19782.308039341617,92.6325902,62.87059043902439,11.666159748115158,0.44757535934906867,35,64,,True,True,,390,87.6246207195492
150,2026-09-18T06:49:57.132+00:00,2026-09-18T06:52:58.039+00:00,2026-09-18T06:53:03.863+00:00,True,95,95.0,,95.0,180907.41454300002,186731.327759,186731.32775400003,1965.592923726316,36.510332000000005,180907.41454300002,18554.354538079504,71.8686344,61.956523574468086,8.743039837249716,0.5087523402747358,35,64,,True,True,,378,87.6246207195492
151,2026-09-18T06:49:57.565+00:00,2026-09-18T06:52:59.737+00:00,2026-09-18T06:53:02.336+00:00,True,43,43.0,,43.0,182172.01832,184770.761872,184770.761806,4296.994460604651,34.061466,182172.01832,27771.53799245315,74.86972459999998,61.87484647619048,9.143753007404642,0.2327208026007289,35,64,,True,True,,236,87.6246207195492
152,2026-09-18T06:49:57.993+00:00,2026-09-18T06:53:01.616+00:00,2026-09-18T06:53:04.048+00:00,True,41,41.0,,41.0,183622.72177,186055.24708200002,186055.247156,4537.932857463415,37.642939,183622.72177,28667.554576955336,69.76044,60.8131328,6.71117172738788,0.2203646532039491,35,64,,True,True,,166,87.6246207195492
153,2026-09-18T06:49:58.511+00:00,2026-09-18T06:53:03.620+00:00,2026-09-18T06:53:07.356+00:00,True,64,64.0,,64.0,185108.79345199998,188845.23581999997,188845.236022,2950.70681284375,35.709533,185108.79345199998,23131.187210249806,68.1266205,59.30860901587302,8.686891262918115,0.3389018511486429,35,64,,True,True,,328,87.6246207195492
154,2026-09-18T06:49:58.871+00:00,2026-09-18T06:53:04.832+00:00,2026-09-18T06:53:05.449+00:00,True,11,11.0,,11.0,185960.940552,186577.98349599997,186577.983339,16961.634849,36.199973,185960.940552,56050.72946572297,93017.6929215,61.7042944,9.862910850985246,0.05895658101715859,35,64,,True,True,,28,87.6246207195492
155,2026-09-18T06:49:59.371+00:00,2026-09-18T06:53:06.556+00:00,2026-09-18T06:53:10.236+00:00,True,63,63.0,,63.0,187184.701854,190865.430942,190865.43100900002,3029.610016015873,38.306039,187184.701854,23575.57870717921,68.78008129999999,59.36659819354839,10.869120396942105,0.33007548663510666,35,64,,True,True,,259,87.6246207195492
156,2026-09-18T06:49:59.824+00:00,2026-09-18T06:53:08.438+00:00,2026-09-18T06:53:13.624+00:00,True,86,86.0,,86.0,188613.531294,193799.508894,193799.50875799998,2253.482659976744,35.918873,188613.531294,20332.143683918115,68.673244,61.01150117647059,10.303518434285175,0.4437575744685623,35,64,,True,True,,463,87.6246207195492
157,2026-09-18T06:50:00.276+00:00,2026-09-18T06:53:10.357+00:00,2026-09-18T06:53:10.707+00:00,True,7,7.0,,7.0,190081.345463,190431.658935,190431.659159,27204.522737,42.588260000000005,190081.345463,71821.92840121085,133077.7963244,58.38557866666667,9.49459030270039,0.036758593813381146,35,64,,True,True,,24,87.6246207195492
158,2026-09-18T06:50:00.669+00:00,2026-09-18T06:53:11.754+00:00,2026-09-18T06:53:16.354+00:00,True,74,74.0,,74.0,191084.60963999998,195684.82135199997,195684.82135699998,2644.389477797297,36.209711999999996,191084.60963999998,22205.812520455343,94.825081,63.01659879452055,12.337418378770652,0.37815912081851255,35,64,,True,True,,334,87.6246207195492
159,2026-09-18T06:50:01.046+00:00,2026-09-18T06:53:13.036+00:00,2026-09-18T06:53:16.246+00:00,True,52,52.0,,52.0,191990.68861800001,195200.22641,195200.22623300002,3753.8505044807694,40.276815,191990.68861800001,26615.593317423987,91.20103504999999,62.93211356862746,11.098008177939018,0.2663931336369396,35,64,,True,True,,231,87.6246207195492
160,2026-09-18T06:50:01.354+00:00,2026-09-18T06:53:14.222+00:00,2026-09-18T06:53:20.214+00:00,True,96,96.0,,96.0,192868.55765099998,198860.114259,198860.11440899997,2071.45952509375,34.240227,192868.55765099998,19678.1315127966,92.33569,63.06901692631579,12.182349028468659,0.4827514072277329,35,64,,True,True,,469,87.6246207195492
163,2026-09-18T06:50:02.740+00:00,2026-09-18T06:53:17.141+00:00,2026-09-18T06:53:22.494+00:00,True,87,87.0,,87.0,194400.42783700002,199753.64562900004,199753.64567700002,2296.0189158275866,35.774733,194400.42783700002,20835.243984841778,93.28055130000001,62.246718511627904,12.965837477972972,0.4355364815798357,35,64,,True,True,,379,87.6246207195492
162,2026-09-18T06:50:02.657+00:00,2026-09-18T06:53:17.654+00:00,2026-09-18T06:53:22.682+00:00,True,82,82.0,,82.0,194996.405666,200024.717218,200024.717223,2439.325819792683,32.453149,194996.405666,21526.899096143843,93.38059315000001,62.07792039506173,12.86848683908158,0.40994933596447003,35,64,,True,True,,367,87.6246207195492
161,2026-09-18T06:50:02.595+00:00,2026-09-18T06:53:18.460+00:00,2026-09-18T06:53:22.556+00:00,True,68,68.0,,68.0,195865.144505,199961.549753,199961.549802,2940.6110265,33.914026,195865.144505,23744.727014919277,92.01987869999999,61.140376835820895,13.44933107332009,0.34006537798889913,35,64,,True,True,,348,87.6246207195492
164,2026-09-18T06:50:03.102+00:00,2026-09-18T06:53:21.625+00:00,2026-09-18T06:53:25.305+00:00,True,59,59.0,,59.0,198523.202587,202202.87413900002,202202.874153,3427.167358525424,34.507126,198523.202587,25837.263855109286,93.98937190000001,63.442612965517235,14.1921727710042,0.2917861590802202,35,64,,True,True,,248,87.6246207195492
165,2026-09-18T06:50:03.477+00:00,2026-09-18T06:53:22.675+00:00,2026-09-18T06:53:27.336+00:00,True,74,74.0,,74.0,199197.84585800002,203858.29385800002,203858.293742,2754.8418073243247,36.810831,199197.84585800002,23148.861748931766,96.47537165,63.84175342465753,13.664891401005415,0.3629972497049622,35,64,,True,True,,313,87.6246207195492
166,2026-09-18T06:50:03.854+00:00,2026-09-18T06:53:24.281+00:00,2026-09-18T06:53:26.371+00:00,True,34,34.0,,34.0,200427.340983,202516.674999,202516.67521000002,5956.372800294118,37.52255,200427.340983,34362.148995139665,91.41813044999999,63.313152,11.007964691292209,0.1678874097659755,35,64,,True,True,,112,87.6246207195492
167,2026-09-18T06:50:04.283+00:00,2026-09-18T06:53:26.136+00:00,2026-09-18T06:53:27.121+00:00,True,17,17.0,,17.0,201853.311789,202838.065197,202838.0651,11931.650888235294,35.405764000000005,201853.311789,48941.69356882834,40447.7342058,61.547088,13.664869722658336,0.08381069886211591,35,64,,True,True,,67,87.6246207195492
168,2026-09-18T06:50:04.688+00:00,2026-09-18T06:53:27.558+00:00,2026-09-18T06:53:28.200+00:00,True,11,11.0,,11.0,202870.42365,203512.40765,203512.40753000003,18501.12795727273,40.530444,202870.42365,61148.37877115188,101480.76691450001,64.1984,12.246292750447541,0.05405075851157815,35,64,,True,True,,37,87.6246207195492
169,2026-09-18T06:50:05.224+00:00,2026-09-18T06:53:29.400+00:00,2026-09-18T06:53:34.513+00:00,True,84,84.0,,84.0,204175.902058,209289.524842,209289.52494600002,2491.5419636428574,35.878152,204175.902058,22270.698058696387,88.40827265,61.60991306024096,11.550885792362362,0.40135788001532585,35,64,,True,True,,381,87.6246207195492
170,2026-09-18T06:50:05.593+00:00,2026-09-18T06:53:31.140+00:00,2026-09-18T06:53:32.862+00:00,True,29,29.0,,29.0,205547.899066,207269.020858,207269.021011,7147.207621068966,39.495407,205547.899066,38157.873539764274,86.265559,61.468635428571424,10.340959312160217,0.1399147826334737,35,64,,True,True,,146,87.6246207195492
171,2026-09-18T06:50:06.093+00:00,2026-09-18T06:53:33.016+00:00,2026-09-18T06:53:35.467+00:00,True,40,40.0,,40.0,206922.783597,209374.136429,209374.136447,5234.3534111750005,36.271452,206922.783597,32707.4290653479,93.39888615,62.85520082051282,13.078766597151654,0.19104556409031082,35,64,,True,True,,183,87.6246207195492
172,2026-09-18T06:50:06.514+00:00,2026-09-18T06:53:34.826+00:00,2026-09-18T06:53:40.700+00:00,True,94,94.0,,94.0,208312.336421,214186.13098100002,214186.130887,2278.5758605,37.150901,208312.336421,21479.265444233573,91.37995930000001,63.15908129032258,11.108693888626796,0.43887061953763257,35,64,,True,True,,384,87.6246207195492
173,2026-09-18T06:50:07.013+00:00,2026-09-18T06:53:36.663+00:00,2026-09-18T06:53:40.289+00:00,True,59,59.0,,59.0,209649.90725,213276.27781,213276.277775,3614.852165677966,40.749163,209649.90725,27285.954457545016,77.3499012,62.52363034482759,8.260081554293455,0.2766364858100202,35,64,,True,True,,209,87.6246207195492
174,2026-09-18T06:50:07.530+00:00,2026-09-18T06:53:39.078+00:00,2026-09-18T06:53:39.908+00:00,True,14,14.0,,14.0,211547.471183,212377.35278299998,212377.352822,15169.810915857142,42.53601999999999,211547.471183,56521.3799933881,74105.01842825,63.83704615384615,12.571904919908636,0.06592039978153758,35,64,,True,True,,77,87.6246207195492
175,2026-09-18T06:50:07.822+00:00,2026-09-18T06:53:39.981+00:00,2026-09-18T06:53:40.230+00:00,True,5,5.0,,5.0,212159.144023,212407.603799,212407.60389,42481.520778,58.102722,212159.144023,94852.67499072608,169740.2650622,62.114944,2.828254883706677,0.023539646936234303,35,64,,True,True,,22,87.6246207195492
176,2026-09-18T06:50:08.287+00:00,2026-09-18T06:53:41.519+00:00,2026-09-18T06:53:44.154+00:00,True,44,44.0,,44.0,213232.05469800002,215867.622314,215867.62228500002,4906.082324659092,37.10408,213232.05469800002,32136.703279165686,84.93013734999998,61.292270139534885,10.50461402903352,0.2038286220431789,35,64,,True,True,,235,87.6246207195492
177,2026-09-18T06:50:08.645+00:00,2026-09-18T06:53:43.055+00:00,2026-09-18T06:53:47.186+00:00,True,66,66.0,,66.0,214410.592599,218541.277527,218541.277644,3311.2314794545455,39.659805999999996,214410.592599,26384.298710968542,88.187888,63.548998892307694,9.0476682507961,0.3020024443292912,35,64,,True,True,,384,87.6246207195492
178,2026-09-18T06:50:08.983+00:00,2026-09-18T06:53:44.090+00:00,2026-09-18T06:53:44.632+00:00,True,9,9.0,,9.0,215106.93256000002,215649.750608,215649.75067600003,23961.083408444447,57.828682,215106.93256000002,71679.69464679138,129103.8169536,67.852256,14.108754655378645,0.04173433994069328,35,64,,True,True,,36,87.6246207195492
179,2026-09-18T06:50:09.425+00:00,2026-09-18T06:53:45.642+00:00,2026-09-18T06:53:45.744+00:00,True,3,3.0,,3.0,216216.999526,216318.21527,216318.215427,72106.071809,42.333721,216216.999526,124803.72464014715,194601.1877914,50.607872,11.701451916661966,0.01386845761581158,35,64,,True,True,,5,87.6246207195492
180,2026-09-18T06:50:09.826+00:00,2026-09-18T06:53:47.318+00:00,2026-09-18T06:53:51.431+00:00,True,66,66.0,,66.0,217492.569414,221605.277254,221605.277301,3357.655716681818,0.01767,217492.569414,26763.708118702885,92.5628345,63.2724283076923,25.29574994170883,0.29782684247339464,35,64,,True,True,,345,87.6246207195492
181,2026-09-18T06:50:10.185+00:00,2026-09-18T06:53:49.270+00:00,2026-09-18T06:53:49.578+00:00,True,6,6.0,,6.0,219085.55784,219393.103184,219393.10324599998,36565.517207666664,56.668424,219085.55784,89416.19354135936,164330.48412725,61.509068799999994,3.8148845926810417,0.027348170534640445,35,64,,True,True,,21,87.6246207195492
182,2026-09-18T06:50:10.539+00:00,2026-09-18T06:53:50.511+00:00,2026-09-18T06:53:55.935+00:00,True,88,88.0,,88.0,219971.704947,225395.990899,225395.990753,2561.318076738636,36.964650999999996,219971.704947,23442.419250301682,91.82845650000002,62.3481143908046,12.017883951919059,0.39042398069730005,35,64,,True,True,,392,87.6246207195492
183,2026-09-18T06:50:11.090+00:00,2026-09-18T06:53:52.255+00:00,2026-09-18T06:53:55.550+00:00,True,54,54.0,,54.0,221165.29690400002,224460.68250400003,224460.682338,4156.679302555556,34.730165,221165.29690400002,30088.326055557358,91.5125633,62.177086792452826,12.369471138662679,0.24057665421665858,35,64,,True,True,,262,87.6246207195492
184,2026-09-18T06:50:11.523+00:00,2026-09-18T06:53:54.189+00:00,2026-09-18T06:53:54.937+00:00,True,13,13.0,,13.0,222665.370108,223413.613052,223413.613007,17185.662539,40.247055,222665.370108,61738.96987041415,89123.173569,62.353578666666664,13.707052225992213,0.05818803886840245,35,64,,True,True,,44,87.6246207195492
185,2026-09-18T06:50:11.870+00:00,2026-09-18T06:53:55.487+00:00,2026-09-18T06:53:57.905+00:00,True,39,39.0,,39.0,223616.487388,226034.827996,226034.82785,5795.764816666667,55.357296999999996,223616.487388,35797.10525902862,72.62491490000001,63.640542315789475,6.725404877798174,0.17253978223519675,35,64,,True,True,,194,87.6246207195492
186,2026-09-18T06:50:12.334+00:00,2026-09-18T06:53:57.309+00:00,2026-09-18T06:54:01.587+00:00,True,69,69.0,,69.0,224975.583241,229253.82477699997,229253.82493099998,3322.5192018985504,39.219667,224975.583241,27076.30498382028,85.737833,62.915316705882354,9.337087228438858,0.30097643983526884,35,64,,True,True,,331,87.6246207195492
187,2026-09-18T06:50:12.829+00:00,2026-09-18T06:53:58.860+00:00,2026-09-18T06:54:02.866+00:00,True,65,65.0,,65.0,226031.23838999998,230037.40159,230037.40160999997,3539.0369478461535,37.44614,226031.23838999998,28027.96277638978,91.153719,62.5963,11.267199209349409,0.28256274653915076,35,64,,True,True,,302,87.6246207195492
188,2026-09-18T06:50:13.133+00:00,2026-09-18T06:54:00.235+00:00,2026-09-18T06:54:00.297+00:00,True,2,2.0,,2.0,227101.605758,227163.721086,227163.72118199998,113581.86059099999,62.115424,227101.605758,160541.163212309,215749.6312413,62.115328,nan,0.00880422274489348,35,64,,True,True,,5,87.6246207195492
189,2026-09-18T06:50:13.633+00:00,2026-09-18T06:54:02.266+00:00,2026-09-18T06:54:06.322+00:00,True,67,67.0,,67.0,228633.008868,232689.597156,232689.597253,3472.979063477612,37.488178999999995,228633.008868,27924.46013510443,75.597512,61.4634589090909,9.027134625547225,0.2879372383591424,35,64,,True,True,,306,87.6246207195492
190,2026-09-18T06:50:14.003+00:00,2026-09-18T06:54:03.440+00:00,2026-09-18T06:54:06.780+00:00,True,56,56.0,,56.0,229437.26399200002,232777.42732000002,232777.42714800002,4156.7397705,34.910904,229437.26399200002,30651.730228762244,74.27705350000001,60.73024232727273,9.965661909758037,0.2405731545568488,35,64,,True,True,,262,87.6246207195492
191,2026-09-18T06:50:14.389+00:00,2026-09-18T06:54:04.868+00:00,2026-09-18T06:54:06.006+00:00,True,20,20.0,,20.0,230479.091,231617.15871199997,231617.158679,11580.85793395,35.433194,230479.091,51523.298548777784,11592.026473199998,59.89830063157895,8.903183317294028,0.08634938840981392,35,64,,True,True,,84,87.6246207195492
192,2026-09-18T06:50:14.800+00:00,2026-09-18T06:54:06.388+00:00,2026-09-18T06:54:08.907+00:00,True,39,39.0,,39.0,231588.133743,234106.605679,234106.60551700002,6002.733474794873,39.436646,231588.133743,37073.1714489922,104.834755,66.2755772631579,16.86413902994155,0.16659077127227942,35,64,,True,True,,184,87.6246207195492
193,2026-09-18T06:50:15.286+00:00,2026-09-18T06:54:08.417+00:00,2026-09-18T06:54:10.895+00:00,True,42,42.0,,42.0,233131.493229,235609.225581,235609.225501,5609.743464309524,35.873503,233131.493229,35963.64682915709,74.25522155,60.432496390243905,10.081541215597854,0.178261270951637,35,64,,True,True,,114,87.6246207195492
194,2026-09-18T06:50:15.810+00:00,2026-09-18T06:54:10.354+00:00,2026-09-18T06:54:11.109+00:00,True,13,13.0,,13.0,234544.09491100002,235299.52838300003,235299.52818700002,18099.96370669231,35.226054,234544.09491100002,65033.368717418845,93870.87161020002,62.952789333333335,11.548256082446935,0.055248729520782275,35,64,,True,True,,53,87.6246207195492
195,2026-09-18T06:50:16.152+00:00,2026-09-18T06:54:11.817+00:00,2026-09-18T06:54:15.044+00:00,True,54,54.0,,54.0,235665.14380199998,238892.15897,238892.15894099997,4423.928869277777,34.456026,235665.14380199998,32061.679762185548,72.17987269999999,60.88707864150943,9.625695723962156,0.226043417384751,35,64,,True,True,,245,87.6246207195492
196,2026-09-18T06:50:17.279+00:00,2026-09-18T06:54:15.350+00:00,2026-09-18T06:54:21.115+00:00,True,91,91.0,,91.0,238071.33534700001,243836.14891500003,243836.14889500002,2679.518119725275,36.311362,238071.33534700001,24949.94507638161,93.4521895,64.0534840888889,11.488737665053058,0.37320143221144014,35,64,,True,True,,455,87.6246207195492
197,2026-09-18T06:50:17.324+00:00,2026-09-18T06:54:15.975+00:00,2026-09-18T06:54:21.881+00:00,True,93,93.0,,93.0,238651.18141999998,244557.22148399998,244557.22155299998,2629.647543580645,39.416716,238651.18141999998,24740.319975357572,91.7350818,64.19608765217392,10.242939608053907,0.3802790996547386,35,64,,True,True,,461,87.6246207195492
198,2026-09-18T06:50:17.462+00:00,2026-09-18T06:54:17.092+00:00,2026-09-18T06:54:22.255+00:00,True,82,82.0,,82.0,239630.537923,244793.152963,244793.152778,2985.2823509512195,42.60714,239630.537923,26455.72890519203,76.77090919999999,63.73598814814815,8.568331264092453,0.3349766895334451,35,64,,True,True,,394,87.6246207195492
199,2026-09-18T06:50:17.998+00:00,2026-09-18T06:54:19.004+00:00,2026-09-18T06:54:24.316+00:00,True,85,85.0,,85.0,241005.802043,246318.116923,246318.11683800002,2897.8601980941175,37.282059999999994,241005.802043,26133.89180140995,89.6101882,63.24184380952381,9.906629794211963,0.345082209387673,35,64,,True,True,,327,87.6246207195492
200,2026-09-18T06:50:18.462+00:00,2026-09-18T06:54:21.181+00:00,2026-09-18T06:54:27.180+00:00,True,97,97.0,,97.0,242719.399003,248718.388315,248718.388232,2564.1070951752577,34.302476000000006,242719.399003,24638.078518979477,81.818913,62.489472,10.620841331133992,0.38999931069491417,35,64,,True,True,,390,87.6246207195492
201,2026-09-18T06:50:18.828+00:00,2026-09-18T06:54:22.651+00:00,2026-09-18T06:54:27.023+00:00,True,72,72.0,,72.0,243822.64080700002,248194.081191,248194.08111300002,3447.1400154583334,38.468077,243822.64080700002,28727.51913410115,76.0958753,61.56958287323943,9.00663955347059,0.29009555608456167,35,64,,True,True,,376,87.6246207195492
202,2026-09-18T06:50:19.329+00:00,2026-09-18T06:54:24.815+00:00,2026-09-18T06:54:29.034+00:00,True,67,67.0,,67.0,245486.0983,249705.155452,249705.15545000002,3726.9426186567166,34.168807,245486.0983,29983.093602660567,93.48011559999999,63.92510836363637,13.674663480339383,0.2683164465656344,35,64,,True,True,,285,87.6246207195492
203,2026-09-18T06:50:19.777+00:00,2026-09-18T06:54:26.482+00:00,2026-09-18T06:54:29.860+00:00,True,53,53.0,,53.0,246705.389594,250083.36821800002,250083.36836,4718.55412,37.66444,246705.389594,33878.6714286089,98.10901460000001,64.96112738461538,14.592530180040997,0.21192932731855804,35,64,,True,True,,305,87.6246207195492
204,2026-09-18T06:50:20.111+00:00,2026-09-18T06:54:27.523+00:00,2026-09-18T06:54:27.967+00:00,True,8,8.0,,8.0,247411.09439399999,247855.067002,247855.06697199997,30981.883371499996,42.97376,247411.09439399999,87450.60829308823,160848.85042195,63.42465828571429,14.292963563314803,0.032276927386501425,35,64,,True,True,,26,87.6246207195492
205,2026-09-18T06:50:20.604+00:00,2026-09-18T06:54:29.615+00:00,2026-09-18T06:54:32.484+00:00,True,47,47.0,,47.0,249011.124264,251880.31056800002,251880.310583,5359.155544319149,38.567798,249011.124264,36312.9082502083,76.0794074,62.37361530434783,7.960004320123152,0.1865965620497019,35,64,,True,True,,188,87.6246207195492
206,2026-09-18T06:50:21.079+00:00,2026-09-18T06:54:31.271+00:00,2026-09-18T06:54:32.216+00:00,True,16,16.0,,16.0,250191.893311,251136.93599899998,251136.935851,15696.0584906875,54.39351799999999,250191.893311,62532.22282396077,62603.8173085,63.00284586666667,5.24385106798775,0.06371026203833159,35,64,,True,True,,77,87.6246207195492
207,2026-09-18T06:50:21.468+00:00,2026-09-18T06:54:32.598+00:00,2026-09-18T06:54:37.178+00:00,True,74,74.0,,74.0,251129.927744,255709.877824,255709.877819,3455.5388894459456,34.599495000000005,251129.927744,29185.969632556145,90.03284345,62.73904219178082,10.263526811292394,0.2893904632457442,35,64,,True,True,,366,87.6246207195492
208,2026-09-18T06:50:22.015+00:00,2026-09-18T06:54:34.760+00:00,2026-09-18T06:54:39.975+00:00,True,83,83.0,,83.0,252745.582483,257959.809171,257959.80924,3107.9495089156626,37.348819999999996,252745.582483,27735.4550423002,97.0200774,63.58813034146342,12.804253688800147,0.32175554892343633,35,64,,True,True,,427,87.6246207195492
209,2026-09-18T06:50:22.525+00:00,2026-09-18T06:54:36.819+00:00,2026-09-18T06:54:39.545+00:00,True,44,44.0,,44.0,254294.25932100002,257020.45836100003,257020.45834600003,5841.374053318183,40.991663,254294.25932100002,38326.746099510594,96.6354651,63.39997767441861,12.47356052417714,0.17119259797677067,35,64,,True,True,,146,87.6246207195492
210,2026-09-18T06:50:22.937+00:00,2026-09-18T06:54:38.402+00:00,2026-09-18T06:54:42.766+00:00,True,72,72.0,,72.0,255465.19008700002,259829.56512700004,259829.56499600003,3608.743958277778,33.867907,255465.19008700002,30099.61877115991,79.1297999,61.47007098591549,10.219193266974447,0.2771047242634136,35,64,,True,True,,345,87.6246207195492
211,2026-09-18T06:50:23.258+00:00,2026-09-18T06:54:39.973+00:00,2026-09-18T06:54:43.458+00:00,True,58,58.0,,58.0,256715.290457,260200.106329,260200.106153,4486.208726775862,35.697953,256715.290457,33700.34193764503,67.66070285,61.137120561403506,6.329668083517963,0.22290536625171142,35,64,,True,True,,259,87.6246207195492
212,2026-09-18T06:50:23.730+00:00,2026-09-18T06:54:41.326+00:00,2026-09-18T06:54:42.771+00:00,True,25,25.0,,25.0,257596.295035,259041.58834699998,259041.58828899998,10361.66353156,37.16686,257596.295035,51507.21537589454,66.78079699999999,60.220554666666665,7.178183992330449,0.0965095997114995,35,64,,True,True,,87,87.6246207195492
213,2026-09-18T06:50:24.122+00:00,2026-09-18T06:54:42.544+00:00,2026-09-18T06:54:45.674+00:00,True,52,52.0,,52.0,258421.27703,261551.464806,261551.4649,5029.835863461539,36.310952,258421.27703,35828.072912227,73.08743015,61.37623090196078,8.527786496747904,0.19881364472024596,35,64,,True,True,,267,87.6246207195492
214,2026-09-18T06:50:24.481+00:00,2026-09-18T06:54:43.827+00:00,2026-09-18T06:54:44.196+00:00,True,7,7.0,,7.0,259345.624789,259714.291669,259714.291679,37102.041668428574,40.458034,259345.624789,98000.20919062736,181565.31407079997,61.44448,12.08682770085716,0.026952694651557113,35,64,,True,True,,23,87.6246207195492
215,2026-09-18T06:50:24.910+00:00,2026-09-18T06:54:45.386+00:00,2026-09-18T06:54:48.153+00:00,True,47,47.0,,47.0,260476.79478999999,263243.742118,263243.742161,5600.9306842765955,36.186672,260476.79478999999,37985.6728908787,82.05497449999999,60.151028869565216,10.287916833145163,0.17854175609968373,35,64,,True,True,,250,87.6246207195492
216,2026-09-18T06:50:25.221+00:00,2026-09-18T06:54:46.400+00:00,2026-09-18T06:54:49.609+00:00,True,55,55.0,,55.0,261179.06929699998,264388.728433,264388.728618,4807.067793054545,36.671412,261179.06929699998,35209.36521762013,73.3963767,59.43813214814815,9.78508832184572,0.20802702265704875,35,64,,True,True,,191,87.6246207195492
217,2026-09-18T06:50:25.714+00:00,2026-09-18T06:54:48.110+00:00,2026-09-18T06:54:49.437+00:00,True,24,24.0,,24.0,262396.024736,263722.9288,263722.928711,10988.455362958333,38.726737,262396.024736,53549.58879402698,65.79378465,57.691481043478255,9.200379208561527,0.09100460134128467,35,64,,True,True,,149,87.6246207195492
218,2026-09-18T06:50:26.186+00:00,2026-09-18T06:54:49.923+00:00,2026-09-18T06:54:51.604+00:00,True,29,29.0,,29.0,263736.851302,265418.151526,265418.151525,9152.350052586207,35.284563999999996,263736.851302,48963.55516908718,95.43465739999999,60.04643657142857,13.216966782230639,0.1092615551471023,35,64,,True,True,,117,87.6246207195492
219,2026-09-18T06:50:26.540+00:00,2026-09-18T06:54:51.374+00:00,2026-09-18T06:54:51.374+00:00,True,1,1.0,,1.0,264834.307298,264834.307298,264834.307298,264834.307298,264834.307298,264834.307298,nan,264834.307298,nan,nan,0.0037759458364839717,35,64,,True,True,,1,87.6246207195492
220,2026-09-18T06:50:27.080+00:00,2026-09-18T06:54:53.096+00:00,2026-09-18T06:54:55.641+00:00,True,43,43.0,,43.0,266016.27337999997,268561.47709199996,268561.47695499996,6245.615743139534,34.539585,266016.27337999997,40557.86117978533,69.92014619999999,60.60008838095238,10.111632503750792,0.16011231568133533,35,64,,True,True,,185,87.6246207195492
221,2026-09-18T06:50:27.491+00:00,2026-09-18T06:54:54.592+00:00,2026-09-18T06:54:58.368+00:00,True,60,60.0,,60.0,267101.001299,270876.612179,270876.612236,4514.610203933334,37.15056,267101.001299,34474.3317884016,94.0388886,63.99340474576271,12.724972784960196,0.22150306561110913,35,64,,True,True,,247,87.6246207195492
222,2026-09-18T06:50:27.829+00:00,2026-09-18T06:54:56.050+00:00,2026-09-18T06:54:58.993+00:00,True,46,46.0,,46.0,268220.716602,271163.813434,271163.813455,5894.865509891304,38.012159,268220.716602,39537.34636960082,101.155648,65.40215182222222,13.50070316441672,0.16963915434533516,35,64,,True,True,,169,87.6246207195492
223,2026-09-18T06:50:28.330+00:00,2026-09-18T06:54:58.058+00:00,2026-09-18T06:55:04.244+00:00,True,99,99.0,,99.0,269727.92066299997,275913.30818299996,275913.30818,2787.0031129292925,36.573411,269727.92066299997,27102.33494261668,91.40509380000002,63.11619918367347,11.343263147340311,0.35880835416006135,35,64,,True,True,,517,87.6246207195492
224,2026-09-18T06:50:28.716+00:00,2026-09-18T06:54:59.677+00:00,2026-09-18T06:55:02.834+00:00,True,51,51.0,,51.0,270960.908718,274118.137006,274118.137065,5374.865432647059,36.692861,270960.908718,37933.27622010114,96.5286895,63.14456576,11.887076520170165,0.18605116960532858,35,64,,True,True,,176,87.6246207195492
225,2026-09-18T06:50:29.153+00:00,2026-09-18T06:55:01.383+00:00,2026-09-18T06:55:06.174+00:00,True,76,76.0,,76.0,272230.102255,277021.102831,277021.10288599995,3645.014511657894,37.167571,272230.102255,31219.609623851327,93.83411174999999,63.88000768,13.354354122318993,0.27434733030560743,35,64,,True,True,,312,87.6246207195492
226,2026-09-18T06:50:29.656+00:00,2026-09-18T06:55:03.025+00:00,2026-09-18T06:55:03.087+00:00,True,2,2.0,,2.0,273368.88935199997,273431.07072799996,273431.07062599994,136715.53531299997,62.181273999999995,273368.88935199997,193257.02662572594,259703.55394809996,62.181376,nan,0.007314457697419226,35,64,,True,True,,7,87.6246207195492
227,2026-09-18T06:50:30.026+00:00,2026-09-18T06:55:04.142+00:00,2026-09-18T06:55:08.257+00:00,True,66,66.0,,66.0,274115.816849,278231.207825,278231.207798,4215.624360575757,37.4694,274115.816849,33733.53326755867,91.61282999999999,63.313707323076926,11.849549351450534,0.23721278614263944,35,64,,True,True,,227,87.6246207195492
228,2026-09-18T06:50:30.567+00:00,2026-09-18T06:55:06.686+00:00,2026-09-18T06:55:11.824+00:00,True,84,84.0,,84.0,276119.616024,281257.67708,281257.677304,3348.305682190476,35.493083,276119.616024,30120.36825590248,92.85693880000001,61.904350072289155,12.454197948358619,0.2986585143989059,35,64,,True,True,,338,87.6246207195492
229,2026-09-18T06:50:31.002+00:00,2026-09-18T06:55:08.411+00:00,2026-09-18T06:55:13.761+00:00,True,89,89.0,,89.0,277408.903941,282758.506245,282758.50622599997,3177.061867707865,35.908823,277408.903941,29398.84351937565,87.37230200000002,60.790935272727275,11.792829926652235,0.3147562249564465,35,64,,True,True,,424,87.6246207195492
230,2026-09-18T06:50:31.503+00:00,2026-09-18T06:55:10.339+00:00,2026-09-18T06:55:13.914+00:00,True,58,58.0,,58.0,278836.076378,282410.874458,282410.874412,4869.1530071034485,38.140409,278836.076378,36604.73729318725,91.60521285,62.71575578947368,11.365387183905261,0.20537452784462706,35,64,,True,True,,218,87.6246207195492
231,2026-09-18T06:50:31.874+00:00,2026-09-18T06:55:11.755+00:00,2026-09-18T06:55:14.648+00:00,True,48,48.0,,48.0,279881.214916,282774.15418,282774.15422900004,5891.128213104167,35.539994,279881.214916,40388.49073022786,82.80326140000001,61.55189923404256,10.312559901837375,0.1697467724346744,35,64,,True,True,,232,87.6246207195492
233,2026-09-18T06:50:32.625+00:00,2026-09-18T06:55:13.633+00:00,2026-09-18T06:55:19.587+00:00,True,97,97.0,,97.0,281007.619649,286962.063937,286962.063919,2958.3717929793816,35.946982000000006,281007.619649,28525.70512263569,84.7883754,62.02546133333333,10.618236130144851,0.3380237745338196,35,64,,True,True,,449,87.6246207195492
234,2026-09-18T06:50:33.117+00:00,2026-09-18T06:55:15.554+00:00,2026-09-18T06:55:18.883+00:00,True,56,56.0,,56.0,282436.680383,285765.631423,285765.631459,5102.957704625,35.727573,282436.680383,37734.10198681809,70.86460425,60.526382545454545,9.542263899401165,0.19596478317263735,35,64,,True,True,,293,87.6246207195492
232,2026-09-18T06:50:32.211+00:00,2026-09-18T06:55:16.568+00:00,2026-09-18T06:55:18.271+00:00,True,29,29.0,,29.0,284356.04674099997,286059.53192499996,286059.531906,9864.121789862067,38.717677,284356.04674099997,52792.295782554924,83.02877400000001,60.838756571428576,10.430684426835489,0.10137749930879182,35,64,,True,True,,106,87.6246207195492
235,2026-09-18T06:50:33.588+00:00,2026-09-18T06:55:17.812+00:00,2026-09-18T06:55:23.769+00:00,True,98,98.0,,98.0,284223.743896,290180.31477600004,290180.31492100004,2961.0236216428575,34.561766000000006,284223.743896,28704.732326741145,77.13518834999999,61.40794721649484,9.79643207778619,0.3377210479478923,35,64,,True,True,,402,87.6246207195492
238,2026-09-18T06:50:34.902+00:00,2026-09-18T06:55:20.525+00:00,2026-09-18T06:55:21.323+00:00,True,14,14.0,,14.0,285623.47023000004,286421.39304600004,286421.392973,20458.67092664286,52.165502000000004,285623.47023000004,76319.67931180254,100011.58894725,61.37867815384615,3.6153221475656876,0.048879030477138846,35,64,,True,True,,74,87.6246207195492
236,2026-09-18T06:50:34.820+00:00,2026-09-18T06:55:20.527+00:00,2026-09-18T06:55:22.525+00:00,True,34,34.0,,34.0,285706.826075,287704.379739,287704.379698,8461.893520529411,39.203317000000006,285706.826075,48987.93583492261,73.3922132,60.53192921212121,7.369403371791809,0.11817685928467325,35,64,,True,True,,199,87.6246207195492
237,2026-09-18T06:50:34.861+00:00,2026-09-18T06:55:20.840+00:00,2026-09-18T06:55:25.042+00:00,True,70,70.0,,70.0,285979.052774,290181.596646,290181.596608,4145.451380114286,36.082122000000005,285979.052774,34173.75609456867,71.11489030000001,60.90643292753624,9.314596334323513,0.24122825433824738,35,64,,True,True,,268,87.6246207195492
239,2026-09-18T06:50:35.246+00:00,2026-09-18T06:55:23.930+00:00,2026-09-18T06:55:29.887+00:00,True,98,98.0,,98.0,288684.159017,294641.365545,294641.36557,3006.5445466326532,35.648333,288684.159017,29155.302165338388,89.22511755000001,61.414500288659795,11.349930861857798,0.3326077443970869,35,64,,True,True,,416,87.6246207195492
240,2026-09-18T06:50:35.604+00:00,2026-09-18T06:55:25.536+00:00,2026-09-18T06:55:28.975+00:00,True,56,56.0,,56.0,289931.725354,293371.042858,293371.042902,5238.76862325,34.229136,289931.725354,38735.402145244014,94.15359649999999,62.533045527272726,12.502763736655858,0.19088455170780305,35,64,,True,True,,260,87.6246207195492
241,2026-09-18T06:50:36.108+00:00,2026-09-18T06:55:27.363+00:00,2026-09-18T06:55:32.097+00:00,True,77,77.0,,77.0,291255.008867,295988.717667,295988.717735,3844.009321233766,37.293411,291255.008867,33184.49252382943,92.074969,62.28564210526316,11.376348722252839,0.2601450508212556,35,64,,True,True,,301,87.6246207195492
242,2026-09-18T06:50:36.561+00:00,2026-09-18T06:55:29.077+00:00,2026-09-18T06:55:30.219+00:00,True,20,20.0,,20.0,292515.565397,293657.168981,293657.169045,14682.85845225,38.410557999999995,292515.565397,65395.034924748914,14710.091647649999,60.08439915789474,13.57660994165425,0.06810662947341165,35,64,,True,True,,74,87.6246207195492
243,2026-09-18T06:50:37.009+00:00,2026-09-18T06:55:30.855+00:00,2026-09-18T06:55:32.923+00:00,True,34,34.0,,34.0,293845.74911699997,295913.629821,295913.62987799995,8703.342055235293,39.835975,293845.74911699997,50383.38462666119,96.11470229999999,62.66305163636363,10.335384331601238,0.11489839119802225,35,64,,True,True,,122,87.6246207195492
244,2026-09-18T06:50:37.377+00:00,2026-09-18T06:55:32.157+00:00,2026-09-18T06:55:37.407+00:00,False,85,84.0,,84.0,294780.286002,300030.006834,300030.006924,3529.764787341176,0.02343,294780.286002,31966.63491168621,90.10048839999999,62.49667657142857,12.536464662437556,0.2799719964225957,35,64,,True,False,Request timeout: 300.0s exceeded,369,87.6246207195492
245,2026-09-18T06:50:37.880+00:00,2026-09-18T06:55:33.921+00:00,2026-09-18T06:55:35.149+00:00,True,20,20.0,,20.0,296040.749512,297268.542664,297268.54262900003,14863.42713145,44.903496,296040.749512,66182.27511759369,14892.80044805,64.62069221052631,10.177475022814338,0.06727923452904945,35,64,,True,True,,118,87.6246207195492
246,2026-09-18T06:50:38.309+00:00,2026-09-18T06:55:35.830+00:00,2026-09-18T06:55:36.404+00:00,True,10,10.0,,10.0,297521.15619099996,298095.301727,298095.30155399995,29809.530155399996,59.716578,297521.15619099996,94064.27726738795,163670.88189415,63.793948444444446,4.913770219453264,0.0335463187177574,35,64,,True,True,,48,87.6246207195492
247,2026-09-18T06:50:38.841+00:00,2026-09-18T06:55:37.807+00:00,2026-09-18T06:55:38.891+00:00,False,19,18.0,,18.0,298965.547466,300049.80525800004,300049.80511200003,15792.095005894738,0.048379,298965.547466,68573.58335026065,29980.806793100004,60.236544,17.402129382092014,0.05999004060183464,35,64,,True,False,Request timeout: 300.0s exceeded,100,87.6246207195492
248,2026-09-18T06:50:39.374+00:00,2026-09-18T06:55:39.406+00:00,2026-09-18T06:55:39.406+00:00,False,1,0.0,,0.0,300032.00647799997,300032.00647799997,300032.00647799997,300032.00647799997,300032.00647799997,300032.00647799997,nan,300032.00647799997,nan,nan,0.0,35,64,,True,False,"HTTPConnectionPool(host='gpu03', port=9002): Read timed out.",0,87.6246207195492
249,2026-09-18T06:50:39.732+00:00,2026-09-18T06:55:39.790+00:00,2026-09-18T06:55:39.790+00:00,False,1,0.0,,0.0,300058.785769,300058.785769,300058.785769,300058.785769,300058.785769,300058.785769,nan,300058.785769,nan,nan,0.0,35,64,,True,False,TTFT timeout: 300.0s exceeded (TTFT: 300.041s),0,87.6246207195492
250,2026-09-18T06:50:40.169+00:00,2026-09-18T06:55:40.158+00:00,2026-09-18T06:55:40.227+00:00,False,3,2.0,,2.0,299988.942789,300058.168005,300058.16796,100019.38932,0.02857,299988.942789,173178.71674082114,269996.9681702,34.612608,48.909433370115096,0.006665374294915622,35,64,,True,False,Request timeout: 300.0s exceeded,6,87.6246207195492
251,2026-09-18T06:50:40.551+00:00,2026-09-18T06:55:40.458+00:00,2026-09-18T06:55:40.610+00:00,False,4,3.0,,3.0,299906.670474,300059.449226,300059.449087,75014.86227175,0.026850000000000002,299906.670474,149927.87684769894,254934.12027869996,50.92625066666666,46.04101429954216,0.009998018751745585,35,64,,True,False,Request timeout: 300.0s exceeded,8,87.6246207195492
252,2026-09-18T06:50:40.944+00:00,2026-09-18T06:55:41.051+00:00,2026-09-18T06:55:41.051+00:00,False,1,0.0,,0.0,300107.940256,300107.940256,300107.940256,300107.940256,300107.940256,300107.940256,nan,300107.940256,nan,nan,0.0,35,64,,True,False,"HTTPConnectionPool(host='gpu03', port=9002): Read timed out.",0,87.6246207195492
253,2026-09-18T06:50:41.330+00:00,2026-09-18T06:55:41.410+00:00,2026-09-18T06:55:41.410+00:00,False,1,0.0,,0.0,300079.456389,300079.456389,300079.456389,300079.456389,300079.456389,300079.456389,nan,300079.456389,nan,nan,0.0,35,64,,True,False,TTFT timeout: 300.0s exceeded (TTFT: 300.049s),0,87.6246207195492
254,2026-09-18T06:50:41.834+00:00,2026-09-18T06:55:41.835+00:00,2026-09-18T06:55:41.895+00:00,False,3,2.0,,2.0,300001.676042,300060.87143400003,300060.871571,100020.29052366667,0.02129,300001.676042,173188.9626683584,270007.4258617,29.597696,41.8274138884226,0.0066653142425466515,35,64,,True,False,Request timeout: 300.0s exceeded,2,87.6246207195492
255,2026-09-18T06:50:42.376+00:00,2026-09-18T06:55:42.430+00:00,2026-09-18T06:55:42.430+00:00,False,1,0.0,,0.0,300054.259679,300054.259679,300054.259679,300054.259679,300054.259679,300054.259679,nan,300054.259679,nan,nan,0.0,35,64,,True,False,"HTTPConnectionPool(host='gpu03', port=9002): Read timed out.",0,87.6246207195492
256,2026-09-18T06:50:42.901+00:00,2026-09-18T06:55:42.819+00:00,2026-09-18T06:55:42.979+00:00,False,4,3.0,,3.0,299917.674811,300078.254907,300078.25513,75019.5637825,0.02057,299917.674811,149932.07895278605,254943.33847795,53.52669866666666,47.10839858233983,0.009997392183348166,35,64,,True,False,Request timeout: 300.0s exceeded,3,87.6246207195492
257,2026-09-18T06:50:43.426+00:00,2026-09-18T06:55:43.515+00:00,2026-09-18T06:55:43.515+00:00,False,1,0.0,,0.0,300088.417008,300088.417008,300088.417008,300088.417008,300088.417008,300088.417008,nan,300088.417008,nan,nan,0.0,35,64,,True,False,TTFT timeout: 300.0s exceeded (TTFT: 300.071s),0,87.6246207195492
258,2026-09-18T06:50:43.920+00:00,2026-09-18T06:55:44.000+00:00,2026-09-18T06:55:44.000+00:00,False,1,0.0,,0.0,300079.857792,300079.857792,300079.857792,300079.857792,300079.857792,300079.857792,nan,300079.857792,nan,nan,0.0,35,64,,True,False,"HTTPConnectionPool(host='gpu03', port=9002): Read timed out.",0,87.6246207195492
259,2026-09-18T06:50:44.325+00:00,2026-09-18T06:55:44.253+00:00,2026-09-18T06:55:44.354+00:00,False,3,2.0,,2.0,299928.195306,300028.50916200003,300028.50917800004,100009.50305933334,0.07909999999999999,299928.195306,173134.67341928574,269945.3992526,50.156928,70.82073787493287,0.006666033189932969,35,64,,True,False,Request timeout: 300.0s exceeded,3,87.6246207195492
260,2026-09-18T06:50:44.821+00:00,2026-09-18T06:55:44.569+00:00,2026-09-18T06:55:45.821+00:00,False,22,21.0,,21.0,299747.566413,300999.26407699997,300999.264194,13681.784736090909,0.03767,299747.566413,63893.69095182525,92.65981169999999,59.604650666666664,19.45929239230382,0.06976761243717824,35,64,,True,False,Request timeout: 300.0s exceeded,97,87.6246207195492
261,2026-09-18T06:50:45.312+00:00,2026-09-18T06:55:45.628+00:00,2026-09-18T06:55:45.628+00:00,True,1,1.0,,1.0,300315.56948400004,300315.56948400004,300315.56948400004,300315.56948400004,300315.56948400004,300315.56948400004,nan,300315.56948400004,nan,nan,0.0033298306901576647,35,64,,True,True,,2,87.6246207195492
262,2026-09-18T06:50:45.813+00:00,2026-09-18T06:55:46.006+00:00,2026-09-18T06:55:46.006+00:00,False,1,0.0,,0.0,300193.351411,300193.351411,300193.351411,300193.351411,300193.351411,300193.351411,nan,300193.351411,nan,nan,0.0,35,64,,True,False,"HTTPConnectionPool(host='gpu03', port=9002): Read timed out.",0,87.6246207195492
263,2026-09-18T06:50:46.270+00:00,2026-09-18T06:55:46.713+00:00,2026-09-18T06:55:46.713+00:00,False,1,0.0,,0.0,300442.635141,300442.635141,300442.635141,300442.635141,300442.635141,300442.635141,nan,300442.635141,nan,nan,0.0,35,64,,True,False,"HTTPConnectionPool(host='gpu03', port=9002): Read timed out.",0,87.6246207195492
264,2026-09-18T06:50:46.804+00:00,2026-09-18T06:55:46.915+00:00,2026-09-18T06:55:46.915+00:00,False,1,0.0,,0.0,300110.652541,300110.652541,300110.652541,300110.652541,300110.652541,300110.652541,nan,300110.652541,nan,nan,0.0,35,64,,True,False,"HTTPConnectionPool(host='gpu03', port=9002): Read timed out.",0,87.6246207195492
265,2026-09-18T06:50:47.326+00:00,2026-09-18T06:55:47.288+00:00,2026-09-18T06:55:47.351+00:00,False,3,2.0,,2.0,299961.33691799996,300024.57070999994,300024.57055899996,100008.19018633332,0.02287,299961.33691799996,173164.50751842672,269971.52430329996,31.616896,44.68045964286258,0.0066661206956052125,35,64,,True,False,Request timeout: 300.0s exceeded,3,87.6246207195492
266,2026-09-18T06:50:47.714+00:00,2026-09-18T06:55:47.350+00:00,2026-09-18T06:55:47.734+00:00,True,8,8.0,,8.0,299636.004778,300019.755434,300019.755448,37502.469431,39.738225,299636.004778,105917.9435177621,194785.35571225002,54.82152228571428,10.193828341105705,0.026664910743718954,35,64,,True,True,,25,87.6246207195492
267,2026-09-18T06:50:48.144+00:00,2026-09-18T06:55:48.149+00:00,2026-09-18T06:55:48.149+00:00,False,1,0.0,,0.0,300005.68966399995,300005.68966399995,300005.68966399995,300005.68966399995,300005.68966399995,300005.68966399995,nan,300005.68966399995,nan,nan,0.0,35,64,,True,False,"HTTPConnectionPool(host='gpu03', port=9002): Read timed out.",0,87.6246207195492
268,2026-09-18T06:50:48.673+00:00,2026-09-18T06:55:48.656+00:00,2026-09-18T06:55:48.746+00:00,False,3,2.0,,2.0,299982.30686400004,300072.381744,300072.38175500004,100024.12725166668,0.02734,299982.30686400004,173168.86908829262,269993.0809327,45.03744,63.65418236333597,0.006665058571455785,35,64,,True,False,Request timeout: 300.0s exceeded,6,87.6246207195492
269,2026-09-18T06:50:49.029+00:00,2026-09-18T06:55:48.888+00:00,2026-09-18T06:55:49.106+00:00,False,5,4.0,,4.0,299859.01427600003,300077.23482,300077.234797,60015.446959400004,0.021070000000000002,299859.01427600003,134076.63429298907,239905.19094120004,54.555136,38.619606119568786,0.013329901558175122,35,64,,True,False,Request timeout: 300.0s exceeded,18,87.6246207195492
270,2026-09-18T06:50:49.435+00:00,2026-09-18T06:55:49.544+00:00,2026-09-18T06:55:49.544+00:00,False,1,0.0,,0.0,300109.451357,300109.451357,300109.451357,300109.451357,300109.451357,300109.451357,nan,300109.451357,nan,nan,0.0,35,64,,True,False,"HTTPConnectionPool(host='gpu03', port=9002): Read timed out.",0,87.6246207195492
271,2026-09-18T06:50:49.902+00:00,2026-09-18T06:55:50.008+00:00,2026-09-18T06:55:50.008+00:00,False,1,0.0,,0.0,300105.72625199996,300105.72625199996,300105.72625199996,300105.72625199996,300105.72625199996,300105.72625199996,nan,300105.72625199996,nan,nan,0.0,35,64,,True,False,"HTTPConnectionPool(host='gpu03', port=9002): Read timed out.",0,87.6246207195492
272,2026-09-18T06:50:50.217+00:00,2026-09-18T06:55:50.166+00:00,2026-09-18T06:55:50.236+00:00,False,3,2.0,,2.0,299948.401118,300018.643422,300018.643207,100006.21440233332,0.02089,299948.401118,173155.01654154502,269960.58312609995,35.121152,49.63912231346562,0.006666252394144859,35,64,,True,False,Request timeout: 300.0s exceeded,3,87.6246207195492
273,2026-09-18T06:50:50.610+00:00,2026-09-18T06:55:50.455+00:00,2026-09-18T06:55:50.638+00:00,False,5,4.0,,4.0,299844.809663,300027.698111,300027.698109,60005.539621799995,0.04224,299844.809663,134074.23047636502,239888.5898604,45.722112,30.517464277514716,0.013332102419824373,35,64,,True,False,Request timeout: 300.0s exceeded,11,87.6246207195492
274,2026-09-18T06:50:51.025+00:00,2026-09-18T06:55:51.133+00:00,2026-09-18T06:55:51.133+00:00,False,1,0.0,,0.0,300107.96753799997,300107.96753799997,300107.96753799997,300107.96753799997,300107.96753799997,300107.96753799997,nan,300107.96753799997,nan,nan,0.0,35,64,,True,False,"HTTPConnectionPool(host='gpu03', port=9002): Read timed out.",0,87.6246207195492
275,2026-09-18T06:50:51.500+00:00,2026-09-18T06:55:51.457+00:00,2026-09-18T06:55:51.550+00:00,False,3,2.0,,2.0,299956.93676,300049.48204000003,300049.48205600004,100016.49401866666,0.038979999999999994,299956.93676,173153.50883032187,269970.4937156,46.27264,65.38436517666871,0.006665567247116184,35,64,,True,False,Request timeout: 300.0s exceeded,4,87.6246207195492
276,2026-09-18T06:50:51.970+00:00,2026-09-18T06:55:51.984+00:00,2026-09-18T06:55:51.984+00:00,False,1,0.0,,0.0,300013.567422,300013.567422,300013.567422,300013.567422,300013.567422,300013.567422,nan,300013.567422,nan,nan,0.0,35,64,,True,False,TTFT timeout: 300.0s exceeded (TTFT: 300.006s),0,87.6246207195492
277,2026-09-18T06:50:52.417+00:00,2026-09-18T06:55:52.478+00:00,2026-09-18T06:55:52.478+00:00,False,1,0.0,,0.0,300060.68675199995,300060.68675199995,300060.68675199995,300060.68675199995,300060.68675199995,300060.68675199995,nan,300060.68675199995,nan,nan,0.0,35,64,,True,False,"HTTPConnectionPool(host='gpu03', port=9002): Read timed out.",0,87.6246207195492
278,2026-09-18T06:50:52.894+00:00,2026-09-18T06:55:52.818+00:00,2026-09-18T06:55:52.925+00:00,False,4,3.0,,3.0,299923.842566,300030.920966,300030.920936,75007.730234,0.02305,299923.842566,149944.0777434729,254946.02118950002,35.6928,35.83978500598373,0.0099989694073564,35,64,,True,False,Request timeout: 300.0s exceeded,13,87.6246207195492
0,2026-09-18T06:48:53.171+00:00,2026-09-18T06:48:53.414+00:00,2026-09-18T06:48:58.645+00:00,True,91,91.0,,91.0,243.603597,5474.699661000001,5474.699847,60.161536780219784,14.397983,243.603597,22.16595472274422,68.260998,58.1232896,10.702716939512404,16.621916385341596,36,64,,False,True,,408,87.6246207195492
1,2026-09-18T06:48:53.636+00:00,2026-09-18T06:48:53.849+00:00,2026-09-18T06:48:57.071+00:00,True,56,56.0,,56.0,213.799203,3435.331107,3435.331076,61.345197785714284,9.102293,213.799203,23.780035655172313,71.0835755,58.573307345454545,11.735614079887602,16.301194340741024,36,64,,False,True,,257,87.6246207195492
2,2026-09-18T06:48:54.177+00:00,2026-09-18T06:48:55.981+00:00,2026-09-18T06:49:01.746+00:00,True,96,96.0,,96.0,1804.502427,7568.970907000001,7568.970846,78.8434463125,13.259934999999999,1804.502427,178.2272064675525,69.56172875,60.678615578947365,9.466534477378898,12.683362266753656,36,64,,False,True,,478,87.6246207195492
3,2026-09-18T06:48:54.525+00:00,2026-09-18T06:48:57.570+00:00,2026-09-18T06:48:59.448+00:00,True,32,32.0,,32.0,3045.050002,4922.41653,4922.416414,153.8255129375,38.483838000000006,3045.050002,527.6297309299501,69.63693925000001,60.56021058064516,6.725885226052914,6.50087204221216,36,64,,False,True,,181,87.6246207195492
4,2026-09-18T06:48:55.010+00:00,2026-09-18T06:48:59.137+00:00,2026-09-18T06:49:01.313+00:00,True,37,37.0,,37.0,4126.721501,6303.201757,6303.201687,170.35680235135135,13.013726,4126.721501,668.6230803668573,77.7629892,60.45778488888889,13.547168226127482,5.870032632052396,36,64,,False,True,,190,87.6246207195492
5,2026-09-18T06:48:55.322+00:00,2026-09-18T06:49:00.098+00:00,2026-09-18T06:49:04.665+00:00,True,78,78.0,,78.0,4775.817746000001,9342.549522000001,9342.54966,119.7762776923077,0.0,4775.817746000001,534.1828179775436,67.13660335,59.308204883116886,12.452428568461192,8.34889874721287,36,64,,False,True,,369,87.6246207195492
6,2026-09-18T06:48:55.590+00:00,2026-09-18T06:49:01.250+00:00,2026-09-18T06:49:02.034+00:00,True,14,14.0,,14.0,5659.912372000001,6444.6040840000005,6444.604165000001,460.32886892857147,42.82875,5659.912372000001,1496.5541638522682,2024.7612504500003,60.36090092307692,5.995363492318855,2.1723599801511093,36,64,,False,True,,70,87.6246207195492
7,2026-09-18T06:48:55.987+00:00,2026-09-18T06:49:02.732+00:00,2026-09-18T06:49:05.431+00:00,True,47,47.0,,47.0,6745.409936,9443.988624,9443.988611,200.93592789361702,8.683004,6745.409936,975.5392721515574,67.2527293,58.66475408695652,18.80075210777475,4.976710780925651,36,64,,False,True,,235,87.6246207195492
8,2026-09-18T06:48:56.441+00:00,2026-09-18T06:49:04.233+00:00,2026-09-18T06:49:06.675+00:00,True,42,42.0,,42.0,7792.4438,10234.359704,10234.359842,243.67523433333332,6.003549,7792.4438,1193.3810369892956,69.3391531,59.55892448780487,20.452389917309365,4.103822927347834,36,64,,False,True,,166,87.6246207195492
9,2026-09-18T06:48:56.760+00:00,2026-09-18T06:49:05.491+00:00,2026-09-18T06:49:09.974+00:00,True,75,75.0,,75.0,8731.131446000001,13214.283062000002,13214.283045000002,176.19044060000002,0.0,8731.131446000001,1001.9846268666045,68.9292907,60.58312994594595,40.20271816308764,5.67567681486071,36,64,,False,True,,417,87.6246207195492
10,2026-09-18T06:48:57.186+00:00,2026-09-18T06:49:07.297+00:00,2026-09-18T06:49:12.563+00:00,True,89,89.0,,89.0,10111.143941,15377.115397000001,15377.115536000001,172.77657905617977,0.0,10111.143941,1066.2100253120293,67.8071534,59.84058472727273,40.851673110214,5.787821558350499,36,64,,False,True,,325,87.6246207195492
11,2026-09-18T06:48:57.516+00:00,2026-09-18T06:49:08.277+00:00,2026-09-18T06:49:10.404+00:00,True,37,37.0,,37.0,10760.604954,12887.468058,12887.468092000001,348.30994843243246,39.927616,10760.604954,1759.3334244921145,66.09438540000001,59.07953066666666,6.985382107414425,2.871006145930422,36,64,,False,True,,125,87.6246207195492
12,2026-09-18T06:48:57.775+00:00,2026-09-18T06:49:09.273+00:00,2026-09-18T06:49:14.149+00:00,True,82,82.0,,82.0,11497.893994,16374.21809,16374.218162,199.68558734146342,0.0,11497.893994,1263.4291737610738,68.88490655,60.20153204938271,29.808192597680474,5.007872714855235,36,64,,False,True,,340,87.6246207195492
13,2026-09-18T06:48:58.164+00:00,2026-09-18T06:49:10.638+00:00,2026-09-18T06:49:11.731+00:00,True,19,19.0,,19.0,12474.822619,13567.199451,13567.199329000001,714.0631225789474,0.0,12474.822619,2848.29653290418,1436.6754919,60.68760177777778,42.440357481640895,1.4004364031516883,36,64,,False,True,,119,87.6246207195492
14,2026-09-18T06:48:58.551+00:00,2026-09-18T06:49:12.211+00:00,2026-09-18T06:49:16.534+00:00,True,73,73.0,,73.0,13659.452897,17982.779873,17982.779874,246.3394503287671,0.0,13659.452897,1591.871503018988,69.73515040000001,60.046208,24.19600349667683,4.059439114283152,36,64,,False,True,,323,87.6246207195492
15,2026-09-18T06:48:59.047+00:00,2026-09-18T06:49:14.208+00:00,2026-09-18T06:49:18.619+00:00,True,75,75.0,,75.0,15160.638417,19571.990737,19571.9908,260.95987733333334,0.0,15160.638417,1744.0136090315616,68.9667847,59.61286918918919,32.42491767921593,3.8320067185713382,36,64,,False,True,,295,87.6246207195492
16,2026-09-18T06:48:59.349+00:00,2026-09-18T06:49:15.032+00:00,2026-09-18T06:49:17.814+00:00,True,48,48.0,,48.0,15683.593456,18465.219312,18465.219387,384.6920705625,0.0,15683.593456,2255.524785332307,68.434591,59.18352885106383,39.32031733774935,2.5994817168949744,36,64,,False,True,,209,87.6246207195492
17,2026-09-18T06:48:59.810+00:00,2026-09-18T06:49:16.944+00:00,2026-09-18T06:49:22.232+00:00,True,88,88.0,,88.0,17134.298831,22422.829007,22422.829003,254.8048750340909,0.0,17134.298831,1820.792425586703,90.73516735,60.7877031724138,52.55917091399332,3.9245716930958174,36,64,,False,True,,373,87.6246207195492
18,2026-09-18T06:49:00.126+00:00,2026-09-18T06:49:18.003+00:00,2026-09-18T06:49:20.251+00:00,True,34,34.0,,34.0,17877.13725,20124.953698,20124.953703,591.9104030294118,15.316730999999999,17877.13725,3054.583231529514,168.50613985,68.11564993939393,47.70332089229441,1.6894448807292852,36,64,,False,True,,148,87.6246207195492
19,2026-09-18T06:49:00.593+00:00,2026-09-18T06:49:19.686+00:00,2026-09-18T06:49:24.133+00:00,True,71,71.0,,71.0,19092.418261,23539.739093,23539.739157,331.54562192957746,0.0,19092.418261,2259.393372343537,213.145294,63.53315474285714,70.36126575019495,3.0161761657381,36,64,,False,True,,396,87.6246207195492
20,2026-09-18T06:49:01.025+00:00,2026-09-18T06:49:21.571+00:00,2026-09-18T06:49:22.079+00:00,True,12,12.0,,12.0,20546.224710000002,21053.458502,21053.458437,1754.4548697500002,0.02061,20546.224710000002,5917.927110325878,9284.0645315,46.112162909090905,26.603245915083317,0.5699776119377272,36,64,,False,True,,45,87.6246207195492
21,2026-09-18T06:49:01.407+00:00,2026-09-18T06:49:22.594+00:00,2026-09-18T06:49:23.109+00:00,True,9,9.0,,9.0,21187.587658,21702.677322,21702.677371,2411.408596777778,40.35928500000001,21187.587658,7041.0883660527525,12755.018344,64.386208,18.479147005190534,0.4146953791215751,36,64,,False,True,,32,87.6246207195492
22,2026-09-18T06:49:01.873+00:00,2026-09-18T06:49:24.390+00:00,2026-09-18T06:49:27.680+00:00,True,56,56.0,,56.0,22517.355116,25807.033196,25807.033143999997,460.83987757142853,33.962087,22517.355116,3001.0334904542806,75.55353925,59.81232872727273,10.519703660186154,2.1699510972334397,36,64,,False,True,,210,87.6246207195492
23,2026-09-18T06:49:02.205+00:00,2026-09-18T06:49:25.844+00:00,2026-09-18T06:49:31.551+00:00,True,95,95.0,,95.0,23639.842681000002,29346.623097000003,29346.623017,308.911821231579,0.0,23639.842681000002,2419.481590111231,69.4553634,60.710429957446806,39.16675119605908,3.237169731113339,36,64,,False,True,,506,87.6246207195492
24,2026-09-18T06:49:02.525+00:00,2026-09-18T06:49:27.092+00:00,2026-09-18T06:49:32.664+00:00,True,94,94.0,,94.0,24567.415268,30139.214564,30139.214414000002,320.6299405744681,0.0,24567.415268,2528.062137859803,70.91858215,59.911820387096775,39.55665292727014,3.11886030740426,36,64,,False,True,,423,87.6246207195492
25,2026-09-18T06:49:02.949+00:00,2026-09-18T06:49:28.640+00:00,2026-09-18T06:49:32.853+00:00,True,70,70.0,,70.0,25690.80389,29903.808689999998,29903.808741,427.19726772857143,38.826608,25690.80389,3063.3504609562865,68.5461225,61.058040579710145,7.849929315439554,2.340838945488853,36,64,,False,True,,271,87.6246207195492
26,2026-09-18T06:49:03.396+00:00,2026-09-18T06:49:30.663+00:00,2026-09-18T06:49:36.285+00:00,True,95,95.0,,95.0,27267.251201000003,32889.184001,32889.183811,346.2019348526316,0.0,27267.251201000003,2792.2833175945384,72.166103,59.80779574468085,69.60806820954765,2.888487595104564,36,64,,False,True,,508,87.6246207195492
27,2026-09-18T06:49:03.865+00:00,2026-09-18T06:49:32.321+00:00,2026-09-18T06:49:35.166+00:00,True,41,41.0,,41.0,28456.352340999998,31301.109332999997,31301.109225999997,763.4416884390243,0.0,28456.352340999998,4434.112528888126,465.890024,71.1189248,99.28254409469147,1.3098577294439433,36,64,,False,True,,237,87.6246207195492
28,2026-09-18T06:49:04.207+00:00,2026-09-18T06:49:33.834+00:00,2026-09-18T06:49:36.654+00:00,True,48,48.0,,48.0,29626.534756999998,32446.838117,32446.838097999997,675.9757937083333,0.016300000000000002,29626.534756999998,4268.2513491082545,84.74494969999999,60.0064544680851,77.60676439162405,1.4793429124562734,36,64,,False,True,,136,87.6246207195492
29,2026-09-18T06:49:04.578+00:00,2026-09-18T06:49:35.208+00:00,2026-09-18T06:49:37.601+00:00,True,42,42.0,,42.0,30630.497484,33023.248588,33023.24867,786.2678254761904,0.02723,30630.497484,4717.42884841914,94.51235220000001,58.35978302439025,20.99637310911983,1.2718312642100866,36,64,,False,True,,88,87.6246207195492
30,2026-09-18T06:49:05.045+00:00,2026-09-18T06:49:36.751+00:00,2026-09-18T06:49:39.236+00:00,True,41,41.0,,41.0,31706.039066,34190.840346000005,34190.840332,833.9229349268293,0.0,31706.039066,4942.522588033289,103.65011899999999,62.120032,76.19780034879187,1.1991515734943499,36,64,,False,True,,219,87.6246207195492
31,2026-09-18T06:49:05.533+00:00,2026-09-18T06:49:38.995+00:00,2026-09-18T06:49:41.494+00:00,True,50,50.0,,50.0,33462.546292,35961.316468,35961.316432,719.22632864,0.0,33462.546292,4725.1543303381895,71.62712495000001,50.99530971428572,21.40120246897144,1.3903829144990354,36,64,,False,True,,193,87.6246207195492
32,2026-09-18T06:49:05.866+00:00,2026-09-18T06:49:39.504+00:00,2026-09-18T06:49:44.311+00:00,True,80,80.0,,80.0,33638.666032,38445.171504,38445.171474,480.564643425,36.629701999999995,33638.666032,3754.135514277224,95.37586995,60.84184141772152,12.529142953315416,2.080885501880944,36,64,,False,True,,420,87.6246207195492
33,2026-09-18T06:49:06.333+00:00,2026-09-18T06:49:41.619+00:00,2026-09-18T06:49:47.737+00:00,True,99,99.0,,99.0,35286.604408,41404.361592,41404.361462,418.22587335353535,0.0,35286.604408,3540.6347370821604,94.66523570000001,62.42609371428571,58.08474341904101,2.391052444560054,36,64,,False,True,,368,87.6246207195492
34,2026-09-18T06:49:06.688+00:00,2026-09-18T06:49:43.011+00:00,2026-09-18T06:49:47.013+00:00,True,65,65.0,,65.0,36322.163431999994,40324.211432,40324.211449999995,620.3724838461537,0.0,36322.163431999994,4498.010502533212,95.997343,62.532,71.32773182116821,1.611934807692683,36,64,,False,True,,336,87.6246207195492
35,2026-09-18T06:49:07.175+00:00,2026-09-18T06:49:44.610+00:00,2026-09-18T06:49:47.196+00:00,True,43,43.0,,43.0,37434.666127,40020.979855,40020.980026,930.7204657209302,0.0,37434.666127,5700.018807992794,94.9584505,61.57889828571428,88.87643865365858,1.0744364619705287,36,64,,False,True,,211,87.6246207195492
36,2026-09-18T06:49:07.501+00:00,2026-09-18T06:49:46.046+00:00,2026-09-18T06:49:51.036+00:00,True,80,80.0,,80.0,38544.647863,43534.533814999995,43534.533748,544.1816718499999,0.01597,38544.647863,4302.997646504041,93.29601695,63.1631133164557,74.50268125082557,1.8376216072500053,36,64,,False,True,,398,87.6246207195492
37,2026-09-18T06:49:07.936+00:00,2026-09-18T06:49:47.546+00:00,2026-09-18T06:49:52.480+00:00,True,74,74.0,,74.0,39610.370353,44544.075825,44544.075821,601.946970554054,0.0,39610.370353,4597.942634601878,95.75223034999999,67.58500646575342,105.20283757279732,1.661275907726165,36,64,,False,True,,275,87.6246207195492
38,2026-09-18T06:49:08.282+00:00,2026-09-18T06:49:49.255+00:00,2026-09-18T06:49:55.157+00:00,True,95,95.0,,95.0,40973.052874,46874.58273,46874.582757000004,493.4166606,0.0,40973.052874,4197.820187390255,89.3936854,62.782232510638295,66.10465653987694,2.0266847077275307,36,64,,False,True,,435,87.6246207195492
39,2026-09-18T06:49:08.657+00:00,2026-09-18T06:49:50.604+00:00,2026-09-18T06:49:53.008+00:00,True,41,41.0,,41.0,41946.677273,44350.830105,44350.830178000004,1081.7275653170732,0.0,41946.677273,6542.319578697608,75.78391,60.103820799999994,99.36995997886851,0.9244471840308974,36,64,,False,True,,212,87.6246207195492
40,2026-09-18T06:49:08.929+00:00,2026-09-18T06:49:51.742+00:00,2026-09-18T06:49:57.097+00:00,True,87,87.0,,87.0,42812.828169,48167.730697,48167.73061,553.6520759770115,0.0,42812.828169,4583.843708263918,94.9737464,62.266308465116275,68.26148995148257,1.80618847392407,36,64,,False,True,,298,87.6246207195492
41,2026-09-18T06:49:09.340+00:00,2026-09-18T06:49:53.417+00:00,2026-09-18T06:49:59.395+00:00,True,96,96.0,,96.0,44076.797583,50055.168911,50055.168914,521.4080095208333,34.944476,44076.797583,4492.164051990825,91.82565775,62.930224505263155,12.614662993950374,1.9178838487328183,36,64,,False,True,,462,87.6246207195492
42,2026-09-18T06:49:09.678+00:00,2026-09-18T06:49:54.890+00:00,2026-09-18T06:49:59.143+00:00,True,69,69.0,,69.0,45212.097363,49464.316499,49464.316639000004,716.8741541884058,35.448934,45212.097363,5435.388167159927,92.78822679999999,62.53263435294118,14.59279677989804,1.394944980214069,36,64,,False,True,,211,87.6246207195492
43,2026-09-18T06:49:10.107+00:00,2026-09-18T06:49:56.701+00:00,2026-09-18T06:49:59.394+00:00,True,44,44.0,,44.0,46594.766707999996,49287.40798799999,49287.408091,1120.1683657045453,33.755978000000006,46594.766707999996,7015.002147834977,98.07088145,62.61956465116279,15.636906904101801,0.8927229447876968,36,64,,False,True,,158,87.6246207195492
44,2026-09-18T06:49:10.406+00:00,2026-09-18T06:49:57.965+00:00,2026-09-18T06:49:58.133+00:00,True,4,4.0,,4.0,47559.698931,47727.390963,47727.390992,11931.847748,40.826165,47559.698931,23751.9032051476,40435.46208885,55.897344,13.122084628455648,0.08380931618702864,36,64,,False,True,,9,87.6246207195492
45,2026-09-18T06:49:10.733+00:00,2026-09-18T06:49:59.268+00:00,2026-09-18T06:50:02.844+00:00,True,59,59.0,,59.0,48534.952267,52110.544203,52110.544181,883.2295623898306,0.0,48534.952267,6312.559088826646,278.4140568,61.64813682758621,155.08249560753782,1.132208479154654,36,64,,False,True,,296,87.6246207195492
46,2026-09-18T06:49:11.091+00:00,2026-09-18T06:50:00.794+00:00,2026-09-18T06:50:01.068+00:00,True,7,7.0,,7.0,49702.217379,49976.417443,49976.417503000004,7139.488214714286,0.047559,49702.217379,18768.41301861621,34811.8012008,45.700010666666664,24.754187622225007,0.1400660623179676,36,64,,False,True,,26,87.6246207195492
47,2026-09-18T06:49:11.396+00:00,2026-09-18T06:50:02.581+00:00,2026-09-18T06:50:07.821+00:00,True,89,89.0,,89.0,51185.050417000006,56425.04376100001,56425.04385100001,633.9892567528091,0.01593,51185.050417000006,5419.332996089936,98.4541588,59.54537890909091,21.01965206366884,1.5773137966357278,36,64,,False,True,,295,87.6246207195492
48,2026-09-18T06:49:11.877+00:00,2026-09-18T06:50:04.374+00:00,2026-09-18T06:50:08.532+00:00,True,66,66.0,,66.0,52496.620874,56654.523466,56654.523664,858.4018736969697,36.592161999999995,52496.620874,6454.0294709352165,101.927412,63.96773218461538,14.492032787672066,1.1649555227414186,36,64,,False,True,,277,87.6246207195492
49,2026-09-18T06:49:12.329+00:00,2026-09-18T06:50:06.099+00:00,2026-09-18T06:50:12.143+00:00,True,97,97.0,,97.0,53769.938141000006,59813.77660500001,59813.77648100001,616.6368709381444,0.0,53769.938141000006,5453.7417134012585,94.79006560000002,62.95665066666666,82.92707604196676,1.621699974582302,36,64,,False,True,,420,87.6246207195492
50,2026-09-18T06:49:12.714+00:00,2026-09-18T06:50:07.627+00:00,2026-09-18T06:50:08.346+00:00,True,12,12.0,,12.0,54913.252457,55632.312681,55632.31279,4636.026065833334,55.169578,54913.252457,15833.223237311355,24762.765138950002,65.36911127272727,10.446780991405276,0.21570198004905766,36,64,,False,True,,30,87.6246207195492
51,2026-09-18T06:49:13.065+00:00,2026-09-18T06:50:08.887+00:00,2026-09-18T06:50:14.076+00:00,True,86,86.0,,86.0,55821.615615999995,61010.73203199999,61010.732122999994,709.4271177093023,0.0,55821.615615999995,6013.430077807206,88.24528675000002,61.04842842352941,86.40440619709788,1.4095880697660403,36,64,,False,True,,394,87.6246207195492
52,2026-09-18T06:49:13.545+00:00,2026-09-18T06:50:10.730+00:00,2026-09-18T06:50:14.212+00:00,True,59,59.0,,59.0,57184.742868,60666.396372,60666.396206,1028.2440034915255,35.345664,57184.742868,7437.014483005902,76.8432304,60.02850868965517,12.382203555449362,0.9725318055520913,36,64,,False,True,,300,87.6246207195492
53,2026-09-18T06:49:13.960+00:00,2026-09-18T06:50:12.092+00:00,2026-09-18T06:50:13.304+00:00,True,22,22.0,,22.0,58132.500415,59343.951551000006,59343.9515,2697.452340909091,37.69955,58132.500415,12381.595143069868,70.22769965,57.688149333333335,9.628195738627282,0.37072017324450107,36,64,,False,True,,115,87.6246207195492
54,2026-09-18T06:49:14.420+00:00,2026-09-18T06:50:14.011+00:00,2026-09-18T06:50:15.982+00:00,True,32,32.0,,32.0,59590.264282,61561.774042,61561.774155,1923.80544234375,38.958838,59590.264282,10522.931910779296,88.96225544999999,63.59708903225806,9.785400095777135,0.5198030839424522,36,64,,False,True,,126,87.6246207195492
55,2026-09-18T06:49:14.691+00:00,2026-09-18T06:50:15.025+00:00,2026-09-18T06:50:19.207+00:00,True,67,67.0,,67.0,60333.788413999995,64516.431357999994,64516.43111799999,962.9318077313432,0.016309999999999998,60333.788413999995,7363.915676186478,93.26362429999999,63.37337793939394,103.22497102836749,1.038495133560918,36,64,,False,True,,309,87.6246207195492
56,2026-09-18T06:49:15.068+00:00,2026-09-18T06:50:17.248+00:00,2026-09-18T06:50:21.108+00:00,True,76,76.0,,76.0,62180.063633,66040.53902499999,66040.539062,868.9544613421052,0.0,62180.063633,7127.471795177423,92.72696575,51.473005226666665,109.74551650210942,1.150808293239851,36,64,,False,True,,422,87.6246207195492
57,2026-09-18T06:49:15.529+00:00,2026-09-18T06:50:18.418+00:00,2026-09-18T06:50:23.298+00:00,True,78,78.0,,78.0,62888.703951999996,67768.53448,67768.5345,868.8273653846153,0.0,62888.703951999996,7114.321341350756,91.2142059,63.374422441558444,104.22417099033285,1.1509766383249669,36,64,,False,True,,301,87.6246207195492
58,2026-09-18T06:49:15.994+00:00,2026-09-18T06:50:20.237+00:00,2026-09-18T06:50:23.036+00:00,True,44,44.0,,44.0,64242.72537,67041.677562,67041.677777,1523.6744949318181,39.052688,64242.72537,9675.149984332777,96.46051405,65.09191144186046,12.356656220745977,0.6563081593432517,36,64,,False,True,,229,87.6246207195492
59,2026-09-18T06:49:16.441+00:00,2026-09-18T06:50:21.833+00:00,2026-09-18T06:50:25.067+00:00,True,53,53.0,,53.0,65392.486815,68626.721439,68626.72136899999,1294.8437994150943,37.361761,65392.486815,8973.812674940866,91.6849282,62.1968196923077,11.476974905275776,0.7722939241256035,36,64,,False,True,,199,87.6246207195492
60,2026-09-18T06:49:16.814+00:00,2026-09-18T06:50:23.167+00:00,2026-09-18T06:50:24.414+00:00,True,21,21.0,,21.0,66353.014309,67600.042277,67600.042339,3219.0496351904762,42.131332,66353.014309,14465.811684823178,91.88153100000001,62.3513984,9.68943219734615,0.3106506932932047,36,64,,False,True,,94,87.6246207195492
61,2026-09-18T06:49:17.229+00:00,2026-09-18T06:50:25.126+00:00,2026-09-18T06:50:29.465+00:00,True,70,70.0,,70.0,67897.64185500001,72236.207999,72236.208171,1031.945831014286,33.798536999999996,67897.64185500001,8107.816648667966,93.25131644999999,62.877770202898546,13.800472852155508,0.9690431147904254,36,64,,False,True,,343,87.6246207195492
62,2026-09-18T06:49:17.529+00:00,2026-09-18T06:50:25.939+00:00,2026-09-18T06:50:29.294+00:00,True,54,54.0,,54.0,68409.747824,71765.264496,71765.264584,1328.9863811851853,32.40231,68409.747824,9300.782320930803,93.6893776,63.31163532075472,14.048751742196856,0.7524531593276551,36,64,,False,True,,239,87.6246207195492
63,2026-09-18T06:49:18.005+00:00,2026-09-18T06:50:27.576+00:00,2026-09-18T06:50:32.313+00:00,True,78,78.0,,78.0,69570.85732899999,74308.026737,74308.02673,952.6670093589743,0.0,69570.85732899999,7871.246270798692,91.37897204999999,61.521680623376625,117.3754964424923,1.0496847167812313,36,64,,False,True,,382,87.6246207195492
64,2026-09-18T06:49:18.424+00:00,2026-09-18T06:50:29.293+00:00,2026-09-18T06:50:32.251+00:00,True,46,46.0,,46.0,70869.331359,73826.79260700001,73826.792593,1604.9302737608696,0.0,70869.331359,10440.546012809415,83.32710149999998,65.72136106666667,154.87575698047752,0.6230800279360698,36,64,,False,True,,235,87.6246207195492
65,2026-09-18T06:49:18.825+00:00,2026-09-18T06:50:30.739+00:00,2026-09-18T06:50:36.756+00:00,True,99,99.0,,99.0,71914.127027,77931.56907499999,77931.56911499999,787.1875668181817,0.0,71914.127027,7222.820817691262,96.8102651,61.40246987755102,140.37451326802406,1.270345267971239,36,64,,False,True,,515,87.6246207195492
66,2026-09-18T06:49:19.120+00:00,2026-09-18T06:50:32.227+00:00,2026-09-18T06:50:33.169+00:00,True,22,22.0,,22.0,73106.86039100001,74049.01591100001,74049.01579300001,3365.864354227273,0.0,73106.86039100001,15576.895750026064,97.17400025,44.86454857142857,29.105376529778642,0.29710050470409954,36,64,,False,True,,65,87.6246207195492
67,2026-09-18T06:49:19.518+00:00,2026-09-18T06:50:33.455+00:00,2026-09-18T06:50:36.703+00:00,True,54,54.0,,54.0,73937.239134,77184.968798,77184.968942,1429.3512767037037,0.01666,73937.239134,10054.438883726303,80.61808070000001,61.27791818867925,156.42495817270878,0.6996180842065617,36,64,,False,True,,251,87.6246207195492
68,2026-09-18T06:49:19.859+00:00,2026-09-18T06:50:34.785+00:00,2026-09-18T06:50:37.083+00:00,True,42,42.0,,42.0,74926.05216400001,77224.68538000001,77224.68533400001,1838.6829841428573,0.01982,74926.05216400001,11552.704058863494,82.57092370000001,56.064224780487805,18.27896503867895,0.5438675443393564,36,64,,False,True,,153,87.6246207195492
69,2026-09-18T06:49:20.232+00:00,2026-09-18T06:50:36.011+00:00,2026-09-18T06:50:37.382+00:00,True,25,25.0,,25.0,75778.67965600001,77149.495144,77149.49525800001,3085.9798103200005,38.262589999999996,75778.67965600001,15144.316162929383,69.62882099999999,57.117312,10.806738662644026,0.3240461904946669,36,64,,False,True,,93,87.6246207195492
70,2026-09-18T06:49:20.693+00:00,2026-09-18T06:50:38.107+00:00,2026-09-18T06:50:43.440+00:00,True,84,84.0,,84.0,77413.893316,82746.804164,82746.804204,985.0810024285714,34.350027000000004,77413.893316,8439.54874915711,100.53151464999999,64.25193792771084,13.692199660471362,1.0151449454593586,36,64,,False,True,,403,87.6246207195492
71,2026-09-18T06:49:21.098+00:00,2026-09-18T06:50:39.431+00:00,2026-09-18T06:50:39.865+00:00,True,8,8.0,,8.0,78333.35225499999,78767.94860699998,78767.94858099999,9845.993572624999,57.773873,78333.35225499999,27673.07203385874,50940.12330134999,62.08519314285714,3.3786648585212586,0.10156415320544546,36,64,,False,True,,25,87.6246207195492
72,2026-09-18T06:49:21.626+00:00,2026-09-18T06:50:41.358+00:00,2026-09-18T06:50:46.920+00:00,True,89,89.0,,89.0,79731.791771,85293.545627,85293.545628,958.3544452584271,0.0,79731.791771,8445.766648293638,94.2535872,63.20174836363637,124.89321731628911,1.0434552737344138,36,64,,False,True,,463,87.6246207195492
73,2026-09-18T06:49:21.856+00:00,2026-09-18T06:50:42.226+00:00,2026-09-18T06:50:42.991+00:00,True,14,14.0,,14.0,80370.48468099999,81135.65664899998,81135.65658499999,5795.404041785713,38.966898,80370.48468099999,21464.18645784811,28175.221131999995,58.859382153846155,8.993400400820239,0.17255052313886157,36,64,,False,True,,47,87.6246207195492
74,2026-09-18T06:49:22.310+00:00,2026-09-18T06:50:44.097+00:00,2026-09-18T06:50:46.298+00:00,True,36,36.0,,36.0,81786.858462,83987.497182,83987.49708,2332.98603,0.0,81786.858462,13622.071261470786,367.5664445,62.875392,198.6694596014746,0.42863522795527986,36,64,,False,True,,176,87.6246207195492
75,2026-09-18T06:49:22.714+00:00,2026-09-18T06:50:45.752+00:00,2026-09-18T06:50:47.429+00:00,True,34,34.0,,34.0,83037.725381,84714.62061299999,84714.620728,2491.606492,0.0,83037.725381,14232.157098530268,79.54987150000001,50.81500703030303,23.85400855836115,0.4013474858763929,36,64,,False,True,,143,87.6246207195492
76,2026-09-18T06:49:23.072+00:00,2026-09-18T06:50:47.041+00:00,2026-09-18T06:50:49.275+00:00,True,38,38.0,,38.0,83969.820008,86203.03754399999,86203.037655,2268.5009909210526,38.00186,83969.820008,13611.918116408187,96.18875345000001,60.3572307027027,12.759755730314453,0.4408197330703565,36,64,,False,True,,237,87.6246207195492
77,2026-09-18T06:49:23.519+00:00,2026-09-18T06:50:48.573+00:00,2026-09-18T06:50:50.787+00:00,True,37,37.0,,37.0,85053.97766599999,87268.38355399999,87268.383668,2358.6049639999997,35.936813,85053.97766599999,13972.677956978026,73.58591440000001,61.511274666666665,8.568370503469755,0.4239794355432872,36,64,,False,True,,116,87.6246207195492
78,2026-09-18T06:49:23.877+00:00,2026-09-18T06:50:49.777+00:00,2026-09-18T06:50:52.566+00:00,True,47,47.0,,47.0,85900.32312100001,88689.67121700001,88689.671109,1887.0142789148938,36.322983,85900.32312100001,12521.007786808157,71.88231549999999,60.638002086956526,8.536037054445773,0.529937695732387,36,64,,False,True,,209,87.6246207195492
79,2026-09-18T06:49:24.262+00:00,2026-09-18T06:50:51.192+00:00,2026-09-18T06:50:56.557+00:00,True,87,87.0,,87.0,86929.234411,92294.659563,92294.659481,1060.858154954023,35.770123,86929.234411,9313.109787016485,88.31017399999999,62.38866455813953,10.954986942200026,0.9426330885441332,36,64,,False,True,,287,87.6246207195492
80,2026-09-18T06:49:24.575+00:00,2026-09-18T06:50:52.445+00:00,2026-09-18T06:50:57.822+00:00,True,86,86.0,,86.0,87869.42945299999,93247.16590099999,93247.165971,1084.2693717558138,34.809706,87869.42945299999,9468.388599985456,92.64601075,63.26748762352941,11.289283811106726,0.922280041103938,36,64,,False,True,,388,87.6246207195492
81,2026-09-18T06:49:24.972+00:00,2026-09-18T06:50:53.953+00:00,2026-09-18T06:50:54.635+00:00,True,11,11.0,,11.0,88980.66629899999,89662.93957899998,89662.939747,8151.1763406363625,50.195957,88980.66629899999,26808.114600443398,44544.651548999995,68.227328,18.235166262753737,0.12268167931643764,36,64,,False,True,,82,87.6246207195492
82,2026-09-18T06:49:25.420+00:00,2026-09-18T06:50:55.308+00:00,2026-09-18T06:51:00.759+00:00,True,89,89.0,,89.0,89887.781175,95339.003191,95339.003146,1071.2247544494383,38.240909,89887.781175,9521.523527631212,69.86678020000001,61.94570472727273,8.789462844750622,0.9335109139089637,36,64,,False,True,,465,87.6246207195492
83,2026-09-18T06:49:25.698+00:00,2026-09-18T06:50:56.561+00:00,2026-09-18T06:51:01.711+00:00,True,84,84.0,,84.0,90862.62706299999,96012.797943,96012.797792,1143.0094975238094,38.051099,90862.62706299999,9907.159126243887,77.67448070000002,62.05025156626506,8.927642085692062,0.8748833676305148,36,64,,False,True,,406,87.6246207195492
84,2026-09-18T06:49:26.134+00:00,2026-09-18T06:50:58.069+00:00,2026-09-18T06:51:01.403+00:00,True,55,55.0,,55.0,91935.86072,95269.37828799999,95269.37835,1732.1705154545455,38.442959,91935.86072,12388.307796627443,74.41915660000001,61.73180681481481,8.379267024361972,0.5773103696943903,36,64,,False,True,,274,87.6246207195492
85,2026-09-18T06:49:26.470+00:00,2026-09-18T06:50:59.420+00:00,2026-09-18T06:51:01.901+00:00,True,41,41.0,,41.0,92950.176955,95430.772667,95430.772865,2327.5798259756098,41.840711999999996,92950.176955,14506.695938888888,78.848274,62.0148928,8.156086188617031,0.4296308083249735,36,64,,True,True,,167,87.6246207195492
86,2026-09-18T06:49:26.886+00:00,2026-09-18T06:51:00.977+00:00,2026-09-18T06:51:06.224+00:00,True,86,86.0,,86.0,94091.088927,99337.996575,99337.99675600001,1155.0929855348838,36.937161,94091.088927,10139.448899893756,69.7807285,61.728325270588236,6.6943467970295,0.8657311699966707,36,64,,True,True,,389,87.6246207195492
87,2026-09-18T06:49:27.290+00:00,2026-09-18T06:51:02.577+00:00,2026-09-18T06:51:04.533+00:00,True,32,32.0,,32.0,95286.730827,97242.93025100001,97242.93036700001,3038.8415739687503,51.906383999999996,95286.730827,16833.319167227863,76.44381245000001,63.10320722580645,5.788362415111519,0.32907276567461236,36,64,,True,True,,146,87.6246207195492
88,2026-09-18T06:49:27.784+00:00,2026-09-18T06:51:04.420+00:00,2026-09-18T06:51:09.036+00:00,True,76,76.0,,76.0,96636.397403,101251.791707,101251.79175199999,1332.2604177894736,35.681304,96636.397403,11077.90182769661,90.4220205,61.53859072,11.38650231696881,0.7506040013585831,36,64,,True,True,,286,87.6246207195492
89,2026-09-18T06:49:28.213+00:00,2026-09-18T06:51:06.033+00:00,2026-09-18T06:51:08.146+00:00,True,35,35.0,,35.0,97819.599826,99933.053394,99933.053275,2855.230093571429,36.782572,97819.599826,16524.029198756136,99.54260839999999,62.16039905882353,14.32363961887639,0.35023447009076786,36,64,,True,True,,152,87.6246207195492
90,2026-09-18T06:49:28.643+00:00,2026-09-18T06:51:07.685+00:00,2026-09-18T06:51:12.016+00:00,True,70,70.0,,70.0,99042.42194599999,103373.40434599998,103373.40435099999,1476.7629192999998,33.914738,99042.42194599999,11830.337008998069,86.14486575000001,62.76786086956522,11.572961639263596,0.6771567642843973,36,64,,True,True,,306,87.6246207195492
91,2026-09-18T06:49:29.018+00:00,2026-09-18T06:51:09.036+00:00,2026-09-18T06:51:10.661+00:00,True,27,27.0,,27.0,100017.706614,101642.563446,101642.563417,3764.5393858148145,36.021733,100017.706614,19236.392605007706,89.2701943,62.49449353846153,11.070928389870982,0.26563674788017705,36,64,,True,True,,130,87.6246207195492
92,2026-09-18T06:49:29.321+00:00,2026-09-18T06:51:10.235+00:00,2026-09-18T06:51:11.767+00:00,True,25,25.0,,25.0,100914.000948,102445.614644,102445.614723,4097.82458892,40.82953500000001,100914.000948,20170.03945779011,91.2533186,63.81723733333334,10.693030665674513,0.2440319196373155,36,64,,True,True,,92,87.6246207195492
93,2026-09-18T06:49:29.741+00:00,2026-09-18T06:51:12.147+00:00,2026-09-18T06:51:14.581+00:00,True,40,40.0,,40.0,102406.482319,104840.045455,104840.04541600001,2621.0011354,37.473011,102406.482319,16182.022867700187,86.9457907,62.399054769230766,9.038831890017562,0.3815336003184872,36,64,,True,True,,193,87.6246207195492
94,2026-09-18T06:49:30.228+00:00,2026-09-18T06:51:13.838+00:00,2026-09-18T06:51:14.082+00:00,True,5,5.0,,5.0,103609.937515,103854.098283,103854.098244,20770.8196488,53.750761,103609.937515,46308.474897625914,82900.880708,61.040192,5.109269841554009,0.04814446500103555,36,64,,True,True,,25,87.6246207195492
95,2026-09-18T06:49:30.531+00:00,2026-09-18T06:51:14.766+00:00,2026-09-18T06:51:18.296+00:00,True,55,55.0,,55.0,104234.710242,107765.48093,107765.480998,1959.3723817818181,39.164378,104234.710242,14046.192539579743,92.74162830000002,65.38464237037037,10.067814725570486,0.5103675084577939,36,64,,True,True,,301,87.6246207195492
96,2026-09-18T06:49:30.877+00:00,2026-09-18T06:51:16.212+00:00,2026-09-18T06:51:21.746+00:00,True,87,87.0,,87.0,105334.761808,110868.22126399999,110868.221278,1274.3473710114943,35.822573,105334.761808,11286.179692337219,92.88953719999999,64.34255181395349,11.79250628068937,0.7847153946200249,36,64,,True,True,,529,87.6246207195492
97,2026-09-18T06:49:31.184+00:00,2026-09-18T06:51:17.555+00:00,2026-09-18T06:51:18.355+00:00,True,13,13.0,,13.0,106371.116992,107170.942656,107170.942552,8243.918657846154,37.6924,106371.116992,29483.55755418308,42607.4042836,66.65213866666666,15.624271886909135,0.12130153638498571,36,64,,True,True,,51,87.6246207195492
98,2026-09-18T06:49:31.636+00:00,2026-09-18T06:51:19.017+00:00,2026-09-18T06:51:22.225+00:00,True,52,52.0,,52.0,107380.68965700001,110588.48716100001,110588.48713100002,2126.701675596154,39.239487000000004,107380.68965700001,14882.303552686537,93.17207024999999,62.8979902745098,10.350272914569231,0.4702116950410571,36,64,,True,True,,179,87.6246207195492
99,2026-09-18T06:49:31.969+00:00,2026-09-18T06:51:20.336+00:00,2026-09-18T06:51:21.867+00:00,True,26,26.0,,26.0,108367.341264,109897.911248,109897.911271,4226.842741192308,41.464713,108367.341264,21240.579947671133,90.408315,61.222799359999996,10.690637011748157,0.2365832044007403,36,64,,True,True,,96,87.6246207195492
100,2026-09-18T06:49:32.454+00:00,2026-09-18T06:51:22.158+00:00,2026-09-18T06:51:26.147+00:00,True,64,64.0,,64.0,109703.557235,113692.326259,113692.326184,1776.442596625,39.449477,109703.557235,13705.033926877137,89.27862164999999,63.31379403174603,9.86854912033211,0.5629227768125968,36,64,,True,True,,199,87.6246207195492
101,2026-09-18T06:49:32.745+00:00,2026-09-18T06:51:23.600+00:00,2026-09-18T06:51:28.755+00:00,True,82,82.0,,82.0,110855.617606,116010.46279,116010.462777,1414.761741182927,36.008843999999996,110855.617606,12234.9314761256,89.84219714999999,63.640064,10.344752502586188,0.7068327979040553,36,64,,True,True,,393,87.6246207195492
102,2026-09-18T06:49:33.048+00:00,2026-09-18T06:51:24.648+00:00,2026-09-18T06:51:29.466+00:00,True,78,78.0,,78.0,111599.62188199999,116418.19340199999,116418.193435,1492.540941474359,37.576051,111599.62188199999,12629.088842610729,93.532703,62.5788509090909,11.986681145888085,0.6699983715660375,36,64,,True,True,,396,87.6246207195492
103,2026-09-18T06:49:33.316+00:00,2026-09-18T06:51:25.715+00:00,2026-09-18T06:51:29.240+00:00,True,57,57.0,,57.0,112398.826074,115923.67753,115923.677511,2033.7487282631578,38.376569,112398.826074,14879.256041079398,93.07586179999998,62.943776,12.24023211519254,0.4917028273645728,36,64,,True,True,,292,87.6246207195492
104,2026-09-18T06:49:33.735+00:00,2026-09-18T06:51:27.380+00:00,2026-09-18T06:51:30.151+00:00,True,45,45.0,,45.0,113644.928472,116415.156696,116415.156686,2587.003481911111,38.994338000000006,113644.928472,16931.805000088323,96.407361,62.95973236363637,12.886039565608286,0.3865476049438345,36,64,,True,True,,188,87.6246207195492
105,2026-09-18T06:49:34.163+00:00,2026-09-18T06:51:29.142+00:00,2026-09-18T06:51:31.097+00:00,True,33,33.0,,33.0,114978.899347,116933.948819,116933.948818,3543.4529944848487,36.759112,114978.899347,20004.626326732836,93.47613260000001,61.095296,13.4342474702397,0.28221060122651054,36,64,,True,True,,159,87.6246207195492
106,2026-09-18T06:49:34.540+00:00,2026-09-18T06:51:30.909+00:00,2026-09-18T06:51:37.005+00:00,True,97,97.0,,97.0,116368.786297,122464.765305,122464.765306,1262.523353670103,37.282081,116368.786297,11809.018918888674,95.18030979999999,63.49978133333334,12.217309477742091,0.7920645563515376,36,64,,True,True,,441,87.6246207195492
108,2026-09-18T06:49:35.213+00:00,2026-09-18T06:51:32.814+00:00,2026-09-18T06:51:38.776+00:00,True,95,95.0,,95.0,117600.46245,123562.290802,123562.290806,1300.655692694737,37.249041,117600.46245,12059.051990728847,92.6686934,63.42370587234043,12.352038930477645,0.7688429810048675,36,64,,True,True,,492,87.6246207195492
107,2026-09-18T06:49:35.158+00:00,2026-09-18T06:51:33.697+00:00,2026-09-18T06:51:39.838+00:00,True,99,99.0,,99.0,118539.658623,124680.355711,124680.355778,1259.397533111111,33.601318,118539.658623,11907.392457005297,91.37496140000002,62.66017436734694,12.103997225401525,0.7940304584105841,36,64,,True,True,,516,87.6246207195492
109,2026-09-18T06:49:35.603+00:00,2026-09-18T06:51:35.647+00:00,2026-09-18T06:51:36.026+00:00,True,7,7.0,,7.0,120043.88882600001,120422.86175400001,120422.86165400001,17203.26595057143,58.175232,120043.88882600001,45348.452266893546,84051.00736369999,63.162154666666666,3.8045934712211587,0.0581284973471201,36,64,,True,True,,42,87.6246207195492
110,2026-09-18T06:49:36.013+00:00,2026-09-18T06:51:37.009+00:00,2026-09-18T06:51:42.946+00:00,True,97,97.0,,97.0,120995.88576100001,126933.06489700002,126933.06481300002,1308.5882970412372,36.822992,120995.88576100001,12278.996152750342,91.0481698,61.845616,10.872190942519811,0.7641822883478845,36,64,,True,True,,495,87.6246207195492
111,2026-09-18T06:49:36.412+00:00,2026-09-18T06:51:38.899+00:00,2026-09-18T06:51:43.321+00:00,True,73,73.0,,73.0,122486.81467,126908.84475,126908.844746,1738.4773252876714,35.001255,122486.81467,14328.812581406668,77.5045168,61.41708444444445,10.231329549678541,0.5752160154306345,36,64,,True,True,,323,87.6246207195492
112,2026-09-18T06:49:36.809+00:00,2026-09-18T06:51:40.494+00:00,2026-09-18T06:51:46.226+00:00,True,95,95.0,,95.0,123684.98329,129417.698298,129417.698279,1362.291560831579,37.81915,123684.98329,12683.557321983148,70.0428448,60.98632987234043,8.554362846319398,0.7340572522102111,36,64,,True,True,,460,87.6246207195492
113,2026-09-18T06:49:37.236+00:00,2026-09-18T06:51:42.056+00:00,2026-09-18T06:51:43.511+00:00,True,24,24.0,,24.0,124820.703535,126275.09175899999,126275.091854,5261.462160583333,45.302576,124820.703535,25466.012911080667,87.40286529999999,63.234270608695645,7.781011870193244,0.190061235875439,36,64,,True,True,,88,87.6246207195492
114,2026-09-18T06:49:37.556+00:00,2026-09-18T06:51:43.382+00:00,2026-09-18T06:51:46.457+00:00,True,52,52.0,,52.0,125826.229673,128900.947881,128900.947718,2478.8643791923078,40.977644,125826.229673,17440.599426777826,67.8986941,60.288592313725495,7.000356460313528,0.4034105323104827,36,64,,True,True,,214,87.6246207195492
115,2026-09-18T06:49:37.863+00:00,2026-09-18T06:51:44.448+00:00,2026-09-18T06:51:49.128+00:00,True,79,79.0,,79.0,126585.50994599999,131265.30181799998,131265.301786,1661.5860985569618,36.379402,126585.50994599999,14235.235628543485,68.59959640000001,59.9973316923077,9.738494014600217,0.6018345968497746,36,64,,True,True,,389,87.6246207195492
116,2026-09-18T06:49:38.313+00:00,2026-09-18T06:51:45.811+00:00,2026-09-18T06:51:45.877+00:00,True,2,2.0,,2.0,127497.949949,127564.09702100001,127564.097036,63782.048518,66.147087,127497.949949,90107.89194254749,121126.3598059,66.147072,nan,0.015678392641079515,36,64,,True,True,,7,87.6246207195492
117,2026-09-18T06:49:38.719+00:00,2026-09-18T06:51:47.669+00:00,2026-09-18T06:51:47.731+00:00,True,2,2.0,,2.0,128949.92544499999,129012.51027699998,129012.51015799999,64506.255078999995,62.584713,128949.92544499999,91137.11264069831,122505.55840839999,62.584832,nan,0.01550237256608559,36,64,,True,True,,3,87.6246207195492
118,2026-09-18T06:49:39.091+00:00,2026-09-18T06:51:48.943+00:00,2026-09-18T06:51:52.746+00:00,True,62,62.0,,62.0,129851.846076,133655.791292,133655.791446,2155.7385717096777,35.145785000000004,129851.846076,16483.284426247003,91.34087170000001,62.35975763934426,10.325181453391712,0.4638781410118442,36,64,,True,True,,313,87.6246207195492
119,2026-09-18T06:49:39.389+00:00,2026-09-18T06:51:49.630+00:00,2026-09-18T06:51:54.023+00:00,True,71,71.0,,71.0,130240.69763600001,134633.893156,134633.893137,1896.2520160140846,40.638813999999996,130240.69763600001,15449.28233089899,91.73864400000001,62.759936,10.406031666447902,0.5273560641801575,36,64,,True,True,,292,87.6246207195492
120,2026-09-18T06:49:39.824+00:00,2026-09-18T06:51:51.368+00:00,2026-09-18T06:51:51.428+00:00,True,2,2.0,,2.0,131543.796368,131604.10203200002,131604.102056,65802.051028,60.305688,131543.796368,92972.86787390623,124969.62183400002,60.305664,nan,0.015197094688687535,36,64,,True,True,,3,87.6246207195492
121,2026-09-18T06:49:40.243+00:00,2026-09-18T06:51:52.812+00:00,2026-09-18T06:51:54.774+00:00,True,33,33.0,,33.0,132569.335798,134530.82622999998,134530.826262,4076.6917049090903,37.161171,132569.335798,23066.690981019678,79.342014,61.296576,10.043363385740431,0.24529693992647983,36,64,,True,True,,131,87.6246207195492
122,2026-09-18T06:49:40.564+00:00,2026-09-18T06:51:54.138+00:00,2026-09-18T06:51:56.331+00:00,True,37,37.0,,37.0,133574.39823,135767.480342,135767.480322,3669.3913600540536,37.816229,133574.39823,21949.483151059398,77.5851794,60.918947555555555,10.334500316373564,0.27252476002940124,36,64,,True,True,,189,87.6246207195492
123,2026-09-18T06:49:40.977+00:00,2026-09-18T06:51:55.908+00:00,2026-09-18T06:51:58.495+00:00,True,45,45.0,,45.0,134930.889523,137517.68197099998,137517.681731,3055.948482911111,37.338660000000004,134930.889523,20105.548113938148,68.00887920000001,58.79073745454545,10.545902995984235,0.32723064667051105,36,64,,True,True,,214,87.6246207195492
124,2026-09-18T06:49:41.255+00:00,2026-09-18T06:51:56.905+00:00,2026-09-18T06:51:58.313+00:00,True,25,25.0,,25.0,135650.101606,137058.265958,137058.266011,5482.33064044,36.908972,135650.101606,27118.287147115305,69.02310299999999,58.67351466666666,9.303213718282658,0.18240417551803098,36,64,,True,True,,95,87.6246207195492
125,2026-09-18T06:49:41.608+00:00,2026-09-18T06:51:58.307+00:00,2026-09-18T06:52:01.230+00:00,True,48,48.0,,48.0,136699.043065,139622.295289,139622.295166,2908.7978159583336,44.604327,136699.043065,19721.831158336066,69.19463135,62.19685582978723,6.875366275010818,0.34378463626204,36,64,,True,True,,158,87.6246207195492
126,2026-09-18T06:49:42.103+00:00,2026-09-18T06:52:00.097+00:00,2026-09-18T06:52:04.140+00:00,True,66,66.0,,66.0,137993.916362,142036.829642,142036.82951699998,2152.0731745,33.517727,137993.916362,16978.225005494507,94.67431875,62.19866584615385,12.06480509356689,0.464668214338149,36,64,,True,True,,355,87.6246207195492
127,2026-09-18T06:49:42.485+00:00,2026-09-18T06:52:01.348+00:00,2026-09-18T06:52:07.517+00:00,True,99,99.0,,99.0,138862.537224,145031.72404,145031.723897,1464.966908050505,35.290614999999995,138862.537224,13949.8889442595,92.98688259999999,62.950885877551016,12.611848425804048,0.682609275007278,36,64,,True,True,,530,87.6246207195492
128,2026-09-18T06:49:42.941+00:00,2026-09-18T06:52:03.409+00:00,2026-09-18T06:52:05.126+00:00,True,28,28.0,,28.0,140468.089943,142185.006679,142185.006714,5078.035954071429,40.114186000000004,140468.089943,26533.958069635384,90.41270420000001,63.58950874074074,9.279414072977273,0.19692653011729577,36,64,,True,True,,132,87.6246207195492
129,2026-09-18T06:49:43.242+00:00,2026-09-18T06:52:04.359+00:00,2026-09-18T06:52:05.594+00:00,True,21,21.0,,21.0,141117.302119,142351.868775,142351.868818,6778.6604199047615,40.010375,141117.302119,30780.85105381643,91.30736999999999,61.7283328,9.306771613799093,0.14752177249736284,36,64,,True,True,,83,87.6246207195492
130,2026-09-18T06:49:43.716+00:00,2026-09-18T06:52:06.467+00:00,2026-09-18T06:52:10.430+00:00,True,65,65.0,,65.0,142751.504614,146713.66602200002,146713.66617,2257.1333256923076,36.577422,142751.504614,17698.468746484286,87.01031579999999,61.908772,9.665207853009491,0.44303984599671253,36,64,,True,True,,334,87.6246207195492
131,2026-09-18T06:49:44.091+00:00,2026-09-18T06:52:07.577+00:00,2026-09-18T06:52:12.524+00:00,True,82,82.0,,82.0,143485.30118900002,148432.79968500003,148432.79958900003,1810.1560925487806,37.90352,143485.30118900002,15838.557413318633,69.8431591,61.08022834567902,7.632709768515195,0.5524385457528129,36,64,,True,True,,339,87.6246207195492
132,2026-09-18T06:49:44.390+00:00,2026-09-18T06:52:09.003+00:00,2026-09-18T06:52:13.681+00:00,True,76,76.0,,76.0,144613.356562,149291.491346,149291.491133,1964.3617254342105,33.751217,144613.356562,16581.138032529983,87.08273,62.375130453333334,10.513679210246716,0.5090712090474157,36,64,,True,True,,379,87.6246207195492
133,2026-09-18T06:49:44.879+00:00,2026-09-18T06:52:10.787+00:00,2026-09-18T06:52:12.568+00:00,True,30,30.0,,30.0,145908.766878,147689.126814,147689.12688,4922.970896,39.771266000000004,145908.766878,26627.967458009378,82.7442295,61.39172193103448,9.635243534359509,0.20312937483733698,36,64,,True,True,,135,87.6246207195492
134,2026-09-18T06:49:45.367+00:00,2026-09-18T06:52:12.756+00:00,2026-09-18T06:52:16.005+00:00,True,52,52.0,,52.0,147388.546111,150637.667903,150637.667956,2896.878229923077,34.12937599999999,147388.546111,20430.28214133895,92.52877769999999,63.70827043137255,11.231569791828205,0.345199183735932,36,64,,True,True,,199,87.6246207195492
135,2026-09-18T06:49:45.679+00:00,2026-09-18T06:52:13.858+00:00,2026-09-18T06:52:16.715+00:00,True,48,48.0,,48.0,148178.736832,151035.898816,151035.899018,3146.5812295416667,34.897445,148178.736832,21378.986365056793,77.10486405,60.790680510638296,10.12180180855809,0.3178052395243872,36,64,,True,True,,168,87.6246207195492
136,2026-09-18T06:49:46.027+00:00,2026-09-18T06:52:15.168+00:00,2026-09-18T06:52:19.602+00:00,True,71,71.0,,71.0,149141.292591,153575.275567,153575.275757,2163.032052915493,37.47044,149141.292591,17692.303318388764,96.819845,63.34261394285715,14.243185404151866,0.4623140003354574,36,64,,True,True,,356,87.6246207195492
137,2026-09-18T06:49:46.415+00:00,2026-09-18T06:52:16.871+00:00,2026-09-18T06:52:20.616+00:00,True,59,59.0,,59.0,150455.774375,154200.504487,154200.504525,2613.567873305085,40.512805,150455.774375,19579.272599455326,98.15728779999999,64.56431227586206,13.743467024502602,0.3826187222686684,36,64,,True,True,,243,87.6246207195492
138,2026-09-18T06:49:46.843+00:00,2026-09-18T06:52:18.320+00:00,2026-09-18T06:52:18.735+00:00,True,7,7.0,,7.0,151477.00879300002,151891.791257,151891.79143,21698.82734714286,56.861564,151477.00879300002,57226.800961274654,106064.62691980002,69.13041066666668,16.61490675919509,0.04608543978624916,36,64,,True,True,,28,87.6246207195492
139,2026-09-18T06:49:47.113+00:00,2026-09-18T06:52:19.449+00:00,2026-09-18T06:52:21.350+00:00,True,30,30.0,,30.0,152336.221796,154236.95754,154236.95763299998,5141.2319211,40.430315,152336.221796,27800.69745311513,92.4294149,65.54261186206897,11.191862608574574,0.1945059114137399,36,64,,True,True,,117,87.6246207195492
140,2026-09-18T06:49:47.525+00:00,2026-09-18T06:52:21.127+00:00,2026-09-18T06:52:23.515+00:00,True,38,38.0,,38.0,153601.89873,155990.255338,155990.25536799998,4105.006720210526,42.278392,153601.89873,24907.049038183737,90.76913554999999,64.5501785945946,10.515230302579933,0.2436049605641168,36,64,,True,True,,128,87.6246207195492
141,2026-09-18T06:49:47.814+00:00,2026-09-18T06:52:22.128+00:00,2026-09-18T06:52:25.602+00:00,True,55,55.0,,55.0,154313.936357,157787.327205,157787.327193,2868.8604944181816,36.165843,154313.936357,20799.01736331544,94.01768270000001,64.32205274074074,12.375407285583059,0.3485704522299377,36,64,,True,True,,271,87.6246207195492
142,2026-09-18T06:49:48.112+00:00,2026-09-18T06:52:23.361+00:00,2026-09-18T06:52:25.541+00:00,True,35,35.0,,35.0,155248.784089,157428.83477699998,157428.83455499998,4497.9667015714285,36.643991,155248.784089,26230.99862819964,93.42891390000001,64.11913788235294,11.983261242557049,0.22232267709773726,36,64,,True,True,,110,87.6246207195492
143,2026-09-18T06:49:48.771+00:00,2026-09-18T06:52:24.627+00:00,2026-09-18T06:52:29.901+00:00,True,85,85.0,,85.0,155856.618953,161130.00800899998,161130.007913,1895.647151917647,35.525444,155856.618953,16898.217373403975,78.65555359999999,62.77844114285714,9.785337777629147,0.5275243329923517,36,64,,True,True,,414,87.6246207195492
144,2026-09-18T06:49:48.898+00:00,2026-09-18T06:52:25.791+00:00,2026-09-18T06:52:28.521+00:00,True,45,45.0,,45.0,156893.738117,159623.005317,159623.00537,3547.177897111111,36.415131,156893.738117,23379.09244211176,75.54300760000001,62.0288,8.671465398667046,0.28191425108575785,36,64,,True,True,,226,87.6246207195492
145,2026-09-18T06:49:49.159+00:00,2026-09-18T06:52:26.955+00:00,2026-09-18T06:52:27.076+00:00,True,3,3.0,,3.0,157796.36940999998,157917.34733,157917.34724499998,52639.11574833333,56.082206,157796.36940999998,91068.85316982522,142023.22203189996,60.48896,6.232133699248757,0.018997279594184787,36,64,,True,True,,10,87.6246207195492
146,2026-09-18T06:49:49.616+00:00,2026-09-18T06:52:28.990+00:00,2026-09-18T06:52:31.749+00:00,True,46,46.0,,46.0,159373.50175099997,162133.46719099997,162133.46714599998,3524.6405901304342,40.777984,159373.50175099997,23489.299187540117,69.26819549999999,61.332565333333335,7.973893013669227,0.2837168710258326,36,64,,True,True,,229,87.6246207195492
147,2026-09-18T06:49:50.068+00:00,2026-09-18T06:52:30.689+00:00,2026-09-18T06:52:31.507+00:00,True,14,14.0,,14.0,160620.61914700002,161439.28231500002,161439.28248100003,11531.37732007143,36.977151,160620.61914700002,42910.837337023244,56279.25306675,62.974089846153845,12.660180708027683,0.08671990979669512,36,64,,True,True,,56,87.6246207195492
148,2026-09-18T06:49:50.358+00:00,2026-09-18T06:52:31.689+00:00,2026-09-18T06:52:34.468+00:00,True,43,43.0,,43.0,161330.908628,164110.422228,164110.422277,3816.5214483023256,36.342742,161330.908628,24592.645547736214,106.34597109999999,66.17889523809524,15.58153940447559,0.26201870311600156,36,64,,True,True,,183,87.6246207195492
149,2026-09-18T06:49:50.701+00:00,2026-09-18T06:52:33.201+00:00,2026-09-18T06:52:33.788+00:00,True,10,10.0,,10.0,162500.844611,163087.14707500002,163087.146928,16308.7146928,37.138580999999995,162500.844611,51366.68121982845,89422.8727439,65.14471822222222,17.717827210558198,0.061316910494493046,36,64,,True,True,,20,87.6246207195492
150,2026-09-18T06:49:51.081+00:00,2026-09-18T06:52:34.937+00:00,2026-09-18T06:52:39.252+00:00,True,67,67.0,,67.0,163856.225656,168171.59691999998,168171.596773,2510.0238324328357,37.024221,163856.225656,20010.241256868107,97.7089646,65.38441309090909,14.524287011471934,0.39840259132386197,36,64,,True,True,,236,87.6246207195492
151,2026-09-18T06:49:51.494+00:00,2026-09-18T06:52:36.486+00:00,2026-09-18T06:52:40.530+00:00,True,66,66.0,,66.0,164991.437503,169035.805887,169035.80583599998,2561.1485732727274,33.776527,164991.437503,20301.38745535647,92.02315625,62.22105206153846,13.310367977842844,0.39044982010569307,36,64,,True,True,,312,87.6246207195492
152,2026-09-18T06:49:51.956+00:00,2026-09-18T06:52:38.149+00:00,2026-09-18T06:52:43.423+00:00,True,85,85.0,,85.0,166192.87502500002,171467.285521,171467.28549500002,2017.2621822941178,35.759834000000005,166192.87502500002,18019.340353536216,88.6881186,62.79060114285714,9.95609691842296,0.4957213834798233,36,64,,True,True,,332,87.6246207195492
153,2026-09-18T06:49:52.247+00:00,2026-09-18T06:52:39.251+00:00,2026-09-18T06:52:41.979+00:00,True,45,45.0,,45.0,167003.582769,169731.601201,169731.601105,3771.8133578888887,36.052782,167003.582769,24886.184158240943,84.0607334,62.000418909090904,11.050077492928631,0.2651244652238329,36,64,,True,True,,231,87.6246207195492
154,2026-09-18T06:49:52.661+00:00,2026-09-18T06:52:41.045+00:00,2026-09-18T06:52:43.517+00:00,True,39,39.0,,39.0,168384.05118799998,170855.49797199998,170855.49790199997,4380.910202615384,43.229009,168384.05118799998,26952.614543278047,88.63377109999999,65.0380732631579,9.765668087243245,0.22826306711178454,36,64,,True,True,,162,87.6246207195492
155,2026-09-18T06:49:53.051+00:00,2026-09-18T06:52:42.542+00:00,2026-09-18T06:52:48.388+00:00,True,94,94.0,,94.0,169491.004729,175336.734009,175336.73376200002,1865.2844017234042,36.746811,169491.004729,17475.18402622099,94.312522,62.85730408602151,13.196453560642789,0.536111274863686,36,64,,True,True,,401,87.6246207195492
156,2026-09-18T06:49:53.385+00:00,2026-09-18T06:52:43.760+00:00,2026-09-18T06:52:44.528+00:00,True,13,13.0,,13.0,170375.108393,171142.693929,171142.693952,13164.822611692307,40.263775,170375.108393,47235.81412762183,68211.80262799999,63.96546133333334,14.090206110935286,0.0759600056628369,36,64,,True,True,,50,87.6246207195492
157,2026-09-18T06:49:53.723+00:00,2026-09-18T06:52:45.032+00:00,2026-09-18T06:52:49.432+00:00,True,70,70.0,,70.0,171309.44863600002,175709.281212,175709.28103200003,2510.132586171429,35.918152,171309.44863600002,20467.77760070931,91.15964235,63.76568950724638,12.316669419893238,0.39838533011550087,36,64,,True,True,,283,87.6246207195492
158,2026-09-18T06:49:54.214+00:00,2026-09-18T06:52:46.747+00:00,2026-09-18T06:52:47.697+00:00,True,15,15.0,,15.0,172532.527866,173483.37305,173483.37308299998,11565.558205533333,39.061697,172532.527866,44530.174154244014,51839.1452121,67.91751314285715,17.631104377011717,0.08646361744232872,36,64,,True,True,,62,87.6246207195492
159,2026-09-18T06:49:54.498+00:00,2026-09-18T06:52:48.102+00:00,2026-09-18T06:52:52.901+00:00,True,77,77.0,,77.0,173604.449472,178402.915776,178402.915881,2316.920985467533,36.710872,173604.449472,19776.87120543486,91.989028,63.13771452631578,11.462617124938262,0.43160729557066224,36,64,,True,True,,417,87.6246207195492
160,2026-09-18T06:49:54.929+00:00,2026-09-18T06:52:49.554+00:00,2026-09-18T06:52:55.894+00:00,True,99,99.0,,99.0,174624.693669,180964.256421,180964.256307,1827.9217808787878,36.895311,174624.693669,17543.94483351309,92.9742179,64.6894158367347,12.350381019555174,0.5470693603143585,36,64,,True,True,,343,87.6246207195492
161,2026-09-18T06:49:55.229+00:00,2026-09-18T06:52:50.869+00:00,2026-09-18T06:52:55.296+00:00,True,68,68.0,,68.0,175640.536245,180067.383989,180067.384116,2648.0497664117647,39.101507,175640.536245,21291.53554111609,97.16788054999999,66.0723543880597,13.746380327798086,0.37763640751372274,36,64,,True,True,,237,87.6246207195492
162,2026-09-18T06:49:55.674+00:00,2026-09-18T06:52:52.554+00:00,2026-09-18T06:52:54.525+00:00,True,32,32.0,,32.0,176879.64873,178850.320346,178850.320308,5589.072509625,43.937358,176879.64873,31256.9647094653,97.50928295,63.57005212903226,13.072044290389247,0.17892056294947353,36,64,,True,True,,108,87.6246207195492
163,2026-09-18T06:49:55.999+00:00,2026-09-18T06:52:53.660+00:00,2026-09-18T06:52:59.798+00:00,True,95,95.0,,95.0,177661.046533,183799.362821,183799.36274699998,1934.7301341789473,38.165318,177661.046533,18220.943708994593,96.0322791,65.30123710638298,13.15647602828105,0.5168679506931663,36,64,,True,True,,357,87.6246207195492
164,2026-09-18T06:49:56.434+00:00,2026-09-18T06:52:55.670+00:00,2026-09-18T06:52:56.437+00:00,True,12,12.0,,12.0,179235.86954100002,180003.181669,180003.181657,15000.265138083336,54.842168,179235.86954100002,51720.803801747694,80711.61982205001,69.755648,14.145532061038976,0.06666548829156962,36,64,,True,True,,52,87.6246207195492
165,2026-09-18T06:49:56.753+00:00,2026-09-18T06:52:56.681+00:00,2026-09-18T06:53:00.845+00:00,True,67,67.0,,67.0,179928.184981,184092.125589,184092.125563,2747.643665119403,35.877063,179928.184981,21974.022372224157,93.7272555,63.09000921212121,12.780505238667796,0.36394821226401997,36,64,,True,True,,410,87.6246207195492
166,2026-09-18T06:49:57.081+00:00,2026-09-18T06:52:57.759+00:00,2026-09-18T06:53:02.526+00:00,True,77,77.0,,77.0,180678.335192,185445.1238,185445.123897,2408.378232428571,34.608235,180678.335192,20583.062365302587,92.88312820000002,62.720902736842106,10.891018190329174,0.41521717272568154,36,64,,True,True,,343,87.6246207195492
167,2026-09-18T06:49:57.433+00:00,2026-09-18T06:52:59.141+00:00,2026-09-18T06:52:59.990+00:00,True,15,15.0,,15.0,181707.98231,182557.224934,182557.225044,12170.4816696,37.1344,181707.98231,46901.13840812687,54575.2740424,60.660187428571426,12.36108143524268,0.0821660167403561,36,64,,True,True,,63,87.6246207195492
168,2026-09-18T06:49:57.908+00:00,2026-09-18T06:53:01.220+00:00,2026-09-18T06:53:01.220+00:00,True,1,1.0,,1.0,183312.558261,183312.558261,183312.558261,183312.558261,183312.558261,183312.558261,nan,183312.558261,nan,nan,0.0054551636259213745,36,64,,True,True,,1,87.6246207195492
169,2026-09-18T06:49:58.309+00:00,2026-09-18T06:53:02.835+00:00,2026-09-18T06:53:04.481+00:00,True,28,28.0,,28.0,184526.328255,186171.956415,186171.956451,6648.998444678571,37.763699,184526.328255,34860.68043958102,67.48768254999999,60.94919111111111,6.291308277646094,0.15039859138389558,36,64,,True,True,,147,87.6246207195492
170,2026-09-18T06:49:58.732+00:00,2026-09-18T06:53:04.605+00:00,2026-09-18T06:53:07.824+00:00,True,55,55.0,,55.0,185872.60608000003,189091.66348800002,189091.66363700002,3438.030247945455,35.900892999999996,185872.60608000003,25055.02088338541,76.2040265,59.61217422222222,9.840675810860304,0.2908642241834758,36,64,,True,True,,317,87.6246207195492
171,2026-09-18T06:49:59.055+00:00,2026-09-18T06:53:05.554+00:00,2026-09-18T06:53:08.250+00:00,True,47,47.0,,47.0,186499.192412,189194.95766000001,189194.95762600002,4025.4246303404257,34.048546,186499.192412,27195.156877242785,71.44446620000001,58.60359234782609,10.476504636115484,0.24842099695100295,36,64,,True,True,,208,87.6246207195492
172,2026-09-18T06:49:59.401+00:00,2026-09-18T06:53:06.614+00:00,2026-09-18T06:53:07.275+00:00,True,12,12.0,,12.0,187213.516039,187874.718983,187874.718954,15656.2265795,39.287017,187213.516039,54026.53530053818,84282.49719285,60.10935854545455,7.202204844876052,0.0638723510271003,36,64,,True,True,,42,87.6246207195492
173,2026-09-18T06:49:59.770+00:00,2026-09-18T06:53:08.374+00:00,2026-09-18T06:53:12.844+00:00,True,74,74.0,,74.0,188603.835534,193073.58529400002,193073.585215,2609.102502905406,37.777379,188603.835534,21917.635267227608,76.59664815000001,61.22944876712329,10.555802560125006,0.3832735580442947,36,64,,True,True,,337,87.6246207195492
174,2026-09-18T06:50:00.074+00:00,2026-09-18T06:53:09.680+00:00,2026-09-18T06:53:11.441+00:00,True,31,31.0,,31.0,189606.09465400001,191367.598142,191367.598024,6173.148323354839,39.347016,189606.09465400001,34043.71518428838,68.375408,58.71678293333333,8.931898147944201,0.16199189570742875,36,64,,True,True,,160,87.6246207195492
175,2026-09-18T06:50:00.491+00:00,2026-09-18T06:53:11.206+00:00,2026-09-18T06:53:16.632+00:00,True,87,87.0,,87.0,190714.960124,196141.051132,196141.051239,2254.4948418275862,36.96561,190714.960124,20440.028895400537,94.7052162,63.0940814883721,11.78533343083885,0.4435583448640249,36,64,,True,True,,333,87.6246207195492
176,2026-09-18T06:50:00.917+00:00,2026-09-18T06:53:12.518+00:00,2026-09-18T06:53:13.676+00:00,True,20,20.0,,20.0,191600.59722,192758.721508,192758.721386,9637.9360693,38.224039,191600.59722,42829.56790533962,9672.09519605,60.95390989473684,12.107081464541935,0.1037566541401342,36,64,,True,True,,87,87.6246207195492
177,2026-09-18T06:50:01.319+00:00,2026-09-18T06:53:14.158+00:00,2026-09-18T06:53:18.269+00:00,True,65,65.0,,65.0,192839.730117,196950.898117,196950.898127,3030.0138173384616,36.640242,192839.730117,23910.861212670767,94.93071499999998,64.237,14.093561017518184,0.3300314983148049,36,64,,True,True,,217,87.6246207195492
178,2026-09-18T06:50:01.589+00:00,2026-09-18T06:53:15.112+00:00,2026-09-18T06:53:19.799+00:00,True,75,75.0,,75.0,193522.281335,198209.323895,198209.323809,2642.7909841200003,39.096827,193522.281335,22338.717683396506,92.54300370000001,63.338412972972975,11.903519048231926,0.37838785041076434,36,64,,True,True,,294,87.6246207195492
181,2026-09-18T06:50:02.760+00:00,2026-09-18T06:53:16.736+00:00,2026-09-18T06:53:19.797+00:00,True,49,49.0,,49.0,193975.73812,197037.297672,197037.297791,4021.169342673469,35.321773,193975.73812,27701.71068227769,93.6984568,63.78249066666666,12.441273896364295,0.2486838815743825,36,64,,True,True,,203,87.6246207195492
179,2026-09-18T06:50:02.658+00:00,2026-09-18T06:53:16.805+00:00,2026-09-18T06:53:18.116+00:00,True,21,21.0,,21.0,194147.543802,195458.386682,195458.386553,9307.542216809525,40.965042999999994,194147.543802,42352.16678084066,94.264624,65.542144,12.825395646419054,0.10743974897411712,36,64,,True,True,,76,87.6246207195492
180,2026-09-18T06:50:02.683+00:00,2026-09-18T06:53:19.053+00:00,2026-09-18T06:53:23.708+00:00,True,76,76.0,,76.0,196369.39258,201024.485316,201024.48531500003,2645.0590173026317,35.144284,196369.39258,22517.998616152912,92.622837,62.067903146666666,13.744441840430436,0.37806339800115374,36,64,,True,True,,106,87.6246207195492
182,2026-09-18T06:50:02.972+00:00,2026-09-18T06:53:20.729+00:00,2026-09-18T06:53:26.601+00:00,True,95,95.0,,95.0,197757.382851,203629.173955,203629.174041,2143.4649899052633,33.976646,197757.382851,20283.075115057032,95.17106170000001,62.465862808510636,13.734195020913248,0.4665343288235999,36,64,,True,True,,515,87.6246207195492
183,2026-09-18T06:50:03.398+00:00,2026-09-18T06:53:22.490+00:00,2026-09-18T06:53:26.692+00:00,True,67,67.0,,67.0,199091.894868,203294.53218,203294.53217700002,3034.246748910448,34.211356,199091.894868,24315.170229694642,94.6643436,63.676322909090906,12.87839177050483,0.32957108723749245,36,64,,True,True,,336,87.6246207195492
184,2026-09-18T06:50:03.695+00:00,2026-09-18T06:53:23.772+00:00,2026-09-18T06:53:27.182+00:00,True,55,55.0,,55.0,200077.32888999998,203487.12140199996,203487.12160999997,3699.765847454545,33.872627,200077.32888999998,26969.909954045277,96.01738510000001,63.144305777777774,12.420551068161105,0.27028737554031484,36,64,,True,True,,223,87.6246207195492
185,2026-09-18T06:50:04.024+00:00,2026-09-18T06:53:25.173+00:00,2026-09-18T06:53:26.695+00:00,True,25,25.0,,25.0,201148.548751,202671.025551,202671.025647,8106.8410258799995,32.953428,201148.548751,40217.02456770372,98.3873042,63.43653333333334,13.354796219114725,0.12335261013276423,36,64,,True,True,,127,87.6246207195492
186,2026-09-18T06:50:04.432+00:00,2026-09-18T06:53:26.698+00:00,2026-09-18T06:53:30.043+00:00,True,56,56.0,,56.0,202265.540885,205610.396693,205610.396647,3671.6142258392856,35.284004,202265.540885,27020.744923866576,90.6165655,60.81556014545455,10.275611024713125,0.2723597682835779,36,64,,True,True,,235,87.6246207195492
187,2026-09-18T06:50:04.731+00:00,2026-09-18T06:53:27.653+00:00,2026-09-18T06:53:33.690+00:00,True,100,100.0,,100.0,202922.008702,208959.295102,208959.29498399998,2089.59294984,36.898521,202922.008702,20286.105222443468,80.33551960000001,60.982690909090906,10.365021404590138,0.4785621044097927,36,64,,True,True,,491,87.6246207195492
188,2026-09-18T06:50:05.190+00:00,2026-09-18T06:53:29.339+00:00,2026-09-18T06:53:30.601+00:00,True,22,22.0,,22.0,204149.034329,205410.73288899998,205410.732861,9336.851493681817,36.024893,204149.034329,43511.91270591816,92.33973314999999,60.080883809523804,12.207343183087824,0.10710248530142959,36,64,,True,True,,88,87.6246207195492
189,2026-09-18T06:50:05.533+00:00,2026-09-18T06:53:30.843+00:00,2026-09-18T06:53:35.701+00:00,True,78,78.0,,78.0,205310.38362200002,210168.50304600003,210168.50294700003,2694.4679865000003,36.410032,205310.38362200002,23239.682646448815,90.83885999999998,63.09246005194806,12.344474748412296,0.37113077777847603,36,64,,True,True,,345,87.6246207195492
190,2026-09-18T06:50:05.970+00:00,2026-09-18T06:53:32.486+00:00,2026-09-18T06:53:34.705+00:00,True,37,37.0,,37.0,206516.258019,208735.568355,208735.568423,5641.50184927027,36.147252,206516.258019,33940.93149785293,93.57499720000001,61.64750933333334,13.488654030452265,0.17725776345444633,36,64,,True,True,,204,87.6246207195492
191,2026-09-18T06:50:06.344+00:00,2026-09-18T06:53:34.216+00:00,2026-09-18T06:53:39.546+00:00,True,85,85.0,,85.0,207872.171228,213201.852892,213201.85292,2508.2570931764703,36.971871,207872.171228,22540.02373187277,91.1082122,63.44859123809524,11.818948287668059,0.3986832142732727,36,64,,True,True,,330,87.6246207195492
192,2026-09-18T06:50:06.787+00:00,2026-09-18T06:53:35.706+00:00,2026-09-18T06:53:37.059+00:00,True,22,22.0,,22.0,208919.82699,210272.52459000002,210272.524682,9557.842031,34.641324999999995,208919.82699,44528.12605256917,95.72605015,64.41417142857142,15.061130262141699,0.10462612765456024,36,64,,True,True,,80,87.6246207195492
193,2026-09-18T06:50:07.098+00:00,2026-09-18T06:53:37.054+00:00,2026-09-18T06:53:38.259+00:00,True,21,21.0,,21.0,209955.751697,211161.073681,211161.073506,10055.289214571429,43.639648,209955.751697,45802.95046783297,69.90063,60.266099200000006,6.429536281789221,0.0994501478607018,36,64,,True,True,,83,87.6246207195492
194,2026-09-18T06:50:07.447+00:00,2026-09-18T06:53:38.700+00:00,2026-09-18T06:53:39.144+00:00,True,8,8.0,,8.0,211253.184465,211696.737489,211696.737526,26462.09219075,57.887332,211253.184465,74666.87688289922,137338.16017315,63.36471771428572,3.0766894832975757,0.03778990689649003,36,64,,True,True,,54,87.6246207195492
195,2026-09-18T06:50:07.756+00:00,2026-09-18T06:53:39.806+00:00,2026-09-18T06:53:45.811+00:00,True,98,98.0,,98.0,212050.09792899998,218055.545609,218055.54562999998,2225.0565880612244,34.962294,212050.09792899998,21414.043405358854,89.12247435,61.91183175257732,11.096263917731617,0.4494267720928587,36,64,,True,True,,519,87.6246207195492
196,2026-09-18T06:50:08.073+00:00,2026-09-18T06:53:40.798+00:00,2026-09-18T06:53:44.493+00:00,True,60,60.0,,60.0,212724.904691,216420.083699,216420.083819,3607.0013969833335,37.59703,212724.904691,27454.583912944727,91.78537379999997,62.6301526779661,11.395237867353373,0.27723859530268374,36,64,,True,True,,264,87.6246207195492
197,2026-09-18T06:50:08.535+00:00,2026-09-18T06:53:42.605+00:00,2026-09-18T06:53:47.318+00:00,True,76,76.0,,76.0,214070.304336,218783.505744,218783.505703,2878.7303381973684,36.774791,214070.304336,24548.341243897386,77.979072,62.84268544,9.48943647627364,0.3473753642513074,36,64,,True,True,,336,87.6246207195492
198,2026-09-18T06:50:08.913+00:00,2026-09-18T06:53:43.909+00:00,2026-09-18T06:53:44.865+00:00,True,16,16.0,,16.0,214995.77891999998,215951.72413599998,215951.72412399997,13496.982757749998,47.613941,214995.77891999998,53733.013243574846,53819.499513749994,63.72968106666667,10.368304028938248,0.0740906332839634,36,64,,True,True,,70,87.6246207195492
199,2026-09-18T06:50:09.223+00:00,2026-09-18T06:53:45.104+00:00,2026-09-18T06:53:46.259+00:00,True,19,19.0,,19.0,215880.699229,217035.20418899998,217035.20405099998,11422.90547636842,36.514092,215880.699229,49511.71557811038,21673.6607797,64.13916444444445,10.580582850987492,0.08754340140806972,36,64,,True,True,,57,87.6246207195492
200,2026-09-18T06:50:09.662+00:00,2026-09-18T06:53:46.735+00:00,2026-09-18T06:53:52.440+00:00,True,91,91.0,,91.0,217073.063992,222777.84581600002,222777.84585500002,2448.1081962087915,0.019350000000000003,217073.063992,22748.806683848503,92.90139599999999,63.38646471111112,22.74727914170665,0.40847867823966694,36,64,,True,True,,535,87.6246207195492
201,2026-09-18T06:50:10.033+00:00,2026-09-18T06:53:48.602+00:00,2026-09-18T06:53:52.969+00:00,True,70,70.0,,70.0,218569.717417,222935.95050500002,222935.950501,3184.799292871429,0.01959,218569.717417,26116.525415294072,94.00689705,63.2787404057971,23.850014161529046,0.31399152914294115,36,64,,True,True,,390,87.6246207195492
202,2026-09-18T06:50:10.518+00:00,2026-09-18T06:53:50.351+00:00,2026-09-18T06:53:54.740+00:00,True,72,72.0,,72.0,219832.723066,224221.754234,224221.75411100002,3114.1910293194446,34.246076,219832.723066,25900.253183122073,93.85629955,61.8173403943662,13.673671950385723,0.3211106801209846,36,64,,True,True,,264,87.6246207195492
203,2026-09-18T06:50:10.915+00:00,2026-09-18T06:53:51.741+00:00,2026-09-18T06:53:57.126+00:00,True,87,87.0,,87.0,220825.807523,226210.588579,226210.588517,2600.121707091954,37.39507,220825.807523,23668.301208405144,89.08413,62.61373320930233,10.896310293526575,0.384597381345024,36,64,,True,True,,358,87.6246207195492
204,2026-09-18T06:50:11.231+00:00,2026-09-18T06:53:53.094+00:00,2026-09-18T06:53:57.248+00:00,True,68,68.0,,68.0,221863.725586,226017.41262599998,226017.41272999998,3323.785481323529,39.404537,221863.725586,26897.41266415591,78.13111815,61.99532895522388,10.51160339011485,0.30086177524968977,36,64,,True,True,,264,87.6246207195492
205,2026-09-18T06:50:11.653+00:00,2026-09-18T06:53:54.742+00:00,2026-09-18T06:54:00.240+00:00,True,89,89.0,,89.0,223088.981461,228587.16411699998,228587.16404799998,2568.395101662921,37.64114,223088.981461,23640.76363296396,73.30387100000002,62.47934836363637,8.991366018434517,0.3893481960975126,36,64,,True,True,,480,87.6246207195492
206,2026-09-18T06:50:12.138+00:00,2026-09-18T06:53:56.429+00:00,2026-09-18T06:53:57.372+00:00,True,16,16.0,,16.0,224290.61610800002,225233.23934000003,225233.239403,14077.0774626875,59.557668,224290.61610800002,56056.943691155204,56123.65291175,62.8415488,2.5090267143276095,0.07103747229709402,36,64,,True,True,,47,87.6246207195492
207,2026-09-18T06:50:12.409+00:00,2026-09-18T06:53:57.563+00:00,2026-09-18T06:54:00.560+00:00,True,49,49.0,,49.0,225154.75038299998,228151.95025499997,228151.95014099998,4656.16224777551,39.455577,225154.75038299998,32156.045404705437,82.2086038,62.441664,9.246244093141755,0.21476914812796416,36,64,,True,True,,194,87.6246207195492
208,2026-09-18T06:50:12.808+00:00,2026-09-18T06:53:58.857+00:00,2026-09-18T06:54:04.870+00:00,True,98,98.0,,98.0,226049.466776,232062.051736,232062.05179,2367.9801203061224,35.261184,226049.466776,22828.185259058788,80.99851555000001,61.98541195876288,10.357437215080065,0.42230084267068113,36,64,,True,True,,512,87.6246207195492
209,2026-09-18T06:50:13.164+00:00,2026-09-18T06:54:00.424+00:00,2026-09-18T06:54:04.122+00:00,True,60,60.0,,60.0,227260.19363,230957.771102,230957.771028,3849.2961838,37.26142,227260.19363,29331.07601595825,87.86123675,62.67080461016949,10.76610238423669,0.25978775130065507,36,64,,True,True,,269,87.6246207195492
210,2026-09-18T06:50:13.465+00:00,2026-09-18T06:54:01.691+00:00,2026-09-18T06:54:07.350+00:00,True,91,91.0,,91.0,228225.969004,233884.851052,233884.85114900002,2570.1631994395607,32.37889,228225.969004,23917.993600808302,89.02124250000001,62.8764672,11.172258702670742,0.3890803512527103,36,64,,True,True,,382,87.6246207195492
211,2026-09-18T06:50:13.922+00:00,2026-09-18T06:54:03.240+00:00,2026-09-18T06:54:08.582+00:00,True,86,86.0,,86.0,229318.01553799998,234659.89739399997,234659.89738599997,2728.603457976744,37.70503,229318.01553799998,24721.224353187594,95.12723475000001,62.845668894117644,13.448463636523687,0.3664878445574524,36,64,,True,True,,386,87.6246207195492
212,2026-09-18T06:50:14.410+00:00,2026-09-18T06:54:04.929+00:00,2026-09-18T06:54:09.527+00:00,True,73,73.0,,73.0,230518.852815,235117.228239,235117.228036,3220.78394569863,37.39094,230518.852815,26972.719328342122,95.4302332,63.866325333333336,13.501436205606565,0.31048341521700173,36,64,,True,True,,315,87.6246207195492
213,2026-09-18T06:50:14.732+00:00,2026-09-18T06:54:06.129+00:00,2026-09-18T06:54:10.027+00:00,True,61,61.0,,61.0,231396.987903,235295.193599,235295.193525,3857.298254508197,37.813219,231396.987903,29619.033457786372,94.27556399999999,64.97009493333333,14.866835607092755,0.2592488145081228,36,64,,True,True,,235,87.6246207195492
214,2026-09-18T06:50:15.057+00:00,2026-09-18T06:54:07.474+00:00,2026-09-18T06:54:10.892+00:00,True,56,56.0,,56.0,232416.54278400002,235835.243328,235835.24333400003,4211.343630964286,36.642622,232416.54278400002,31049.663289458418,91.82869349999999,62.158191709090914,12.810186716745141,0.2374539072691316,36,64,,True,True,,264,87.6246207195492
215,2026-09-18T06:50:15.540+00:00,2026-09-18T06:54:09.121+00:00,2026-09-18T06:54:13.335+00:00,True,69,69.0,,69.0,233580.736012,237794.734348,237794.734353,3446.3004978695653,36.527422,233580.736012,28112.358282691253,91.66849640000001,61.97056376470588,11.926526065726241,0.2901662233572513,36,64,,True,True,,180,87.6246207195492
216,2026-09-18T06:50:15.909+00:00,2026-09-18T06:54:10.829+00:00,2026-09-18T06:54:11.111+00:00,True,5,5.0,,5.0,234920.09540400002,235202.198444,235202.198536,47040.43970720001,63.97339100000001,234920.09540400002,105027.92084543488,187953.3957688,70.52576,10.762912174632293,0.021258304697311173,36,64,,True,True,,24,87.6246207195492
217,2026-09-18T06:50:16.316+00:00,2026-09-18T06:54:12.320+00:00,2026-09-18T06:54:17.757+00:00,True,88,88.0,,88.0,236003.701695,241441.357503,241441.357284,2743.651787318182,36.898641000000005,236003.701695,25151.419191274304,94.42294685,62.50179089655172,11.877591312471516,0.36447773865298355,36,64,,True,True,,333,87.6246207195492
218,2026-09-18T06:50:17.192+00:00,2026-09-18T06:54:12.513+00:00,2026-09-18T06:54:14.008+00:00,True,26,26.0,,26.0,235320.65865,236815.611098,236815.611071,9108.2927335,37.958919,235320.65865,46138.45170989058,75.89441275,59.798097920000004,9.749728405139303,0.10979005936074279,36,64,,True,True,,131,87.6246207195492
219,2026-09-18T06:50:17.258+00:00,2026-09-18T06:54:14.302+00:00,2026-09-18T06:54:15.171+00:00,True,15,15.0,,15.0,237044.59866,237913.61677199998,237913.61685299998,15860.907790199999,59.245689,237044.59866,61188.62512184317,71160.3494825,62.072722285714285,2.200408154737012,0.06304809368845402,36,64,,True,True,,54,87.6246207195492
220,2026-09-18T06:50:17.385+00:00,2026-09-18T06:54:15.449+00:00,2026-09-18T06:54:18.572+00:00,True,50,50.0,,50.0,238064.182077,241186.536509,241186.536441,4823.73072882,36.265042,238064.182077,33658.350522675886,100.84165285,63.72151902040816,13.380283286248876,0.2073084207921126,36,64,,True,True,,257,87.6246207195492
221,2026-09-18T06:50:17.740+00:00,2026-09-18T06:54:18.202+00:00,2026-09-18T06:54:18.314+00:00,True,3,3.0,,3.0,240462.17245800002,240573.656106,240573.65613900003,80191.21871300001,34.225565,240462.17245800002,138798.71909963383,216423.68102380005,55.741824,30.428445282189493,0.012470193322739208,36,64,,True,True,,12,87.6246207195492
222,2026-09-18T06:50:18.221+00:00,2026-09-18T06:54:20.113+00:00,2026-09-18T06:54:25.436+00:00,True,86,86.0,,86.0,241892.167028,247214.58802,247214.587913,2874.5882315465115,34.923134,241892.167028,26077.15296179799,81.14493850000001,62.616717552941175,10.037721146979585,0.34787591091931225,36,64,,True,True,,376,87.6246207195492
223,2026-09-18T06:50:18.683+00:00,2026-09-18T06:54:22.008+00:00,2026-09-18T06:54:25.044+00:00,True,50,50.0,,50.0,243325.63439199998,246361.803864,246361.80379699997,4927.23607594,37.991149,243325.63439199998,34402.679953288396,84.32413919999999,61.96264228571428,10.504467014402078,0.20295353912736278,36,64,,True,True,,216,87.6246207195492
224,2026-09-18T06:50:19.062+00:00,2026-09-18T06:54:23.540+00:00,2026-09-18T06:54:24.984+00:00,True,24,24.0,,24.0,244477.596965,245921.84605300002,245921.84597,10246.743582083334,39.036826999999995,244477.596965,49890.963832807385,89.22653835000001,62.793438608695645,10.112009574308372,0.0975919804815861,36,64,,True,True,,100,87.6246207195492
225,2026-09-18T06:50:19.532+00:00,2026-09-18T06:54:25.366+00:00,2026-09-18T06:54:31.144+00:00,True,92,92.0,,92.0,245834.291521,251612.44268900002,251612.442814,2734.9178566739133,33.887867,245834.291521,25623.37984752198,93.75757750000001,63.49616668131868,12.78560382542972,0.3656416948891298,36,64,,True,True,,329,87.6246207195492
226,2026-09-18T06:50:19.860+00:00,2026-09-18T06:54:26.736+00:00,2026-09-18T06:54:32.272+00:00,True,88,88.0,,88.0,246876.113083,252412.844987,252412.845007,2868.3277841704544,35.199314,246876.113083,26310.30085461234,93.77398785,63.64059659770115,12.392223391720298,0.34863518932458554,36,64,,True,True,,374,87.6246207195492
227,2026-09-18T06:50:20.195+00:00,2026-09-18T06:54:27.816+00:00,2026-09-18T06:54:28.973+00:00,True,18,18.0,,18.0,247621.337498,248778.829978,248778.829961,13821.046108944445,39.015557,247621.337498,58348.86328384213,37230.47525615,68.08779294117647,18.498640186811112,0.07235342332622022,36,64,,True,True,,70,87.6246207195492
228,2026-09-18T06:50:20.517+00:00,2026-09-18T06:54:29.315+00:00,2026-09-18T06:54:33.963+00:00,True,76,76.0,,76.0,248797.40336700002,253445.844967,253445.84496400002,3334.813749526316,40.544254,248797.40336700002,28531.9111610437,72.69993199999999,61.979221333333335,8.420695722584995,0.2998668216868799,36,64,,True,True,,387,87.6246207195492
229,2026-09-18T06:50:20.806+00:00,2026-09-18T06:54:30.339+00:00,2026-09-18T06:54:36.361+00:00,True,98,98.0,,98.0,249532.629923,255555.200675,255555.200777,2607.706130377551,39.759176,249532.629923,25200.3316031995,75.30789659999999,62.08835826804124,8.346833794446868,0.38347879339239355,36,64,,True,True,,480,87.6246207195492
230,2026-09-18T06:50:21.077+00:00,2026-09-18T06:54:31.269+00:00,2026-09-18T06:54:32.821+00:00,True,26,26.0,,26.0,250192.339851,251744.731275,251744.731274,9682.489664384615,38.327948,250192.339851,49054.57759011392,85.75302975000001,62.09565696,9.140942574093279,0.10327922204496194,36,64,,True,True,,136,87.6246207195492
231,2026-09-18T06:50:21.557+00:00,2026-09-18T06:54:32.950+00:00,2026-09-18T06:54:38.400+00:00,True,87,87.0,,87.0,251392.829519,256842.692431,256842.69232499998,2952.214854310345,37.26828,251392.829519,26945.348576882607,91.53342430000001,63.37049897674418,11.046084356860277,0.3387287338275053,36,64,,True,True,,399,87.6246207195492
232,2026-09-18T06:50:21.975+00:00,2026-09-18T06:54:34.591+00:00,2026-09-18T06:54:36.817+00:00,True,37,37.0,,37.0,252616.00632699998,254842.23634299997,254842.236419,6887.628011324324,40.216765,252616.00632699998,41519.65058561965,81.30295960000001,61.83972266666667,10.763783672530069,0.14518786418982985,36,64,,True,True,,163,87.6246207195492
233,2026-09-18T06:50:22.375+00:00,2026-09-18T06:54:36.120+00:00,2026-09-18T06:54:40.039+00:00,True,62,62.0,,62.0,253744.96944400002,257664.557796,257664.557704,4155.879962967742,33.923357,253744.96944400002,32217.48577297728,97.26977755,64.25554675409836,13.760173628852053,0.2406229266855051,36,64,,True,True,,309,87.6246207195492
234,2026-09-18T06:50:22.736+00:00,2026-09-18T06:54:37.631+00:00,2026-09-18T06:54:40.458+00:00,True,46,46.0,,46.0,254895.484228,257722.40416399998,257722.40404499997,5602.660957499999,36.652992,254895.484228,37573.02837911194,97.5282255,62.82044302222222,12.20452826563104,0.17848661682795805,36,64,,True,True,,186,87.6246207195492
235,2026-09-18T06:50:23.044+00:00,2026-09-18T06:54:38.624+00:00,2026-09-18T06:54:39.318+00:00,True,12,12.0,,12.0,255580.54203799999,256273.65077399998,256273.65078,21356.137564999997,39.320116,255580.54203799999,73761.5591229773,115064.40848955,63.009885090909094,13.586664959002599,0.04682494655130363,36,64,,True,True,,42,87.6246207195492
236,2026-09-18T06:50:23.310+00:00,2026-09-18T06:54:39.973+00:00,2026-09-18T06:54:40.039+00:00,True,2,2.0,,2.0,256662.639084,256729.267436,256729.267369,128364.6336845,66.628285,256662.639084,181440.77926138949,243832.83854404997,66.628352,nan,0.007790307743150398,36,64,,True,True,,7,87.6246207195492
237,2026-09-18T06:50:23.703+00:00,2026-09-18T06:54:41.079+00:00,2026-09-18T06:54:42.711+00:00,True,28,28.0,,28.0,257375.456249,259007.56863300002,259007.568834,9250.2703155,40.335264,257375.456249,48627.96604474001,67.0670377,60.448606814814816,6.4796979769098035,0.10810494900894002,36,64,,True,True,,129,87.6246207195492
238,2026-09-18T06:50:23.973+00:00,2026-09-18T06:54:42.072+00:00,2026-09-18T06:54:47.555+00:00,True,91,91.0,,91.0,258099.01810699998,263581.759355,263581.759533,2896.5028520109886,35.949273,258099.01810699998,27049.744207246895,71.88867,60.919347200000004,9.311322586546009,0.3452439206061995,36,64,,True,True,,470,87.6246207195492
239,2026-09-18T06:50:24.420+00:00,2026-09-18T06:54:43.578+00:00,2026-09-18T06:54:48.654+00:00,True,85,85.0,,85.0,259157.83503299998,264233.888537,264233.888401,3108.633981188235,35.097955,259157.83503299998,28103.061492168516,70.84653120000002,60.42920838095238,10.82339518207246,0.3216847031644,36,64,,True,True,,292,87.6246207195492
240,2026-09-18T06:50:24.824+00:00,2026-09-18T06:54:45.112+00:00,2026-09-18T06:54:45.738+00:00,True,11,11.0,,11.0,260288.28948500002,260914.10606100003,260914.10598400002,23719.464180363637,43.150699,260288.28948500002,78461.00389992473,130189.92184699999,62.5816576,12.079442925172366,0.04215946836323319,36,64,,True,True,,57,87.6246207195492
241,2026-09-18T06:50:25.096+00:00,2026-09-18T06:54:45.861+00:00,2026-09-18T06:54:47.491+00:00,True,28,28.0,,28.0,260764.36154699998,262395.270219,262395.27028299996,9371.259652964285,40.343604,260764.36154699998,49268.41818692355,90.83897695,60.40402488888889,11.21536510070059,0.10670924051577102,36,64,,True,True,,134,87.6246207195492
242,2026-09-18T06:50:25.395+00:00,2026-09-18T06:54:47.115+00:00,2026-09-18T06:54:50.496+00:00,True,57,57.0,,57.0,261719.49564100002,265100.983513,265100.98350000003,4650.894447368421,37.058241,261719.49564100002,34657.597735042975,88.25161460000001,60.383712,10.978996416915624,0.21501240487553616,36,64,,True,True,,243,87.6246207195492
243,2026-09-18T06:50:25.856+00:00,2026-09-18T06:54:48.714+00:00,2026-09-18T06:54:51.726+00:00,True,51,51.0,,51.0,262857.493588,265870.002516,265870.002678,5213.137307411765,34.030947,262857.493588,36798.97629690377,81.2987775,60.25017856,11.262472512066314,0.19182306961061105,36,64,,True,True,,217,87.6246207195492
244,2026-09-18T06:50:26.278+00:00,2026-09-18T06:54:50.361+00:00,2026-09-18T06:54:52.107+00:00,True,30,30.0,,30.0,264083.472531,265829.29345899995,265829.29355199996,8860.976451733333,35.462384,264083.472531,48203.83564856897,95.1467857,60.200721655172416,13.245514432602135,0.11285437962700313,36,64,,True,True,,135,87.6246207195492
245,2026-09-18T06:50:26.610+00:00,2026-09-18T06:54:51.665+00:00,2026-09-18T06:54:52.786+00:00,True,20,20.0,,20.0,265055.316503,266175.532311,266175.532306,13308.7766153,38.739987,265055.316503,59254.98816154068,13340.919408849999,58.9587267368421,12.168681414001185,0.07513838641123469,36,64,,True,True,,63,87.6246207195492
246,2026-09-18T06:50:27.048+00:00,2026-09-18T06:54:52.966+00:00,2026-09-18T06:54:54.463+00:00,True,26,26.0,,26.0,265918.210115,267414.74336300005,267414.743433,10285.18243973077,31.86699,265918.210115,52139.112609892916,71.633736,59.86132992,9.040884240176593,0.09722724960121777,36,64,,True,True,,106,87.6246207195492
247,2026-09-18T06:50:27.448+00:00,2026-09-18T06:54:54.531+00:00,2026-09-18T06:54:56.051+00:00,True,26,26.0,,26.0,267082.693884,268603.452924,268603.452967,10330.902037192309,40.054005,267082.693884,52367.29702879181,93.52471974999999,60.8303616,11.238554418984675,0.09679696860545038,36,64,,True,True,,111,87.6246207195492
248,2026-09-18T06:50:27.771+00:00,2026-09-18T06:54:55.638+00:00,2026-09-18T06:55:01.791+00:00,True,97,97.0,,97.0,267866.89686700003,274019.592675,274019.59277000005,2824.944255360825,36.147142,267866.89686700003,27191.257633731602,90.49094059999999,64.09058133333333,11.475832743146482,0.3539892861422012,36,64,,True,True,,414,87.6246207195492
249,2026-09-18T06:50:28.196+00:00,2026-09-18T06:54:57.486+00:00,2026-09-18T06:54:59.053+00:00,True,26,26.0,,26.0,269289.574891,270856.737259,270856.737391,10417.566822730769,37.123921,269289.574891,52799.73866733657,102.3056485,62.68649472,14.229855727435735,0.09599170492531685,36,64,,True,True,,78,87.6246207195492
250,2026-09-18T06:50:28.686+00:00,2026-09-18T06:54:59.556+00:00,2026-09-18T06:55:01.323+00:00,True,29,29.0,,29.0,270870.42964,272637.703624,272637.703554,9401.300122551724,40.305414,270870.42964,50287.65620111384,84.61184920000001,63.116928,8.457316452852632,0.10636826680433922,36,64,,True,True,,111,87.6246207195492
251,2026-09-18T06:50:28.999+00:00,2026-09-18T06:55:00.806+00:00,2026-09-18T06:55:02.430+00:00,True,26,26.0,,26.0,271806.50925400003,273430.90989400004,273430.909836,10516.573455230771,35.655443,271806.50925400003,53292.90055446722,94.51043024999998,64.9760256,12.01733521158963,0.09508800599785637,36,64,,True,True,,116,87.6246207195492
252,2026-09-18T06:50:29.299+00:00,2026-09-18T06:55:01.852+00:00,2026-09-18T06:55:01.911+00:00,True,2,2.0,,2.0,272552.332285,272611.300605,272611.300645,136305.6503225,58.968360000000004,272552.332285,192681.90545970126,258927.66408875,58.96832,nan,0.007336453021431782,36,64,,True,True,,2,87.6246207195492
253,2026-09-18T06:50:29.618+00:00,2026-09-18T06:55:02.897+00:00,2026-09-18T06:55:05.305+00:00,True,38,38.0,,38.0,273279.60763,275687.366222,275687.36630299996,7254.93069218421,37.20813,273279.60763,44321.25197212905,96.78437155,65.07455654054054,13.975134764205752,0.1378372920048869,36,64,,True,True,,161,87.6246207195492
254,2026-09-18T06:50:29.916+00:00,2026-09-18T06:55:03.624+00:00,2026-09-18T06:55:07.914+00:00,True,69,69.0,,69.0,273708.472917,277998.642773,277998.64260900003,4028.9658349130436,35.120854,273708.472917,32943.03473930304,90.0414616,63.090733176470586,11.453682475523305,0.2482026506019384,36,64,,True,True,,288,87.6246207195492
255,2026-09-18T06:50:30.291+00:00,2026-09-18T06:55:05.433+00:00,2026-09-18T06:55:08.477+00:00,True,49,49.0,,49.0,275142.307575,278185.61304699996,278185.612875,5677.257405612245,38.699008,275142.307575,39296.988107602425,93.9836132,63.40219733333333,11.419178584366986,0.17614138798659357,36,64,,True,True,,224,87.6246207195492
256,2026-09-18T06:50:30.676+00:00,2026-09-18T06:55:07.196+00:00,2026-09-18T06:55:12.599+00:00,True,88,88.0,,88.0,276520.105568,281922.345312,281922.345454,3203.663016522727,35.548863,276520.105568,29470.52504848007,91.44109909999999,62.09470970114943,11.109863771026681,0.3121426927071406,36,64,,True,True,,411,87.6246207195492
257,2026-09-18T06:50:30.955+00:00,2026-09-18T06:55:08.195+00:00,2026-09-18T06:55:09.638+00:00,True,25,25.0,,25.0,277240.11089899996,278683.239219,278683.239111,11147.329564439999,36.667550999999996,277240.11089899996,55435.99769244167,91.5595514,60.13034666666666,13.524751425804824,0.08970758367120185,36,64,,True,True,,122,87.6246207195492
258,2026-09-18T06:50:31.408+00:00,2026-09-18T06:55:10.006+00:00,2026-09-18T06:55:10.339+00:00,True,7,7.0,,7.0,278598.30136599997,278931.83583,278931.83597099996,39847.40513871428,35.225014,278598.30136599997,105279.25024494906,195039.09719439998,55.589077333333336,14.155838219693509,0.025095737025393812,36,64,,True,True,,19,87.6246207195492
259,2026-09-18T06:50:31.724+00:00,2026-09-18T06:55:11.136+00:00,2026-09-18T06:55:15.063+00:00,True,63,63.0,,63.0,279412.06399,283339.00671,283339.00652399997,4497.4445479999995,35.603803,279412.06399,35194.63351942876,96.8735625,63.33778580645161,12.423080207581723,0.2223484889409564,36,64,,True,True,,127,87.6246207195492
260,2026-09-18T06:50:32.029+00:00,2026-09-18T06:55:12.309+00:00,2026-09-18T06:55:18.396+00:00,True,100,100.0,,100.0,280279.321523,286366.234803,286366.234726,2863.6623472600004,35.654714,280279.321523,28021.785889927916,78.84146115,61.483972525252526,10.993782860322103,0.34920318056628785,36,64,,True,True,,360,87.6246207195492
261,2026-09-18T06:50:32.494+00:00,2026-09-18T06:55:13.442+00:00,2026-09-18T06:55:19.132+00:00,True,93,93.0,,93.0,280947.263616,286638.027904,286638.027942,3082.1293327096773,37.466239,280947.263616,29126.461534753882,77.6030464,61.85613356521739,9.717472035269065,0.3244510181710687,36,64,,True,True,,521,87.6246207195492
262,2026-09-18T06:50:32.967+00:00,2026-09-18T06:55:15.058+00:00,2026-09-18T06:55:19.646+00:00,True,76,76.0,,76.0,282091.42108600005,286678.66204600007,286678.66189000005,3772.087656447369,38.261917999999994,282091.42108600005,32351.090655051805,75.76190249999999,61.1632128,9.454038265506055,0.2651051859165059,36,64,,True,True,,331,87.6246207195492
263,2026-09-18T06:50:33.294+00:00,2026-09-18T06:55:16.826+00:00,2026-09-18T06:55:22.463+00:00,True,93,93.0,,93.0,283531.651054,289168.676334,289168.676278,3109.340605139785,38.968887,283531.651054,29394.51073186552,78.4875226,61.27201391304347,10.159625167715546,0.3216115976980222,36,64,,True,True,,414,87.6246207195492
264,2026-09-18T06:50:33.766+00:00,2026-09-18T06:55:18.396+00:00,2026-09-18T06:55:23.311+00:00,True,80,80.0,,80.0,284629.961239,289544.630551,289544.630568,3619.3078821000004,39.616496,284629.961239,31815.64289190864,75.2905179,62.21100394936709,8.814058400845417,0.27629591972664436,36,64,,True,True,,311,87.6246207195492
266,2026-09-18T06:50:34.968+00:00,2026-09-18T06:55:21.884+00:00,2026-09-18T06:55:26.239+00:00,True,72,72.0,,72.0,286915.197065,291270.743433,291270.743482,4045.426992805556,34.512085,286915.197065,33806.05200058826,77.55488115,61.345723492957745,9.862916074044888,0.24719269484942935,36,64,,True,True,,355,87.6246207195492
265,2026-09-18T06:50:34.862+00:00,2026-09-18T06:55:22.235+00:00,2026-09-18T06:55:24.981+00:00,True,46,46.0,,46.0,287372.55711,290118.49759,290118.497617,6306.92386123913,33.401228,287372.55711,42361.77635796101,85.5381615,61.02089955555555,11.144290902667352,0.15855590175090428,36,64,,True,True,,200,87.6246207195492
267,2026-09-18T06:50:35.028+00:00,2026-09-18T06:55:22.651+00:00,2026-09-18T06:55:27.358+00:00,True,77,77.0,,77.0,287622.425886,292329.87753399997,292329.87756399997,3796.491916415584,34.955514,287622.425886,32770.560370451814,91.242279,61.940153263157896,10.466307246573303,0.2634010613268374,36,64,,True,True,,255,87.6246207195492
268,2026-09-18T06:50:35.382+00:00,2026-09-18T06:55:24.656+00:00,2026-09-18T06:55:30.130+00:00,True,90,90.0,,90.0,289274.01704500004,294748.67202100006,294748.67180400004,3274.9852422666672,36.053133,289274.01704500004,30485.676979825254,91.53676530000001,61.512977258426965,11.886039449709633,0.3053448871640302,36,64,,True,True,,451,87.6246207195492
269,2026-09-18T06:50:35.824+00:00,2026-09-18T06:55:26.406+00:00,2026-09-18T06:55:32.536+00:00,True,99,99.0,,99.0,290581.551578,296711.855322,296711.855337,2997.089447848485,39.414196000000004,290581.551578,29198.25984350063,91.4798667,62.5541198367347,10.845920846820427,0.3336570420907599,36,64,,True,True,,348,87.6246207195492
270,2026-09-18T06:50:36.256+00:00,2026-09-18T06:55:27.947+00:00,2026-09-18T06:55:29.634+00:00,True,30,30.0,,30.0,291691.73874199996,293378.87576599995,293378.87569699995,9779.295856566665,37.552069,291691.73874199996,53244.761549619536,92.86834275,58.177138758620686,12.764628795074396,0.10225685104856734,36,64,,True,True,,123,87.6246207195492
271,2026-09-18T06:50:36.692+00:00,2026-09-18T06:55:29.888+00:00,2026-09-18T06:55:31.818+00:00,True,31,31.0,,31.0,293196.136606,295126.410142,295126.410055,9520.206775967743,53.929809,293196.136606,52648.02503153701,90.622385,64.3424512,8.139297634980274,0.10503973529540904,36,64,,True,True,,152,87.6246207195492
272,2026-09-18T06:50:37.075+00:00,2026-09-18T06:55:31.009+00:00,2026-09-18T06:55:32.755+00:00,True,29,29.0,,29.0,293934.185719,295680.112631,295680.112804,10195.86595875862,40.920663999999995,293934.185719,54570.62954674558,81.959792,62.35453257142858,7.332431779912963,0.0980789669685737,36,64,,True,True,,125,87.6246207195492
273,2026-09-18T06:50:37.439+00:00,2026-09-18T06:55:32.411+00:00,2026-09-18T06:55:32.860+00:00,True,9,9.0,,9.0,294972.149151,295421.034655,295421.034609,32824.559401,36.321792,294972.149151,98305.34678624717,177010.4616558,56.110688,11.897846382596041,0.030464993836713156,36,64,,True,True,,52,87.6246207195492
274,2026-09-18T06:50:37.835+00:00,2026-09-18T06:55:33.701+00:00,2026-09-18T06:55:37.243+00:00,True,56,56.0,,56.0,295865.36292299995,299408.12413899996,299408.12413599994,5346.573645285714,34.857354,295865.36292299995,39528.066090506116,92.52482475000001,64.41384029090909,11.297589834555632,0.18703567299998197,36,64,,True,True,,212,87.6246207195492
275,2026-09-18T06:50:38.158+00:00,2026-09-18T06:55:35.210+00:00,2026-09-18T06:55:37.278+00:00,True,33,33.0,,33.0,297052.892875,299120.86266700004,299120.862525,9064.268561363637,38.008059,297052.892875,51699.02338435631,100.62676520000001,64.624056,13.475100200222123,0.11032329776588554,36,64,,True,True,,202,87.6246207195492
276,2026-09-18T06:50:38.566+00:00,2026-09-18T06:55:36.812+00:00,2026-09-18T06:55:38.585+00:00,False,30,29.0,,29.0,298246.247094,300019.277238,300019.277128,10000.642570933333,0.03713,298246.247094,54440.90550183339,94.04114835,61.138970482758616,15.597602714749009,0.09666045551131305,36,64,,True,False,Request timeout: 300.0s exceeded,86,87.6246207195492
277,2026-09-18T06:50:39.058+00:00,2026-09-18T06:55:38.827+00:00,2026-09-18T06:55:39.076+00:00,False,6,5.0,,5.0,299769.275692,300018.052396,300018.05237499997,50003.008729166664,0.07955,299769.275692,122359.98433592083,224843.29777075,49.7553408,27.83148757277604,0.01666566381612396,36,64,,True,False,Request timeout: 300.0s exceeded,13,87.6246207195492
278,2026-09-18T06:50:39.509+00:00,2026-09-18T06:55:39.604+00:00,2026-09-18T06:55:39.604+00:00,False,1,0.0,,0.0,300095.050467,300095.050467,300095.050467,300095.050467,300095.050467,300095.050467,nan,300095.050467,nan,nan,0.0,36,64,,True,False,"HTTPConnectionPool(host='gpu03', port=9002): Read timed out.",0,87.6246207195492
279,2026-09-18T06:50:39.817+00:00,2026-09-18T06:55:39.894+00:00,2026-09-18T06:55:39.894+00:00,False,1,0.0,,0.0,300076.657333,300076.657333,300076.657333,300076.657333,300076.657333,300076.657333,nan,300076.657333,nan,nan,0.0,36,64,,True,False,TTFT timeout: 300.0s exceeded (TTFT: 300.072s),0,87.6246207195492
280,2026-09-18T06:50:40.152+00:00,2026-09-18T06:55:40.160+00:00,2026-09-18T06:55:40.160+00:00,False,1,0.0,,0.0,300007.983674,300007.983674,300007.983674,300007.983674,300007.983674,300007.983674,nan,300007.983674,nan,nan,0.0,36,64,,True,False,TTFT timeout: 300.0s exceeded (TTFT: 300.004s),0,87.6246207195492
281,2026-09-18T06:50:40.421+00:00,2026-09-18T06:55:40.387+00:00,2026-09-18T06:55:40.458+00:00,False,3,2.0,,2.0,299965.661056,300036.742784,300036.742693,100012.24756433333,0.0376,299965.661056,173164.73929673323,269976.1993541,35.540864,50.209152202478464,0.006665850260345692,36,64,,True,False,Request timeout: 300.0s exceeded,3,87.6246207195492
282,2026-09-18T06:50:40.736+00:00,2026-09-18T06:55:40.833+00:00,2026-09-18T06:55:40.833+00:00,False,1,0.0,,0.0,300096.443903,300096.443903,300096.443903,300096.443903,300096.443903,300096.443903,nan,300096.443903,nan,nan,0.0,36,64,,True,False,"HTTPConnectionPool(host='gpu03', port=9002): Read timed out.",0,87.6246207195492
283,2026-09-18T06:50:41.010+00:00,2026-09-18T06:55:41.056+00:00,2026-09-18T06:55:41.056+00:00,False,1,0.0,,0.0,300045.883581,300045.883581,300045.883581,300045.883581,300045.883581,300045.883581,nan,300045.883581,nan,nan,0.0,36,64,,True,False,"HTTPConnectionPool(host='gpu03', port=9002): Read timed out.",0,87.6246207195492
284,2026-09-18T06:50:41.388+00:00,2026-09-18T06:55:41.409+00:00,2026-09-18T06:55:41.409+00:00,False,1,0.0,,0.0,300020.40049800003,300020.40049800003,300020.40049800003,300020.40049800003,300020.40049800003,300020.40049800003,nan,300020.40049800003,nan,nan,0.0,36,64,,True,False,TTFT timeout: 300.0s exceeded (TTFT: 300.014s),0,87.6246207195492
285,2026-09-18T06:50:41.759+00:00,2026-09-18T06:55:41.683+00:00,2026-09-18T06:55:41.836+00:00,False,4,3.0,,3.0,299923.34720099997,300076.368385,300076.368384,75019.092096,0.033979999999999996,299923.34720099997,149936.1749065577,254948.57831054996,51.00706133333333,46.6424650531487,0.00999745503501622,36,64,,True,False,Request timeout: 300.0s exceeded,5,87.6246207195492
286,2026-09-18T06:50:42.084+00:00,2026-09-18T06:55:42.193+00:00,2026-09-18T06:55:42.193+00:00,False,1,0.0,,0.0,300108.994064,300108.994064,300108.994064,300108.994064,300108.994064,300108.994064,nan,300108.994064,nan,nan,0.0,36,64,,True,False,"HTTPConnectionPool(host='gpu03', port=9002): Read timed out.",0,87.6246207195492
287,2026-09-18T06:50:42.460+00:00,2026-09-18T06:55:42.519+00:00,2026-09-18T06:55:42.519+00:00,False,1,0.0,,0.0,300059.815346,300059.815346,300059.815346,300059.815346,300059.815346,300059.815346,nan,300059.815346,nan,nan,0.0,36,64,,True,False,"HTTPConnectionPool(host='gpu03', port=9002): Read timed out.",0,87.6246207195492
288,2026-09-18T06:50:42.816+00:00,2026-09-18T06:55:42.748+00:00,2026-09-18T06:55:42.892+00:00,False,4,3.0,,3.0,299932.008197,300075.808773,300075.808557,75018.95213925,0.01927,299932.008197,149942.04119963464,254953.01082770003,47.933525333333336,41.495021810660866,0.00999747367929091,36,64,,True,False,Request timeout: 300.0s exceeded,6,87.6246207195492
289,2026-09-18T06:50:43.272+00:00,2026-09-18T06:55:43.142+00:00,2026-09-18T06:55:43.309+00:00,False,5,4.0,,4.0,299870.232802,300036.548834,300036.54882,60007.309764000005,0.036719999999999996,299870.232802,134087.45282017993,239909.71361819998,41.579008,30.026708646514642,0.013331709138585857,36,64,,True,False,Request timeout: 300.0s exceeded,11,87.6246207195492
290,2026-09-18T06:50:43.754+00:00,2026-09-18T06:55:43.838+00:00,2026-09-18T06:55:43.838+00:00,False,1,0.0,,0.0,300084.815757,300084.815757,300084.815757,300084.815757,300084.815757,300084.815757,nan,300084.815757,nan,nan,0.0,36,64,,True,False,"HTTPConnectionPool(host='gpu03', port=9002): Read timed out.",0,87.6246207195492
291,2026-09-18T06:50:44.051+00:00,2026-09-18T06:55:44.153+00:00,2026-09-18T06:55:44.153+00:00,False,1,0.0,,0.0,300102.359076,300102.359076,300102.359076,300102.359076,300102.359076,300102.359076,nan,300102.359076,nan,nan,0.0,36,64,,True,False,TTFT timeout: 300.0s exceeded (TTFT: 300.098s),0,87.6246207195492
292,2026-09-18T06:50:44.477+00:00,2026-09-18T06:55:44.354+00:00,2026-09-18T06:55:44.496+00:00,False,4,3.0,,3.0,299877.62956699997,300019.693951,300019.69401,75004.9235025,0.020149999999999998,299877.62956699997,149915.1411263222,254907.00930575,47.35479466666666,41.06741918398464,0.009999343578058472,36,64,,True,False,Request timeout: 300.0s exceeded,19,87.6246207195492
293,2026-09-18T06:50:44.926+00:00,2026-09-18T06:55:45.121+00:00,2026-09-18T06:55:45.629+00:00,True,8,8.0,,8.0,300194.357681,300703.053489,300703.053327,37587.881665875,56.253225,300194.357681,106109.04079358921,195157.963554,72.67082971428572,14.148809744898989,0.026604319135364707,36,64,,True,True,,28,87.6246207195492
294,2026-09-18T06:50:45.264+00:00,2026-09-18T06:55:45.537+00:00,2026-09-18T06:55:45.911+00:00,False,8,7.0,,7.0,300273.261244,300647.130812,300647.130743,37580.891342875,0.02239,300273.261244,106143.74948185869,195209.43673359999,53.40993828571428,27.82397025475953,0.023283109275295977,36,64,,True,False,Request timeout: 300.0s exceeded,30,87.6246207195492
296,2026-09-18T06:50:46.032+00:00,2026-09-18T06:55:46.149+00:00,2026-09-18T06:55:46.149+00:00,False,1,0.0,,0.0,300116.806249,300116.806249,300116.806249,300116.806249,300116.806249,300116.806249,nan,300116.806249,nan,nan,0.0,36,64,,True,False,"HTTPConnectionPool(host='gpu03', port=9002): Read timed out.",0,87.6246207195492
297,2026-09-18T06:50:46.524+00:00,2026-09-18T06:55:46.713+00:00,2026-09-18T06:55:46.713+00:00,False,1,0.0,,0.0,300189.42295,300189.42295,300189.42295,300189.42295,300189.42295,300189.42295,nan,300189.42295,nan,nan,0.0,36,64,,True,False,"HTTPConnectionPool(host='gpu03', port=9002): Read timed out.",0,87.6246207195492
295,2026-09-18T06:50:45.633+00:00,2026-09-18T06:55:46.751+00:00,2026-09-18T06:55:46.751+00:00,False,1,0.0,,0.0,301118.39600999997,301118.39600999997,301118.39600999997,301118.39600999997,301118.39600999997,301118.39600999997,nan,301118.39600999997,nan,nan,0.0,36,64,,True,False,"HTTPConnectionPool(host='gpu03', port=9002): Read timed out.",0,87.6246207195492
298,2026-09-18T06:50:46.999+00:00,2026-09-18T06:55:47.106+00:00,2026-09-18T06:55:47.106+00:00,False,1,0.0,,0.0,300107.06325300003,300107.06325300003,300107.06325300003,300107.06325300003,300107.06325300003,300107.06325300003,nan,300107.06325300003,nan,nan,0.0,36,64,,True,False,TTFT timeout: 300.0s exceeded (TTFT: 300.099s),0,87.6246207195492
299,2026-09-18T06:50:47.316+00:00,2026-09-18T06:55:47.290+00:00,2026-09-18T06:55:47.349+00:00,False,3,2.0,,2.0,299973.652394,300033.03901799995,300033.039013,100011.01300433332,0.03618,299973.652394,173172.7280587412,269982.2221985,29.693312,41.94127505075639,0.006665932547115298,36,64,,True,False,Request timeout: 300.0s exceeded,4,87.6246207195492
300,2026-09-18T06:50:47.778+00:00,2026-09-18T06:55:47.351+00:00,2026-09-18T06:55:47.796+00:00,False,10,9.0,,9.0,299573.03166399995,300017.32580799994,300017.32595999993,30001.732595999994,0.02529,299573.03166399995,94717.70163668596,164793.83059269996,49.366016,20.567675586494843,0.029998267519255432,36,64,,True,False,Request timeout: 300.0s exceeded,38,87.6246207195492
301,2026-09-18T06:50:48.117+00:00,2026-09-18T06:55:48.128+00:00,2026-09-18T06:55:48.128+00:00,False,1,0.0,,0.0,300011.377634,300011.377634,300011.377634,300011.377634,300011.377634,300011.377634,nan,300011.377634,nan,nan,0.0,36,64,,True,False,"HTTPConnectionPool(host='gpu03', port=9002): Read timed out.",0,87.6246207195492
302,2026-09-18T06:50:48.598+00:00,2026-09-18T06:55:48.557+00:00,2026-09-18T06:55:48.656+00:00,False,3,2.0,,2.0,299959.596439,300058.035095,300058.035124,100019.34504133333,0.023780000000000003,299959.596439,173153.34393803944,269973.47828559997,49.219328,69.57297159199685,0.0066653772473274685,36,64,,True,False,Request timeout: 300.0s exceeded,4,87.6246207195492
303,2026-09-18T06:50:49.041+00:00,2026-09-18T06:55:48.886+00:00,2026-09-18T06:55:49.106+00:00,False,5,4.0,,4.0,299845.877051,300065.345851,300065.34607900004,60013.0692158,0.0212,299845.877051,134070.61946924217,239894.106814,54.8672,38.19616331253501,0.013330429705755605,36,64,,True,False,Request timeout: 300.0s exceeded,25,87.6246207195492
304,2026-09-18T06:50:49.491+00:00,2026-09-18T06:55:49.600+00:00,2026-09-18T06:55:49.600+00:00,False,1,0.0,,0.0,300108.77562599996,300108.77562599996,300108.77562599996,300108.77562599996,300108.77562599996,300108.77562599996,nan,300108.77562599996,nan,nan,0.0,36,64,,True,False,"HTTPConnectionPool(host='gpu03', port=9002): Read timed out.",0,87.6246207195492
305,2026-09-18T06:50:49.922+00:00,2026-09-18T06:55:50.008+00:00,2026-09-18T06:55:50.008+00:00,False,1,0.0,,0.0,300085.958248,300085.958248,300085.958248,300085.958248,300085.958248,300085.958248,nan,300085.958248,nan,nan,0.0,36,64,,True,False,"HTTPConnectionPool(host='gpu03', port=9002): Read timed out.",0,87.6246207195492
306,2026-09-18T06:50:50.216+00:00,2026-09-18T06:55:50.168+00:00,2026-09-18T06:55:50.237+00:00,False,3,2.0,,2.0,299951.75237199996,300021.12094799994,300021.120962,100007.04032066665,0.02092,299951.75237199996,173157.20345835315,269963.51190179994,34.684288,49.02166535842502,0.006666197345308375,36,64,,True,False,Request timeout: 300.0s exceeded,10,87.6246207195492
307,2026-09-18T06:50:50.599+00:00,2026-09-18T06:55:50.452+00:00,2026-09-18T06:55:50.636+00:00,False,5,4.0,,4.0,299852.805108,300037.237236,300037.237112,60007.4474224,0.11641,299852.805108,134077.63361103134,239894.9603544,46.108032,30.739582487808427,0.013331678550465133,36,64,,True,False,Request timeout: 300.0s exceeded,19,87.6246207195492
308,2026-09-18T06:50:50.993+00:00,2026-09-18T06:55:51.120+00:00,2026-09-18T06:55:51.120+00:00,False,1,0.0,,0.0,300127.59863200004,300127.59863200004,300127.59863200004,300127.59863200004,300127.59863200004,300127.59863200004,nan,300127.59863200004,nan,nan,0.0,36,64,,True,False,"HTTPConnectionPool(host='gpu03', port=9002): Read timed out.",0,87.6246207195492
309,2026-09-18T06:50:51.264+00:00,2026-09-18T06:55:51.303+00:00,2026-09-18T06:55:51.303+00:00,False,1,0.0,,0.0,300038.924242,300038.924242,300038.924242,300038.924242,300038.924242,300038.924242,nan,300038.924242,nan,nan,0.0,36,64,,True,False,TTFT timeout: 300.0s exceeded (TTFT: 300.021s),0,87.6246207195492
310,2026-09-18T06:50:51.609+00:00,2026-09-18T06:55:51.551+00:00,2026-09-18T06:55:51.680+00:00,False,4,3.0,,3.0,299942.151365,300071.204549,300071.204483,75017.80112075,0.03537,299942.151365,149949.57171269416,254964.77693150003,43.017728,46.869082033100845,0.009997627078242744,36,64,,True,False,Request timeout: 300.0s exceeded,10,87.6246207195492
311,2026-09-18T06:50:51.986+00:00,2026-09-18T06:55:52.042+00:00,2026-09-18T06:55:52.042+00:00,False,1,0.0,,0.0,300055.498823,300055.498823,300055.498823,300055.498823,300055.498823,300055.498823,nan,300055.498823,nan,nan,0.0,36,64,,True,False,"HTTPConnectionPool(host='gpu03', port=9002): Read timed out.",0,87.6246207195492
312,2026-09-18T06:50:52.255+00:00,2026-09-18T06:55:52.365+00:00,2026-09-18T06:55:52.365+00:00,False,1,0.0,,0.0,300110.611532,300110.611532,300110.611532,300110.611532,300110.611532,300110.611532,nan,300110.611532,nan,nan,0.0,36,64,,True,False,"HTTPConnectionPool(host='gpu03', port=9002): Read timed out.",0,87.6246207195492
313,2026-09-18T06:50:52.684+00:00,2026-09-18T06:55:52.700+00:00,2026-09-18T06:55:52.700+00:00,False,1,0.0,,0.0,300015.51481,300015.51481,300015.51481,300015.51481,300015.51481,300015.51481,nan,300015.51481,nan,nan,0.0,36,64,,True,False,"HTTPConnectionPool(host='gpu03', port=9002): Read timed out.",0,87.6246207195492
314,2026-09-18T06:50:53.119+00:00,2026-09-18T06:55:52.888+00:00,2026-09-18T06:55:53.143+00:00,False,9,8.0,,8.0,299768.997501,300024.431229,300024.431102,33336.04790022222,0.04403,299768.997501,99912.35683391445,179876.89019140002,31.929216,12.943662308223677,0.02666449517870707,36,64,,True,False,Request timeout: 300.0s exceeded,36,87.6246207195492
0,2026-09-18T06:48:53.172+00:00,2026-09-18T06:48:53.414+00:00,2026-09-18T06:48:58.781+00:00,True,93,93.0,,93.0,242.118,5609.512816,5609.512646,60.31734027956989,16.686169000000003,242.118,21.962970718312942,69.4988606,58.341248,10.97825450393153,16.578979859843855,37,64,,False,True,,492,87.6246207195492
1,2026-09-18T06:48:53.580+00:00,2026-09-18T06:48:53.705+00:00,2026-09-18T06:48:56.131+00:00,True,43,43.0,,43.0,125.28898699999999,2550.9353229999997,2550.93525,59.32407558139535,18.707016,125.28898699999999,15.767966369723528,76.94532700000002,57.75348419047619,12.084490039405571,16.85656222339276,37,64,,False,True,,161,87.6246207195492
2,2026-09-18T06:48:53.842+00:00,2026-09-18T06:48:54.034+00:00,2026-09-18T06:48:59.206+00:00,True,88,88.0,,88.0,191.88922399999998,5363.731527999999,5363.731314,60.95149220454545,17.789386999999998,191.88922399999998,16.883615355853934,70.13829750000001,59.44646326436782,9.312485802799186,16.40648856875448,37,64,,False,True,,335,87.6246207195492
3,2026-09-18T06:48:54.172+00:00,2026-09-18T06:48:55.541+00:00,2026-09-18T06:48:55.731+00:00,True,4,4.0,,4.0,1369.0384669999999,1559.5127069999999,1559.5127529999997,389.87818824999994,60.661167,1369.0384669999999,652.7786297562594,1173.7186968499998,63.491413333333334,3.1635247552193,2.564903756183373,37,64,,False,True,,12,87.6246207195492
4,2026-09-18T06:48:54.519+00:00,2026-09-18T06:48:57.568+00:00,2026-09-18T06:48:58.291+00:00,True,13,13.0,,13.0,3049.568983,3772.0660070000004,3772.065931,290.15891776923075,41.329574,3049.568983,829.1241939739853,1261.2860878000001,60.20808533333334,6.678261468815713,3.446387198918388,37,64,,False,True,,43,87.6246207195492
5,2026-09-18T06:48:54.971+00:00,2026-09-18T06:48:59.082+00:00,2026-09-18T06:49:00.531+00:00,True,25,25.0,,25.0,4111.028062,5560.2297260000005,5560.229699,222.40918796000003,13.877374,4111.028062,810.2745038151752,102.22417379999999,60.38340266666666,15.68891249169935,4.4962171046815484,37,64,,False,True,,132,87.6246207195492
6,2026-09-18T06:48:55.345+00:00,2026-09-18T06:49:00.218+00:00,2026-09-18T06:49:06.115+00:00,True,100,100.0,,100.0,4872.409377,10770.194721,10770.194727,107.70194727,0.0,4872.409377,481.55734508979924,68.14513045,59.57358933333334,16.31818338132622,9.284883197609924,37,64,,False,True,,410,87.6246207195492
7,2026-09-18T06:48:55.742+00:00,2026-09-18T06:49:01.683+00:00,2026-09-18T06:49:07.599+00:00,True,100,100.0,,100.0,5940.352092,11856.582748,11856.582648,118.56582648,0.0,5940.352092,588.284125823497,69.73342595,59.75990561616162,16.348305526208467,8.434133352366494,37,64,,False,True,,460,87.6246207195492
8,2026-09-18T06:48:56.001+00:00,2026-09-18T06:49:02.790+00:00,2026-09-18T06:49:06.239+00:00,True,59,59.0,,59.0,6789.037644,10238.19758,10238.197615,173.5287731355932,9.393373,6789.037644,876.2748300658051,68.7068279,59.46827475862069,16.865659831821436,5.762733092322292,37,64,,False,True,,204,87.6246207195492
9,2026-09-18T06:48:56.273+00:00,2026-09-18T06:49:03.800+00:00,2026-09-18T06:49:08.528+00:00,True,79,79.0,,79.0,7526.947373,12254.459181,12254.458998,155.11973415189874,0.0,7526.947373,840.9556721798402,77.72678040000001,60.60912574358974,39.730251486942024,6.446632922200763,37,64,,False,True,,381,87.6246207195492
10,2026-09-18T06:48:56.696+00:00,2026-09-18T06:49:05.365+00:00,2026-09-18T06:49:10.401+00:00,True,84,84.0,,84.0,8668.884852,13704.358772,13704.358564,163.14712576190476,0.0,8668.884852,939.8594925899139,68.91862395,60.66836048192771,34.50787803563189,6.129436728672357,37,64,,False,True,,424,87.6246207195492
11,2026-09-18T06:48:57.041+00:00,2026-09-18T06:49:06.616+00:00,2026-09-18T06:49:07.291+00:00,True,12,12.0,,12.0,9575.609085999999,10250.565885999998,10250.566001999998,854.2138334999999,56.376596,9575.609085999999,2746.5284077377687,4344.68189165,61.35970909090909,2.682982452450461,1.1706670766722587,37,64,,False,True,,46,87.6246207195492
12,2026-09-18T06:48:57.480+00:00,2026-09-18T06:49:08.215+00:00,2026-09-18T06:49:12.148+00:00,True,69,69.0,,69.0,10735.104092,14667.644764,14667.644984999999,212.574565,0.0,10735.104092,1285.617172245452,66.432791,57.83148047058824,24.20885619627911,4.704231736601117,37,64,,False,True,,331,87.6246207195492
13,2026-09-18T06:48:57.770+00:00,2026-09-18T06:49:09.278+00:00,2026-09-18T06:49:13.917+00:00,True,78,78.0,,78.0,11508.293295,16147.424175,16147.424325,207.01826057692307,0.0,11508.293295,1296.5989333591356,68.46989535,60.24845298701299,30.884725989235072,4.830491795760359,37,64,,False,True,,208,87.6246207195492
14,2026-09-18T06:48:58.026+00:00,2026-09-18T06:49:10.097+00:00,2026-09-18T06:49:11.370+00:00,True,22,22.0,,22.0,12071.087689,13344.422217,13344.422213,606.5646460454545,0.0,12071.087689,2560.92022624937,201.23670685000002,60.634977523809525,39.018359439313926,1.648628890951405,37,64,,False,True,,32,87.6246207195492
15,2026-09-18T06:48:58.409+00:00,2026-09-18T06:49:11.551+00:00,2026-09-18T06:49:16.961+00:00,True,91,91.0,,91.0,13141.57434,18551.936964,18551.936945999998,203.86743896703297,0.0,13141.57434,1371.7551376553674,71.034593,60.115140266666664,35.15761501451628,4.905148188924172,37,64,,False,True,,336,87.6246207195492
16,2026-09-18T06:48:58.854+00:00,2026-09-18T06:49:13.351+00:00,2026-09-18T06:49:14.265+00:00,True,16,16.0,,16.0,14496.235302,15410.211366,15410.211414,963.138213375,0.0,14496.235302,3609.166651222389,3794.9697149999997,60.9317376,51.335083793600226,1.0382725856247026,37,64,,False,True,,34,87.6246207195492
17,2026-09-18T06:48:59.174+00:00,2026-09-18T06:49:14.453+00:00,2026-09-18T06:49:18.064+00:00,True,62,62.0,,62.0,15279.119587,18890.904035,18890.904005,304.69200008064513,0.0,15279.119587,1933.218893797977,68.48958909999999,59.209581114754094,33.668112546012836,3.282002803313696,37,64,,False,True,,225,87.6246207195492
18,2026-09-18T06:48:59.607+00:00,2026-09-18T06:49:15.986+00:00,2026-09-18T06:49:19.914+00:00,True,66,66.0,,66.0,16379.230823000002,20306.640487,20306.640515000003,307.67637143939396,0.0,16379.230823000002,2008.9904363982641,71.46340475,60.421687138461536,34.035290196330045,3.2501683398714913,37,64,,False,True,,308,87.6246207195492
19,2026-09-18T06:48:59.975+00:00,2026-09-18T06:49:17.518+00:00,2026-09-18T06:49:20.945+00:00,True,57,57.0,,57.0,17543.107881,20970.118185,20970.118073,367.8968082982456,0.0,17543.107881,2315.873404842964,75.8345736,61.196612571428574,39.90511751457224,2.7181534933251976,37,64,,False,True,,346,87.6246207195492
20,2026-09-18T06:49:00.365+00:00,2026-09-18T06:49:18.970+00:00,2026-09-18T06:49:20.287+00:00,True,22,22.0,,22.0,18605.304537,19922.064601,19922.06469,905.548395,0.0,18605.304537,3953.810999125124,313.8668379,62.702860190476194,65.39187538281327,1.1043032155861847,37,64,,False,True,,89,87.6246207195492
21,2026-09-18T06:49:00.813+00:00,2026-09-18T06:49:20.413+00:00,2026-09-18T06:49:26.098+00:00,True,94,94.0,,94.0,19599.965228,25285.070892,25285.070984,268.9901168510638,0.0,19599.965228,2015.9222921444157,90.8324657,61.130168430107524,51.2809497142319,3.7176087186586004,37,64,,False,True,,503,87.6246207195492
22,2026-09-18T06:49:01.115+00:00,2026-09-18T06:49:21.577+00:00,2026-09-18T06:49:27.451+00:00,True,98,98.0,,98.0,20461.781727,26335.564767000003,26335.564642,268.73025144897963,0.0,20461.781727,2061.1178539975726,89.4349437,60.5544643298969,34.312896385676254,3.7212036600331313,37,64,,False,True,,486,87.6246207195492
23,2026-09-18T06:49:01.434+00:00,2026-09-18T06:49:22.662+00:00,2026-09-18T06:49:24.859+00:00,True,37,37.0,,37.0,21227.345513999997,23424.743785999995,23424.743850999996,633.1011851621621,0.0,21227.345513999997,3480.144046214176,147.4938356,61.038840888888885,55.13670543794191,1.579526347780733,37,64,,False,True,,192,87.6246207195492
24,2026-09-18T06:49:01.813+00:00,2026-09-18T06:49:24.150+00:00,2026-09-18T06:49:29.307+00:00,True,88,88.0,,88.0,22337.484590999997,27494.035246999996,27494.035339,312.4322197613636,0.0,22337.484590999997,2375.221330762186,69.87609535,59.2706971954023,41.346016900097766,3.2006942309278554,37,64,,False,True,,319,87.6246207195492
25,2026-09-18T06:49:02.243+00:00,2026-09-18T06:49:26.094+00:00,2026-09-18T06:49:26.158+00:00,True,2,2.0,,2.0,23850.39204,23914.4266,23914.426761,11957.2133805,64.034721,23850.39204,16819.494559991166,22661.074174049998,64.03456,nan,0.08363152641928702,37,64,,False,True,,6,87.6246207195492
26,2026-09-18T06:49:02.627+00:00,2026-09-18T06:49:27.388+00:00,2026-09-18T06:49:29.305+00:00,True,34,34.0,,34.0,24760.426068999997,26678.032468999998,26678.032515,784.6480151470588,0.0,24760.426068999997,4236.8893194922675,184.082385,58.109284848484855,64.55662797364415,1.2744568040955855,37,64,,False,True,,154,87.6246207195492
27,2026-09-18T06:49:03.002+00:00,2026-09-18T06:49:29.057+00:00,2026-09-18T06:49:32.192+00:00,True,52,52.0,,52.0,26054.582254999998,29189.572334999997,29189.572349,561.3379297884615,38.766057999999994,26054.582254999998,3604.6032847962915,69.7659759,61.4703937254902,7.287552759911492,1.7814580975429013,37,64,,False,True,,264,87.6246207195492
28,2026-09-18T06:49:03.286+00:00,2026-09-18T06:49:30.034+00:00,2026-09-18T06:49:34.126+00:00,True,69,69.0,,69.0,26748.401566,30839.95203,30839.952052,446.95582684057973,0.0,26748.401566,3213.3430934658786,67.839176,60.16985976470588,54.62802857295477,2.2373575656952798,37,64,,False,True,,358,87.6246207195492
29,2026-09-18T06:49:03.589+00:00,2026-09-18T06:49:31.345+00:00,2026-09-18T06:49:36.008+00:00,True,80,80.0,,80.0,27755.914113000003,32419.151233000004,32419.151441,405.23939301250005,0.0,27755.914113000003,3097.55746406898,70.8732345,59.028317974683546,77.26106222205648,2.467677189480724,37,64,,False,True,,432,87.6246207195492
30,2026-09-18T06:49:03.874+00:00,2026-09-18T06:49:32.315+00:00,2026-09-18T06:49:35.181+00:00,True,42,42.0,,42.0,28441.17594,31306.67866,31306.678567000003,745.3971087380953,0.0,28441.17594,4378.910352213735,453.11566360000006,69.89031024390245,100.52847753398042,1.3415667773682638,37,64,,False,True,,184,87.6246207195492
31,2026-09-18T06:49:04.221+00:00,2026-09-18T06:49:33.836+00:00,2026-09-18T06:49:35.202+00:00,True,22,22.0,,22.0,29614.909748,30980.860724,30980.860652,1408.2209387272726,0.016989999999999998,29614.909748,6301.010296826705,517.54813005,65.04528457142858,112.5865353385709,0.7101158420352479,37,64,,False,True,,103,87.6246207195492
32,2026-09-18T06:49:04.542+00:00,2026-09-18T06:49:35.146+00:00,2026-09-18T06:49:36.807+00:00,True,34,34.0,,34.0,30604.685311,32265.523199000003,32265.523317000003,948.9859799117647,0.01725,30604.685311,5240.094090182026,90.62311299999999,50.32842084848485,26.527899810469574,1.0537563513321164,37,64,,False,True,,148,87.6246207195492
33,2026-09-18T06:49:04.878+00:00,2026-09-18T06:49:36.012+00:00,2026-09-18T06:49:38.270+00:00,True,36,36.0,,36.0,31134.745368,33391.946008,33391.945994,927.5540553888889,13.947014,31134.745368,5178.400948432801,96.28495000000001,64.49144685714286,16.421914342071187,1.0781042827325837,37,64,,False,True,,143,87.6246207195492
34,2026-09-18T06:49:05.140+00:00,2026-09-18T06:49:37.106+00:00,2026-09-18T06:49:37.658+00:00,True,10,10.0,,10.0,31965.650489,32518.145849,32518.14576,3251.8145759999998,35.220225,31965.650489,10089.024725717525,17621.235779149996,61.388373333333334,15.935981650752488,0.30752060853763347,37,64,,False,True,,54,87.6246207195492
35,2026-09-18T06:49:05.411+00:00,2026-09-18T06:49:38.023+00:00,2026-09-18T06:49:38.988+00:00,True,16,16.0,,16.0,32611.950399,33577.298495,33577.298588,2098.58116175,0.0,32611.950399,8137.755851683477,8522.80732725,64.35653973333334,122.2717752451918,0.4765124270608775,37,64,,False,True,,86,87.6246207195492
36,2026-09-18T06:49:05.689+00:00,2026-09-18T06:49:39.111+00:00,2026-09-18T06:49:44.471+00:00,True,89,89.0,,89.0,33421.33924,38781.48644,38781.486452000005,435.74703878651684,36.011362999999996,33421.33924,3536.2274394670926,97.0663926,60.91076363636363,14.426559989896486,2.294909457317851,37,64,,False,True,,519,87.6246207195492
37,2026-09-18T06:49:06.117+00:00,2026-09-18T06:49:40.675+00:00,2026-09-18T06:49:44.371+00:00,True,61,61.0,,61.0,34557.833169,38254.307024999995,38254.30695,627.1197860655737,33.295697999999994,34557.833169,4416.8146534449825,101.666672,61.6078976,15.164901372987648,1.5945916876793824,37,64,,False,True,,293,87.6246207195492
38,2026-09-18T06:49:06.443+00:00,2026-09-18T06:49:42.260+00:00,2026-09-18T06:49:47.076+00:00,True,78,78.0,,78.0,35817.56443,40632.976654,40632.976726,520.935599051282,0.0,35817.56443,4048.9885690741157,97.99136060000001,62.53782109090909,65.87930676941365,1.9196230850668312,37,64,,False,True,,343,87.6246207195492
39,2026-09-18T06:49:06.777+00:00,2026-09-18T06:49:43.348+00:00,2026-09-18T06:49:43.416+00:00,True,2,2.0,,2.0,36571.843333,36639.70355699999,36639.703578,18319.851789,67.86024499999999,36571.843333,25812.213981843845,34746.6441786,67.860224,nan,0.054585594473727704,37,64,,False,True,,7,87.6246207195492
40,2026-09-18T06:49:07.121+00:00,2026-09-18T06:49:44.554+00:00,2026-09-18T06:49:47.305+00:00,True,46,46.0,,46.0,37432.991858999994,40183.80529899999,40183.80538399999,873.5609866086955,0.0,37432.991858999994,5510.818895355465,96.40623499999998,61.12918755555555,84.82474867473266,1.1447397691115317,37,64,,False,True,,244,87.6246207195492
41,2026-09-18T06:49:07.523+00:00,2026-09-18T06:49:46.113+00:00,2026-09-18T06:49:50.076+00:00,True,64,64.0,,64.0,38589.88571,42552.73115,42552.731079000005,664.8864231093751,0.016460000000000002,38589.88571,4816.44066827006,90.69617765000001,62.90230857142858,74.54450149975688,1.504016270410413,37,64,,False,True,,271,87.6246207195492
42,2026-09-18T06:49:07.912+00:00,2026-09-18T06:49:47.671+00:00,2026-09-18T06:49:50.352+00:00,True,43,43.0,,43.0,39758.893668,42439.4497,42439.449644,986.9639452093022,0.01911,39758.893668,6054.196704728016,93.3596737,63.82276266666666,96.77802530781874,1.0132082367693849,37,64,,False,True,,192,87.6246207195492
43,2026-09-18T06:49:08.313+00:00,2026-09-18T06:49:49.314+00:00,2026-09-18T06:49:50.135+00:00,True,14,14.0,,14.0,41000.753934,41821.463566,41821.46373,2987.247409285714,37.479290999999996,41000.753934,10941.044839771967,14408.704027499998,63.13151015384615,10.923181775494857,0.33475633816368194,37,64,,False,True,,88,87.6246207195492
44,2026-09-18T06:49:08.713+00:00,2026-09-18T06:49:50.792+00:00,2026-09-18T06:49:51.397+00:00,True,11,11.0,,11.0,42078.826839,42684.116055,42684.115993,3880.374181181818,42.232973,42078.826839,12668.997543402022,21077.642559000004,60.528921600000004,10.664287488529128,0.2577071055149909,37,64,,False,True,,73,87.6246207195492
45,2026-09-18T06:49:09.105+00:00,2026-09-18T06:49:52.535+00:00,2026-09-18T06:49:56.865+00:00,True,70,70.0,,70.0,43429.698722999994,47759.675810999994,47759.675704999994,682.2810814999999,39.367778,43429.698722999994,5183.352477784233,91.01393374999999,62.75329113043478,10.800618840211591,1.465671590339347,37,64,,False,True,,262,87.6246207195492
46,2026-09-18T06:49:09.354+00:00,2026-09-18T06:49:53.478+00:00,2026-09-18T06:49:58.282+00:00,True,78,78.0,,78.0,44123.784956,48928.416252,48928.416183,627.2873869615385,33.997458,44123.784956,4988.985996230687,93.0256736,62.397809038961036,12.844652142919056,1.5941656398251325,37,64,,False,True,,398,87.6246207195492
47,2026-09-18T06:49:09.670+00:00,2026-09-18T06:49:54.832+00:00,2026-09-18T06:49:55.907+00:00,True,18,18.0,,18.0,45162.105785,46236.824760999996,46236.824822,2568.712490111111,35.592344,45162.105785,10629.91863604204,6861.770820749999,63.21876329411764,14.277646897722903,0.3893000891182023,37,64,,False,True,,56,87.6246207195492
48,2026-09-18T06:49:09.979+00:00,2026-09-18T06:49:56.254+00:00,2026-09-18T06:50:02.673+00:00,True,99,99.0,,99.0,46274.974755999996,52694.60150799999,52694.601373,532.2687007373737,0.0,46274.974755999996,4645.813120138636,94.63918700000002,65.50639542857142,122.03883650944873,1.878750330524276,37,64,,False,True,,445,87.6246207195492
49,2026-09-18T06:49:10.350+00:00,2026-09-18T06:49:57.747+00:00,2026-09-18T06:50:03.460+00:00,True,92,92.0,,92.0,47396.259873,53109.531169,53109.531123,577.2775122065218,0.0,47396.259873,4936.619061279985,96.1263564,62.78320105494505,132.65226878640465,1.7322691045275191,37,64,,False,True,,367,87.6246207195492
50,2026-09-18T06:49:10.732+00:00,2026-09-18T06:49:59.264+00:00,2026-09-18T06:50:04.050+00:00,True,79,79.0,,79.0,48531.844983,53318.086775,53318.086813,674.9124913037975,0.0,48531.844983,5455.192108320077,100.7609331,61.36207425641025,142.46459198359,1.481673570422295,37,64,,False,True,,384,87.6246207195492
51,2026-09-18T06:49:11.116+00:00,2026-09-18T06:50:00.833+00:00,2026-09-18T06:50:05.356+00:00,True,75,75.0,,75.0,49716.292873000006,54239.69536900001,54239.69521800001,723.19593624,0.01586,49716.292873000006,5734.735651621585,93.4530235,61.12706075675676,110.53600416233468,1.3827511288506475,37,64,,False,True,,350,87.6246207195492
52,2026-09-18T06:49:11.537+00:00,2026-09-18T06:50:02.949+00:00,2026-09-18T06:50:03.709+00:00,True,13,13.0,,13.0,51411.103672,52171.0942,52171.09433,4013.161102307692,40.393886,51411.103672,14241.313591780083,20619.8544442,63.332544,11.47063074225771,0.24918012932916406,37,64,,False,True,,72,87.6246207195492
53,2026-09-18T06:49:11.969+00:00,2026-09-18T06:50:04.784+00:00,2026-09-18T06:50:06.172+00:00,True,22,22.0,,22.0,52814.983519,54203.276895,54203.276957,2463.7853162272727,48.092681,52814.983519,11246.105958762771,99.57539220000001,66.10920838095238,13.890169611948382,0.4058795198418972,37,64,,False,True,,109,87.6246207195492
54,2026-09-18T06:49:12.226+00:00,2026-09-18T06:50:05.544+00:00,2026-09-18T06:50:07.816+00:00,True,36,36.0,,36.0,53318.049734,55589.802182,55589.802303,1544.1611750833333,39.902966,53318.049734,8875.536644545136,101.34037075,64.9072128,15.348281190946196,0.6476007934357575,37,64,,False,True,,139,87.6246207195492
55,2026-09-18T06:49:12.490+00:00,2026-09-18T06:50:06.611+00:00,2026-09-18T06:50:10.015+00:00,True,54,54.0,,54.0,54121.146226000004,57525.00414600001,57525.004156,1065.2778547407408,0.0,54121.146226000004,7357.013780365226,96.6254652,64.22373433962264,109.41973030538051,0.9387222269979598,37,64,,False,True,,241,87.6246207195492
56,2026-09-18T06:49:12.809+00:00,2026-09-18T06:50:08.001+00:00,2026-09-18T06:50:12.826+00:00,True,79,79.0,,79.0,55192.259104000004,60016.73936000001,60016.73940400001,759.7055620759494,0.0,55192.259104000004,6203.321018049553,91.25297060000001,61.85231097435898,91.46210220173641,1.3162994331653406,37,64,,False,True,,360,87.6246207195492
57,2026-09-18T06:49:13.259+00:00,2026-09-18T06:50:09.902+00:00,2026-09-18T06:50:11.324+00:00,True,29,29.0,,29.0,56642.131255,58064.984119,58064.98423,2002.2408355172413,0.0,56642.131255,10508.777520594509,96.19913700000001,50.81617371428572,27.27422747819892,0.49944041904095915,37,64,,False,True,,130,87.6246207195492
58,2026-09-18T06:49:13.689+00:00,2026-09-18T06:50:11.143+00:00,2026-09-18T06:50:15.691+00:00,True,76,76.0,,76.0,57453.941453,62002.211533,62002.211443,815.8185716184211,36.846152000000004,57453.941453,6583.469855207858,70.79876949999999,60.64360106666667,9.721621036162972,1.2257627287947597,37,64,,False,True,,400,87.6246207195492
59,2026-09-18T06:49:14.014+00:00,2026-09-18T06:50:12.435+00:00,2026-09-18T06:50:18.205+00:00,True,94,94.0,,94.0,58421.597793,64191.238753,64191.238819,682.8855193510639,0.01582,58421.597793,6020.034865591051,94.12013965,62.039150107526886,92.6936815373211,1.4643742950918965,37,64,,False,True,,362,87.6246207195492
60,2026-09-18T06:49:14.423+00:00,2026-09-18T06:50:14.014+00:00,2026-09-18T06:50:14.583+00:00,True,10,10.0,,10.0,59590.849052,60159.721244,60159.721052,6015.9721051999995,47.429092,59590.849052,18824.2965294897,32816.711660149995,63.208021333333335,12.319584864070704,0.166224174467852,37,64,,False,True,,44,87.6246207195492
61,2026-09-18T06:49:14.792+00:00,2026-09-18T06:50:15.507+00:00,2026-09-18T06:50:18.725+00:00,True,52,52.0,,52.0,60715.323762,63933.082738,63933.082836,1229.4823622307692,0.016059999999999998,60715.323762,8411.798509998674,124.81304664999999,63.09331325490196,120.59034875800991,0.8133504247417228,37,64,,False,True,,220,87.6246207195492
62,2026-09-18T06:49:15.194+00:00,2026-09-18T06:50:17.290+00:00,2026-09-18T06:50:19.085+00:00,True,33,33.0,,33.0,62096.41379,63890.870878,63890.871079,1936.0870023939394,0.020730000000000002,62096.41379,10799.87476182264,111.64642780000003,56.076784,29.230996100803655,0.516505715863753,37,64,,False,True,,126,87.6246207195492
63,2026-09-18T06:49:15.603+00:00,2026-09-18T06:50:18.724+00:00,2026-09-18T06:50:20.214+00:00,True,15,15.0,,15.0,63121.059665,64611.851857,64611.852005,4307.456800333333,0.0,63121.059665,16271.976423343065,19597.589040100003,106.48515657142856,242.87933962187805,0.23215554993220505,37,64,,False,True,,86,87.6246207195492
64,2026-09-18T06:49:15.954+00:00,2026-09-18T06:50:20.209+00:00,2026-09-18T06:50:23.036+00:00,True,46,46.0,,46.0,64254.839787,67081.837035,67081.836882,1458.3008017826087,0.0,64254.839787,9464.610327799986,94.07690375,62.82216106666667,16.2732168225642,0.68572958095944,37,64,,False,True,,202,87.6246207195492
65,2026-09-18T06:49:16.254+00:00,2026-09-18T06:50:21.108+00:00,2026-09-18T06:50:27.440+00:00,True,100,100.0,,100.0,64853.823697,71185.786833,71185.786846,711.85786846,35.018465,64853.823697,6478.998553085604,93.06041145,63.9592235959596,12.588352839692106,1.404774807569345,37,64,,False,True,,509,87.6246207195492
66,2026-09-18T06:49:16.705+00:00,2026-09-18T06:50:22.718+00:00,2026-09-18T06:50:25.134+00:00,True,40,40.0,,40.0,66013.329504,68429.367136,68429.367057,1710.7341764249998,34.160837,66013.329504,10427.833821264043,85.45657725,61.94968287179487,10.414939436204675,0.5845443509729086,37,64,,False,True,,193,87.6246207195492
67,2026-09-18T06:49:17.040+00:00,2026-09-18T06:50:24.220+00:00,2026-09-18T06:50:24.578+00:00,True,7,7.0,,7.0,67179.94562700001,67537.329563,67537.329647,9648.18994957143,41.729682999999994,67179.94562700001,25369.12139360476,47047.394199300004,59.56398933333334,10.248499743314369,0.10364638408556379,37,64,,False,True,,22,87.6246207195492
68,2026-09-18T06:49:17.435+00:00,2026-09-18T06:50:25.705+00:00,2026-09-18T06:50:27.375+00:00,True,27,27.0,,27.0,68270.018961,69939.51451299999,69939.51439099999,2590.3523848518516,36.557223,68270.018961,13126.223696880461,98.87964529999999,64.21136738461539,16.444402619246834,0.3860478613271097,37,64,,False,True,,144,87.6246207195492
69,2026-09-18T06:49:17.691+00:00,2026-09-18T06:50:26.484+00:00,2026-09-18T06:50:28.240+00:00,True,29,29.0,,29.0,68792.75201000001,70548.48013800001,70548.480131,2432.7062114137934,37.614221,68792.75201000001,12762.856322401016,94.4965774,62.704576,13.535530558219863,0.4110648442499831,37,64,,False,True,,122,87.6246207195492
70,2026-09-18T06:49:18.013+00:00,2026-09-18T06:50:27.625+00:00,2026-09-18T06:50:30.042+00:00,True,41,41.0,,41.0,69611.995933,72028.847901,72028.84789399999,1756.8011681463415,32.58023,69611.995933,10862.13760401642,89.225605,60.4212992,12.078944016497118,0.5692163791978516,37,64,,False,True,,185,87.6246207195492
71,2026-09-18T06:49:18.350+00:00,2026-09-18T06:50:29.004+00:00,2026-09-18T06:50:29.650+00:00,True,12,12.0,,12.0,70653.567266,71299.68285,71299.682714,5941.640226166666,33.924977,70653.567266,20378.974761144542,31832.1898833,58.73778036363637,11.311952492159568,0.16830369393431321,37,64,,False,True,,74,87.6246207195492
72,2026-09-18T06:49:18.637+00:00,2026-09-18T06:50:30.103+00:00,2026-09-18T06:50:32.242+00:00,True,21,21.0,,21.0,71466.023131,73604.963291,73604.963225,3504.9982488095234,0.0,71466.023131,15573.368226201745,1057.605849,106.947008,224.7817722820575,0.28530684699856057,37,64,,False,True,,88,87.6246207195492
73,2026-09-18T06:49:18.937+00:00,2026-09-18T06:50:32.236+00:00,2026-09-18T06:50:36.891+00:00,True,90,90.0,,90.0,73299.386132,77954.424852,77954.424774,866.1602752666666,0.0,73299.386132,7721.653292741178,88.51047429999998,52.303805842696626,106.98737569964881,1.154520736582549,37,64,,False,True,,405,87.6246207195492
74,2026-09-18T06:49:19.235+00:00,2026-09-18T06:50:32.469+00:00,2026-09-18T06:50:34.880+00:00,True,36,36.0,,36.0,73234.155127,75644.870519,75644.87048900001,2101.246402472222,0.01569,73234.155127,12195.536092397571,341.44574524999996,68.87758262857143,182.2660401656383,0.4759080127046783,37,64,,False,True,,51,87.6246207195492
75,2026-09-18T06:49:19.543+00:00,2026-09-18T06:50:33.517+00:00,2026-09-18T06:50:38.949+00:00,True,89,89.0,,89.0,73974.261676,79405.94526,79405.94514499999,892.2016308426965,0.01592,73974.261676,7835.487647277035,89.6277746,61.72367709090909,110.7823113657664,1.1208228767831685,37,64,,False,True,,177,87.6246207195492
76,2026-09-18T06:49:19.939+00:00,2026-09-18T06:50:34.906+00:00,2026-09-18T06:50:40.704+00:00,True,96,96.0,,96.0,74966.78442,80764.437668,80764.437727,841.2962263229166,0.068289,74966.78442,7645.055873711714,90.98905649999999,61.027928926315795,17.1868007706469,1.1886419663395558,37,64,,False,True,,483,87.6246207195492
77,2026-09-18T06:49:20.267+00:00,2026-09-18T06:50:36.131+00:00,2026-09-18T06:50:38.882+00:00,True,46,46.0,,46.0,75864.02190899999,78614.39886899998,78614.39894599999,1709.0086727391301,35.988924,75864.02190899999,11176.533320827954,85.07627825,61.119488,10.804022651728399,0.5851345384787924,37,64,,False,True,,231,87.6246207195492
78,2026-09-18T06:49:20.612+00:00,2026-09-18T06:50:37.798+00:00,2026-09-18T06:50:38.763+00:00,True,16,16.0,,16.0,77185.363486,78150.577694,78150.57769600001,4884.4111060000005,44.339728,77185.363486,19280.257314727332,19369.518634,64.34761386666666,11.758782958946716,0.20473297155458386,37,64,,False,True,,86,87.6246207195492
79,2026-09-18T06:49:20.956+00:00,2026-09-18T06:50:38.887+00:00,2026-09-18T06:50:43.441+00:00,True,72,72.0,,72.0,77930.675626,82484.363178,82484.36317099999,1145.6161551527778,37.51158,77930.675626,9176.671025243644,99.22340025,64.1364443943662,14.553668910732746,0.8728927184007604,37,64,,False,True,,365,87.6246207195492
80,2026-09-18T06:49:21.618+00:00,2026-09-18T06:50:41.046+00:00,2026-09-18T06:50:43.504+00:00,True,40,40.0,,40.0,79428.76398100001,81885.88884500001,81885.888904,2047.1472226000003,36.921222,79428.76398100001,12548.835253027331,94.4292435,63.00320164102564,13.07653949756474,0.4884846530238576,37,64,,False,True,,190,87.6246207195492
81,2026-09-18T06:49:21.790+00:00,2026-09-18T06:50:42.155+00:00,2026-09-18T06:50:47.622+00:00,True,89,89.0,,89.0,80364.583571,85831.87009899999,85831.870073,964.4030345280898,0.0,80364.583571,8512.925655318739,88.52210019999998,62.128256,123.27120178224524,1.0369108805079725,37,64,,False,True,,437,87.6246207195492
82,2026-09-18T06:49:22.235+00:00,2026-09-18T06:50:43.747+00:00,2026-09-18T06:50:45.748+00:00,True,22,22.0,,22.0,81511.50970200001,83513.05491800001,83513.054948,3796.047952181819,0.0,81511.50970200001,17359.708102734534,1124.62523705,95.31167695238095,250.1350146743665,0.2634318672883109,37,64,,False,True,,98,87.6246207195492
83,2026-09-18T06:49:22.544+00:00,2026-09-18T06:50:45.753+00:00,2026-09-18T06:50:48.510+00:00,True,61,61.0,,61.0,83208.883122,85965.941426,85965.94132,1409.277726557377,0.0,83208.883122,10647.956916712152,76.40600900000001,45.95097173333333,27.35716118202034,0.7095833418227516,37,64,,False,True,,259,87.6246207195492
84,2026-09-18T06:49:22.934+00:00,2026-09-18T06:50:46.419+00:00,2026-09-18T06:50:47.391+00:00,True,17,17.0,,17.0,83485.358464,84457.69612800001,84457.696125,4968.099772058824,38.275399,83485.358464,20233.43590870085,16753.056421600002,60.771104,7.965346301652561,0.20128420238027356,37,64,,False,True,,66,87.6246207195492
85,2026-09-18T06:49:23.284+00:00,2026-09-18T06:50:47.619+00:00,2026-09-18T06:50:50.984+00:00,True,56,56.0,,56.0,84335.297924,87700.003972,87700.004007,1566.071500125,34.560206,84335.297924,11261.60822547165,81.44933424999999,61.1764736,10.758620030570645,0.6385404499853743,37,64,,False,True,,220,87.6246207195492
86,2026-09-18T06:49:23.578+00:00,2026-09-18T06:50:48.697+00:00,2026-09-18T06:50:54.904+00:00,True,100,100.0,,100.0,85118.301907,91325.117907,91325.117971,913.25117971,33.631877,85118.301907,8505.567556678197,91.07624249999999,62.69511111111111,10.871152822899486,1.0949890051259936,37,64,,False,True,,480,87.6246207195492
87,2026-09-18T06:49:23.926+00:00,2026-09-18T06:50:49.962+00:00,2026-09-18T06:50:53.889+00:00,True,65,65.0,,65.0,86036.77429999999,89963.69602799999,89963.696042,1384.0568621846153,33.768267,86036.77429999999,10663.94171297052,71.75503119999999,61.358152,9.061635561477697,0.7225136679552342,37,64,,False,True,,200,87.6246207195492
88,2026-09-18T06:49:24.266+00:00,2026-09-18T06:50:51.256+00:00,2026-09-18T06:50:51.256+00:00,True,1,1.0,,1.0,86990.763137,86990.763137,86990.763137,86990.763137,86990.763137,86990.763137,nan,86990.763137,nan,nan,0.011495473357615223,37,64,,False,True,,1,87.6246207195492
89,2026-09-18T06:49:24.712+00:00,2026-09-18T06:50:52.880+00:00,2026-09-18T06:50:57.262+00:00,True,70,70.0,,70.0,88167.722092,92549.21406,92549.214224,1322.1316317714286,36.770372,88167.722092,10530.474192525506,92.10099754999999,63.4998835942029,10.835741060196497,0.756354343048432,37,64,,False,True,,341,87.6246207195492
90,2026-09-18T06:49:25.040+00:00,2026-09-18T06:50:54.104+00:00,2026-09-18T06:50:57.324+00:00,True,52,52.0,,52.0,89063.871117,92283.901069,92283.901188,1774.6904074615386,34.382726000000005,89063.871117,12342.187254228316,93.38370660000001,63.13784219607844,12.495807986516779,0.5634785634075004,37,64,,False,True,,225,87.6246207195492
91,2026-09-18T06:49:25.420+00:00,2026-09-18T06:50:55.307+00:00,2026-09-18T06:51:00.511+00:00,True,85,85.0,,85.0,89887.108246,95090.271382,95090.271307,1118.7090742,38.321649,89887.108246,9742.910623259007,68.9821602,61.94241828571428,8.248183969481435,0.8938874478392745,37,64,,False,True,,403,87.6246207195492
92,2026-09-18T06:49:25.697+00:00,2026-09-18T06:50:56.557+00:00,2026-09-18T06:50:57.448+00:00,True,15,15.0,,15.0,90860.092797,91750.956669,91750.956628,6116.730441866667,41.841662,90860.092797,23443.546853453237,27320.026312,63.63313371428572,9.466266727947284,0.16348603376544482,37,64,,False,True,,54,87.6246207195492
93,2026-09-18T06:49:25.975+00:00,2026-09-18T06:50:57.570+00:00,2026-09-18T06:51:01.464+00:00,True,64,64.0,,64.0,91594.93604,95488.974056,95488.973933,1492.015217703125,39.967686,91594.93604,11441.644125055309,74.82204035,61.81012723809524,8.872761399886105,0.6702344499215885,37,64,,False,True,,278,87.6246207195492
94,2026-09-18T06:49:26.433+00:00,2026-09-18T06:50:59.058+00:00,2026-09-18T06:51:02.837+00:00,True,62,62.0,,62.0,92625.093827,96403.504323,96403.504394,1554.8952321612903,37.718790999999996,92625.093827,11755.536089958572,70.14934505000001,61.94115567213115,9.711035915309559,0.6431301479691958,37,64,,True,True,,280,87.6246207195492
95,2026-09-18T06:49:26.717+00:00,2026-09-18T06:51:00.097+00:00,2026-09-18T06:51:02.259+00:00,True,36,36.0,,36.0,93379.59175200001,95542.04372,95542.04368,2653.945657777778,40.458864999999996,93379.59175200001,15552.970239407045,76.037572,61.78434194285715,8.651592655760544,0.3767974663123524,37,64,,True,True,,163,87.6246207195492
96,2026-09-18T06:49:27.042+00:00,2026-09-18T06:51:01.526+00:00,2026-09-18T06:51:05.605+00:00,True,67,67.0,,67.0,94484.35914,98563.30442,98563.304521,1471.0940973283582,40.695025,94484.35914,11535.553436694612,67.780454,61.80220121212121,7.048824084183119,0.6797661705262864,37,64,,True,True,,322,87.6246207195492
97,2026-09-18T06:49:27.428+00:00,2026-09-18T06:51:03.137+00:00,2026-09-18T06:51:09.113+00:00,True,97,97.0,,97.0,95709.006966,101684.868982,101684.869177,1048.2976203814433,37.101771,95709.006966,9711.462154420236,88.53209379999998,62.248562666666665,10.121391655558595,0.9539275702579771,37,64,,True,True,,446,87.6246207195492
98,2026-09-18T06:49:27.751+00:00,2026-09-18T06:51:04.169+00:00,2026-09-18T06:51:06.902+00:00,True,45,45.0,,45.0,96418.192626,99150.40433800001,99150.40448900001,2203.342321977778,38.436489,96418.192626,14363.923342063277,94.21476340000001,62.09572072727273,11.493882039657057,0.453855940381208,37,64,,True,True,,227,87.6246207195492
99,2026-09-18T06:49:27.998+00:00,2026-09-18T06:51:05.234+00:00,2026-09-18T06:51:08.315+00:00,True,50,50.0,,50.0,97235.813596,100317.34498800001,100317.344933,2006.34689866,35.972902999999995,97235.813596,13742.332556102267,95.08766940000001,62.88839575510204,12.62907887123608,0.4984182945230559,37,64,,True,True,,263,87.6246207195492
100,2026-09-18T06:49:28.246+00:00,2026-09-18T06:51:06.223+00:00,2026-09-18T06:51:11.150+00:00,True,80,80.0,,80.0,97976.222187,102903.44241100001,102903.44242800001,1286.29303035,36.488521999999996,97976.222187,10947.108159726253,92.55619994999999,62.36987625316456,12.165746570255987,0.7774278306499908,37,64,,True,True,,323,87.6246207195492
101,2026-09-18T06:49:28.540+00:00,2026-09-18T06:51:07.153+00:00,2026-09-18T06:51:07.340+00:00,True,4,4.0,,4.0,98612.6297,98800.37242,98800.372333,24700.09308325,57.204394,98612.6297,49275.02456100532,83830.62844520001,62.580906666666664,4.706304364374804,0.0404856773514579,37,64,,True,True,,15,87.6246207195492
102,2026-09-18T06:49:28.799+00:00,2026-09-18T06:51:08.376+00:00,2026-09-18T06:51:10.043+00:00,True,28,28.0,,28.0,99577.90310699999,101244.86707499999,101244.867072,3615.8881097142853,40.124366,99577.90310699999,18806.79019608479,90.41514275,61.73940622222222,10.845826100256197,0.276557230098966,37,64,,True,True,,166,87.6246207195492
103,2026-09-18T06:49:29.120+00:00,2026-09-18T06:51:09.795+00:00,2026-09-18T06:51:10.724+00:00,True,16,16.0,,16.0,100675.372338,101604.027954,101604.027959,6350.2517474375,41.052614,100675.372338,25153.36635259933,25220.11449,61.9103744,6.815430716563751,0.15747407186695203,37,64,,True,True,,61,87.6246207195492
104,2026-09-18T06:49:29.463+00:00,2026-09-18T06:51:11.153+00:00,2026-09-18T06:51:15.393+00:00,True,68,68.0,,68.0,101690.12387299999,105929.74012899998,105929.740157,1557.7902964264704,38.705828000000004,101690.12387299999,12324.068520566125,84.6345448,63.277854567164184,8.963287319387174,0.6419349270298446,37,64,,True,True,,429,87.6246207195492
105,2026-09-18T06:49:29.727+00:00,2026-09-18T06:51:12.084+00:00,2026-09-18T06:51:13.020+00:00,True,16,16.0,,16.0,102357.647919,103293.174831,103293.174688,6455.823418,39.584756,102357.647919,25573.82392841298,25658.891664,62.368460799999994,14.918918905564185,0.15489890814352367,37,64,,True,True,,62,87.6246207195492
106,2026-09-18T06:49:30.019+00:00,2026-09-18T06:51:13.144+00:00,2026-09-18T06:51:15.708+00:00,True,42,42.0,,42.0,103124.646162,105688.79413000001,105688.794037,2516.3998580238094,56.395696,103124.646162,15902.828469232874,68.06317605000001,62.54019434146342,2.9332954185763116,0.3973931233271419,37,64,,True,True,,182,87.6246207195492
107,2026-09-18T06:49:30.269+00:00,2026-09-18T06:51:13.956+00:00,2026-09-18T06:51:18.169+00:00,True,66,66.0,,66.0,103687.21536300001,107899.89555500001,107899.89546700001,1634.8469010151516,42.75825,103687.21536300001,12755.03953591024,90.997774,64.81046449230769,9.130858828041083,0.6116780712392599,37,64,,True,True,,309,87.6246207195492
108,2026-09-18T06:49:30.528+00:00,2026-09-18T06:51:14.763+00:00,2026-09-18T06:51:18.546+00:00,True,59,59.0,,59.0,104235.051561,108017.829417,108017.82935,1830.8106669491526,37.500980000000006,104235.051561,13561.760789235095,94.99671389999999,65.22030786206896,10.376439839003133,0.5462061246595878,37,64,,True,True,,265,87.6246207195492
109,2026-09-18T06:49:30.921+00:00,2026-09-18T06:51:16.390+00:00,2026-09-18T06:51:16.390+00:00,True,1,1.0,,1.0,105468.359441,105468.359441,105468.359441,105468.359441,105468.359441,105468.359441,nan,105468.359441,nan,nan,0.009481516592276279,37,64,,True,True,,4,87.6246207195492
110,2026-09-18T06:49:31.183+00:00,2026-09-18T06:51:17.479+00:00,2026-09-18T06:51:23.808+00:00,True,100,100.0,,100.0,106295.688773,112625.250373,112625.250289,1126.25250289,35.447474,106295.688773,10623.182323079503,93.77691395,63.93496565656566,12.206674217171214,0.8879003568810118,37,64,,True,True,,543,87.6246207195492
111,2026-09-18T06:49:31.521+00:00,2026-09-18T06:51:18.708+00:00,2026-09-18T06:51:20.737+00:00,True,32,32.0,,32.0,107187.08583499999,109216.679691,109216.67982899999,3413.0212446562496,40.701124,107187.08583499999,18936.608686229265,95.67520839999999,65.4707695483871,11.838118132625581,0.29299553960563185,37,64,,True,True,,121,87.6246207195492
112,2026-09-18T06:49:31.863+00:00,2026-09-18T06:51:19.858+00:00,2026-09-18T06:51:23.050+00:00,True,52,52.0,,52.0,107994.696923,111186.62473099999,111186.624566,2138.204318576923,35.744214,107994.696923,14967.495028735186,93.3849048,62.58681976470588,11.544625691866882,0.46768215264926427,37,64,,True,True,,283,87.6246207195492
113,2026-09-18T06:49:32.197+00:00,2026-09-18T06:51:21.365+00:00,2026-09-18T06:51:22.990+00:00,True,26,26.0,,26.0,109167.674035,110792.943795,110792.94375800001,4261.267067615385,36.450212,109167.674035,21396.795609471006,93.66615949999999,65.0107904,11.487573098875846,0.2346719845995586,37,64,,True,True,,51,87.6246207195492
114,2026-09-18T06:49:32.600+00:00,2026-09-18T06:51:22.865+00:00,2026-09-18T06:51:23.383+00:00,True,10,10.0,,10.0,110264.248978,110782.88757,110782.887589,11078.2887589,38.539849000000004,110264.248978,34850.395733162586,60676.8851284,57.62651022222222,11.58158154545589,0.09026664875187818,37,64,,True,True,,39,87.6246207195492
115,2026-09-18T06:49:32.920+00:00,2026-09-18T06:51:24.142+00:00,2026-09-18T06:51:28.508+00:00,True,70,70.0,,70.0,111222.333599,115588.04419100001,115588.04406,1651.2577722857143,35.892723,111222.333599,13286.053689330056,93.02892335,63.271168,11.050162679831152,0.6055989656190617,37,64,,True,True,,302,87.6246207195492
116,2026-09-18T06:49:33.215+00:00,2026-09-18T06:51:25.368+00:00,2026-09-18T06:51:31.477+00:00,True,99,99.0,,99.0,112152.980349,118262.29209300001,118262.292143,1194.5686075050505,38.373399,112152.980349,11265.53953932311,93.074406,62.33991575510204,11.97742417873418,0.8371222834252833,37,64,,True,True,,416,87.6246207195492
117,2026-09-18T06:49:33.472+00:00,2026-09-18T06:51:26.436+00:00,2026-09-18T06:51:28.097+00:00,True,27,27.0,,27.0,112964.14898,114624.982516,114624.982716,4245.369730222222,38.251329,112964.14898,21727.671689663166,94.6509658,63.87821292307692,14.183738463719791,0.23555074476221785,37,64,,True,True,,87,87.6246207195492
118,2026-09-18T06:49:33.914+00:00,2026-09-18T06:51:28.378+00:00,2026-09-18T06:51:30.749+00:00,True,41,41.0,,41.0,114463.66743799999,116834.56279799998,116834.56296,2849.623486829268,34.851456,114463.66743799999,17866.968072156138,78.271845,59.272384,11.031815668183077,0.3509235539391418,37,64,,True,True,,200,87.6246207195492
119,2026-09-18T06:49:34.192+00:00,2026-09-18T06:51:29.363+00:00,2026-09-18T06:51:35.335+00:00,True,96,96.0,,96.0,115171.59548,121142.747096,121142.747089,1261.9036155104168,37.171881,115171.59548,11748.244213591208,93.44906449999999,62.85422753684211,13.349919066316977,0.7924535500579697,37,64,,True,True,,382,87.6246207195492
120,2026-09-18T06:49:34.595+00:00,2026-09-18T06:51:31.222+00:00,2026-09-18T06:51:31.795+00:00,True,10,10.0,,10.0,116626.95943999999,117200.329552,117200.32971899999,11720.032971899998,57.977432,116626.95943999999,36860.53678762304,64175.646465800004,63.70779022222222,3.2149402123704327,0.0853239921613288,37,64,,True,True,,38,87.6246207195492
121,2026-09-18T06:49:35.203+00:00,2026-09-18T06:51:31.976+00:00,2026-09-18T06:51:38.174+00:00,True,98,98.0,,98.0,116773.41109000001,122971.39816200001,122971.39808000001,1254.810184489796,35.992774,116773.41109000001,11789.449349486356,95.54140734999999,63.89677393814433,13.860269707881507,0.7969332825743495,37,64,,True,True,,387,87.6246207195492
122,2026-09-18T06:49:35.278+00:00,2026-09-18T06:51:33.978+00:00,2026-09-18T06:51:36.213+00:00,True,37,37.0,,37.0,118699.349705,120934.395337,120934.39528900001,3268.497169972973,38.787178999999995,118699.349705,19503.850383414065,93.2432632,62.084600888888886,12.893462320567508,0.3059510067164475,37,64,,True,True,,151,87.6246207195492
123,2026-09-18T06:49:35.728+00:00,2026-09-18T06:51:36.085+00:00,2026-09-18T06:51:40.686+00:00,True,75,75.0,,75.0,120357.037345,124957.585697,124957.58574200001,1666.1011432266666,38.619558,120357.037345,13890.458291241868,93.1047827,62.16957232432433,9.832751366598727,0.600203657758415,37,64,,True,True,,381,87.6246207195492
124,2026-09-18T06:49:36.165+00:00,2026-09-18T06:51:37.670+00:00,2026-09-18T06:51:40.623+00:00,True,48,48.0,,48.0,121504.803958,124458.477942,124458.477832,2592.8849548333333,39.108208,121504.803958,17528.640531213652,94.76117529999999,62.84412731914894,11.166447812593843,0.38567079393634324,37,64,,True,True,,206,87.6246207195492
125,2026-09-18T06:49:36.570+00:00,2026-09-18T06:51:39.531+00:00,2026-09-18T06:51:42.816+00:00,True,55,55.0,,55.0,122960.889352,126245.29588,126245.296053,2295.3690191454543,38.488699000000004,122960.889352,16571.84421309714,73.6567305,60.82234311111111,9.295434005940317,0.4356597971957638,37,64,,True,True,,236,87.6246207195492
126,2026-09-18T06:49:36.874+00:00,2026-09-18T06:51:40.745+00:00,2026-09-18T06:51:46.778+00:00,True,100,100.0,,100.0,123871.017035,129904.008011,129904.00805199999,1299.04008052,35.257175000000004,123871.017035,12381.01138586703,69.5497107,60.93930278787879,9.506327358463682,0.7697991888867063,37,64,,True,True,,372,87.6246207195492
127,2026-09-18T06:49:37.170+00:00,2026-09-18T06:51:41.732+00:00,2026-09-18T06:51:43.643+00:00,True,31,31.0,,31.0,124561.82070499999,126472.55811299999,126472.558079,4079.7599380322577,39.824166,124561.82070499999,22360.5262127306,90.4139525,63.69124693333333,9.784588503202409,0.24511246125267977,37,64,,True,True,,120,87.6246207195492
128,2026-09-18T06:49:37.594+00:00,2026-09-18T06:51:43.509+00:00,2026-09-18T06:51:47.960+00:00,True,75,75.0,,75.0,125915.016359,130366.274983,130366.275026,1738.2170003466667,32.881489,125915.016359,14532.471028226262,70.409788,60.15214356756756,9.528509553111851,0.5753021631536235,37,64,,True,True,,249,87.6246207195492
129,2026-09-18T06:49:37.989+00:00,2026-09-18T06:51:44.924+00:00,2026-09-18T06:51:46.719+00:00,True,31,31.0,,31.0,126934.916774,128729.86743,128729.867658,4152.576376064516,38.011399,126934.916774,22787.440475033232,81.62385849999998,59.831688533333335,10.85652526311367,0.2408143550435722,37,64,,True,True,,132,87.6246207195492
130,2026-09-18T06:49:38.361+00:00,2026-09-18T06:51:46.057+00:00,2026-09-18T06:51:47.238+00:00,True,21,21.0,,21.0,127695.68806,128876.500092,128876.500178,6136.976198952381,37.099900999999996,127695.68806,27852.602924520703,93.189856,59.0406016,13.26381975108499,0.1629466969153329,37,64,,True,True,,91,87.6246207195492
131,2026-09-18T06:49:38.716+00:00,2026-09-18T06:51:47.668+00:00,2026-09-18T06:51:49.321+00:00,True,28,28.0,,28.0,128951.419032,130605.23612,130605.236099,4664.472717821429,37.853508999999995,128951.419032,24357.95320873212,73.02259115000001,61.25248474074074,8.01876593721787,0.21438650418482166,37,64,,True,True,,125,87.6246207195492
132,2026-09-18T06:49:39.053+00:00,2026-09-18T06:51:48.655+00:00,2026-09-18T06:51:49.444+00:00,True,14,14.0,,14.0,129602.293682,130391.12389,130391.12395200001,9313.651710857142,43.772078,129602.293682,34621.4532680824,45406.6185379,60.679246769230765,6.221771091620217,0.10736927163700669,37,64,,True,True,,52,87.6246207195492
133,2026-09-18T06:49:39.511+00:00,2026-09-18T06:51:50.306+00:00,2026-09-18T06:51:55.296+00:00,True,80,80.0,,80.0,130795.29170999999,135785.131582,135785.131509,1697.3141438624998,36.387072999999994,130795.29170999999,14616.30033806601,89.68666875,63.16253002531646,10.81906214484691,0.5891661264229684,37,64,,True,True,,428,87.6246207195492
134,2026-09-18T06:49:39.966+00:00,2026-09-18T06:51:51.830+00:00,2026-09-18T06:51:52.625+00:00,True,13,13.0,,13.0,131864.382778,132659.835706,132659.835625,10204.602740384615,52.085943,131864.382778,36554.21576154032,52801.3134394,66.287744,9.663714039916085,0.09799499547708265,37,64,,True,True,,49,87.6246207195492
135,2026-09-18T06:49:40.280+00:00,2026-09-18T06:51:53.001+00:00,2026-09-18T06:51:58.611+00:00,True,94,94.0,,94.0,132721.009775,138330.856303,138330.85624800003,1471.604853702128,37.47014,132721.009775,13682.909557870247,72.32671425000001,60.32093040860215,10.850620947446924,0.6795302401230158,37,64,,True,True,,465,87.6246207195492
136,2026-09-18T06:49:40.709+00:00,2026-09-18T06:51:54.904+00:00,2026-09-18T06:51:58.198+00:00,True,56,56.0,,56.0,134195.499539,137489.276947,137489.277089,2455.1656623035715,36.435061999999995,134195.499539,17924.628359895385,76.76362424999999,59.88686196363636,10.717527200219878,0.4073044912556136,37,64,,True,True,,180,87.6246207195492
137,2026-09-18T06:49:40.973+00:00,2026-09-18T06:51:55.845+00:00,2026-09-18T06:52:00.484+00:00,True,78,78.0,,78.0,134872.125322,139510.652298,139510.65229600001,1788.5981063589745,35.530283000000004,134872.125322,15264.443179958349,68.4742367,60.24061007792208,9.762134722343331,0.5590970919796796,37,64,,True,True,,372,87.6246207195492
138,2026-09-18T06:49:41.294+00:00,2026-09-18T06:51:57.198+00:00,2026-09-18T06:52:00.482+00:00,True,55,55.0,,55.0,135903.904853,139187.968597,139187.968711,2530.6903402,37.177131,135903.904853,18317.080137466648,69.339069,60.81599525925926,8.134652438577303,0.39514909625015854,37,64,,True,True,,213,87.6246207195492
139,2026-09-18T06:49:41.582+00:00,2026-09-18T06:51:58.312+00:00,2026-09-18T06:51:58.675+00:00,True,7,7.0,,7.0,136730.049107,137093.696339,137093.696329,19584.813761285714,55.096647,136730.049107,51656.19346087701,95730.6545963,60.607872,3.97413662457445,0.051059969837640606,37,64,,True,True,,46,87.6246207195492
140,2026-09-18T06:49:41.950+00:00,2026-09-18T06:51:59.663+00:00,2026-09-18T06:52:01.926+00:00,True,37,37.0,,37.0,137713.088928,139975.65635200002,139975.65643,3783.12584945946,40.551015,137713.088928,22629.56217417386,94.34013480000002,62.84909511111111,9.98959004606934,0.2643316771235939,37,64,,True,True,,178,87.6246207195492
141,2026-09-18T06:49:42.216+00:00,2026-09-18T06:52:00.610+00:00,2026-09-18T06:52:03.829+00:00,True,53,53.0,,53.0,138394.222873,141613.790745,141613.790863,2671.9583181698113,36.677811999999996,138394.222873,19001.40709660309,91.34761759999999,61.914766769230766,11.21001132047555,0.3742573355404038,37,64,,True,True,,262,87.6246207195492
142,2026-09-18T06:49:42.592+00:00,2026-09-18T06:52:01.927+00:00,2026-09-18T06:52:06.665+00:00,True,77,77.0,,77.0,139334.95196200002,144072.44495400004,144072.44483300002,1871.0707121168834,35.270364,139334.95196200002,15871.591751774273,89.98315499999998,62.33543410526316,11.465808248133582,0.5344533441116018,37,64,,True,True,,397,87.6246207195492
143,2026-09-18T06:49:43.044+00:00,2026-09-18T06:52:03.706+00:00,2026-09-18T06:52:08.756+00:00,True,81,81.0,,81.0,140662.39865000002,145712.24901800003,145712.24911900001,1798.9166557901237,39.664536999999996,140662.39865000002,15622.145074338518,90.91711,63.1231296,10.295301659118184,0.5558901227994495,37,64,,True,True,,381,87.6246207195492
144,2026-09-18T06:49:43.433+00:00,2026-09-18T06:52:05.005+00:00,2026-09-18T06:52:07.460+00:00,True,40,40.0,,40.0,141571.626559,144026.621247,144026.62123299998,3600.665530825,38.906557,141571.626559,22374.490534054916,95.40076375000001,62.94858174358974,13.51927201762673,0.27772643455546714,37,64,,True,True,,172,87.6246207195492
145,2026-09-18T06:49:43.887+00:00,2026-09-18T06:52:06.911+00:00,2026-09-18T06:52:09.379+00:00,True,40,40.0,,40.0,143024.533182,145492.073918,145492.073864,3637.3018466000003,39.619906,143024.533182,22604.162998500702,93.5560198,63.27027528205128,10.984058991958229,0.2749290660503209,37,64,,True,True,,177,87.6246207195492
146,2026-09-18T06:49:44.335+00:00,2026-09-18T06:52:08.754+00:00,2026-09-18T06:52:13.675+00:00,True,80,80.0,,80.0,144419.178575,149339.994959,149339.995024,1866.7499378,34.893155,144419.178575,16139.594176874773,89.07373584999999,62.288814987341766,10.30910991541322,0.5356903890479126,37,64,,True,True,,303,87.6246207195492
147,2026-09-18T06:49:44.628+00:00,2026-09-18T06:52:09.959+00:00,2026-09-18T06:52:12.418+00:00,True,41,41.0,,41.0,145331.32524900002,147790.51296100003,147790.51310600003,3604.6466611219516,36.333012000000004,145331.32524900002,22687.339686465017,69.073292,61.479692799999995,8.122194992832718,0.2774197015664961,37,64,,True,True,,168,87.6246207195492
148,2026-09-18T06:49:45.072+00:00,2026-09-18T06:52:11.668+00:00,2026-09-18T06:52:11.668+00:00,True,1,1.0,,1.0,146596.099583,146596.099583,146596.099583,146596.099583,146596.099583,146596.099583,nan,146596.099583,nan,nan,0.006821463891908109,37,64,,True,True,,2,87.6246207195492
149,2026-09-18T06:49:45.433+00:00,2026-09-18T06:52:12.970+00:00,2026-09-18T06:52:13.328+00:00,True,6,6.0,,6.0,147537.30708199998,147894.84282599998,147894.84260499998,24649.140434166664,59.904258,147537.30708199998,60202.661757996895,110675.77829399999,71.5071488,12.361753600238567,0.040569365945092965,37,64,,True,True,,31,87.6246207195492
150,2026-09-18T06:49:45.730+00:00,2026-09-18T06:52:14.141+00:00,2026-09-18T06:52:18.228+00:00,True,66,66.0,,66.0,148410.59312799998,152498.116456,152498.11628099997,2310.5775194090907,33.955227,148410.59312799998,18260.3447984188,91.18913524999999,62.884974276923074,12.508144484310412,0.43279223070956985,37,64,,True,True,,394,87.6246207195492
151,2026-09-18T06:49:46.180+00:00,2026-09-18T06:52:15.946+00:00,2026-09-18T06:52:20.693+00:00,True,75,75.0,,75.0,149766.092995,154513.92864300002,154513.92850600003,2060.1857134133334,37.431830000000005,149766.092995,17286.09541186487,96.3384088,64.15994118918918,13.424449974069683,0.4853931335425775,37,64,,True,True,,299,87.6246207195492
152,2026-09-18T06:49:46.587+00:00,2026-09-18T06:52:17.647+00:00,2026-09-18T06:52:22.474+00:00,True,76,76.0,,76.0,151059.715176,155887.025768,155887.025778,2051.1450760263156,38.577927,151059.715176,17320.359123753366,94.06889199999999,64.36414122666666,12.554625915406957,0.4875325552307833,37,64,,True,True,,335,87.6246207195492
153,2026-09-18T06:49:47.028+00:00,2026-09-18T06:52:19.238+00:00,2026-09-18T06:52:23.825+00:00,True,72,72.0,,72.0,152210.070174,156796.751006,156796.751085,2177.7326539583332,40.325315,152210.070174,17930.51906370089,94.59141505,64.60113847887324,11.416875010452891,0.4591931882392438,37,64,,True,True,,379,87.6246207195492
154,2026-09-18T06:49:47.319+00:00,2026-09-18T06:52:20.301+00:00,2026-09-18T06:52:22.069+00:00,True,29,29.0,,29.0,152982.464927,154750.084511,154750.084663,5336.209815965517,38.353559000000004,152982.464927,28396.40950108963,87.96746999999999,63.129270857142856,10.162790064742588,0.18739892835366184,37,64,,True,True,,136,87.6246207195492
155,2026-09-18T06:49:47.726+00:00,2026-09-18T06:52:21.714+00:00,2026-09-18T06:52:22.190+00:00,True,9,9.0,,9.0,153987.83997600002,154464.616936,154464.61695700002,17162.735217444446,40.426955,153987.83997600002,51309.414966652716,92421.30315640001,59.59712,8.944651187825205,0.0582657710129758,37,64,,True,True,,34,87.6246207195492
156,2026-09-18T06:49:48.013+00:00,2026-09-18T06:52:22.918+00:00,2026-09-18T06:52:28.937+00:00,True,96,96.0,,96.0,154904.18245300002,160923.63717300002,160923.63727300003,1676.2878882604168,35.322394,154904.18245300002,15803.37876802684,89.68653525000002,63.362681263157896,10.983550144032144,0.596556240503039,37,64,,True,True,,231,87.6246207195492
158,2026-09-18T06:49:48.815+00:00,2026-09-18T06:52:25.475+00:00,2026-09-18T06:52:26.599+00:00,True,19,19.0,,19.0,156659.55334599997,157783.56512199997,157783.56512999997,8304.39816473684,57.318084000000006,156659.55334599997,35925.84068298506,15729.309267699995,62.44509866666667,3.622797390931521,0.12041811823245972,37,64,,True,True,,85,87.6246207195492
157,2026-09-18T06:49:48.809+00:00,2026-09-18T06:52:26.040+00:00,2026-09-18T06:52:27.688+00:00,True,27,27.0,,27.0,157231.12291,158879.424734,158879.424677,5884.423136185185,41.511002,157231.12291,30246.944215762494,84.4907621,63.396224,8.364143333323666,0.1699401923515527,37,64,,True,True,,140,87.6246207195492
159,2026-09-18T06:49:49.057+00:00,2026-09-18T06:52:26.598+00:00,2026-09-18T06:52:32.763+00:00,True,99,99.0,,99.0,157541.816506,163706.037178,163706.037206,1653.5963354141415,34.628386,157541.816506,15827.230787213559,93.5279017,62.90021093877551,11.574400795400694,0.6047425110679079,37,64,,True,True,,410,87.6246207195492
160,2026-09-18T06:49:49.492+00:00,2026-09-18T06:52:28.410+00:00,2026-09-18T06:52:33.204+00:00,True,77,77.0,,77.0,158917.768892,163711.172796,163711.17292799999,2126.119128935065,36.500483,158917.768892,18103.176441488336,94.207862,63.071104,11.345559115319556,0.4703405313450993,37,64,,True,True,,482,87.6246207195492
161,2026-09-18T06:49:49.800+00:00,2026-09-18T06:52:29.483+00:00,2026-09-18T06:52:29.670+00:00,True,4,4.0,,4.0,159683.725059,159870.164995,159870.16495099998,39967.541237749996,59.264469,159683.725059,79810.78930118344,135741.27769425,62.14664533333334,4.564578811867458,0.025020303194940103,37,64,,True,True,,11,87.6246207195492
162,2026-09-18T06:49:50.118+00:00,2026-09-18T06:52:30.872+00:00,2026-09-18T06:52:33.830+00:00,True,47,47.0,,47.0,160753.421729,163711.902113,163711.902174,3483.231961148936,38.511978000000006,160753.421729,23438.91948069283,99.54850350000001,64.31479095652175,14.293631805555366,0.2870896947221276,37,64,,True,True,,189,87.6246207195492
163,2026-09-18T06:49:50.456+00:00,2026-09-18T06:52:32.259+00:00,2026-09-18T06:52:37.608+00:00,True,83,83.0,,83.0,161802.67002700001,167152.160203,167152.16005600002,2013.8814464578315,36.193253,161802.67002700001,17752.996440032097,102.83509330000001,65.23768507317072,15.709903106748506,0.4965535587407284,37,64,,True,True,,323,87.6246207195492
164,2026-09-18T06:49:50.781+00:00,2026-09-18T06:52:33.556+00:00,2026-09-18T06:52:38.151+00:00,True,72,72.0,,72.0,162774.23121,167369.57329,167369.573324,2324.5774072777776,36.742881000000004,162774.23121,19175.505916611004,99.07732055000001,64.72312788732394,15.895256631385497,0.4301857176587655,37,64,,True,True,,293,87.6246207195492
165,2026-09-18T06:49:51.152+00:00,2026-09-18T06:52:35.323+00:00,2026-09-18T06:52:40.245+00:00,True,78,78.0,,78.0,164170.19746,169092.94178,169092.941895,2167.858229423077,35.894663,164170.19746,18581.381008457356,96.85192050000002,63.93174441558442,14.29292747889534,0.4612847773473754,37,64,,True,True,,272,87.6246207195492
166,2026-09-18T06:49:51.506+00:00,2026-09-18T06:52:36.555+00:00,2026-09-18T06:52:36.720+00:00,True,4,4.0,,4.0,165048.262176,165214.12329599998,165214.123467,41303.53086675,36.817822,165048.262176,82496.48866096241,140301.40009275,55.28704,16.659942650953393,0.02421100521069584,37,64,,True,True,,11,87.6246207195492
167,2026-09-18T06:49:51.924+00:00,2026-09-18T06:52:38.092+00:00,2026-09-18T06:52:41.329+00:00,True,53,53.0,,53.0,166167.642303,169404.892095,169404.89214,3196.3187196226413,38.458698,166167.642303,22816.331719910024,84.0266634,62.254803692307696,9.69030330385381,0.3128599141651607,37,64,,True,True,,186,87.6246207195492
168,2026-09-18T06:49:52.372+00:00,2026-09-18T06:52:39.665+00:00,2026-09-18T06:52:43.697+00:00,True,65,65.0,,65.0,167293.47527700002,171325.11482900003,171325.114873,2635.770998046154,38.389889000000004,167293.47527700002,20742.39110068069,92.2677758,62.994368,10.835627151290405,0.37939563072744265,37,64,,True,True,,302,87.6246207195492
169,2026-09-18T06:49:52.687+00:00,2026-09-18T06:52:41.137+00:00,2026-09-18T06:52:47.128+00:00,True,96,96.0,,96.0,168449.463336,174441.288744,174441.28886799997,1817.0967590416665,36.268671999999995,168449.463336,17185.867950094344,93.27552925,63.0718464,11.541212824120436,0.5503284267802222,37,64,,True,True,,388,87.6246207195492
170,2026-09-18T06:49:53.010+00:00,2026-09-18T06:52:42.352+00:00,2026-09-18T06:52:46.488+00:00,True,67,67.0,,67.0,169341.760927,173477.912991,173477.913127,2589.2225839850744,35.562954,169341.760927,20680.735746254493,95.2443915,62.66897066666667,11.485509224789228,0.38621631333249873,37,64,,True,True,,329,87.6246207195492
171,2026-09-18T06:49:53.369+00:00,2026-09-18T06:52:43.759+00:00,2026-09-18T06:52:47.200+00:00,True,56,56.0,,56.0,170390.04224500002,173831.27386100002,173831.273832,3104.129889857143,34.968154000000006,170390.04224500002,22760.969873295315,93.708638,62.56784756363636,13.104082788049377,0.3221514676627121,37,64,,True,True,,224,87.6246207195492
172,2026-09-18T06:49:53.828+00:00,2026-09-18T06:52:45.410+00:00,2026-09-18T06:52:45.773+00:00,True,7,7.0,,7.0,171582.72005399998,171945.23397399997,171945.23403899997,24563.60486271428,53.334171000000005,171582.72005399998,64829.33628818997,120127.65458819998,60.41898666666666,4.990024721927163,0.040710636975599325,37,64,,True,True,,19,87.6246207195492
173,2026-09-18T06:49:54.206+00:00,2026-09-18T06:52:46.749+00:00,2026-09-18T06:52:51.992+00:00,True,83,83.0,,83.0,172542.792037,177785.700965,177785.700881,2141.9963961566264,35.036934,172542.792037,18932.01855191472,94.15374950000002,63.937913756097565,13.514937798679842,0.46685419327586924,37,64,,True,True,,363,87.6246207195492
174,2026-09-18T06:49:54.619+00:00,2026-09-18T06:52:48.522+00:00,2026-09-18T06:52:52.366+00:00,True,61,61.0,,61.0,173902.682174,177747.211838,177747.211923,2913.88872004918,37.531679,173902.682174,22257.75585875751,94.398623,64.0754944,11.746196993300613,0.34318400479663114,37,64,,True,True,,263,87.6246207195492
175,2026-09-18T06:49:54.958+00:00,2026-09-18T06:52:49.732+00:00,2026-09-18T06:52:51.379+00:00,True,28,28.0,,28.0,174773.78202900002,176420.49690900004,176420.49712400002,6300.732040142858,37.89682,174773.78202900002,33017.616963605775,97.73514015,60.98944,13.545644137260771,0.15871171712231805,37,64,,True,True,,107,87.6246207195492
176,2026-09-18T06:49:55.404+00:00,2026-09-18T06:52:51.523+00:00,2026-09-18T06:52:52.959+00:00,True,23,23.0,,23.0,176119.126347,177555.33268300002,177555.332574,7719.797068434783,37.103291,176119.126347,36709.7663254642,93.51006220000001,65.28210618181818,12.859785724835177,0.1295370837499049,37,64,,True,True,,119,87.6246207195492
177,2026-09-18T06:49:55.797+00:00,2026-09-18T06:52:53.082+00:00,2026-09-18T06:52:58.207+00:00,True,79,79.0,,79.0,177284.89975,182410.156454,182410.156557,2308.989323506329,37.080510000000004,177284.89975,19938.721241613664,94.63742479999999,65.70841928205128,13.398324009291322,0.43308991963899846,37,64,,True,True,,347,87.6246207195492
178,2026-09-18T06:49:56.068+00:00,2026-09-18T06:52:53.880+00:00,2026-09-18T06:52:55.480+00:00,True,25,25.0,,25.0,177811.54009,179411.574906,179411.57485,7176.4629939999995,40.071095,177811.54009,35548.977039311234,98.13743860000001,66.66811733333334,14.006390662900538,0.13934440970767006,37,64,,True,True,,97,87.6246207195492
179,2026-09-18T06:49:56.464+00:00,2026-09-18T06:52:55.670+00:00,2026-09-18T06:52:59.673+00:00,True,63,63.0,,63.0,179205.767207,183209.047079,183209.047099,2908.0801126825395,38.200409,179205.767207,22569.673950689135,98.21185799999999,64.56903019354839,14.255924373113706,0.3438694813626442,37,64,,True,True,,197,87.6246207195492
180,2026-09-18T06:49:56.797+00:00,2026-09-18T06:52:56.942+00:00,2026-09-18T06:53:00.342+00:00,True,55,55.0,,55.0,180145.263034,183544.805562,183544.805604,3337.178283709091,38.370058,180145.263034,24282.296847224,94.4205661,62.954491259259264,12.811262123624518,0.29965435323322964,37,64,,True,True,,246,87.6246207195492
181,2026-09-18T06:49:57.207+00:00,2026-09-18T06:52:58.453+00:00,2026-09-18T06:53:02.837+00:00,True,71,71.0,,71.0,181245.873179,185630.10665099998,185630.10665899998,2614.5085444929578,39.709165999999996,181245.873179,21502.496795311963,82.826121,62.63190674285714,9.443122205463094,0.3824810602166269,37,64,,True,True,,332,87.6246207195492
182,2026-09-18T06:49:57.599+00:00,2026-09-18T06:52:59.801+00:00,2026-09-18T06:53:01.613+00:00,True,30,30.0,,30.0,182202.009653,184014.12638899998,184014.126368,6133.804212266667,36.535102,182202.009653,33253.97687044718,91.27531215,62.486784,11.054759483754783,0.16303096174573553,37,64,,True,True,,96,87.6246207195492
183,2026-09-18T06:49:57.948+00:00,2026-09-18T06:53:01.409+00:00,2026-09-18T06:53:02.586+00:00,True,20,20.0,,20.0,183461.343043,184637.594179,184637.594146,9231.8797073,41.684322,183461.343043,41009.361086047866,9246.9796364,61.907954526315784,7.764593363588415,0.1083203022056855,37,64,,True,True,,60,87.6246207195492
184,2026-09-18T06:49:58.387+00:00,2026-09-18T06:53:03.174+00:00,2026-09-18T06:53:04.774+00:00,True,27,27.0,,27.0,184787.116026,186387.66745,186387.667536,6903.246945777778,42.82467,184787.116026,35550.45034227225,69.7796752,61.55967015384615,5.748068867986073,0.14485936955696369,37,64,,True,True,,159,87.6246207195492
185,2026-09-18T06:49:58.767+00:00,2026-09-18T06:53:04.711+00:00,2026-09-18T06:53:07.110+00:00,True,41,41.0,,41.0,185943.32369800002,188342.71467400002,188342.71457600003,4593.724745756098,37.66794,185943.32369800002,29030.101399777657,68.13170299999999,59.9847744,8.046535113343825,0.21768827146282974,37,64,,True,True,,147,87.6246207195492
186,2026-09-18T06:49:59.101+00:00,2026-09-18T06:53:05.673+00:00,2026-09-18T06:53:10.956+00:00,True,90,90.0,,90.0,186572.430114,191854.999586,191854.999506,2131.7222167333334,37.93199,186572.430114,19660.20686120463,68.71657945,59.35471316853932,9.915122566925152,0.46910427246727565,37,64,,True,True,,401,87.6246207195492
187,2026-09-18T06:49:59.370+00:00,2026-09-18T06:53:06.554+00:00,2026-09-18T06:53:12.240+00:00,True,96,96.0,,96.0,187183.814416,192870.048528,192870.048604,2009.0630062916669,34.249995999999996,187183.814416,19098.26164770137,69.3914405,59.85509591578947,9.869813829538034,0.4977444695673582,37,64,,True,True,,453,87.6246207195492
188,2026-09-18T06:49:59.690+00:00,2026-09-18T06:53:08.049+00:00,2026-09-18T06:53:11.146+00:00,True,53,53.0,,53.0,188359.418202,191456.044378,191456.044298,3612.3781943018867,39.665434999999995,188359.418202,25864.977865051096,69.9871352,59.55050338461538,9.868208156866539,0.27682594285380613,37,64,,True,True,,231,87.6246207195492
189,2026-09-18T06:49:59.954+00:00,2026-09-18T06:53:09.070+00:00,2026-09-18T06:53:10.299+00:00,True,22,22.0,,22.0,189116.838602,190345.245642,190345.245627,8652.056619409092,34.859025,189116.838602,40307.37527921308,70.84885715,58.49557333333333,9.703317589398242,0.11557945629688827,37,64,,True,True,,63,87.6246207195492
190,2026-09-18T06:50:00.315+00:00,2026-09-18T06:53:10.422+00:00,2026-09-18T06:53:15.235+00:00,True,78,78.0,,78.0,190106.697643,194920.022699,194920.022833,2498.974651705128,37.947109,190106.697643,21518.269681827787,92.3377507,62.51071501298701,11.145391708134314,0.4001641233155888,37,64,,True,True,,401,87.6246207195492
191,2026-09-18T06:50:00.726+00:00,2026-09-18T06:53:11.983+00:00,2026-09-18T06:53:13.623+00:00,True,27,27.0,,27.0,191256.79609599998,192896.57644799998,192896.576503,7144.317648259258,38.839107000000006,191256.79609599998,36795.25178399471,94.737606,63.06847507692308,11.566306145697748,0.1399713799859922,37,64,,True,True,,120,87.6246207195492
192,2026-09-18T06:50:01.083+00:00,2026-09-18T06:53:13.150+00:00,2026-09-18T06:53:14.971+00:00,True,30,30.0,,30.0,192067.438444,193888.376684,193888.376763,6462.9458921,37.779180000000004,192067.438444,35055.09493092668,97.6926314,62.79097379310345,14.113147209144229,0.15472820244863938,37,64,,True,True,,117,87.6246207195492
193,2026-09-18T06:50:01.361+00:00,2026-09-18T06:53:14.349+00:00,2026-09-18T06:53:17.651+00:00,True,53,53.0,,53.0,192987.373349,196289.878309,196289.87831,3703.5826096226415,37.08396,192987.373349,26500.134130895207,94.94376040000002,63.50971076923077,13.599422613650223,0.27000882804852155,37,64,,True,True,,293,87.6246207195492
194,2026-09-18T06:50:01.636+00:00,2026-09-18T06:53:15.358+00:00,2026-09-18T06:53:21.182+00:00,True,94,94.0,,94.0,193722.40115000002,199546.40780600003,199546.40794000003,2122.834127021277,37.570479,193722.40115000002,19974.484780044037,93.17801100000001,62.623727483870965,12.52111688073215,0.4710683646652625,37,64,,True,True,,325,87.6246207195492
196,2026-09-18T06:50:02.686+00:00,2026-09-18T06:53:17.989+00:00,2026-09-18T06:53:23.013+00:00,True,82,82.0,,82.0,195302.98681200002,200326.644028,200326.644008,2443.0078537560976,36.544682,195302.98681200002,21560.761990681705,91.84509810000002,62.02045945679013,13.418510683133858,0.4093314715966525,37,64,,True,True,,266,87.6246207195492
195,2026-09-18T06:50:02.629+00:00,2026-09-18T06:53:18.265+00:00,2026-09-18T06:53:24.388+00:00,True,100,100.0,,100.0,195636.075662,201758.666126,201758.66625399998,2017.58666254,33.883177,195636.075662,19557.427737924438,95.17570694999999,61.84434812121212,13.491760376176938,0.4956416590182508,37,64,,True,True,,456,87.6246207195492
197,2026-09-18T06:50:02.822+00:00,2026-09-18T06:53:19.613+00:00,2026-09-18T06:53:24.948+00:00,True,86,86.0,,86.0,196790.90279,202126.24103,202126.240803,2350.305125616279,35.195945,196790.90279,21213.745472190927,96.37839,62.76868517647058,14.947633949790738,0.4254766702322223,37,64,,True,True,,438,87.6246207195492
198,2026-09-18T06:50:03.204+00:00,2026-09-18T06:53:21.823+00:00,2026-09-18T06:53:28.078+00:00,True,100,100.0,,100.0,198619.394544,204873.85854400002,204873.85857100002,2048.7385857100003,34.763185,198619.394544,19855.625915052573,93.34276240000001,63.176404040404044,12.826568719235707,0.48810522099149783,37,64,,True,True,,543,87.6246207195492
199,2026-09-18T06:50:03.461+00:00,2026-09-18T06:53:22.557+00:00,2026-09-18T06:53:25.418+00:00,True,46,46.0,,46.0,199095.86527,201957.50930200002,201957.509224,4390.380635304348,38.995917,199095.86527,29345.710951850917,99.01347725,63.5920896,13.979899978593693,0.22777068383831792,37,64,,True,True,,246,87.6246207195492
200,2026-09-18T06:50:03.894+00:00,2026-09-18T06:53:24.508+00:00,2026-09-18T06:53:28.847+00:00,True,70,70.0,,70.0,200614.20523300002,204953.218609,204953.21860700002,2927.9031229571433,34.916835,200614.20523300002,23970.47025285773,90.26385705000001,62.88425182608695,11.257556809706017,0.3415413550227902,37,64,,True,True,,291,87.6246207195492
201,2026-09-18T06:50:04.245+00:00,2026-09-18T06:53:26.045+00:00,2026-09-18T06:53:26.478+00:00,True,8,8.0,,8.0,201800.44342899998,202233.302309,202233.30224,25279.16278,35.170964,201800.44342899998,71325.37052741306,131203.29404575,61.83698285714286,19.140503431750478,0.039558272097918346,37,64,,True,True,,30,87.6246207195492
202,2026-09-18T06:50:04.613+00:00,2026-09-18T06:53:27.436+00:00,2026-09-18T06:53:32.423+00:00,True,82,82.0,,82.0,202822.7784,207810.02524800002,207810.025333,2534.2686016219513,36.291452,202822.7784,22391.231615363176,81.84034955000001,61.57094874074074,9.636091643822386,0.3945911651862868,37,64,,True,True,,243,87.6246207195492
203,2026-09-18T06:50:05.066+00:00,2026-09-18T06:53:28.907+00:00,2026-09-18T06:53:33.946+00:00,True,83,83.0,,83.0,203841.373747,208880.247603,208880.247484,2516.6294877590362,35.805133000000005,203841.373747,22367.75515517094,88.7410065,61.44968117073171,10.828577849982008,0.3973568633342042,37,64,,True,True,,389,87.6246207195492
204,2026-09-18T06:50:05.410+00:00,2026-09-18T06:53:30.270+00:00,2026-09-18T06:53:30.467+00:00,True,4,4.0,,4.0,204859.396886,205056.60187800002,205056.601938,51264.1504845,64.209411,204859.396886,102396.83095218027,174140.7519884,65.73499733333334,2.341425337187016,0.0195068091608181,37,64,,True,True,,15,87.6246207195492
205,2026-09-18T06:50:05.739+00:00,2026-09-18T06:53:31.583+00:00,2026-09-18T06:53:32.925+00:00,True,23,23.0,,23.0,205843.96654,207186.551116,207186.551182,9008.110920956522,38.233749,205843.96654,42908.710466481374,90.2036468,61.026571636363634,10.879946252051198,0.11101106648144704,37,64,,True,True,,114,87.6246207195492
206,2026-09-18T06:50:06.174+00:00,2026-09-18T06:53:33.692+00:00,2026-09-18T06:53:34.883+00:00,True,20,20.0,,20.0,207518.060662,208709.218678,208709.218847,10435.46094235,39.092397,207518.060662,46388.431752772594,10463.77773575,62.69252715789474,10.885992067938039,0.09582710398076055,37,64,,True,True,,91,87.6246207195492
207,2026-09-18T06:50:06.520+00:00,2026-09-18T06:53:34.884+00:00,2026-09-18T06:53:40.861+00:00,True,96,96.0,,96.0,208363.961595,214341.645819,214341.645757,2232.7254766354167,34.606535,208363.961595,21259.63903648555,93.16644875,62.92299183157895,11.923621530608623,0.44788309632122,37,64,,True,True,,493,87.6246207195492
208,2026-09-18T06:50:06.860+00:00,2026-09-18T06:53:35.948+00:00,2026-09-18T06:53:41.302+00:00,True,87,87.0,,87.0,209088.239493,214442.531461,214442.531451,2464.8566833448276,36.248083,209088.239493,22409.93995106231,87.7232096,62.25920893023255,10.846020300593594,0.40570310099991713,37,64,,True,True,,389,87.6246207195492
209,2026-09-18T06:50:07.182+00:00,2026-09-18T06:53:37.279+00:00,2026-09-18T06:53:38.136+00:00,True,15,15.0,,15.0,210096.943192,210953.479,210953.47901100002,14063.565267400001,38.928987,210096.943192,54231.00101059417,63075.6253948,61.181129142857145,7.160588082959569,0.07110572468918609,37,64,,True,True,,75,87.6246207195492
210,2026-09-18T06:50:07.436+00:00,2026-09-18T06:53:38.703+00:00,2026-09-18T06:53:41.114+00:00,True,40,40.0,,40.0,211267.421398,213678.19823,213678.198255,5341.954956375,37.954459,211267.421398,33394.53981837422,77.26715845,61.814790564102566,9.236612067206071,0.18719738528001156,37,64,,True,True,,231,87.6246207195492
211,2026-09-18T06:50:07.785+00:00,2026-09-18T06:53:39.906+00:00,2026-09-18T06:53:45.261+00:00,True,87,87.0,,87.0,212121.45113499998,217475.75615899998,217475.756064,2499.7213340689655,36.966801,212121.45113499998,22735.134378504412,90.94376950000002,62.25936074418605,10.969381384332639,0.40004459134466885,37,64,,True,True,,436,87.6246207195492
212,2026-09-18T06:50:08.176+00:00,2026-09-18T06:53:41.054+00:00,2026-09-18T06:53:45.939+00:00,True,79,79.0,,79.0,212877.351284,217762.81048400002,217762.810338,2756.491270101266,37.085331,212877.351284,23943.528798035066,89.45901760000001,62.634092307692306,10.907662143166469,0.36278003495828537,37,64,,True,True,,383,87.6246207195492
213,2026-09-18T06:50:08.596+00:00,2026-09-18T06:53:42.835+00:00,2026-09-18T06:53:46.576+00:00,True,61,61.0,,61.0,214238.914541,217980.356077,217980.356152,3573.448461508197,34.710925,214238.914541,27422.499831790665,79.34243099999999,62.35735893333333,9.72475459382749,0.27984173022660896,37,64,,True,True,,255,87.6246207195492
214,2026-09-18T06:50:09.012+00:00,2026-09-18T06:53:44.154+00:00,2026-09-18T06:53:48.957+00:00,True,74,74.0,,74.0,215142.101754,219944.90777,219944.90782300002,2972.2284840945945,0.04536,215142.101754,25002.123650182715,92.70628154999999,65.79186323287671,23.045760816865684,0.3364478893841135,37,64,,True,True,,222,87.6246207195492
215,2026-09-18T06:50:09.422+00:00,2026-09-18T06:53:45.643+00:00,2026-09-18T06:53:51.307+00:00,True,90,90.0,,90.0,216220.19819,221885.075758,221885.07568799998,2465.3897298666666,0.01742,216220.19819,22784.911065659064,92.75714970000001,63.65030975280899,21.805500623043667,0.40561538306505535,37,64,,True,True,,420,87.6246207195492
216,2026-09-18T06:50:09.676+00:00,2026-09-18T06:53:46.802+00:00,2026-09-18T06:53:52.099+00:00,True,85,85.0,,85.0,217126.415472,222423.03012799998,222423.030228,2616.7415320941177,0.04382,217126.415472,23543.838001236512,90.19445540000001,63.054936380952384,22.804847827097017,0.3821546714433492,37,64,,True,True,,456,87.6246207195492
217,2026-09-18T06:50:10.098+00:00,2026-09-18T06:53:49.019+00:00,2026-09-18T06:53:53.095+00:00,True,66,66.0,,66.0,218921.629799,222997.630055,222997.63002399998,3378.751970060606,32.702889,218921.629799,26939.673306815257,91.91230075000001,62.707696246153844,11.147702993641152,0.2959672709693005,37,64,,True,True,,258,87.6246207195492
218,2026-09-18T06:50:10.540+00:00,2026-09-18T06:53:50.509+00:00,2026-09-18T06:53:55.305+00:00,True,78,78.0,,78.0,219968.447523,224764.16745900002,224764.167575,2881.5918919871797,35.051415,219968.447523,24899.47357194984,94.07315184999999,62.28207709090909,13.273524173728688,0.34703040472066454,37,64,,True,True,,416,87.6246207195492
219,2026-09-18T06:50:10.852+00:00,2026-09-18T06:53:51.552+00:00,2026-09-18T06:53:53.331+00:00,True,29,29.0,,29.0,220700.605528,222479.74664799997,222479.746513,7671.715397,41.166444000000006,220700.605528,40971.27607105519,94.22504199999999,63.540754285714286,12.063760729988143,0.13034894383389797,37,64,,True,True,,147,87.6246207195492
220,2026-09-18T06:50:11.247+00:00,2026-09-18T06:53:53.091+00:00,2026-09-18T06:53:56.555+00:00,True,57,57.0,,57.0,221843.796153,225308.178873,225308.178787,3952.7750664385967,40.102435,221843.796153,29375.736381081108,81.6631448,61.863977142857145,10.499738707486923,0.252986821362261,37,64,,True,True,,237,87.6246207195492
221,2026-09-18T06:50:11.532+00:00,2026-09-18T06:53:54.256+00:00,2026-09-18T06:53:55.237+00:00,True,17,17.0,,17.0,222723.95041800002,223705.24910600003,223705.24904000002,13159.132296470589,35.064664,222723.95041800002,54003.61913505534,44622.058738800006,61.331168,13.585498620737432,0.07599285250541776,37,64,,True,True,,74,87.6246207195492
222,2026-09-18T06:50:11.941+00:00,2026-09-18T06:53:55.803+00:00,2026-09-18T06:54:00.104+00:00,True,70,70.0,,70.0,223861.79074599998,228163.495706,228163.495753,3259.4785107571424,35.909782,223861.79074599998,26749.151663226483,73.04069045,62.34355014492754,8.899942337862026,0.30679754350449856,37,64,,True,True,,381,87.6246207195492
223,2026-09-18T06:50:12.245+00:00,2026-09-18T06:53:56.875+00:00,2026-09-18T06:54:01.459+00:00,True,74,74.0,,74.0,224630.23128,229214.25816,229214.25806700002,3097.4899738783784,37.003681,224630.23128,26105.436073936595,81.9978952,62.79488876712329,9.908208798213701,0.3228420456651753,37,64,,True,True,,322,87.6246207195492
224,2026-09-18T06:50:12.569+00:00,2026-09-18T06:53:57.902+00:00,2026-09-18T06:53:59.662+00:00,True,30,30.0,,30.0,225333.211175,227092.716071,227092.71602,7569.757200666667,39.231586,225333.211175,41128.951629100426,84.3041209,60.67258262068965,10.541311377826645,0.13210463338075787,37,64,,True,True,,132,87.6246207195492
225,2026-09-18T06:50:12.929+00:00,2026-09-18T06:53:59.384+00:00,2026-09-18T06:54:04.933+00:00,True,90,90.0,,90.0,226455.058604,232004.800172,232004.80019399998,2577.8311132666668,37.1268,226455.058604,23863.887929965913,79.1240541,62.35664683146068,9.327789059291485,0.3879230082018874,37,64,,True,True,,437,87.6246207195492
226,2026-09-18T06:50:13.212+00:00,2026-09-18T06:54:00.489+00:00,2026-09-18T06:54:02.140+00:00,True,27,27.0,,27.0,227277.564437,228928.505621,228928.505606,8478.833540962964,40.117895,227277.564437,43727.36853468047,86.4183861,63.497737846153846,9.586500713875644,0.11794075153183214,37,64,,True,True,,155,87.6246207195492
227,2026-09-18T06:50:13.472+00:00,2026-09-18T06:54:01.755+00:00,2026-09-18T06:54:04.680+00:00,True,48,48.0,,48.0,228282.831688,231207.888968,231207.889071,4816.8310223125,36.304911999999995,228282.831688,32940.80720463203,86.83117185,62.23526127659574,10.08035184518819,0.2076053728713529,37,64,,True,True,,253,87.6246207195492
228,2026-09-18T06:50:13.779+00:00,2026-09-18T06:54:02.927+00:00,2026-09-18T06:54:03.764+00:00,True,15,15.0,,15.0,229147.96353,229984.91585000002,229984.915792,15332.327719466668,40.882203999999994,229147.96353,59150.31468438657,68797.4516686,59.78230857142857,9.013821427714198,0.06522166875406407,37,64,,True,True,,71,87.6246207195492
229,2026-09-18T06:50:14.213+00:00,2026-09-18T06:54:04.309+00:00,2026-09-18T06:54:09.591+00:00,True,84,84.0,,84.0,230095.600173,235377.538861,235377.538945,2802.1135588690477,35.927483,230095.600173,25098.548181604827,95.16960230000001,63.637815518072294,13.192633282172082,0.35687347402168823,37,64,,True,True,,414,87.6246207195492
230,2026-09-18T06:50:14.663+00:00,2026-09-18T06:54:05.881+00:00,2026-09-18T06:54:08.971+00:00,True,48,48.0,,48.0,231217.226561,234307.587137,234307.586965,4881.408061770833,38.666388,231217.226561,33363.84520505892,102.5534401,65.75235268085106,15.968506097856173,0.2048589232065043,37,64,,True,True,,189,87.6246207195492
231,2026-09-18T06:50:15.051+00:00,2026-09-18T06:54:07.472+00:00,2026-09-18T06:54:11.525+00:00,True,65,65.0,,65.0,232420.36918799998,236473.27081999998,236473.27086,3638.0503209230765,36.007683,232420.36918799998,28820.347091751813,93.64620199999999,63.326588,13.216339375626111,0.27487250366438687,37,64,,True,True,,331,87.6246207195492
232,2026-09-18T06:50:15.418+00:00,2026-09-18T06:54:08.906+00:00,2026-09-18T06:54:12.195+00:00,True,53,53.0,,53.0,233487.64080899997,236776.822761,236776.82278199997,4467.4872223018865,40.079135,233487.64080899997,32063.307732127356,92.1991492,63.25349907692308,12.134213228431705,0.2238394762712803,37,64,,True,True,,231,87.6246207195492
233,2026-09-18T06:50:15.676+00:00,2026-09-18T06:54:09.958+00:00,2026-09-18T06:54:11.173+00:00,True,21,21.0,,21.0,234281.93463499998,235496.61393099997,235496.61406099997,11214.124479095237,41.496553,234281.93463499998,51111.257394619504,94.14448399999999,60.733964799999995,11.062126774505797,0.08917325667431021,37,64,,True,True,,107,87.6246207195492
234,2026-09-18T06:50:16.078+00:00,2026-09-18T06:54:11.521+00:00,2026-09-18T06:54:13.453+00:00,True,32,32.0,,32.0,235443.67821,237375.90349000003,237375.90348200002,7417.996983812501,38.282999000000004,235443.67821,41609.93876970613,97.3339123,62.32984774193548,12.686827996892818,0.1348072804759143,37,64,,True,True,,140,87.6246207195492
236,2026-09-18T06:50:17.275+00:00,2026-09-18T06:54:13.455+00:00,2026-09-18T06:54:14.737+00:00,True,22,22.0,,22.0,236180.172557,237462.571789,237462.571746,10793.753261181819,40.332705000000004,236180.172557,50340.763122904886,73.6339343,61.0666300952381,7.921690935887628,0.09264617928735457,37,64,,True,True,,97,87.6246207195492
237,2026-09-18T06:50:17.285+00:00,2026-09-18T06:54:14.299+00:00,2026-09-18T06:54:16.366+00:00,True,35,35.0,,35.0,237014.057015,239080.86354299998,239080.863706,6830.881820171428,36.463922,237014.057015,40052.413666091736,75.7232426,60.788427294117646,9.27869785054399,0.14639398353061855,37,64,,True,True,,165,87.6246207195492
235,2026-09-18T06:50:17.184+00:00,2026-09-18T06:54:14.675+00:00,2026-09-18T06:54:19.977+00:00,True,84,84.0,,84.0,237490.74555599998,242793.05621199997,242793.05621999997,2890.393526428571,37.989269,237490.74555599998,25905.397173258,94.209738,63.88326091566265,11.867547289236276,0.34597365060825136,37,64,,True,True,,470,87.6246207195492
238,2026-09-18T06:50:17.661+00:00,2026-09-18T06:54:17.884+00:00,2026-09-18T06:54:23.354+00:00,True,88,88.0,,88.0,240222.168109,245692.183597,245692.183559,2791.956631352273,34.249756,240222.168109,25601.06852449632,74.5478469,62.873741241379314,9.45288955461293,0.3581717526038322,37,64,,True,True,,388,87.6246207195492
239,2026-09-18T06:50:17.945+00:00,2026-09-18T06:54:18.879+00:00,2026-09-18T06:54:24.758+00:00,True,94,94.0,,94.0,240934.136298,246813.374186,246813.374252,2625.6741941702126,32.960978000000004,240934.136298,24843.940416241276,87.14910350000002,63.21761169892473,10.276188984333904,0.38085456393931494,37,64,,True,True,,187,87.6246207195492
240,2026-09-18T06:50:18.320+00:00,2026-09-18T06:54:20.643+00:00,2026-09-18T06:54:26.069+00:00,True,88,88.0,,88.0,242322.708839,247749.38890299998,247749.388929,2815.333965102273,40.209985,242322.708839,25825.04009942508,77.11824305,62.37563291954022,9.717970783473596,0.3551976470644462,37,64,,True,True,,294,87.6246207195492
241,2026-09-18T06:50:18.576+00:00,2026-09-18T06:54:21.694+00:00,2026-09-18T06:54:25.601+00:00,True,64,64.0,,64.0,243118.660712,247024.84746400002,247024.847329,3859.763239515625,36.224273000000004,243118.660712,30382.08398026075,77.34696395,62.00296431746032,10.429008753931706,0.25908324873807276,37,64,,True,True,,402,87.6246207195492
242,2026-09-18T06:50:18.829+00:00,2026-09-18T06:54:22.650+00:00,2026-09-18T06:54:28.474+00:00,True,93,93.0,,93.0,243820.351882,249644.56205799998,249644.562167,2684.350130827957,37.002231,243820.351882,25276.430694980227,91.5993382,63.30663234782609,11.477883959500934,0.37252964468095756,37,64,,True,True,,439,87.6246207195492
243,2026-09-18T06:50:19.260+00:00,2026-09-18T06:54:24.505+00:00,2026-09-18T06:54:27.305+00:00,True,46,46.0,,46.0,245245.696941,248045.515949,248045.515919,5392.293824326087,35.525473,245245.696941,36150.33314683107,89.1088385,62.218200177777774,10.262569255330522,0.18544983497890744,37,64,,True,True,,224,87.6246207195492
244,2026-09-18T06:50:19.630+00:00,2026-09-18T06:54:25.880+00:00,2026-09-18T06:54:26.738+00:00,True,15,15.0,,15.0,246250.10169100002,247107.316667,247107.316706,16473.821113733335,43.925008,246250.10169100002,63565.6936849471,73921.7624128,61.22964114285714,5.900401904160856,0.06070237094684609,37,64,,True,True,,59,87.6246207195492
245,2026-09-18T06:50:19.891+00:00,2026-09-18T06:54:26.861+00:00,2026-09-18T06:54:29.385+00:00,True,39,39.0,,39.0,246969.49508700002,249494.190895,249494.19092000002,6397.286946666667,36.637091,246969.49508700002,39536.133500204705,95.42564329999999,66.43936336842106,15.656527910089197,0.1563162647599006,37,64,,True,True,,211,87.6246207195492
246,2026-09-18T06:50:20.239+00:00,2026-09-18T06:54:28.030+00:00,2026-09-18T06:54:31.956+00:00,True,63,63.0,,63.0,247791.26023800002,251717.40091000003,251717.400888,3995.514299809524,35.975393,247791.26023800002,31210.788402485603,95.48412939999999,63.32484954838709,11.86663776582357,0.2502806709915349,37,64,,True,True,,290,87.6246207195492
247,2026-09-18T06:50:20.527+00:00,2026-09-18T06:54:29.383+00:00,2026-09-18T06:54:33.162+00:00,True,62,62.0,,62.0,248856.56422600002,252634.81190600002,252634.81185300002,4074.755029887097,35.843402999999995,248856.56422600002,31596.950462836365,75.46906875,61.93848655737705,9.473319949903322,0.24541352607838096,37,64,,True,True,,327,87.6246207195492
248,2026-09-18T06:50:20.959+00:00,2026-09-18T06:54:31.016+00:00,2026-09-18T06:54:36.634+00:00,True,91,91.0,,91.0,250056.596548,255674.72186,255674.722099,2809.6123307582416,36.669112,250056.596548,26206.51189561823,83.82733800000001,62.42361457777778,9.822643486691089,0.3559209895213221,37,64,,True,True,,319,87.6246207195492
249,2026-09-18T06:50:21.231+00:00,2026-09-18T06:54:31.769+00:00,2026-09-18T06:54:31.769+00:00,True,1,1.0,,1.0,250538.929977,250538.929977,250538.929977,250538.929977,250538.929977,250538.929977,nan,250538.929977,nan,nan,0.003991395668895856,37,64,,True,True,,3,87.6246207195492
250,2026-09-18T06:50:21.568+00:00,2026-09-18T06:54:33.102+00:00,2026-09-18T06:54:34.766+00:00,True,28,28.0,,28.0,251533.265946,253197.83401,253197.833959,9042.77978425,38.471568,251533.265946,47523.66914501689,84.38738785000001,61.65066903703704,9.27835671013185,0.11058546416670431,37,64,,True,True,,131,87.6246207195492
251,2026-09-18T06:50:21.935+00:00,2026-09-18T06:54:34.382+00:00,2026-09-18T06:54:37.845+00:00,True,55,55.0,,55.0,252446.43099599998,255909.28949199998,255909.28930299997,4652.896169145454,40.562404,252446.43099599998,34031.22504459042,95.01618280000001,64.12700918518519,12.116096251102379,0.21491990427224944,37,64,,True,True,,215,87.6246207195492
252,2026-09-18T06:50:22.383+00:00,2026-09-18T06:54:36.293+00:00,2026-09-18T06:54:39.876+00:00,True,57,57.0,,57.0,253910.132984,257492.758776,257492.75876599998,4517.41682045614,35.003384,253910.132984,33622.74788629491,99.19170079999999,63.97546057142858,14.213498855704504,0.2213654483759128,37,64,,True,True,,266,87.6246207195492
253,2026-09-18T06:50:22.714+00:00,2026-09-18T06:54:37.629+00:00,2026-09-18T06:54:41.324+00:00,True,60,60.0,,60.0,254914.710843,258609.168955,258609.169056,4310.1528176,34.839175000000004,254914.710843,32901.2655346941,91.98742275000001,62.617934101694914,11.023822340283106,0.23201033529650478,37,64,,True,True,,269,87.6246207195492
254,2026-09-18T06:50:23.163+00:00,2026-09-18T06:54:39.421+00:00,2026-09-18T06:54:40.038+00:00,True,10,10.0,,10.0,256258.069336,256875.193944,256875.19389999998,25687.519389999998,51.204705000000004,256258.069336,81014.23490363346,140986.2237985,68.5694008888889,17.398403554325757,0.03892941099707762,37,64,,True,True,,37,87.6246207195492
255,2026-09-18T06:50:23.427+00:00,2026-09-18T06:54:40.168+00:00,2026-09-18T06:54:43.831+00:00,True,61,61.0,,61.0,256741.292324,260404.23760400002,260404.237587,4268.921927655738,35.375814,256741.292324,32864.53804128794,67.12227499999999,61.049088,6.1012155682320515,0.23425118024678027,37,64,,True,True,,275,87.6246207195492
256,2026-09-18T06:50:23.711+00:00,2026-09-18T06:54:41.138+00:00,2026-09-18T06:54:45.736+00:00,True,76,76.0,,76.0,257427.102102,262024.66575000001,262024.665775,3447.692970723684,35.258445,257427.102102,29521.882910961707,67.50928350000001,61.30084864,7.035402379156219,0.2900490294776762,37,64,,True,True,,275,87.6246207195492
257,2026-09-18T06:50:24.153+00:00,2026-09-18T06:54:42.769+00:00,2026-09-18T06:54:48.535+00:00,True,96,96.0,,96.0,258615.66628499998,264382.355309,264382.355439,2753.9828691562498,35.070074999999996,258615.66628499998,26388.65713140963,69.914974,60.70198972631579,9.210395243083438,0.36311046509816763,37,64,,True,True,,377,87.6246207195492
258,2026-09-18T06:50:24.545+00:00,2026-09-18T06:54:44.257+00:00,2026-09-18T06:54:49.863+00:00,True,94,94.0,,94.0,259711.997162,265318.98801000003,265318.988035,2822.5424259042557,34.323276,259711.997162,26781.030245467275,69.26857795,60.29022417204301,9.099283488258965,0.35429051160279973,37,64,,True,True,,344,87.6246207195492
259,2026-09-18T06:50:24.985+00:00,2026-09-18T06:54:45.512+00:00,2026-09-18T06:54:46.966+00:00,True,26,26.0,,26.0,260527.152713,261981.131337,261981.13123199999,10076.197355076923,37.848859,260527.152713,51082.17305896336,67.53904375,58.15914496,8.730609321961234,0.0992437885404611,37,64,,True,True,,118,87.6246207195492
260,2026-09-18T06:50:25.396+00:00,2026-09-18T06:54:47.111+00:00,2026-09-18T06:54:51.417+00:00,True,73,73.0,,73.0,261714.65168,266021.123616,266021.123408,3644.124978191781,36.335632,261714.65168,30624.38411850581,75.9959798,59.81211022222222,9.73400948390429,0.27441429841253917,37,64,,True,True,,358,87.6246207195492
261,2026-09-18T06:50:25.786+00:00,2026-09-18T06:54:48.372+00:00,2026-09-18T06:54:53.711+00:00,True,90,90.0,,90.0,262586.04700799996,267925.18019199994,267925.18033199996,2976.946448133333,34.668175000000005,262586.04700799996,27672.677910651837,68.33199990000001,59.99026049438202,9.931086963578629,0.33591467564005895,37,64,,True,True,,252,87.6246207195492
262,2026-09-18T06:50:26.159+00:00,2026-09-18T06:54:49.802+00:00,2026-09-18T06:54:52.109+00:00,True,39,39.0,,39.0,263643.045988,265949.969508,265949.969729,6819.229993051282,33.836947,263643.045988,42206.95489839743,91.15868160000002,60.70851368421052,12.57485040156646,0.1466441228481767,37,64,,True,True,,227,87.6246207195492
263,2026-09-18T06:50:26.550+00:00,2026-09-18T06:54:51.479+00:00,2026-09-18T06:54:54.996+00:00,True,60,60.0,,60.0,264929.23734,268446.266716,268446.266776,4474.104446266667,35.595244,264929.23734,34194.522857773736,69.77926529999999,59.61066738983051,8.710407034974,0.2235084165408655,37,64,,True,True,,262,87.6246207195492
264,2026-09-18T06:50:26.890+00:00,2026-09-18T06:54:52.496+00:00,2026-09-18T06:54:57.809+00:00,True,86,86.0,,86.0,265606.126553,270918.835673,270918.835635,3150.219019011628,37.587889000000004,265606.126553,28634.307704803316,92.77849599999999,62.502460235294116,11.575861307642823,0.3174382459837613,37,64,,True,True,,327,87.6246207195492
265,2026-09-18T06:50:27.203+00:00,2026-09-18T06:54:53.705+00:00,2026-09-18T06:54:53.705+00:00,True,1,1.0,,1.0,266502.894296,266502.894296,266502.894296,266502.894296,266502.894296,266502.894296,nan,266502.894296,nan,nan,0.003752304464240894,37,64,,True,True,,3,87.6246207195492
266,2026-09-18T06:50:27.465+00:00,2026-09-18T06:54:54.592+00:00,2026-09-18T06:54:57.590+00:00,True,48,48.0,,48.0,267127.25924,270124.827496,270124.827436,5627.600571583333,36.057752,267127.25924,38547.2949981268,89.117261,63.778048,11.936235158048119,0.17769562481520063,37,64,,True,True,,253,87.6246207195492
267,2026-09-18T06:50:27.795+00:00,2026-09-18T06:54:55.886+00:00,2026-09-18T06:55:01.620+00:00,True,90,90.0,,90.0,268090.438257,273825.091185,273825.091225,3042.501013611111,36.071563000000005,268090.438257,28252.424114953046,93.65359395,64.43430256179775,12.251839657317253,0.3286769653230746,37,64,,True,True,,346,87.6246207195492
268,2026-09-18T06:50:28.240+00:00,2026-09-18T06:54:57.653+00:00,2026-09-18T06:55:02.502+00:00,True,77,77.0,,77.0,269413.86452600005,274262.29051,274262.29062000004,3561.8479301298707,38.790957,269413.86452600005,30695.291224459645,91.029753,63.7950787368421,11.267959070533967,0.2807531427554838,37,64,,True,True,,368,87.6246207195492
269,2026-09-18T06:50:28.663+00:00,2026-09-18T06:54:59.490+00:00,2026-09-18T06:55:04.510+00:00,True,80,80.0,,80.0,270827.014652,275846.11814,275846.118066,3448.0764758249998,37.47144,270827.014652,30272.279919736375,94.1176175,63.532955544303796,12.067359972588724,0.29001676927495373,37,64,,True,True,,299,87.6246207195492
270,2026-09-18T06:50:28.971+00:00,2026-09-18T06:55:00.619+00:00,2026-09-18T06:55:03.494+00:00,True,46,46.0,,46.0,271648.242422,274523.618806,274523.61888799997,5967.904758434782,36.762371,271648.242422,40042.928677441785,93.920954,63.89725297777778,11.32159189455685,0.16756299585467443,37,64,,True,True,,183,87.6246207195492
271,2026-09-18T06:50:29.250+00:00,2026-09-18T06:55:01.617+00:00,2026-09-18T06:55:02.037+00:00,True,8,8.0,,8.0,272367.034245,272787.209605,272787.209525,34098.401190625,45.605394,272367.034245,96275.0665972068,177061.34738119997,60.02505142857142,6.87601688477098,0.029326888205587504,37,64,,True,True,,40,87.6246207195492
272,2026-09-18T06:50:29.692+00:00,2026-09-18T06:55:03.092+00:00,2026-09-18T06:55:04.633+00:00,True,25,25.0,,25.0,273400.349002,274941.749578,274941.74940000003,10997.669976,37.746038999999996,273400.349002,54667.22655792948,96.0569942,64.225024,14.173592878758036,0.09092835132667834,37,64,,True,True,,49,87.6246207195492
273,2026-09-18T06:50:30.054+00:00,2026-09-18T06:55:04.341+00:00,2026-09-18T06:55:05.305+00:00,True,16,16.0,,16.0,274287.18113700004,275251.473745,275251.473888,17203.217118,42.45756,274287.18113700004,68555.725033177,68643.26313,64.28617386666667,13.791670904422183,0.05812866242751822,37,64,,True,True,,75,87.6246207195492
274,2026-09-18T06:50:30.311+00:00,2026-09-18T06:55:05.674+00:00,2026-09-18T06:55:10.824+00:00,True,85,85.0,,85.0,275363.63254,280513.151644,280513.15169900004,3300.1547258705887,34.244016,275363.63254,29860.732576670587,91.48753420000001,61.30379885714286,12.219782693809927,0.30301609568692783,37,64,,True,True,,379,87.6246207195492
275,2026-09-18T06:50:30.597+00:00,2026-09-18T06:55:07.020+00:00,2026-09-18T06:55:11.885+00:00,True,79,79.0,,79.0,276423.347533,281287.761741,281287.76170699997,3560.60457856962,36.326812,276423.347533,31093.042130363232,90.45292439999999,62.36428471794872,11.974535492972974,0.2808511806949513,37,64,,True,True,,428,87.6246207195492
276,2026-09-18T06:50:30.907+00:00,2026-09-18T06:55:08.006+00:00,2026-09-18T06:55:12.475+00:00,True,74,74.0,,74.0,277099.11773500004,281568.72055100003,281568.72044000006,3804.9827086486493,35.916972,277099.11773500004,32205.002606249316,89.37118205,61.22743583561644,11.474698925421858,0.26281328357492934,37,64,,True,True,,388,87.6246207195492
277,2026-09-18T06:50:31.161+00:00,2026-09-18T06:55:08.801+00:00,2026-09-18T06:55:14.516+00:00,True,95,95.0,,95.0,277639.856952,283355.022648,283355.022591,2982.6844483263158,34.918124000000006,277639.856952,28479.012482550428,78.6294348,60.79963506382979,11.002048759982106,0.3352684526718783,37,64,,True,True,,426,87.6246207195492
278,2026-09-18T06:50:31.507+00:00,2026-09-18T06:55:10.342+00:00,2026-09-18T06:55:11.463+00:00,True,19,19.0,,19.0,278834.066261,279955.621717,279955.621817,14734.506411421053,35.552454,278834.066261,63954.62819519279,27963.8484398,62.308636444444446,10.657413753884427,0.06786789950303844,37,64,,True,True,,85,87.6246207195492
279,2026-09-18T06:50:31.913+00:00,2026-09-18T06:55:11.822+00:00,2026-09-18T06:55:13.760+00:00,True,33,33.0,,33.0,279909.198362,281847.460634,281847.460746,8540.832143818181,33.492177000000005,279909.198362,48715.39432963208,83.8314788,60.570696,11.002880605277756,0.11708460997224653,37,64,,True,True,,169,87.6246207195492
280,2026-09-18T06:50:32.360+00:00,2026-09-18T06:55:12.942+00:00,2026-09-18T06:55:18.084+00:00,True,85,85.0,,85.0,280582.02201599994,285724.69107199996,285724.69093899993,3361.4669522235286,33.512837,280582.02201599994,30426.75484647625,73.45036599999999,61.22225066666667,11.334255569172324,0.2974891658158475,37,64,,True,True,,437,87.6246207195492
281,2026-09-18T06:50:32.661+00:00,2026-09-18T06:55:13.911+00:00,2026-09-18T06:55:15.429+00:00,True,25,25.0,,25.0,281250.67787300004,282768.70769700006,282768.70773500006,11310.748309400002,40.54014299999999,281250.67787300004,56237.48651407216,98.93584200000001,63.25124266666666,11.809607108564666,0.08841148019387163,37,64,,True,True,,105,87.6246207195492
282,2026-09-18T06:50:32.959+00:00,2026-09-18T06:55:15.058+00:00,2026-09-18T06:55:17.627+00:00,True,43,43.0,,43.0,282099.76625,284667.988458,284667.988553,6620.185780302325,38.722128,282099.76625,43010.48732578621,82.5220166,61.148147809523806,10.649215738351145,0.15105316278421038,37,64,,True,True,,217,87.6246207195492
283,2026-09-18T06:50:33.390+00:00,2026-09-18T06:55:17.265+00:00,2026-09-18T06:55:19.776+00:00,True,42,42.0,,42.0,283874.761088,286386.09088000003,286386.09092600003,6818.716450619048,34.655765,283874.761088,43793.37631559788,77.50462979999999,61.25194614634147,9.895348056040238,0.14665516705418005,37,64,,True,True,,204,87.6246207195492
284,2026-09-18T06:50:33.711+00:00,2026-09-18T06:55:18.211+00:00,2026-09-18T06:55:21.685+00:00,True,57,57.0,,57.0,284500.522124,287974.11982,287974.119717,5052.177538894737,39.360176,284500.522124,37674.80003007063,78.1474856,62.02853028571428,9.57034282566071,0.19793445340028543,37,64,,True,True,,219,87.6246207195492
286,2026-09-18T06:50:34.771+00:00,2026-09-18T06:55:18.589+00:00,2026-09-18T06:55:23.370+00:00,True,78,78.0,,78.0,283818.69393,288598.889002,288598.888921,3699.985755397436,39.638045,283818.69393,32129.110925795125,77.5474619,62.08045548051948,9.03294316309357,0.27027131070992955,37,64,,True,True,,295,87.6246207195492
285,2026-09-18T06:50:34.760+00:00,2026-09-18T06:55:19.239+00:00,2026-09-18T06:55:21.021+00:00,True,29,29.0,,29.0,284479.38451099995,286261.022143,286261.0221279999,9871.069728551722,41.852531000000006,284479.38451099995,52814.68057945024,93.438413,63.62991542857142,9.631433255513338,0.10130614284439053,37,64,,True,True,,120,87.6246207195492
287,2026-09-18T06:50:34.883+00:00,2026-09-18T06:55:22.170+00:00,2026-09-18T06:55:24.121+00:00,True,33,33.0,,33.0,287286.78110100003,289237.689261,289237.68941000005,8764.778466969698,35.741263,287286.78110100003,49999.597577356675,77.7622802,60.96588,9.821777215549247,0.11409301493285587,37,64,,True,True,,158,87.6246207195492
288,2026-09-18T06:50:35.123+00:00,2026-09-18T06:55:23.123+00:00,2026-09-18T06:55:23.305+00:00,True,4,4.0,,4.0,287999.621765,288182.133125,288182.132952,72045.533238,58.76744,287999.621765,143969.39235877155,244808.9610047,60.83712,1.7922800604012756,0.013880111013908646,37,64,,True,True,,13,87.6246207195492
289,2026-09-18T06:50:35.493+00:00,2026-09-18T06:55:25.224+00:00,2026-09-18T06:55:28.368+00:00,True,51,51.0,,51.0,289730.989804,292875.099372,292875.099397,5742.649007784314,38.452968,289730.989804,40561.649707059114,94.09650850000001,62.88219136,11.14429979786526,0.174135664347557,37,64,,True,True,,200,87.6246207195492
290,2026-09-18T06:50:35.785+00:00,2026-09-18T06:55:26.404+00:00,2026-09-18T06:55:29.946+00:00,True,59,59.0,,59.0,290619.434558,294161.254206,294161.254264,4985.783970576272,37.55707,290619.434558,37827.479501364505,92.9160479,61.065856,12.106223083401089,0.20057026259033597,37,64,,True,True,,309,87.6246207195492
291,2026-09-18T06:50:36.071+00:00,2026-09-18T06:55:27.172+00:00,2026-09-18T06:55:30.731+00:00,True,59,59.0,,59.0,291100.97089600004,294659.63636800006,294659.63635900005,4994.231124728814,39.042007,291100.97089600004,37890.13242394617,91.97077789999999,61.35630124137931,12.254630380806937,0.20023102155164194,37,64,,True,True,,266,87.6246207195492
292,2026-09-18T06:50:36.477+00:00,2026-09-18T06:55:28.909+00:00,2026-09-18T06:55:29.073+00:00,True,4,4.0,,4.0,292431.81592699996,292596.39448699995,292596.394308,73149.098577,43.552889,292431.81592699996,146188.47845297455,248576.22086419995,54.85952,9.814570228090073,0.013670708441274795,37,64,,True,True,,23,87.6246207195492
293,2026-09-18T06:50:36.830+00:00,2026-09-18T06:55:30.294+00:00,2026-09-18T06:55:34.643+00:00,True,70,70.0,,70.0,293463.906029,297812.965869,297812.96593,4254.470941857143,41.398603,293463.906029,35068.1133382377,91.38570565,63.02985275362319,9.307958808564921,0.23504685162294492,37,64,,True,True,,402,87.6246207195492
294,2026-09-18T06:50:37.236+00:00,2026-09-18T06:55:31.695+00:00,2026-09-18T06:55:37.244+00:00,False,89,88.0,,88.0,294459.203989,300007.868565,300007.868519,3370.874927179775,0.02126,294459.203989,31205.93234527778,94.1016694,63.053006545454544,13.18285117489318,0.29332563982712284,37,64,,True,False,Request timeout: 300.0s exceeded,426,87.6246207195492
295,2026-09-18T06:50:37.580+00:00,2026-09-18T06:55:32.815+00:00,2026-09-18T06:55:33.701+00:00,True,15,15.0,,15.0,295235.660782,296121.28971,296121.28976099996,19741.4193174,42.802279999999996,295235.660782,76213.186864409,88630.3696296,63.259209142857145,9.016233331863443,0.050654919187640736,37,64,,True,True,,80,87.6246207195492
296,2026-09-18T06:50:37.916+00:00,2026-09-18T06:55:34.079+00:00,2026-09-18T06:55:36.867+00:00,True,44,44.0,,44.0,296163.284061,298950.631773,298950.631642,6794.3325373181815,41.970411,296163.284061,44638.52395368088,92.2301693,64.8220398139535,10.678330091034413,0.14718149193747213,37,64,,True,True,,221,87.6246207195492
297,2026-09-18T06:50:38.201+00:00,2026-09-18T06:55:35.275+00:00,2026-09-18T06:55:38.211+00:00,False,47,46.0,,46.0,297074.812932,300010.316548,300010.31651599996,6383.19822374468,0.02256,297074.812932,43323.50934619819,94.16852730000001,63.815296,15.46760481776296,0.15332806061234316,37,64,,True,False,Request timeout: 300.0s exceeded,257,87.6246207195492
298,2026-09-18T06:50:38.515+00:00,2026-09-18T06:55:36.743+00:00,2026-09-18T06:55:38.524+00:00,False,30,29.0,,29.0,298227.55928,300008.99928,300008.99939899996,10000.299979966667,0.034820000000000004,298227.55928,54437.440614379986,91.20704565,61.42896551724138,15.495618199168893,0.09666376698565013,37,64,,True,False,Request timeout: 300.0s exceeded,102,87.6246207195492
299,2026-09-18T06:50:38.930+00:00,2026-09-18T06:55:38.274+00:00,2026-09-18T06:55:38.522+00:00,True,5,5.0,,5.0,299344.201063,299592.12426300003,299592.124418,59918.424883600004,53.1383,299344.201063,133843.07793472745,239489.64630560004,61.9808,7.534019653173198,0.016689357279668336,37,64,,True,True,,12,87.6246207195492
300,2026-09-18T06:50:39.295+00:00,2026-09-18T06:55:39.386+00:00,2026-09-18T06:55:39.386+00:00,False,1,0.0,,0.0,300090.270782,300090.270782,300090.270782,300090.270782,300090.270782,300090.270782,nan,300090.270782,nan,nan,0.0,37,64,,True,False,"HTTPConnectionPool(host='gpu03', port=9002): Read timed out.",0,87.6246207195492
301,2026-09-18T06:50:39.565+00:00,2026-09-18T06:55:39.670+00:00,2026-09-18T06:55:39.670+00:00,False,1,0.0,,0.0,300105.386626,300105.386626,300105.386626,300105.386626,300105.386626,300105.386626,nan,300105.386626,nan,nan,0.0,37,64,,True,False,"HTTPConnectionPool(host='gpu03', port=9002): Read timed out.",0,87.6246207195492
302,2026-09-18T06:50:39.853+00:00,2026-09-18T06:55:39.895+00:00,2026-09-18T06:55:39.895+00:00,False,1,0.0,,0.0,300041.790508,300041.790508,300041.790508,300041.790508,300041.790508,300041.790508,nan,300041.790508,nan,nan,0.0,37,64,,True,False,TTFT timeout: 300.0s exceeded (TTFT: 300.036s),0,87.6246207195492
303,2026-09-18T06:50:40.287+00:00,2026-09-18T06:55:40.160+00:00,2026-09-18T06:55:40.319+00:00,False,4,3.0,,3.0,299872.83061400003,300031.812502,300031.81240600004,75007.95310150001,0.03542,299872.83061400003,149909.9233085565,254905.53926990004,52.99396266666666,47.26251729915728,0.009998939695703108,37,64,,True,False,Request timeout: 300.0s exceeded,17,87.6246207195492
304,2026-09-18T06:50:40.588+00:00,2026-09-18T06:55:40.521+00:00,2026-09-18T06:55:40.611+00:00,False,3,2.0,,2.0,299932.624144,300022.41128,300022.411145,100007.47038166667,0.02072,299932.624144,173140.26782853232,269948.3383577,44.893568,63.459767596489414,0.006666168675424292,37,64,,True,False,Request timeout: 300.0s exceeded,6,87.6246207195492
305,2026-09-18T06:50:40.975+00:00,2026-09-18T06:55:41.072+00:00,2026-09-18T06:55:41.072+00:00,False,1,0.0,,0.0,300097.17267500004,300097.17267500004,300097.17267500004,300097.17267500004,300097.17267500004,300097.17267500004,nan,300097.17267500004,nan,nan,0.0,37,64,,True,False,"HTTPConnectionPool(host='gpu03', port=9002): Read timed out.",0,87.6246207195492
306,2026-09-18T06:50:41.434+00:00,2026-09-18T06:55:41.410+00:00,2026-09-18T06:55:41.500+00:00,False,3,2.0,,2.0,299975.99009100004,300065.75649100007,300065.75641200005,100021.91880400002,0.02919,299975.99009100004,173165.31113379402,269987.36479500006,44.8832,63.4331577540998,0.006665205731531004,37,64,,True,False,Request timeout: 300.0s exceeded,7,87.6246207195492
307,2026-09-18T06:50:41.838+00:00,2026-09-18T06:55:41.834+00:00,2026-09-18T06:55:41.894+00:00,False,3,2.0,,2.0,299996.405522,300055.495698,300055.495731,100018.49857699999,0.02237,299996.405522,173185.9501263574,270002.6717537,29.545088,41.75120474797344,0.006665433657022436,37,64,,True,False,Request timeout: 300.0s exceeded,10,87.6246207195492
308,2026-09-18T06:50:42.149+00:00,2026-09-18T06:55:42.261+00:00,2026-09-18T06:55:42.261+00:00,False,1,0.0,,0.0,300111.27131800004,300111.27131800004,300111.27131800004,300111.27131800004,300111.27131800004,300111.27131800004,nan,300111.27131800004,nan,nan,0.0,37,64,,True,False,"HTTPConnectionPool(host='gpu03', port=9002): Read timed out.",0,87.6246207195492
309,2026-09-18T06:50:42.403+00:00,2026-09-18T06:55:42.517+00:00,2026-09-18T06:55:42.517+00:00,False,1,0.0,,0.0,300113.575306,300113.575306,300113.575306,300113.575306,300113.575306,300113.575306,nan,300113.575306,nan,nan,0.0,37,64,,True,False,"HTTPConnectionPool(host='gpu03', port=9002): Read timed out.",0,87.6246207195492
310,2026-09-18T06:50:42.679+00:00,2026-09-18T06:55:42.747+00:00,2026-09-18T06:55:42.747+00:00,False,1,0.0,,0.0,300068.644554,300068.644554,300068.644554,300068.644554,300068.644554,300068.644554,nan,300068.644554,nan,nan,0.0,37,64,,True,False,TTFT timeout: 300.0s exceeded (TTFT: 300.047s),0,87.6246207195492
311,2026-09-18T06:50:42.959+00:00,2026-09-18T06:55:42.820+00:00,2026-09-18T06:55:42.978+00:00,False,4,3.0,,3.0,299860.525418,300018.935146,300018.93533,75004.7338325,0.036829,299860.525418,149903.86582922845,254894.465975,52.80324266666666,46.32623613359796,0.009999368868301902,37,64,,True,False,Request timeout: 300.0s exceeded,11,87.6246207195492
312,2026-09-18T06:50:43.305+00:00,2026-09-18T06:55:43.142+00:00,2026-09-18T06:55:43.373+00:00,False,6,5.0,,5.0,299836.425014,300067.44453399995,300067.44458099996,50011.2407635,0.03789,299836.425014,122388.84784152609,224894.29919624998,46.203904,28.093281934018606,0.0166629205902857,37,64,,True,False,Request timeout: 300.0s exceeded,14,87.6246207195492
313,2026-09-18T06:50:43.624+00:00,2026-09-18T06:55:43.730+00:00,2026-09-18T06:55:43.730+00:00,False,1,0.0,,0.0,300106.06723000004,300106.06723000004,300106.06723000004,300106.06723000004,300106.06723000004,300106.06723000004,nan,300106.06723000004,nan,nan,0.0,37,64,,True,False,"HTTPConnectionPool(host='gpu03', port=9002): Read timed out.",0,87.6246207195492
314,2026-09-18T06:50:44.014+00:00,2026-09-18T06:55:44.074+00:00,2026-09-18T06:55:44.074+00:00,False,1,0.0,,0.0,300059.573768,300059.573768,300059.573768,300059.573768,300059.573768,300059.573768,nan,300059.573768,nan,nan,0.0,37,64,,True,False,"HTTPConnectionPool(host='gpu03', port=9002): Read timed out.",0,87.6246207195492
315,2026-09-18T06:50:44.404+00:00,2026-09-18T06:55:44.356+00:00,2026-09-18T06:55:44.424+00:00,False,3,2.0,,2.0,299952.498128,300019.9636,300019.963692,100006.654564,0.018969999999999997,299952.498128,173158.18318956453,269963.9929746,33.732736,47.678501885425554,0.006666223060631022,37,64,,True,False,Request timeout: 300.0s exceeded,4,87.6246207195492
316,2026-09-18T06:50:44.850+00:00,2026-09-18T06:55:44.628+00:00,2026-09-18T06:55:45.857+00:00,False,22,21.0,,21.0,299778.07055400003,301006.80553,301006.805408,13682.127518545456,0.020909,299778.07055400003,63900.42774950355,93.11755015000003,58.511189333333334,20.017097417291385,0.0697658644728118,37,64,,True,False,Request timeout: 300.0s exceeded,88,87.6246207195492
317,2026-09-18T06:50:45.241+00:00,2026-09-18T06:55:45.537+00:00,2026-09-18T06:55:45.910+00:00,False,8,7.0,,7.0,300296.462872,300669.448984,300669.448962,37583.68112025,0.02253,300296.462872,106151.99726880873,195224.78766909998,53.283730285714284,28.50132484759269,0.023281381010454776,37,64,,True,False,Request timeout: 300.0s exceeded,25,87.6246207195492
319,2026-09-18T06:50:46.082+00:00,2026-09-18T06:55:46.190+00:00,2026-09-18T06:55:46.190+00:00,False,1,0.0,,0.0,300107.20024599996,300107.20024599996,300107.20024599996,300107.20024599996,300107.20024599996,300107.20024599996,nan,300107.20024599996,nan,nan,0.0,37,64,,True,False,"HTTPConnectionPool(host='gpu03', port=9002): Read timed out.",0,87.6246207195492
320,2026-09-18T06:50:46.460+00:00,2026-09-18T06:55:46.714+00:00,2026-09-18T06:55:46.714+00:00,False,1,0.0,,0.0,300253.659471,300253.659471,300253.659471,300253.659471,300253.659471,300253.659471,nan,300253.659471,nan,nan,0.0,37,64,,True,False,"HTTPConnectionPool(host='gpu03', port=9002): Read timed out.",0,87.6246207195492
318,2026-09-18T06:50:45.660+00:00,2026-09-18T06:55:46.773+00:00,2026-09-18T06:55:46.773+00:00,False,1,0.0,,0.0,301112.64713,301112.64713,301112.64713,301112.64713,301112.64713,301112.64713,nan,301112.64713,nan,nan,0.0,37,64,,True,False,"HTTPConnectionPool(host='gpu03', port=9002): Read timed out.",0,87.6246207195492
321,2026-09-18T06:50:46.747+00:00,2026-09-18T06:55:46.860+00:00,2026-09-18T06:55:46.860+00:00,False,1,0.0,,0.0,300112.442598,300112.442598,300112.442598,300112.442598,300112.442598,300112.442598,nan,300112.442598,nan,nan,0.0,37,64,,True,False,"HTTPConnectionPool(host='gpu03', port=9002): Read timed out.",0,87.6246207195492
322,2026-09-18T06:50:47.076+00:00,2026-09-18T06:55:47.107+00:00,2026-09-18T06:55:47.107+00:00,False,1,0.0,,0.0,300030.926523,300030.926523,300030.926523,300030.926523,300030.926523,300030.926523,nan,300030.926523,nan,nan,0.0,37,64,,True,False,TTFT timeout: 300.0s exceeded (TTFT: 300.024s),0,87.6246207195492
323,2026-09-18T06:50:47.329+00:00,2026-09-18T06:55:47.288+00:00,2026-09-18T06:55:47.352+00:00,False,3,2.0,,2.0,299959.186292,300022.697076,300022.697002,100007.56566733333,0.02462,299959.186292,173163.18589602847,269969.6162718,31.755392,44.87378829369324,0.0066661623253569105,37,64,,True,False,Request timeout: 300.0s exceeded,3,87.6246207195492
324,2026-09-18T06:50:47.733+00:00,2026-09-18T06:55:47.352+00:00,2026-09-18T06:55:47.795+00:00,False,10,9.0,,9.0,299619.16547899996,300062.11203899997,300062.112018,30006.211201799997,0.0555,299619.16547899996,94732.33792515195,164819.36877844998,49.21628444444445,21.281561270344092,0.029993790081802273,37,64,,True,False,Request timeout: 300.0s exceeded,38,87.6246207195492
325,2026-09-18T06:50:48.178+00:00,2026-09-18T06:55:48.292+00:00,2026-09-18T06:55:48.292+00:00,False,1,0.0,,0.0,300114.526349,300114.526349,300114.526349,300114.526349,300114.526349,300114.526349,nan,300114.526349,nan,nan,0.0,37,64,,True,False,"HTTPConnectionPool(host='gpu03', port=9002): Read timed out.",0,87.6246207195492
326,2026-09-18T06:50:48.575+00:00,2026-09-18T06:55:48.557+00:00,2026-09-18T06:55:48.655+00:00,False,3,2.0,,2.0,299981.524538,300079.881786,300079.881814,100026.62727133333,0.03631,299981.524538,173166.0276170266,269993.2041808,49.178624,69.49766754822761,0.006664891988414895,37,64,,True,False,Request timeout: 300.0s exceeded,7,87.6246207195492
327,2026-09-18T06:50:48.870+00:00,2026-09-18T06:55:48.747+00:00,2026-09-18T06:55:48.888+00:00,False,4,3.0,,3.0,299876.880617,300018.151657,300018.151792,75004.537948,0.028050000000000002,299876.880617,149914.89881075194,254906.15632819998,47.09034666666666,40.782372526684874,0.009999394981373633,37,64,,True,False,Request timeout: 300.0s exceeded,10,87.6246207195492
328,2026-09-18T06:50:49.204+00:00,2026-09-18T06:55:49.177+00:00,2026-09-18T06:55:49.240+00:00,False,3,2.0,,2.0,299973.717767,300036.241671,300036.24153,100012.08051000001,0.05155,299973.717767,173171.86045937092,269982.59321160003,31.261952,44.13794469291927,0.006665861393481486,37,64,,True,False,Request timeout: 300.0s exceeded,5,87.6246207195492
329,2026-09-18T06:50:49.570+00:00,2026-09-18T06:55:49.705+00:00,2026-09-18T06:55:49.705+00:00,False,1,0.0,,0.0,300134.449736,300134.449736,300134.449736,300134.449736,300134.449736,300134.449736,nan,300134.449736,nan,nan,0.0,37,64,,True,False,"HTTPConnectionPool(host='gpu03', port=9002): Read timed out.",0,87.6246207195492
330,2026-09-18T06:50:49.867+00:00,2026-09-18T06:55:49.973+00:00,2026-09-18T06:55:49.973+00:00,False,1,0.0,,0.0,300106.81956,300106.81956,300106.81956,300106.81956,300106.81956,300106.81956,nan,300106.81956,nan,nan,0.0,37,64,,True,False,"HTTPConnectionPool(host='gpu03', port=9002): Read timed out.",0,87.6246207195492
331,2026-09-18T06:50:50.164+00:00,2026-09-18T06:55:50.095+00:00,2026-09-18T06:55:50.095+00:00,True,1,1.0,,1.0,299930.541223,299930.541223,299930.541223,299930.541223,299930.541223,299930.541223,nan,299930.541223,nan,nan,0.003334105276249592,37,64,,True,True,,2,87.6246207195492
332,2026-09-18T06:50:50.583+00:00,2026-09-18T06:55:50.454+00:00,2026-09-18T06:55:50.638+00:00,False,5,4.0,,4.0,299870.428656,300054.358,300054.358151,60010.8716302,0.037469999999999996,299870.428656,134085.57129852,239909.28532260002,45.982336,30.82770645900539,0.013330917859889909,37,64,,True,False,Request timeout: 300.0s exceeded,17,87.6246207195492
333,2026-09-18T06:50:50.846+00:00,2026-09-18T06:55:50.926+00:00,2026-09-18T06:55:50.926+00:00,False,1,0.0,,0.0,300079.55983700004,300079.55983700004,300079.55983700004,300079.55983700004,300079.55983700004,300079.55983700004,nan,300079.55983700004,nan,nan,0.0,37,64,,True,False,"HTTPConnectionPool(host='gpu03', port=9002): Read timed out.",0,87.6246207195492
334,2026-09-18T06:50:51.241+00:00,2026-09-18T06:55:51.304+00:00,2026-09-18T06:55:51.304+00:00,False,1,0.0,,0.0,300062.701388,300062.701388,300062.701388,300062.701388,300062.701388,300062.701388,nan,300062.701388,nan,nan,0.0,37,64,,True,False,TTFT timeout: 300.0s exceeded (TTFT: 300.041s),0,87.6246207195492
335,2026-09-18T06:50:51.570+00:00,2026-09-18T06:55:51.551+00:00,2026-09-18T06:55:51.680+00:00,False,4,3.0,,3.0,299981.26360299997,300110.50878699997,300110.50862,75027.627155,0.038519,299981.26360299997,149969.0958469041,254998.02497095,43.081728,46.8641599959686,0.00999631773017724,37,64,,True,False,Request timeout: 300.0s exceeded,5,87.6246207195492
336,2026-09-18T06:50:51.946+00:00,2026-09-18T06:55:51.859+00:00,2026-09-18T06:55:51.984+00:00,False,4,3.0,,3.0,299913.34677999996,300038.61397999997,300038.614075,75009.65351875,0.08073999999999999,299913.34677999996,149935.79840981372,254935.98815335,41.75573333333334,36.13151628781351,0.009998713032983064,37,64,,True,False,Request timeout: 300.0s exceeded,6,87.6246207195492
337,2026-09-18T06:50:52.360+00:00,2026-09-18T06:55:52.465+00:00,2026-09-18T06:55:52.465+00:00,False,1,0.0,,0.0,300104.78843,300104.78843,300104.78843,300104.78843,300104.78843,300104.78843,nan,300104.78843,nan,nan,0.0,37,64,,True,False,"HTTPConnectionPool(host='gpu03', port=9002): Read timed out.",0,87.6246207195492
338,2026-09-18T06:50:52.818+00:00,2026-09-18T06:55:52.817+00:00,2026-09-18T06:55:52.888+00:00,False,3,2.0,,2.0,299999.255986,300070.221746,300070.221893,100023.40729766666,0.039740000000000004,299999.255986,173184.1687342864,270006.42300410004,35.48288,50.12425413390208,0.006665106548602936,37,64,,True,False,Request timeout: 300.0s exceeded,10,87.6246207195492
0,2026-09-18T06:48:53.173+00:00,2026-09-18T06:48:53.414+00:00,2026-09-18T06:48:58.230+00:00,True,84,84.0,,84.0,240.26093400000002,5056.924486,5056.924543,60.201482654761904,18.301116,240.26093400000002,22.77814347766708,75.0486231,58.03209098795181,11.181424440223074,16.610886761815888,38,64,,False,True,,279,87.6246207195492
1,2026-09-18T06:48:53.727+00:00,2026-09-18T06:48:53.907+00:00,2026-09-18T06:48:59.668+00:00,True,98,98.0,,98.0,180.581084,5941.060828000001,5941.06065,60.62306785714286,10.539511000000001,180.581084,15.685947504426974,69.8590025,59.38638911340206,9.857563527146601,16.495370580642707,38,64,,False,True,,534,87.6246207195492
2,2026-09-18T06:48:54.198+00:00,2026-09-18T06:48:56.310+00:00,2026-09-18T06:49:00.283+00:00,True,66,66.0,,66.0,2111.473117,6084.412125,6084.411974,92.18806021212121,12.484287,2111.473117,252.6107132703598,70.78196100000001,61.122138584615385,10.859965562705721,10.847391439645452,38,64,,False,True,,257,87.6246207195492
3,2026-09-18T06:48:54.540+00:00,2026-09-18T06:48:57.632+00:00,2026-09-18T06:49:03.551+00:00,True,100,100.0,,100.0,3091.9570550000003,9011.171903,9011.171705,90.11171705000001,0.0,3091.9570550000003,303.53050731459314,68.57459505,59.79004896969697,13.868813954046985,11.097335737953015,38,64,,False,True,,547,87.6246207195492
4,2026-09-18T06:48:55.057+00:00,2026-09-18T06:48:59.263+00:00,2026-09-18T06:49:03.860+00:00,True,78,78.0,,78.0,4206.454213999999,8803.349702,8803.349682,112.86345746153846,0.0,4206.454213999999,469.74242784506527,68.09423685,59.6999414025974,14.302680894283395,8.860263722373709,38,64,,False,True,,332,87.6246207195492
5,2026-09-18T06:48:55.489+00:00,2026-09-18T06:49:00.654+00:00,2026-09-18T06:49:01.747+00:00,True,19,19.0,,19.0,5165.028942,6258.172494,6258.172661,329.3775084736842,38.500299,5165.028942,1171.024542606381,578.351958,60.73019733333334,6.700039100750524,3.0360300899689454,38,64,,False,True,,88,87.6246207195492
6,2026-09-18T06:48:55.953+00:00,2026-09-18T06:49:02.671+00:00,2026-09-18T06:49:08.402+00:00,True,96,96.0,,96.0,6717.985936,12449.118608,12449.118536,129.67831808333332,0.0,6717.985936,680.2869637626508,70.26568175,60.327712336842104,33.00274431537652,7.711389297737823,38,64,,False,True,,434,87.6246207195492
7,2026-09-18T06:48:56.267+00:00,2026-09-18T06:49:03.798+00:00,2026-09-18T06:49:04.482+00:00,True,13,13.0,,13.0,7530.787836,8214.058236,8214.058346,631.850642,38.964748,7530.787836,2072.8966759874424,3052.4493300000004,56.9392,10.424072805570626,1.5826525240622846,38,64,,False,True,,47,87.6246207195492
8,2026-09-18T06:48:56.825+00:00,2026-09-18T06:49:05.804+00:00,2026-09-18T06:49:10.280+00:00,True,75,75.0,,75.0,8979.386344,13455.259880000001,13455.259847000001,179.40346462666668,0.0,8979.386344,1030.5970810066833,69.4044414,60.484777513513514,39.07568364629762,5.574028347938531,38,64,,False,True,,381,87.6246207195492
9,2026-09-18T06:48:57.302+00:00,2026-09-18T06:49:07.931+00:00,2026-09-18T06:49:11.036+00:00,True,56,56.0,,56.0,10628.28552,13733.583696,13733.583749,245.24256694642855,0.0,10628.28552,1413.143067061677,98.93244375,56.459966836363634,34.91106054278484,4.077595567157783,38,64,,False,True,,279,87.6246207195492
10,2026-09-18T06:48:57.863+00:00,2026-09-18T06:49:09.604+00:00,2026-09-18T06:49:13.286+00:00,True,62,62.0,,62.0,11740.198764,15422.337132,15422.337141,248.7473732419355,0.0,11740.198764,1483.51802569114,67.7775005,60.362924065573765,23.13146316954139,4.020142956890458,38,64,,False,True,,232,87.6246207195492
11,2026-09-18T06:48:58.192+00:00,2026-09-18T06:49:10.825+00:00,2026-09-18T06:49:15.446+00:00,True,78,78.0,,78.0,12632.723825,17253.526897,17253.526908,221.19906292307692,0.0,12632.723825,1423.9142522352438,70.18512284999998,60.01042950649351,31.078162373201394,4.520814814596687,38,64,,False,True,,389,87.6246207195492
12,2026-09-18T06:48:58.740+00:00,2026-09-18T06:49:12.869+00:00,2026-09-18T06:49:13.479+00:00,True,11,11.0,,11.0,14128.717425,14738.667121,14738.666972,1339.8788156363637,45.480165,14128.717425,4241.5817601538565,7097.1251915,60.994969600000005,6.018559950636608,0.7463361448965042,38,64,,False,True,,43,87.6246207195492
13,2026-09-18T06:48:59.065+00:00,2026-09-18T06:49:14.206+00:00,2026-09-18T06:49:15.383+00:00,True,21,21.0,,21.0,15141.737363,16318.071955,16318.072047,777.0510498571429,37.443981,15141.737363,3291.3736929867773,70.05608900000001,58.8167296,8.560058023944848,1.2869167422420524,38,64,,False,True,,105,87.6246207195492
14,2026-09-18T06:48:59.457+00:00,2026-09-18T06:49:15.516+00:00,2026-09-18T06:49:16.945+00:00,True,21,21.0,,21.0,16058.694969,17488.441657,17488.441802,832.782942952381,37.84513,16058.694969,3489.0566010468046,288.141805,71.48733440000001,51.55602620882961,1.200793095912834,38,64,,False,True,,99,87.6246207195492
15,2026-09-18T06:48:59.928+00:00,2026-09-18T06:49:17.301+00:00,2026-09-18T06:49:21.614+00:00,True,71,71.0,,71.0,17372.930177000002,21685.937025000003,21685.936992000003,305.43573228169015,0.0,17372.930177000002,2055.2372614453957,89.51495349999999,61.61438354285714,56.36679130858684,3.2740111676128967,38,64,,False,True,,257,87.6246207195492
16,2026-09-18T06:49:00.495+00:00,2026-09-18T06:49:19.383+00:00,2026-09-18T06:49:22.073+00:00,True,44,44.0,,44.0,18888.53766,21578.358588000003,21578.358582,490.41724050000005,0.0,18888.53766,2838.9382414125444,294.01940385,62.553975069767446,68.80090427254393,2.0390800264330093,38,64,,False,True,,164,87.6246207195492
17,2026-09-18T06:49:00.840+00:00,2026-09-18T06:49:20.702+00:00,2026-09-18T06:49:22.352+00:00,True,27,27.0,,27.0,19861.796072,21511.349992,21511.349837,796.7166606296297,0.016269,19861.796072,3810.7584030420453,283.3423088,63.444381538461535,66.84982132908011,1.2551513508004477,38,64,,False,True,,126,87.6246207195492
18,2026-09-18T06:49:01.170+00:00,2026-09-18T06:49:21.716+00:00,2026-09-18T06:49:25.721+00:00,True,67,67.0,,67.0,20546.3211,24551.079116,24551.079138,366.43401698507466,0.0,20546.3211,2503.055909167154,92.0555084,60.678151757575755,41.343773241076484,2.7290042805628016,38,64,,False,True,,250,87.6246207195492
19,2026-09-18T06:49:01.563+00:00,2026-09-18T06:49:23.338+00:00,2026-09-18T06:49:27.266+00:00,True,66,66.0,,66.0,21774.909467,25702.999579000003,25702.999688,389.4393892121212,0.0,21774.909467,2673.205995360245,87.6824475,60.43215556923077,42.87778652016221,2.5677936848243834,38,64,,False,True,,299,87.6246207195492
20,2026-09-18T06:49:02.101+00:00,2026-09-18T06:49:25.390+00:00,2026-09-18T06:49:29.849+00:00,True,75,75.0,,75.0,23289.289543000003,27747.755847,27747.755908000003,369.97007877333334,0.0,23289.289543000003,2682.615425330718,77.7285865,60.24954464864865,44.05786030689454,2.7029212889700687,38,64,,False,True,,354,87.6246207195492
21,2026-09-18T06:49:02.574+00:00,2026-09-18T06:49:27.208+00:00,2026-09-18T06:49:32.196+00:00,True,84,84.0,,84.0,24633.443675000002,29621.662555000003,29621.662576000002,352.63884019047623,0.0,24633.443675000002,2681.477528843454,67.56283715,60.09902265060241,40.74289558288763,2.835762504688353,38,64,,False,True,,574,87.6246207195492
22,2026-09-18T06:49:02.921+00:00,2026-09-18T06:49:28.455+00:00,2026-09-18T06:49:29.849+00:00,True,25,25.0,,25.0,25534.73055,26928.341302,26928.341461,1077.13365844,0.0,25534.73055,5095.362039839806,88.7023798,58.06711466666666,17.66761826711777,0.9283898967123987,38,64,,False,True,,118,87.6246207195492
23,2026-09-18T06:49:03.333+00:00,2026-09-18T06:49:30.287+00:00,2026-09-18T06:49:32.973+00:00,True,46,46.0,,46.0,26953.400984,29639.415704,29639.415573,644.3351211521739,41.234034,26953.400984,3965.267746719549,68.38821775000001,59.689216,7.1340591410543475,1.5519874095828432,38,64,,False,True,,197,87.6246207195492
24,2026-09-18T06:49:03.788+00:00,2026-09-18T06:49:32.027+00:00,2026-09-18T06:49:34.128+00:00,True,36,36.0,,36.0,28239.177184,30339.387616,30339.387702,842.7607695,0.0,28239.177184,4697.108079477902,170.76329275,60.00601234285715,74.86131664767875,1.1865763559780877,38,64,,False,True,,161,87.6246207195492
25,2026-09-18T06:49:04.286+00:00,2026-09-18T06:49:33.995+00:00,2026-09-18T06:49:39.977+00:00,True,99,99.0,,99.0,29709.360483,35691.088483,35691.088384,360.51604428282826,0.0,29709.360483,2980.5706695816903,95.9794386,61.03804081632653,69.50081424581651,2.7738016465133764,38,64,,False,True,,492,87.6246207195492
26,2026-09-18T06:49:04.592+00:00,2026-09-18T06:49:35.233+00:00,2026-09-18T06:49:37.380+00:00,True,37,37.0,,37.0,30641.504324,32788.344132,32788.344154,886.1714636216217,0.02646,30641.504324,5027.6595334585145,93.9842368,59.634439111111114,17.933167180012706,1.1284497884688727,38,64,,False,True,,187,87.6246207195492
27,2026-09-18T06:49:04.919+00:00,2026-09-18T06:49:36.286+00:00,2026-09-18T06:49:36.592+00:00,True,6,6.0,,6.0,31366.927649999998,31673.112609999996,31673.112425999996,5278.852070999999,55.463767999999995,31366.927649999998,12780.49524856887,23541.895801749997,61.236992,4.1562535765258595,0.18943512353457959,38,64,,False,True,,14,87.6246207195492
28,2026-09-18T06:49:05.389+00:00,2026-09-18T06:49:37.848+00:00,2026-09-18T06:49:43.548+00:00,True,95,95.0,,95.0,32459.076542,38158.404797999996,38158.404788,401.6674188210526,0.0,32459.076542,3324.382202942786,100.28351479999999,60.63115165957447,49.9873258766177,2.4896218933391903,38,64,,False,True,,491,87.6246207195492
29,2026-09-18T06:49:05.786+00:00,2026-09-18T06:49:39.439+00:00,2026-09-18T06:49:40.422+00:00,True,18,18.0,,18.0,33652.626445,34635.925517,34635.925621,1924.2180900555556,34.554337,33652.626445,7918.373467989942,5107.5550757500005,57.841121882352944,10.563202487442728,0.5196916130093086,38,64,,False,True,,118,87.6246207195492
30,2026-09-18T06:49:06.280+00:00,2026-09-18T06:49:41.449+00:00,2026-09-18T06:49:42.197+00:00,True,13,13.0,,13.0,35169.842562,35917.093506,35917.093713999995,2762.8533626153844,39.556687,35169.842562,9737.10394686555,14125.305276599998,62.270912,18.15222851078347,0.3619446545090942,38,64,,False,True,,61,87.6246207195492
31,2026-09-18T06:49:06.747+00:00,2026-09-18T06:49:43.204+00:00,2026-09-18T06:49:45.272+00:00,True,25,25.0,,25.0,36457.600153,38525.661849,38525.661768,1541.02647072,31.112933,36457.600153,7275.077751266088,499.6321520000001,86.16923733333333,109.6245163507038,0.6489181184735161,38,64,,False,True,,44,87.6246207195492
32,2026-09-18T06:49:07.248+00:00,2026-09-18T06:49:45.295+00:00,2026-09-18T06:49:49.195+00:00,True,70,70.0,,70.0,38047.098648,41947.23996,41947.240043,599.2462863285714,0.0,38047.098648,4541.318126914474,84.7604623,56.52378713043478,72.853049111763,1.6687629523837688,38,64,,False,True,,351,87.6246207195492
33,2026-09-18T06:49:07.922+00:00,2026-09-18T06:49:47.354+00:00,2026-09-18T06:49:48.783+00:00,True,15,15.0,,15.0,39431.973891999995,40860.314115999994,40860.314186999996,2724.0209457999995,56.817305,39431.973891999995,10155.8820455638,12248.296723799996,102.02430171428571,142.834759870429,0.3671043731434833,38,64,,False,True,,67,87.6246207195492
34,2026-09-18T06:49:08.195+00:00,2026-09-18T06:49:49.130+00:00,2026-09-18T06:49:52.456+00:00,True,53,53.0,,53.0,40934.717744,44260.631088,44260.631228,835.1062495849056,0.0,40934.717744,5614.684017069484,89.488435,63.959872,86.50873431913429,1.1974524243593405,38,64,,False,True,,209,87.6246207195492
35,2026-09-18T06:49:08.595+00:00,2026-09-18T06:49:50.290+00:00,2026-09-18T06:49:55.317+00:00,True,82,82.0,,82.0,41695.010076,46721.653787999996,46721.653813,569.7762660121952,0.0,41695.010076,4598.144825092402,76.37815645,62.057329777777774,71.84066602053854,1.755074860407893,38,64,,False,True,,297,87.6246207195492
36,2026-09-18T06:49:08.959+00:00,2026-09-18T06:49:52.467+00:00,2026-09-18T06:49:53.851+00:00,True,32,32.0,,32.0,43507.725067,44892.342283,44892.342272,1402.885696,0.0,43507.725067,7683.312768325833,78.5945644,44.66507148387097,29.99350190932756,0.7128164487001579,38,64,,False,True,,132,87.6246207195492
37,2026-09-18T06:49:09.514+00:00,2026-09-18T06:49:54.523+00:00,2026-09-18T06:49:59.642+00:00,True,83,83.0,,83.0,45009.490144,50127.812064000005,50127.812242,603.9495450843374,33.966268,45009.490144,4933.600953195431,95.9623971,62.41856,13.741009740531313,1.6557674588715516,38,64,,False,True,,415,87.6246207195492
38,2026-09-18T06:49:09.885+00:00,2026-09-18T06:49:56.071+00:00,2026-09-18T06:49:57.963+00:00,True,32,32.0,,32.0,46186.120959,48078.153727,48078.153869,1502.44230840625,35.181485,46186.120959,8153.853192338044,94.88762535,61.03331509677419,14.58830355556369,0.665582962725735,38,64,,False,True,,147,87.6246207195492
39,2026-09-18T06:49:10.425+00:00,2026-09-18T06:49:58.131+00:00,2026-09-18T06:50:04.177+00:00,True,98,98.0,,98.0,47706.878700999994,53752.404461,53752.404387999995,548.4939223265305,0.0,47706.878700999994,4814.765159278097,95.01291125,62.325007835051544,137.3206232991619,1.8231742557880142,38,64,,False,True,,360,87.6246207195492
40,2026-09-18T06:49:10.786+00:00,2026-09-18T06:49:59.525+00:00,2026-09-18T06:50:03.522+00:00,True,66,66.0,,66.0,48739.907339000005,52736.284683000005,52736.284847,799.0346188939395,0.0,48739.907339000005,5994.016755684715,88.69561425,61.48272836923077,160.52833129696725,1.251510234305066,38,64,,False,True,,335,87.6246207195492
41,2026-09-18T06:49:11.228+00:00,2026-09-18T06:50:01.186+00:00,2026-09-18T06:50:06.615+00:00,True,88,88.0,,88.0,49958.075348,55387.289555999996,55387.289593,629.4010181022727,0.01582,49958.075348,5319.844867198912,96.83934355,62.40476101149426,101.03614299737905,1.588812175237904,38,64,,False,True,,270,87.6246207195492
42,2026-09-18T06:49:11.694+00:00,2026-09-18T06:50:03.521+00:00,2026-09-18T06:50:08.787+00:00,True,84,84.0,,84.0,51826.551638,57092.834645999996,57092.834633,679.6766027738095,34.615746,51826.551638,5647.833096528873,94.569073,63.449192867469876,13.352065380657358,1.4712879562003875,38,64,,False,True,,346,87.6246207195492
43,2026-09-18T06:49:12.262+00:00,2026-09-18T06:50:05.767+00:00,2026-09-18T06:50:05.825+00:00,True,2,2.0,,2.0,53505.082409,53563.292969,53563.292961,26781.6464805,58.210552,53505.082409,37792.64552329315,50832.738816150006,58.21056,nan,0.03733900380541407,38,64,,False,True,,11,87.6246207195492
44,2026-09-18T06:49:12.704+00:00,2026-09-18T06:50:07.531+00:00,2026-09-18T06:50:07.754+00:00,True,5,5.0,,5.0,54827.202055,55049.985287,55049.985304,11009.9970608,32.4929,54827.202055,24494.56621409749,43875.6752424,55.695808,16.116172219463362,0.0908265456190911,38,64,,False,True,,46,87.6246207195492
45,2026-09-18T06:49:13.187+00:00,2026-09-18T06:50:09.915+00:00,2026-09-18T06:50:12.277+00:00,True,50,50.0,,50.0,56727.432797,59089.393757,59089.393899,1181.78787798,0.0,56727.432797,8015.69904587579,91.13550895,48.20328489795918,27.299232527016567,0.846175545574569,38,64,,False,True,,270,87.6246207195492
46,2026-09-18T06:49:13.510+00:00,2026-09-18T06:50:10.536+00:00,2026-09-18T06:50:11.741+00:00,True,20,20.0,,20.0,57025.775950999996,58230.965839,58230.96595799999,2911.5482979,35.041516,57025.775950999996,12737.17713548209,2943.8785535,63.431046736842106,16.067143678908405,0.34345987073779677,38,64,,False,True,,93,87.6246207195492
47,2026-09-18T06:49:13.950+00:00,2026-09-18T06:50:12.035+00:00,2026-09-18T06:50:12.935+00:00,True,17,17.0,,17.0,58085.083312,58984.714928,58984.714813000006,3469.689106647059,35.401714999999996,58085.083312,14074.069013033351,11670.7808272,56.226976,11.054010561955751,0.2882102595689602,38,64,,False,True,,70,87.6246207195492
48,2026-09-18T06:49:14.457+00:00,2026-09-18T06:50:14.205+00:00,2026-09-18T06:50:16.044+00:00,True,30,30.0,,30.0,59748.669911,61587.275990999995,61587.276039,2052.9092013,37.353421000000004,59748.669911,10896.99419162356,88.99943675,63.40020965517242,10.266907064447153,0.487113604511166,38,64,,False,True,,141,87.6246207195492
49,2026-09-18T06:49:14.946+00:00,2026-09-18T06:50:16.046+00:00,2026-09-18T06:50:17.956+00:00,True,31,31.0,,31.0,61100.777002999996,63010.648875,63010.648699,2032.6015709354838,0.01632,61100.777002999996,10963.586694260994,474.69488500000006,63.662395733333334,150.4020440974889,0.49198033274498637,38,64,,False,True,,174,87.6246207195492
50,2026-09-18T06:49:15.312+00:00,2026-09-18T06:50:17.544+00:00,2026-09-18T06:50:23.658+00:00,True,98,98.0,,98.0,62232.21137,68346.362538,68346.362471,697.4118619489795,0.0,62232.21137,6280.710332731821,93.24869220000001,63.03248626804124,92.55084451893372,1.433872943062812,38,64,,False,True,,455,87.6246207195492
51,2026-09-18T06:49:15.701+00:00,2026-09-18T06:50:18.904+00:00,2026-09-18T06:50:20.203+00:00,True,21,21.0,,21.0,63203.007835000004,64501.05865100001,64501.058641,3071.4789829047622,0.0,63203.007835000004,13779.31671244734,928.416998,64.9025408,205.2701798398122,0.325576051606006,38,64,,False,True,,117,87.6246207195492
52,2026-09-18T06:49:16.152+00:00,2026-09-18T06:50:20.739+00:00,2026-09-18T06:50:26.083+00:00,True,85,85.0,,85.0,64586.873648,69931.21336,69931.213439,822.7201581058823,36.979332,64586.873648,6998.538595723636,91.62177940000001,63.62309180952381,11.572650857673882,1.2154801256261227,38,64,,False,True,,387,87.6246207195492
53,2026-09-18T06:49:16.639+00:00,2026-09-18T06:50:22.245+00:00,2026-09-18T06:50:27.119+00:00,True,78,78.0,,78.0,65605.672835,70480.007043,70480.006863,903.5898315769232,34.816326000000004,65605.672835,7421.22178198363,92.7225447,63.30304166233766,12.123273304889155,1.1066968247096234,38,64,,False,True,,384,87.6246207195492
54,2026-09-18T06:49:17.188+00:00,2026-09-18T06:50:24.838+00:00,2026-09-18T06:50:25.809+00:00,True,17,17.0,,17.0,67650.40956,68621.319256,68621.319469,4036.5482040588236,39.910976000000005,67650.40956,16392.921214159607,13600.036183199998,60.681856,12.35188805489307,0.24773642046401753,38,64,,False,True,,86,87.6246207195492
55,2026-09-18T06:49:17.625+00:00,2026-09-18T06:50:26.236+00:00,2026-09-18T06:50:27.794+00:00,True,26,26.0,,26.0,68611.252923,70168.28153099999,70168.28153099999,2698.7800588846153,37.007161999999994,68611.252923,13443.563822447257,90.53183325,62.28114432,11.113083884133568,0.37053779047607616,38,64,,False,True,,113,87.6246207195492
56,2026-09-18T06:49:18.084+00:00,2026-09-18T06:50:27.977+00:00,2026-09-18T06:50:32.409+00:00,True,72,72.0,,72.0,69892.794115,74324.574211,74324.5742,1032.2857527777778,0.0,69892.794115,8230.46895633169,93.54066620000002,62.41943797183099,121.23569932808141,0.9687240157689869,38,64,,False,True,,356,87.6246207195492
57,2026-09-18T06:49:18.414+00:00,2026-09-18T06:50:29.196+00:00,2026-09-18T06:50:29.400+00:00,True,5,5.0,,5.0,70781.78119,70986.258118,70986.25829299999,14197.251658599998,35.383345,70781.78119,31631.717329529572,56639.12209679999,51.119232,17.673004068953528,0.07043616796491135,38,64,,False,True,,15,87.6246207195492
58,2026-09-18T06:49:18.812+00:00,2026-09-18T06:50:30.673+00:00,2026-09-18T06:50:34.718+00:00,True,58,58.0,,58.0,71860.933714,75905.377618,75905.377563,1308.7134062586206,0.0,71860.933714,9428.172364893906,225.96816815,70.95515621052631,179.89893842602578,0.7641092346828142,38,64,,False,True,,245,87.6246207195492
59,2026-09-18T06:49:19.197+00:00,2026-09-18T06:50:32.273+00:00,2026-09-18T06:50:37.444+00:00,True,87,87.0,,87.0,73075.40612,78247.015208,78247.015159,899.3909788390805,0.01681,73075.40612,7828.875917401638,89.917536,60.13498939534884,113.77605180860571,1.1118634975242494,38,64,,False,True,,380,87.6246207195492
60,2026-09-18T06:49:19.666+00:00,2026-09-18T06:50:34.819+00:00,2026-09-18T06:50:36.506+00:00,True,42,42.0,,42.0,75153.460901,76839.899301,76839.89925,1829.5214107142856,0.01618,75153.460901,11590.120729484503,80.94643040000001,41.13264390243903,29.591925822920988,0.5465910338517767,38,64,,False,True,,207,87.6246207195492
61,2026-09-18T06:49:20.046+00:00,2026-09-18T06:50:35.365+00:00,2026-09-18T06:50:40.078+00:00,True,78,78.0,,78.0,75319.37590099999,80031.489565,80031.489454,1026.0447365897435,36.999291,75319.37590099999,8521.31881586591,76.39807135,61.19628135064935,11.734147776055062,0.9746163719300756,38,64,,False,True,,328,87.6246207195492
62,2026-09-18T06:49:20.575+00:00,2026-09-18T06:50:37.578+00:00,2026-09-18T06:50:39.116+00:00,True,24,24.0,,24.0,77002.474193,78540.815569,78540.81568500001,3272.533986875,57.813563,77002.474193,15704.41621738449,104.63523775,66.88440765217392,12.443575282080069,0.3055736030512113,38,64,,False,True,,91,87.6246207195492
63,2026-09-18T06:49:21.115+00:00,2026-09-18T06:50:39.494+00:00,2026-09-18T06:50:40.356+00:00,True,15,15.0,,15.0,78378.974111,79240.883103,79240.88310600001,5282.7255404,40.825044999999996,78378.974111,20221.473295085507,23583.494193500002,61.564928,15.043785602184538,0.1892962245322593,38,64,,False,True,,53,87.6246207195492
64,2026-09-18T06:49:21.636+00:00,2026-09-18T06:50:40.853+00:00,2026-09-18T06:50:41.894+00:00,True,17,17.0,,17.0,79217.141403,80258.057627,80258.057507,4721.0622062941175,35.317175000000006,79217.141403,19197.208315218035,15930.454135799999,65.057264,18.228941013952596,0.21181673843899443,38,64,,False,True,,54,87.6246207195492
65,2026-09-18T06:49:22.015+00:00,2026-09-18T06:50:43.049+00:00,2026-09-18T06:50:47.882+00:00,True,79,79.0,,79.0,81033.734984,85866.747464,85866.74760999999,1086.9208558227847,0.0,81033.734984,9110.973219826355,93.42304589999999,61.96169846153846,131.5080445584446,0.920030190186499,38,64,,False,True,,328,87.6246207195492
66,2026-09-18T06:49:22.440+00:00,2026-09-18T06:50:44.506+00:00,2026-09-18T06:50:47.388+00:00,True,47,47.0,,47.0,82065.908427,84948.232907,84948.232883,1807.4092102765958,0.0,82065.908427,11962.587692698296,82.64586600000001,62.659227826086955,170.19507722986984,0.5532781364793646,38,64,,False,True,,193,87.6246207195492
67,2026-09-18T06:49:22.863+00:00,2026-09-18T06:50:45.915+00:00,2026-09-18T06:50:50.977+00:00,True,84,84.0,,84.0,83052.375935,88114.469759,88114.46969700001,1048.9817821071429,34.975165999999994,83052.375935,9055.107824664032,77.60399175,60.989082216867466,9.717345885314204,0.9533054018227267,38,64,,False,True,,519,87.6246207195492
68,2026-09-18T06:49:23.219+00:00,2026-09-18T06:50:47.491+00:00,2026-09-18T06:50:50.378+00:00,True,48,48.0,,48.0,84271.63364100001,87159.554537,87159.55459700001,1815.8240541041669,36.923071,84271.63364100001,12154.698479940344,88.7000648,61.44512544680851,10.836822348739895,0.5507141501007049,38,64,,False,True,,161,87.6246207195492
69,2026-09-18T06:49:23.704+00:00,2026-09-18T06:50:49.402+00:00,2026-09-18T06:50:51.363+00:00,True,33,33.0,,33.0,85697.828925,87659.118653,87659.118796,2656.336933212121,40.569675000000004,85697.828925,14907.410911616036,82.0657276,61.290304,9.616962683321027,0.3764582681994673,38,64,,False,True,,130,87.6246207195492
70,2026-09-18T06:49:24.040+00:00,2026-09-18T06:50:50.374+00:00,2026-09-18T06:50:53.637+00:00,True,54,54.0,,54.0,86334.03001100001,89597.155003,89597.15500200001,1659.2065741111112,40.566545,86334.03001100001,11740.198283925192,78.17235649999999,61.568396075471696,8.87934680094433,0.6026977084059411,38,64,,False,True,,269,87.6246207195492
71,2026-09-18T06:49:24.558+00:00,2026-09-18T06:50:52.388+00:00,2026-09-18T06:50:56.061+00:00,True,59,59.0,,59.0,87829.70912700001,91503.11456700001,91503.11468900001,1550.9002489661018,38.513768,87829.70912700001,11426.215329906736,94.78244869999999,63.33457655172413,12.39468300534538,0.6447867952822445,38,64,,False,True,,292,87.6246207195492
72,2026-09-18T06:49:24.907+00:00,2026-09-18T06:50:53.699+00:00,2026-09-18T06:50:59.117+00:00,True,87,87.0,,87.0,88791.36959900001,94209.544575,94209.54445200002,1082.868327034483,36.444493,88791.36959900001,9512.68490358695,92.8013564,63.00203460465116,10.192819629366138,0.9234733104005135,38,64,,False,True,,328,87.6246207195492
73,2026-09-18T06:49:25.463+00:00,2026-09-18T06:50:55.617+00:00,2026-09-18T06:51:01.338+00:00,True,93,93.0,,93.0,90153.630073,95874.400889,95874.40072599999,1030.907534688172,36.496612999999996,90153.630073,9342.05148508115,70.6384958,62.182291478260865,8.17632164668047,0.970019099338854,38,64,,False,True,,458,87.6246207195492
74,2026-09-18T06:49:25.930+00:00,2026-09-18T06:50:57.511+00:00,2026-09-18T06:50:58.617+00:00,True,19,19.0,,19.0,91580.197627,92686.502139,92686.50227,4878.236961578948,48.941879,91580.197627,20995.838620766866,9220.3602715,61.461361777777775,5.074902977926383,0.2049920922844418,38,64,,False,True,,75,87.6246207195492
75,2026-09-18T06:49:26.337+00:00,2026-09-18T06:50:58.617+00:00,2026-09-18T06:51:00.289+00:00,True,28,28.0,,28.0,92280.454014,93951.663998,93951.664001,3355.416571464286,36.741341999999996,92280.454014,17427.671941809564,87.3624581,61.896666074074076,9.93511636057099,0.29802558899431575,38,64,,True,True,,95,87.6246207195492
76,2026-09-18T06:49:26.654+00:00,2026-09-18T06:50:59.910+00:00,2026-09-18T06:50:59.976+00:00,True,2,2.0,,2.0,93256.77348999999,93322.50328199999,93322.50327799999,46661.251638999995,65.729788,93256.77348999999,65896.0189475361,88597.2213049,65.729792,nan,0.021431058208505636,38,64,,True,True,,5,87.6246207195492
77,2026-09-18T06:49:26.997+00:00,2026-09-18T06:51:01.465+00:00,2026-09-18T06:51:04.845+00:00,True,55,55.0,,55.0,94467.85309,97848.19715400001,97848.197384,1779.0581342545456,40.865865,94467.85309,12729.603161821316,69.4734023,62.59896414814815,5.791151825696304,0.5620951800822384,38,64,,True,True,,199,87.6246207195492
78,2026-09-18T06:49:27.533+00:00,2026-09-18T06:51:03.354+00:00,2026-09-18T06:51:07.873+00:00,True,74,74.0,,74.0,95821.0526,100339.880888,100339.88100699999,1355.9443379324323,35.559665,95821.0526,11131.778944780424,78.4845457,61.90175736986301,9.226640584030577,0.7374934008801471,38,64,,True,True,,359,87.6246207195492
79,2026-09-18T06:49:27.880+00:00,2026-09-18T06:51:04.784+00:00,2026-09-18T06:51:07.752+00:00,True,49,49.0,,49.0,96904.701476,99872.787748,99872.787553,2038.2201541428572,37.737291,96904.701476,13834.699977867358,95.04059439999999,61.835130666666664,11.628300928832093,0.49062413400972926,38,64,,True,True,,255,87.6246207195492
80,2026-09-18T06:49:28.295+00:00,2026-09-18T06:51:06.389+00:00,2026-09-18T06:51:12.149+00:00,True,93,93.0,,93.0,98094.309418,103854.372394,103854.37225900001,1116.7136802043012,34.997865,98094.309418,10165.420994801845,91.51915059999999,62.609380173913046,12.20352076289803,0.8954846854899765,38,64,,True,True,,483,87.6246207195492
81,2026-09-18T06:49:28.776+00:00,2026-09-18T06:51:08.214+00:00,2026-09-18T06:51:13.833+00:00,True,90,90.0,,90.0,99437.867146,105056.968842,105056.968777,1167.2996530777777,35.295894999999994,99437.867146,10475.022397853125,90.8607093,63.135974112359555,11.261455645002334,0.8566780575532797,38,64,,True,True,,460,87.6246207195492
82,2026-09-18T06:49:29.276+00:00,2026-09-18T06:51:10.175+00:00,2026-09-18T06:51:12.340+00:00,True,35,35.0,,35.0,100899.208735,103064.539167,103064.539167,2944.7011190571425,40.246826,100899.208735,17044.3172632306,88.8572382,63.686189176470585,10.403693340024859,0.33959303833191323,38,64,,True,True,,167,87.6246207195492
83,2026-09-18T06:49:29.616+00:00,2026-09-18T06:51:11.705+00:00,2026-09-18T06:51:17.415+00:00,True,91,91.0,,91.0,102088.407176,107798.62516,107798.62524899999,1184.6002774615383,38.871828,102088.407176,10695.12562652582,90.6562925,63.44686648888889,8.995159460815572,0.844166610334161,38,64,,True,True,,416,87.6246207195492
84,2026-09-18T06:49:30.005+00:00,2026-09-18T06:51:13.019+00:00,2026-09-18T06:51:19.363+00:00,True,99,99.0,,99.0,103013.863027,109357.645427,109357.645236,1104.622679151515,32.806029,103013.863027,10346.782193495015,95.3808246,64.73247346938776,10.494507782028116,0.9052864992972615,38,64,,True,True,,412,87.6246207195492
85,2026-09-18T06:49:30.461+00:00,2026-09-18T06:51:14.456+00:00,2026-09-18T06:51:17.143+00:00,True,43,43.0,,43.0,103994.233167,106681.628495,106681.628383,2480.9681019302325,53.204212,103994.233167,15849.215939956504,90.5917304,63.985603047619044,7.584923288995068,0.40306846273925545,38,64,,True,True,,201,87.6246207195492
86,2026-09-18T06:49:30.828+00:00,2026-09-18T06:51:16.148+00:00,2026-09-18T06:51:16.927+00:00,True,13,13.0,,13.0,105319.60158599999,106098.50334599998,106098.50337499999,8161.423336538461,54.09228,105319.60158599999,29192.40089130875,42183.235573800004,64.90848,9.551056232200803,0.12252764732793106,38,64,,True,True,,59,87.6246207195492
87,2026-09-18T06:49:31.281+00:00,2026-09-18T06:51:17.874+00:00,2026-09-18T06:51:18.007+00:00,True,3,3.0,,3.0,106592.761293,106725.495757,106725.495737,35575.16524566667,65.419549,106592.761293,61503.04229999314,95940.2166532,66.367232,1.3402671636237307,0.02810949697371852,38,64,,True,True,,6,87.6246207195492
88,2026-09-18T06:49:31.776+00:00,2026-09-18T06:51:19.424+00:00,2026-09-18T06:51:19.484+00:00,True,2,2.0,,2.0,107648.403193,107707.699961,107707.700024,53853.850012,59.296831,107648.403193,76076.98669037092,102268.9478749,59.296768,nan,0.01856877456973069,38,64,,True,True,,7,87.6246207195492
89,2026-09-18T06:49:32.341+00:00,2026-09-18T06:51:21.871+00:00,2026-09-18T06:51:23.211+00:00,True,22,22.0,,22.0,109529.073177,110869.592089,110869.592186,5039.526917545454,38.395909,109529.073177,23338.071144433667,96.57760185,63.8342339047619,13.622983785146138,0.19843132445494716,38,64,,True,True,,76,87.6246207195492
90,2026-09-18T06:49:32.893+00:00,2026-09-18T06:51:24.016+00:00,2026-09-18T06:51:26.974+00:00,True,49,49.0,,49.0,111123.191473,114081.146545,114081.146349,2328.1866601836737,35.683344,111123.191473,15865.941194074489,81.2054316,61.624064,9.847260292229864,0.4295188248364216,38,64,,True,True,,183,87.6246207195492
91,2026-09-18T06:49:33.263+00:00,2026-09-18T06:51:25.524+00:00,2026-09-18T06:51:31.480+00:00,True,97,97.0,,97.0,112261.249849,118216.987705,118216.987727,1218.7318322371134,37.370071,112261.249849,11392.10973738142,90.46343259999999,62.038936,11.63955675969588,0.8205250521359492,38,64,,True,True,,393,87.6246207195492
92,2026-09-18T06:49:33.777+00:00,2026-09-18T06:51:27.757+00:00,2026-09-18T06:51:31.284+00:00,True,58,58.0,,58.0,113979.800842,117507.254026,117507.253894,2025.9871361034482,36.546572,113979.800842,14958.159817358319,92.04659539999999,61.885143578947364,11.922227702821548,0.4935865490241713,38,64,,True,True,,277,87.6246207195492
93,2026-09-18T06:49:34.083+00:00,2026-09-18T06:51:28.756+00:00,2026-09-18T06:51:32.910+00:00,True,68,68.0,,68.0,114672.78134199999,118827.24329399999,118827.24311399998,1747.4594575588233,35.758343999999994,114672.78134199999,13898.603685548262,92.54045815,62.00689480597015,12.767845262701854,0.5722593415026532,38,64,,True,True,,351,87.6246207195492
94,2026-09-18T06:49:34.647+00:00,2026-09-18T06:51:31.416+00:00,2026-09-18T06:51:31.917+00:00,True,9,9.0,,9.0,116768.046289,117269.435857,117269.435832,13029.937314666668,59.30518,116768.046289,38901.79091929217,70087.4070362,62.673696,2.1895340405911545,0.07674634003505164,38,64,,True,True,,51,87.6246207195492
95,2026-09-18T06:49:35.193+00:00,2026-09-18T06:51:32.908+00:00,2026-09-18T06:51:38.716+00:00,True,93,93.0,,93.0,117715.629277,123523.366621,123523.366719,1328.2082442903227,37.323181,117715.629277,12200.001959145158,91.46561400000002,63.12757982608695,12.0198545447456,0.7528939871380516,38,64,,True,True,,536,87.6246207195492
96,2026-09-18T06:49:35.642+00:00,2026-09-18T06:51:35.833+00:00,2026-09-18T06:51:38.357+00:00,True,41,41.0,,41.0,120190.567484,122714.871356,122714.871352,2993.045642731707,38.777108,120190.567484,18760.760136592937,91.171311,63.107596799999996,10.41723965471821,0.3341078350728789,38,64,,True,True,,196,87.6246207195492
97,2026-09-18T06:49:36.184+00:00,2026-09-18T06:51:37.729+00:00,2026-09-18T06:51:41.454+00:00,True,61,61.0,,61.0,121544.903904,125269.849824,125269.8499,2053.6040967213116,40.022326,121544.903904,15554.284830255045,89.698835,62.082432,10.376832831746766,0.48694877566871025,38,64,,True,True,,281,87.6246207195492
98,2026-09-18T06:49:36.685+00:00,2026-09-18T06:51:39.839+00:00,2026-09-18T06:51:44.143+00:00,True,71,71.0,,71.0,123153.374985,127458.097929,127458.09781800001,1795.1844763098593,35.321845,123153.374985,14608.321025960777,72.870405,61.49604205714285,8.788030783207759,0.5570458146923726,38,64,,True,True,,380,87.6246207195492
99,2026-09-18T06:49:36.993+00:00,2026-09-18T06:51:41.029+00:00,2026-09-18T06:51:42.569+00:00,True,26,26.0,,26.0,124035.50662999999,125575.60006999999,125575.60024999999,4829.830778846153,43.22692,124035.50662999999,24313.284936908163,89.21123925,61.6037376,10.663859889108071,0.20704659173841689,38,64,,True,True,,100,87.6246207195492
100,2026-09-18T06:49:37.382+00:00,2026-09-18T06:51:42.820+00:00,2026-09-18T06:51:43.137+00:00,True,6,6.0,,6.0,125438.043682,125755.714082,125755.714104,20959.285684000002,60.201669,125438.043682,51183.929275942864,94095.39960275,63.53408,2.883446911514065,0.04771154968026067,38,64,,True,True,,23,87.6246207195492
101,2026-09-18T06:49:37.785+00:00,2026-09-18T06:51:44.267+00:00,2026-09-18T06:51:44.575+00:00,True,6,6.0,,6.0,126482.28610699999,126789.672987,126789.673048,21131.612174666665,55.159957999999996,126482.28610699999,51611.07932265007,94879.20787525,61.477376,6.054936556013119,0.047322466086139305,38,64,,True,True,,24,87.6246207195492
102,2026-09-18T06:49:38.279+00:00,2026-09-18T06:51:45.814+00:00,2026-09-18T06:51:48.277+00:00,True,42,42.0,,42.0,127535.515279,129998.199183,129998.199189,3095.195218785714,34.931845,127535.515279,19669.892034621414,70.01625815,60.06546107317073,11.162065919265485,0.3230813985421145,38,64,,True,True,,191,87.6246207195492
103,2026-09-18T06:49:38.718+00:00,2026-09-18T06:51:47.667+00:00,2026-09-18T06:51:51.968+00:00,True,71,71.0,,71.0,128949.427446,133250.128118,133250.12809,1876.7623674647887,37.41319,128949.427446,15296.193172822308,78.6437635,61.43858102857143,9.742257646728156,0.5328325083269396,38,64,,True,True,,242,87.6246207195492
104,2026-09-18T06:49:39.130+00:00,2026-09-18T06:51:49.077+00:00,2026-09-18T06:51:52.493+00:00,True,56,56.0,,56.0,129947.425627,133363.000923,133363.00080100002,2381.4821571607145,35.298474999999996,129947.425627,17356.659903444506,89.30970925,62.10136901818181,10.914713000133712,0.41990656788184305,38,64,,True,True,,262,87.6246207195492
105,2026-09-18T06:49:39.447+00:00,2026-09-18T06:51:50.143+00:00,2026-09-18T06:51:56.327+00:00,True,100,100.0,,100.0,130696.77398499999,136880.386145,136880.38628799998,1368.80386288,34.105846,130696.77398499999,13063.43564937405,91.7398409,62.46072888888889,10.682846043676678,0.7305648589715995,38,64,,True,True,,514,87.6246207195492
106,2026-09-18T06:49:39.758+00:00,2026-09-18T06:51:50.922+00:00,2026-09-18T06:51:57.035+00:00,True,99,99.0,,99.0,131163.635448,137276.61669599998,137276.61659299998,1386.6324908383838,36.012913,131163.635448,13176.176816344194,88.95620849999999,62.377359673469385,11.085346220367223,0.7211716196301383,38,64,,True,True,,492,87.6246207195492
107,2026-09-18T06:49:40.295+00:00,2026-09-18T06:51:53.127+00:00,2026-09-18T06:51:53.253+00:00,True,3,3.0,,3.0,132831.507419,132957.888731,132957.888704,44319.29623466667,62.500574,132831.507419,76653.82343387192,119554.74474820001,63.190656,0.9758752402884295,0.022563535181200044,38,64,,True,True,,8,87.6246207195492
108,2026-09-18T06:49:40.732+00:00,2026-09-18T06:51:54.899+00:00,2026-09-18T06:52:00.543+00:00,True,94,94.0,,94.0,134166.757552,139811.09726399998,139811.09722,1487.3520980851063,37.734989999999996,134166.757552,13831.987887878842,71.62467965,60.69182486021505,9.669571530336862,0.6723357576008675,38,64,,True,True,,466,87.6246207195492
109,2026-09-18T06:49:41.210+00:00,2026-09-18T06:51:56.607+00:00,2026-09-18T06:52:00.544+00:00,True,67,67.0,,67.0,135396.32919100003,139334.00138300002,139334.001481,2079.6119624029857,36.819472000000005,135396.32919100003,16534.007885689924,66.9257953,59.66169987878788,9.009435417633588,0.4808589384857399,38,64,,True,True,,314,87.6246207195492
110,2026-09-18T06:49:41.528+00:00,2026-09-18T06:51:58.025+00:00,2026-09-18T06:51:58.915+00:00,True,16,16.0,,16.0,136497.80400099998,137387.692001,137387.69195299997,8586.730747062498,38.804588,136497.80400099998,34109.62040912566,34176.774930249994,59.32586666666666,7.996078484971016,0.11645875818252732,38,64,,True,True,,69,87.6246207195492
111,2026-09-18T06:49:42.063+00:00,2026-09-18T06:51:59.971+00:00,2026-09-18T06:52:04.877+00:00,True,79,79.0,,79.0,137908.128632,142813.860216,142813.860229,1807.7703826455697,36.783750999999995,137908.128632,15508.805288569807,93.51847550000001,62.893994666666664,12.17740021639822,0.553167597882417,38,64,,True,True,,428,87.6246207195492
112,2026-09-18T06:49:42.545+00:00,2026-09-18T06:52:01.649+00:00,2026-09-18T06:52:03.826+00:00,True,36,36.0,,36.0,139103.638114,141281.031266,141281.031206,3924.4730890555556,35.333035,139103.638114,23173.57485501281,93.80645499999999,62.21123291428571,13.300511919433834,0.25481127705120016,38,64,,True,True,,170,87.6246207195492
113,2026-09-18T06:49:42.940+00:00,2026-09-18T06:52:03.470+00:00,2026-09-18T06:52:05.596+00:00,True,35,35.0,,35.0,140529.43543,142655.50263,142655.50282800003,4075.871509371429,40.157525,140529.43543,23743.24258834785,95.8009394,62.531388235294116,10.53725474004175,0.24534630178814856,38,64,,True,True,,115,87.6246207195492
114,2026-09-18T06:49:43.466+00:00,2026-09-18T06:52:05.067+00:00,2026-09-18T06:52:07.362+00:00,True,38,38.0,,38.0,141601.520912,143896.494096,143896.494084,3786.7498443157897,37.67827,141601.520912,22960.741495807044,93.9323734,62.02630227027027,12.914960223850532,0.2640787062862591,38,64,,True,True,,158,87.6246207195492
115,2026-09-18T06:49:43.969+00:00,2026-09-18T06:52:07.127+00:00,2026-09-18T06:52:08.005+00:00,True,15,15.0,,15.0,143158.62488999998,144036.52671399998,144036.52663399998,9602.435108933332,38.421169,143158.62488999998,36947.20981753958,43013.312283499996,62.70727314285714,14.82028662543144,0.1041402506864395,38,64,,True,True,,63,87.6246207195492
116,2026-09-18T06:49:44.523+00:00,2026-09-18T06:52:09.377+00:00,2026-09-18T06:52:12.693+00:00,True,56,56.0,,56.0,144854.105691,148170.051675,148170.051771,2645.893781625,38.167259,144854.105691,19348.88972330129,69.28101625,60.28992698181818,9.338063111492216,0.3779441214128199,38,64,,True,True,,254,87.6246207195492
117,2026-09-18T06:49:44.845+00:00,2026-09-18T06:52:10.618+00:00,2026-09-18T06:52:13.454+00:00,True,46,46.0,,46.0,145773.03385100001,148608.635259,148608.63532600002,3230.622507086957,38.133889,145773.03385100001,21483.77331225452,93.91965725,63.01336462222222,11.211879718475819,0.3095378671624949,38,64,,True,True,,239,87.6246207195492
118,2026-09-18T06:49:45.280+00:00,2026-09-18T06:52:12.420+00:00,2026-09-18T06:52:14.890+00:00,True,40,40.0,,40.0,147139.86080599998,149609.81254999997,149609.81252299997,3740.2453130749996,41.611502,147139.86080599998,23254.843825855078,91.25373819999999,63.332096,11.502967251367558,0.2673621423503348,38,64,,True,True,,191,87.6246207195492
119,2026-09-18T06:49:45.689+00:00,2026-09-18T06:52:13.921+00:00,2026-09-18T06:52:14.956+00:00,True,18,18.0,,18.0,148231.62397299998,149266.62224499998,149266.622384,8292.590132444444,36.612512,148231.62397299998,34924.180092231916,22296.789689349996,60.882251294117644,9.994184684176718,0.12058958479314655,38,64,,True,True,,62,87.6246207195492
120,2026-09-18T06:49:46.233+00:00,2026-09-18T06:52:16.322+00:00,2026-09-18T06:52:17.648+00:00,True,22,22.0,,22.0,150088.580422,151415.53927,151415.539229,6882.524510409091,36.300582000000006,150088.580422,31985.5251059209,101.14460215000001,63.18851657142857,16.553995861588866,0.14529552320762934,38,64,,True,True,,93,87.6246207195492
121,2026-09-18T06:49:46.713+00:00,2026-09-18T06:52:18.046+00:00,2026-09-18T06:52:21.586+00:00,True,56,56.0,,56.0,151333.262583,154873.065463,154873.065465,2765.590454732143,38.660748,151333.262583,20214.16165842499,96.0995495,64.36005236363637,13.27840940306994,0.3615864374646778,38,64,,True,True,,271,87.6246207195492
122,2026-09-18T06:49:47.126+00:00,2026-09-18T06:52:19.540+00:00,2026-09-18T06:52:19.849+00:00,True,6,6.0,,6.0,152414.73358,152723.396876,152723.396794,25453.899465666665,56.387474000000005,152414.73358,62197.85231717068,114327.95629125001,61.7326592,4.624184907671751,0.03928671128806513,38,64,,True,True,,26,87.6246207195492
123,2026-09-18T06:49:47.570+00:00,2026-09-18T06:52:21.403+00:00,2026-09-18T06:52:21.587+00:00,True,4,4.0,,4.0,153832.838378,154016.87472999998,154016.874785,38504.21869625,60.242197999999995,153832.838378,76885.74646665569,130767.4034516,61.345450666666665,1.6744617802139687,0.02597118015160494,38,64,,True,True,,12,87.6246207195492
124,2026-09-18T06:49:47.951+00:00,2026-09-18T06:52:22.657+00:00,2026-09-18T06:52:24.176+00:00,True,25,25.0,,25.0,154706.29946200002,156225.38810200003,156225.38809100003,6249.0155236400005,41.557103000000005,154706.29946200002,30928.603121918124,96.48353999999999,63.29536,12.188092904871805,0.16002520655399122,38,64,,True,True,,142,87.6246207195492
125,2026-09-18T06:49:48.824+00:00,2026-09-18T06:52:23.827+00:00,2026-09-18T06:52:29.796+00:00,True,96,96.0,,96.0,155002.640774,160971.985798,160971.985686,1676.7915175625,34.425495000000005,155002.640774,15813.480946370897,81.515011,62.83521077894737,10.20748068034323,0.5963770622825524,38,64,,True,True,,470,87.6246207195492
126,2026-09-18T06:49:48.885+00:00,2026-09-18T06:52:24.805+00:00,2026-09-18T06:52:26.044+00:00,True,20,20.0,,20.0,155919.527963,157158.504219,157158.504214,7857.9252107,57.572763,155919.527963,34850.085890062175,7881.48485505,65.20927663157894,7.541508179350896,0.12726005569593643,38,64,,True,True,,87,87.6246207195492
127,2026-09-18T06:49:49.422+00:00,2026-09-18T06:52:28.122+00:00,2026-09-18T06:52:28.517+00:00,True,8,8.0,,8.0,158699.20836199998,159094.75063399997,159094.750675,19886.843834375,36.427422,158699.20836199998,56088.66635425457,103177.55739609998,56.506038857142855,11.762157531199161,0.05028450007382159,38,64,,True,True,,25,87.6246207195492
128,2026-09-18T06:49:49.971+00:00,2026-09-18T06:52:30.155+00:00,2026-09-18T06:52:35.061+00:00,True,78,78.0,,78.0,160183.774534,165089.389638,165089.3895,2116.5306346153848,37.104011,160183.774534,18130.03210355139,98.06154750000002,63.70928706493507,13.341153369739828,0.47247130885294697,38,64,,True,True,,312,87.6246207195492
129,2026-09-18T06:49:50.281+00:00,2026-09-18T06:52:31.506+00:00,2026-09-18T06:52:33.137+00:00,True,26,26.0,,26.0,161225.049187,162856.563811,162856.563826,6263.713993307692,44.283697000000004,161225.049187,31606.037497202342,100.82159175000001,65.26058496,13.127047633376682,0.15964969044891425,38,64,,True,True,,101,87.6246207195492
130,2026-09-18T06:49:50.811+00:00,2026-09-18T06:52:33.721+00:00,2026-09-18T06:52:35.804+00:00,True,33,33.0,,33.0,162910.586755,164993.465987,164993.466173,4999.8020052424245,40.014275999999995,162910.586755,28347.76585913223,98.35959280000002,65.089976,14.307785108401623,0.20000792032940323,38,64,,True,True,,145,87.6246207195492
131,2026-09-18T06:49:51.359+00:00,2026-09-18T06:52:36.038+00:00,2026-09-18T06:52:40.656+00:00,True,74,74.0,,74.0,164679.166287,169297.354319,169297.354201,2287.802083797297,36.041053,164679.166287,19136.214990915487,95.05888895,63.26284975342466,13.812258698230142,0.4371007467757876,38,64,,True,True,,351,87.6246207195492
132,2026-09-18T06:49:51.835+00:00,2026-09-18T06:52:37.732+00:00,2026-09-18T06:52:39.599+00:00,True,31,31.0,,31.0,165897.044499,167763.86510700002,167763.86498900002,5411.7375802903225,36.465771999999994,165897.044499,29784.813878130724,84.1734585,62.2273536,9.477036559055911,0.1847835347631515,38,64,,True,True,,143,87.6246207195492
133,2026-09-18T06:49:52.218+00:00,2026-09-18T06:52:39.122+00:00,2026-09-18T06:52:40.656+00:00,True,27,27.0,,27.0,166904.519483,168438.586427,168438.58644400002,6238.466164592593,35.854862999999995,166904.519483,32109.43643035785,73.35223730000001,59.00257476923077,10.750551422972558,0.16029581209826643,38,64,,True,True,,175,87.6246207195492
134,2026-09-18T06:49:52.775+00:00,2026-09-18T06:52:41.609+00:00,2026-09-18T06:52:46.910+00:00,True,86,86.0,,86.0,168834.154937,174135.563449,174135.563406,2024.8321326279072,38.313499,168834.154937,18199.13323380371,93.47825149999998,62.36951190588235,11.471455715488828,0.49386810078681753,38,64,,True,True,,422,87.6246207195492
135,2026-09-18T06:49:53.296+00:00,2026-09-18T06:52:43.516+00:00,2026-09-18T06:52:48.525+00:00,True,81,81.0,,81.0,170220.419413,175229.714517,175229.714327,2163.3298065061726,34.889605,170220.419413,18906.42673909896,90.382212,62.616188799999996,12.618646768765666,0.4622503678857603,38,64,,True,True,,265,87.6246207195492
136,2026-09-18T06:49:53.810+00:00,2026-09-18T06:52:45.287+00:00,2026-09-18T06:52:45.718+00:00,True,8,8.0,,8.0,171476.910591,171907.547903,171907.547969,21488.443496125,55.604457000000004,171476.910591,60604.49276933935,111483.1296726,61.519616,3.6379751405300538,0.046536641919376655,38,64,,True,True,,50,87.6246207195492
137,2026-09-18T06:49:54.139+00:00,2026-09-18T06:52:46.653+00:00,2026-09-18T06:52:47.194+00:00,True,9,9.0,,9.0,172514.045232,173055.041072,173055.041195,19228.337910555558,40.503704,172514.045232,57482.14241737709,103545.16942680001,67.62448,16.892431899988622,0.052006575158105486,38,64,,True,True,,46,87.6246207195492
138,2026-09-18T06:49:54.637+00:00,2026-09-18T06:52:48.610+00:00,2026-09-18T06:52:53.542+00:00,True,79,79.0,,79.0,173973.205323,178905.082187,178905.08195,2264.621290506329,34.981095,173973.205323,19566.404141246818,89.90987169999998,63.229190564102566,11.15888908747221,0.4415749347881883,38,64,,True,True,,381,87.6246207195492
139,2026-09-18T06:49:55.143+00:00,2026-09-18T06:52:50.622+00:00,2026-09-18T06:52:56.625+00:00,True,92,92.0,,92.0,175478.568969,181482.050313,181482.05026400002,1972.630981130435,37.482769999999995,175478.568969,18288.032026052177,97.6513602,65.97232246153847,13.074153694658083,0.5069371865775633,38,64,,True,True,,367,87.6246207195492
140,2026-09-18T06:49:55.672+00:00,2026-09-18T06:52:52.554+00:00,2026-09-18T06:52:55.727+00:00,True,50,50.0,,50.0,176881.929756,180054.302236,180054.3023,3601.086046,37.46178,176881.929756,25005.72917755311,94.08736950000001,64.74229551020409,11.786265562893607,0.2776940033038712,38,64,,True,True,,189,87.6246207195492
141,2026-09-18T06:49:56.090+00:00,2026-09-18T06:52:53.880+00:00,2026-09-18T06:52:57.855+00:00,True,61,61.0,,61.0,177789.86649000001,181764.67506600003,181764.675166,2979.748773213115,38.827557999999996,177789.86649000001,22755.18190499871,94.640333,66.2468096,13.860499786391713,0.3355987623989671,38,64,,True,True,,279,87.6246207195492
142,2026-09-18T06:49:56.572+00:00,2026-09-18T06:52:56.107+00:00,2026-09-18T06:52:56.248+00:00,True,3,3.0,,3.0,179534.55274,179675.48125200003,179675.481066,59891.827022000005,62.077664,179534.55274,103613.64018920386,161588.98253220003,70.464256,11.860386893655704,0.016696768969787334,38,64,,True,True,,5,87.6246207195492
143,2026-09-18T06:49:57.133+00:00,2026-09-18T06:52:58.038+00:00,2026-09-18T06:53:02.769+00:00,True,77,77.0,,77.0,180904.512198,185635.305414,185635.30553100002,2410.8481237792207,35.645174,180904.512198,20608.891130540967,80.52447620000001,62.24727915789474,9.9541033620564,0.4147917866608197,38,64,,True,True,,337,87.6246207195492
144,2026-09-18T06:49:57.490+00:00,2026-09-18T06:52:59.381+00:00,2026-09-18T06:52:59.566+00:00,True,4,4.0,,4.0,181891.48332499998,182076.25951699997,182076.2596,45519.0649,56.365144,181891.48332499998,90914.9456935323,154617.49492909998,61.592064,4.578564308412846,0.02196881686064366,38,64,,True,True,,11,87.6246207195492
145,2026-09-18T06:49:57.930+00:00,2026-09-18T06:53:01.283+00:00,2026-09-18T06:53:06.097+00:00,True,80,80.0,,80.0,183352.685887,188167.218239,188167.218073,2352.0902259125,36.136313,183352.685887,20492.641209791203,69.41900175,60.94344749367089,7.67515952232249,0.4251537581768799,38,64,,True,True,,396,87.6246207195492
146,2026-09-18T06:49:58.307+00:00,2026-09-18T06:53:02.766+00:00,2026-09-18T06:53:02.839+00:00,True,2,2.0,,2.0,184458.53599200002,184531.70104800002,184531.70094500002,92265.85047250001,73.164953,184458.53599200002,130380.14621327457,175239.26744005003,73.165056,nan,0.010838246158473138,38,64,,True,True,,7,87.6246207195492
147,2026-09-18T06:49:58.698+00:00,2026-09-18T06:53:04.482+00:00,2026-09-18T06:53:04.976+00:00,True,9,9.0,,9.0,185784.240906,186278.12609,186278.126084,20697.569564888887,35.918383,185784.240906,61907.50272517825,111501.24465039998,61.735648,11.729367619892704,0.048314851501413875,38,64,,True,True,,56,87.6246207195492
148,2026-09-18T06:49:59.073+00:00,2026-09-18T06:53:05.550+00:00,2026-09-18T06:53:10.355+00:00,True,82,82.0,,82.0,186477.175443,191282.163091,191282.163068,2332.709305707317,35.180955000000004,186477.175443,20586.41071637839,69.22172705,59.32083516049383,10.299045999317931,0.4286860765004501,38,64,,True,True,,339,87.6246207195492
149,2026-09-18T06:49:59.509+00:00,2026-09-18T06:53:07.212+00:00,2026-09-18T06:53:12.300+00:00,True,86,86.0,,86.0,187702.733663,192790.24086299998,192790.24091,2241.7469873255814,37.023761,187702.733663,20234.054840127443,68.78082875,59.85302588235294,10.415603401834542,0.44608067096670656,38,64,,True,True,,393,87.6246207195492
150,2026-09-18T06:50:00.062+00:00,2026-09-18T06:53:09.559+00:00,2026-09-18T06:53:11.269+00:00,True,30,30.0,,30.0,189496.58755899998,191206.97655099997,191206.97643399998,6373.565881133332,36.714782,189496.58755899998,34586.418175425744,68.87297374999999,58.978930758620685,8.518471804877217,0.15689804075741037,38,64,,True,True,,119,87.6246207195492
151,2026-09-18T06:50:00.444+00:00,2026-09-18T06:53:11.080+00:00,2026-09-18T06:53:12.171+00:00,True,19,19.0,,19.0,190635.580833,191727.16355300002,191727.16358400002,10090.903346526316,41.368182999999995,190635.580833,43720.88971939138,19125.660415200004,60.64348444444445,7.519046274167162,0.09909915552862045,38,64,,True,True,,92,87.6246207195492
152,2026-09-18T06:50:00.830+00:00,2026-09-18T06:53:12.299+00:00,2026-09-18T06:53:12.845+00:00,True,9,9.0,,9.0,191469.109538,192014.654498,192014.654549,21334.961616555553,41.061082999999996,191469.109538,63800.307457061244,114918.53358959999,68.19312,17.02036444036694,0.046871422514752605,38,64,,True,True,,28,87.6246207195492
153,2026-09-18T06:50:01.160+00:00,2026-09-18T06:53:13.334+00:00,2026-09-18T06:53:15.049+00:00,True,28,28.0,,28.0,192173.722534,193888.882342,193888.88246,6924.602945,34.708115,192173.722534,36305.417580718844,93.23628849999999,63.52443733333334,14.24178235932507,0.14441261232612032,38,64,,True,True,,122,87.6246207195492
154,2026-09-18T06:50:01.467+00:00,2026-09-18T06:53:14.691+00:00,2026-09-18T06:53:14.815+00:00,True,3,3.0,,3.0,193224.420804,193348.346308,193348.34647299998,64449.44882433333,59.124159,193224.420804,111522.39714214821,173908.45887459998,61.962752,4.0146468334477445,0.01551603650760509,38,64,,True,True,,5,87.6246207195492
157,2026-09-18T06:50:02.717+00:00,2026-09-18T06:53:15.950+00:00,2026-09-18T06:53:16.676+00:00,True,13,13.0,,13.0,193233.59819800002,193958.90738200003,193958.90716300003,14919.915935615387,40.753254,193233.59819800002,53576.595480845695,77349.3565168,60.442432,14.389640695467,0.06702450624964924,38,64,,True,True,,72,87.6246207195492
155,2026-09-18T06:50:02.610+00:00,2026-09-18T06:53:18.457+00:00,2026-09-18T06:53:22.084+00:00,True,60,60.0,,60.0,195847.398377,199474.916841,199474.916911,3324.5819485166667,35.249644999999994,195847.398377,25275.856466808313,94.39645369999998,61.48336379661017,13.462935538902833,0.3007896980241659,38,64,,True,True,,308,87.6246207195492
156,2026-09-18T06:50:02.625+00:00,2026-09-18T06:53:19.112+00:00,2026-09-18T06:53:19.494+00:00,True,7,7.0,,7.0,196486.777303,196868.540887,196868.54077000002,28124.077252857143,52.845351,196486.777303,74240.97259633335,137561.6987548,63.627264,5.934427372334824,0.03555672210735746,38,64,,True,True,,15,87.6246207195492
158,2026-09-18T06:50:03.055+00:00,2026-09-18T06:53:21.276+00:00,2026-09-18T06:53:22.367+00:00,True,19,19.0,,19.0,198220.60855399998,199312.36304999999,199312.36304399997,10490.124370736841,33.901367,198220.60855399998,45461.014443079875,19910.1024338,60.65302755555555,16.483026100633765,0.09532775443153826,38,64,,True,True,,84,87.6246207195492
159,2026-09-18T06:50:03.481+00:00,2026-09-18T06:53:22.679+00:00,2026-09-18T06:53:28.075+00:00,True,86,86.0,,86.0,199197.848548,204593.414884,204593.41484800001,2378.993195906977,34.262845999999996,199197.848548,21473.21563139424,92.24726975,63.47725101176471,13.40395058691925,0.42034588478206947,38,64,,True,True,,400,87.6246207195492
160,2026-09-18T06:50:03.980+00:00,2026-09-18T06:53:25.007+00:00,2026-09-18T06:53:30.463+00:00,True,90,90.0,,90.0,201027.1123,206483.092332,206483.09219700002,2294.256579966667,34.411685,201027.1123,21183.659167266644,90.6072569,61.30314642696629,11.100331020340308,0.43587103904512825,38,64,,True,True,,450,87.6246207195492
161,2026-09-18T06:50:04.527+00:00,2026-09-18T06:53:27.118+00:00,2026-09-18T06:53:32.641+00:00,True,90,90.0,,90.0,202591.135005,208113.67631699998,208113.67618799998,2312.3741798666665,35.112444,202591.135005,21348.442577152156,90.872822,62.051025977528084,10.697909518935592,0.43245596153378923,38,64,,True,True,,425,87.6246207195492
162,2026-09-18T06:50:05.050+00:00,2026-09-18T06:53:28.907+00:00,2026-09-18T06:53:33.619+00:00,True,78,78.0,,78.0,203856.927808,208569.470784,208569.47082400002,2673.9675746666667,34.240746,203856.927808,23075.32493356429,91.7299675,61.20185683116883,11.681724431276931,0.3739761131233767,38,64,,True,True,,286,87.6246207195492
163,2026-09-18T06:50:05.579+00:00,2026-09-18T06:53:31.079+00:00,2026-09-18T06:53:32.233+00:00,True,20,20.0,,20.0,205499.693507,206653.538755,206653.53874199998,10332.6769371,40.121445,205499.693507,45937.54965967303,10342.580602,60.7286972631579,7.661969792128515,0.09678034124405285,38,64,,True,True,,51,87.6246207195492
164,2026-09-18T06:50:06.027+00:00,2026-09-18T06:53:32.701+00:00,2026-09-18T06:53:33.207+00:00,True,9,9.0,,9.0,206674.31735199998,207179.87434399998,207179.87435799997,23019.986039777777,36.896442,206674.31735199998,68870.37550876167,124040.12210079998,63.194624,14.120798355482151,0.04344051288039911,38,64,,True,True,,36,87.6246207195492
165,2026-09-18T06:50:06.452+00:00,2026-09-18T06:53:34.576+00:00,2026-09-18T06:53:39.809+00:00,True,83,83.0,,83.0,208123.99613400002,213356.71754200003,213356.71751800002,2570.562861662651,34.526095,208123.99613400002,22837.575202475717,94.1411248,63.813675707317074,12.242862319545784,0.3890198581802851,38,64,,True,True,,427,87.6246207195492
166,2026-09-18T06:50:07.017+00:00,2026-09-18T06:53:36.661+00:00,2026-09-18T06:53:41.762+00:00,True,82,82.0,,82.0,209643.828831,214745.337439,214745.33749,2618.845579146341,36.792051,209643.828831,23144.335204662824,92.35732454999999,62.981587753086416,10.622506353203471,0.3818476385932836,38,64,,True,True,,434,87.6246207195492
167,2026-09-18T06:50:07.529+00:00,2026-09-18T06:53:39.013+00:00,2026-09-18T06:53:41.819+00:00,True,45,45.0,,45.0,211484.037331,214289.923027,214289.92309,4761.998290888889,36.333222,211484.037331,31516.67489068273,93.5602488,63.770129454545454,12.105401282103598,0.20999587551454815,38,64,,True,True,,203,87.6246207195492
168,2026-09-18T06:50:08.055+00:00,2026-09-18T06:53:40.635+00:00,2026-09-18T06:53:41.238+00:00,True,11,11.0,,11.0,212580.20248100001,213183.21918500002,213183.21903500002,19380.292639545456,43.393839,212580.20248100001,64077.16133997045,106323.45227850002,60.3016704,6.453844440521241,0.05159880802088001,38,64,,True,True,,59,87.6246207195492
169,2026-09-18T06:50:08.444+00:00,2026-09-18T06:53:42.238+00:00,2026-09-18T06:53:42.932+00:00,True,13,13.0,,13.0,213794.152744,214488.040488,214488.040438,16499.080033692306,34.605685,213794.152744,59279.79240428799,85556.47873359999,57.82397866666666,9.167824262878808,0.06060943990360765,38,64,,True,True,,57,87.6246207195492
170,2026-09-18T06:50:08.894+00:00,2026-09-18T06:53:43.806+00:00,2026-09-18T06:53:46.068+00:00,True,37,37.0,,37.0,214911.772427,217173.465611,217173.465562,5869.553123297297,36.861931,214911.772427,35320.95132256691,94.2708216,62.824810666666664,11.782386921028824,0.1703707213765894,38,64,,True,True,,142,87.6246207195492
171,2026-09-18T06:50:09.388+00:00,2026-09-18T06:53:45.581+00:00,2026-09-18T06:53:45.812+00:00,True,5,5.0,,5.0,216193.409892,216424.429156,216424.42911,43284.885822,41.300593,216193.409892,96658.80396083127,172968.372882,57.754816,11.725604318030635,0.023102752399526815,38,64,,True,True,,13,87.6246207195492
172,2026-09-18T06:50:09.875+00:00,2026-09-18T06:53:47.415+00:00,2026-09-18T06:53:53.498+00:00,True,98,98.0,,98.0,217539.87260499998,223622.899037,223622.89904999998,2281.8663168367343,0.01765,217539.87260499998,21968.52152458248,90.23987085,62.71161270103092,21.864955048003907,0.43823776733967307,38,64,,True,True,,540,87.6246207195492
173,2026-09-18T06:50:10.340+00:00,2026-09-18T06:53:49.843+00:00,2026-09-18T06:53:51.431+00:00,True,27,27.0,,27.0,219502.57993799998,221090.84285,221090.84278099998,8188.549732629629,37.581129000000004,219502.57993799998,42231.53632643592,85.9155745,61.08703507692308,10.793695177404043,0.12212174711513613,38,64,,True,True,,139,87.6246207195492
174,2026-09-18T06:50:10.652+00:00,2026-09-18T06:53:50.764+00:00,2026-09-18T06:53:53.436+00:00,True,44,44.0,,44.0,220111.889953,222784.364577,222784.364559,5063.281012704546,33.327138,220111.889953,33173.74897104728,95.25349544999999,62.15057265116279,13.222121763758851,0.19750039498302616,38,64,,True,True,,253,87.6246207195492
175,2026-09-18T06:50:11.170+00:00,2026-09-18T06:53:52.719+00:00,2026-09-18T06:53:54.252+00:00,True,26,26.0,,26.0,221549.624095,223082.016031,223082.016138,8580.077543769232,40.060575,221549.624095,43437.43693661582,99.91434075000001,61.29567744,13.419533346203206,0.11654906326643104,38,64,,True,True,,108,87.6246207195492
176,2026-09-18T06:50:11.531+00:00,2026-09-18T06:53:54.255+00:00,2026-09-18T06:53:58.402+00:00,True,67,67.0,,67.0,222724.729407,226871.356479,226871.35637300002,3386.139647358209,37.57625,222724.729407,27202.481946557782,70.4874776,62.8276829090909,7.912778844576389,0.29532154715265585,38,64,,True,True,,305,87.6246207195492
177,2026-09-18T06:50:11.850+00:00,2026-09-18T06:53:55.363+00:00,2026-09-18T06:53:56.751+00:00,True,23,23.0,,23.0,223513.234641,224901.208785,224901.20885199998,9778.313428347825,57.497972000000004,223513.234641,46592.5761730521,70.12878429999999,63.08973381818182,3.6623861361914316,0.1022671248600866,38,64,,True,True,,96,87.6246207195492
178,2026-09-18T06:50:12.180+00:00,2026-09-18T06:53:56.615+00:00,2026-09-18T06:53:56.879+00:00,True,5,5.0,,5.0,224435.08197600002,224698.348024,224698.348174,44939.669634800004,60.936946000000006,224435.08197600002,100340.98597071106,179562.04710660002,65.816512,3.994873820095615,0.022252055006056166,38,64,,True,True,,12,87.6246207195492
179,2026-09-18T06:50:12.493+00:00,2026-09-18T06:53:57.747+00:00,2026-09-18T06:54:03.927+00:00,True,100,100.0,,100.0,225254.559073,231434.28924900002,231434.289454,2314.34289454,38.517697999999996,225254.559073,22519.21627723714,90.01353269999998,62.421516929292935,10.711611431707524,0.43208808999089177,38,64,,True,True,,360,87.6246207195492
180,2026-09-18T06:50:13.032+00:00,2026-09-18T06:53:59.913+00:00,2026-09-18T06:54:02.863+00:00,True,47,47.0,,47.0,226881.646322,229831.081458,229831.081671,4890.023014276596,41.228902999999995,226881.646322,33084.73839036215,92.51347229999999,64.11815513043479,10.316275288111717,0.204498015245988,38,64,,True,True,,285,87.6246207195492
181,2026-09-18T06:50:13.440+00:00,2026-09-18T06:54:01.688+00:00,2026-09-18T06:54:02.144+00:00,True,8,8.0,,8.0,228248.915262,228704.42399799998,228704.423999,28588.052999875,60.226877,228248.915262,80675.17141685146,148388.94535655002,65.07267657142857,6.015316156861995,0.03497964691784869,38,64,,True,True,,25,87.6246207195492
182,2026-09-18T06:50:13.746+00:00,2026-09-18T06:54:02.861+00:00,2026-09-18T06:54:05.820+00:00,True,50,50.0,,50.0,229114.70817199998,232073.312716,232073.312683,4641.46625366,36.346801,229114.70817199998,32393.17475392925,68.35702095,60.37968457142858,7.997557027398138,0.21544915878021514,38,64,,True,True,,251,87.6246207195492
183,2026-09-18T06:50:14.098+00:00,2026-09-18T06:54:03.869+00:00,2026-09-18T06:54:04.871+00:00,True,17,17.0,,17.0,229770.800974,230773.503054,230773.503207,13574.911953352941,57.687812,229770.800974,55712.40545953928,46008.624940400005,62.66888,2.853626271122505,0.0736653028836767,38,64,,True,True,,74,87.6246207195492
184,2026-09-18T06:50:14.596+00:00,2026-09-18T06:54:05.701+00:00,2026-09-18T06:54:08.239+00:00,True,40,40.0,,40.0,231104.338524,233642.714972,233642.714842,5841.06787105,36.241383,231104.338524,36530.51586231761,97.85555835000001,65.08657558974359,13.986514860655287,0.17120157161670393,38,64,,True,True,,79,87.6246207195492
185,2026-09-18T06:50:15.105+00:00,2026-09-18T06:54:07.739+00:00,2026-09-18T06:54:11.650+00:00,True,63,63.0,,63.0,232633.35322699999,236544.958219,236544.958174,3754.6818757777773,37.50958,232633.35322699999,29301.10134032874,91.29412459999999,63.09040309677419,11.951947912224757,0.2663341483764487,38,64,,True,True,,296,87.6246207195492
186,2026-09-18T06:50:15.584+00:00,2026-09-18T06:54:09.183+00:00,2026-09-18T06:54:13.078+00:00,True,64,64.0,,64.0,233599.28469600002,237494.64853600002,237494.64854300002,3710.8538834843753,39.729226000000004,233599.28469600002,29192.18412972842,90.7091371,61.83117206349207,12.02958009635175,0.26947975625774456,38,64,,True,True,,313,87.6246207195492
187,2026-09-18T06:50:16.049+00:00,2026-09-18T06:54:11.268+00:00,2026-09-18T06:54:15.730+00:00,True,73,73.0,,73.0,235218.608051,239680.29509099998,239680.295158,3283.2917144931507,36.271712,235218.608051,27523.005040830387,82.99826580000001,61.96787555555555,10.837389914867932,0.3045723886992209,38,64,,True,True,,254,87.6246207195492
190,2026-09-18T06:50:17.379+00:00,2026-09-18T06:54:14.859+00:00,2026-09-18T06:54:19.663+00:00,True,76,76.0,,76.0,237479.631501,242283.820173,242283.820278,3187.9450036578946,37.776078999999996,237479.631501,27233.436722213904,94.28096275,64.05584896,11.658311027259996,0.3136816975468402,38,64,,True,True,,359,87.6246207195492
188,2026-09-18T06:50:17.282+00:00,2026-09-18T06:54:14.925+00:00,2026-09-18T06:54:20.703+00:00,True,91,91.0,,91.0,237642.136941,243420.577645,243420.577593,2674.9514021208793,36.664242,237642.136941,24904.936885978645,93.81947,64.20489671111112,11.256830603766128,0.37383856730761966,38,64,,True,True,,234,87.6246207195492
189,2026-09-18T06:50:17.298+00:00,2026-09-18T06:54:15.290+00:00,2026-09-18T06:54:20.328+00:00,True,79,79.0,,79.0,237991.698175,243030.353151,243030.353103,3076.3335835822786,36.856141,237991.698175,26768.892849640593,94.4049415,64.59814071794872,12.088390065656766,0.3250622771013117,38,64,,True,True,,334,87.6246207195492
191,2026-09-18T06:50:17.795+00:00,2026-09-18T06:54:18.380+00:00,2026-09-18T06:54:22.299+00:00,True,63,63.0,,63.0,240585.164236,244503.968972,244503.96920000002,3881.0153841269844,42.894049,240585.164236,30302.919246225425,70.9552261,63.206528,7.5114075204865065,0.25766452898445424,38,64,,True,True,,254,87.6246207195492
192,2026-09-18T06:50:18.171+00:00,2026-09-18T06:54:19.911+00:00,2026-09-18T06:54:21.690+00:00,True,29,29.0,,29.0,241740.749633,243519.629633,243519.629712,8397.22861075862,44.105097,241740.749633,44878.33339033609,82.51740799999999,63.53142857142858,7.6376566359662545,0.11908690910751177,38,64,,True,True,,88,87.6246207195492
193,2026-09-18T06:50:18.600+00:00,2026-09-18T06:54:21.815+00:00,2026-09-18T06:54:24.878+00:00,True,50,50.0,,50.0,243215.35467,246278.760238,246278.760235,4925.5752047,38.175329,243215.35467,34387.00515080765,79.84060149999999,62.518480979591835,9.49449705986812,0.20302197376534126,38,64,,True,True,,139,87.6246207195492
194,2026-09-18T06:50:19.162+00:00,2026-09-18T06:54:24.189+00:00,2026-09-18T06:54:25.875+00:00,True,28,28.0,,28.0,245026.958974,246712.550782,246712.550878,8811.162531357144,39.523165999999996,245026.958974,46293.94558762952,86.41435625,62.42932622222222,9.359902072794586,0.11349240203325263,38,64,,True,True,,129,87.6246207195492
195,2026-09-18T06:50:19.659+00:00,2026-09-18T06:54:25.943+00:00,2026-09-18T06:54:27.810+00:00,True,31,31.0,,31.0,246283.901017,248150.643033,248150.642862,8004.8594471612905,40.574474,246283.901017,44222.71999116518,94.01228449999999,62.22473386666667,11.541059841232643,0.12492411714555784,38,64,,True,True,,150,87.6246207195492
196,2026-09-18T06:50:20.178+00:00,2026-09-18T06:54:27.749+00:00,2026-09-18T06:54:31.078+00:00,True,53,53.0,,53.0,247570.923123,250899.20113899998,250899.201202,4733.947192490566,35.340254,247570.923123,33997.692179174264,92.8031726,64.00534646153847,12.824648377764722,0.2112402102493647,38,64,,True,True,,278,87.6246207195492
197,2026-09-18T06:50:20.537+00:00,2026-09-18T06:54:29.490+00:00,2026-09-18T06:54:30.239+00:00,True,13,13.0,,13.0,248952.976005,249702.111109,249702.111093,19207.85469946154,56.369164,248952.976005,69029.81802885841,99621.9221298,62.427925333333334,3.8670814220318035,0.05206203480724774,38,64,,True,True,,55,87.6246207195492
198,2026-09-18T06:50:21.063+00:00,2026-09-18T06:54:31.269+00:00,2026-09-18T06:54:33.161+00:00,True,31,31.0,,31.0,250205.931835,252097.908539,252097.908493,8132.190596548387,42.622711,250205.931835,44926.98607354173,93.26252550000001,63.06589013333333,10.044424793999312,0.12296809671947058,38,64,,True,True,,141,87.6246207195492
199,2026-09-18T06:50:21.456+00:00,2026-09-18T06:54:32.534+00:00,2026-09-18T06:54:38.500+00:00,True,96,96.0,,96.0,251077.248123,257043.840123,257043.840152,2677.5400015833334,35.252334000000005,251077.248123,25619.056690833117,90.61720825,62.80623157894737,11.36632067801746,0.37347714675466376,38,64,,True,True,,408,87.6246207195492
200,2026-09-18T06:50:21.913+00:00,2026-09-18T06:54:34.255+00:00,2026-09-18T06:54:38.497+00:00,True,68,68.0,,68.0,252341.859242,256584.134058,256584.13414100002,3773.2960903088238,34.816974,252341.859242,30593.26922312782,91.51299719999999,63.31753456716418,12.017608064939534,0.26502028369621955,38,64,,True,True,,423,87.6246207195492
201,2026-09-18T06:50:22.251+00:00,2026-09-18T06:54:35.683+00:00,2026-09-18T06:54:39.482+00:00,True,61,61.0,,61.0,253432.019213,257231.542797,257231.542749,4216.910536868852,34.633906,253432.019213,32440.53960593593,92.455237,63.32539306666667,13.038281140215645,0.2371404351764881,38,64,,True,True,,305,87.6246207195492
202,2026-09-18T06:50:22.720+00:00,2026-09-18T06:54:37.629+00:00,2026-09-18T06:54:40.294+00:00,True,43,43.0,,43.0,254909.337824,257573.80656,257573.806525,5990.088523837209,39.156886,254909.337824,38863.636991081104,92.6474673,63.439731809523806,12.224319918101907,0.16694244098141034,38,64,,True,True,,180,87.6246207195492
203,2026-09-18T06:50:23.191+00:00,2026-09-18T06:54:39.544+00:00,2026-09-18T06:54:40.954+00:00,True,23,23.0,,23.0,256352.305868,257763.017676,257763.017747,11207.087728130435,39.240427000000004,256352.305868,53439.78157492911,101.8297696,64.123264,12.295461202419602,0.08922924710987934,38,64,,True,True,,95,87.6246207195492
204,2026-09-18T06:50:23.745+00:00,2026-09-18T06:54:41.448+00:00,2026-09-18T06:54:43.081+00:00,True,28,28.0,,28.0,257702.699295,259335.544607,259335.544668,9261.983738142857,36.719752,257702.699295,48689.80408370522,68.04284234999999,60.4757522962963,6.827840754189135,0.10796823105151868,38,64,,True,True,,183,87.6246207195492
205,2026-09-18T06:50:24.265+00:00,2026-09-18T06:54:43.142+00:00,2026-09-18T06:54:48.479+00:00,True,89,89.0,,89.0,258877.174553,264214.123801,264214.123871,2968.698021022472,37.75485,258877.174553,27434.49856279196,75.4331134,60.647150545454544,9.206347030069114,0.3368480031258009,38,64,,True,True,,427,87.6246207195492
206,2026-09-18T06:50:24.644+00:00,2026-09-18T06:54:44.635+00:00,2026-09-18T06:54:49.312+00:00,True,79,79.0,,79.0,259991.21029699998,264668.365625,264668.365521,3350.232474949367,34.328466,259991.21029699998,29244.551739471408,70.1432416,59.96352984615385,9.912190531702928,0.29848674892991384,38,64,,True,True,,393,87.6246207195492
207,2026-09-18T06:50:24.993+00:00,2026-09-18T06:54:45.632+00:00,2026-09-18T06:54:45.965+00:00,True,7,7.0,,7.0,260639.024504,260971.904632,260971.904601,37281.70065728571,41.571903,260639.024504,98491.32245450471,182466.73275320002,55.48002133333333,9.567993905200288,0.02682281071547067,38,64,,True,True,,27,87.6246207195492
208,2026-09-18T06:50:25.549+00:00,2026-09-18T06:54:47.365+00:00,2026-09-18T06:54:48.436+00:00,True,19,19.0,,19.0,261815.771496,262887.475304,262887.47525,13836.182907894738,35.062554,261815.771496,60050.99944889912,26265.191403,59.53910044444445,12.84762975839673,0.07227426859354415,38,64,,True,True,,54,87.6246207195492
209,2026-09-18T06:50:25.908+00:00,2026-09-18T06:54:48.837+00:00,2026-09-18T06:54:50.198+00:00,True,23,23.0,,23.0,262928.952252,264289.91302,264289.91296399996,11490.865781043478,40.504244,262928.952252,54811.57790875381,87.15205020000002,61.861853090909094,8.153079389685224,0.08702564444167603,38,64,,True,True,,88,87.6246207195492
210,2026-09-18T06:50:26.358+00:00,2026-09-18T06:54:50.736+00:00,2026-09-18T06:54:56.420+00:00,True,96,96.0,,96.0,264378.448407,270062.543639,270062.543495,2813.151494739583,35.168874,264378.448407,26976.90738801011,67.848238,59.83258138947368,9.415214165282473,0.35547321263598053,38,64,,True,True,,423,87.6246207195492
211,2026-09-18T06:50:26.721+00:00,2026-09-18T06:54:52.005+00:00,2026-09-18T06:54:57.990+00:00,True,98,98.0,,98.0,265284.52376,271269.278192,271269.278332,2768.0538605306124,36.225763,265284.52376,26791.553740173895,92.14695975000001,61.698499298969075,11.771266378972356,0.36126464689686383,38,64,,True,True,,471,87.6246207195492
212,2026-09-18T06:50:27.159+00:00,2026-09-18T06:54:53.341+00:00,2026-09-18T06:54:58.724+00:00,True,86,86.0,,86.0,266181.452489,271564.817865,271564.81798399996,3157.7304416744187,35.431582999999996,266181.452489,28696.257271173516,92.93353125000002,63.33371030588235,12.10653288167155,0.316683142816947,38,64,,True,True,,295,87.6246207195492
213,2026-09-18T06:50:27.546+00:00,2026-09-18T06:54:54.881+00:00,2026-09-18T06:54:59.954+00:00,True,80,80.0,,80.0,267334.25772,272407.40588,272407.40593199997,3405.09257415,36.676481,267334.25772,29881.701517449812,93.446408,64.2170653164557,12.435661376851394,0.293677771871009,38,64,,True,True,,296,87.6246207195492
214,2026-09-18T06:50:28.000+00:00,2026-09-18T06:54:56.861+00:00,2026-09-18T06:55:01.388+00:00,True,72,72.0,,72.0,268860.77807,273387.415126,273387.41493,3797.0474295833333,37.727339,268860.77807,31678.03494192319,95.21158309999998,63.75545149295775,11.427687777948412,0.2633625251799404,38,64,,True,True,,337,87.6246207195492
215,2026-09-18T06:50:28.375+00:00,2026-09-18T06:54:58.116+00:00,2026-09-18T06:55:01.386+00:00,True,53,53.0,,53.0,269740.89112800005,273011.091704,273011.09178400005,5151.152675169812,36.823231,269740.89112800005,37043.123967049905,82.50155500000001,62.888472615384615,10.422200436098391,0.194131306787575,38,64,,True,True,,280,87.6246207195492
216,2026-09-18T06:50:28.681+00:00,2026-09-18T06:54:59.494+00:00,2026-09-18T06:55:03.211+00:00,True,60,60.0,,60.0,270812.79957800003,274529.87580200005,274529.875814,4575.497930233334,38.658488,270812.79957800003,34953.65013977177,90.3731516,63.00129193220339,10.263937309659102,0.21855544801715485,38,64,,True,True,,210,87.6246207195492
217,2026-09-18T06:50:29.136+00:00,2026-09-18T06:55:01.325+00:00,2026-09-18T06:55:06.682+00:00,True,85,85.0,,85.0,272188.771742,277546.210206,277546.210222,3265.2495320235294,35.786663,272188.771742,29516.10228600514,94.08927,63.779029333333334,12.605052758681865,0.30625530767259046,38,64,,True,True,,369,87.6246207195492
218,2026-09-18T06:50:29.533+00:00,2026-09-18T06:55:02.626+00:00,2026-09-18T06:55:07.824+00:00,True,84,84.0,,84.0,273092.61904400005,278290.54698000004,278290.54700200004,3312.9827024047627,35.785073,273092.61904400005,29790.01700813947,92.085902,62.62563778313253,12.13552687089536,0.30184280749585374,38,64,,True,True,,277,87.6246207195492
219,2026-09-18T06:50:30.055+00:00,2026-09-18T06:55:04.247+00:00,2026-09-18T06:55:09.247+00:00,True,80,80.0,,80.0,274192.417335,279192.405047,279192.404965,3489.9050620625003,39.552216,274192.417335,30648.570370491416,93.43072604999999,63.29098369620253,11.98495920087926,0.28654074592943385,38,64,,True,True,,391,87.6246207195492
220,2026-09-18T06:50:30.519+00:00,2026-09-18T06:55:06.500+00:00,2026-09-18T06:55:12.377+00:00,True,96,96.0,,96.0,275981.209694,281857.67126200005,281857.67128,2936.0174091666668,37.19164,275981.209694,28160.903081558095,89.42247275000001,61.85749018947368,10.98716620841706,0.3405974354721871,38,64,,True,True,,545,87.6246207195492
221,2026-09-18T06:50:30.863+00:00,2026-09-18T06:55:07.916+00:00,2026-09-18T06:55:10.887+00:00,True,50,50.0,,50.0,277052.937263,280024.599343,280024.599508,5600.49199016,35.613094,277052.937263,39172.62751272495,95.47755310000001,60.64616489795918,12.769516051262379,0.17855574159309978,38,64,,True,True,,260,87.6246207195492
222,2026-09-18T06:50:31.201+00:00,2026-09-18T06:55:09.125+00:00,2026-09-18T06:55:10.571+00:00,True,26,26.0,,26.0,277923.49349900003,279369.62623500003,279369.626286,10744.985626384616,37.523989,277923.49349900003,54493.93772599844,67.39011124999999,57.845309439999994,9.014625757693318,0.09306666709046361,38,64,,True,True,,113,87.6246207195492
223,2026-09-18T06:50:31.557+00:00,2026-09-18T06:55:10.506+00:00,2026-09-18T06:55:12.789+00:00,True,37,37.0,,37.0,278948.77810500003,281231.96658500005,281231.96656100004,7600.863961108109,39.678566,278948.77810500003,45848.47104654174,88.4097482,63.42190222222222,9.276586192602238,0.1315639912819692,38,64,,True,True,,169,87.6246207195492
225,2026-09-18T06:50:32.453+00:00,2026-09-18T06:55:13.231+00:00,2026-09-18T06:55:16.447+00:00,True,53,53.0,,53.0,280778.086135,283994.561015,283994.560892,5358.38794135849,36.943691,280778.086135,38559.341520235044,84.6967856,61.85528615384615,11.700166497467418,0.18662329239890144,38,64,,True,True,,232,87.6246207195492
226,2026-09-18T06:50:33.016+00:00,2026-09-18T06:55:15.309+00:00,2026-09-18T06:55:19.134+00:00,True,64,64.0,,64.0,282292.623576,286117.819096,286117.81913099997,4470.5909239218745,35.617303,282292.623576,35278.98955244631,71.73203329999998,60.71738920634921,9.57659670224623,0.22368407602927495,38,64,,True,True,,315,87.6246207195492
224,2026-09-18T06:50:32.121+00:00,2026-09-18T06:55:16.257+00:00,2026-09-18T06:55:19.940+00:00,True,61,61.0,,61.0,284136.323546,287819.229914,287819.229826,4718.348029934426,37.463439,284136.323546,36372.070671647234,74.71146,61.3817728,10.391546940605249,0.21193858387511744,38,64,,True,True,,319,87.6246207195492
227,2026-09-18T06:50:33.539+00:00,2026-09-18T06:55:17.686+00:00,2026-09-18T06:55:23.181+00:00,True,90,90.0,,90.0,284147.009172,289642.500756,289642.500742,3218.2500082444444,33.151267999999995,284147.009172,29945.217522809224,76.31847445,61.747096449438196,9.827955202183052,0.31072787924800305,38,64,,True,True,,385,87.6246207195492
228,2026-09-18T06:50:34.719+00:00,2026-09-18T06:55:19.298+00:00,2026-09-18T06:55:24.791+00:00,True,90,90.0,,90.0,284578.943466,290072.20298600005,290072.203058,3223.0244784222227,37.05035,284578.943466,29990.750075865777,81.88895795,61.72201707865169,9.949727989647972,0.31026757846336533,38,64,,True,True,,329,87.6246207195492
231,2026-09-18T06:50:35.082+00:00,2026-09-18T06:55:23.024+00:00,2026-09-18T06:55:26.561+00:00,True,58,58.0,,58.0,287942.012014,291478.964078,291478.96402799996,5025.499379793103,37.816129999999994,287942.012014,37800.49233365261,91.69080275,62.05179059649122,11.31851027865024,0.19898520012744095,38,64,,True,True,,311,87.6246207195492
230,2026-09-18T06:50:34.990+00:00,2026-09-18T06:55:23.028+00:00,2026-09-18T06:55:26.112+00:00,True,51,51.0,,51.0,288038.242037,291122.194933,291122.19487,5708.278330784314,38.751187,288038.242037,40324.78603171728,90.380195,61.679057920000005,10.927159222449548,0.17518416969801062,38,64,,True,True,,230,87.6246207195492
229,2026-09-18T06:50:34.899+00:00,2026-09-18T06:55:23.244+00:00,2026-09-18T06:55:26.926+00:00,True,61,61.0,,61.0,288345.783022,292027.394798,292027.394645,4787.3343384426225,34.383205000000004,288345.783022,36911.03960100594,85.818518,61.36019626666666,10.8524874039286,0.20888451250333784,38,64,,True,True,,269,87.6246207195492
232,2026-09-18T06:50:35.428+00:00,2026-09-18T06:55:24.974+00:00,2026-09-18T06:55:28.726+00:00,True,61,61.0,,61.0,289545.940193,293298.13782500004,293298.137574,4808.166189737705,36.920190999999996,289545.940193,37064.55349105475,91.67731899999998,62.536627200000005,11.339213839279935,0.20797949980983652,38,64,,True,True,,176,87.6246207195492
233,2026-09-18T06:50:35.867+00:00,2026-09-18T06:55:26.622+00:00,2026-09-18T06:55:30.793+00:00,True,69,69.0,,69.0,290755.64613099996,294926.75397099997,294926.753965,4274.300782101449,35.612804,290755.64613099996,34995.48397277484,90.0777728,61.339821176470586,11.680011009277473,0.23395639449781738,38,64,,True,True,,273,87.6246207195492
234,2026-09-18T06:50:36.187+00:00,2026-09-18T06:55:27.724+00:00,2026-09-18T06:55:29.534+00:00,True,31,31.0,,31.0,291536.823635,293347.563347,293347.563408,9462.824626064516,35.161205,291536.823635,52350.72071327427,96.71011900000002,60.3579904,14.965726985697184,0.10567669165647778,38,64,,True,True,,129,87.6246207195492
235,2026-09-18T06:50:36.639+00:00,2026-09-18T06:55:29.490+00:00,2026-09-18T06:55:33.109+00:00,True,59,59.0,,59.0,292851.42221399996,296470.04134999996,296470.04149599996,5024.915957559321,37.62931,292851.42221399996,38117.886382780685,88.5332476,62.38998510344828,9.362985800854283,0.19900830360915658,38,64,,True,True,,251,87.6246207195492
236,2026-09-18T06:50:37.193+00:00,2026-09-18T06:55:31.571+00:00,2026-09-18T06:55:36.405+00:00,True,77,77.0,,77.0,294378.29895200004,299212.38944800006,299212.389373,3885.8751866623384,35.127224000000005,294378.29895200004,33540.27393171548,92.04978580000001,63.606453894736845,11.406251893674666,0.25734228499713174,38,64,,True,True,,369,87.6246207195492
237,2026-09-18T06:50:37.676+00:00,2026-09-18T06:55:33.105+00:00,2026-09-18T06:55:37.687+00:00,False,73,72.0,,72.0,295428.118598,300010.92102999997,300010.92102099996,4109.7386441232875,0.0192,295428.118598,34569.79880918758,91.71114419999999,63.65003377777778,13.416839950011964,0.23999126349403885,38,64,,True,False,Request timeout: 300.0s exceeded,288,87.6246207195492
238,2026-09-18T06:50:38.059+00:00,2026-09-18T06:55:34.703+00:00,2026-09-18T06:55:36.077+00:00,True,22,22.0,,22.0,296643.751136,298017.846752,298017.846738,13546.265760818182,39.320016,296643.751136,63230.71124982669,104.16593950000001,65.43312457142858,13.605704302162813,0.07382108232701792,38,64,,True,True,,93,87.6246207195492
239,2026-09-18T06:50:38.420+00:00,2026-09-18T06:55:36.342+00:00,2026-09-18T06:55:36.405+00:00,True,2,2.0,,2.0,297922.359205,297985.69667699997,297985.69651599997,148992.84825799998,63.337311,297922.359205,210618.13421883972,283029.40811029996,63.337472,nan,0.006711731543839467,38,64,,True,True,,6,87.6246207195492
240,2026-09-18T06:50:38.861+00:00,2026-09-18T06:55:37.967+00:00,2026-09-18T06:55:37.967+00:00,True,1,1.0,,1.0,299106.00215200003,299106.00215200003,299106.00215200003,299106.00215200003,299106.00215200003,299106.00215200003,nan,299106.00215200003,nan,nan,0.0033432963324213695,38,64,,True,True,,1,87.6246207195492
241,2026-09-18T06:50:39.216+00:00,2026-09-18T06:55:39.203+00:00,2026-09-18T06:55:39.266+00:00,False,3,2.0,,2.0,299987.257528,300050.49285599997,300050.492969,100016.83098966666,0.06947,299987.257528,173179.47226139228,269994.8483723,31.617664,44.61601675925237,0.006665544792022184,38,64,,True,False,Request timeout: 300.0s exceeded,5,87.6246207195492
242,2026-09-18T06:50:39.770+00:00,2026-09-18T06:55:39.791+00:00,2026-09-18T06:55:39.791+00:00,False,1,0.0,,0.0,300020.951269,300020.951269,300020.951269,300020.951269,300020.951269,300020.951269,nan,300020.951269,nan,nan,0.0,38,64,,True,False,TTFT timeout: 300.0s exceeded (TTFT: 300.016s),0,87.6246207195492
243,2026-09-18T06:50:40.166+00:00,2026-09-18T06:55:40.157+00:00,2026-09-18T06:55:40.227+00:00,False,3,2.0,,2.0,299990.861095,300060.708135,300060.708154,100020.23605133334,0.023149999999999997,299990.861095,173179.64481515295,269998.7573764,34.92352,49.356370110658986,0.006665317869943111,38,64,,True,False,Request timeout: 300.0s exceeded,7,87.6246207195492
244,2026-09-18T06:50:40.730+00:00,2026-09-18T06:55:40.811+00:00,2026-09-18T06:55:40.811+00:00,False,1,0.0,,0.0,300081.398071,300081.398071,300081.398071,300081.398071,300081.398071,300081.398071,nan,300081.398071,nan,nan,0.0,38,64,,True,False,"HTTPConnectionPool(host='gpu03', port=9002): Read timed out.",0,87.6246207195492
245,2026-09-18T06:50:41.176+00:00,2026-09-18T06:55:41.247+00:00,2026-09-18T06:55:41.247+00:00,False,1,0.0,,0.0,300071.053969,300071.053969,300071.053969,300071.053969,300071.053969,300071.053969,nan,300071.053969,nan,nan,0.0,38,64,,True,False,"HTTPConnectionPool(host='gpu03', port=9002): Read timed out.",0,87.6246207195492
246,2026-09-18T06:50:41.560+00:00,2026-09-18T06:55:41.612+00:00,2026-09-18T06:55:41.612+00:00,False,1,0.0,,0.0,300052.075374,300052.075374,300052.075374,300052.075374,300052.075374,300052.075374,nan,300052.075374,nan,nan,0.0,38,64,,True,False,"HTTPConnectionPool(host='gpu03', port=9002): Read timed out.",0,87.6246207195492
247,2026-09-18T06:50:41.923+00:00,2026-09-18T06:55:41.836+00:00,2026-09-18T06:55:41.955+00:00,False,4,3.0,,3.0,299912.509666,300031.36253000004,300031.362433,75007.84060825,0.027780000000000003,299912.509666,149936.44865576492,254934.74383150003,39.61762133333334,34.31151301831088,0.009998954691611718,38,64,,True,False,Request timeout: 300.0s exceeded,6,87.6246207195492
248,2026-09-18T06:50:42.256+00:00,2026-09-18T06:55:42.316+00:00,2026-09-18T06:55:42.316+00:00,False,1,0.0,,0.0,300060.41839999997,300060.41839999997,300060.41839999997,300060.41839999997,300060.41839999997,300060.41839999997,nan,300060.41839999997,nan,nan,0.0,38,64,,True,False,"HTTPConnectionPool(host='gpu03', port=9002): Read timed out.",0,87.6246207195492
249,2026-09-18T06:50:42.646+00:00,2026-09-18T06:55:42.748+00:00,2026-09-18T06:55:42.748+00:00,False,1,0.0,,0.0,300101.59739300003,300101.59739300003,300101.59739300003,300101.59739300003,300101.59739300003,300101.59739300003,nan,300101.59739300003,nan,nan,0.0,38,64,,True,False,TTFT timeout: 300.0s exceeded (TTFT: 300.094s),0,87.6246207195492
250,2026-09-18T06:50:42.974+00:00,2026-09-18T06:55:42.819+00:00,2026-09-18T06:55:43.053+00:00,False,5,4.0,,4.0,299845.045046,300078.893622,300078.89357799996,60015.7787156,0.036899999999999995,299845.045046,134068.64005877756,239893.9092712,58.462144,39.80406610324327,0.013329827871995138,38,64,,True,False,Request timeout: 300.0s exceeded,12,87.6246207195492
251,2026-09-18T06:50:43.429+00:00,2026-09-18T06:55:43.561+00:00,2026-09-18T06:55:43.561+00:00,False,1,0.0,,0.0,300132.913325,300132.913325,300132.913325,300132.913325,300132.913325,300132.913325,nan,300132.913325,nan,nan,0.0,38,64,,True,False,"HTTPConnectionPool(host='gpu03', port=9002): Read timed out.",0,87.6246207195492
252,2026-09-18T06:50:43.918+00:00,2026-09-18T06:55:44.028+00:00,2026-09-18T06:55:44.028+00:00,False,1,0.0,,0.0,300109.75577600003,300109.75577600003,300109.75577600003,300109.75577600003,300109.75577600003,300109.75577600003,nan,300109.75577600003,nan,nan,0.0,38,64,,True,False,"HTTPConnectionPool(host='gpu03', port=9002): Read timed out.",0,87.6246207195492
253,2026-09-18T06:50:44.329+00:00,2026-09-18T06:55:44.356+00:00,2026-09-18T06:55:44.356+00:00,False,1,0.0,,0.0,300026.987211,300026.987211,300026.987211,300026.987211,300026.987211,300026.987211,nan,300026.987211,nan,nan,0.0,38,64,,True,False,TTFT timeout: 300.0s exceeded (TTFT: 300.011s),0,87.6246207195492
254,2026-09-18T06:50:44.747+00:00,2026-09-18T06:55:44.568+00:00,2026-09-18T06:55:45.815+00:00,False,22,21.0,,21.0,299820.390207,301068.33695900004,301068.337056,13684.924411636364,0.03534,299820.390207,63909.25487364957,89.17156405,59.4260358095238,18.600447513156084,0.06975160593808911,38,64,,True,False,Request timeout: 300.0s exceeded,72,87.6246207195492
255,2026-09-18T06:50:45.057+00:00,2026-09-18T06:55:45.316+00:00,2026-09-18T06:55:45.909+00:00,False,11,10.0,,10.0,300258.745227,300852.11969099997,300852.119854,27350.192713999997,0.06586,300258.745227,90513.53057562718,150174.2169945,59.3374464,26.529725619240025,0.033238921534841856,38,64,,True,False,Request timeout: 300.0s exceeded,57,87.6246207195492
257,2026-09-18T06:50:45.941+00:00,2026-09-18T06:55:46.058+00:00,2026-09-18T06:55:46.058+00:00,False,1,0.0,,0.0,300117.003531,300117.003531,300117.003531,300117.003531,300117.003531,300117.003531,nan,300117.003531,nan,nan,0.0,38,64,,True,False,"HTTPConnectionPool(host='gpu03', port=9002): Read timed out.",0,87.6246207195492
256,2026-09-18T06:50:45.515+00:00,2026-09-18T06:55:46.713+00:00,2026-09-18T06:55:46.713+00:00,False,1,0.0,,0.0,301197.765444,301197.765444,301197.765444,301197.765444,301197.765444,301197.765444,nan,301197.765444,nan,nan,0.0,38,64,,True,False,"HTTPConnectionPool(host='gpu03', port=9002): Read timed out.",0,87.6246207195492
258,2026-09-18T06:50:46.273+00:00,2026-09-18T06:55:46.714+00:00,2026-09-18T06:55:46.714+00:00,False,1,0.0,,0.0,300440.519906,300440.519906,300440.519906,300440.519906,300440.519906,300440.519906,nan,300440.519906,nan,nan,0.0,38,64,,True,False,"HTTPConnectionPool(host='gpu03', port=9002): Read timed out.",0,87.6246207195492
259,2026-09-18T06:50:46.765+00:00,2026-09-18T06:55:46.872+00:00,2026-09-18T06:55:46.872+00:00,False,1,0.0,,0.0,300106.81971899996,300106.81971899996,300106.81971899996,300106.81971899996,300106.81971899996,300106.81971899996,nan,300106.81971899996,nan,nan,0.0,38,64,,True,False,"HTTPConnectionPool(host='gpu03', port=9002): Read timed out.",0,87.6246207195492
261,2026-09-18T06:50:47.654+00:00,2026-09-18T06:55:47.287+00:00,2026-09-18T06:55:47.695+00:00,False,9,8.0,,8.0,299632.802645,300040.59400499996,300040.59393,33337.84377,0.03473,299632.802645,99860.61169978259,179804.9938594,50.97392,22.006206786530022,0.02666305879885935,38,64,,True,False,Request timeout: 300.0s exceeded,24,87.6246207195492
260,2026-09-18T06:50:47.257+00:00,2026-09-18T06:55:47.291+00:00,2026-09-18T06:55:47.291+00:00,False,1,0.0,,0.0,300033.866823,300033.866823,300033.866823,300033.866823,300033.866823,300033.866823,nan,300033.866823,nan,nan,0.0,38,64,,True,False,TTFT timeout: 300.0s exceeded (TTFT: 300.027s),0,87.6246207195492
262,2026-09-18T06:50:48.016+00:00,2026-09-18T06:55:48.120+00:00,2026-09-18T06:55:48.120+00:00,False,1,0.0,,0.0,300104.030032,300104.030032,300104.030032,300104.030032,300104.030032,300104.030032,nan,300104.030032,nan,nan,0.0,38,64,,True,False,"HTTPConnectionPool(host='gpu03', port=9002): Read timed out.",0,87.6246207195492
263,2026-09-18T06:50:48.479+00:00,2026-09-18T06:55:48.556+00:00,2026-09-18T06:55:48.556+00:00,False,1,0.0,,0.0,300076.76734200004,300076.76734200004,300076.76734200004,300076.76734200004,300076.76734200004,300076.76734200004,nan,300076.76734200004,nan,nan,0.0,38,64,,True,False,TTFT timeout: 300.0s exceeded (TTFT: 300.068s),0,87.6246207195492
264,2026-09-18T06:50:49.032+00:00,2026-09-18T06:55:48.887+00:00,2026-09-18T06:55:49.107+00:00,False,5,4.0,,4.0,299854.668055,300074.486295,300074.486232,60014.8972464,0.040679,299854.668055,134074.51198712026,239901.5956546,54.95456,38.64981620197188,0.013330023653086064,38,64,,True,False,Request timeout: 300.0s exceeded,14,87.6246207195492
265,2026-09-18T06:50:49.426+00:00,2026-09-18T06:55:49.535+00:00,2026-09-18T06:55:49.535+00:00,False,1,0.0,,0.0,300109.115858,300109.115858,300109.115858,300109.115858,300109.115858,300109.115858,nan,300109.115858,nan,nan,0.0,38,64,,True,False,"HTTPConnectionPool(host='gpu03', port=9002): Read timed out.",0,87.6246207195492
266,2026-09-18T06:50:49.800+00:00,2026-09-18T06:55:49.905+00:00,2026-09-18T06:55:49.905+00:00,False,1,0.0,,0.0,300104.251567,300104.251567,300104.251567,300104.251567,300104.251567,300104.251567,nan,300104.251567,nan,nan,0.0,38,64,,True,False,TTFT timeout: 300.0s exceeded (TTFT: 300.097s),0,87.6246207195492
267,2026-09-18T06:50:50.160+00:00,2026-09-18T06:55:50.094+00:00,2026-09-18T06:55:50.237+00:00,False,4,3.0,,3.0,299933.703597,300076.802477,300076.80248899997,75019.20062224999,0.02919,299933.703597,149943.00577531158,254954.55975555,47.69962666666667,41.30153096662357,0.009997440572667863,38,64,,True,False,Request timeout: 300.0s exceeded,10,87.6246207195492
268,2026-09-18T06:50:50.505+00:00,2026-09-18T06:55:50.383+00:00,2026-09-18T06:55:50.516+00:00,False,4,3.0,,3.0,299877.300515,300010.689059,300010.689134,75002.6722835,0.01973,299877.300515,149916.42215818915,254906.37054814998,44.462848,38.741419310518395,0.00999964371072799,38,64,,True,False,Request timeout: 300.0s exceeded,10,87.6246207195492
269,2026-09-18T06:50:51.027+00:00,2026-09-18T06:55:51.140+00:00,2026-09-18T06:55:51.140+00:00,False,1,0.0,,0.0,300113.005539,300113.005539,300113.005539,300113.005539,300113.005539,300113.005539,nan,300113.005539,nan,nan,0.0,38,64,,True,False,"HTTPConnectionPool(host='gpu03', port=9002): Read timed out.",0,87.6246207195492
270,2026-09-18T06:50:51.505+00:00,2026-09-18T06:55:51.456+00:00,2026-09-18T06:55:51.549+00:00,False,3,2.0,,2.0,299951.59797,300044.087186,300044.087107,100014.69570233334,0.045840000000000006,299951.59797,173150.44268096858,269965.68250269996,46.244608,65.33494689794514,0.0066656870953773605,38,64,,True,False,Request timeout: 300.0s exceeded,6,87.6246207195492
271,2026-09-18T06:50:52.029+00:00,2026-09-18T06:55:52.132+00:00,2026-09-18T06:55:52.132+00:00,False,1,0.0,,0.0,300103.571721,300103.571721,300103.571721,300103.571721,300103.571721,300103.571721,nan,300103.571721,nan,nan,0.0,38,64,,True,False,"HTTPConnectionPool(host='gpu03', port=9002): Read timed out.",0,87.6246207195492
272,2026-09-18T06:50:52.529+00:00,2026-09-18T06:55:52.570+00:00,2026-09-18T06:55:52.570+00:00,False,1,0.0,,0.0,300041.17435600003,300041.17435600003,300041.17435600003,300041.17435600003,300041.17435600003,300041.17435600003,nan,300041.17435600003,nan,nan,0.0,38,64,,True,False,"HTTPConnectionPool(host='gpu03', port=9002): Read timed out.",0,87.6246207195492
273,2026-09-18T06:50:52.869+00:00,2026-09-18T06:55:52.816+00:00,2026-09-18T06:55:52.890+00:00,False,3,2.0,,2.0,299947.512623,300021.25905500003,300021.259114,100007.08637133334,0.02641,299947.512623,173153.49229791152,269960.13336880004,36.873216,52.10931217229995,0.006666194276697436,38,64,,True,False,Request timeout: 300.0s exceeded,3,87.6246207195492
0,2026-09-18T06:48:53.174+00:00,2026-09-18T06:48:53.415+00:00,2026-09-18T06:48:57.072+00:00,True,65,65.0,,65.0,240.54581299999998,3898.247445,3898.247496,59.9730384,8.622894,240.54581299999998,26.234943997343724,74.98943279999999,57.151588,13.173693274671086,16.674159585064512,39,64,,False,True,,195,87.6246207195492
1,2026-09-18T06:48:53.662+00:00,2026-09-18T06:48:53.852+00:00,2026-09-18T06:48:56.632+00:00,True,49,49.0,,49.0,190.306176,2969.799552,2969.799581,60.60815471428572,14.816023,190.306176,21.526622842289694,66.842532,57.906112,10.387147985701104,16.49943005985072,39,64,,False,True,,251,87.6246207195492
2,2026-09-18T06:48:54.096+00:00,2026-09-18T06:48:55.545+00:00,2026-09-18T06:48:57.443+00:00,True,32,32.0,,32.0,1449.307257,3346.740857,3346.741072,104.5856585,41.772172,1449.307257,245.46283525006027,69.99373975,61.20753548387097,6.336246247195279,9.56154102373036,39,64,,False,True,,130,87.6246207195492
3,2026-09-18T06:48:54.438+00:00,2026-09-18T06:48:57.315+00:00,2026-09-18T06:48:59.974+00:00,True,45,45.0,,45.0,2877.221744,5536.084848,5536.084983,123.02411073333333,13.952064,2877.221744,420.10953990622806,71.6253784,60.428706909090906,13.333321411362036,8.128488134761332,39,64,,False,True,,183,87.6246207195492
4,2026-09-18T06:48:54.952+00:00,2026-09-18T06:48:58.891+00:00,2026-09-18T06:49:00.096+00:00,True,21,21.0,,21.0,3939.111491,5144.6385310000005,5144.638521,244.9827867142857,10.761149999999999,3939.111491,846.610367331347,112.55218099999998,60.276352,17.867993244463275,4.081919433884518,39,64,,False,True,,79,87.6246207195492
5,2026-09-18T06:48:55.470+00:00,2026-09-18T06:49:00.658+00:00,2026-09-18T06:49:05.620+00:00,True,85,85.0,,85.0,5188.019849,10150.224009000001,10150.223968,119.41439962352942,0.0,5188.019849,556.5941384012602,68.58049120000001,59.073859047619045,17.816787374245227,8.374199419109587,39,64,,False,True,,405,87.6246207195492
6,2026-09-18T06:48:55.999+00:00,2026-09-18T06:49:02.793+00:00,2026-09-18T06:49:08.027+00:00,True,88,88.0,,88.0,6793.729176,12028.317592,12028.317549,136.68542669318182,0.01843,6793.729176,718.5783361122129,70.07559035,60.167682942528735,33.628698021846674,7.316068878870355,39,64,,False,True,,328,87.6246207195492
7,2026-09-18T06:48:56.379+00:00,2026-09-18T06:49:04.101+00:00,2026-09-18T06:49:04.852+00:00,True,14,14.0,,14.0,7722.7295300000005,8473.331514000001,8473.331365,605.2379546428572,39.606936999999995,7722.7295300000005,2048.580523965217,2748.74139335,57.73861415384615,10.644951392411162,1.6522426836325947,39,64,,False,True,,68,87.6246207195492
8,2026-09-18T06:48:56.832+00:00,2026-09-18T06:49:05.804+00:00,2026-09-18T06:49:10.221+00:00,True,74,74.0,,74.0,8971.987868,13389.002652,13389.00258,180.9324672972973,0.0,8971.987868,1036.5255034367874,70.0639518,60.50705183561644,35.11729323463487,5.526923993023943,39,64,,False,True,,395,87.6246207195492
9,2026-09-18T06:48:57.343+00:00,2026-09-18T06:49:07.891+00:00,2026-09-18T06:49:12.310+00:00,True,78,78.0,,78.0,10547.520960000002,14967.356608000002,14967.356617000001,191.88918739743593,0.0,10547.520960000002,1188.1180511691728,70.93644590000001,57.40046296103896,28.85114551809902,5.211341056597079,39,64,,False,True,,417,87.6246207195492
10,2026-09-18T06:48:57.749+00:00,2026-09-18T06:49:09.089+00:00,2026-09-18T06:49:13.832+00:00,True,78,78.0,,78.0,11340.271666999999,16083.317554999998,16083.317403,206.19637696153845,0.0,11340.271666999999,1277.3929864748652,68.63055084999999,61.597998545454544,29.430320096746247,4.849745690418907,39,64,,False,True,,362,87.6246207195492
11,2026-09-18T06:48:58.183+00:00,2026-09-18T06:49:10.764+00:00,2026-09-18T06:49:14.151+00:00,True,57,57.0,,57.0,12580.996460999999,15968.132973,15968.132876999998,280.1426820526315,0.0,12580.996460999999,1658.763636700298,99.13501779999999,60.48458057142857,35.88744782097958,3.569609552749809,39,64,,False,True,,244,87.6246207195492
12,2026-09-18T06:48:58.598+00:00,2026-09-18T06:49:12.270+00:00,2026-09-18T06:49:13.056+00:00,True,14,14.0,,14.0,13672.034084,14458.24874,14458.248833000001,1032.7320595,39.910736,13672.034084,3637.8513607638047,4831.03246975,60.478050461538466,8.874869971336,0.9683053772112652,39,64,,False,True,,64,87.6246207195492
13,2026-09-18T06:48:59.027+00:00,2026-09-18T06:49:14.048+00:00,2026-09-18T06:49:15.515+00:00,True,26,26.0,,26.0,15020.609888,16487.945568,16487.945592,634.1517535384615,37.891940000000005,15020.609888,2934.282475262349,66.5243815,58.6934272,7.517673553327518,1.5769096211999334,39,64,,False,True,,114,87.6246207195492
14,2026-09-18T06:48:59.354+00:00,2026-09-18T06:49:15.029+00:00,2026-09-18T06:49:15.986+00:00,True,17,17.0,,17.0,15675.461821,16632.540605000002,16632.540672,978.3847454117647,36.197392,15675.461821,3787.360025187991,3191.6946354,59.817424,8.967104417436643,1.0220928001155478,39,64,,False,True,,77,87.6246207195492
15,2026-09-18T06:48:59.643+00:00,2026-09-18T06:49:16.151+00:00,2026-09-18T06:49:17.179+00:00,True,18,18.0,,18.0,16507.299786,17535.546058,17535.545944999998,974.1969969444444,0.0,16507.299786,3877.0663925693575,2723.57032505,60.485074823529416,65.1350214277905,1.0264864259409878,39,64,,False,True,,95,87.6246207195492
16,2026-09-18T06:49:00.132+00:00,2026-09-18T06:49:18.003+00:00,2026-09-18T06:49:23.243+00:00,True,85,85.0,,85.0,17870.842752,23110.418304,23110.418395,271.8872752352941,0.0,17870.842752,1932.2931065787704,91.23511699999999,62.37589942857142,52.082334550643345,3.677994871485646,39,64,,False,True,,509,87.6246207195492
17,2026-09-18T06:49:00.449+00:00,2026-09-18T06:49:19.218+00:00,2026-09-18T06:49:23.469+00:00,True,69,69.0,,69.0,18769.862121,23020.627432999998,23020.627431999997,333.63228162318836,0.0,18769.862121,2252.868663451181,99.20041959999999,62.511254588235296,59.26795344236837,2.997311876091123,39,64,,False,True,,357,87.6246207195492
18,2026-09-18T06:49:00.789+00:00,2026-09-18T06:49:20.352+00:00,2026-09-18T06:49:21.037+00:00,True,12,12.0,,12.0,19562.568607999998,20247.692192,20247.692235,1687.3076862499997,45.594665,19562.568607999998,5629.259379401982,8855.646269249999,62.28396218181818,12.234119213413525,0.5926601355951708,39,64,,False,True,,53,87.6246207195492
19,2026-09-18T06:49:01.148+00:00,2026-09-18T06:49:21.657+00:00,2026-09-18T06:49:25.721+00:00,True,68,68.0,,68.0,20509.460148,24573.412532,24573.412607,361.3737148088235,0.0,20509.460148,2480.1385906647483,92.08030739999998,60.656005731343285,42.38787183717238,2.7672184281059464,39,64,,False,True,,340,87.6246207195492
20,2026-09-18T06:49:01.484+00:00,2026-09-18T06:49:22.785+00:00,2026-09-18T06:49:28.697+00:00,True,100,100.0,,100.0,21301.305066,27213.66577,27213.665680000002,272.1366568,0.0,21301.305066,2124.7690769714536,86.4441295,59.72081519191919,51.196564287966716,3.674624390744107,39,64,,False,True,,468,87.6246207195492
21,2026-09-18T06:49:01.947+00:00,2026-09-18T06:49:24.802+00:00,2026-09-18T06:49:24.802+00:00,True,1,1.0,,1.0,22854.89598,22854.89598,22854.89598,22854.89598,22854.89598,22854.89598,nan,22854.89598,nan,nan,0.04375430108608177,39,64,,False,True,,3,87.6246207195492
22,2026-09-18T06:49:02.288+00:00,2026-09-18T06:49:26.220+00:00,2026-09-18T06:49:26.220+00:00,True,1,1.0,,1.0,23931.990408,23931.990408,23931.990408,23931.990408,23931.990408,23931.990408,nan,23931.990408,nan,nan,0.04178507441093238,39,64,,False,True,,1,87.6246207195492
23,2026-09-18T06:49:02.706+00:00,2026-09-18T06:49:27.739+00:00,2026-09-18T06:49:28.638+00:00,True,17,17.0,,17.0,25033.018783,25932.848543,25932.848431,1525.4616724117648,0.0,25033.018783,6058.503460019642,5334.9415382,56.23936,98.10122395097372,0.6555392467515404,39,64,,False,True,,77,87.6246207195492
24,2026-09-18T06:49:03.212+00:00,2026-09-18T06:49:29.906+00:00,2026-09-18T06:49:33.837+00:00,True,66,66.0,,66.0,26694.438765,30625.332077,30625.332159999998,464.02018424242425,0.0,26694.438765,3278.868711462694,70.4418965,60.475281723076925,55.01297375081831,2.1550786725857844,39,64,,False,True,,158,87.6246207195492
25,2026-09-18T06:49:03.557+00:00,2026-09-18T06:49:31.154+00:00,2026-09-18T06:49:31.386+00:00,True,5,5.0,,5.0,27597.544138,27828.90721,27828.907318,5565.7814636,40.915634,27597.544138,12316.13427298484,22091.761598800003,57.840768,12.18675743522725,0.17966929000371623,39,64,,False,True,,17,87.6246207195492
26,2026-09-18T06:49:04.029+00:00,2026-09-18T06:49:32.969+00:00,2026-09-18T06:49:35.209+00:00,True,33,33.0,,33.0,28939.568353,31179.958753,31179.958713,944.8472337272727,0.0,28939.568353,5026.924222069849,505.39320019999997,70.0122,119.64662331963154,1.058372150566905,39,64,,False,True,,155,87.6246207195492
27,2026-09-18T06:49:04.431+00:00,2026-09-18T06:49:34.535+00:00,2026-09-18T06:49:38.211+00:00,True,60,60.0,,60.0,30103.54399,33780.005302,33780.005342,563.0000890333333,0.01704,30103.54399,3878.7840366085998,97.0961521,62.31290359322034,61.40098304490671,1.7761986554942193,39,64,,False,True,,278,87.6246207195492
28,2026-09-18T06:49:04.770+00:00,2026-09-18T06:49:35.598+00:00,2026-09-18T06:49:38.490+00:00,True,47,47.0,,47.0,30827.536063,33720.108223,33720.108237,717.4491114255319,3.859883,30827.536063,4487.517085658345,98.2539137,62.88200347826087,16.886924027318127,1.393827080541277,39,64,,False,True,,249,87.6246207195492
29,2026-09-18T06:49:05.221+00:00,2026-09-18T06:49:37.504+00:00,2026-09-18T06:49:39.501+00:00,True,34,34.0,,34.0,32283.009175,34280.730519,34280.730349,1008.2567749705883,0.0,32283.009175,5526.752942189355,250.24677125,60.537010424242425,85.71354067411399,0.9918108361534361,39,64,,False,True,,155,87.6246207195492
30,2026-09-18T06:49:05.709+00:00,2026-09-18T06:49:39.236+00:00,2026-09-18T06:49:43.799+00:00,True,76,76.0,,76.0,33527.789004,38090.431948,38090.431907,501.18989351315787,36.45587200000001,33527.789004,3838.9476194570125,92.71270200000001,60.83523925333333,13.87510993858432,1.9952517236809784,39,64,,False,True,,421,87.6246207195492
31,2026-09-18T06:49:06.025+00:00,2026-09-18T06:49:40.201+00:00,2026-09-18T06:49:45.297+00:00,True,80,80.0,,80.0,34176.309152,39272.555168,39272.555191,490.9069398875,0.0,34176.309152,3814.3447286392648,97.78641485,64.50944324050633,63.96487930134704,2.0370459639760203,39,64,,False,True,,380,87.6246207195492
32,2026-09-18T06:49:06.391+00:00,2026-09-18T06:49:41.843+00:00,2026-09-18T06:49:46.494+00:00,True,76,76.0,,76.0,35451.699514,40103.149626,40103.149513,527.6730199078947,0.0,35451.699514,4060.0055056506253,95.42096375000001,62.019334826666665,66.09010564569506,1.8951129950832357,39,64,,False,True,,202,87.6246207195492
33,2026-09-18T06:49:06.854+00:00,2026-09-18T06:49:43.730+00:00,2026-09-18T06:49:45.925+00:00,True,37,37.0,,37.0,36876.393522,39070.527025999996,39070.527185,1055.9601941891892,0.0,36876.393522,6053.154315694922,199.1274194,60.948152888888885,95.49449854640463,0.9470053980940125,39,64,,False,True,,165,87.6246207195492
34,2026-09-18T06:49:07.239+00:00,2026-09-18T06:49:45.292+00:00,2026-09-18T06:49:48.119+00:00,True,54,54.0,,54.0,38052.920567,40879.782135,40879.782132,757.0330024444445,0.0,38052.920567,5171.137751702191,77.0014788,53.33701071698113,22.82182985990419,1.320946374461396,39,64,,False,True,,184,87.6246207195492
35,2026-09-18T06:49:07.892+00:00,2026-09-18T06:49:46.906+00:00,2026-09-18T06:49:52.476+00:00,True,85,85.0,,85.0,39014.327141999995,44583.608422,44583.60853799999,524.5130416235294,0.0,39014.327141999995,4225.526375196796,92.3146854,66.30096761904763,93.38723259158546,1.9065302923766112,39,64,,False,True,,387,87.6246207195492
36,2026-09-18T06:49:08.077+00:00,2026-09-18T06:49:48.835+00:00,2026-09-18T06:49:49.756+00:00,True,19,19.0,,19.0,40758.227648,41679.637952,41679.637798,2193.665147263158,0.019010000000000003,40758.227648,9338.87159650408,4162.0319594,51.189461333333334,26.88735869733368,0.45585808643254505,39,64,,False,True,,65,87.6246207195492
37,2026-09-18T06:49:08.491+00:00,2026-09-18T06:49:50.012+00:00,2026-09-18T06:49:55.278+00:00,True,85,85.0,,85.0,41521.140155,46786.731195,46786.731332,550.4321333176471,0.0,41521.140155,4497.352277707009,85.1701048,62.685607619047616,70.85319884687755,1.8167544051268059,39,64,,False,True,,360,87.6246207195492
38,2026-09-18T06:49:08.916+00:00,2026-09-18T06:49:51.745+00:00,2026-09-18T06:49:52.468+00:00,True,5,5.0,,5.0,42829.331508,43551.764788,43551.764805000006,8710.352961,0.0,42829.331508,19075.112497088772,34395.42759100001,180.60832,320.8301490927276,0.11480591026193435,39,64,,False,True,,13,87.6246207195492
39,2026-09-18T06:49:09.286+00:00,2026-09-18T06:49:53.193+00:00,2026-09-18T06:49:58.893+00:00,True,91,91.0,,91.0,43906.523616,49607.28112,49607.281149,545.1349576813186,35.550174,43906.523616,4596.034020719094,92.845014,63.34175004444444,13.548025311210775,1.83440813415819,39,64,,False,True,,472,87.6246207195492
40,2026-09-18T06:49:09.657+00:00,2026-09-18T06:49:54.767+00:00,2026-09-18T06:50:00.779+00:00,True,94,94.0,,94.0,45110.65146,51122.866244000004,51122.866209,543.8602788191489,0.0,45110.65146,4646.749771957574,93.32361230000001,64.64747079569892,75.64986115790764,1.8387075472520524,39,64,,False,True,,306,87.6246207195492
41,2026-09-18T06:49:10.165+00:00,2026-09-18T06:49:56.865+00:00,2026-09-18T06:50:01.067+00:00,True,68,68.0,,68.0,46700.053224,50902.09124,50902.091242,748.5601653235294,0.0,46700.053224,5656.341928801639,95.98593935,62.716985313432836,91.81969698500252,1.3358979630008614,39,64,,False,True,,301,87.6246207195492
42,2026-09-18T06:49:10.463+00:00,2026-09-18T06:49:58.343+00:00,2026-09-18T06:49:59.139+00:00,True,13,13.0,,13.0,47880.472130999995,48676.094274999996,48676.09411299999,3744.3149317692305,43.164101,47880.472130999995,13261.271620573456,19210.637318399997,66.30184533333333,14.023542103721995,0.26707155110998276,39,64,,False,True,,60,87.6246207195492
43,2026-09-18T06:49:10.859+00:00,2026-09-18T06:49:59.698+00:00,2026-09-18T06:50:04.661+00:00,True,82,82.0,,82.0,48838.470608999996,53801.616593,53801.616523,656.1172746707317,0.0,48838.470608999996,5388.197327559289,96.33939249999999,61.273407209876545,134.45051480031054,1.5241177717821368,39,64,,False,True,,460,87.6246207195492
44,2026-09-18T06:49:11.373+00:00,2026-09-18T06:50:02.640+00:00,2026-09-18T06:50:04.250+00:00,True,37,37.0,,37.0,51267.526255000004,52876.613999,52876.61416600001,1429.0976801621623,0.01586,51267.526255000004,8421.03077658027,79.79351500000001,44.696881777777776,29.283517853517555,0.6997422338862269,39,64,,False,True,,119,87.6246207195492
45,2026-09-18T06:49:11.864+00:00,2026-09-18T06:50:04.373+00:00,2026-09-18T06:50:09.909+00:00,True,81,81.0,,81.0,52508.864222000004,58044.774622000004,58044.774509,716.6021544320988,0.0,52508.864222000004,5827.291027218598,99.96355599999998,69.19888,88.35825515648118,1.3954744510162944,39,64,,False,True,,424,87.6246207195492
46,2026-09-18T06:49:12.177+00:00,2026-09-18T06:50:05.420+00:00,2026-09-18T06:50:11.326+00:00,True,93,93.0,,93.0,53243.27278,59149.261388,59149.261395,636.0135633870967,0.0,53243.27278,5515.041670463542,91.964228,64.19552834782608,83.69778134546507,1.5722935133534486,39,64,,False,True,,384,87.6246207195492
47,2026-09-18T06:49:12.560+00:00,2026-09-18T06:50:07.009+00:00,2026-09-18T06:50:12.370+00:00,True,87,87.0,,87.0,54448.994752,59810.921151999995,59810.92093,687.4818497701149,0.0,54448.994752,5831.511817081578,92.14947099999999,62.34798139534884,87.66069764351546,1.4545838506466613,39,64,,False,True,,368,87.6246207195492
48,2026-09-18T06:49:12.873+00:00,2026-09-18T06:50:08.160+00:00,2026-09-18T06:50:12.148+00:00,True,65,65.0,,65.0,55286.99818,59275.066276000005,59275.066323,911.9240972769231,0.0,55286.99818,6850.492427737246,92.3521578,62.313564,99.63894110008707,1.0965824938489859,39,64,,False,True,,232,87.6246207195492
49,2026-09-18T06:49:13.364+00:00,2026-09-18T06:50:09.910+00:00,2026-09-18T06:50:15.499+00:00,True,94,94.0,,94.0,56545.948754,62134.388049999994,62134.387814999995,661.0041256914893,8.345975000000001,56545.948754,5826.086978311306,89.73700874999999,60.09074511827957,13.543122676302215,1.5128498557732237,39,64,,False,True,,486,87.6246207195492
50,2026-09-18T06:49:13.669+00:00,2026-09-18T06:50:11.080+00:00,2026-09-18T06:50:14.771+00:00,True,63,63.0,,63.0,57410.987872,61101.396576,61101.396624,969.8634384761905,36.827112,57410.987872,7225.611077613475,69.7398953,59.52272103225806,9.104679633734918,1.0310729955515576,39,64,,False,True,,297,87.6246207195492
51,2026-09-18T06:49:14.090+00:00,2026-09-18T06:50:12.829+00:00,2026-09-18T06:50:18.142+00:00,True,86,86.0,,86.0,58739.039648000005,64051.2104,64051.210428000006,744.7815166046512,0.015880000000000002,58739.039648000005,6327.867370945711,95.76976799999998,62.49612649411765,88.597094035286,1.3426756413021665,39,64,,False,True,,269,87.6246207195492
52,2026-09-18T06:49:14.601+00:00,2026-09-18T06:50:14.769+00:00,2026-09-18T06:50:17.229+00:00,True,28,28.0,,28.0,60167.87643,62627.943501999995,62627.943471,2236.7122668214283,0.04693,60167.87643,11354.49282569144,601.39525795,91.11359525925926,157.4908629282038,0.4470847745320878,39,64,,False,True,,125,87.6246207195492
53,2026-09-18T06:49:14.923+00:00,2026-09-18T06:50:15.920+00:00,2026-09-18T06:50:17.608+00:00,True,28,28.0,,28.0,60997.284363,62684.725003,62684.725,2238.7401785714287,0.01669,60997.284363,11516.880038858813,641.6102869000001,62.49780148148149,175.5046313157899,0.44667979318183115,39,64,,False,True,,87,87.6246207195492
54,2026-09-18T06:49:15.313+00:00,2026-09-18T06:50:17.550+00:00,2026-09-18T06:50:20.207+00:00,True,43,43.0,,43.0,62237.459831,64894.344055,64894.34404,1509.170791627907,0.0,62237.459831,9482.508459234517,94.2829567,63.259148190476196,141.57395077327064,0.6626155272261653,39,64,,False,True,,172,87.6246207195492
55,2026-09-18T06:49:15.763+00:00,2026-09-18T06:50:19.085+00:00,2026-09-18T06:50:24.415+00:00,True,85,85.0,,85.0,63322.068785999996,68651.38820999999,68651.388175,807.6633902941176,0.0,63322.068785999996,6862.094001252067,89.4016834,63.444278857142855,100.88559360088274,1.2381395659471692,39,64,,False,True,,410,87.6246207195492
56,2026-09-18T06:49:16.069+00:00,2026-09-18T06:50:20.484+00:00,2026-09-18T06:50:26.300+00:00,True,92,92.0,,92.0,64415.587612999996,70231.28425299999,70231.284214,763.3835240652173,35.224485,64415.587612999996,6709.1368011884115,90.9956501,63.90875428571428,11.933119900310906,1.3099575350007948,39,64,,False,True,,399,87.6246207195492
57,2026-09-18T06:49:16.383+00:00,2026-09-18T06:50:21.680+00:00,2026-09-18T06:50:27.568+00:00,True,94,94.0,,94.0,65297.639319,71185.217943,71185.217818,757.2895512553191,36.628282,65297.639319,6728.419188805507,94.1062686,63.30729703225806,12.553766996705427,1.3204988720448736,39,64,,False,True,,540,87.6246207195492
58,2026-09-18T06:49:16.818+00:00,2026-09-18T06:50:23.174+00:00,2026-09-18T06:50:25.132+00:00,True,33,33.0,,33.0,66356.702492,68313.991452,68313.991451,2070.120953060606,41.752563,66356.702492,11540.574729063452,81.610607,61.16528,8.46971320939266,0.48306356133775397,39,64,,False,True,,155,87.6246207195492
59,2026-09-18T06:49:17.263+00:00,2026-09-18T06:50:25.127+00:00,2026-09-18T06:50:29.331+00:00,True,68,68.0,,68.0,67863.79687800001,72067.31764600001,72067.317683,1059.8134953382355,32.22837,67863.79687800001,8222.09837010265,94.88982069999999,62.739115940298504,14.39258966695052,0.9435622445949914,39,64,,False,True,,304,87.6246207195492
60,2026-09-18T06:49:17.750+00:00,2026-09-18T06:50:26.732+00:00,2026-09-18T06:50:28.792+00:00,True,34,34.0,,34.0,68982.220761,71041.802457,71041.802532,2089.4647803529415,38.357009,68982.220761,11819.656522672807,91.34236105,62.41156654545455,12.83530540976185,0.4785914605781495,39,64,,False,True,,142,87.6246207195492
61,2026-09-18T06:49:18.213+00:00,2026-09-18T06:50:28.647+00:00,2026-09-18T06:50:28.850+00:00,True,4,4.0,,4.0,70434.198328,70637.385784,70637.385773,17659.34644325,60.840737000000004,70434.198328,35183.2356998449,59881.0993546,67.729152,10.8240140663678,0.05662723720030471,39,64,,False,True,,13,87.6246207195492
62,2026-09-18T06:49:18.605+00:00,2026-09-18T06:50:29.939+00:00,2026-09-18T06:50:30.900+00:00,True,17,17.0,,17.0,71333.741274,72295.170266,72295.170121,4252.657065941176,38.690389,71333.741274,17286.401425726777,14321.994497200001,60.089312,7.909178122779366,0.23514710508946685,39,64,,False,True,,79,87.6246207195492
63,2026-09-18T06:49:18.929+00:00,2026-09-18T06:50:32.232+00:00,2026-09-18T06:50:32.768+00:00,True,23,23.0,,23.0,73303.127886,73838.521166,73838.521198,3210.3704868695654,0.0,73303.127886,15279.716939958427,98.0065691,24.336058181818185,32.305703131640755,0.311490528748437,39,64,,False,True,,88,87.6246207195492
64,2026-09-18T06:49:19.459+00:00,2026-09-18T06:50:33.234+00:00,2026-09-18T06:50:35.367+00:00,True,35,35.0,,35.0,73775.051422,75907.97660600001,75907.976507,2168.7993287714285,0.01609,73775.051422,12460.714508522786,370.0439319,62.73309364705882,164.8651752932217,0.4610846127761689,39,64,,False,True,,138,87.6246207195492
65,2026-09-18T06:49:19.966+00:00,2026-09-18T06:50:35.087+00:00,2026-09-18T06:50:36.569+00:00,True,27,27.0,,27.0,75120.635117,76602.172141,76602.172353,2837.1174945555554,25.090874,75120.635117,14446.013574170574,76.2509243,56.982193230769234,14.331028108225672,0.3524704227747181,39,64,,False,True,,103,87.6246207195492
66,2026-09-18T06:49:20.372+00:00,2026-09-18T06:50:36.634+00:00,2026-09-18T06:50:39.556+00:00,True,47,47.0,,47.0,76262.086046,79184.130718,79184.130744,1684.7687392340424,31.144333,76262.086046,11114.708990526655,91.05039079999999,63.522710260869566,11.867082425161412,0.5935532735388864,39,64,,False,True,,208,87.6246207195492
67,2026-09-18T06:49:20.860+00:00,2026-09-18T06:50:38.570+00:00,2026-09-18T06:50:39.557+00:00,True,16,16.0,,16.0,77710.381471,78697.227167,78697.2272,4918.5767,56.06242700000001,77710.381471,19411.151756085103,19509.341167,65.78971306666666,12.600670126242877,0.20331084811980843,39,64,,False,True,,44,87.6246207195492
68,2026-09-18T06:49:21.586+00:00,2026-09-18T06:50:40.764+00:00,2026-09-18T06:50:44.442+00:00,True,59,59.0,,59.0,79178.09361499999,82855.88254299999,82855.88258899999,1404.3369930338981,37.029182,79178.09361499999,10299.863564635583,94.43690649999999,63.410153931034486,13.797705333624378,0.7120797967408118,39,64,,False,True,,217,87.6246207195492
69,2026-09-18T06:49:21.816+00:00,2026-09-18T06:50:42.225+00:00,2026-09-18T06:50:42.286+00:00,True,2,2.0,,2.0,80409.045289,80469.86679300001,80469.866907,40234.9334535,60.821618,80409.045289,56814.773814057575,76391.63410545001,60.821504,nan,0.02485402399316483,39,64,,False,True,,10,87.6246207195492
70,2026-09-18T06:49:22.247+00:00,2026-09-18T06:50:43.808+00:00,2026-09-18T06:50:46.670+00:00,True,47,47.0,,47.0,81561.02088,84423.290064,84423.290003,1796.2402128297872,0.0,81561.02088,11889.07074297121,85.4095193,62.22324313043478,174.25560938830614,0.556718412233994,39,64,,False,True,,222,87.6246207195492
71,2026-09-18T06:49:22.626+00:00,2026-09-18T06:50:45.755+00:00,2026-09-18T06:50:49.400+00:00,True,70,70.0,,70.0,83129.417361,86773.951633,86773.951476,1239.6278782285715,0.0,83129.417361,9929.578786223748,81.4811157,52.81933727536232,22.93945430969363,0.8066936987732976,39,64,,False,True,,291,87.6246207195492
72,2026-09-18T06:49:23.079+00:00,2026-09-18T06:50:47.040+00:00,2026-09-18T06:50:49.339+00:00,True,39,39.0,,39.0,83960.920305,86260.208369,86260.20834000001,2211.800213846154,36.674892,83960.920305,13434.824155572578,92.2229817,60.507580631578946,12.827196371959428,0.45212040102161094,39,64,,False,True,,168,87.6246207195492
73,2026-09-18T06:49:23.426+00:00,2026-09-18T06:50:48.324+00:00,2026-09-18T06:50:53.949+00:00,True,92,92.0,,92.0,84898.145983,90522.680511,90522.68067399999,983.9421812391304,37.274331,84898.145983,8844.804028300548,75.51445915000001,61.808071736263734,8.854425908362966,1.016319882273266,39,64,,False,True,,108,87.6246207195492
74,2026-09-18T06:49:23.750+00:00,2026-09-18T06:50:49.461+00:00,2026-09-18T06:50:51.582+00:00,True,36,36.0,,36.0,85710.119293,87831.66578899999,87831.665647,2439.7684901944444,35.539825,85710.119293,14274.921316179121,75.4793235,60.61561417142857,10.890700291204412,0.4098749542845245,39,64,,False,True,,152,87.6246207195492
75,2026-09-18T06:49:24.250+00:00,2026-09-18T06:50:51.136+00:00,2026-09-18T06:50:54.166+00:00,True,50,50.0,,50.0,86885.151403,89915.260843,89915.260715,1798.3052143,36.654083,86885.151403,12278.67432812029,83.04365370000001,61.8389681632653,9.670157922243668,0.5560791297408837,39,64,,False,True,,238,87.6246207195492
76,2026-09-18T06:49:24.749+00:00,2026-09-18T06:50:53.073+00:00,2026-09-18T06:50:57.003+00:00,True,63,63.0,,63.0,88323.909544,92254.445992,92254.4458,1464.3562825396825,37.85743,88323.909544,11119.78473051261,93.13374449999999,63.395749161290325,10.84389817771234,0.6828939171718961,39,64,,False,True,,310,87.6246207195492
77,2026-09-18T06:49:25.187+00:00,2026-09-18T06:50:54.635+00:00,2026-09-18T06:50:54.831+00:00,True,4,4.0,,4.0,89447.427218,89643.387282,89643.387295,22410.84682375,42.418421,89447.427218,44691.05911532037,76044.6213704,65.32002133333333,27.20234536044312,0.04462125005848795,39,64,,False,True,,14,87.6246207195492
78,2026-09-18T06:49:25.707+00:00,2026-09-18T06:50:56.616+00:00,2026-09-18T06:51:00.914+00:00,True,70,70.0,,70.0,90908.958117,95207.655589,95207.655522,1360.1093646,33.863267,90908.958117,10858.257056307151,83.16095935,62.29996336231884,10.032278604314907,0.7352349930995211,39,64,,False,True,,323,87.6246207195492
79,2026-09-18T06:49:26.049+00:00,2026-09-18T06:50:57.695+00:00,2026-09-18T06:51:01.650+00:00,True,65,65.0,,65.0,91645.66607600001,95601.281564,95601.28173500001,1470.7889497692308,38.307829,91645.66607600001,11359.58270655901,68.45486919999999,61.806492,8.308151823886018,0.6799072035084167,39,64,,False,True,,319,87.6246207195492
80,2026-09-18T06:49:26.342+00:00,2026-09-18T06:50:58.675+00:00,2026-09-18T06:51:01.105+00:00,True,40,40.0,,40.0,92332.754377,94762.37844100001,94762.3785,2369.0594625000003,38.430079,92332.754377,14589.243549865465,90.9505533,62.29805292307692,10.110841929277367,0.42210844280258747,39,64,,True,True,,184,87.6246207195492
81,2026-09-18T06:49:26.692+00:00,2026-09-18T06:51:00.035+00:00,2026-09-18T06:51:00.510+00:00,True,8,8.0,,8.0,93342.687011,93818.115107,93818.115131,11727.264391375,58.997271,93342.687011,32977.612201157644,60704.62018635,67.91829942857143,10.626814267502105,0.08527137846327398,39,64,,True,True,,19,87.6246207195492
82,2026-09-18T06:49:27.080+00:00,2026-09-18T06:51:01.588+00:00,2026-09-18T06:51:03.419+00:00,True,30,30.0,,30.0,94508.052396,96338.958252,96338.958078,3211.2986026,38.864288,94508.052396,17243.20592970106,83.63706604999999,63.13468468965517,8.390934915751748,0.31140050239620687,39,64,,True,True,,141,87.6246207195492
83,2026-09-18T06:49:27.375+00:00,2026-09-18T06:51:02.899+00:00,2026-09-18T06:51:07.495+00:00,True,75,75.0,,75.0,95524.039428,100120.345604,100120.34558200001,1334.9379410933334,37.231641,95524.039428,11022.998220165982,89.2462557,62.112245621621625,9.858458369001385,0.7490984928941715,39,64,,True,True,,354,87.6246207195492
84,2026-09-18T06:49:27.804+00:00,2026-09-18T06:51:04.536+00:00,2026-09-18T06:51:06.455+00:00,True,32,32.0,,32.0,96732.127305,98650.468681,98650.468505,3082.82714078125,39.820116,96732.127305,17089.048492010494,81.05914055,61.88197987096774,8.38113464989591,0.32437757699333847,39,64,,True,True,,110,87.6246207195492
85,2026-09-18T06:49:28.197+00:00,2026-09-18T06:51:05.971+00:00,2026-09-18T06:51:07.622+00:00,True,27,27.0,,27.0,97773.561311,99424.541919,99424.541906,3682.3904409629627,33.068809,97773.561311,18804.315565795092,96.9918146,63.49925415384615,14.472865352454704,0.27156272967288686,39,64,,True,True,,116,87.6246207195492
86,2026-09-18T06:49:28.571+00:00,2026-09-18T06:51:07.216+00:00,2026-09-18T06:51:07.812+00:00,True,11,11.0,,11.0,98644.249032,99241.052872,99241.05268800001,9021.913880727274,34.453345999999996,98644.249032,29724.36743335086,49355.497774,59.680384,10.216270560841489,0.1108412263036717,39,64,,True,True,,51,87.6246207195492
87,2026-09-18T06:49:28.894+00:00,2026-09-18T06:51:08.500+00:00,2026-09-18T06:51:09.476+00:00,True,17,17.0,,17.0,99606.925793,100582.383585,100582.383358,5916.610785764706,34.670286,99606.925793,24143.44544769389,19993.734336200003,60.966112,14.160567698539696,0.16901568042115114,39,64,,True,True,,84,87.6246207195492
88,2026-09-18T06:49:29.377+00:00,2026-09-18T06:51:10.492+00:00,2026-09-18T06:51:12.190+00:00,True,28,28.0,,28.0,101114.930346,102813.73457,102813.734392,3671.919085428571,39.732947,101114.930346,19097.038374830758,89.74250155,62.91867496296296,11.274247179803691,0.27233715531397606,39,64,,True,True,,99,87.6246207195492
89,2026-09-18T06:49:29.884+00:00,2026-09-18T06:51:12.405+00:00,2026-09-18T06:51:16.084+00:00,True,60,60.0,,60.0,102521.108378,106200.06569,106200.06551,1770.0010918333335,40.639644999999994,102521.108378,13227.369453638563,68.41433484999999,62.355208677966104,5.9070833714128925,0.5649714019494219,39,64,,True,True,,294,87.6246207195492
90,2026-09-18T06:49:30.389+00:00,2026-09-18T06:51:14.271+00:00,2026-09-18T06:51:20.271+00:00,True,94,94.0,,94.0,103881.686793,109881.653769,109881.653619,1168.9537619042553,38.877738,103881.686793,10707.927799902565,90.90847415,64.51577393548388,9.544703950585875,0.8554658286961407,39,64,,True,True,,397,87.6246207195492
91,2026-09-18T06:49:30.787+00:00,2026-09-18T06:51:15.962+00:00,2026-09-18T06:51:16.550+00:00,True,10,10.0,,10.0,105175.073463,105762.305463,105762.305406,10576.2305406,57.141285,105175.073463,33238.64679807511,57887.47693365,65.248,10.603851017141274,0.09455164537329806,39,64,,True,True,,41,87.6246207195492
92,2026-09-18T06:49:31.187+00:00,2026-09-18T06:51:17.619+00:00,2026-09-18T06:51:21.014+00:00,True,54,54.0,,54.0,106432.25704000001,109827.27860800001,109827.27852600001,2033.8384912222225,36.561623,106432.25704000001,14474.884160774282,92.50798145,64.05701071698114,12.800775268837858,0.491681125895316,39,64,,True,True,,256,87.6246207195492
93,2026-09-18T06:49:31.517+00:00,2026-09-18T06:51:18.712+00:00,2026-09-18T06:51:19.919+00:00,True,19,19.0,,19.0,107195.406089,108402.43431299999,108402.434265,5705.391277105263,56.411496,107195.406089,24576.930997761247,10800.9370076,67.05712355555555,10.70263887700567,0.17527281670759912,39,64,,True,True,,88,87.6246207195492
94,2026-09-18T06:49:31.846+00:00,2026-09-18T06:51:19.796+00:00,2026-09-18T06:51:20.932+00:00,True,19,19.0,,19.0,107950.152985,109086.128665,109086.128793,5741.375199631579,37.434951,107950.152985,24750.987008683616,10877.3815264,63.10976,9.750051340783752,0.17417429908387702,39,64,,True,True,,30,87.6246207195492
95,2026-09-18T06:49:32.150+00:00,2026-09-18T06:51:21.074+00:00,2026-09-18T06:51:23.444+00:00,True,39,39.0,,39.0,108923.093657,111293.387929,111293.387841,2853.6766113076924,34.284957000000006,108923.093657,17431.66960883157,94.1770365,62.37616505263158,11.808787331467256,0.35042513060057245,39,64,,True,True,,208,87.6246207195492
96,2026-09-18T06:49:32.461+00:00,2026-09-18T06:51:22.160+00:00,2026-09-18T06:51:23.443+00:00,True,22,22.0,,22.0,109698.877564,110982.047612,110982.04761,5044.638527727272,40.893674,109698.877564,23374.854635714262,90.59723010000002,61.10333561904762,11.363405433249305,0.19823025861726162,39,64,,True,True,,93,87.6246207195492
97,2026-09-18T06:49:32.755+00:00,2026-09-18T06:51:23.600+00:00,2026-09-18T06:51:27.539+00:00,True,64,64.0,,64.0,110844.964096,114784.02944,114784.029386,1793.50045915625,37.156121,110844.964096,13847.808475620874,86.93425880000001,62.52484673015873,10.022460297487344,0.5575688561574164,39,64,,True,True,,226,87.6246207195492
98,2026-09-18T06:49:33.208+00:00,2026-09-18T06:51:25.369+00:00,2026-09-18T06:51:30.752+00:00,True,88,88.0,,88.0,112160.38110500001,117543.697841,117543.697732,1335.7238378636364,36.907831,112160.38110500001,11949.746997547807,90.88447785,61.87720386206897,12.3713824115805,0.7486577470026218,39,64,,True,True,,345,87.6246207195492
99,2026-09-18T06:49:33.596+00:00,2026-09-18T06:51:26.785+00:00,2026-09-18T06:51:29.632+00:00,True,46,46.0,,46.0,113189.602183,116036.24384699999,116036.243955,2522.5270425,39.807226,113189.602183,16679.574502051168,94.22035600000001,63.258703644444445,13.225920012888626,0.3964278614589892,39,64,,True,True,,180,87.6246207195492
100,2026-09-18T06:49:34.038+00:00,2026-09-18T06:51:28.630+00:00,2026-09-18T06:51:33.534+00:00,True,80,80.0,,80.0,114591.39420299999,119495.49813899999,119495.49809699999,1493.6937262124998,35.891273999999996,114591.39420299999,12804.772591590512,90.58958915,62.07726501265823,12.145330926412198,0.6694812879640211,39,64,,True,True,,338,87.6246207195492
101,2026-09-18T06:49:34.336+00:00,2026-09-18T06:51:30.157+00:00,2026-09-18T06:51:30.968+00:00,True,15,15.0,,15.0,115820.85970900001,116632.72582100001,116632.72575700001,7775.515050466667,37.601421,115820.85970900001,29889.847842094347,34815.037133000005,57.990436571428575,15.055386685165196,0.12860884365354697,39,64,,True,True,,51,87.6246207195492
102,2026-09-18T06:49:35.201+00:00,2026-09-18T06:51:31.730+00:00,2026-09-18T06:51:34.699+00:00,True,46,46.0,,46.0,116528.71028300001,119498.10317900001,119498.103208,2597.7848523478265,37.508141,116528.71028300001,17171.498463713935,96.57024125,65.9865088,15.28467118087741,0.38494334869144436,39,64,,True,True,,201,87.6246207195492
103,2026-09-18T06:49:35.217+00:00,2026-09-18T06:51:33.691+00:00,2026-09-18T06:51:36.884+00:00,True,52,52.0,,52.0,118474.49031299999,121667.47258499998,121667.47261399998,2339.759088730769,36.612421999999995,118474.49031299999,16420.77805599239,94.6198595,62.607495529411764,12.137095810275106,0.42739442921912824,39,64,,True,True,,263,87.6246207195492
104,2026-09-18T06:49:35.450+00:00,2026-09-18T06:51:34.549+00:00,2026-09-18T06:51:39.339+00:00,True,78,78.0,,78.0,119099.084845,123889.789997,123889.790139,1588.3306428076924,36.764602,119099.084845,13478.276415056242,94.03979155,62.21695002597403,11.965018110036619,0.6295918332082795,39,64,,True,True,,376,87.6246207195492
105,2026-09-18T06:49:35.836+00:00,2026-09-18T06:51:36.276+00:00,2026-09-18T06:51:40.559+00:00,True,70,70.0,,70.0,120439.480442,124722.861434,124722.861635,1781.7551662142857,36.712752,120439.480442,14387.854993458472,89.73411724999998,62.07798539130435,10.051928709934973,0.5612443396116447,39,64,,True,True,,285,87.6246207195492
106,2026-09-18T06:49:36.139+00:00,2026-09-18T06:51:37.487+00:00,2026-09-18T06:51:42.503+00:00,True,82,82.0,,82.0,121347.963259,126364.776059,126364.776014,1541.0338538292683,34.987795,121347.963259,13393.805542704622,91.86772470000001,61.93596049382717,10.994172088867035,0.6489150106332956,39,64,,True,True,,476,87.6246207195492
107,2026-09-18T06:49:36.538+00:00,2026-09-18T06:51:39.471+00:00,2026-09-18T06:51:45.376+00:00,True,98,98.0,,98.0,122932.146755,128837.75725099999,128837.757376,1314.670993632653,34.27667700000001,122932.146755,12411.875153976567,69.4585377,60.88258243298969,8.872449289841795,0.7606465844409082,39,64,,True,True,,426,87.6246207195492
108,2026-09-18T06:49:36.832+00:00,2026-09-18T06:51:40.624+00:00,2026-09-18T06:51:44.387+00:00,True,62,62.0,,62.0,123792.325071,127554.981583,127554.981587,2057.3384126935484,38.08842,123792.325071,15713.809487729577,72.87845399999999,61.68289363934426,8.417188937943067,0.48606490495752697,39,64,,True,True,,351,87.6246207195492
109,2026-09-18T06:49:37.359+00:00,2026-09-18T06:51:42.690+00:00,2026-09-18T06:51:44.065+00:00,True,23,23.0,,23.0,125331.3343,126706.054812,126706.054836,5508.958905913044,55.719997000000006,125331.3343,26120.360474144865,68.77041439999999,62.487296,3.6371558667009767,0.1815225013052946,39,64,,True,True,,98,87.6246207195492
110,2026-09-18T06:49:37.663+00:00,2026-09-18T06:51:43.755+00:00,2026-09-18T06:51:47.957+00:00,True,71,71.0,,71.0,126092.65454,130294.93038,130294.930418,1835.1398650422536,35.615463000000005,126092.65454,14957.323480082316,69.1849315,60.032512,9.643697244315533,0.5449175942067072,39,64,,True,True,,245,87.6246207195492
111,2026-09-18T06:49:38.036+00:00,2026-09-18T06:51:45.087+00:00,2026-09-18T06:51:50.249+00:00,True,87,87.0,,87.0,127051.121427,132213.393939,132213.394005,1519.6941839655174,35.606273,127051.121427,13614.877413174305,68.25570160000001,60.02642455813953,8.994908134310188,0.6580271287804597,39,64,,True,True,,384,87.6246207195492
112,2026-09-18T06:49:38.476+00:00,2026-09-18T06:51:46.590+00:00,2026-09-18T06:51:47.029+00:00,True,8,8.0,,8.0,128114.038328,128553.236536,128553.236399,16069.154549875,56.638115,128114.038328,45272.969907749284,83297.55633695,62.74260114285714,3.659100200135703,0.06223102751489017,39,64,,True,True,,26,87.6246207195492
113,2026-09-18T06:49:38.886+00:00,2026-09-18T06:51:48.022+00:00,2026-09-18T06:51:51.674+00:00,True,61,61.0,,61.0,129135.537875,132787.256275,132787.256288,2176.840267016393,36.566992,129135.537875,16526.321437090748,71.884626,60.86197333333334,9.44914944417755,0.459381432459679,39,64,,True,True,,272,87.6246207195492
114,2026-09-18T06:49:39.184+00:00,2026-09-18T06:51:49.195+00:00,2026-09-18T06:51:52.936+00:00,True,61,61.0,,61.0,130010.862588,133751.950076,133751.950085,2192.6549194262298,37.208000999999996,130010.862588,16638.205190261495,90.955841,62.35145813333333,10.524702106885785,0.45606811687858617,39,64,,True,True,,262,87.6246207195492
115,2026-09-18T06:49:39.552+00:00,2026-09-18T06:51:50.423+00:00,2026-09-18T06:51:52.099+00:00,True,27,27.0,,27.0,130871.38238699999,132547.621491,132547.621593,4909.171170111111,38.323758999999995,130871.38238699999,25173.804090119254,88.909185,64.47073476923077,10.747788679142113,0.20370037346791095,39,64,,True,True,,139,87.6246207195492
116,2026-09-18T06:49:39.980+00:00,2026-09-18T06:51:51.894+00:00,2026-09-18T06:51:57.837+00:00,True,98,98.0,,98.0,131914.229735,137856.305895,137856.305878,1406.696998755102,36.706092,131914.229735,13319.165568838436,77.26439509999999,61.258517113402064,10.544075651721409,0.7108851449613263,39,64,,True,True,,422,87.6246207195492
117,2026-09-18T06:49:40.426+00:00,2026-09-18T06:51:53.448+00:00,2026-09-18T06:51:55.427+00:00,True,33,33.0,,33.0,133021.375193,135000.39522500001,135000.39509300003,4090.9210634242427,39.874416,133021.375193,23145.286622760406,94.1853346,61.844376,12.288933870553905,0.24444372881279466,39,64,,True,True,,154,87.6246207195492
118,2026-09-18T06:49:40.733+00:00,2026-09-18T06:51:54.901+00:00,2026-09-18T06:51:55.491+00:00,True,10,10.0,,10.0,134167.77107,134757.185214,134757.185221,13475.718522099998,44.893235999999995,134167.77107,42406.86642502685,73832.67072935,65.49046044444445,13.142912919647065,0.07420754584714415,39,64,,True,True,,62,87.6246207195492
119,2026-09-18T06:49:41.184+00:00,2026-09-18T06:51:56.481+00:00,2026-09-18T06:52:01.860+00:00,True,90,90.0,,90.0,135296.298517,140676.08322099998,140676.08301899998,1563.0675890999999,36.682911999999995,135296.298517,14255.113445716708,68.33112195,60.44701914606742,9.368561917276827,0.6397675990069427,39,64,,True,True,,381,87.6246207195492
120,2026-09-18T06:49:41.703+00:00,2026-09-18T06:51:58.673+00:00,2026-09-18T06:52:02.719+00:00,True,66,66.0,,66.0,136970.367407,141015.70014300002,141015.700076,2136.6015163030306,34.944355,136970.367407,16852.22969088075,91.6748085,62.23588824615385,11.185337375363693,0.4680329915964766,39,64,,True,True,,305,87.6246207195492
121,2026-09-18T06:49:42.177+00:00,2026-09-18T06:52:00.441+00:00,2026-09-18T06:52:06.536+00:00,True,99,99.0,,99.0,138264.13858700002,144359.92585100004,144359.92578500003,1458.1810685353537,37.255221,138264.13858700002,13889.821510862974,89.1488066,62.201910857142856,10.935235576661274,0.68578588840633,39,64,,True,True,,417,87.6246207195492
122,2026-09-18T06:49:42.598+00:00,2026-09-18T06:52:01.984+00:00,2026-09-18T06:52:04.940+00:00,True,48,48.0,,48.0,139386.495506,142342.402578,142342.402738,2965.4667237083336,34.066857000000006,139386.495506,20109.633794978723,94.10489955000001,62.89163982978723,12.40765075690839,0.3372150471725895,39,64,,True,True,,149,87.6246207195492
123,2026-09-18T06:49:42.996+00:00,2026-09-18T06:52:03.599+00:00,2026-09-18T06:52:05.305+00:00,True,28,28.0,,28.0,140602.256493,142308.580461,142308.580524,5082.449304428571,42.97979,140602.256493,26559.387425981196,92.1395569,63.197184,9.632237475573943,0.19675552879029293,39,64,,True,True,,107,87.6246207195492
124,2026-09-18T06:49:43.396+00:00,2026-09-18T06:52:04.880+00:00,2026-09-18T06:52:08.941+00:00,True,66,66.0,,66.0,141484.03062200002,145545.750942,145545.751113,2205.238653227273,34.858226,141484.03062200002,17407.791856098404,92.13622600000001,62.48800492307692,10.83334258194429,0.453465659923669,39,64,,True,True,,277,87.6246207195492
125,2026-09-18T06:49:43.701+00:00,2026-09-18T06:52:06.231+00:00,2026-09-18T06:52:09.128+00:00,True,47,47.0,,47.0,142530.799396,145427.58557199998,145427.585658,3094.2039501702125,38.646947999999995,142530.799396,20781.07076259323,88.6663173,62.973612521739135,10.441659985568378,0.3231849020606252,39,64,,True,True,,199,87.6246207195492
126,2026-09-18T06:49:44.109+00:00,2026-09-18T06:52:07.642+00:00,2026-09-18T06:52:11.852+00:00,True,70,70.0,,70.0,143532.51115099998,147743.285167,147743.285274,2110.6183610571425,38.957536999999995,143532.51115099998,17148.124050097627,68.1854675,61.025710376811595,7.573177672541096,0.47379479832789884,39,64,,True,True,,322,87.6246207195492
127,2026-09-18T06:49:44.541+00:00,2026-09-18T06:52:09.480+00:00,2026-09-18T06:52:13.611+00:00,True,67,67.0,,67.0,144938.240074,149069.961546,149069.961623,2224.9248003432836,34.936975,144938.240074,17699.379456870756,90.6824962,62.60184048484849,10.78026110155721,0.44945339292467146,39,64,,True,True,,254,87.6246207195492
128,2026-09-18T06:49:45.044+00:00,2026-09-18T06:52:11.501+00:00,2026-09-18T06:52:12.104+00:00,True,11,11.0,,11.0,146457.58752200002,147060.772674,147060.77255800003,13369.161141636365,35.666633000000004,146457.58752200002,44140.43821085938,73260.97310100001,60.3185152,8.7840643235234,0.07479900860023682,39,64,,True,True,,44,87.6246207195492
129,2026-09-18T06:49:45.482+00:00,2026-09-18T06:52:13.195+00:00,2026-09-18T06:52:16.189+00:00,True,49,49.0,,49.0,147713.358223,150706.983567,150706.983494,3075.6527243673468,36.370552,147713.358223,21093.001016691367,85.2932674,62.36719466666666,9.950493258701897,0.3251342362526685,39,64,,True,True,,168,87.6246207195492
130,2026-09-18T06:49:45.839+00:00,2026-09-18T06:52:14.634+00:00,2026-09-18T06:52:20.761+00:00,True,97,97.0,,97.0,148795.2162,154922.451016,154922.450931,1597.1386693917525,36.015133,148795.2162,15101.389954848373,92.6691532,63.82536266666666,12.625258421166025,0.6261197093375581,39,64,,True,True,,448,87.6246207195492
131,2026-09-18T06:49:46.357+00:00,2026-09-18T06:52:16.721+00:00,2026-09-18T06:52:21.404+00:00,True,73,73.0,,73.0,150364.145887,155046.930143,155046.930129,2123.9305497123287,37.273191,150364.145887,17591.185363505218,95.81081780000001,65.03867022222222,13.921619707402956,0.47082518778457594,39,64,,True,True,,373,87.6246207195492
132,2026-09-18T06:49:46.856+00:00,2026-09-18T06:52:18.448+00:00,2026-09-18T06:52:23.988+00:00,True,88,88.0,,88.0,151591.89037799998,157131.70810599998,157131.70802299998,1785.5875911704543,33.875337,151591.89037799998,16152.966723259966,93.58693384999998,63.67606583908046,12.529347125461793,0.5600397339322233,39,64,,True,True,,380,87.6246207195492
133,2026-09-18T06:49:47.369+00:00,2026-09-18T06:52:20.550+00:00,2026-09-18T06:52:23.357+00:00,True,45,45.0,,45.0,153180.604178,155987.674642,155987.674636,3466.392769688889,38.256229,153180.604178,22825.308511777257,89.73057499999999,63.797056,10.943052393427195,0.2884843312349991,39,64,,True,True,,158,87.6246207195492
134,2026-09-18T06:49:47.744+00:00,2026-09-18T06:52:21.717+00:00,2026-09-18T06:52:22.469+00:00,True,13,13.0,,13.0,153972.59583399998,154725.11448999998,154725.11464199997,11901.93189553846,41.907841999999995,153972.59583399998,42686.92338946378,61644.92197719999,62.709888,11.521731607716864,0.0840199733756875,39,64,,True,True,,51,87.6246207195492
135,2026-09-18T06:49:48.804+00:00,2026-09-18T06:52:23.983+00:00,2026-09-18T06:52:24.181+00:00,True,4,4.0,,4.0,155178.709206,155376.653014,155376.652907,38844.16322675,62.708793,155178.709206,77556.36404293646,131912.3867361,65.98126933333333,3.634196506751573,0.025743893451222594,39,64,,True,True,,21,87.6246207195492
136,2026-09-18T06:49:48.830+00:00,2026-09-18T06:52:24.399+00:00,2026-09-18T06:52:27.195+00:00,True,46,46.0,,46.0,155569.349597,158364.945117,158364.945136,3442.7161986086953,38.105829,155569.349597,22928.291164277514,74.4737165,62.124344888888885,8.868324306218964,0.2904683228097936,39,64,,True,True,,246,87.6246207195492
137,2026-09-18T06:49:49.272+00:00,2026-09-18T06:52:27.619+00:00,2026-09-18T06:52:29.673+00:00,True,34,34.0,,34.0,158347.40006,160401.479036,160401.479041,4717.690560029412,34.031076,158347.40006,27145.682382145147,86.23066835,62.244817454545455,11.121067904374193,0.21196812027131712,39,64,,True,True,,163,87.6246207195492
138,2026-09-18T06:49:49.574+00:00,2026-09-18T06:52:28.752+00:00,2026-09-18T06:52:30.809+00:00,True,35,35.0,,35.0,159178.356735,161235.475199,161235.47536,4606.727867428572,34.941215,159178.356735,26895.826960495466,67.1721714,60.50348423529412,6.764583919311587,0.21707381676893567,39,64,,True,True,,129,87.6246207195492
139,2026-09-18T06:49:49.994+00:00,2026-09-18T06:52:30.466+00:00,2026-09-18T06:52:33.997+00:00,True,56,56.0,,56.0,160471.683216,164002.534032,164002.534135,2928.616680982143,37.395811,160471.683216,21435.356522581766,101.60673025,64.19728756363637,14.12952528942443,0.3414581386228663,39,64,,True,True,,262,87.6246207195492
140,2026-09-18T06:49:50.439+00:00,2026-09-18T06:52:32.065+00:00,2026-09-18T06:52:35.805+00:00,True,59,59.0,,59.0,161626.083837,165366.268413,165366.268275,2802.8181063559323,40.180085,161626.083837,21033.532648934146,96.7523747,64.48594096551724,13.347817540805137,0.356783765916809,39,64,,True,True,,222,87.6246207195492
141,2026-09-18T06:49:50.742+00:00,2026-09-18T06:52:33.326+00:00,2026-09-18T06:52:34.996+00:00,True,27,27.0,,27.0,162583.577116,164253.366556,164253.366733,6083.458027148148,36.274582,162583.577116,31276.8688144614,105.69307020000001,64.22267076923077,17.0527262895028,0.16438019241934204,39,64,,True,True,,126,87.6246207195492
142,2026-09-18T06:49:51.115+00:00,2026-09-18T06:52:35.127+00:00,2026-09-18T06:52:35.935+00:00,True,13,13.0,,13.0,164011.95238499998,164819.546113,164819.54617999998,12678.426629230768,36.342772,164011.95238499998,45470.06803626241,65661.5023344,67.29947733333333,15.650081651809845,0.07887414027391643,39,64,,True,True,,42,87.6246207195492
143,2026-09-18T06:49:51.630+00:00,2026-09-18T06:52:36.851+00:00,2026-09-18T06:52:40.531+00:00,True,60,60.0,,60.0,165221.22959200002,168901.243672,168901.243694,2815.0207282333336,35.147224,165221.22959200002,21321.920965901027,92.5257841,62.37312,13.624950464656896,0.3552371711159083,39,64,,True,True,,280,87.6246207195492
144,2026-09-18T06:49:52.080+00:00,2026-09-18T06:52:38.465+00:00,2026-09-18T06:52:41.551+00:00,True,50,50.0,,50.0,166385.165074,169470.33268999998,169470.332565,3389.4066513,36.006714,166385.165074,23521.514250346027,91.44539985,62.962604408163266,11.604928087872217,0.29503689056574545,39,64,,True,True,,85,87.6246207195492
145,2026-09-18T06:49:52.508+00:00,2026-09-18T06:52:40.299+00:00,2026-09-18T06:52:44.152+00:00,True,61,61.0,,61.0,167790.907586,171644.323522,171644.32339399998,2813.8413671147537,34.453885,167790.907586,21475.204110506205,87.335728,64.22359893333334,11.080696217351575,0.3553860608281725,39,64,,True,True,,229,87.6246207195492
146,2026-09-18T06:49:53.015+00:00,2026-09-18T06:52:42.477+00:00,2026-09-18T06:52:43.695+00:00,True,20,20.0,,20.0,169461.807183,170680.111951,170680.112122,8534.0056061,42.89646,169461.807183,37878.47556153706,8560.1302797,64.12130357894736,10.870765290869995,0.11717826858317117,39,64,,True,True,,93,87.6246207195492
147,2026-09-18T06:49:53.388+00:00,2026-09-18T06:52:43.759+00:00,2026-09-18T06:52:47.441+00:00,True,60,60.0,,60.0,170371.369821,174053.844829,174053.844847,2900.897414116667,38.105019,170371.369821,21986.794646527615,92.10732,62.41483064406779,11.776354583146375,0.3447209112728723,39,64,,True,True,,298,87.6246207195492
148,2026-09-18T06:49:53.813+00:00,2026-09-18T06:52:45.292+00:00,2026-09-18T06:52:48.164+00:00,True,46,46.0,,46.0,171478.22849900002,174350.48782700003,174350.487835,3790.227996413044,40.899533000000005,171478.22849900002,25273.678487559795,96.7347665,63.82798506666667,14.312815386117776,0.26383637105531754,39,64,,True,True,,177,87.6246207195492
149,2026-09-18T06:49:54.250+00:00,2026-09-18T06:52:47.069+00:00,2026-09-18T06:52:52.620+00:00,True,88,88.0,,88.0,172818.826722,178369.934818,178369.934979,2026.9310793068182,35.379284,172818.826722,18415.75132645503,93.83298105,63.805840183908046,12.544804255547408,0.4933566864269525,39,64,,True,True,,375,87.6246207195492
150,2026-09-18T06:49:54.583+00:00,2026-09-18T06:52:48.393+00:00,2026-09-18T06:52:53.540+00:00,True,82,82.0,,82.0,173810.799156,178956.9045,178956.90450499998,2182.4012744512193,40.497135,173810.799156,19187.178823571816,92.24464339999999,63.53216474074074,10.757444497655735,0.45821087612744216,39,64,,True,True,,413,87.6246207195492
151,2026-09-18T06:49:55.070+00:00,2026-09-18T06:52:50.092+00:00,2026-09-18T06:52:52.366+00:00,True,36,36.0,,36.0,175022.164054,177296.146006,177296.146036,4924.892945444444,39.496436,175022.164054,29159.535777107012,102.446731,64.9709129142857,14.674699260958553,0.20305009900656104,39,64,,True,True,,167,87.6246207195492
152,2026-09-18T06:49:55.439+00:00,2026-09-18T06:52:51.774+00:00,2026-09-18T06:52:55.359+00:00,True,56,56.0,,56.0,176335.100722,179920.00517,179920.004976,3212.8572317142857,42.71941,176335.100722,23555.062331849986,97.30228325,65.18008087272727,12.73540848321933,0.31124943525367066,39,64,,True,True,,253,87.6246207195492
153,2026-09-18T06:49:55.840+00:00,2026-09-18T06:52:53.303+00:00,2026-09-18T06:52:58.522+00:00,True,81,81.0,,81.0,177462.910056,182681.457512,182681.457498,2255.3266357777775,38.197638,177462.910056,19710.857442581928,95.502402,65.2318432,13.113742141880618,0.4433947544713413,39,64,,True,True,,395,87.6246207195492
154,2026-09-18T06:49:56.188+00:00,2026-09-18T06:52:54.404+00:00,2026-09-18T06:52:59.952+00:00,True,86,86.0,,86.0,178216.276811,183764.277323,183764.277267,2136.793921709302,37.121781000000006,178216.276811,19210.521413202758,96.33947024999999,65.27059425882354,13.025263306497415,0.4679908481278925,39,64,,True,True,,277,87.6246207195492
155,2026-09-18T06:49:56.715+00:00,2026-09-18T06:52:56.500+00:00,2026-09-18T06:52:57.312+00:00,True,14,14.0,,14.0,179785.322928,180597.52772800002,180597.52775100002,12899.823410785715,34.921395,179785.322928,48032.952842745435,62985.4621647,62.4772923076923,14.130478148311562,0.07752044103884721,39,64,,True,True,,49,87.6246207195492
156,2026-09-18T06:49:57.121+00:00,2026-09-18T06:52:57.974+00:00,2026-09-18T06:53:03.492+00:00,True,90,90.0,,90.0,180852.828175,186370.688015,186370.688048,2070.7854227555554,36.685102,180852.828175,19057.029001692816,75.12520214999999,61.99842516853932,9.345370553062637,0.48290855691189155,39,64,,True,True,,443,87.6246207195492
157,2026-09-18T06:49:57.608+00:00,2026-09-18T06:52:59.859+00:00,2026-09-18T06:53:01.735+00:00,True,31,31.0,,31.0,182250.736451,184127.18035500002,184127.180157,5939.58645667742,36.642212,182250.736451,32721.965864626884,85.1966965,62.54813013333333,9.288481449049817,0.16836188953869563,39,64,,True,True,,132,87.6246207195492
158,2026-09-18T06:49:58.116+00:00,2026-09-18T06:53:01.863+00:00,2026-09-18T06:53:05.450+00:00,True,60,60.0,,60.0,183747.336024,187334.75157599998,187334.75163299998,3122.2458605499996,35.695463000000004,183747.336024,23713.830528244638,70.93222544999999,60.80365342372882,7.508565109100985,0.320282272750972,39,64,,True,True,,336,87.6246207195492
159,2026-09-18T06:49:58.487+00:00,2026-09-18T06:53:03.554+00:00,2026-09-18T06:53:04.649+00:00,True,19,19.0,,19.0,185066.989141,186162.392917,186162.392784,9798.020672842105,41.481012,185066.989141,42443.318298817816,18568.159052799998,60.85576533333334,6.275637480433831,0.10206142982095799,39,64,,True,True,,68,87.6246207195492
160,2026-09-18T06:49:58.815+00:00,2026-09-18T06:53:04.773+00:00,2026-09-18T06:53:09.381+00:00,True,78,78.0,,78.0,185958.147309,190566.189037,190566.189001,2443.1562692435896,35.777252999999995,185958.147309,21048.84054332568,75.3979821,59.844697766233764,10.67133672928536,0.409306605721415,39,64,,True,True,,345,87.6246207195492
161,2026-09-18T06:49:59.135+00:00,2026-09-18T06:53:05.836+00:00,2026-09-18T06:53:07.359+00:00,True,27,27.0,,27.0,186701.317803,188223.788459,188223.788479,6971.251425148149,36.778031999999996,186701.317803,35919.41715158598,69.1764335,58.5565636923077,8.660028399435,0.14344626798265353,39,64,,True,True,,53,87.6246207195492
162,2026-09-18T06:49:59.535+00:00,2026-09-18T06:53:07.419+00:00,2026-09-18T06:53:08.214+00:00,True,14,14.0,,14.0,187883.901095,188678.967719,188678.967729,13477.069123500001,35.951703,187883.901095,50197.7408942976,65818.53206160001,61.15897107692308,13.088426571316422,0.07420010915498663,39,64,,True,True,,71,87.6246207195492
163,2026-09-18T06:49:59.873+00:00,2026-09-18T06:53:08.570+00:00,2026-09-18T06:53:11.569+00:00,True,51,51.0,,51.0,188696.800368,191695.92664,191695.926566,3758.7436581568627,36.541572,188696.800368,26414.43980793914,66.85505549999999,59.982525439999996,10.103908782697266,0.2660463416928868,39,64,,True,True,,249,87.6246207195492
164,2026-09-18T06:50:00.181+00:00,2026-09-18T06:53:10.065+00:00,2026-09-18T06:53:14.564+00:00,True,74,74.0,,74.0,189883.764014,194383.25355,194383.25365899998,2626.8007251216213,35.277404000000004,189883.764014,22066.376785359804,90.3008123,61.63684295890411,11.033316254665817,0.38069123058980714,39,64,,True,True,,382,87.6246207195492
165,2026-09-18T06:50:00.579+00:00,2026-09-18T06:53:11.565+00:00,2026-09-18T06:53:16.507+00:00,True,79,79.0,,79.0,190986.112986,195928.13001,195928.129994,2480.1029113164554,34.733286,190986.112986,21480.49164887435,95.57569299999999,63.359192615384615,12.548677253212157,0.40320907465389433,39,64,,True,True,,259,87.6246207195492
166,2026-09-18T06:50:00.979+00:00,2026-09-18T06:53:12.909+00:00,2026-09-18T06:53:17.082+00:00,True,67,67.0,,67.0,191929.80321399999,196102.535118,196102.53514899997,2926.903509686567,39.049337,191929.80321399999,23440.23656068076,93.80639230000001,63.22321066666667,12.130347021725724,0.3416580002889017,39,64,,True,True,,334,87.6246207195492
167,2026-09-18T06:50:01.407+00:00,2026-09-18T06:53:14.569+00:00,2026-09-18T06:53:17.207+00:00,True,42,42.0,,42.0,193161.534952,195799.23351199998,195799.23343499997,4661.8865103571425,37.007741,193161.534952,29795.547515469476,94.26920009999999,64.3341112195122,12.497695674079544,0.21450543624025956,39,64,,True,True,,211,87.6246207195492
168,2026-09-18T06:50:02.677+00:00,2026-09-18T06:53:17.305+00:00,2026-09-18T06:53:18.924+00:00,True,26,26.0,,26.0,194627.891954,196246.40996999998,196246.410011,7547.9388465769225,42.031000999999996,194627.891954,38156.9756502318,93.4411435,64.74072064,13.784733820850933,0.1324865000280749,39,64,,True,True,,136,87.6246207195492
169,2026-09-18T06:50:02.697+00:00,2026-09-18T06:53:19.242+00:00,2026-09-18T06:53:23.930+00:00,True,76,76.0,,76.0,196544.902282,201232.57665,201232.57670499998,2647.7970619078947,34.176016000000004,196544.902282,22538.08172582988,96.98455925,62.502324906666665,14.710174125049372,0.37767244879135725,39,64,,True,True,,356,87.6246207195492
170,2026-09-18T06:50:02.778+00:00,2026-09-18T06:53:19.923+00:00,2026-09-18T06:53:20.333+00:00,True,8,8.0,,8.0,197144.841931,197554.808779,197554.808725,24694.351090625,39.857974999999996,197144.841931,69680.52151294668,128169.0996116,58.566692571428575,10.361115607824074,0.04049509120757174,39,64,,True,True,,55,87.6246207195492
171,2026-09-18T06:50:03.129+00:00,2026-09-18T06:53:21.692+00:00,2026-09-18T06:53:24.878+00:00,True,51,51.0,,51.0,198562.228134,201749.010854,201749.01078,3955.8629564705884,36.087802,198562.228134,27795.35284915475,98.01211199999997,63.7356544,15.574396642059995,0.2527893434724557,39,64,,True,True,,205,87.6246207195492
172,2026-09-18T06:50:03.567+00:00,2026-09-18T06:53:23.078+00:00,2026-09-18T06:53:28.607+00:00,True,89,89.0,,89.0,199510.541282,205039.88861,205039.88853199998,2303.818972269663,35.696363,199510.541282,21141.41889738632,95.248682,62.83349236363637,13.329590358095396,0.4340618823163923,39,64,,True,True,,392,87.6246207195492
173,2026-09-18T06:50:04.056+00:00,2026-09-18T06:53:25.419+00:00,2026-09-18T06:53:26.888+00:00,True,24,24.0,,24.0,201363.846019,202832.91097899998,202832.910814,8451.371283916666,39.663436000000004,201363.846019,41090.1867007528,92.77928815,63.87238956521739,11.895408166160601,0.1183239933014855,39,64,,True,True,,94,87.6246207195492
174,2026-09-18T06:50:04.485+00:00,2026-09-18T06:53:26.998+00:00,2026-09-18T06:53:29.028+00:00,True,34,34.0,,34.0,202512.952792,204542.227416,204542.227241,6015.9478600294115,37.44196,202512.952792,34720.14059991814,92.23370815,61.49317042424242,11.078376134090497,0.1662248447644528,39,64,,True,True,,160,87.6246207195492
175,2026-09-18T06:50:04.973+00:00,2026-09-18T06:53:28.608+00:00,2026-09-18T06:53:30.170+00:00,True,27,27.0,,27.0,203635.054415,205196.83438299998,205196.834367,7599.882754333333,40.145485,203635.054415,39178.02555466233,87.84205159999999,60.068460307692305,10.055515630538801,0.13158097726597714,39,64,,True,True,,150,87.6246207195492
176,2026-09-18T06:50:05.362+00:00,2026-09-18T06:53:29.785+00:00,2026-09-18T06:53:31.648+00:00,True,31,31.0,,31.0,204422.624544,206286.34012799998,206286.340222,6654.3980716774195,35.124904,204422.624544,36704.23090974856,84.4843115,62.123852799999995,10.534349629468883,0.1502765523920033,39,64,,True,True,,141,87.6246207195492
177,2026-09-18T06:50:05.798+00:00,2026-09-18T06:53:32.169+00:00,2026-09-18T06:53:33.877+00:00,True,29,29.0,,29.0,206371.418194,208078.73211399998,208078.732094,7175.128692896552,37.42854,206371.418194,38310.88953582131,92.1822398,60.975497142857144,12.947262483886814,0.13937032249942674,39,64,,True,True,,134,87.6246207195492
178,2026-09-18T06:50:06.104+00:00,2026-09-18T06:53:33.080+00:00,2026-09-18T06:53:38.894+00:00,True,94,94.0,,94.0,206976.222797,212790.709581,212790.709614,2263.7309533404255,35.293223,206976.222797,21341.52234266846,92.28748765,62.521363268817204,12.398225714371552,0.44174860916199143,39,64,,True,True,,484,87.6246207195492
179,2026-09-18T06:50:06.609+00:00,2026-09-18T06:53:35.026+00:00,2026-09-18T06:53:35.565+00:00,True,9,9.0,,9.0,208416.73167399998,208955.83157799998,208955.83161599998,23217.314624,38.696647,208416.73167399998,69449.78326492253,125086.68457199998,67.387488,17.234710348976833,0.04307130330861543,39,64,,True,True,,32,87.6246207195492
180,2026-09-18T06:50:07.059+00:00,2026-09-18T06:53:37.056+00:00,2026-09-18T06:53:40.046+00:00,True,49,49.0,,49.0,209997.151811,212986.992195,212986.992245,4346.6733111224485,38.636957,209997.151811,29990.6963001382,84.889981,62.288341333333335,9.645947515929276,0.2300609980685492,39,64,,True,True,,219,87.6246207195492
181,2026-09-18T06:50:07.490+00:00,2026-09-18T06:53:38.896+00:00,2026-09-18T06:53:43.911+00:00,True,82,82.0,,82.0,211406.215149,216421.060845,216421.06074,2639.2812285365853,35.185834,211406.215149,23339.07658511923,91.99266635000002,61.91167525925926,11.138599254988414,0.3788910362043189,39,64,,True,True,,400,87.6246207195492
182,2026-09-18T06:50:07.845+00:00,2026-09-18T06:53:39.982+00:00,2026-09-18T06:53:45.682+00:00,True,93,93.0,,93.0,212137.784613,217837.417509,217837.417506,2342.3378226451614,33.914377,212137.784613,21991.242099519797,91.1502276,61.952531478260866,11.05946189119189,0.4269239006937717,39,64,,True,True,,462,87.6246207195492
183,2026-09-18T06:50:08.149+00:00,2026-09-18T06:53:40.984+00:00,2026-09-18T06:53:46.799+00:00,True,93,93.0,,93.0,212835.093944,218650.78725599998,218650.78728,2351.0837341935485,37.70586,212835.093944,22063.41868454887,89.46537280000001,63.21405773913044,10.6463073239913,0.4253357656156712,39,64,,True,True,,452,87.6246207195492
184,2026-09-18T06:50:08.576+00:00,2026-09-18T06:53:42.769+00:00,2026-09-18T06:53:44.089+00:00,True,23,23.0,,23.0,214193.041336,215513.551544,215513.55152,9370.154413913044,39.525516,214193.041336,44649.82141361607,69.8501726,60.023191272727274,7.521154503294685,0.10672182716688347,39,64,,True,True,,96,87.6246207195492
185,2026-09-18T06:50:09.012+00:00,2026-09-18T06:53:44.152+00:00,2026-09-18T06:53:44.928+00:00,True,13,13.0,,13.0,215139.636038,215915.083334,215915.083479,16608.852575307694,40.683854,215139.636038,59651.07785743458,86112.0694376,64.620608,12.650742803190994,0.06020885525579629,39,64,,True,True,,64,87.6246207195492
186,2026-09-18T06:50:09.441+00:00,2026-09-18T06:53:45.744+00:00,2026-09-18T06:53:49.580+00:00,True,60,60.0,,60.0,216302.38514700002,220138.76658700002,220138.76650100003,3668.979441683334,0.01866,216302.38514700002,27916.13488918435,91.86669465000001,65.02341423728814,25.588134840952442,0.27255535647006396,39,64,,True,True,,320,87.6246207195492
187,2026-09-18T06:50:09.857+00:00,2026-09-18T06:53:47.322+00:00,2026-09-18T06:53:49.025+00:00,True,27,27.0,,27.0,217464.534006,219167.31826200002,219167.318256,8117.308083555556,0.02044,217464.534006,41838.4826768394,186.19161929999999,65.49170215384615,39.0003340580586,0.12319355008817186,39,64,,True,True,,105,87.6246207195492
188,2026-09-18T06:50:10.324+00:00,2026-09-18T06:53:49.837+00:00,2026-09-18T06:53:50.642+00:00,True,14,14.0,,14.0,219512.708549,220317.725381,220317.725416,15736.980386857143,40.118386,219512.708549,58650.689543301174,76874.74820814999,61.924371692307695,7.358848716883633,0.0635445921375119,39,64,,True,True,,76,87.6246207195492
189,2026-09-18T06:50:10.772+00:00,2026-09-18T06:53:51.177+00:00,2026-09-18T06:53:55.111+00:00,True,64,64.0,,64.0,220404.570003,224339.056275,224339.056275,3505.297754296875,37.282321,220404.570003,27542.76774711476,92.02353705,62.452163047619045,12.995407274502654,0.28528246959168496,39,64,,True,True,,238,87.6246207195492
190,2026-09-18T06:50:11.094+00:00,2026-09-18T06:53:52.315+00:00,2026-09-18T06:53:53.376+00:00,True,18,18.0,,18.0,221221.0055,222282.200764,222282.200936,12349.01116311111,40.302313999999996,221221.0055,52127.57884694939,33259.3135144,62.423250823529415,11.07524021072769,0.08097814372060695,39,64,,True,True,,82,87.6246207195492
191,2026-09-18T06:50:11.391+00:00,2026-09-18T06:53:53.624+00:00,2026-09-18T06:53:54.380+00:00,True,13,13.0,,13.0,222233.17534000002,222989.042476,222989.042595,17153.003276538464,39.060707,222233.17534000002,61618.92513833353,88954.74283480001,62.988928,16.9698404077641,0.058298828748050126,39,64,,True,True,,55,87.6246207195492
192,2026-09-18T06:50:11.789+00:00,2026-09-18T06:53:55.109+00:00,2026-09-18T06:53:56.938+00:00,True,30,30.0,,30.0,223320.133325,225149.006797,225149.006671,7504.966889033333,57.540203,223320.133325,40760.97765655988,67.5209188,63.064602482758616,2.9322513991843806,0.13324509144758856,39,64,,True,True,,114,87.6246207195492
193,2026-09-18T06:50:12.213+00:00,2026-09-18T06:53:56.749+00:00,2026-09-18T06:53:59.916+00:00,True,52,52.0,,52.0,224536.690345,227703.494569,227703.49458600002,4378.913357423077,36.629661999999996,224536.690345,31129.027039601086,80.09512815,62.094200470588234,9.453841005604328,0.22836715834522542,39,64,,True,True,,198,87.6246207195492
194,2026-09-18T06:50:12.685+00:00,2026-09-18T06:53:58.398+00:00,2026-09-18T06:54:02.080+00:00,True,60,60.0,,60.0,225713.3057,229395.599204,229395.599036,3823.2599839333334,37.350699999999996,225713.3057,29131.406885653676,82.19786319999999,62.41175430508474,10.15992153266371,0.2615568921470128,39,64,,True,True,,120,87.6246207195492
195,2026-09-18T06:50:13.039+00:00,2026-09-18T06:54:00.042+00:00,2026-09-18T06:54:04.184+00:00,True,67,67.0,,67.0,227002.761615,231144.217999,231144.218082,3449.913702716418,38.060969,227002.761615,27725.13727420469,84.97344009999999,62.74933915151515,10.802002188633873,0.28986232309860277,39,64,,True,True,,370,87.6246207195492
196,2026-09-18T06:50:13.504+00:00,2026-09-18T06:54:01.816+00:00,2026-09-18T06:54:01.875+00:00,True,2,2.0,,2.0,228312.078452,228371.18065999998,228371.18064099998,114185.59032049999,59.102188999999996,228312.078452,161399.22734157936,216899.42963884998,59.102208,nan,0.008757672462085348,39,64,,True,True,,7,87.6246207195492
197,2026-09-18T06:50:13.964+00:00,2026-09-18T06:54:03.240+00:00,2026-09-18T06:54:04.304+00:00,True,19,19.0,,19.0,229275.516416,230339.5328,230339.532764,12123.13330336842,36.172183,229275.516416,52585.850513454854,22999.112199500003,59.11202133333334,9.919671547436828,0.08248692601324926,39,64,,True,True,,98,87.6246207195492
198,2026-09-18T06:50:14.361+00:00,2026-09-18T06:54:04.748+00:00,2026-09-18T06:54:09.962+00:00,True,83,83.0,,83.0,230386.771504,235600.758832,235600.758733,2838.5633582289156,36.776281000000004,230386.771504,25281.257595256862,93.3638602,63.585211317073174,13.37189223119102,0.35229088569780403,39,64,,True,True,,329,87.6246207195492
199,2026-09-18T06:50:14.799+00:00,2026-09-18T06:54:06.392+00:00,2026-09-18T06:54:08.539+00:00,True,33,33.0,,33.0,231592.284166,233739.735302,233739.735134,7083.022276787879,38.280949,231592.284166,40303.36364106507,107.95880779999999,67.107848,17.43190880392933,0.14118267036352564,39,64,,True,True,,130,87.6246207195492
200,2026-09-18T06:50:15.164+00:00,2026-09-18T06:54:07.985+00:00,2026-09-18T06:54:09.774+00:00,True,29,29.0,,29.0,232821.100334,234610.59998199999,234610.59976399998,8090.0206815172405,44.722567000000005,232821.100334,43221.9274808117,112.36026979999998,63.910701714285715,14.78200360684967,0.1236090782011766,39,64,,True,True,,146,87.6246207195492
201,2026-09-18T06:50:15.591+00:00,2026-09-18T06:54:09.240+00:00,2026-09-18T06:54:12.846+00:00,True,59,59.0,,59.0,233649.627052,237255.21502,237255.21502099998,4021.274830864407,35.120364,233649.627052,30410.499860028252,91.1736559,62.16530979310345,12.677725772772442,0.24867735781920094,39,64,,True,True,,229,87.6246207195492
202,2026-09-18T06:50:15.929+00:00,2026-09-18T06:54:10.899+00:00,2026-09-18T06:54:13.952+00:00,True,49,49.0,,49.0,234970.259311,238022.627951,238022.627736,4857.604647673469,39.161478,234970.259311,33558.09782769666,96.4964648,63.591013333333336,12.707775657023888,0.20586278044996326,39,64,,True,True,,182,87.6246207195492
203,2026-09-18T06:50:17.277+00:00,2026-09-18T06:54:13.846+00:00,2026-09-18T06:54:17.816+00:00,True,64,64.0,,64.0,236569.465278,240539.663806,240539.663776,3758.4322465,41.380404000000006,236569.465278,29563.308143930142,94.9316478,63.019024253968254,11.912956357992732,0.26606838551008066,39,64,,True,True,,376,87.6246207195492
204,2026-09-18T06:50:17.372+00:00,2026-09-18T06:54:15.108+00:00,2026-09-18T06:54:17.279+00:00,True,35,35.0,,35.0,237735.817833,239906.92695300002,239906.927028,6854.483629371429,37.957938999999996,237735.817833,40173.89610088929,95.4296109,63.856150588235295,13.409548277385104,0.14588991007690588,39,64,,True,True,,132,87.6246207195492
205,2026-09-18T06:50:17.382+00:00,2026-09-18T06:54:15.912+00:00,2026-09-18T06:54:19.483+00:00,True,56,56.0,,56.0,238530.094315,242101.546731,242101.546759,4323.241906410714,37.78622,238530.094315,31866.249452988508,99.14887125000001,64.93549847272728,11.961039453315344,0.23130789850847927,39,64,,True,True,,165,87.6246207195492
206,2026-09-18T06:50:17.894+00:00,2026-09-18T06:54:18.760+00:00,2026-09-18T06:54:24.063+00:00,True,85,85.0,,85.0,240866.04023800002,246169.005998,246169.00595100003,2896.105952364706,37.557499,240866.04023800002,26118.74462360572,89.36250120000001,63.13054476190476,10.026642353989601,0.3452912345947019,39,64,,True,True,,510,87.6246207195492
207,2026-09-18T06:50:18.338+00:00,2026-09-18T06:54:20.637+00:00,2026-09-18T06:54:26.735+00:00,True,99,99.0,,99.0,242299.360553,248397.71882500002,248397.718865,2509.0678673232323,37.572429,242299.360553,24345.7496548254,77.2809446,62.22814563265306,9.46715521583319,0.39855438475160476,39,64,,True,True,,531,87.6246207195492
208,2026-09-18T06:50:18.776+00:00,2026-09-18T06:54:22.402+00:00,2026-09-18T06:54:25.751+00:00,True,55,55.0,,55.0,243626.545786,246974.822778,246974.822797,4490.4513235818185,34.997325,243626.545786,32842.23756972003,80.84536370000001,62.00512948148148,10.37193121323399,0.2226947645162934,39,64,,True,True,,206,87.6246207195492
209,2026-09-18T06:50:19.090+00:00,2026-09-18T06:54:23.737+00:00,2026-09-18T06:54:25.754+00:00,True,33,33.0,,33.0,244647.50871700002,246663.66641300003,246663.66640200003,7474.656557636365,42.398271,244647.50871700002,42576.69786687117,83.649787,63.004928,8.19559166889933,0.13378541104122982,39,64,,True,True,,78,87.6246207195492
210,2026-09-18T06:50:19.421+00:00,2026-09-18T06:54:25.100+00:00,2026-09-18T06:54:30.650+00:00,True,88,88.0,,88.0,245679.016445,251228.43647699998,251228.43643499998,2854.8685958522724,37.81065,245679.016445,26182.674433849068,93.15410270000001,63.78643714942529,12.481967020042507,0.35027881888703477,39,64,,True,True,,436,87.6246207195492
211,2026-09-18T06:50:19.774+00:00,2026-09-18T06:54:26.480+00:00,2026-09-18T06:54:29.031+00:00,True,40,40.0,,40.0,246705.76060299997,249256.21359499998,249256.21367799997,6231.40534195,38.137159,246705.76060299997,38997.268552597714,95.88543245000001,65.39623056410257,15.065349662418061,0.16047744376392303,39,64,,True,True,,183,87.6246207195492
212,2026-09-18T06:50:20.109+00:00,2026-09-18T06:54:27.522+00:00,2026-09-18T06:54:31.771+00:00,True,68,68.0,,68.0,247412.69993099998,251661.513755,251661.51370599997,3700.9046133235292,35.747733,247412.69993099998,29995.50882765453,89.67447485000001,63.41513170149254,11.394754198797042,0.2702042079672144,39,64,,True,True,,344,87.6246207195492
213,2026-09-18T06:50:20.468+00:00,2026-09-18T06:54:29.030+00:00,2026-09-18T06:54:33.009+00:00,True,65,65.0,,65.0,248561.232021,252540.724117,252540.72409,3885.241909076923,35.969623,248561.232021,30822.51533990683,78.02861019999999,62.179564,9.101135959814178,0.2573842307107904,39,64,,True,True,,306,87.6246207195492
214,2026-09-18T06:50:20.970+00:00,2026-09-18T06:54:31.017+00:00,2026-09-18T06:54:33.351+00:00,True,38,38.0,,38.0,250047.773984,252381.733152,252381.733103,6641.624555342105,40.096725,250047.773984,40552.87363172688,92.97067650000001,63.07997751351351,10.445230904142122,0.15056557194301393,39,64,,True,True,,190,87.6246207195492
215,2026-09-18T06:50:21.395+00:00,2026-09-18T06:54:32.217+00:00,2026-09-18T06:54:37.783+00:00,True,89,89.0,,89.0,250822.022783,256387.857535,256387.857422,2880.76244294382,37.43002,250822.022783,26580.379498470375,91.6142386,63.24812218181818,11.698234844951791,0.3471303237823985,39,64,,True,True,,458,87.6246207195492
216,2026-09-18T06:50:21.702+00:00,2026-09-18T06:54:33.469+00:00,2026-09-18T06:54:36.632+00:00,True,52,52.0,,52.0,251767.071505,254929.834769,254929.834794,4902.496822961539,33.522578,251767.071505,34905.21253629898,81.32152725,62.014965960784316,10.241786601130359,0.20397769467476745,39,64,,True,True,,202,87.6246207195492
217,2026-09-18T06:50:22.072+00:00,2026-09-18T06:54:35.070+00:00,2026-09-18T06:54:38.398+00:00,True,53,53.0,,53.0,252997.70525099998,256325.908515,256325.9084,4836.337894339622,40.456245,252997.70525099998,34743.11811671097,98.6733652,64.00390892307692,12.649377147434754,0.2067680177437018,39,64,,True,True,,228,87.6246207195492
218,2026-09-18T06:50:22.457+00:00,2026-09-18T06:54:36.630+00:00,2026-09-18T06:54:39.816+00:00,True,51,51.0,,51.0,254173.468489,257359.04109699998,257359.041224,5046.2557102745095,35.756823,254173.468489,35582.48544278163,94.62270749999999,63.71145215999999,12.781072831143337,0.1981667315148949,39,64,,True,True,,221,87.6246207195492
219,2026-09-18T06:50:22.767+00:00,2026-09-18T06:54:37.721+00:00,2026-09-18T06:54:42.431+00:00,True,77,77.0,,77.0,254953.989919,259663.80777500002,259663.807781,3372.257243909091,34.551156000000006,254953.989919,29047.642945187534,74.3971626,61.97128757894737,9.604622443703436,0.296537282803466,39,64,,True,True,,389,87.6246207195492
220,2026-09-18T06:50:23.235+00:00,2026-09-18T06:54:39.702+00:00,2026-09-18T06:54:42.202+00:00,True,41,41.0,,41.0,256466.757733,258967.32938100002,258967.32943100002,6316.276327585366,38.331188000000004,256466.757733,40043.61598778766,69.934019,62.5142912,7.719546869023839,0.15832112914783797,39,64,,True,True,,203,87.6246207195492
221,2026-09-18T06:50:23.628+00:00,2026-09-18T06:54:40.828+00:00,2026-09-18T06:54:44.386+00:00,True,59,59.0,,59.0,257199.65023899998,260757.318079,260757.31791999997,4419.615557966102,39.011047,257199.65023899998,33476.55727711281,69.01294669999999,61.33910068965517,6.276329354209407,0.2262640237085317,39,64,,True,True,,240,87.6246207195492
222,2026-09-18T06:50:24.032+00:00,2026-09-18T06:54:42.201+00:00,2026-09-18T06:54:42.646+00:00,True,9,9.0,,9.0,258169.25627399998,258614.44309,258614.44324099997,28734.938137888887,38.224987999999996,258169.25627399998,86037.86986174385,154928.2107788,55.648352,10.50084543425969,0.034800840558111924,39,64,,True,True,,28,87.6246207195492
223,2026-09-18T06:50:24.334+00:00,2026-09-18T06:54:43.266+00:00,2026-09-18T06:54:48.838+00:00,True,93,93.0,,93.0,258931.687489,264503.718721,264503.718768,2844.1260082580648,35.178233999999996,258931.687489,26843.68629858862,69.5263678,60.56555686956522,8.835299256919244,0.35160186196889326,39,64,,True,True,,275,87.6246207195492
224,2026-09-18T06:50:24.770+00:00,2026-09-18T06:54:44.990+00:00,2026-09-18T06:54:46.464+00:00,True,25,25.0,,25.0,260220.236715,261694.287019,261694.287186,10467.77148744,39.194976000000004,260220.236715,52031.76457328879,90.9475802,61.418762666666666,10.337949714174515,0.09553131741918731,39,64,,True,True,,126,87.6246207195492
225,2026-09-18T06:50:25.154+00:00,2026-09-18T06:54:46.085+00:00,2026-09-18T06:54:51.032+00:00,True,83,83.0,,83.0,260930.87658399998,265877.720232,265877.720263,3203.34602726506,36.052642,260930.87658399998,28634.264651003014,86.9238156,60.32736156097561,10.391437020327581,0.31217358087611,39,64,,True,True,,335,87.6246207195492
226,2026-09-18T06:50:25.605+00:00,2026-09-18T06:54:47.613+00:00,2026-09-18T06:54:49.799+00:00,True,38,38.0,,38.0,262007.767606,264193.819702,264193.819693,6952.468939289474,38.824328,262007.767606,42493.688561038514,67.43286159999998,59.08248908108108,7.227309830202331,0.14383379612309807,39,64,,True,True,,207,87.6246207195492
227,2026-09-18T06:50:26.049+00:00,2026-09-18T06:54:49.615+00:00,2026-09-18T06:54:52.972+00:00,True,57,57.0,,57.0,263565.663256,266922.606104,266922.605931,4682.85273563158,35.800153,263565.663256,34902.1870039095,95.4680998,59.945408,12.062897749898905,0.21354504525477064,39,64,,True,True,,238,87.6246207195492
228,2026-09-18T06:50:26.522+00:00,2026-09-18T06:54:51.310+00:00,2026-09-18T06:54:54.302+00:00,True,51,51.0,,51.0,264787.158566,267779.671846,267779.67189399997,5250.581801843137,37.76331,264787.158566,37069.23885271669,70.156569,59.8502656,9.129403647186832,0.19045508439240333,39,64,,True,True,,205,87.6246207195492
229,2026-09-18T06:50:26.901+00:00,2026-09-18T06:54:52.622+00:00,2026-09-18T06:54:53.704+00:00,True,19,19.0,,19.0,265721.157518,266803.43975799996,266803.439782,14042.286304315789,40.995053,265721.157518,60946.82058737795,26632.221365299996,60.12679111111111,5.822458484567908,0.07121347467346621,39,64,,True,True,,38,87.6246207195492
230,2026-09-18T06:50:27.376+00:00,2026-09-18T06:54:54.236+00:00,2026-09-18T06:54:58.183+00:00,True,63,63.0,,63.0,266859.175424,270806.57536,270806.57512,4298.517065396825,35.212364,266859.175424,33613.077028276,96.69348819999999,63.66774090322581,13.174583009986263,0.23263836897700946,39,64,,True,True,,358,87.6246207195492
231,2026-09-18T06:50:27.841+00:00,2026-09-18T06:54:56.116+00:00,2026-09-18T06:54:58.304+00:00,True,34,34.0,,34.0,268274.977941,270463.47765300004,270463.477749,7954.808169088235,40.342724000000004,268274.977941,45997.407596612225,100.27436705,66.3181730909091,13.510141554828774,0.12571013393394806,39,64,,True,True,,128,87.6246207195492
232,2026-09-18T06:50:28.155+00:00,2026-09-18T06:54:57.268+00:00,2026-09-18T06:54:57.936+00:00,True,11,11.0,,11.0,269113.269342,269781.158238,269781.158279,24525.559843545456,39.749716,269113.269342,81120.56807520504,134608.98478250002,66.7888896,18.99412271411051,0.04077378891781552,39,64,,True,True,,49,87.6246207195492
233,2026-09-18T06:50:28.562+00:00,2026-09-18T06:54:59.093+00:00,2026-09-18T06:55:05.242+00:00,True,97,97.0,,97.0,270531.532758,276679.69736600004,276679.69724400004,2852.3680128247424,36.083282,270531.532758,27461.815169631587,91.926909,64.04338133333333,11.435870992437193,0.3505858974237837,39,64,,True,True,,473,87.6246207195492
234,2026-09-18T06:50:29.017+00:00,2026-09-18T06:55:00.938+00:00,2026-09-18T06:55:02.729+00:00,True,29,29.0,,29.0,271920.98411900003,273711.72024700005,273711.72036900005,9438.335185137932,36.210392,271920.98411900003,50482.58435023161,91.34663859999999,63.95486171428572,11.965086612431339,0.1059508886715926,39,64,,True,True,,137,87.6246207195492
235,2026-09-18T06:50:29.360+00:00,2026-09-18T06:55:02.171+00:00,2026-09-18T06:55:07.259+00:00,True,82,82.0,,82.0,272811.523017,277899.621833,277899.621882,3389.0197790487805,36.259642,272811.523017,30120.05847080446,91.5787801,62.8160347654321,12.407229713007633,0.29507057065833936,39,64,,True,True,,369,87.6246207195492
236,2026-09-18T06:50:29.765+00:00,2026-09-18T06:55:03.375+00:00,2026-09-18T06:55:08.318+00:00,True,79,79.0,,79.0,273609.472017,278552.799505,278552.799673,3525.984805987342,36.295822,273609.472017,30776.342615383983,91.82880740000002,63.375993435897435,12.020765423278615,0.2836087095171411,39,64,,True,True,,352,87.6246207195492
237,2026-09-18T06:50:30.135+00:00,2026-09-18T06:55:04.779+00:00,2026-09-18T06:55:06.178+00:00,True,23,23.0,,23.0,274643.81766500004,276042.20819300006,276042.20823200006,12001.83514052174,39.510706,274643.81766500004,57253.94198272244,92.7192361,63.56320581818182,11.554331182869465,0.08332059126233014,39,64,,True,True,,74,87.6246207195492
238,2026-09-18T06:50:30.427+00:00,2026-09-18T06:55:06.175+00:00,2026-09-18T06:55:08.795+00:00,True,42,42.0,,42.0,275748.731164,278368.555804,278368.555718,6627.8227551904765,37.623469,275748.731164,42539.094642513715,90.04996729999999,63.898161951219514,10.955091910706258,0.15087911017353667,39,64,,True,True,,180,87.6246207195492
239,2026-09-18T06:50:30.863+00:00,2026-09-18T06:55:07.818+00:00,2026-09-18T06:55:11.525+00:00,True,61,61.0,,61.0,276955.01164700004,280662.317631,280662.31764200004,4601.021600688525,35.331034,276955.01164700004,35452.546731030845,94.90986199999999,61.78843306666667,13.034431318165698,0.21734303527059012,39,64,,True,True,,266,87.6246207195492
240,2026-09-18T06:50:31.206+00:00,2026-09-18T06:55:09.311+00:00,2026-09-18T06:55:10.570+00:00,True,23,23.0,,23.0,278105.01968699996,279363.825959,279363.825876,12146.25329895652,32.26513,278105.01968699996,57976.97553015019,70.4854413,57.21846690909091,11.962874584470498,0.0823299148379201,39,64,,True,True,,104,87.6246207195492
241,2026-09-18T06:50:31.683+00:00,2026-09-18T06:55:11.014+00:00,2026-09-18T06:55:13.913+00:00,True,47,47.0,,47.0,279330.792314,282229.85356200003,282229.85342600005,6004.890498425532,37.18109,279330.792314,40735.39274117453,92.95742100000001,63.02307060869565,12.75801308359467,0.1665309300444897,39,64,,True,True,,201,87.6246207195492
243,2026-09-18T06:50:32.609+00:00,2026-09-18T06:55:13.633+00:00,2026-09-18T06:55:19.776+00:00,True,100,100.0,,100.0,281024.075539,287167.107859,287167.10766499996,2871.67107665,37.395,281024.075539,28096.2044542869,81.24498675,62.050831515151515,10.610656506407736,0.3482292966821964,39,64,,True,True,,459,87.6246207195492
244,2026-09-18T06:50:33.048+00:00,2026-09-18T06:55:15.433+00:00,2026-09-18T06:55:16.254+00:00,True,15,15.0,,15.0,282384.500124,283206.213276,283206.213173,18880.414211533334,34.834185,282384.500124,72896.2102705981,84763.1652263,58.69379657142858,9.104807785944756,0.052964939668825976,39,64,,True,True,,72,87.6246207195492
242,2026-09-18T06:50:32.144+00:00,2026-09-18T06:55:16.036+00:00,2026-09-18T06:55:17.561+00:00,True,26,26.0,,26.0,283891.996954,285417.29001,285417.29001199995,10977.588077384615,38.748577,283891.996954,55663.83681393544,88.10314475,61.011722240000005,10.539241806314411,0.09109469156227029,39,64,,True,True,,149,87.6246207195492
245,2026-09-18T06:50:33.521+00:00,2026-09-18T06:55:17.564+00:00,2026-09-18T06:55:18.275+00:00,True,13,13.0,,13.0,284043.108997,284753.89402099996,284753.894094,21904.145699538458,34.102805999999994,284043.108997,78762.95668931857,113657.17799439999,59.23208533333334,9.87238565917642,0.04565345820711158,39,64,,True,True,,62,87.6246207195492
248,2026-09-18T06:50:34.906+00:00,2026-09-18T06:55:19.713+00:00,2026-09-18T06:55:23.122+00:00,True,56,56.0,,56.0,284806.363932,288216.136476,288216.136635,5146.716725625,38.780826999999995,284806.363932,38050.56783374337,78.48634775000001,61.99586443636364,9.298425797594254,0.194298628399882,39,64,,True,True,,208,87.6246207195492
246,2026-09-18T06:50:34.820+00:00,2026-09-18T06:55:20.061+00:00,2026-09-18T06:55:23.026+00:00,True,49,49.0,,49.0,285240.641521,288205.790193,288205.790048,5881.750817306122,38.833067,285240.641521,40739.83897794433,72.9573288,61.773930666666665,7.901718982730324,0.17001740307572116,39,64,,True,True,,212,87.6246207195492
247,2026-09-18T06:50:34.856+00:00,2026-09-18T06:55:22.461+00:00,2026-09-18T06:55:26.496+00:00,True,66,66.0,,66.0,287605.35598299996,291639.59111899993,291639.590903,4418.781680348484,36.317302000000005,287605.35598299996,35394.13400027127,89.60041199999999,62.065155938461544,10.761561242201255,0.22630672244040254,39,64,,True,True,,323,87.6246207195492
249,2026-09-18T06:50:35.386+00:00,2026-09-18T06:55:24.750+00:00,2026-09-18T06:55:26.617+00:00,True,31,31.0,,31.0,289363.62906699994,291230.38823499996,291230.38820499997,9394.528651774192,35.077264,289363.62906699994,51960.067077351654,89.346857,62.2253056,10.764343020612023,0.10644493587319412,39,64,,True,True,,139,87.6246207195492
250,2026-09-18T06:50:35.707+00:00,2026-09-18T06:55:25.980+00:00,2026-09-18T06:55:29.697+00:00,True,62,62.0,,62.0,290272.959681,293990.30163299997,293990.30171699997,4741.779059951613,34.702955,290272.959681,36856.96546928905,93.74413254999999,60.940032,12.595933150174336,0.2108913105487307,39,64,,True,True,,273,87.6246207195492
251,2026-09-18T06:50:36.228+00:00,2026-09-18T06:55:27.883+00:00,2026-09-18T06:55:32.095+00:00,True,69,69.0,,69.0,291654.75110299996,295867.52166299993,295867.52167899994,4287.9350967971,38.725408,291654.75110299996,35103.64966692111,92.7510298,61.95250823529412,11.495180911288479,0.23321248514256535,39,64,,True,True,,291,87.6246207195492
252,2026-09-18T06:50:36.714+00:00,2026-09-18T06:55:30.009+00:00,2026-09-18T06:55:35.148+00:00,True,82,82.0,,82.0,293294.50101099996,298434.147219,298434.14736899995,3639.44082157317,36.068332000000005,293294.50101099996,32381.95352583233,87.69266665,63.45242232098766,9.36634400037707,0.2747674847671702,39,64,,True,True,,352,87.6246207195492
253,2026-09-18T06:50:37.160+00:00,2026-09-18T06:55:31.387+00:00,2026-09-18T06:55:33.263+00:00,True,31,31.0,,31.0,294227.874746,296103.30949799996,296103.309358,9551.719656709676,36.704150999999996,294227.874746,52833.65930856083,89.840552,62.51449173333334,10.101234948256886,0.1046931898618627,39,64,,True,True,,123,87.6246207195492
254,2026-09-18T06:50:37.525+00:00,2026-09-18T06:55:32.713+00:00,2026-09-18T06:55:37.409+00:00,True,75,75.0,,75.0,295187.630363,299883.77577099996,299883.77573399997,3998.4503431199996,35.773072,295187.630363,34078.005769131065,94.28354039999998,63.46142443243244,12.024789098108739,0.25009689106112964,39,64,,True,True,,196,87.6246207195492
255,2026-09-18T06:50:37.997+00:00,2026-09-18T06:55:34.323+00:00,2026-09-18T06:55:36.623+00:00,True,36,36.0,,36.0,296326.20480400004,298626.129284,298626.129299,8295.170258305556,40.295615,296326.20480400004,49376.75035926633,100.06775750000001,65.712128,12.673622154179231,0.12055207655912524,39,64,,True,True,,146,87.6246207195492
256,2026-09-18T06:50:38.473+00:00,2026-09-18T06:55:36.556+00:00,2026-09-18T06:55:38.524+00:00,False,33,32.0,,32.0,298083.236892,300051.0367,300051.03668200003,9092.455657030303,0.03799,298083.236892,51878.92856751671,91.88040579999999,61.493744,14.984428071099652,0.10664852337102423,39,64,,True,False,Request timeout: 300.0s exceeded,133,87.6246207195492
257,2026-09-18T06:50:38.981+00:00,2026-09-18T06:55:38.402+00:00,2026-09-18T06:55:39.015+00:00,False,12,11.0,,11.0,299421.509726,300034.82019,300034.820086,25002.901673833334,0.02157,299421.509726,86419.45123547403,134775.26653215,55.75549672727273,18.69111532782515,0.03666241135956867,39,64,,True,False,Request timeout: 300.0s exceeded,44,87.6246207195492
258,2026-09-18T06:50:39.438+00:00,2026-09-18T06:55:39.543+00:00,2026-09-18T06:55:39.543+00:00,False,1,0.0,,0.0,300105.04043,300105.04043,300105.04043,300105.04043,300105.04043,300105.04043,nan,300105.04043,nan,nan,0.0,39,64,,True,False,"HTTPConnectionPool(host='gpu03', port=9002): Read timed out.",0,87.6246207195492
259,2026-09-18T06:50:39.856+00:00,2026-09-18T06:55:39.895+00:00,2026-09-18T06:55:39.895+00:00,False,1,0.0,,0.0,300038.385934,300038.385934,300038.385934,300038.385934,300038.385934,300038.385934,nan,300038.385934,nan,nan,0.0,39,64,,True,False,TTFT timeout: 300.0s exceeded (TTFT: 300.026s),0,87.6246207195492
260,2026-09-18T06:50:40.227+00:00,2026-09-18T06:55:40.159+00:00,2026-09-18T06:55:40.318+00:00,False,4,3.0,,3.0,299931.569295,300091.353231,300091.353055,75022.83826375,0.036270000000000004,299931.569295,149939.15896135848,254955.29731154998,53.261312,47.141632052132266,0.009996955819285813,39,64,,True,False,Request timeout: 300.0s exceeded,15,87.6246207195492
261,2026-09-18T06:50:40.712+00:00,2026-09-18T06:55:40.812+00:00,2026-09-18T06:55:40.812+00:00,False,1,0.0,,0.0,300099.028648,300099.028648,300099.028648,300099.028648,300099.028648,300099.028648,nan,300099.028648,nan,nan,0.0,39,64,,True,False,"HTTPConnectionPool(host='gpu03', port=9002): Read timed out.",0,87.6246207195492
262,2026-09-18T06:50:41.077+00:00,2026-09-18T06:55:41.160+00:00,2026-09-18T06:55:41.160+00:00,False,1,0.0,,0.0,300083.35385799996,300083.35385799996,300083.35385799996,300083.35385799996,300083.35385799996,300083.35385799996,nan,300083.35385799996,nan,nan,0.0,39,64,,True,False,"HTTPConnectionPool(host='gpu03', port=9002): Read timed out.",0,87.6246207195492
263,2026-09-18T06:50:41.483+00:00,2026-09-18T06:55:41.500+00:00,2026-09-18T06:55:41.500+00:00,False,1,0.0,,0.0,300017.09318300005,300017.09318300005,300017.09318300005,300017.09318300005,300017.09318300005,300017.09318300005,nan,300017.09318300005,nan,nan,0.0,39,64,,True,False,TTFT timeout: 300.0s exceeded (TTFT: 300.007s),0,87.6246207195492
264,2026-09-18T06:50:41.787+00:00,2026-09-18T06:55:41.744+00:00,2026-09-18T06:55:41.835+00:00,False,3,2.0,,2.0,299956.731368,300048.074728,300048.07465599995,100016.02488533333,0.039439999999999996,299956.731368,173153.73707745652,269970.18861599994,45.67168,64.53339327820908,0.006665598510548828,39,64,,True,False,Request timeout: 300.0s exceeded,2,87.6246207195492
265,2026-09-18T06:50:42.135+00:00,2026-09-18T06:55:42.193+00:00,2026-09-18T06:55:42.193+00:00,False,1,0.0,,0.0,300058.214857,300058.214857,300058.214857,300058.214857,300058.214857,300058.214857,nan,300058.214857,nan,nan,0.0,39,64,,True,False,"HTTPConnectionPool(host='gpu03', port=9002): Read timed out.",0,87.6246207195492
266,2026-09-18T06:50:42.551+00:00,2026-09-18T06:55:42.623+00:00,2026-09-18T06:55:42.623+00:00,False,1,0.0,,0.0,300072.387691,300072.387691,300072.387691,300072.387691,300072.387691,300072.387691,nan,300072.387691,nan,nan,0.0,39,64,,True,False,TTFT timeout: 300.0s exceeded (TTFT: 300.064s),0,87.6246207195492
267,2026-09-18T06:50:43.064+00:00,2026-09-18T06:55:42.890+00:00,2026-09-18T06:55:43.144+00:00,False,5,4.0,,4.0,299826.233088,300079.764224,300079.764254,60015.95285079999,0.038950000000000005,299826.233088,134058.0272579039,239879.30387419998,63.382784,43.03032531001078,0.013329789199028188,39,64,,True,False,Request timeout: 300.0s exceeded,14,87.6246207195492
268,2026-09-18T06:50:43.449+00:00,2026-09-18T06:55:43.564+00:00,2026-09-18T06:55:43.564+00:00,False,1,0.0,,0.0,300115.646476,300115.646476,300115.646476,300115.646476,300115.646476,300115.646476,nan,300115.646476,nan,nan,0.0,39,64,,True,False,"HTTPConnectionPool(host='gpu03', port=9002): Read timed out.",0,87.6246207195492
269,2026-09-18T06:50:43.966+00:00,2026-09-18T06:55:44.050+00:00,2026-09-18T06:55:44.050+00:00,False,1,0.0,,0.0,300083.64628399996,300083.64628399996,300083.64628399996,300083.64628399996,300083.64628399996,300083.64628399996,nan,300083.64628399996,nan,nan,0.0,39,64,,True,False,TTFT timeout: 300.0s exceeded (TTFT: 300.072s),0,87.6246207195492
270,2026-09-18T06:50:44.313+00:00,2026-09-18T06:55:44.253+00:00,2026-09-18T06:55:44.355+00:00,False,3,2.0,,2.0,299940.116154,300041.61913,300041.619004,100013.87300133333,0.05079,299940.116154,173141.21287668278,269956.2497446,50.751488,71.70175898316582,0.006665741925400867,39,64,,True,False,Request timeout: 300.0s exceeded,8,87.6246207195492
271,2026-09-18T06:50:44.745+00:00,2026-09-18T06:55:44.569+00:00,2026-09-18T06:55:45.814+00:00,False,22,21.0,,21.0,299823.798551,301068.860951,301068.860915,13684.948223409092,0.03372,299823.798551,63910.01087216925,93.1368627,59.28868571428572,18.789535342123884,0.06975148453967088,39,64,,True,False,Request timeout: 300.0s exceeded,118,87.6246207195492
272,2026-09-18T06:50:45.128+00:00,2026-09-18T06:55:45.450+00:00,2026-09-18T06:55:45.910+00:00,False,9,8.0,,8.0,300321.578447,300781.747919,300781.74799400003,33420.194221555554,0.02125,300321.578447,100088.02275066421,180229.4095798,57.521184,28.960481354860544,0.026597358567629528,39,64,,True,False,Request timeout: 300.0s exceeded,33,87.6246207195492
274,2026-09-18T06:50:45.956+00:00,2026-09-18T06:55:45.996+00:00,2026-09-18T06:55:45.996+00:00,False,1,0.0,,0.0,300040.621504,300040.621504,300040.621504,300040.621504,300040.621504,300040.621504,nan,300040.621504,nan,nan,0.0,39,64,,True,False,"HTTPConnectionPool(host='gpu03', port=9002): Read timed out.",0,87.6246207195492
275,2026-09-18T06:50:46.321+00:00,2026-09-18T06:55:46.713+00:00,2026-09-18T06:55:46.713+00:00,False,1,0.0,,0.0,300392.528084,300392.528084,300392.528084,300392.528084,300392.528084,300392.528084,nan,300392.528084,nan,nan,0.0,39,64,,True,False,"HTTPConnectionPool(host='gpu03', port=9002): Read timed out.",0,87.6246207195492
273,2026-09-18T06:50:45.587+00:00,2026-09-18T06:55:46.740+00:00,2026-09-18T06:55:46.740+00:00,False,1,0.0,,0.0,301153.739564,301153.739564,301153.739564,301153.739564,301153.739564,301153.739564,nan,301153.739564,nan,nan,0.0,39,64,,True,False,"HTTPConnectionPool(host='gpu03', port=9002): Read timed out.",0,87.6246207195492
276,2026-09-18T06:50:46.679+00:00,2026-09-18T06:55:46.773+00:00,2026-09-18T06:55:46.773+00:00,False,1,0.0,,0.0,300093.629656,300093.629656,300093.629656,300093.629656,300093.629656,300093.629656,nan,300093.629656,nan,nan,0.0,39,64,,True,False,"HTTPConnectionPool(host='gpu03', port=9002): Read timed out.",0,87.6246207195492
277,2026-09-18T06:50:47.167+00:00,2026-09-18T06:55:47.107+00:00,2026-09-18T06:55:47.287+00:00,False,3,2.0,,2.0,299939.85763200006,300120.1860800001,300120.18619400007,100040.06206466668,0.023440000000000003,299939.85763200006,173118.32464030915,269963.90238100005,90.164224,127.47852290249666,0.006663996934437725,39,64,,True,False,Request timeout: 300.0s exceeded,5,87.6246207195492
278,2026-09-18T06:50:47.636+00:00,2026-09-18T06:55:47.287+00:00,2026-09-18T06:55:47.694+00:00,False,9,8.0,,8.0,299650.87618300004,300057.49685500003,300057.49693,33339.721881111116,0.02163,299650.87618300004,99866.68499303593,179815.95792180003,50.827584,22.04917014394023,0.026661556814445885,39,64,,True,False,Request timeout: 300.0s exceeded,26,87.6246207195492
279,2026-09-18T06:50:48.035+00:00,2026-09-18T06:55:48.143+00:00,2026-09-18T06:55:48.143+00:00,False,1,0.0,,0.0,300108.671604,300108.671604,300108.671604,300108.671604,300108.671604,300108.671604,nan,300108.671604,nan,nan,0.0,39,64,,True,False,"HTTPConnectionPool(host='gpu03', port=9002): Read timed out.",0,87.6246207195492
280,2026-09-18T06:50:48.370+00:00,2026-09-18T06:55:48.461+00:00,2026-09-18T06:55:48.461+00:00,False,1,0.0,,0.0,300090.869239,300090.869239,300090.869239,300090.869239,300090.869239,300090.869239,nan,300090.869239,nan,nan,0.0,39,64,,True,False,"HTTPConnectionPool(host='gpu03', port=9002): Read timed out.",0,87.6246207195492
281,2026-09-18T06:50:48.793+00:00,2026-09-18T06:55:48.745+00:00,2026-09-18T06:55:48.816+00:00,False,3,2.0,,2.0,299952.205348,300022.743588,300022.743665,100007.58122166667,0.040029,299952.205348,173157.1274272506,269964.034642,35.26912,49.82158980413725,0.00666616129191345,39,64,,True,False,Request timeout: 300.0s exceeded,8,87.6246207195492
282,2026-09-18T06:50:49.109+00:00,2026-09-18T06:55:48.957+00:00,2026-09-18T06:55:49.178+00:00,False,5,4.0,,4.0,299847.864546,300068.84758600005,300068.847451,60013.76949020001,0.04292,299847.864546,134071.3392297996,239896.27223300003,55.24576,39.04033996337225,0.013330274142681857,39,64,,True,False,Request timeout: 300.0s exceeded,19,87.6246207195492
283,2026-09-18T06:50:49.605+00:00,2026-09-18T06:55:49.744+00:00,2026-09-18T06:55:49.744+00:00,False,1,0.0,,0.0,300138.44680800004,300138.44680800004,300138.44680800004,300138.44680800004,300138.44680800004,300138.44680800004,nan,300138.44680800004,nan,nan,0.0,39,64,,True,False,TTFT timeout: 300.0s exceeded (TTFT: 300.073s),0,87.6246207195492
284,2026-09-18T06:50:50.074+00:00,2026-09-18T06:55:50.022+00:00,2026-09-18T06:55:50.168+00:00,False,4,3.0,,3.0,299947.580693,300093.869333,300093.86933899997,75023.46733474999,0.02499,299947.580693,149949.4128699023,254966.61698705,48.76288,42.23020998635133,0.009996872000977274,39,64,,True,False,Request timeout: 300.0s exceeded,10,87.6246207195492
285,2026-09-18T06:50:50.399+00:00,2026-09-18T06:55:50.237+00:00,2026-09-18T06:55:50.455+00:00,False,5,4.0,,4.0,299838.083911,300056.20333499997,300056.203392,60011.2406784,0.0256,299838.083911,134067.28476766456,239885.08839740002,54.529856,36.33754572165086,0.013330835875218251,39,64,,True,False,Request timeout: 300.0s exceeded,11,87.6246207195492
286,2026-09-18T06:50:50.783+00:00,2026-09-18T06:55:50.799+00:00,2026-09-18T06:55:50.799+00:00,False,1,0.0,,0.0,300015.83819700003,300015.83819700003,300015.83819700003,300015.83819700003,300015.83819700003,300015.83819700003,nan,300015.83819700003,nan,nan,0.0,39,64,,True,False,TTFT timeout: 300.0s exceeded (TTFT: 300.003s),0,87.6246207195492
287,2026-09-18T06:50:51.217+00:00,2026-09-18T06:55:51.302+00:00,2026-09-18T06:55:51.302+00:00,False,1,0.0,,0.0,300085.08200700005,300085.08200700005,300085.08200700005,300085.08200700005,300085.08200700005,300085.08200700005,nan,300085.08200700005,nan,nan,0.0,39,64,,True,False,TTFT timeout: 300.0s exceeded (TTFT: 300.077s),0,87.6246207195492
288,2026-09-18T06:50:51.695+00:00,2026-09-18T06:55:51.680+00:00,2026-09-18T06:55:51.738+00:00,False,3,2.0,,2.0,299984.33594300004,300042.57466300006,300042.574604,100014.19153466668,0.027260000000000003,299984.33594300004,173179.227499622,269991.72348880005,29.11936,41.14225570172408,0.006665720697292201,39,64,,True,False,Request timeout: 300.0s exceeded,4,87.6246207195492
289,2026-09-18T06:50:52.195+00:00,2026-09-18T06:55:52.307+00:00,2026-09-18T06:55:52.307+00:00,False,1,0.0,,0.0,300111.724672,300111.724672,300111.724672,300111.724672,300111.724672,300111.724672,nan,300111.724672,nan,nan,0.0,39,64,,True,False,"HTTPConnectionPool(host='gpu03', port=9002): Read timed out.",0,87.6246207195492
290,2026-09-18T06:50:52.588+00:00,2026-09-18T06:55:52.692+00:00,2026-09-18T06:55:52.692+00:00,False,1,0.0,,0.0,300104.218295,300104.218295,300104.218295,300104.218295,300104.218295,300104.218295,nan,300104.218295,nan,nan,0.0,39,64,,True,False,"HTTPConnectionPool(host='gpu03', port=9002): Read timed out.",0,87.6246207195492
291,2026-09-18T06:50:53.107+00:00,2026-09-18T06:55:52.890+00:00,2026-09-18T06:55:53.144+00:00,False,9,8.0,,8.0,299782.854435,300036.598819,300036.59862999996,33337.39984777778,0.11478000000000001,299782.854435,99917.04618645496,179884.656333,31.718048,12.789692864561303,0.02666341383514375,39,64,,True,False,Request timeout: 300.0s exceeded,37,87.6246207195492
0,2026-09-18T06:48:53.176+00:00,2026-09-18T06:48:53.412+00:00,2026-09-18T06:48:55.424+00:00,True,38,38.0,,38.0,236.029101,2247.730349,2247.730383,59.15079955263158,13.610445,236.029101,32.52841070615768,84.307575,54.370304,13.96234550689876,16.905942484117787,40,64,,False,True,,164,87.6246207195492
1,2026-09-18T06:48:53.683+00:00,2026-09-18T06:48:53.851+00:00,2026-09-18T06:48:57.692+00:00,True,66,66.0,,66.0,168.049397,4009.6204690000004,4009.620429,60.751824681818185,5.941209,168.049397,17.519227175262923,69.46831625,59.10109341538461,11.36064833939693,16.460410782085916,40,64,,False,True,,312,87.6246207195492
2,2026-09-18T06:48:54.171+00:00,2026-09-18T06:48:55.663+00:00,2026-09-18T06:48:57.571+00:00,True,32,32.0,,32.0,1491.956408,3400.391352,3400.391212,106.262225375,39.130686999999995,1491.956408,252.96474831778696,71.5683497,61.562417548387096,7.387899060907546,9.410681503227162,40,64,,False,True,,143,87.6246207195492
3,2026-09-18T06:48:54.450+00:00,2026-09-18T06:48:57.378+00:00,2026-09-18T06:49:02.853+00:00,True,92,92.0,,92.0,2928.338909,8403.076317,8403.076286,91.3377857173913,0.0,2928.338909,299.3328591386783,68.629729,60.161949538461535,13.578315668595284,10.948371349892147,40,64,,False,True,,451,87.6246207195492
4,2026-09-18T06:48:54.931+00:00,2026-09-18T06:48:58.839+00:00,2026-09-18T06:48:59.330+00:00,True,9,9.0,,9.0,3908.114258,4398.867282,4398.867467,488.7630518888889,52.306263,3908.114258,1282.2666417088344,2371.8119487999998,61.344128,5.397380026220764,2.04598125449878,40,64,,False,True,,34,87.6246207195492
5,2026-09-18T06:48:55.445+00:00,2026-09-18T06:49:00.528+00:00,2026-09-18T06:49:01.373+00:00,True,15,15.0,,15.0,5082.689285,5928.340741,5928.340704,395.2227136,38.696158000000004,5082.689285,1296.7706219355487,1574.1945988,60.403675428571425,7.848210285784747,2.530218935673016,40,64,,False,True,,91,87.6246207195492
6,2026-09-18T06:48:55.755+00:00,2026-09-18T06:49:01.852+00:00,2026-09-18T06:49:05.351+00:00,True,59,59.0,,59.0,6097.33787,9596.354062,9596.353838,162.65006505084747,0.0,6097.33787,786.1790717103349,77.79136040000002,60.327865379310346,19.069242817897262,6.148168316718367,40,64,,False,True,,130,87.6246207195492
7,2026-09-18T06:48:56.174+00:00,2026-09-18T06:49:03.329+00:00,2026-09-18T06:49:08.786+00:00,True,92,92.0,,92.0,7154.241496000001,12611.280088,12611.280116,137.07913169565217,0.0,7154.241496000001,740.5161348480698,70.00073809999999,59.96745705494505,36.43327381313589,7.295056438207307,40,64,,False,True,,475,87.6246207195492
8,2026-09-18T06:48:56.697+00:00,2026-09-18T06:49:05.373+00:00,2026-09-18T06:49:10.402+00:00,True,84,84.0,,84.0,8676.101738,13705.291625999998,13705.291492,163.15823204761904,0.0,8676.101738,940.6472893861418,68.27495415000001,60.59264925301205,34.30415855348161,6.129019527074163,40,64,,False,True,,389,87.6246207195492
9,2026-09-18T06:48:57.167+00:00,2026-09-18T06:49:07.108+00:00,2026-09-18T06:49:10.095+00:00,True,51,51.0,,51.0,9941.554046,12927.896445999999,12927.896286,253.48816247058824,0.0,9941.554046,1384.350963683787,127.69408750000001,59.726848,41.79310123366107,3.944957341902273,40,64,,False,True,,294,87.6246207195492
10,2026-09-18T06:48:57.524+00:00,2026-09-18T06:49:08.340+00:00,2026-09-18T06:49:10.097+00:00,True,31,31.0,,31.0,10815.434073,12572.650329,12572.650367,405.5693666774194,33.676558,10815.434073,1932.0082031604238,68.02799850000001,58.5738752,8.73281565111841,2.4656694641777785,40,64,,False,True,,133,87.6246207195492
11,2026-09-18T06:48:57.987+00:00,2026-09-18T06:49:09.918+00:00,2026-09-18T06:49:15.157+00:00,True,88,88.0,,88.0,11930.69667,17170.152157999997,17170.152234,195.11536629545455,0.0,11930.69667,1265.712171986675,69.91113285,60.223626298850576,28.42240295488744,5.1251729856685415,40,64,,False,True,,357,87.6246207195492
12,2026-09-18T06:48:58.383+00:00,2026-09-18T06:49:11.371+00:00,2026-09-18T06:49:13.228+00:00,True,32,32.0,,32.0,12987.872645,14845.446277,14845.446103,463.92019071875,41.042314,12987.872645,2285.368503108964,67.06572105,59.921730064516126,6.17086552251049,2.155543147906405,40,64,,False,True,,155,87.6246207195492
13,2026-09-18T06:48:58.759+00:00,2026-09-18T06:49:12.931+00:00,2026-09-18T06:49:16.949+00:00,True,66,66.0,,66.0,14171.805554999999,18189.570931,18189.570869,275.5995586212121,0.0,14171.805554999999,1737.2722594554236,69.74686799999999,61.81177501538461,39.93911976365707,3.628452823343841,40,64,,False,True,,281,87.6246207195492
14,2026-09-18T06:48:59.205+00:00,2026-09-18T06:49:14.556+00:00,2026-09-18T06:49:20.291+00:00,True,96,96.0,,96.0,15351.030604,21085.936716,21085.936867,219.64517569791667,0.0,15351.030604,1561.1239300731354,70.15008949999999,60.36743275789474,40.78159273931488,4.552797501623688,40,64,,False,True,,410,87.6246207195492
15,2026-09-18T06:48:59.760+00:00,2026-09-18T06:49:16.658+00:00,2026-09-18T06:49:18.120+00:00,True,26,26.0,,26.0,16898.082868999998,18360.034869,18360.034633,706.1551781923076,0.0,16898.082868999998,3302.9175962518925,231.97092974999998,58.47808,52.421765027445666,1.4161193148875604,40,64,,False,True,,37,87.6246207195492
16,2026-09-18T06:49:00.125+00:00,2026-09-18T06:49:17.940+00:00,2026-09-18T06:49:22.291+00:00,True,71,71.0,,71.0,17814.762625,22166.140545,22166.140569,312.199162943662,0.0,17814.762625,2107.6423208306123,91.4329695,62.162541714285716,58.349398480658365,3.2030835433828115,40,64,,False,True,,332,87.6246207195492
17,2026-09-18T06:49:00.575+00:00,2026-09-18T06:49:19.563+00:00,2026-09-18T06:49:24.866+00:00,True,86,86.0,,86.0,18988.024215,24291.085975,24291.085831,282.45448640697674,0.0,18988.024215,2041.8365450170331,102.58635675000001,62.38896188235294,65.32069397436598,3.5403933808685966,40,64,,False,True,,344,87.6246207195492
18,2026-09-18T06:49:00.925+00:00,2026-09-18T06:49:20.945+00:00,2026-09-18T06:49:24.863+00:00,True,64,64.0,,64.0,20020.529326,23938.500014,23938.499936,374.0390615,0.0,20020.529326,2495.5993376599517,97.51809275,62.19001092063492,63.9672933809587,2.6735175538388263,40,64,,False,True,,279,87.6246207195492
19,2026-09-18T06:49:01.353+00:00,2026-09-18T06:49:22.408+00:00,2026-09-18T06:49:22.477+00:00,True,2,2.0,,2.0,21055.046223999998,21123.760975999998,21123.761066,10561.880533,68.714842,21055.046223999998,14839.577232440248,20005.7296549,68.714752,nan,0.09468010939303484,40,64,,False,True,,6,87.6246207195492
20,2026-09-18T06:49:01.789+00:00,2026-09-18T06:49:24.138+00:00,2026-09-18T06:49:27.516+00:00,True,58,58.0,,58.0,22348.552171,25726.573803,25726.573883,443.5616186724138,8.718823,22348.552171,2926.753277227233,73.6601607,59.26353740350878,12.51685095705494,2.254478207791376,40,64,,False,True,,244,87.6246207195492
21,2026-09-18T06:49:02.159+00:00,2026-09-18T06:49:25.624+00:00,2026-09-18T06:49:30.355+00:00,True,79,79.0,,79.0,23465.361745000002,28195.875153,28195.875115000003,356.9098115822785,0.0,23465.361745000002,2633.5818198789734,72.4771688,60.64760779487179,42.94941280220651,2.801828266415576,40,64,,False,True,,384,87.6246207195492
22,2026-09-18T06:49:02.718+00:00,2026-09-18T06:49:27.800+00:00,2026-09-18T06:49:32.855+00:00,True,85,85.0,,85.0,25082.091661,30137.776013,30137.775887,354.5620692588235,0.0,25082.091661,2714.3046952554137,71.9149188,60.18671847619048,40.46466562625221,2.820380640009238,40,64,,False,True,,416,87.6246207195492
23,2026-09-18T06:49:03.071+00:00,2026-09-18T06:49:29.435+00:00,2026-09-18T06:49:35.252+00:00,True,91,91.0,,91.0,26363.77369,32180.758778000003,32180.758724000003,353.63471125274725,0.0,26363.77369,2757.883955202366,75.5817795,64.63316764444444,74.11286556468878,2.8277767043271544,40,64,,False,True,,437,87.6246207195492
24,2026-09-18T06:49:03.617+00:00,2026-09-18T06:49:31.440+00:00,2026-09-18T06:49:33.440+00:00,True,28,28.0,,28.0,27823.742937,29823.618008999998,29823.618151,1065.1292196785714,38.760737999999996,27823.742937,5244.778305866454,330.27145774999997,74.0694471111111,79.68505073258706,0.9388532267128128,40,64,,False,True,,92,87.6246207195492
25,2026-09-18T06:49:03.961+00:00,2026-09-18T06:49:32.608+00:00,2026-09-18T06:49:34.530+00:00,True,33,33.0,,33.0,28646.699327,30568.577086999998,30568.577105999997,926.3205183636363,0.0,28646.699327,4976.892753299026,229.5794834,60.05868,78.34161480070462,1.0795399441092737,40,64,,False,True,,164,87.6246207195492
26,2026-09-18T06:49:04.383+00:00,2026-09-18T06:49:34.311+00:00,2026-09-18T06:49:35.476+00:00,True,21,21.0,,21.0,29927.967667,31092.798131,31092.798028,1480.609429904762,0.0173,29927.967667,6519.182972793796,559.730343,58.2415232,121.42412651750854,0.675397560281417,40,64,,False,True,,93,87.6246207195492
27,2026-09-18T06:49:04.791+00:00,2026-09-18T06:49:35.719+00:00,2026-09-18T06:49:40.483+00:00,True,79,79.0,,79.0,30927.872747999998,35691.914732,35691.91493,451.7963915189873,0.0,30927.872747999998,3473.2021876811286,92.56638960000001,61.07746133333334,54.128042164135834,2.2133864376060393,40,64,,False,True,,355,87.6246207195492
28,2026-09-18T06:49:05.116+00:00,2026-09-18T06:49:37.031+00:00,2026-09-18T06:49:42.523+00:00,True,92,92.0,,92.0,31915.880960000002,37407.45856,37407.458689,406.60281183695656,0.0,31915.880960000002,3321.5593203928183,93.98871215,60.3470065934066,51.20168072423416,2.4594025774949624,40,64,,False,True,,404,87.6246207195492
29,2026-09-18T06:49:05.499+00:00,2026-09-18T06:49:38.328+00:00,2026-09-18T06:49:38.991+00:00,True,8,8.0,,8.0,32829.41465,33492.241146,33492.241137,4186.530142125,0.0,32829.41465,11574.671529940586,21513.050907049997,94.68949942857144,179.9052453658643,0.23886129223560323,40,64,,False,True,,10,87.6246207195492
30,2026-09-18T06:49:05.913+00:00,2026-09-18T06:49:39.565+00:00,2026-09-18T06:49:43.239+00:00,True,62,62.0,,62.0,33652.120778,37326.135753999995,37326.135729999995,602.0344472580645,35.850854,33652.120778,4266.192331632577,92.25025120000001,60.22975370491803,12.462794694519747,1.6610345203857828,40,64,,False,True,,208,87.6246207195492
31,2026-09-18T06:49:06.454+00:00,2026-09-18T06:49:42.320+00:00,2026-09-18T06:49:47.798+00:00,True,89,89.0,,89.0,35865.433981,41343.675005000005,41343.674905,464.53567308988767,0.0,35865.433981,3795.615249686129,94.6548136,62.25273890909091,61.06269408723442,2.1526872003815956,40,64,,False,True,,315,87.6246207195492
32,2026-09-18T06:49:06.808+00:00,2026-09-18T06:49:43.355+00:00,2026-09-18T06:49:48.809+00:00,True,89,89.0,,89.0,36546.69488,42000.234464,42000.234479000006,471.9127469550562,0.0,36546.69488,3868.3679268371393,93.73344300000001,61.97204072727273,88.23747540006273,2.119035789580777,40,64,,False,True,,371,87.6246207195492
33,2026-09-18T06:49:07.128+00:00,2026-09-18T06:49:44.555+00:00,2026-09-18T06:49:48.123+00:00,True,59,59.0,,59.0,37426.102642,40994.153074,40994.15324,694.8161566101695,0.0,37426.102642,4865.0189570806115,93.9075044,61.51811089655172,74.74982282824682,1.439229635833603,40,64,,False,True,,288,87.6246207195492
34,2026-09-18T06:49:07.467+00:00,2026-09-18T06:49:45.864+00:00,2026-09-18T06:49:51.804+00:00,True,96,96.0,,96.0,38396.849005000004,44336.722541,44336.722608000004,461.8408605,0.0169,38396.849005000004,3913.0898923513623,90.52623299999999,62.52498458947369,69.41962302385679,2.16524800432023,40,64,,False,True,,457,87.6246207195492
35,2026-09-18T06:49:07.899+00:00,2026-09-18T06:49:46.917+00:00,2026-09-18T06:49:47.867+00:00,True,17,17.0,,17.0,39017.728836,39968.262212,39968.262233,2351.0742490000002,30.999833,39017.728836,9448.786730398813,7858.8467456,59.408336,11.104996894783921,0.42533748177062225,40,64,,False,True,,70,87.6246207195492
36,2026-09-18T06:49:08.280+00:00,2026-09-18T06:49:49.252+00:00,2026-09-18T06:49:49.636+00:00,True,7,7.0,,7.0,40971.471397,41355.662373,41355.662138,5907.951734,57.720064,40971.471397,15461.559543733714,28701.1387519,64.03182933333333,5.0621454905496615,0.16926339945579283,40,64,,False,True,,38,87.6246207195492
37,2026-09-18T06:49:08.730+00:00,2026-09-18T06:49:51.097+00:00,2026-09-18T06:49:56.259+00:00,True,84,84.0,,84.0,42366.618959,47528.363087,47528.363117,565.8138466309524,0.0,42366.618959,4616.302002245741,93.30852435000001,62.18968828915662,69.05839806675269,1.7673657274128964,40,64,,False,True,,355,87.6246207195492
38,2026-09-18T06:49:09.062+00:00,2026-09-18T06:49:52.536+00:00,2026-09-18T06:49:55.016+00:00,True,40,40.0,,40.0,43473.689682,45953.858898,45953.858786,1148.84646965,41.330344,43473.689682,6863.7445101002695,92.02343139999999,63.59408246153846,8.986949628532235,0.8704383257298306,40,64,,False,True,,203,87.6246207195492
39,2026-09-18T06:49:09.506+00:00,2026-09-18T06:49:54.457+00:00,2026-09-18T06:50:00.784+00:00,True,97,97.0,,97.0,44950.660763,51277.986715,51277.986601,528.6390371237113,0.0,44950.660763,4557.96291224074,95.58848580000002,65.90964533333333,74.76968199031681,1.8916499303906027,40,64,,False,True,,448,87.6246207195492
40,2026-09-18T06:49:09.952+00:00,2026-09-18T06:49:56.258+00:00,2026-09-18T06:50:00.021+00:00,True,61,61.0,,61.0,46306.190268,50069.439676,50069.439816,820.8104887868852,37.558781,46306.190268,5920.887630016723,95.039525,62.720823466666666,14.757777713496127,1.2183080217140794,40,64,,False,True,,288,87.6246207195492
41,2026-09-18T06:49:10.312+00:00,2026-09-18T06:49:57.622+00:00,2026-09-18T06:50:03.710+00:00,True,98,98.0,,98.0,47310.53204,53398.261192,53398.26132,544.8802175510203,0.0,47310.53204,4774.2064194869945,95.22155255,62.76009435051546,118.70398280217734,1.8352657523365596,40,64,,False,True,,492,87.6246207195492
42,2026-09-18T06:49:10.854+00:00,2026-09-18T06:49:59.700+00:00,2026-09-18T06:50:00.786+00:00,True,11,11.0,,11.0,48845.231156999995,49931.685429,49931.685362,4539.244123818181,0.0,48845.231156999995,14696.304089325957,24805.786301499997,108.6454272,233.57203860952728,0.22030099535977754,40,64,,False,True,,45,87.6246207195492
43,2026-09-18T06:49:11.392+00:00,2026-09-18T06:50:02.580+00:00,2026-09-18T06:50:04.595+00:00,True,41,41.0,,41.0,51188.323321,53202.695929,53202.695965000006,1297.6267308536587,0.01601,51188.323321,7986.464826570725,92.54845900000001,50.359315200000005,30.45409333354449,0.7706376393917194,40,64,,False,True,,182,87.6246207195492
44,2026-09-18T06:49:11.698+00:00,2026-09-18T06:50:03.588+00:00,2026-09-18T06:50:06.842+00:00,True,53,53.0,,53.0,51889.754681,55143.632953,55143.633009,1040.4459058301886,38.640549,51889.754681,7119.021888142371,97.0526466,62.57458215384615,12.752353871430637,0.9611263741939697,40,64,,False,True,,317,87.6246207195492
45,2026-09-18T06:49:12.189+00:00,2026-09-18T06:50:05.484+00:00,2026-09-18T06:50:08.597+00:00,True,49,49.0,,49.0,53295.564904,56407.664231999996,56407.664213,1151.1768206734694,36.950692000000004,53295.564904,7604.402085696984,99.1561872,64.83540266666667,13.741373818855228,0.8686762812667993,40,64,,False,True,,97,87.6246207195492
46,2026-09-18T06:49:12.707+00:00,2026-09-18T06:50:07.628+00:00,2026-09-18T06:50:12.278+00:00,True,75,75.0,,75.0,54921.744481,59571.391841000004,59571.391764,794.28522352,0.0,54921.744481,6335.235090708795,95.0933757,62.83307243243244,93.0148202124227,1.2589935820230618,40,64,,False,True,,327,87.6246207195492
47,2026-09-18T06:49:13.078+00:00,2026-09-18T06:50:08.951+00:00,2026-09-18T06:50:11.683+00:00,True,44,44.0,,44.0,55872.710181999995,58604.409382,58604.409182999996,1331.9183905227271,0.0,55872.710181999995,8414.398255807875,95.5283814,63.527888372093024,120.83268371874689,0.7507967482991875,40,64,,False,True,,183,87.6246207195492
48,2026-09-18T06:49:13.564+00:00,2026-09-18T06:50:10.795+00:00,2026-09-18T06:50:13.348+00:00,True,44,44.0,,44.0,57230.881972999996,59784.06187699999,59784.062023,1358.728682340909,35.826874000000004,57230.881972999996,8618.937022454375,88.08734465000002,59.376276837209296,12.06350329224752,0.7359821099229725,40,64,,False,True,,228,87.6246207195492
49,2026-09-18T06:49:14.022+00:00,2026-09-18T06:50:12.438+00:00,2026-09-18T06:50:16.358+00:00,True,65,65.0,,65.0,58416.395623000004,62336.124775000004,62336.124792,959.0173044923077,34.329617,58416.395623000004,7238.072544966987,76.8019828,61.245768,10.16107726968484,1.0427340524393385,40,64,,False,True,,377,87.6246207195492
50,2026-09-18T06:49:14.491+00:00,2026-09-18T06:50:14.297+00:00,2026-09-18T06:50:14.899+00:00,True,11,11.0,,11.0,59806.697054,60407.967838,60407.967795,5491.633435909091,47.494263,59806.697054,18014.269399330162,29936.293985999993,60.1270784,5.482270202563963,0.18209518369330716,40,64,,False,True,,51,87.6246207195492
51,2026-09-18T06:49:14.948+00:00,2026-09-18T06:50:16.106+00:00,2026-09-18T06:50:17.892+00:00,True,29,29.0,,29.0,61158.523196,62944.269628,62944.269712,2170.4920590344827,0.01597,61158.523196,11346.099482822192,563.4744326,63.776658285714284,160.14415514989068,0.46072502185488384,40,64,,False,True,,104,87.6246207195492
52,2026-09-18T06:49:15.328+00:00,2026-09-18T06:50:17.765+00:00,2026-09-18T06:50:23.545+00:00,True,92,92.0,,92.0,62437.027152999995,68216.970833,68216.97069,741.488811847826,0.0,62437.027152999995,6503.618138969552,95.79930855,63.515864615384615,97.9848246356422,1.3486380130425688,40,64,,False,True,,253,87.6246207195492
53,2026-09-18T06:49:15.850+00:00,2026-09-18T06:50:20.222+00:00,2026-09-18T06:50:20.361+00:00,True,16,16.0,,16.0,64372.03936,64510.354368,64510.354335,4031.8971459375,0.0,64372.03936,16090.720888562235,16144.398388000003,9.221000533333333,23.705698702933873,0.24802219979645176,40,64,,False,True,,77,87.6246207195492
54,2026-09-18T06:49:16.180+00:00,2026-09-18T06:50:20.860+00:00,2026-09-18T06:50:22.019+00:00,True,18,18.0,,18.0,64679.981737,65839.421097,65839.421078,3657.7456154444444,52.783561999999996,64679.981737,15229.147597663556,9784.01124625,68.20231529411764,12.8966827395696,0.2733924402749674,40,64,,False,True,,90,87.6246207195492
55,2026-09-18T06:49:16.548+00:00,2026-09-18T06:50:22.082+00:00,2026-09-18T06:50:25.994+00:00,True,64,64.0,,64.0,65533.237637,69445.483397,69445.48327,1085.08567609375,36.159303,65533.237637,8183.899067688389,87.1448777,62.09913904761905,10.599560251475943,0.9215862122253549,40,64,,False,True,,230,87.6246207195492
56,2026-09-18T06:49:17.113+00:00,2026-09-18T06:50:24.537+00:00,2026-09-18T06:50:26.179+00:00,True,27,27.0,,27.0,67423.80090700001,69066.32122700001,69066.32120700002,2558.011896555556,40.521995000000004,67423.80090700001,12963.564964270703,91.3350943,63.173858461538465,12.975923645527613,0.3909285961714858,40,64,,False,True,,127,87.6246207195492
57,2026-09-18T06:49:17.485+00:00,2026-09-18T06:50:25.874+00:00,2026-09-18T06:50:30.227+00:00,True,71,71.0,,71.0,68388.738603,72741.40036300001,72741.40045300001,1024.526766943662,33.274868999999995,68388.738603,8108.88343518984,96.465782,62.18088228571428,14.561888285405713,0.9760603953964326,40,64,,False,True,,292,87.6246207195492
58,2026-09-18T06:49:17.995+00:00,2026-09-18T06:50:27.498+00:00,2026-09-18T06:50:32.235+00:00,True,71,71.0,,71.0,69502.658705,74239.52526499999,74239.52537599999,1045.627117971831,0.0,69502.658705,8241.286416534958,93.11685849999998,67.66952228571428,120.558992185414,0.95636387418378,40,64,,False,True,,347,87.6246207195492
59,2026-09-18T06:49:18.416+00:00,2026-09-18T06:50:29.192+00:00,2026-09-18T06:50:31.063+00:00,True,32,32.0,,32.0,70776.058521,72647.763353,72647.763538,2270.2426105625,35.080065000000005,70776.058521,12500.889321141936,80.93485274999999,60.37757522580645,11.295936766392863,0.44048155817970625,40,64,,False,True,,146,87.6246207195492
60,2026-09-18T06:49:18.790+00:00,2026-09-18T06:50:30.480+00:00,2026-09-18T06:50:35.469+00:00,True,81,81.0,,81.0,71690.339349,76679.31061300001,76679.310535,946.6581547530865,0.0,71690.339349,7960.235779934834,95.875913,62.3621408,159.1714932093948,1.0563475251988959,40,64,,False,True,,292,87.6246207195492
61,2026-09-18T06:49:19.198+00:00,2026-09-18T06:50:32.276+00:00,2026-09-18T06:50:34.753+00:00,True,36,36.0,,36.0,73077.474556,75554.90278,75554.902895,2098.747302638889,0.01635,73077.474556,12168.80585112291,317.43232924999995,70.78366354285714,160.17034072961107,0.4764747048225902,40,64,,False,True,,140,87.6246207195492
62,2026-09-18T06:49:19.582+00:00,2026-09-18T06:50:33.715+00:00,2026-09-18T06:50:34.773+00:00,True,9,9.0,,9.0,74132.170605,75190.75236500001,75190.752341,8354.52803788889,0.016579999999999998,74132.170605,24668.795379905958,44878.6305382,132.32272,350.54639919654267,0.11969557049131675,40,64,,False,True,,36,87.6246207195492
63,2026-09-18T06:49:20.129+00:00,2026-09-18T06:50:35.601+00:00,2026-09-18T06:50:39.492+00:00,True,64,64.0,,64.0,75472.180821,79362.474581,79362.474433,1240.038663015625,34.288866999999996,75472.180821,9426.309968612319,83.3820634,61.7506946031746,10.90045822250004,0.8064264671419672,40,64,,False,True,,341,87.6246207195492
64,2026-09-18T06:49:20.589+00:00,2026-09-18T06:50:37.573+00:00,2026-09-18T06:50:41.545+00:00,True,62,62.0,,62.0,76983.372638,80955.207774,80955.207718,1305.7291567419354,36.318763,76983.372638,9768.639694862386,102.37522835,65.11205140983607,14.66788605677234,0.7658556095993647,40,64,,False,True,,239,87.6246207195492
65,2026-09-18T06:49:20.921+00:00,2026-09-18T06:50:38.884+00:00,2026-09-18T06:50:44.570+00:00,True,90,90.0,,90.0,77962.267748,83648.517732,83648.517697,929.4279744111111,37.590610999999996,77962.267748,8211.221238155425,95.99850045,63.89044925842696,13.696645846497901,1.0759306015242185,40,64,,False,True,,390,87.6246207195492
66,2026-09-18T06:49:21.578+00:00,2026-09-18T06:50:40.177+00:00,2026-09-18T06:50:44.151+00:00,True,62,62.0,,62.0,78599.704346,82573.09289,82573.092802,1331.824077451613,36.105334,78599.704346,9973.910454028384,98.69780615000002,65.13751711475409,14.587471027199712,0.7508499176916322,40,64,,False,True,,330,87.6246207195492
67,2026-09-18T06:49:21.653+00:00,2026-09-18T06:50:41.356+00:00,2026-09-18T06:50:46.733+00:00,True,86,86.0,,86.0,79703.300794,85080.79865,85080.798671,989.3116124534884,0.0,79703.300794,8588.727828584864,92.66630574999999,63.26468065882353,126.58259829205312,1.0108038636752972,40,64,,False,True,,288,87.6246207195492
68,2026-09-18T06:49:22.039+00:00,2026-09-18T06:50:43.206+00:00,2026-09-18T06:50:46.488+00:00,True,53,53.0,,53.0,81167.553176,84449.06639200001,84449.066443,1593.3786121320754,0.0,81167.553176,11141.698976311685,94.5413112,63.10602338461538,161.3837709469569,0.6275972282983199,40,64,,False,True,,242,87.6246207195492
69,2026-09-18T06:49:22.479+00:00,2026-09-18T06:50:44.567+00:00,2026-09-18T06:50:45.752+00:00,True,18,18.0,,18.0,82088.04934700001,83273.58662700001,83273.586523,4626.310362388889,0.0,82088.04934700001,19333.91395168017,13320.914001650002,69.73748705882353,287.5350252086741,0.21615497457345992,40,64,,False,True,,71,87.6246207195492
70,2026-09-18T06:49:23.006+00:00,2026-09-18T06:50:46.667+00:00,2026-09-18T06:50:51.522+00:00,True,81,81.0,,81.0,83661.09611900001,88516.21240700001,88516.21255400001,1092.7927475802471,31.656341,83661.09611900001,9288.940669069772,79.416493,60.688953600000005,11.092024350919813,0.9150866016223078,40,64,,False,True,,336,87.6246207195492
71,2026-09-18T06:49:23.361+00:00,2026-09-18T06:50:47.996+00:00,2026-09-18T06:50:50.030+00:00,True,33,33.0,,33.0,84635.676258,86669.356386,86669.35643500001,2626.3441343939394,40.234986,84635.676258,14722.11997686242,92.09575559999999,63.552504,9.412446599022587,0.38075741387795287,40,64,,False,True,,129,87.6246207195492
72,2026-09-18T06:49:23.859+00:00,2026-09-18T06:50:49.712+00:00,2026-09-18T06:50:53.259+00:00,True,59,59.0,,59.0,85853.025859,89399.489091,89399.488986,1515.2455760338983,36.696052,85853.025859,11169.154894320003,74.1922763,61.14591779310345,8.885608564269553,0.6599590288479583,40,64,,False,True,,239,87.6246207195492
73,2026-09-18T06:49:24.201+00:00,2026-09-18T06:50:50.918+00:00,2026-09-18T06:50:55.994+00:00,True,82,82.0,,82.0,86717.659571,91793.209267,91793.209239,1119.4293809634146,34.498735999999994,86717.659571,9569.450796505374,92.6568657,62.661107358024694,11.70826993429276,0.8933122684651501,40,64,,False,True,,420,87.6246207195492
74,2026-09-18T06:49:24.691+00:00,2026-09-18T06:50:52.828+00:00,2026-09-18T06:50:54.394+00:00,True,25,25.0,,25.0,88136.962149,89703.268965,89703.269081,3588.13076324,55.804766,88136.962149,17614.34255069932,98.69251899999999,65.262784,9.923115336656064,0.27869664381745535,40,64,,False,True,,127,87.6246207195492
75,2026-09-18T06:49:25.241+00:00,2026-09-18T06:50:54.792+00:00,2026-09-18T06:50:55.803+00:00,True,18,18.0,,18.0,89551.172056,90561.906904,90561.90677599999,5031.217043111111,36.136933,89551.172056,21093.40368415637,13505.9050339,59.45499105882352,12.849391317653573,0.1987590656530772,40,64,,False,True,,81,87.6246207195492
76,2026-09-18T06:49:25.784+00:00,2026-09-18T06:50:56.875+00:00,2026-09-18T06:51:01.525+00:00,True,76,76.0,,76.0,91090.97966,95740.32622,95740.32631599999,1259.7411357368421,36.499923,91090.97966,10441.744686624996,73.68723325,61.99128746666667,8.730597689376724,0.793813881784369,40,64,,False,True,,365,87.6246207195492
77,2026-09-18T06:49:26.170+00:00,2026-09-18T06:50:58.254+00:00,2026-09-18T06:50:59.282+00:00,True,18,18.0,,18.0,92083.598587,93112.028411,93112.028394,5172.890466333333,39.715827,92083.598587,21690.0544863533,13872.450423049999,60.495872,7.335906478444228,0.19331551795378488,40,64,,True,True,,91,87.6246207195492
78,2026-09-18T06:49:26.693+00:00,2026-09-18T06:51:00.102+00:00,2026-09-18T06:51:06.221+00:00,True,100,100.0,,100.0,93409.009648,99527.461104,99527.46109400001,995.2746109400001,37.764199999999995,93409.009648,9334.72360405855,68.1549019,61.802539959595954,7.386899105442935,1.0047478242764198,40,64,,True,True,,471,87.6246207195492
79,2026-09-18T06:49:27.235+00:00,2026-09-18T06:51:02.322+00:00,2026-09-18T06:51:04.111+00:00,True,29,29.0,,29.0,95087.097226,96876.380298,96876.380364,3340.564840137931,55.534667,95087.097226,17645.365557341014,84.39226420000001,63.90296685714286,7.068377972664103,0.2993505734916347,40,64,,True,True,,101,87.6246207195492
80,2026-09-18T06:49:27.604+00:00,2026-09-18T06:51:03.480+00:00,2026-09-18T06:51:07.454+00:00,True,65,65.0,,65.0,95875.953758,99850.187102,99850.187023,1536.1567234307693,39.455985999999996,95875.953758,11884.250104667164,88.2695568,62.097396,9.65501516444432,0.6509752448796168,40,64,,True,True,,312,87.6246207195492
81,2026-09-18T06:49:27.928+00:00,2026-09-18T06:51:04.908+00:00,2026-09-18T06:51:08.210+00:00,True,55,55.0,,55.0,96979.742738,100282.34421,100282.344166,1823.3153484727272,37.553531,96979.742738,13068.504277160979,89.51358629999999,61.15928651851851,11.711368265834691,0.5484514790043719,40,64,,True,True,,240,87.6246207195492
82,2026-09-18T06:49:28.440+00:00,2026-09-18T06:51:07.030+00:00,2026-09-18T06:51:10.958+00:00,True,65,65.0,,65.0,98589.285884,102517.43334,102517.43343399999,1577.1912836,34.104587,98589.285884,12220.888482834722,76.8302484,61.377304,11.678248643108974,0.6340385033287647,40,64,,True,True,,254,87.6246207195492
83,2026-09-18T06:49:28.744+00:00,2026-09-18T06:51:08.106+00:00,2026-09-18T06:51:13.708+00:00,True,90,90.0,,90.0,99361.901326,104964.450062,104964.45001700001,1166.2716668555556,35.898513,99361.901326,10467.034555984388,90.13321465000001,62.94998579775281,11.307601209019886,0.8574331590061125,40,64,,True,True,,447,87.6246207195492
84,2026-09-18T06:49:29.136+00:00,2026-09-18T06:51:09.793+00:00,2026-09-18T06:51:13.524+00:00,True,60,60.0,,60.0,100657.143192,104387.817368,104387.81755800001,1739.7969593,36.836842,100657.143192,12986.622004366618,88.45282220000001,63.23176569491526,10.127487709250978,0.5747797158022863,40,64,,True,True,,223,87.6246207195492
85,2026-09-18T06:49:29.696+00:00,2026-09-18T06:51:12.020+00:00,2026-09-18T06:51:14.144+00:00,True,35,35.0,,35.0,102323.255012,104447.548132,104447.548331,2984.2156665999996,36.239163,102323.255012,17285.22915914623,91.6471272,62.47920941176471,10.689124299762764,0.3350964252005923,40,64,,True,True,,174,87.6246207195492
86,2026-09-18T06:49:30.052+00:00,2026-09-18T06:51:13.330+00:00,2026-09-18T06:51:14.705+00:00,True,23,23.0,,23.0,103277.887199,104652.644063,104652.644115,4550.114961521739,56.020246,103277.887199,21521.8985035157,69.8480258,62.48894836363637,3.121712618294835,0.21977466700367548,40,64,,True,True,,104,87.6246207195492
87,2026-09-18T06:49:30.504+00:00,2026-09-18T06:51:14.703+00:00,2026-09-18T06:51:16.610+00:00,True,31,31.0,,31.0,104199.158158,106106.558862,106106.558978,3422.7922250967745,56.239166,104199.158158,18703.303140060187,82.54086699999999,63.58002346666667,6.752089112424839,0.29215913071234323,40,64,,True,True,,139,87.6246207195492
88,2026-09-18T06:49:30.856+00:00,2026-09-18T06:51:16.148+00:00,2026-09-18T06:51:21.263+00:00,True,80,80.0,,80.0,105292.45971600001,110407.58803600002,110407.58804900001,1380.0948506125,37.673089999999995,105292.45971600001,11764.821792467741,90.83388519999998,64.74845974683544,11.975893510316666,0.7245878786330775,40,64,,True,True,,398,87.6246207195492
89,2026-09-18T06:49:31.272+00:00,2026-09-18T06:51:17.872+00:00,2026-09-18T06:51:21.866+00:00,True,64,64.0,,64.0,106600.62176899999,110594.602185,110594.60214699998,1728.0406585468747,34.733136,106600.62176899999,13317.158090613082,92.81409515,63.396514539682535,11.555341802977727,0.5786900873601619,40,64,,True,True,,267,87.6246207195492
90,2026-09-18T06:49:31.627+00:00,2026-09-18T06:51:19.020+00:00,2026-09-18T06:51:20.743+00:00,True,28,28.0,,28.0,107393.003015,109115.957511,109115.957516,3896.9984827142857,43.4096,107393.003015,20283.312748209522,95.6601381,63.81312948148148,10.05811408033174,0.2566077468291227,40,64,,True,True,,103,87.6246207195492
91,2026-09-18T06:49:32.081+00:00,2026-09-18T06:51:20.800+00:00,2026-09-18T06:51:22.026+00:00,True,21,21.0,,21.0,108718.942624,109944.898208,109944.898256,5235.47134552381,38.516689,108718.942624,23711.04501402211,97.16723099999999,61.2977792,12.234334400703627,0.19100477004645552,40,64,,True,True,,68,87.6246207195492
92,2026-09-18T06:49:32.420+00:00,2026-09-18T06:51:22.020+00:00,2026-09-18T06:51:25.905+00:00,True,62,62.0,,62.0,109599.633407,113485.15788700001,113485.157867,1830.405772048387,34.834966,109599.633407,13911.082081136525,92.00102284999998,63.69712262295082,10.979570900363369,0.5463269484255813,40,64,,True,True,,317,87.6246207195492
93,2026-09-18T06:49:32.798+00:00,2026-09-18T06:51:23.802+00:00,2026-09-18T06:51:23.802+00:00,True,1,1.0,,1.0,111004.282061,111004.282061,111004.282061,111004.282061,111004.282061,111004.282061,nan,111004.282061,nan,nan,0.009008661480738839,40,64,,True,True,,2,87.6246207195492
94,2026-09-18T06:49:33.305+00:00,2026-09-18T06:51:25.651+00:00,2026-09-18T06:51:28.167+00:00,True,41,41.0,,41.0,112345.863352,114861.491384,114861.491377,2801.499789682927,37.126402,112345.863352,17535.658281123055,93.08775800000001,62.8907008,12.064032435983439,0.35695165982940763,40,64,,True,True,,238,87.6246207195492
95,2026-09-18T06:49:33.860+00:00,2026-09-18T06:51:28.222+00:00,2026-09-18T06:51:30.695+00:00,True,42,42.0,,42.0,114361.692896,116834.401504,116834.40163,2781.7714673809523,35.365413999999994,114361.692896,17637.090833617323,92.6427318,60.30996604878049,12.815817098004828,0.35948316128928914,40,64,,True,True,,191,87.6246207195492
96,2026-09-18T06:49:34.350+00:00,2026-09-18T06:51:30.151+00:00,2026-09-18T06:51:36.152+00:00,True,96,96.0,,96.0,115801.83352500001,121802.78174900002,121802.78152900001,1268.7789742604168,37.159921000000004,115801.83352500001,11812.535234433297,94.65403699999999,63.16787604210526,13.053264007659086,0.7881593393969276,40,64,,True,True,,421,87.6246207195492
97,2026-09-18T06:49:35.157+00:00,2026-09-18T06:51:33.603+00:00,2026-09-18T06:51:33.982+00:00,True,6,6.0,,6.0,118445.15908699999,118824.651183,118824.651134,19804.108522333332,60.972317000000004,118445.15908699999,48324.05092685402,88858.70232925,75.8984192,17.76305983163,0.050494572803411755,40,64,,True,True,,21,87.6246207195492
98,2026-09-18T06:49:35.274+00:00,2026-09-18T06:51:33.885+00:00,2026-09-18T06:51:35.577+00:00,True,28,28.0,,28.0,118611.234589,120303.309853,120303.309907,4296.5467823928575,37.61229,118611.234589,22403.578510703737,94.0437999,62.66945422222222,16.05185272585077,0.2327450511063538,40,64,,True,True,,98,87.6246207195492
99,2026-09-18T06:49:35.518+00:00,2026-09-18T06:51:34.994+00:00,2026-09-18T06:51:35.769+00:00,True,14,14.0,,14.0,119476.520346,120251.529114,120251.529112,8589.394936571429,34.191257,119476.520346,31915.51378453899,41879.922874100004,59.61605907692308,15.863982396546811,0.11642263597935473,40,64,,True,True,,76,87.6246207195492
100,2026-09-18T06:49:35.938+00:00,2026-09-18T06:51:36.883+00:00,2026-09-18T06:51:40.025+00:00,True,51,51.0,,51.0,120944.643267,124086.63622700001,124086.636232,2433.0712986666667,39.308607,120944.643267,16926.841313619225,91.24417600000001,62.83985920000001,10.398790573845865,0.41100316319883373,40,64,,True,True,,208,87.6246207195492
101,2026-09-18T06:49:36.272+00:00,2026-09-18T06:51:38.171+00:00,2026-09-18T06:51:39.085+00:00,True,16,16.0,,16.0,121898.21702,122812.77804399999,122812.77793699999,7675.7986210624995,54.936729,121898.21702,30459.311769523003,30524.648822,60.97073493333333,3.581073583989972,0.1302796032695205,40,64,,True,True,,68,87.6246207195492
102,2026-09-18T06:49:36.628+00:00,2026-09-18T06:51:39.593+00:00,2026-09-18T06:51:43.321+00:00,True,62,62.0,,62.0,122965.496052,126693.76434000001,126693.764362,2043.4478122903226,36.411023,122965.496052,15608.874621823423,70.91804015000001,61.11915226229508,9.99352961382855,0.48936899399101075,40,64,,True,True,,263,87.6246207195492
103,2026-09-18T06:49:37.011+00:00,2026-09-18T06:51:41.152+00:00,2026-09-18T06:51:46.965+00:00,True,96,96.0,,96.0,124140.930605,129953.846573,129953.846606,1353.6859021458333,33.977727,124140.930605,12663.839263828908,69.39965875000001,61.188589136842104,9.631510667808918,0.7387238048861691,40,64,,True,True,,420,87.6246207195492
104,2026-09-18T06:49:37.481+00:00,2026-09-18T06:51:43.196+00:00,2026-09-18T06:51:45.508+00:00,True,39,39.0,,39.0,125714.75073,128027.133194,128027.133239,3282.747006128205,33.304128,125714.75073,20120.728212610054,71.2328768,60.852170105263156,7.65534892509464,0.3046229266174629,40,64,,True,True,,201,87.6246207195492
105,2026-09-18T06:49:37.936+00:00,2026-09-18T06:51:44.695+00:00,2026-09-18T06:51:46.966+00:00,True,39,39.0,,39.0,126759.657192,129029.936872,129029.936851,3308.45991925641,37.2339,126759.657192,20288.22605781039,72.5870352,59.744202105263156,10.999667449166978,0.30225543734620824,40,64,,True,True,,145,87.6246207195492
106,2026-09-18T06:49:38.397+00:00,2026-09-18T06:51:46.398+00:00,2026-09-18T06:51:51.552+00:00,True,86,86.0,,86.0,128001.06384,133155.028384,133155.028193,1548.3142813139534,34.769585,128001.06384,13796.174789027238,72.66914949999999,60.6348769882353,9.926161611824936,0.6458637052142585,40,64,,True,True,,401,87.6246207195492
107,2026-09-18T06:49:38.755+00:00,2026-09-18T06:51:47.730+00:00,2026-09-18T06:51:50.427+00:00,True,46,46.0,,46.0,128974.639398,131671.499046,131671.499181,2862.4238952391306,38.220459000000005,128974.639398,19007.438496150175,68.57116225,59.9302144,7.880724313978733,0.34935426674173203,40,64,,True,True,,202,87.6246207195492
108,2026-09-18T06:49:39.194+00:00,2026-09-18T06:51:49.263+00:00,2026-09-18T06:51:51.614+00:00,True,40,40.0,,40.0,130068.206561,132419.614945,132419.615128,3310.4903782,35.923193,130068.206561,20556.05875646174,76.48288935000001,60.29252266666666,10.567801983356897,0.3020700522095148,40,64,,True,True,,86,87.6246207195492
109,2026-09-18T06:49:39.747+00:00,2026-09-18T06:51:50.922+00:00,2026-09-18T06:51:55.909+00:00,True,80,80.0,,80.0,131174.851918,136161.857358,136161.857412,1702.02321765,38.288248,131174.851918,14658.740773265172,93.49363095000001,63.1266511392405,11.241842481881635,0.587536051228077,40,64,,True,True,,329,87.6246207195492
110,2026-09-18T06:49:40.257+00:00,2026-09-18T06:51:52.934+00:00,2026-09-18T06:51:56.032+00:00,True,51,51.0,,51.0,132676.496759,135775.031159,135775.031333,2662.255516333333,36.739281999999996,132676.496759,18569.750821084264,83.29778,61.970688,10.39371820405289,0.3756213463157022,40,64,,True,True,,205,87.6246207195492
111,2026-09-18T06:49:40.689+00:00,2026-09-18T06:51:54.687+00:00,2026-09-18T06:51:56.154+00:00,True,25,25.0,,25.0,133998.391867,135464.501563,135464.50150399999,5418.58006016,38.887817999999996,133998.391867,26787.46333043092,89.88100999999999,61.087904,11.909957218722827,0.18455019367840317,40,64,,True,True,,117,87.6246207195492
112,2026-09-18T06:49:40.993+00:00,2026-09-18T06:51:55.905+00:00,2026-09-18T06:51:58.791+00:00,True,50,50.0,,50.0,134912.069047,137797.58431099998,137797.58415799998,2755.95168316,39.054077,134912.069047,19071.121848483577,68.39878445000001,58.8880666122449,9.044442542369449,0.36285106339130974,40,64,,True,True,,156,87.6246207195492
113,2026-09-18T06:49:41.344+00:00,2026-09-18T06:51:57.427+00:00,2026-09-18T06:51:57.899+00:00,True,9,9.0,,9.0,136082.539389,136554.874237,136554.87425800003,15172.763806444445,36.052953,136082.539389,45341.16675024833,81676.15839980001,59.041856,9.694164318300837,0.06590757049345529,40,64,,True,True,,27,87.6246207195492
114,2026-09-18T06:49:41.655+00:00,2026-09-18T06:51:58.490+00:00,2026-09-18T06:52:01.351+00:00,True,47,47.0,,47.0,136834.67440000002,139695.21558400002,139695.215698,2972.2386318723406,36.110363,136834.67440000002,19950.319317761197,68.4065643,62.18567791304348,7.593036976954983,0.3364467408816766,40,64,,True,True,,234,87.6246207195492
115,2026-09-18T06:49:42.138+00:00,2026-09-18T06:52:00.161+00:00,2026-09-18T06:52:00.223+00:00,True,2,2.0,,2.0,138023.164516,138084.33059599999,138084.33062199998,69042.16531099999,61.166106,138023.164516,97553.86462175868,131125.0645955,61.16608,nan,0.014483902636653952,40,64,,True,True,,7,87.6246207195492
116,2026-09-18T06:49:42.465+00:00,2026-09-18T06:52:01.290+00:00,2026-09-18T06:52:03.353+00:00,True,34,34.0,,34.0,138825.169325,140888.17066899998,140888.17061,4143.76972382353,35.909833,138825.169325,23797.602913634513,93.30693149999999,62.51519224242424,14.11462566593737,0.2413261513621251,40,64,,True,True,,129,87.6246207195492
117,2026-09-18T06:49:42.787+00:00,2026-09-18T06:52:02.779+00:00,2026-09-18T06:52:03.163+00:00,True,7,7.0,,7.0,139992.198574,140375.834798,140375.834829,20053.690689857143,59.674029000000004,139992.198574,52887.910865345526,98015.4625588,63.93937066666666,3.876887860183664,0.04986613265789627,40,64,,True,True,,13,87.6246207195492
118,2026-09-18T06:49:43.242+00:00,2026-09-18T06:52:04.294+00:00,2026-09-18T06:52:05.006+00:00,True,12,12.0,,12.0,141052.48937999998,141764.187812,141764.188053,11813.682337749999,51.59873399999999,141052.48937999998,40699.67014318339,63523.35911405,64.69985745454545,9.61676021179079,0.08464761224402986,40,64,,True,True,,48,87.6246207195492
119,2026-09-18T06:49:43.665+00:00,2026-09-18T06:52:06.031+00:00,2026-09-18T06:52:09.005+00:00,True,48,48.0,,48.0,142366.29879300002,145340.66960900003,145340.66973000002,3027.9306193750003,40.718434,142366.29879300002,20539.674157134312,92.3944161,63.28448544680851,11.68538501662033,0.3302585582489133,40,64,,True,True,,242,87.6246207195492
120,2026-09-18T06:49:44.113+00:00,2026-09-18T06:52:07.754+00:00,2026-09-18T06:52:08.430+00:00,True,12,12.0,,12.0,143641.16067800001,144316.69655000002,144316.69649,12026.391374166667,59.814809000000004,143641.16067800001,41447.90319342296,64673.50388470002,61.412352,1.307623848171637,0.08315046205234108,40,64,,True,True,,40,87.6246207195492
121,2026-09-18T06:49:44.543+00:00,2026-09-18T06:52:09.484+00:00,2026-09-18T06:52:14.520+00:00,True,82,82.0,,82.0,144941.519188,149977.405268,149977.405111,1828.9927452560976,35.400104,144941.519188,15999.2507619768,91.40832855000001,62.17143308641975,10.328150503897646,0.5467490243178381,40,64,,True,True,,289,87.6246207195492
122,2026-09-18T06:49:44.949+00:00,2026-09-18T06:52:10.961+00:00,2026-09-18T06:52:15.070+00:00,True,66,66.0,,66.0,146011.954474,150120.407594,150120.407676,2274.5516314545453,37.297221,146011.954474,17965.051913825482,90.42429899999999,63.20697107692308,10.423310481350509,0.4396470876797558,40,64,,True,True,,309,87.6246207195492
123,2026-09-18T06:49:45.416+00:00,2026-09-18T06:52:12.910+00:00,2026-09-18T06:52:17.119+00:00,True,68,68.0,,68.0,147493.395395,151703.093699,151703.093649,2230.927847779412,37.622519999999994,147493.395395,17878.585225071525,89.378296,62.83131797014926,10.812961452092035,0.44824398990123066,40,64,,True,True,,395,87.6246207195492
124,2026-09-18T06:49:45.971+00:00,2026-09-18T06:52:14.959+00:00,2026-09-18T06:52:16.991+00:00,True,34,34.0,,34.0,148987.387119,151019.570671,151019.570672,4441.752078588235,35.896543,148987.387119,25540.568376304036,99.29541524999999,61.581319757575756,13.364321017268702,0.22513638364175906,40,64,,True,True,,140,87.6246207195492
125,2026-09-18T06:49:46.283+00:00,2026-09-18T06:52:16.531+00:00,2026-09-18T06:52:17.826+00:00,True,21,21.0,,21.0,150248.19275400002,151543.21125000002,151543.21117000002,7216.34338904762,39.924866,150248.19275400002,32772.71685341552,102.27899000000001,64.75092479999999,14.454488705602552,0.13857433682962159,40,64,,True,True,,77,87.6246207195492
126,2026-09-18T06:49:46.667+00:00,2026-09-18T06:52:17.919+00:00,2026-09-18T06:52:21.257+00:00,True,53,53.0,,53.0,151251.65258700002,154590.13860300003,154590.13854400002,2916.795066867925,36.676072,151251.65258700002,20767.196861805925,93.47449840000002,64.20165415384615,11.892271662767328,0.3428420498160512,40,64,,True,True,,210,87.6246207195492
127,2026-09-18T06:49:47.120+00:00,2026-09-18T06:52:19.544+00:00,2026-09-18T06:52:20.616+00:00,True,18,18.0,,18.0,152423.94704300002,153496.15619500002,153496.156244,8527.56423577778,48.499038999999996,152423.94704300002,35911.80357326187,22934.58899835001,63.071126588235295,7.436139052795737,0.11726678013443526,40,64,,True,True,,68,87.6246207195492
128,2026-09-18T06:49:47.617+00:00,2026-09-18T06:52:21.523+00:00,2026-09-18T06:52:21.777+00:00,True,5,5.0,,5.0,153905.83953099998,154160.22493899998,154160.22489699998,30832.044979399994,61.050106,153905.83953099998,68800.34274012054,123137.84775439998,63.596352,2.0792530272268452,0.03243378765163622,40,64,,True,True,,25,87.6246207195492
129,2026-09-18T06:49:48.089+00:00,2026-09-18T06:52:23.358+00:00,2026-09-18T06:52:28.184+00:00,True,77,77.0,,77.0,155269.106831,160095.94100700002,160095.941014,2079.168065116883,36.233411999999994,155269.106831,17687.321632419884,89.064486,63.510976,9.388689950754447,0.480961600373324,40,64,,True,True,,253,87.6246207195492
130,2026-09-18T06:49:48.890+00:00,2026-09-18T06:52:25.665+00:00,2026-09-18T06:52:31.561+00:00,True,96,96.0,,96.0,156775.407768,162671.56367200002,162671.563647,1694.49545465625,34.999245,156775.407768,15994.491506615615,74.65905375,62.06479898947369,9.710391757446201,0.5901461683467182,40,64,,True,True,,419,87.6246207195492
131,2026-09-18T06:49:49.017+00:00,2026-09-18T06:52:26.536+00:00,2026-09-18T06:52:29.479+00:00,True,48,48.0,,48.0,157519.0594,160461.678536,160461.678514,3342.9516357083335,37.941739,157519.0594,22726.883519250074,86.93748815,62.60891778723405,10.777991279740453,0.299136843375542,40,64,,True,True,,220,87.6246207195492
132,2026-09-18T06:49:49.541+00:00,2026-09-18T06:52:28.688+00:00,2026-09-18T06:52:31.384+00:00,True,45,45.0,,45.0,159147.305524,161843.657268,161843.657358,3596.5257190666666,36.763002,159147.305524,23715.145813451927,67.5969362,61.28072145454545,8.336179575916463,0.27804611413027847,40,64,,True,True,,67,87.6246207195492
133,2026-09-18T06:49:49.894+00:00,2026-09-18T06:52:29.834+00:00,2026-09-18T06:52:33.561+00:00,True,59,59.0,,59.0,159939.73444,163666.291624,163666.291574,2774.0049419322036,34.712775,159939.73444,20814.01868431676,95.3740458,64.25098593103448,12.35005153259696,0.36048962443374777,40,64,,True,True,,286,87.6246207195492
134,2026-09-18T06:49:50.409+00:00,2026-09-18T06:52:31.940+00:00,2026-09-18T06:52:36.360+00:00,True,69,69.0,,69.0,161530.726875,165951.289563,165951.289425,2405.0911510869564,37.5078,161530.726875,19438.193525201637,101.7492724,65.00827482352942,14.388727787058405,0.4157846569417924,40,64,,True,True,,251,87.6246207195492
135,2026-09-18T06:49:50.891+00:00,2026-09-18T06:52:34.058+00:00,2026-09-18T06:52:37.964+00:00,True,61,61.0,,61.0,163167.453444,167073.21114,167073.21123400002,2738.9051021967216,37.47535,163167.453444,20883.12287699688,97.427238,65.0959616,15.850986807496477,0.3651094007457885,40,64,,True,True,,234,87.6246207195492
136,2026-09-18T06:49:51.319+00:00,2026-09-18T06:52:35.744+00:00,2026-09-18T06:52:36.364+00:00,True,10,10.0,,10.0,164424.893503,165044.456767,165044.456798,16504.4456798,40.245384,164424.893503,51973.951197148774,90482.46272275,68.84036266666668,20.751278303910244,0.06058973561358325,40,64,,True,True,,28,87.6246207195492
137,2026-09-18T06:49:51.623+00:00,2026-09-18T06:52:36.846+00:00,2026-09-18T06:52:40.030+00:00,True,51,51.0,,51.0,165222.925479,168406.89629499998,168406.89642499998,3302.0960083333334,38.369809000000004,165222.925479,23126.924137624224,93.50524099999998,63.67941632,13.466943629829073,0.30283795451382706,40,64,,True,True,,209,87.6246207195492
138,2026-09-18T06:49:52.009+00:00,2026-09-18T06:52:38.215+00:00,2026-09-18T06:52:42.419+00:00,True,68,68.0,,68.0,166205.346181,170409.337221,170409.337076,2506.019662882353,39.601536,166205.346181,20147.751952837723,86.0643166,62.746134925373134,9.655108854356675,0.39903916715439336,40,64,,True,True,,307,87.6246207195492
139,2026-09-18T06:49:52.512+00:00,2026-09-18T06:52:40.366+00:00,2026-09-18T06:52:41.546+00:00,True,19,19.0,,19.0,167854.42073800002,169034.126338,169034.12621000002,8896.532958421054,40.185205,167854.42073800002,38493.411039953724,16868.3924989,65.5392,11.579698674063755,0.11240333778522138,40,64,,True,True,,81,87.6246207195492
140,2026-09-18T06:49:53.056+00:00,2026-09-18T06:52:42.540+00:00,2026-09-18T06:52:47.812+00:00,True,84,84.0,,84.0,169483.730821,174755.629701,174755.629765,2080.424163869048,38.696808,169483.730821,18485.265117359933,93.97214410000001,63.516853975903615,12.670108973432848,0.4806712100990434,40,64,,True,True,,335,87.6246207195492
141,2026-09-18T06:49:53.482+00:00,2026-09-18T06:52:44.156+00:00,2026-09-18T06:52:50.279+00:00,True,99,99.0,,99.0,170674.469903,176797.030415,176797.03026499998,1785.8285885353534,34.137356,170674.469903,17147.154419119477,91.19375300000002,62.47510726530612,11.426478266169546,0.5599641564545224,40,64,,True,True,,358,87.6246207195492
142,2026-09-18T06:49:53.941+00:00,2026-09-18T06:52:45.663+00:00,2026-09-18T06:52:48.615+00:00,True,47,47.0,,47.0,171722.266072,174674.857432,174674.857339,3716.486326361702,36.974771999999994,171722.266072,25038.90862822652,95.2586043,64.18676869565218,14.922122243210083,0.26907135171584073,40,64,,True,True,,263,87.6246207195492
143,2026-09-18T06:49:54.244+00:00,2026-09-18T06:52:46.975+00:00,2026-09-18T06:52:49.185+00:00,True,35,35.0,,35.0,172730.93509599997,174941.12466399997,174941.12482399997,4998.3178521142845,37.65224,172730.93509599997,29185.872148204835,100.1118061,65.00557552941176,13.769988313687566,0.20006730874299924,40,64,,True,True,,179,87.6246207195492
144,2026-09-18T06:49:54.679+00:00,2026-09-18T06:52:48.872+00:00,2026-09-18T06:52:55.230+00:00,True,100,100.0,,100.0,174192.484352,180551.243008,180551.242974,1805.51242974,36.142872000000004,174192.484352,17412.82984422708,93.68305699999999,64.22988541414142,12.438231142496583,0.5538593827103651,40,64,,True,True,,521,87.6246207195492
145,2026-09-18T06:49:54.994+00:00,2026-09-18T06:52:49.902+00:00,2026-09-18T06:52:52.177+00:00,True,36,36.0,,36.0,174908.325537,177182.539937,177182.539789,4921.737216361111,40.935044000000005,174908.325537,29140.56084649428,95.67265925,64.97755428571428,13.0731403049512,0.2031802908616185,40,64,,True,True,,181,87.6246207195492
146,2026-09-18T06:49:55.374+00:00,2026-09-18T06:52:51.449+00:00,2026-09-18T06:52:53.368+00:00,True,30,30.0,,30.0,176075.13471,177994.180854,177994.180785,5933.139359500001,42.062201,176075.13471,32134.69508317448,96.667422,66.17400496551724,12.59283796730015,0.16854483588206484,40,64,,True,True,,92,87.6246207195492
147,2026-09-18T06:49:55.848+00:00,2026-09-18T06:52:53.364+00:00,2026-09-18T06:52:53.722+00:00,True,7,7.0,,7.0,177515.29743799998,177873.19183799997,177873.19186999998,25410.455981428568,48.703829,177515.29743799998,67071.93087358448,124281.01100479999,59.64906666666666,6.424663666174804,0.03935387861244054,40,64,,True,True,,21,87.6246207195492
148,2026-09-18T06:49:56.233+00:00,2026-09-18T06:52:54.847+00:00,2026-09-18T06:52:57.048+00:00,True,35,35.0,,35.0,178613.930178,180814.935746,180814.935807,5166.141023057143,37.39923,178613.930178,30180.325007166008,102.0593331,64.73545788235295,12.929917935967799,0.1935680802893755,40,64,,True,True,,137,87.6246207195492
149,2026-09-18T06:49:56.571+00:00,2026-09-18T06:52:56.110+00:00,2026-09-18T06:52:59.261+00:00,True,50,50.0,,50.0,179538.768052,182689.533364,182689.533237,3653.79066474,34.010875999999996,179538.768052,25381.525952962904,96.10948385,64.30133289795918,13.388744535241315,0.2736883667023082,40,64,,True,True,,248,87.6246207195492
150,2026-09-18T06:49:57.023+00:00,2026-09-18T06:52:57.601+00:00,2026-09-18T06:52:57.915+00:00,True,5,5.0,,5.0,180578.12892,180891.325464,180891.325495,36178.265099,56.496095000000004,180578.12892,80721.98036582556,144482.30994880002,78.299136,23.218677637461212,0.02764090531801135,40,64,,True,True,,14,87.6246207195492
151,2026-09-18T06:49:57.394+00:00,2026-09-18T06:52:58.970+00:00,2026-09-18T06:53:00.409+00:00,True,24,24.0,,24.0,181576.534776,183015.32364,183015.323779,7625.638490791666,33.387358,181576.534776,37051.38862794735,101.77039185,62.55603756521739,14.915142860350935,0.1311365601670009,40,64,,True,True,,144,87.6246207195492
152,2026-09-18T06:49:57.790+00:00,2026-09-18T06:53:00.402+00:00,2026-09-18T06:53:00.777+00:00,True,7,7.0,,7.0,182612.159503,182987.003151,182987.003323,26141.000474714285,57.904702,182612.159503,68997.29578781934,127848.5343169,62.473941333333336,4.01486058505541,0.038254082964699045,40,64,,True,True,,40,87.6246207195492
153,2026-09-18T06:49:58.229+00:00,2026-09-18T06:53:02.464+00:00,2026-09-18T06:53:03.801+00:00,True,23,23.0,,23.0,184235.1315,185571.889772,185571.889963,8068.343041869564,40.049925,184235.1315,38403.01122039399,68.72747550000001,60.761739636363636,5.863548447413981,0.12394118542554367,40,64,,True,True,,118,87.6246207195492
154,2026-09-18T06:49:58.699+00:00,2026-09-18T06:53:04.480+00:00,2026-09-18T06:53:06.927+00:00,True,42,42.0,,42.0,185781.12643200002,188228.02588800003,188228.025931,4481.61966502381,35.497044,185781.12643200002,28657.442611918297,75.3836407,59.680474536585365,8.876010537594905,0.22313361574004373,40,64,,True,True,,164,87.6246207195492
155,2026-09-18T06:49:59.140+00:00,2026-09-18T06:53:05.835+00:00,2026-09-18T06:53:10.238+00:00,True,75,75.0,,75.0,186695.10245500001,191097.95736700002,191097.95735,2547.972764666667,34.613205,186695.10245500001,21550.826115274613,69.8989309,59.49803935135135,11.110504149241411,0.3924688732070742,40,64,,True,True,,229,87.6246207195492
156,2026-09-18T06:49:59.646+00:00,2026-09-18T06:53:07.820+00:00,2026-09-18T06:53:10.709+00:00,True,50,50.0,,50.0,188173.291881,191062.68452100002,191062.684274,3821.25368548,34.890205,188173.291881,26603.385306803164,68.99572334999999,58.96719673469388,11.373463623399855,0.26169421896981887,40,64,,True,True,,263,87.6246207195492
157,2026-09-18T06:50:00.138+00:00,2026-09-18T06:53:10.008+00:00,2026-09-18T06:53:11.082+00:00,True,19,19.0,,19.0,189870.11187999998,190944.66240799997,190944.66236299998,10049.719071736841,34.964335,189870.11187999998,43545.49626638104,19048.0538437,59.69725155555555,8.020246580098924,0.09950526901559496,40,64,,True,True,,97,87.6246207195492
158,2026-09-18T06:50:00.587+00:00,2026-09-18T06:53:11.630+00:00,2026-09-18T06:53:14.436+00:00,True,46,46.0,,46.0,191043.852317,193849.009181,193849.009147,4214.1088945,38.727678,191043.852317,28158.690593191615,94.38079825000001,62.3368192,11.655573134422944,0.23729809192395224,40,64,,True,True,,188,87.6246207195492
159,2026-09-18T06:50:00.906+00:00,2026-09-18T06:53:12.518+00:00,2026-09-18T06:53:13.803+00:00,True,22,22.0,,22.0,191612.068369,192897.265169,192897.264978,8768.057498999999,37.945919,191612.068369,40838.78385580844,95.03608784999999,61.19984761904762,11.214958025436843,0.11405034685549063,40,64,,True,True,,89,87.6246207195492
160,2026-09-18T06:50:01.435+00:00,2026-09-18T06:53:14.628+00:00,2026-09-18T06:53:20.089+00:00,True,87,87.0,,87.0,193192.44367500002,198653.842203,198653.842303,2283.3774977356325,35.804232000000006,193192.44367500002,20705.599287327797,94.66651600000002,63.504634046511626,12.364551431009259,0.43794773378254925,40,64,,True,True,,418,87.6246207195492
162,2026-09-18T06:50:02.591+00:00,2026-09-18T06:53:15.948+00:00,2026-09-18T06:53:19.054+00:00,True,50,50.0,,50.0,193356.587901,196463.087485,196463.087588,3929.2617517599997,35.249744,193356.587901,27335.78875047414,95.84021895000002,63.39795069387755,14.32449784209111,0.2545007341586114,40,64,,True,True,,195,87.6246207195492
161,2026-09-18T06:50:02.581+00:00,2026-09-18T06:53:15.949+00:00,2026-09-18T06:53:19.968+00:00,True,65,65.0,,65.0,193368.351899,197387.32047500001,197387.320442,3036.7280068,38.402478,193368.351899,23976.606621624607,91.8435066,62.796384,12.77211343869018,0.3293018003566877,40,64,,True,True,,279,87.6246207195492
163,2026-09-18T06:50:02.764+00:00,2026-09-18T06:53:19.614+00:00,2026-09-18T06:53:23.991+00:00,True,71,71.0,,71.0,196849.232733,201226.64866900002,201226.64866500002,2834.1781502112676,36.365612,196849.232733,23354.288678993442,96.8357185,62.534513371428574,14.23553170345734,0.3528359711282013,40,64,,True,True,,327,87.6246207195492
164,2026-09-18T06:50:03.150+00:00,2026-09-18T06:53:21.689+00:00,2026-09-18T06:53:25.174+00:00,True,56,56.0,,56.0,198539.32215700002,202024.18154900003,202024.181516,3607.574669928572,37.58649,198539.32215700002,26522.470218324725,99.52070624999999,63.36107985454545,15.232415951350495,0.277194539636917,40,64,,True,True,,231,87.6246207195492
165,2026-09-18T06:50:03.537+00:00,2026-09-18T06:53:22.950+00:00,2026-09-18T06:53:23.180+00:00,True,5,5.0,,5.0,199413.70044299998,199643.17500299998,199643.174855,39928.634971,40.818604,199413.70044299998,89154.86250206805,159544.30826559998,57.36864,11.47883066951566,0.025044682844404104,40,64,,True,True,,28,87.6246207195492
166,2026-09-18T06:50:04.097+00:00,2026-09-18T06:53:25.541+00:00,2026-09-18T06:53:28.674+00:00,True,51,51.0,,51.0,201444.175188,204576.923988,204576.923935,4011.312234019608,35.310564,201444.175188,28199.055754928646,93.05076150000001,62.654976,12.114919059670491,0.2492949791492199,40,64,,True,True,,279,87.6246207195492
167,2026-09-18T06:50:04.473+00:00,2026-09-18T06:53:27.004+00:00,2026-09-18T06:53:31.461+00:00,True,73,73.0,,73.0,202531.382098,206988.102226,206988.102272,2835.453455780822,35.618943,202531.382098,23697.262811683126,87.39267839999998,61.89889066666667,10.341027859194218,0.352677275722326,40,64,,True,True,,375,87.6246207195492
168,2026-09-18T06:50:04.965+00:00,2026-09-18T06:53:28.605+00:00,2026-09-18T06:53:34.032+00:00,True,89,89.0,,89.0,203639.717286,209066.654118,209066.654138,2349.0635296404494,37.44325,203639.717286,21579.232723401277,89.16053539999999,61.66973672727273,11.137762596461027,0.42570155616384053,40,64,,True,True,,503,87.6246207195492
169,2026-09-18T06:50:05.491+00:00,2026-09-18T06:53:30.666+00:00,2026-09-18T06:53:32.424+00:00,True,29,29.0,,29.0,205175.123335,206933.120135,206933.119991,7135.624827275862,37.983549,205175.123335,38088.406139367995,87.60993979999999,62.7856,9.810891097283989,0.14014189696207568,40,64,,True,True,,117,87.6246207195492
170,2026-09-18T06:50:06.010+00:00,2026-09-18T06:53:32.641+00:00,2026-09-18T06:53:35.119+00:00,True,41,41.0,,41.0,206630.429285,209108.494181,209108.494246,5100.2071767317075,37.444919999999996,206630.429285,32260.578530790037,89.656672,61.9516224,12.301809206239202,0.19607046648478682,40,64,,True,True,,192,87.6246207195492
171,2026-09-18T06:50:06.533+00:00,2026-09-18T06:53:34.882+00:00,2026-09-18T06:53:38.259+00:00,True,54,54.0,,54.0,208349.291241,211725.674473,211725.674414,3920.8458224814813,35.866593,208349.291241,28344.080847904625,90.96374925,63.705344,12.545876909152609,0.25504700898655663,40,64,,True,True,,223,87.6246207195492
172,2026-09-18T06:50:06.845+00:00,2026-09-18T06:53:35.888+00:00,2026-09-18T06:53:36.859+00:00,True,16,16.0,,16.0,209043.098348,210014.876652,210014.876843,13125.9298026875,37.450250999999994,209043.098348,52244.580773426984,52331.9694785,64.78522026666667,16.711833887377377,0.07618507914804724,40,64,,True,True,,36,87.6246207195492
173,2026-09-18T06:50:07.363+00:00,2026-09-18T06:53:38.258+00:00,2026-09-18T06:53:42.876+00:00,True,75,75.0,,75.0,210894.174238,215512.190494,215512.190481,2873.49587308,36.893371,210894.174238,24344.758622664074,93.35189400000002,62.40562508108108,12.06688414700306,0.34800815595667217,40,64,,True,True,,327,87.6246207195492
174,2026-09-18T06:50:07.883+00:00,2026-09-18T06:53:40.040+00:00,2026-09-18T06:53:44.038+00:00,True,66,66.0,,66.0,212156.97029499998,216154.87800699996,216154.878087,3275.073910409091,36.789542000000004,212156.97029499998,26107.148959484508,87.743529,61.506272492307694,10.459875609595352,0.3053366207070407,40,64,,True,True,,331,87.6246207195492
175,2026-09-18T06:50:08.312+00:00,2026-09-18T06:53:41.608+00:00,2026-09-18T06:53:43.679+00:00,True,35,35.0,,35.0,213295.908079,215366.63294299998,215366.63290099998,6153.332368599999,36.347292,213295.908079,36043.29581708385,91.3441737,60.90367247058823,10.800523045773181,0.1625135682427801,40,64,,True,True,,190,87.6246207195492
176,2026-09-18T06:50:08.798+00:00,2026-09-18T06:53:43.558+00:00,2026-09-18T06:53:45.043+00:00,True,25,25.0,,25.0,214759.930123,216244.377355,216244.377269,8649.77509076,37.068241,214759.930123,42939.616922529356,88.5367526,61.851968,10.755141280785596,0.11560994235220493,40,64,,True,True,,101,87.6246207195492
177,2026-09-18T06:50:09.122+00:00,2026-09-18T06:53:44.798+00:00,2026-09-18T06:53:46.509+00:00,True,28,28.0,,28.0,215676.60416299998,217387.40582699998,217387.40559699998,7763.83591417857,40.261935,215676.60416299998,40747.07342331658,87.7186918,63.36302459259259,8.685287949498026,0.1288023098370418,40,64,,True,True,,75,87.6246207195492
178,2026-09-18T06:50:09.427+00:00,2026-09-18T06:53:45.640+00:00,2026-09-18T06:53:49.206+00:00,True,56,56.0,,56.0,216212.932864,219778.88,219778.880103,3924.622858982143,0.02032,216212.932864,28884.025534865305,93.83829725,64.83540247272728,35.195229551054084,0.2548015532702687,40,64,,True,True,,217,87.6246207195492
179,2026-09-18T06:50:09.929+00:00,2026-09-18T06:53:47.795+00:00,2026-09-18T06:53:52.440+00:00,True,75,75.0,,75.0,217866.690613,222511.37925300002,222511.37927600002,2966.818390346667,0.023219999999999998,217866.690613,25149.849263160984,91.5266664,62.7660627027027,30.604339534998505,0.337061413451235,40,64,,True,True,,342,87.6246207195492
180,2026-09-18T06:50:10.359+00:00,2026-09-18T06:53:49.842+00:00,2026-09-18T06:53:50.579+00:00,True,13,13.0,,13.0,219483.051844,220220.097348,220220.097428,16940.007494461537,38.363249,219483.051844,60856.611503816515,87835.89077979999,61.42045866666666,8.252453872842663,0.05903185111873289,40,64,,True,True,,57,87.6246207195492
181,2026-09-18T06:50:10.757+00:00,2026-09-18T06:53:51.080+00:00,2026-09-18T06:53:56.620+00:00,True,90,90.0,,90.0,220322.293827,225862.948931,225862.948932,2509.5883214666665,36.937661,220322.293827,23217.44933080739,88.1794667,62.25455173033708,11.070980180389544,0.3984717299847818,40,64,,True,True,,405,87.6246207195492
182,2026-09-18T06:50:11.285+00:00,2026-09-18T06:53:53.257+00:00,2026-09-18T06:53:54.256+00:00,True,17,17.0,,17.0,221971.665683,222970.704915,222970.705073,13115.92382782353,41.892261,221971.665683,53820.894753669636,44477.6629654,62.439952,15.12367480930478,0.07624319978035084,40,64,,True,True,,72,87.6246207195492
183,2026-09-18T06:50:11.815+00:00,2026-09-18T06:53:55.177+00:00,2026-09-18T06:53:59.623+00:00,True,72,72.0,,72.0,223361.857675,227807.666059,227807.666241,3163.9953644583334,37.10042,223361.857675,26316.068977853218,73.4328147,62.61701949295775,7.644234510304349,0.31605608909294863,40,64,,True,True,,324,87.6246207195492
184,2026-09-18T06:50:12.278+00:00,2026-09-18T06:53:57.059+00:00,2026-09-18T06:53:58.151+00:00,True,18,18.0,,18.0,224780.86766699998,225873.29467499998,225873.294622,12548.516367888888,58.10348200000001,224780.86766699998,52966.21296922453,33798.3054654,64.26041223529411,8.813393387153495,0.0796906957323108,40,64,,True,True,,55,87.6246207195492
185,2026-09-18T06:50:12.832+00:00,2026-09-18T06:53:58.957+00:00,2026-09-18T06:54:02.863+00:00,True,63,63.0,,63.0,226124.408406,230030.553686,230030.553584,3651.2786283174605,38.558707999999996,226124.408406,28481.062022097325,89.5155283,63.00234322580645,10.630240297430545,0.27387666112388387,40,64,,True,True,,318,87.6246207195492
186,2026-09-18T06:50:13.310+00:00,2026-09-18T06:54:00.906+00:00,2026-09-18T06:54:03.867+00:00,True,49,49.0,,49.0,227595.514108,230556.875772,230556.87577400001,4705.242362734694,38.263197999999996,227595.514108,32504.833190674253,82.2172556,61.695034666666665,11.215178328285882,0.21252890349041936,40,64,,True,True,,183,87.6246207195492
187,2026-09-18T06:50:13.706+00:00,2026-09-18T06:54:02.570+00:00,2026-09-18T06:54:02.989+00:00,True,8,8.0,,8.0,228863.220304,229282.25774399997,229282.25761,28660.28220125,44.477597,228863.220304,80894.20321043924,148783.85426389996,59.862491428571424,7.137650203967289,0.034891491730390335,40,64,,True,True,,26,87.6246207195492
188,2026-09-18T06:50:14.267+00:00,2026-09-18T06:54:04.489+00:00,2026-09-18T06:54:07.051+00:00,True,42,42.0,,42.0,230221.95721599998,232783.519584,232783.519709,5542.46475497619,40.234456,230221.95721599998,35514.3803969591,91.58007105000003,62.47713092682927,10.775268698242026,0.18042514382056282,40,64,,True,True,,179,87.6246207195492
189,2026-09-18T06:50:14.630+00:00,2026-09-18T06:54:05.825+00:00,2026-09-18T06:54:09.031+00:00,True,50,50.0,,50.0,231195.095713,234401.250465,234401.25047,4688.025009399999,34.281706,231195.095713,32686.673935811985,101.34190565,65.43172963265306,15.03799314449256,0.2133094422525951,40,64,,True,True,,234,87.6246207195492
190,2026-09-18T06:50:15.059+00:00,2026-09-18T06:54:07.470+00:00,2026-09-18T06:54:08.172+00:00,True,12,12.0,,12.0,232410.74088499998,233113.15880499998,233113.15882999997,19426.096569166664,44.400797,232410.74088499998,67072.7691584922,104636.63188839998,63.85617454545455,11.7941083926118,0.051477145526726976,40,64,,True,True,,38,87.6246207195492
191,2026-09-18T06:50:15.520+00:00,2026-09-18T06:54:09.120+00:00,2026-09-18T06:54:12.319+00:00,True,52,52.0,,52.0,233600.372706,236799.40988999998,236799.409927,4553.834806288462,36.139932,233600.372706,32385.84715225775,95.78309865,62.72621929411765,13.028738236291396,0.21959514182976836,40,64,,True,True,,103,87.6246207195492
192,2026-09-18T06:50:15.883+00:00,2026-09-18T06:54:10.705+00:00,2026-09-18T06:54:14.862+00:00,True,67,67.0,,67.0,234821.81716,238978.51578400002,238978.515617,3566.8435166716417,38.765997000000006,234821.81716,28680.35885783696,94.9666467,62.98028218181818,11.31563916349143,0.2803599301811621,40,64,,True,True,,271,87.6246207195492
193,2026-09-18T06:50:16.330+00:00,2026-09-18T06:54:12.382+00:00,2026-09-18T06:54:13.638+00:00,True,22,22.0,,22.0,236052.05749399998,237308.24027799998,237308.24024199997,10786.73819281818,40.025855,236052.05749399998,50313.71526556919,69.9219785,59.818227809523805,9.189766987706662,0.09270643098708926,40,64,,True,True,,99,87.6246207195492
194,2026-09-18T06:50:17.197+00:00,2026-09-18T06:54:12.449+00:00,2026-09-18T06:54:13.453+00:00,True,18,18.0,,18.0,235251.414959,236255.37118299998,236255.37117899998,13125.298398833333,37.58493,235251.414959,55435.37122439166,35344.58427675,59.05624847058824,8.740411029086662,0.07618874402672293,40,64,,True,True,,64,87.6246207195492
195,2026-09-18T06:50:17.217+00:00,2026-09-18T06:54:12.784+00:00,2026-09-18T06:54:17.338+00:00,True,74,74.0,,74.0,235566.165939,240120.831155,240120.831252,3244.876098,37.702980000000004,235566.165939,27376.759661886816,91.20867679999999,62.39267419178082,10.80938067709917,0.3081781769788744,40,64,,True,True,,380,87.6246207195492
196,2026-09-18T06:50:17.456+00:00,2026-09-18T06:54:16.961+00:00,2026-09-18T06:54:20.706+00:00,True,59,59.0,,59.0,239505.087398,243250.321318,243250.321367,4122.886802830509,41.327582,239505.087398,31172.501165920756,92.5044778,64.57299862068966,9.260086187080901,0.242548497697027,40,64,,True,True,,262,87.6246207195492
197,2026-09-18T06:50:17.797+00:00,2026-09-18T06:54:18.375+00:00,2026-09-18T06:54:18.439+00:00,True,2,2.0,,2.0,240578.409599,240642.765439,240642.765538,120321.382769,64.35593899999999,240578.409599,170069.11831365118,228552.70691600002,64.35584,nan,0.00831107470175319,40,64,,True,True,,6,87.6246207195492
198,2026-09-18T06:50:18.206+00:00,2026-09-18T06:54:20.048+00:00,2026-09-18T06:54:26.192+00:00,True,99,99.0,,99.0,241842.785661,247986.853757,247986.853788,2504.917715030303,35.315384,241842.785661,24299.815303936273,77.8639081,62.69457240816327,9.535651122052192,0.39921471037738626,40,64,,True,True,,380,87.6246207195492
199,2026-09-18T06:50:18.673+00:00,2026-09-18T06:54:22.002+00:00,2026-09-18T06:54:27.528+00:00,True,89,89.0,,89.0,243329.249086,248854.975294,248854.975141,2796.1233161910113,36.830681,243329.249086,25786.195160955704,90.8567538,62.79234327272727,10.99719873980482,0.3576380174632009,40,64,,True,True,,296,87.6246207195492
200,2026-09-18T06:50:19.069+00:00,2026-09-18T06:54:23.629+00:00,2026-09-18T06:54:27.524+00:00,True,63,63.0,,63.0,244559.091542,248454.53551000002,248454.535479,3943.7227853809527,38.500938000000005,244559.091542,30803.635088108866,84.8789995,62.82974141935484,9.713008823605605,0.2535675183819066,40,64,,True,True,,274,87.6246207195492
201,2026-09-18T06:50:19.536+00:00,2026-09-18T06:54:25.534+00:00,2026-09-18T06:54:28.535+00:00,True,47,47.0,,47.0,245998.05967500003,248999.47893900002,248999.47898600003,5297.861255021277,39.355275999999996,245998.05967500003,35872.98993569895,95.4476209,65.24824486956521,13.506912959669535,0.18875541507263183,40,64,,True,True,,201,87.6246207195492
202,2026-09-18T06:50:19.843+00:00,2026-09-18T06:54:26.671+00:00,2026-09-18T06:54:29.223+00:00,True,40,40.0,,40.0,246828.204443,249379.389339,249379.389416,6234.4847354,34.754125,246828.204443,39016.62589738894,97.3817475,65.41499733333333,15.696590777996933,0.16039817928026529,40,64,,True,True,,182,87.6246207195492
203,2026-09-18T06:50:20.396+00:00,2026-09-18T06:54:28.691+00:00,2026-09-18T06:54:30.913+00:00,True,37,37.0,,37.0,248295.55219999998,250517.22771999997,250517.22764099998,6770.7358821891885,36.835561,248295.55219999998,40809.3929553185,81.40057739999999,61.713208888888886,10.078323378835911,0.147694433379865,40,64,,True,True,,140,87.6246207195492
204,2026-09-18T06:50:20.873+00:00,2026-09-18T06:54:30.646+00:00,2026-09-18T06:54:34.882+00:00,True,69,69.0,,69.0,249772.787491,254009.098531,254009.098519,3681.291282884058,37.00646,249772.787491,30061.611707467313,84.77987300000001,62.29869176470588,9.531665595325926,0.2716438127572782,40,64,,True,True,,297,87.6246207195492
205,2026-09-18T06:50:21.367+00:00,2026-09-18T06:54:32.138+00:00,2026-09-18T06:54:36.819+00:00,True,76,76.0,,76.0,250770.30787000002,255451.693598,255451.69367500002,3361.2064957236844,35.441023,250770.30787000002,28758.16893282915,86.59672575,62.418476373333334,10.00379873446822,0.2975122181793005,40,64,,True,True,,362,87.6246207195492
206,2026-09-18T06:50:21.796+00:00,2026-09-18T06:54:33.896+00:00,2026-09-18T06:54:39.879+00:00,True,96,96.0,,96.0,252100.496678,258083.23434199998,258083.234116,2688.3670220416666,39.294745999999996,252100.496678,25723.474267217178,94.23799625,62.97618593684211,11.511337861979747,0.3719730196529746,40,64,,True,True,,583,87.6246207195492
207,2026-09-18T06:50:22.265+00:00,2026-09-18T06:54:35.808+00:00,2026-09-18T06:54:38.989+00:00,True,51,51.0,,51.0,253543.125194,256724.36397799998,256724.36381799998,5033.8110552549015,37.58558,253543.125194,35494.23226593943,99.79873350000001,63.62477568,13.857448879907684,0.19865664173724645,40,64,,True,True,,172,87.6246207195492
208,2026-09-18T06:50:22.763+00:00,2026-09-18T06:54:37.719+00:00,2026-09-18T06:54:40.102+00:00,True,39,39.0,,39.0,254955.966664,257339.161544,257339.161582,6598.440040564103,38.961757,254955.966664,40815.58729227554,93.68996070000001,62.715654736842104,11.549067926705197,0.15155097174485727,40,64,,True,True,,184,87.6246207195492
209,2026-09-18T06:50:23.175+00:00,2026-09-18T06:54:39.485+00:00,2026-09-18T06:54:41.509+00:00,True,33,33.0,,33.0,256310.42815700002,258333.83602900003,258333.83597900002,7828.2980599696975,37.991639000000006,256310.42815700002,44606.91240818314,94.99846839999998,63.231496,9.917109997324044,0.12774168690893237,40,64,,True,True,,159,87.6246207195492
210,2026-09-18T06:50:23.610+00:00,2026-09-18T06:54:40.702+00:00,2026-09-18T06:54:45.676+00:00,True,82,82.0,,82.0,257092.07415200002,262065.81290400002,262065.81288100002,3195.9245473292685,39.064966999999996,257092.07415200002,28384.29000775624,69.9238411,61.40418212345679,7.091434608474003,0.3128985009198367,40,64,,True,True,,308,87.6246207195492
211,2026-09-18T06:50:23.987+00:00,2026-09-18T06:54:42.139+00:00,2026-09-18T06:54:43.144+00:00,True,18,18.0,,18.0,258151.839217,259157.301745,259157.301736,14397.627874222222,37.353,258151.839217,60833.03203341999,38780.4566811,59.1448545882353,8.662631589455128,0.06945588597658442,40,64,,True,True,,86,87.6246207195492
212,2026-09-18T06:50:24.471+00:00,2026-09-18T06:54:43.767+00:00,2026-09-18T06:54:45.739+00:00,True,33,33.0,,33.0,259295.647153,261267.906481,261267.906461,7917.20928669697,40.299994,259295.647153,45126.850485386385,82.75026539999999,61.633104,9.53393342664033,0.1263071321865544,40,64,,True,True,,194,87.6246207195492
213,2026-09-18T06:50:24.818+00:00,2026-09-18T06:54:45.049+00:00,2026-09-18T06:54:49.491+00:00,True,75,75.0,,75.0,260231.005703,264673.751559,264673.751525,3528.9833536666665,36.289932,260231.005703,30041.95727816988,73.3903565,60.03710616216216,9.644443131886923,0.2833677293582371,40,64,,True,True,,351,87.6246207195492
214,2026-09-18T06:50:25.365+00:00,2026-09-18T06:54:46.900+00:00,2026-09-18T06:54:51.256+00:00,True,73,73.0,,73.0,261535.453516,265890.954828,265890.954981,3642.3418490547947,34.894465,261535.453516,30603.33122433597,90.13664539999999,60.493073777777774,10.834884989517708,0.27454863986336947,40,64,,True,True,,332,87.6246207195492
215,2026-09-18T06:50:25.895+00:00,2026-09-18T06:54:48.772+00:00,2026-09-18T06:54:54.298+00:00,True,93,93.0,,93.0,262876.88347,268403.041294,268403.041195,2886.0542063978496,34.554404999999996,262876.88347,27252.836033983374,69.81273940000001,60.06693286956522,9.686399489000951,0.34649383833967373,40,64,,True,True,,425,87.6246207195492
216,2026-09-18T06:50:26.247+00:00,2026-09-18T06:54:50.304+00:00,2026-09-18T06:54:54.878+00:00,True,78,78.0,,78.0,264056.55280199996,268630.81840199995,268630.81845799997,3443.9848520256405,38.447398,264056.55280199996,29891.792197217754,68.6634727,59.406046753246756,9.727502615038624,0.29036132363366723,40,64,,True,True,,352,87.6246207195492
217,2026-09-18T06:50:26.557+00:00,2026-09-18T06:54:51.476+00:00,2026-09-18T06:54:54.592+00:00,True,53,53.0,,53.0,264919.021889,268035.02777700004,268035.027905,5057.26467745283,33.011098,264919.021889,36381.19631449515,67.17211,59.92319015384615,9.239246008161945,0.19773534988902636,40,64,,True,True,,247,87.6246207195492
218,2026-09-18T06:50:26.903+00:00,2026-09-18T06:54:52.685+00:00,2026-09-18T06:54:53.766+00:00,True,19,19.0,,19.0,265781.502285,266863.136589,266863.13665,14045.428244736842,38.094058,265781.502285,60960.672968379426,26639.231116199997,60.09079466666667,6.692710000676258,0.0711975443399745,40,64,,True,True,,85,87.6246207195492
219,2026-09-18T06:50:27.415+00:00,2026-09-18T06:54:54.424+00:00,2026-09-18T06:54:54.992+00:00,True,11,11.0,,11.0,267009.484821,267576.750613,267576.75070900004,24325.15915536364,37.6614,267009.484821,80489.28561525508,133539.164626,56.7265792,9.845384586674246,0.04110970020676218,40,64,,True,True,,33,87.6246207195492
220,2026-09-18T06:50:27.739+00:00,2026-09-18T06:54:55.641+00:00,2026-09-18T06:54:56.767+00:00,True,19,19.0,,19.0,267901.822712,269028.033016,269028.033113,14159.370163842104,39.647176,267901.822712,61446.54010413334,26873.6378717,62.567239111111114,9.890134189319355,0.07062461033148172,40,64,,True,True,,69,87.6246207195492
221,2026-09-18T06:50:28.188+00:00,2026-09-18T06:54:57.488+00:00,2026-09-18T06:55:02.768+00:00,True,85,85.0,,85.0,269299.663862,274580.461814,274580.461815,3230.3583742941173,35.594633,269299.663862,29202.833460594735,95.26830700000001,62.866642285714285,12.44300499601641,0.3095631766311864,40,64,,True,True,,406,87.6246207195492
222,2026-09-18T06:50:28.671+00:00,2026-09-18T06:54:59.496+00:00,2026-09-18T06:55:00.261+00:00,True,13,13.0,,13.0,270824.504556,271590.08894,271590.08905,20891.545311538463,56.020034,270824.504556,75095.5091043844,108388.7377014,63.79869866666667,11.249283373642392,0.04786625333324286,40,64,,True,True,,40,87.6246207195492
223,2026-09-18T06:50:29.079+00:00,2026-09-18T06:55:01.127+00:00,2026-09-18T06:55:06.174+00:00,True,80,80.0,,80.0,272047.23438,277095.084108,277095.084109,3463.6885513624998,35.917252999999995,272047.23438,30408.66445713966,95.52612800000001,63.896832,13.323559006502807,0.28870956068213527,40,64,,True,True,,324,87.6246207195492
224,2026-09-18T06:50:29.485+00:00,2026-09-18T06:55:02.496+00:00,2026-09-18T06:55:08.473+00:00,True,95,95.0,,95.0,273010.81592900003,278988.22930500004,278988.229315,2936.7182033157897,36.552441,273010.81592900003,28003.796936140217,91.2618822,63.589504,11.604427781257328,0.34051615810695207,40,64,,True,True,,461,87.6246207195492
225,2026-09-18T06:50:30.034+00:00,2026-09-18T06:55:04.244+00:00,2026-09-18T06:55:08.071+00:00,True,61,61.0,,61.0,274210.257682,278037.585426,278037.585241,4557.993200672131,34.715475,274210.257682,35100.86072135014,91.617248,63.78879573333334,12.532813746178629,0.21939479839223108,40,64,,True,True,,272,87.6246207195492
226,2026-09-18T06:50:30.413+00:00,2026-09-18T06:55:06.108+00:00,2026-09-18T06:55:06.302+00:00,True,4,4.0,,4.0,275695.251344,275888.673424,275888.673291,68972.16832275,60.759926,275695.251344,137815.38871172725,234351.14699135,64.47402666666666,3.5738150536351676,0.014498601738001013,40,64,,True,True,,9,87.6246207195492
227,2026-09-18T06:50:30.843+00:00,2026-09-18T06:55:07.755+00:00,2026-09-18T06:55:10.951+00:00,True,53,53.0,,53.0,276912.38923699997,280108.37669299997,280108.37679099996,5285.063713037735,34.159326,276912.38923699997,38028.401736646585,93.92270359999999,61.46129723076923,12.898461572824482,0.18921247777637237,40,64,,True,True,,313,87.6246207195492
228,2026-09-18T06:50:31.170+00:00,2026-09-18T06:55:08.860+00:00,2026-09-18T06:55:09.125+00:00,True,6,6.0,,6.0,277690.154157,277954.647981,277954.648041,46325.774673500004,43.251669,277690.154157,113344.93513218447,208283.35534075004,52.898764799999995,8.486045319454004,0.0215862553246821,40,64,,True,True,,19,87.6246207195492
229,2026-09-18T06:50:31.524+00:00,2026-09-18T06:55:10.441+00:00,2026-09-18T06:55:11.011+00:00,True,10,10.0,,10.0,278916.54195700004,279486.57997300004,279486.58011700003,27948.658011700005,60.711816,278916.54195700004,88181.12590574875,153434.94906475002,63.337557333333336,2.704509149697963,0.035779893263447764,40,64,,True,True,,45,87.6246207195492
230,2026-09-18T06:50:31.953+00:00,2026-09-18T06:55:12.003+00:00,2026-09-18T06:55:18.088+00:00,True,100,100.0,,100.0,280049.408018,286135.358482,286135.358582,2861.3535858200003,34.047565999999996,280049.408018,27998.79555891279,80.42584185000001,61.47424711111111,11.109868212191493,0.34948494492438176,40,64,,True,True,,420,87.6246207195492
231,2026-09-18T06:50:32.397+00:00,2026-09-18T06:55:13.000+00:00,2026-09-18T06:55:15.370+00:00,True,39,39.0,,39.0,280603.569914,282973.392634,282973.392549,7255.728014076923,35.624072,280603.569914,44922.54718973554,99.08570180000001,62.363755789473686,12.819516707805949,0.13782214517406202,40,64,,True,True,,177,87.6246207195492
232,2026-09-18T06:50:32.779+00:00,2026-09-18T06:55:14.518+00:00,2026-09-18T06:55:20.587+00:00,True,99,99.0,,99.0,281738.528733,287808.174557,287808.17464599997,2907.153279252525,33.178338000000004,281738.528733,28309.56491846907,82.2844787,61.93516146938776,10.953109593984832,0.3439791109213029,40,64,,True,True,,470,87.6246207195492
233,2026-09-18T06:50:33.339+00:00,2026-09-18T06:55:17.090+00:00,2026-09-18T06:55:22.524+00:00,True,90,90.0,,90.0,283750.410533,289184.819237,289184.819397,3213.164659966667,37.594019,283750.410533,29903.48455862299,72.52177135,61.06077195505618,9.374513978432073,0.3112196561266964,40,64,,True,True,,407,87.6246207195492
234,2026-09-18T06:50:33.765+00:00,2026-09-18T06:55:18.334+00:00,2026-09-18T06:55:22.175+00:00,True,63,63.0,,63.0,284569.591213,288410.42142100004,288410.421507,4577.94319852381,35.734033000000004,284569.591213,35844.59500581427,77.5726786,61.94887432258064,9.750486867585991,0.21843870859311737,40,64,,True,True,,310,87.6246207195492
236,2026-09-18T06:50:34.814+00:00,2026-09-18T06:55:19.713+00:00,2026-09-18T06:55:22.052+00:00,True,39,39.0,,39.0,284898.66045200004,287237.562212,287237.562044,7365.0656934358985,37.930398999999994,284898.66045200004,45610.441375756374,75.3079468,61.55004631578947,8.385840645553607,0.135776114027926,40,64,,True,True,,144,87.6246207195492
235,2026-09-18T06:50:34.779+00:00,2026-09-18T06:55:22.465+00:00,2026-09-18T06:55:22.910+00:00,True,8,8.0,,8.0,287686.230603,288130.41748299997,288130.4175,36016.3021875,57.200763,287686.230603,101690.00756373527,187021.95470829998,63.455268571428576,5.623087836246287,0.027765204624645396,40,64,,True,True,,26,87.6246207195492
237,2026-09-18T06:50:35.098+00:00,2026-09-18T06:55:23.306+00:00,2026-09-18T06:55:26.562+00:00,True,54,54.0,,54.0,288207.805055,291464.320895,291464.320915,5397.487424351852,36.737101,288207.805055,39211.754517972695,88.2622677,61.443695094339624,10.484249440535855,0.18527139045418012,40,64,,True,True,,263,87.6246207195492
238,2026-09-18T06:50:35.408+00:00,2026-09-18T06:55:24.918+00:00,2026-09-18T06:55:28.473+00:00,True,58,58.0,,58.0,289509.612352,293064.54483200004,293064.544872,5052.836980551725,39.196866,289509.612352,38006.28654537069,90.47758555,62.36723649122808,9.983652883693768,0.19790862123307562,40,64,,True,True,,325,87.6246207195492
239,2026-09-18T06:50:35.877+00:00,2026-09-18T06:55:26.618+00:00,2026-09-18T06:55:30.129+00:00,True,59,59.0,,59.0,290740.27722000005,294251.8742760001,294251.874131,4987.319900525425,36.329882,290740.27722000005,37843.27972851479,87.86676159999999,60.544776827586205,12.151280114440947,0.20050849342988258,40,64,,True,True,,312,87.6246207195492
240,2026-09-18T06:50:36.216+00:00,2026-09-18T06:55:27.887+00:00,2026-09-18T06:55:32.821+00:00,True,81,81.0,,81.0,291671.140013,296604.781229,296604.781126,3661.787421308642,36.021421000000004,291671.140013,32401.0538637562,90.53041999999999,61.670515200000004,10.553357706969704,0.2730906752897629,40,64,,True,True,,241,87.6246207195492
241,2026-09-18T06:50:36.775+00:00,2026-09-18T06:55:30.223+00:00,2026-09-18T06:55:31.324+00:00,True,18,18.0,,18.0,293447.939521,294548.830145,294548.83008600003,16363.823893666668,56.567404,293447.939521,69151.07936847961,44093.844643000004,64.758272,7.524006691042214,0.06111041076326458,40,64,,True,True,,97,87.6246207195492
242,2026-09-18T06:50:37.124+00:00,2026-09-18T06:55:31.073+00:00,2026-09-18T06:55:36.679+00:00,True,89,89.0,,89.0,293949.600689,299555.518385,299555.518583,3365.7923436292135,39.359986,293949.600689,31151.844386519744,88.65783599999999,63.70361018181818,10.041597645618701,0.2971068617925237,40,64,,True,True,,395,87.6246207195492
243,2026-09-18T06:50:37.476+00:00,2026-09-18T06:55:32.532+00:00,2026-09-18T06:55:33.168+00:00,True,12,12.0,,12.0,295056.146792,295691.773544,295691.77366,24640.981138333333,34.279496,295056.146792,85158.6925521656,132810.72122834998,57.78425018181818,10.088054067560797,0.0405827996368467,40,64,,True,True,,45,87.6246207195492
244,2026-09-18T06:50:37.823+00:00,2026-09-18T06:55:33.633+00:00,2026-09-18T06:55:34.907+00:00,True,21,21.0,,21.0,295809.679078,297083.92343,297083.923338,14146.853492285714,41.743482,295809.679078,64537.061594944986,93.593154,63.7122176,9.468517954897095,0.07068709662085802,40,64,,True,True,,84,87.6246207195492
245,2026-09-18T06:50:38.359+00:00,2026-09-18T06:55:36.150+00:00,2026-09-18T06:55:38.401+00:00,False,37,36.0,,36.0,297790.622414,300041.69339,300041.69328199996,8109.234953567567,0.019420000000000003,297790.622414,48946.199182305805,96.5143674,62.529749333333335,15.069599188409171,0.11998332496146295,40,64,,True,False,Request timeout: 300.0s exceeded,162,87.6246207195492
246,2026-09-18T06:50:38.875+00:00,2026-09-18T06:55:38.148+00:00,2026-09-18T06:55:38.950+00:00,False,15,14.0,,14.0,299272.07477999997,300074.57461999997,300074.57456399995,20004.971637599996,0.02133,299272.07477999997,77256.91888134148,89832.08459049997,57.32141714285714,17.142633754826424,0.04665506905318095,40,64,,True,False,Request timeout: 300.0s exceeded,67,87.6246207195492
247,2026-09-18T06:50:39.351+00:00,2026-09-18T06:55:39.471+00:00,2026-09-18T06:55:39.471+00:00,False,1,0.0,,0.0,300120.279913,300120.279913,300120.279913,300120.279913,300120.279913,300120.279913,nan,300120.279913,nan,nan,0.0,40,64,,True,False,"HTTPConnectionPool(host='gpu03', port=9002): Read timed out.",0,87.6246207195492
248,2026-09-18T06:50:39.781+00:00,2026-09-18T06:55:39.791+00:00,2026-09-18T06:55:39.791+00:00,False,1,0.0,,0.0,300009.95878,300009.95878,300009.95878,300009.95878,300009.95878,300009.95878,nan,300009.95878,nan,nan,0.0,40,64,,True,False,TTFT timeout: 300.0s exceeded (TTFT: 300.005s),0,87.6246207195492
249,2026-09-18T06:50:40.270+00:00,2026-09-18T06:55:40.159+00:00,2026-09-18T06:55:40.319+00:00,False,4,3.0,,3.0,299889.653992,300049.230056,300049.229993,75012.30749825,0.02346,299889.653992,149918.23598936407,254919.85403154994,53.19202133333334,47.390474136844226,0.009998359267377863,40,64,,True,False,Request timeout: 300.0s exceeded,16,87.6246207195492
250,2026-09-18T06:50:40.617+00:00,2026-09-18T06:55:40.611+00:00,2026-09-18T06:55:40.670+00:00,False,3,2.0,,2.0,299994.527797,300053.520693,300053.520666,100017.840222,0.0355,299994.527797,173184.89411045218,270000.9707542,29.496448,41.66431546670124,0.006665477530078048,40,64,,True,False,Request timeout: 300.0s exceeded,7,87.6246207195492
251,2026-09-18T06:50:40.927+00:00,2026-09-18T06:55:41.002+00:00,2026-09-18T06:55:41.002+00:00,False,1,0.0,,0.0,300075.368328,300075.368328,300075.368328,300075.368328,300075.368328,300075.368328,nan,300075.368328,nan,nan,0.0,40,64,,True,False,"HTTPConnectionPool(host='gpu03', port=9002): Read timed out.",0,87.6246207195492
252,2026-09-18T06:50:41.297+00:00,2026-09-18T06:55:41.297+00:00,2026-09-18T06:55:41.410+00:00,False,3,2.0,,2.0,299999.69624,300112.755312,300112.755148,100037.58504933334,0.02872,299999.69624,173172.27730270324,270011.0296348,56.529536,79.90392611592578,0.006664161934472867,40,64,,True,False,Request timeout: 300.0s exceeded,6,87.6246207195492
253,2026-09-18T06:50:41.820+00:00,2026-09-18T06:55:41.744+00:00,2026-09-18T06:55:41.834+00:00,False,3,2.0,,2.0,299924.398348,300014.468876,300014.468948,100004.82298266668,0.04493,299924.398348,173135.43682569664,269940.96108020004,45.035264,63.62612436625849,0.006666345151595428,40,64,,True,False,Request timeout: 300.0s exceeded,5,87.6246207195492
254,2026-09-18T06:50:42.320+00:00,2026-09-18T06:55:42.420+00:00,2026-09-18T06:55:42.420+00:00,False,1,0.0,,0.0,300099.70879500004,300099.70879500004,300099.70879500004,300099.70879500004,300099.70879500004,300099.70879500004,nan,300099.70879500004,nan,nan,0.0,40,64,,True,False,TTFT timeout: 300.0s exceeded (TTFT: 300.092s),0,87.6246207195492
255,2026-09-18T06:50:42.814+00:00,2026-09-18T06:55:42.749+00:00,2026-09-18T06:55:42.891+00:00,False,4,3.0,,3.0,299934.45292199997,300076.65938599996,300076.65945499996,75019.16486374999,0.02175,299934.45292199997,149943.5291154545,254955.01007759996,47.40215466666666,41.03465571667058,0.00999744533992891,40,64,,True,False,Request timeout: 300.0s exceeded,9,87.6246207195492
256,2026-09-18T06:50:43.355+00:00,2026-09-18T06:55:43.211+00:00,2026-09-18T06:55:43.412+00:00,False,6,5.0,,5.0,299856.297176,300057.78069600003,300057.780648,50009.630108000005,0.04996,299856.297176,122399.37170122076,224908.24037175003,40.296704,25.051388903236163,0.01666345724614184,40,64,,True,False,Request timeout: 300.0s exceeded,11,87.6246207195492
257,2026-09-18T06:50:43.905+00:00,2026-09-18T06:55:44.000+00:00,2026-09-18T06:55:44.000+00:00,False,1,0.0,,0.0,300095.189763,300095.189763,300095.189763,300095.189763,300095.189763,300095.189763,nan,300095.189763,nan,nan,0.0,40,64,,True,False,"HTTPConnectionPool(host='gpu03', port=9002): Read timed out.",0,87.6246207195492
258,2026-09-18T06:50:44.456+00:00,2026-09-18T06:55:44.356+00:00,2026-09-18T06:55:44.495+00:00,False,4,3.0,,3.0,299900.018505,300038.934601,300038.934794,75009.7336985,0.034649,299900.018505,149926.86010836004,254925.51258359998,46.305365333333334,40.075309228374586,0.009998702348378494,40,64,,True,False,Request timeout: 300.0s exceeded,10,87.6246207195492
259,2026-09-18T06:50:44.967+00:00,2026-09-18T06:55:45.181+00:00,2026-09-18T06:55:45.856+00:00,False,12,11.0,,11.0,300213.54558499996,300888.53489699995,300888.53509799996,25074.044591499995,0.0356,300213.54558499996,86646.47520638126,135146.00624224998,61.36266472727273,25.488897623032273,0.03655838865301237,40,64,,True,False,Request timeout: 300.0s exceeded,46,87.6246207195492
260,2026-09-18T06:50:45.390+00:00,2026-09-18T06:55:45.693+00:00,2026-09-18T06:55:45.908+00:00,False,6,5.0,,5.0,300303.504775,300518.228871,300518.228902,50086.37148366666,0.038119999999999994,300303.504775,122580.86244756346,225243.64708599995,42.944819200000005,25.694817985043816,0.016637925821618934,40,64,,True,False,Request timeout: 300.0s exceeded,32,87.6246207195492
261,2026-09-18T06:50:45.943+00:00,2026-09-18T06:55:45.997+00:00,2026-09-18T06:55:45.997+00:00,False,1,0.0,,0.0,300053.51133999997,300053.51133999997,300053.51133999997,300053.51133999997,300053.51133999997,300053.51133999997,nan,300053.51133999997,nan,nan,0.0,40,64,,True,False,"HTTPConnectionPool(host='gpu03', port=9002): Read timed out.",0,87.6246207195492
262,2026-09-18T06:50:46.385+00:00,2026-09-18T06:55:46.713+00:00,2026-09-18T06:55:46.713+00:00,False,1,0.0,,0.0,300327.689524,300327.689524,300327.689524,300327.689524,300327.689524,300327.689524,nan,300327.689524,nan,nan,0.0,40,64,,True,False,"HTTPConnectionPool(host='gpu03', port=9002): Read timed out.",0,87.6246207195492
263,2026-09-18T06:50:46.783+00:00,2026-09-18T06:55:46.897+00:00,2026-09-18T06:55:46.897+00:00,False,1,0.0,,0.0,300113.72410500003,300113.72410500003,300113.72410500003,300113.72410500003,300113.72410500003,300113.72410500003,nan,300113.72410500003,nan,nan,0.0,40,64,,True,False,"HTTPConnectionPool(host='gpu03', port=9002): Read timed out.",0,87.6246207195492
264,2026-09-18T06:50:47.325+00:00,2026-09-18T06:55:47.290+00:00,2026-09-18T06:55:47.350+00:00,False,3,2.0,,2.0,299964.956031,300025.42911900004,300025.429137,100008.476379,0.01992,299964.956031,173167.39366624545,269974.5057465,30.236544,42.732691587677365,0.006666101623028539,40,64,,True,False,Request timeout: 300.0s exceeded,12,87.6246207195492
265,2026-09-18T06:50:47.826+00:00,2026-09-18T06:55:47.473+00:00,2026-09-18T06:55:47.856+00:00,False,9,8.0,,8.0,299646.976185,300030.09528899996,300030.095417,33336.677268555555,0.03653,299646.976185,99866.36425917706,179814.0070106,47.889888,22.233201654383677,0.026663991798203134,40,64,,True,False,Request timeout: 300.0s exceeded,32,87.6246207195492
266,2026-09-18T06:50:48.287+00:00,2026-09-18T06:55:48.371+00:00,2026-09-18T06:55:48.371+00:00,False,1,0.0,,0.0,300084.631192,300084.631192,300084.631192,300084.631192,300084.631192,300084.631192,nan,300084.631192,nan,nan,0.0,40,64,,True,False,"HTTPConnectionPool(host='gpu03', port=9002): Read timed out.",0,87.6246207195492
267,2026-09-18T06:50:48.667+00:00,2026-09-18T06:55:48.655+00:00,2026-09-18T06:55:48.746+00:00,False,3,2.0,,2.0,299987.67403399997,300078.865074,300078.86504299997,100026.28834766666,0.038549999999999994,299987.67403399997,173171.6457727275,269998.0218765,45.59552,64.42749696665858,0.006664914570064095,40,64,,True,False,Request timeout: 300.0s exceeded,6,87.6246207195492
268,2026-09-18T06:50:49.026+00:00,2026-09-18T06:55:48.889+00:00,2026-09-18T06:55:49.047+00:00,False,4,3.0,,3.0,299862.23093099997,300020.22747499996,300020.227324,75005.056831,0.05003,299862.23093099997,149904.7875827104,254896.27598864998,52.66551466666667,46.69928972035465,0.009999325796291463,40,64,,True,False,Request timeout: 300.0s exceeded,15,87.6246207195492
269,2026-09-18T06:50:49.582+00:00,2026-09-18T06:55:49.675+00:00,2026-09-18T06:55:49.675+00:00,False,1,0.0,,0.0,300093.06766299997,300093.06766299997,300093.06766299997,300093.06766299997,300093.06766299997,300093.06766299997,nan,300093.06766299997,nan,nan,0.0,40,64,,True,False,"HTTPConnectionPool(host='gpu03', port=9002): Read timed out.",0,87.6246207195492
270,2026-09-18T06:50:50.112+00:00,2026-09-18T06:55:50.093+00:00,2026-09-18T06:55:50.166+00:00,False,3,2.0,,2.0,299981.55309899995,300054.71457099996,300054.71443099994,100018.23814366665,0.038130000000000004,299981.55309899995,173173.314431818,269990.7101093,36.580736,51.67902921066657,0.0066654510090250665,40,64,,True,False,Request timeout: 300.0s exceeded,10,87.6246207195492
271,2026-09-18T06:50:50.439+00:00,2026-09-18T06:55:50.308+00:00,2026-09-18T06:55:50.455+00:00,False,4,3.0,,3.0,299869.249432,300016.03803999996,300016.038046,75004.0095115,0.043169,299869.249432,149910.16393252084,254899.87530249998,48.929536,42.33678198047877,0.009999465427244999,40,64,,True,False,Request timeout: 300.0s exceeded,15,87.6246207195492
272,2026-09-18T06:50:50.974+00:00,2026-09-18T06:55:51.104+00:00,2026-09-18T06:55:51.104+00:00,False,1,0.0,,0.0,300130.50117799995,300130.50117799995,300130.50117799995,300130.50117799995,300130.50117799995,300130.50117799995,nan,300130.50117799995,nan,nan,0.0,40,64,,True,False,"HTTPConnectionPool(host='gpu03', port=9002): Read timed out.",0,87.6246207195492
273,2026-09-18T06:50:51.388+00:00,2026-09-18T06:55:51.397+00:00,2026-09-18T06:55:51.458+00:00,False,3,2.0,,2.0,300009.738104,300070.06732,300070.067271,100023.355757,0.02229,300009.738104,173193.29014640898,270014.79498129996,30.164608,42.627700372806785,0.006665109978687628,40,64,,True,False,Request timeout: 300.0s exceeded,7,87.6246207195492
274,2026-09-18T06:50:51.858+00:00,2026-09-18T06:55:51.737+00:00,2026-09-18T06:55:51.924+00:00,False,5,4.0,,4.0,299879.148507,300066.091739,300066.091755,60013.218351,0.042169,299879.148507,134089.13405476758,239916.13692959998,46.735808,31.22097727611844,0.013330396569697164,40,64,,True,False,Request timeout: 300.0s exceeded,16,87.6246207195492
275,2026-09-18T06:50:52.244+00:00,2026-09-18T06:55:52.349+00:00,2026-09-18T06:55:52.349+00:00,False,1,0.0,,0.0,300105.769921,300105.769921,300105.769921,300105.769921,300105.769921,300105.769921,nan,300105.769921,nan,nan,0.0,40,64,,True,False,"HTTPConnectionPool(host='gpu03', port=9002): Read timed out.",0,87.6246207195492
276,2026-09-18T06:50:52.748+00:00,2026-09-18T06:55:52.727+00:00,2026-09-18T06:55:52.816+00:00,False,3,2.0,,2.0,299978.577737,300068.178505,300068.178609,100022.726203,0.0255,299978.577737,173166.85285241567,269989.6775005,44.800384,63.32146882379783,0.006665151933018696,40,64,,True,False,Request timeout: 300.0s exceeded,15,87.6246207195492
277,2026-09-18T06:50:53.166+00:00,2026-09-18T06:55:52.890+00:00,2026-09-18T06:55:53.180+00:00,False,10,9.0,,9.0,299724.402914,300014.436834,300014.43661,30001.443660999998,0.02165,299724.402914,94770.98829474486,164865.13532314997,32.225991111111114,12.093022240220643,0.029998556386070716,40,64,,True,False,Request timeout: 300.0s exceeded,27,87.6246207195492
0,2026-09-18T06:48:53.176+00:00,2026-09-18T06:48:53.415+00:00,2026-09-18T06:48:57.131+00:00,True,66,66.0,,66.0,238.250948,3955.0386599999997,3955.038651,59.92482804545455,8.478695,238.250948,25.67334791475269,71.93192625,57.18134941538462,12.841232789321834,16.687573921211683,41,64,,False,True,,285,87.6246207195492
1,2026-09-18T06:48:53.512+00:00,2026-09-18T06:48:53.656+00:00,2026-09-18T06:48:58.713+00:00,True,86,86.0,,86.0,143.784492,5200.827948,5200.827966,60.47474379069767,5.22987,143.784492,13.953738719534961,68.5291805,59.494628894117646,10.650242542009826,16.535828691097475,41,64,,False,True,,353,87.6246207195492
2,2026-09-18T06:48:54.004+00:00,2026-09-18T06:48:54.827+00:00,2026-09-18T06:48:58.234+00:00,True,57,57.0,,57.0,823.573409,4230.329505,4230.329679,74.21631015789474,40.413995,823.573409,101.2741600837068,70.0687932,60.834930285714286,7.132517148718403,13.474127708640514,41,64,,False,True,,291,87.6246207195492
3,2026-09-18T06:48:54.513+00:00,2026-09-18T06:48:57.503+00:00,2026-09-18T06:49:01.748+00:00,True,71,71.0,,71.0,2989.695575,7234.625879000001,7234.625927,101.89613981690141,11.001199,2989.695575,347.77039432086946,68.937007,60.64186148571429,10.479511279867763,9.813914525434162,41,64,,False,True,,322,87.6246207195492
4,2026-09-18T06:48:54.953+00:00,2026-09-18T06:48:58.956+00:00,2026-09-18T06:49:02.032+00:00,True,52,52.0,,52.0,4002.172784,7079.114863999999,7079.114716,136.13682146153846,15.75573,4002.172784,546.7554519029386,70.3486632,60.33219764705882,11.593332757574323,7.345551103350483,41,64,,False,True,,274,87.6246207195492
5,2026-09-18T06:48:55.329+00:00,2026-09-18T06:49:00.159+00:00,2026-09-18T06:49:03.263+00:00,True,53,53.0,,53.0,4829.876415,7934.450623,7934.450825999999,149.70661935849057,0.0,4829.876415,655.3851894362925,70.0348838,59.70335015384615,14.229864640430737,6.679731530040174,41,64,,False,True,,220,87.6246207195492
6,2026-09-18T06:48:55.799+00:00,2026-09-18T06:49:01.911+00:00,2026-09-18T06:49:07.925+00:00,True,99,99.0,,99.0,6111.323024,12125.296272,12125.296299,122.4777403939394,0.0,6111.323024,608.9189514979805,70.1958978,61.36707395918367,32.809065208601545,8.164748949566945,41,64,,False,True,,384,87.6246207195492
7,2026-09-18T06:48:56.156+00:00,2026-09-18T06:49:03.260+00:00,2026-09-18T06:49:04.376+00:00,True,20,20.0,,20.0,7103.685780000001,8219.634324,8219.634186000001,410.98170930000003,37.51575,7103.685780000001,1575.325987726115,422.38034260000006,58.73413389473684,9.459751579269708,2.4331982679087365,41,64,,False,True,,91,87.6246207195492
8,2026-09-18T06:48:56.681+00:00,2026-09-18T06:49:05.366+00:00,2026-09-18T06:49:05.613+00:00,True,5,5.0,,5.0,8684.898591,8932.227615,8932.227652,1786.4455303999998,57.774603000000006,8684.898591,3856.3534661016665,6960.9931725999995,61.832256,3.15882926925446,0.5597707778520375,41,64,,False,True,,11,87.6246207195492
9,2026-09-18T06:48:57.115+00:00,2026-09-18T06:49:06.925+00:00,2026-09-18T06:49:07.910+00:00,True,13,13.0,,13.0,9810.097581,10795.482285,10795.48234,830.4217184615385,54.976048000000006,9810.097581,2698.948710232643,4111.159251,82.115392,72.46499149692558,1.2042074320350755,41,64,,False,True,,53,87.6246207195492
10,2026-09-18T06:48:57.561+00:00,2026-09-18T06:49:08.525+00:00,2026-09-18T06:49:12.624+00:00,True,70,70.0,,70.0,10963.882017000002,15062.353185000002,15062.353031000002,215.1764718714286,0.0,10963.882017000002,1303.5092738399858,68.21863945,59.39813286956522,21.463742644647457,4.647348202517932,41,64,,False,True,,329,87.6246207195492
11,2026-09-18T06:48:58.049+00:00,2026-09-18T06:49:10.153+00:00,2026-09-18T06:49:11.496+00:00,True,23,23.0,,23.0,12104.617377,13446.951329,13446.951142,584.650049652174,0.0,12104.617377,2511.5517433196032,198.02144479999998,61.015179636363634,38.86708633675936,1.71042487157648,41,64,,False,True,,69,87.6246207195492
12,2026-09-18T06:48:58.394+00:00,2026-09-18T06:49:11.435+00:00,2026-09-18T06:49:17.075+00:00,True,95,95.0,,95.0,13041.229006,18680.952782,18680.952726,196.64160764210527,0.0,13041.229006,1332.2832063623052,68.57971739999999,59.99706144680851,34.300179381381106,5.0853937220770185,41,64,,False,True,,391,87.6246207195492
13,2026-09-18T06:48:58.897+00:00,2026-09-18T06:49:13.601+00:00,2026-09-18T06:49:19.264+00:00,True,96,96.0,,96.0,14704.252165999998,20367.068421999997,20367.068422999997,212.15696273958332,0.0,14704.252165999998,1495.0611691320091,69.2368885,59.608592168421055,34.699556974240366,4.713491309151945,41,64,,False,True,,420,87.6246207195492
14,2026-09-18T06:48:59.299+00:00,2026-09-18T06:49:14.850+00:00,2026-09-18T06:49:19.264+00:00,True,75,75.0,,75.0,15551.713361,19965.455185,19965.455199,266.20606932,0.0,15551.713361,1789.1362657324316,69.1833177,59.64515978378379,31.079505794404703,3.7564883597718985,41,64,,False,True,,339,87.6246207195492
15,2026-09-18T06:48:59.865+00:00,2026-09-18T06:49:17.072+00:00,2026-09-18T06:49:21.609+00:00,True,74,74.0,,74.0,17207.653174,21743.769654,21743.769594999998,293.8347242567568,0.0,17207.653174,1993.8676195976097,87.13873575,62.13858191780822,54.768344176380786,3.403273727487584,41,64,,False,True,,298,87.6246207195492
16,2026-09-18T06:49:00.288+00:00,2026-09-18T06:49:18.563+00:00,2026-09-18T06:49:19.316+00:00,True,14,14.0,,14.0,18274.529070999997,19028.304430999997,19028.304469999995,1359.1646049999997,40.896114000000004,18274.529070999997,4868.5841657865785,6440.4326618,57.98272,8.814445149334357,0.7357460592858645,41,64,,False,True,,70,87.6246207195492
17,2026-09-18T06:49:00.707+00:00,2026-09-18T06:49:20.262+00:00,2026-09-18T06:49:22.415+00:00,True,37,37.0,,37.0,19554.291892999998,21707.604149,21707.604331,586.6920089459459,0.0,19554.291892999998,3205.7330859068193,167.4874728,59.81422933333334,75.3343069070122,1.7044718406524137,41,64,,False,True,,162,87.6246207195492
18,2026-09-18T06:49:01.099+00:00,2026-09-18T06:49:21.651+00:00,2026-09-18T06:49:22.659+00:00,True,20,20.0,,20.0,20552.337558,21560.382358,21560.382405,1078.01912025,0.02343,20552.337558,4583.83598016636,1119.3673269,53.054989473684216,23.496029857472053,0.9276273336858974,41,64,,False,True,,98,87.6246207195492
19,2026-09-18T06:49:01.652+00:00,2026-09-18T06:49:23.719+00:00,2026-09-18T06:49:26.521+00:00,True,48,48.0,,48.0,22066.374705,24868.768816999996,24868.768758,518.099349125,0.0,22066.374705,3176.759094372814,82.1822326,59.62540663829787,48.23597843830362,1.9301317388574446,41,64,,False,True,,240,87.6246207195492
20,2026-09-18T06:49:02.158+00:00,2026-09-18T06:49:25.513+00:00,2026-09-18T06:49:29.628+00:00,True,70,70.0,,70.0,23355.551,27470.279448,27470.279384,392.4325626285714,0.0,23355.551,2784.7622473093375,70.66897385,59.6337456231884,45.57579798579926,2.548208515042843,41,64,,False,True,,342,87.6246207195492
21,2026-09-18T06:49:02.581+00:00,2026-09-18T06:49:27.271+00:00,2026-09-18T06:49:31.911+00:00,True,78,78.0,,78.0,24689.483601,29329.672017,29329.672069,376.0214367820513,0.0,24689.483601,2789.054780245837,71.1464218,60.26218722077922,44.1294008329883,2.659422851874709,41,64,,False,True,,367,87.6246207195492
22,2026-09-18T06:49:02.982+00:00,2026-09-18T06:49:28.763+00:00,2026-09-18T06:49:29.692+00:00,True,16,16.0,,16.0,25781.363072,26710.193792000002,26710.193816,1669.3871135,39.451186,25781.363072,6429.863980491605,6497.902035500001,61.922048,7.164004239435932,0.5990222356526734,41,64,,False,True,,65,87.6246207195492
23,2026-09-18T06:49:03.490+00:00,2026-09-18T06:49:30.844+00:00,2026-09-18T06:49:35.196+00:00,True,73,73.0,,73.0,27353.98393,31705.470137999997,31705.470115999997,434.32150843835615,0.0,27353.98393,3195.4449130829944,70.77952,60.43730844444445,79.56292155127652,2.302441808377641,41,64,,False,True,,346,87.6246207195492
24,2026-09-18T06:49:04.032+00:00,2026-09-18T06:49:33.441+00:00,2026-09-18T06:49:34.470+00:00,True,25,25.0,,25.0,29408.923340999998,30438.179277,30438.179339,1217.52717356,0.0,29408.923340999998,5873.261821819458,64.545926,42.885664,25.795444384079698,0.8213369062745073,41,64,,False,True,,101,87.6246207195492
25,2026-09-18T06:49:04.582+00:00,2026-09-18T06:49:35.207+00:00,2026-09-18T06:49:35.207+00:00,True,1,1.0,,1.0,30624.712693999998,30624.712693999998,30624.712693999998,30624.712693999998,30624.712693999998,30624.712693999998,nan,30624.712693999998,nan,nan,0.032653367559458614,41,64,,False,True,,3,87.6246207195492
26,2026-09-18T06:49:05.045+00:00,2026-09-18T06:49:36.658+00:00,2026-09-18T06:49:36.746+00:00,True,2,2.0,,2.0,31613.316967,31701.411943,31701.411775,15850.7058875,88.094808,31613.316967,22291.69836704131,30037.055859049997,88.094976,nan,0.06308867263060883,41,64,,False,True,,3,87.6246207195492
27,2026-09-18T06:49:05.469+00:00,2026-09-18T06:49:38.210+00:00,2026-09-18T06:49:38.995+00:00,True,8,8.0,,8.0,32741.177381999998,33526.282022,33526.281984,4190.785248,0.0,32741.177381999998,11537.215651585047,21457.338442549997,112.15780571428571,173.25847533853297,0.23861876466798163,41,64,,False,True,,31,87.6246207195492
28,2026-09-18T06:49:05.882+00:00,2026-09-18T06:49:39.570+00:00,2026-09-18T06:49:43.010+00:00,True,58,58.0,,58.0,33688.41547,37128.283118,37128.283044,640.1428111034483,32.278541000000004,33688.41547,4415.600205946295,96.2803307,60.348555228070175,12.963353309308898,1.5621514147494011,41,64,,False,True,,219,87.6246207195492
29,2026-09-18T06:49:06.361+00:00,2026-09-18T06:49:41.680+00:00,2026-09-18T06:49:42.134+00:00,True,8,8.0,,8.0,35318.759689000006,35773.466633000004,35773.46676,4471.683345,37.76026,35318.759689000006,12464.120646987103,22992.064485450006,64.95813485714285,23.864571424762325,0.22362943133445803,41,64,,False,True,,24,87.6246207195492
30,2026-09-18T06:49:06.891+00:00,2026-09-18T06:49:43.917+00:00,2026-09-18T06:49:45.928+00:00,True,34,34.0,,34.0,37025.655357,39037.381437000004,39037.38144600001,1148.1582778235295,0.0,37025.655357,6340.151026242361,272.31551120000006,60.96139636363637,99.57669399591623,0.8709600579862274,41,64,,False,True,,164,87.6246207195492
31,2026-09-18T06:49:07.431+00:00,2026-09-18T06:49:45.681+00:00,2026-09-18T06:49:46.785+00:00,True,18,18.0,,18.0,38249.517937,39354.371952999994,39354.371828999996,2186.3539905,40.787794000000005,38249.517937,9000.188162892762,5821.051768349999,64.99141270588235,13.081288823466,0.45738247383281777,41,64,,False,True,,56,87.6246207195492
32,2026-09-18T06:49:07.971+00:00,2026-09-18T06:49:48.180+00:00,2026-09-18T06:49:52.460+00:00,True,63,63.0,,63.0,40208.468560999994,44488.93064099999,44488.930733999994,706.1735037142856,0.0,40208.468560999994,5058.2361368215215,91.61824380000002,69.03971096774194,108.42482979846743,1.4160825871130431,41,64,,False,True,,306,87.6246207195492
33,2026-09-18T06:49:08.410+00:00,2026-09-18T06:49:49.757+00:00,2026-09-18T06:49:53.353+00:00,True,59,59.0,,59.0,41346.972426,44942.37825,44942.378134,761.7352226101694,0.0,41346.972426,5375.474116768976,90.86833649999998,61.9897555862069,82.82938508144048,1.3127921195403136,41,64,,False,True,,218,87.6246207195492
34,2026-09-18T06:49:08.975+00:00,2026-09-18T06:49:52.470+00:00,2026-09-18T06:49:54.106+00:00,True,33,33.0,,33.0,43495.10399,45130.425846000006,45130.425783000006,1367.5886600909091,0.0,43495.10399,7562.672447749189,82.5415696,51.103808,25.829413853936227,0.7312140176254253,41,64,,False,True,,139,87.6246207195492
35,2026-09-18T06:49:09.408+00:00,2026-09-18T06:49:53.781+00:00,2026-09-18T06:49:54.643+00:00,True,14,14.0,,14.0,44373.358097000004,45235.40276900001,45235.402846000005,3231.1002032857145,56.08935700000001,44373.358097000004,11841.56127721848,15596.32037055,66.31112861538462,11.19011507349516,0.3094921044804812,41,64,,False,True,,65,87.6246207195492
36,2026-09-18T06:49:09.755+00:00,2026-09-18T06:49:55.157+00:00,2026-09-18T06:50:00.018+00:00,True,79,79.0,,79.0,45401.155525,50262.545605,50262.545777,636.2347566708861,32.48688,45401.155525,5101.038182438072,92.5183785,62.32551384615385,14.827545621471288,1.5717468952098055,41,64,,False,True,,352,87.6246207195492
37,2026-09-18T06:49:10.200+00:00,2026-09-18T06:49:57.021+00:00,2026-09-18T06:49:58.130+00:00,True,20,20.0,,20.0,46821.255101999996,47930.150334,47930.150566,2396.5075282999996,34.505936,46821.255101999996,10456.509419735852,2430.18820875,58.36290694736842,13.973385124941222,0.4172738841967013,41,64,,False,True,,67,87.6246207195492
38,2026-09-18T06:49:10.658+00:00,2026-09-18T06:49:59.078+00:00,2026-09-18T06:50:03.883+00:00,True,79,79.0,,79.0,48420.085668,53225.095076,53225.095024,673.7353800506329,0.0,48420.085668,5442.544077392748,98.61142039999999,61.60268471794872,140.46503084674436,1.4842622617619767,41,64,,False,True,,436,87.6246207195492
39,2026-09-18T06:49:11.089+00:00,2026-09-18T06:50:00.783+00:00,2026-09-18T06:50:00.835+00:00,True,3,3.0,,3.0,49693.791434,49745.396682,49745.396799,16581.798933,10.604190000000001,49693.791434,28675.830703466716,44728.512408099996,25.802624,21.493692896703255,0.060307087692508594,41,64,,False,True,,19,87.6246207195492
40,2026-09-18T06:49:11.535+00:00,2026-09-18T06:50:02.898+00:00,2026-09-18T06:50:04.946+00:00,True,34,34.0,,34.0,51362.867270999996,53410.140487,53410.140503999995,1570.8864854117646,37.010472,51362.867270999996,8798.028587458248,95.2857049,62.0385823030303,12.815431658730152,0.636583234756246,41,64,,False,True,,158,87.6246207195492
41,2026-09-18T06:49:11.971+00:00,2026-09-18T06:50:04.846+00:00,2026-09-18T06:50:06.912+00:00,True,33,33.0,,33.0,52875.264227,54941.627363,54941.627365,1664.8977989393939,35.774663999999994,52875.264227,9193.172926058622,102.551433,64.573848,14.924245489967888,0.6006374689626246,41,64,,False,True,,160,87.6246207195492
42,2026-09-18T06:49:12.395+00:00,2026-09-18T06:50:06.322+00:00,2026-09-18T06:50:08.281+00:00,True,32,32.0,,32.0,53927.486691,55885.666274999996,55885.666349,1746.42707340625,34.753016,53927.486691,9521.967025711205,97.16566405000002,63.16708335483871,14.450637631624115,0.5725976289257366,41,64,,False,True,,109,87.6246207195492
43,2026-09-18T06:49:12.902+00:00,2026-09-18T06:50:08.280+00:00,2026-09-18T06:50:11.614+00:00,True,54,54.0,,54.0,55378.005322,58712.008777999996,58712.008742,1087.259421148148,0.0,55378.005322,7528.218711202182,95.12962234999999,62.90572558490566,109.90050978742737,0.9197436967994589,41,64,,False,True,,286,87.6246207195492
44,2026-09-18T06:49:13.304+00:00,2026-09-18T06:50:09.902+00:00,2026-09-18T06:50:09.902+00:00,True,1,1.0,,1.0,56597.698928000005,56597.698928000005,56597.698928000005,56597.698928000005,56597.698928000005,56597.698928000005,nan,56597.698928000005,nan,nan,0.017668562838078213,41,64,,False,True,,4,87.6246207195492
45,2026-09-18T06:49:13.692+00:00,2026-09-18T06:50:11.140+00:00,2026-09-18T06:50:13.891+00:00,True,48,48.0,,48.0,57448.08384399999,60199.518339999995,60199.518259,1254.1566303958332,31.351702,57448.08384399999,8283.472441501672,67.25192684999998,58.5411594893617,9.615276430942608,0.7973485722743077,41,64,,False,True,,192,87.6246207195492
46,2026-09-18T06:49:14.241+00:00,2026-09-18T06:50:13.184+00:00,2026-09-18T06:50:17.612+00:00,True,72,72.0,,72.0,58943.416883,63371.413811,63371.413725,880.1585239583333,0.016800000000000002,58943.416883,6940.054457267516,90.90961425000002,62.36615391549296,109.7793828065707,1.1361589661662599,41,64,,False,True,,293,87.6246207195492
47,2026-09-18T06:49:14.673+00:00,2026-09-18T06:50:14.898+00:00,2026-09-18T06:50:16.227+00:00,True,22,22.0,,22.0,60224.561435,61554.307099000005,61554.307072,2797.923048727273,39.788436999999995,60224.561435,12826.422930104298,91.29287634999999,63.3212220952381,9.597305268766863,0.3574079708933545,41,64,,False,True,,81,87.6246207195492
48,2026-09-18T06:49:15.122+00:00,2026-09-18T06:50:17.198+00:00,2026-09-18T06:50:20.289+00:00,True,60,60.0,,60.0,62076.002296,65167.873016,65167.872962,1086.1312160333332,0.0,62076.002296,8008.134245762783,128.7627703,52.40458847457627,122.57322418163646,0.920699068776862,41,64,,False,True,,276,87.6246207195492
49,2026-09-18T06:49:15.480+00:00,2026-09-18T06:50:18.264+00:00,2026-09-18T06:50:21.593+00:00,True,54,54.0,,54.0,62783.937784999995,66112.623865,66112.623845,1224.3078489814814,0.0,62783.937784999995,8536.211674418415,95.17855704999998,62.80539773584906,128.3413214481532,0.8167880329521694,41,64,,False,True,,211,87.6246207195492
50,2026-09-18T06:49:15.917+00:00,2026-09-18T06:50:20.215+00:00,2026-09-18T06:50:20.609+00:00,True,19,19.0,,19.0,64297.181799000005,64691.300455000004,64691.300242000005,3404.805275894737,0.0,64297.181799000005,14745.791161616868,6490.2830283,21.895480888888887,30.185063189936827,0.29370255144610385,41,64,,False,True,,67,87.6246207195492
51,2026-09-18T06:49:16.438+00:00,2026-09-18T06:50:21.742+00:00,2026-09-18T06:50:22.245+00:00,True,9,9.0,,9.0,65304.081829,65807.280037,65807.280161,7311.92001788889,43.444919999999996,65304.081829,21747.064389517047,39219.4095814,62.899776,13.580557753487783,0.13676298420083263,41,64,,False,True,,25,87.6246207195492
52,2026-09-18T06:49:16.923+00:00,2026-09-18T06:50:23.721+00:00,2026-09-18T06:50:28.915+00:00,True,84,84.0,,84.0,66797.918649,71992.283577,71992.283616,857.0509954285715,36.217654,66797.918649,7281.43233865904,92.4133101,62.58270997590362,12.281240815449456,1.1667917147003268,41,64,,False,True,,379,87.6246207195492
53,2026-09-18T06:49:17.509+00:00,2026-09-18T06:50:25.929+00:00,2026-09-18T06:50:27.914+00:00,True,32,32.0,,32.0,68420.454934,70405.07803799999,70405.077983,2200.15868696875,35.741544000000005,68420.454934,12083.832707560281,94.19576409999999,64.02010012903226,14.183152759555355,0.45451266999133955,41,64,,False,True,,137,87.6246207195492
54,2026-09-18T06:49:18.071+00:00,2026-09-18T06:50:27.978+00:00,2026-09-18T06:50:32.230+00:00,True,58,58.0,,58.0,69906.33343000001,74158.38283800002,74158.38274600002,1278.5928059655175,0.0,69906.33343000001,9170.286755738625,92.39987605,74.59735803508772,131.8008946047777,0.7821098273771931,41,64,,False,True,,258,87.6246207195492
55,2026-09-18T06:49:18.504+00:00,2026-09-18T06:50:29.523+00:00,2026-09-18T06:50:32.767+00:00,True,53,53.0,,53.0,71018.679645,74263.213149,74263.213169,1401.1927013018867,0.0,71018.679645,9747.605260118382,94.36957559999999,62.39487507692308,141.68477726790164,0.7136777113813001,41,64,,False,True,,246,87.6246207195492
56,2026-09-18T06:49:18.985+00:00,2026-09-18T06:50:32.231+00:00,2026-09-18T06:50:36.233+00:00,True,78,78.0,,78.0,73245.57708300001,77247.10258700002,77247.10264000001,990.3474697435898,0.0,73245.57708300001,8288.35057056879,82.23880095,51.96786368831169,116.36538496553689,1.0097466103942478,41,64,,False,True,,155,87.6246207195492
57,2026-09-18T06:49:19.362+00:00,2026-09-18T06:50:32.726+00:00,2026-09-18T06:50:33.107+00:00,True,8,8.0,,8.0,73364.429508,73744.935108,73744.935126,9218.11689075,40.107346,73364.429508,25919.026494199934,47710.7198236,54.35794285714286,11.346091736572017,0.10848202643725892,41,64,,False,True,,17,87.6246207195492
58,2026-09-18T06:49:19.890+00:00,2026-09-18T06:50:34.755+00:00,2026-09-18T06:50:40.116+00:00,True,89,89.0,,89.0,74864.38532799999,80225.85041599999,80225.850394,901.4140493707864,0.03632,74864.38532799999,7929.165151936507,89.5264252,60.92573963636363,15.142031666300069,1.1093681093874714,41,64,,False,True,,292,87.6246207195492
59,2026-09-18T06:49:20.353+00:00,2026-09-18T06:50:36.404+00:00,2026-09-18T06:50:41.186+00:00,True,77,77.0,,77.0,76050.158677,80832.721749,80832.721664,1049.775606025974,36.428873,76050.158677,8659.559107746089,97.8859812,62.928461473684216,13.606229014367495,0.9525845268343025,41,64,,False,True,,341,87.6246207195492
60,2026-09-18T06:49:20.898+00:00,2026-09-18T06:50:38.693+00:00,2026-09-18T06:50:40.077+00:00,True,23,23.0,,23.0,77794.651696,79179.12888,79179.128738,3442.570814695652,40.902404000000004,77794.651696,16208.18878047709,105.84230479999998,62.93078109090909,12.415354533336682,0.29048058908121693,41,64,,False,True,,86,87.6246207195492
61,2026-09-18T06:49:21.568+00:00,2026-09-18T06:50:39.870+00:00,2026-09-18T06:50:43.370+00:00,True,56,56.0,,56.0,78302.121206,81802.754294,81802.754217,1460.7634681607142,39.568486,78302.121206,10455.065711250298,97.3856875,63.64787432727273,14.547627321038432,0.6845735266900108,41,64,,False,True,,234,87.6246207195492
62,2026-09-18T06:49:21.869+00:00,2026-09-18T06:50:42.286+00:00,2026-09-18T06:50:44.341+00:00,True,34,34.0,,34.0,80416.496356,82471.881188,82471.881332,2425.643568588235,36.903062,80416.496356,13780.639288791952,93.1141304,62.28438884848485,12.64637219461549,0.41226172496895996,41,64,,False,True,,189,87.6246207195492
63,2026-09-18T06:49:22.294+00:00,2026-09-18T06:50:44.033+00:00,2026-09-18T06:50:44.505+00:00,True,9,9.0,,9.0,81739.016691,82210.17214699999,82210.17201899999,9134.463557666666,41.629243,81739.016691,27226.70837518316,49069.9538854,58.894432,7.689813781226621,0.1094755036384926,41,64,,False,True,,23,87.6246207195492
64,2026-09-18T06:49:22.808+00:00,2026-09-18T06:50:45.797+00:00,2026-09-18T06:50:48.444+00:00,True,45,45.0,,45.0,82988.641582,85636.37278199999,85636.37291199999,1903.0305091555554,37.309761,82988.641582,12362.25103495943,88.56820179999998,60.175709090909095,11.511620365892476,0.5254776508873645,41,64,,False,True,,191,87.6246207195492
65,2026-09-18T06:49:23.285+00:00,2026-09-18T06:50:47.674+00:00,2026-09-18T06:50:49.779+00:00,True,35,35.0,,35.0,84388.791015,86493.833447,86493.83355899999,2471.2523874,38.282129,84388.791015,14253.849613610735,95.6314353,61.91301270588236,12.902475401958323,0.4046531250282324,41,64,,False,True,,173,87.6246207195492
66,2026-09-18T06:49:23.818+00:00,2026-09-18T06:50:49.603+00:00,2026-09-18T06:50:49.841+00:00,True,5,5.0,,5.0,85785.45861399999,86023.888822,86023.888673,17204.777734599997,48.166610999999996,85785.45861399999,38337.766734468154,68641.79249239998,59.607552,8.070387054496623,0.05812338954294387,41,64,,False,True,,21,87.6246207195492
67,2026-09-18T06:49:24.299+00:00,2026-09-18T06:50:51.363+00:00,2026-09-18T06:50:57.197+00:00,True,94,94.0,,94.0,87063.32450300001,92897.76239100001,92897.76231600001,988.2740671914895,36.391183,87063.32450300001,8973.431869287631,90.7197218,62.7358912688172,10.704498906085144,1.0118650609081492,41,64,,False,True,,112,87.6246207195492
68,2026-09-18T06:49:24.648+00:00,2026-09-18T06:50:52.761+00:00,2026-09-18T06:50:55.676+00:00,True,47,47.0,,47.0,88113.429562,91028.611898,91028.611948,1936.7789776170214,35.486964,88113.429562,12843.426585560035,96.4222559,63.37352904347826,12.458373625159904,0.5163211766061505,41,64,,False,True,,180,87.6246207195492
69,2026-09-18T06:49:25.196+00:00,2026-09-18T06:50:54.632+00:00,2026-09-18T06:50:55.804+00:00,True,20,20.0,,20.0,89436.569768,90608.286376,90608.28651,4530.4143255,40.173035000000006,89436.569768,19984.839890213203,4560.1190925,61.66929515789474,13.927754217831104,0.22073036363368997,41,64,,False,True,,74,87.6246207195492
70,2026-09-18T06:49:25.528+00:00,2026-09-18T06:50:55.930+00:00,2026-09-18T06:50:57.884+00:00,True,32,32.0,,32.0,90401.389355,92355.11684300001,92355.11679,2886.0973996875,38.620629,90401.389355,15969.719484629555,78.5807941,63.02346735483871,7.499730831911812,0.3464886526471372,41,64,,False,True,,148,87.6246207195492
71,2026-09-18T06:49:26.055+00:00,2026-09-18T06:50:57.759+00:00,2026-09-18T06:51:02.773+00:00,True,82,82.0,,82.0,91703.973729,96718.055009,96718.055009,1179.4884757195123,37.679041,91703.973729,10120.177308603214,69.5772341,61.90223802469136,8.470605499023412,0.8478251552139833,41,64,,False,True,,324,87.6246207195492
72,2026-09-18T06:49:26.462+00:00,2026-09-18T06:50:59.180+00:00,2026-09-18T06:51:03.297+00:00,True,67,67.0,,67.0,92718.19391500001,96835.79545100001,96835.79554400001,1445.3103812537315,37.058362,92718.19391500001,11319.71222946342,84.6740954,62.38790206060606,9.459557097064502,0.6918929068321925,41,64,,True,True,,236,87.6246207195492
73,2026-09-18T06:49:26.904+00:00,2026-09-18T06:51:01.042+00:00,2026-09-18T06:51:03.142+00:00,True,35,35.0,,35.0,94138.236549,96238.270085,96238.27015299999,2749.6648615142853,38.047509,94138.236549,15901.82710112153,71.0890464,61.76569223529412,6.214390569324129,0.36368068512751883,41,64,,True,True,,164,87.6246207195492
74,2026-09-18T06:49:27.249+00:00,2026-09-18T06:51:02.516+00:00,2026-09-18T06:51:04.422+00:00,True,31,31.0,,31.0,95267.418722,97173.42397,97173.423995,3134.626580483871,54.699999000000005,95267.418722,17099.123914968306,81.2831045,63.533508266666665,6.929216519379309,0.3190172655598769,41,64,,True,True,,162,87.6246207195492
75,2026-09-18T06:49:27.787+00:00,2026-09-18T06:51:04.419+00:00,2026-09-18T06:51:04.724+00:00,True,6,6.0,,6.0,96632.30756,96937.656424,96937.656305,16156.276050833334,54.991968,96632.30756,39425.042936787344,72490.86790175,61.069772799999996,4.3554207333688435,0.06189545137914547,41,64,,True,True,,14,87.6246207195492
76,2026-09-18T06:49:28.343+00:00,2026-09-18T06:51:06.638+00:00,2026-09-18T06:51:11.898+00:00,True,85,85.0,,85.0,98295.122537,103554.27312900001,103554.273134,1218.2855662823529,35.806074,98295.122537,10654.818928968882,92.184586,62.60893561904762,12.158723287599514,0.8208256157050466,41,64,,True,True,,388,87.6246207195492
77,2026-09-18T06:49:28.930+00:00,2026-09-18T06:51:08.664+00:00,2026-09-18T06:51:14.023+00:00,True,86,86.0,,86.0,99734.54736699999,105093.38487099999,105093.38493999999,1222.0161039534883,35.734814,99734.54736699999,10747.859249298235,86.196893,63.04514710588236,10.170727133257875,0.8183198219903496,41,64,,True,True,,396,87.6246207195492
78,2026-09-18T06:49:29.260+00:00,2026-09-18T06:51:10.109+00:00,2026-09-18T06:51:10.560+00:00,True,8,8.0,,8.0,100848.804418,101300.277314,101300.277113,12662.534639125,61.284926,100848.804418,35632.63402354833,65576.14511255,64.496128,2.867087129206924,0.07897313030252065,41,64,,True,True,,36,87.6246207195492
79,2026-09-18T06:49:29.630+00:00,2026-09-18T06:51:11.771+00:00,2026-09-18T06:51:13.832+00:00,True,34,34.0,,34.0,102141.141539,104201.517091,104201.516946,3064.750498411765,42.447790999999995,102141.141539,17506.356143785273,88.99341534999999,62.43562278787879,9.510829844632513,0.3262908348091279,41,64,,True,True,,155,87.6246207195492
80,2026-09-18T06:49:30.004+00:00,2026-09-18T06:51:13.018+00:00,2026-09-18T06:51:14.081+00:00,True,18,18.0,,18.0,103014.298406,104077.241894,104077.242089,5782.069004944445,57.051455000000004,103014.298406,24265.965601020696,15511.42666025,62.52608752941176,2.8410906903827913,0.17294847242716652,41,64,,True,True,,72,87.6246207195492
81,2026-09-18T06:49:30.549+00:00,2026-09-18T06:51:14.954+00:00,2026-09-18T06:51:19.207+00:00,True,66,66.0,,66.0,104405.038917,108658.558021,108658.558164,1646.3417903636364,37.46876,104405.038917,12843.321519830497,92.16099675,65.43875544615385,10.916526323253013,0.6074072875810155,41,64,,True,True,,237,87.6246207195492
82,2026-09-18T06:49:31.103+00:00,2026-09-18T06:51:16.986+00:00,2026-09-18T06:51:20.396+00:00,True,53,53.0,,53.0,105883.166955,109292.502507,109292.50266499999,2062.1226917924528,38.725419,105883.166955,14535.171092440476,94.519201,65.56414523076923,12.762415095693068,0.48493719865738677,41,64,,True,True,,202,87.6246207195492
83,2026-09-18T06:49:31.434+00:00,2026-09-18T06:51:18.477+00:00,2026-09-18T06:51:18.959+00:00,True,8,8.0,,8.0,107043.31158,107524.992988,107524.992959,13440.624119875,37.762190000000004,107043.31158,37821.20072510328,69610.312263,68.81162971428571,17.72273300607208,0.07440130687469858,41,64,,True,True,,31,87.6246207195492
84,2026-09-18T06:49:31.905+00:00,2026-09-18T06:51:20.107+00:00,2026-09-18T06:51:25.055+00:00,True,80,80.0,,80.0,108201.72188,113149.945368,113149.94538399999,1414.3743173,38.280589,108201.72188,12090.32247797049,93.78103895,62.635740354430375,11.171948529909494,0.7070264129586123,41,64,,True,True,,311,87.6246207195492
85,2026-09-18T06:49:32.467+00:00,2026-09-18T06:51:22.224+00:00,2026-09-18T06:51:26.791+00:00,True,74,74.0,,74.0,109756.97338600001,114323.552074,114323.55188600002,1544.9128633243245,36.104423000000004,109756.97338600001,12751.721306089226,87.72486729999999,62.55587243835616,10.527948206770937,0.6472856962325738,41,64,,True,True,,298,87.6246207195492
86,2026-09-18T06:49:32.943+00:00,2026-09-18T06:51:24.268+00:00,2026-09-18T06:51:26.210+00:00,True,32,32.0,,32.0,111324.768119,113266.205559,113266.205527,3539.56892271875,46.137755,111324.768119,19668.554535808424,77.5099639,62.62701419354839,6.113564434507633,0.2825202790370805,41,64,,True,True,,90,87.6246207195492
87,2026-09-18T06:49:33.299+00:00,2026-09-18T06:51:25.584+00:00,2026-09-18T06:51:27.436+00:00,True,31,31.0,,31.0,112285.262255,114136.99806299999,114136.997968,3681.838644129032,34.926805,112285.262255,20155.946106260188,94.13004049999999,61.72452693333333,12.451006204149763,0.2716034285647585,41,64,,True,True,,153,87.6246207195492
88,2026-09-18T06:49:33.842+00:00,2026-09-18T06:51:28.097+00:00,2026-09-18T06:51:32.758+00:00,True,76,76.0,,76.0,114254.245875,118915.690483,118915.690609,1564.6801395921052,36.201862999999996,114254.245875,13098.736955504943,93.0602305,62.152594773333334,12.100495374424804,0.6391082597368835,41,64,,True,True,,315,87.6246207195492
89,2026-09-18T06:49:34.400+00:00,2026-09-18T06:51:30.467+00:00,2026-09-18T06:51:34.211+00:00,True,59,59.0,,59.0,116066.81189499999,119810.77733499999,119810.77742599999,2030.6911428135593,37.285441,116066.81189499999,15102.213129303947,92.8152919,64.55112827586207,12.55529972893053,0.4924431784215166,41,64,,True,True,,255,87.6246207195492
90,2026-09-18T06:49:35.194+00:00,2026-09-18T06:51:32.107+00:00,2026-09-18T06:51:32.107+00:00,True,1,1.0,,1.0,116912.748983,116912.748983,116912.748983,116912.748983,116912.748983,116912.748983,nan,116912.748983,nan,nan,0.008553387108752421,41,64,,True,True,,3,87.6246207195492
91,2026-09-18T06:49:35.230+00:00,2026-09-18T06:51:32.463+00:00,2026-09-18T06:51:34.804+00:00,True,37,37.0,,37.0,117233.756008,119574.63716,119574.637046,3231.746947189189,39.151227,117233.756008,19262.426726764123,96.97899460000001,65.02447644444445,15.314357427917567,0.30943016745675905,41,64,,True,True,,203,87.6246207195492
92,2026-09-18T06:49:35.676+00:00,2026-09-18T06:51:35.838+00:00,2026-09-18T06:51:36.020+00:00,True,4,4.0,,4.0,120161.338148,120343.51389199999,120343.513801,30085.87845025,54.417108999999996,120161.338148,60050.306853661226,102147.6696998,60.725248,8.365843075225353,0.03323818518038059,41,64,,True,True,,15,87.6246207195492
93,2026-09-18T06:49:36.198+00:00,2026-09-18T06:51:37.922+00:00,2026-09-18T06:51:41.093+00:00,True,52,52.0,,52.0,121724.815741,124895.762557,124895.762403,2401.841584673077,40.378745,121724.815741,16871.57552841109,92.73050325,62.17542776470588,10.01509809525462,0.4163471917333321,41,64,,True,True,,207,87.6246207195492
94,2026-09-18T06:49:36.757+00:00,2026-09-18T06:51:40.020+00:00,2026-09-18T06:51:44.387+00:00,True,72,72.0,,72.0,123262.28486300001,127629.55679900001,127629.55670100001,1772.6327319583334,37.76766000000001,123262.28486300001,14519.353017467638,72.14265719999999,61.51087233802817,8.68552948464776,0.564132649252952,41,64,,True,True,,143,87.6246207195492
95,2026-09-18T06:49:37.345+00:00,2026-09-18T06:51:42.564+00:00,2026-09-18T06:51:45.687+00:00,True,52,52.0,,52.0,125218.345739,128341.778443,128341.778435,2468.11112375,33.390648,125218.345739,17356.168898865028,68.8770701,61.243778509803924,7.631150083188288,0.40516814268001267,41,64,,True,True,,231,87.6246207195492
96,2026-09-18T06:49:37.857+00:00,2026-09-18T06:51:44.450+00:00,2026-09-18T06:51:48.023+00:00,True,61,61.0,,61.0,126592.634683,130165.889851,130165.889824,2133.8670462950818,32.834668,126592.634683,16200.904333641178,69.077481,59.5542528,10.749853870544818,0.46863275831960494,41,64,,True,True,,336,87.6246207195492
97,2026-09-18T06:49:38.272+00:00,2026-09-18T06:51:45.752+00:00,2026-09-18T06:51:49.446+00:00,True,62,62.0,,62.0,127480.258702,131174.16103800002,131174.160827,2115.7122714032257,35.441174,127480.258702,16182.321354591866,70.53491905000001,60.555776,9.768775559069471,0.4726540616641652,41,64,,True,True,,233,87.6246207195492
98,2026-09-18T06:49:38.728+00:00,2026-09-18T06:51:47.729+00:00,2026-09-18T06:51:49.079+00:00,True,23,23.0,,23.0,129001.045189,130350.754757,130350.754653,5667.424115347826,37.876858999999996,129001.045189,26885.78611547575,75.7035777,61.35043490909091,8.270102073315575,0.17644700287985768,41,64,,True,True,,74,87.6246207195492
99,2026-09-18T06:49:39.321+00:00,2026-09-18T06:51:49.443+00:00,2026-09-18T06:51:50.361+00:00,True,17,17.0,,17.0,130122.51268799999,131040.279344,131040.27930699999,7708.251723941175,39.027727,130122.51268799999,31545.43446282062,26078.987955999997,57.360416,9.914074808802605,0.12973110317761535,41,64,,True,True,,59,87.6246207195492
100,2026-09-18T06:49:39.820+00:00,2026-09-18T06:51:51.362+00:00,2026-09-18T06:51:53.383+00:00,True,32,32.0,,32.0,131541.844872,133562.54067999998,133562.540716,4173.829397375,55.453097,131541.844872,23242.01137339942,95.16742655,65.18373574193548,9.061098153358671,0.23958813479498123,41,64,,True,True,,208,87.6246207195492
101,2026-09-18T06:49:40.344+00:00,2026-09-18T06:51:53.255+00:00,2026-09-18T06:51:56.032+00:00,True,46,46.0,,46.0,132911.55100900002,135688.41270500002,135688.41289300003,2949.7481063695654,34.900895,132911.55100900002,19587.643456888505,88.06263075000001,61.70803768888889,10.467894495759097,0.3390119987622564,41,64,,True,True,,196,87.6246207195492
102,2026-09-18T06:49:40.877+00:00,2026-09-18T06:51:55.491+00:00,2026-09-18T06:52:00.725+00:00,True,88,88.0,,88.0,134614.160245,139848.734837,139848.73461800002,1589.1901661136365,38.686848,134614.160245,14343.50650171763,68.31200220000001,60.16752404597701,8.824214153903089,0.6292513128743564,41,64,,True,True,,321,87.6246207195492
103,2026-09-18T06:49:41.204+00:00,2026-09-18T06:51:56.543+00:00,2026-09-18T06:52:00.844+00:00,True,73,73.0,,73.0,135339.65831600002,139640.12500400003,139640.12505,1912.878425342466,36.448342,135339.65831600002,15833.320810978415,67.91483720000001,59.728704,9.2364874158054,0.5227723764778132,41,64,,True,True,,347,87.6246207195492
104,2026-09-18T06:49:41.731+00:00,2026-09-18T06:51:58.789+00:00,2026-09-18T06:52:02.048+00:00,True,53,53.0,,53.0,137057.72914399998,140316.64703199998,140316.646839,2647.4839026226414,34.707806,137057.72914399998,18817.72042547047,79.7402492,62.67149784615385,8.866121292227279,0.37771712138983093,41,64,,True,True,,254,87.6246207195492
105,2026-09-18T06:49:42.203+00:00,2026-09-18T06:52:00.540+00:00,2026-09-18T06:52:03.952+00:00,True,56,56.0,,56.0,138336.69941,141748.79669,141748.79672,2531.228512857143,35.045733999999996,138336.69941,18477.732579434556,91.93083125000001,62.038132363636365,11.84968501614953,0.3950650820865181,41,64,,True,True,,259,87.6246207195492
106,2026-09-18T06:49:42.655+00:00,2026-09-18T06:52:02.153+00:00,2026-09-18T06:52:08.184+00:00,True,97,97.0,,97.0,139497.902937,145528.702297,145528.702478,1500.2959018350516,36.941992,139497.902937,14157.492091603357,91.7995074,62.82082666666666,11.34870725315452,0.6665351815069376,41,64,,True,True,,628,87.6246207195492
107,2026-09-18T06:49:43.084+00:00,2026-09-18T06:52:03.828+00:00,2026-09-18T06:52:06.724+00:00,True,47,47.0,,47.0,140744.089847,143640.356087,143640.35597899999,3056.177786787234,35.566964,140744.089847,20520.454549692542,93.49320250000001,62.96230956521739,11.362115348236218,0.3272060950025289,41,64,,True,True,,203,87.6246207195492
108,2026-09-18T06:49:43.515+00:00,2026-09-18T06:52:05.192+00:00,2026-09-18T06:52:10.497+00:00,True,87,87.0,,87.0,141677.46571000002,146982.40830200003,146982.40826300002,1689.4529685402301,35.541574,141677.46571000002,15182.808640404934,86.51010330000001,61.68537897674418,10.096439660047515,0.5919075691102019,41,64,,True,True,,338,87.6246207195492
109,2026-09-18T06:49:43.862+00:00,2026-09-18T06:52:06.785+00:00,2026-09-18T06:52:12.565+00:00,True,95,95.0,,95.0,142922.553382,148702.71107800002,148702.71092,1565.291693894737,35.820693,142922.553382,14657.239133240102,79.73866679999999,61.49103931914893,10.038637340048343,0.6388585608917985,41,64,,True,True,,498,87.6246207195492
110,2026-09-18T06:49:44.462+00:00,2026-09-18T06:52:09.195+00:00,2026-09-18T06:52:10.720+00:00,True,27,27.0,,27.0,144732.342219,146257.221323,146257.22136700002,5416.934124703705,40.753204,144732.342219,27842.466189191924,66.7942353,58.64919630769231,7.55557658009842,0.18460626939145913,41,64,,True,True,,92,87.6246207195492
111,2026-09-18T06:49:45.046+00:00,2026-09-18T06:52:11.501+00:00,2026-09-18T06:52:16.127+00:00,True,75,75.0,,75.0,146454.558938,151080.76693800002,151080.766966,2014.4102262133333,33.167578,146454.558938,16903.90059156079,86.5754727,62.51632432432432,11.029361429978527,0.496423214682106,41,64,,True,True,,315,87.6246207195492
112,2026-09-18T06:49:45.461+00:00,2026-09-18T06:52:13.124+00:00,2026-09-18T06:52:15.013+00:00,True,31,31.0,,31.0,147663.225457,149552.034417,149552.034597,4824.259180548387,38.004399,147663.225457,26509.7921130206,87.11471750000001,62.96029866666667,10.238182953894347,0.20728571243345217,41,64,,True,True,,115,87.6246207195492
113,2026-09-18T06:49:45.869+00:00,2026-09-18T06:52:14.705+00:00,2026-09-18T06:52:14.767+00:00,True,2,2.0,,2.0,148835.927463,148897.684135,148897.684008,74448.842004,61.756544999999996,148835.927463,105199.22512152424,141397.2189171,61.756672,nan,0.013432042355921898,41,64,,True,True,,9,87.6246207195492
114,2026-09-18T06:49:46.261+00:00,2026-09-18T06:52:16.424+00:00,2026-09-18T06:52:16.532+00:00,True,3,3.0,,3.0,150162.899144,150271.11444,150271.114232,50090.37141066667,39.516186000000005,150162.899144,86665.35246632189,135153.4791198,54.107648,20.6351181861323,0.01996391662615795,41,64,,True,True,,6,87.6246207195492
115,2026-09-18T06:49:46.718+00:00,2026-09-18T06:52:18.043+00:00,2026-09-18T06:52:21.055+00:00,True,48,48.0,,48.0,151325.73249599998,154336.785808,154336.78597499998,3215.3497078124997,35.085225,151325.73249599998,21832.744936432682,95.29012730000001,64.06496408510638,13.054863148699758,0.3110081614613484,41,64,,True,True,,294,87.6246207195492
116,2026-09-18T06:49:47.117+00:00,2026-09-18T06:52:19.538+00:00,2026-09-18T06:52:25.661+00:00,True,97,97.0,,97.0,152420.615799,158543.937911,158543.93805599998,1634.4735882061855,36.599942000000006,152420.615799,15469.495962300625,90.78262919999999,63.78460533333334,10.511402139888014,0.6118177792105289,41,64,,True,True,,455,87.6246207195492
117,2026-09-18T06:49:47.495+00:00,2026-09-18T06:52:21.049+00:00,2026-09-18T06:52:26.891+00:00,True,93,93.0,,93.0,153553.875109,159395.981989,159395.982,1713.9352903225804,36.459403,153553.875109,15916.213605655543,91.21878199999999,63.50116173913044,10.25330482150726,0.5834525992406633,41,64,,True,True,,458,87.6246207195492
118,2026-09-18T06:49:48.028+00:00,2026-09-18T06:52:22.981+00:00,2026-09-18T06:52:25.793+00:00,True,45,45.0,,45.0,154952.381212,157764.925212,157764.92518000002,3505.8872262222226,39.899926,154952.381212,23089.410995803635,91.0525306,63.921454545454544,11.223566752571093,0.2852345027865369,41,64,,True,True,,181,87.6246207195492
119,2026-09-18T06:49:48.764+00:00,2026-09-18T06:52:24.180+00:00,2026-09-18T06:52:28.932+00:00,True,76,76.0,,76.0,155416.330094,160167.76587,160167.765967,2107.470604828947,35.210284,155416.330094,17820.21188708249,89.53329775,63.352477013333335,10.755907374142641,0.4745024667552978,41,64,,True,True,,272,87.6246207195492
120,2026-09-18T06:49:49.067+00:00,2026-09-18T06:52:26.659+00:00,2026-09-18T06:52:32.374+00:00,True,92,92.0,,92.0,157592.310212,163307.12954000002,163307.129579,1775.0774954239132,38.837828,157592.310212,16423.590051516105,87.57647504999998,62.8002123956044,10.49187373422177,0.5633556860569627,41,64,,True,True,,476,87.6246207195492
121,2026-09-18T06:49:49.531+00:00,2026-09-18T06:52:28.685+00:00,2026-09-18T06:52:32.003+00:00,True,54,54.0,,54.0,159154.11749200002,162472.01880400002,162472.01859700002,3008.74108512963,38.874568,159154.11749200002,21649.615815596924,91.61111095,62.60191154716981,10.97107163972189,0.3323649228803116,41,64,,True,True,,254,87.6246207195492
122,2026-09-18T06:49:49.958+00:00,2026-09-18T06:52:30.028+00:00,2026-09-18T06:52:30.977+00:00,True,17,17.0,,17.0,160069.883527,161018.994311,161018.994187,9471.705540411765,35.630033000000005,160069.883527,38808.26303634619,32069.5590734,59.319424,8.424912928331988,0.10557760637335348,41,64,,True,True,,62,87.6246207195492
123,2026-09-18T06:49:50.339+00:00,2026-09-18T06:52:31.621+00:00,2026-09-18T06:52:37.901+00:00,True,97,97.0,,97.0,161282.425108,167562.08002,167562.079943,1727.4441231237113,37.621931,161282.425108,16369.114683242304,99.4386004,65.413072,15.423601651132401,0.5788899253842051,41,64,,True,True,,434,87.6246207195492
124,2026-09-18T06:49:50.669+00:00,2026-09-18T06:52:33.018+00:00,2026-09-18T06:52:36.599+00:00,True,56,56.0,,56.0,162348.892074,165930.150058,165930.149889,2963.038390875,34.751455,162348.892074,21686.08730707414,100.22602825,65.11378152727272,15.21778583542265,0.3374914081643722,41,64,,True,True,,238,87.6246207195492
125,2026-09-18T06:49:51.182+00:00,2026-09-18T06:52:35.322+00:00,2026-09-18T06:52:35.937+00:00,True,10,10.0,,10.0,164140.672935,164755.060647,164755.06058000002,16475.506058000003,58.052902,164140.672935,51884.2520952424,90321.10774185,68.26530133333333,11.646391508456858,0.060696162902247636,41,64,,True,True,,49,87.6246207195492
126,2026-09-18T06:49:51.646+00:00,2026-09-18T06:52:36.915+00:00,2026-09-18T06:52:42.412+00:00,True,88,88.0,,88.0,165268.90097299998,170766.464621,170766.464568,1940.5280064545452,34.238966,165268.90097299998,17610.992076926796,90.74060105000001,63.19038675862069,12.168038280600477,0.5153236626131933,41,64,,True,True,,394,87.6246207195492
127,2026-09-18T06:49:52.156+00:00,2026-09-18T06:52:38.883+00:00,2026-09-18T06:52:43.361+00:00,True,73,73.0,,73.0,166726.372647,171205.016871,171205.01684,2345.2742032876713,34.670945,166726.372647,19506.568143100798,80.6851662,62.203392,10.097099773207281,0.42638937417940403,41,64,,True,True,,323,87.6246207195492
128,2026-09-18T06:49:52.619+00:00,2026-09-18T06:52:40.724+00:00,2026-09-18T06:52:43.640+00:00,True,46,46.0,,46.0,168104.72578,171020.807188,171020.80723500001,3717.8436355434783,40.376405,168104.72578,24776.1373345219,95.45210675,64.80180906666666,10.636207354188082,0.2689731194487526,41,64,,True,True,,172,87.6246207195492
129,2026-09-18T06:49:53.140+00:00,2026-09-18T06:52:42.881+00:00,2026-09-18T06:52:47.640+00:00,True,76,76.0,,76.0,169740.503241,174499.488969,174499.48911,2296.0459093421055,38.390069000000004,169740.503241,19463.29713604779,96.15347075,63.45314304,13.546965734230332,0.43553136143282045,41,64,,True,True,,306,87.6246207195492
130,2026-09-18T06:49:53.483+00:00,2026-09-18T06:52:44.151+00:00,2026-09-18T06:52:47.257+00:00,True,51,51.0,,51.0,170667.419137,173773.897217,173773.897167,3407.3313169999997,38.389677999999996,170667.419137,23889.521474296565,89.3793785,62.1295616,11.15423208497459,0.29348481455942604,41,64,,True,True,,243,87.6246207195492
131,2026-09-18T06:49:53.809+00:00,2026-09-18T06:52:45.226+00:00,2026-09-18T06:52:46.850+00:00,True,27,27.0,,27.0,171416.774894,173041.145326,173041.145326,6408.93130837037,34.991434999999996,171416.774894,32977.15278542563,94.82430529999999,62.47578584615385,13.216162873606022,0.15603225434698487,41,64,,True,True,,118,87.6246207195492
132,2026-09-18T06:49:54.204+00:00,2026-09-18T06:52:46.748+00:00,2026-09-18T06:52:47.698+00:00,True,15,15.0,,15.0,172543.606625,173493.815137,173493.81513399997,11566.254342266666,42.007692000000006,172543.606625,44533.04630430298,51844.200545299995,67.87203657142857,17.313603514792025,0.08645841344923563,41,64,,True,True,,66,87.6246207195492
133,2026-09-18T06:49:54.706+00:00,2026-09-18T06:52:48.942+00:00,2026-09-18T06:52:52.495+00:00,True,57,57.0,,57.0,174235.288662,177788.50568600002,177788.505595,3119.096589385965,36.009053,174235.288662,23069.62655933997,91.2542838,63.450304,11.870895096670877,0.3206056532173693,41,64,,True,True,,265,87.6246207195492
134,2026-09-18T06:49:55.139+00:00,2026-09-18T06:52:50.517+00:00,2026-09-18T06:52:50.684+00:00,True,4,4.0,,4.0,175377.15586899998,175544.14210899998,175544.14199699997,43886.03549924999,41.367982000000005,175377.15586899998,87660.74750479968,149080.23373915,55.66208,12.473706350536878,0.02278629153866208,41,64,,True,True,,15,87.6246207195492
135,2026-09-18T06:49:55.618+00:00,2026-09-18T06:52:52.362+00:00,2026-09-18T06:52:57.701+00:00,True,83,83.0,,83.0,176743.783154,182082.655986,182082.656011,2193.7669398915664,36.290662,176743.783154,19393.00844160176,94.54398729999998,65.10820526829268,13.188671968452221,0.4558369359813255,41,64,,True,True,,396,87.6246207195492
136,2026-09-18T06:49:56.014+00:00,2026-09-18T06:52:53.654+00:00,2026-09-18T06:52:55.036+00:00,True,21,21.0,,21.0,177640.598931,179022.797971,179022.797978,8524.895141809524,39.752055999999996,177640.598931,38749.27888035467,102.05219,69.109952,16.13014515762886,0.11730349563300761,41,64,,True,True,,77,87.6246207195492
137,2026-09-18T06:49:56.523+00:00,2026-09-18T06:52:55.951+00:00,2026-09-18T06:52:59.800+00:00,True,61,61.0,,61.0,179428.16798,183276.618284,183276.618381,3004.534727557377,36.753252,179428.16798,22965.213997391344,94.682384,64.14083839999999,12.949664778878432,0.3328302353630086,41,64,,True,True,,274,87.6246207195492
138,2026-09-18T06:49:56.931+00:00,2026-09-18T06:52:57.370+00:00,2026-09-18T06:52:57.696+00:00,True,6,6.0,,6.0,180438.512573,180764.90822100002,180764.908002,30127.484667,34.847184999999996,180438.512573,73637.06645536626,135351.83125675,65.2791296,20.301350255019315,0.03319228305454345,41,64,,True,True,,21,87.6246207195492
139,2026-09-18T06:49:57.396+00:00,2026-09-18T06:52:59.032+00:00,2026-09-18T06:53:02.399+00:00,True,55,55.0,,55.0,181636.600194,185003.505282,185003.505095,3363.7000926363635,34.911654999999996,181636.600194,24483.469050987944,80.42055760000001,62.350094222222225,10.385036426304298,0.297291664372325,41,64,,True,True,,207,87.6246207195492
140,2026-09-18T06:49:57.801+00:00,2026-09-18T06:53:00.407+00:00,2026-09-18T06:53:01.095+00:00,True,12,12.0,,12.0,182606.173604,183294.30672400002,183294.30693800002,15274.525578166667,58.239830999999995,182606.173604,52695.80305684174,82210.65392735001,62.557556363636365,3.889323243182939,0.06546848188836164,41,64,,True,True,,57,87.6246207195492
141,2026-09-18T06:49:58.139+00:00,2026-09-18T06:53:01.922+00:00,2026-09-18T06:53:05.200+00:00,True,55,55.0,,55.0,183783.027618,187061.150114,187061.14996399998,3401.1118175272727,34.063266000000006,183783.027618,24773.113922423832,68.7073217,60.70597214814815,7.53611724235086,0.29402150027668256,41,64,,True,True,,178,87.6246207195492
142,2026-09-18T06:49:58.584+00:00,2026-09-18T06:53:03.800+00:00,2026-09-18T06:53:06.156+00:00,True,40,40.0,,40.0,185215.68032100002,187571.17420900002,187571.17419100003,4689.279354775001,37.884929,185215.68032100002,29275.62184796282,70.33918505000001,60.39727917948718,8.08069579216731,0.2132523836281488,41,64,,True,True,,144,87.6246207195492
143,2026-09-18T06:49:59.095+00:00,2026-09-18T06:53:05.675+00:00,2026-09-18T06:53:10.232+00:00,True,78,78.0,,78.0,186579.57682100002,191136.758517,191136.75843800002,2450.4712620256414,34.622955000000005,186579.57682100002,21119.278371643508,67.99365235,59.184177870129865,10.69446943029337,0.4080847692782367,41,64,,True,True,,215,87.6246207195492
144,2026-09-18T06:49:59.517+00:00,2026-09-18T06:53:07.361+00:00,2026-09-18T06:53:12.242+00:00,True,82,82.0,,82.0,187843.84083899998,192724.49799099998,192724.497962,2350.2987556341463,35.736023,187843.84083899998,20737.230194397427,67.49069005000001,60.25502656790123,9.701454724478538,0.4254778238095569,41,64,,True,True,,404,87.6246207195492
145,2026-09-18T06:49:59.935+00:00,2026-09-18T06:53:08.956+00:00,2026-09-18T06:53:10.772+00:00,True,32,32.0,,32.0,189020.716471,190836.06239099998,190836.06242,5963.626950625,37.81891,189020.716471,33404.10653391911,66.78339410000001,58.55954580645161,7.86802518486929,0.16768319152611666,41,64,,True,True,,113,87.6246207195492
146,2026-09-18T06:50:00.484+00:00,2026-09-18T06:53:11.142+00:00,2026-09-18T06:53:12.297+00:00,True,20,20.0,,20.0,190658.685629,191813.96780500002,191813.967711,9590.69838555,36.625362,190658.685629,42618.98257953,9595.89414065,60.804325052631576,7.8340399543649495,0.1042676934785698,41,64,,True,True,,80,87.6246207195492
147,2026-09-18T06:50:01.016+00:00,2026-09-18T06:53:12.970+00:00,2026-09-18T06:53:17.714+00:00,True,76,76.0,,76.0,191953.458909,196697.69775700002,196697.697686,2588.127601131579,35.036445,191953.458909,22011.319193597592,92.6172825,63.25651797333334,12.301108989103625,0.3863797129638511,41,64,,True,True,,293,87.6246207195492
148,2026-09-18T06:50:01.503+00:00,2026-09-18T06:53:14.909+00:00,2026-09-18T06:53:20.774+00:00,True,94,94.0,,94.0,193405.407936,199270.976448,199270.976378,2119.9040040212767,34.524465,193405.407936,19941.743083254707,91.16562665,63.07062916129033,12.102912827575189,0.4717194730288754,41,64,,True,True,,421,87.6246207195492
150,2026-09-18T06:50:02.745+00:00,2026-09-18T06:53:16.861+00:00,2026-09-18T06:53:22.681+00:00,True,94,94.0,,94.0,194116.59747799998,199936.21527,199936.21527599997,2126.981013574468,34.958194999999996,194116.59747799998,20015.148421509162,92.56213525000001,62.57653539784946,13.35754288984931,0.4701499419355294,41,64,,True,True,,411,87.6246207195492
149,2026-09-18T06:50:02.653+00:00,2026-09-18T06:53:17.868+00:00,2026-09-18T06:53:19.179+00:00,True,22,22.0,,22.0,195214.590929,196525.31707299998,196525.31722,8932.968964545455,37.121421000000005,195214.590929,41606.585654601164,94.59075209999999,62.41553066666666,13.425248298732972,0.11194486454805222,41,64,,True,True,,85,87.6246207195492
151,2026-09-18T06:50:03.031+00:00,2026-09-18T06:53:21.180+00:00,2026-09-18T06:53:23.452+00:00,True,37,37.0,,37.0,198148.926098,200420.595602,200420.59565499998,5416.77285554054,35.881432999999994,198148.926098,32565.113423248244,104.86650000000002,63.10193066666666,17.42198718542486,0.18461176551673106,41,64,,True,True,,137,87.6246207195492
152,2026-09-18T06:50:03.569+00:00,2026-09-18T06:53:23.081+00:00,2026-09-18T06:53:25.175+00:00,True,34,34.0,,34.0,199512.72643799998,201605.970342,201605.97039799998,5929.587364647058,35.065594,199512.72643799998,34205.27500022939,99.9694333,63.431633454545455,14.869083754333412,0.1686457992405837,41,64,,True,True,,166,87.6246207195492
153,2026-09-18T06:50:04.118+00:00,2026-09-18T06:53:25.609+00:00,2026-09-18T06:53:28.074+00:00,True,40,40.0,,40.0,201490.52634,203955.483268,203955.48310500002,5098.8870776250005,34.827805,201490.52634,31848.458699572926,94.7758208,63.204023794871794,13.096059883765152,0.19612122880481475,41,64,,True,True,,207,87.6246207195492
154,2026-09-18T06:50:04.663+00:00,2026-09-18T06:53:27.497+00:00,2026-09-18T06:53:33.078+00:00,True,91,91.0,,91.0,202834.172178,208415.17032200002,208415.170163,2290.276595197802,38.193159,202834.172178,21256.300640581256,86.99790300000001,62.01109048888889,10.289348461273152,0.43662848467031273,41,64,,True,True,,385,87.6246207195492
155,2026-09-18T06:50:05.101+00:00,2026-09-18T06:53:28.912+00:00,2026-09-18T06:53:28.912+00:00,True,1,1.0,,1.0,203810.54719299998,203810.54719299998,203810.54719299998,203810.54719299998,203810.54719299998,203810.54719299998,nan,203810.54719299998,nan,nan,0.004906517419106099,41,64,,True,True,,2,87.6246207195492
156,2026-09-18T06:50:05.555+00:00,2026-09-18T06:53:30.922+00:00,2026-09-18T06:53:34.516+00:00,True,59,59.0,,59.0,205367.05370500003,208960.56256900003,208960.56260300003,3541.7044508983054,35.561904000000006,205367.05370500003,26728.449576046958,90.62676579999999,61.95704937931035,11.946384790607603,0.2823499289753197,41,64,,True,True,,285,87.6246207195492
157,2026-09-18T06:50:06.059+00:00,2026-09-18T06:53:32.822+00:00,2026-09-18T06:53:36.665+00:00,True,62,62.0,,62.0,206762.975656,210606.163112,210606.163156,3396.8735992903225,35.783072999999995,206762.975656,26250.92637949702,91.94302409999999,63.00307304918033,13.882475705271705,0.2943883459242762,41,64,,True,True,,238,87.6246207195492
158,2026-09-18T06:50:06.625+00:00,2026-09-18T06:53:35.121+00:00,2026-09-18T06:53:38.951+00:00,True,62,62.0,,62.0,208495.756716,212325.760428,212325.76035,3424.6090379032257,35.400124000000005,208495.756716,26471.016322805404,91.50105504999999,62.78694609836066,12.03461586512435,0.2920041349435049,41,64,,True,True,,290,87.6246207195492
159,2026-09-18T06:50:07.037+00:00,2026-09-18T06:53:36.866+00:00,2026-09-18T06:53:40.513+00:00,True,60,60.0,,60.0,209829.360935,213476.730663,213476.730701,3557.9455116833333,37.534909,209829.360935,27080.87500760843,77.80870974999999,61.81982589830509,10.226037966020806,0.28106107777487743,41,64,,True,True,,308,87.6246207195492
160,2026-09-18T06:50:07.386+00:00,2026-09-18T06:53:38.475+00:00,2026-09-18T06:53:40.165+00:00,True,28,28.0,,28.0,211088.733424,212778.885872,212778.885767,7599.24592025,38.108849,211088.733424,39880.1920709385,84.98136125,62.59823881481481,9.466704158825731,0.13159200399631651,41,64,,True,True,,95,87.6246207195492
161,2026-09-18T06:50:07.897+00:00,2026-09-18T06:53:40.104+00:00,2026-09-18T06:53:43.183+00:00,True,51,51.0,,51.0,212207.060032,215285.55859200002,215285.55871100002,4221.285464921569,36.629981,212207.060032,29706.31277455136,93.49991000000001,61.569971200000005,11.83411374610196,0.23689466369015963,41,64,,True,True,,220,87.6246207195492
162,2026-09-18T06:50:08.366+00:00,2026-09-18T06:53:41.672+00:00,2026-09-18T06:53:44.034+00:00,True,40,40.0,,40.0,213306.007308,215668.36046,215668.360455,5391.709011375,36.794391000000005,213306.007308,33717.06524987173,88.84052295,60.573157743589746,10.596869558665503,0.18546994985580556,41,64,,True,True,,143,87.6246207195492
163,2026-09-18T06:50:08.744+00:00,2026-09-18T06:53:43.368+00:00,2026-09-18T06:53:45.203+00:00,True,30,30.0,,30.0,214623.615349,216458.641781,216458.641881,7215.2880627,35.681453999999995,214623.615349,39173.18094103286,95.8780349,63.27677351724138,12.13157060208552,0.1385946052010814,41,64,,True,True,,152,87.6246207195492
164,2026-09-18T06:50:09.100+00:00,2026-09-18T06:53:44.733+00:00,2026-09-18T06:53:47.950+00:00,True,50,50.0,,50.0,215633.391414,218849.690934,218849.691047,4376.993820940001,39.175506999999996,215633.391414,30485.88556421616,93.38857195,65.63876571428571,10.053891275396474,0.22846730916827676,41,64,,True,True,,249,87.6246207195492
165,2026-09-18T06:50:09.475+00:00,2026-09-18T06:53:45.932+00:00,2026-09-18T06:53:51.843+00:00,True,94,94.0,,94.0,216456.948477,222368.148221,222368.14814499998,2365.618597287234,0.01828,216456.948477,22319.290615209087,93.40893575000001,63.56128756989247,27.619476372790164,0.4227224121441095,41,64,,True,True,,410,87.6246207195492
166,2026-09-18T06:50:10.052+00:00,2026-09-18T06:53:48.732+00:00,2026-09-18T06:53:51.781+00:00,True,50,50.0,,50.0,218680.16698100002,221729.265221,221729.26536500003,4434.585307300001,0.023249,218680.16698100002,30917.25774954472,86.4492445,62.22649469387755,27.646422912676005,0.22550022862414867,41,64,,True,True,,191,87.6246207195492
167,2026-09-18T06:50:10.647+00:00,2026-09-18T06:53:50.764+00:00,2026-09-18T06:53:51.777+00:00,True,18,18.0,,18.0,220117.54759200002,221130.79917600003,221130.79919000002,12285.044399444445,33.026248,220117.54759200002,51868.156854420005,33103.463738,59.60303435294118,14.488001796789444,0.08139978721676683,41,64,,True,True,,90,87.6246207195492
168,2026-09-18T06:50:11.098+00:00,2026-09-18T06:53:52.376+00:00,2026-09-18T06:53:55.175+00:00,True,46,46.0,,46.0,221278.242444,224076.579724,224076.579897,4871.22999776087,37.390021,221278.242444,32616.530511376593,91.651424,62.18527288888889,12.413588155760895,0.2052869606304202,41,64,,True,True,,187,87.6246207195492
169,2026-09-18T06:50:11.528+00:00,2026-09-18T06:53:54.192+00:00,2026-09-18T06:53:55.934+00:00,True,29,29.0,,29.0,222664.673129,224406.697577,224406.69762700002,7738.161987137931,38.329008,222664.673129,41336.239751756344,85.91423760000002,62.21515885714286,9.443915799753459,0.12922965452066917,41,64,,True,True,,164,87.6246207195492
170,2026-09-18T06:50:12.096+00:00,2026-09-18T06:53:56.303+00:00,2026-09-18T06:54:00.489+00:00,True,68,68.0,,68.0,224207.274215,228393.709543,228393.709367,3358.7310201029413,34.853953999999995,224207.274215,27181.54981079934,70.34490054999999,62.48410937313433,8.8743104113054,0.29773149241309355,41,64,,True,True,,327,87.6246207195492
171,2026-09-18T06:50:12.600+00:00,2026-09-18T06:53:58.028+00:00,2026-09-18T06:54:00.749+00:00,True,45,45.0,,45.0,225427.979486,228149.025502,228149.025432,5069.978342933333,34.834315000000004,225427.979486,33595.60147904017,73.4373918,61.84195490909091,9.291711277664952,0.1972395012469844,41,64,,True,True,,231,87.6246207195492
172,2026-09-18T06:50:13.099+00:00,2026-09-18T06:54:00.237+00:00,2026-09-18T06:54:05.348+00:00,True,83,83.0,,83.0,227138.19241,232249.20424999998,232249.20421199998,2798.183183277108,35.536303,227138.19241,24924.815942384812,77.00173529999999,62.32941268292683,9.737522244763333,0.35737474437439326,41,64,,True,True,,364,87.6246207195492
173,2026-09-18T06:50:13.681+00:00,2026-09-18T06:54:02.423+00:00,2026-09-18T06:54:08.646+00:00,True,100,100.0,,100.0,228741.95587200002,234965.61897600003,234965.61901000002,2349.6561901,33.751027,228741.95587200002,22867.912430395958,90.98910295,62.86528387878788,12.481096102678338,0.4255941802711751,41,64,,True,True,,449,87.6246207195492
174,2026-09-18T06:50:14.207+00:00,2026-09-18T06:54:04.245+00:00,2026-09-18T06:54:05.577+00:00,True,23,23.0,,23.0,230037.947711,231370.73542299998,231370.73541599998,10059.597192,37.926369,230037.947711,47953.59641693584,70.5603242,60.58125963636363,7.795801184971736,0.0994075588598126,41,64,,True,True,,111,87.6246207195492
175,2026-09-18T06:50:14.687+00:00,2026-09-18T06:54:05.949+00:00,2026-09-18T06:54:08.173+00:00,True,35,35.0,,35.0,231261.372898,233485.215714,233485.215854,6671.006167257143,36.177623,231261.372898,39079.253535779826,98.36413270000001,65.40714164705882,14.771092858600918,0.1499024248407749,41,64,,True,True,,174,87.6246207195492
176,2026-09-18T06:50:15.251+00:00,2026-09-18T06:54:08.294+00:00,2026-09-18T06:54:10.292+00:00,True,33,33.0,,33.0,233042.879827,235040.940883,235040.940906,7122.452754727273,39.241936,233042.879827,40556.69146250792,103.1906826,62.439408,14.499770423880822,0.14040107172829489,41,64,,True,True,,201,87.6246207195492
177,2026-09-18T06:50:15.800+00:00,2026-09-18T06:54:10.350+00:00,2026-09-18T06:54:13.336+00:00,True,48,48.0,,48.0,234550.60052900002,237536.851281,237536.851308,4948.68440225,38.958197,234550.60052900002,33845.294407152665,93.42694995,63.5372500425532,12.139765153748177,0.20207390870571587,41,64,,True,True,,212,87.6246207195492
178,2026-09-18T06:50:16.174+00:00,2026-09-18T06:54:11.820+00:00,2026-09-18T06:54:12.130+00:00,True,6,6.0,,6.0,235646.103958,235955.978134,235955.978338,39325.99638966667,41.998242,235646.103958,96176.81941183672,176757.516653,61.9748352,18.695567163531873,0.025428472071144494,41,64,,True,True,,23,87.6246207195492
179,2026-09-18T06:50:17.186+00:00,2026-09-18T06:54:12.511+00:00,2026-09-18T06:54:17.698+00:00,True,84,84.0,,84.0,235324.616772,240512.064324,240512.06432,2863.238860952381,35.254334,235324.616772,25669.204059672717,93.2986615,62.49936809638554,11.631416616224737,0.34925482942444597,41,64,,True,True,,390,87.6246207195492
180,2026-09-18T06:50:17.237+00:00,2026-09-18T06:54:15.105+00:00,2026-09-18T06:54:16.140+00:00,True,18,18.0,,18.0,237867.898638,238903.25275,238903.25287000003,13272.402937222223,38.326288999999996,237867.898638,56051.647795494144,35764.61273125,60.90318305882353,13.053489259595805,0.07534430692258542,41,64,,True,True,,101,87.6246207195492
181,2026-09-18T06:50:17.552+00:00,2026-09-18T06:54:17.632+00:00,2026-09-18T06:54:21.248+00:00,True,58,58.0,,58.0,240079.962619,243696.511227,243696.511049,4201.663983603448,40.030855,240079.962619,31515.71341676111,78.838442,63.44822119298246,8.336966613961835,0.2380009451426811,41,64,,True,True,,228,87.6246207195492
182,2026-09-18T06:50:18.027+00:00,2026-09-18T06:54:19.218+00:00,2026-09-18T06:54:19.912+00:00,True,12,12.0,,12.0,241190.836206,241885.097966,241885.097837,20157.091486416666,55.741555999999996,241190.836206,69607.57756924901,108574.65243614999,63.11470545454545,4.050796761438528,0.04961033193407703,41,64,,True,True,,64,87.6246207195492
183,2026-09-18T06:50:18.584+00:00,2026-09-18T06:54:21.752+00:00,2026-09-18T06:54:27.873+00:00,True,99,99.0,,99.0,243168.096939,249289.43121100002,249289.431248,2518.0750631111114,35.361593,243168.096939,24433.03810253148,88.3830172,62.4625946122449,11.19973468007074,0.3971287491775206,41,64,,True,True,,408,87.6246207195492
184,2026-09-18T06:50:18.968+00:00,2026-09-18T06:54:23.313+00:00,2026-09-18T06:54:23.352+00:00,True,2,2.0,,2.0,244345.28651499999,244383.956339,244383.95649299998,122191.97824649999,38.669978,244345.28651499999,172750.86524205422,232129.95568815002,38.669824,nan,0.008183843284809077,41,64,,True,True,,6,87.6246207195492
185,2026-09-18T06:50:19.298+00:00,2026-09-18T06:54:24.694+00:00,2026-09-18T06:54:30.917+00:00,True,99,99.0,,99.0,245395.56471,251618.806694,251618.806859,2541.604109686869,37.19379,245395.56471,24656.802819510456,93.05841889999999,63.50246922448979,11.8845153590374,0.39345230708607726,41,64,,True,True,,413,87.6246207195492
186,2026-09-18T06:50:19.704+00:00,2026-09-18T06:54:26.066+00:00,2026-09-18T06:54:30.112+00:00,True,64,64.0,,64.0,246362.319308,250408.126412,250408.126304,3912.6269735,34.759755,246362.319308,30787.265267474777,94.75580645,64.21916038095237,13.114361274298512,0.25558275970125627,41,64,,True,True,,248,87.6246207195492
187,2026-09-18T06:50:20.206+00:00,2026-09-18T06:54:27.815+00:00,2026-09-18T06:54:32.702+00:00,True,78,78.0,,78.0,247609.59362,252496.356116,252496.35602099999,3237.1327695,38.883637,247609.59362,28029.08235173626,93.66155739999998,63.464448,12.282812791321359,0.3089153491156356,41,64,,True,True,,326,87.6246207195492
188,2026-09-18T06:50:20.651+00:00,2026-09-18T06:54:29.859+00:00,2026-09-18T06:54:33.842+00:00,True,65,65.0,,65.0,249207.601895,253190.071015,253190.070949,3895.2318607538464,38.063438999999995,249207.601895,30902.681952127663,77.70939440000001,62.22608,9.337501465785584,0.25672412721172283,41,64,,True,True,,244,87.6246207195492
189,2026-09-18T06:50:21.026+00:00,2026-09-18T06:54:31.203+00:00,2026-09-18T06:54:32.660+00:00,True,24,24.0,,24.0,250177.13197,251634.111938,251634.11193299998,10484.754663875,50.301876,250177.13197,51054.263301142244,89.50699259999999,63.34695513043478,8.792579595149203,0.09537657599424894,41,64,,True,True,,71,87.6246207195492
190,2026-09-18T06:50:21.492+00:00,2026-09-18T06:54:32.657+00:00,2026-09-18T06:54:37.722+00:00,True,81,81.0,,81.0,251164.852678,256229.391558,256229.391465,3163.3258205555553,37.54788,251164.852678,27900.174152940748,92.159868,63.306736,11.600388598619238,0.3161229845939234,41,64,,True,True,,412,87.6246207195492
191,2026-09-18T06:50:22.079+00:00,2026-09-18T06:54:35.069+00:00,2026-09-18T06:54:38.439+00:00,True,54,54.0,,54.0,252990.312884,256360.75410000002,256360.75413400002,4747.4213728518525,38.754748,252990.312884,34418.969156961284,95.84091355000001,63.593230490566036,12.386317258276899,0.21064066607845885,41,64,,True,True,,221,87.6246207195492
192,2026-09-18T06:50:22.518+00:00,2026-09-18T06:54:36.816+00:00,2026-09-18T06:54:39.875+00:00,True,49,49.0,,49.0,254297.68908399998,257356.43417199998,257356.434326,5252.17212910204,36.443832,254297.68908399998,36319.140103211794,92.1642994,63.723856,12.815628370580214,0.19039741577726263,41,64,,True,True,,170,87.6246207195492
193,2026-09-18T06:50:23.055+00:00,2026-09-18T06:54:38.792+00:00,2026-09-18T06:54:44.744+00:00,True,97,97.0,,97.0,255737.341994,261688.878122,261688.87826199998,2697.823487237113,36.101332,255737.341994,25959.8998590967,71.86471159999999,61.995168,9.068241805244007,0.3706691728594532,41,64,,True,True,,455,87.6246207195492
194,2026-09-18T06:50:23.558+00:00,2026-09-18T06:54:40.454+00:00,2026-09-18T06:54:41.328+00:00,True,15,15.0,,15.0,256895.597701,257769.44448499999,257769.444715,17184.629647666665,56.726874,256895.597701,66314.0420224627,77116.08146439999,62.41762742857143,3.411332702671668,0.05819153635516669,41,64,,True,True,,59,87.6246207195492
195,2026-09-18T06:50:24.004+00:00,2026-09-18T06:54:42.135+00:00,2026-09-18T06:54:43.637+00:00,True,26,26.0,,26.0,258131.59544499998,259633.16293299999,259633.16276399998,9985.890875538462,35.428434,258131.59544499998,50611.992146090095,67.47959850000001,60.06269952,7.639715192652347,0.10014129052808815,41,64,,True,True,,100,87.6246207195492
196,2026-09-18T06:50:24.524+00:00,2026-09-18T06:54:44.024+00:00,2026-09-18T06:54:47.172+00:00,True,53,53.0,,53.0,259499.96027900002,262648.23829500005,262648.238276,4955.62713728302,34.946725,259499.96027900002,35636.74580282424,74.8032222,60.543808,9.514906683937223,0.20179080714210504,41,64,,True,True,,198,87.6246207195492
197,2026-09-18T06:50:25.104+00:00,2026-09-18T06:54:45.922+00:00,2026-09-18T06:54:50.906+00:00,True,84,84.0,,84.0,260817.824727,265801.219031,265801.219027,3164.300226511905,34.370075,260817.824727,28451.008768149208,84.75022245,60.04089522891566,10.84737494472863,0.31602563865669564,41,64,,True,True,,405,87.6246207195492
198,2026-09-18T06:50:25.709+00:00,2026-09-18T06:54:48.052+00:00,2026-09-18T06:54:48.316+00:00,True,6,6.0,,6.0,262343.733964,262607.4987,262607.49882000004,43767.916470000004,37.666119,262343.733964,107079.84507435178,196774.02705525,52.7529472,11.334915777527208,0.022847786257826307,41,64,,True,True,,22,87.6246207195492
199,2026-09-18T06:50:26.046+00:00,2026-09-18T06:54:49.555+00:00,2026-09-18T06:54:54.936+00:00,True,91,91.0,,91.0,263509.334982,268889.796806,268889.796879,2954.832932736264,35.649584000000004,263509.334982,27617.019090807717,70.92445649999999,59.78290915555555,10.629810856411813,0.3384286093445753,41,64,,True,True,,377,87.6246207195492
200,2026-09-18T06:50:26.576+00:00,2026-09-18T06:54:51.477+00:00,2026-09-18T06:54:53.341+00:00,True,32,32.0,,32.0,264901.319281,266765.246321,266765.246231,8336.41394471875,37.718959000000005,264901.319281,46817.751537570206,75.57030185,60.12667870967742,8.406648419781057,0.11995565554852762,41,64,,True,True,,110,87.6246207195492
201,2026-09-18T06:50:26.905+00:00,2026-09-18T06:54:52.720+00:00,2026-09-18T06:54:55.513+00:00,True,47,47.0,,47.0,265815.071962,268607.915482,268607.91543299996,5715.062030489362,39.359756999999995,265815.071962,38764.25826272487,68.5062823,60.71398956521739,9.321475508057254,0.17497622851382266,41,64,,True,True,,196,87.6246207195492
202,2026-09-18T06:50:27.442+00:00,2026-09-18T06:54:54.430+00:00,2026-09-18T06:54:54.996+00:00,True,11,11.0,,11.0,266987.74307100003,267553.88860700006,267553.88848100003,24323.080771000004,34.211485999999994,266987.74307100003,80482.76422965784,133527.8994515,56.6145536,11.635065143262482,0.04111321295784825,41,64,,True,True,,58,87.6246207195492
203,2026-09-18T06:50:27.835+00:00,2026-09-18T06:54:56.113+00:00,2026-09-18T06:55:00.933+00:00,True,76,76.0,,76.0,268277.471216,273098.265072,273098.264857,3593.3982218026313,36.624332,268277.471216,30766.165794016466,94.3951035,64.27725141333333,12.310603960863512,0.27828810988588026,41,64,,True,True,,309,87.6246207195492
204,2026-09-18T06:50:28.179+00:00,2026-09-18T06:54:57.427+00:00,2026-09-18T06:54:59.160+00:00,True,29,29.0,,29.0,269247.82665899995,270980.77846699994,270980.77834799996,9344.164770620688,37.563359,269247.82665899995,49986.57506415503,101.04005240000001,61.891136,13.407686853128837,0.1070186607480413,41,64,,True,True,,145,87.6246207195492
205,2026-09-18T06:50:28.544+00:00,2026-09-18T06:54:58.992+00:00,2026-09-18T06:55:03.299+00:00,True,69,69.0,,69.0,270448.345336,274755.335672,274755.33564600005,3981.9613861739135,36.073381999999995,270448.345336,32550.53162271381,92.46994640000001,63.338093176470586,11.098121031904833,0.25113252061598346,41,64,,True,True,,321,87.6246207195492
206,2026-09-18T06:50:28.872+00:00,2026-09-18T06:55:00.325+00:00,2026-09-18T06:55:01.000+00:00,True,12,12.0,,12.0,271452.530501,272127.102277,272127.102456,22677.258538000002,36.250171,271452.530501,78343.89336065899,122191.81105745,61.32470690909091,9.328529746016457,0.044097041050270396,41,64,,True,True,,69,87.6246207195492
207,2026-09-18T06:50:29.387+00:00,2026-09-18T06:55:02.171+00:00,2026-09-18T06:55:02.964+00:00,True,14,14.0,,14.0,272783.953468,273576.906556,273576.90661999997,19541.207615714284,39.798845,272783.953468,72888.2774878981,95535.3358284,60.996391384615386,14.233720681635598,0.051173910021291444,41,64,,True,True,,71,87.6246207195492
208,2026-09-18T06:50:29.947+00:00,2026-09-18T06:55:03.952+00:00,2026-09-18T06:55:10.010+00:00,True,98,98.0,,98.0,274004.74867,280062.85299,280062.853005,2857.7842143367347,37.070941,274004.74867,27672.353195891315,93.54439635,62.4546837113402,12.202817147597466,0.3499214513946954,41,64,,True,True,,389,87.6246207195492
209,2026-09-18T06:50:30.325+00:00,2026-09-18T06:55:05.774+00:00,2026-09-18T06:55:11.074+00:00,True,88,88.0,,88.0,275448.793329,280749.085937,280749.086006,3190.3305227954547,35.715033000000005,275448.793329,29356.447759730883,83.85143269999999,60.92290354022989,11.260016457322111,0.31344714696505604,41,64,,True,True,,502,87.6246207195492
210,2026-09-18T06:50:30.653+00:00,2026-09-18T06:55:07.082+00:00,2026-09-18T06:55:09.374+00:00,True,37,37.0,,37.0,276428.232402,278720.986066,278720.98605999997,7532.999623243243,36.631251,276428.232402,45434.05292705489,91.6230882,63.68760177777778,12.360913420753244,0.13274924332837482,41,64,,True,True,,177,87.6246207195492
211,2026-09-18T06:50:31.205+00:00,2026-09-18T06:55:09.183+00:00,2026-09-18T06:55:14.644+00:00,True,90,90.0,,90.0,277978.12187599996,283439.59489999997,283439.594871,3149.3288318999994,34.927395,277978.12187599996,29295.000447734856,84.6419141,61.364865438202244,11.00813349108902,0.31752797287109025,41,64,,True,True,,359,87.6246207195492
212,2026-09-18T06:50:31.591+00:00,2026-09-18T06:55:10.628+00:00,2026-09-18T06:55:14.706+00:00,True,66,66.0,,66.0,279037.649007,283115.661679,283115.66166700004,4289.631237378789,38.236298000000005,279037.649007,34339.43933490593,90.06354124999999,62.73865649230769,10.805829618776698,0.23312027179489492,41,64,,True,True,,281,87.6246207195492
213,2026-09-18T06:50:32.007+00:00,2026-09-18T06:55:12.312+00:00,2026-09-18T06:55:14.703+00:00,True,40,40.0,,40.0,280305.29869599995,282696.23527199996,282696.23508099996,7067.4058770249985,36.316642,280305.29869599995,44310.46719979311,86.81112739999999,61.306066051282045,11.01719365798654,0.1414946327867206,41,64,,True,True,,154,87.6246207195492
214,2026-09-18T06:50:32.390+00:00,2026-09-18T06:55:12.936+00:00,2026-09-18T06:55:16.963+00:00,True,66,66.0,,66.0,280546.00193300005,284572.8522370001,284572.85246,4311.709885757577,35.940682,280546.00193300005,34525.20184063025,88.9223755,61.95154313846154,11.490351164816515,0.23192655055174902,41,64,,True,True,,326,87.6246207195492
215,2026-09-18T06:50:32.947+00:00,2026-09-18T06:55:14.996+00:00,2026-09-18T06:55:16.445+00:00,True,25,25.0,,25.0,282049.002106,283498.00409,283498.00411800004,11339.92016472,35.355083,282049.002106,56397.72619433267,78.7884604,60.375082666666664,9.642178040282134,0.08818404235418686,41,64,,True,True,,112,87.6246207195492
216,2026-09-18T06:50:33.467+00:00,2026-09-18T06:55:17.496+00:00,2026-09-18T06:55:18.460+00:00,True,17,17.0,,17.0,284028.616166,284992.91645400005,284992.916496,16764.28920564706,36.010323,284028.616166,68872.44114050792,56860.92957000001,60.268768,8.693982121575482,0.0596506053958149,41,64,,True,True,,69,87.6246207195492
217,2026-09-18T06:50:34.713+00:00,2026-09-18T06:55:19.070+00:00,2026-09-18T06:55:20.283+00:00,True,20,20.0,,20.0,284356.848112,285570.647024,285570.647105,14278.53235525,35.109785,284356.848112,63569.840989260316,14312.971787999999,63.8841532631579,15.089115309693323,0.07003520918002178,41,64,,True,True,,69,87.6246207195492
218,2026-09-18T06:50:34.842+00:00,2026-09-18T06:55:20.589+00:00,2026-09-18T06:55:21.988+00:00,True,24,24.0,,24.0,285746.243761,287145.648049,287145.648006,11964.40200025,39.457916,285746.243761,58315.28856778943,76.26674005000001,60.84366469565217,7.550122441616249,0.08358127717786104,41,64,,True,True,,78,87.6246207195492
219,2026-09-18T06:50:34.988+00:00,2026-09-18T06:55:21.811+00:00,2026-09-18T06:55:27.721+00:00,True,97,97.0,,97.0,286823.07934600004,292732.667826,292732.66780900006,3017.8625547319593,37.31245,286823.07934600004,29116.222667046673,76.9508274,61.558213333333335,9.66687554257368,0.33136035250311285,41,64,,True,True,,497,87.6246207195492
220,2026-09-18T06:50:35.099+00:00,2026-09-18T06:55:23.179+00:00,2026-09-18T06:55:25.041+00:00,True,32,32.0,,32.0,288080.675433,289942.46692100004,289942.46689900005,9060.702090593752,39.527735,288080.675433,50915.33380548323,76.89149504999999,60.057789935483875,9.407787847556023,0.11036672323243689,41,64,,True,True,,127,87.6246207195492
221,2026-09-18T06:50:35.630+00:00,2026-09-18T06:55:25.663+00:00,2026-09-18T06:55:29.128+00:00,True,57,57.0,,57.0,290032.520724,293497.297428,293497.297244,5149.0753902456145,35.999182,290032.520724,38407.552871056105,91.6431182,61.87101257142857,12.682134207249032,0.19420962475466436,41,64,,True,True,,197,87.6246207195492
222,2026-09-18T06:50:36.113+00:00,2026-09-18T06:55:27.363+00:00,2026-09-18T06:55:32.860+00:00,True,90,90.0,,90.0,291249.915396,296746.57050000003,296746.570453,3297.184116144445,36.028312,291249.915396,30693.928802434948,92.8031408,61.760169707865174,11.677692567069666,0.3032890990057794,41,64,,True,True,,317,87.6246207195492
223,2026-09-18T06:50:36.703+00:00,2026-09-18T06:55:29.943+00:00,2026-09-18T06:55:33.384+00:00,True,55,55.0,,55.0,293240.258583,296681.50043899997,296681.500307,5394.209096490908,38.023639,293240.258583,39531.91679738017,92.7267899,63.72670103703704,10.243614790517627,0.185383988953192,41,64,,True,True,,269,87.6246207195492
224,2026-09-18T06:50:37.188+00:00,2026-09-18T06:55:31.513+00:00,2026-09-18T06:55:36.813+00:00,True,84,84.0,,84.0,294325.052982,299624.493622,299624.493701,3566.958258345238,34.141066,294325.052982,32106.531455652334,89.76673825000002,63.848682409638556,11.01131911464764,0.28035091185159466,41,64,,True,True,,450,87.6246207195492
225,2026-09-18T06:50:37.765+00:00,2026-09-18T06:55:33.451+00:00,2026-09-18T06:55:37.809+00:00,False,70,69.0,,69.0,295686.89885,300044.874658,300044.87467499997,4286.3553525,0.02075,295686.89885,35333.79767729418,92.8157759,63.15906968115942,13.492942213430762,0.22996560124097515,41,64,,True,False,Request timeout: 300.0s exceeded,324,87.6246207195492
226,2026-09-18T06:50:38.277+00:00,2026-09-18T06:55:35.607+00:00,2026-09-18T06:55:38.327+00:00,False,44,43.0,,43.0,297330.437569,300050.992577,300050.992627,6819.3407415227275,0.023260000000000003,297330.437569,44814.71427515521,94.04695215000001,63.268721116279075,14.797677898655222,0.14330897435363493,41,64,,True,False,Request timeout: 300.0s exceeded,220,87.6246207195492
227,2026-09-18T06:50:38.799+00:00,2026-09-18T06:55:37.623+00:00,2026-09-18T06:55:38.584+00:00,True,16,16.0,,16.0,298824.026912,299785.261856,299785.26182899997,18736.578864312498,53.694189,298824.026912,74689.98655799148,74771.37748249999,64.08232960000001,8.119829471359647,0.053371536348859945,41,64,,True,True,,69,87.6246207195492
228,2026-09-18T06:50:39.149+00:00,2026-09-18T06:55:38.890+00:00,2026-09-18T06:55:39.203+00:00,False,7,6.0,,6.0,299741.190181,300053.65123699995,300053.65121499996,42864.80731642857,0.07587,299741.190181,113271.84019235436,209838.4257358,52.076842666666664,25.5507359948384,0.019996423890409013,41,64,,True,False,Request timeout: 300.0s exceeded,28,87.6246207195492
229,2026-09-18T06:50:39.479+00:00,2026-09-18T06:55:39.543+00:00,2026-09-18T06:55:39.543+00:00,False,1,0.0,,0.0,300064.103995,300064.103995,300064.103995,300064.103995,300064.103995,300064.103995,nan,300064.103995,nan,nan,0.0,41,64,,True,False,"HTTPConnectionPool(host='gpu03', port=9002): Read timed out.",0,87.6246207195492
230,2026-09-18T06:50:39.876+00:00,2026-09-18T06:55:39.950+00:00,2026-09-18T06:55:39.950+00:00,False,1,0.0,,0.0,300074.25706599996,300074.25706599996,300074.25706599996,300074.25706599996,300074.25706599996,300074.25706599996,nan,300074.25706599996,nan,nan,0.0,41,64,,True,False,"HTTPConnectionPool(host='gpu03', port=9002): Read timed out.",0,87.6246207195492
231,2026-09-18T06:50:40.288+00:00,2026-09-18T06:55:40.159+00:00,2026-09-18T06:55:40.318+00:00,False,4,3.0,,3.0,299871.220726,300030.39743,300030.39755800006,75007.59938950001,0.038950000000000005,299871.220726,149909.08585925118,254904.15682510004,53.05890133333334,47.26900987552861,0.009998986854990016,41,64,,True,False,Request timeout: 300.0s exceeded,16,87.6246207195492
232,2026-09-18T06:50:40.627+00:00,2026-09-18T06:55:40.732+00:00,2026-09-18T06:55:40.732+00:00,False,1,0.0,,0.0,300105.355329,300105.355329,300105.355329,300105.355329,300105.355329,300105.355329,nan,300105.355329,nan,nan,0.0,41,64,,True,False,TTFT timeout: 300.0s exceeded (TTFT: 300.098s),0,87.6246207195492
233,2026-09-18T06:50:41.201+00:00,2026-09-18T06:55:41.297+00:00,2026-09-18T06:55:41.297+00:00,False,1,0.0,,0.0,300095.780692,300095.780692,300095.780692,300095.780692,300095.780692,300095.780692,nan,300095.780692,nan,nan,0.0,41,64,,True,False,TTFT timeout: 300.0s exceeded (TTFT: 300.080s),0,87.6246207195492
234,2026-09-18T06:50:41.616+00:00,2026-09-18T06:55:41.613+00:00,2026-09-18T06:55:41.683+00:00,False,3,2.0,,2.0,299997.345256,300066.905576,300066.905676,100022.301892,0.02493,299997.345256,173183.47116354594,270004.5642794,34.78016,49.15145622232538,0.00666518020759689,41,64,,True,False,Request timeout: 300.0s exceeded,7,87.6246207195492
235,2026-09-18T06:50:42.042+00:00,2026-09-18T06:55:42.135+00:00,2026-09-18T06:55:42.135+00:00,False,1,0.0,,0.0,300092.54247600003,300092.54247600003,300092.54247600003,300092.54247600003,300092.54247600003,300092.54247600003,nan,300092.54247600003,nan,nan,0.0,41,64,,True,False,"HTTPConnectionPool(host='gpu03', port=9002): Read timed out.",0,87.6246207195492
236,2026-09-18T06:50:42.587+00:00,2026-09-18T06:55:42.695+00:00,2026-09-18T06:55:42.695+00:00,False,1,0.0,,0.0,300108.269352,300108.269352,300108.269352,300108.269352,300108.269352,300108.269352,nan,300108.269352,nan,nan,0.0,41,64,,True,False,"HTTPConnectionPool(host='gpu03', port=9002): Read timed out.",0,87.6246207195492
237,2026-09-18T06:50:42.998+00:00,2026-09-18T06:55:42.891+00:00,2026-09-18T06:55:43.052+00:00,False,4,3.0,,3.0,299893.021605,300053.885861,300053.88594400004,75013.47148600001,0.04684000000000001,299893.021605,149919.7049906771,254922.25460415002,53.62141866666666,46.99915623404477,0.009998204127207174,41,64,,True,False,Request timeout: 300.0s exceeded,12,87.6246207195492
238,2026-09-18T06:50:43.366+00:00,2026-09-18T06:55:43.210+00:00,2026-09-18T06:55:43.412+00:00,False,6,5.0,,5.0,299843.827199,300045.957375,300045.957419,50007.65956983333,0.05026,299843.827199,122394.22806525695,224898.77268199998,40.4260352,25.157890078389705,0.016664113870232745,41,64,,True,False,Request timeout: 300.0s exceeded,12,87.6246207195492
239,2026-09-18T06:50:43.866+00:00,2026-09-18T06:55:43.962+00:00,2026-09-18T06:55:43.962+00:00,False,1,0.0,,0.0,300095.809173,300095.809173,300095.809173,300095.809173,300095.809173,300095.809173,nan,300095.809173,nan,nan,0.0,41,64,,True,False,TTFT timeout: 300.0s exceeded (TTFT: 300.086s),0,87.6246207195492
240,2026-09-18T06:50:44.398+00:00,2026-09-18T06:55:44.356+00:00,2026-09-18T06:55:44.423+00:00,False,3,2.0,,2.0,299957.97892900003,300025.174577,300025.17450300005,100008.391501,0.038189999999999995,299957.97892900003,173161.42544087907,269968.8967745,33.597824,47.46055460490111,0.006666107278563418,41,64,,True,False,Request timeout: 300.0s exceeded,2,87.6246207195492
241,2026-09-18T06:50:44.798+00:00,2026-09-18T06:55:44.570+00:00,2026-09-18T06:55:45.632+00:00,True,18,18.0,,18.0,299771.573058,300833.568066,300833.568076,16712.976004222222,37.654229,299771.573058,70642.11451843347,45046.16808675,62.4702945882353,15.185319699546726,0.05983374832708487,41,64,,True,True,,70,87.6246207195492
242,2026-09-18T06:50:45.285+00:00,2026-09-18T06:55:45.632+00:00,2026-09-18T06:55:45.910+00:00,False,7,6.0,,6.0,300346.689006,300624.907246,300624.907134,42946.415304857146,0.02376,300346.689006,113502.85408995749,210262.02562290002,46.369706666666666,24.22561747326319,0.01995842611633715,41,64,,True,False,Request timeout: 300.0s exceeded,28,87.6246207195492
244,2026-09-18T06:50:46.034+00:00,2026-09-18T06:55:46.093+00:00,2026-09-18T06:55:46.093+00:00,False,1,0.0,,0.0,300059.726706,300059.726706,300059.726706,300059.726706,300059.726706,300059.726706,nan,300059.726706,nan,nan,0.0,41,64,,True,False,"HTTPConnectionPool(host='gpu03', port=9002): Read timed out.",0,87.6246207195492
245,2026-09-18T06:50:46.467+00:00,2026-09-18T06:55:46.713+00:00,2026-09-18T06:55:46.713+00:00,False,1,0.0,,0.0,300245.740096,300245.740096,300245.740096,300245.740096,300245.740096,300245.740096,nan,300245.740096,nan,nan,0.0,41,64,,True,False,"HTTPConnectionPool(host='gpu03', port=9002): Read timed out.",0,87.6246207195492
243,2026-09-18T06:50:45.649+00:00,2026-09-18T06:55:46.752+00:00,2026-09-18T06:55:46.752+00:00,False,1,0.0,,0.0,301102.936439,301102.936439,301102.936439,301102.936439,301102.936439,301102.936439,nan,301102.936439,nan,nan,0.0,41,64,,True,False,"HTTPConnectionPool(host='gpu03', port=9002): Read timed out.",0,87.6246207195492
246,2026-09-18T06:50:46.844+00:00,2026-09-18T06:55:46.960+00:00,2026-09-18T06:55:46.960+00:00,False,1,0.0,,0.0,300115.54256000003,300115.54256000003,300115.54256000003,300115.54256000003,300115.54256000003,300115.54256000003,nan,300115.54256000003,nan,nan,0.0,41,64,,True,False,"HTTPConnectionPool(host='gpu03', port=9002): Read timed out.",0,87.6246207195492
248,2026-09-18T06:50:47.687+00:00,2026-09-18T06:55:47.287+00:00,2026-09-18T06:55:47.734+00:00,False,10,9.0,,9.0,299599.793717,300047.394869,300047.394897,30004.739489699998,0.03194,299599.793717,94726.04838068609,164808.3695468,49.73346133333334,20.732827900780734,0.029995261261739594,41,64,,True,False,Request timeout: 300.0s exceeded,41,87.6246207195492
247,2026-09-18T06:50:47.228+00:00,2026-09-18T06:55:47.290+00:00,2026-09-18T06:55:47.290+00:00,False,1,0.0,,0.0,300061.347793,300061.347793,300061.347793,300061.347793,300061.347793,300061.347793,nan,300061.347793,nan,nan,0.0,41,64,,True,False,TTFT timeout: 300.0s exceeded (TTFT: 300.047s),0,87.6246207195492
249,2026-09-18T06:50:48.097+00:00,2026-09-18T06:55:48.128+00:00,2026-09-18T06:55:48.128+00:00,False,1,0.0,,0.0,300031.16934799997,300031.16934799997,300031.16934799997,300031.16934799997,300031.16934799997,300031.16934799997,nan,300031.16934799997,nan,nan,0.0,41,64,,True,False,"HTTPConnectionPool(host='gpu03', port=9002): Read timed out.",0,87.6246207195492
250,2026-09-18T06:50:48.487+00:00,2026-09-18T06:55:48.557+00:00,2026-09-18T06:55:48.557+00:00,False,1,0.0,,0.0,300070.110705,300070.110705,300070.110705,300070.110705,300070.110705,300070.110705,nan,300070.110705,nan,nan,0.0,41,64,,True,False,TTFT timeout: 300.0s exceeded (TTFT: 300.064s),0,87.6246207195492
251,2026-09-18T06:50:49.028+00:00,2026-09-18T06:55:48.815+00:00,2026-09-18T06:55:49.047+00:00,False,5,4.0,,4.0,299787.430261,300019.005813,300019.005637,60003.8011274,0.0536,299787.430261,134043.1280569633,239847.98285300002,57.893888,39.650816285939335,0.013332488684044153,41,64,,True,False,Request timeout: 300.0s exceeded,11,87.6246207195492
252,2026-09-18T06:50:49.627+00:00,2026-09-18T06:55:49.772+00:00,2026-09-18T06:55:49.772+00:00,False,1,0.0,,0.0,300144.686796,300144.686796,300144.686796,300144.686796,300144.686796,300144.686796,nan,300144.686796,nan,nan,0.0,41,64,,True,False,"HTTPConnectionPool(host='gpu03', port=9002): Read timed out.",0,87.6246207195492
253,2026-09-18T06:50:50.142+00:00,2026-09-18T06:55:50.095+00:00,2026-09-18T06:55:50.168+00:00,False,3,2.0,,2.0,299952.219634,300025.064178,300025.06397699995,100008.35465899999,0.0312,299952.219634,173156.47022320182,269964.2789849,36.422272,51.464702316861796,0.006666109731463744,41,64,,True,False,Request timeout: 300.0s exceeded,6,87.6246207195492
254,2026-09-18T06:50:50.489+00:00,2026-09-18T06:55:50.381+00:00,2026-09-18T06:55:50.515+00:00,False,4,3.0,,3.0,299891.753338,300026.304378,300026.304145,75006.57603625,0.03591,299891.753338,149923.45495873885,254918.95200174995,44.85034666666667,39.244280468802955,0.009999123264273295,41,64,,True,False,Request timeout: 300.0s exceeded,6,87.6246207195492
255,2026-09-18T06:50:50.828+00:00,2026-09-18T06:55:50.925+00:00,2026-09-18T06:55:50.925+00:00,False,1,0.0,,0.0,300097.55027300003,300097.55027300003,300097.55027300003,300097.55027300003,300097.55027300003,300097.55027300003,nan,300097.55027300003,nan,nan,0.0,41,64,,True,False,"HTTPConnectionPool(host='gpu03', port=9002): Read timed out.",0,87.6246207195492
256,2026-09-18T06:50:51.169+00:00,2026-09-18T06:55:51.235+00:00,2026-09-18T06:55:51.235+00:00,False,1,0.0,,0.0,300066.127753,300066.127753,300066.127753,300066.127753,300066.127753,300066.127753,nan,300066.127753,nan,nan,0.0,41,64,,True,False,"HTTPConnectionPool(host='gpu03', port=9002): Read timed out.",0,87.6246207195492
257,2026-09-18T06:50:51.533+00:00,2026-09-18T06:55:51.458+00:00,2026-09-18T06:55:51.551+00:00,False,3,2.0,,2.0,299924.259661,300017.170765,300017.170746,100005.72358199999,0.050099,299924.259661,173134.5371508614,269941.1197935,46.455552,65.62711210622292,0.0066662851159495036,41,64,,True,False,Request timeout: 300.0s exceeded,9,87.6246207195492
258,2026-09-18T06:50:51.929+00:00,2026-09-18T06:55:51.860+00:00,2026-09-18T06:55:51.923+00:00,True,2,2.0,,2.0,299930.08876,299993.065016,299993.065231,149996.5326155,62.976471,299930.08876,212038.0685543798,284936.73314555,62.976256,nan,0.006666820780984823,41,64,,True,True,,10,87.6246207195492
259,2026-09-18T06:50:52.395+00:00,2026-09-18T06:55:52.478+00:00,2026-09-18T06:55:52.478+00:00,False,1,0.0,,0.0,300083.194311,300083.194311,300083.194311,300083.194311,300083.194311,300083.194311,nan,300083.194311,nan,nan,0.0,41,64,,True,False,"HTTPConnectionPool(host='gpu03', port=9002): Read timed out.",0,87.6246207195492
260,2026-09-18T06:50:52.822+00:00,2026-09-18T06:55:52.818+00:00,2026-09-18T06:55:52.890+00:00,False,3,2.0,,2.0,299996.03301300004,300067.84459700005,300067.84462800005,100022.614876,0.02159,299996.03301300004,173182.0639059474,270003.60871420003,35.905792,50.74804676570211,0.006665159349833232,41,64,,True,False,Request timeout: 300.0s exceeded,7,87.6246207195492
0,2026-09-18T06:48:53.177+00:00,2026-09-18T06:48:53.412+00:00,2026-09-18T06:48:57.502+00:00,True,72,72.0,,72.0,234.827033,4325.083417,4325.083223,60.070600319444445,12.675606,234.827033,23.963540162655846,71.69117165,57.60924484507042,11.833287515865731,16.647077768951156,42,64,,False,True,,349,87.6246207195492
1,2026-09-18T06:48:53.641+00:00,2026-09-18T06:48:53.848+00:00,2026-09-18T06:48:58.710+00:00,True,83,83.0,,83.0,206.70902600000002,5068.8563540000005,5068.856291,61.070557722891564,6.403598,206.70902600000002,19.348457480885983,71.9362333,59.294479609756095,10.673915493204403,16.374502294684675,42,64,,False,True,,372,87.6246207195492
2,2026-09-18T06:48:53.976+00:00,2026-09-18T06:48:54.603+00:00,2026-09-18T06:48:59.849+00:00,True,88,88.0,,88.0,626.5955749999999,5872.7050150000005,5872.705167,66.73528598863636,9.494412,626.5955749999999,61.35620594069854,68.96441569999999,60.300108505747126,11.035095556307027,14.984576915617478,42,64,,False,True,,411,87.6246207195492
3,2026-09-18T06:48:54.369+00:00,2026-09-18T06:48:57.129+00:00,2026-09-18T06:48:58.419+00:00,True,22,22.0,,22.0,2759.407333,4049.4274290000003,4049.4272960000003,184.0648770909091,40.062526,2759.407333,575.2432574876075,69.47942515000001,61.429528380952384,6.261436396494326,5.432866839999862,42,64,,False,True,,92,87.6246207195492
4,2026-09-18T06:48:54.691+00:00,2026-09-18T06:48:58.172+00:00,2026-09-18T06:48:59.911+00:00,True,30,30.0,,30.0,3480.4794229999998,5220.090303,5220.0904,174.0030133333333,9.359723,3480.4794229999998,624.6803653111422,94.41811065000002,59.98658206896552,15.540678273278573,5.747027016517112,42,64,,False,True,,154,87.6246207195492
5,2026-09-18T06:48:55.054+00:00,2026-09-18T06:48:59.269+00:00,2026-09-18T06:49:02.792+00:00,True,60,60.0,,60.0,4215.1214979999995,7738.038618,7738.038490999999,128.96730818333333,0.0,4215.1214979999995,536.6862008771517,71.31062785,59.71045966101695,15.67031354870531,7.753902889606903,42,64,,False,True,,334,87.6246207195492
6,2026-09-18T06:48:55.410+00:00,2026-09-18T06:49:00.410+00:00,2026-09-18T06:49:03.796+00:00,True,58,58.0,,58.0,5000.372627999999,8385.97954,8385.979566999998,144.58585460344827,0.0,5000.372627999999,648.9161278177639,69.08170755,59.396612491228076,13.313555563573672,6.916305927452811,42,64,,False,True,,235,87.6246207195492
7,2026-09-18T06:48:55.859+00:00,2026-09-18T06:49:01.971+00:00,2026-09-18T06:49:07.355+00:00,True,91,91.0,,91.0,6112.3746519999995,11495.857788,11495.857748,126.32810712087911,0.0,6112.3746519999995,634.7093426559283,70.8158335,59.816479288888885,17.138103576583802,7.9158947229662795,42,64,,False,True,,367,87.6246207195492
8,2026-09-18T06:48:56.323+00:00,2026-09-18T06:49:03.984+00:00,2026-09-18T06:49:07.539+00:00,True,60,60.0,,60.0,7661.227623,11215.900007,11215.899988,186.93166646666666,2.4177049999999998,7661.227623,981.4369479056473,69.21550579999999,60.24868447457627,17.579562926492855,5.349548405616416,42,64,,False,True,,280,87.6246207195492
9,2026-09-18T06:48:56.726+00:00,2026-09-18T06:49:05.427+00:00,2026-09-18T06:49:09.155+00:00,True,62,62.0,,62.0,8700.824352,12428.962848,12428.962924,200.46714393548388,0.0,8700.824352,1098.1050150098188,71.20671505,61.117024524590164,43.83939631685362,4.988348646482333,42,64,,False,True,,343,87.6246207195492
10,2026-09-18T06:48:57.240+00:00,2026-09-18T06:49:07.419+00:00,2026-09-18T06:49:10.636+00:00,True,55,55.0,,55.0,10179.007605,13395.390325,13395.390448,243.5525536,0.0,10179.007605,1365.240111143778,105.67072189999999,59.56264296296296,45.19552505475823,4.105890061102046,42,64,,False,True,,285,87.6246207195492
11,2026-09-18T06:48:57.806+00:00,2026-09-18T06:49:09.375+00:00,2026-09-18T06:49:09.499+00:00,True,3,3.0,,3.0,11569.110692,11693.478052,11693.47803,3897.82601,60.516167,11569.110692,6643.527623542993,10418.5847399,62.18368,2.3583199091963754,0.2565532672708009,42,64,,False,True,,9,87.6246207195492
12,2026-09-18T06:48:58.340+00:00,2026-09-18T06:49:11.065+00:00,2026-09-18T06:49:15.385+00:00,True,73,73.0,,73.0,12725.535143,17045.125799,17045.125716,233.4948728219178,0.0,12725.535143,1482.5864077460897,69.086929,59.99431466666666,24.336466781058057,4.28274926573336,42,64,,False,True,,306,87.6246207195492
13,2026-09-18T06:48:58.664+00:00,2026-09-18T06:49:12.690+00:00,2026-09-18T06:49:17.938+00:00,True,89,89.0,,89.0,14026.074026,19274.111146,19274.111144,216.56304656179776,0.0,14026.074026,1480.8671358834224,69.7298184,59.63678545454545,35.79463633263549,4.617592963215342,42,64,,False,True,,405,87.6246207195492
14,2026-09-18T06:48:59.225+00:00,2026-09-18T06:49:14.552+00:00,2026-09-18T06:49:15.031+00:00,True,9,9.0,,9.0,15327.606098,15806.460498,15806.460428,1756.2733808888888,52.973811000000005,15327.606098,5089.251108925635,9222.3607108,59.8568,3.948102661612682,0.5693874350389054,42,64,,False,True,,54,87.6246207195492
15,2026-09-18T06:48:59.536+00:00,2026-09-18T06:49:15.694+00:00,2026-09-18T06:49:21.631+00:00,True,92,92.0,,92.0,16158.237904,22094.607824,22094.607752,240.15877991304347,0.0,16158.237904,1678.8821426912393,91.4845917,65.23483428571429,60.27911113195739,4.1639118798961485,42,64,,False,True,,387,87.6246207195492
16,2026-09-18T06:48:59.959+00:00,2026-09-18T06:49:17.416+00:00,2026-09-18T06:49:20.252+00:00,True,44,44.0,,44.0,17456.615411,20293.260018999998,20293.26011,461.2104570454545,15.080482,17456.615411,2622.078379670007,83.73978449999998,65.96847925581396,42.705881128024224,2.168207570336361,42,64,,False,True,,150,87.6246207195492
17,2026-09-18T06:49:00.397+00:00,2026-09-18T06:49:19.156+00:00,2026-09-18T06:49:24.132+00:00,True,78,78.0,,78.0,18759.32802,23735.694356,23735.694203,304.30377183333337,0.0,18759.32802,2117.739021332616,141.4566256,64.62813423376623,64.87735706829511,3.286189939511201,42,64,,False,True,,314,87.6246207195492
18,2026-09-18T06:49:00.807+00:00,2026-09-18T06:49:20.413+00:00,2026-09-18T06:49:20.569+00:00,True,4,4.0,,4.0,19606.879135000003,19762.566303000003,19762.566346000003,4940.641586500001,39.069697,19606.879135000003,9777.496462926363,16675.20024085,51.895722666666664,11.821062592744754,0.202402863002301,42,64,,False,True,,12,87.6246207195492
19,2026-09-18T06:49:01.196+00:00,2026-09-18T06:49:21.775+00:00,2026-09-18T06:49:25.050+00:00,True,54,54.0,,54.0,20579.752807999997,23854.826599999997,23854.826521999996,441.75604670370365,0.0,20579.752807999997,2792.5352058002554,97.18656064999999,61.793845132075475,47.39589992541684,2.263692832711683,42,64,,False,True,,219,87.6246207195492
20,2026-09-18T06:49:01.647+00:00,2026-09-18T06:49:23.592+00:00,2026-09-18T06:49:27.331+00:00,True,63,63.0,,63.0,21945.568379,25684.081531,25684.081592,407.6838347936508,0.0,21945.568379,2757.6104972334033,88.71486869999998,60.298599225806456,42.7261096394693,2.45288117170788,42,64,,False,True,,241,87.6246207195492
21,2026-09-18T06:49:02.175+00:00,2026-09-18T06:49:25.681+00:00,2026-09-18T06:49:27.678+00:00,True,34,34.0,,34.0,23505.179881,25502.985449,25502.985439,750.0878070294118,35.187805,23505.179881,4020.7333524968444,78.35182785,60.53956266666666,9.4236127585046,1.3331772496985514,42,64,,False,True,,132,87.6246207195492
22,2026-09-18T06:49:02.590+00:00,2026-09-18T06:49:27.267+00:00,2026-09-18T06:49:32.912+00:00,True,95,95.0,,95.0,24677.433953000003,30322.640737,30322.640873000004,319.18569340000005,0.0,24677.433953000003,2525.994186030623,71.7023798,60.05539131914894,39.42660492394876,3.1329725146293086,42,64,,False,True,,453,87.6246207195492
23,2026-09-18T06:49:03.141+00:00,2026-09-18T06:49:29.627+00:00,2026-09-18T06:49:34.313+00:00,True,78,78.0,,78.0,26485.763293,31172.227293,31172.227074,399.64393684615385,0.0,26485.763293,2992.462555599618,69.24552015,60.86316883116883,51.16748045542179,2.5022273598497593,42,64,,False,True,,264,87.6246207195492
24,2026-09-18T06:49:03.495+00:00,2026-09-18T06:49:30.906+00:00,2026-09-18T06:49:35.904+00:00,True,85,85.0,,85.0,27411.166553,32409.103449,32409.103327999997,381.2835685647059,0.0,27411.166553,2967.5199432756885,66.82069320000001,59.49924876190476,69.96565772926992,2.6227198828180702,42,64,,False,True,,387,87.6246207195492
25,2026-09-18T06:49:03.904+00:00,2026-09-18T06:49:32.424+00:00,2026-09-18T06:49:35.533+00:00,True,53,53.0,,53.0,28519.383614,31628.409662,31628.409634,596.7624459245283,0.0,28519.383614,3910.3245320740584,228.99238039999997,59.78896246153846,93.58784261407294,1.6757086608650111,42,64,,False,True,,200,87.6246207195492
26,2026-09-18T06:49:04.366+00:00,2026-09-18T06:49:34.255+00:00,2026-09-18T06:49:37.954+00:00,True,60,60.0,,60.0,29888.707119,33588.302126999995,33588.302244,559.8050374,0.01747,29888.707119,3851.024313181076,101.56086845000002,62.705000135593224,62.83692328814778,1.7863362004168983,42,64,,False,True,,349,87.6246207195492
27,2026-09-18T06:49:04.816+00:00,2026-09-18T06:49:35.843+00:00,2026-09-18T06:49:37.655+00:00,True,29,29.0,,29.0,31027.526584,32839.128248,32839.128282,1132.383733862069,35.310044999999995,31027.526584,5749.668421406206,93.20918820000001,64.70005942857142,13.7609197035447,0.8830928696094783,42,64,,False,True,,111,87.6246207195492
28,2026-09-18T06:49:05.334+00:00,2026-09-18T06:49:37.718+00:00,2026-09-18T06:49:43.012+00:00,True,89,89.0,,89.0,32384.022159,37678.028175,37678.027963,423.34862879775284,0.0,32384.022159,3426.706837819537,96.5668878,60.15915927272727,51.6069772352933,2.3621193653401686,42,64,,False,True,,408,87.6246207195492
29,2026-09-18T06:49:05.901+00:00,2026-09-18T06:49:39.570+00:00,2026-09-18T06:49:39.570+00:00,True,1,1.0,,1.0,33669.547314999996,33669.547314999996,33669.547314999996,33669.547314999996,33669.547314999996,33669.547314999996,nan,33669.547314999996,nan,nan,0.029700429015108668,42,64,,False,True,,3,87.6246207195492
30,2026-09-18T06:49:06.260+00:00,2026-09-18T06:49:41.260+00:00,2026-09-18T06:49:45.293+00:00,True,63,63.0,,63.0,34999.767656,39033.242216000006,39033.242405000005,619.5752762698413,0.0,34999.767656,4401.941163576359,102.7933812,65.05604129032258,72.11402389095262,1.614008891482139,42,64,,False,True,,338,87.6246207195492
31,2026-09-18T06:49:06.782+00:00,2026-09-18T06:49:43.350+00:00,2026-09-18T06:49:43.801+00:00,True,8,8.0,,8.0,36568.10991,37018.857302,37018.857469,4627.357183625,57.358545,36568.10991,12906.01358160406,23792.99241325,64.39248457142857,3.9762811930690067,0.21610607628258124,42,64,,False,True,,23,87.6246207195492
32,2026-09-18T06:49:07.281+00:00,2026-09-18T06:49:45.302+00:00,2026-09-18T06:49:45.302+00:00,True,5,5.0,,5.0,38021.103466,38021.163114,38021.163016,7604.2326032,0.0,38021.103466,17003.54772803292,30416.8946828,0.014912,0.029824,0.1315057086762009,42,64,,False,True,,20,87.6246207195492
33,2026-09-18T06:49:07.897+00:00,2026-09-18T06:49:47.416+00:00,2026-09-18T06:49:49.127+00:00,True,28,28.0,,28.0,39519.346631,41230.130631,41230.130735,1472.504669107143,0.016390000000000002,39519.346631,7457.4987289191995,463.95914904999995,63.36237037037037,125.5999997237075,0.6791149960351431,42,64,,False,True,,107,87.6246207195492
34,2026-09-18T06:49:08.366+00:00,2026-09-18T06:49:49.503+00:00,2026-09-18T06:49:52.456+00:00,True,48,48.0,,48.0,41136.608043,44089.940523,44089.940385,918.5404246875,0.0,41136.608043,5929.185815051547,93.805343,62.83686127659574,91.93350376686176,1.0886837094951463,42,64,,False,True,,230,87.6246207195492
35,2026-09-18T06:49:08.771+00:00,2026-09-18T06:49:51.165+00:00,2026-09-18T06:49:56.542+00:00,True,88,88.0,,88.0,42394.283978,47771.365578,47771.365619,542.8564274886363,0.0,42394.283978,4513.158554226232,87.50235735,61.80553563218391,67.6479598497279,1.842107692239101,42,64,,False,True,,605,87.6246207195492
36,2026-09-18T06:49:09.253+00:00,2026-09-18T06:49:53.136+00:00,2026-09-18T06:49:57.143+00:00,True,65,65.0,,65.0,43883.281319,47890.314663000005,47890.314677,736.7740719538461,34.243216999999994,43883.281319,5435.301534128863,95.09997519999999,62.609896,13.368970804837856,1.3572681753586162,42,64,,False,True,,297,87.6246207195492
37,2026-09-18T06:49:09.661+00:00,2026-09-18T06:49:54.832+00:00,2026-09-18T06:49:54.956+00:00,True,3,3.0,,3.0,45171.491377,45295.148337,45295.148559,15098.382853,58.490802,45171.491377,26044.076166434596,40660.8588773,61.82848,4.72044122444841,0.06623225908611069,42,64,,False,True,,15,87.6246207195492
38,2026-09-18T06:49:10.168+00:00,2026-09-18T06:49:56.866+00:00,2026-09-18T06:49:57.628+00:00,True,14,14.0,,14.0,46697.813968,47459.648720000005,47459.648933000004,3389.9749237857145,34.777276,46697.813968,12464.862988761717,16406.3842904,58.602673230769234,15.98455292955474,0.29498743411685324,42,64,,False,True,,88,87.6246207195492
39,2026-09-18T06:49:10.605+00:00,2026-09-18T06:49:59.025+00:00,2026-09-18T06:50:03.812+00:00,True,79,79.0,,79.0,48419.620378,53206.756378,53206.756297,673.5032442658228,0.0,48419.620378,5442.663262590464,90.9903549,61.373538461538466,146.073552401597,1.484773840351317,42,64,,False,True,,384,87.6246207195492
40,2026-09-18T06:49:11.025+00:00,2026-09-18T06:50:00.786+00:00,2026-09-18T06:50:05.177+00:00,True,77,77.0,,77.0,49760.75686,54152.476284000004,54152.476228,703.278912051948,0.0,49760.75686,5665.466035006058,91.3702496,57.78578189473684,121.54572399368787,1.4219109685063576,42,64,,False,True,,375,87.6246207195492
41,2026-09-18T06:49:11.385+00:00,2026-09-18T06:50:02.601+00:00,2026-09-18T06:50:05.305+00:00,True,52,52.0,,52.0,51215.95862,53920.108636,53920.108501999995,1036.9251635,0.0156,51215.95862,7095.07790901142,95.65253509999998,53.02254933333334,28.275887990606233,0.9643897483782511,42,64,,False,True,,228,87.6246207195492
42,2026-09-18T06:49:11.841+00:00,2026-09-18T06:50:04.244+00:00,2026-09-18T06:50:05.606+00:00,True,23,23.0,,23.0,52403.438446,53765.099886,53765.099834,2337.6130362608696,36.311303,52403.438446,10913.97156735541,94.4283072,61.89370181818182,10.728838861056749,0.4277867994064494,42,64,,False,True,,78,87.6246207195492
43,2026-09-18T06:49:12.307+00:00,2026-09-18T06:50:05.888+00:00,2026-09-18T06:50:07.687+00:00,True,29,29.0,,29.0,53580.95715,55379.916766,55379.916821,1909.6523041724138,38.054049,53580.95715,9937.816696001788,102.64966700000001,64.24855771428571,16.61684458318426,0.5236555360408972,42,64,,False,True,,117,87.6246207195492
44,2026-09-18T06:49:12.674+00:00,2026-09-18T06:50:07.297+00:00,2026-09-18T06:50:11.679+00:00,True,71,71.0,,71.0,54623.469631,59005.185599000004,59005.185618,831.0589523661972,0.0,54623.469631,6475.8947109403225,92.21532499999998,62.5959424,96.60446201688134,1.203284072056258,42,64,,False,True,,295,87.6246207195492
45,2026-09-18T06:49:13.062+00:00,2026-09-18T06:50:08.894+00:00,2026-09-18T06:50:10.627+00:00,True,28,28.0,,28.0,55831.458738,57564.326322,57564.326121,2055.8687900357145,0.0,55831.458738,10540.154542664211,576.0407481,64.18028088888889,157.24319299094367,0.486412363160045,42,64,,False,True,,135,87.6246207195492
46,2026-09-18T06:49:13.609+00:00,2026-09-18T06:50:10.922+00:00,2026-09-18T06:50:14.582+00:00,True,62,62.0,,62.0,57313.182682,60972.710618,60972.710561,983.4308155,39.684007,57313.182682,7271.168674042525,69.6468361,59.99226124590164,9.589106454059143,1.0168483469340255,42,64,,False,True,,269,87.6246207195492
47,2026-09-18T06:49:14.088+00:00,2026-09-18T06:50:12.829+00:00,2026-09-18T06:50:15.502+00:00,True,44,44.0,,44.0,58741.829843,61414.375891,61414.375993,1395.7812725681817,34.615096,58741.829843,8846.299965656413,87.8763329,62.1522336744186,10.177447668941317,0.7164446330626637,42,64,,False,True,,170,87.6246207195492
48,2026-09-18T06:49:14.499+00:00,2026-09-18T06:50:14.356+00:00,2026-09-18T06:50:20.200+00:00,True,92,92.0,,92.0,59856.734312,65700.34852,65700.348592,714.134223826087,0.0,59856.734312,6235.119972535969,110.85425565,64.21554074725275,128.95268432311437,1.400296985821834,42,64,,False,True,,319,87.6246207195492
49,2026-09-18T06:49:14.900+00:00,2026-09-18T06:50:15.824+00:00,2026-09-18T06:50:21.895+00:00,True,97,97.0,,97.0,60923.473199,66994.191151,66994.19124,690.6617653608247,0.0,60923.473199,6180.839513621793,96.7729376,63.236645333333335,133.1183957118111,1.44788672470676,42,64,,False,True,,509,87.6246207195492
50,2026-09-18T06:49:15.279+00:00,2026-09-18T06:50:17.438+00:00,2026-09-18T06:50:21.274+00:00,True,62,62.0,,62.0,62159.276435,65994.953875,65994.953889,1064.4347401451612,0.0,62159.276435,7887.092609860162,97.6812458,62.87995803278688,116.2258690836299,0.9394657676014626,42,64,,False,True,,234,87.6246207195492
51,2026-09-18T06:49:15.586+00:00,2026-09-18T06:50:18.665+00:00,2026-09-18T06:50:23.037+00:00,True,70,70.0,,70.0,63079.041602,67451.223874,67451.224016,963.5889145142856,0.0,63079.041602,7532.615230133165,96.43829945000002,63.364960463768114,110.67182958396859,1.0377869515127132,42,64,,False,True,,396,87.6246207195492
52,2026-09-18T06:49:16.034+00:00,2026-09-18T06:50:20.414+00:00,2026-09-18T06:50:22.776+00:00,True,37,37.0,,37.0,64380.632567,66742.884599,66742.884659,1803.8617475405406,36.753122000000005,64380.632567,10573.33027693999,95.2064426,65.618112,12.367597152482704,0.5543662103054259,42,64,,False,True,,170,87.6246207195492
53,2026-09-18T06:49:16.517+00:00,2026-09-18T06:50:22.016+00:00,2026-09-18T06:50:24.699+00:00,True,44,44.0,,44.0,65498.86213,68182.35909,68182.35905,1549.5990693181818,39.625317,65498.86213,9864.923004724922,89.3689668,62.40690604651163,11.19554266162677,0.6453282137381088,42,64,,False,True,,189,87.6246207195492
54,2026-09-18T06:49:16.889+00:00,2026-09-18T06:50:23.609+00:00,2026-09-18T06:50:25.544+00:00,True,32,32.0,,32.0,66720.29889199999,68654.988428,68654.98834299999,2145.4683857187497,38.042119,66720.29889199999,11783.566125363546,88.22058854999999,62.40933987096774,10.692116056128109,0.4660986875492537,42,64,,False,True,,106,87.6246207195492
55,2026-09-18T06:49:17.332+00:00,2026-09-18T06:50:25.263+00:00,2026-09-18T06:50:28.461+00:00,True,52,52.0,,52.0,67931.35613500001,71128.683751,71128.68388600001,1367.8593055000001,39.369807,67931.35613500001,9411.698665514312,92.2827951,62.69269835294118,12.725555919842112,0.731069341618021,42,64,,False,True,,252,87.6246207195492
56,2026-09-18T06:49:17.735+00:00,2026-09-18T06:50:26.601+00:00,2026-09-18T06:50:30.105+00:00,True,58,58.0,,58.0,68866.531844,72369.98938,72369.989351,1247.7584370862069,33.834858,68866.531844,9034.556812467841,90.09850890000001,61.46416729824561,12.731400261040823,0.8014371771626755,42,64,,False,True,,285,87.6246207195492
57,2026-09-18T06:49:18.295+00:00,2026-09-18T06:50:28.911+00:00,2026-09-18T06:50:32.227+00:00,True,39,39.0,,39.0,70615.203446,73932.155254,73932.155307,1895.6962899230768,33.240418,70615.203446,11294.597067473935,191.363854,87.2882054736842,159.1782039447571,0.5275106598206463,42,64,,False,True,,181,87.6246207195492
58,2026-09-18T06:49:18.733+00:00,2026-09-18T06:50:30.421+00:00,2026-09-18T06:50:34.764+00:00,True,56,56.0,,56.0,71687.960252,76031.12876400001,76031.12875,1357.6987276785715,0.0,71687.960252,9570.925907158082,320.251592,78.96670021818181,185.8416939976837,0.7365404264064465,42,64,,False,True,,213,87.6246207195492
59,2026-09-18T06:49:19.050+00:00,2026-09-18T06:50:32.227+00:00,2026-09-18T06:50:32.227+00:00,True,2,2.0,,2.0,73176.819771,73176.819771,73176.819771,36588.4098855,0.0,73176.819771,51743.825485739915,69517.97878245,0.0,nan,0.027331059292530237,42,64,,False,True,,5,87.6246207195492
60,2026-09-18T06:49:19.489+00:00,2026-09-18T06:50:33.292+00:00,2026-09-18T06:50:38.568+00:00,True,87,87.0,,87.0,73802.293693,79078.358717,79078.358899,908.9466540114943,0.01559,73802.293693,7906.744258406097,86.2138806,61.34959330232559,119.00475050819387,1.1001745788800372,42,64,,False,True,,447,87.6246207195492
61,2026-09-18T06:49:19.870+00:00,2026-09-18T06:50:34.739+00:00,2026-09-18T06:50:34.739+00:00,True,1,1.0,,1.0,74869.633098,74869.633098,74869.633098,74869.633098,74869.633098,74869.633098,nan,74869.633098,nan,nan,0.013356550027312916,42,64,,False,True,,3,87.6246207195492
62,2026-09-18T06:49:20.243+00:00,2026-09-18T06:50:36.008+00:00,2026-09-18T06:50:39.245+00:00,True,53,53.0,,53.0,75765.24316099999,79002.13096899999,79002.13093999999,1490.6062441509432,32.946149,75765.24316099999,10398.613273006114,89.02845,62.24784246153846,12.307525207980452,0.6708679797611651,42,64,,False,True,,246,87.6246207195492
63,2026-09-18T06:49:20.676+00:00,2026-09-18T06:50:38.102+00:00,2026-09-18T06:50:42.452+00:00,True,68,68.0,,68.0,77426.307842,81776.360194,81776.36015,1202.593531617647,38.611629,77426.307842,9381.45504239202,100.30941855,64.92615450746268,13.459984214540608,0.831536153463935,42,64,,False,True,,163,87.6246207195492
64,2026-09-18T06:49:21.004+00:00,2026-09-18T06:50:39.113+00:00,2026-09-18T06:50:40.075+00:00,True,17,17.0,,17.0,78109.27349699999,79070.92930499998,79070.92931899999,4651.231136411764,38.703979,78109.27349699999,18929.706141785806,15677.215636999998,60.103488,8.783219716202177,0.2149968408038556,42,64,,False,True,,82,87.6246207195492
65,2026-09-18T06:49:21.589+00:00,2026-09-18T06:50:40.514+00:00,2026-09-18T06:50:45.753+00:00,True,69,69.0,,69.0,78924.938303,84164.058431,84164.058387,1219.7689621304348,0.0,78924.938303,9493.15055290487,94.9010864,77.04588423529412,137.39974753256976,0.8198273857785516,42,64,,False,True,,336,87.6246207195492
66,2026-09-18T06:49:21.976+00:00,2026-09-18T06:50:42.827+00:00,2026-09-18T06:50:48.058+00:00,True,86,86.0,,86.0,80850.054824,86081.10096800001,86081.10080300001,1000.9430325930233,0.0,80850.054824,8712.552335133785,93.09970000000001,61.541719341176474,126.17456876430792,0.9990578539645983,42,64,,False,True,,500,87.6246207195492
67,2026-09-18T06:49:22.425+00:00,2026-09-18T06:50:44.443+00:00,2026-09-18T06:50:50.376+00:00,True,97,97.0,,97.0,82018.505255,87951.172647,87951.172526,906.7131188247422,0.0,82018.505255,8322.27454744104,76.51124,61.79861866666666,118.27694080640238,1.1028846697623726,42,64,,False,True,,217,87.6246207195492
68,2026-09-18T06:49:22.771+00:00,2026-09-18T06:50:45.764+00:00,2026-09-18T06:50:49.965+00:00,True,70,70.0,,70.0,82993.133404,87193.24476399999,87193.244681,1245.6177811571426,32.253151,82993.133404,9912.307875769067,87.5860343,60.87117913043478,11.549308376440065,0.8028144862536568,42,64,,False,True,,320,87.6246207195492
69,2026-09-18T06:49:23.262+00:00,2026-09-18T06:50:47.624+00:00,2026-09-18T06:50:53.073+00:00,True,90,90.0,,90.0,84362.195324,89811.824508,89811.824368,997.9091596444445,36.189543,84362.195324,8886.107929286625,83.09004125,61.231788584269665,10.504031273750432,1.002095219566364,42,64,,False,True,,434,87.6246207195492
70,2026-09-18T06:49:23.703+00:00,2026-09-18T06:50:49.401+00:00,2026-09-18T06:50:50.563+00:00,True,20,20.0,,20.0,85697.69516500001,86859.44466900002,86859.44447500001,4342.972223750001,41.577884,85697.69516500001,19148.916038026277,4357.859291350001,61.1447107368421,7.017860958265598,0.230257055824097,42,64,,False,True,,92,87.6246207195492
71,2026-09-18T06:49:24.180+00:00,2026-09-18T06:50:50.856+00:00,2026-09-18T06:50:52.831+00:00,True,33,33.0,,33.0,86675.604199,88650.32112699999,88650.32129499999,2686.3733725757575,35.414015,86675.604199,15077.547431967208,90.209813,61.709904,10.790882201502884,0.3722490745715898,42,64,,False,True,,145,87.6246207195492
72,2026-09-18T06:49:24.592+00:00,2026-09-18T06:50:52.508+00:00,2026-09-18T06:50:57.635+00:00,True,82,82.0,,82.0,87915.986248,93043.201352,93043.20128,1134.6731863414634,38.306298999999996,87915.986248,9701.712654026129,94.04270650000001,63.29895190123457,11.14813167896917,0.8813110341053133,42,64,,False,True,,417,87.6246207195492
73,2026-09-18T06:49:25.120+00:00,2026-09-18T06:50:54.396+00:00,2026-09-18T06:50:57.442+00:00,True,50,50.0,,50.0,89276.01371500001,92322.85454700001,92322.854416,1846.4570883200001,32.75925,89276.01371500001,12616.746502379165,91.63627505000001,62.18042514285714,11.576943923153928,0.5415777084161305,42,64,,False,True,,235,87.6246207195492
74,2026-09-18T06:49:25.670+00:00,2026-09-18T06:50:56.435+00:00,2026-09-18T06:51:02.519+00:00,True,99,99.0,,99.0,90765.067043,96849.037859,96849.037784,978.2731089292929,38.753508000000004,90765.067043,9115.99663646255,69.5900709,62.081334857142856,8.11719366219349,1.0222094322106898,42,64,,False,True,,451,87.6246207195492
75,2026-09-18T06:49:26.038+00:00,2026-09-18T06:50:57.635+00:00,2026-09-18T06:51:03.139+00:00,True,90,90.0,,90.0,91596.661597,97100.203613,97100.203781,1078.8911531222222,36.962702,91596.661597,9648.62082246532,69.45908235,61.83755074157303,7.8809151380521465,0.9268775620564259,42,64,,False,True,,206,87.6246207195492
76,2026-09-18T06:49:26.603+00:00,2026-09-18T06:50:59.788+00:00,2026-09-18T06:50:59.850+00:00,True,2,2.0,,2.0,93185.26457099999,93247.41701899999,93247.417106,46623.708553,62.152535,93185.26457099999,65847.9840058502,88529.1089692,62.152448,nan,0.021448315287837756,42,64,,True,True,,2,87.6246207195492
77,2026-09-18T06:49:27.172+00:00,2026-09-18T06:51:02.153+00:00,2026-09-18T06:51:02.834+00:00,True,12,12.0,,12.0,94980.976482,95662.05757,95662.057481,7971.838123416666,38.934398,94980.976482,27400.77382213934,42780.7943908,61.91646254545455,9.16394534764031,0.12544158368346917,42,64,,True,True,,18,87.6246207195492
78,2026-09-18T06:49:27.626+00:00,2026-09-18T06:51:03.540+00:00,2026-09-18T06:51:04.043+00:00,True,9,9.0,,9.0,95913.448649,96417.01908099999,96417.019067,10713.002118555556,57.589784,95913.448649,31950.16772326235,57576.2860414,62.946304,4.476038695623365,0.0933445162045416,42,64,,True,True,,25,87.6246207195492
79,2026-09-18T06:49:28.007+00:00,2026-09-18T06:51:05.302+00:00,2026-09-18T06:51:05.421+00:00,True,3,3.0,,3.0,97294.84800499999,97414.37030899999,97414.370304,32471.456767999996,54.021660000000004,97294.84800499999,56138.70386409554,87571.91326839998,59.761152,8.116907025511626,0.030796277699932262,42,64,,True,True,,14,87.6246207195492
80,2026-09-18T06:49:28.539+00:00,2026-09-18T06:51:07.153+00:00,2026-09-18T06:51:09.115+00:00,True,33,33.0,,33.0,98613.74165899999,100575.70953099999,100575.70969799999,3047.7487787272726,37.014071,98613.74165899999,17155.779948407784,89.47406019999998,61.311496,11.779715459865404,0.3281110335078328,42,64,,True,True,,109,87.6246207195492
81,2026-09-18T06:49:29.015+00:00,2026-09-18T06:51:09.033+00:00,2026-09-18T06:51:13.522+00:00,True,72,72.0,,72.0,100017.46758499999,104507.14156899998,104507.14170699999,1451.4880792638887,37.209831,100017.46758499999,11779.724598726114,94.0472985,63.23484484507042,11.256457083597068,0.6889481323385215,42,64,,True,True,,362,87.6246207195492
82,2026-09-18T06:49:29.529+00:00,2026-09-18T06:51:11.373+00:00,2026-09-18T06:51:16.612+00:00,True,84,84.0,,84.0,101843.635879,107083.099815,107083.099793,1274.7988070595238,35.184555,101843.635879,11105.167485414935,82.87183144999999,63.126071518072294,8.77704535656761,0.7844375083007584,42,64,,True,True,,476,87.6246207195492
83,2026-09-18T06:49:29.989+00:00,2026-09-18T06:51:12.956+00:00,2026-09-18T06:51:18.584+00:00,True,89,89.0,,89.0,102967.170354,108594.642738,108594.642629,1220.1645239213483,35.574064,102967.170354,10907.72348849885,93.05451939999999,63.94854981818182,9.148065458947462,0.8195616077924318,42,64,,True,True,,464,87.6246207195492
84,2026-09-18T06:49:30.471+00:00,2026-09-18T06:51:14.515+00:00,2026-09-18T06:51:18.710+00:00,True,66,66.0,,66.0,104044.59992299999,108239.25029099999,108239.25021999999,1639.9886396969696,41.491594,104044.59992299999,12799.065265224823,91.01785899999999,64.53308258461539,9.946741356123534,0.6097603209793098,42,64,,True,True,,259,87.6246207195492
85,2026-09-18T06:49:30.960+00:00,2026-09-18T06:51:16.608+00:00,2026-09-18T06:51:20.973+00:00,True,68,68.0,,68.0,105647.71025,110012.61802600001,110012.618112,1617.8326192941176,34.410177000000004,105647.71025,12803.773112007188,96.0618575,65.14787725373134,13.229946999923234,0.6181109150945677,42,64,,True,True,,132,87.6246207195492
86,2026-09-18T06:49:31.329+00:00,2026-09-18T06:51:18.098+00:00,2026-09-18T06:51:21.076+00:00,True,48,48.0,,48.0,106768.523388,109746.26111600001,109746.261067,2286.3804388958333,35.637114000000004,106768.523388,15401.568658183334,95.4943633,63.356121872340424,11.763419812282507,0.43737253107205887,42,64,,True,True,,196,87.6246207195492
87,2026-09-18T06:49:31.834+00:00,2026-09-18T06:51:19.734+00:00,2026-09-18T06:51:20.104+00:00,True,7,7.0,,7.0,107900.56722699999,108270.62674699999,108270.62652199999,15467.232360285712,55.688087,107900.56722699999,40759.269637493555,75550.4475007,61.676586666666665,3.8629427812639765,0.06465280760179916,42,64,,True,True,,25,87.6246207195492
88,2026-09-18T06:49:32.330+00:00,2026-09-18T06:51:21.864+00:00,2026-09-18T06:51:24.873+00:00,True,48,48.0,,48.0,109534.441037,112543.265357,112543.2655,2344.6513645833334,36.704112,109534.441037,15800.699058256361,93.5722206,64.01753872340426,11.973239444875249,0.426502641875003,42,64,,True,True,,230,87.6246207195492
89,2026-09-18T06:49:32.661+00:00,2026-09-18T06:51:23.175+00:00,2026-09-18T06:51:24.519+00:00,True,22,22.0,,22.0,110513.88703700001,111857.935165,111857.93512000001,5084.451596363637,38.256249000000004,110513.88703700001,23547.99788362708,92.33157499999999,64.00229180952381,12.84031834045337,0.1966780449464593,42,64,,True,True,,80,87.6246207195492
90,2026-09-18T06:49:33.033+00:00,2026-09-18T06:51:24.584+00:00,2026-09-18T06:51:27.667+00:00,True,51,51.0,,51.0,111550.84273199999,114634.54858799999,114634.54843499999,2247.736243823529,39.212887,111550.84273199999,15611.609416845362,87.77275249999998,61.67411712,10.060502654502733,0.4448920559132268,42,64,,True,True,,198,87.6246207195492
91,2026-09-18T06:49:33.575+00:00,2026-09-18T06:51:26.726+00:00,2026-09-18T06:51:28.438+00:00,True,27,27.0,,27.0,113151.702773,114863.71122099999,114863.711215,4254.211526481481,37.038561,113151.702773,21763.387888617915,93.5972609,65.84647876923077,14.58249662948712,0.2350611843635409,42,64,,True,True,,112,87.6246207195492
92,2026-09-18T06:49:34.091+00:00,2026-09-18T06:51:28.874+00:00,2026-09-18T06:51:30.468+00:00,True,28,28.0,,28.0,114783.480987,116376.967579,116376.967388,4156.320263857143,34.925795,114783.480987,21680.889662558748,87.65957435,59.01802192592593,13.534909529536899,0.24059743592298707,42,64,,True,True,,102,87.6246207195492
93,2026-09-18T06:49:34.576+00:00,2026-09-18T06:51:31.162+00:00,2026-09-18T06:51:35.513+00:00,True,69,69.0,,69.0,116586.087225,120937.503033,120937.502972,1752.7174343768115,37.47579,116586.087225,14027.618476572028,93.9620924,63.99140894117647,13.675752798443744,0.5705426213502365,42,64,,True,True,,322,87.6246207195492
94,2026-09-18T06:49:35.209+00:00,2026-09-18T06:51:32.265+00:00,2026-09-18T06:51:34.480+00:00,True,35,35.0,,35.0,117055.802438,119271.105606,119271.105708,3407.7458773714284,39.024908,117055.802438,19775.034096821528,95.0413149,65.15597552941176,15.069675712057743,0.29344911177078337,42,64,,True,True,,159,87.6246207195492
95,2026-09-18T06:49:35.451+00:00,2026-09-18T06:51:34.603+00:00,2026-09-18T06:51:35.577+00:00,True,17,17.0,,17.0,119152.239607,120125.94840699999,120125.948435,7066.232260882352,37.639739999999996,119152.239607,28883.9077414037,23908.6689606,60.8568,17.155456743396464,0.14151813347106423,42,64,,True,True,,68,87.6246207195492
96,2026-09-18T06:49:36.020+00:00,2026-09-18T06:51:37.066+00:00,2026-09-18T06:51:42.757+00:00,True,93,93.0,,93.0,121045.824579,126737.276995,126737.27695599999,1362.7664188817203,36.159543,121045.824579,12545.457137541533,92.27354500000001,61.863613217391304,11.036365054934176,0.7338014687160197,42,64,,True,True,,548,87.6246207195492
97,2026-09-18T06:49:36.401+00:00,2026-09-18T06:51:38.777+00:00,2026-09-18T06:51:44.800+00:00,True,99,99.0,,99.0,122376.698084,128399.673316,128399.673245,1296.9663964141414,39.187987,122376.698084,12293.147037081346,70.39634439999999,61.45893093877551,8.58033166074916,0.7710299990900641,42,64,,True,True,,508,87.6246207195492
98,2026-09-18T06:49:36.905+00:00,2026-09-18T06:51:40.802+00:00,2026-09-18T06:51:42.209+00:00,True,24,24.0,,24.0,123897.227017,125304.569097,125304.569112,5221.023713,38.354299,123897.227017,25277.928429523166,92.45983195000001,61.188786086956526,12.543481512920282,0.19153331895999154,42,64,,True,True,,113,87.6246207195492
99,2026-09-18T06:49:37.300+00:00,2026-09-18T06:51:42.401+00:00,2026-09-18T06:51:45.568+00:00,True,53,53.0,,53.0,125101.596205,128268.45623699999,128268.45612199999,2420.159549471698,34.672016000000006,125101.596205,17175.66206836503,69.15084759999999,60.90115446153846,7.66943177915428,0.41319589831246256,42,64,,True,True,,271,87.6246207195492
100,2026-09-18T06:49:37.756+00:00,2026-09-18T06:51:44.142+00:00,2026-09-18T06:51:47.853+00:00,True,63,63.0,,63.0,126385.204297,130097.02304900001,130097.023115,2065.032112936508,35.744473,126385.204297,15915.499590117575,69.775436,59.86804438709678,10.188872187218296,0.48425397079433213,42,64,,True,True,,300,87.6246207195492
101,2026-09-18T06:49:38.144+00:00,2026-09-18T06:51:45.315+00:00,2026-09-18T06:51:49.319+00:00,True,67,67.0,,67.0,127171.098062,131174.77499,131174.774819,1957.8324599850746,37.54414,127171.098062,15529.014032931325,69.2835359,60.66177163636363,9.15738472150448,0.5107689340813254,42,64,,True,True,,131,87.6246207195492
102,2026-09-18T06:49:38.499+00:00,2026-09-18T06:51:46.774+00:00,2026-09-18T06:51:50.207+00:00,True,58,58.0,,58.0,128275.342466,131708.07462600002,131708.074618,2270.828872724138,36.238082000000006,128275.342466,16835.471834070973,68.85206414999999,60.22337122807018,8.084462263340018,0.44036783746704644,42,64,,True,True,,288,87.6246207195492
103,2026-09-18T06:49:39.047+00:00,2026-09-18T06:51:48.653+00:00,2026-09-18T06:51:51.429+00:00,True,47,47.0,,47.0,129605.97013500001,132381.202903,132381.203122,2816.621343021277,37.176101,129605.97013500001,18896.176026619807,72.05091780000001,60.33114713043478,9.82313062951788,0.3550352993425994,42,64,,True,True,,207,87.6246207195492
104,2026-09-18T06:49:39.616+00:00,2026-09-18T06:51:50.737+00:00,2026-09-18T06:51:50.801+00:00,True,2,2.0,,2.0,131121.14843,131185.777678,131185.777829,65592.8889145,64.62939899999999,131121.14843,92670.95332552392,124568.32247845002,64.629248,nan,0.015245555085316248,42,64,,True,True,,7,87.6246207195492
105,2026-09-18T06:49:40.007+00:00,2026-09-18T06:51:51.966+00:00,2026-09-18T06:51:54.024+00:00,True,33,33.0,,33.0,131958.492642,134016.41597,134016.415856,4061.103510787879,41.611683,131958.492642,22959.83201500728,92.45113800000001,64.310104,9.449953268694996,0.2462384907188322,42,64,,True,True,,184,87.6246207195492
106,2026-09-18T06:49:40.350+00:00,2026-09-18T06:51:53.321+00:00,2026-09-18T06:51:56.205+00:00,True,48,48.0,,48.0,132971.331447,135854.618743,135854.618932,2830.3045610833333,35.992843,132971.331447,19183.907215001676,88.0703197,61.34653821276596,11.4157300412418,0.3533188672135097,42,64,,True,True,,233,87.6246207195492
107,2026-09-18T06:49:40.803+00:00,2026-09-18T06:51:55.239+00:00,2026-09-18T06:52:01.164+00:00,True,99,99.0,,99.0,134436.275958,140360.902646,140360.902544,1417.7868943838384,36.427722,134436.275958,13505.281362702626,70.2658818,60.45537436734694,9.415022743250004,0.7053246177084292,42,64,,True,True,,436,87.6246207195492
108,2026-09-18T06:49:41.179+00:00,2026-09-18T06:51:56.388+00:00,2026-09-18T06:51:57.072+00:00,True,13,13.0,,13.0,135208.87137,135893.081546,135893.081535,10453.31396423077,39.619856,135208.87137,37484.38265983639,54140.091723000005,57.01751466666666,14.949618242807098,0.09566344255428105,42,64,,True,True,,48,87.6246207195492
109,2026-09-18T06:49:41.506+00:00,2026-09-18T06:51:57.960+00:00,2026-09-18T06:52:00.664+00:00,True,45,45.0,,45.0,136453.939403,139157.982411,139157.982223,3092.3996049555553,38.691286999999996,136453.939403,20332.192692183693,72.4603372,61.45552290909091,8.293821498487457,0.3233734725119361,42,64,,True,True,,208,87.6246207195492
110,2026-09-18T06:49:41.864+00:00,2026-09-18T06:51:59.354+00:00,2026-09-18T06:52:00.286+00:00,True,16,16.0,,16.0,137489.526046,138422.002462,138422.00261800003,8651.375163625002,55.918705,137489.526046,34356.84040031878,34422.549196,62.1650944,3.4854947906338265,0.11558856045585936,42,64,,True,True,,65,87.6246207195492
111,2026-09-18T06:49:42.184+00:00,2026-09-18T06:52:00.546+00:00,2026-09-18T06:52:01.415+00:00,True,15,15.0,,15.0,138361.505784,139230.22770400002,139230.227485,9282.015165666668,52.353923,138361.505784,35708.76586686665,41556.9688269,62.051565714285715,5.045784260609268,0.10773522565724467,42,64,,True,True,,75,87.6246207195492
112,2026-09-18T06:49:42.590+00:00,2026-09-18T06:52:01.860+00:00,2026-09-18T06:52:03.355+00:00,True,25,25.0,,25.0,139269.61749399998,140764.251734,140764.251768,5630.570070719999,34.812476000000004,139269.61749399998,27841.471917326988,95.3072184,62.276426666666666,14.670562131703003,0.17760191022960936,42,64,,True,True,,94,87.6246207195492
113,2026-09-18T06:49:42.938+00:00,2026-09-18T06:52:03.350+00:00,2026-09-18T06:52:04.661+00:00,True,22,22.0,,22.0,140411.56618999998,141722.92618999997,141722.926216,6441.951191636363,42.719321,140411.56618999998,29922.53394949929,84.94099360000001,62.44571428571428,7.621771173823846,0.155232470789559,42,64,,True,True,,129,87.6246207195492
114,2026-09-18T06:49:43.401+00:00,2026-09-18T06:52:04.941+00:00,2026-09-18T06:52:07.941+00:00,True,49,49.0,,49.0,141540.397248,144539.68735999998,144539.687288,2949.789536489796,36.262333,141540.397248,20211.133771933153,92.75019379999999,62.48521066666667,11.987070412773592,0.3390072366626711,42,64,,True,True,,213,87.6246207195492
115,2026-09-18T06:49:43.718+00:00,2026-09-18T06:52:06.469+00:00,2026-09-18T06:52:10.127+00:00,True,60,60.0,,60.0,142751.61711300001,146409.46722500003,146409.46716700002,2440.157786116667,38.595938000000004,142751.61711300001,18421.153202096044,85.89564469999999,61.99745952542373,9.709462349105934,0.4098095644852858,42,64,,True,True,,213,87.6246207195492
116,2026-09-18T06:49:44.111+00:00,2026-09-18T06:52:07.704+00:00,2026-09-18T06:52:10.849+00:00,True,53,53.0,,53.0,143592.66659900002,146738.09021500003,146738.09013700002,2768.6432101320756,35.573653,143592.66659900002,19715.662112047565,69.0138934,60.48891569230769,7.062056404528867,0.3611877456108678,42,64,,True,True,,191,87.6246207195492
117,2026-09-18T06:49:44.489+00:00,2026-09-18T06:52:09.255+00:00,2026-09-18T06:52:09.484+00:00,True,5,5.0,,5.0,144765.310347,144994.863243,144994.863209,28998.9726418,34.915684999999996,144765.310347,64715.35147373511,115825.7412544,57.388224,15.092935035076335,0.03448398024708222,42,64,,True,True,,28,87.6246207195492
118,2026-09-18T06:49:44.917+00:00,2026-09-18T06:52:10.849+00:00,2026-09-18T06:52:13.796+00:00,True,47,47.0,,47.0,145932.337513,148879.475817,148879.47565,3167.6484180851066,40.322145,145932.337513,21277.07636194629,89.97837360000001,64.068224,10.431984755965413,0.3156916004847543,42,64,,True,True,,206,87.6246207195492
119,2026-09-18T06:49:45.408+00:00,2026-09-18T06:52:12.847+00:00,2026-09-18T06:52:14.701+00:00,True,30,30.0,,30.0,147438.599416,149293.30328800002,149293.303229,4976.443440966667,39.719796,147438.599416,26906.807902397934,91.77827660000001,63.95530593103448,11.175785962293945,0.20094672258759882,42,64,,True,True,,145,87.6246207195492
120,2026-09-18T06:49:45.726+00:00,2026-09-18T06:52:14.018+00:00,2026-09-18T06:52:17.925+00:00,True,63,63.0,,63.0,148291.649981,152198.751165,152198.75113,2415.8531925396824,34.40144600000001,148291.649981,18675.056572668374,93.370057,63.017761032258065,12.754629379779654,0.4139324371439891,42,64,,True,True,,287,87.6246207195492
121,2026-09-18T06:49:46.147+00:00,2026-09-18T06:52:15.753+00:00,2026-09-18T06:52:19.171+00:00,True,55,55.0,,55.0,149606.223813,153024.32480499998,153024.32468299998,2782.260448781818,36.920021999999996,149606.223813,20164.368991343006,99.39401579999998,63.298166518518514,14.348360233124442,0.35941998156232285,42,64,,True,True,,227,87.6246207195492
122,2026-09-18T06:49:46.520+00:00,2026-09-18T06:52:17.248+00:00,2026-09-18T06:52:21.195+00:00,True,62,62.0,,62.0,150727.849926,154675.286982,154675.286998,2494.762693516129,37.268769999999996,150727.849926,19134.242059753054,95.81925490000002,64.7120828852459,13.112765390490273,0.4008397282444682,42,64,,True,True,,336,87.6246207195492
123,2026-09-18T06:49:47.047+00:00,2026-09-18T06:52:19.385+00:00,2026-09-18T06:52:20.091+00:00,True,12,12.0,,12.0,152338.047713,153043.860961,153043.860908,12753.655075666667,53.626199,152338.047713,43957.684701787795,68602.8549553,64.16484072727273,10.157882882251686,0.07840889484000894,42,64,,True,True,,48,87.6246207195492
124,2026-09-18T06:49:47.462+00:00,2026-09-18T06:52:20.921+00:00,2026-09-18T06:52:20.921+00:00,True,1,1.0,,1.0,153459.321407,153459.321407,153459.321407,153459.321407,153459.321407,153459.321407,nan,153459.321407,nan,nan,0.0065163848688463265,42,64,,True,True,,1,87.6246207195492
125,2026-09-18T06:49:47.886+00:00,2026-09-18T06:52:22.406+00:00,2026-09-18T06:52:25.386+00:00,True,48,48.0,,48.0,154520.93795,157500.291294,157500.291107,3281.2560647291666,37.522921000000004,154520.93795,22294.0291362277,91.5401931,63.390496680851065,10.641156656484403,0.3047613411101581,42,64,,True,True,,184,87.6246207195492
126,2026-09-18T06:49:48.791+00:00,2026-09-18T06:52:23.638+00:00,2026-09-18T06:52:23.638+00:00,True,1,1.0,,1.0,154847.34081400002,154847.34081400002,154847.34081400002,154847.34081400002,154847.34081400002,154847.34081400002,nan,154847.34081400002,nan,nan,0.006457973348093738,42,64,,True,True,,3,87.6246207195492
127,2026-09-18T06:49:48.816+00:00,2026-09-18T06:52:24.625+00:00,2026-09-18T06:52:28.937+00:00,True,69,69.0,,69.0,155809.32517,160120.93477,160120.934823,2320.5932583043477,32.19231,155809.32517,18749.608392365735,84.8557734,63.40602352941176,10.776480711081234,0.4309242891887472,42,64,,True,True,,245,87.6246207195492
128,2026-09-18T06:49:49.267+00:00,2026-09-18T06:52:27.557+00:00,2026-09-18T06:52:31.622+00:00,True,67,67.0,,67.0,158289.599229,162354.30886100003,162354.308832,2423.1986392835825,34.975665,158289.599229,19330.630965904587,73.8413737,61.58650957575758,10.044941461600896,0.4126776829641287,42,64,,True,True,,348,87.6246207195492
129,2026-09-18T06:49:49.639+00:00,2026-09-18T06:52:29.048+00:00,2026-09-18T06:52:34.468+00:00,True,86,86.0,,86.0,159409.008713,164828.099145,164828.09905199998,1916.6058029302324,38.841108,159409.008713,17182.644917869096,96.04732625000001,63.75400508235295,12.093542823301389,0.5217556984889175,42,64,,True,True,,336,87.6246207195492
130,2026-09-18T06:49:49.955+00:00,2026-09-18T06:52:30.026+00:00,2026-09-18T06:52:34.372+00:00,True,69,69.0,,69.0,160071.271583,164416.94787099998,164416.947872,2382.854316985507,40.415264,160071.271583,19262.62701939717,96.717372,63.90700423529412,12.403336234454166,0.41966476627541316,42,64,,True,True,,311,87.6246207195492
131,2026-09-18T06:49:50.282+00:00,2026-09-18T06:52:31.505+00:00,2026-09-18T06:52:35.459+00:00,True,62,62.0,,62.0,161223.08664,165176.978224,165176.97804,2664.144807096774,37.25956,161223.08664,20467.12515263446,100.59581315,64.81789481967213,13.76741312278479,0.3753549717801502,42,64,,True,True,,222,87.6246207195492
132,2026-09-18T06:49:50.774+00:00,2026-09-18T06:52:33.494+00:00,2026-09-18T06:52:34.469+00:00,True,16,16.0,,16.0,162719.731531,163694.820171,163694.820093,10230.9262558125,39.193107000000005,162719.731531,40663.683965887576,40753.865202249995,65.00590933333334,14.93310249683684,0.09774286066771062,42,64,,True,True,,85,87.6246207195492
133,2026-09-18T06:49:51.107+00:00,2026-09-18T06:52:35.060+00:00,2026-09-18T06:52:40.431+00:00,True,85,85.0,,85.0,163952.346097,169323.553265,169323.55317600002,1992.0418020705883,35.175165,163952.346097,17776.198598684605,93.63981300000002,63.942942476190474,13.983881427344256,0.5019974974596161,42,64,,True,True,,335,87.6246207195492
134,2026-09-18T06:49:51.539+00:00,2026-09-18T06:52:36.719+00:00,2026-09-18T06:52:42.600+00:00,True,94,94.0,,94.0,165179.597832,171060.487688,171060.487542,1819.7924206595744,36.221693,165179.597832,17030.45662780677,91.05903269999999,63.235374795698924,12.015841540598712,0.5495132234829596,42,64,,True,True,,450,87.6246207195492
135,2026-09-18T06:49:52.017+00:00,2026-09-18T06:52:38.277+00:00,2026-09-18T06:52:42.542+00:00,True,69,69.0,,69.0,166259.750459,170525.20914700002,170525.20921,2471.3798436231887,37.47307,166259.750459,20007.77307549426,87.6875526,62.72733364705882,10.406139301757667,0.404632255519001,42,64,,True,True,,306,87.6246207195492
136,2026-09-18T06:49:52.558+00:00,2026-09-18T06:52:40.534+00:00,2026-09-18T06:52:46.483+00:00,True,95,95.0,,95.0,167976.766979,173924.979971,173924.979903,1830.7892621368421,38.940267999999996,167976.766979,17227.563775935712,91.6035527,63.27886161702128,10.869837704969434,0.5462125107954025,42,64,,True,True,,428,87.6246207195492
137,2026-09-18T06:49:52.869+00:00,2026-09-18T06:52:41.801+00:00,2026-09-18T06:52:47.812+00:00,True,96,96.0,,96.0,168932.234683,174943.51225099998,174943.512139,1822.3282514479165,35.186724999999996,168932.234683,17235.120570093073,95.04911550000001,63.27660597894737,12.806908400552397,0.5487485575473305,42,64,,True,True,,518,87.6246207195492
138,2026-09-18T06:49:53.401+00:00,2026-09-18T06:52:43.879+00:00,2026-09-18T06:52:44.046+00:00,True,4,4.0,,4.0,170477.84299099998,170645.157935,170645.15790899997,42661.28947724999,45.495526,170477.84299099998,85211.03598569066,144915.31866725,55.771648,8.899974600564207,0.02344045414709997,42,64,,True,True,,15,87.6246207195492
139,2026-09-18T06:49:53.871+00:00,2026-09-18T06:52:45.596+00:00,2026-09-18T06:52:45.659+00:00,True,2,2.0,,2.0,171725.40714700002,171787.993259,171787.99337100002,85893.99668550001,62.586224,171725.40714700002,121383.94475226526,163142.26610085004,62.586112,nan,0.011642257191890328,42,64,,True,True,,4,87.6246207195492
140,2026-09-18T06:49:54.184+00:00,2026-09-18T06:52:46.749+00:00,2026-09-18T06:52:52.495+00:00,True,91,91.0,,91.0,172564.64711700001,178310.13294100002,178310.13293300002,1959.4520102527474,38.287828999999995,172564.64711700001,18083.002413401053,92.4337575,63.838731377777776,12.44977603319517,0.5103467677303031,42,64,,True,True,,376,87.6246207195492
141,2026-09-18T06:49:54.705+00:00,2026-09-18T06:52:48.935+00:00,2026-09-18T06:52:50.872+00:00,True,33,33.0,,33.0,174230.30126100002,176167.330381,176167.330473,5338.403953727273,40.048845,174230.30126100002,30319.06615995046,73.00163380000001,60.53216,7.978648295793467,0.1873219054215691,42,64,,True,True,,146,87.6246207195492
142,2026-09-18T06:49:55.130+00:00,2026-09-18T06:52:50.512+00:00,2026-09-18T06:52:51.162+00:00,True,12,12.0,,12.0,175381.93356,176031.948536,176031.948386,14669.329032166666,38.370849,175381.93356,50611.34561255691,78959.4785256,59.09227054545455,9.448924463594661,0.06816944367087943,42,64,,True,True,,48,87.6246207195492
143,2026-09-18T06:49:55.539+00:00,2026-09-18T06:52:52.112+00:00,2026-09-18T06:52:54.589+00:00,True,40,40.0,,40.0,176573.379145,179050.07700100003,179050.07705800002,4476.251926450001,41.156003,176573.379145,27908.66379860283,91.81323075,63.505073230769234,11.277249545965947,0.22340118848302193,42,64,,True,True,,173,87.6246207195492
144,2026-09-18T06:49:56.084+00:00,2026-09-18T06:52:53.875+00:00,2026-09-18T06:52:55.726+00:00,True,29,29.0,,29.0,177790.65528799998,179641.96690399997,179641.96673,6194.550576896551,42.7858,177790.65528799998,33002.62028368402,98.05605680000001,66.118272,12.489818003107034,0.16143221152492446,42,64,,True,True,,103,87.6246207195492
145,2026-09-18T06:49:56.409+00:00,2026-09-18T06:52:55.483+00:00,2026-09-18T06:52:58.399+00:00,True,46,46.0,,46.0,179073.964713,181989.290921,181989.290908,3956.2889327826088,33.431048000000004,179073.964713,26393.467621724685,99.64283674999999,64.78502684444445,14.693440341536123,0.2527621255470917,42,64,,True,True,,247,87.6246207195492
146,2026-09-18T06:49:56.721+00:00,2026-09-18T06:52:56.559+00:00,2026-09-18T06:52:58.701+00:00,True,35,35.0,,35.0,179837.65275,181979.31803,181979.3181,5199.409088571429,34.607614999999996,179837.65275,30387.46734879634,99.252073,62.99015529411764,14.049421637456115,0.1923295480985928,42,64,,True,True,,169,87.6246207195492
147,2026-09-18T06:49:57.117+00:00,2026-09-18T06:52:57.974+00:00,2026-09-18T06:52:58.398+00:00,True,8,8.0,,8.0,180857.202347,181280.857259,181280.85738600002,22660.107173250002,39.333116000000004,180857.202347,63921.279907224976,117580.7083523,60.52213028571428,9.57750861404415,0.04413041796558928,42,64,,True,True,,31,87.6246207195492
148,2026-09-18T06:49:57.525+00:00,2026-09-18T06:52:59.505+00:00,2026-09-18T06:53:01.536+00:00,True,34,34.0,,34.0,181979.08263100003,184010.51815100003,184010.51817700002,5412.0740640294125,39.556046,181979.08263100003,31198.599297299425,77.85699345,61.55865212121213,9.224666002279784,0.184772046411496,42,64,,True,True,,132,87.6246207195492
149,2026-09-18T06:49:57.904+00:00,2026-09-18T06:53:01.220+00:00,2026-09-18T06:53:04.707+00:00,True,58,58.0,,58.0,183315.731515,186802.551099,186802.55106199998,3220.733639,36.598612,183315.731515,24062.503440743345,69.78371729999999,61.172273403508775,6.862351069946654,0.3104882650626204,42,64,,True,True,,378,87.6246207195492
150,2026-09-18T06:49:58.392+00:00,2026-09-18T06:53:03.239+00:00,2026-09-18T06:53:07.702+00:00,True,75,75.0,,75.0,184847.13414399998,189310.79878399998,189310.798865,2524.1439848666664,32.26298,184847.13414399998,21337.34516074102,70.2021237,60.319792432432436,8.723498822097714,0.3961739133834281,42,64,,True,True,,378,87.6246207195492
151,2026-09-18T06:49:58.930+00:00,2026-09-18T06:53:04.974+00:00,2026-09-18T06:53:10.170+00:00,True,89,89.0,,89.0,186043.789596,191240.445468,191240.44545899998,2148.7690501011234,37.36089,186043.789596,19714.345244853743,68.1248084,59.052907636363635,10.152623914083334,0.4653827268714047,42,64,,True,True,,462,87.6246207195492
152,2026-09-18T06:49:59.448+00:00,2026-09-18T06:53:06.930+00:00,2026-09-18T06:53:11.205+00:00,True,73,73.0,,73.0,187481.97895699998,191757.008717,191757.00868099998,2626.80833809589,38.898208,187481.97895699998,21936.15881866579,67.137031,59.375413333333334,10.092337285054933,0.3806901269915787,42,64,,True,True,,359,87.6246207195492
153,2026-09-18T06:49:59.905+00:00,2026-09-18T06:53:08.730+00:00,2026-09-18T06:53:10.770+00:00,True,36,36.0,,36.0,188825.378427,190864.973691,190864.973707,5301.804825194444,37.908319999999996,188825.378427,31461.185179505363,69.00766625,58.274150399999996,8.568469143413834,0.1886150156512323,42,64,,True,True,,144,87.6246207195492
154,2026-09-18T06:50:00.310+00:00,2026-09-18T06:53:10.420+00:00,2026-09-18T06:53:11.823+00:00,True,24,24.0,,24.0,190109.558658,191512.635778,191512.63599799998,7979.693166583334,38.325748,190109.558658,38793.499511594775,68.86363974999999,61.003353043478256,7.030474354480523,0.12531810187094192,42,64,,True,True,,92,87.6246207195492
155,2026-09-18T06:50:00.845+00:00,2026-09-18T06:53:12.395+00:00,2026-09-18T06:53:13.085+00:00,True,12,12.0,,12.0,191550.068996,192239.50259599998,192239.50271899998,16019.958559916666,45.105466,191550.068996,55277.6501877677,86248.0544981,62.67578181818182,11.987702026722468,0.062422134046083884,42,64,,True,True,,67,87.6246207195492
156,2026-09-18T06:50:01.266+00:00,2026-09-18T06:53:13.810+00:00,2026-09-18T06:53:15.232+00:00,True,23,23.0,,23.0,192543.91019,193966.38955,193966.389563,8433.321285347825,38.892058,192543.91019,40134.70103342051,97.2840431,64.65815272727272,14.720435485898301,0.1185772445079777,42,64,,True,True,,101,87.6246207195492
157,2026-09-18T06:50:02.580+00:00,2026-09-18T06:53:15.630+00:00,2026-09-18T06:53:19.492+00:00,True,62,62.0,,62.0,193050.844222,196912.033598,196912.03362,3176.000542258065,35.866153,193050.844222,24509.446308889983,96.0345823,63.29818649180328,13.117983814661239,0.3148614072341271,42,64,,True,True,,228,87.6246207195492
158,2026-09-18T06:50:02.595+00:00,2026-09-18T06:53:17.493+00:00,2026-09-18T06:53:18.333+00:00,True,13,13.0,,13.0,194898.21218099998,195738.30690099997,195738.30688099997,15056.792836999999,56.46671499999999,194898.21218099998,54035.62330770372,78016.20731819999,70.00789333333333,14.293641643440289,0.06641520612812446,42,64,,True,True,,41,87.6246207195492
159,2026-09-18T06:50:02.776+00:00,2026-09-18T06:53:18.113+00:00,2026-09-18T06:53:24.281+00:00,True,100,100.0,,100.0,195336.41007800002,201504.461022,201504.46100600003,2015.0446100600002,35.687633,195336.41007800002,19527.41529962626,93.1959544,62.30354488888889,13.539266376828541,0.49626692874597017,42,64,,True,True,,200,87.6246207195492
160,2026-09-18T06:50:03.061+00:00,2026-09-18T06:53:21.402+00:00,2026-09-18T06:53:22.493+00:00,True,19,19.0,,19.0,198340.18853,199431.266162,199431.266172,10496.382430105265,40.150496,198340.18853,45488.45629462521,19923.194709500003,60.615424,15.577586920472058,0.09527091897699787,42,64,,True,True,,92,87.6246207195492
161,2026-09-18T06:50:03.395+00:00,2026-09-18T06:53:22.426+00:00,2026-09-18T06:53:24.159+00:00,True,28,28.0,,28.0,199030.845912,200764.17659999998,200764.17662399999,7170.149165142857,33.935207000000005,199030.845912,37601.16565559033,106.83572595,64.19743288888888,16.38168720404276,0.1394671124808628,42,64,,True,True,,87,87.6246207195492
162,2026-09-18T06:50:03.950+00:00,2026-09-18T06:53:24.877+00:00,2026-09-18T06:53:28.079+00:00,True,52,52.0,,52.0,200927.291206,204129.292614,204129.292704,3925.563321230769,36.012913,200927.291206,27854.89769047716,92.63718550000002,62.78434133333334,11.549892427166741,0.25474050947861676,42,64,,True,True,,278,87.6246207195492
163,2026-09-18T06:50:04.408+00:00,2026-09-18T06:53:26.537+00:00,2026-09-18T06:53:27.499+00:00,True,16,16.0,,16.0,202129.4976,203090.770432,203090.770455,12693.1731534375,42.168220999999996,202129.4976,50516.35501370036,50605.9473735,64.08485546666667,14.066771019875162,0.07878250678731465,42,64,,True,True,,72,87.6246207195492
164,2026-09-18T06:50:04.833+00:00,2026-09-18T06:53:28.197+00:00,2026-09-18T06:53:28.844+00:00,True,12,12.0,,12.0,203363.988604,204011.078268,204011.07807500003,17000.923172916668,37.704089999999994,203363.988604,58689.14561589117,91550.55172655,58.826333090909095,8.260216308073893,0.05882033515962378,42,64,,True,True,,45,87.6246207195492
165,2026-09-18T06:50:05.226+00:00,2026-09-18T06:53:29.397+00:00,2026-09-18T06:53:35.568+00:00,True,100,100.0,,100.0,204170.267219,210341.990995,210341.990859,2103.41990859,36.203061999999996,204170.267219,20410.7959814382,91.81171384999999,62.34064420202021,11.707622102745042,0.4754162472598117,42,64,,True,True,,305,87.6246207195492
166,2026-09-18T06:50:05.783+00:00,2026-09-18T06:53:32.106+00:00,2026-09-18T06:53:35.630+00:00,True,57,57.0,,57.0,206323.641553,209846.998737,209846.998761,3681.5262940526313,36.219782,206323.641553,27319.903214606515,91.9883886,62.917092571428576,12.615503427494293,0.27162647234920795,42,64,,True,True,,139,87.6246207195492
167,2026-09-18T06:50:06.119+00:00,2026-09-18T06:53:33.141+00:00,2026-09-18T06:53:36.740+00:00,True,58,58.0,,58.0,207021.87511000002,210620.52752600002,210620.52752800004,3631.388405655173,35.623783,207021.87511000002,27175.017688985088,92.5706034,63.1342529122807,14.264084197425223,0.27537676731362376,42,64,,True,True,,184,87.6246207195492
168,2026-09-18T06:50:06.442+00:00,2026-09-18T06:53:34.574+00:00,2026-09-18T06:53:34.823+00:00,True,5,5.0,,5.0,208132.79425799998,208381.665938,208381.66593299998,41676.33318659999,54.998227,208132.79425799998,93051.99083430995,166520.94139499997,62.21792,8.213808699497207,0.02399443337537984,42,64,,True,True,,25,87.6246207195492
169,2026-09-18T06:50:06.943+00:00,2026-09-18T06:53:36.327+00:00,2026-09-18T06:53:40.858+00:00,True,75,75.0,,75.0,209384.306298,213915.07007400002,213915.070104,2852.20093472,34.502806,209384.306298,24170.549119379288,73.2103022,61.22653751351351,9.469646830275344,0.35060643447913753,42,64,,True,True,,376,87.6246207195492
170,2026-09-18T06:50:07.281+00:00,2026-09-18T06:53:37.721+00:00,2026-09-18T06:53:38.195+00:00,True,9,9.0,,9.0,210440.649357,210914.06017299998,210914.06026199998,23434.895584666665,38.739028,210440.649357,70127.1581906279,126290.9451086,59.176352,9.182175744466916,0.042671408405005565,42,64,,True,True,,27,87.6246207195492
171,2026-09-18T06:50:07.788+00:00,2026-09-18T06:53:39.911+00:00,2026-09-18T06:53:40.859+00:00,True,17,17.0,,17.0,212122.891792,213070.890512,213070.890511,12533.581794764707,37.26151,212122.891792,51432.988540493185,42482.5420424,59.24992,8.191673689501066,0.07978565236738695,42,64,,True,True,,80,87.6246207195492
172,2026-09-18T06:50:08.122+00:00,2026-09-18T06:53:40.990+00:00,2026-09-18T06:53:43.809+00:00,True,46,46.0,,46.0,212868.405972,215687.289556,215687.28959600002,4688.854121652174,36.937411,212868.405972,31376.5000397789,89.356385,62.641857422222216,11.036306893086131,0.21327172358970548,42,64,,True,True,,215,87.6246207195492
173,2026-09-18T06:50:08.613+00:00,2026-09-18T06:53:42.998+00:00,2026-09-18T06:53:43.496+00:00,True,9,9.0,,9.0,214384.134449,214882.97758500002,214882.977457,23875.886384111112,58.378040999999996,214384.134449,71440.59307166713,128657.567107,62.355392,2.7801735164101844,0.04188326176948996,42,64,,True,True,,52,87.6246207195492
174,2026-09-18T06:50:09.137+00:00,2026-09-18T06:53:44.862+00:00,2026-09-18T06:53:45.108+00:00,True,5,5.0,,5.0,215725.54352099999,215971.316833,215971.316872,43194.2633744,55.904385000000005,215725.54352099999,96447.91776391485,172594.0723934,61.443328,5.089219532303423,0.023151222455462705,42,64,,True,True,,15,87.6246207195492
175,2026-09-18T06:50:09.579+00:00,2026-09-18T06:53:46.512+00:00,2026-09-18T06:53:51.741+00:00,True,83,83.0,,83.0,216932.629095,222161.712231,222161.712208,2676.647135036145,0.022359999999999998,216932.629095,23804.468635237557,92.94996440000001,63.76930653658537,30.04191472714384,0.37360172986827717,42,64,,True,True,,335,87.6246207195492
176,2026-09-18T06:50:10.043+00:00,2026-09-18T06:53:48.608+00:00,2026-09-18T06:53:52.652+00:00,True,65,65.0,,65.0,218564.553517,222608.521517,222608.521633,3424.7464866615383,0.01918,218564.553517,27101.771196273778,92.9230504,63.187,25.91147165974186,0.29199241591044006,42,64,,True,True,,274,87.6246207195492
177,2026-09-18T06:50:10.578+00:00,2026-09-18T06:53:50.578+00:00,2026-09-18T06:53:54.932+00:00,True,71,71.0,,71.0,219999.78900400002,224353.71591600002,224353.71589300002,3159.9114914507045,36.330701999999995,219999.78900400002,26101.79333477435,95.182232,62.198955885714284,13.717563252703473,0.3164645600368973,42,64,,True,True,,411,87.6246207195492
178,2026-09-18T06:50:11.145+00:00,2026-09-18T06:53:52.591+00:00,2026-09-18T06:53:54.741+00:00,True,36,36.0,,36.0,221446.369648,223595.876464,223595.876476,6210.996568777778,36.473872,221446.369648,36897.49462874063,83.66954374999999,61.41448045714286,12.633010378491639,0.1610047580899649,42,64,,True,True,,175,87.6246207195492
179,2026-09-18T06:50:11.553+00:00,2026-09-18T06:53:54.316+00:00,2026-09-18T06:53:55.432+00:00,True,19,19.0,,19.0,222762.259316,223878.766964,223878.76709500002,11783.093005,39.266026,222762.259316,51090.938185355444,22362.1397165,62.028202666666665,11.550003680416953,0.08486736039177499,42,64,,True,True,,82,87.6246207195492
180,2026-09-18T06:50:12.062+00:00,2026-09-18T06:53:56.125+00:00,2026-09-18T06:53:58.533+00:00,True,39,39.0,,39.0,224062.967266,226470.32189,226470.321809,5806.931328435897,50.654875,224062.967266,35868.64549163341,71.5325372,63.351437473684214,6.3981319551665035,0.17220799473647097,42,64,,True,True,,195,87.6246207195492
181,2026-09-18T06:50:12.481+00:00,2026-09-18T06:53:57.747+00:00,2026-09-18T06:54:00.106+00:00,True,39,39.0,,39.0,225266.35501199999,227624.516932,227624.517077,5836.526078897436,37.14333,225266.35501199999,36061.55014328079,90.6906834,62.05689263157895,11.078957894987562,0.17133479523934922,42,64,,True,True,,139,87.6246207195492
182,2026-09-18T06:50:12.902+00:00,2026-09-18T06:53:59.280+00:00,2026-09-18T06:53:59.976+00:00,True,13,13.0,,13.0,226377.81133899998,227073.65517899996,227073.65507599997,17467.204236615384,36.912771,226377.81133899998,62769.82621186545,90592.85370159999,57.98698666666667,9.933765094907711,0.05725014638863424,42,64,,True,True,,39,87.6246207195492
183,2026-09-18T06:50:13.316+00:00,2026-09-18T06:54:00.966+00:00,2026-09-18T06:54:02.143+00:00,True,20,20.0,,20.0,227650.04768599998,228826.54765399997,228826.54760399996,11441.327380199999,40.160036,227650.04768599998,50890.25286677126,11453.82990335,61.92105094736842,8.442308069579692,0.08740244611058526,42,64,,True,True,,98,87.6246207195492
184,2026-09-18T06:50:13.655+00:00,2026-09-18T06:54:02.331+00:00,2026-09-18T06:54:04.684+00:00,True,39,39.0,,39.0,228676.971355,231029.94441099997,231029.94429999997,5923.844725641025,36.244782,228676.971355,36607.707721049825,88.32563599999999,61.92034357894737,11.206218269351623,0.16880928617036495,42,64,,True,True,,100,87.6246207195492
185,2026-09-18T06:50:14.158+00:00,2026-09-18T06:54:03.989+00:00,2026-09-18T06:54:07.867+00:00,True,62,62.0,,62.0,229830.809311,233708.81814299998,233708.818041,3769.4970651774192,37.1473,229830.809311,29180.47060737727,95.15064035000002,63.573915278688524,12.255548466705267,0.26528737979438977,42,64,,True,True,,239,87.6246207195492
186,2026-09-18T06:50:14.571+00:00,2026-09-18T06:54:05.641+00:00,2026-09-18T06:54:07.219+00:00,True,25,25.0,,25.0,231069.803429,232647.542949,232647.542885,9305.9017154,37.852608999999994,231069.803429,46200.815502143,102.468308,65.73914666666667,15.97006115148908,0.10745868915314698,42,64,,True,True,,108,87.6246207195492
187,2026-09-18T06:50:15.106+00:00,2026-09-18T06:54:07.797+00:00,2026-09-18T06:54:08.107+00:00,True,6,6.0,,6.0,232690.91705000002,233001.169594,233001.16977900002,38833.5282965,57.298082,232690.91705000002,94970.33717758954,174535.91446950004,62.050508799999996,5.218537477979362,0.02575094369893028,42,64,,True,True,,12,87.6246207195492
188,2026-09-18T06:50:15.624+00:00,2026-09-18T06:54:09.642+00:00,2026-09-18T06:54:13.388+00:00,True,61,61.0,,61.0,234017.945912,237763.80524,237763.805038,3897.767295704918,34.562335,234017.945912,29954.9366446832,93.20121499999999,62.430988799999994,12.268208493301355,0.2565571321439203,42,64,,True,True,,221,87.6246207195492
189,2026-09-18T06:50:16.016+00:00,2026-09-18T06:54:11.114+00:00,2026-09-18T06:54:16.306+00:00,True,85,85.0,,85.0,235097.857349,240289.358149,240289.358329,2826.9336274,36.324552000000004,235097.857349,25493.242053226128,89.802202,61.803580952380955,11.758738231519821,0.3537401766552338,42,64,,True,True,,436,87.6246207195492
190,2026-09-18T06:50:17.395+00:00,2026-09-18T06:54:16.523+00:00,2026-09-18T06:54:18.823+00:00,True,36,36.0,,36.0,239127.768266,241427.85249,241427.85242,6706.329233888889,44.030517,239127.768266,39843.67696349564,101.00708125,65.71669211428572,11.811961681861535,0.14911287007157192,42,64,,True,True,,133,87.6246207195492
191,2026-09-18T06:50:17.435+00:00,2026-09-18T06:54:16.582+00:00,2026-09-18T06:54:20.233+00:00,True,57,57.0,,57.0,239146.22492100002,242797.11618500002,242797.116106,4259.598528175439,41.211842,239146.22492100002,31667.057826554355,97.6401836,65.19448685714286,10.621009856988689,0.23476390863130628,42,64,,True,True,,262,87.6246207195492
192,2026-09-18T06:50:17.490+00:00,2026-09-18T06:54:17.342+00:00,2026-09-18T06:54:20.451+00:00,True,49,49.0,,49.0,239852.358216,242961.490248,242961.490276,4958.397760734693,39.709365,239852.358216,34255.37051704551,89.6195558,64.773584,9.478323374702557,0.20167805173562214,42,64,,True,True,,240,87.6246207195492
193,2026-09-18T06:50:17.973+00:00,2026-09-18T06:54:18.942+00:00,2026-09-18T06:54:18.942+00:00,True,1,1.0,,1.0,240969.528182,240969.528182,240969.528182,240969.528182,240969.528182,240969.528182,nan,240969.528182,nan,nan,0.004149902303185479,42,64,,True,True,,4,87.6246207195492
194,2026-09-18T06:50:18.445+00:00,2026-09-18T06:54:21.017+00:00,2026-09-18T06:54:21.942+00:00,True,16,16.0,,16.0,242571.49339,243497.27258999998,243497.27253699998,15218.579533562499,34.074546999999995,242571.49339,60627.44444723885,60703.46776675,61.71861333333334,9.885433013243063,0.0657091548903743,42,64,,True,True,,74,87.6246207195492
195,2026-09-18T06:50:18.946+00:00,2026-09-18T06:54:23.153+00:00,2026-09-18T06:54:27.687+00:00,True,74,74.0,,74.0,244206.975215,248740.41316700002,248740.41324700002,3361.3569357702704,38.861318,244206.975215,28381.26683309137,87.28118915,62.10188975342466,10.171643917022939,0.29749890280321145,42,64,,True,True,,236,87.6246207195492
196,2026-09-18T06:50:19.503+00:00,2026-09-18T06:54:25.241+00:00,2026-09-18T06:54:30.048+00:00,True,76,76.0,,76.0,245737.587153,250545.225937,250545.225902,3296.6477092368423,36.923761,245737.587153,28180.684524788485,94.95321425,64.10185045333333,13.227813573735869,0.30333844804175325,42,64,,True,True,,396,87.6246207195492
197,2026-09-18T06:50:19.838+00:00,2026-09-18T06:54:26.611+00:00,2026-09-18T06:54:27.023+00:00,True,8,8.0,,8.0,246772.965815,247184.94943100002,247184.949485,30898.118685625,39.193047,246772.965815,87226.61088522924,160425.60189435,58.854802285714285,9.379055667768935,0.032364430028670274,42,64,,True,True,,22,87.6246207195492
198,2026-09-18T06:50:20.190+00:00,2026-09-18T06:54:27.752+00:00,2026-09-18T06:54:28.256+00:00,True,8,8.0,,8.0,247562.022809,248066.344089,248066.343884,31008.2929855,58.114931,247562.022809,87500.92205281733,160951.3996148,72.04589714285714,17.889110590742547,0.0322494372599364,42,64,,True,True,,31,87.6246207195492
199,2026-09-18T06:50:20.590+00:00,2026-09-18T06:54:29.615+00:00,2026-09-18T06:54:31.270+00:00,True,28,28.0,,28.0,249024.461859,250679.45373100002,250679.453741,8952.837633607143,36.991451,249024.461859,47049.61657126766,74.06001495,61.295995259259264,8.146462795045828,0.11169642977619672,42,64,,True,True,,135,87.6246207195492
200,2026-09-18T06:50:20.918+00:00,2026-09-18T06:54:30.851+00:00,2026-09-18T06:54:37.051+00:00,True,100,100.0,,100.0,249933.15248,256133.827296,256133.827371,2561.33827371,37.005401,249933.15248,24987.05394947163,87.3831106,62.63307894949495,10.071993931074838,0.39042090244657696,42,64,,True,True,,383,87.6246207195492
201,2026-09-18T06:50:21.484+00:00,2026-09-18T06:54:32.659+00:00,2026-09-18T06:54:36.463+00:00,True,63,63.0,,63.0,251175.08395899998,254978.906295,254978.90619699997,4047.2842253492063,38.113678,251175.08395899998,31637.357838340893,75.2070602,61.351973161290324,9.419619623825545,0.24707926202770522,42,64,,True,True,,214,87.6246207195492
202,2026-09-18T06:50:21.932+00:00,2026-09-18T06:54:34.379+00:00,2026-09-18T06:54:40.166+00:00,True,92,92.0,,92.0,252446.531456,258233.792128,258233.79203,2806.8890438043477,33.727337,252446.531456,26312.74311749623,95.7507505,63.59627112087912,13.035279828517476,0.3562663090754517,42,64,,True,True,,425,87.6246207195492
203,2026-09-18T06:50:22.312+00:00,2026-09-18T06:54:35.873+00:00,2026-09-18T06:54:38.086+00:00,True,35,35.0,,35.0,253561.231279,255773.428911,255773.428757,7307.8122502,39.447606,253561.231279,42848.675199317215,102.4500454,65.06463623529412,14.676166625682011,0.13683985920280542,42,64,,True,True,,132,87.6246207195492
204,2026-09-18T06:50:22.835+00:00,2026-09-18T06:54:37.903+00:00,2026-09-18T06:54:42.137+00:00,True,69,69.0,,69.0,255068.481163,259302.96410699998,259302.96410399998,3758.013972521739,34.977285,255068.481163,30699.14150015966,81.0107424,62.271808,9.488454710980642,0.26609799944873563,42,64,,True,True,,298,87.6246207195492
205,2026-09-18T06:50:23.303+00:00,2026-09-18T06:54:39.974+00:00,2026-09-18T06:54:40.518+00:00,True,10,10.0,,10.0,256670.27461000002,257214.13585800002,257214.13598200004,25721.4135982,39.937175,256670.27461000002,81147.15865176567,141200.34595210003,60.42902755555555,9.060902674444847,0.03887811207048392,42,64,,True,True,,35,87.6246207195492
206,2026-09-18T06:50:23.856+00:00,2026-09-18T06:54:41.761+00:00,2026-09-18T06:54:42.011+00:00,True,5,5.0,,5.0,257905.782621,258154.946397,258154.946355,51630.989271,57.260042999999996,257905.782621,115311.11503069093,206337.4951088,62.290944,3.366689504408349,0.019368213043304695,42,64,,True,True,,29,87.6246207195492
207,2026-09-18T06:50:24.170+00:00,2026-09-18T06:54:42.827+00:00,2026-09-18T06:54:46.730+00:00,True,65,65.0,,65.0,258657.70981600002,262560.80972,262560.80986000004,4039.397074769231,39.348057,258657.70981600002,32074.977029643745,68.6574792,60.985936,8.14431402661578,0.24756169844737025,42,64,,True,True,,234,87.6246207195492
208,2026-09-18T06:50:24.603+00:00,2026-09-18T06:54:44.572+00:00,2026-09-18T06:54:47.496+00:00,True,49,49.0,,49.0,259969.323428,262893.097124,262893.097235,5365.165249693878,37.850868999999996,259969.323428,37129.77487266403,92.22100900000001,60.911952,11.699988163013034,0.18638754891646298,42,64,,True,True,,221,87.6246207195492
209,2026-09-18T06:50:25.010+00:00,2026-09-18T06:54:45.635+00:00,2026-09-18T06:54:49.310+00:00,True,63,63.0,,63.0,260624.61761000002,264299.92717800004,264299.92725,4195.23694047619,37.081821000000005,260624.61761000002,32828.14839803117,69.3762485,59.27918658064516,9.862607611200282,0.2383655594334346,42,64,,True,True,,313,87.6246207195492
210,2026-09-18T06:50:25.420+00:00,2026-09-18T06:54:47.172+00:00,2026-09-18T06:54:49.062+00:00,True,33,33.0,,33.0,261752.31116800001,263641.921152,263641.92137,7989.149132424242,37.052171,261752.31116800001,45554.950515649405,77.76782419999999,59.050312,10.113809375999287,0.12516977518523767,42,64,,True,True,,133,87.6246207195492
211,2026-09-18T06:50:25.850+00:00,2026-09-18T06:54:48.596+00:00,2026-09-18T06:54:48.596+00:00,True,1,1.0,,1.0,262745.343367,262745.343367,262745.343367,262745.343367,262745.343367,262745.343367,nan,262745.343367,nan,nan,0.0038059665955838097,42,64,,True,True,,3,87.6246207195492
212,2026-09-18T06:50:26.161+00:00,2026-09-18T06:54:49.800+00:00,2026-09-18T06:54:55.277+00:00,True,92,92.0,,92.0,263639.330015,269115.934687,269115.934572,2925.173201869565,35.310413999999994,263639.330015,27480.0280203289,79.6415664,60.18246892307692,11.22174457490992,0.34186009872288764,42,64,,True,True,,474,87.6246207195492
213,2026-09-18T06:50:26.682+00:00,2026-09-18T06:54:51.727+00:00,2026-09-18T06:54:53.034+00:00,True,23,23.0,,23.0,265045.169579,266351.506091,266351.506053,11580.500263173912,39.122907,265045.169579,55253.35805395398,90.91005589999999,59.378932363636366,11.70504676564826,0.08635205536304331,42,64,,True,True,,91,87.6246207195492
214,2026-09-18T06:50:27.192+00:00,2026-09-18T06:54:53.593+00:00,2026-09-18T06:54:58.762+00:00,True,83,83.0,,83.0,266401.443876,271570.56234,271570.562363,3271.9344863012047,37.177400999999996,266401.443876,29234.441010784507,95.9172641,63.038030048780485,13.295155568193554,0.3056295913843782,42,64,,True,True,,392,87.6246207195492
215,2026-09-18T06:50:27.569+00:00,2026-09-18T06:54:54.936+00:00,2026-09-18T06:54:59.555+00:00,True,73,73.0,,73.0,267367.650877,271985.997373,271985.997231,3725.8355785068493,34.946925,267367.650877,31285.511675809397,95.2556238,64.14370133333334,12.710691825684124,0.2683961700421225,42,64,,True,True,,301,87.6246207195492
216,2026-09-18T06:50:27.905+00:00,2026-09-18T06:54:56.304+00:00,2026-09-18T06:54:59.164+00:00,True,45,45.0,,45.0,268398.990477,271259.033229,271259.033465,6027.978521444445,38.364238,268398.990477,40000.872157069345,103.6027034,65.00097163636363,14.987727067744496,0.16589309290212828,42,64,,True,True,,186,87.6246207195492
217,2026-09-18T06:50:28.371+00:00,2026-09-18T06:54:58.119+00:00,2026-09-18T06:55:02.168+00:00,True,65,65.0,,65.0,269747.503246,273797.01108599995,273797.011039,4212.261708292307,37.444489999999995,269747.503246,33450.21347282626,87.94951520000001,63.27356,10.495179718199923,0.23740215330394324,42,64,,True,True,,244,87.6246207195492
218,2026-09-18T06:50:28.855+00:00,2026-09-18T06:55:00.199+00:00,2026-09-18T06:55:05.984+00:00,True,92,92.0,,92.0,271343.54994700005,277128.43954700005,277128.43965400005,3012.265648413044,39.363646,271343.54994700005,28282.895674376712,92.9619436,63.57021538461538,12.345800606105726,0.3319760330278088,42,64,,True,True,,457,87.6246207195492
219,2026-09-18T06:50:29.234+00:00,2026-09-18T06:55:01.621+00:00,2026-09-18T06:55:03.143+00:00,True,26,26.0,,26.0,272386.337479,273908.88058299996,273908.880672,10534.956948923076,38.712517,272386.337479,53407.41305488365,86.19108575,60.90172415999999,11.040541163039215,0.0949220775341801,42,64,,True,True,,119,87.6246207195492
220,2026-09-18T06:50:29.671+00:00,2026-09-18T06:55:03.086+00:00,2026-09-18T06:55:03.212+00:00,True,3,3.0,,3.0,273414.717176,273540.405496,273540.40539,91180.13513,55.446025,273414.717176,157819.7776732747,246080.2696773,62.84416,10.46255558118914,0.010967301136225995,42,64,,True,True,,7,87.6246207195492
221,2026-09-18T06:50:30.115+00:00,2026-09-18T06:55:04.634+00:00,2026-09-18T06:55:08.739+00:00,True,65,65.0,,65.0,274518.263591,278623.602983,278623.603079,4286.516970446154,35.836133000000004,274518.263591,34041.845873223625,92.55656800000001,64.145928,12.42521974543205,0.23328963987292176,42,64,,True,True,,321,87.6246207195492
222,2026-09-18T06:50:30.568+00:00,2026-09-18T06:55:06.624+00:00,2026-09-18T06:55:12.373+00:00,True,94,94.0,,94.0,276056.490691,281805.128899,281805.128867,2997.9269028404256,36.964271000000004,276056.490691,28466.67959014247,88.9555833,61.81331406451613,11.201097624599095,0.3335638367096219,42,64,,True,True,,458,87.6246207195492
223,2026-09-18T06:50:31.105+00:00,2026-09-18T06:55:08.639+00:00,2026-09-18T06:55:11.420+00:00,True,47,47.0,,47.0,277533.609243,280314.66575499997,280314.665677,5964.141822914893,38.482597999999996,277533.609243,40473.62041017665,83.9370505,60.45775026086956,11.239028867149091,0.16766871570351172,42,64,,True,True,,147,87.6246207195492
224,2026-09-18T06:50:31.523+00:00,2026-09-18T06:55:10.444+00:00,2026-09-18T06:55:15.722+00:00,True,85,85.0,,85.0,278920.673199,284198.799535,284198.799488,3343.5152880941178,37.10867,278920.673199,30246.381397357134,88.9488914,62.83483733333333,11.40928399829384,0.29908641464733554,42,64,,True,True,,306,87.6246207195492
225,2026-09-18T06:50:31.999+00:00,2026-09-18T06:55:12.246+00:00,2026-09-18T06:55:15.372+00:00,True,51,51.0,,51.0,280247.140105,283373.42234499997,283373.42246,5556.3416168627455,34.739185,280247.140105,39233.69553204694,95.08024150000001,62.525644799999995,12.605106786358343,0.17997453528972376,42,64,,True,True,,176,87.6246207195492
226,2026-09-18T06:50:32.543+00:00,2026-09-18T06:55:13.567+00:00,2026-09-18T06:55:19.582+00:00,True,98,98.0,,98.0,281023.851471,287039.064527,287039.064488,2928.9700457959184,36.590322,281023.851471,28381.433714125116,83.93265065,62.01250573195876,10.866493387253511,0.34141694323554955,42,64,,True,True,,473,87.6246207195492
227,2026-09-18T06:50:33.018+00:00,2026-09-18T06:55:15.303+00:00,2026-09-18T06:55:20.841+00:00,True,91,91.0,,91.0,282284.554962,287823.34408199997,287823.344161,3162.893891879121,36.985991,282284.554962,29585.011888269688,73.3786575,61.542101333333335,9.128912421536265,0.3161661549386849,42,64,,True,True,,390,87.6246207195492
228,2026-09-18T06:50:33.349+00:00,2026-09-18T06:55:17.084+00:00,2026-09-18T06:55:19.303+00:00,True,38,38.0,,38.0,283735.43288,285953.589936,285953.58996899996,7525.094472868421,36.172482,283735.43288,46018.240872963725,69.0056007,59.9501907027027,9.385871054289874,0.13288869710817366,42,64,,True,True,,154,87.6246207195492
229,2026-09-18T06:50:33.779+00:00,2026-09-18T06:55:19.305+00:00,2026-09-18T06:55:21.139+00:00,True,30,30.0,,30.0,285526.037937,287360.377521,287360.377416,9578.6792472,46.217353,285526.037937,52118.13645560033,94.01452880000001,63.25308910344828,9.993830647217106,0.10439852654288649,42,64,,True,True,,121,87.6246207195492
230,2026-09-18T06:50:34.867+00:00,2026-09-18T06:55:19.836+00:00,2026-09-18T06:55:24.749+00:00,True,81,81.0,,81.0,284969.405178,289882.277114,289882.2772,3578.7935456790124,38.759748,284969.405178,31656.445132852212,75.329169,61.4108992,9.214175316886013,0.27942377439013183,42,64,,True,True,,455,87.6246207195492
231,2026-09-18T06:50:34.985+00:00,2026-09-18T06:55:22.648+00:00,2026-09-18T06:55:26.049+00:00,True,56,56.0,,56.0,287663.55321,291063.765946,291063.76594,5197.567248928571,35.180284,287663.55321,38432.39928695847,88.79520075,61.82204974545454,10.33335980412411,0.19239770301875872,42,64,,True,True,,222,87.6246207195492
232,2026-09-18T06:50:35.331+00:00,2026-09-18T06:55:24.243+00:00,2026-09-18T06:55:29.394+00:00,True,84,84.0,,84.0,288911.796546,294062.08749,294062.087594,3500.7391380238096,35.408972999999996,288911.796546,31516.093136854684,92.07571444999999,62.05169812048193,11.790862338561412,0.28565396075703414,42,64,,True,True,,355,87.6246207195492
233,2026-09-18T06:50:35.759+00:00,2026-09-18T06:55:26.339+00:00,2026-09-18T06:55:26.679+00:00,True,6,6.0,,6.0,290579.532875,290920.059211,290920.05918599997,48486.676531,59.700178,290579.532875,118600.79421256033,217957.160174,68.1052672,12.528943883065772,0.020624222393851123,42,64,,True,True,,24,87.6246207195492
234,2026-09-18T06:50:36.196+00:00,2026-09-18T06:55:27.783+00:00,2026-09-18T06:55:30.359+00:00,True,43,43.0,,43.0,291586.880461,294162.667725,294162.667908,6840.992276930233,36.805870999999996,291586.880461,44457.232146763905,92.96433120000002,61.328268190476194,14.228188944802106,0.1461776245522727,42,64,,True,True,,247,87.6246207195492
235,2026-09-18T06:50:36.573+00:00,2026-09-18T06:55:29.218+00:00,2026-09-18T06:55:30.544+00:00,True,23,23.0,,23.0,292645.056604,293970.89622,293970.896106,12781.34330895652,35.311224,292645.056604,61008.14749008064,89.813024,60.265437090909096,12.36870639856774,0.07823903759094374,42,64,,True,True,,102,87.6246207195492
236,2026-09-18T06:50:36.907+00:00,2026-09-18T06:55:30.546+00:00,2026-09-18T06:55:35.212+00:00,True,75,75.0,,75.0,293638.530679,298305.067639,298305.067615,3977.4009015333336,37.229431,293638.530679,33899.17656475942,90.2861391,63.061310270270276,9.49297654276657,0.25142046896354703,42,64,,True,True,,325,87.6246207195492
237,2026-09-18T06:50:37.251+00:00,2026-09-18T06:55:31.697+00:00,2026-09-18T06:55:31.881+00:00,True,4,4.0,,4.0,294446.209204,294629.843636,294629.843529,73657.46088225,60.139517,294446.209204,147192.49888361018,250288.60984585003,61.211477333333335,1.0388163727730388,0.013576357203453543,42,64,,True,True,,12,87.6246207195492
238,2026-09-18T06:50:37.606+00:00,2026-09-18T06:55:32.981+00:00,2026-09-18T06:55:37.241+00:00,True,67,67.0,,67.0,295374.86319,299634.470998,299634.471098,4472.156285044776,37.750849,295374.86319,36077.89991609123,93.5320724,64.53951224242424,11.355167623630237,0.22360578132696626,42,64,,True,True,,255,87.6246207195492
239,2026-09-18T06:50:38.143+00:00,2026-09-18T06:55:35.026+00:00,2026-09-18T06:55:37.051+00:00,True,32,32.0,,32.0,296882.990134,298908.52767000004,298908.527664,9340.8914895,37.583449,296882.990134,52470.44479615842,99.65682935000001,65.33992051612903,12.692704573890278,0.10705616279816725,42,64,,True,True,,157,87.6246207195492
240,2026-09-18T06:50:38.495+00:00,2026-09-18T06:55:36.620+00:00,2026-09-18T06:55:37.747+00:00,True,19,19.0,,19.0,298124.321894,299251.530598,299251.53071,15750.08056368421,46.097034,298124.321894,68380.04395560017,29891.1758237,62.622705777777774,8.500886451975918,0.06349173874576995,42,64,,True,True,,64,87.6246207195492
241,2026-09-18T06:50:39.019+00:00,2026-09-18T06:55:38.649+00:00,2026-09-18T06:55:39.077+00:00,False,9,8.0,,8.0,299630.484644,300058.043044,300058.043151,33339.78257233334,0.02062,299630.484644,99859.01534984347,179804.35451759998,53.4448,21.75214353869816,0.02666150828300541,42,64,,True,False,Request timeout: 300.0s exceeded,28,87.6246207195492
242,2026-09-18T06:50:39.417+00:00,2026-09-18T06:55:39.533+00:00,2026-09-18T06:55:39.533+00:00,False,1,0.0,,0.0,300115.41976099997,300115.41976099997,300115.41976099997,300115.41976099997,300115.41976099997,300115.41976099997,nan,300115.41976099997,nan,nan,0.0,42,64,,True,False,"HTTPConnectionPool(host='gpu03', port=9002): Read timed out.",0,87.6246207195492
243,2026-09-18T06:50:39.871+00:00,2026-09-18T06:55:39.895+00:00,2026-09-18T06:55:39.895+00:00,False,1,0.0,,0.0,300023.842421,300023.842421,300023.842421,300023.842421,300023.842421,300023.842421,nan,300023.842421,nan,nan,0.0,42,64,,True,False,TTFT timeout: 300.0s exceeded (TTFT: 300.008s),0,87.6246207195492
244,2026-09-18T06:50:40.230+00:00,2026-09-18T06:55:40.158+00:00,2026-09-18T06:55:40.317+00:00,False,4,3.0,,3.0,299927.499553,300086.425633,300086.425735,75021.60643375,0.07440000000000001,299927.499553,149937.26698553815,254951.84668135,52.97536,46.97644024539211,0.009997119975259872,42,64,,True,False,Request timeout: 300.0s exceeded,10,87.6246207195492
245,2026-09-18T06:50:40.670+00:00,2026-09-18T06:55:40.774+00:00,2026-09-18T06:55:40.774+00:00,False,1,0.0,,0.0,300104.38552999997,300104.38552999997,300104.38552999997,300104.38552999997,300104.38552999997,300104.38552999997,nan,300104.38552999997,nan,nan,0.0,42,64,,True,False,"HTTPConnectionPool(host='gpu03', port=9002): Read timed out.",0,87.6246207195492
246,2026-09-18T06:50:41.193+00:00,2026-09-18T06:55:41.248+00:00,2026-09-18T06:55:41.248+00:00,False,1,0.0,,0.0,300054.997259,300054.997259,300054.997259,300054.997259,300054.997259,300054.997259,nan,300054.997259,nan,nan,0.0,42,64,,True,False,"HTTPConnectionPool(host='gpu03', port=9002): Read timed out.",0,87.6246207195492
247,2026-09-18T06:50:41.516+00:00,2026-09-18T06:55:41.500+00:00,2026-09-18T06:55:41.613+00:00,False,3,2.0,,2.0,299983.976464,300096.667408,300096.667222,100032.22240733333,0.03059,299983.976464,173163.3077014549,269996.8448344,56.345472,79.64108604007737,0.006664519194013162,42,64,,True,False,Request timeout: 300.0s exceeded,5,87.6246207195492
248,2026-09-18T06:50:41.922+00:00,2026-09-18T06:55:41.835+00:00,2026-09-18T06:55:41.954+00:00,False,4,3.0,,3.0,299912.73298699997,300031.76991499995,300031.76998299995,75007.94249574999,0.02466,299912.73298699997,149936.52961607213,254934.76262315,39.678976,34.34183869990796,0.00999894111496896,42,64,,True,False,Request timeout: 300.0s exceeded,4,87.6246207195492
249,2026-09-18T06:50:42.459+00:00,2026-09-18T06:55:42.520+00:00,2026-09-18T06:55:42.520+00:00,False,1,0.0,,0.0,300061.727702,300061.727702,300061.727702,300061.727702,300061.727702,300061.727702,nan,300061.727702,nan,nan,0.0,42,64,,True,False,"HTTPConnectionPool(host='gpu03', port=9002): Read timed out.",0,87.6246207195492
250,2026-09-18T06:50:42.824+00:00,2026-09-18T06:55:42.748+00:00,2026-09-18T06:55:42.891+00:00,False,4,3.0,,3.0,299924.66010000004,300067.75283600006,300067.75290200004,75016.93822550001,0.03972,299924.66010000004,149938.485054994,254947.12064250003,47.697578666666665,41.372644043518676,0.00999774208206781,42,64,,True,False,Request timeout: 300.0s exceeded,11,87.6246207195492
251,2026-09-18T06:50:43.248+00:00,2026-09-18T06:55:43.143+00:00,2026-09-18T06:55:43.270+00:00,False,4,3.0,,3.0,299894.57846600004,300021.74493000004,300021.74473700003,75005.43618425001,0.028298999999999998,299894.57846600004,149926.09788387857,254920.54080605,42.38882133333333,36.91267513791702,0.009999275221534187,42,64,,True,False,Request timeout: 300.0s exceeded,10,87.6246207195492
252,2026-09-18T06:50:43.662+00:00,2026-09-18T06:55:43.766+00:00,2026-09-18T06:55:43.766+00:00,False,1,0.0,,0.0,300104.811452,300104.811452,300104.811452,300104.811452,300104.811452,300104.811452,nan,300104.811452,nan,nan,0.0,42,64,,True,False,"HTTPConnectionPool(host='gpu03', port=9002): Read timed out.",0,87.6246207195492
253,2026-09-18T06:50:44.158+00:00,2026-09-18T06:55:44.153+00:00,2026-09-18T06:55:44.253+00:00,False,3,2.0,,2.0,299994.745385,300094.60842500004,300094.608648,100031.53621600001,0.046329999999999996,299994.745385,173173.2261477427,270005.2525398,49.93152,70.54830377427733,0.006664564920032017,42,64,,True,False,Request timeout: 300.0s exceeded,7,87.6246207195492
254,2026-09-18T06:50:44.530+00:00,2026-09-18T06:55:44.357+00:00,2026-09-18T06:55:44.495+00:00,True,3,3.0,,3.0,299826.961481,299965.200713,299965.20056100003,99988.400187,66.691975,299826.961481,173065.27075336323,269851.4200434,69.119616,3.433031706931936,0.01000116011080343,42,64,,True,True,,10,87.6246207195492
255,2026-09-18T06:50:45.072+00:00,2026-09-18T06:55:45.450+00:00,2026-09-18T06:55:45.909+00:00,False,9,8.0,,8.0,300377.681514,300836.431722,300836.431553,33426.27017255555,0.0367,300377.681514,100106.78281041644,180262.009026,57.343776,28.53035439383699,0.026592523898145162,42,64,,True,False,Request timeout: 300.0s exceeded,35,87.6246207195492
257,2026-09-18T06:50:45.881+00:00,2026-09-18T06:55:46.022+00:00,2026-09-18T06:55:46.022+00:00,False,1,0.0,,0.0,300141.307477,300141.307477,300141.307477,300141.307477,300141.307477,300141.307477,nan,300141.307477,nan,nan,0.0,42,64,,True,False,"HTTPConnectionPool(host='gpu03', port=9002): Read timed out.",0,87.6246207195492
258,2026-09-18T06:50:46.188+00:00,2026-09-18T06:55:46.239+00:00,2026-09-18T06:55:46.239+00:00,False,1,0.0,,0.0,300051.647427,300051.647427,300051.647427,300051.647427,300051.647427,300051.647427,nan,300051.647427,nan,nan,0.0,42,64,,True,False,"HTTPConnectionPool(host='gpu03', port=9002): Read timed out.",0,87.6246207195492
256,2026-09-18T06:50:45.497+00:00,2026-09-18T06:55:46.712+00:00,2026-09-18T06:55:46.712+00:00,False,1,0.0,,0.0,301214.84146200004,301214.84146200004,301214.84146200004,301214.84146200004,301214.84146200004,301214.84146200004,nan,301214.84146200004,nan,nan,0.0,42,64,,True,False,"HTTPConnectionPool(host='gpu03', port=9002): Read timed out.",0,87.6246207195492
259,2026-09-18T06:50:46.581+00:00,2026-09-18T06:55:46.713+00:00,2026-09-18T06:55:46.713+00:00,False,1,0.0,,0.0,300132.597865,300132.597865,300132.597865,300132.597865,300132.597865,300132.597865,nan,300132.597865,nan,nan,0.0,42,64,,True,False,"HTTPConnectionPool(host='gpu03', port=9002): Read timed out.",0,87.6246207195492
260,2026-09-18T06:50:46.978+00:00,2026-09-18T06:55:47.058+00:00,2026-09-18T06:55:47.058+00:00,False,1,0.0,,0.0,300079.430705,300079.430705,300079.430705,300079.430705,300079.430705,300079.430705,nan,300079.430705,nan,nan,0.0,42,64,,True,False,"HTTPConnectionPool(host='gpu03', port=9002): Read timed out.",0,87.6246207195492
261,2026-09-18T06:50:47.379+00:00,2026-09-18T06:55:47.293+00:00,2026-09-18T06:55:47.408+00:00,False,4,3.0,,3.0,299913.814746,300029.049818,300029.04985999997,75007.26246499999,0.02587,299913.814746,149937.70398806685,254935.71065115,38.411690666666665,33.31470144083908,0.009999031766490024,42,64,,True,False,Request timeout: 300.0s exceeded,13,87.6246207195492
262,2026-09-18T06:50:47.709+00:00,2026-09-18T06:55:47.352+00:00,2026-09-18T06:55:47.734+00:00,False,9,8.0,,8.0,299643.499254,300025.24107800005,300025.240868,33336.13787422222,0.024210000000000002,299643.499254,99865.2625737476,179812.13039560002,47.717728,21.665255073222102,0.026664423204046935,42,64,,True,False,Request timeout: 300.0s exceeded,28,87.6246207195492
263,2026-09-18T06:50:48.170+00:00,2026-09-18T06:55:48.191+00:00,2026-09-18T06:55:48.191+00:00,False,1,0.0,,0.0,300021.226254,300021.226254,300021.226254,300021.226254,300021.226254,300021.226254,nan,300021.226254,nan,nan,0.0,42,64,,True,False,"HTTPConnectionPool(host='gpu03', port=9002): Read timed out.",0,87.6246207195492
264,2026-09-18T06:50:48.580+00:00,2026-09-18T06:55:48.555+00:00,2026-09-18T06:55:48.655+00:00,False,3,2.0,,2.0,299975.08329000004,300074.96143400006,300074.96164200007,100024.98721400001,0.039240000000000004,299975.08329000004,173161.86988077036,269987.5588722001,49.939072,70.56912099791546,0.006665001273156507,42,64,,True,False,Request timeout: 300.0s exceeded,5,87.6246207195492
265,2026-09-18T06:50:49.121+00:00,2026-09-18T06:55:48.958+00:00,2026-09-18T06:55:49.178+00:00,False,5,4.0,,4.0,299837.16322600003,300057.346778,300057.346772,60011.469354400004,0.03673,299837.16322600003,134066.64268920445,239887.39063160002,55.045888,38.412501278714075,0.013330785074759172,42,64,,True,False,Request timeout: 300.0s exceeded,14,87.6246207195492
266,2026-09-18T06:50:49.492+00:00,2026-09-18T06:55:49.589+00:00,2026-09-18T06:55:49.589+00:00,False,1,0.0,,0.0,300096.493869,300096.493869,300096.493869,300096.493869,300096.493869,300096.493869,nan,300096.493869,nan,nan,0.0,42,64,,True,False,"HTTPConnectionPool(host='gpu03', port=9002): Read timed out.",0,87.6246207195492
267,2026-09-18T06:50:49.959+00:00,2026-09-18T06:55:50.021+00:00,2026-09-18T06:55:50.021+00:00,False,1,0.0,,0.0,300061.187414,300061.187414,300061.187414,300061.187414,300061.187414,300061.187414,nan,300061.187414,nan,nan,0.0,42,64,,True,False,TTFT timeout: 300.0s exceeded (TTFT: 300.046s),0,87.6246207195492
268,2026-09-18T06:50:50.293+00:00,2026-09-18T06:55:50.166+00:00,2026-09-18T06:55:50.383+00:00,True,4,4.0,,4.0,299872.89335900004,300090.13956700003,300090.13952100003,75022.53488025001,69.29744000000001,299872.89335900004,149900.23900813886,254903.30378585,72.41540266666667,3.1671752657921117,0.013329328333718657,42,64,,True,True,,11,87.6246207195492
269,2026-09-18T06:50:50.824+00:00,2026-09-18T06:55:50.926+00:00,2026-09-18T06:55:50.926+00:00,False,1,0.0,,0.0,300102.17284500005,300102.17284500005,300102.17284500005,300102.17284500005,300102.17284500005,300102.17284500005,nan,300102.17284500005,nan,nan,0.0,42,64,,True,False,"HTTPConnectionPool(host='gpu03', port=9002): Read timed out.",0,87.6246207195492
270,2026-09-18T06:50:51.343+00:00,2026-09-18T06:55:51.398+00:00,2026-09-18T06:55:51.398+00:00,False,1,0.0,,0.0,300054.98055000004,300054.98055000004,300054.98055000004,300054.98055000004,300054.98055000004,300054.98055000004,nan,300054.98055000004,nan,nan,0.0,42,64,,True,False,TTFT timeout: 300.0s exceeded (TTFT: 300.031s),0,87.6246207195492
271,2026-09-18T06:50:51.788+00:00,2026-09-18T06:55:51.678+00:00,2026-09-18T06:55:51.799+00:00,False,4,3.0,,3.0,299890.44585799996,300010.88336199994,300010.88317199994,75002.72079299999,0.05082,299890.44585799996,149925.15272873617,254916.12659854998,40.145834666666666,34.75376571333572,0.009999637234427032,42,64,,True,False,Request timeout: 300.0s exceeded,11,87.6246207195492
272,2026-09-18T06:50:52.357+00:00,2026-09-18T06:55:52.462+00:00,2026-09-18T06:55:52.462+00:00,False,1,0.0,,0.0,300104.734261,300104.734261,300104.734261,300104.734261,300104.734261,300104.734261,nan,300104.734261,nan,nan,0.0,42,64,,True,False,"HTTPConnectionPool(host='gpu03', port=9002): Read timed out.",0,87.6246207195492
273,2026-09-18T06:50:52.816+00:00,2026-09-18T06:55:52.818+00:00,2026-09-18T06:55:52.891+00:00,False,3,2.0,,2.0,300001.435003,300074.449787,300074.449846,100024.81661533334,0.04425,300001.435003,173184.83552519177,270008.58856199996,36.507392,51.56661620302066,0.0066650126374293035,42,64,,True,False,Request timeout: 300.0s exceeded,7,87.6246207195492
274,2026-09-18T06:50:53.125+00:00,2026-09-18T06:55:52.890+00:00,2026-09-18T06:55:53.144+00:00,False,9,8.0,,8.0,299765.719448,300019.446168,300019.446092,33335.494010222224,0.03781,299765.719448,99911.33526009982,179874.3470928,31.71584,12.83112409186956,0.026664938230438202,42,64,,True,False,Request timeout: 300.0s exceeded,32,87.6246207195492
0,2026-09-18T06:48:53.178+00:00,2026-09-18T06:48:53.416+00:00,2026-09-18T06:48:56.129+00:00,True,50,50.0,,50.0,238.207717,2950.5758450000003,2950.575777,59.01151554,21.71234,238.207717,28.79932077639031,77.03966365000001,55.354451591836735,12.80789479832009,16.94584468476864,43,64,,False,True,,254,87.6246207195492
1,2026-09-18T06:48:53.562+00:00,2026-09-18T06:48:53.706+00:00,2026-09-18T06:48:56.694+00:00,True,52,52.0,,52.0,143.513443,3131.3058269999997,3131.305921,60.217421557692305,22.135359,143.513443,15.914545118709714,75.38547945,58.584164392156865,10.809835860224728,16.606490350327572,43,64,,False,True,,156,87.6246207195492
2,2026-09-18T06:48:54.004+00:00,2026-09-18T06:48:54.879+00:00,2026-09-18T06:49:00.156+00:00,True,88,88.0,,88.0,874.329705,6151.5183130000005,6151.518339,69.90361748863636,9.614452,874.329705,87.37488556840535,71.05784870000001,60.65734032183908,10.593400595037178,14.305411367146489,43,64,,False,True,,411,87.6246207195492
3,2026-09-18T06:48:54.530+00:00,2026-09-18T06:48:57.565+00:00,2026-09-18T06:49:02.094+00:00,True,76,76.0,,76.0,3035.247159,7564.733238999999,7564.733243,99.5359637236842,11.298929,3035.247159,341.4177546326248,69.17769675000001,60.393147733333336,11.116106935368965,10.04661996647573,43,64,,False,True,,305,87.6246207195492
4,2026-09-18T06:48:54.918+00:00,2026-09-18T06:48:58.839+00:00,2026-09-18T06:49:00.882+00:00,True,35,35.0,,35.0,3921.434644,5964.071188,5964.071038,170.40202965714286,11.567419,3921.434644,652.8239216979833,81.29371760000001,60.0775454117647,13.497500806227817,5.868474553157865,43,64,,False,True,,190,87.6246207195492
5,2026-09-18T06:48:55.401+00:00,2026-09-18T06:49:00.346+00:00,2026-09-18T06:49:00.589+00:00,True,5,5.0,,5.0,4944.662812,5188.1311,5188.131098999999,1037.6262198,59.14493,4944.662812,2184.1006805712605,3968.490089799999,60.867072,2.19576179959849,0.9637381753903637,43,64,,False,True,,20,87.6246207195492
6,2026-09-18T06:48:55.811+00:00,2026-09-18T06:49:01.909+00:00,2026-09-18T06:49:06.301+00:00,True,75,75.0,,75.0,6098.169438,10490.053982,10490.054037,139.86738716,0.0,6098.169438,697.5586806041002,67.9588633,59.349791135135135,19.0201267633527,7.1496295565965,43,64,,False,True,,367,87.6246207195492
7,2026-09-18T06:48:56.349+00:00,2026-09-18T06:49:04.044+00:00,2026-09-18T06:49:06.045+00:00,True,35,35.0,,35.0,7695.6947900000005,9696.762566000001,9696.762641000001,277.05036117142856,5.13291,7695.6947900000005,1291.056744976686,95.2443938,58.854934588235295,22.787735789053652,3.6094520992729433,43,64,,False,True,,153,87.6246207195492
8,2026-09-18T06:48:56.813+00:00,2026-09-18T06:49:05.744+00:00,2026-09-18T06:49:07.479+00:00,True,29,29.0,,29.0,8930.889495,10666.264342999999,10666.264509999999,367.8022244827586,54.611428,8930.889495,1646.9215230028121,70.2492754,61.97767314285714,4.505937391735073,2.7188525492556326,43,64,,False,True,,110,87.6246207195492
9,2026-09-18T06:48:57.289+00:00,2026-09-18T06:49:07.541+00:00,2026-09-18T06:49:10.342+00:00,True,48,48.0,,48.0,10251.48142,13052.630604,13052.630445,271.9298009375,0.0,10251.48142,1471.8553252307331,144.66902364999999,59.59891880851064,48.54695203599265,3.677419629518231,43,64,,False,True,,256,87.6246207195492
10,2026-09-18T06:48:57.702+00:00,2026-09-18T06:49:08.915+00:00,2026-09-18T06:49:11.028+00:00,True,35,35.0,,35.0,11212.930094000001,13326.414126000001,13326.414276000001,380.75469360000005,0.0,11212.930094000001,1885.0198314113948,110.37743549999999,62.16129505882353,27.583801950445576,2.6263629262214327,43,64,,False,True,,141,87.6246207195492
11,2026-09-18T06:48:58.124+00:00,2026-09-18T06:49:10.521+00:00,2026-09-18T06:49:12.096+00:00,True,27,27.0,,27.0,12396.843894,13972.096118,13972.096147,517.4850424814815,0.0,12396.843894,2374.3456490575077,162.8667376,60.586624,33.83595498989754,1.9324230073980373,43,64,,False,True,,130,87.6246207195492
12,2026-09-18T06:48:58.657+00:00,2026-09-18T06:49:12.628+00:00,2026-09-18T06:49:17.074+00:00,True,75,75.0,,75.0,13970.740059,18416.407387,18416.407278,245.55209704,0.0,13970.740059,1606.7211558127983,71.690698,60.076585513513514,38.5422310717706,4.072455524248553,43,64,,False,True,,350,87.6246207195492
13,2026-09-18T06:48:59.260+00:00,2026-09-18T06:49:14.615+00:00,2026-09-18T06:49:20.351+00:00,True,96,96.0,,96.0,15354.607677999998,21090.350142,21090.350279,219.69114873958333,0.0,15354.607677999998,1561.4852098832032,70.26817249999998,60.376236463157895,40.67377577389247,4.551844770411019,43,64,,False,True,,440,87.6246207195492
14,2026-09-18T06:48:59.840+00:00,2026-09-18T06:49:17.077+00:00,2026-09-18T06:49:20.257+00:00,True,53,53.0,,53.0,17236.213811,20416.972083,20416.97221,385.225890754717,0.0,17236.213811,2359.531188137637,78.1579748,61.1684283076923,41.45964559979251,2.59587953515056,43,64,,False,True,,233,87.6246207195492
15,2026-09-18T06:49:00.325+00:00,2026-09-18T06:49:18.748+00:00,2026-09-18T06:49:23.117+00:00,True,71,71.0,,71.0,18423.927552999998,22792.218113,22792.217965999997,321.0171544507042,0.0,18423.927552999998,2179.8767823317967,96.97962500000001,62.40415085714286,58.15798844711089,3.1150983045175282,43,64,,False,True,,328,87.6246207195492
16,2026-09-18T06:49:00.855+00:00,2026-09-18T06:49:20.700+00:00,2026-09-18T06:49:23.470+00:00,True,45,45.0,,45.0,19844.580624000002,22615.236368,22615.236375,502.5608083333334,0.01766,19844.580624000002,2949.373049890777,97.925334,62.96944872727273,55.183770999271424,1.9898089618764225,43,64,,False,True,,188,87.6246207195492
17,2026-09-18T06:49:01.240+00:00,2026-09-18T06:49:22.011+00:00,2026-09-18T06:49:27.085+00:00,True,84,84.0,,84.0,20771.148712000002,25845.91556,25845.915642000004,307.68947192857144,0.0,20771.148712000002,2259.943386453977,89.88753000000001,61.14176925301204,36.821614708473824,3.2500299633417202,43,64,,False,True,,369,87.6246207195492
18,2026-09-18T06:49:01.878+00:00,2026-09-18T06:49:24.450+00:00,2026-09-18T06:49:29.371+00:00,True,84,84.0,,84.0,22572.529185,27492.868897,27492.868802,327.2960571666667,0.0,22572.529185,2456.752815977248,70.98141715,59.28120134939759,42.08081693293519,3.0553377428415995,43,64,,False,True,,330,87.6246207195492
19,2026-09-18T06:49:02.355+00:00,2026-09-18T06:49:26.398+00:00,2026-09-18T06:49:30.654+00:00,True,71,71.0,,71.0,24043.377581,28299.678893,28299.678902,398.58702678873243,0.0,24043.377581,2846.546312439216,82.13545249999999,60.80430445714286,44.21483183102086,2.508862389161668,43,64,,False,True,,329,87.6246207195492
20,2026-09-18T06:49:02.916+00:00,2026-09-18T06:49:28.456+00:00,2026-09-18T06:49:33.442+00:00,True,79,79.0,,79.0,25539.391592,30525.585768,30525.585826,386.3998205822785,0.0,25539.391592,2866.6192515713487,71.06640189999999,63.92556635897436,48.5203773781193,2.5879929250306404,43,64,,False,True,,384,87.6246207195492
21,2026-09-18T06:49:03.457+00:00,2026-09-18T06:49:30.780+00:00,2026-09-18T06:49:32.426+00:00,True,29,29.0,,29.0,27323.054366999997,28969.371166999998,28969.371197999997,998.943834413793,37.697120000000005,27323.054366999997,5062.852777608422,72.5366572,58.79702857142858,8.750060986069167,1.0010572833225628,43,64,,False,True,,129,87.6246207195492
22,2026-09-18T06:49:03.988+00:00,2026-09-18T06:49:32.662+00:00,2026-09-18T06:49:34.662+00:00,True,34,34.0,,34.0,28674.614005,30674.221045,30674.221019,902.1829711470588,0.0,28674.614005,4907.860340272474,209.4732151,60.59415272727273,77.69735649985167,1.108422605096344,43,64,,False,True,,144,87.6246207195492
23,2026-09-18T06:49:04.566+00:00,2026-09-18T06:49:35.157+00:00,2026-09-18T06:49:35.244+00:00,True,5,5.0,,5.0,30590.980747,30677.731979,30677.731947,6135.5463894,0.03817,30590.980747,13671.054779951923,24490.1046398,21.687808,43.27492543618696,0.1629846692520385,43,64,,False,True,,23,87.6246207195492
24,2026-09-18T06:49:05.030+00:00,2026-09-18T06:49:36.656+00:00,2026-09-18T06:49:39.342+00:00,True,44,44.0,,44.0,31626.145712999998,34311.738801,34311.738658999995,779.8122422499999,0.0,31626.145712999998,4758.945438180245,102.1834435,62.455653209302326,72.54605524127446,1.2823599601054798,43,64,,False,True,,180,87.6246207195492
25,2026-09-18T06:49:05.496+00:00,2026-09-18T06:49:38.264+00:00,2026-09-18T06:49:39.687+00:00,True,25,25.0,,25.0,32768.576932,34191.144356000004,34191.144518,1367.6457807200002,0.0,32768.576932,6542.540265354285,408.50595439999995,59.27364266666667,96.32701364001827,0.7311834824742536,43,64,,False,True,,118,87.6246207195492
26,2026-09-18T06:49:06.060+00:00,2026-09-18T06:49:40.360+00:00,2026-09-18T06:49:42.579+00:00,True,37,37.0,,37.0,34300.782612999996,36519.281172999996,36519.281241,987.007601108108,39.624097,34300.782612999996,5628.899718440563,103.7590126,61.62496,13.978423586612342,1.013163425225232,43,64,,False,True,,132,87.6246207195492
27,2026-09-18T06:49:06.697+00:00,2026-09-18T06:49:43.012+00:00,2026-09-18T06:49:48.778+00:00,True,87,87.0,,87.0,36314.706935999995,42081.285368,42081.285357999994,483.69293514942524,0.0,36314.706935999995,3887.0712741696584,94.6883282,67.05323758139535,84.8249836029866,2.067427343038283,43,64,,False,True,,435,87.6246207195492
28,2026-09-18T06:49:07.308+00:00,2026-09-18T06:49:45.300+00:00,2026-09-18T06:49:51.329+00:00,True,98,98.0,,98.0,37992.06106,44020.528772,44020.528709,449.18906845918366,0.01627,37992.06106,3832.0422308172165,90.69809434999999,62.149151670103095,64.81509362987845,2.2262340488362002,43,64,,False,True,,408,87.6246207195492
29,2026-09-18T06:49:07.938+00:00,2026-09-18T06:49:48.051+00:00,2026-09-18T06:49:51.038+00:00,True,48,48.0,,48.0,40112.837646,43099.488782,43099.488756,897.90601575,0.01663,40112.837646,5781.227260601898,95.00625305000001,63.54576885106383,84.88141640687834,1.1137023049806252,43,64,,False,True,,251,87.6246207195492
30,2026-09-18T06:49:08.316+00:00,2026-09-18T06:49:49.438+00:00,2026-09-18T06:49:50.962+00:00,True,25,25.0,,25.0,41121.410020999996,42645.953765,42645.953768,1705.83815072,37.596470000000004,41121.410020999996,8211.585744704476,94.04325260000002,63.522656,11.90604245268567,0.586222086572672,43,64,,False,True,,97,87.6246207195492
31,2026-09-18T06:49:08.946+00:00,2026-09-18T06:49:52.463+00:00,2026-09-18T06:49:56.132+00:00,True,69,69.0,,69.0,43517.260009000005,47186.328809000006,47186.328851000006,683.85983842029,0.0,43517.260009000005,5232.422365852105,82.72605180000001,53.95689411764706,24.288189837941292,1.462287949530827,43,64,,False,True,,269,87.6246207195492
32,2026-09-18T06:49:09.298+00:00,2026-09-18T06:49:53.262+00:00,2026-09-18T06:49:59.074+00:00,True,93,93.0,,93.0,43963.628451,49776.568738999995,49776.568797,535.231922548387,35.491694,43963.628451,4552.2838045056715,95.7378016,63.184133565217394,13.497017148222572,1.8683489512432863,43,64,,False,True,,460,87.6246207195492
33,2026-09-18T06:49:09.736+00:00,2026-09-18T06:49:55.152+00:00,2026-09-18T06:49:58.220+00:00,True,51,51.0,,51.0,45416.786435,48484.591875,48484.591906,950.6782726666667,35.453005,45416.786435,6351.044519252954,91.15163249999999,61.356108799999994,13.441980156707512,1.05188056716008,43,64,,False,True,,216,87.6246207195492
34,2026-09-18T06:49:10.242+00:00,2026-09-18T06:49:57.264+00:00,2026-09-18T06:50:02.952+00:00,True,92,92.0,,92.0,47022.64742,52710.571132,52710.571137,572.9409906195652,0.0,47022.64742,4897.58172467524,101.03669695,62.504656175824174,127.76145556308025,1.745380443129895,43,64,,False,True,,457,87.6246207195492
35,2026-09-18T06:49:10.844+00:00,2026-09-18T06:49:59.639+00:00,2026-09-18T06:49:59.958+00:00,True,6,6.0,,6.0,48794.81714,49114.057076,49114.057081,8185.676180166666,42.208972,48794.81714,19894.341733039684,36619.465912,63.847987200000006,18.503721794219537,0.12216461756998591,43,64,,False,True,,13,87.6246207195492
36,2026-09-18T06:49:11.470+00:00,2026-09-18T06:50:02.608+00:00,2026-09-18T06:50:03.986+00:00,True,24,24.0,,24.0,51137.180115999996,52515.546067999996,52515.54612399999,2188.1477551666667,0.037389000000000006,51137.180115999996,10426.158582421245,178.54682520000003,59.92895443478261,35.66521050842307,0.45700753009258416,43,64,,False,True,,140,87.6246207195492
37,2026-09-18T06:49:12.012+00:00,2026-09-18T06:50:05.059+00:00,2026-09-18T06:50:06.573+00:00,True,24,24.0,,24.0,53046.597581,54560.954061000004,54560.953958,2273.3730815833333,50.669426,53046.597581,10814.658818984668,100.5811424,65.84158608695653,12.836457164855524,0.43987500609259184,43,64,,False,True,,92,87.6246207195492
38,2026-09-18T06:49:12.444+00:00,2026-09-18T06:50:06.507+00:00,2026-09-18T06:50:09.912+00:00,True,47,47.0,,47.0,54063.205632,57468.105471999996,57468.10567,1222.7256525531914,0.0,54063.205632,7875.980008441771,99.50370060000002,74.01956173913044,116.83840993594599,0.8178449526737863,43,64,,False,True,,201,87.6246207195492
39,2026-09-18T06:49:12.815+00:00,2026-09-18T06:50:08.003+00:00,2026-09-18T06:50:12.560+00:00,True,74,74.0,,74.0,55187.201154,59744.793474000006,59744.793326,807.362071972973,0.0,55187.201154,6408.8159860051355,94.51434314999999,62.43277150684932,94.81681915906505,1.238601653752534,43,64,,False,True,,330,87.6246207195492
40,2026-09-18T06:49:13.430+00:00,2026-09-18T06:50:10.194+00:00,2026-09-18T06:50:15.922+00:00,True,95,95.0,,95.0,56764.377562,62492.082394000005,62492.082596,657.8113957473685,33.567767999999994,56764.377562,5817.662149611384,88.4744871,60.93303012765958,11.625458760012574,1.5201925805743537,43,64,,False,True,,490,87.6246207195492
41,2026-09-18T06:49:14.004+00:00,2026-09-18T06:50:12.269+00:00,2026-09-18T06:50:15.691+00:00,True,57,57.0,,57.0,58264.442193,61686.146897000006,61686.146960000005,1082.2131045614035,34.673705999999996,58264.442193,7709.229028825006,81.74741060000001,61.10186971428572,11.39716291302034,0.9240324265215549,43,64,,False,True,,243,87.6246207195492
42,2026-09-18T06:49:14.512+00:00,2026-09-18T06:50:14.422+00:00,2026-09-18T06:50:16.292+00:00,True,31,31.0,,31.0,59909.209515,61780.020139,61780.020124,1992.903874967742,35.853694000000004,59909.209515,10748.815287968444,82.40273800000001,62.36035413333333,9.275896628261755,0.5017803479223951,43,64,,False,True,,95,87.6246207195492
43,2026-09-18T06:49:15.130+00:00,2026-09-18T06:50:17.202+00:00,2026-09-18T06:50:18.142+00:00,True,24,24.0,,24.0,62072.241783,63012.306550999994,63012.306618999995,2625.5127757916666,0.015470000000000001,62072.241783,12662.15304599723,122.6619787,40.87238121739131,37.384930658536604,0.3808779794558897,43,64,,False,True,,109,87.6246207195492
44,2026-09-18T06:49:15.651+00:00,2026-09-18T06:50:18.846+00:00,2026-09-18T06:50:20.355+00:00,True,26,26.0,,26.0,63194.48639,64703.487861999994,64703.487856,2488.5956867692307,0.0,63194.48639,12382.92284452798,713.77995025,60.360058880000004,183.26681098251757,0.4018330519593158,43,64,,False,True,,81,87.6246207195492
45,2026-09-18T06:49:16.201+00:00,2026-09-18T06:50:20.990+00:00,2026-09-18T06:50:21.388+00:00,True,7,7.0,,7.0,64789.397725,65187.236829,65187.236811,9312.462401571429,54.36437,64789.397725,24463.032623981977,45381.019822,66.30651733333333,14.463371588737042,0.1073829838556049,43,64,,False,True,,26,87.6246207195492
46,2026-09-18T06:49:16.584+00:00,2026-09-18T06:50:22.082+00:00,2026-09-18T06:50:24.159+00:00,True,34,34.0,,34.0,65497.853472999996,67575.27913699999,67575.27896099999,1987.508204735294,37.553521,65497.853472999996,11221.998945275236,90.29307365000001,62.95229284848485,11.757861994920324,0.5031425757201753,43,64,,False,True,,146,87.6246207195492
47,2026-09-18T06:49:17.149+00:00,2026-09-18T06:50:24.694+00:00,2026-09-18T06:50:30.862+00:00,True,100,100.0,,100.0,67545.348954,73713.20713,73713.207336,737.13207336,33.338899,67545.348954,6748.316693695955,91.07376400000001,62.30159773737374,12.768849361742642,1.3566089971318278,43,64,,False,True,,458,87.6246207195492
48,2026-09-18T06:49:17.692+00:00,2026-09-18T06:50:26.486+00:00,2026-09-18T06:50:28.178+00:00,True,28,28.0,,28.0,68793.997397,70485.660501,70485.660697,2517.345024892857,38.624419,68793.997397,12989.010405034867,93.34577504999999,62.654189037037035,14.175788579661184,0.3972439188479017,43,64,,False,True,,111,87.6246207195492
49,2026-09-18T06:49:18.151+00:00,2026-09-18T06:50:28.294+00:00,2026-09-18T06:50:32.227+00:00,True,51,51.0,,51.0,70142.56335600001,74076.22863600001,74076.22849900002,1452.4750686078435,0.0,70142.56335600001,9811.875418906802,91.691961,78.67330559999999,139.25226036074577,0.6884799744680132,43,64,,False,True,,270,87.6246207195492
50,2026-09-18T06:49:18.788+00:00,2026-09-18T06:50:30.546+00:00,2026-09-18T06:50:31.123+00:00,True,10,10.0,,10.0,71757.32593600001,72334.35684800001,72334.356761,7233.435676100001,41.166214,71757.32593600001,22671.387854825232,39509.26468705,64.11454577777778,13.877310352345818,0.13824689173657168,43,64,,False,True,,30,87.6246207195492
51,2026-09-18T06:49:19.395+00:00,2026-09-18T06:50:32.995+00:00,2026-09-18T06:50:37.855+00:00,True,81,81.0,,81.0,73599.318396,78460.030332,78460.030289,968.6423492469136,0.01768,73599.318396,8171.7352459260355,83.26300599999999,60.7588992,113.92107866279505,1.0323727846809674,43,64,,False,True,,249,87.6246207195492
52,2026-09-18T06:49:19.827+00:00,2026-09-18T06:50:34.740+00:00,2026-09-18T06:50:35.946+00:00,True,23,23.0,,23.0,74912.573678,76119.352558,76119.352632,3309.537070956522,0.01862,74912.573678,15608.939186230511,110.42868480000001,54.85358545454545,28.903398645305302,0.3021570629160947,43,64,,False,True,,98,87.6246207195492
53,2026-09-18T06:49:20.243+00:00,2026-09-18T06:50:36.068+00:00,2026-09-18T06:50:37.735+00:00,True,29,29.0,,29.0,75825.783059,77492.486419,77492.486334,2672.1547011724138,32.87868,75825.783059,14069.446550604922,83.1026864,59.52512,12.851273357937298,0.3742298297566258,43,64,,False,True,,127,87.6246207195492
54,2026-09-18T06:49:20.664+00:00,2026-09-18T06:50:38.041+00:00,2026-09-18T06:50:38.443+00:00,True,7,7.0,,7.0,77376.87619400001,77779.38422600001,77779.38425100001,11111.340607285716,56.574625999999995,77376.87619400001,29220.356917024495,54191.41868480001,67.084672,12.721052038180867,0.08999814114830762,43,64,,False,True,,29,87.6246207195492
55,2026-09-18T06:49:21.134+00:00,2026-09-18T06:50:39.552+00:00,2026-09-18T06:50:40.452+00:00,True,15,15.0,,15.0,78418.403328,79318.33856,79318.338572,5287.8892381333335,39.473587,78418.403328,20230.954822771557,23596.222407499998,64.281088,18.0217039127112,0.1891113741452529,43,64,,False,True,,60,87.6246207195492
56,2026-09-18T06:49:21.646+00:00,2026-09-18T06:50:40.858+00:00,2026-09-18T06:50:46.852+00:00,True,96,96.0,,96.0,79212.099903,85206.271551,85206.27169899999,887.5653301979166,0.0,79212.099903,8078.999399744036,95.97946200000003,63.096543663157895,120.42140628889895,1.1266776289177194,43,64,,False,True,,470,87.6246207195492
57,2026-09-18T06:49:22.053+00:00,2026-09-18T06:50:43.273+00:00,2026-09-18T06:50:46.423+00:00,True,51,51.0,,51.0,81219.474501,84370.06598900001,84370.066,1654.3150196078432,0.0,81219.474501,11365.3530603492,98.861322,63.01182976,165.09821894246056,0.6044797927104771,43,64,,False,True,,109,87.6246207195492
58,2026-09-18T06:49:22.628+00:00,2026-09-18T06:50:45.755+00:00,2026-09-18T06:50:48.511+00:00,True,55,55.0,,55.0,83126.59663500001,85882.60047500001,85882.600625,1561.5018295454547,0.0,83126.59663500001,11201.931099416819,78.998216,51.03710814814815,23.85911260844008,0.6404091130893296,43,64,,False,True,,293,87.6246207195492
59,2026-09-18T06:49:23.232+00:00,2026-09-18T06:50:47.550+00:00,2026-09-18T06:50:51.136+00:00,True,59,59.0,,59.0,84318.059096,87904.167,87904.167049,1489.9011364237288,34.935145,84318.059096,10969.232124000695,91.05793380000001,61.82944662068965,10.92096504023828,0.6711854740629076,43,64,,False,True,,196,87.6246207195492
60,2026-09-18T06:49:23.660+00:00,2026-09-18T06:50:49.056+00:00,2026-09-18T06:50:50.727+00:00,True,28,28.0,,28.0,85396.158344,87066.606216,87066.60619199999,3109.5216497142856,35.920303999999994,85396.158344,16126.667577130458,82.48032934999999,61.8684397037037,9.36827183195324,0.32159287259383856,43,64,,False,True,,122,87.6246207195492
61,2026-09-18T06:49:24.289+00:00,2026-09-18T06:50:51.362+00:00,2026-09-18T06:50:57.001+00:00,True,91,91.0,,91.0,87073.463924,92712.418676,92712.41889799999,1018.817790087912,33.928997,87073.463924,9121.217189123416,90.62698199999998,62.6550528,10.548950983423172,0.981529781010413,43,64,,False,True,,365,87.6246207195492
62,2026-09-18T06:49:24.917+00:00,2026-09-18T06:50:53.697+00:00,2026-09-18T06:50:54.789+00:00,True,17,17.0,,17.0,88779.871171,89872.210883,89872.21099,5286.600646470589,53.761831,88779.871171,21515.72795250095,17841.5415638,68.271232,14.554298657739702,0.18915746962241112,43,64,,False,True,,63,87.6246207195492
63,2026-09-18T06:49:25.475+00:00,2026-09-18T06:50:55.739+00:00,2026-09-18T06:50:59.058+00:00,True,54,54.0,,54.0,90263.771569,93582.913457,93582.913466,1733.0169160370372,40.954934,90263.771569,12274.823014821137,71.26411200000001,62.62531864150944,6.642400984067917,0.5770284126152176,43,64,,False,True,,243,87.6246207195492
64,2026-09-18T06:49:25.887+00:00,2026-09-18T06:50:57.387+00:00,2026-09-18T06:50:58.874+00:00,True,25,25.0,,25.0,91500.450994,92986.698418,92986.69865399999,3719.46794616,49.583059,91500.450994,18287.70542946566,69.7763364,61.926976,4.8950576778554735,0.26885565812454526,43,64,,False,True,,100,87.6246207195492
65,2026-09-18T06:49:26.366+00:00,2026-09-18T06:50:58.679+00:00,2026-09-18T06:51:01.650+00:00,True,49,49.0,,49.0,92312.941404,95284.537436,95284.537455,1944.5823970408162,38.664069000000005,92312.941404,13178.721999820971,81.56012659999999,61.90825066666667,8.95331990861543,0.5142492299226614,43,64,,True,True,,197,87.6246207195492
66,2026-09-18T06:49:26.805+00:00,2026-09-18T06:51:00.572+00:00,2026-09-18T06:51:00.865+00:00,True,6,6.0,,6.0,93766.68688699999,94059.67760699999,94059.67747499999,15676.612912499999,34.487196000000004,93766.68688699999,38256.16902496301,70341.939179,58.598144,13.768790294538443,0.06378928944525189,43,64,,True,True,,14,87.6246207195492
67,2026-09-18T06:49:27.444+00:00,2026-09-18T06:51:03.140+00:00,2026-09-18T06:51:07.875+00:00,True,77,77.0,,77.0,95695.26370200001,100430.286294,100430.28624900001,1304.289431805195,33.660548000000006,95695.26370200001,10898.391689203512,90.814992,62.30292884210526,9.803039649491087,0.7667009907209655,43,64,,True,True,,322,87.6246207195492
68,2026-09-18T06:49:28.077+00:00,2026-09-18T06:51:05.544+00:00,2026-09-18T06:51:09.665+00:00,True,67,67.0,,67.0,97466.62080799999,101588.330376,101588.33045099999,1516.2437380746267,34.375955999999995,97466.62080799999,11899.820408277688,93.7785396,62.45014496969697,13.006660292327917,0.6595245709031614,43,64,,True,True,,206,87.6246207195492
69,2026-09-18T06:49:28.553+00:00,2026-09-18T06:51:07.214+00:00,2026-09-18T06:51:07.813+00:00,True,11,11.0,,11.0,98660.39842299999,99259.94939899999,99259.949543,9023.631776636363,35.871474,98660.39842299999,29729.15359548199,49364.47057799999,59.9550976,9.46779081313842,0.1108201250010996,43,64,,True,True,,54,87.6246207195492
70,2026-09-18T06:49:28.979+00:00,2026-09-18T06:51:08.906+00:00,2026-09-18T06:51:13.524+00:00,True,74,74.0,,74.0,99927.47034100001,104545.472261,104545.47203500001,1412.7766491216216,35.890233,99927.47034100001,11608.984175565189,93.02187615000001,63.260300273972604,11.443527611122724,0.7078259670132574,43,64,,True,True,,412,87.6246207195492
71,2026-09-18T06:49:29.521+00:00,2026-09-18T06:51:11.372+00:00,2026-09-18T06:51:11.707+00:00,True,6,6.0,,6.0,101850.157947,102185.763963,102185.764126,17030.960687666666,57.192023999999996,101850.157947,41552.751722130706,76407.43693625,67.1212032,10.123413288642285,0.05871659385129727,43,64,,True,True,,28,87.6246207195492
72,2026-09-18T06:49:30.062+00:00,2026-09-18T06:51:13.393+00:00,2026-09-18T06:51:15.081+00:00,True,28,28.0,,28.0,103331.460939,105018.816075,105018.816057,3750.6720020357143,56.629475,103331.460939,19516.000470543346,68.16849954999999,62.49463466666666,3.2256611080902706,0.2666188883714285,43,64,,True,True,,133,87.6246207195492
73,2026-09-18T06:49:30.502+00:00,2026-09-18T06:51:14.700+00:00,2026-09-18T06:51:16.798+00:00,True,34,34.0,,34.0,104198.77674799999,106296.549548,106296.54967499999,3126.369108088235,53.202991000000004,104198.77674799999,17859.041938464765,77.68813779999999,63.568872727272726,6.437280765497296,0.31985986510923126,43,64,,True,True,,161,87.6246207195492
74,2026-09-18T06:49:30.858+00:00,2026-09-18T06:51:16.209+00:00,2026-09-18T06:51:16.394+00:00,True,4,4.0,,4.0,105351.416638,105536.39327799999,105536.39340599999,26384.098351499997,54.3294,105351.416638,52644.87916359543,89558.92762989999,61.65888,6.9510861357091525,0.03790161740190752,43,64,,True,True,,16,87.6246207195492
75,2026-09-18T06:49:31.417+00:00,2026-09-18T06:51:18.420+00:00,2026-09-18T06:51:21.076+00:00,True,43,43.0,,43.0,107003.458874,109659.72793000001,109659.72788800001,2550.2262299534887,37.81178,107003.458874,16308.234111186173,92.8719971,63.24450133333334,11.997643225134679,0.3921220744542476,43,64,,True,True,,194,87.6246207195492
76,2026-09-18T06:49:32.014+00:00,2026-09-18T06:51:20.524+00:00,2026-09-18T06:51:21.928+00:00,True,24,24.0,,24.0,108510.14597,109913.65880199999,109913.658983,4579.735790958333,39.683687,108510.14597,22137.087020979594,88.2618861,61.02229704347826,10.43319675223123,0.21835320797785412,43,64,,True,True,,116,87.6246207195492
77,2026-09-18T06:49:32.559+00:00,2026-09-18T06:51:22.598+00:00,2026-09-18T06:51:25.653+00:00,True,49,49.0,,49.0,110038.994506,113094.155338,113094.155352,2308.0439867755103,38.076979,110038.994506,15710.766612932934,90.5355306,63.649184,9.804442086328882,0.4332673059324388,43,64,,True,True,,263,87.6246207195492
78,2026-09-18T06:49:33.194+00:00,2026-09-18T06:51:25.305+00:00,2026-09-18T06:51:25.718+00:00,True,7,7.0,,7.0,112111.756465,112523.831985,112523.831882,16074.833126,63.428822999999994,112111.756465,42348.303410824024,78504.1180375,68.67925333333334,8.856156547973768,0.062209043866664045,43,64,,True,True,,45,87.6246207195492
79,2026-09-18T06:49:33.701+00:00,2026-09-18T06:51:27.251+00:00,2026-09-18T06:51:29.704+00:00,True,40,40.0,,40.0,113550.281627,116003.24853900001,116003.248387,2900.081209675,35.143025,113550.281627,17943.935990456786,93.38593134999999,62.89658748717949,13.391329588768025,0.3448179297026505,43,64,,True,True,,201,87.6246207195492
80,2026-09-18T06:49:34.088+00:00,2026-09-18T06:51:28.881+00:00,2026-09-18T06:51:33.353+00:00,True,73,73.0,,73.0,114793.19486,119265.37764400001,119265.377663,1633.7722967534246,37.195011,114793.19486,13428.263717281583,93.87139659999998,62.11364977777777,13.15422365699972,0.6120803995431148,43,64,,True,True,,287,87.6246207195492
81,2026-09-18T06:49:34.578+00:00,2026-09-18T06:51:31.219+00:00,2026-09-18T06:51:32.756+00:00,True,25,25.0,,25.0,116641.042753,118177.87577700001,118177.875929,4727.11503716,38.141639000000005,116641.042753,23315.40449196987,95.1947998,64.03470933333334,11.847181974706634,0.21154551844521768,43,64,,True,True,,75,87.6246207195492
82,2026-09-18T06:49:35.220+00:00,2026-09-18T06:51:33.192+00:00,2026-09-18T06:51:33.822+00:00,True,11,11.0,,11.0,117971.525524,118601.437076,118601.437078,10781.948825272728,41.931172,117971.525524,35550.762981480664,59033.476708500006,62.9911552,13.32295097506045,0.0927476114218682,43,64,,True,True,,66,87.6246207195492
83,2026-09-18T06:49:35.669+00:00,2026-09-18T06:51:35.837+00:00,2026-09-18T06:51:36.459+00:00,True,11,11.0,,11.0,120168.221105,120790.266545,120790.26659300001,10980.933326636365,55.397078,120168.221105,36213.326693726936,60117.0507115,62.204544,3.4742263317979476,0.09106694036395711,43,64,,True,True,,45,87.6246207195492
84,2026-09-18T06:49:36.307+00:00,2026-09-18T06:51:38.296+00:00,2026-09-18T06:51:40.744+00:00,True,41,41.0,,41.0,121989.61209000001,124437.810746,124437.81067,3035.0685529268294,33.336929,121989.61209000001,19042.020060416846,68.542823,61.204966399999996,8.923383067697635,0.3294818492402473,43,64,,True,True,,160,87.6246207195492
85,2026-09-18T06:49:36.903+00:00,2026-09-18T06:51:40.797+00:00,2026-09-18T06:51:43.757+00:00,True,49,49.0,,49.0,123894.52720200001,126854.55920200002,126854.559294,2588.8685570204084,37.9446,123894.52720200001,17690.411308078095,83.63739720000001,61.66733333333334,9.978648973065194,0.38626912826975046,43,64,,True,True,,226,87.6246207195492
86,2026-09-18T06:49:37.344+00:00,2026-09-18T06:51:42.568+00:00,2026-09-18T06:51:46.899+00:00,True,72,72.0,,72.0,125223.812839,129555.255015,129555.25503300001,1799.378542125,35.859653,125223.812839,14750.580384361945,68.08810950000002,61.00622783098592,8.051605079100346,0.5557474298642984,43,64,,True,True,,306,87.6246207195492
87,2026-09-18T06:49:37.740+00:00,2026-09-18T06:51:44.070+00:00,2026-09-18T06:51:45.437+00:00,True,24,24.0,,24.0,126330.614958,127696.79812600001,127696.79827900001,5320.699928291667,34.768135,126330.614958,25775.005605682283,74.52264945,59.39926817391304,9.392571502113048,0.18794519793925377,43,64,,True,True,,96,87.6246207195492
88,2026-09-18T06:49:38.149+00:00,2026-09-18T06:51:45.310+00:00,2026-09-18T06:51:46.267+00:00,True,17,17.0,,17.0,127161.142379,128117.465707,128117.465597,7536.321505705882,36.038883,127161.142379,30826.61186707274,25487.240085399997,59.770208,8.593508593945705,0.13269072960651893,43,64,,True,True,,73,87.6246207195492
89,2026-09-18T06:49:38.659+00:00,2026-09-18T06:51:47.293+00:00,2026-09-18T06:51:49.260+00:00,True,33,33.0,,33.0,128633.767725,130600.24836499999,130600.24825,3957.5832803030303,43.0036,128633.767725,22381.568387605974,71.540077,61.45252,7.242850111388134,0.252679458217966,43,64,,True,True,,168,87.6246207195492
90,2026-09-18T06:49:39.016+00:00,2026-09-18T06:51:48.532+00:00,2026-09-18T06:51:50.548+00:00,True,35,35.0,,35.0,129516.114984,131532.824872,131532.824955,3758.080713,38.144858,129516.114984,21882.194463028853,70.1852449,59.31499670588236,7.947725526816837,0.2660932739341677,43,64,,True,True,,186,87.6246207195492
91,2026-09-18T06:49:39.468+00:00,2026-09-18T06:51:50.206+00:00,2026-09-18T06:51:56.153+00:00,True,96,96.0,,96.0,130737.63107799999,136685.24631,136685.246501,1423.8046510520833,35.629824,130737.63107799999,13336.968314286592,91.10948075,62.60647612631579,10.970500224522846,0.7023435417621702,43,64,,True,True,,502,87.6246207195492
92,2026-09-18T06:49:39.974+00:00,2026-09-18T06:51:51.888+00:00,2026-09-18T06:51:53.316+00:00,True,23,23.0,,23.0,131914.141125,133341.405893,133341.405925,5797.452431521739,53.61162,131914.141125,27492.473493854268,92.1573963,64.87567127272727,8.189222436421051,0.17248955675820893,43,64,,True,True,,73,87.6246207195492
93,2026-09-18T06:49:40.581+00:00,2026-09-18T06:51:54.208+00:00,2026-09-18T06:51:59.854+00:00,True,95,95.0,,95.0,133627.16482,139272.98190800002,139272.981776,1466.0313871157896,35.854113,133627.16482,13703.698964608266,70.38192810000001,60.06188391489362,9.630711948799014,0.6821136353837418,43,64,,True,True,,445,87.6246207195492
94,2026-09-18T06:49:41.168+00:00,2026-09-18T06:51:56.325+00:00,2026-09-18T06:52:01.583+00:00,True,88,88.0,,88.0,135157.080087,140414.95503100002,140414.955147,1595.6244903068182,36.020953,135157.080087,14401.353614660124,70.455995,60.43534418390804,9.186938553323483,0.626713870901941,43,64,,True,True,,430,87.6246207195492
95,2026-09-18T06:49:41.688+00:00,2026-09-18T06:51:58.670+00:00,2026-09-18T06:52:03.704+00:00,True,82,82.0,,82.0,136981.647046,142015.603142,142015.603294,1731.8976011463415,35.608033999999996,136981.647046,15120.23355810314,92.52195675000002,62.14760612345679,11.455280704601403,0.5774013431327614,43,64,,True,True,,407,87.6246207195492
96,2026-09-18T06:49:42.284+00:00,2026-09-18T06:52:00.722+00:00,2026-09-18T06:52:05.903+00:00,True,84,84.0,,84.0,138437.97302099998,143618.649117,143618.649255,1709.7458244642855,33.769557,138437.97302099998,15098.014828007577,88.82927864999999,62.41778428915662,11.01016102165693,0.5848822594868497,43,64,,True,True,,407,87.6246207195492
97,2026-09-18T06:49:42.744+00:00,2026-09-18T06:52:02.487+00:00,2026-09-18T06:52:08.062+00:00,True,90,90.0,,90.0,139742.48056,145317.916592,145317.916349,1614.643514988889,37.29785,139742.48056,14723.551894197513,93.48935890000001,62.645348674157304,11.548809923928882,0.6193317528263729,43,64,,True,True,,320,87.6246207195492
98,2026-09-18T06:49:43.167+00:00,2026-09-18T06:52:04.014+00:00,2026-09-18T06:52:06.786+00:00,True,45,45.0,,45.0,140846.681814,143618.93141400002,143618.931367,3191.5318081555556,36.933491000000004,140846.681814,20986.793840235623,91.2134236,63.005672727272724,10.379684196676784,0.3133291659877465,43,64,,True,True,,267,87.6246207195492
99,2026-09-18T06:49:43.677+00:00,2026-09-18T06:52:06.137+00:00,2026-09-18T06:52:09.259+00:00,True,50,50.0,,50.0,142460.57601699998,145582.891793,145582.891848,2911.6578369599997,37.334341,142460.57601699998,20137.959392431327,90.81371800000001,63.720730122448984,11.094942353330643,0.3434469489113702,43,64,,True,True,,209,87.6246207195492
100,2026-09-18T06:49:44.165+00:00,2026-09-18T06:52:08.127+00:00,2026-09-18T06:52:09.896+00:00,True,30,30.0,,30.0,143961.95421999999,145731.23831599997,145731.238342,4857.707944733333,38.767468,143961.95421999999,26272.598707087112,71.38396735,61.009796413793104,7.145608202320028,0.20585840308958844,43,64,,True,True,,106,87.6246207195492
101,2026-09-18T06:49:44.707+00:00,2026-09-18T06:52:10.182+00:00,2026-09-18T06:52:15.630+00:00,True,88,88.0,,88.0,145474.60762,150922.7945,150922.794346,1715.0317539318182,36.340351999999996,145474.60762,15500.97333530786,89.98897944999999,62.62283770114943,10.734280990881947,0.5830795824549884,43,64,,True,True,,180,87.6246207195492
102,2026-09-18T06:49:45.334+00:00,2026-09-18T06:52:12.755+00:00,2026-09-18T06:52:14.705+00:00,True,31,31.0,,31.0,147421.43018,149371.756708,149371.756795,4818.443767580645,39.291317,147421.43018,26465.996386378767,90.16362199999999,65.01088426666666,10.959955581260854,0.20753588685845398,43,64,,True,True,,134,87.6246207195492
103,2026-09-18T06:49:45.969+00:00,2026-09-18T06:52:14.893+00:00,2026-09-18T06:52:15.070+00:00,True,4,4.0,,4.0,148924.486887,149101.667559,149101.667706,37275.4169265,53.231461,148924.486887,74432.71343589536,126595.3825776,59.060224,5.364900285325721,0.026827332420123255,43,64,,True,True,,23,87.6246207195492
104,2026-09-18T06:49:46.386+00:00,2026-09-18T06:52:16.715+00:00,2026-09-18T06:52:16.935+00:00,True,4,4.0,,4.0,150329.518341,150549.581829,150549.58184099998,37637.395460249994,54.467388,150329.518341,75128.08505274585,127795.65105839999,73.354496,26.569991551319394,0.026569319897170846,43,64,,True,True,,19,87.6246207195492
105,2026-09-18T06:49:46.880+00:00,2026-09-18T06:52:18.509+00:00,2026-09-18T06:52:24.440+00:00,True,94,94.0,,94.0,151628.91250900002,157560.14041300002,157560.140374,1676.1717061063832,34.713285000000006,151628.91250900002,15632.755064932533,93.13999659999999,63.77664412903226,12.48582993224847,0.5965975896797577,43,64,,True,True,,386,87.6246207195492
106,2026-09-18T06:49:47.273+00:00,2026-09-18T06:52:20.181+00:00,2026-09-18T06:52:26.421+00:00,True,99,99.0,,99.0,152907.807257,159148.465433,159148.465536,1607.560257939394,37.52339,152907.807257,15361.415818451915,89.5234917,63.68018546938775,9.751961687794727,0.6220606634858069,43,64,,True,True,,464,87.6246207195492
107,2026-09-18T06:49:47.776+00:00,2026-09-18T06:52:21.901+00:00,2026-09-18T06:52:24.743+00:00,True,46,46.0,,46.0,154124.79213,156966.95533,156966.955352,3412.3251163478258,36.320702,154124.79213,22715.151864220716,92.77909925,63.15918222222222,12.446257072045556,0.293055311567277,43,64,,True,True,,201,87.6246207195492
108,2026-09-18T06:49:48.834+00:00,2026-09-18T06:52:25.131+00:00,2026-09-18T06:52:27.351+00:00,True,36,36.0,,36.0,156297.67287,158517.57175,158517.571812,4403.265883666667,38.849387,156297.67287,26039.0425932618,90.69896074999998,63.42568228571428,8.64976829774346,0.22710416014179197,43,64,,True,True,,135,87.6246207195492
109,2026-09-18T06:49:48.893+00:00,2026-09-18T06:52:25.323+00:00,2026-09-18T06:52:27.924+00:00,True,42,42.0,,42.0,156429.89520300002,159031.09328300002,159031.09322300003,3786.4546005476195,39.698785,156429.89520300002,24127.868726023407,87.669254,63.4438556097561,8.50148337521399,0.26409929739500626,43,64,,True,True,,136,87.6246207195492
110,2026-09-18T06:49:49.239+00:00,2026-09-18T06:52:27.428+00:00,2026-09-18T06:52:28.987+00:00,True,26,26.0,,26.0,158188.910357,159747.650837,159747.650611,6144.140408115384,37.461551,158188.910357,31011.17182685054,93.9826345,62.34961920000001,10.992977651451495,0.1627566969765918,43,64,,True,True,,98,87.6246207195492
111,2026-09-18T06:49:49.644+00:00,2026-09-18T06:52:29.050+00:00,2026-09-18T06:52:34.828+00:00,True,92,92.0,,92.0,159406.02477900003,165184.14036300004,165184.14041800002,1795.4797871521741,35.807944000000006,159406.02477900003,16612.611563160503,93.34484655,63.495775648351646,12.334140597714242,0.5569541954683156,43,64,,True,True,,262,87.6246207195492
112,2026-09-18T06:49:50.264+00:00,2026-09-18T06:52:31.443+00:00,2026-09-18T06:52:36.722+00:00,True,82,82.0,,82.0,161178.573543,166457.101031,166457.100954,2029.964645780488,38.638458,161178.573543,17792.00473239829,97.99782315,65.16700602469136,13.918959010613259,0.492619416607098,43,64,,True,True,,399,87.6246207195492
113,2026-09-18T06:49:50.687+00:00,2026-09-18T06:52:33.141+00:00,2026-09-18T06:52:37.003+00:00,True,60,60.0,,60.0,162454.022429,166315.898397,166315.89838,2771.931639666667,34.777826,162454.022429,20964.279182522856,102.07161244999999,65.45552488135593,15.093571344856679,0.3607592574029127,43,64,,True,True,,147,87.6246207195492
114,2026-09-18T06:49:51.305+00:00,2026-09-18T06:52:35.678+00:00,2026-09-18T06:52:37.728+00:00,True,32,32.0,,32.0,164373.05856900002,166422.975241,166422.975149,5200.71797340625,37.383061000000005,164373.05856900002,29045.641955061747,111.5340295,66.12634425806452,18.106413370676044,0.19228114359607043,43,64,,True,True,,119,87.6246207195492
115,2026-09-18T06:49:51.882+00:00,2026-09-18T06:52:37.862+00:00,2026-09-18T06:52:40.077+00:00,True,37,37.0,,37.0,165980.680852,168195.11669199998,168195.116735,4545.81396581081,37.74924,165980.680852,27276.944976419596,78.29109240000001,61.51210666666666,9.652222306059079,0.21998260548642828,43,64,,True,True,,177,87.6246207195492
116,2026-09-18T06:49:52.397+00:00,2026-09-18T06:52:39.850+00:00,2026-09-18T06:52:44.464+00:00,True,74,74.0,,74.0,167452.18248,172066.62804799998,172066.62810899998,2325.2247041756755,36.788202,167452.18248,19458.57603590267,93.48071499999998,63.21158312328767,11.6123255426006,0.4300659624674974,43,64,,True,True,,314,87.6246207195492
117,2026-09-18T06:49:52.869+00:00,2026-09-18T06:52:41.798+00:00,2026-09-18T06:52:43.644+00:00,True,30,30.0,,30.0,168928.18574000002,170774.28263600002,170774.282749,5692.476091633333,42.399951,168928.18574000002,30830.305361988998,96.81580150000002,63.65851365517241,10.685630215938493,0.17567047881526782,43,64,,True,True,,97,87.6246207195492
118,2026-09-18T06:49:53.297+00:00,2026-09-18T06:52:43.514+00:00,2026-09-18T06:52:45.159+00:00,True,28,28.0,,28.0,170216.87362,171862.1613,171862.161443,6137.93433725,38.731198,170216.87362,32156.451599643173,93.1631603,60.93658074074074,11.742054309945704,0.1629212607836557,43,64,,True,True,,125,87.6246207195492
119,2026-09-18T06:49:53.921+00:00,2026-09-18T06:52:45.657+00:00,2026-09-18T06:52:49.904+00:00,True,68,68.0,,68.0,171736.112476,175983.31734,175983.31741400002,2587.9899619705884,31.088052,171736.112476,20818.37973990333,90.65059380000001,63.39111737313433,13.562497543727513,0.3864002624102369,43,64,,True,True,,267,87.6246207195492
120,2026-09-18T06:49:54.384+00:00,2026-09-18T06:52:47.640+00:00,2026-09-18T06:52:53.544+00:00,True,95,95.0,,95.0,173256.229054,179160.079294,179160.07934,1885.895572,36.943731,173256.229054,17769.27362513141,91.91806000000001,62.80691744680851,11.118686265019527,0.5302520537742446,43,64,,True,True,,380,87.6246207195492
121,2026-09-18T06:49:54.895+00:00,2026-09-18T06:52:49.428+00:00,2026-09-18T06:52:53.597+00:00,True,67,67.0,,67.0,174532.703262,178701.66505399998,178701.664945,2667.1890290298506,35.750004000000004,174532.703262,21314.850083625526,93.0078634,63.16608775757576,12.603455835300029,0.37492655695040095,43,64,,True,True,,284,87.6246207195492
122,2026-09-18T06:49:55.497+00:00,2026-09-18T06:52:52.115+00:00,2026-09-18T06:52:55.672+00:00,True,56,56.0,,56.0,176618.065783,180174.92415099998,180174.924089,3217.4093587321427,40.232245000000006,176618.065783,23592.94259692813,93.66872724999999,64.67015214545455,11.405395222477603,0.31080906659945556,43,64,,True,True,,196,87.6246207195492
123,2026-09-18T06:49:55.858+00:00,2026-09-18T06:52:53.488+00:00,2026-09-18T06:52:59.205+00:00,True,88,88.0,,88.0,177629.14210499998,183346.68808899997,183346.68801499996,2083.4850910795453,38.781688,177629.14210499998,18928.32963800649,97.46581825,65.71891935632185,14.01249886995279,0.47996503736834956,43,64,,True,True,,388,87.6246207195492
124,2026-09-18T06:49:56.328+00:00,2026-09-18T06:52:55.166+00:00,2026-09-18T06:52:55.673+00:00,True,9,9.0,,9.0,178837.83760600002,179344.36202200002,179344.36204,19927.15133777778,56.647524,178837.83760600002,59591.50746421769,107329.85051280001,63.315552,3.934272194463999,0.05018278745163998,43,64,,True,True,,41,87.6246207195492
125,2026-09-18T06:49:56.908+00:00,2026-09-18T06:52:57.249+00:00,2026-09-18T06:52:59.202+00:00,True,31,31.0,,31.0,180341.054516,182293.286708,182293.286669,5880.428602225807,39.264696,180341.054516,32378.524726290198,99.84527399999999,65.0744064,13.866577200379002,0.17005563155847994,43,64,,True,True,,105,87.6246207195492
126,2026-09-18T06:49:57.269+00:00,2026-09-18T06:52:58.760+00:00,2026-09-18T06:53:04.647+00:00,True,96,96.0,,96.0,181490.811319,187377.461175,187377.461133,1951.84855346875,35.465964,181490.811319,18517.00670830617,73.88187249999999,61.96473532631579,9.852586622563807,0.5123348315107195,43,64,,True,True,,369,87.6246207195492
127,2026-09-18T06:49:57.824+00:00,2026-09-18T06:53:00.651+00:00,2026-09-18T06:53:04.606+00:00,True,65,65.0,,65.0,182827.25214,186782.15108399998,186782.151102,2873.5715554153844,40.486404,182827.25214,22669.26563166262,70.5511724,61.795296,5.677993190193314,0.3479989903894408,43,64,,True,True,,286,87.6246207195492
128,2026-09-18T06:49:58.245+00:00,2026-09-18T06:53:02.460+00:00,2026-09-18T06:53:07.110+00:00,True,78,78.0,,78.0,184215.484307,188865.448595,188865.448581,2421.3519048846156,38.272108,184215.484307,20851.459701868902,69.80807635000001,60.38914659740259,7.13469399984952,0.4129924270439848,43,64,,True,True,,445,87.6246207195492
129,2026-09-18T06:49:58.610+00:00,2026-09-18T06:53:03.930+00:00,2026-09-18T06:53:07.699+00:00,True,64,64.0,,64.0,185319.751636,189088.475092,189088.475026,2954.50742228125,35.365424,185319.751636,23157.493438859583,76.0723213,59.82100723809524,9.965297313148312,0.33846589523164294,43,64,,True,True,,277,87.6246207195492
130,2026-09-18T06:49:59.241+00:00,2026-09-18T06:53:06.099+00:00,2026-09-18T06:53:11.509+00:00,True,92,92.0,,92.0,186858.462956,192268.24958,192268.249591,2089.8722781630436,34.477505,186858.462956,19475.146131192203,67.26671755,59.44820465934066,10.075315429700465,0.47849814101376187,43,64,,True,True,,372,87.6246207195492
131,2026-09-18T06:49:59.689+00:00,2026-09-18T06:53:08.047+00:00,2026-09-18T06:53:08.314+00:00,True,6,6.0,,6.0,188357.693886,188625.650622,188625.650605,31437.608434166665,38.558947999999994,188357.693886,76874.8286466401,141283.93664524998,53.5913472,11.569397937410711,0.03180903541069192,43,64,,True,True,,28,87.6246207195492
132,2026-09-18T06:50:00.227+00:00,2026-09-18T06:53:10.236+00:00,2026-09-18T06:53:16.352+00:00,True,99,99.0,,99.0,190008.51215999998,196124.6376,196124.637586,1981.056945313131,36.315732000000004,190008.51215999998,19090.30475131654,92.57253080000001,62.40944326530612,11.00937166570707,0.504781047457752,43,64,,True,True,,331,87.6246207195492
133,2026-09-18T06:50:00.800+00:00,2026-09-18T06:53:12.110+00:00,2026-09-18T06:53:14.754+00:00,True,43,43.0,,43.0,191310.52783399998,193954.07087399997,193954.070976,4510.559790139534,38.673868,191310.52783399998,29164.986525413344,96.4106446,62.941500952380956,13.456478010744396,0.22170197205056064,43,64,,True,True,,220,87.6246207195492
134,2026-09-18T06:50:01.203+00:00,2026-09-18T06:53:13.522+00:00,2026-09-18T06:53:18.635+00:00,True,81,81.0,,81.0,192319.46216999998,197432.153114,197432.153099,2437.433988876543,35.114125,192319.46216999998,21361.73241943253,95.10005199999999,63.9086368,13.558485186402539,0.41026752087958795,43,64,,True,True,,317,87.6246207195492
135,2026-09-18T06:50:01.576+00:00,2026-09-18T06:53:15.107+00:00,2026-09-18T06:53:19.175+00:00,True,65,65.0,,65.0,193530.888739,197599.03209899997,197599.032109,3039.9851093692305,38.996767,193530.888739,23996.671054437997,91.15387600000003,63.56474,11.830227275804084,0.32894897970671266,43,64,,True,True,,275,87.6246207195492
136,2026-09-18T06:50:02.599+00:00,2026-09-18T06:53:16.205+00:00,2026-09-18T06:53:22.207+00:00,True,97,97.0,,97.0,193605.347826,199607.94929800002,199607.94925200002,2057.813909814433,35.233574999999995,193605.347826,19651.300756487468,92.28563179999999,62.52709866666667,13.626173414035584,0.4859525902707718,43,64,,True,True,,499,87.6246207195492
137,2026-09-18T06:50:02.711+00:00,2026-09-18T06:53:17.651+00:00,2026-09-18T06:53:21.512+00:00,True,63,63.0,,63.0,194940.732449,198801.704993,198801.704867,3155.582616936508,36.811921000000005,194940.732449,24552.381121324164,92.3643531,62.27375070967742,12.518930029633982,0.31689869059331405,43,64,,True,True,,324,87.6246207195492
138,2026-09-18T06:50:02.896+00:00,2026-09-18T06:53:20.333+00:00,2026-09-18T06:53:23.016+00:00,True,44,44.0,,44.0,197436.791762,200119.442642,200119.44256,4548.169149090909,34.994834000000004,197436.791762,29755.314888788504,97.87755385,62.38722976744186,15.29709470600712,0.21986869151296304,43,64,,True,True,,197,87.6246207195492
139,2026-09-18T06:50:03.248+00:00,2026-09-18T06:53:21.863+00:00,2026-09-18T06:53:27.005+00:00,True,82,82.0,,82.0,198614.600813,203756.246125,203756.246068,2484.8322691219514,35.864413,198614.600813,21926.307532259594,93.42703354999999,63.47710261728395,13.221352011560985,0.4024416505479532,43,64,,True,True,,433,87.6246207195492
140,2026-09-18T06:50:03.621+00:00,2026-09-18T06:53:23.582+00:00,2026-09-18T06:53:26.368+00:00,True,45,45.0,,45.0,199960.62642,202746.722804,202746.72284499998,4505.482729888889,41.343152,199960.62642,29798.93267591609,89.25430120000001,63.320372363636366,10.141804865415553,0.22195179965252781,43,64,,True,True,,172,87.6246207195492
141,2026-09-18T06:50:04.040+00:00,2026-09-18T06:53:25.241+00:00,2026-09-18T06:53:29.277+00:00,True,66,66.0,,66.0,201201.112662,205236.59503,205236.595213,3109.6453820151514,40.448954,201201.112662,24758.504813537776,89.2912585,62.084344123076924,9.83690822415097,0.32158007683937945,43,64,,True,True,,356,87.6246207195492
142,2026-09-18T06:50:04.577+00:00,2026-09-18T06:53:27.336+00:00,2026-09-18T06:53:30.922+00:00,True,60,60.0,,60.0,202758.582831,206344.13470300002,206344.134693,3439.06891155,35.327014000000005,202758.582831,26168.17671398894,80.05661405,60.77206562711865,9.969965319798048,0.2907763774645719,43,64,,True,True,,299,87.6246207195492
143,2026-09-18T06:50:05.105+00:00,2026-09-18T06:53:28.972+00:00,2026-09-18T06:53:32.827+00:00,True,63,63.0,,63.0,203866.657158,207722.15181399998,207722.151796,3297.1770126349206,37.54889,203866.657158,25676.95181905682,88.2196053,62.18539767741936,9.95086164544983,0.30328975244013406,43,64,,True,True,,279,87.6246207195492
144,2026-09-18T06:50:05.538+00:00,2026-09-18T06:53:30.840+00:00,2026-09-18T06:53:34.155+00:00,True,54,54.0,,54.0,205301.78309799999,208616.497722,208616.49756599998,3863.268473444444,35.992722,205301.78309799999,27929.52574502856,91.9437121,62.541785358490564,12.19146665690268,0.2588481763890016,43,64,,True,True,,217,87.6246207195492
145,2026-09-18T06:50:06.004+00:00,2026-09-18T06:53:32.574+00:00,2026-09-18T06:53:35.181+00:00,True,43,43.0,,43.0,206569.88568799998,209177.82808799998,209177.827956,4864.600650139534,37.85651,206569.88568799998,31492.145404151397,89.54810400000001,62.09386666666666,12.413673158817446,0.2055667199198097,43,64,,True,True,,250,87.6246207195492
146,2026-09-18T06:50:06.587+00:00,2026-09-18T06:53:35.025+00:00,2026-09-18T06:53:40.799+00:00,True,93,93.0,,93.0,208438.029885,214211.450173,214211.450099,2303.348925795699,35.889193,208438.029885,21607.512646727773,91.03298960000001,62.75456834782609,11.747473718068818,0.43415046172784866,43,64,,True,True,,420,87.6246207195492
147,2026-09-18T06:50:07.174+00:00,2026-09-18T06:53:37.282+00:00,2026-09-18T06:53:38.319+00:00,True,18,18.0,,18.0,210107.291502,211145.01899,211145.019093,11730.2788385,40.129645,210107.291502,49508.37600782754,31573.592573700003,61.042793411764706,6.4955666028011665,0.08524946544371238,43,64,,True,True,,82,87.6246207195492
148,2026-09-18T06:50:07.524+00:00,2026-09-18T06:53:39.014+00:00,2026-09-18T06:53:41.300+00:00,True,38,38.0,,38.0,211489.448512,213775.319872,213775.319812,5625.666310842105,39.875777,211489.448512,34298.09791644208,78.90167925,61.78030702702703,8.8606102928481,0.17775672150907254,43,64,,True,True,,147,87.6246207195492
149,2026-09-18T06:50:07.919+00:00,2026-09-18T06:53:40.291+00:00,2026-09-18T06:53:43.370+00:00,True,51,51.0,,51.0,212371.844454,215450.24599,215450.24597400002,4224.514626941176,35.439173000000004,212371.844454,29729.38736503327,90.372991,61.568030719999996,11.537518692232513,0.23671358445497964,43,64,,True,True,,221,87.6246207195492
150,2026-09-18T06:50:08.473+00:00,2026-09-18T06:53:42.485+00:00,2026-09-18T06:53:42.831+00:00,True,7,7.0,,7.0,214011.939977,214357.892489,214357.892591,30622.556084428572,37.601620000000004,214011.939977,80867.1176759356,149828.06979500002,57.658752,10.15242681500639,0.03265566720553204,43,64,,True,True,,41,87.6246207195492
151,2026-09-18T06:50:08.980+00:00,2026-09-18T06:53:44.034+00:00,2026-09-18T06:53:46.323+00:00,True,37,37.0,,37.0,215053.33678,217342.886092,217342.88600300002,5874.132054135135,38.379379,215053.33678,35344.096873052935,96.70141159999999,63.598592,10.898055314304738,0.17023791606566827,43,64,,True,True,,148,87.6246207195492
152,2026-09-18T06:50:09.496+00:00,2026-09-18T06:53:45.996+00:00,2026-09-18T06:53:49.578+00:00,True,56,56.0,,56.0,216500.09719600002,220081.96010800003,220081.96001500002,3930.0350002678574,0.01749,216500.09719600002,28922.35194025126,92.558174,65.12478021818181,26.787384986782556,0.2544506599837593,43,64,,True,True,,223,87.6246207195492
153,2026-09-18T06:50:09.938+00:00,2026-09-18T06:53:47.946+00:00,2026-09-18T06:53:50.449+00:00,True,41,41.0,,41.0,218007.99713899998,220511.15797099998,220511.15805199998,5378.320928097561,0.018819,218007.99713899998,34037.36939949855,88.906514,62.579020799999995,30.776244667040963,0.18593163437739518,43,64,,True,True,,212,87.6246207195492
154,2026-09-18T06:50:10.317+00:00,2026-09-18T06:53:49.777+00:00,2026-09-18T06:53:52.530+00:00,True,45,45.0,,45.0,219460.619986,222212.872146,222212.872355,4938.063830111111,39.216266000000005,219460.619986,32705.93522118956,91.73845440000001,62.551185454545454,12.016212327395067,0.20250852061546532,43,64,,True,True,,202,87.6246207195492
155,2026-09-18T06:50:10.712+00:00,2026-09-18T06:53:50.923+00:00,2026-09-18T06:53:51.430+00:00,True,9,9.0,,9.0,220211.008766,220718.23155000003,220718.231578,24524.247953111113,39.703516,220211.008766,73382.53660554234,132163.8787336,63.402848,14.770593574281106,0.04077597005375245,43,64,,True,True,,39,87.6246207195492
156,2026-09-18T06:50:11.112+00:00,2026-09-18T06:53:52.443+00:00,2026-09-18T06:53:56.933+00:00,True,73,73.0,,73.0,221330.140755,225820.762963,225820.762961,3093.4351090547943,34.895334000000005,221330.140755,25897.436098606355,83.573848,62.36975288888889,11.093429785272571,0.3232652261119179,43,64,,True,True,,322,87.6246207195492
157,2026-09-18T06:50:11.726+00:00,2026-09-18T06:53:54.984+00:00,2026-09-18T06:54:01.105+00:00,True,98,98.0,,98.0,223257.682803,229379.30353900002,229379.303462,2340.605137367347,39.864275,223257.682803,22546.057996112148,73.76743825,63.10949212371134,7.92944555024365,0.42723994051772696,43,64,,True,True,,512,87.6246207195492
158,2026-09-18T06:50:12.218+00:00,2026-09-18T06:53:56.811+00:00,2026-09-18T06:54:02.209+00:00,True,87,87.0,,87.0,224592.449991,229991.210183,229991.210154,2643.5771282068968,39.565526,224592.449991,24072.10953859454,78.576932,62.776281302325586,9.300652778645583,0.3782753259603948,43,64,,True,True,,414,87.6246207195492
159,2026-09-18T06:50:12.830+00:00,2026-09-18T06:53:58.960+00:00,2026-09-18T06:54:03.114+00:00,True,67,67.0,,67.0,226129.15914700003,230283.90116300003,230283.90122900004,3437.073152671642,36.627761,226129.15914700003,27618.38521234148,89.615395,62.95063660606061,10.932594374778946,0.2909452187566335,43,64,,True,True,,323,87.6246207195492
160,2026-09-18T06:50:13.284+00:00,2026-09-18T06:54:00.845+00:00,2026-09-18T06:54:03.870+00:00,True,50,50.0,,50.0,227561.71441299998,230586.74174099998,230586.74183999997,4611.734836799999,37.694669999999995,227561.71441299998,32173.357380868838,84.7761824,61.735251591836736,10.825865068420667,0.2168381391856479,43,64,,True,True,,198,87.6246207195492
161,2026-09-18T06:50:13.679+00:00,2026-09-18T06:54:02.424+00:00,2026-09-18T06:54:03.176+00:00,True,13,13.0,,13.0,228745.412826,229496.75849,229496.75845000002,17653.596803846154,38.003439,228745.412826,63425.19808992049,91551.1597554,62.61213866666667,11.045864376297528,0.05664568025071454,43,64,,True,True,,51,87.6246207195492
162,2026-09-18T06:50:14.273+00:00,2026-09-18T06:54:04.491+00:00,2026-09-18T06:54:05.818+00:00,True,23,23.0,,23.0,230218.323872,231545.358496,231545.358417,10067.189496391306,39.554897,230218.323872,47991.26185039409,68.6711737,60.31975563636363,6.95295411368392,0.09933258930084461,43,64,,True,True,,94,87.6246207195492
163,2026-09-18T06:50:14.784+00:00,2026-09-18T06:54:06.326+00:00,2026-09-18T06:54:11.113+00:00,True,76,76.0,,76.0,231541.80135,236328.90662999998,236328.906497,3109.5908749605264,33.207978000000004,231541.80135,26552.34888997107,95.8915405,63.8280704,15.270168270482063,0.32158571324914864,43,64,,True,True,,436,87.6246207195492
164,2026-09-18T06:50:15.399+00:00,2026-09-18T06:54:08.845+00:00,2026-09-18T06:54:13.578+00:00,True,77,77.0,,77.0,233445.726608,238179.41544,238179.415326,3093.239160077922,35.189544000000005,233445.726608,26596.514099833363,91.49224480000001,62.285379368421054,11.840850920092283,0.32328570400491696,43,64,,True,True,,372,87.6246207195492
165,2026-09-18T06:50:15.791+00:00,2026-09-18T06:54:10.145+00:00,2026-09-18T06:54:13.456+00:00,True,54,54.0,,54.0,234353.759169,237664.765377,237664.765469,4401.199360537037,36.831291,234353.759169,31883.00856396658,94.83871315,62.471815245283025,13.295705379158676,0.22721079380168754,43,64,,True,True,,260,87.6246207195492
166,2026-09-18T06:50:16.280+00:00,2026-09-18T06:54:12.191+00:00,2026-09-18T06:54:12.383+00:00,True,4,4.0,,4.0,235910.35619999998,236102.59146399997,236102.59154999998,59025.647887499996,61.301355,235910.35619999998,117923.13889151187,200533.65869654997,64.07842133333334,2.4167381177821756,0.01694178778469657,43,64,,True,True,,16,87.6246207195492
167,2026-09-18T06:50:17.373+00:00,2026-09-18T06:54:14.134+00:00,2026-09-18T06:54:16.365+00:00,True,38,38.0,,38.0,236760.773468,238991.443036,238991.443212,6289.2485055789475,37.56148,236760.773468,38397.890218033506,73.6771216,60.2883667027027,9.49956081308904,0.15900150866186427,43,64,,True,True,,192,87.6246207195492
168,2026-09-18T06:50:17.525+00:00,2026-09-18T06:54:17.464+00:00,2026-09-18T06:54:17.632+00:00,True,3,3.0,,3.0,239938.864243,240107.142003,240107.141928,80035.713976,64.735039,239938.864243,138480.19163581004,215955.33208330002,84.13888,27.44126419978555,0.012494422177423265,43,64,,True,True,,11,87.6246207195492
169,2026-09-18T06:50:18.028+00:00,2026-09-18T06:54:19.283+00:00,2026-09-18T06:54:24.918+00:00,True,91,91.0,,91.0,241255.253116,246890.514044,246890.514055,2713.082572032967,36.182241999999995,241255.253116,25283.86041665688,78.821578,62.61401031111111,9.55747910173952,0.3685844324654056,43,64,,True,True,,398,87.6246207195492
170,2026-09-18T06:50:18.585+00:00,2026-09-18T06:54:21.749+00:00,2026-09-18T06:54:25.432+00:00,True,60,60.0,,60.0,243164.300356,246846.66784399998,246846.668002,4114.111133366667,39.003037,243164.300356,31384.320301361688,76.280339,62.41300827118644,10.099255753210684,0.24306586969169977,43,64,,True,True,,214,87.6246207195492
171,2026-09-18T06:50:19.225+00:00,2026-09-18T06:54:24.381+00:00,2026-09-18T06:54:29.743+00:00,True,85,85.0,,85.0,245156.475019,250518.217355,250518.217291,2947.2731446000003,35.953602,245156.475019,26584.032596938498,93.2360782,63.8302659047619,12.230016811837332,0.33929668228298815,43,64,,True,True,,364,87.6246207195492
172,2026-09-18T06:50:19.781+00:00,2026-09-18T06:54:26.547+00:00,2026-09-18T06:54:26.672+00:00,True,3,3.0,,3.0,246765.9765,246890.65029199998,246890.65011699998,82296.88337233332,61.295665,246765.9765,142434.41278975314,222095.71664519998,62.336896,1.472230259555889,0.0121511284305496,43,64,,True,True,,7,87.6246207195492
173,2026-09-18T06:50:20.232+00:00,2026-09-18T06:54:28.027+00:00,2026-09-18T06:54:31.535+00:00,True,56,56.0,,56.0,247794.92344100002,251302.32107300003,251302.32103500003,4487.541447053572,36.492082,247794.92344100002,33104.46991597957,94.76806274999998,63.770866036363635,12.08878009814593,0.222839167425488,43,64,,True,True,,266,87.6246207195492
174,2026-09-18T06:50:20.633+00:00,2026-09-18T06:54:29.801+00:00,2026-09-18T06:54:34.321+00:00,True,74,74.0,,74.0,249167.452151,253688.102903,253688.103127,3428.2176098243244,37.233141,249167.452151,28957.930200337123,77.01579775,61.926722630136986,7.932533419790013,0.29169676919494564,43,64,,True,True,,228,87.6246207195492
175,2026-09-18T06:50:21.217+00:00,2026-09-18T06:54:31.708+00:00,2026-09-18T06:54:32.661+00:00,True,16,16.0,,16.0,250491.123507,251444.107571,251444.107683,15715.2567301875,52.813471,250491.123507,62606.89851359279,62693.459454,63.53227093333333,9.735268536993578,0.06363243169451524,43,64,,True,True,,71,87.6246207195492
176,2026-09-18T06:50:21.808+00:00,2026-09-18T06:54:33.897+00:00,2026-09-18T06:54:33.897+00:00,True,1,1.0,,1.0,252089.376738,252089.376738,252089.376738,252089.376738,252089.376738,252089.376738,nan,252089.376738,nan,nan,0.003966847048217006,43,64,,True,True,,2,87.6246207195492
177,2026-09-18T06:50:22.189+00:00,2026-09-18T06:54:35.498+00:00,2026-09-18T06:54:39.358+00:00,True,62,62.0,,62.0,253309.028335,257168.872175,257168.872118,4147.885034161291,36.045671999999996,253309.028335,32162.24528132573,94.65197905,63.27612852459016,13.011301279498905,0.24108672047140225,43,64,,True,True,,317,87.6246207195492
178,2026-09-18T06:50:22.590+00:00,2026-09-18T06:54:37.233+00:00,2026-09-18T06:54:40.705+00:00,True,56,56.0,,56.0,254642.719296,258114.63148799998,258114.631405,4609.189846517857,36.682411,254642.719296,34019.63131525468,94.81832200000001,63.125676218181816,12.168956988809418,0.21695786742954748,43,64,,True,True,,306,87.6246207195492
179,2026-09-18T06:50:23.106+00:00,2026-09-18T06:54:38.921+00:00,2026-09-18T06:54:42.960+00:00,True,66,66.0,,66.0,255814.903148,259854.34532400002,259854.345275,3937.1870496212123,37.212101000000004,255814.903148,31480.989643693665,84.01671525000002,62.14526424615384,9.3036405282098,0.25398844078480864,43,64,,True,True,,309,87.6246207195492
180,2026-09-18T06:50:23.689+00:00,2026-09-18T06:54:41.012+00:00,2026-09-18T06:54:44.990+00:00,True,66,66.0,,66.0,257323.37156600002,261301.495598,261301.49557000003,3959.1135692424245,38.210979,257323.37156600002,31666.784654589293,66.47358849999999,61.201908184615384,6.308891362127122,0.2525817919601114,43,64,,True,True,,284,87.6246207195492
181,2026-09-18T06:50:24.316+00:00,2026-09-18T06:54:43.207+00:00,2026-09-18T06:54:45.961+00:00,True,46,46.0,,46.0,258890.625256,261645.01092,261645.01077,5687.93501673913,36.895581,258890.625256,38162.31659092911,70.67996225,61.20857031111111,9.198115174993566,0.17581072858318272,43,64,,True,True,,229,87.6246207195492
182,2026-09-18T06:50:24.671+00:00,2026-09-18T06:54:44.741+00:00,2026-09-18T06:54:44.807+00:00,True,2,2.0,,2.0,260069.688528,260135.511504,260135.511535,130067.7557675,65.823007,260069.688528,183850.49644461428,247069.49525195002,65.822976,nan,0.007688300564720271,43,64,,True,True,,2,87.6246207195492
183,2026-09-18T06:50:25.271+00:00,2026-09-18T06:54:46.581+00:00,2026-09-18T06:54:51.378+00:00,True,81,81.0,,81.0,261310.206241,266107.531553,266107.531709,3285.278169246914,36.472072,261310.206241,29027.806359996477,86.981037,59.9665664,10.712367302390032,0.30438822804933435,43,64,,True,True,,303,87.6246207195492
184,2026-09-18T06:50:25.687+00:00,2026-09-18T06:54:48.047+00:00,2026-09-18T06:54:49.552+00:00,True,27,27.0,,27.0,262359.459564,263865.26308400003,263865.263125,9772.787523148148,39.563766,262359.459564,50479.956274923505,65.1614736,57.91552,7.855255843225395,0.10232495056162319,43,64,,True,True,,81,87.6246207195492
185,2026-09-18T06:50:26.243+00:00,2026-09-18T06:54:50.135+00:00,2026-09-18T06:54:50.243+00:00,True,3,3.0,,3.0,263892.598889,264000.429161,264000.428998,88000.14299933334,44.880216,263892.598889,152327.3354024223,237509.6339894,53.915136,12.777068811077445,0.011363617890827207,43,64,,True,True,,5,87.6246207195492
186,2026-09-18T06:50:26.824+00:00,2026-09-18T06:54:52.351+00:00,2026-09-18T06:54:55.580+00:00,True,55,55.0,,55.0,265526.882293,268755.703029,268755.703068,4886.467328509091,37.48303,265526.882293,35795.576261139395,68.8068693,59.79297659259259,9.510828683797921,0.20464682006790844,43,64,,True,True,,222,87.6246207195492
187,2026-09-18T06:50:27.229+00:00,2026-09-18T06:54:53.828+00:00,2026-09-18T06:54:55.052+00:00,True,22,22.0,,22.0,266599.316485,267822.786565,267822.786504,12173.763022909092,36.151862,266599.316485,56826.744686790116,69.36208625,58.26048,8.516072799824107,0.08214386939275851,43,64,,True,True,,90,87.6246207195492
188,2026-09-18T06:50:27.729+00:00,2026-09-18T06:54:55.577+00:00,2026-09-18T06:54:57.267+00:00,True,27,27.0,,27.0,267848.009733,269537.249541,269537.24973000004,9982.861101111112,42.77028,267848.009733,51534.871040074286,92.4930869,64.97076184615385,11.16693914030099,0.1001716833052901,43,64,,True,True,,125,87.6246207195492
189,2026-09-18T06:50:28.264+00:00,2026-09-18T06:54:57.751+00:00,2026-09-18T06:55:02.901+00:00,True,83,83.0,,83.0,269487.211487,274636.993503,274636.993526,3308.879440072289,35.822383,269487.211487,29573.17304196564,92.22601189999999,62.80221970731708,11.308115925124278,0.3022171155507255,43,64,,True,True,,360,87.6246207195492
190,2026-09-18T06:50:28.636+00:00,2026-09-18T06:54:59.426+00:00,2026-09-18T06:55:00.013+00:00,True,10,10.0,,10.0,270789.744472,271376.888408,271376.888591,27137.6888591,54.938077,270789.744472,85610.60658420603,148977.9746782,65.23821511111112,12.186630498798555,0.03684912174601088,43,64,,True,True,,42,87.6246207195492
191,2026-09-18T06:50:29.273+00:00,2026-09-18T06:55:01.786+00:00,2026-09-18T06:55:06.753+00:00,True,79,79.0,,79.0,272512.90141000005,277479.60374600004,277479.60361200006,3512.4000457215197,40.270554,272512.90141000005,30652.93509054066,94.6692338,63.67567097435897,12.056845110332322,0.28470561055116406,43,64,,True,True,,336,87.6246207195492
192,2026-09-18T06:50:29.710+00:00,2026-09-18T06:55:03.142+00:00,2026-09-18T06:55:03.205+00:00,True,2,2.0,,2.0,273431.626133,273495.185813,273495.18592300004,136747.59296150002,63.55979,273431.626133,193300.41347098933,259763.22281585005,63.55968,nan,0.007312742979569237,43,64,,True,True,,11,87.6246207195492
193,2026-09-18T06:50:30.219+00:00,2026-09-18T06:55:05.115+00:00,2026-09-18T06:55:09.247+00:00,True,67,67.0,,67.0,274895.62206,279027.60798000003,279027.608078,4164.591165343284,35.137745,274895.62206,33576.19876347451,92.06302800000002,62.605847272727274,11.328612353581814,0.2401196085399635,43,64,,True,True,,301,87.6246207195492
194,2026-09-18T06:50:30.735+00:00,2026-09-18T06:55:07.569+00:00,2026-09-18T06:55:12.661+00:00,True,83,83.0,,83.0,276833.282999,281925.546423,281925.546406,3396.693330192771,36.292730999999996,276833.282999,30379.58626438575,89.07471020000001,62.10077346341463,11.7926575479915,0.2944039696050358,43,64,,True,True,,372,87.6246207195492
195,2026-09-18T06:50:31.178+00:00,2026-09-18T06:55:08.862+00:00,2026-09-18T06:55:11.600+00:00,True,47,47.0,,47.0,277683.81053899997,280421.879019,280421.879073,5966.4229589999995,36.153091999999994,277683.81053899997,40495.66566227045,71.71334759999999,59.52322782608695,10.5884305046525,0.1676046111823376,43,64,,True,True,,213,87.6246207195492
196,2026-09-18T06:50:31.814+00:00,2026-09-18T06:55:11.520+00:00,2026-09-18T06:55:13.917+00:00,True,39,39.0,,39.0,279706.499345,282103.221265,282103.22118,7233.415927692308,38.781286,279706.499345,44778.787530067835,94.83343129999999,63.07162947368421,12.599391420957662,0.13824726929780243,43,64,,True,True,,194,87.6246207195492
198,2026-09-18T06:50:32.746+00:00,2026-09-18T06:55:14.264+00:00,2026-09-18T06:55:14.517+00:00,True,5,5.0,,5.0,281518.401287,281770.97447099996,281770.974474,56354.1948948,55.813955,281518.401287,125870.61802795016,225228.90115319996,63.143296,6.599645699419527,0.017744907932362646,43,64,,True,True,,16,87.6246207195492
199,2026-09-18T06:50:33.204+00:00,2026-09-18T06:55:16.323+00:00,2026-09-18T06:55:20.154+00:00,True,63,63.0,,63.0,283119.64927,286950.560502,286950.56049299997,4554.77080147619,35.443704,283119.64927,35661.93995899162,91.03603580000001,61.788890838709676,10.823054643445086,0.21955001547927244,43,64,,True,True,,245,87.6246207195492
197,2026-09-18T06:50:32.182+00:00,2026-09-18T06:55:16.638+00:00,2026-09-18T06:55:19.011+00:00,True,40,40.0,,40.0,284455.764685,286829.012429,286829.012503,7170.725312575,36.341432,284455.764685,44966.784981504956,77.731437,60.85250625641026,10.119123826070435,0.13945590671341648,43,64,,True,True,,190,87.6246207195492
200,2026-09-18T06:50:33.719+00:00,2026-09-18T06:55:18.206+00:00,2026-09-18T06:55:18.392+00:00,True,4,4.0,,4.0,284487.295188,284673.68469200004,284673.68456900003,71168.42114225001,61.602565000000006,284487.295188,142212.5826977096,241823.58274575003,62.12983466666667,0.4813276799077042,0.014051175837793934,43,64,,True,True,,11,87.6246207195492
201,2026-09-18T06:50:34.731+00:00,2026-09-18T06:55:18.459+00:00,2026-09-18T06:55:20.711+00:00,True,37,37.0,,37.0,283727.932371,285980.018387,285980.018416,7729.189686918919,40.896823,283727.932371,46634.30122262947,88.65655139999998,62.55794488888889,9.46334679651267,0.1293796685820548,43,64,,True,True,,206,87.6246207195492
202,2026-09-18T06:50:34.746+00:00,2026-09-18T06:55:20.709+00:00,2026-09-18T06:55:25.105+00:00,True,73,73.0,,73.0,285962.74835799995,290358.36026199994,290358.36024099996,3977.511784123287,35.940182,285962.74835799995,33462.2640848036,74.108005,61.05016533333333,9.54693545530019,0.2514134600227446,43,64,,True,True,,279,87.6246207195492
203,2026-09-18T06:50:35.025+00:00,2026-09-18T06:55:21.887+00:00,2026-09-18T06:55:23.028+00:00,True,20,20.0,,20.0,286862.352562,288002.81950599997,288002.81948199996,14400.140974099999,36.587402000000004,286862.352562,64130.9506206413,14407.24037945,60.024576,7.995359805035363,0.06944376459336482,43,64,,True,True,,76,87.6246207195492
204,2026-09-18T06:50:35.389+00:00,2026-09-18T06:55:24.747+00:00,2026-09-18T06:55:26.924+00:00,True,36,36.0,,36.0,289357.867757,291534.99262100004,291534.992624,8098.194239555556,39.352196000000006,289357.867757,48215.94515966037,92.86457149999998,62.203567542857144,10.582245232689917,0.12348431890233004,43,64,,True,True,,184,87.6246207195492
205,2026-09-18T06:50:35.745+00:00,2026-09-18T06:55:26.170+00:00,2026-09-18T06:55:26.622+00:00,True,8,8.0,,8.0,290424.826325,290877.31989299995,290877.319976,36359.664997,40.747423000000005,290424.826325,102657.82870926811,188809.12365365,64.64193828571429,15.709197807947097,0.027503003681905565,43,64,,True,True,,18,87.6246207195492
206,2026-09-18T06:50:36.243+00:00,2026-09-18T06:55:27.883+00:00,2026-09-18T06:55:28.605+00:00,True,13,13.0,,13.0,291639.98181,292362.487794,292362.487734,22489.422133384618,37.756819,291639.98181,80869.67973852277,116710.9051614,60.208832,13.893731582029488,0.04446534881437957,43,64,,True,True,,44,87.6246207195492
207,2026-09-18T06:50:36.793+00:00,2026-09-18T06:55:30.297+00:00,2026-09-18T06:55:30.605+00:00,True,6,6.0,,6.0,293503.838586,293811.62610600004,293811.626079,48968.604346500004,57.402642,293503.838586,119797.30965650326,220144.85281275,61.557504,3.9749671129044577,0.02042124772093037,43,64,,True,True,,17,87.6246207195492
208,2026-09-18T06:50:37.297+00:00,2026-09-18T06:55:31.946+00:00,2026-09-18T06:55:35.484+00:00,True,57,57.0,,57.0,294649.31206,298186.765116,298186.76520400005,5231.346757964912,38.749837,294649.31206,39018.88963458729,91.29388679999998,63.16880457142857,11.846748206676308,0.19115536525514798,43,64,,True,True,,221,87.6246207195492
209,2026-09-18T06:50:37.817+00:00,2026-09-18T06:55:33.632+00:00,2026-09-18T06:55:35.825+00:00,True,35,35.0,,35.0,295815.099708,298008.141116,298008.14114300004,8514.518318371429,38.200548000000005,295815.099708,49990.97694161645,97.0867428,64.50121788235295,12.883286991267077,0.11744645588851954,43,64,,True,True,,126,87.6246207195492
210,2026-09-18T06:50:38.226+00:00,2026-09-18T06:55:35.384+00:00,2026-09-18T06:55:38.274+00:00,False,47,46.0,,46.0,297157.604286,300047.76083000004,300047.760825,6383.9949111702135,0.03508,297157.604286,43335.72890741276,90.4147725,62.829490086956525,13.665238475829925,0.15330892612813904,43,64,,True,False,Request timeout: 300.0s exceeded,241,87.6246207195492
211,2026-09-18T06:50:38.767+00:00,2026-09-18T06:55:37.564+00:00,2026-09-18T06:55:38.827+00:00,False,22,21.0,,21.0,298797.21694300004,300060.61329500005,300060.61326400004,13639.118784727274,0.02901,298797.21694300004,63690.95618244715,93.99814280000001,60.16173104761904,16.392177464442284,0.0699858597547895,43,64,,True,False,Request timeout: 300.0s exceeded,72,87.6246207195492
212,2026-09-18T06:50:39.282+00:00,2026-09-18T06:55:39.348+00:00,2026-09-18T06:55:39.348+00:00,False,1,0.0,,0.0,300066.444337,300066.444337,300066.444337,300066.444337,300066.444337,300066.444337,nan,300066.444337,nan,nan,0.0,43,64,,True,False,"HTTPConnectionPool(host='gpu03', port=9002): Read timed out.",0,87.6246207195492
213,2026-09-18T06:50:39.686+00:00,2026-09-18T06:55:39.788+00:00,2026-09-18T06:55:39.788+00:00,False,1,0.0,,0.0,300102.790537,300102.790537,300102.790537,300102.790537,300102.790537,300102.790537,nan,300102.790537,nan,nan,0.0,43,64,,True,False,"HTTPConnectionPool(host='gpu03', port=9002): Read timed out.",0,87.6246207195492
214,2026-09-18T06:50:40.249+00:00,2026-09-18T06:55:40.157+00:00,2026-09-18T06:55:40.318+00:00,False,4,3.0,,3.0,299908.20868800004,300069.10161600006,300069.10160700005,75017.27540175001,0.022760000000000002,299908.20868800004,149927.29391878078,254935.69327365007,53.630976,47.71239924294933,0.009997697143237077,43,64,,True,False,Request timeout: 300.0s exceeded,10,87.6246207195492
215,2026-09-18T06:50:40.761+00:00,2026-09-18T06:55:40.833+00:00,2026-09-18T06:55:40.833+00:00,False,1,0.0,,0.0,300071.90091799997,300071.90091799997,300071.90091799997,300071.90091799997,300071.90091799997,300071.90091799997,nan,300071.90091799997,nan,nan,0.0,43,64,,True,False,"HTTPConnectionPool(host='gpu03', port=9002): Read timed out.",0,87.6246207195492
216,2026-09-18T06:50:41.345+00:00,2026-09-18T06:55:41.410+00:00,2026-09-18T06:55:41.410+00:00,False,1,0.0,,0.0,300064.97352600005,300064.97352600005,300064.97352600005,300064.97352600005,300064.97352600005,300064.97352600005,nan,300064.97352600005,nan,nan,0.0,43,64,,True,False,TTFT timeout: 300.0s exceeded (TTFT: 300.048s),0,87.6246207195492
217,2026-09-18T06:50:41.726+00:00,2026-09-18T06:55:41.683+00:00,2026-09-18T06:55:41.745+00:00,False,3,2.0,,2.0,299957.33542799996,300018.91878799995,300018.918723,100006.30624099998,0.028059999999999998,299957.33542799996,173162.67352147144,269967.75740869995,30.79168,43.50618721033595,0.006666246275666517,43,64,,True,False,Request timeout: 300.0s exceeded,6,87.6246207195492
218,2026-09-18T06:50:42.352+00:00,2026-09-18T06:55:42.430+00:00,2026-09-18T06:55:42.430+00:00,False,1,0.0,,0.0,300077.865565,300077.865565,300077.865565,300077.865565,300077.865565,300077.865565,nan,300077.865565,nan,nan,0.0,43,64,,True,False,"HTTPConnectionPool(host='gpu03', port=9002): Read timed out.",0,87.6246207195492
219,2026-09-18T06:50:42.800+00:00,2026-09-18T06:55:42.749+00:00,2026-09-18T06:55:42.818+00:00,False,3,2.0,,2.0,299948.880606,300017.57283,300017.572807,100005.85760233334,0.05067,299948.880606,173155.7406269285,269960.8566985,34.346112,48.50105374813574,0.00666627618220639,43,64,,True,False,Request timeout: 300.0s exceeded,6,87.6246207195492
220,2026-09-18T06:50:43.192+00:00,2026-09-18T06:55:43.051+00:00,2026-09-18T06:55:43.209+00:00,False,4,3.0,,3.0,299858.286795,300016.221387,300016.22144,75004.05536,0.07208,299858.286795,149902.82582380055,254892.99808920003,52.644864,46.784385918933594,0.009999459316335464,43,64,,True,False,Request timeout: 300.0s exceeded,6,87.6246207195492
221,2026-09-18T06:50:43.608+00:00,2026-09-18T06:55:43.701+00:00,2026-09-18T06:55:43.701+00:00,False,1,0.0,,0.0,300093.772684,300093.772684,300093.772684,300093.772684,300093.772684,300093.772684,nan,300093.772684,nan,nan,0.0,43,64,,True,False,"HTTPConnectionPool(host='gpu03', port=9002): Read timed out.",0,87.6246207195492
222,2026-09-18T06:50:44.137+00:00,2026-09-18T06:55:44.153+00:00,2026-09-18T06:55:44.153+00:00,False,1,0.0,,0.0,300015.70332599996,300015.70332599996,300015.70332599996,300015.70332599996,300015.70332599996,300015.70332599996,nan,300015.70332599996,nan,nan,0.0,43,64,,True,False,TTFT timeout: 300.0s exceeded (TTFT: 300.012s),0,87.6246207195492
223,2026-09-18T06:50:44.624+00:00,2026-09-18T06:55:44.423+00:00,2026-09-18T06:55:45.816+00:00,False,24,23.0,,23.0,299798.824951,301192.333047,301192.333117,12549.680546541666,0.023559999999999998,299798.824951,61183.81434690158,91.52883159999999,60.58730852173913,18.910801540953553,0.07636316558035006,43,64,,True,False,Request timeout: 300.0s exceeded,95,87.6246207195492
224,2026-09-18T06:50:45.043+00:00,2026-09-18T06:55:45.315+00:00,2026-09-18T06:55:45.911+00:00,False,11,10.0,,10.0,300271.660112,300867.971152,300867.971294,27351.633754000002,0.02767,300271.660112,90517.33593168018,150181.9416795,59.631104,26.195249633110944,0.03323717031663683,43,64,,True,False,Request timeout: 300.0s exceeded,45,87.6246207195492
226,2026-09-18T06:50:45.976+00:00,2026-09-18T06:55:46.017+00:00,2026-09-18T06:55:46.017+00:00,False,1,0.0,,0.0,300041.658991,300041.658991,300041.658991,300041.658991,300041.658991,300041.658991,nan,300041.658991,nan,nan,0.0,43,64,,True,False,"HTTPConnectionPool(host='gpu03', port=9002): Read timed out.",0,87.6246207195492
225,2026-09-18T06:50:45.460+00:00,2026-09-18T06:55:46.712+00:00,2026-09-18T06:55:46.712+00:00,False,1,0.0,,0.0,301252.014893,301252.014893,301252.014893,301252.014893,301252.014893,301252.014893,nan,301252.014893,nan,nan,0.0,43,64,,True,False,"HTTPConnectionPool(host='gpu03', port=9002): Read timed out.",0,87.6246207195492
227,2026-09-18T06:50:46.486+00:00,2026-09-18T06:55:46.712+00:00,2026-09-18T06:55:46.712+00:00,False,1,0.0,,0.0,300226.604811,300226.604811,300226.604811,300226.604811,300226.604811,300226.604811,nan,300226.604811,nan,nan,0.0,43,64,,True,False,"HTTPConnectionPool(host='gpu03', port=9002): Read timed out.",0,87.6246207195492
228,2026-09-18T06:50:47.094+00:00,2026-09-18T06:55:47.108+00:00,2026-09-18T06:55:47.293+00:00,False,3,2.0,,2.0,300013.934685,300199.144797,300199.14477799996,100066.38159266666,0.03558,300013.934685,173159.68514586388,270031.0586678,92.605056,130.91300276411647,0.006662244162462341,43,64,,True,False,Request timeout: 300.0s exceeded,5,87.6246207195492
229,2026-09-18T06:50:47.533+00:00,2026-09-18T06:55:47.290+00:00,2026-09-18T06:55:47.594+00:00,False,7,6.0,,6.0,299756.94389600004,300060.87554400007,300060.875575,42865.83936785715,0.0359,299756.94389600004,113278.33172613595,209849.3205806,50.655274666666664,24.961193281955243,0.019995942453751112,43,64,,True,False,Request timeout: 300.0s exceeded,21,87.6246207195492
230,2026-09-18T06:50:47.942+00:00,2026-09-18T06:55:48.006+00:00,2026-09-18T06:55:48.006+00:00,False,1,0.0,,0.0,300063.87020999996,300063.87020999996,300063.87020999996,300063.87020999996,300063.87020999996,300063.87020999996,nan,300063.87020999996,nan,nan,0.0,43,64,,True,False,"HTTPConnectionPool(host='gpu03', port=9002): Read timed out.",0,87.6246207195492
231,2026-09-18T06:50:48.392+00:00,2026-09-18T06:55:48.460+00:00,2026-09-18T06:55:48.460+00:00,False,1,0.0,,0.0,300068.32235000003,300068.32235000003,300068.32235000003,300068.32235000003,300068.32235000003,300068.32235000003,nan,300068.32235000003,nan,nan,0.0,43,64,,True,False,"HTTPConnectionPool(host='gpu03', port=9002): Read timed out.",0,87.6246207195492
232,2026-09-18T06:50:48.902+00:00,2026-09-18T06:55:48.745+00:00,2026-09-18T06:55:48.958+00:00,False,5,4.0,,4.0,299842.69733999996,300055.31097199995,300055.31095099996,60011.06219019999,0.04431,299842.69733999996,134069.9633444842,239888.41579919998,53.153408,35.40944206132053,0.013330875521057732,43,64,,True,False,Request timeout: 300.0s exceeded,14,87.6246207195492
233,2026-09-18T06:50:49.443+00:00,2026-09-18T06:55:49.563+00:00,2026-09-18T06:55:49.563+00:00,False,1,0.0,,0.0,300120.213926,300120.213926,300120.213926,300120.213926,300120.213926,300120.213926,nan,300120.213926,nan,nan,0.0,43,64,,True,False,"HTTPConnectionPool(host='gpu03', port=9002): Read timed out.",0,87.6246207195492
234,2026-09-18T06:50:49.870+00:00,2026-09-18T06:55:49.977+00:00,2026-09-18T06:55:49.977+00:00,False,1,0.0,,0.0,300107.67804900004,300107.67804900004,300107.67804900004,300107.67804900004,300107.67804900004,300107.67804900004,nan,300107.67804900004,nan,nan,0.0,43,64,,True,False,"HTTPConnectionPool(host='gpu03', port=9002): Read timed out.",0,87.6246207195492
235,2026-09-18T06:50:50.509+00:00,2026-09-18T06:55:50.382+00:00,2026-09-18T06:55:50.574+00:00,False,5,4.0,,4.0,299873.063073,300065.271713,300065.271882,60013.0543764,0.03547,299873.063073,134085.82409394684,239912.91055719997,48.05216,32.541814907908666,0.01333043299934367,43,64,,True,False,Request timeout: 300.0s exceeded,14,87.6246207195492
236,2026-09-18T06:50:50.958+00:00,2026-09-18T06:55:51.081+00:00,2026-09-18T06:55:51.081+00:00,False,1,0.0,,0.0,300122.651953,300122.651953,300122.651953,300122.651953,300122.651953,300122.651953,nan,300122.651953,nan,nan,0.0,43,64,,True,False,"HTTPConnectionPool(host='gpu03', port=9002): Read timed out.",0,87.6246207195492
237,2026-09-18T06:50:51.572+00:00,2026-09-18T06:55:51.550+00:00,2026-09-18T06:55:51.680+00:00,False,4,3.0,,3.0,299977.850679,300107.611447,300107.611426,75026.9028565,0.03718,299977.850679,149967.30343831712,254995.14304905,43.25358933333334,46.90441823499519,0.009996414237996793,43,64,,True,False,Request timeout: 300.0s exceeded,8,87.6246207195492
238,2026-09-18T06:50:52.085+00:00,2026-09-18T06:55:52.188+00:00,2026-09-18T06:55:52.188+00:00,False,1,0.0,,0.0,300102.243572,300102.243572,300102.243572,300102.243572,300102.243572,300102.243572,nan,300102.243572,nan,nan,0.0,43,64,,True,False,"HTTPConnectionPool(host='gpu03', port=9002): Read timed out.",0,87.6246207195492
239,2026-09-18T06:50:52.693+00:00,2026-09-18T06:55:52.725+00:00,2026-09-18T06:55:52.725+00:00,False,1,0.0,,0.0,300032.541058,300032.541058,300032.541058,300032.541058,300032.541058,300032.541058,nan,300032.541058,nan,nan,0.0,43,64,,True,False,TTFT timeout: 300.0s exceeded (TTFT: 300.021s),0,87.6246207195492
240,2026-09-18T06:50:53.072+00:00,2026-09-18T06:55:52.889+00:00,2026-09-18T06:55:53.072+00:00,True,6,6.0,,6.0,299816.21053399995,299999.33270999993,299999.33258099994,49999.88876349999,34.706115,299816.21053399995,122384.50356396943,224872.07370449998,36.6244352,1.9662339389734884,0.020000044486098954,43,64,,True,True,,24,87.6246207195492
0,2026-09-18T06:48:53.180+00:00,2026-09-18T06:48:53.415+00:00,2026-09-18T06:48:56.755+00:00,True,60,60.0,,60.0,235.192543,3574.386399,3574.386539,59.573108983333334,15.135092,235.192543,26.173274555610906,70.50792745,56.5965060338983,12.493066222121671,16.786097892714146,44,64,,False,True,,300,87.6246207195492
1,2026-09-18T06:48:53.576+00:00,2026-09-18T06:48:53.707+00:00,2026-09-18T06:48:53.910+00:00,True,4,4.0,,4.0,131.20470600000002,334.053218,334.053079,83.51326975,57.137254,131.20470600000002,34.08692977134338,124.25363190000002,67.61617066666668,15.052018858280682,11.974140000651033,44,64,,False,True,,11,87.6246207195492
2,2026-09-18T06:48:53.898+00:00,2026-09-18T06:48:54.090+00:00,2026-09-18T06:48:55.358+00:00,True,24,24.0,,24.0,191.945883,1460.2036750000002,1460.203607,60.84181695833333,15.300781,191.945883,31.114458631031805,81.54482039999999,55.14164313043478,14.030696408725184,16.43606327726849,44,64,,False,True,,89,87.6246207195492
3,2026-09-18T06:48:54.308+00:00,2026-09-18T06:48:56.559+00:00,2026-09-18T06:49:00.655+00:00,True,68,68.0,,68.0,2251.7765759999997,6347.75328,6347.753325,93.34931360294117,7.408496,2251.7765759999997,265.9101224100264,71.22924005,61.133980656716425,11.746218129131304,10.712451634541159,44,64,,False,True,,373,87.6246207195492
4,2026-09-18T06:48:54.766+00:00,2026-09-18T06:48:58.351+00:00,2026-09-18T06:49:01.786+00:00,True,58,58.0,,58.0,3584.682749,7019.622653,7019.622536,121.02797475862069,8.565064,3584.682749,462.9301650267878,69.3289582,60.26210357894737,11.930518098115215,8.26255240019381,44,64,,False,True,,303,87.6246207195492
5,2026-09-18T06:48:55.047+00:00,2026-09-18T06:48:59.269+00:00,2026-09-18T06:49:01.437+00:00,True,37,37.0,,37.0,4222.366285,6389.8384129999995,6389.838407,172.69833532432432,9.789322,4222.366285,684.3927454325748,78.7384734,60.20755911111111,13.94141561122752,5.790443765326558,44,64,,False,True,,152,87.6246207195492
6,2026-09-18T06:48:55.466+00:00,2026-09-18T06:49:00.588+00:00,2026-09-18T06:49:06.300+00:00,True,97,97.0,,97.0,5121.987142,10833.840966,10833.840738,111.68907977319587,0.0,5121.987142,514.280686886174,70.2343038,59.498477333333334,16.52646484337686,8.953426610600664,44,64,,False,True,,398,87.6246207195492
7,2026-09-18T06:48:55.836+00:00,2026-09-18T06:49:01.912+00:00,2026-09-18T06:49:03.734+00:00,True,32,32.0,,32.0,6076.27049,7898.302874,7898.302834,246.8219635625,0.0,6076.27049,1063.8894667438474,90.80487515,58.77523819354839,17.326157019177554,4.051503279943732,44,64,,False,True,,158,87.6246207195492
8,2026-09-18T06:48:56.198+00:00,2026-09-18T06:49:03.511+00:00,2026-09-18T06:49:07.166+00:00,True,62,62.0,,62.0,7313.37383,10968.370566000001,10968.370648,176.90920400000002,2.895765,7313.37383,921.3415623740289,69.6815685,59.91797927868853,16.860021728743508,5.65261718930148,44,64,,False,True,,94,87.6246207195492
9,2026-09-18T06:48:56.632+00:00,2026-09-18T06:49:05.072+00:00,2026-09-18T06:49:06.046+00:00,True,17,17.0,,17.0,8440.136505999999,9414.517817999998,9414.517705999999,553.7951591764705,9.571712999999999,8440.136505999999,2032.4787814735187,1810.8248323999997,60.898832,30.541076945891568,1.8057217935789565,44,64,,False,True,,63,87.6246207195492
10,2026-09-18T06:48:57.077+00:00,2026-09-18T06:49:06.673+00:00,2026-09-18T06:49:09.734+00:00,True,52,52.0,,52.0,9595.531789,12657.025037000001,12657.02499,243.40432673076924,0.0,9595.531789,1323.025022027349,122.02243955000002,60.02927937254902,43.10933883604825,4.108390387787774,44,64,,False,True,,290,87.6246207195492
11,2026-09-18T06:48:57.420+00:00,2026-09-18T06:49:07.899+00:00,2026-09-18T06:49:09.541+00:00,True,30,30.0,,30.0,10479.594547,12121.752115000001,12121.752135,404.0584045,0.0,10479.594547,1903.2086137180224,135.1977372,56.62612303448276,30.991174743710392,2.4748897449302443,44,64,,False,True,,159,87.6246207195492
12,2026-09-18T06:48:57.759+00:00,2026-09-18T06:49:09.210+00:00,2026-09-18T06:49:09.312+00:00,True,3,3.0,,3.0,11451.064841,11552.505609,11552.505683,3850.8352276666665,33.029939,11451.064841,6582.015693136495,10312.799447200001,50.720384,25.018139368306986,0.25968392498877857,44,64,,False,True,,19,87.6246207195492
13,2026-09-18T06:48:58.064+00:00,2026-09-18T06:49:10.279+00:00,2026-09-18T06:49:14.673+00:00,True,74,74.0,,74.0,12215.089811,16608.545939,16608.546057,224.43981158108107,0.0,12215.089811,1413.3123097951898,68.51889159999999,60.184330520547945,30.902103812781935,4.455537545055888,44,64,,False,True,,377,87.6246207195492
14,2026-09-18T06:48:58.467+00:00,2026-09-18T06:49:11.858+00:00,2026-09-18T06:49:14.048+00:00,True,37,37.0,,37.0,13391.303256,15580.939864,15580.939627,421.1064764054054,0.0,13391.303256,2191.7547137741153,102.1085784,60.823239111111114,32.70868756217334,2.3746962842395063,44,64,,False,True,,164,87.6246207195492
15,2026-09-18T06:48:58.942+00:00,2026-09-18T06:49:13.863+00:00,2026-09-18T06:49:16.465+00:00,True,45,45.0,,45.0,14920.395145,17522.452873000002,17522.452719,389.38783820000003,31.734321,14920.395145,2215.401098323431,70.14678320000002,59.13767563636363,8.41959872141754,2.5681336012801954,44,64,,False,True,,227,87.6246207195492
16,2026-09-18T06:48:59.213+00:00,2026-09-18T06:49:14.553+00:00,2026-09-18T06:49:17.748+00:00,True,55,55.0,,55.0,15339.933484,18534.944556,18534.944647,336.9989935818182,0.0,15339.933484,2060.7763283403,67.4930352,59.1668717037037,36.55174262976405,2.9673679267735276,44,64,,False,True,,249,87.6246207195492
17,2026-09-18T06:48:59.486+00:00,2026-09-18T06:49:15.514+00:00,2026-09-18T06:49:20.413+00:00,True,82,82.0,,82.0,16028.001756,20927.392988,20927.393202,255.2121122195122,0.0,16028.001756,1763.8761057408667,70.76858155,60.48631150617284,44.6808195357056,3.9183093683489245,44,64,,False,True,,334,87.6246207195492
18,2026-09-18T06:48:59.920+00:00,2026-09-18T06:49:17.302+00:00,2026-09-18T06:49:22.986+00:00,True,93,93.0,,93.0,17382.0633,23065.757892,23065.757808000002,248.01890116129033,0.0,17382.0633,1796.7295585597042,88.53709920000001,61.77928904347826,50.41569278053759,4.031950757284919,44,64,,False,True,,500,87.6246207195492
19,2026-09-18T06:49:00.331+00:00,2026-09-18T06:49:18.788+00:00,2026-09-18T06:49:21.631+00:00,True,41,41.0,,41.0,18456.533903,21299.658382999998,21299.65829,519.5038607317073,0.0,18456.533903,2872.228073234447,331.23082500000004,71.078112,72.90515145111557,1.9249135015575431,44,64,,False,True,,172,87.6246207195492
20,2026-09-18T06:49:00.631+00:00,2026-09-18T06:49:19.912+00:00,2026-09-18T06:49:21.629+00:00,True,26,26.0,,26.0,19281.009311,20998.774431,20998.774459,807.6451715000001,0.0,19281.009311,3769.002019435007,389.926285,68.7106048,95.4409869253533,1.2381674980810693,44,64,,False,True,,122,87.6246207195492
21,2026-09-18T06:49:00.912+00:00,2026-09-18T06:49:20.879+00:00,2026-09-18T06:49:23.529+00:00,True,43,43.0,,43.0,19966.957077,22616.857109,22616.857131999997,525.9734216744185,0.01833,19966.957077,3035.876073666556,103.916766,63.0928579047619,59.29038802462086,1.9012367541946784,44,64,,False,True,,180,87.6246207195492
22,2026-09-18T06:49:01.386+00:00,2026-09-18T06:49:22.476+00:00,2026-09-18T06:49:24.388+00:00,True,32,32.0,,32.0,21089.53515,23002.350254,23002.350286,718.8234464375,0.0,21089.53515,3717.7125170867657,221.04948720000002,61.703713032258065,60.850994719954116,1.391162191977985,44,64,,False,True,,150,87.6246207195492
23,2026-09-18T06:49:01.860+00:00,2026-09-18T06:49:24.253+00:00,2026-09-18T06:49:25.047+00:00,True,14,14.0,,14.0,22393.391166999998,23187.711038999998,23187.711080999998,1656.2650772142856,40.797554,22393.391166999998,5968.56053745048,7885.0565197,61.101528615384616,8.101037833955818,0.6037680897632822,44,64,,False,True,,45,87.6246207195492
24,2026-09-18T06:49:02.267+00:00,2026-09-18T06:49:26.099+00:00,2026-09-18T06:49:32.031+00:00,True,99,99.0,,99.0,23832.035314,29764.102898,29764.102961,300.6475046565657,0.0,23832.035314,2389.429422211318,69.96334390000001,60.531301877551016,38.27068240571585,3.3261543389789954,44,64,,False,True,,389,87.6246207195492
25,2026-09-18T06:49:02.645+00:00,2026-09-18T06:49:27.452+00:00,2026-09-18T06:49:32.913+00:00,True,92,92.0,,92.0,24806.608432999998,30267.862577,30267.862484999998,328.9985052717391,0.0,24806.608432999998,2580.328204936336,71.0964625,60.0137818021978,40.69274203372094,3.0395274778969408,44,64,,False,True,,362,87.6246207195492
26,2026-09-18T06:49:03.076+00:00,2026-09-18T06:49:29.435+00:00,2026-09-18T06:49:30.975+00:00,True,25,25.0,,25.0,26359.496488,27899.04132,27899.041347000002,1115.96165388,52.358183,26359.496488,5259.074571000749,87.56779480000002,64.14770133333333,7.268721701003953,0.8960881384149295,44,64,,False,True,,143,87.6246207195492
27,2026-09-18T06:49:03.534+00:00,2026-09-18T06:49:31.034+00:00,2026-09-18T06:49:33.547+00:00,True,43,43.0,,43.0,27499.793879,30013.395671000002,30013.395858,697.9859501860466,0.0,27499.793879,4185.104015559305,66.6440141,59.847661714285714,68.76047250366139,1.432693603594748,44,64,,False,True,,193,87.6246207195492
28,2026-09-18T06:49:03.997+00:00,2026-09-18T06:49:32.911+00:00,2026-09-18T06:49:36.530+00:00,True,61,61.0,,61.0,28914.088931000002,32532.752611000004,32532.752697000004,533.323814704918,0.0,28914.088931000002,3695.4820591486387,87.73937900000001,60.311061333333335,92.33013029806382,1.8750334694819097,44,64,,False,True,,161,87.6246207195492
29,2026-09-18T06:49:04.398+00:00,2026-09-18T06:49:34.375+00:00,2026-09-18T06:49:35.482+00:00,True,20,20.0,,20.0,29976.883435,31083.351531,31083.351335,1554.1675667499999,0.01636,29976.883435,6691.17734003231,2043.3178513,58.23516294736842,128.23383483752843,0.6434312586933758,44,64,,False,True,,85,87.6246207195492
30,2026-09-18T06:49:04.698+00:00,2026-09-18T06:49:35.411+00:00,2026-09-18T06:49:37.954+00:00,True,40,40.0,,40.0,30713.177002999997,33255.807915,33255.807942,831.3951985499999,33.523888,30713.177002999997,4845.891239013985,94.46080049999999,65.19566441025641,14.070314639651771,1.2027974211974577,44,64,,False,True,,193,87.6246207195492
31,2026-09-18T06:49:05.105+00:00,2026-09-18T06:49:36.961+00:00,2026-09-18T06:49:42.386+00:00,True,91,91.0,,91.0,31855.90809,37280.504058,37280.504043,409.6758686043956,0.0,31855.90809,3333.495820619276,90.42198350000001,60.27328853333333,52.42212021116274,2.4409541206423784,44,64,,False,True,,392,87.6246207195492
32,2026-09-18T06:49:05.509+00:00,2026-09-18T06:49:38.435+00:00,2026-09-18T06:49:41.491+00:00,True,53,53.0,,53.0,32925.230443,35981.021291,35981.021306,678.8871944528302,0.0,32925.230443,4515.011003337802,69.2837606,58.765208615384616,64.70862259792978,1.4729987670821616,44,64,,False,True,,278,87.6246207195492
33,2026-09-18T06:49:05.767+00:00,2026-09-18T06:49:39.443+00:00,2026-09-18T06:49:39.443+00:00,True,1,1.0,,1.0,33675.652362,33675.652362,33675.652362,33675.652362,33675.652362,33675.652362,nan,33675.652362,nan,nan,0.029695044634930716,44,64,,False,True,,1,87.6246207195492
34,2026-09-18T06:49:06.133+00:00,2026-09-18T06:49:40.808+00:00,2026-09-18T06:49:41.677+00:00,True,16,16.0,,16.0,34674.355185,35543.923953,35543.92393,2221.495245625,37.388711,34674.355185,8654.101792855972,8719.11933075,57.971251200000005,10.37906777633887,0.45014726064451754,44,64,,False,True,,67,87.6246207195492
35,2026-09-18T06:49:06.394+00:00,2026-09-18T06:49:41.849+00:00,2026-09-18T06:49:45.296+00:00,True,50,50.0,,50.0,35454.477810000004,38901.68037,38901.68037,778.0336074,0.0,35454.477810000004,5004.6702213871295,108.14064300000001,70.35107265306122,78.23318190674726,1.2852915227425175,44,64,,False,True,,305,87.6246207195492
36,2026-09-18T06:49:06.702+00:00,2026-09-18T06:49:43.072+00:00,2026-09-18T06:49:48.829+00:00,True,92,92.0,,92.0,36370.522913,42127.356449,42127.356313000004,457.9060468804348,0.0,36370.522913,3786.3055903661157,92.34176615,63.26190698901099,88.01881386251335,2.1838540975476723,44,64,,False,True,,466,87.6246207195492
37,2026-09-18T06:49:07.069+00:00,2026-09-18T06:49:44.464+00:00,2026-09-18T06:49:50.015+00:00,True,90,90.0,,90.0,37394.327189999996,42946.163861999994,42946.163797999994,477.1795977555555,0.0,37394.327189999996,3936.077802822909,97.16998595000001,62.38018732584269,86.73737394086147,2.095647012599293,44,64,,False,True,,392,87.6246207195492
38,2026-09-18T06:49:07.460+00:00,2026-09-18T06:49:45.801+00:00,2026-09-18T06:49:49.070+00:00,True,53,53.0,,53.0,38340.773099,41610.095083,41610.095118,785.0961343018868,0.01666,38340.773099,5258.513978286863,93.21628779999999,62.87157661538462,82.82950666433203,1.2737293652965818,44,64,,False,True,,253,87.6246207195492
39,2026-09-18T06:49:07.913+00:00,2026-09-18T06:49:47.074+00:00,2026-09-18T06:49:53.135+00:00,True,99,99.0,,99.0,39160.717622000004,45221.613110000006,45221.613311,456.7839728383839,0.0,39160.717622000004,3930.518806988915,90.3241476,61.84587232653061,86.13792367931725,2.1892186764586645,44,64,,False,True,,365,87.6246207195492
40,2026-09-18T06:49:08.054+00:00,2026-09-18T06:49:48.812+00:00,2026-09-18T06:49:49.065+00:00,True,11,11.0,,11.0,40758.71066700001,41011.466379000005,41011.46630000001,3728.315118181819,0.016399,40758.71066700001,12281.638065678419,20428.959537000002,25.275571199999998,35.15328718393172,0.268217671086069,44,64,,False,True,,55,87.6246207195492
41,2026-09-18T06:49:08.520+00:00,2026-09-18T06:49:50.072+00:00,2026-09-18T06:49:51.453+00:00,True,23,23.0,,23.0,41551.945839,42932.801135,42932.801192,1866.6435300869566,40.668775000000004,41551.945839,8651.097685693336,90.4153334,62.76614981818182,10.158935841114722,0.5357209264701289,44,64,,False,True,,45,87.6246207195492
42,2026-09-18T06:49:08.952+00:00,2026-09-18T06:49:52.460+00:00,2026-09-18T06:49:56.320+00:00,True,71,71.0,,71.0,43508.621636,47368.011588,47368.011456,667.1550909295776,0.0,43508.621636,5157.030840202307,83.4087055,55.13414217142857,23.02022312653263,1.4989018457761656,44,64,,False,True,,258,87.6246207195492
43,2026-09-18T06:49:09.213+00:00,2026-09-18T06:49:53.069+00:00,2026-09-18T06:49:54.643+00:00,True,25,25.0,,25.0,43856.297017,45430.146361,45430.146263999995,1817.2058505599998,57.645094,43856.297017,8758.150407020463,99.77636180000002,65.577056,10.827490271688296,0.5502953875900678,44,64,,False,True,,120,87.6246207195492
44,2026-09-18T06:49:09.477+00:00,2026-09-18T06:49:54.165+00:00,2026-09-18T06:49:59.262+00:00,True,82,82.0,,82.0,44687.637118,49784.47347,49784.473355,607.1277238414634,36.320972999999995,44687.637118,4927.99496177601,95.06887715,62.92390558024691,14.049805875354743,1.6470998744099001,44,64,,False,True,,347,87.6246207195492
45,2026-09-18T06:49:09.781+00:00,2026-09-18T06:49:55.276+00:00,2026-09-18T06:49:56.480+00:00,True,21,21.0,,21.0,45494.818433,46698.320257,46698.320103,2223.7295287142856,34.378665999999996,45494.818433,9914.66297929234,103.629118,60.175091200000004,15.127769182701027,0.44969497584556345,44,64,,False,True,,74,87.6246207195492
46,2026-09-18T06:49:10.068+00:00,2026-09-18T06:49:56.612+00:00,2026-09-18T06:50:02.573+00:00,True,85,85.0,,85.0,46543.975651,52505.130211,52505.130264,617.7074148705882,0.0,46543.975651,5042.22369952496,93.99798220000001,70.96612571428571,124.463422796434,1.618889423917517,44,64,,False,True,,352,87.6246207195492
47,2026-09-18T06:49:10.514+00:00,2026-09-18T06:49:58.470+00:00,2026-09-18T06:50:02.762+00:00,True,69,69.0,,69.0,47955.528373,52247.905461,52247.905335,757.2160193478261,0.0,47955.528373,5767.472545885831,98.80709399999999,63.123192470588236,149.3064538356133,1.3206271024874758,44,64,,False,True,,341,87.6246207195492
48,2026-09-18T06:49:10.922+00:00,2026-09-18T06:50:00.784+00:00,2026-09-18T06:50:03.882+00:00,True,63,63.0,,63.0,49861.444722,52960.03493,52960.034806,840.6354731111111,0.0,49861.444722,6276.869128028256,90.48226700000001,49.97726141935484,124.45883129255076,1.1895762546846946,44,64,,False,True,,285,87.6246207195492
49,2026-09-18T06:49:11.255+00:00,2026-09-18T06:50:01.312+00:00,2026-09-18T06:50:05.485+00:00,True,69,69.0,,69.0,50056.968837,54229.233029,54229.233140000004,785.9309150724638,0.016300000000000002,50056.968837,6019.832002973651,96.1465246,61.35682635294118,114.2113855593457,1.2723764682989538,44,64,,False,True,,271,87.6246207195492
50,2026-09-18T06:49:11.736+00:00,2026-09-18T06:50:03.812+00:00,2026-09-18T06:50:07.010+00:00,True,51,51.0,,51.0,52075.779428,55274.350436,55274.350357,1083.8107913137255,37.650191,52075.779428,7283.121636663659,97.74883999999999,63.971420159999994,13.214050348147794,0.922670272879116,44,64,,False,True,,254,87.6246207195492
51,2026-09-18T06:49:12.065+00:00,2026-09-18T06:50:05.179+00:00,2026-09-18T06:50:06.844+00:00,True,27,27.0,,27.0,53113.943417,54778.996601,54778.996556000006,2028.8517242962964,41.296154,53113.943417,10209.467663729429,100.9131624,64.04050707692308,13.892223345817216,0.4928896415657806,44,64,,False,True,,86,87.6246207195492
52,2026-09-18T06:49:12.477+00:00,2026-09-18T06:50:06.574+00:00,2026-09-18T06:50:10.351+00:00,True,61,61.0,,61.0,54096.545621,57874.219861,57874.219842,948.7577023278689,0.0,54096.545621,6919.064267893913,99.91174599999998,62.96123733333334,104.27614988132824,1.0540098881074746,44,64,,False,True,,260,87.6246207195492
53,2026-09-18T06:49:12.759+00:00,2026-09-18T06:50:07.754+00:00,2026-09-18T06:50:11.508+00:00,True,60,60.0,,60.0,54995.008967,58748.841159,58748.841222,979.1473537,0.0,54995.008967,7092.350254090804,94.87276974999999,63.624274440677965,103.25911735462817,1.0212967407750873,44,64,,False,True,,244,87.6246207195492
54,2026-09-18T06:49:13.127+00:00,2026-09-18T06:50:09.084+00:00,2026-09-18T06:50:13.344+00:00,True,71,71.0,,71.0,55957.197007,60217.054671000005,60217.054619,848.1275298450705,0.0,55957.197007,6634.340086946904,89.07708050000001,60.85510948571429,94.59280797138705,1.1790679631860668,44,64,,False,True,,343,87.6246207195492
55,2026-09-18T06:49:13.481+00:00,2026-09-18T06:50:10.470+00:00,2026-09-18T06:50:13.888+00:00,True,58,58.0,,58.0,56989.324488,60407.176648,60407.176562,1041.5030441724139,32.61399,56989.324488,7475.202861936141,89.86199815,59.96231859649122,13.165483613942037,0.9601508168139207,44,64,,False,True,,246,87.6246207195492
56,2026-09-18T06:49:13.768+00:00,2026-09-18T06:50:11.386+00:00,2026-09-18T06:50:17.412+00:00,True,99,99.0,,99.0,57618.531701,63643.824501,63643.824705,642.8669162121212,0.01616,57618.531701,5785.294318830921,80.296348,61.48257959183674,83.27312411736182,1.55553191179522,44,64,,False,True,,364,87.6246207195492
57,2026-09-18T06:49:14.069+00:00,2026-09-18T06:50:12.660+00:00,2026-09-18T06:50:16.170+00:00,True,58,58.0,,58.0,58591.052571,62100.918811,62100.918926,1070.705498724138,38.904678,58591.052571,7685.302594380421,78.1562667,61.57660070175439,9.597683741459681,0.9339636371004288,44,64,,False,True,,309,87.6246207195492
58,2026-09-18T06:49:14.416+00:00,2026-09-18T06:50:13.948+00:00,2026-09-18T06:50:20.214+00:00,True,99,99.0,,99.0,59532.88013799999,65798.17268199999,65798.17285999999,664.6280086868686,0.0,59532.88013799999,5978.133885814207,94.76965139999999,63.93155657142857,124.32278482064892,1.504601054477047,44,64,,False,True,,491,87.6246207195492
59,2026-09-18T06:49:14.747+00:00,2026-09-18T06:50:15.209+00:00,2026-09-18T06:50:17.675+00:00,True,40,40.0,,40.0,60461.429539,62928.064290999995,62928.064098999996,1573.2016024749998,0.01626,60461.429539,9550.738182212892,178.61301055,63.24704492307692,136.25200697767815,0.6356464393219993,44,64,,False,True,,158,87.6246207195492
60,2026-09-18T06:49:15.098+00:00,2026-09-18T06:50:17.224+00:00,2026-09-18T06:50:22.018+00:00,True,87,87.0,,87.0,62125.907964,66919.60806,66919.608081,769.1908974827586,0.0,62125.907964,6655.367165122752,93.2890899,55.74069879069767,100.27901739550086,1.3000673871549868,44,64,,False,True,,337,87.6246207195492
61,2026-09-18T06:49:15.426+00:00,2026-09-18T06:50:18.140+00:00,2026-09-18T06:50:21.681+00:00,True,57,57.0,,57.0,62713.818573,66255.33127699999,66255.33111,1162.37423,0.0,62713.818573,8299.163282771966,94.96229879999999,63.24129828571429,122.74928733374679,0.8603081276840147,44,64,,False,True,,237,87.6246207195492
62,2026-09-18T06:49:15.748+00:00,2026-09-18T06:50:19.025+00:00,2026-09-18T06:50:25.068+00:00,True,97,97.0,,97.0,63276.55038,69319.77214,69319.772071,714.6368254742268,0.0,63276.55038,6419.0459580887455,90.42895700000001,62.950226666666666,93.73582892948774,1.3993121587892168,44,64,,False,True,,440,87.6246207195492
63,2026-09-18T06:49:16.041+00:00,2026-09-18T06:50:20.419+00:00,2026-09-18T06:50:24.221+00:00,True,60,60.0,,60.0,64377.843182,68180.015854,68180.015828,1136.3335971333333,40.843714,64377.843182,8302.831890911235,94.94524444999999,64.44360461016949,11.410273527779218,0.8800232626593018,44,64,,False,True,,253,87.6246207195492
64,2026-09-18T06:49:16.415+00:00,2026-09-18T06:50:21.742+00:00,2026-09-18T06:50:22.246+00:00,True,9,9.0,,9.0,65326.481217,65830.339137,65830.339017,7314.482113,38.484879,65326.481217,21754.503635712965,39232.0719874,62.98224,14.053140970470865,0.1367150787613297,44,64,,False,True,,28,87.6246207195492
65,2026-09-18T06:49:16.779+00:00,2026-09-18T06:50:23.001+00:00,2026-09-18T06:50:26.960+00:00,True,65,65.0,,65.0,66221.613191,70180.856455,70180.85646699999,1079.7054841076922,36.567482000000005,66221.613191,8206.115078305627,89.2016914,61.863176,11.581341635496559,0.9261784948674434,44,64,,False,True,,327,87.6246207195492
66,2026-09-18T06:49:17.065+00:00,2026-09-18T06:50:24.355+00:00,2026-09-18T06:50:27.157+00:00,True,46,46.0,,46.0,67290.189404,70091.503708,70091.503826,1523.7283440434783,38.761938,67290.189404,9912.226292283827,89.7558715,62.25142897777778,12.420954968929069,0.656284964175333,44,64,,False,True,,205,87.6246207195492
67,2026-09-18T06:49:17.538+00:00,2026-09-18T06:50:25.993+00:00,2026-09-18T06:50:29.005+00:00,True,48,48.0,,48.0,68455.10931100001,71467.030207,71467.030194,1488.896462375,40.994604,68455.10931100001,9871.402495229686,92.86589295,64.08342331914893,12.856170518812196,0.6716383745199829,44,64,,False,True,,220,87.6246207195492
68,2026-09-18T06:49:17.815+00:00,2026-09-18T06:50:27.052+00:00,2026-09-18T06:50:28.423+00:00,True,23,23.0,,23.0,69237.256721,70607.693329,70607.69338299999,3069.8997123043478,41.045834,69237.256721,14423.982309917157,90.68693220000002,62.292573090909094,12.52846175761628,0.3257435403367502,44,64,,False,True,,102,87.6246207195492
69,2026-09-18T06:49:18.152+00:00,2026-09-18T06:50:28.363+00:00,2026-09-18T06:50:34.716+00:00,True,99,99.0,,99.0,70210.90937000001,76564.161466,76564.16153900001,773.3753690808081,0.0,70210.90937000001,7051.26731402502,93.5016289,64.82910302040816,137.18443054843442,1.2930331646610291,44,64,,False,True,,472,87.6246207195492
70,2026-09-18T06:49:18.436+00:00,2026-09-18T06:50:29.399+00:00,2026-09-18T06:50:34.735+00:00,True,74,74.0,,74.0,70963.246555,76298.960859,76298.96082200001,1031.0670381351351,0.0,70963.246555,8242.340186232375,96.19561755000001,73.09197676712328,159.75334481680738,0.9698690410312603,44,64,,False,True,,341,87.6246207195492
71,2026-09-18T06:49:18.792+00:00,2026-09-18T06:50:30.543+00:00,2026-09-18T06:50:31.126+00:00,True,10,10.0,,10.0,71751.398986,72333.822282,72333.822102,7233.3822102,41.692693,71751.398986,22669.32433629931,39507.113860749996,64.71369955555555,14.263450011915692,0.13824791341751702,44,64,,False,True,,45,87.6246207195492
72,2026-09-18T06:49:19.189+00:00,2026-09-18T06:50:32.249+00:00,2026-09-18T06:50:35.370+00:00,True,52,52.0,,52.0,73060.269017,76181.642457,76181.642399,1465.0315845961538,0.016239999999999997,73060.269017,10123.999834750699,103.61685235,61.20340078431372,132.5571610052237,0.6825791401038761,44,64,,False,True,,210,87.6246207195492
73,2026-09-18T06:49:19.598+00:00,2026-09-18T06:50:33.773+00:00,2026-09-18T06:50:35.178+00:00,True,23,23.0,,23.0,74175.342176,75580.10608000001,75580.106044,3286.091567130435,0.01532,74175.342176,15454.596234689607,872.9410962999999,63.85290472727273,203.77965766198145,0.3043128832824734,44,64,,False,True,,88,87.6246207195492
74,2026-09-18T06:49:20.021+00:00,2026-09-18T06:50:35.301+00:00,2026-09-18T06:50:38.504+00:00,True,54,54.0,,54.0,75279.739193,78482.953017,78482.95308400001,1453.3880200740741,35.916694,75279.739193,10236.056926381152,82.3179415,60.43799667924529,11.69254754489176,0.688047504893237,44,64,,False,True,,247,87.6246207195492
75,2026-09-18T06:49:20.296+00:00,2026-09-18T06:50:36.233+00:00,2026-09-18T06:50:40.256+00:00,True,66,66.0,,66.0,75937.476804,79960.13843600001,79960.13835800001,1211.5172478484849,37.819430999999994,75937.476804,9339.646675852011,88.47123925,61.88710203076923,11.695681105113461,0.825411277305708,44,64,,False,True,,291,87.6246207195492
76,2026-09-18T06:49:20.721+00:00,2026-09-18T06:50:38.199+00:00,2026-09-18T06:50:42.761+00:00,True,72,72.0,,72.0,77478.029758,82039.657406,82039.65737300001,1139.4396857361112,36.126543,77478.029758,9123.311544945029,101.53326155,64.24827673239437,13.538994765515923,0.8776243377478348,44,64,,False,True,,330,87.6246207195492
77,2026-09-18T06:49:21.045+00:00,2026-09-18T06:50:39.313+00:00,2026-09-18T06:50:42.763+00:00,True,55,55.0,,55.0,78268.287435,81717.89460300001,81717.894581,1485.7799014727275,37.279831,78268.287435,10545.088889266905,97.41709940000001,63.881614222222225,13.87527402767228,0.6730471981345058,44,64,,False,True,,253,87.6246207195492
78,2026-09-18T06:49:21.598+00:00,2026-09-18T06:50:40.452+00:00,2026-09-18T06:50:46.609+00:00,True,98,98.0,,98.0,78853.712456,85010.73543199999,85010.735601,867.4564857244898,0.0,78853.712456,7959.882574792684,93.7728505,63.4744636701031,118.06605063053306,1.1527955793111577,44,64,,False,True,,514,87.6246207195492
79,2026-09-18T06:49:21.863+00:00,2026-09-18T06:50:42.221+00:00,2026-09-18T06:50:44.035+00:00,True,30,30.0,,30.0,80358.190053,82171.848421,82171.848377,2739.0616125666666,33.664708,80358.190053,14659.918625328379,93.3178814,62.539943724137935,13.133650319187707,0.3650885379418231,44,64,,False,True,,121,87.6246207195492
80,2026-09-18T06:49:22.248+00:00,2026-09-18T06:50:43.813+00:00,2026-09-18T06:50:48.387+00:00,True,76,76.0,,76.0,81564.954403,86139.51056299999,86139.51056699999,1133.414612723684,0.0,81564.954403,9350.08845326193,80.832551,60.994082133333336,133.68621489479528,0.8822896659531837,44,64,,False,True,,338,87.6246207195492
81,2026-09-18T06:49:22.611+00:00,2026-09-18T06:50:45.755+00:00,2026-09-18T06:50:48.059+00:00,True,51,51.0,,51.0,83143.351745,85448.26182500001,85448.26182900001,1675.4561142941177,0.0,83143.351745,11635.972953841783,73.56727849999999,46.0982016,26.707128264503783,0.5968523982904318,44,64,,False,True,,202,87.6246207195492
82,2026-09-18T06:49:23.057+00:00,2026-09-18T06:50:46.973+00:00,2026-09-18T06:50:51.900+00:00,True,82,82.0,,82.0,83916.554397,88843.080861,88843.080969,1083.4522069390243,37.650861,83916.554397,9260.322151129794,79.2513844,60.821314370370374,10.226322445836916,0.9229756465592815,44,64,,False,True,,309,87.6246207195492
83,2026-09-18T06:49:23.321+00:00,2026-09-18T06:50:47.801+00:00,2026-09-18T06:50:48.575+00:00,True,14,14.0,,14.0,84479.366067,85254.028211,85254.028043,6089.573431642857,36.083512999999996,84479.366067,22562.139612214753,29630.7491686,59.5893956923077,16.025601214385144,0.16421511445008338,44,64,,False,True,,68,87.6246207195492
84,2026-09-18T06:49:23.718+00:00,2026-09-18T06:50:49.402+00:00,2026-09-18T06:50:54.164+00:00,True,78,78.0,,78.0,85684.53369,90446.40633,90446.40643799999,1159.5693133076923,36.96457100000001,85684.53369,9694.865206711062,74.71301445,61.84250181818182,9.426714548736804,0.8623891557991986,44,64,,False,True,,330,87.6246207195492
85,2026-09-18T06:49:24.121+00:00,2026-09-18T06:50:50.563+00:00,2026-09-18T06:50:53.951+00:00,True,56,56.0,,56.0,86441.696811,89830.217771,89830.217611,1604.111028767857,36.492453000000005,86441.696811,11543.028498185196,77.650826,61.609472,9.438210628701027,0.6233982438154408,44,64,,False,True,,193,87.6246207195492
86,2026-09-18T06:49:24.436+00:00,2026-09-18T06:50:51.833+00:00,2026-09-18T06:50:53.513+00:00,True,28,28.0,,28.0,87397.072316,89076.778428,89076.778497,3181.3135177500003,40.756885000000004,87397.072316,16504.739389152244,83.97455590000001,62.211337481481486,8.356471707488193,0.31433557088767144,44,64,,False,True,,88,87.6246207195492
87,2026-09-18T06:49:24.887+00:00,2026-09-18T06:50:53.637+00:00,2026-09-18T06:50:57.695+00:00,True,65,65.0,,65.0,88750.503065,92808.190105,92808.189946,1427.8183068615385,35.233214999999994,88750.503065,11000.287357179695,91.7116804,63.40136,11.805085508140408,0.7003692230875446,44,64,,False,True,,323,87.6246207195492
88,2026-09-18T06:49:25.184+00:00,2026-09-18T06:50:54.635+00:00,2026-09-18T06:51:00.288+00:00,True,92,92.0,,92.0,89451.222781,95104.68991700001,95104.689778,1033.746628021739,37.047262,89451.222781,9319.462751820705,80.0384096,62.12601248351648,9.883983908964048,0.9673550282356259,44,64,,False,True,,467,87.6246207195492
89,2026-09-18T06:49:25.583+00:00,2026-09-18T06:50:56.249+00:00,2026-09-18T06:50:57.386+00:00,True,19,19.0,,19.0,90665.87255599999,91803.36426799999,91803.36420099999,4831.756010578947,34.452156,90665.87255599999,20785.682613813893,9150.2832938,63.193984,10.7342541257969,0.2069640927813236,44,64,,False,True,,79,87.6246207195492
90,2026-09-18T06:49:26.046+00:00,2026-09-18T06:50:57.696+00:00,2026-09-18T06:51:03.206+00:00,True,90,90.0,,90.0,91650.090929,97160.696753,97160.69691,1079.563299,37.367160000000005,91650.090929,9654.244233604459,68.7242945,61.916919370786516,7.671326921231457,0.9263004795940917,44,64,,False,True,,395,87.6246207195492
91,2026-09-18T06:49:26.425+00:00,2026-09-18T06:50:58.939+00:00,2026-09-18T06:51:03.296+00:00,True,71,71.0,,71.0,92514.240372,96870.96562,96870.965598,1364.3797971549295,33.661516999999996,92514.240372,10972.038083546764,81.52052399999998,62.23893211428572,9.584348067197494,0.7329337489884722,44,64,,True,True,,299,87.6246207195492
92,2026-09-18T06:49:26.797+00:00,2026-09-18T06:51:00.449+00:00,2026-09-18T06:51:03.666+00:00,True,53,53.0,,53.0,93652.079489,96869.974913,96869.975093,1827.7353791132075,39.752246,93652.079489,12855.60398809325,69.0543282,61.882604307692304,6.801092292600588,0.547125154596147,44,64,,True,True,,196,87.6246207195492
93,2026-09-18T06:49:27.104+00:00,2026-09-18T06:51:01.779+00:00,2026-09-18T06:51:02.702+00:00,True,16,16.0,,16.0,94674.730408,95598.500776,95598.500869,5974.9063043125,40.094736,94674.730408,23653.287464749366,23722.09342375,61.5846912,7.250255552654395,0.16736664142348978,44,64,,True,True,,81,87.6246207195492
94,2026-09-18T06:49:27.582+00:00,2026-09-18T06:51:03.483+00:00,2026-09-18T06:51:03.733+00:00,True,5,5.0,,5.0,95900.29752400001,96150.48018000001,96150.48011100001,19230.096022200003,55.947336,95900.29752400001,42859.9459778825,76734.0739856,62.545664,6.5573230258289605,0.05200182038238053,44,64,,True,True,,17,87.6246207195492
95,2026-09-18T06:49:27.995+00:00,2026-09-18T06:51:05.237+00:00,2026-09-18T06:51:05.300+00:00,True,2,2.0,,2.0,97242.214733,97305.478221,97305.478126,48652.739063,63.26339299999999,97242.214733,68715.89548111153,92383.267166,63.263488,nan,0.020553827354484647,44,64,,True,True,,2,87.6246207195492
96,2026-09-18T06:49:28.338+00:00,2026-09-18T06:51:06.577+00:00,2026-09-18T06:51:09.924+00:00,True,55,55.0,,55.0,98239.13393099999,101585.875947,101585.87616799999,1847.0159303272726,36.942451999999996,98239.13393099999,13238.211947072157,94.0064119,61.976704,13.511655865027384,0.5414138480106717,44,64,,True,True,,291,87.6246207195492
97,2026-09-18T06:49:28.663+00:00,2026-09-18T06:51:07.686+00:00,2026-09-18T06:51:07.686+00:00,True,1,1.0,,1.0,99023.345462,99023.345462,99023.345462,99023.345462,99023.345462,99023.345462,nan,99023.345462,nan,nan,0.010098628715626942,44,64,,True,True,,3,87.6246207195492
98,2026-09-18T06:49:28.942+00:00,2026-09-18T06:51:08.844+00:00,2026-09-18T06:51:12.738+00:00,True,63,63.0,,63.0,99902.75262700001,103796.69387500001,103796.69377000001,1647.566567777778,35.212055,99902.75262700001,12578.655692617847,89.89048050000001,62.805504,10.953859373714304,0.6069557482810527,44,64,,True,True,,259,87.6246207195492
99,2026-09-18T06:49:29.388+00:00,2026-09-18T06:51:10.660+00:00,2026-09-18T06:51:12.410+00:00,True,28,28.0,,28.0,101272.697624,103022.372888,103022.372716,3679.370454142857,39.103058,101272.697624,19126.497767601762,92.72760155,64.80278755555555,11.703846264500248,0.2717856249577943,44,64,,True,True,,101,87.6246207195492
100,2026-09-18T06:49:29.697+00:00,2026-09-18T06:51:11.954+00:00,2026-09-18T06:51:16.863+00:00,True,79,79.0,,79.0,102257.11811499999,107165.67209899999,107165.67227099999,1356.5274971012657,38.800319,102257.11811499999,11497.747342578386,71.3785508,62.93017928205128,8.224289040588632,0.7371763593011347,44,64,,True,True,,301,87.6246207195492
101,2026-09-18T06:49:30.135+00:00,2026-09-18T06:51:13.645+00:00,2026-09-18T06:51:17.618+00:00,True,63,63.0,,63.0,103510.22803,107483.685694,107483.685646,1706.0902483492064,54.361799,103510.22803,13032.990710654449,88.26443370000001,64.08802683870968,7.482915266424343,0.5861354641238993,44,64,,True,True,,267,87.6246207195492
102,2026-09-18T06:49:30.522+00:00,2026-09-18T06:51:14.764+00:00,2026-09-18T06:51:18.545+00:00,True,59,59.0,,59.0,104241.21736,108022.54548799999,108022.54527199999,1830.8905978305083,43.631209999999996,104241.21736,13562.566420229194,92.5128148,65.19531255172413,9.911322373280338,0.5461822782777711,44,64,,True,True,,301,87.6246207195492
103,2026-09-18T06:49:30.810+00:00,2026-09-18T06:51:16.084+00:00,2026-09-18T06:51:18.164+00:00,True,32,32.0,,32.0,105274.1308,107354.35736,107354.357431,3354.82366971875,43.15062,105274.1308,18598.154691082796,94.54191349999999,67.10408258064516,12.685002090350553,0.29807825957815415,44,64,,True,True,,93,87.6246207195492
104,2026-09-18T06:49:31.216+00:00,2026-09-18T06:51:17.675+00:00,2026-09-18T06:51:18.867+00:00,True,19,19.0,,19.0,106459.28688,107651.01296,107651.012884,5665.842783368421,35.918932999999996,106459.28688,24408.251752347962,10735.774757400002,66.20700444444445,16.477767519755332,0.176496249106916,44,64,,True,True,,107,87.6246207195492
105,2026-09-18T06:49:31.685+00:00,2026-09-18T06:51:19.144+00:00,2026-09-18T06:51:23.667+00:00,True,73,73.0,,73.0,107459.116843,111981.411883,111981.411834,1533.9919429315069,38.073069000000004,107459.116843,12569.792058196263,88.8853232,62.80965333333334,11.35774397377539,0.6518939060731935,44,64,,True,True,,359,87.6246207195492
106,2026-09-18T06:49:32.044+00:00,2026-09-18T06:51:20.588+00:00,2026-09-18T06:51:21.488+00:00,True,16,16.0,,16.0,108544.088088,109444.031768,109444.031872,6840.251992,39.775555999999995,108544.088088,27121.026059850265,27207.265695000002,59.996245333333334,13.42441271427226,0.14619344464499334,44,64,,True,True,,58,87.6246207195492
107,2026-09-18T06:49:32.504+00:00,2026-09-18T06:51:22.407+00:00,2026-09-18T06:51:25.435+00:00,True,49,49.0,,49.0,109902.811287,112930.309527,112930.30941500001,2304.7001921428573,36.876830999999996,109902.811287,15691.395148547914,91.2559292,63.07288,11.247676554535511,0.43389591514654274,44,64,,True,True,,237,87.6246207195492
108,2026-09-18T06:49:32.974+00:00,2026-09-18T06:51:24.393+00:00,2026-09-18T06:51:28.985+00:00,True,74,74.0,,74.0,111418.315267,116010.39872299999,116010.398569,1567.7080887702703,37.990269999999995,111418.315267,12944.807531739436,90.44402415,62.90525282191781,10.318256944414054,0.6378738528146176,44,64,,True,True,,366,87.6246207195492
109,2026-09-18T06:49:33.415+00:00,2026-09-18T06:51:26.030+00:00,2026-09-18T06:51:26.563+00:00,True,10,10.0,,10.0,112615.121685,113147.72994100001,113147.72998,11314.772998,38.318519,112615.121685,35593.315416619014,61968.61469145,59.17869511111111,9.013076133583201,0.08838003206263546,44,64,,True,True,,45,87.6246207195492
110,2026-09-18T06:49:33.742+00:00,2026-09-18T06:51:27.601+00:00,2026-09-18T06:51:28.564+00:00,True,15,15.0,,15.0,113859.118875,114822.935323,114822.935312,7654.862354133334,57.275404,113859.118875,29380.52568157426,34224.9366866,68.844032,13.899281756941544,0.1306359218025963,44,64,,True,True,,50,87.6246207195492
111,2026-09-18T06:49:34.046+00:00,2026-09-18T06:51:28.636+00:00,2026-09-18T06:51:33.408+00:00,True,78,78.0,,78.0,114589.507146,119361.65921,119361.659405,1530.2776846794873,36.214953,114589.507146,12967.695335034026,93.86286935,61.97600083116883,12.562581262350495,0.6534761707925826,44,64,,True,True,,315,87.6246207195492
112,2026-09-18T06:49:34.523+00:00,2026-09-18T06:51:30.847+00:00,2026-09-18T06:51:30.968+00:00,True,3,3.0,,3.0,116323.75618099999,116445.027733,116445.02776599998,38815.00925533333,59.354690000000005,116323.75618099999,67124.54386535154,104697.5722524,60.635776,1.8118225338614156,0.025763229726552022,44,64,,True,True,,11,87.6246207195492
113,2026-09-18T06:49:35.254+00:00,2026-09-18T06:51:33.472+00:00,2026-09-18T06:51:38.359+00:00,True,78,78.0,,78.0,118218.102667,123104.604555,123104.604443,1578.264159525641,35.807014,118218.102667,13378.384953956938,94.27118955,63.46106348051948,13.003274659961578,0.6336074940653548,44,64,,True,True,,372,87.6246207195492
114,2026-09-18T06:49:35.278+00:00,2026-09-18T06:51:33.982+00:00,2026-09-18T06:51:38.776+00:00,True,78,78.0,,78.0,118703.736557,123497.803757,123497.803705,1583.3051757051282,34.953295,118703.736557,13433.50659291268,91.08199735,62.26061298701299,11.361318512236455,0.6315901791539258,44,64,,True,True,,337,87.6246207195492
115,2026-09-18T06:49:35.569+00:00,2026-09-18T06:51:35.398+00:00,2026-09-18T06:51:40.905+00:00,True,90,90.0,,90.0,119828.57467399999,125335.90216199998,125335.90197199999,1392.621133022222,34.752215,119828.57467399999,12624.52139316856,80.60438995,61.880084134831456,9.182318130687804,0.718070388831387,44,64,,True,True,,413,87.6246207195492
116,2026-09-18T06:49:36.022+00:00,2026-09-18T06:51:37.129+00:00,2026-09-18T06:51:43.202+00:00,True,99,99.0,,99.0,121107.461325,127180.353997,127180.354046,1284.6500408686868,37.184861,121107.461325,12165.534206829843,89.609186,61.96829257142858,10.424163169735548,0.778422113861511,44,64,,True,True,,442,87.6246207195492
117,2026-09-18T06:49:36.364+00:00,2026-09-18T06:51:38.603+00:00,2026-09-18T06:51:44.515+00:00,True,97,97.0,,97.0,122239.319678,128151.895422,128151.895456,1321.1535614020618,38.125549,122239.319678,12405.271877664345,71.1674486,61.58933066666666,8.498038902695694,0.7569142827000894,44,64,,True,True,,372,87.6246207195492
118,2026-09-18T06:49:36.803+00:00,2026-09-18T06:51:40.491+00:00,2026-09-18T06:51:43.199+00:00,True,45,45.0,,45.0,123687.729845,126395.78309299999,126395.783233,2808.7951829555554,34.521296,123687.729845,18429.10641168046,89.3302306,61.54666472727273,10.846764913819033,0.3560245357781416,44,64,,True,True,,214,87.6246207195492
119,2026-09-18T06:49:37.107+00:00,2026-09-18T06:51:41.508+00:00,2026-09-18T06:51:43.887+00:00,True,39,39.0,,39.0,124400.350884,126779.752612,126779.75259,3250.762886923077,38.06353,124400.350884,19909.97464569611,92.3379994,62.61583494736842,10.476677734388096,0.3076200986079899,44,64,,True,True,,203,87.6246207195492
120,2026-09-18T06:49:37.534+00:00,2026-09-18T06:51:43.322+00:00,2026-09-18T06:51:43.819+00:00,True,9,9.0,,9.0,125788.568273,126285.109457,126285.109304,14031.678811555556,54.34046,125788.568273,41908.83371763959,75500.0816058,62.067648,4.030709980298756,0.07126730965113899,44,64,,True,True,,37,87.6246207195492
121,2026-09-18T06:49:37.987+00:00,2026-09-18T06:51:44.863+00:00,2026-09-18T06:51:46.059+00:00,True,21,21.0,,21.0,126875.70256399999,128072.26141199999,128072.26126399999,6098.679107809523,34.041117,126875.70256399999,27673.49376060759,69.303151,59.8279424,8.187523683076511,0.16396993204050947,44,64,,True,True,,101,87.6246207195492
122,2026-09-18T06:49:38.375+00:00,2026-09-18T06:51:46.059+00:00,2026-09-18T06:51:51.031+00:00,True,84,84.0,,84.0,127684.32517,132656.333362,132656.333542,1579.2420659761904,37.6064,127684.32517,13924.969181652512,69.9837673,59.90371315662651,9.476098953471796,0.6332151497869017,44,64,,True,True,,356,87.6246207195492
123,2026-09-18T06:49:38.640+00:00,2026-09-18T06:51:47.089+00:00,2026-09-18T06:51:47.468+00:00,True,8,8.0,,8.0,128448.9403,128828.116236,128828.116143,16103.514517875,39.956006,128448.9403,45394.40812269927,83515.4755119,54.16799085714286,10.463505740493597,0.062098245582857196,44,64,,True,True,,29,87.6246207195492
124,2026-09-18T06:49:39.091+00:00,2026-09-18T06:51:48.943+00:00,2026-09-18T06:51:53.799+00:00,True,79,79.0,,79.0,129851.536537,134707.755929,134707.755875,1705.161466772152,36.088402,129851.536537,14602.437871871452,80.24996859999999,62.25922297435898,9.901933867423697,0.5864547253065242,44,64,,True,True,,326,87.6246207195492
125,2026-09-18T06:49:39.563+00:00,2026-09-18T06:51:50.550+00:00,2026-09-18T06:51:52.254+00:00,True,27,27.0,,27.0,130986.444513,132690.640353,132690.640266,4914.468158,36.145512000000004,130986.444513,25195.741987595153,93.286374,65.54599384615385,13.189450150298796,0.2034808176987561,44,64,,True,True,,124,87.6246207195492
126,2026-09-18T06:49:40.023+00:00,2026-09-18T06:51:52.101+00:00,2026-09-18T06:51:54.143+00:00,True,33,33.0,,33.0,132077.7555,134120.05054,134120.050483,4064.243954030303,40.509294000000004,132077.7555,22980.677651855753,89.3718288,63.82172,8.451827902010463,0.246048222224298,44,64,,True,True,,98,87.6246207195492
127,2026-09-18T06:49:40.309+00:00,2026-09-18T06:51:53.126+00:00,2026-09-18T06:51:57.264+00:00,True,69,69.0,,69.0,132816.804566,136955.32539800002,136955.32545200002,1984.8597891594204,37.521629999999995,132816.804566,15981.94131843246,84.28775900000001,60.86060047058824,11.032658332813869,0.5038139247194809,44,64,,True,True,,376,87.6246207195492
128,2026-09-18T06:49:40.676+00:00,2026-09-18T06:51:54.589+00:00,2026-09-18T06:51:59.353+00:00,True,81,81.0,,81.0,133912.880926,138677.099294,138677.099286,1712.0629541481483,36.492602,133912.880926,14872.59536539367,70.827968,59.5527296,10.03561328228602,0.5840906711516755,44,64,,True,True,,333,87.6246207195492
129,2026-09-18T06:49:41.108+00:00,2026-09-18T06:51:56.152+00:00,2026-09-18T06:51:58.313+00:00,True,38,38.0,,38.0,135044.375519,137204.868575,137204.86859199998,3610.654436631579,36.659051,135044.375519,21897.620656095198,71.6354263,58.39170421621621,10.669318354809862,0.27695810210428606,44,64,,True,True,,182,87.6246207195492
130,2026-09-18T06:49:41.485+00:00,2026-09-18T06:51:57.960+00:00,2026-09-18T06:52:01.859+00:00,True,64,64.0,,64.0,136475.249343,140373.677247,140373.677357,2193.338708703125,38.427578000000004,136475.249343,17051.67336670203,68.69274965,61.879808,8.681767321111407,0.4559259346564405,44,64,,True,True,,309,87.6246207195492
131,2026-09-18T06:49:41.866+00:00,2026-09-18T06:51:59.410+00:00,2026-09-18T06:52:04.361+00:00,True,80,80.0,,80.0,137543.41076600002,142494.908238,142494.908247,1781.1863530875003,38.693857,137543.41076600002,15370.816989636991,91.55476595,62.67718318987342,10.726375630504076,0.5614235693697994,44,64,,True,True,,417,87.6246207195492
132,2026-09-18T06:49:42.175+00:00,2026-09-18T06:52:00.443+00:00,2026-09-18T06:52:01.165+00:00,True,13,13.0,,13.0,138268.14108899998,138990.13507299998,138990.135143,10691.548857153844,36.957641,138268.14108899998,38331.99641934829,55349.230959,60.16616533333334,9.217734661125736,0.09353181787450009,44,64,,True,True,,50,87.6246207195492
133,2026-09-18T06:49:42.629+00:00,2026-09-18T06:52:02.150+00:00,2026-09-18T06:52:04.017+00:00,True,31,31.0,,31.0,139521.222384,141388.05220799998,141388.05226599998,4560.904911806451,36.819821000000005,139521.222384,25047.57745686063,89.8760625,62.227660799999995,11.584425379308376,0.21925473557267075,44,64,,True,True,,81,87.6246207195492
134,2026-09-18T06:49:42.911+00:00,2026-09-18T06:52:03.223+00:00,2026-09-18T06:52:07.644+00:00,True,71,71.0,,71.0,140311.992956,144732.577916,144732.577927,2038.4870130563381,38.592008,140311.992956,16644.4794437281,95.03370299999999,63.15121371428572,11.834961867725971,0.49055990726018184,44,64,,True,True,,418,87.6246207195492
135,2026-09-18T06:49:43.194+00:00,2026-09-18T06:52:04.138+00:00,2026-09-18T06:52:07.700+00:00,True,57,57.0,,57.0,140943.589513,144505.67488900002,144505.67487500003,2535.187278508772,36.330042,140943.589513,18660.01309162334,91.31788379999998,63.60866742857142,11.988446991388066,0.3944481768192408,44,64,,True,True,,245,87.6246207195492
136,2026-09-18T06:49:43.589+00:00,2026-09-18T06:52:05.717+00:00,2026-09-18T06:52:06.471+00:00,True,13,13.0,,13.0,142128.349128,142882.073288,142882.073063,10990.928697153846,37.326660000000004,142128.349128,39401.893366572804,56906.1583572,62.81034666666667,13.88297357444087,0.09098412208644657,44,64,,True,True,,51,87.6246207195492
137,2026-09-18T06:49:43.860+00:00,2026-09-18T06:52:06.785+00:00,2026-09-18T06:52:12.297+00:00,True,90,90.0,,90.0,142925.01742699998,148436.725331,148436.725396,1649.2969488444442,38.839957999999996,142925.01742699998,15059.094436830725,81.3737623,61.92930229213483,9.072596869665084,0.6063189537448258,44,64,,True,True,,394,87.6246207195492
138,2026-09-18T06:49:44.224+00:00,2026-09-18T06:52:08.369+00:00,2026-09-18T06:52:11.348+00:00,True,50,50.0,,50.0,144145.104107,147124.357099,147124.356975,2942.4871395,38.743797,144145.104107,20376.59869312623,69.7664089,60.80108146938775,6.9059671248997745,0.3398485538757869,44,64,,True,True,,220,87.6246207195492
139,2026-09-18T06:49:44.570+00:00,2026-09-18T06:52:09.602+00:00,2026-09-18T06:52:12.295+00:00,True,45,45.0,,45.0,145032.18133700002,147725.496665,147725.496798,3282.788817733334,40.231865,145032.18133700002,21610.99775445652,70.375879,61.211712,8.320098040392665,0.3046190469208398,44,64,,True,True,,198,87.6246207195492
140,2026-09-18T06:49:44.972+00:00,2026-09-18T06:52:11.089+00:00,2026-09-18T06:52:16.768+00:00,True,92,92.0,,92.0,146117.19442699998,151796.13637899997,151796.13646299997,1649.9580050326085,32.25412,146117.19442699998,15227.268784631407,89.115614,62.405955516483516,11.726364439742397,0.6060760319373163,44,64,,True,True,,481,87.6246207195492
141,2026-09-18T06:49:45.299+00:00,2026-09-18T06:52:12.519+00:00,2026-09-18T06:52:12.751+00:00,True,5,5.0,,5.0,147220.373606,147452.720998,147452.721213,29490.5442426,44.983796000000005,147220.373606,65812.97579471087,117788.87057740001,58.086848,8.74451601652022,0.033909174182467736,44,64,,True,True,,17,87.6246207195492
142,2026-09-18T06:49:45.734+00:00,2026-09-18T06:52:14.142+00:00,2026-09-18T06:52:20.030+00:00,True,94,94.0,,94.0,148407.709974,154295.91631,154295.91623,1641.4459173404255,34.021466000000004,148407.709974,15300.561719691917,93.2048454,63.31404662365591,13.099584567054947,0.6092189751227254,44,64,,True,True,,461,87.6246207195492
143,2026-09-18T06:49:46.124+00:00,2026-09-18T06:52:15.626+00:00,2026-09-18T06:52:15.692+00:00,True,2,2.0,,2.0,149501.261409,149567.563105,149567.563026,74783.781513,66.301617,149501.261409,105666.47341526227,142029.5134194,66.301696,nan,0.013371883304643749,44,64,,True,True,,5,87.6246207195492
144,2026-09-18T06:49:46.573+00:00,2026-09-18T06:52:17.589+00:00,2026-09-18T06:52:22.720+00:00,True,81,81.0,,81.0,151015.30455899998,156146.86731099998,156146.86721399997,1927.7391014074071,38.678808,151015.30455899998,16772.355140909316,92.14935799999999,64.1445344,11.695825853259928,0.5187423955081412,44,64,,True,True,,371,87.6246207195492
145,2026-09-18T06:49:46.885+00:00,2026-09-18T06:52:18.572+00:00,2026-09-18T06:52:20.489+00:00,True,31,31.0,,31.0,151686.570711,153604.154327,153604.15430700002,4954.972719580645,37.72712,151686.570711,27232.23540942482,97.2913485,63.919453866666665,13.710151920364662,0.20181745823101693,44,64,,True,True,,141,87.6246207195492
146,2026-09-18T06:49:47.274+00:00,2026-09-18T06:52:20.180+00:00,2026-09-18T06:52:21.585+00:00,True,23,23.0,,23.0,152906.668729,154311.476665,154311.476722,6709.1946400869565,41.686772,152906.668729,31869.930959613688,85.7840846,63.85490618181818,8.9255912188163,0.14904918608180698,44,64,,True,True,,91,87.6246207195492
147,2026-09-18T06:49:47.710+00:00,2026-09-18T06:52:21.587+00:00,2026-09-18T06:52:26.486+00:00,True,78,78.0,,78.0,153877.752661,158776.516949,158776.51684,2035.5963697435898,35.879534,153877.752661,17416.024084290297,89.63396924999999,63.62031542857142,10.503127745592973,0.4912565252017342,44,64,,True,True,,302,87.6246207195492
148,2026-09-18T06:49:48.000+00:00,2026-09-18T06:52:22.861+00:00,2026-09-18T06:52:27.555+00:00,True,75,75.0,,75.0,154860.892743,159555.334215,159555.334203,2127.4044560400002,37.822219,154860.892743,17874.473590286245,93.5731971,63.43839827027027,10.773875709016373,0.47005636238358456,44,64,,True,True,,384,87.6246207195492
149,2026-09-18T06:49:48.781+00:00,2026-09-18T06:52:23.985+00:00,2026-09-18T06:52:26.665+00:00,True,43,43.0,,43.0,155204.376939,157884.300907,157884.300894,3671.727927767442,33.819668,155204.376939,23658.717210539788,90.30537340000001,63.807713523809525,10.3336441624868,0.27235133419204655,44,64,,True,True,,65,87.6246207195492
150,2026-09-18T06:49:48.826+00:00,2026-09-18T06:52:25.318+00:00,2026-09-18T06:52:31.508+00:00,True,100,100.0,,100.0,156492.099118,162682.08823800003,162682.088399,1626.82088399,38.603058,156492.099118,15642.960010352743,77.17841479999998,62.52514262626263,9.087561879892132,0.6146958222819366,44,64,,True,True,,443,87.6246207195492
151,2026-09-18T06:49:49.193+00:00,2026-09-18T06:52:27.134+00:00,2026-09-18T06:52:31.107+00:00,True,65,65.0,,65.0,157941.105109,161914.882261,161914.882242,2490.9981883384617,36.331593,157941.105109,19582.484589183474,78.965183,62.090268,10.715852301004894,0.4014454946471364,44,64,,True,True,,212,87.6246207195492
152,2026-09-18T06:49:49.535+00:00,2026-09-18T06:52:28.685+00:00,2026-09-18T06:52:30.749+00:00,True,35,35.0,,35.0,159150.466289,161214.497009,161214.496871,4606.128482028572,36.831322,159150.466289,26891.0782420281,68.1840447,60.70678588235294,6.723415980330507,0.21710206370613233,44,64,,True,True,,167,87.6246207195492
153,2026-09-18T06:49:49.993+00:00,2026-09-18T06:52:30.461+00:00,2026-09-18T06:52:35.553+00:00,True,80,80.0,,80.0,160467.685384,165559.44244,165559.442404,2069.49303005,39.217248,160467.685384,17933.631598221327,96.3970772,64.45262096202532,13.456631043889947,0.48321013178691147,44,64,,True,True,,383,87.6246207195492
154,2026-09-18T06:49:50.377+00:00,2026-09-18T06:52:31.752+00:00,2026-09-18T06:52:33.931+00:00,True,34,34.0,,34.0,161375.246885,163554.377253,163554.377243,4810.422860088235,38.095288999999994,161375.246885,27664.306249035133,104.48723075,66.03425357575757,16.0454715540654,0.20788193242548236,44,64,,True,True,,122,87.6246207195492
155,2026-09-18T06:49:50.684+00:00,2026-09-18T06:52:33.076+00:00,2026-09-18T06:52:34.188+00:00,True,18,18.0,,18.0,162392.221484,163503.308588,163503.30848200002,9083.51713788889,39.342257,162392.221484,38260.81172802464,24447.589173700006,65.35806494117648,15.865018722317066,0.11008951534648684,44,64,,True,True,,45,87.6246207195492
156,2026-09-18T06:49:51.011+00:00,2026-09-18T06:52:34.469+00:00,2026-09-18T06:52:38.088+00:00,True,57,57.0,,57.0,163458.18234,167077.74458,167077.744534,2931.1885005964914,38.469989,163458.18234,21642.009403857584,96.78147719999998,64.63504,15.384215987853732,0.3411585435468176,44,64,,True,True,,307,87.6246207195492
157,2026-09-18T06:49:51.342+00:00,2026-09-18T06:52:35.936+00:00,2026-09-18T06:52:40.720+00:00,True,77,77.0,,77.0,164594.037316,169377.822788,169377.822961,2199.7119865064933,34.823375,164594.037316,18750.063586825,95.5784086,62.944545684210524,14.33733917367822,0.4546049697213091,44,64,,True,True,,380,87.6246207195492
158,2026-09-18T06:49:51.756+00:00,2026-09-18T06:52:37.429+00:00,2026-09-18T06:52:39.187+00:00,True,28,28.0,,28.0,165673.008428,167430.829612,167430.829611,5979.6724861071425,40.986644,165673.008428,31296.954537240345,106.72504079999999,65.1044882962963,12.665453996520283,0.16723323933164816,44,64,,True,True,,103,87.6246207195492
159,2026-09-18T06:49:52.161+00:00,2026-09-18T06:52:39.000+00:00,2026-09-18T06:52:39.121+00:00,True,3,3.0,,3.0,166839.231057,166959.645521,166959.645553,55653.215184333334,59.238249,166839.231057,96289.91429618484,150161.42557599998,60.207232,1.3701353540610504,0.01796841380824963,44,64,,True,True,,10,87.6246207195492
160,2026-09-18T06:49:52.540+00:00,2026-09-18T06:52:40.366+00:00,2026-09-18T06:52:41.921+00:00,True,25,25.0,,25.0,167826.34565,169381.294258,169381.294392,6775.25177568,41.223113,167826.34565,33552.31257898669,91.4405278,64.78952533333333,9.741246612985668,0.14759599110112026,44,64,,True,True,,103,87.6246207195492
161,2026-09-18T06:49:52.875+00:00,2026-09-18T06:52:41.859+00:00,2026-09-18T06:52:43.757+00:00,True,31,31.0,,31.0,168984.82888400002,170882.22203600002,170882.222058,5512.329743806452,42.5167,168984.82888400002,30339.213395760788,93.073437,63.246438399999995,9.901630263204085,0.18141149869568748,44,64,,True,True,,122,87.6246207195492
162,2026-09-18T06:49:53.298+00:00,2026-09-18T06:52:43.576+00:00,2026-09-18T06:52:45.475+00:00,True,32,32.0,,32.0,170277.55482699999,172176.86439499998,172176.86430599997,5380.527009562499,37.877618999999996,170277.55482699999,30090.27460437409,85.2191504,61.26805058064516,10.989020083721995,0.18585539998328182,44,64,,True,True,,141,87.6246207195492
163,2026-09-18T06:49:53.572+00:00,2026-09-18T06:52:44.334+00:00,2026-09-18T06:52:50.152+00:00,True,94,94.0,,94.0,170761.68118900002,176579.657253,176579.65717900003,1878.5069912659576,34.827425000000005,170761.68118900002,17606.274240837727,88.42756314999998,62.55888240860215,12.072162813274039,0.5323376512466471,44,64,,True,True,,397,87.6246207195492
164,2026-09-18T06:49:53.981+00:00,2026-09-18T06:52:45.836+00:00,2026-09-18T06:52:50.513+00:00,True,75,75.0,,75.0,171854.79417399998,176532.17887799998,176532.178918,2353.762385573333,37.900679,171854.79417399998,19836.787522752144,91.0338388,63.2079014054054,12.373642040796648,0.4248517209535601,44,64,,True,True,,320,87.6246207195492
165,2026-09-18T06:49:54.258+00:00,2026-09-18T06:52:47.129+00:00,2026-09-18T06:52:53.207+00:00,True,97,97.0,,97.0,172871.269044,178949.05694799998,178949.05694699998,1844.8356386288658,34.580456,172871.269044,17545.99437005126,91.6865106,63.31029066666667,12.69896480352772,0.5420537087724737,44,64,,True,True,,389,87.6246207195492
166,2026-09-18T06:49:54.730+00:00,2026-09-18T06:52:49.001+00:00,2026-09-18T06:52:53.208+00:00,True,68,68.0,,68.0,174270.654966,178478.205174,178478.205136,2624.6794872941177,37.60124,174270.654966,21125.808431166963,89.68225335,62.7992568358209,11.048084510942749,0.38099890086695004,44,64,,True,True,,324,87.6246207195492
167,2026-09-18T06:49:55.128+00:00,2026-09-18T06:52:50.452+00:00,2026-09-18T06:52:53.144+00:00,True,43,43.0,,43.0,175323.606849,178016.115009,178016.11494,4139.909649767442,40.700255,175323.606849,26726.825611560675,94.86025950000001,64.10733714285715,11.696722337539972,0.24155116517302963,44,64,,True,True,,187,87.6246207195492
168,2026-09-18T06:49:55.564+00:00,2026-09-18T06:52:52.240+00:00,2026-09-18T06:52:58.207+00:00,True,93,93.0,,93.0,176675.620883,182642.287379,182642.287448,1963.8955639569892,36.180823,176675.620883,18313.688239282877,95.4278056,64.85507060869566,13.535584646870285,0.509192046018435,44,64,,True,True,,418,87.6246207195492
169,2026-09-18T06:49:56.024+00:00,2026-09-18T06:52:53.781+00:00,2026-09-18T06:52:55.954+00:00,True,33,33.0,,33.0,177756.29750400002,179929.68835200003,179929.688304,5452.41479709091,36.982121,177756.29750400002,30931.57973849146,98.8521832,67.918464,14.349424441508518,0.1834049750335889,44,64,,True,True,,124,87.6246207195492
170,2026-09-18T06:49:56.419+00:00,2026-09-18T06:52:55.545+00:00,2026-09-18T06:52:57.375+00:00,True,29,29.0,,29.0,179126.27459599997,180956.03306,180956.03310799997,6239.863210620689,38.210729,179126.27459599997,33250.78218105517,101.06541499999999,65.34851657142858,14.284561091552451,0.16025992341678053,44,64,,True,True,,139,87.6246207195492
171,2026-09-18T06:49:56.854+00:00,2026-09-18T06:52:57.175+00:00,2026-09-18T06:53:00.051+00:00,True,46,46.0,,46.0,180320.956664,183197.026808,183197.026881,3982.544062630435,38.209968999999994,180320.956664,26577.45417386986,93.78932675,63.91266986666667,12.764055526871433,0.25109577814387996,44,64,,True,True,,199,87.6246207195492
172,2026-09-18T06:49:57.122+00:00,2026-09-18T06:52:57.971+00:00,2026-09-18T06:53:02.710+00:00,True,77,77.0,,77.0,180848.778042,185587.129914,185587.12979099998,2410.222464818182,35.189553999999994,180848.778042,20602.5284654135,79.39594340000001,62.34673515789474,10.293130314824616,0.4148994600847664,44,64,,True,True,,342,87.6246207195492
173,2026-09-18T06:49:57.409+00:00,2026-09-18T06:52:59.039+00:00,2026-09-18T06:52:59.608+00:00,True,10,10.0,,10.0,181629.10742699998,182198.78985899998,182198.789803,18219.878980299996,38.075339,181629.10742699998,57416.15239022458,99941.1799872,63.298048,16.483870885263812,0.05488510657913151,44,64,,True,True,,44,87.6246207195492
174,2026-09-18T06:49:57.821+00:00,2026-09-18T06:53:00.587+00:00,2026-09-18T06:53:04.295+00:00,True,61,61.0,,61.0,182765.70936500002,186473.76466100002,186473.764659,3056.946961622951,40.562414,182765.70936500002,23392.83905120982,70.094279,61.8009216,5.614651243825095,0.32712376516286323,44,64,,True,True,,280,87.6246207195492
175,2026-09-18T06:49:58.162+00:00,2026-09-18T06:53:01.984+00:00,2026-09-18T06:53:06.553+00:00,True,77,77.0,,77.0,183822.733353,188391.149353,188391.149359,2446.638303363636,38.800438,183822.733353,20941.695656319545,67.89385380000002,60.11073684210526,7.287365970159832,0.40872408424941664,44,64,,True,True,,374,87.6246207195492
176,2026-09-18T06:49:58.580+00:00,2026-09-18T06:53:03.800+00:00,2026-09-18T06:53:04.354+00:00,True,10,10.0,,10.0,185220.063593,185774.208105,185774.208098,18577.420809799998,52.372822,185220.063593,58552.25652393174,101903.02855280001,61.57161244444445,5.688556719386893,0.05382878550260313,44,64,,True,True,,71,87.6246207195492
177,2026-09-18T06:49:58.976+00:00,2026-09-18T06:53:05.326+00:00,2026-09-18T06:53:08.568+00:00,True,56,56.0,,56.0,186349.16860499998,189591.60393299998,189591.60383699997,3385.5643542321427,34.845485000000004,186349.16860499998,24894.078859883306,69.45865574999999,58.9533696,9.338363366554441,0.2953717297512284,44,64,,True,True,,228,87.6246207195492
178,2026-09-18T06:49:59.258+00:00,2026-09-18T06:53:06.155+00:00,2026-09-18T06:53:11.147+00:00,True,85,85.0,,85.0,186896.80784400002,191889.26941200002,191889.26963900003,2257.5208192823534,35.235124000000006,186896.80784400002,20265.36107275498,68.78627119999999,59.43406628571428,10.242224933121285,0.4429638002190675,44,64,,True,True,,462,87.6246207195492
179,2026-09-18T06:49:59.594+00:00,2026-09-18T06:53:07.515+00:00,2026-09-18T06:53:11.023+00:00,True,60,60.0,,60.0,187920.917254,191429.866502,191429.86655,3190.4977758333334,35.812713,187920.917254,24252.810183950885,67.69743835000001,59.47371606779661,10.20386989226844,0.31343071536527006,44,64,,True,True,,258,87.6246207195492
180,2026-09-18T06:49:59.968+00:00,2026-09-18T06:53:09.134+00:00,2026-09-18T06:53:10.488+00:00,True,24,24.0,,24.0,189165.191141,190519.702245,190519.70215099998,7938.320922958333,38.072828,189165.191141,38601.16266894589,69.28555650000001,58.89178713043478,8.77733700278049,0.12597122353853488,44,64,,True,True,,102,87.6246207195492
181,2026-09-18T06:50:00.407+00:00,2026-09-18T06:53:11.021+00:00,2026-09-18T06:53:12.519+00:00,True,25,25.0,,25.0,190613.549695,192112.501631,192112.501556,7684.500062239999,38.587798,190613.549695,38110.21981716691,88.1177576,62.456330666666666,9.537380733257674,0.13013208296052872,44,64,,True,True,,99,87.6246207195492
182,2026-09-18T06:50:00.828+00:00,2026-09-18T06:53:12.300+00:00,2026-09-18T06:53:12.903+00:00,True,10,10.0,,10.0,191471.26507300002,192075.244337,192075.24428500002,19207.5244285,40.588983999999996,191471.26507300002,60527.31099022661,105351.81791950003,67.1088071111111,17.489652223607166,0.05206292999661524,44,64,,True,True,,50,87.6246207195492
183,2026-09-18T06:50:01.162+00:00,2026-09-18T06:53:13.397+00:00,2026-09-18T06:53:16.080+00:00,True,43,43.0,,43.0,192234.458241,194917.96774499997,194917.96755799997,4532.97598972093,36.488561000000004,192234.458241,29305.739073886696,96.51264520000001,63.89308342857142,12.55814826121857,0.22060562449663154,44,64,,True,True,,254,87.6246207195492
184,2026-09-18T06:50:01.472+00:00,2026-09-18T06:53:14.820+00:00,2026-09-18T06:53:15.047+00:00,True,4,4.0,,4.0,193347.663903,193574.364191,193574.36401000002,48393.591002500005,56.179865,193347.663903,96636.04977550558,164359.45360110002,75.56676266666668,18.45803038447833,0.020663893262504514,44,64,,True,True,,11,87.6246207195492
185,2026-09-18T06:50:02.671+00:00,2026-09-18T06:53:15.690+00:00,2026-09-18T06:53:20.877+00:00,True,84,84.0,,84.0,193018.753571,198205.36758700002,198205.367551,2359.587708940476,33.786156999999996,193018.753571,21053.258405446053,92.67550059999999,62.4893254939759,12.99079257289147,0.42380285167165893,44,64,,True,True,,357,87.6246207195492
186,2026-09-18T06:50:02.737+00:00,2026-09-18T06:53:18.692+00:00,2026-09-18T06:53:19.052+00:00,True,7,7.0,,7.0,195955.242963,196314.908627,196314.908471,28044.98692442857,40.147695,195955.242963,74041.46389335279,137188.62627389998,59.94427733333334,9.893385522547126,0.0356569964500254,44,64,,True,True,,18,87.6246207195492
187,2026-09-18T06:50:02.812+00:00,2026-09-18T06:53:19.794+00:00,2026-09-18T06:53:22.951+00:00,True,52,52.0,,52.0,196982.37154300002,200139.66843900003,200139.668494,3848.8397787307695,37.126871,196982.37154300002,27307.958641353147,95.34148379999999,61.9077822745098,14.297204992830334,0.25981855773808743,44,64,,True,True,,226,87.6246207195492
188,2026-09-18T06:50:03.003+00:00,2026-09-18T06:53:20.878+00:00,2026-09-18T06:53:24.510+00:00,True,59,59.0,,59.0,197874.398122,201506.90321000002,201506.903136,3415.3712395932207,33.415878,197874.398122,25752.903181211514,97.73187670000002,62.629398068965514,15.240159523833094,0.2927939393645153,44,64,,True,True,,273,87.6246207195492
189,2026-09-18T06:50:03.308+00:00,2026-09-18T06:53:22.322+00:00,2026-09-18T06:53:25.918+00:00,True,58,58.0,,58.0,199013.584126,202609.368574,202609.368549,3493.2649749827588,37.795,199013.584126,26123.483684682986,96.1980092,63.083937684210525,13.023198964721795,0.28626514365161937,44,64,,True,True,,353,87.6246207195492
190,2026-09-18T06:50:03.640+00:00,2026-09-18T06:53:23.579+00:00,2026-09-18T06:53:26.370+00:00,True,45,45.0,,45.0,199939.508409,202730.581945,202730.582055,4505.1240456666665,41.205983,199939.508409,29795.76817979628,96.5297472,63.43348945454545,11.42445978214295,0.2219694708527415,44,64,,True,True,,139,87.6246207195492
191,2026-09-18T06:50:03.950+00:00,2026-09-18T06:53:24.883+00:00,2026-09-18T06:53:29.845+00:00,True,81,81.0,,81.0,200933.504375,205895.427447,205895.427475,2541.9188577160494,36.191792,200933.504375,22319.05604884284,93.52691499999999,62.0240384,11.002762464564046,0.3934035884349612,44,64,,True,True,,389,87.6246207195492
192,2026-09-18T06:50:04.213+00:00,2026-09-18T06:53:26.042+00:00,2026-09-18T06:53:30.172+00:00,True,68,68.0,,68.0,201828.615426,205958.651906,205958.651991,3028.80370575,36.314242,201828.615426,24467.84227420643,90.90316360000001,61.642335522388066,11.813408794971997,0.33016335740552116,44,64,,True,True,,163,87.6246207195492
193,2026-09-18T06:50:04.515+00:00,2026-09-18T06:53:27.119+00:00,2026-09-18T06:53:28.793+00:00,True,28,28.0,,28.0,202603.970891,204277.390155,204277.390064,7295.621073714286,34.561525,202603.970891,38276.84064616191,94.09017070000002,61.978491259259265,12.405108913076544,0.1370685222615894,44,64,,True,True,,138,87.6246207195492
194,2026-09-18T06:50:04.796+00:00,2026-09-18T06:53:28.137+00:00,2026-09-18T06:53:29.399+00:00,True,22,22.0,,22.0,203341.057027,204602.678019,204602.67799,9300.121726818183,43.04619,203341.057027,43339.6507954124,66.9345156,60.077190095238095,4.9793482300981715,0.10752547431445161,44,64,,True,True,,99,87.6246207195492
195,2026-09-18T06:50:05.131+00:00,2026-09-18T06:53:29.087+00:00,2026-09-18T06:53:34.825+00:00,True,94,94.0,,94.0,203956.38328,209694.619696,209694.61970100002,2230.793826606383,36.386482,203956.38328,21030.133722302624,90.29278415,61.70146683870968,11.369301060544409,0.4482709195699649,44,64,,True,True,,426,87.6246207195492
196,2026-09-18T06:50:05.452+00:00,2026-09-18T06:53:30.398+00:00,2026-09-18T06:53:34.706+00:00,True,70,70.0,,70.0,204945.398445,209253.085869,209253.085928,2989.3297989714288,35.914373,204945.398445,24488.20115293179,89.63047925,62.430252521739135,11.450178549082958,0.33452314315604664,44,64,,True,True,,192,87.6246207195492
197,2026-09-18T06:50:05.769+00:00,2026-09-18T06:53:31.916+00:00,2026-09-18T06:53:32.171+00:00,True,5,5.0,,5.0,206146.933613,206401.980781,206401.980837,41280.3961674,57.202392999999994,206146.933613,92163.1963584951,164931.659028,63.761792,5.490255831804805,0.02422457372298758,44,64,,True,True,,24,87.6246207195492
198,2026-09-18T06:50:06.127+00:00,2026-09-18T06:53:33.203+00:00,2026-09-18T06:53:33.877+00:00,True,13,13.0,,13.0,207075.72519,207749.734022,207749.733921,15980.748763153846,34.818695,207075.72519,57416.89577934806,82873.1636556,56.16740266666667,11.810513214818778,0.062575290703493,44,64,,True,True,,46,87.6246207195492
199,2026-09-18T06:50:06.479+00:00,2026-09-18T06:53:34.649+00:00,2026-09-18T06:53:35.889+00:00,True,20,20.0,,20.0,208169.717958,209409.712838,209409.71291099998,10470.48564555,38.434549,208169.717958,46533.57227911582,10495.885830449999,65.26288842105264,12.07559824224925,0.09550655377418936,44,64,,True,True,,100,87.6246207195492
200,2026-09-18T06:50:06.763+00:00,2026-09-18T06:53:35.706+00:00,2026-09-18T06:53:39.672+00:00,True,64,64.0,,64.0,208943.579646,212909.04499,212909.045107,3326.703829796875,33.020618,208943.579646,26110.082130930197,92.99639495,62.94389434920635,11.88540963930197,0.3005978445068221,44,64,,True,True,,281,87.6246207195492
201,2026-09-18T06:50:07.191+00:00,2026-09-18T06:53:37.340+00:00,2026-09-18T06:53:41.237+00:00,True,64,64.0,,64.0,210149.151083,214046.769771,214046.769822,3344.48077846875,37.763549,210149.151083,26260.912038377937,72.95739655000001,61.8669633015873,9.017153806677712,0.29900007399537504,44,64,,True,True,,229,87.6246207195492
202,2026-09-18T06:50:07.643+00:00,2026-09-18T06:53:39.356+00:00,2026-09-18T06:53:44.088+00:00,True,78,78.0,,78.0,211713.07682100002,216445.30798900002,216445.30798100002,2774.9398459102567,36.714492,211713.07682100002,23964.829205645525,89.0287521,61.457547636363635,10.865888159707966,0.36036817210176736,44,64,,True,True,,301,87.6246207195492
203,2026-09-18T06:50:07.909+00:00,2026-09-18T06:53:40.227+00:00,2026-09-18T06:53:42.936+00:00,True,45,45.0,,45.0,212318.453854,215027.757406,215027.75728299998,4778.394606288889,38.554758,212318.453854,31641.389549647323,91.3008494,61.57508072727273,12.045345086903115,0.20927530725735202,44,64,,True,True,,214,87.6246207195492
204,2026-09-18T06:50:08.386+00:00,2026-09-18T06:53:41.817+00:00,2026-09-18T06:53:45.520+00:00,True,61,61.0,,61.0,213430.864424,217133.730856,217133.730808,3559.569357508197,34.601794999999996,213430.864424,27319.122414878722,89.89769199999999,61.71444053333333,10.99824090737501,0.28093285994544226,44,64,,True,True,,273,87.6246207195492
205,2026-09-18T06:50:08.783+00:00,2026-09-18T06:53:43.554+00:00,2026-09-18T06:53:48.669+00:00,True,81,81.0,,81.0,214770.560163,219885.89712299997,219885.897168,2714.640705777778,36.917080999999996,214770.560163,23856.2933595475,91.48816000000001,63.941712,10.814580420154854,0.3683728745672586,44,64,,True,True,,360,87.6246207195492
206,2026-09-18T06:50:09.065+00:00,2026-09-18T06:53:44.432+00:00,2026-09-18T06:53:50.393+00:00,True,94,94.0,,94.0,215367.506231,221328.396599,221328.396656,2354.557411234043,0.02017,215367.506231,22206.862008239183,93.1083911,64.09559535483871,22.01611876026444,0.42470826809588297,44,64,,True,True,,441,87.6246207195492
207,2026-09-18T06:50:09.398+00:00,2026-09-18T06:53:45.576+00:00,2026-09-18T06:53:47.184+00:00,True,26,26.0,,26.0,216178.52382899998,217786.44370099998,217786.44368599998,8376.401680230769,46.278684,216178.52382899998,42383.48363071226,86.5542855,64.31679488,7.270243724562703,0.11938300455328395,44,64,,True,True,,125,87.6246207195492
208,2026-09-18T06:50:09.821+00:00,2026-09-18T06:53:47.241+00:00,2026-09-18T06:53:52.375+00:00,True,82,82.0,,82.0,217420.2702,222553.964152,222553.96412,2714.0727331707317,0.01695,217420.2702,24003.07164805456,92.44436930000002,63.378937679012346,29.940696570362224,0.3684499636411581,44,64,,True,True,,359,87.6246207195492
209,2026-09-18T06:50:10.207+00:00,2026-09-18T06:53:49.461+00:00,2026-09-18T06:53:53.335+00:00,True,63,63.0,,63.0,219254.655434,223128.476618,223128.476706,3541.72185247619,42.47361,219254.655434,27615.620158252612,89.1571252,62.480986838709676,10.393180190604635,0.28234854176796603,44,64,,True,True,,284,87.6246207195492
210,2026-09-18T06:50:10.507+00:00,2026-09-18T06:53:50.347+00:00,2026-09-18T06:53:53.138+00:00,True,46,46.0,,46.0,219840.039753,222630.597193,222630.59703099998,4839.795587630435,40.412614999999995,219840.039753,32404.50445922144,92.261555,62.012387555555556,12.03178785895424,0.20662029649106264,44,64,,True,True,,166,87.6246207195492
211,2026-09-18T06:50:10.799+00:00,2026-09-18T06:53:51.238+00:00,2026-09-18T06:53:56.305+00:00,True,82,82.0,,82.0,220438.858718,225506.456798,225506.456728,2750.0787405853657,36.394862,220438.858718,24336.49340407643,91.0187226,62.56293925925926,11.642338442575515,0.3636259518433765,44,64,,True,True,,356,87.6246207195492
212,2026-09-18T06:50:11.227+00:00,2026-09-18T06:53:53.030+00:00,2026-09-18T06:53:55.679+00:00,True,44,44.0,,44.0,221803.670698,224451.846314,224451.846391,5101.178327068182,35.358254,221803.670698,33428.879524625896,92.4845234,61.585479441860464,12.798485943438855,0.19603313905667585,44,64,,True,True,,192,87.6246207195492
213,2026-09-18T06:50:11.557+00:00,2026-09-18T06:53:54.379+00:00,2026-09-18T06:54:00.171+00:00,True,94,94.0,,94.0,222821.873093,228613.784005,228613.78391,2432.061530957447,37.934079,222821.873093,22975.89915275324,71.74049484999999,62.278611956989245,7.7621270099846145,0.41117380742862003,44,64,,True,True,,406,87.6246207195492
214,2026-09-18T06:50:11.855+00:00,2026-09-18T06:53:55.431+00:00,2026-09-18T06:54:01.033+00:00,True,90,90.0,,90.0,223575.73987400002,229178.12425800003,229178.124275,2546.4236030555558,35.454014,223575.73987400002,23560.31821315859,70.71970245,62.94813914606742,7.8031544100863695,0.39270763861685776,44,64,,True,True,,404,87.6246207195492
215,2026-09-18T06:50:12.150+00:00,2026-09-18T06:53:56.432+00:00,2026-09-18T06:53:59.064+00:00,True,43,43.0,,43.0,224282.057504,226914.303008,226914.302986,5277.076813627907,37.259731,224282.057504,34193.13659848224,71.1401248,62.672512,8.141873564947554,0.18949885234199632,44,64,,True,True,,151,87.6246207195492
216,2026-09-18T06:50:12.565+00:00,2026-09-18T06:53:57.907+00:00,2026-09-18T06:54:02.422+00:00,True,73,73.0,,73.0,225342.22444800002,229857.75904000003,229857.75911400001,3148.7364262191786,36.991191,225342.22444800002,26366.974115714926,84.2050778,62.71575822222223,10.287389065694544,0.3175877129616341,44,64,,True,True,,317,87.6246207195492
217,2026-09-18T06:50:13.025+00:00,2026-09-18T06:53:59.850+00:00,2026-09-18T06:54:00.748+00:00,True,15,15.0,,15.0,226824.73942899998,227722.51658099997,227722.516449,15181.501096599999,57.196613,226824.73942899998,58549.33851434648,68097.3857539,64.12693942857142,4.028936345707401,0.0658696391784541,44,64,,True,True,,62,87.6246207195492
218,2026-09-18T06:50:13.433+00:00,2026-09-18T06:54:01.523+00:00,2026-09-18T06:54:07.116+00:00,True,91,91.0,,91.0,228089.744249,233683.06802500002,233683.06785800002,2567.945800637363,35.878423000000005,228089.744249,23903.789488630744,90.76355050000001,62.148041955555556,10.642113931657983,0.38941631830280743,44,64,,True,True,,471,87.6246207195492
219,2026-09-18T06:50:13.742+00:00,2026-09-18T06:54:02.799+00:00,2026-09-18T06:54:05.764+00:00,True,50,50.0,,50.0,229057.3924,232022.094608,232022.09455,4640.441891,39.269066,229057.3924,32385.051346538425,68.23825645,60.504126693877545,7.419786150049581,0.21549671846758695,44,64,,True,True,,188,87.6246207195492
220,2026-09-18T06:50:14.054+00:00,2026-09-18T06:54:03.601+00:00,2026-09-18T06:54:09.835+00:00,True,100,100.0,,100.0,229546.91380500002,235781.108749,235781.108853,2357.8110885300002,39.382636,229546.91380500002,22948.397191398824,91.5030088,62.9716661010101,11.749792963100937,0.4241221891379545,44,64,,True,True,,349,87.6246207195492
221,2026-09-18T06:50:14.473+00:00,2026-09-18T06:54:05.060+00:00,2026-09-18T06:54:05.451+00:00,True,8,8.0,,8.0,230586.93450600002,230978.13041,230978.13033400002,28872.266291750002,39.454357,230586.93450600002,81505.03480728997,149905.5634896,55.88512914285714,11.197024556806442,0.03463531368012859,44,64,,True,True,,50,87.6246207195492
222,2026-09-18T06:50:14.747+00:00,2026-09-18T06:54:06.131+00:00,2026-09-18T06:54:07.112+00:00,True,16,16.0,,16.0,231383.715597,232365.07086100001,232365.070909,14522.8169318125,37.24821,231383.715597,57829.57515323692,57918.4432185,65.42368426666667,16.42053390152954,0.06885716489450837,44,64,,True,True,,50,87.6246207195492
223,2026-09-18T06:50:15.073+00:00,2026-09-18T06:54:07.630+00:00,2026-09-18T06:54:10.585+00:00,True,49,49.0,,49.0,232557.094521,235512.328569,235512.328699,4806.374055081633,38.911367,232557.094521,33213.64905469111,84.3902062,61.567376,12.54572198112469,0.20805704863830116,44,64,,True,True,,234,87.6246207195492
224,2026-09-18T06:50:15.447+00:00,2026-09-18T06:54:09.027+00:00,2026-09-18T06:54:14.923+00:00,True,96,96.0,,96.0,233579.944646,239475.46490199998,239475.46486799998,2494.536092375,37.184599999999996,233579.944646,23833.321941577116,91.93068275,62.058107957894734,10.860794288126726,0.400876140022469,44,64,,True,True,,366,87.6246207195492
225,2026-09-18T06:50:15.867+00:00,2026-09-18T06:54:10.706+00:00,2026-09-18T06:54:13.886+00:00,True,51,51.0,,51.0,234839.835396,238019.746564,238019.74667300002,4667.053856333334,34.973824,234839.835396,32875.25155432092,97.931376,63.59822336,13.316439482387638,0.21426793674148734,44,64,,True,True,,174,87.6246207195492
226,2026-09-18T06:50:16.252+00:00,2026-09-18T06:54:12.040+00:00,2026-09-18T06:54:16.862+00:00,True,79,79.0,,79.0,235788.15406,240610.132172,240610.132192,3045.6978758481014,37.966908000000004,235788.15406,26521.286600937612,89.5724807,61.82023220512821,10.337986965636983,0.3283319754112719,44,64,,True,True,,386,87.6246207195492
228,2026-09-18T06:50:17.320+00:00,2026-09-18T06:54:14.071+00:00,2026-09-18T06:54:18.076+00:00,True,64,64.0,,64.0,236750.433818,240756.204826,240756.20491899998,3761.8157018593747,36.135591999999995,236750.433818,29585.858828419383,98.4383771,63.58366679365079,12.405818671197295,0.2658290782007229,44,64,,True,True,,219,87.6246207195492
227,2026-09-18T06:50:17.281+00:00,2026-09-18T06:54:15.351+00:00,2026-09-18T06:54:19.847+00:00,True,71,71.0,,71.0,238070.222989,242565.506957,242565.506713,3416.4155875070423,34.951115,238070.222989,28246.11858556461,96.60141899999999,64.2183424,11.969134424442682,0.29270443638380245,44,64,,True,True,,324,87.6246207195492
229,2026-09-18T06:50:17.436+00:00,2026-09-18T06:54:16.643+00:00,2026-09-18T06:54:23.022+00:00,True,100,100.0,,100.0,239207.30906600002,245586.817546,245586.81756300002,2455.86817563,40.727523,239207.30906600002,23914.2894482934,97.22652595000001,64.4394795959596,10.967780482041313,0.4071879793843957,44,64,,True,True,,460,87.6246207195492
230,2026-09-18T06:50:17.800+00:00,2026-09-18T06:54:18.442+00:00,2026-09-18T06:54:18.568+00:00,True,3,3.0,,3.0,240641.86009,240768.049402,240768.049453,80256.01648433333,62.121214,240641.86009,138898.2149733166,216584.08089590003,63.094656,1.3766520501564656,0.012460125035074857,44,64,,True,True,,12,87.6246207195492
231,2026-09-18T06:50:18.238+00:00,2026-09-18T06:54:20.172+00:00,2026-09-18T06:54:24.062+00:00,True,63,63.0,,63.0,241933.59152000002,245823.67305600003,245823.672938,3901.9630625079367,38.021758999999996,241933.59152000002,30472.86442609417,92.10437830000001,62.74325058064516,10.72923664523591,0.25628125728008405,44,64,,True,True,,290,87.6246207195492
232,2026-09-18T06:50:18.706+00:00,2026-09-18T06:54:22.126+00:00,2026-09-18T06:54:22.254+00:00,True,3,3.0,,3.0,243419.86416499998,243548.563557,243548.56346399998,81182.854488,61.544685,243419.86416499998,140501.3718423029,219084.5932099,64.349696,3.9668577287480327,0.012317871869927418,44,64,,True,True,,14,87.6246207195492
233,2026-09-18T06:50:19.155+00:00,2026-09-18T06:54:24.123+00:00,2026-09-18T06:54:25.601+00:00,True,25,25.0,,25.0,244968.160334,246446.48967799998,246446.48956599997,9857.85958264,34.630224999999996,244968.160334,48981.31333023576,71.16345299999999,61.597056,8.298661216433366,0.10144189934563196,44,64,,True,True,,152,87.6246207195492
234,2026-09-18T06:50:19.562+00:00,2026-09-18T06:54:25.593+00:00,2026-09-18T06:54:31.650+00:00,True,96,96.0,,96.0,246030.937203,252087.56619500002,252087.56618300002,2625.9121477395834,35.092064,246030.937203,25103.923463181738,93.29936324999998,63.75398938947368,12.232406377946344,0.38082005173448374,44,64,,True,True,,407,87.6246207195492
235,2026-09-18T06:50:19.840+00:00,2026-09-18T06:54:26.671+00:00,2026-09-18T06:54:30.467+00:00,True,60,60.0,,60.0,246831.751586,250627.512994,250627.513009,4177.125216816667,36.401152,246831.751586,31857.539048831088,94.90026785,64.33493911864407,12.847996269636338,0.23939909582646815,44,64,,True,True,,287,87.6246207195492
236,2026-09-18T06:50:20.157+00:00,2026-09-18T06:54:27.750+00:00,2026-09-18T06:54:29.224+00:00,True,23,23.0,,23.0,247592.91599200002,249066.43407200003,249066.43411300002,10828.975396217393,36.93432,247592.91599200002,51612.728194999465,100.5370753,66.97809454545455,15.739286471910596,0.09234483998494622,44,64,,True,True,,102,87.6246207195492
237,2026-09-18T06:50:20.508+00:00,2026-09-18T06:54:29.317+00:00,2026-09-18T06:54:31.709+00:00,True,40,40.0,,40.0,248809.15674500001,251200.699017,251200.69905800003,6280.017476450001,40.102415,248809.15674500001,39330.48680313975,72.16831295,61.32159671794872,7.50706223309959,0.15923522568419685,44,64,,True,True,,173,87.6246207195492
238,2026-09-18T06:50:20.856+00:00,2026-09-18T06:54:30.527+00:00,2026-09-18T06:54:31.590+00:00,True,18,18.0,,18.0,249671.409591,250734.465719,250734.465691,13929.692538388888,42.74947,249671.409591,58833.37700257682,37519.1399313,62.5327134117647,7.96429902395345,0.07178909348734185,44,64,,True,True,,71,87.6246207195492
239,2026-09-18T06:50:21.134+00:00,2026-09-18T06:54:31.532+00:00,2026-09-18T06:54:34.134+00:00,True,43,43.0,,43.0,250397.787054,252999.28644599998,252999.28658199997,5883.704339116279,38.089218,250397.787054,38175.85982570702,88.14724319999999,61.94046171428572,9.35058708542813,0.1699609536613373,44,64,,True,True,,190,87.6246207195492
240,2026-09-18T06:50:21.519+00:00,2026-09-18T06:54:32.824+00:00,2026-09-18T06:54:36.884+00:00,True,66,66.0,,66.0,251304.895835,255364.793691,255364.793534,3869.1635383939392,35.479844,251304.895835,30925.807710235145,87.73679049999998,62.45996701538461,10.278080138587702,0.25845379484793907,44,64,,True,True,,323,87.6246207195492
241,2026-09-18T06:50:21.821+00:00,2026-09-18T06:54:33.963+00:00,2026-09-18T06:54:37.570+00:00,True,58,58.0,,58.0,252142.402508,255749.301708,255749.301726,4409.470719413793,39.009937,252142.402508,33099.61253182566,93.3969443,63.278933333333335,11.657582061749006,0.22678458792517484,44,64,,True,True,,302,87.6246207195492
242,2026-09-18T06:50:22.193+00:00,2026-09-18T06:54:35.499+00:00,2026-09-18T06:54:38.989+00:00,True,56,56.0,,56.0,253305.56163100002,256796.04995100002,256796.05001500002,4585.643750267857,34.434555,253305.56163100002,33840.901553850206,99.05158275,63.463424,13.689064965546489,0.21807189016608905,44,64,,True,True,,231,87.6246207195492
243,2026-09-18T06:50:22.639+00:00,2026-09-18T06:54:37.363+00:00,2026-09-18T06:54:39.760+00:00,True,39,39.0,,39.0,254723.73429300002,257120.499477,257120.49955500002,6592.833321923077,36.821051,254723.73429300002,40778.34385217735,96.3158791,63.072768,13.806436812877289,0.1516798546958666,44,64,,True,True,,148,87.6246207195492
244,2026-09-18T06:50:23.055+00:00,2026-09-18T06:54:38.857+00:00,2026-09-18T06:54:42.892+00:00,True,66,66.0,,66.0,255802.10652200002,259836.89154600003,259836.89138800002,3936.9225967878792,40.885703,255802.10652200002,31479.423291370604,86.05010874999999,62.073615753846155,9.24799987630471,0.2540055017103518,44,64,,True,True,,314,87.6246207195492
245,2026-09-18T06:50:23.526+00:00,2026-09-18T06:54:40.391+00:00,2026-09-18T06:54:45.631+00:00,True,86,86.0,,86.0,256864.876,262104.782816,262104.782821,3047.7300328023252,35.033014,256864.876,27691.805306920178,68.18848475,61.645962541176466,6.879099988645659,0.3281130511089254,44,64,,True,True,,464,87.6246207195492
246,2026-09-18T06:50:23.829+00:00,2026-09-18T06:54:41.696+00:00,2026-09-18T06:54:43.143+00:00,True,25,25.0,,25.0,257867.281384,259314.470632,259314.470605,10372.5788242,42.89842,257867.281384,51561.396799918955,70.705534,60.299552,6.828282703647134,0.09640804055041788,44,64,,True,True,,117,87.6246207195492
247,2026-09-18T06:50:24.134+00:00,2026-09-18T06:54:42.603+00:00,2026-09-18T06:54:44.748+00:00,True,36,36.0,,36.0,258469.58822900002,260613.823237,260613.82333500002,7239.2728704166675,42.044841,258469.58822900002,43068.05454623767,69.92031375,61.26385737142857,6.556227148115344,0.1381354202661073,44,64,,True,True,,177,87.6246207195492
248,2026-09-18T06:50:24.521+00:00,2026-09-18T06:54:44.026+00:00,2026-09-18T06:54:44.808+00:00,True,14,14.0,,14.0,259505.136,260286.609024,260286.609027,18591.900644785714,39.726665000000004,259505.136,69339.59947317524,90871.15091745001,60.113309538461536,8.675520722781243,0.053786862307269576,44,64,,True,True,,52,87.6246207195492
249,2026-09-18T06:50:24.903+00:00,2026-09-18T06:54:45.230+00:00,2026-09-18T06:54:46.906+00:00,True,29,29.0,,29.0,260327.46444,262003.198712,262003.198543,9034.593053206898,40.666144,260327.46444,48330.48411660513,82.1326698,59.847652571428576,10.010067422568198,0.11068567155883265,44,64,,True,True,,101,87.6246207195492
250,2026-09-18T06:50:25.369+00:00,2026-09-18T06:54:46.965+00:00,2026-09-18T06:54:49.186+00:00,True,38,38.0,,38.0,261595.960853,263816.790805,263816.790995,6942.547131447368,37.37618,261595.960853,42426.73279355993,87.36523469999999,60.022431135135136,10.173699540497685,0.1440393535379167,44,64,,True,True,,166,87.6246207195492
251,2026-09-18T06:50:25.810+00:00,2026-09-18T06:54:48.374+00:00,2026-09-18T06:54:49.067+00:00,True,13,13.0,,13.0,262564.065708,263256.364204,263256.364152,20250.489550153845,39.775796,262564.065708,72806.16909037196,105066.692973,57.69154133333333,8.537541433097015,0.04938152222571216,44,64,,True,True,,57,87.6246207195492
252,2026-09-18T06:50:26.141+00:00,2026-09-18T06:54:49.802+00:00,2026-09-18T06:54:50.244+00:00,True,8,8.0,,8.0,263660.904986,264102.94120999996,264102.941178,33012.86764725,44.003317,263660.904986,93195.88179116009,171412.44106965003,63.148032,15.222952585639883,0.030291218883620248,44,64,,True,True,,41,87.6246207195492
253,2026-09-18T06:50:26.554+00:00,2026-09-18T06:54:51.377+00:00,2026-09-18T06:54:55.824+00:00,True,75,75.0,,75.0,264823.107809,269269.734369,269269.734354,3590.26312472,36.055363,264823.107809,30572.201622262925,67.9714781,60.08954810810811,10.110914977830213,0.2785311174156024,44,64,,True,True,,340,87.6246207195492
254,2026-09-18T06:50:26.993+00:00,2026-09-18T06:54:52.909+00:00,2026-09-18T06:54:57.334+00:00,True,72,72.0,,72.0,265915.35768200003,270340.860402,270340.86049600004,3754.734173555556,36.277512,265915.35768200003,31331.081112326476,87.48343585,62.33102422535212,9.614366674118214,0.2663304388871706,44,64,,True,True,,275,87.6246207195492
255,2026-09-18T06:50:27.271+00:00,2026-09-18T06:54:53.955+00:00,2026-09-18T06:54:59.291+00:00,True,86,86.0,,86.0,266683.774056,272019.532136,272019.532108,3163.017815209302,36.576132,266683.774056,28750.48458641055,91.6454675,62.77362447058824,12.570069551153711,0.3161537678000383,44,64,,True,True,,420,87.6246207195492
256,2026-09-18T06:50:27.730+00:00,2026-09-18T06:54:55.517+00:00,2026-09-18T06:55:00.495+00:00,True,79,79.0,,79.0,267787.538986,272765.123882,272765.123865,3452.723086898734,35.025425000000006,267787.538986,30121.274943509,94.91066430000001,63.81519097435898,12.836697918198016,0.2896264701134443,44,64,,True,True,,265,87.6246207195492
257,2026-09-18T06:50:28.130+00:00,2026-09-18T06:54:57.267+00:00,2026-09-18T06:55:01.726+00:00,True,71,71.0,,71.0,269136.47576,273595.759216,273595.759054,3853.4613951267606,39.298487,269136.47576,31933.065191569243,92.16994199999999,63.704049371428574,11.864875069478336,0.2595069463191003,44,64,,True,True,,323,87.6246207195492
258,2026-09-18T06:50:28.402+00:00,2026-09-18T06:54:58.240+00:00,2026-09-18T06:55:00.940+00:00,True,44,44.0,,44.0,269838.04740499996,272538.094765,272538.09494,6194.047612272727,36.85474,269838.04740499996,40670.15155083913,91.1195627,62.79179906976744,11.271800100378572,0.16144532028793865,44,64,,True,True,,174,87.6246207195492
259,2026-09-18T06:50:28.793+00:00,2026-09-18T06:55:00.012+00:00,2026-09-18T06:55:00.678+00:00,True,12,12.0,,12.0,271218.649883,271884.930843,271884.930743,22657.077561916667,43.405848,271218.649883,78276.59514936077,122085.79879050002,60.57099636363637,6.261484165294603,0.044136318856632044,44,64,,True,True,,40,87.6246207195492
260,2026-09-18T06:50:29.163+00:00,2026-09-18T06:55:01.384+00:00,2026-09-18T06:55:04.690+00:00,True,53,53.0,,53.0,272220.627852,275527.26926000003,275527.269188,5198.627720528302,40.661343,272220.627852,37383.6466464231,94.3563014,63.58925784615385,13.362786071385843,0.19235845563433795,44,64,,True,True,,250,87.6246207195492
261,2026-09-18T06:50:29.624+00:00,2026-09-18T06:55:02.961+00:00,2026-09-18T06:55:04.018+00:00,True,17,17.0,,17.0,273336.403604,274393.149076,274393.149232,16140.773484235293,42.068762,273336.403604,66277.79798794097,54743.8138096,66.046592,12.74319808623017,0.06195489959296115,44,64,,True,True,,70,87.6246207195492
262,2026-09-18T06:50:30.081+00:00,2026-09-18T06:55:04.467+00:00,2026-09-18T06:55:08.472+00:00,True,64,64.0,,64.0,274386.10384,278390.422048,278390.422047,4349.850344484375,38.673247,274386.10384,34290.3198147614,92.268653,63.56060647619048,11.538678649274734,0.22989296660847455,44,64,,True,True,,232,87.6246207195492
263,2026-09-18T06:50:30.438+00:00,2026-09-18T06:55:06.178+00:00,2026-09-18T06:55:07.755+00:00,True,27,27.0,,27.0,275739.889529,277317.203321,277317.20317,10271.007524814813,37.26228,275739.889529,53054.49174054721,71.2845083,60.66591507692308,6.7939092605177525,0.09736143187895553,44,64,,True,True,,76,87.6246207195492
264,2026-09-18T06:50:30.778+00:00,2026-09-18T06:55:07.697+00:00,2026-09-18T06:55:11.761+00:00,True,66,66.0,,66.0,276918.746147,280982.606371,280982.606463,4257.312219136364,36.406762,276918.746147,34078.64784570027,91.78676249999998,62.52092652307692,12.608484115259445,0.23488998430335514,44,64,,True,True,,225,87.6246207195492
265,2026-09-18T06:50:31.203+00:00,2026-09-18T06:55:09.245+00:00,2026-09-18T06:55:15.306+00:00,True,99,99.0,,99.0,278042.402206,284103.218334,284103.218207,2869.729476838384,35.521083,278042.402206,27938.099611777845,86.23196419999998,61.845062530612246,11.707644576237922,0.34846490152608106,44,64,,True,True,,453,87.6246207195492
266,2026-09-18T06:50:31.638+00:00,2026-09-18T06:55:10.889+00:00,2026-09-18T06:55:12.185+00:00,True,21,21.0,,21.0,279250.520057,280546.898169,280546.898214,13359.376105428571,41.741942,279250.520057,60923.315932239726,97.468827,64.81890560000001,12.628495717815818,0.0748537949877803,44,64,,True,True,,73,87.6246207195492
267,2026-09-18T06:50:32.006+00:00,2026-09-18T06:55:12.312+00:00,2026-09-18T06:55:14.143+00:00,True,31,31.0,,31.0,280306.31259399996,282137.39201799995,282137.39220899995,9101.206200290322,35.923432999999996,280306.31259399996,50333.538991194146,91.96185299999999,61.0359808,12.265499935578875,0.10987554601774388,44,64,,True,True,,109,87.6246207195492
268,2026-09-18T06:50:32.469+00:00,2026-09-18T06:55:13.298+00:00,2026-09-18T06:55:17.272+00:00,True,65,65.0,,65.0,280828.74841,284802.639738,284802.639576,4381.5790704,37.168601,280828.74841,34824.81938573932,88.6247052,62.092052,10.911004334557193,0.22822822168992463,44,64,,True,True,,343,87.6246207195492
269,2026-09-18T06:50:32.907+00:00,2026-09-18T06:55:14.831+00:00,2026-09-18T06:55:15.910+00:00,True,18,18.0,,18.0,281923.964561,283002.882705,283002.882498,15722.382361,42.160180999999994,281923.964561,66435.15810677233,42380.841594599995,63.465773176470584,14.175651757777048,0.06360359240143522,44,64,,True,True,,84,87.6246207195492
270,2026-09-18T06:50:33.362+00:00,2026-09-18T06:55:17.148+00:00,2026-09-18T06:55:17.399+00:00,True,5,5.0,,5.0,283786.026955,284036.98093900003,284036.981124,56807.3962248,55.912635,283786.026955,126884.91201714422,227042.46767040004,62.738496,5.170274774523562,0.017603341591191618,44,64,,True,True,,19,87.6246207195492
271,2026-09-18T06:50:34.793+00:00,2026-09-18T06:55:20.159+00:00,2026-09-18T06:55:23.311+00:00,True,52,52.0,,52.0,285365.71459600003,288518.08707600005,288518.08711200004,5548.424752153846,37.44169,285365.71459600003,39564.53362088862,71.10804325,61.811225098039216,8.160437774399865,0.18023133498144403,44,64,,True,True,,201,87.6246207195492
273,2026-09-18T06:50:34.874+00:00,2026-09-18T06:55:20.712+00:00,2026-09-18T06:55:23.498+00:00,True,46,46.0,,46.0,285837.977488,288624.472464,288624.47248,6274.445053913044,38.965647,285837.977488,42135.3813221238,74.17063524999999,61.92211057777778,7.740029762104543,0.15937664470131707,44,64,,True,True,,220,87.6246207195492
272,2026-09-18T06:50:34.798+00:00,2026-09-18T06:55:21.886+00:00,2026-09-18T06:55:22.233+00:00,True,7,7.0,,7.0,287087.29477700003,287434.21676100005,287434.21660600003,41062.03094371429,43.785048,287087.29477700003,108486.9442633848,200980.07488550004,57.82033066666666,7.330643228657378,0.02435339841888226,44,64,,True,True,,32,87.6246207195492
274,2026-09-18T06:50:35.043+00:00,2026-09-18T06:55:22.967+00:00,2026-09-18T06:55:23.121+00:00,True,3,3.0,,3.0,287924.504879,288078.612783,288078.61289,96026.20429666668,63.061261,287924.504879,166188.8038364425,259141.15906610002,77.053952,19.788671771072256,0.01041382409828459,44,64,,True,True,,9,87.6246207195492
275,2026-09-18T06:50:35.361+00:00,2026-09-18T06:55:24.601+00:00,2026-09-18T06:55:28.515+00:00,True,64,64.0,,64.0,289239.972059,293154.214363,293154.214256,4580.53459775,37.837569,289239.972059,36147.23188238374,91.42681715,62.13083022222222,11.268629045191732,0.2183151285717203,44,64,,True,True,,227,87.6246207195492
276,2026-09-18T06:50:35.704+00:00,2026-09-18T06:55:25.918+00:00,2026-09-18T06:55:29.700+00:00,True,63,63.0,,63.0,290214.61229,293996.40429000003,293996.40440600005,4666.609593746032,37.24799,290214.61229,36555.92158380488,91.0130525,60.996645161290324,12.515047413384146,0.21428833509765097,44,64,,True,True,,316,87.6246207195492
277,2026-09-18T06:50:36.154+00:00,2026-09-18T06:55:27.488+00:00,2026-09-18T06:55:28.518+00:00,True,18,18.0,,18.0,291333.914797,292364.393645,292364.393623,16242.46631238889,35.136994,291333.914797,68653.7765539515,43789.532560600004,60.61640282352941,15.883480628845792,0.06156700470802298,44,64,,True,True,,86,87.6246207195492
278,2026-09-18T06:50:36.496+00:00,2026-09-18T06:55:28.913+00:00,2026-09-18T06:55:33.983+00:00,True,83,83.0,,83.0,292416.974153,297487.550281,297487.550331,3584.187353385542,35.729893,292416.974153,32090.147111648752,89.9080551,61.83629424390244,10.664534186114746,0.27900327231038774,44,64,,True,True,,424,87.6246207195492
279,2026-09-18T06:50:36.826+00:00,2026-09-18T06:55:30.291+00:00,2026-09-18T06:55:31.071+00:00,True,13,13.0,,13.0,293464.810577,294244.354385,294244.35423500004,22634.181095000004,55.876455,293464.810577,81374.47730362121,117441.85491980001,64.961984,9.48442471757136,0.04418096662269458,44,64,,True,True,,82,87.6246207195492
280,2026-09-18T06:50:37.217+00:00,2026-09-18T06:55:31.635+00:00,2026-09-18T06:55:32.986+00:00,True,23,23.0,,23.0,294417.82605800004,295769.173002,295769.17291300005,12859.529257086959,34.921575,294417.82605800004,61377.553332817064,90.53791799999999,61.4248610909091,10.22167452026296,0.07776334418680095,44,64,,True,True,,108,87.6246207195492
281,2026-09-18T06:50:37.544+00:00,2026-09-18T06:55:32.817+00:00,2026-09-18T06:55:37.566+00:00,False,76,75.0,,75.0,295273.63141100004,300022.789043,300022.789112,3947.6682777894744,0.0355,295273.63141100004,33862.947633851814,93.21432800000001,63.322101759999995,13.753595005591798,0.24998101057333616,44,64,,True,False,Request timeout: 300.0s exceeded,383,87.6246207195492
282,2026-09-18T06:50:37.965+00:00,2026-09-18T06:55:34.266+00:00,2026-09-18T06:55:38.026+00:00,False,60,59.0,,59.0,296300.733992,300060.905256,300060.905268,5001.0150877999995,0.02246,296300.733992,38244.03500218002,91.81470025000003,63.73171633898305,13.827620353029841,0.19662674799192367,44,64,,True,False,Request timeout: 300.0s exceeded,233,87.6246207195492
283,2026-09-18T06:50:38.397+00:00,2026-09-18T06:55:36.218+00:00,2026-09-18T06:55:38.461+00:00,False,37,36.0,,36.0,297820.99684700003,300064.149487,300064.14945,8109.841877027028,0.039049999999999994,297820.99684700003,48951.2286954815,90.67655020000001,62.30979555555555,14.481908155837028,0.11997434569090255,44,64,,True,False,Request timeout: 300.0s exceeded,137,87.6246207195492
284,2026-09-18T06:50:38.863+00:00,2026-09-18T06:55:37.963+00:00,2026-09-18T06:55:38.888+00:00,False,17,16.0,,16.0,299099.480004,300024.70342800004,300024.703548,17648.511973411765,0.02407,299099.480004,72528.2560054871,59875.797536000005,57.826464,15.997852718751444,0.053328941974405394,44,64,,True,False,Request timeout: 300.0s exceeded,75,87.6246207195492
285,2026-09-18T06:50:39.322+00:00,2026-09-18T06:55:39.420+00:00,2026-09-18T06:55:39.420+00:00,False,1,0.0,,0.0,300097.933356,300097.933356,300097.933356,300097.933356,300097.933356,300097.933356,nan,300097.933356,nan,nan,0.0,44,64,,True,False,TTFT timeout: 300.0s exceeded (TTFT: 300.091s),0,87.6246207195492
286,2026-09-18T06:50:39.635+00:00,2026-09-18T06:55:39.731+00:00,2026-09-18T06:55:39.731+00:00,False,1,0.0,,0.0,300095.406793,300095.406793,300095.406793,300095.406793,300095.406793,300095.406793,nan,300095.406793,nan,nan,0.0,44,64,,True,False,"HTTPConnectionPool(host='gpu03', port=9002): Read timed out.",0,87.6246207195492
287,2026-09-18T06:50:40.014+00:00,2026-09-18T06:55:39.987+00:00,2026-09-18T06:55:40.055+00:00,False,3,2.0,,2.0,299972.647863,300041.216951,300041.216915,100013.73897166667,0.05024,299972.647863,173169.49819684107,269982.2349579,34.284544,48.41434548619952,0.006665750860244717,44,64,,True,False,Request timeout: 300.0s exceeded,2,87.6246207195492
288,2026-09-18T06:50:40.480+00:00,2026-09-18T06:55:40.387+00:00,2026-09-18T06:55:40.521+00:00,False,4,3.0,,3.0,299907.004624,300040.74952,300040.749603,75010.18740075,0.04211,299907.004624,149931.21481154967,254931.44897874995,44.581632,38.6980729531406,0.009998641867144206,44,64,,True,False,Request timeout: 300.0s exceeded,13,87.6246207195492
289,2026-09-18T06:50:40.801+00:00,2026-09-18T06:55:40.907+00:00,2026-09-18T06:55:40.907+00:00,False,1,0.0,,0.0,300106.365392,300106.365392,300106.365392,300106.365392,300106.365392,300106.365392,nan,300106.365392,nan,nan,0.0,44,64,,True,False,"HTTPConnectionPool(host='gpu03', port=9002): Read timed out.",0,87.6246207195492
290,2026-09-18T06:50:41.072+00:00,2026-09-18T06:55:41.179+00:00,2026-09-18T06:55:41.179+00:00,False,1,0.0,,0.0,300106.953284,300106.953284,300106.953284,300106.953284,300106.953284,300106.953284,nan,300106.953284,nan,nan,0.0,44,64,,True,False,"HTTPConnectionPool(host='gpu03', port=9002): Read timed out.",0,87.6246207195492
291,2026-09-18T06:50:41.517+00:00,2026-09-18T06:55:41.501+00:00,2026-09-18T06:55:41.614+00:00,False,3,2.0,,2.0,299983.797314,300096.906306,300096.90620200004,100032.30206733334,0.03979,299983.797314,173163.08363054594,269996.7244924,56.554496,79.92401926222,0.00666451388859257,44,64,,True,False,Request timeout: 300.0s exceeded,6,87.6246207195492
292,2026-09-18T06:50:41.957+00:00,2026-09-18T06:55:41.894+00:00,2026-09-18T06:55:41.993+00:00,False,4,3.0,,3.0,299936.33681199996,300035.637932,300035.63781499997,75008.90945374999,0.06858,299936.33681199996,149951.620290885,254954.86432074997,33.10037333333333,30.38298368762761,0.009998812210034593,44,64,,True,False,Request timeout: 300.0s exceeded,6,87.6246207195492
293,2026-09-18T06:50:42.374+00:00,2026-09-18T06:55:42.430+00:00,2026-09-18T06:55:42.430+00:00,False,1,0.0,,0.0,300056.429715,300056.429715,300056.429715,300056.429715,300056.429715,300056.429715,nan,300056.429715,nan,nan,0.0,44,64,,True,False,"HTTPConnectionPool(host='gpu03', port=9002): Read timed out.",0,87.6246207195492
294,2026-09-18T06:50:42.814+00:00,2026-09-18T06:55:42.748+00:00,2026-09-18T06:55:42.892+00:00,False,4,3.0,,3.0,299933.354624,300078.00665600004,300078.006692,75019.501673,0.024460000000000003,299933.354624,149942.5725143532,254954.4820754,48.217344,41.77895282044527,0.00999740045407295,44,64,,True,False,Request timeout: 300.0s exceeded,11,87.6246207195492
295,2026-09-18T06:50:43.088+00:00,2026-09-18T06:55:42.978+00:00,2026-09-18T06:55:43.141+00:00,False,4,3.0,,3.0,299889.32964,300052.530152,300052.530195,75013.13254875,0.02471,299889.32964,149917.46981881338,254919.4439223,54.40017066666666,47.85231156397866,0.00999824930148153,44,64,,True,False,Request timeout: 300.0s exceeded,11,87.6246207195492
296,2026-09-18T06:50:43.429+00:00,2026-09-18T06:55:43.515+00:00,2026-09-18T06:55:43.515+00:00,False,1,0.0,,0.0,300086.448021,300086.448021,300086.448021,300086.448021,300086.448021,300086.448021,nan,300086.448021,nan,nan,0.0,44,64,,True,False,TTFT timeout: 300.0s exceeded (TTFT: 300.063s),0,87.6246207195492
297,2026-09-18T06:50:43.717+00:00,2026-09-18T06:55:43.821+00:00,2026-09-18T06:55:43.821+00:00,False,1,0.0,,0.0,300104.104471,300104.104471,300104.104471,300104.104471,300104.104471,300104.104471,nan,300104.104471,nan,nan,0.0,44,64,,True,False,"HTTPConnectionPool(host='gpu03', port=9002): Read timed out.",0,87.6246207195492
298,2026-09-18T06:50:43.985+00:00,2026-09-18T06:55:44.074+00:00,2026-09-18T06:55:44.074+00:00,False,1,0.0,,0.0,300088.283954,300088.283954,300088.283954,300088.283954,300088.283954,300088.283954,nan,300088.283954,nan,nan,0.0,44,64,,True,False,"HTTPConnectionPool(host='gpu03', port=9002): Read timed out.",0,87.6246207195492
299,2026-09-18T06:50:44.377+00:00,2026-09-18T06:55:44.356+00:00,2026-09-18T06:55:44.424+00:00,False,3,2.0,,2.0,299979.012689,300047.001937,300047.001832,100015.66727733333,0.024059999999999998,299979.012689,173173.34028413493,269987.9079284,33.994624,48.04162667340897,0.0066656223427952604,44,64,,True,False,Request timeout: 300.0s exceeded,6,87.6246207195492
300,2026-09-18T06:50:44.844+00:00,2026-09-18T06:55:44.569+00:00,2026-09-18T06:55:45.819+00:00,False,22,21.0,,21.0,299724.318566,300974.693222,300974.69328999997,13680.667876818181,0.04139,299724.318566,63888.74783800342,90.80094500000001,59.54165028571428,19.15131607317131,0.0697733080983999,44,64,,True,False,Request timeout: 300.0s exceeded,128,87.6246207195492
301,2026-09-18T06:50:45.258+00:00,2026-09-18T06:55:45.539+00:00,2026-09-18T06:55:45.908+00:00,False,8,7.0,,7.0,300281.555259,300650.604603,300650.604457,37581.325557125,0.03562,300281.555259,106146.92553652238,195215.5438191,52.72133485714286,28.767767831159347,0.023282840256527302,44,64,,True,False,Request timeout: 300.0s exceeded,22,87.6246207195492
303,2026-09-18T06:50:45.862+00:00,2026-09-18T06:55:46.005+00:00,2026-09-18T06:55:46.005+00:00,False,1,0.0,,0.0,300143.532453,300143.532453,300143.532453,300143.532453,300143.532453,300143.532453,nan,300143.532453,nan,nan,0.0,44,64,,True,False,"HTTPConnectionPool(host='gpu03', port=9002): Read timed out.",0,87.6246207195492
304,2026-09-18T06:50:46.276+00:00,2026-09-18T06:55:46.713+00:00,2026-09-18T06:55:46.713+00:00,False,1,0.0,,0.0,300437.546221,300437.546221,300437.546221,300437.546221,300437.546221,300437.546221,nan,300437.546221,nan,nan,0.0,44,64,,True,False,"HTTPConnectionPool(host='gpu03', port=9002): Read timed out.",0,87.6246207195492
302,2026-09-18T06:50:45.562+00:00,2026-09-18T06:55:46.730+00:00,2026-09-18T06:55:46.730+00:00,False,1,0.0,,0.0,301168.45950700005,301168.45950700005,301168.45950700005,301168.45950700005,301168.45950700005,301168.45950700005,nan,301168.45950700005,nan,nan,0.0,44,64,,True,False,"HTTPConnectionPool(host='gpu03', port=9002): Read timed out.",0,87.6246207195492
305,2026-09-18T06:50:46.753+00:00,2026-09-18T06:55:46.864+00:00,2026-09-18T06:55:46.864+00:00,False,1,0.0,,0.0,300110.784182,300110.784182,300110.784182,300110.784182,300110.784182,300110.784182,nan,300110.784182,nan,nan,0.0,44,64,,True,False,"HTTPConnectionPool(host='gpu03', port=9002): Read timed out.",0,87.6246207195492
306,2026-09-18T06:50:47.104+00:00,2026-09-18T06:55:47.108+00:00,2026-09-18T06:55:47.292+00:00,False,3,2.0,,2.0,300004.017993,300188.116553,300188.116508,100062.70550266666,0.03424,300004.017993,173154.28033124472,270022.02262119995,92.04928,130.12882700063486,0.006662488918500836,44,64,,True,False,Request timeout: 300.0s exceeded,3,87.6246207195492
307,2026-09-18T06:50:47.494+00:00,2026-09-18T06:55:47.289+00:00,2026-09-18T06:55:47.528+00:00,False,6,5.0,,5.0,299795.220765,300034.382621,300034.382606,50005.73043433333,0.04852,299795.220765,122371.36122229896,224861.70758,47.832371200000004,26.74613398432819,0.016664756739949844,44,64,,True,False,Request timeout: 300.0s exceeded,9,87.6246207195492
308,2026-09-18T06:50:47.931+00:00,2026-09-18T06:55:47.856+00:00,2026-09-18T06:55:47.955+00:00,False,4,3.0,,3.0,299924.15996200003,300023.90217,300023.90214500006,75005.97553625001,0.044909,299924.15996200003,149945.45833239163,254944.47306655004,33.247402666666666,30.356310347532904,0.009999203324474244,44,64,,True,False,Request timeout: 300.0s exceeded,5,87.6246207195492
309,2026-09-18T06:50:48.190+00:00,2026-09-18T06:55:48.297+00:00,2026-09-18T06:55:48.297+00:00,False,1,0.0,,0.0,300107.439182,300107.439182,300107.439182,300107.439182,300107.439182,300107.439182,nan,300107.439182,nan,nan,0.0,44,64,,True,False,"HTTPConnectionPool(host='gpu03', port=9002): Read timed out.",0,87.6246207195492
310,2026-09-18T06:50:48.518+00:00,2026-09-18T06:55:48.555+00:00,2026-09-18T06:55:48.555+00:00,False,1,0.0,,0.0,300037.688665,300037.688665,300037.688665,300037.688665,300037.688665,300037.688665,nan,300037.688665,nan,nan,0.0,44,64,,True,False,TTFT timeout: 300.0s exceeded (TTFT: 300.033s),0,87.6246207195492
311,2026-09-18T06:50:48.976+00:00,2026-09-18T06:55:48.816+00:00,2026-09-18T06:55:49.047+00:00,True,4,4.0,,4.0,299839.58333399997,300070.42493399995,300070.424831,75017.60620775,68.223002,299839.58333399997,149881.31835006073,254877.02783219996,76.9472,10.934317662388267,0.013330204070860345,44,64,,True,True,,15,87.6246207195492
312,2026-09-18T06:50:49.264+00:00,2026-09-18T06:55:49.240+00:00,2026-09-18T06:55:49.298+00:00,False,3,2.0,,2.0,299975.64087199996,300034.53418399993,300034.534122,100011.51137399998,0.024820000000000002,299975.64087199996,173174.0184902524,269983.9636278,29.446656,41.608742530554224,0.00666589932868686,44,64,,True,False,Request timeout: 300.0s exceeded,6,87.6246207195492
313,2026-09-18T06:50:49.701+00:00,2026-09-18T06:55:49.820+00:00,2026-09-18T06:55:49.820+00:00,False,1,0.0,,0.0,300118.916422,300118.916422,300118.916422,300118.916422,300118.916422,300118.916422,nan,300118.916422,nan,nan,0.0,44,64,,True,False,"HTTPConnectionPool(host='gpu03', port=9002): Read timed out.",0,87.6246207195492
314,2026-09-18T06:50:50.081+00:00,2026-09-18T06:55:50.021+00:00,2026-09-18T06:55:50.167+00:00,False,4,3.0,,3.0,299940.17230800004,300085.874964,300085.87497500004,75021.46874375001,0.039009999999999996,299940.17230800004,149945.80630500126,254960.22654060004,48.567552,42.039787247093244,0.009997138320355453,44,64,,True,False,Request timeout: 300.0s exceeded,15,87.6246207195492
315,2026-09-18T06:50:50.427+00:00,2026-09-18T06:55:50.310+00:00,2026-09-18T06:55:50.453+00:00,False,4,3.0,,3.0,299882.822936,300026.19317600003,300026.19317700004,75006.54829425001,0.027,299882.822936,149917.5202371859,254911.37684105002,47.79008,41.39149908146222,0.009999126970358062,44,64,,True,False,Request timeout: 300.0s exceeded,9,87.6246207195492
316,2026-09-18T06:50:50.763+00:00,2026-09-18T06:55:50.637+00:00,2026-09-18T06:55:50.799+00:00,False,5,4.0,,4.0,299874.443284,300036.087572,300036.08741,60007.21748199999,0.03707,299874.443284,134089.85792785068,239911.8316942,40.411072,28.74604892183355,0.013331729634156476,44,64,,True,False,Request timeout: 300.0s exceeded,11,87.6246207195492
317,2026-09-18T06:50:51.122+00:00,2026-09-18T06:55:51.214+00:00,2026-09-18T06:55:51.214+00:00,False,1,0.0,,0.0,300092.640315,300092.640315,300092.640315,300092.640315,300092.640315,300092.640315,nan,300092.640315,nan,nan,0.0,44,64,,True,False,TTFT timeout: 300.0s exceeded (TTFT: 300.072s),0,87.6246207195492
318,2026-09-18T06:50:51.450+00:00,2026-09-18T06:55:51.397+00:00,2026-09-18T06:55:51.550+00:00,False,4,3.0,,3.0,299946.84088,300099.974192,300099.97411199997,75024.99352799999,0.03946,299946.84088,149947.90321845995,254968.85470659996,51.044437333333335,47.34903934284341,0.009996668637101047,44,64,,True,False,Request timeout: 300.0s exceeded,4,87.6246207195492
319,2026-09-18T06:50:51.835+00:00,2026-09-18T06:55:51.680+00:00,2026-09-18T06:55:51.861+00:00,False,5,4.0,,4.0,299845.20974099997,300026.07348499994,300026.07340099994,60005.21468019999,0.026599,299845.20974099997,134074.63571359057,239888.4938238,45.215936,30.15776426890738,0.013332174612484083,44,64,,True,False,Request timeout: 300.0s exceeded,18,87.6246207195492
320,2026-09-18T06:50:52.090+00:00,2026-09-18T06:55:52.193+00:00,2026-09-18T06:55:52.193+00:00,False,1,0.0,,0.0,300103.51797000004,300103.51797000004,300103.51797000004,300103.51797000004,300103.51797000004,300103.51797000004,nan,300103.51797000004,nan,nan,0.0,44,64,,True,False,"HTTPConnectionPool(host='gpu03', port=9002): Read timed out.",0,87.6246207195492
321,2026-09-18T06:50:52.427+00:00,2026-09-18T06:55:52.479+00:00,2026-09-18T06:55:52.479+00:00,False,1,0.0,,0.0,300051.89029799995,300051.89029799995,300051.89029799995,300051.89029799995,300051.89029799995,300051.89029799995,nan,300051.89029799995,nan,nan,0.0,44,64,,True,False,"HTTPConnectionPool(host='gpu03', port=9002): Read timed out.",0,87.6246207195492
322,2026-09-18T06:50:52.738+00:00,2026-09-18T06:55:52.727+00:00,2026-09-18T06:55:52.819+00:00,False,3,2.0,,2.0,299989.11534799996,300080.6589,300080.65908599994,100026.88636199999,0.02266,299989.11534799996,173172.37614232022,269999.35592099995,45.771776,64.6992069899702,0.00666487472845255,44,64,,True,False,Request timeout: 300.0s exceeded,5,87.6246207195492
323,2026-09-18T06:50:53.054+00:00,2026-09-18T06:55:52.891+00:00,2026-09-18T06:55:53.108+00:00,False,8,7.0,,7.0,299837.144875,300054.152491,300054.152578,37506.76907225,0.028480000000000002,299837.144875,105997.47941324662,194907.31460225,31.001088,13.71968613836998,0.023329122233060787,44,64,,True,False,Request timeout: 300.0s exceeded,23,87.6246207195492
0,2026-09-18T06:48:53.182+00:00,2026-09-18T06:48:53.415+00:00,2026-09-18T06:48:58.957+00:00,True,96,96.0,,96.0,233.53933600000002,5775.467272,5775.467458,60.161119354166665,11.865388000000001,233.53933600000002,21.082573408090493,71.37773475,58.33608353684211,11.227192404894033,16.622031686581774,45,64,,False,True,,427,87.6246207195492
1,2026-09-18T06:48:53.441+00:00,2026-09-18T06:48:53.558+00:00,2026-09-18T06:48:57.571+00:00,True,69,69.0,,69.0,117.186742,4129.7279260000005,4129.727916,59.8511292173913,8.785583,117.186742,13.250304935936681,75.05579479999999,59.0079585882353,11.331553146952636,16.708122480802867,45,64,,False,True,,343,87.6246207195492
2,2026-09-18T06:48:53.784+00:00,2026-09-18T06:48:53.972+00:00,2026-09-18T06:48:57.817+00:00,True,66,66.0,,66.0,188.055521,4033.8774729999996,4033.877604,61.11935763636364,7.758935,188.055521,19.484967850235837,68.95766975000001,59.16649156923077,11.400025949758362,16.361429032428127,45,64,,False,True,,164,87.6246207195492
3,2026-09-18T06:48:54.062+00:00,2026-09-18T06:48:55.425+00:00,2026-09-18T06:48:59.791+00:00,True,73,73.0,,73.0,1363.030857,5729.302089,5729.3022439999995,78.48359238356164,10.774239999999999,1363.030857,152.8133499375855,69.2264156,60.642656,10.850490547532626,12.74151700608643,45,64,,False,True,,282,87.6246207195492
4,2026-09-18T06:48:54.351+00:00,2026-09-18T06:48:56.886+00:00,2026-09-18T06:49:00.097+00:00,True,54,54.0,,54.0,2534.84737,5745.229194,5745.229414,106.39313729629629,14.033894,2534.84737,336.8926896957549,70.81210765,60.57324196226415,11.31948723587788,9.399102834120983,45,64,,False,True,,278,87.6246207195492
5,2026-09-18T06:48:54.789+00:00,2026-09-18T06:48:58.414+00:00,2026-09-18T06:48:59.848+00:00,True,25,25.0,,25.0,3625.369334,5058.775286,5058.77527,202.3510108,14.313733000000001,3625.369334,713.3057764769519,103.17750260000001,59.725248,16.22945123318831,4.941907593560581,45,64,,False,True,,116,87.6246207195492
6,2026-09-18T06:48:55.204+00:00,2026-09-18T06:48:59.782+00:00,2026-09-18T06:49:03.797+00:00,True,69,69.0,,69.0,4577.081674999999,8592.342090999999,8592.341973999999,124.52669527536231,0.0,4577.081674999999,544.0885645385241,67.5467206,59.04794729411764,14.145975347718771,8.030406525861402,45,64,,False,True,,243,87.6246207195492
7,2026-09-18T06:48:55.497+00:00,2026-09-18T06:49:00.722+00:00,2026-09-18T06:49:04.041+00:00,True,57,57.0,,57.0,5224.709701000001,8544.024133,8544.024163,149.89516075438598,0.0,5224.709701000001,684.3110883762808,68.01651559999999,59.273472,13.579660260442571,6.671329471068103,45,64,,False,True,,153,87.6246207195492
8,2026-09-18T06:48:55.874+00:00,2026-09-18T06:49:02.154+00:00,2026-09-18T06:49:03.983+00:00,True,32,32.0,,32.0,6280.79631,8109.538454,8109.538431,253.42307596875,0.0,6280.79631,1099.9950348454388,88.4089754,58.99168206451613,16.85495905781686,3.945970560657015,45,64,,False,True,,148,87.6246207195492
9,2026-09-18T06:48:56.264+00:00,2026-09-18T06:49:03.730+00:00,2026-09-18T06:49:08.520+00:00,True,80,80.0,,80.0,7466.776295,12256.725991,12256.726044,153.20907555,0.0,7466.776295,828.8586801941576,71.9478383,60.63227463291139,37.24452453066204,6.527028511426564,45,64,,False,True,,432,87.6246207195492
10,2026-09-18T06:48:56.543+00:00,2026-09-18T06:49:04.729+00:00,2026-09-18T06:49:05.365+00:00,True,12,12.0,,12.0,8186.912117,8821.998453,8821.998457,735.1665380833333,6.445638,8186.912117,2346.952070524741,3765.83103885,57.73512145454546,36.695394547896115,1.360236012727852,45,64,,False,True,,35,87.6246207195492
11,2026-09-18T06:48:56.840+00:00,2026-09-18T06:49:05.862+00:00,2026-09-18T06:49:10.525+00:00,True,78,78.0,,78.0,9022.173945,13685.388537,13685.388780000001,175.4537023076923,0.0,9022.173945,1015.4192338029715,69.80330345,60.56122846753247,38.38658509153179,5.69950935547925,45,64,,False,True,,363,87.6246207195492
12,2026-09-18T06:48:57.286+00:00,2026-09-18T06:49:07.542+00:00,2026-09-18T06:49:10.762+00:00,True,55,55.0,,55.0,10255.544603,13475.550491,13475.55054,245.01000981818183,0.0,10255.544603,1375.6232335784778,104.69747269999999,59.62973866666666,47.536021214831,4.081465913895926,45,64,,False,True,,237,87.6246207195492
13,2026-09-18T06:48:57.569+00:00,2026-09-18T06:49:08.528+00:00,2026-09-18T06:49:09.913+00:00,True,25,25.0,,25.0,10959.008606000001,12344.239710000002,12344.239612000001,493.76958448000005,35.262315,10959.008606000001,2180.275857375311,71.7377606,57.717962666666665,8.981333433756204,2.025236109093672,45,64,,False,True,,78,87.6246207195492
14,2026-09-18T06:48:57.893+00:00,2026-09-18T06:49:09.667+00:00,2026-09-18T06:49:15.382+00:00,True,96,96.0,,96.0,11774.44006,17488.909948,17488.910011,182.17614594791667,0.0,11774.44006,1195.8991849925853,70.2548895,60.15231461052632,27.579006437638977,5.489192881971377,45,64,,False,True,,293,87.6246207195492
15,2026-09-18T06:48:58.185+00:00,2026-09-18T06:49:10.764+00:00,2026-09-18T06:49:12.375+00:00,True,28,28.0,,28.0,12579.094025,14190.211081000001,14190.211031,506.79325110714285,0.0,12579.094025,2366.1925410747367,159.4674504,59.671002074074075,34.62577626972913,1.9731912259917423,45,64,,False,True,,55,87.6246207195492
16,2026-09-18T06:48:58.524+00:00,2026-09-18T06:49:12.099+00:00,2026-09-18T06:49:15.571+00:00,True,59,59.0,,59.0,13574.701164999999,17046.750316999998,17046.750432999997,288.92797344067793,0.0,13574.701164999999,1759.685444533666,69.0765059,59.8629164137931,26.986150761485096,3.4610702276293575,45,64,,False,True,,302,87.6246207195492
17,2026-09-18T06:48:58.821+00:00,2026-09-18T06:49:13.188+00:00,2026-09-18T06:49:16.408+00:00,True,55,55.0,,55.0,14366.804553,17587.086153,17587.086239,319.76520434545455,0.0,14366.804553,1929.3806398458014,70.0622544,59.63484444444445,28.199221908644365,3.1272946252451326,45,64,,False,True,,233,87.6246207195492
18,2026-09-18T06:48:59.184+00:00,2026-09-18T06:49:14.447+00:00,2026-09-18T06:49:16.340+00:00,True,33,33.0,,33.0,15262.715278000001,17156.350606,17156.350829000003,519.8894190606061,33.582448,15262.715278000001,2646.6085605558956,66.8804312,59.176104,8.131067862025187,1.9234859882415252,45,64,,False,True,,216,87.6246207195492
19,2026-09-18T06:48:59.456+00:00,2026-09-18T06:49:15.513+00:00,2026-09-18T06:49:19.034+00:00,True,60,60.0,,60.0,16056.253514,19578.170442,19578.170569,326.30284281666667,0.0,16056.253514,2065.4318717478636,71.52777695,59.69350725423729,34.59627018927838,3.064637739146719,45,64,,False,True,,205,87.6246207195492
20,2026-09-18T06:48:59.738+00:00,2026-09-18T06:49:16.530+00:00,2026-09-18T06:49:21.900+00:00,True,89,89.0,,89.0,16792.116116,22161.793172,22161.793158,249.00891188764047,0.0,16792.116116,1774.4200412705743,87.40525979999998,61.019057454545454,57.68703058963143,4.015920521830596,45,64,,False,True,,365,87.6246207195492
21,2026-09-18T06:49:00.007+00:00,2026-09-18T06:49:17.584+00:00,2026-09-18T06:49:23.343+00:00,True,94,94.0,,94.0,17576.393319,23335.412071,23335.411957,248.2490633723404,0.0,17576.393319,1807.1908011976304,89.01940365,61.9249328172043,50.97465843898168,4.02821256012094,45,64,,False,True,,406,87.6246207195492
22,2026-09-18T06:49:00.265+00:00,2026-09-18T06:49:18.372+00:00,2026-09-18T06:49:22.075+00:00,True,61,61.0,,61.0,18106.219774,21810.01651,21810.016441,357.5412531311476,0.0,18106.219774,2311.3701041921554,91.28017,61.7299456,68.89645847851438,2.7968800469284925,45,64,,False,True,,276,87.6246207195492
23,2026-09-18T06:49:00.545+00:00,2026-09-18T06:49:19.563+00:00,2026-09-18T06:49:21.616+00:00,True,28,28.0,,28.0,19018.189899,21070.466635,21070.466715000002,752.5166683928571,0.0,19018.189899,3580.9824705955057,411.72857109999995,76.01024948148148,96.29553136057633,1.328874224052039,45,64,,False,True,,127,87.6246207195492
24,2026-09-18T06:49:00.928+00:00,2026-09-18T06:49:20.944+00:00,2026-09-18T06:49:24.383+00:00,True,56,56.0,,56.0,20015.325177000002,23454.628345,23454.628236000004,418.8326470714286,0.0,20015.325177000002,2667.1469168423273,166.89832525000003,62.53278487272728,67.66613620890706,2.387588461274337,45,64,,False,True,,236,87.6246207195492
25,2026-09-18T06:49:01.225+00:00,2026-09-18T06:49:21.962+00:00,2026-09-18T06:49:26.402+00:00,True,74,74.0,,74.0,20737.320675,25177.456610999998,25177.456614,340.2359001891892,0.0,20737.320675,2403.9171477134264,91.5693949,60.82377994520548,39.69127168152477,2.939137226739158,45,64,,False,True,,324,87.6246207195492
26,2026-09-18T06:49:01.611+00:00,2026-09-18T06:49:23.463+00:00,2026-09-18T06:49:26.461+00:00,True,51,51.0,,51.0,21852.117353999998,24850.250602,24850.250721999997,487.25981807843135,0.0,21852.117353999998,3051.886082950294,78.78102349999999,59.96266496,48.266454942617564,2.0522931867695298,45,64,,False,True,,247,87.6246207195492
27,2026-09-18T06:49:01.948+00:00,2026-09-18T06:49:24.733+00:00,2026-09-18T06:49:29.374+00:00,True,79,79.0,,79.0,22784.844209,27425.953457,27425.953446,347.16396767088605,0.0,22784.844209,2557.155898575845,71.8417216,59.50140061538462,42.88844979549345,2.8804832664746107,45,64,,False,True,,421,87.6246207195492
28,2026-09-18T06:49:02.259+00:00,2026-09-18T06:49:26.097+00:00,2026-09-18T06:49:30.660+00:00,True,76,76.0,,76.0,23838.193831999997,28401.147048,28401.147073999997,373.69930360526314,0.0,23838.193831999997,2727.799524134999,74.8611485,60.83937621333333,43.98475062677005,2.6759482591162422,45,64,,False,True,,389,87.6246207195492
29,2026-09-18T06:49:02.654+00:00,2026-09-18T06:49:27.577+00:00,2026-09-18T06:49:27.682+00:00,True,3,3.0,,3.0,24922.493258000002,25027.345226,25027.345223000004,8342.448407666667,36.701811,24922.493258000002,14358.748645995167,22437.058947600002,52.425984,22.237501348260512,0.11986888632851912,45,64,,False,True,,10,87.6246207195492
30,2026-09-18T06:49:03.087+00:00,2026-09-18T06:49:29.437+00:00,2026-09-18T06:49:31.150+00:00,True,28,28.0,,28.0,26350.613094,28063.651942,28063.652021,1002.2732864642858,52.144584,26350.613094,4967.813465877927,86.71324355,63.44588325925926,7.746206023778493,0.9977318724543922,45,64,,False,True,,87,87.6246207195492
31,2026-09-18T06:49:03.372+00:00,2026-09-18T06:49:30.539+00:00,2026-09-18T06:49:36.100+00:00,True,94,94.0,,94.0,27167.289206999998,32727.974262999996,32727.974358999996,348.1699399893617,0.0,27167.289206999998,2796.7480787079726,77.2325238,59.79231243010753,68.22201689462155,2.8721606551209606,45,64,,False,True,,377,87.6246207195492
32,2026-09-18T06:49:03.720+00:00,2026-09-18T06:49:31.910+00:00,2026-09-18T06:49:32.726+00:00,True,15,15.0,,15.0,28190.231755,29005.817547000002,29005.817389,1933.7211592666667,39.911955999999996,28190.231755,7263.649565205608,8509.9673085,58.256128,8.564896760732362,0.5171376388786328,45,64,,False,True,,94,87.6246207195492
33,2026-09-18T06:49:04.150+00:00,2026-09-18T06:49:33.545+00:00,2026-09-18T06:49:36.597+00:00,True,52,52.0,,52.0,29395.303846000003,32447.231654000003,32447.231566000002,623.985222423077,0.01636,29395.303846000003,4068.742702151321,78.76893135,59.841721725490196,73.22540841685077,1.6026020510624854,45,64,,False,True,,245,87.6246207195492
34,2026-09-18T06:49:04.591+00:00,2026-09-18T06:49:35.198+00:00,2026-09-18T06:49:35.474+00:00,True,8,8.0,,8.0,30607.172537000002,30883.415737000003,30883.415707000004,3860.4269633750005,0.03053,30607.172537000002,10807.348760270866,19915.95135685,39.46331428571428,28.193039395025608,0.25903870440132587,45,64,,False,True,,22,87.6246207195492
35,2026-09-18T06:49:04.843+00:00,2026-09-18T06:49:35.908+00:00,2026-09-18T06:49:39.341+00:00,True,56,56.0,,56.0,31065.598265,34497.626937,34497.626994,616.0290534642858,0.0,31065.598265,4143.464414811557,96.9437505,62.40052130909091,64.16691022151225,1.623300063574457,45,64,,False,True,,272,87.6246207195492
36,2026-09-18T06:49:05.100+00:00,2026-09-18T06:49:36.870+00:00,2026-09-18T06:49:38.990+00:00,True,28,28.0,,28.0,31770.101169,33890.153393,33890.153408,1210.3626217142858,14.397333,31770.101169,5989.730845318103,357.9101997,78.52045274074075,85.30946713339351,0.8261986800503356,45,64,,False,True,,120,87.6246207195492
37,2026-09-18T06:49:05.461+00:00,2026-09-18T06:49:38.084+00:00,2026-09-18T06:49:38.989+00:00,True,10,10.0,,10.0,32622.97602,33528.049684,33528.049671,3352.8049671,0.0,32622.97602,10285.429513830564,18162.97867515,100.56374044444445,147.46697652837076,0.2982577302959595,45,64,,False,True,,28,87.6246207195492
38,2026-09-18T06:49:05.867+00:00,2026-09-18T06:49:39.500+00:00,2026-09-18T06:49:45.293+00:00,True,91,91.0,,91.0,33633.016491999995,39425.713324,39425.713315999994,433.2495968791208,0.0,33633.016491999995,3519.4514940774375,97.1542855,64.36329813333333,59.68386922384056,2.308138327191779,45,64,,False,True,,308,87.6246207195492
39,2026-09-18T06:49:06.260+00:00,2026-09-18T06:49:41.330+00:00,2026-09-18T06:49:46.721+00:00,True,87,87.0,,87.0,35069.612718000004,40460.27051,40460.27037300001,465.060579,0.0,35069.612718000004,3753.6471925135374,96.5763385,62.682067348837215,62.25434054754634,2.150257497129126,45,64,,False,True,,470,87.6246207195492
40,2026-09-18T06:49:06.694+00:00,2026-09-18T06:49:43.015+00:00,2026-09-18T06:49:46.340+00:00,True,55,55.0,,55.0,36320.596235,39646.303755,39646.30381,720.8418874545454,0.0,36320.596235,4889.774806322926,98.2426483,61.5871762962963,78.0249234506647,1.3872667762392268,45,64,,False,True,,261,87.6246207195492
41,2026-09-18T06:49:06.960+00:00,2026-09-18T06:49:44.043+00:00,2026-09-18T06:49:45.296+00:00,True,17,17.0,,17.0,37082.553264,38336.036528000004,38336.036561,2255.0609741764706,0.0,37082.553264,8975.845327645011,7885.0700448,78.342704,138.7879590732461,0.4434469898207522,45,64,,False,True,,88,87.6246207195492
42,2026-09-18T06:49:07.253+00:00,2026-09-18T06:49:45.291+00:00,2026-09-18T06:49:50.602+00:00,True,91,91.0,,91.0,38037.414935999994,43348.41525599999,43348.415087999994,476.3562097582417,0.0,38037.414935999994,3981.7309103167204,91.80721,59.011114666666664,64.2359827032379,2.099269361119364,45,64,,False,True,,442,87.6246207195492
43,2026-09-18T06:49:07.934+00:00,2026-09-18T06:49:48.054+00:00,2026-09-18T06:49:53.663+00:00,True,91,91.0,,91.0,40120.023822999996,45729.174030999995,45729.173846,502.51839391208784,0.0,40120.023822999996,4200.196250738999,93.7425765,62.323891200000006,92.5436178729833,1.9899769004861259,45,64,,False,True,,416,87.6246207195492
44,2026-09-18T06:49:08.069+00:00,2026-09-18T06:49:48.829+00:00,2026-09-18T06:49:54.163+00:00,True,92,92.0,,92.0,40760.108364,46094.808908,46094.808823,501.0305306847826,0.0,40760.108364,4243.956471982152,83.30994745,58.6230829010989,67.6503009485781,1.995886352053689,45,64,,False,True,,419,87.6246207195492
45,2026-09-18T06:49:08.422+00:00,2026-09-18T06:49:49.754+00:00,2026-09-18T06:49:50.959+00:00,True,20,20.0,,20.0,41332.718562,42537.295842,42537.29589,2126.8647945000002,37.458481,41332.718562,9228.110506586778,2156.64982935,63.398804210526315,14.006976565682146,0.4701756330324276,45,64,,False,True,,67,87.6246207195492
46,2026-09-18T06:49:08.728+00:00,2026-09-18T06:49:51.039+00:00,2026-09-18T06:49:56.872+00:00,True,95,95.0,,95.0,42310.932992,48144.070400000004,48144.070291,506.7796872736842,0.0,42310.932992,4335.156950960902,90.6598567,62.054653276595744,67.08020806217282,1.973244040454045,45,64,,False,True,,411,87.6246207195492
47,2026-09-18T06:49:09.179+00:00,2026-09-18T06:49:52.890+00:00,2026-09-18T06:49:57.751+00:00,True,79,79.0,,79.0,43711.152115000004,48572.313331000005,48572.313247000006,614.8394081898734,34.282455999999996,43711.152115000004,4910.88992566616,91.0946568,62.3225796923077,11.340248345534768,1.626440961575127,45,64,,False,True,,354,87.6246207195492
48,2026-09-18T06:49:09.441+00:00,2026-09-18T06:49:54.045+00:00,2026-09-18T06:49:58.471+00:00,True,72,72.0,,72.0,44603.715702,49029.50463,49029.504567,680.9653412083334,33.359488,44603.715702,5249.272185724463,98.7277988,62.335055323943656,14.642970616231198,1.468503517287117,45,64,,False,True,,147,87.6246207195492
49,2026-09-18T06:49:09.769+00:00,2026-09-18T06:49:55.216+00:00,2026-09-18T06:49:57.265+00:00,True,35,35.0,,35.0,45447.105971,47496.773811,47496.773899,1357.0506828285713,32.76527,45447.105971,7671.7885742149465,96.50834880000001,60.28434823529412,15.650502309442613,0.7368921548076638,45,64,,False,True,,154,87.6246207195492
50,2026-09-18T06:49:10.028+00:00,2026-09-18T06:49:56.444+00:00,2026-09-18T06:49:56.802+00:00,True,7,7.0,,7.0,46416.021626999995,46774.33637899999,46774.33637599999,6682.048053714285,38.00492,46416.021626999995,17521.044486066912,32518.469107799996,59.71912533333334,19.497199862334064,0.149654715425161,45,64,,False,True,,19,87.6246207195492
51,2026-09-18T06:49:10.350+00:00,2026-09-18T06:49:57.751+00:00,2026-09-18T06:50:01.613+00:00,True,62,62.0,,62.0,47400.442184,51262.374216,51262.37434,826.8124893548387,0.0,47400.442184,6012.584815577665,93.61953765,63.31036118032787,96.58311434539142,1.2094640747374628,45,64,,False,True,,268,87.6246207195492
52,2026-09-18T06:49:10.643+00:00,2026-09-18T06:49:59.019+00:00,2026-09-18T06:50:03.014+00:00,True,66,66.0,,66.0,48375.597399,52370.174806999996,52370.1748,793.487496969697,0.0,48375.597399,5948.872459911854,130.41106475,61.45503704615384,147.98642151001414,1.260259302995074,45,64,,False,True,,302,87.6246207195492
53,2026-09-18T06:49:10.960+00:00,2026-09-18T06:50:00.788+00:00,2026-09-18T06:50:02.772+00:00,True,44,44.0,,44.0,49827.923455,51812.19276699999,51812.192764,1177.5498355454545,0.0,49827.923455,7506.519924963328,79.31254115,46.14579795348837,158.49719417407132,0.8492209584309333,45,64,,False,True,,155,87.6246207195492
54,2026-09-18T06:49:11.315+00:00,2026-09-18T06:50:02.678+00:00,2026-09-18T06:50:05.063+00:00,True,55,55.0,,55.0,51363.917406,53748.954974,53748.955106,977.2537292000001,0.016309999999999998,51363.917406,6920.015139991529,81.384444,44.16736237037037,29.43805496316561,1.0232757088320168,45,64,,False,True,,234,87.6246207195492
55,2026-09-18T06:49:11.724+00:00,2026-09-18T06:50:03.710+00:00,2026-09-18T06:50:06.443+00:00,True,44,44.0,,44.0,51986.277494,54719.091062,54719.091233,1243.6157098409092,43.74104,51986.277494,7827.653847399084,92.7618515,63.553803906976746,11.829713635467357,0.8041069240376338,45,64,,False,True,,181,87.6246207195492
56,2026-09-18T06:49:12.055+00:00,2026-09-18T06:50:05.111+00:00,2026-09-18T06:50:06.043+00:00,True,15,15.0,,15.0,53056.511063,53988.059990999995,53988.059815,3599.2039876666668,55.359168,53056.511063,13681.955847986053,15980.292758,66.53920914285715,10.781278709689017,0.27783921116077437,45,64,,False,True,,56,87.6246207195492
57,2026-09-18T06:49:12.425+00:00,2026-09-18T06:50:06.447+00:00,2026-09-18T06:50:10.354+00:00,True,63,63.0,,63.0,54022.165787,57929.274651,57929.27475,919.5122976190476,0.0,54022.165787,6798.963154626126,94.4365221,63.01788490322581,101.77644934681315,1.0875330371310366,45,64,,False,True,,303,87.6246207195492
58,2026-09-18T06:49:12.826+00:00,2026-09-18T06:50:08.003+00:00,2026-09-18T06:50:11.082+00:00,True,49,49.0,,49.0,55176.877462,58255.561365999994,58255.561533,1188.8890108775508,0.0,55176.877462,7874.115475169425,100.4838948,64.139248,118.09324937814992,0.8411214114331431,45,64,,False,True,,240,87.6246207195492
59,2026-09-18T06:49:13.143+00:00,2026-09-18T06:50:09.910+00:00,2026-09-18T06:50:13.572+00:00,True,74,74.0,,74.0,56766.902534,60428.717574,60428.717448,816.6042898378379,0.0,56766.902534,6593.232623385095,80.26857255,50.1618498630137,24.648149319125427,1.2245833267830122,45,64,,False,True,,226,87.6246207195492
60,2026-09-18T06:49:13.425+00:00,2026-09-18T06:50:10.130+00:00,2026-09-18T06:50:12.314+00:00,True,37,37.0,,37.0,56704.865232000004,58889.110224000004,58889.110052,1591.597568972973,33.308928,56704.865232000004,9312.256875603392,91.8103892,60.673472,13.212501065144666,0.6282995253156467,45,64,,False,True,,181,87.6246207195492
61,2026-09-18T06:49:13.845+00:00,2026-09-18T06:50:11.738+00:00,2026-09-18T06:50:15.274+00:00,True,60,60.0,,60.0,57892.761456,61429.171056,61429.171012,1023.8195168666666,34.220437,57892.761456,7466.1924963262345,71.1305744,59.93914576271187,10.487244869762842,0.9767346517715966,45,64,,False,True,,319,87.6246207195492
62,2026-09-18T06:49:14.284+00:00,2026-09-18T06:50:13.308+00:00,2026-09-18T06:50:15.858+00:00,True,42,42.0,,42.0,59024.170605,61574.348141,61574.348151,1466.055908357143,36.255173,59024.170605,9098.036080039625,89.73434080000001,62.19945209756097,10.93472131159676,0.6821022271128813,45,64,,False,True,,92,87.6246207195492
63,2026-09-18T06:49:14.554+00:00,2026-09-18T06:50:14.524+00:00,2026-09-18T06:50:18.596+00:00,True,65,65.0,,65.0,59969.794614,64042.402614,64042.402670999996,985.2677334,0.01866,59969.794614,7431.195493118836,109.13614660000002,63.6345,106.46869983438216,1.014952552479514,45,64,,False,True,,322,87.6246207195492
64,2026-09-18T06:49:14.816+00:00,2026-09-18T06:50:15.623+00:00,2026-09-18T06:50:20.413+00:00,True,78,78.0,,78.0,60806.166615,65597.020759,65597.020847,840.9874467564102,0.0,60806.166615,6879.340282167774,100.5509402,62.21888498701299,141.79953839904175,1.1890783925472452,45,64,,False,True,,378,87.6246207195492
65,2026-09-18T06:49:15.148+00:00,2026-09-18T06:50:17.189+00:00,2026-09-18T06:50:18.722+00:00,True,32,32.0,,32.0,62041.53328,63574.206816000005,63574.206683000004,1986.6939588437501,0.01587,62041.53328,10958.812144005931,117.6665364,49.44108180645161,35.277701729136474,0.5033487888038647,45,64,,False,True,,129,87.6246207195492
66,2026-09-18T06:49:15.576+00:00,2026-09-18T06:50:18.597+00:00,2026-09-18T06:50:22.304+00:00,True,60,60.0,,60.0,63020.623959,66728.004439,66728.00439999999,1112.1334066666666,0.0,63020.623959,8128.666869621804,93.05575465,62.836957288135594,118.6648217422814,0.8991727012434417,45,64,,False,True,,283,87.6246207195492
67,2026-09-18T06:49:16.006+00:00,2026-09-18T06:50:20.294+00:00,2026-09-18T06:50:24.579+00:00,True,68,68.0,,68.0,64288.263617,68572.97145699999,68572.971423,1008.4260503382352,38.317398999999995,64288.263617,7788.349222218232,91.04690635000001,63.950863283582095,10.74691837931611,0.9916443542575767,45,64,,False,True,,323,87.6246207195492
68,2026-09-18T06:49:16.288+00:00,2026-09-18T06:50:21.271+00:00,2026-09-18T06:50:22.309+00:00,True,17,17.0,,17.0,64982.810219,66020.86180299999,66020.861884,3883.580110823529,36.336493000000004,64982.810219,15744.916536595427,13073.3384782,64.878224,13.374387709380962,0.2574943667158783,45,64,,False,True,,81,87.6246207195492
69,2026-09-18T06:49:16.599+00:00,2026-09-18T06:50:22.148+00:00,2026-09-18T06:50:24.898+00:00,True,45,45.0,,45.0,65549.005369,68298.95762500001,68298.957406,1517.7546090222224,32.387710999999996,65549.005369,9762.15883362156,90.09181779999999,62.49891490909091,11.681464371571336,0.6588680349570707,45,64,,False,True,,159,87.6246207195492
70,2026-09-18T06:49:16.862+00:00,2026-09-18T06:50:23.541+00:00,2026-09-18T06:50:27.689+00:00,True,67,67.0,,67.0,66679.53795700001,70827.81443700001,70827.814314,1057.1315569253732,38.37982,66679.53795700001,8138.532539679798,93.2279899,62.85267393939394,12.272912663819875,0.9459560560010675,45,64,,False,True,,272,87.6246207195492
71,2026-09-18T06:49:17.189+00:00,2026-09-18T06:50:24.834+00:00,2026-09-18T06:50:25.938+00:00,True,19,19.0,,19.0,67644.351021,68749.198637,68749.19858299999,3618.3788727894735,34.076637000000005,67644.351021,15504.601728320053,6843.5646213,61.380423111111114,12.723748858283741,0.27636685774798875,45,64,,False,True,,80,87.6246207195492
72,2026-09-18T06:49:17.548+00:00,2026-09-18T06:50:26.089+00:00,2026-09-18T06:50:26.609+00:00,True,9,9.0,,9.0,68541.27498199999,69061.065318,69061.065383,7673.451709222221,52.815482,68541.27498199999,22825.437135333927,41162.823582799996,64.973792,13.334406393854959,0.13031944929546652,45,64,,False,True,,52,87.6246207195492
73,2026-09-18T06:49:17.909+00:00,2026-09-18T06:50:27.314+00:00,2026-09-18T06:50:29.836+00:00,True,42,42.0,,42.0,69404.742744,71926.678616,71926.678621,1712.5399671666667,33.711987,69404.742744,10699.899244495087,88.76775655,61.51063102439024,11.692061401231891,0.5839279778818697,45,64,,False,True,,229,87.6246207195492
74,2026-09-18T06:49:18.154+00:00,2026-09-18T06:50:28.359+00:00,2026-09-18T06:50:32.232+00:00,True,52,52.0,,52.0,70204.868591,74078.380271,74078.38025500001,1424.584235673077,0.0,70204.868591,9726.109780526449,94.05918725,75.95120941176471,139.3488872855724,0.7019591925440197,45,64,,False,True,,194,87.6246207195492
75,2026-09-18T06:49:18.423+00:00,2026-09-18T06:50:29.294+00:00,2026-09-18T06:50:34.772+00:00,True,75,75.0,,75.0,70870.450236,76348.717884,76348.71782,1017.9829042666668,0.0,70870.450236,8176.40563783533,95.864483,74.0306438918919,159.72969045367066,0.9823347670873902,45,64,,False,True,,312,87.6246207195492
76,2026-09-18T06:49:18.689+00:00,2026-09-18T06:50:30.289+00:00,2026-09-18T06:50:32.241+00:00,True,23,23.0,,23.0,71599.90667499999,73552.417395,73552.41719299999,3197.9311823043477,0.0,71599.90667499999,14912.611163322099,953.7376154000001,88.75048727272727,216.7975018045051,0.3127021628192402,45,64,,False,True,,105,87.6246207195492
77,2026-09-18T06:49:18.932+00:00,2026-09-18T06:50:32.243+00:00,2026-09-18T06:50:32.410+00:00,True,17,17.0,,17.0,73311.196771,73477.386339,73477.386404,4322.1992002352945,0.0,73311.196771,17778.075116189895,14738.1681902,10.386848,25.664442115959062,0.23136370041209284,45,64,,False,True,,79,87.6246207195492
78,2026-09-18T06:49:19.383+00:00,2026-09-18T06:50:32.933+00:00,2026-09-18T06:50:33.645+00:00,True,13,13.0,,13.0,73549.847587,74261.754659,74261.754774,5712.442674923077,38.854339,73549.847587,20382.605785453234,29462.786185599998,59.32558933333333,10.117249990454317,0.1750564615621359,45,64,,False,True,,56,87.6246207195492
79,2026-09-18T06:49:19.724+00:00,2026-09-18T06:50:34.783+00:00,2026-09-18T06:50:39.178+00:00,True,80,80.0,,80.0,75058.596698,79453.66281,79453.66291999999,993.1707865,0.018,75058.596698,8385.617750610407,90.57054195,55.63374825316456,23.156177169881307,1.006876173743009,45,64,,False,True,,255,87.6246207195492
80,2026-09-18T06:49:19.980+00:00,2026-09-18T06:50:35.243+00:00,2026-09-18T06:50:38.316+00:00,True,52,52.0,,52.0,75263.71421199999,78336.72746,78336.72741299999,1506.4755271730767,31.162823,75263.71421199999,10428.850330869454,83.49833305,60.2551617254902,12.166544093569467,0.6638010252158165,45,64,,False,True,,230,87.6246207195492
81,2026-09-18T06:49:20.246+00:00,2026-09-18T06:50:36.066+00:00,2026-09-18T06:50:36.132+00:00,True,2,2.0,,2.0,75820.07114900001,75886.13450900001,75886.13444800001,37943.067224000006,66.063299,75820.07114900001,53566.17265279396,72032.37075650001,66.06336,nan,0.026355275742274132,45,64,,False,True,,4,87.6246207195492
82,2026-09-18T06:49:20.522+00:00,2026-09-18T06:50:37.258+00:00,2026-09-18T06:50:37.980+00:00,True,12,12.0,,12.0,76736.706093,77458.311981,77458.312131,6454.8593442500005,58.523232,76736.706093,22133.043230721338,34580.301617649995,65.60053527272727,8.598182799657485,0.15492204378199614,45,64,,False,True,,57,87.6246207195492
83,2026-09-18T06:49:20.845+00:00,2026-09-18T06:50:38.512+00:00,2026-09-18T06:50:43.657+00:00,True,81,81.0,,81.0,77666.44742200001,82812.07046200002,82812.07033400002,1022.3712386913581,39.307017,77666.44742200001,8622.46912997565,95.253064,64.320288,13.579429087861806,0.9781182809234129,45,64,,False,True,,360,87.6246207195492
84,2026-09-18T06:49:21.132+00:00,2026-09-18T06:50:39.554+00:00,2026-09-18T06:50:43.274+00:00,True,59,59.0,,59.0,78421.387873,82141.300321,82141.300488,1392.225432,37.79671,78421.387873,10201.255048214594,97.8678829,64.13642151724139,14.274343017561186,0.7182744827441724,45,64,,False,True,,313,87.6246207195492
85,2026-09-18T06:49:21.590+00:00,2026-09-18T06:50:40.922+00:00,2026-09-18T06:50:45.763+00:00,True,66,66.0,,66.0,79331.595611,84173.023579,84173.02372099999,1275.3488442575758,0.0,79331.595611,9756.905349151979,92.71895850000001,74.4835072,142.81920980364788,0.7840991946553537,45,64,,False,True,,332,87.6246207195492
86,2026-09-18T06:49:21.730+00:00,2026-09-18T06:50:42.018+00:00,2026-09-18T06:50:43.911+00:00,True,31,31.0,,31.0,80288.816871,82181.633511,82181.633378,2651.020431548387,36.735382,80288.816871,14408.97074652455,95.445903,63.093888,12.850213911424865,0.3772132370166462,45,64,,False,True,,120,87.6246207195492
87,2026-09-18T06:49:22.038+00:00,2026-09-18T06:50:43.207+00:00,2026-09-18T06:50:43.913+00:00,True,12,12.0,,12.0,81168.793244,81874.719644,81874.719638,6822.893303166667,35.217335,81168.793244,23412.89243896729,36578.06675105,64.17512727272727,17.414519931195056,0.14656538736471134,45,64,,False,True,,48,87.6246207195492
88,2026-09-18T06:49:22.345+00:00,2026-09-18T06:50:44.213+00:00,2026-09-18T06:50:47.156+00:00,True,48,48.0,,48.0,81867.325204,84810.89384399999,84810.893806,1766.8936209583333,0.0,81867.325204,11808.71173994677,88.81227545,62.62912,171.63962093084962,0.5659650290715076,45,64,,False,True,,194,87.6246207195492
89,2026-09-18T06:49:22.664+00:00,2026-09-18T06:50:45.760+00:00,2026-09-18T06:50:48.058+00:00,True,47,47.0,,47.0,83096.156962,85393.612322,85393.61235,1816.885369148936,0.0,83096.156962,12113.558013107591,71.1256808,49.94468173913044,23.848258465629517,0.5503924558522437,45,64,,False,True,,212,87.6246207195492
90,2026-09-18T06:49:23.043+00:00,2026-09-18T06:50:46.854+00:00,2026-09-18T06:50:52.203+00:00,True,89,89.0,,89.0,83810.378104,89159.357304,89159.357195,1001.7905302808989,36.827992,83810.378104,8877.445091314334,76.1531032,60.783854545454545,10.254767141609227,0.9982126687672651,45,64,,False,True,,384,87.6246207195492
91,2026-09-18T06:49:23.297+00:00,2026-09-18T06:50:47.739+00:00,2026-09-18T06:50:51.828+00:00,True,68,68.0,,68.0,84442.27172599999,88530.690798,88530.69072,1301.921922352941,35.860502999999994,84442.27172599999,10232.735187216898,85.84450180000002,61.021180179104476,10.70488299520855,0.7680952151966739,45,64,,False,True,,186,87.6246207195492
92,2026-09-18T06:49:23.606+00:00,2026-09-18T06:50:48.825+00:00,2026-09-18T06:50:51.647+00:00,True,47,47.0,,47.0,85219.4533,88041.27115599999,88041.271278,1873.218537829787,35.825643,85219.4533,12421.59101678228,84.0203344,61.34386643478261,10.214724748515808,0.53384054299626,45,64,,False,True,,168,87.6246207195492
93,2026-09-18T06:49:24.036+00:00,2026-09-18T06:50:50.210+00:00,2026-09-18T06:50:52.385+00:00,True,37,37.0,,37.0,86174.16371600001,88349.11514000001,88349.11522100001,2387.8139248918924,39.725046999999996,86174.16371600001,14157.01582067224,74.27281840000002,60.415317333333334,9.016078473318931,0.41879310213089244,45,64,,False,True,,165,87.6246207195492
94,2026-09-18T06:49:24.334+00:00,2026-09-18T06:50:51.584+00:00,2026-09-18T06:50:53.512+00:00,True,32,32.0,,32.0,87250.318957,89178.272877,89178.272829,2786.82102590625,35.964014000000006,87250.318957,15412.831725232494,84.33603225,62.19206193548387,9.415830271303797,0.35883179801134196,45,64,,False,True,,140,87.6246207195492
95,2026-09-18T06:49:24.663+00:00,2026-09-18T06:50:52.764+00:00,2026-09-18T06:50:58.808+00:00,True,97,97.0,,97.0,88101.613484,94145.642668,94145.64261,970.5736351546392,37.347761,88101.613484,8938.976638660191,91.01995559999999,62.958637333333336,10.04071457331416,1.0303185283047644,45,64,,False,True,,492,87.6246207195492
96,2026-09-18T06:49:24.983+00:00,2026-09-18T06:50:54.012+00:00,2026-09-18T06:50:57.104+00:00,True,50,50.0,,50.0,89029.41337000001,92121.37087400001,92121.37102800001,1842.4274205600002,35.368663999999995,89029.41337000001,12581.742470645157,93.48224309999999,63.10117355102041,12.353392140294012,0.5427622225508132,45,64,,False,True,,241,87.6246207195492
97,2026-09-18T06:49:25.380+00:00,2026-09-18T06:50:55.055+00:00,2026-09-18T06:51:00.633+00:00,True,91,91.0,,91.0,89674.570799,95253.092911,95253.093125,1046.737287087912,34.281097,89674.570799,9393.955736603151,71.42034749999999,61.98357902222222,8.826561562456346,0.955349555788452,45,64,,False,True,,362,87.6246207195492
98,2026-09-18T06:49:25.794+00:00,2026-09-18T06:50:56.937+00:00,2026-09-18T06:51:00.381+00:00,True,56,56.0,,56.0,91143.321864,94586.606088,94586.60608099999,1689.0465371607143,34.101026,91143.321864,12171.176243658696,86.77186875,62.605167709090914,9.334490256508243,0.5920499985790758,45,64,,False,True,,252,87.6246207195492
99,2026-09-18T06:49:26.115+00:00,2026-09-18T06:50:58.005+00:00,2026-09-18T06:51:01.652+00:00,True,60,60.0,,60.0,91889.519606,95536.605686,95536.605746,1592.2767624333333,35.528453999999996,91889.519606,11854.908467282323,70.3759175,61.81501830508474,8.190062148491517,0.6280315233011512,45,64,,False,True,,317,87.6246207195492
100,2026-09-18T06:49:26.465+00:00,2026-09-18T06:50:59.177+00:00,2026-09-18T06:51:03.539+00:00,True,71,71.0,,71.0,92712.602494,97073.939326,97073.93935300001,1367.2385824366197,36.102822999999994,92712.602494,10995.571137312843,80.71032100000001,62.30481188571429,9.141601308105498,0.7314012441749499,45,64,,True,True,,324,87.6246207195492
101,2026-09-18T06:49:26.856+00:00,2026-09-18T06:51:00.696+00:00,2026-09-18T06:51:06.225+00:00,True,91,91.0,,91.0,93840.133911,99368.573207,99368.573259,1091.9623435054946,38.829089,93840.133911,9830.68207324828,68.93793299999999,61.42710328888889,6.962136988477884,0.9157824960456363,45,64,,True,True,,441,87.6246207195492
102,2026-09-18T06:49:27.304+00:00,2026-09-18T06:51:02.642+00:00,2026-09-18T06:51:02.769+00:00,True,3,3.0,,3.0,95338.00771199999,95464.35548799999,95464.355338,31821.45177933333,60.379598,95338.00771199999,55006.95106955408,85810.80374359999,63.173888,3.951652104525397,0.03142534179028847,45,64,,True,True,,10,87.6246207195492
103,2026-09-18T06:49:27.750+00:00,2026-09-18T06:51:04.105+00:00,2026-09-18T06:51:08.144+00:00,True,67,67.0,,67.0,96354.91636399999,100393.89005999999,100393.89011899999,1498.4162704328357,35.768694,96354.91636399999,11764.15505222207,86.3175445,61.19657115151515,10.719953331798292,0.6673712908221578,45,64,,True,True,,331,87.6246207195492
104,2026-09-18T06:49:28.099+00:00,2026-09-18T06:51:05.669+00:00,2026-09-18T06:51:07.752+00:00,True,34,34.0,,34.0,97570.743076,99653.519652,99653.519592,2930.985870352941,41.886583,97570.743076,16722.424406682894,92.69045719999998,63.11444169696969,11.826094345853283,0.3411821290279699,45,64,,True,True,,184,87.6246207195492
105,2026-09-18T06:49:28.503+00:00,2026-09-18T06:51:07.032+00:00,2026-09-18T06:51:08.719+00:00,True,29,29.0,,29.0,98528.84724500001,100215.23956500001,100215.23957500001,3455.6979163793108,37.469511,98528.84724500001,18285.167769638298,92.31119360000001,60.228297142857144,12.73199184082767,0.289377145889977,45,64,,True,True,,156,87.6246207195492
106,2026-09-18T06:49:28.887+00:00,2026-09-18T06:51:08.434+00:00,2026-09-18T06:51:11.495+00:00,True,50,50.0,,50.0,99547.020694,102608.334486,102608.334449,2052.1666889800003,40.464945,99547.020694,14069.243039632029,86.4402388,62.47579167346939,10.412970477559861,0.48728985077544607,45,64,,True,True,,304,87.6246207195492
107,2026-09-18T06:49:29.138+00:00,2026-09-18T06:51:09.792+00:00,2026-09-18T06:51:14.953+00:00,True,83,83.0,,83.0,100654.488457,105815.856521,105815.856595,1274.889838493976,36.203883000000005,100654.488457,11041.360224156408,78.4018819,62.94351297560976,9.134330034654285,0.7843814975265828,45,64,,True,True,,451,87.6246207195492
108,2026-09-18T06:49:29.483+00:00,2026-09-18T06:51:11.210+00:00,2026-09-18T06:51:12.535+00:00,True,21,21.0,,21.0,101726.894545,103051.98689700001,103051.986892,4907.237471047619,37.120931,101726.894545,22184.173474754018,93.714707,66.2546176,12.05131624646553,0.20378064152212227,45,64,,True,True,,84,87.6246207195492
109,2026-09-18T06:49:29.831+00:00,2026-09-18T06:51:12.410+00:00,2026-09-18T06:51:13.205+00:00,True,14,14.0,,14.0,102578.962171,103373.79148300001,103373.79134000001,7383.842238571429,39.596057,102578.962171,27399.04271896009,35962.206407,61.1407163076923,12.025203971180137,0.13543084566364505,45,64,,True,True,,43,87.6246207195492
110,2026-09-18T06:49:30.087+00:00,2026-09-18T06:51:13.454+00:00,2026-09-18T06:51:19.608+00:00,True,96,96.0,,96.0,103366.533545,109520.73181699999,109520.731635,1140.84095453125,35.441565000000004,103366.533545,10543.195537832711,92.96926275,64.78103444210527,9.870300697725376,0.8765463707858343,45,64,,True,True,,423,87.6246207195492
111,2026-09-18T06:49:30.341+00:00,2026-09-18T06:51:14.147+00:00,2026-09-18T06:51:17.614+00:00,True,55,55.0,,55.0,103806.029904,107273.55348799999,107273.553476,1950.4282450181818,49.604318,103806.029904,13988.546173122095,90.71765490000001,64.2133997037037,8.42365221018816,0.5127079155269383,45,64,,True,True,,252,87.6246207195492
112,2026-09-18T06:49:30.648+00:00,2026-09-18T06:51:15.204+00:00,2026-09-18T06:51:20.206+00:00,True,78,78.0,,78.0,104555.856039,109558.265255,109558.26516000001,1404.593143076923,39.177827,104555.856039,11831.268846779432,94.02226334999999,64.96635345454546,11.356731432690694,0.711949936578977,45,64,,True,True,,286,87.6246207195492
113,2026-09-18T06:49:31.026+00:00,2026-09-18T06:51:16.862+00:00,2026-09-18T06:51:18.806+00:00,True,30,30.0,,30.0,105835.31142299999,107779.63500699999,107779.63503399999,3592.6545011333333,35.849364,105835.31142299999,19310.560880279438,98.6568044,67.0456408275862,15.32074102893271,0.2783457190038877,45,64,,True,True,,126,87.6246207195492
114,2026-09-18T06:49:31.360+00:00,2026-09-18T06:51:18.296+00:00,2026-09-18T06:51:24.269+00:00,True,95,95.0,,95.0,106936.748427,112909.332107,112909.331945,1188.519283631579,35.665504999999996,106936.748427,10964.965980095592,91.5706187,63.53812425531915,11.494849962557732,0.841383065750243,45,64,,True,True,,189,87.6246207195492
115,2026-09-18T06:49:31.640+00:00,2026-09-18T06:51:19.022+00:00,2026-09-18T06:51:23.257+00:00,True,69,69.0,,69.0,107381.860025,111616.84908100001,111616.849048,1617.6354934492754,39.537516000000004,107381.860025,12919.763892045417,93.103266,62.279250823529416,10.992607003789553,0.6181862377240814,45,64,,True,True,,332,87.6246207195492
116,2026-09-18T06:49:32.053+00:00,2026-09-18T06:51:20.677+00:00,2026-09-18T06:51:25.243+00:00,True,74,74.0,,74.0,108624.10334,113190.009004,113190.009151,1529.5947182567568,39.488727,108624.10334,12620.028892119064,90.88277215,62.54665293150685,10.452248032939357,0.6537679487010636,45,64,,True,True,,348,87.6246207195492
117,2026-09-18T06:49:32.428+00:00,2026-09-18T06:51:22.095+00:00,2026-09-18T06:51:27.038+00:00,True,80,80.0,,80.0,109667.42781200001,114610.28451600001,114610.28447500001,1432.6285559375,33.510958,109667.42781200001,12254.200908890112,91.82516089999999,62.567806379746834,11.170625584938081,0.6980176372289846,45,64,,True,True,,281,87.6246207195492
118,2026-09-18T06:49:32.844+00:00,2026-09-18T06:51:23.959+00:00,2026-09-18T06:51:25.374+00:00,True,24,24.0,,24.0,111114.818427,112529.834363,112529.834359,4688.743098291667,45.692825,111114.818427,22668.65956377469,68.184956,61.522432,4.585237717349252,0.21327677354061084,45,64,,True,True,,91,87.6246207195492
119,2026-09-18T06:49:33.109+00:00,2026-09-18T06:51:24.934+00:00,2026-09-18T06:51:27.252+00:00,True,38,38.0,,38.0,111824.848305,114143.334833,114143.334715,3003.7719661842107,37.466801,111824.848305,18130.223630754568,88.3791344,62.66179805405405,10.407410657643934,0.33291475192657344,45,64,,True,True,,183,87.6246207195492
120,2026-09-18T06:49:33.533+00:00,2026-09-18T06:51:26.662+00:00,2026-09-18T06:51:28.322+00:00,True,26,26.0,,26.0,113128.908066,114789.22781,114789.227973,4414.970306653846,38.349889000000005,113128.908066,22173.38470102533,95.72677075,66.41278976,15.348485026787936,0.22650208992637705,45,64,,True,True,,112,87.6246207195492
121,2026-09-18T06:49:33.911+00:00,2026-09-18T06:51:28.321+00:00,2026-09-18T06:51:32.757+00:00,True,73,73.0,,73.0,114410.281117,118846.260893,118846.260788,1628.0309696986303,37.231911999999994,114410.281117,13383.504077263648,89.0664274,61.610830222222226,11.084391294926268,0.6142389289447109,45,64,,True,True,,370,87.6246207195492
122,2026-09-18T06:49:34.278+00:00,2026-09-18T06:51:29.901+00:00,2026-09-18T06:51:31.607+00:00,True,29,29.0,,29.0,115623.07902599999,117328.500594,117328.500439,4045.810359965517,37.887809999999995,115623.07902599999,21459.358931849085,82.6085052,60.90791314285714,10.51793184360713,0.24716927134653094,45,64,,True,True,,131,87.6246207195492
123,2026-09-18T06:49:34.605+00:00,2026-09-18T06:51:31.285+00:00,2026-09-18T06:51:33.133+00:00,True,29,29.0,,29.0,116680.20740099999,118527.266089,118527.26610299999,4087.147107,36.325323,116680.20740099999,21654.725386086266,98.34823039999999,65.96638171428572,14.15937433467853,0.24466944152938128,45,64,,True,True,,148,87.6246207195492
124,2026-09-18T06:49:35.193+00:00,2026-09-18T06:51:31.792+00:00,2026-09-18T06:51:35.204+00:00,True,54,54.0,,54.0,116598.458695,120010.602567,120010.60251,2222.418565,38.761998,116598.458695,15858.286564588347,96.50677329999999,64.38007305660378,15.15523770672593,0.4499602438863905,45,64,,True,True,,228,87.6246207195492
125,2026-09-18T06:49:35.385+00:00,2026-09-18T06:51:34.419+00:00,2026-09-18T06:51:35.965+00:00,True,26,26.0,,26.0,119033.951086,120579.825518,120579.825515,4637.685596730769,36.487002000000004,119033.951086,23332.354899897357,92.46203600000001,61.834977280000004,12.66414836130735,0.2156247936858953,45,64,,True,True,,88,87.6246207195492
126,2026-09-18T06:49:35.698+00:00,2026-09-18T06:51:35.897+00:00,2026-09-18T06:51:37.133+00:00,True,21,21.0,,21.0,120198.780609,121435.32921699999,121435.32913999999,5782.634720952381,37.114131,120198.780609,26216.033236964682,70.01777,61.8274304,6.536402950310099,0.17293155241893285,45,64,,True,True,,110,87.6246207195492
127,2026-09-18T06:49:36.043+00:00,2026-09-18T06:51:37.132+00:00,2026-09-18T06:51:43.134+00:00,True,98,98.0,,98.0,121089.14718799999,127091.456564,127091.45654999999,1296.8515974489794,34.256845999999996,121089.14718799999,12225.604989053441,92.963526,61.87947810309278,10.827610722776088,0.7710982519950089,45,64,,True,True,,536,87.6246207195492
128,2026-09-18T06:49:36.326+00:00,2026-09-18T06:51:38.421+00:00,2026-09-18T06:51:40.901+00:00,True,42,42.0,,42.0,122094.795306,124575.029802,124575.029726,2966.072136333333,33.534348,122094.795306,18830.30420764782,68.10616715,60.49352429268292,10.080036651315606,0.3371462167559177,45,64,,True,True,,158,87.6246207195492
129,2026-09-18T06:49:36.613+00:00,2026-09-18T06:51:39.533+00:00,2026-09-18T06:51:42.943+00:00,True,57,57.0,,57.0,122920.600006,126330.58374999999,126330.58368499999,2216.326029561403,38.049339999999994,122920.600006,16273.168338273652,74.1448452,60.89256685714286,9.192234850479705,0.4511971551781894,45,64,,True,True,,296,87.6246207195492
130,2026-09-18T06:49:36.986+00:00,2026-09-18T06:51:40.864+00:00,2026-09-18T06:51:44.512+00:00,True,60,60.0,,60.0,123877.630013,127526.427453,127526.42745,2125.4404575,37.376911,123877.630013,15984.551842082212,78.49244215,61.84402440677966,9.202953865319898,0.4704907147352894,45,64,,True,True,,233,87.6246207195492
131,2026-09-18T06:49:37.356+00:00,2026-09-18T06:51:42.632+00:00,2026-09-18T06:51:45.505+00:00,True,48,48.0,,48.0,125275.740593,128148.49707299999,128148.497175,2669.7603578125,38.121809,125275.740593,18073.17457667471,69.3620632,61.12247829787234,6.680048560120281,0.37456545411263564,45,64,,True,True,,106,87.6246207195492
132,2026-09-18T06:49:37.706+00:00,2026-09-18T06:51:43.943+00:00,2026-09-18T06:51:45.251+00:00,True,23,23.0,,23.0,126236.832582,127544.70663,127544.70667300001,5545.42202926087,38.458589,126236.832582,26309.804509628408,71.8902927,59.448820363636365,8.359639047282766,0.18032892628560196,45,64,,True,True,,88,87.6246207195492
133,2026-09-18T06:49:38.043+00:00,2026-09-18T06:51:45.145+00:00,2026-09-18T06:51:47.465+00:00,True,40,40.0,,40.0,127101.66654199999,129421.721326,129421.721308,3235.5430327,39.180536999999994,127101.66654199999,20087.134621715424,69.6732031,59.488584205128205,10.271669355832014,0.3090671302326764,45,64,,True,True,,193,87.6246207195492
134,2026-09-18T06:49:38.341+00:00,2026-09-18T06:51:45.876+00:00,2026-09-18T06:51:49.510+00:00,True,61,61.0,,61.0,127535.134988,131169.17095600002,131169.171005,2150.314278770492,36.005273,127535.134988,16321.449079338361,73.163284,60.567266133333334,10.238086662097597,0.4650483002630406,45,64,,True,True,,288,87.6246207195492
135,2026-09-18T06:49:38.713+00:00,2026-09-18T06:51:47.590+00:00,2026-09-18T06:51:49.195+00:00,True,27,27.0,,27.0,128877.115181,130482.766381,130482.766448,4832.69505362963,37.43744,128877.115181,24790.528807642157,76.5024721,61.75581538461538,8.311315799625563,0.2069238777568679,45,64,,True,True,,124,87.6246207195492
136,2026-09-18T06:49:39.007+00:00,2026-09-18T06:51:48.533+00:00,2026-09-18T06:51:53.132+00:00,True,75,75.0,,75.0,129525.86280599999,134124.707222,134124.707213,1788.3294295066664,38.708118,129525.86280599999,14949.185393275971,81.7437027,62.14654616216216,9.703469913850043,0.5591810901466633,45,64,,True,True,,356,87.6246207195492
137,2026-09-18T06:49:39.383+00:00,2026-09-18T06:51:49.630+00:00,2026-09-18T06:51:52.560+00:00,True,48,48.0,,48.0,130247.377974,133176.920118,133176.92020300002,2774.519170895833,37.345819999999996,130247.377974,18790.59635421478,89.68334755,62.33068391489362,11.307989611717948,0.36042281168140927,45,64,,True,True,,228,87.6246207195492
138,2026-09-18T06:49:39.833+00:00,2026-09-18T06:51:51.427+00:00,2026-09-18T06:51:52.379+00:00,True,15,15.0,,15.0,131594.063124,132545.96712400002,132545.96701,8836.397800666668,58.280671000000005,131594.063124,33959.88697303923,39543.5575294,67.99314285714286,11.245723931251755,0.11316828663649292,45,64,,True,True,,58,87.6246207195492
139,2026-09-18T06:49:40.253+00:00,2026-09-18T06:51:52.936+00:00,2026-09-18T06:51:56.088+00:00,True,52,52.0,,52.0,132683.759835,135835.34050700002,135835.340411,2612.218084826923,39.526847000000004,132683.759835,18391.360046997008,79.33372695,61.79569945098039,9.997994510424066,0.38281642911124647,45,64,,True,True,,242,87.6246207195492
140,2026-09-18T06:49:40.524+00:00,2026-09-18T06:51:53.894+00:00,2026-09-18T06:51:55.849+00:00,True,33,33.0,,33.0,133370.39343999999,135324.72559999998,135324.72552699997,4100.749258393939,32.26293,133370.39343999999,23206.176653233888,80.9538532,61.07288,11.188078660774417,0.24385787485387672,45,64,,True,True,,152,87.6246207195492
141,2026-09-18T06:49:40.827+00:00,2026-09-18T06:51:55.301+00:00,2026-09-18T06:52:00.104+00:00,True,81,81.0,,81.0,134473.884907,139277.108203,139277.108174,1719.4704712839507,34.094955999999996,134473.884907,14934.873818054815,68.957911,60.040291200000006,8.146479552931494,0.5815743954271393,45,64,,True,True,,338,87.6246207195492
142,2026-09-18T06:49:41.102+00:00,2026-09-18T06:51:56.154+00:00,2026-09-18T06:51:58.198+00:00,True,36,36.0,,36.0,135052.25666400002,137096.261528,137096.261613,3808.2294892500004,36.491532,135052.25666400002,22498.97884053023,79.114282,58.400138971428575,11.293470467040109,0.26258921723148154,45,64,,True,True,,172,87.6246207195492
143,2026-09-18T06:49:41.358+00:00,2026-09-18T06:51:57.484+00:00,2026-09-18T06:52:03.037+00:00,True,91,91.0,,91.0,136126.10655700002,141678.92575700002,141678.92554700002,1556.911269747253,36.038393,136126.10655700002,14263.429531776686,86.45463899999999,61.697991111111115,10.606561896277746,0.6422973601315854,45,64,,True,True,,487,87.6246207195492
144,2026-09-18T06:49:41.806+00:00,2026-09-18T06:51:59.108+00:00,2026-09-18T06:52:02.588+00:00,True,57,57.0,,57.0,137301.553167,140781.568527,140781.568471,2469.8520784385964,36.687022,137301.553167,18177.807292034446,92.5220872,62.14313142857142,11.162726194866119,0.4048825467452309,45,64,,True,True,,278,87.6246207195492
145,2026-09-18T06:49:42.147+00:00,2026-09-18T06:52:00.222+00:00,2026-09-18T06:52:00.608+00:00,True,7,7.0,,7.0,138074.64855,138460.45591000002,138460.45591100003,19780.06513014286,33.427378,138074.64855,52163.01156162579,96681.63092640002,64.30122666666666,20.52723751626404,0.050555950823605804,45,64,,True,True,,22,87.6246207195492
146,2026-09-18T06:49:42.595+00:00,2026-09-18T06:52:01.988+00:00,2026-09-18T06:52:06.532+00:00,True,74,74.0,,74.0,139392.95383399999,143937.214186,143937.214224,1945.0974895135132,40.096565000000005,139392.95383399999,16196.86943260537,92.44393445000001,62.250141808219176,11.63810413019129,0.5141130486544986,45,64,,True,True,,286,87.6246207195492
147,2026-09-18T06:49:42.949+00:00,2026-09-18T06:52:03.470+00:00,2026-09-18T06:52:03.639+00:00,True,4,4.0,,4.0,140521.364104,140690.528392,140690.528629,35172.63215725,35.395654,140521.364104,70232.48953508679,119453.287519,56.388096,18.191157699072154,0.028431196084891877,45,64,,True,True,,12,87.6246207195492
148,2026-09-18T06:49:43.192+00:00,2026-09-18T06:52:04.144+00:00,2026-09-18T06:52:04.603+00:00,True,8,8.0,,8.0,140951.876708,141411.31657999998,141411.316591,17676.414573875,55.371307,140951.876708,49810.809488061466,91648.70280620002,65.63426742857142,9.556691477603444,0.05657255864295837,45,64,,True,True,,28,87.6246207195492
149,2026-09-18T06:49:43.496+00:00,2026-09-18T06:52:05.130+00:00,2026-09-18T06:52:07.582+00:00,True,40,40.0,,40.0,141634.28206,144085.394764,144085.394732,3602.1348683,37.755289,141634.28206,22384.413095438416,93.55214,62.849043692307696,13.721907470099167,0.2776131478524711,45,64,,True,True,,170,87.6246207195492
150,2026-09-18T06:49:43.879+00:00,2026-09-18T06:52:06.845+00:00,2026-09-18T06:52:11.916+00:00,True,83,83.0,,83.0,142966.249491,148036.889875,148036.88980099998,1783.576985554217,35.806593,142966.249491,15685.800453526239,90.03775969999998,61.837077853658535,10.354053694683603,0.5606710602342693,45,64,,True,True,,366,87.6246207195492
151,2026-09-18T06:49:44.252+00:00,2026-09-18T06:52:08.430+00:00,2026-09-18T06:52:13.394+00:00,True,81,81.0,,81.0,144177.538116,149141.59059600002,149141.590605,1841.2542050000002,35.569804,144177.538116,16012.834724582035,75.897708,62.050656,9.503018376753857,0.5431080604431506,45,64,,True,True,,298,87.6246207195492
152,2026-09-18T06:49:44.562+00:00,2026-09-18T06:52:09.540+00:00,2026-09-18T06:52:13.032+00:00,True,58,58.0,,58.0,144978.026828,148470.229836,148470.229859,2559.8315492931033,37.008751,144978.026828,19028.505447501597,73.34894145,61.266719438596496,10.066739288625273,0.39065070528998785,45,64,,True,True,,218,87.6246207195492
153,2026-09-18T06:49:45.004+00:00,2026-09-18T06:52:11.349+00:00,2026-09-18T06:52:16.939+00:00,True,90,90.0,,90.0,146344.964762,151934.900122,151934.900015,1688.165555722222,37.17077,146344.964762,15419.497354456511,87.357296,62.80826247191011,11.402100231220937,0.592358963791283,45,64,,True,True,,400,87.6246207195492
154,2026-09-18T06:49:45.273+00:00,2026-09-18T06:52:12.358+00:00,2026-09-18T06:52:14.081+00:00,True,28,28.0,,28.0,147085.083049,148808.125609,148808.12558700002,5314.575913821429,33.999627000000004,147085.083049,27784.41109528081,95.02907135,63.81639111111111,13.817126793192116,0.18816176795057046,45,64,,True,True,,123,87.6246207195492
155,2026-09-18T06:49:45.607+00:00,2026-09-18T06:52:13.550+00:00,2026-09-18T06:52:14.142+00:00,True,11,11.0,,11.0,147942.58745300001,148534.245949,148534.24588,13503.113261818184,34.857825,147942.58745300001,44588.530212050784,74004.96790400002,59.1658496,9.55577726547755,0.07405699560878982,45,64,,True,True,,40,87.6246207195492
156,2026-09-18T06:49:45.931+00:00,2026-09-18T06:52:14.828+00:00,2026-09-18T06:52:19.236+00:00,True,71,71.0,,71.0,148896.588999,153304.573127,153304.573064,2159.2193389295776,35.440064,148896.588999,17663.306216907873,96.95912899999999,62.97120182857143,13.968466466144543,0.4631303460281152,45,64,,True,True,,393,87.6246207195492
157,2026-09-18T06:49:46.232+00:00,2026-09-18T06:52:16.256+00:00,2026-09-18T06:52:16.715+00:00,True,9,9.0,,9.0,150024.203873,150483.241569,150483.241628,16720.36018088889,39.784616,150024.203873,49988.9421777907,90040.4392278,57.379712,9.520296526236205,0.05980732409909774,45,64,,True,True,,42,87.6246207195492
158,2026-09-18T06:49:46.522+00:00,2026-09-18T06:52:17.248+00:00,2026-09-18T06:52:23.145+00:00,True,93,93.0,,93.0,150726.497349,156622.913861,156622.91392800002,1684.1173540645163,36.603201999999996,150726.497349,15622.968643888758,95.8296908,64.09148382608696,12.485160247402355,0.5937828489293452,45,64,,True,True,,463,87.6246207195492
159,2026-09-18T06:49:46.851+00:00,2026-09-18T06:52:18.388+00:00,2026-09-18T06:52:21.402+00:00,True,48,48.0,,48.0,151536.247553,154550.740737,154550.740914,3219.807102375,38.541669,151536.247553,21863.1193595561,97.02203625,64.13815285106384,12.63956163792375,0.31057761205869544,45,64,,True,True,,243,87.6246207195492
160,2026-09-18T06:49:47.253+00:00,2026-09-18T06:52:20.092+00:00,2026-09-18T06:52:23.866+00:00,True,60,60.0,,60.0,152839.209936,156612.741328,156612.741193,2610.2123532166665,35.603643,152839.209936,19723.203545349996,91.0077458,63.958159186440675,11.59455525887979,0.3831105917132229,45,64,,True,True,,220,87.6246207195492
161,2026-09-18T06:49:47.516+00:00,2026-09-18T06:52:21.056+00:00,2026-09-18T06:52:22.783+00:00,True,28,28.0,,28.0,153539.574706,155266.62622600002,155266.62630700003,5545.236653821429,45.329536,153539.574706,29004.16561367356,93.755874,63.964871111111115,9.874758505013373,0.1803349546556405,45,64,,True,True,,127,87.6246207195492
162,2026-09-18T06:49:47.847+00:00,2026-09-18T06:52:22.313+00:00,2026-09-18T06:52:28.522+00:00,True,99,99.0,,99.0,154466.037313,160675.251777,160675.25184900002,1622.982341909091,35.840903,154466.037313,15518.056803928033,93.5239108,63.359331265306125,10.900070785135256,0.6161496490909588,45,64,,True,True,,405,87.6246207195492
163,2026-09-18T06:49:48.102+00:00,2026-09-18T06:52:23.361+00:00,2026-09-18T06:52:25.603+00:00,True,36,36.0,,36.0,155259.15681000001,157501.41473000002,157501.41455000002,4375.039293055556,37.72714,155259.15681000001,25865.851123578374,91.19658,64.064512,11.320212819456957,0.22856937546696787,45,64,,True,True,,147,87.6246207195492
164,2026-09-18T06:49:48.822+00:00,2026-09-18T06:52:24.560+00:00,2026-09-18T06:52:25.982+00:00,True,23,23.0,,23.0,155737.161405,157159.881149,157159.881103,6833.038308826087,41.131103,155737.161405,32459.95998646381,94.7522316,64.66907927272727,9.978169963520518,0.14634778183749186,45,64,,True,True,,106,87.6246207195492
165,2026-09-18T06:49:48.892+00:00,2026-09-18T06:52:25.477+00:00,2026-09-18T06:52:25.915+00:00,True,8,8.0,,8.0,156585.517642,157022.910282,157022.910397,19627.863799625,54.951288,156585.517642,55339.24915754057,101803.8930219,62.48466285714286,4.36606208450206,0.050947979410346365,45,64,,True,True,,24,87.6246207195492
166,2026-09-18T06:49:49.089+00:00,2026-09-18T06:52:26.659+00:00,2026-09-18T06:52:31.623+00:00,True,81,81.0,,81.0,157570.433521,162534.083825,162534.083759,2006.593626654321,32.665159,157570.433521,17500.935355488768,77.035426,62.045628799999996,10.925031991079521,0.4983570097654869,45,64,,True,True,,383,87.6246207195492
167,2026-09-18T06:49:49.363+00:00,2026-09-18T06:52:27.990+00:00,2026-09-18T06:52:28.688+00:00,True,12,12.0,,12.0,158627.383767,159325.191639,159325.191647,13277.099303916666,40.108056,158627.383767,45773.471900375975,71442.8032554,63.437079272727274,18.087008227820174,0.07531765615063357,45,64,,True,True,,37,87.6246207195492
168,2026-09-18T06:49:49.770+00:00,2026-09-18T06:52:29.483+00:00,2026-09-18T06:52:30.587+00:00,True,19,19.0,,19.0,159713.168875,160816.673515,160816.673568,8464.03545094737,32.33912,159713.168875,36626.65012614879,16032.1296031,61.30581333333333,7.870971950117768,0.11814695320275852,45,64,,True,True,,85,87.6246207195492
169,2026-09-18T06:49:50.205+00:00,2026-09-18T06:52:31.229+00:00,2026-09-18T06:52:36.557+00:00,True,82,82.0,,82.0,161023.934373,166352.092581,166352.09252099998,2028.6840551341463,37.62336,161023.934373,17774.860936487567,101.65862930000002,65.77973096296296,15.04082474270591,0.49293037873913514,45,64,,True,True,,334,87.6246207195492
170,2026-09-18T06:49:50.569+00:00,2026-09-18T06:52:32.592+00:00,2026-09-18T06:52:38.529+00:00,True,93,93.0,,93.0,162022.94812400002,167959.225884,167959.22567900002,1806.0131793440862,34.646816,162022.94812400002,16794.31276627113,101.3665912,64.52475826086956,14.9792249227063,0.5537058146733176,45,64,,True,True,,439,87.6246207195492
171,2026-09-18T06:49:50.901+00:00,2026-09-18T06:52:34.119+00:00,2026-09-18T06:52:35.743+00:00,True,26,26.0,,26.0,163217.72749000002,164841.50477000003,164841.504974,6340.057883615385,38.321148,163217.72749000002,31996.894473803037,94.87365275,64.95109120000001,12.989149387262792,0.15772726678440158,45,64,,True,True,,118,87.6246207195492
172,2026-09-18T06:49:51.295+00:00,2026-09-18T06:52:35.679+00:00,2026-09-18T06:52:41.673+00:00,True,95,95.0,,95.0,164384.301439,170378.012287,170378.012098,1793.4527589263157,34.638146,164384.301439,16858.936566420416,93.27141639999999,63.76288136170213,13.092802359031277,0.5575836853876044,45,64,,True,True,,507,87.6246207195492
173,2026-09-18T06:49:51.657+00:00,2026-09-18T06:52:37.008+00:00,2026-09-18T06:52:39.124+00:00,True,34,34.0,,34.0,165350.658801,167466.326001,167466.326008,4925.4801767058825,36.934781,165350.658801,28346.412946914505,103.3469847,64.11112727272727,15.057049607127734,0.2030258907083026,45,64,,True,True,,169,87.6246207195492
174,2026-09-18T06:49:51.935+00:00,2026-09-18T06:52:38.148+00:00,2026-09-18T06:52:41.861+00:00,True,60,60.0,,60.0,166213.607456,169926.392352,169926.392447,2832.1065407833335,38.204459,166213.607456,21449.962845607075,91.34240439999999,62.92855755932204,10.307625899317069,0.353094061313977,45,64,,True,True,,263,87.6246207195492
175,2026-09-18T06:49:52.327+00:00,2026-09-18T06:52:39.483+00:00,2026-09-18T06:52:43.301+00:00,True,62,62.0,,62.0,167155.59721399998,170973.933726,170973.93373699998,2757.6440925322577,33.946127,167155.59721399998,21220.834937566495,91.7029335,62.595680524590165,10.43176230471206,0.36262837643637647,45,64,,True,True,,349,87.6246207195492
176,2026-09-18T06:49:52.729+00:00,2026-09-18T06:52:41.388+00:00,2026-09-18T06:52:46.354+00:00,True,80,80.0,,80.0,168658.831355,173625.395195,173625.395007,2170.3174375875,38.398339,168658.831355,18849.604707179962,88.56392445,62.86789670886076,10.623317486975106,0.4607620901893493,45,64,,True,True,,199,87.6246207195492
177,2026-09-18T06:49:53.109+00:00,2026-09-18T06:52:42.762+00:00,2026-09-18T06:52:46.528+00:00,True,62,62.0,,62.0,169653.744354,173419.165154,173419.164944,2797.083305548387,33.468557999999994,169653.744354,21538.210660173874,87.12981115000001,61.728209836065574,11.597478852431692,0.3575152719997392,45,64,,True,True,,320,87.6246207195492
178,2026-09-18T06:49:53.355+00:00,2026-09-18T06:52:43.693+00:00,2026-09-18T06:52:43.987+00:00,True,6,6.0,,6.0,170337.627784,170631.901064,170631.90095500002,28438.650159166667,37.945519,170337.627784,69516.01891814508,127770.10307150001,58.854656,12.348782513840948,0.03516341295259637,45,64,,True,True,,26,87.6246207195492
179,2026-09-18T06:49:53.650+00:00,2026-09-18T06:52:44.584+00:00,2026-09-18T06:52:47.918+00:00,True,54,54.0,,54.0,170934.022456,174268.020792,174268.020872,3227.1855717037038,38.531597999999995,170934.022456,23252.617662478424,94.97881670000001,62.905628981132075,13.569383594839056,0.30986752333896334,45,64,,True,True,,204,87.6246207195492
180,2026-09-18T06:49:53.942+00:00,2026-09-18T06:52:45.717+00:00,2026-09-18T06:52:46.006+00:00,True,6,6.0,,6.0,171774.942733,172064.41319700002,172064.413154,28677.402192333335,45.131156000000004,171774.942733,70103.19193696571,128847.488562,57.894092799999996,8.188459297628292,0.034870662030099614,45,64,,True,True,,23,87.6246207195492
181,2026-09-18T06:49:54.252+00:00,2026-09-18T06:52:47.070+00:00,2026-09-18T06:52:48.162+00:00,True,18,18.0,,18.0,172817.375435,173910.136267,173910.136108,9661.674228222222,43.936738,172817.375435,40718.29803182606,26024.653282850002,64.28004894117647,15.995016582379872,0.10350173018302418,45,64,,True,True,,89,87.6246207195492
182,2026-09-18T06:49:54.673+00:00,2026-09-18T06:52:48.801+00:00,2026-09-18T06:52:53.422+00:00,True,74,74.0,,74.0,174127.80115400002,178749.38912200002,178749.38922,2415.532286756757,38.067849,174127.80115400002,20234.589411784815,94.3282734,63.309424219178084,11.564125030391072,0.4139874287877623,45,64,,True,True,,147,87.6246207195492
183,2026-09-18T06:49:55.097+00:00,2026-09-18T06:52:50.273+00:00,2026-09-18T06:52:54.275+00:00,True,63,63.0,,63.0,175176.27561500002,179178.434719,179178.43465900002,2844.102137444445,36.510492,175176.27561500002,22062.0078993298,93.2991891,64.55095329032258,13.923446113128696,0.3516048128157886,45,64,,True,True,,272,87.6246207195492
184,2026-09-18T06:49:55.477+00:00,2026-09-18T06:52:51.990+00:00,2026-09-18T06:52:53.482+00:00,True,25,25.0,,25.0,176512.56448,178004.940032,178004.940023,7120.19760092,39.805716000000004,176512.56448,35290.07753824614,89.6458224,62.18231466666666,9.02163088735849,0.140445540418742,45,64,,True,True,,127,87.6246207195492
185,2026-09-18T06:49:55.857+00:00,2026-09-18T06:52:53.421+00:00,2026-09-18T06:52:56.563+00:00,True,48,48.0,,48.0,177564.356147,180706.079283,180706.07914800002,3764.7099822500004,40.935733,177564.356147,25619.562184935618,98.09250035000001,66.84517310638299,13.042429229238406,0.2656247105269115,45,64,,True,True,,211,87.6246207195492
186,2026-09-18T06:49:56.140+00:00,2026-09-18T06:52:54.088+00:00,2026-09-18T06:52:57.605+00:00,True,55,55.0,,55.0,177948.312113,181465.229873,181465.229933,3299.3678169636364,38.321498,177948.312113,23985.76731514609,96.90465640000001,65.12810666666667,13.40591523984971,0.3030883659557934,45,64,,True,True,,58,87.6246207195492
187,2026-09-18T06:49:56.535+00:00,2026-09-18T06:52:56.046+00:00,2026-09-18T06:52:57.107+00:00,True,18,18.0,,18.0,179511.767013,180572.204773,180572.204762,10031.789153444444,40.305245,179511.767013,42296.628318099174,27010.3379929,62.378691764705884,12.943774466316421,0.0996831158074858,45,64,,True,True,,71,87.6246207195492
188,2026-09-18T06:49:56.816+00:00,2026-09-18T06:52:57.112+00:00,2026-09-18T06:52:57.501+00:00,True,7,7.0,,7.0,180296.159241,180685.10900099998,180685.10902499998,25812.158432142856,58.740881,180296.159241,68121.0416197193,126231.11931599998,64.82496,7.455265417849696,0.038741432753936905,45,64,,True,True,,21,87.6246207195492
189,2026-09-18T06:49:57.244+00:00,2026-09-18T06:52:58.641+00:00,2026-09-18T06:53:02.334+00:00,True,60,60.0,,60.0,181396.841105,185089.741969,185089.741897,3084.8290316166667,41.470262999999996,181396.841105,23410.152779544675,87.99008445,62.59154006779661,9.32050251672942,0.32416707355964214,45,64,,True,True,,326,87.6246207195492
190,2026-09-18T06:49:57.540+00:00,2026-09-18T06:52:59.568+00:00,2026-09-18T06:53:04.897+00:00,True,88,88.0,,88.0,182027.77878,187356.549852,187356.54989599998,2129.051703363636,38.645797,182027.77878,19397.69840877695,68.99674885,61.25024220689655,7.116246554725642,0.4696926799170593,45,64,,True,True,,337,87.6246207195492
191,2026-09-18T06:49:57.800+00:00,2026-09-18T06:53:00.469+00:00,2026-09-18T06:53:01.609+00:00,True,19,19.0,,19.0,182668.752267,183808.737419,183808.737407,9674.144074052632,57.235433,182668.752267,41892.55655722497,18332.6393724,63.33250844444445,3.9336705452911387,0.10336831788735197,45,64,,True,True,,79,87.6246207195492
192,2026-09-18T06:49:58.230+00:00,2026-09-18T06:53:02.460+00:00,2026-09-18T06:53:03.175+00:00,True,13,13.0,,13.0,184230.27735,184945.652966,184945.652863,14226.58868176923,41.031343,184230.27735,51079.75192603841,73733.3688966,59.61463466666667,7.829783337243843,0.07029091947562505,45,64,,True,True,,48,87.6246207195492
193,2026-09-18T06:49:58.646+00:00,2026-09-18T06:53:04.107+00:00,2026-09-18T06:53:07.361+00:00,True,56,56.0,,56.0,185461.65480000002,188715.71483200003,188715.715021,3369.9234825178573,37.46611,185461.65480000002,24775.451391519317,68.34249974999999,59.164727854545454,8.749374275205572,0.2967426430271202,45,64,,True,True,,251,87.6246207195492
194,2026-09-18T06:49:59.070+00:00,2026-09-18T06:53:05.554+00:00,2026-09-18T06:53:11.401+00:00,True,99,99.0,,99.0,186483.399822,192330.86580600002,192330.86579900002,1942.7360181717172,36.118633,186483.399822,18736.292606387164,68.89675589999999,59.66802024489796,9.910130312114573,0.514737972946366,45,64,,True,True,,480,87.6246207195492
195,2026-09-18T06:49:59.422+00:00,2026-09-18T06:53:06.671+00:00,2026-09-18T06:53:10.959+00:00,True,73,73.0,,73.0,187249.017153,191536.45625699998,191536.456134,2623.787070328767,36.860671,187249.017153,21908.872846472597,68.4625578,59.54776533333334,10.761134005908989,0.38112848815606143,45,64,,True,True,,314,87.6246207195492
196,2026-09-18T06:49:59.722+00:00,2026-09-18T06:53:08.213+00:00,2026-09-18T06:53:12.678+00:00,True,74,74.0,,74.0,188490.916896,192955.585824,192955.585916,2607.507917783784,37.72008,188490.916896,21904.516961341338,76.63950425,61.15984832876712,10.819793846596395,0.38350794398612226,45,64,,True,True,,292,87.6246207195492
197,2026-09-18T06:50:00.010+00:00,2026-09-18T06:53:09.429+00:00,2026-09-18T06:53:12.682+00:00,True,54,54.0,,54.0,189418.841625,192672.083481,192672.083379,3568.0015440555558,34.078236,189418.841625,25768.28869141062,78.90976185,61.38192181132075,10.96204768469885,0.2802689368609288,45,64,,True,True,,268,87.6246207195492
198,2026-09-18T06:50:00.339+00:00,2026-09-18T06:53:10.546+00:00,2026-09-18T06:53:14.094+00:00,True,58,58.0,,58.0,190207.120406,193755.735574,193755.735468,3340.6161287586206,37.602579,190207.120406,24967.245773313643,91.57924125,62.256406456140354,9.96742074941946,0.29934597718191625,45,64,,True,True,,194,87.6246207195492
199,2026-09-18T06:50:00.751+00:00,2026-09-18T06:53:12.051+00:00,2026-09-18T06:53:17.648+00:00,True,89,89.0,,89.0,191300.067486,196897.279902,196897.27996,2212.3289883146067,36.073271999999996,191300.067486,20271.028343852315,92.356476,63.60468654545455,12.531064911766583,0.45201233884133496,45,64,,True,True,,397,87.6246207195492
200,2026-09-18T06:50:01.047+00:00,2026-09-18T06:53:13.029+00:00,2026-09-18T06:53:14.975+00:00,True,32,32.0,,32.0,191982.027484,193928.282076,193928.282239,6060.25881996875,39.916425000000004,191982.027484,33926.85239886341,96.47905915,62.78240619354839,13.216111162412028,0.16500945430671776,45,64,,True,True,,138,87.6246207195492
201,2026-09-18T06:50:01.365+00:00,2026-09-18T06:53:14.351+00:00,2026-09-18T06:53:15.421+00:00,True,18,18.0,,18.0,192986.226251,194056.32749899998,194056.32752199998,10780.907084555554,36.619222,192986.226251,45472.45538204385,29029.055797349996,62.94713223529412,15.263854030605538,0.09275657347525944,45,64,,True,True,,66,87.6246207195492
202,2026-09-18T06:50:01.617+00:00,2026-09-18T06:53:15.233+00:00,2026-09-18T06:53:15.355+00:00,True,3,3.0,,3.0,193616.112619,193738.24945099998,193738.249431,64579.416477,59.699419,193616.112619,111749.05688777089,174260.7450964,61.068416,1.9360017983462723,0.01548481009042438,45,64,,True,True,,13,87.6246207195492
203,2026-09-18T06:50:02.689+00:00,2026-09-18T06:53:16.740+00:00,2026-09-18T06:53:21.567+00:00,True,78,78.0,,78.0,194051.165831,198877.768583,198877.76856499998,2549.714981602564,38.011877999999996,194051.165831,21964.87365413634,90.70653934999999,62.68315262337662,12.066933272330962,0.39220069973506033,45,64,,True,True,,384,87.6246207195492
204,2026-09-18T06:50:02.710+00:00,2026-09-18T06:53:16.801+00:00,2026-09-18T06:53:22.329+00:00,True,89,89.0,,89.0,194090.89745699998,199618.90974499998,199618.90955999997,2242.909096179775,38.259069000000004,194090.89745699998,20566.939190863985,91.546657,62.818321454545455,12.797196018413038,0.4458495445831842,45,64,,True,True,,344,87.6246207195492
205,2026-09-18T06:50:02.735+00:00,2026-09-18T06:53:19.611+00:00,2026-09-18T06:53:22.681+00:00,True,51,51.0,,51.0,196876.21059200002,199945.98928,199945.98919800002,3920.5095921176476,33.721167,196876.21059200002,27559.589932968003,96.0786705,61.39557376,13.750213059027317,0.25506888226990493,45,64,,True,True,,256,87.6246207195492
206,2026-09-18T06:50:02.868+00:00,2026-09-18T06:53:20.215+00:00,2026-09-18T06:53:24.726+00:00,True,73,73.0,,73.0,197346.158212,201857.610628,201857.610674,2765.1727489589043,36.068472,197346.158212,23090.292058895622,97.28147059999999,62.659061333333334,15.295243852833089,0.3616410586298402,45,64,,True,True,,328,87.6246207195492
207,2026-09-18T06:50:03.113+00:00,2026-09-18T06:53:21.624+00:00,2026-09-18T06:53:26.477+00:00,True,78,78.0,,78.0,198510.55574,203364.22486000002,203364.224893,2607.233652474359,35.443554,198510.55574,22469.761076956827,93.16669239999999,63.03466389610389,13.524406375288164,0.38354828659611473,45,64,,True,True,,368,87.6246207195492
208,2026-09-18T06:50:03.400+00:00,2026-09-18T06:53:22.496+00:00,2026-09-18T06:53:27.502+00:00,True,80,80.0,,80.0,199095.922931,204102.423539,204102.423488,2551.2802936000003,35.628094,199095.922931,22252.51954784028,95.39890314999998,63.37342541772152,13.471740973703575,0.39196006893427976,45,64,,True,True,,450,87.6246207195492
209,2026-09-18T06:50:03.809+00:00,2026-09-18T06:53:24.048+00:00,2026-09-18T06:53:25.482+00:00,True,24,24.0,,24.0,200239.244665,201673.152377,201673.152276,8403.048011500001,36.534521999999996,200239.244665,40860.940388368916,87.81115765,62.34381356521739,11.713686268209585,0.11900443721500088,45,64,,True,True,,123,87.6246207195492
210,2026-09-18T06:50:04.169+00:00,2026-09-18T06:53:25.800+00:00,2026-09-18T06:53:31.919+00:00,True,100,100.0,,100.0,201631.22105599998,207749.996608,207749.996696,2077.4999669599997,37.93649,201631.22105599998,20156.94439500425,90.19276074999999,61.80581365656566,10.812799929165207,0.48134778162566394,45,64,,True,True,,508,87.6246207195492
211,2026-09-18T06:50:04.579+00:00,2026-09-18T06:53:27.332+00:00,2026-09-18T06:53:32.235+00:00,True,81,81.0,,81.0,202753.341341,207655.45538899998,207655.455323,2563.647596580247,32.724629,202753.341341,22521.3427291449,78.30021400000001,61.2764256,9.978414962909065,0.39006921271710915,45,64,,True,True,,315,87.6246207195492
212,2026-09-18T06:50:04.897+00:00,2026-09-18T06:53:28.199+00:00,2026-09-18T06:53:31.521+00:00,True,55,55.0,,55.0,203302.291647,206623.920831,206623.920672,3756.7985576727274,34.004456,203302.291647,27404.982956599022,81.3142757,61.51165155555555,9.948307781503972,0.2661840883611202,45,64,,True,True,,236,87.6246207195492
213,2026-09-18T06:50:05.155+00:00,2026-09-18T06:53:29.279+00:00,2026-09-18T06:53:34.962+00:00,True,93,93.0,,93.0,204123.55839700002,209806.775549,209806.775411,2255.9868323763444,35.283504,204123.55839700002,21160.224393294688,88.9870136,61.774099478260865,11.493388279566016,0.44326499826636917,45,64,,True,True,,477,87.6246207195492
214,2026-09-18T06:50:05.565+00:00,2026-09-18T06:53:30.986+00:00,2026-09-18T06:53:36.927+00:00,True,95,95.0,,95.0,205420.670524,211362.41209199998,211362.412055,2224.8674953157893,36.745031000000004,205420.670524,21069.234820168615,92.42482899999999,63.21001668085106,12.934701821407936,0.44946496900616956,45,64,,True,True,,397,87.6246207195492
215,2026-09-18T06:50:05.966+00:00,2026-09-18T06:53:32.485+00:00,2026-09-18T06:53:34.707+00:00,True,37,37.0,,37.0,206519.25887400002,208741.51423400003,208741.51435200003,5641.662550054055,35.895713,206519.25887400002,33941.411510978534,94.5468406,61.72931555555555,13.807714241040891,0.17725271437153062,45,64,,True,True,,177,87.6246207195492
216,2026-09-18T06:50:06.242+00:00,2026-09-18T06:53:33.811+00:00,2026-09-18T06:53:36.016+00:00,True,35,35.0,,35.0,207569.345395,209774.935155,209774.935185,5993.569576714286,34.607655,207569.345395,35074.660007038336,92.6217427,64.87028705882352,12.03687423861159,0.16684548120174103,45,64,,True,True,,173,87.6246207195492
217,2026-09-18T06:50:06.677+00:00,2026-09-18T06:53:35.243+00:00,2026-09-18T06:53:40.920+00:00,True,92,92.0,,92.0,208566.176513,214243.208193,214243.208107,2328.730522902174,31.97637,208566.176513,21738.026419900274,91.30718799999998,62.384963516483516,12.329254206239998,0.42941851354803384,45,64,,True,True,,399,87.6246207195492
218,2026-09-18T06:50:07.001+00:00,2026-09-18T06:53:36.601+00:00,2026-09-18T06:53:42.669+00:00,True,98,98.0,,98.0,209600.335804,215668.29126,215668.291148,2200.69684844898,34.118606,209600.335804,21166.514757275283,89.00334355,62.55624181443299,10.619908118312859,0.4544015229473655,45,64,,True,True,,427,87.6246207195492
219,2026-09-18T06:50:07.401+00:00,2026-09-18T06:53:38.476+00:00,2026-09-18T06:53:38.707+00:00,True,5,5.0,,5.0,211074.668759,211305.850583,211305.850527,42261.1701054,42.090681,211074.668759,94369.6150803539,168872.9286884,57.795456,10.67813709363701,0.023662383157895678,45,64,,True,True,,26,87.6246207195492
220,2026-09-18T06:50:07.645+00:00,2026-09-18T06:53:39.422+00:00,2026-09-18T06:53:40.516+00:00,True,19,19.0,,19.0,211776.853902,212870.94747,212870.947468,11203.734077263158,36.691182,211776.853902,48570.99851873549,21240.862004399998,60.782976,8.694978963667277,0.08925595637083204,45,64,,True,True,,77,87.6246207195492
221,2026-09-18T06:50:08.062+00:00,2026-09-18T06:53:40.638+00:00,2026-09-18T06:53:42.936+00:00,True,38,38.0,,38.0,212576.135649,214874.545377,214874.545395,5654.593299868421,37.375699999999995,212576.135649,34474.32774693664,89.22926350000002,62.119181837837836,11.861750551349404,0.17684737823797853,45,64,,True,True,,181,87.6246207195492
222,2026-09-18T06:50:08.450+00:00,2026-09-18T06:53:42.237+00:00,2026-09-18T06:53:44.630+00:00,True,40,40.0,,40.0,213787.024497,216180.453745,216180.453637,5404.511340925,34.791926,213787.024497,33792.9944246757,75.44793734999999,61.36998071794872,9.459927223881671,0.18503060432643373,45,64,,True,True,,169,87.6246207195492
223,2026-09-18T06:50:08.701+00:00,2026-09-18T06:53:43.241+00:00,2026-09-18T06:53:44.978+00:00,True,29,29.0,,29.0,214539.841916,216277.200764,216277.200901,7457.834513827586,34.104245999999996,214539.841916,39827.527686688845,88.46336240000001,62.048530285714286,10.415920227677654,0.1340871802370171,45,64,,True,True,,57,87.6246207195492
224,2026-09-18T06:50:09.087+00:00,2026-09-18T06:53:44.552+00:00,2026-09-18T06:53:48.476+00:00,True,62,62.0,,62.0,215465.217248,219388.999392,219388.999289,3538.5322465967743,38.407778,215465.217248,27355.943020494095,89.4993321,64.32429744262295,11.211050856580634,0.2826030483379871,45,64,,True,True,,365,87.6246207195492
225,2026-09-18T06:50:09.436+00:00,2026-09-18T06:53:45.746+00:00,2026-09-18T06:53:51.115+00:00,True,85,85.0,,85.0,216309.689273,221678.436281,221678.436224,2607.981602635294,0.02014,216309.689273,23455.157899949383,92.2299316,63.91365485714286,22.163447206792853,0.3834382875754945,45,64,,True,True,,419,87.6246207195492
226,2026-09-18T06:50:09.878+00:00,2026-09-18T06:53:47.416+00:00,2026-09-18T06:53:52.717+00:00,True,85,85.0,,85.0,217538.610277,222839.382885,222839.382915,2621.639799,0.01725,217538.610277,23588.541362961103,93.24206039999999,63.10443580952381,22.74969459818171,0.38144065424856105,45,64,,True,True,,173,87.6246207195492
227,2026-09-18T06:50:10.295+00:00,2026-09-18T06:53:49.704+00:00,2026-09-18T06:53:50.640+00:00,True,16,16.0,,16.0,219408.498684,220344.38809199998,220344.388267,13771.5242666875,37.95164,219408.498684,54836.52712963183,54909.398554499996,62.3926272,8.52404740815927,0.07261360336220385,45,64,,True,True,,65,87.6246207195492
228,2026-09-18T06:50:10.604+00:00,2026-09-18T06:53:50.700+00:00,2026-09-18T06:53:53.684+00:00,True,49,49.0,,49.0,220096.402382,223079.502286,223079.502437,4552.6429068775515,35.485604,220096.402382,31433.467440212684,95.2855882,62.147914666666665,12.711740687367195,0.21965263279626357,45,64,,True,True,,235,87.6246207195492
229,2026-09-18T06:50:10.931+00:00,2026-09-18T06:53:51.781+00:00,2026-09-18T06:53:52.587+00:00,True,13,13.0,,13.0,220850.19395699998,221656.19229299997,221656.192231,17050.476325461535,32.760199,220850.19395699998,61234.196834108254,88399.15979040001,67.166528,18.325530279698313,0.05864938788994323,45,64,,True,True,,43,87.6246207195492
230,2026-09-18T06:50:11.208+00:00,2026-09-18T06:53:52.842+00:00,2026-09-18T06:53:54.191+00:00,True,23,23.0,,23.0,221634.82750400002,222983.42142400003,222983.42143000002,9694.93136652174,38.147828999999994,221634.82750400002,46201.27611280333,96.39214270000001,61.29972363636363,13.189795471961231,0.10314668172691549,45,64,,True,True,,56,87.6246207195492
231,2026-09-18T06:50:11.607+00:00,2026-09-18T06:53:54.570+00:00,2026-09-18T06:53:55.994+00:00,True,24,24.0,,24.0,222963.10031799998,224387.07932599998,224387.07943199997,9349.461642999999,42.221421,222963.10031799998,45499.515523998096,90.96130720000001,61.91213078260869,9.826827503647122,0.10695803016862519,45,64,,True,True,,93,87.6246207195492
232,2026-09-18T06:50:11.922+00:00,2026-09-18T06:53:55.678+00:00,2026-09-18T06:53:56.873+00:00,True,20,20.0,,20.0,223755.781245,224950.486909,224950.48701799999,11247.5243509,56.440834,223755.781245,50019.2536059711,11252.539876650002,62.879245473684215,3.4350105655464125,0.08890845392164307,45,64,,True,True,,78,87.6246207195492
233,2026-09-18T06:50:12.255+00:00,2026-09-18T06:53:56.934+00:00,2026-09-18T06:53:58.275+00:00,True,22,22.0,,22.0,224678.63271900002,226019.97595100003,226019.975857,10273.635266227273,55.958746,224678.63271900002,47888.028162778006,93.52245769999999,63.87348723809524,7.69999807709811,0.09733652924894341,45,64,,True,True,,71,87.6246207195492
234,2026-09-18T06:50:12.681+00:00,2026-09-18T06:53:58.399+00:00,2026-09-18T06:54:04.429+00:00,True,98,98.0,,98.0,225717.692281,231747.89925699998,231747.89913099998,2364.7744809285714,35.292614,225717.692281,22794.652945832015,81.54842775,62.16708222680412,11.04544526269978,0.42287330463057,45,64,,True,True,,468,87.6246207195492
235,2026-09-18T06:50:13.075+00:00,2026-09-18T06:54:00.111+00:00,2026-09-18T06:54:04.248+00:00,True,67,67.0,,67.0,227036.059562,231172.91537,231172.915467,3450.3420218955225,37.6038,227036.059562,27729.213412875157,83.79674429999999,62.67963345454545,9.794264449121126,0.28982634013489106,45,64,,True,True,,316,87.6246207195492
236,2026-09-18T06:50:13.422+00:00,2026-09-18T06:54:01.420+00:00,2026-09-18T06:54:01.939+00:00,True,10,10.0,,10.0,227998.012662,228517.120758,228517.12067,22851.712067,40.085455,227998.012662,72081.06326268252,125429.74294904999,57.67867733333333,10.33418520647506,0.04376039732528407,45,64,,True,True,,35,87.6246207195492
237,2026-09-18T06:50:13.685+00:00,2026-09-18T06:54:02.514+00:00,2026-09-18T06:54:04.180+00:00,True,29,29.0,,29.0,228828.39466,230495.047332,230495.04751899999,7948.105086862069,37.17442,228828.39466,42481.31377019612,73.2485704,59.523309714285716,8.611503686899539,0.12581615238885824,45,64,,True,True,,183,87.6246207195492
238,2026-09-18T06:50:14.016+00:00,2026-09-18T06:54:03.436+00:00,2026-09-18T06:54:04.184+00:00,True,14,14.0,,14.0,229419.445785,230167.983897,230167.98385299998,16440.570275214286,34.612065,229419.445785,61299.538165922444,80340.71107035,57.57985476923077,11.691340708650927,0.06082514067753658,45,64,,True,True,,58,87.6246207195492
239,2026-09-18T06:50:14.312+00:00,2026-09-18T06:54:04.684+00:00,2026-09-18T06:54:07.348+00:00,True,43,43.0,,43.0,230372.12940200002,233036.179066,233036.17914400002,5419.446026604652,39.178137,230372.12940200002,35121.74988876596,95.2315042,63.4297539047619,13.298020369975859,0.18452070477786897,45,64,,True,True,,94,87.6246207195492
240,2026-09-18T06:50:14.688+00:00,2026-09-18T06:54:05.947+00:00,2026-09-18T06:54:09.957+00:00,True,63,63.0,,63.0,231258.769342,235268.62278200002,235268.62262500002,3734.4225813492067,33.907207,231258.769342,29127.721437484604,98.43236920000001,64.67505548387096,14.259077683197592,0.2677790147068435,45,64,,True,True,,223,87.6246207195492
241,2026-09-18T06:50:15.102+00:00,2026-09-18T06:54:07.691+00:00,2026-09-18T06:54:12.714+00:00,True,81,81.0,,81.0,232588.717121,237611.44224099998,237611.442148,2933.474594419753,33.920165999999995,232588.717121,25836.218633656124,92.924226,62.784064,14.192505477931167,0.3408926743428663,45,64,,True,True,,412,87.6246207195492
242,2026-09-18T06:50:15.409+00:00,2026-09-18T06:54:08.971+00:00,2026-09-18T06:54:14.738+00:00,True,94,94.0,,94.0,233562.30109999998,239329.63140399999,239329.63130299997,2546.0599074787233,37.939329,233562.30109999998,24083.718349428636,93.17124815000001,62.01430434408602,11.39869234808304,0.3927637353074908,45,64,,True,True,,406,87.6246207195492
243,2026-09-18T06:50:15.797+00:00,2026-09-18T06:54:10.210+00:00,2026-09-18T06:54:11.818+00:00,True,26,26.0,,26.0,234413.322717,236021.07593300001,236021.07608600002,9077.733695615385,36.974451,234413.322717,45959.62514057093,104.87455575,64.31012864,15.531876416428922,0.1101596537394851,45,64,,True,True,,121,87.6246207195492
244,2026-09-18T06:50:16.073+00:00,2026-09-18T06:54:11.457+00:00,2026-09-18T06:54:15.787+00:00,True,71,71.0,,71.0,235384.45825099997,239714.38490699997,239714.38485399997,3376.2589416056335,36.433201000000004,235384.45825099997,27927.65697380621,85.5718295,61.85609508571429,11.099066696180529,0.29618581307728065,45,64,,True,True,,336,87.6246207195492
245,2026-09-18T06:50:17.231+00:00,2026-09-18T06:54:12.966+00:00,2026-09-18T06:54:18.568+00:00,True,90,90.0,,90.0,235735.174672,241337.141264,241337.141283,2681.5237920333334,37.011300000000006,235735.174672,24842.03693025191,92.7667835,62.94344485393258,11.280842647323219,0.37292229255980336,45,64,,True,True,,488,87.6246207195492
246,2026-09-18T06:50:17.322+00:00,2026-09-18T06:54:14.202+00:00,2026-09-18T06:54:15.600+00:00,True,24,24.0,,24.0,236880.139845,238278.106949,238278.106968,9928.254457,37.850979,236880.139845,48340.55022014242,90.84087009999999,60.78117843478261,10.341728227866524,0.10072264005831158,45,64,,True,True,,102,87.6246207195492
247,2026-09-18T06:50:17.408+00:00,2026-09-18T06:54:16.587+00:00,2026-09-18T06:54:21.879+00:00,True,83,83.0,,83.0,239178.47460100002,244470.54090500003,244470.54110300003,2945.4282060602413,38.788917,239178.47460100002,26246.16615294757,89.2775853,64.53739395121951,9.732444900129808,0.33950920913719973,45,64,,True,True,,270,87.6246207195492
248,2026-09-18T06:50:17.462+00:00,2026-09-18T06:54:17.026+00:00,2026-09-18T06:54:23.189+00:00,True,98,98.0,,98.0,239563.905997,245727.331277,245727.331369,2507.421748663265,36.710371,239563.905997,24193.1922326121,78.60979815,63.54046680412372,9.552845410404592,0.3988160351993078,45,64,,True,True,,434,87.6246207195492
249,2026-09-18T06:50:17.861+00:00,2026-09-18T06:54:18.759+00:00,2026-09-18T06:54:20.581+00:00,True,29,29.0,,29.0,240898.354708,242719.626004,242719.626109,8369.64227962069,54.764317000000005,240898.354708,44721.623821871726,95.17682420000001,65.04540342857142,9.66440169535804,0.11947941943319443,45,64,,True,True,,127,87.6246207195492
250,2026-09-18T06:50:18.243+00:00,2026-09-18T06:54:20.237+00:00,2026-09-18T06:54:21.816+00:00,True,26,26.0,,26.0,241994.09196700001,243572.963263,243572.96331100003,9368.190896576923,39.636224999999996,241994.09196700001,47446.561028715405,86.08223325,63.154851840000006,8.148403977738994,0.10674419546280378,45,64,,True,True,,103,87.6246207195492
251,2026-09-18T06:50:18.503+00:00,2026-09-18T06:54:21.371+00:00,2026-09-18T06:54:26.673+00:00,True,86,86.0,,86.0,242867.998794,248170.50913000002,248170.50919600003,2885.7035953023255,32.620909,242867.998794,26182.404950932334,75.90826025,62.38247454117647,10.27881559518377,0.34653593733391713,45,64,,True,True,,376,87.6246207195492
252,2026-09-18T06:50:18.830+00:00,2026-09-18T06:54:22.649+00:00,2026-09-18T06:54:27.360+00:00,True,77,77.0,,77.0,243819.64015400002,248530.27746600003,248530.277594,3227.665942779221,36.948930999999995,243819.64015400002,27778.764962263915,77.1703354,61.98206989473684,9.87103341016068,0.3098214060077003,45,64,,True,True,,331,87.6246207195492
253,2026-09-18T06:50:19.151+00:00,2026-09-18T06:54:24.126+00:00,2026-09-18T06:54:25.752+00:00,True,27,27.0,,27.0,244975.070481,246601.391377,246601.391206,9133.38485948148,41.951111,244975.070481,47133.43734701683,88.59810809999999,62.550803692307696,9.690622186730224,0.10948843333459891,45,64,,True,True,,92,87.6246207195492
254,2026-09-18T06:50:19.403+00:00,2026-09-18T06:54:25.101+00:00,2026-09-18T06:54:27.750+00:00,True,43,43.0,,43.0,245698.800859,248347.66101900002,248347.66102,5775.5270004651165,39.052877,245698.800859,37459.09982985003,95.0248016,63.06809904761904,11.62654730459474,0.17314437278598027,45,64,,True,True,,168,87.6246207195492
255,2026-09-18T06:50:19.784+00:00,2026-09-18T06:54:26.547+00:00,2026-09-18T06:54:31.147+00:00,True,73,73.0,,73.0,246763.149646,251362.788942,251362.78880500002,3443.325874041096,34.447235,246763.149646,28873.968163934853,94.87899660000001,63.88387911111111,13.443031727186696,0.29041689228250955,45,64,,True,True,,358,87.6246207195492
256,2026-09-18T06:50:20.210+00:00,2026-09-18T06:54:27.871+00:00,2026-09-18T06:54:31.147+00:00,True,52,52.0,,52.0,247660.72579300002,250936.85200100002,250936.85193000003,4825.708690961539,38.625716999999995,247660.72579300002,34335.45747119392,94.91317025000001,64.23776878431373,12.824574483839065,0.20722344918789676,45,64,,True,True,,230,87.6246207195492
257,2026-09-18T06:50:20.488+00:00,2026-09-18T06:54:29.164+00:00,2026-09-18T06:54:29.924+00:00,True,13,13.0,,13.0,248675.775875,249435.39955499998,249435.39956299998,19187.338427923078,39.723166,248675.775875,68952.69497729719,99526.0169276,63.301973333333336,11.947576091446203,0.0521177027125756,45,64,,True,True,,58,87.6246207195492
258,2026-09-18T06:50:20.872+00:00,2026-09-18T06:54:30.593+00:00,2026-09-18T06:54:34.638+00:00,True,66,66.0,,66.0,249720.753868,253765.703116,253765.702955,3844.934893257576,36.621152,249720.753868,30730.84130689177,82.87400475,62.229988430769225,9.235958884647985,0.2600824271742917,45,64,,True,True,,252,87.6246207195492
259,2026-09-18T06:50:21.166+00:00,2026-09-18T06:54:31.591+00:00,2026-09-18T06:54:35.500+00:00,True,64,64.0,,64.0,250424.986092,254334.05412400002,254334.05398300002,3973.9695934843753,33.761337,250424.986092,31295.368614910683,87.16884235000002,62.04869892063492,9.57160682137741,0.25163755683616373,45,64,,True,True,,322,87.6246207195492
260,2026-09-18T06:50:21.470+00:00,2026-09-18T06:54:32.594+00:00,2026-09-18T06:54:35.503+00:00,True,48,48.0,,48.0,251124.206185,254033.022313,254033.022409,5292.354633520833,37.72787,251124.206185,36237.725090628126,83.9196547,61.88970485106383,8.984693442869501,0.18895181249647963,45,64,,True,True,,208,87.6246207195492
261,2026-09-18T06:50:21.803+00:00,2026-09-18T06:54:33.902+00:00,2026-09-18T06:54:38.664+00:00,True,77,77.0,,77.0,252098.742701,256860.74359700002,256860.74369600002,3335.8538142337666,35.270814,252098.742701,28722.180154904843,93.27754319999998,62.657906526315784,12.404185652696482,0.2997733282311471,45,64,,True,True,,409,87.6246207195492
262,2026-09-18T06:50:22.123+00:00,2026-09-18T06:54:35.258+00:00,2026-09-18T06:54:40.522+00:00,True,84,84.0,,84.0,253134.31556299998,258398.85009099997,258398.84989599997,3076.1767844761903,34.375986,253134.31556299998,27612.300578623028,96.06096480000001,63.42812684337349,12.971511555781397,0.32507884601815307,45,64,,True,True,,260,87.6246207195492
263,2026-09-18T06:50:22.374+00:00,2026-09-18T06:54:36.067+00:00,2026-09-18T06:54:39.046+00:00,True,48,48.0,,48.0,253693.23189,256672.217106,256672.217092,5347.3378560833335,36.701611,253693.23189,36608.318034422075,100.32119684999999,63.38266417021277,13.954705196578125,0.18700894292808112,45,64,,True,True,,229,87.6246207195492
264,2026-09-18T06:50:22.666+00:00,2026-09-18T06:54:37.528+00:00,2026-09-18T06:54:38.397+00:00,True,15,15.0,,15.0,254861.949473,255731.503137,255731.503115,17048.76687433333,41.866082,254861.949473,65789.03636453998,76526.43050019999,62.110976,11.641669977742065,0.05865526857660641,45,64,,True,True,,101,87.6246207195492
265,2026-09-18T06:50:23.025+00:00,2026-09-18T06:54:38.560+00:00,2026-09-18T06:54:40.832+00:00,True,37,37.0,,37.0,255535.76426199998,257807.60630999997,257807.60625799999,6967.773142108108,36.773720999999995,255535.76426199998,41999.44801845638,97.5455716,63.106723555555554,12.590289837219041,0.1435178757119736,45,64,,True,True,,172,87.6246207195492
266,2026-09-18T06:50:23.351+00:00,2026-09-18T06:54:40.045+00:00,2026-09-18T06:54:45.172+00:00,True,85,85.0,,85.0,256693.50664500002,261821.039445,261821.039446,3080.247522894118,36.364992,256693.50664500002,27835.699745882703,68.8050512,61.04205714285714,6.407944968236133,0.32464923437849125,45,64,,True,True,,420,87.6246207195492
267,2026-09-18T06:50:23.761+00:00,2026-09-18T06:54:41.450+00:00,2026-09-18T06:54:41.887+00:00,True,8,8.0,,8.0,257689.52711899998,258126.44590299999,258126.445911,32265.805738875,57.458693,257689.52711899998,91084.93838987275,167521.97913589998,62.41696914285714,4.32576682758111,0.030992562470744587,45,64,,True,True,,52,87.6246207195492
268,2026-09-18T06:50:24.110+00:00,2026-09-18T06:54:42.387+00:00,2026-09-18T06:54:46.272+00:00,True,65,65.0,,65.0,258276.89368,262161.480176,262161.480278,4033.253542738462,35.644633,258276.89368,32027.778610874542,70.2832142,60.696664,8.64143869222962,0.24793878931551186,45,64,,True,True,,257,87.6246207195492
269,2026-09-18T06:50:24.547+00:00,2026-09-18T06:54:44.322+00:00,2026-09-18T06:54:44.747+00:00,True,8,8.0,,8.0,259774.03560600002,260199.75234200002,260199.75256900003,32524.969071125004,37.758928999999995,259774.03560600002,91822.4896934459,168877.96913535,60.81667657142857,11.056029423465775,0.030745609586457258,45,64,,True,True,,29,87.6246207195492
270,2026-09-18T06:50:24.930+00:00,2026-09-18T06:54:45.446+00:00,2026-09-18T06:54:46.962+00:00,True,27,27.0,,27.0,260516.234366,262032.72332599998,262032.72349799998,9704.915685111111,37.13675,260516.234366,50125.14853347181,69.50933500000001,58.32649846153846,9.10299369531156,0.10304056553428549,45,64,,True,True,,127,87.6246207195492
271,2026-09-18T06:50:25.219+00:00,2026-09-18T06:54:46.395+00:00,2026-09-18T06:54:47.494+00:00,True,19,19.0,,19.0,261176.119603,262274.989619,262274.989646,13803.946823473685,40.631733999999994,261176.119603,59903.90721264204,26201.575881700002,61.04833422222222,13.854837968204444,0.07244304928808043,45,64,,True,True,,39,87.6246207195492
272,2026-09-18T06:50:25.631+00:00,2026-09-18T06:54:47.618+00:00,2026-09-18T06:54:52.501+00:00,True,83,83.0,,83.0,261986.738755,266869.767491,266869.767422,3215.298402674699,34.550015,261986.738755,28750.246046857996,67.66694319999999,59.54913092682927,10.534592397873688,0.31101312366826683,45,64,,True,True,,326,87.6246207195492
273,2026-09-18T06:50:26.019+00:00,2026-09-18T06:54:49.376+00:00,2026-09-18T06:54:54.814+00:00,True,92,92.0,,92.0,263357.19923800003,268794.881926,268794.88207800005,2921.6835008478265,34.856654999999996,263357.19923800003,27450.65795573898,67.76655505,59.754754813186814,9.930122814026715,0.3422684217079991,45,64,,True,True,,251,87.6246207195492
274,2026-09-18T06:50:26.399+00:00,2026-09-18T06:54:51.030+00:00,2026-09-18T06:54:52.846+00:00,True,32,32.0,,32.0,264631.551131,266446.932891,266446.932753,8326.46664853125,35.323663999999994,264631.551131,46770.340158941144,79.39421120000002,58.56070193548387,10.971533239818369,0.12009896174369095,45,64,,True,True,,147,87.6246207195492
275,2026-09-18T06:50:26.811+00:00,2026-09-18T06:54:52.290+00:00,2026-09-18T06:54:56.574+00:00,True,72,72.0,,72.0,265479.176843,269763.087499,269763.08749299997,3746.709548513889,39.631016,265479.176843,31279.911656331937,69.27693000000001,60.3367698028169,9.350594059741013,0.2669008598156221,45,64,,True,True,,370,87.6246207195492
276,2026-09-18T06:50:27.210+00:00,2026-09-18T06:54:53.765+00:00,2026-09-18T06:54:59.225+00:00,True,88,88.0,,88.0,266555.063729,272015.069361,272015.069279,3091.0803327159088,36.624481,266555.063729,28408.17783526683,91.9590697,62.75868542528736,12.37849665647849,0.3235114885609972,45,64,,True,True,,451,87.6246207195492
277,2026-09-18T06:50:27.460+00:00,2026-09-18T06:54:54.529+00:00,2026-09-18T06:55:00.498+00:00,True,95,95.0,,95.0,267068.5324,273037.243824,273037.243963,2874.0762522421055,39.876934999999996,267068.5324,27394.141327175705,94.96918509999999,63.496930042553196,12.224031138072423,0.34793788081613164,45,64,,True,True,,383,87.6246207195492
278,2026-09-18T06:50:27.828+00:00,2026-09-18T06:54:56.050+00:00,2026-09-18T06:54:57.528+00:00,True,23,23.0,,23.0,268222.707779,269700.392771,269700.392621,11726.104027,38.525797,268222.707779,55914.29706329061,96.32756529999999,67.16749963636364,14.130525615704379,0.08527981647964851,45,64,,True,True,,104,87.6246207195492
279,2026-09-18T06:50:28.177+00:00,2026-09-18T06:54:57.422+00:00,2026-09-18T06:55:01.250+00:00,True,62,62.0,,62.0,269244.631745,273072.29203300003,273072.29219500005,4404.391809596775,36.861581,269244.631745,34186.13522957621,97.2968305,62.74852931147541,11.41755779163734,0.22704610393978553,45,64,,True,True,,282,87.6246207195492
280,2026-09-18T06:50:28.606+00:00,2026-09-18T06:54:59.285+00:00,2026-09-18T06:55:02.559+00:00,True,52,52.0,,52.0,270679.350061,273953.511725,273953.51166799996,5268.336762846154,38.980106,270679.350061,37527.57075753013,94.4994138,64.19924831372549,10.510641571675238,0.18981322660393066,45,64,,True,True,,215,87.6246207195492
281,2026-09-18T06:50:28.923+00:00,2026-09-18T06:55:00.557+00:00,2026-09-18T06:55:04.078+00:00,True,56,56.0,,56.0,271633.992729,275154.18780099996,275154.187585,4913.467635446428,37.6869,271633.992729,36290.068126855665,95.20296600000002,64.00354676363636,11.659089774437742,0.20352225218720252,45,64,,True,True,,229,87.6246207195492
282,2026-09-18T06:50:29.346+00:00,2026-09-18T06:55:02.040+00:00,2026-09-18T06:55:04.187+00:00,True,35,35.0,,35.0,272694.138437,274841.20454899996,274841.204429,7852.605840828571,40.926473,272694.138437,46083.04976663354,92.14947690000001,63.14900329411764,12.433122885980627,0.12734626184393702,45,64,,True,True,,123,87.6246207195492
283,2026-09-18T06:50:29.610+00:00,2026-09-18T06:55:02.829+00:00,2026-09-18T06:55:02.829+00:00,True,1,1.0,,1.0,273219.521804,273219.521804,273219.521804,273219.521804,273219.521804,273219.521804,nan,273219.521804,nan,nan,0.003660060574724861,45,64,,True,True,,5,87.6246207195492
284,2026-09-18T06:50:30.006+00:00,2026-09-18T06:55:04.147+00:00,2026-09-18T06:55:09.371+00:00,True,84,84.0,,84.0,274141.540062,279365.65603,279365.65600099997,3325.7816190595236,34.690595,274141.540062,29904.429371695758,91.95927894999998,62.941156240963856,12.46270872337576,0.30068119751620276,45,64,,True,True,,378,87.6246207195492
285,2026-09-18T06:50:30.249+00:00,2026-09-18T06:55:05.368+00:00,2026-09-18T06:55:08.132+00:00,True,45,45.0,,45.0,275119.267259,277883.086011,277883.085974,6175.179688311111,38.072199,275119.267259,41002.99643442294,91.05295480000001,62.81406254545455,10.449073891681838,0.16193860751286848,45,64,,True,True,,147,87.6246207195492
286,2026-09-18T06:50:30.532+00:00,2026-09-18T06:55:06.562+00:00,2026-09-18T06:55:11.202+00:00,True,77,77.0,,77.0,276030.172222,280669.80383800005,280669.803808,3645.062387116883,34.090877,276030.172222,31449.602513906433,91.0956006,61.04778442105263,11.3127451069422,0.27434372685293806,45,64,,True,True,,392,87.6246207195492
287,2026-09-18T06:50:30.827+00:00,2026-09-18T06:55:07.757+00:00,2026-09-18T06:55:12.184+00:00,True,72,72.0,,72.0,276930.55394300004,281357.86607100005,281357.86614800006,3907.748140944445,36.174572,276930.55394300004,32629.232275099017,91.74893414999998,62.35650884507042,12.316482023185863,0.25590185554588674,45,64,,True,True,,374,87.6246207195492
288,2026-09-18T06:50:31.260+00:00,2026-09-18T06:55:09.371+00:00,2026-09-18T06:55:13.763+00:00,True,73,73.0,,73.0,278110.722675,282502.76568300003,282502.76563700003,3869.9008991369865,34.333696,278110.722675,32543.260304983,82.6834784,61.00059733333334,11.066195900608497,0.2584045498581569,45,64,,True,True,,365,87.6246207195492
289,2026-09-18T06:50:31.566+00:00,2026-09-18T06:55:10.567+00:00,2026-09-18T06:55:13.171+00:00,True,42,42.0,,42.0,279000.25875700003,281604.16685300006,281604.16684300004,6704.861115309524,36.317352,279000.25875700003,43040.87599190927,87.7521137,63.50995356097561,10.392076437500444,0.14914552035703502,45,64,,True,True,,170,87.6246207195492
290,2026-09-18T06:50:31.969+00:00,2026-09-18T06:55:12.006+00:00,2026-09-18T06:55:18.021+00:00,True,99,99.0,,99.0,280037.27053,286052.35763399996,286052.35749699996,2889.417752494949,36.676481,280037.27053,28138.638006959398,81.7740148,61.3784398367347,10.96772980402573,0.3460904878353393,45,64,,True,True,,488,87.6246207195492
291,2026-09-18T06:50:32.329+00:00,2026-09-18T06:55:12.787+00:00,2026-09-18T06:55:13.004+00:00,True,4,4.0,,4.0,280457.79699,280674.664574,280674.664603,70168.66615075,63.376290999999995,280457.79699,140192.75429372097,238402.20551340003,72.28919466666667,12.984852928705713,0.014251375363968406,45,64,,True,True,,19,87.6246207195492
292,2026-09-18T06:50:32.776+00:00,2026-09-18T06:55:14.461+00:00,2026-09-18T06:55:18.694+00:00,True,70,70.0,,70.0,281684.792605,285918.071837,285918.071774,4084.5438824857147,37.68893,281684.792605,33660.440902433234,75.04296849999999,61.351872927536235,10.323403181432123,0.24482537794919984,45,64,,True,True,,296,87.6246207195492
293,2026-09-18T06:50:33.070+00:00,2026-09-18T06:55:15.496+00:00,2026-09-18T06:55:18.461+00:00,True,50,50.0,,50.0,282425.479226,285390.68677800003,285390.68692300003,5707.81373846,35.010404,282425.479226,39932.43741994266,70.2425034,60.514439836734695,9.667727736403075,0.1751984290885219,45,64,,True,True,,178,87.6246207195492
294,2026-09-18T06:50:33.470+00:00,2026-09-18T06:55:17.564+00:00,2026-09-18T06:55:22.585+00:00,True,83,83.0,,83.0,284093.877684,289114.53509200003,289114.535055,3483.3076512650605,36.807631,284093.877684,31176.63506158177,76.8894974,61.22752936585366,9.41541114266555,0.28708345629730553,45,64,,True,True,,361,87.6246207195492
295,2026-09-18T06:50:33.758+00:00,2026-09-18T06:55:18.272+00:00,2026-09-18T06:55:18.951+00:00,True,12,12.0,,12.0,284514.260097,285192.796033,285192.79601399996,23766.0663345,41.445413,284514.260097,82114.3857377889,128071.98259120001,61.68508509090909,8.063166421137957,0.04207679915803857,45,64,,True,True,,39,87.6246207195492
297,2026-09-18T06:50:34.852+00:00,2026-09-18T06:55:19.581+00:00,2026-09-18T06:55:22.711+00:00,True,52,52.0,,52.0,284729.260639,287858.971231,287858.97104699997,5535.749443211538,35.605533,284729.260639,39476.33500342146,71.60077229999999,61.36687435294118,8.372048921507716,0.180644013898984,45,64,,True,True,,171,87.6246207195492
298,2026-09-18T06:50:34.917+00:00,2026-09-18T06:55:21.202+00:00,2026-09-18T06:55:25.662+00:00,True,74,74.0,,74.0,286284.540559,290745.013903,290745.01386,3928.9866737837838,35.382224,286284.540559,33272.800136530015,70.29588635,61.102374575342466,9.345160179363893,0.254518552207015,45,64,,True,True,,383,87.6246207195492
296,2026-09-18T06:50:34.760+00:00,2026-09-18T06:55:21.393+00:00,2026-09-18T06:55:24.915+00:00,True,59,59.0,,59.0,286632.585481,290154.187529,290154.187553,4917.867585644068,33.338748,286632.585481,37308.48097495694,79.306715,60.71727668965517,10.798310411644497,0.2033401637331294,45,64,,True,True,,286,87.6246207195492
299,2026-09-18T06:50:35.168+00:00,2026-09-18T06:55:23.310+00:00,2026-09-18T06:55:27.299+00:00,True,66,66.0,,66.0,288142.55098500004,292131.02586500003,292131.02597200003,4426.227666242425,36.831931,288142.55098500004,35460.34466199557,84.60869650000001,61.361152,10.333725209095121,0.22592602002671228,45,64,,True,True,,253,87.6246207195492
300,2026-09-18T06:50:35.496+00:00,2026-09-18T06:55:25.229+00:00,2026-09-18T06:55:25.857+00:00,True,11,11.0,,11.0,289733.952138,290361.72737,290361.727321,26396.520665545453,40.100365,289733.952138,87339.1461768321,144913.1727875,62.777523200000005,12.706184275368667,0.0378837806884342,45,64,,True,True,,64,87.6246207195492
301,2026-09-18T06:50:35.908+00:00,2026-09-18T06:55:26.683+00:00,2026-09-18T06:55:31.944+00:00,True,86,86.0,,86.0,290774.65209399996,296035.66559799993,296035.66563299997,3442.2751817790695,34.449905,290774.65209399996,31348.364932996617,89.76430375,61.89427651764706,11.409770305167957,0.2905055369807476,45,64,,True,True,,400,87.6246207195492
302,2026-09-18T06:50:36.269+00:00,2026-09-18T06:55:28.009+00:00,2026-09-18T06:55:31.514+00:00,True,58,58.0,,58.0,291739.477172,295244.57976399997,295244.579876,5090.423790965517,36.581521,291739.477172,38299.19743691171,89.99560124999999,61.493027929824564,11.831686819177644,0.19644729819040732,45,64,,True,True,,230,87.6246207195492
303,2026-09-18T06:50:36.515+00:00,2026-09-18T06:55:29.072+00:00,2026-09-18T06:55:33.451+00:00,True,71,71.0,,71.0,292557.603219,296936.753043,296936.752974,4182.207788366197,36.557061000000004,292557.603219,34712.777218159885,92.732361,62.5592832,11.545171543411419,0.23910815778913816,45,64,,True,True,,242,87.6246207195492
304,2026-09-18T06:50:36.845+00:00,2026-09-18T06:55:30.290+00:00,2026-09-18T06:55:31.452+00:00,True,19,19.0,,19.0,293445.504773,294607.082757,294607.082614,15505.635927052634,57.493512,293445.504773,67306.21148946963,29425.2712892,64.53211022222223,6.967063146074507,0.06449267893423907,45,64,,True,True,,75,87.6246207195492
305,2026-09-18T06:50:37.270+00:00,2026-09-18T06:55:31.821+00:00,2026-09-18T06:55:33.046+00:00,True,21,21.0,,21.0,294550.884576,295775.69584,295775.695768,14084.556941333332,34.140256,294550.884576,64262.90961519192,87.239636,61.240563200000004,10.413782402032584,0.07099974844234652,45,64,,True,True,,106,87.6246207195492
306,2026-09-18T06:50:37.540+00:00,2026-09-18T06:55:32.823+00:00,2026-09-18T06:55:34.386+00:00,True,26,26.0,,26.0,295283.484843,296846.606251,296846.606281,11417.177164653847,34.321756,295283.484843,57897.594733560676,90.85367749999999,62.52485632,11.250876654956622,0.0875873244042264,45,64,,True,True,,116,87.6246207195492
307,2026-09-18T06:50:37.817+00:00,2026-09-18T06:55:33.633+00:00,2026-09-18T06:55:36.988+00:00,True,53,53.0,,53.0,295815.860586,299171.35089,299171.35107200005,5644.7424730566045,36.649661,295815.860586,40624.571536566546,96.81033039999998,64.5286596923077,12.194569866852277,0.1771560005405971,45,64,,True,True,,242,87.6246207195492
308,2026-09-18T06:50:38.086+00:00,2026-09-18T06:55:34.842+00:00,2026-09-18T06:55:38.146+00:00,True,52,52.0,,52.0,296755.993244,300060.14479600004,300060.14482600003,5770.3874005,34.252695,296755.993244,41143.66929114013,91.90783925,64.78728533333333,12.120636014529182,0.17329858997219677,45,64,,True,True,,265,87.6246207195492
309,2026-09-18T06:50:38.355+00:00,2026-09-18T06:55:36.015+00:00,2026-09-18T06:55:38.403+00:00,False,39,38.0,,38.0,297660.176859,300048.444379,300048.44427,7693.549853076923,0.04239,297660.176859,47653.712801361966,91.2860447,62.849145263157894,14.462151247097284,0.12664621567576295,45,64,,True,False,Request timeout: 300.0s exceeded,164,87.6246207195492
310,2026-09-18T06:50:38.778+00:00,2026-09-18T06:55:37.566+00:00,2026-09-18T06:55:38.827+00:00,False,22,21.0,,21.0,298788.85164899996,300049.43968099996,300049.439675,13638.61089431818,0.022609999999999998,298788.85164899996,63689.20112004266,93.0761062,60.02800152380952,16.034272482564663,0.06998846597522836,45,64,,True,False,Request timeout: 300.0s exceeded,102,87.6246207195492
311,2026-09-18T06:50:39.183+00:00,2026-09-18T06:55:39.077+00:00,2026-09-18T06:55:39.203+00:00,False,4,3.0,,3.0,299894.238253,300020.031533,300020.031518,75005.0078795,0.03689,299894.238253,149926.15651650087,254919.81011590004,41.93109333333334,36.32804897181049,0.009999332326815057,45,64,,True,False,Request timeout: 300.0s exceeded,7,87.6246207195492
312,2026-09-18T06:50:39.470+00:00,2026-09-18T06:55:39.544+00:00,2026-09-18T06:55:39.544+00:00,False,1,0.0,,0.0,300073.055069,300073.055069,300073.055069,300073.055069,300073.055069,300073.055069,nan,300073.055069,nan,nan,0.0,45,64,,True,False,"HTTPConnectionPool(host='gpu03', port=9002): Read timed out.",0,87.6246207195492
313,2026-09-18T06:50:39.797+00:00,2026-09-18T06:55:39.895+00:00,2026-09-18T06:55:39.895+00:00,False,1,0.0,,0.0,300097.129785,300097.129785,300097.129785,300097.129785,300097.129785,300097.129785,nan,300097.129785,nan,nan,0.0,45,64,,True,False,TTFT timeout: 300.0s exceeded (TTFT: 300.083s),0,87.6246207195492
314,2026-09-18T06:50:40.043+00:00,2026-09-18T06:55:40.056+00:00,2026-09-18T06:55:40.056+00:00,False,1,0.0,,0.0,300012.67466799996,300012.67466799996,300012.67466799996,300012.67466799996,300012.67466799996,300012.67466799996,nan,300012.67466799996,nan,nan,0.0,45,64,,True,False,TTFT timeout: 300.0s exceeded (TTFT: 300.007s),0,87.6246207195492
315,2026-09-18T06:50:40.332+00:00,2026-09-18T06:55:40.228+00:00,2026-09-18T06:55:40.388+00:00,False,4,3.0,,3.0,299896.23766900005,300056.22307700006,300056.22297800006,75014.05574450002,0.02628,299896.23766900005,149921.459647628,254925.52268785008,53.32846933333334,47.5698644915114,0.009998126248593562,45,64,,True,False,Request timeout: 300.0s exceeded,5,87.6246207195492
316,2026-09-18T06:50:40.577+00:00,2026-09-18T06:55:40.520+00:00,2026-09-18T06:55:40.610+00:00,False,3,2.0,,2.0,299943.16990499996,300033.00184099993,300033.002016,100011.00067199998,0.01893,299943.16990499996,173146.34341045606,269957.83423259994,44.915968,63.49398025099035,0.006665933373089017,45,64,,True,False,Request timeout: 300.0s exceeded,3,87.6246207195492
317,2026-09-18T06:50:40.824+00:00,2026-09-18T06:55:40.933+00:00,2026-09-18T06:55:40.933+00:00,False,1,0.0,,0.0,300108.759707,300108.759707,300108.759707,300108.759707,300108.759707,300108.759707,nan,300108.759707,nan,nan,0.0,45,64,,True,False,"HTTPConnectionPool(host='gpu03', port=9002): Read timed out.",0,87.6246207195492
318,2026-09-18T06:50:41.226+00:00,2026-09-18T06:55:41.297+00:00,2026-09-18T06:55:41.297+00:00,False,1,0.0,,0.0,300070.775738,300070.775738,300070.775738,300070.775738,300070.775738,300070.775738,nan,300070.775738,nan,nan,0.0,45,64,,True,False,TTFT timeout: 300.0s exceeded (TTFT: 300.063s),0,87.6246207195492
319,2026-09-18T06:50:41.617+00:00,2026-09-18T06:55:41.612+00:00,2026-09-18T06:55:41.682+00:00,False,3,2.0,,2.0,299994.90724000003,300064.80496800004,300064.80483900005,100021.601613,0.05197,299994.90724000003,173181.9662676541,270002.40107890003,34.948864,49.35166360792341,0.006665226867287175,45,64,,True,False,Request timeout: 300.0s exceeded,6,87.6246207195492
320,2026-09-18T06:50:41.890+00:00,2026-09-18T06:55:41.835+00:00,2026-09-18T06:55:41.953+00:00,False,4,3.0,,3.0,299945.027137,300063.045185,300063.045326,75015.7613315,0.03897,299945.027137,149952.84644609186,254962.2082393,39.33934933333334,34.04008984212382,0.00999789893537336,45,64,,True,False,Request timeout: 300.0s exceeded,9,87.6246207195492
321,2026-09-18T06:50:42.247+00:00,2026-09-18T06:55:42.350+00:00,2026-09-18T06:55:42.350+00:00,False,1,0.0,,0.0,300103.15743,300103.15743,300103.15743,300103.15743,300103.15743,300103.15743,nan,300103.15743,nan,nan,0.0,45,64,,True,False,"HTTPConnectionPool(host='gpu03', port=9002): Read timed out.",0,87.6246207195492
322,2026-09-18T06:50:42.619+00:00,2026-09-18T06:55:42.730+00:00,2026-09-18T06:55:42.730+00:00,False,1,0.0,,0.0,300111.491576,300111.491576,300111.491576,300111.491576,300111.491576,300111.491576,nan,300111.491576,nan,nan,0.0,45,64,,True,False,"HTTPConnectionPool(host='gpu03', port=9002): Read timed out.",0,87.6246207195492
323,2026-09-18T06:50:43.067+00:00,2026-09-18T06:55:42.979+00:00,2026-09-18T06:55:43.141+00:00,False,4,3.0,,3.0,299911.77146899997,300073.93185299996,300073.93178499996,75018.48294624999,0.03728,299911.77146899997,149928.8639946568,254938.2403709,54.05346133333334,47.325467207969176,0.009997536212074689,45,64,,True,False,Request timeout: 300.0s exceeded,9,87.6246207195492
324,2026-09-18T06:50:43.427+00:00,2026-09-18T06:55:43.561+00:00,2026-09-18T06:55:43.561+00:00,False,1,0.0,,0.0,300133.937373,300133.937373,300133.937373,300133.937373,300133.937373,300133.937373,nan,300133.937373,nan,nan,0.0,45,64,,True,False,"HTTPConnectionPool(host='gpu03', port=9002): Read timed out.",0,87.6246207195492
325,2026-09-18T06:50:43.689+00:00,2026-09-18T06:55:43.794+00:00,2026-09-18T06:55:43.794+00:00,False,1,0.0,,0.0,300104.494241,300104.494241,300104.494241,300104.494241,300104.494241,300104.494241,nan,300104.494241,nan,nan,0.0,45,64,,True,False,"HTTPConnectionPool(host='gpu03', port=9002): Read timed out.",0,87.6246207195492
326,2026-09-18T06:50:44.028+00:00,2026-09-18T06:55:44.141+00:00,2026-09-18T06:55:44.141+00:00,False,1,0.0,,0.0,300112.783328,300112.783328,300112.783328,300112.783328,300112.783328,300112.783328,nan,300112.783328,nan,nan,0.0,45,64,,True,False,"HTTPConnectionPool(host='gpu03', port=9002): Read timed out.",0,87.6246207195492
327,2026-09-18T06:50:44.435+00:00,2026-09-18T06:55:44.357+00:00,2026-09-18T06:55:44.496+00:00,False,4,3.0,,3.0,299921.651606,300060.528278,300060.52833500004,75015.13208375001,0.01809,299921.651606,149937.6832681026,254944.22430920004,46.292224,40.16605092396433,0.009997982797725933,45,64,,True,False,Request timeout: 300.0s exceeded,6,87.6246207195492
328,2026-09-18T06:50:44.824+00:00,2026-09-18T06:55:44.567+00:00,2026-09-18T06:55:45.854+00:00,False,23,22.0,,22.0,299743.680209,301030.769617,301030.769494,13088.294325826088,0.02586,299743.680209,62488.68180564528,91.9158813,58.504064,19.482407388583248,0.07308223019191856,45,64,,True,False,Request timeout: 300.0s exceeded,71,87.6246207195492
329,2026-09-18T06:50:45.071+00:00,2026-09-18T06:55:45.449+00:00,2026-09-18T06:55:45.910+00:00,False,9,8.0,,8.0,300377.894973,300839.179069,300839.179028,33426.57544755555,0.030260000000000002,300377.894973,100106.74846127363,180263.2181114,57.660512,28.856707498462814,0.026592281047825662,45,64,,True,False,Request timeout: 300.0s exceeded,25,87.6246207195492
330,2026-09-18T06:50:45.327+00:00,2026-09-18T06:55:45.630+00:00,2026-09-18T06:55:45.910+00:00,False,7,6.0,,6.0,300302.774048,300583.15292799997,300583.152892,42940.450413142855,0.027379999999999998,300302.774048,113486.11990654678,210232.1613275,46.72981333333333,25.445937185221112,0.019961198562040525,45,64,,True,False,Request timeout: 300.0s exceeded,27,87.6246207195492
332,2026-09-18T06:50:45.960+00:00,2026-09-18T06:55:45.997+00:00,2026-09-18T06:55:45.997+00:00,False,1,0.0,,0.0,300036.97240100004,300036.97240100004,300036.97240100004,300036.97240100004,300036.97240100004,300036.97240100004,nan,300036.97240100004,nan,nan,0.0,45,64,,True,False,"HTTPConnectionPool(host='gpu03', port=9002): Read timed out.",0,87.6246207195492
333,2026-09-18T06:50:46.292+00:00,2026-09-18T06:55:46.714+00:00,2026-09-18T06:55:46.714+00:00,False,1,0.0,,0.0,300421.75604,300421.75604,300421.75604,300421.75604,300421.75604,300421.75604,nan,300421.75604,nan,nan,0.0,45,64,,True,False,"HTTPConnectionPool(host='gpu03', port=9002): Read timed out.",0,87.6246207195492
331,2026-09-18T06:50:45.607+00:00,2026-09-18T06:55:46.742+00:00,2026-09-18T06:55:46.742+00:00,False,1,0.0,,0.0,301135.197779,301135.197779,301135.197779,301135.197779,301135.197779,301135.197779,nan,301135.197779,nan,nan,0.0,45,64,,True,False,"HTTPConnectionPool(host='gpu03', port=9002): Read timed out.",0,87.6246207195492
334,2026-09-18T06:50:46.698+00:00,2026-09-18T06:55:46.752+00:00,2026-09-18T06:55:46.752+00:00,False,1,0.0,,0.0,300053.42138099996,300053.42138099996,300053.42138099996,300053.42138099996,300053.42138099996,300053.42138099996,nan,300053.42138099996,nan,nan,0.0,45,64,,True,False,"HTTPConnectionPool(host='gpu03', port=9002): Read timed out.",0,87.6246207195492
335,2026-09-18T06:50:46.945+00:00,2026-09-18T06:55:47.054+00:00,2026-09-18T06:55:47.054+00:00,False,1,0.0,,0.0,300108.536471,300108.536471,300108.536471,300108.536471,300108.536471,300108.536471,nan,300108.536471,nan,nan,0.0,45,64,,True,False,"HTTPConnectionPool(host='gpu03', port=9002): Read timed out.",0,87.6246207195492
337,2026-09-18T06:50:47.482+00:00,2026-09-18T06:55:47.289+00:00,2026-09-18T06:55:47.531+00:00,False,6,5.0,,5.0,299807.409802,300049.394314,300049.394338,50008.232389666664,0.02568,299807.409802,122376.10697474652,224871.62770374998,48.3969024,27.14970967828534,0.016663922989851226,45,64,,True,False,Request timeout: 300.0s exceeded,23,87.6246207195492
336,2026-09-18T06:50:47.206+00:00,2026-09-18T06:55:47.293+00:00,2026-09-18T06:55:47.293+00:00,False,1,0.0,,0.0,300087.03709500004,300087.03709500004,300087.03709500004,300087.03709500004,300087.03709500004,300087.03709500004,nan,300087.03709500004,nan,nan,0.0,45,64,,True,False,TTFT timeout: 300.0s exceeded (TTFT: 300.066s),0,87.6246207195492
338,2026-09-18T06:50:47.806+00:00,2026-09-18T06:55:47.350+00:00,2026-09-18T06:55:47.855+00:00,False,11,10.0,,10.0,299544.315758,300048.85259,300048.852482,27277.16840745455,0.06478,299544.315758,90300.79896065027,149803.9511245,50.4536832,19.57970730266999,0.03332790615155073,45,64,,True,False,Request timeout: 300.0s exceeded,71,87.6246207195492
339,2026-09-18T06:50:48.162+00:00,2026-09-18T06:55:48.282+00:00,2026-09-18T06:55:48.282+00:00,False,1,0.0,,0.0,300120.450838,300120.450838,300120.450838,300120.450838,300120.450838,300120.450838,nan,300120.450838,nan,nan,0.0,45,64,,True,False,"HTTPConnectionPool(host='gpu03', port=9002): Read timed out.",0,87.6246207195492
340,2026-09-18T06:50:48.528+00:00,2026-09-18T06:55:48.557+00:00,2026-09-18T06:55:48.557+00:00,False,1,0.0,,0.0,300028.139162,300028.139162,300028.139162,300028.139162,300028.139162,300028.139162,nan,300028.139162,nan,nan,0.0,45,64,,True,False,TTFT timeout: 300.0s exceeded (TTFT: 300.023s),0,87.6246207195492
341,2026-09-18T06:50:48.783+00:00,2026-09-18T06:55:48.746+00:00,2026-09-18T06:55:48.814+00:00,False,3,2.0,,2.0,299963.564536,300031.08172,300031.08176000003,100010.36058666668,0.04589,299963.564536,173164.55746991184,269973.9552158,33.758592,47.67705373073768,0.00666597603333135,45,64,,True,False,Request timeout: 300.0s exceeded,6,87.6246207195492
342,2026-09-18T06:50:49.047+00:00,2026-09-18T06:55:48.888+00:00,2026-09-18T06:55:49.106+00:00,False,5,4.0,,4.0,299840.128382,300058.95308600005,300058.953021,60011.7906042,0.02241,299840.128382,134068.12068422406,239889.94717600002,54.706176,38.44301617658358,0.01333071371096052,45,64,,True,False,Request timeout: 300.0s exceeded,12,87.6246207195492
343,2026-09-18T06:50:49.367+00:00,2026-09-18T06:55:49.477+00:00,2026-09-18T06:55:49.477+00:00,False,1,0.0,,0.0,300110.536656,300110.536656,300110.536656,300110.536656,300110.536656,300110.536656,nan,300110.536656,nan,nan,0.0,45,64,,True,False,"HTTPConnectionPool(host='gpu03', port=9002): Read timed out.",0,87.6246207195492
344,2026-09-18T06:50:49.619+00:00,2026-09-18T06:55:49.765+00:00,2026-09-18T06:55:49.765+00:00,False,1,0.0,,0.0,300146.134692,300146.134692,300146.134692,300146.134692,300146.134692,300146.134692,nan,300146.134692,nan,nan,0.0,45,64,,True,False,"HTTPConnectionPool(host='gpu03', port=9002): Read timed out.",0,87.6246207195492
345,2026-09-18T06:50:50.047+00:00,2026-09-18T06:55:50.022+00:00,2026-09-18T06:55:50.095+00:00,False,3,2.0,,2.0,299975.389542,300047.84624600003,300047.846106,100015.94870200001,0.02044,299975.389542,173169.9592792928,269985.09420020005,36.228352,51.205663647069045,0.006665603586303571,45,64,,True,False,Request timeout: 300.0s exceeded,10,87.6246207195492
346,2026-09-18T06:50:50.380+00:00,2026-09-18T06:55:50.235+00:00,2026-09-18T06:55:50.455+00:00,False,5,4.0,,4.0,299855.106799,300075.131375,300075.131307,60015.0262614,0.027649999999999997,299855.106799,134074.68471878744,239899.21333099998,55.006144,36.69431837400298,0.013329994997157068,45,64,,True,False,Request timeout: 300.0s exceeded,12,87.6246207195492
347,2026-09-18T06:50:50.629+00:00,2026-09-18T06:55:50.453+00:00,2026-09-18T06:55:50.677+00:00,False,6,5.0,,5.0,299823.408083,300047.609043,300047.608932,50007.934821999996,0.04083,299823.408083,122384.09018432678,224883.1993705,44.840192,26.619924589621213,0.016664022139511358,45,64,,True,False,Request timeout: 300.0s exceeded,21,87.6246207195492
348,2026-09-18T06:50:51.023+00:00,2026-09-18T06:55:51.134+00:00,2026-09-18T06:55:51.134+00:00,False,1,0.0,,0.0,300110.91823400004,300110.91823400004,300110.91823400004,300110.91823400004,300110.91823400004,300110.91823400004,nan,300110.91823400004,nan,nan,0.0,45,64,,True,False,"HTTPConnectionPool(host='gpu03', port=9002): Read timed out.",0,87.6246207195492
349,2026-09-18T06:50:51.409+00:00,2026-09-18T06:55:51.396+00:00,2026-09-18T06:55:51.458+00:00,False,3,2.0,,2.0,299986.927746,300048.638594,300048.63845,100016.21281666667,0.0252,299986.927746,173179.72188599274,269994.4035218,30.855424,43.600317265047515,0.006665585984231803,45,64,,True,False,Request timeout: 300.0s exceeded,5,87.6246207195492
350,2026-09-18T06:50:51.727+00:00,2026-09-18T06:55:51.680+00:00,2026-09-18T06:55:51.739+00:00,False,3,2.0,,2.0,299952.769542,300011.926534,300011.926541,100003.97551366668,0.04075,299952.769542,173160.73760387284,269963.4042127,29.578496,41.772746048955504,0.006666401643113818,45,64,,True,False,Request timeout: 300.0s exceeded,11,87.6246207195492
351,2026-09-18T06:50:52.136+00:00,2026-09-18T06:55:52.246+00:00,2026-09-18T06:55:52.246+00:00,False,1,0.0,,0.0,300109.860096,300109.860096,300109.860096,300109.860096,300109.860096,300109.860096,nan,300109.860096,nan,nan,0.0,45,64,,True,False,"HTTPConnectionPool(host='gpu03', port=9002): Read timed out.",0,87.6246207195492
352,2026-09-18T06:50:52.397+00:00,2026-09-18T06:55:52.479+00:00,2026-09-18T06:55:52.479+00:00,False,1,0.0,,0.0,300081.482843,300081.482843,300081.482843,300081.482843,300081.482843,300081.482843,nan,300081.482843,nan,nan,0.0,45,64,,True,False,"HTTPConnectionPool(host='gpu03', port=9002): Read timed out.",0,87.6246207195492
353,2026-09-18T06:50:52.724+00:00,2026-09-18T06:55:52.726+00:00,2026-09-18T06:55:52.817+00:00,False,3,2.0,,2.0,300001.463955,300092.348819,300092.348695,100030.78289833333,0.02032,300001.463955,173179.69576385955,270010.4040015,45.442432,64.23634054785973,0.006664615102220735,45,64,,True,False,Request timeout: 300.0s exceeded,10,87.6246207195492
354,2026-09-18T06:50:52.991+00:00,2026-09-18T06:55:52.818+00:00,2026-09-18T06:55:53.036+00:00,False,7,6.0,,6.0,299826.51237699995,300044.31538499997,300044.31548799993,42863.47364114285,0.03137,299826.51237699995,113310.05127044245,209899.70964999998,36.30050133333334,22.320560562883454,0.019997046077347404,45,64,,True,False,Request timeout: 300.0s exceeded,23,87.6246207195492
0,2026-09-18T06:48:53.182+00:00,2026-09-18T06:48:53.414+00:00,2026-09-18T06:48:56.692+00:00,True,59,59.0,,59.0,232.179868,3510.864028,3510.864086,59.50617094915254,8.898333000000001,232.179868,26.237021701704506,75.92327970000001,56.529037241379314,12.974897379459973,16.80498006458255,46,64,,False,True,,263,87.6246207195492
1,2026-09-18T06:48:53.649+00:00,2026-09-18T06:48:53.851+00:00,2026-09-18T06:48:55.354+00:00,True,28,28.0,,28.0,201.955105,1704.186657,1704.186693,60.86381046428571,7.948564999999999,201.955105,30.859848245998542,77.9808134,55.638205629629624,13.962689317251757,16.430125118624257,46,64,,False,True,,136,87.6246207195492
2,2026-09-18T06:48:54.073+00:00,2026-09-18T06:48:55.540+00:00,2026-09-18T06:48:57.513+00:00,True,33,33.0,,33.0,1467.113504,3439.70896,3439.708919,104.2336036060606,42.646651,1467.113504,244.74521598323568,71.7583422,61.643608,6.526328362005581,9.59383493887227,46,64,,False,True,,122,87.6246207195492
3,2026-09-18T06:48:54.540+00:00,2026-09-18T06:48:57.631+00:00,2026-09-18T06:49:01.190+00:00,True,60,60.0,,60.0,3090.899237,6650.210085000001,6650.210023000001,110.83683371666667,12.618397000000002,3090.899237,391.4261050503713,70.80557944999998,60.327302508474574,12.00276739351629,9.0222713618227,46,64,,False,True,,282,87.6246207195492
4,2026-09-18T06:48:54.843+00:00,2026-09-18T06:48:58.542+00:00,2026-09-18T06:48:58.649+00:00,True,3,3.0,,3.0,3699.9241549999997,3806.4992589999997,3806.499227,1268.8330756666667,42.95097,3699.9241549999997,2105.412007566988,3336.2941496999997,53.287552,14.61821647736823,0.7881257280969827,46,64,,False,True,,12,87.6246207195492
5,2026-09-18T06:48:55.175+00:00,2026-09-18T06:48:59.569+00:00,2026-09-18T06:49:01.975+00:00,True,41,41.0,,41.0,4393.7522850000005,6800.428253,6800.428313,165.86410519512197,14.446913,4393.7522850000005,676.9123410459079,68.908062,60.1668992,12.908259602795109,6.0290320660192105,46,64,,False,True,,178,87.6246207195492
6,2026-09-18T06:48:55.572+00:00,2026-09-18T06:49:01.130+00:00,2026-09-18T06:49:04.975+00:00,True,66,66.0,,66.0,5557.068224000001,9402.33184,9402.332008000001,142.4595758787879,0.0,5557.068224000001,676.880133225856,68.88942149999998,59.15790178461538,13.580603428023625,7.019535273071153,46,64,,False,True,,312,87.6246207195492
7,2026-09-18T06:48:55.888+00:00,2026-09-18T06:49:02.220+00:00,2026-09-18T06:49:05.677+00:00,True,60,60.0,,60.0,6331.538755,9789.124419,9789.12427,163.15207116666667,0.0,6331.538755,810.110358961069,72.55963809999999,58.60314684745762,21.397848224264113,6.1292509352056275,46,64,,False,True,,268,87.6246207195492
8,2026-09-18T06:48:56.195+00:00,2026-09-18T06:49:03.513+00:00,2026-09-18T06:49:04.416+00:00,True,17,17.0,,17.0,7318.434821000001,8221.354245,8221.354084,483.6090637647059,40.702555000000004,7318.434821000001,1761.3168823722253,1517.9426714,56.432464,9.214986673401976,2.0677858529619897,46,64,,False,True,,62,87.6246207195492
9,2026-09-18T06:48:56.670+00:00,2026-09-18T06:49:05.356+00:00,2026-09-18T06:49:06.301+00:00,True,17,17.0,,17.0,8686.473657999999,9631.396793999998,9631.396762999999,566.5527507647058,9.391563,8686.473657999999,2092.4973776801066,1791.975014,59.057696,13.636078708678758,1.765060703406007,46,64,,False,True,,62,87.6246207195492
10,2026-09-18T06:48:56.981+00:00,2026-09-18T06:49:06.430+00:00,2026-09-18T06:49:09.794+00:00,True,57,57.0,,57.0,9448.473102,12812.655374,12812.655531,224.78343036842105,0.0,9448.473102,1244.21309401328,93.2620966,60.074683428571426,41.78625270093429,4.448726539204894,46,64,,False,True,,153,87.6246207195492
11,2026-09-18T06:48:57.259+00:00,2026-09-18T06:49:07.416+00:00,2026-09-18T06:49:12.566+00:00,True,87,87.0,,87.0,10156.719167,15307.405374999998,15307.405196,175.94718616091953,0.0,10156.719167,1083.1771160240985,67.26430429999999,59.89170009302325,38.70197043101431,5.683523619364527,46,64,,False,True,,372,87.6246207195492
12,2026-09-18T06:48:57.573+00:00,2026-09-18T06:49:08.585+00:00,2026-09-18T06:49:08.585+00:00,True,1,1.0,,1.0,11011.207167999999,11011.207167999999,11011.207167999999,11011.207167999999,11011.207167999999,11011.207167999999,nan,11011.207167999999,nan,nan,0.09081656395550619,46,64,,False,True,,3,87.6246207195492
13,2026-09-18T06:48:57.971+00:00,2026-09-18T06:49:09.919+00:00,2026-09-18T06:49:14.328+00:00,True,74,74.0,,74.0,11947.346319,16357.061007,16357.061114,221.0413664054054,0.0,11947.346319,1382.186042545479,69.11402575,60.40705052054795,31.648659444799346,4.524040105269017,46,64,,False,True,,349,87.6246207195492
14,2026-09-18T06:48:58.326+00:00,2026-09-18T06:49:11.071+00:00,2026-09-18T06:49:12.869+00:00,True,31,31.0,,31.0,12744.946857,14542.583465000002,14542.583357000001,469.11559216129035,41.714012000000004,12744.946857,2278.302483245133,66.514802,59.921220266666666,4.667543297268881,2.1316707636307175,46,64,,False,True,,148,87.6246207195492
15,2026-09-18T06:48:58.808+00:00,2026-09-18T06:49:13.181+00:00,2026-09-18T06:49:15.316+00:00,True,37,37.0,,37.0,14373.285571,16508.528579,16508.528763000002,446.17645305405404,0.0,14373.285571,2353.424350001159,102.23949240000002,59.31230577777777,32.75653408481639,2.2412657689593596,46,64,,False,True,,129,87.6246207195492
16,2026-09-18T06:48:59.273+00:00,2026-09-18T06:49:14.788+00:00,2026-09-18T06:49:17.937+00:00,True,54,54.0,,54.0,15514.63218,18663.75474,18663.754618,345.6250855185185,0.0,15514.63218,2103.5017913639936,69.67722115000001,59.41740679245283,36.66011176072548,2.8933084876146413,46,64,,False,True,,219,87.6246207195492
17,2026-09-18T06:48:59.696+00:00,2026-09-18T06:49:16.341+00:00,2026-09-18T06:49:18.190+00:00,True,32,32.0,,32.0,16644.322761,18493.274825,18493.274795,577.91483734375,0.0,16644.322761,2932.1624081387413,169.75256065000002,59.64361496774194,47.83567224836177,1.7303587548886166,46,64,,False,True,,155,87.6246207195492
18,2026-09-18T06:48:59.996+00:00,2026-09-18T06:49:17.583+00:00,2026-09-18T06:49:22.537+00:00,True,81,81.0,,81.0,17587.043289,22540.311769,22540.311815,278.2754545061729,0.0,17587.043289,1947.8731003117027,86.47699899999999,61.915856,50.114684345802296,3.593561652124103,46,64,,False,True,,429,87.6246207195492
19,2026-09-18T06:49:00.285+00:00,2026-09-18T06:49:18.495+00:00,2026-09-18T06:49:22.786+00:00,True,70,70.0,,70.0,18210.330291000002,22501.671603000003,22501.671676,321.45245251428577,0.0,18210.330291000002,2169.852880722018,92.5182283,62.193352347826085,56.910709645719955,3.110879993052043,46,64,,False,True,,318,87.6246207195492
20,2026-09-18T06:49:00.576+00:00,2026-09-18T06:49:19.627+00:00,2026-09-18T06:49:23.343+00:00,True,60,60.0,,60.0,19050.970299,22767.284923,22767.284983,379.4547497166667,0.0,19050.970299,2452.123245559455,109.48938160000002,62.988383457627116,62.58742388990789,2.6353603516151685,46,64,,False,True,,325,87.6246207195492
21,2026-09-18T06:49:00.934+00:00,2026-09-18T06:49:21.031+00:00,2026-09-18T06:49:26.034+00:00,True,83,83.0,,83.0,20096.985975000003,25099.864695000004,25099.864539000002,302.40800649397596,0.0,20096.985975000003,2199.912420070587,92.6547472,61.01071609756097,54.96657721961359,3.3067907340765044,46,64,,False,True,,389,87.6246207195492
22,2026-09-18T06:49:01.197+00:00,2026-09-18T06:49:21.839+00:00,2026-09-18T06:49:27.141+00:00,True,88,88.0,,88.0,20641.517243000002,25943.961531,25943.961600000002,294.8177454545455,0.0,20641.517243000002,2194.193234920016,87.8344305,60.94763549425288,36.31876452037687,3.391926090194448,46,64,,False,True,,453,87.6246207195492
23,2026-09-18T06:49:01.492+00:00,2026-09-18T06:49:22.882+00:00,2026-09-18T06:49:28.468+00:00,True,90,90.0,,90.0,21389.716642,26975.744162,26975.744072999998,299.7304897,0.0,21389.716642,2248.6633509004937,90.82377705,62.76435415730337,52.46239105524555,3.3363305738486564,46,64,,False,True,,422,87.6246207195492
24,2026-09-18T06:49:01.811+00:00,2026-09-18T06:49:24.133+00:00,2026-09-18T06:49:25.392+00:00,True,23,23.0,,23.0,22322.33108,23581.743304,23581.743359,1025.2931895217391,15.384901,22322.33108,4642.614677102359,91.63579510000001,57.24601018181818,15.122647193832206,0.9753307761644016,46,64,,False,True,,67,87.6246207195492
25,2026-09-18T06:49:02.184+00:00,2026-09-18T06:49:25.683+00:00,2026-09-18T06:49:27.452+00:00,True,30,30.0,,30.0,23499.265663,25268.097406999997,25268.097235999998,842.2699078666666,32.68937,23499.265663,4279.2353889692595,83.6495549,60.99419806896552,10.338355360867945,1.1872678625850606,46,64,,False,True,,140,87.6246207195492
26,2026-09-18T06:49:02.523+00:00,2026-09-18T06:49:27.088+00:00,2026-09-18T06:49:31.508+00:00,True,74,74.0,,74.0,24564.472253,28984.570045,28984.569919999998,391.6833772972973,0.0,24564.472253,2848.8680018868117,70.37776665,60.54928482191781,44.63004639641178,2.553082549960592,46,64,,False,True,,361,87.6246207195492
27,2026-09-18T06:49:02.971+00:00,2026-09-18T06:49:28.765+00:00,2026-09-18T06:49:32.142+00:00,True,56,56.0,,56.0,25793.482179000002,29170.967491000003,29170.967593,520.9101355892858,39.258137000000005,25793.482179000002,3438.602751302753,72.75321225000002,61.40882385454545,8.289685450748538,1.9197169246195707,46,64,,False,True,,227,87.6246207195492
28,2026-09-18T06:49:03.380+00:00,2026-09-18T06:49:30.536+00:00,2026-09-18T06:49:34.308+00:00,True,64,64.0,,64.0,27156.298248,30928.675848,30928.675907,483.260561046875,0.0,27156.298248,3387.514078545993,71.6896969,59.87900952380952,56.37450961367732,2.0692770784798586,46,64,,False,True,,291,87.6246207195492
29,2026-09-18T06:49:03.864+00:00,2026-09-18T06:49:32.318+00:00,2026-09-18T06:49:38.146+00:00,True,96,96.0,,96.0,28454.510074,34282.164730000004,34282.164727,357.1058825729167,0.0,28454.510074,2898.630033758063,96.06834525000001,61.34373322105263,66.92770483926913,2.8002899103973817,46,64,,False,True,,363,87.6246207195492
30,2026-09-18T06:49:04.336+00:00,2026-09-18T06:49:34.064+00:00,2026-09-18T06:49:35.777+00:00,True,30,30.0,,30.0,29727.909568,31441.698495999997,31441.698554,1048.0566184666666,0.015609999999999999,29727.909568,5417.474850845209,309.33553489999997,59.09616993103448,89.5970727322907,0.9541469270121202,46,64,,False,True,,152,87.6246207195492
31,2026-09-18T06:49:04.646+00:00,2026-09-18T06:49:35.293+00:00,2026-09-18T06:49:35.356+00:00,True,2,2.0,,2.0,30646.829065,30709.375753,30709.375699,15354.6878495,62.546634,30646.829065,21626.35350468469,29117.61494345,62.546688,nan,0.06512669017065968,46,64,,False,True,,3,87.6246207195492
32,2026-09-18T06:49:04.980+00:00,2026-09-18T06:49:36.470+00:00,2026-09-18T06:49:39.274+00:00,True,46,46.0,,46.0,31490.242134,34294.59311,34294.59308,745.534632173913,0.0,31490.242134,4634.316122430481,108.587527,62.31891057777778,70.31740272733465,1.3413193109612023,46,64,,False,True,,247,87.6246207195492
33,2026-09-18T06:49:05.410+00:00,2026-09-18T06:49:38.022+00:00,2026-09-18T06:49:39.117+00:00,True,19,19.0,,19.0,32612.191429000002,33706.709189,33706.709030000005,1774.037317368421,0.0,32612.191429000002,7468.598785461972,3707.9472424000005,60.80654222222223,112.40597514658891,0.5636859977479066,46,64,,False,True,,78,87.6246207195492
34,2026-09-18T06:49:05.703+00:00,2026-09-18T06:49:39.173+00:00,2026-09-18T06:49:41.129+00:00,True,35,35.0,,35.0,33470.26242,35425.966996,35425.967153,1012.1704900857143,34.354006,33470.26242,5647.793170369533,68.5014578,57.52072282352942,10.23974691075756,0.9879758540945941,46,64,,False,True,,219,87.6246207195492
35,2026-09-18T06:49:06.016+00:00,2026-09-18T06:49:40.133+00:00,2026-09-18T06:49:44.678+00:00,True,74,74.0,,74.0,34116.222773,38661.715765,38661.715807,522.4556190135136,32.997859,34116.222773,3958.7197558320745,100.23551045,62.26702728767123,14.941416799223104,1.9140381779691042,46,64,,False,True,,350,87.6246207195492
36,2026-09-18T06:49:06.494+00:00,2026-09-18T06:49:42.526+00:00,2026-09-18T06:49:45.617+00:00,True,51,51.0,,51.0,36032.059525,39123.664005,39123.663991999994,767.1306665098039,0.0,36032.059525,5037.473954462082,107.06940250000001,61.8320896,80.77185950932696,1.3035588894098007,46,64,,False,True,,260,87.6246207195492
37,2026-09-18T06:49:06.847+00:00,2026-09-18T06:49:43.667+00:00,2026-09-18T06:49:48.866+00:00,True,84,84.0,,84.0,36819.837116999995,42019.45746899999,42019.457545,500.23163744047616,0.0,36819.837116999995,4011.6497175002623,93.4271292,62.6460283373494,94.99665288334236,1.9990738829022554,46,64,,False,True,,292,87.6246207195492
38,2026-09-18T06:49:07.272+00:00,2026-09-18T06:49:45.293+00:00,2026-09-18T06:49:45.989+00:00,True,17,17.0,,17.0,38021.348736,38717.278848,38717.278782,2277.4869871764704,0.0,38021.348736,9211.017770960387,7658.094608,43.495632,26.385652786709432,0.43908044433443344,46,64,,False,True,,80,87.6246207195492
39,2026-09-18T06:49:07.590+00:00,2026-09-18T06:49:46.406+00:00,2026-09-18T06:49:48.763+00:00,True,31,31.0,,31.0,38815.406075000006,41172.38169100001,41172.381677000005,1328.141344419355,0.03719,38815.406075000006,6957.985122913846,337.49041750000004,78.56585386666666,96.2261815815645,0.7529319103435879,46,64,,False,True,,137,87.6246207195492
40,2026-09-18T06:49:07.985+00:00,2026-09-18T06:49:48.833+00:00,2026-09-18T06:49:52.477+00:00,True,67,67.0,,67.0,40848.576759999996,44491.997176,44491.997329,664.0596616268656,0.0,40848.576759999996,4984.377563998948,91.24549940000001,55.20333963636363,82.58221215355837,1.505888794673873,46,64,,False,True,,326,87.6246207195492
41,2026-09-18T06:49:08.252+00:00,2026-09-18T06:49:49.191+00:00,2026-09-18T06:49:50.542+00:00,True,22,22.0,,22.0,40939.296136,42289.33236,42289.332376,1922.2423807272726,38.987027999999995,40939.296136,8714.588270614702,96.34085700000001,64.28743923809525,11.427405634073038,0.5202257584186651,46,64,,False,True,,85,87.6246207195492
42,2026-09-18T06:49:08.614+00:00,2026-09-18T06:49:50.413+00:00,2026-09-18T06:49:52.948+00:00,True,43,43.0,,43.0,41799.099764,44334.051955999996,44334.051988,1031.0244648372093,0.0,41799.099764,6365.834112422995,70.60752500000001,60.35600457142858,97.9294641034973,0.9699090902558603,46,64,,False,True,,200,87.6246207195492
43,2026-09-18T06:49:09.053+00:00,2026-09-18T06:49:52.477+00:00,2026-09-18T06:49:54.582+00:00,True,34,34.0,,34.0,43424.386313,45529.275401000006,45529.275420000005,1339.096335882353,41.004324000000004,43424.386313,7436.288213962622,93.2631099,63.78451781818182,9.872825796830261,0.7467722624738549,46,64,,False,True,,163,87.6246207195492
44,2026-09-18T06:49:09.334+00:00,2026-09-18T06:49:53.349+00:00,2026-09-18T06:49:58.895+00:00,True,89,89.0,,89.0,44015.251266,49561.457473999995,49561.457484,556.8703088089887,34.513646,44015.251266,4658.946924605281,94.75157680000001,63.02507054545455,13.82043358318932,1.795750257076066,46,64,,False,True,,452,87.6246207195492
45,2026-09-18T06:49:09.803+00:00,2026-09-18T06:49:55.420+00:00,2026-09-18T06:50:00.783+00:00,True,83,83.0,,83.0,45616.679398,50979.573734,50979.573695,614.2117312650603,0.0,45616.679398,5000.55320197034,94.13659919999998,65.40115043902439,81.17381500682787,1.628103060121205,46,64,,False,True,,464,87.6246207195492
46,2026-09-18T06:49:10.087+00:00,2026-09-18T06:49:56.609+00:00,2026-09-18T06:50:02.626+00:00,True,90,90.0,,90.0,46521.590553,52539.223577000004,52539.223792000004,583.7691532444445,0.0,46521.590553,4898.316010332268,95.62362635,67.61385420224718,127.3413375371864,1.7130059005934593,46,64,,False,True,,417,87.6246207195492
47,2026-09-18T06:49:10.430+00:00,2026-09-18T06:49:58.128+00:00,2026-09-18T06:50:00.833+00:00,True,43,43.0,,43.0,47698.395456,50403.889215999996,50403.889175,1172.1834691860465,0.0,47698.395456,7264.983933786409,99.6401592,64.4165180952381,113.8080815922627,0.8531087713435864,46,64,,False,True,,207,87.6246207195492
48,2026-09-18T06:49:10.752+00:00,2026-09-18T06:49:59.265+00:00,2026-09-18T06:50:01.002+00:00,True,29,29.0,,29.0,48512.972107,50249.317451,50249.317484,1732.7350856551725,0.0,48512.972107,8998.209024338787,501.6223764,62.01233371428572,142.73212393367055,0.5771222669497748,46,64,,False,True,,129,87.6246207195492
49,2026-09-18T06:49:11.234+00:00,2026-09-18T06:50:01.254+00:00,2026-09-18T06:50:05.111+00:00,True,64,64.0,,64.0,50019.963445,53877.030197,53877.030259,841.828597796875,0.01634,50019.963445,6246.331277583079,89.39401855,61.22328177777778,137.46371535243355,1.1878902709742094,46,64,,False,True,,177,87.6246207195492
50,2026-09-18T06:49:11.521+00:00,2026-09-18T06:50:02.851+00:00,2026-09-18T06:50:08.661+00:00,True,93,93.0,,93.0,51330.278961,57139.596849,57139.596704,614.4042656344086,35.920213000000004,51330.278961,5316.169773062148,94.67116559999998,63.14475965217392,12.950845331894223,1.6275928625427043,46,64,,False,True,,480,87.6246207195492
51,2026-09-18T06:49:11.783+00:00,2026-09-18T06:50:03.987+00:00,2026-09-18T06:50:04.369+00:00,True,7,7.0,,7.0,52203.353423,52585.406031,52585.406069,7512.2008670000005,60.577178999999994,52203.353423,19706.94606737785,36562.3942742,63.67543466666666,2.7167399574362405,0.13311678141029054,46,64,,False,True,,27,87.6246207195492
52,2026-09-18T06:49:12.046+00:00,2026-09-18T06:50:05.058+00:00,2026-09-18T06:50:10.196+00:00,True,81,81.0,,81.0,53012.29214500001,58150.19601700001,58150.196107,717.9036556419754,0.0,53012.29214500001,5883.797043135645,99.21669700000001,64.22379839999999,89.90540544963,1.3929445736746946,46,64,,False,True,,322,87.6246207195492
53,2026-09-18T06:49:12.308+00:00,2026-09-18T06:50:05.982+00:00,2026-09-18T06:50:11.866+00:00,True,94,94.0,,94.0,53673.125499,59557.648507000005,59557.648613000005,633.5920065212766,0.0,53673.125499,5530.071524109304,94.9464983,63.27444094623656,84.42760699029482,1.5783027429122203,46,64,,False,True,,397,87.6246207195492
54,2026-09-18T06:49:12.761+00:00,2026-09-18T06:50:07.879+00:00,2026-09-18T06:50:13.185+00:00,True,87,87.0,,87.0,55117.694450999996,60423.486451,60423.48635299999,694.5228316436782,0.0,55117.694450999996,5903.259719038102,93.56460360000001,61.69525581395349,87.23085247889568,1.4398374723138831,46,64,,False,True,,307,87.6246207195492
55,2026-09-18T06:49:13.057+00:00,2026-09-18T06:50:08.890+00:00,2026-09-18T06:50:11.144+00:00,True,36,36.0,,36.0,55833.203794,58086.914898,58086.914857,1613.5254126944444,0.0,55833.203794,9295.803333162774,283.55662975,64.39174582857143,138.42956730362118,0.6197609231479346,46,64,,False,True,,169,87.6246207195492
56,2026-09-18T06:49:13.516+00:00,2026-09-18T06:50:10.530+00:00,2026-09-18T06:50:15.816+00:00,True,87,87.0,,87.0,57014.106403,62300.712738999995,62300.71284,716.1001475862068,32.20046,57014.106403,6105.975315486844,91.3945211,61.47216669767442,12.181549518409671,1.3964527238151216,46,64,,False,True,,302,87.6246207195492
57,2026-09-18T06:49:13.842+00:00,2026-09-18T06:50:11.741+00:00,2026-09-18T06:50:14.645+00:00,True,50,50.0,,50.0,57898.350236,60802.992028,60802.991978,1216.05983956,32.38018,57898.350236,8179.687070393891,76.7712864,59.278403918367346,10.880041265462202,0.8223279534825328,46,64,,False,True,,203,87.6246207195492
58,2026-09-18T06:49:14.288+00:00,2026-09-18T06:50:13.305+00:00,2026-09-18T06:50:17.953+00:00,True,75,75.0,,75.0,59017.086658,63665.47757,63665.477493,848.87303324,0.016309999999999998,59017.086658,6808.2316368000265,94.11660470000001,62.816093405405404,103.68083619109319,1.1780324732118397,46,64,,False,True,,282,87.6246207195492
59,2026-09-18T06:49:14.684+00:00,2026-09-18T06:50:14.954+00:00,2026-09-18T06:50:18.725+00:00,True,60,60.0,,60.0,60270.228502,64041.188374,64041.188385,1067.35313975,0.0166,60270.228502,7773.599553426521,96.73065805,63.91457410169491,125.61923041872372,0.9368970427219512,46,64,,False,True,,315,87.6246207195492
60,2026-09-18T06:49:15.086+00:00,2026-09-18T06:50:17.222+00:00,2026-09-18T06:50:22.087+00:00,True,89,89.0,,89.0,62135.817365,67000.865173,67000.8653,752.8187112359551,0.0,62135.817365,6581.292532454604,95.47472000000002,55.28463418181818,101.19662945527918,1.3283410560475153,46,64,,False,True,,405,87.6246207195492
61,2026-09-18T06:49:15.544+00:00,2026-09-18T06:50:18.415+00:00,2026-09-18T06:50:21.527+00:00,True,51,51.0,,51.0,62871.103835,65983.060315,65983.060354,1293.7854971372549,0.0,62871.103835,8795.919652655884,85.49366250000001,62.2391296,128.46586777737113,0.7729256532893204,46,64,,False,True,,221,87.6246207195492
62,2026-09-18T06:49:16.014+00:00,2026-09-18T06:50:20.294+00:00,2026-09-18T06:50:21.326+00:00,True,17,17.0,,17.0,64279.638003,65311.529715,65311.52976,3841.854691764706,55.200468,64279.638003,15574.462507243858,12931.448165400001,64.493232,8.615635421284168,0.26029094823200316,46,64,,False,True,,54,87.6246207195492
63,2026-09-18T06:49:16.351+00:00,2026-09-18T06:50:21.446+00:00,2026-09-18T06:50:22.436+00:00,True,16,16.0,,16.0,65095.431141999994,66085.408486,66085.408516,4130.33803225,36.354763,65095.431141999994,16257.364293253142,16345.440428499998,65.9984896,14.61417312086747,0.2421109344188975,46,64,,False,True,,53,87.6246207195492
64,2026-09-18T06:49:16.726+00:00,2026-09-18T06:50:22.782+00:00,2026-09-18T06:50:25.027+00:00,True,37,37.0,,37.0,66055.931616,68301.09744,68301.097274,1845.975602,36.413783,66055.931616,10849.280540948324,87.17960280000001,62.365717333333336,10.708306760252995,0.5417189677296641,46,64,,False,True,,166,87.6246207195492
65,2026-09-18T06:49:17.134+00:00,2026-09-18T06:50:24.699+00:00,2026-09-18T06:50:29.397+00:00,True,76,76.0,,76.0,67564.543478,72262.57765400001,72262.577841,950.8233926447369,34.644976,67564.543478,7743.011276614854,92.277787,62.64045568,13.705031426847805,1.0517200253206453,46,64,,False,True,,380,87.6246207195492
66,2026-09-18T06:49:17.408+00:00,2026-09-18T06:50:25.543+00:00,2026-09-18T06:50:27.921+00:00,True,39,39.0,,39.0,68135.81246799999,70513.470836,70513.47103199999,1808.0377187692304,35.427915,68135.81246799999,10900.451622877801,96.20793580000002,62.56995705263158,14.177210702296211,0.5530858081104258,46,64,,False,True,,210,87.6246207195492
67,2026-09-18T06:49:17.801+00:00,2026-09-18T06:50:26.962+00:00,2026-09-18T06:50:30.102+00:00,True,52,52.0,,52.0,69161.25772200001,72301.39007400001,72301.39006800001,1390.4113474615388,34.483307,69161.25772200001,9582.41163118707,91.48839665,61.571222588235294,13.422263344373238,0.7192116216130607,46,64,,False,True,,279,87.6246207195492
68,2026-09-18T06:49:18.158+00:00,2026-09-18T06:50:28.421+00:00,2026-09-18T06:50:34.797+00:00,True,98,98.0,,98.0,70262.991604,76639.30981199999,76639.30982,782.0337736734693,0.0,70262.991604,7092.4372132209855,91.79018169999999,65.73523925773196,143.8299226379435,1.2787171523386476,46,64,,False,True,,385,87.6246207195492
69,2026-09-18T06:49:18.468+00:00,2026-09-18T06:50:29.397+00:00,2026-09-18T06:50:33.518+00:00,True,68,68.0,,68.0,70928.166361,75049.553113,75049.553048,1103.6698977647059,0.0,70928.166361,8594.789366351226,91.57099435,61.513235104477616,128.4354547010247,0.9060680201201773,46,64,,False,True,,308,87.6246207195492
70,2026-09-18T06:49:18.830+00:00,2026-09-18T06:50:30.800+00:00,2026-09-18T06:50:32.244+00:00,True,17,17.0,,17.0,71969.937654,73413.97631,73413.97649999999,4318.469205882353,0.0,71969.937654,17435.186036381234,15236.3329772,90.252416,258.8611477210805,0.23156353673332317,46,64,,False,True,,74,87.6246207195492
71,2026-09-18T06:49:19.102+00:00,2026-09-18T06:50:32.239+00:00,2026-09-18T06:50:37.446+00:00,True,94,94.0,,94.0,73137.824993,78344.258785,78344.258868,833.4495624255319,0.0,73137.824993,7538.605704664716,73.6500784,55.983159053763444,109.67522921488096,1.1998326547190143,46,64,,False,True,,367,87.6246207195492
72,2026-09-18T06:49:19.501+00:00,2026-09-18T06:50:33.294+00:00,2026-09-18T06:50:39.369+00:00,True,99,99.0,,99.0,73793.16315899999,79868.24923899998,79868.24919199999,806.7499918383837,0.0162,73793.16315899999,7410.843110825654,91.18558709999999,61.990674285714285,93.30980216724677,1.2395413815038019,46,64,,False,True,,432,87.6246207195492
73,2026-09-18T06:49:19.798+00:00,2026-09-18T06:50:34.745+00:00,2026-09-18T06:50:39.369+00:00,True,80,80.0,,80.0,74947.407414,79571.335222,79571.335144,994.6416893,0.01864,74947.407414,8372.856766062334,95.8442151,58.53073174683544,20.924401716941354,1.0053871758819186,46,64,,False,True,,337,87.6246207195492
74,2026-09-18T06:49:20.200+00:00,2026-09-18T06:50:35.780+00:00,2026-09-18T06:50:40.707+00:00,True,80,80.0,,80.0,75579.690953,80506.514121,80506.514256,1006.3314282,34.095317,75579.690953,8443.102539856141,90.82021645,62.364850227848095,12.273434161524733,0.9937084082383854,46,64,,False,True,,433,87.6246207195492
75,2026-09-18T06:49:20.551+00:00,2026-09-18T06:50:37.387+00:00,2026-09-18T06:50:41.148+00:00,True,59,59.0,,59.0,76836.252649,80596.539113,80596.53901200001,1366.043034101695,41.928133,76836.252649,9994.795456257216,97.53602839999999,64.83252524137932,12.65676550080717,0.732041358714911,46,64,,False,True,,252,87.6246207195492
76,2026-09-18T06:49:20.858+00:00,2026-09-18T06:50:38.572+00:00,2026-09-18T06:50:42.950+00:00,True,69,69.0,,69.0,77714.043904,82092.20966400001,82092.20976700001,1189.742170536232,37.430681,77714.043904,9347.9292541182,97.535808,64.38479058823529,12.922137572749598,0.8405182450614269,46,64,,False,True,,311,87.6246207195492
77,2026-09-18T06:49:21.654+00:00,2026-09-18T06:50:41.416+00:00,2026-09-18T06:50:42.289+00:00,True,14,14.0,,14.0,79762.209865,80635.322441,80635.322499,5759.665892785714,52.264133,79762.209865,21299.400181959198,27978.523520349994,67.16250584615383,11.47170206312427,0.1736211820848568,46,64,,False,True,,58,87.6246207195492
78,2026-09-18T06:49:21.668+00:00,2026-09-18T06:50:41.603+00:00,2026-09-18T06:50:47.555+00:00,True,96,96.0,,96.0,79935.62592399999,85887.093188,85887.09303999999,894.6572191666666,0.0,79935.62592399999,8152.8915404880145,90.64592199999998,62.64702383157895,121.08634771353972,1.117746525544457,46,64,,False,True,,421,87.6246207195492
79,2026-09-18T06:49:22.058+00:00,2026-09-18T06:50:43.267+00:00,2026-09-18T06:50:48.869+00:00,True,92,92.0,,92.0,81209.41854000001,86811.11428400001,86811.11416300002,943.5990669891306,0.0,81209.41854000001,8461.13641461245,89.7717379,61.55709608791209,123.19272452717854,1.0597721358468537,46,64,,False,True,,398,87.6246207195492
80,2026-09-18T06:49:22.449+00:00,2026-09-18T06:50:44.503+00:00,2026-09-18T06:50:46.917+00:00,True,39,39.0,,39.0,82053.45444,84467.905896,84467.905722,2165.8437364615384,0.0,82053.45444,13130.251101519745,201.85397249999997,63.538196210526316,191.315588579006,0.4617138259354771,46,64,,False,True,,185,87.6246207195492
81,2026-09-18T06:49:22.917+00:00,2026-09-18T06:50:46.290+00:00,2026-09-18T06:50:47.285+00:00,True,17,17.0,,17.0,83372.986522,84368.18933800001,84368.18934000001,4962.8346670588235,55.524898,83372.986522,20205.834010367675,16729.3519788,62.200176,4.002810294700462,0.20149774616939756,46,64,,False,True,,96,87.6246207195492
82,2026-09-18T06:49:23.247+00:00,2026-09-18T06:50:47.550+00:00,2026-09-18T06:50:49.143+00:00,True,27,27.0,,27.0,84303.341192,85896.24973600001,85896.24977400001,3181.3425842222223,38.625529,84303.341192,16212.400309663484,94.4758273,61.26571323076923,13.400333475344011,0.3143326988428928,46,64,,False,True,,101,87.6246207195492
83,2026-09-18T06:49:23.689+00:00,2026-09-18T06:50:49.145+00:00,2026-09-18T06:50:53.077+00:00,True,65,65.0,,65.0,85456.24281200001,89387.81964400002,89387.81946600002,1375.1972225538464,35.768214,85456.24281200001,10591.927238582972,77.0127798,61.430888,9.737389552673475,0.7271684247235467,46,64,,False,True,,361,87.6246207195492
84,2026-09-18T06:49:23.993+00:00,2026-09-18T06:50:50.156+00:00,2026-09-18T06:50:55.061+00:00,True,79,79.0,,79.0,86162.723937,91067.953505,91067.95357,1152.758905949367,36.629782,86162.723937,9686.99548621794,92.66052549999999,62.88755856410257,11.77785723203654,0.8674840814959413,46,64,,False,True,,344,87.6246207195492
85,2026-09-18T06:49:24.283+00:00,2026-09-18T06:50:51.356+00:00,2026-09-18T06:50:51.457+00:00,True,3,3.0,,3.0,87072.893045,87173.941109,87173.941068,29057.980356,42.224192,87072.893045,50242.38887255685,78371.4861236,50.524032,11.737836803194702,0.0344139540077565,46,64,,False,True,,14,87.6246207195492
86,2026-09-18T06:49:24.578+00:00,2026-09-18T06:50:52.446+00:00,2026-09-18T06:50:55.679+00:00,True,52,52.0,,52.0,87868.12657600001,91101.274992,91101.27494300001,1751.9475950576925,34.345977,87868.12657600001,12176.332347354208,96.1322582,63.39506698039216,13.089704438564013,0.5707933286835596,46,64,,False,True,,221,87.6246207195492
87,2026-09-18T06:49:24.847+00:00,2026-09-18T06:50:53.447+00:00,2026-09-18T06:50:57.506+00:00,True,65,65.0,,65.0,88600.34387299999,92659.546177,92659.54612099999,1425.5314787846153,36.952542,88600.34387299999,10981.658602587875,88.685864,63.425036,10.949249879573784,0.7014927514951971,46,64,,False,True,,312,87.6246207195492
88,2026-09-18T06:49:25.216+00:00,2026-09-18T06:50:54.794+00:00,2026-09-18T06:50:56.873+00:00,True,35,35.0,,35.0,89577.552967,91656.68487099999,91656.684989,2618.762428257143,33.941936999999996,89577.552967,15131.03706755568,82.25848309999999,61.150938352941175,10.38599128132774,0.3818597634123459,46,64,,False,True,,135,87.6246207195492
89,2026-09-18T06:49:25.627+00:00,2026-09-18T06:50:56.311+00:00,2026-09-18T06:50:57.002+00:00,True,12,12.0,,12.0,90684.019172,91375.009252,91375.009124,7614.584093666666,56.961044,90684.019172,26160.087936802945,40846.84760485,62.81728,4.015169269349625,0.13132693608714843,46,64,,False,True,,50,87.6246207195492
90,2026-09-18T06:49:25.924+00:00,2026-09-18T06:50:57.447+00:00,2026-09-18T06:50:59.543+00:00,True,35,35.0,,35.0,91523.685021,93618.740381,93618.74034399999,2674.8211526857144,38.876248,91523.685021,15459.913756526328,77.0118772,61.61927529411764,9.70092060277315,0.3738567711716754,46,64,,False,True,,148,87.6246207195492
91,2026-09-18T06:49:26.200+00:00,2026-09-18T06:50:58.254+00:00,2026-09-18T06:50:59.852+00:00,True,27,27.0,,27.0,92054.636111,93652.514383,93652.514484,3468.6116475555555,33.669247999999996,92054.636111,17704.09862656898,87.6128709,61.456856615384616,10.554841010362361,0.2882997875484814,46,64,,True,True,,94,87.6246207195492
92,2026-09-18T06:49:26.690+00:00,2026-09-18T06:51:00.035+00:00,2026-09-18T06:51:02.093+00:00,True,34,34.0,,34.0,93344.644317,95402.878685,95402.878478,2805.9670140588237,43.15037,93344.644317,15997.779586957375,76.5190931,62.370738424242425,7.3746621913512715,0.35638337614801713,46,64,,True,True,,137,87.6246207195492
93,2026-09-18T06:49:27.113+00:00,2026-09-18T06:51:01.839+00:00,2026-09-18T06:51:02.577+00:00,True,13,13.0,,13.0,94726.71451199999,95464.458128,95464.45825699999,7343.419865923076,41.329673,94726.71451199999,26255.41345766748,37933.417977599995,61.478634666666665,7.577075951182864,0.13617633467912665,46,64,,True,True,,25,87.6246207195492
94,2026-09-18T06:49:27.494+00:00,2026-09-18T06:51:03.293+00:00,2026-09-18T06:51:08.722+00:00,True,89,89.0,,89.0,95799.05655,101227.608998,101227.60884399999,1137.3888634157302,37.79565,95799.05655,10148.145669683485,83.4829754,61.688096,10.039574603603816,0.8792067784763978,46,64,,True,True,,401,87.6246207195492
95,2026-09-18T06:49:27.885+00:00,2026-09-18T06:51:04.786+00:00,2026-09-18T06:51:07.032+00:00,True,37,37.0,,37.0,96900.250645,99146.204181,99146.20401799999,2679.6271356216216,40.262006,96900.250645,15920.051001128524,92.7608518,62.38759822222222,11.980449820397531,0.37318624858752325,46,64,,True,True,,134,87.6246207195492
96,2026-09-18T06:49:28.160+00:00,2026-09-18T06:51:05.850+00:00,2026-09-18T06:51:10.723+00:00,True,79,79.0,,79.0,97689.907006,102562.50246199999,102562.502369,1298.2595236582279,36.704822,97689.907006,10983.95156833313,92.9923163,62.46917251282051,12.171910754007468,0.7702620168542589,46,64,,True,True,,352,87.6246207195492
97,2026-09-18T06:49:28.595+00:00,2026-09-18T06:51:07.456+00:00,2026-09-18T06:51:09.397+00:00,True,32,32.0,,32.0,98860.969002,100802.571562,100802.571429,3150.08035715625,36.768932,98860.969002,17465.248905924676,99.37622179999998,62.63234064516129,14.024763533794856,0.3174522187692202,46,64,,True,True,,173,87.6246207195492
98,2026-09-18T06:49:29.069+00:00,2026-09-18T06:51:09.398+00:00,2026-09-18T06:51:12.347+00:00,True,48,48.0,,48.0,100328.783969,103277.810529,103277.810701,2151.6210562708334,37.41874,100328.783969,14472.159790480575,84.82858949999999,62.745245957446805,10.431010462954438,0.4647658558420136,46,64,,True,True,,215,87.6246207195492
99,2026-09-18T06:49:29.349+00:00,2026-09-18T06:51:10.363+00:00,2026-09-18T06:51:11.831+00:00,True,24,24.0,,24.0,101014.716782,102482.29361400001,102482.293676,4270.095569833334,38.995487999999995,101014.716782,20606.52093761658,93.50323254999999,63.80768834782609,11.195517031927047,0.23418679611520113,46,64,,True,True,,116,87.6246207195492
100,2026-09-18T06:49:29.708+00:00,2026-09-18T06:51:12.020+00:00,2026-09-18T06:51:14.334+00:00,True,38,38.0,,38.0,102312.034733,104625.498029,104625.49804199999,2753.3025800526316,34.136727,102312.034733,16587.063928181124,95.02456535000002,62.52603502702703,10.635142546077422,0.3632001827075384,46,64,,True,True,,166,87.6246207195492
101,2026-09-18T06:49:29.987+00:00,2026-09-18T06:51:12.865+00:00,2026-09-18T06:51:14.704+00:00,True,30,30.0,,30.0,102877.21876,104716.682184,104716.682146,3490.5560715333336,56.033986,102877.21876,18771.144639541446,79.61576614999998,63.429773241379316,5.654935217327868,0.2864873043560178,46,64,,True,True,,98,87.6246207195492
102,2026-09-18T06:49:30.252+00:00,2026-09-18T06:51:13.834+00:00,2026-09-18T06:51:14.515+00:00,True,12,12.0,,12.0,103581.81265800001,104262.920882,104262.92091700001,8688.576743083335,58.732031,103581.81265800001,29883.61932930048,46648.4072709,61.918929454545456,2.2188626405718925,0.11509364881098094,46,64,,True,True,,47,87.6246207195492
103,2026-09-18T06:49:30.681+00:00,2026-09-18T06:51:15.391+00:00,2026-09-18T06:51:16.275+00:00,True,15,15.0,,15.0,104710.471392,105594.160608,105594.160447,7039.610696466667,58.322492,104710.471392,27019.82990139957,31460.488406099998,63.120658285714285,2.6863142514659066,0.14205330970606317,46,64,,True,True,,59,87.6246207195492
104,2026-09-18T06:49:30.987+00:00,2026-09-18T06:51:16.669+00:00,2026-09-18T06:51:18.583+00:00,True,30,30.0,,30.0,105682.05544699999,107595.997207,107595.99705399999,3586.533235133333,38.902548,105682.05544699999,19282.769943537296,95.23419369999999,65.99799172413793,13.016167766676903,0.27882078124415816,46,64,,True,True,,140,87.6246207195492
105,2026-09-18T06:49:31.315+00:00,2026-09-18T06:51:18.099+00:00,2026-09-18T06:51:19.020+00:00,True,15,15.0,,15.0,106784.277679,107704.88030300001,107704.880405,7180.325360333334,37.633111,106784.277679,27554.606135472102,32100.098893,65.75733028571429,12.583073953170214,0.1392694551797593,46,64,,True,True,,96,87.6246207195492
106,2026-09-18T06:49:31.601+00:00,2026-09-18T06:51:18.955+00:00,2026-09-18T06:51:23.896+00:00,True,79,79.0,,79.0,107353.552587,112294.874315,112294.874143,1421.4541030759494,33.686048,107353.552587,12071.09639262761,90.6245045,63.35027856410257,11.641756360786385,0.7035049505322563,46,64,,True,True,,368,87.6246207195492
107,2026-09-18T06:49:31.970+00:00,2026-09-18T06:51:20.395+00:00,2026-09-18T06:51:20.972+00:00,True,10,10.0,,10.0,108424.322309,109001.438725,109001.438621,10900.1438621,44.03392899999999,108424.322309,34266.50619179934,59677.89104809999,64.12404622222222,14.604336496966798,0.09174190833599018,46,64,,True,True,,41,87.6246207195492
108,2026-09-18T06:49:32.351+00:00,2026-09-18T06:51:21.925+00:00,2026-09-18T06:51:22.741+00:00,True,13,13.0,,13.0,109573.791875,110389.444483,110389.44458499999,8491.495737307692,43.428519,109573.791875,30371.453318507138,43885.9602776,67.97105066666667,14.49647200348527,0.1177648828733983,46,64,,True,True,,51,87.6246207195492
109,2026-09-18T06:49:32.689+00:00,2026-09-18T06:51:23.386+00:00,2026-09-18T06:51:26.373+00:00,True,48,48.0,,48.0,110697.39840800001,113684.92480800001,113684.92492900002,2368.4359360208337,36.470192000000004,110697.39840800001,15968.621265690663,89.69566215,63.564391489361704,9.564377221651588,0.42221956940259364,46,64,,True,True,,198,87.6246207195492
110,2026-09-18T06:49:33.119+00:00,2026-09-18T06:51:24.994+00:00,2026-09-18T06:51:26.599+00:00,True,27,27.0,,27.0,111874.854163,113480.167699,113480.167602,4202.969170444444,35.352005,111874.854163,21518.445113506314,81.9272119,61.74282830769231,8.984341176867828,0.2379270364810884,46,64,,True,True,,125,87.6246207195492
111,2026-09-18T06:49:33.448+00:00,2026-09-18T06:51:26.275+00:00,2026-09-18T06:51:32.107+00:00,True,95,95.0,,95.0,112826.79884399999,118658.90252399999,118658.90255099999,1249.0410794842105,36.243963,112826.79884399999,11569.425939170109,91.84621639999999,62.04365617021277,12.011692083986663,0.800614180472344,46,64,,True,True,,490,87.6246207195492
112,2026-09-18T06:49:33.831+00:00,2026-09-18T06:51:27.974+00:00,2026-09-18T06:51:32.650+00:00,True,76,76.0,,76.0,114143.196051,118818.94721900001,118818.947348,1563.4072019473685,33.914227,114143.196051,13085.976473296932,91.832235,62.34334890666667,11.746604087444537,0.6396286264001424,46,64,,True,True,,411,87.6246207195492
113,2026-09-18T06:49:34.110+00:00,2026-09-18T06:51:29.041+00:00,2026-09-18T06:51:32.110+00:00,True,51,51.0,,51.0,114931.39070399999,118000.006384,118000.00648499999,2313.725617352941,37.29189100000001,114931.39070399999,16085.023643386523,87.17964400000001,61.3723136,11.085062996851802,0.43220336644757384,46,64,,True,True,,217,87.6246207195492
114,2026-09-18T06:49:34.577+00:00,2026-09-18T06:51:31.031+00:00,2026-09-18T06:51:36.948+00:00,True,94,94.0,,94.0,116453.72422,122370.347836,122370.34772,1301.812209787234,39.077457,116453.72422,12004.72882814297,93.45585750000001,63.619608774193544,12.220291153175749,0.7681599477512169,46,64,,True,True,,416,87.6246207195492
115,2026-09-18T06:49:35.173+00:00,2026-09-18T06:51:32.589+00:00,2026-09-18T06:51:38.080+00:00,True,88,88.0,,88.0,117416.6847,122907.052188,122907.052219,1396.6710479431817,36.271443,117416.6847,12509.940066144467,93.37138854999999,63.107672275862065,13.043341073122535,0.7159882076204563,46,64,,True,True,,416,87.6246207195492
116,2026-09-18T06:49:35.289+00:00,2026-09-18T06:51:34.143+00:00,2026-09-18T06:51:38.904+00:00,True,77,77.0,,77.0,118853.47301999999,123615.00645999999,123615.00652799998,1605.389695168831,35.509344,118853.47301999999,13537.475475353222,93.002518,62.65175578947368,11.719501649311738,0.6229017188533341,46,64,,True,True,,279,87.6246207195492
117,2026-09-18T06:49:35.709+00:00,2026-09-18T06:51:35.961+00:00,2026-09-18T06:51:41.453+00:00,True,90,90.0,,90.0,120252.03022,125744.497676,125744.497826,1397.1610869555557,37.126891,120252.03022,12669.175238682988,83.32536624999999,61.713117483146064,9.353696640093213,0.7157370832392111,46,64,,True,True,,470,87.6246207195492
118,2026-09-18T06:49:36.034+00:00,2026-09-18T06:51:37.130+00:00,2026-09-18T06:51:43.136+00:00,True,98,98.0,,98.0,121095.31550699999,127101.40753899999,127101.40747199999,1296.9531374693877,36.512332,121095.31550699999,12226.223926430985,90.81359490000001,61.918474556701035,10.576517134268322,0.7710378814642909,46,64,,True,True,,506,87.6246207195492
119,2026-09-18T06:49:36.357+00:00,2026-09-18T06:51:38.536+00:00,2026-09-18T06:51:40.746+00:00,True,37,37.0,,37.0,122179.473069,124388.495789,124388.495901,3361.8512405675674,34.957886,122179.473069,20076.096014634826,75.1555642,61.361742222222226,9.491576404385398,0.29745516066665073,46,64,,True,True,,207,87.6246207195492
120,2026-09-18T06:49:36.668+00:00,2026-09-18T06:51:39.715+00:00,2026-09-18T06:51:44.265+00:00,True,75,75.0,,75.0,123047.76801999999,127597.43560399998,127597.43572999998,1701.2991430666666,35.061755,123047.76801999999,14201.23610591437,70.4950955,61.481994378378374,9.351560541956438,0.5877861074948505,46,64,,True,True,,368,87.6246207195492
121,2026-09-18T06:49:36.934+00:00,2026-09-18T06:51:40.860+00:00,2026-09-18T06:51:44.445+00:00,True,59,59.0,,59.0,123926.461092,127510.746788,127510.746789,2161.199098118644,42.141682,123926.461092,16125.808077932028,74.3322642,61.79802924137931,9.030212775875647,0.46270609722091655,46,64,,True,True,,282,87.6246207195492
122,2026-09-18T06:49:37.297+00:00,2026-09-18T06:51:42.404+00:00,2026-09-18T06:51:45.213+00:00,True,47,47.0,,47.0,125106.991286,127916.497846,127916.497768,2721.6276120851066,36.296112,125106.991286,18239.822688054617,70.016452,61.07622956521739,7.098526450957374,0.3674271950173604,46,64,,True,True,,189,87.6246207195492
123,2026-09-18T06:49:37.623+00:00,2026-09-18T06:51:43.574+00:00,2026-09-18T06:51:48.411+00:00,True,81,81.0,,81.0,125951.171422,130788.10659,130788.10675,1614.6679845679012,36.685682,125951.171422,13987.859520578959,69.82143099999999,60.4616896,9.038784165982706,0.6193223689209156,46,64,,True,True,,348,87.6246207195492
124,2026-09-18T06:49:38.022+00:00,2026-09-18T06:51:44.922+00:00,2026-09-18T06:51:45.688+00:00,True,14,14.0,,14.0,126899.757548,127665.692396,127665.69230099999,9118.9780215,37.55878,126899.757548,33899.64153423261,44458.8021759,58.91806523076923,9.569950225794265,0.1096614112785609,46,64,,True,True,,46,87.6246207195492
125,2026-09-18T06:49:38.343+00:00,2026-09-18T06:51:45.872+00:00,2026-09-18T06:51:47.591+00:00,True,30,30.0,,30.0,127529.36637999999,129248.55537199999,129248.555325,4308.2851775,37.931889000000005,127529.36637999999,23272.74976915319,83.97348004999999,59.282379034482766,11.953656706776487,0.23211091151970512,46,64,,True,True,,140,87.6246207195492
126,2026-09-18T06:49:38.775+00:00,2026-09-18T06:51:47.792+00:00,2026-09-18T06:51:53.894+00:00,True,99,99.0,,99.0,129017.777237,135118.899029,135118.898864,1364.8373622626264,36.332342,129017.777237,12960.520802177869,76.76435040000001,62.25634481632653,9.301512434211075,0.7326880304046294,46,64,,True,True,,462,87.6246207195492
127,2026-09-18T06:49:39.202+00:00,2026-09-18T06:51:49.259+00:00,2026-09-18T06:51:51.365+00:00,True,36,36.0,,36.0,130056.700442,132162.457882,132162.457957,3671.1793876944444,37.247011,130056.700442,21666.091710641023,78.90036775,60.16449828571428,10.31882255883678,0.27239202854521866,46,64,,True,True,,139,87.6246207195492
128,2026-09-18T06:49:39.619+00:00,2026-09-18T06:51:50.736+00:00,2026-09-18T06:51:56.484+00:00,True,92,92.0,,92.0,131117.513367,136865.15215100002,136865.151923,1487.6646948152174,35.619644,131117.513367,13663.36511497763,89.8663421,63.160865758241755,10.968261998023387,0.6721944816055048,46,64,,True,True,,430,87.6246207195492
129,2026-09-18T06:49:40.016+00:00,2026-09-18T06:51:52.033+00:00,2026-09-18T06:51:53.444+00:00,True,23,23.0,,23.0,132017.286182,133428.540454,133428.540492,5801.240890956522,52.114253,132017.286182,27514.132114988428,88.0043879,64.14792145454545,6.824789771840056,0.17237691367784494,46,64,,True,True,,116,87.6246207195492
130,2026-09-18T06:49:40.464+00:00,2026-09-18T06:51:53.572+00:00,2026-09-18T06:51:59.479+00:00,True,99,99.0,,99.0,133108.09737,139015.811674,139015.811578,1404.200116949495,38.107269,133108.09737,13371.812050750976,70.2618205,60.28279902040816,9.81106103544435,0.7121492066827667,46,64,,True,True,,474,87.6246207195492
131,2026-09-18T06:49:40.855+00:00,2026-09-18T06:51:55.364+00:00,2026-09-18T06:51:55.719+00:00,True,7,7.0,,7.0,134509.327101,134863.830013,134863.83002,19266.26143142857,45.269346,134509.327101,50817.41577065702,94175.9593554,59.083818666666666,7.181935784306252,0.0519042058891939,46,64,,True,True,,21,87.6246207195492
132,2026-09-18T06:49:41.186+00:00,2026-09-18T06:51:56.482+00:00,2026-09-18T06:51:57.774+00:00,True,24,24.0,,24.0,135296.044628,136588.540756,136588.540678,5691.189194916667,36.860082000000006,135296.044628,27605.720222541626,67.22573145,56.19548382608696,9.652016356307241,0.17571020136215737,46,64,,True,True,,106,87.6246207195492
133,2026-09-18T06:49:41.548+00:00,2026-09-18T06:51:58.091+00:00,2026-09-18T06:52:02.723+00:00,True,76,76.0,,76.0,136542.295028,141174.75634,141174.756263,1857.5625824078948,33.115888,136542.295028,15655.394523623962,90.95796525,61.76615082666667,11.514246018448246,0.5383398701745548,46,64,,True,True,,350,87.6246207195492
134,2026-09-18T06:49:41.876+00:00,2026-09-18T06:51:59.475+00:00,2026-09-18T06:52:04.421+00:00,True,80,80.0,,80.0,137598.662563,142544.67088299998,142544.670904,1781.8083863,33.289557,137598.662563,15377.002643878972,92.89793145,62.60770025316456,11.49536559965223,0.5612275752186039,46,64,,True,True,,184,87.6246207195492
135,2026-09-18T06:49:42.191+00:00,2026-09-18T06:52:00.539+00:00,2026-09-18T06:52:00.603+00:00,True,2,2.0,,2.0,138347.26888100003,138412.05428900002,138412.05447000003,69206.02723500002,64.785589,138347.26888100003,97780.48165508868,131433.1447164,64.785408,nan,0.014449608527766396,46,64,,True,True,,7,87.6246207195492
136,2026-09-18T06:49:42.540+00:00,2026-09-18T06:52:01.581+00:00,2026-09-18T06:52:04.943+00:00,True,54,54.0,,54.0,139041.84201,142403.014234,142403.014406,2637.09285937037,36.867501,139041.84201,18912.57207176293,96.79344815,63.418343849056605,12.594673376484154,0.3792054563625031,46,64,,True,True,,251,87.6246207195492
137,2026-09-18T06:49:42.826+00:00,2026-09-18T06:52:02.778+00:00,2026-09-18T06:52:03.226+00:00,True,8,8.0,,8.0,139952.256667,140399.86012300002,140399.860183,17549.982522875,60.552547,139952.256667,49457.98753713713,90992.70928060001,63.94335085714286,2.6935545919127897,0.056980113747915735,46,64,,True,True,,26,87.6246207195492
138,2026-09-18T06:49:43.273+00:00,2026-09-18T06:52:04.423+00:00,2026-09-18T06:52:10.021+00:00,True,91,91.0,,91.0,141150.795926,146748.815254,146748.815263,1612.6243435494505,35.964273,141150.795926,14790.10720133093,88.6934995,62.20021475555556,10.448246436490315,0.6201072209168624,46,64,,True,True,,396,87.6246207195492
139,2026-09-18T06:49:43.552+00:00,2026-09-18T06:52:05.428+00:00,2026-09-18T06:52:10.127+00:00,True,77,77.0,,77.0,141875.932099,146575.268291,146575.268331,1903.5749133896104,35.619313999999996,141875.932099,16161.220256677247,91.5029966,61.83337094736842,11.179140763877207,0.5253273686467334,46,64,,True,True,,313,87.6246207195492
140,2026-09-18T06:49:43.901+00:00,2026-09-18T06:52:06.969+00:00,2026-09-18T06:52:12.690+00:00,True,94,94.0,,94.0,143067.379222,148788.82203799998,148788.82199899998,1582.8598084999999,36.554642,143067.379222,14749.93126889028,82.45298439999999,61.52089049462365,9.778671776963966,0.6317678889613955,46,64,,True,True,,455,87.6246207195492
141,2026-09-18T06:49:44.350+00:00,2026-09-18T06:52:08.878+00:00,2026-09-18T06:52:12.044+00:00,True,53,53.0,,53.0,144528.157561,147694.712185,147694.71213,2786.692681698113,35.721204,144528.157561,19844.106555225768,69.08128119999999,60.89528123076923,8.851614433734795,0.3588483244654897,46,64,,True,True,,261,87.6246207195492
142,2026-09-18T06:49:44.792+00:00,2026-09-18T06:52:10.375+00:00,2026-09-18T06:52:11.413+00:00,True,18,18.0,,18.0,145583.276866,146620.92397,146620.923992,8145.606888444445,40.668474,145583.276866,34299.92120227775,21898.13473485,61.03806494117647,6.498298692383958,0.12276556109878946,46,64,,True,True,,64,87.6246207195492
143,2026-09-18T06:49:45.168+00:00,2026-09-18T06:52:11.917+00:00,2026-09-18T06:52:12.909+00:00,True,17,17.0,,17.0,146748.922227,147740.945523,147740.94562800002,8690.643860470589,37.58235,146748.922227,35576.805789643884,29423.109732599998,62.001456,11.614585707171617,0.11506627319745613,46,64,,True,True,,62,87.6246207195492
144,2026-09-18T06:49:45.622+00:00,2026-09-18T06:52:13.547+00:00,2026-09-18T06:52:18.107+00:00,True,74,74.0,,74.0,147924.750166,152485.36943000002,152485.369417,2060.6131002297298,37.795029,147924.750166,17188.644436362032,92.68610059999999,62.474236493150684,11.807958841934367,0.4852924597068997,46,64,,True,True,,360,87.6246207195492
145,2026-09-18T06:49:46.055+00:00,2026-09-18T06:52:15.357+00:00,2026-09-18T06:52:20.306+00:00,True,79,79.0,,79.0,149301.76782100002,154250.73114900003,154250.73096800002,1952.540898329114,33.434348,149301.76782100002,16790.62871274118,94.3199238,63.44824779487179,14.217110523475728,0.5121531639528448,46,64,,True,True,,254,87.6246207195492
146,2026-09-18T06:49:46.512+00:00,2026-09-18T06:52:17.248+00:00,2026-09-18T06:52:17.980+00:00,True,12,12.0,,12.0,150735.717882,151468.142074,151468.142046,12622.345170499999,53.63794,150735.717882,43494.433938259135,67881.65927984999,66.58401745454546,11.737984794812476,0.07922458040145089,46,64,,True,True,,50,87.6246207195492
147,2026-09-18T06:49:46.929+00:00,2026-09-18T06:52:18.733+00:00,2026-09-18T06:52:19.969+00:00,True,21,21.0,,21.0,151804.568771,153040.115907,153040.11577799998,7287.624560857143,40.035175,151804.568771,33112.99452813721,95.605782,61.7773568,13.78476323694731,0.13721892378049008,46,64,,True,True,,76,87.6246207195492
148,2026-09-18T06:49:47.365+00:00,2026-09-18T06:52:20.555+00:00,2026-09-18T06:52:22.316+00:00,True,29,29.0,,29.0,153190.25943,154951.744998,154951.744936,5343.1636184827585,41.076224,153190.25943,28435.036431325352,85.2628998,62.91019885714286,9.503127636846138,0.18715503978593018,46,64,,True,True,,168,87.6246207195492
149,2026-09-18T06:49:47.804+00:00,2026-09-18T06:52:22.026+00:00,2026-09-18T06:52:25.605+00:00,True,57,57.0,,57.0,154221.849107,157800.17947499998,157800.17948899997,2768.424201561403,39.134107,154221.849107,20418.72263464419,91.50151299999999,63.89875657142858,11.715382728336694,0.361216319205964,46,64,,True,True,,199,87.6246207195492
150,2026-09-18T06:49:48.077+00:00,2026-09-18T06:52:23.108+00:00,2026-09-18T06:52:29.296+00:00,True,99,99.0,,99.0,155030.78999599998,161218.809708,161218.809781,1628.4728260707068,36.400161,155030.78999599998,15574.838490842105,91.68624390000001,63.14305828571428,11.162819878663116,0.6140722672454233,46,64,,True,True,,464,87.6246207195492
151,2026-09-18T06:49:48.853+00:00,2026-09-18T06:52:24.118+00:00,2026-09-18T06:52:27.687+00:00,True,57,57.0,,57.0,155264.761715,158833.571699,158833.571683,2786.5538891754386,39.831745000000005,155264.761715,20556.881063789242,88.3803474,63.72874971428572,9.291888802006012,0.3588661980605632,46,64,,True,True,,344,87.6246207195492
152,2026-09-18T06:49:48.868+00:00,2026-09-18T06:52:24.996+00:00,2026-09-18T06:52:30.813+00:00,True,94,94.0,,94.0,156128.483535,161945.134031,161945.134082,1722.8205753404256,33.823777,156128.483535,16096.9753622842,73.12086275,62.544628989247315,9.616875515065246,0.5804434974996301,46,64,,True,True,,482,87.6246207195492
153,2026-09-18T06:49:49.243+00:00,2026-09-18T06:52:27.424+00:00,2026-09-18T06:52:28.455+00:00,True,18,18.0,,18.0,158180.541532,159212.191836,159212.191739,8845.121763277777,42.103442,158180.541532,37269.20830937224,23788.617358050004,60.685312,7.877540874034231,0.11305666854044251,46,64,,True,True,,57,87.6246207195492
154,2026-09-18T06:49:49.577+00:00,2026-09-18T06:52:28.813+00:00,2026-09-18T06:52:32.890+00:00,True,66,66.0,,66.0,159236.246017,163312.834817,163312.834878,2474.436892090909,39.320927000000005,159236.246017,19592.90964295257,90.9027255,62.71675076923077,10.17470210781399,0.40413235171599476,46,64,,True,True,,296,87.6246207195492
155,2026-09-18T06:49:49.976+00:00,2026-09-18T06:52:30.213+00:00,2026-09-18T06:52:31.510+00:00,True,22,22.0,,22.0,160237.723073,161534.655681,161534.655506,7342.484341181818,38.757078,160237.723073,34149.63174234715,86.10446765,61.75869561904762,9.992577023253844,0.13619368492322653,46,64,,True,True,,83,87.6246207195492
156,2026-09-18T06:49:50.359+00:00,2026-09-18T06:52:31.685+00:00,2026-09-18T06:52:34.537+00:00,True,44,44.0,,44.0,161325.858447,164177.375375,164177.375581,3731.3039904772727,37.691328999999996,161325.858447,24310.795223257934,104.06792615,66.3143471627907,14.528405126647344,0.26800282255395386,46,64,,True,True,,224,87.6246207195492
157,2026-09-18T06:49:50.667+00:00,2026-09-18T06:52:33.014+00:00,2026-09-18T06:52:37.900+00:00,True,76,76.0,,76.0,162346.538898,167233.048466,167233.048521,2200.4348489605263,36.70291,162346.538898,18614.958418273465,103.18963200000002,65.15346090666667,16.078894404916298,0.45445562762345676,46,64,,True,True,,270,87.6246207195492
158,2026-09-18T06:49:51.127+00:00,2026-09-18T06:52:35.221+00:00,2026-09-18T06:52:38.468+00:00,True,51,51.0,,51.0,164094.22784200002,167341.540994,167341.54111000002,3281.206688431373,37.985328,164094.22784200002,22968.699296576022,103.89357650000002,64.94626304,16.313806798392765,0.30476592779690365,46,64,,True,True,,224,87.6246207195492
159,2026-09-18T06:49:51.427+00:00,2026-09-18T06:52:36.361+00:00,2026-09-18T06:52:38.995+00:00,True,42,42.0,,42.0,164934.55636000002,167568.68858400002,167568.688651,3989.730682166667,36.750422,164934.55636000002,25440.04547168424,98.69229594999999,64.24712741463415,15.230766805244535,0.25064348450125834,46,64,,True,True,,181,87.6246207195492
160,2026-09-18T06:49:51.849+00:00,2026-09-18T06:52:37.792+00:00,2026-09-18T06:52:40.301+00:00,True,42,42.0,,42.0,165942.943963,168452.764379,168452.764565,4010.780108690476,35.426974,165942.943963,25596.10853932973,79.6865525,61.215132097560975,10.456918080229816,0.24932805439455222,46,64,,True,True,,193,87.6246207195492
161,2026-09-18T06:49:52.163+00:00,2026-09-18T06:52:39.001+00:00,2026-09-18T06:52:43.519+00:00,True,73,73.0,,73.0,166838.13498899998,171355.814861,171355.81496899997,2347.3399310821915,34.428486,166838.13498899998,19519.5858085831,91.68274700000002,62.74555377777778,10.724396708434153,0.4260141394046999,46,64,,True,True,,255,87.6246207195492
162,2026-09-18T06:49:52.623+00:00,2026-09-18T06:52:40.780+00:00,2026-09-18T06:52:41.261+00:00,True,8,8.0,,8.0,168157.123212,168637.961868,168637.96187600002,21079.745234500002,58.103701,168157.123212,59428.23641836633,109335.45162885002,68.69123657142856,13.804888463464707,0.04743890350300803,46,64,,True,True,,37,87.6246207195492
163,2026-09-18T06:49:52.973+00:00,2026-09-18T06:52:42.106+00:00,2026-09-18T06:52:42.237+00:00,True,3,3.0,,3.0,169133.274176,169263.83776,169263.83796200002,56421.27932066667,64.952048,169133.274176,97611.45085649693,152226.5079322,65.281792,0.46630580949415584,0.017723809407262255,46,64,,True,True,,20,87.6246207195492
164,2026-09-18T06:49:53.246+00:00,2026-09-18T06:52:43.299+00:00,2026-09-18T06:52:47.699+00:00,True,70,70.0,,70.0,170053.079766,174453.27125400002,174453.271145,2492.1895877857146,34.749255,170053.079766,20317.61319057366,97.1224519,63.770891130434784,13.869914425637381,0.40125358210154505,46,64,,True,True,,166,87.6246207195492
165,2026-09-18T06:49:53.715+00:00,2026-09-18T06:52:45.031+00:00,2026-09-18T06:52:50.582+00:00,True,89,89.0,,89.0,171315.991574,176867.52207,176867.522158,1987.2755298651687,36.807471,171315.991574,18152.77542119969,91.25125200000001,63.08557381818182,11.642000405725895,0.5032014863914692,46,64,,True,True,,261,87.6246207195492
166,2026-09-18T06:49:54.196+00:00,2026-09-18T06:52:46.746+00:00,2026-09-18T06:52:50.027+00:00,True,53,53.0,,53.0,172549.469275,175830.477915,175830.47775400002,3317.556184037736,35.606854,172549.469275,23692.829056108767,93.4814098,63.09632,13.175762213212693,0.30142669592026744,46,64,,True,True,,250,87.6246207195492
167,2026-09-18T06:49:54.675+00:00,2026-09-18T06:52:48.803+00:00,2026-09-18T06:52:52.242+00:00,True,55,55.0,,55.0,174128.512762,177566.911994,177566.911959,3228.4893083454544,37.607071000000005,174128.512762,23470.90124839174,93.4822974,63.67405985185185,12.343719769391432,0.30974239165604484,46,64,,True,True,,264,87.6246207195492
168,2026-09-18T06:49:55.085+00:00,2026-09-18T06:52:50.209+00:00,2026-09-18T06:52:50.683+00:00,True,9,9.0,,9.0,175124.37127200002,175598.60410400003,175598.60394600002,19510.955994000004,38.346668,175124.37127200002,58355.03202778777,105104.69269920001,59.279104,13.160599731996236,0.05125325480759323,46,64,,True,True,,34,87.6246207195492
169,2026-09-18T06:49:55.426+00:00,2026-09-18T06:52:51.593+00:00,2026-09-18T06:52:51.989+00:00,True,6,6.0,,6.0,176167.14073699998,176562.36147299997,176562.36139799998,29427.060232999997,61.932624000000004,176167.14073699998,71887.66563331586,132148.34099474997,79.0441472,14.827803014315615,0.03398232754673211,46,64,,True,True,,24,87.6246207195492
170,2026-09-18T06:49:55.741+00:00,2026-09-18T06:52:52.735+00:00,2026-09-18T06:52:55.546+00:00,True,44,44.0,,44.0,176993.211226,179804.13474600003,179804.13476500002,4086.457608295455,38.590758,176993.211226,26672.87877693031,96.32671515,65.37031441860465,13.165743462890962,0.2447107240451201,46,64,,True,True,,227,87.6246207195492
171,2026-09-18T06:49:56.198+00:00,2026-09-18T06:52:54.459+00:00,2026-09-18T06:52:55.356+00:00,True,14,14.0,,14.0,178260.770827,179157.191691,179157.191753,12796.942268071429,59.255549,178260.770827,47623.76709649881,62453.5069001,68.95545107692307,11.228063271523206,0.07814366740100723,46,64,,True,True,,52,87.6246207195492
172,2026-09-18T06:49:56.599+00:00,2026-09-18T06:52:56.170+00:00,2026-09-18T06:53:01.796+00:00,True,90,90.0,,90.0,179570.945171,185196.723347,185196.723432,2057.741371466667,34.643775999999995,179570.945171,18921.780571789273,92.13484445000002,63.210990741573035,12.348929550541966,0.48596972113469045,46,64,,True,True,,471,87.6246207195492
173,2026-09-18T06:49:56.960+00:00,2026-09-18T06:52:57.502+00:00,2026-09-18T06:52:58.520+00:00,True,17,17.0,,17.0,180541.15064100001,181559.676849,181559.67685800002,10679.98099164706,36.89748,180541.15064100001,43772.2238886772,36186.4779826,63.657888,14.904706236900862,0.09363312545515601,46,64,,True,True,,70,87.6246207195492
174,2026-09-18T06:49:57.310+00:00,2026-09-18T06:52:58.917+00:00,2026-09-18T06:53:03.557+00:00,True,76,76.0,,76.0,181606.371612,186246.805788,186246.80598399998,2450.615868210526,38.115369,181606.371612,20824.58433552052,71.5806335,61.87245568,9.378693319411157,0.40806068956967173,46,64,,True,True,,223,87.6246207195492
175,2026-09-18T06:49:57.766+00:00,2026-09-18T06:53:00.338+00:00,2026-09-18T06:53:05.962+00:00,True,93,93.0,,93.0,182572.042669,188195.552941,188195.552924,2023.608095956989,36.767292000000005,182572.042669,18925.501893510238,69.63932359999998,61.12511165217391,7.231829293854398,0.4941668309726524,46,64,,True,True,,455,87.6246207195492
176,2026-09-18T06:49:58.134+00:00,2026-09-18T06:53:01.922+00:00,2026-09-18T06:53:07.420+00:00,True,93,93.0,,93.0,183787.24116,189285.924296,189285.924408,2035.332520516129,34.311125999999994,183787.24116,19051.652904293256,67.8156516,59.76829495652174,7.522118163188605,0.491320209602956,46,64,,True,True,,396,87.6246207195492
177,2026-09-18T06:49:58.413+00:00,2026-09-18T06:53:03.359+00:00,2026-09-18T06:53:05.201+00:00,True,31,31.0,,31.0,184946.80256799998,186788.34061599997,186788.340828,6025.430349290322,37.290639999999996,184946.80256799998,33206.40220663473,72.0386655,61.3846016,7.747647264576213,0.16596324962129136,46,64,,True,True,,128,87.6246207195492
178,2026-09-18T06:49:58.850+00:00,2026-09-18T06:53:04.775+00:00,2026-09-18T06:53:09.952+00:00,True,88,88.0,,88.0,185925.520668,191101.89238,191101.89224900003,2171.6124119204546,34.151905,185925.520668,19813.387195170173,69.43903835,59.49852542528736,10.329267067923858,0.4604873290580232,46,64,,True,True,,401,87.6246207195492
179,2026-09-18T06:49:59.312+00:00,2026-09-18T06:53:06.332+00:00,2026-09-18T06:53:11.508+00:00,True,88,88.0,,88.0,187019.446165,192195.835029,192195.835165,2184.0435814204548,34.700995000000006,187019.446165,19929.99983931689,68.83944299999999,59.498722574712644,9.994499994439416,0.4578663215398079,46,64,,True,True,,413,87.6246207195492
180,2026-09-18T06:49:59.728+00:00,2026-09-18T06:53:08.212+00:00,2026-09-18T06:53:12.241+00:00,True,68,68.0,,68.0,188483.55587,192512.895006,192512.89484300002,2831.071982985294,34.378465,188483.55587,22849.69767857743,69.15921120000002,60.139390089552236,9.951193554441693,0.3532230918759009,46,64,,True,True,,317,87.6246207195492
181,2026-09-18T06:50:00.191+00:00,2026-09-18T06:53:10.070+00:00,2026-09-18T06:53:10.486+00:00,True,8,8.0,,8.0,189879.092392,190295.357608,190295.35763399999,23786.919704249998,44.068368,189879.092392,67111.37268260182,123444.33673409998,59.466459428571426,7.235348638766364,0.04203991153835526,46,64,,True,True,,24,87.6246207195492
182,2026-09-18T06:50:00.493+00:00,2026-09-18T06:53:11.274+00:00,2026-09-18T06:53:11.821+00:00,True,10,10.0,,10.0,190780.97737900002,191327.10755500002,191327.10766,19132.710766,44.996216,190780.97737900002,60311.053526262396,104959.72092820001,60.68113066666666,6.520009645381823,0.05226650905766367,46,64,,True,True,,38,87.6246207195492
183,2026-09-18T06:50:00.933+00:00,2026-09-18T06:53:12.678+00:00,2026-09-18T06:53:17.777+00:00,True,82,82.0,,82.0,191745.19466,196843.630244,196843.630276,2400.5320765365855,39.739546000000004,191745.19466,21167.766742679803,92.5116261,62.94364918518519,11.788690770217572,0.41657431281040624,46,64,,True,True,,351,87.6246207195492
184,2026-09-18T06:50:01.363+00:00,2026-09-18T06:53:14.351+00:00,2026-09-18T06:53:17.497+00:00,True,51,51.0,,51.0,192988.014858,196134.62785000002,196134.62783,3845.77701627451,38.653347000000004,192988.014858,27014.918501179774,95.861926,62.93225984,13.719342320999383,0.260025476169378,46,64,,True,True,,109,87.6246207195492
187,2026-09-18T06:50:02.745+00:00,2026-09-18T06:53:16.806+00:00,2026-09-18T06:53:20.218+00:00,True,55,55.0,,55.0,194060.963992,197473.158296,197473.158108,3590.421056509091,34.025977,194060.963992,26158.6577943975,96.8527191,63.18878340740741,12.898501450864611,0.2785188654225017,46,64,,True,True,,235,87.6246207195492
185,2026-09-18T06:50:02.663+00:00,2026-09-18T06:53:16.957+00:00,2026-09-18T06:53:17.989+00:00,True,17,17.0,,17.0,194293.82423899998,195325.244143,195325.24409199998,11489.720240705881,40.027665,194293.82423899998,47107.54062486229,38931.8791118,64.463744,11.324123842028104,0.08703432100949579,46,64,,True,True,,59,87.6246207195492
188,2026-09-18T06:50:02.774+00:00,2026-09-18T06:53:18.862+00:00,2026-09-18T06:53:22.365+00:00,True,58,58.0,,58.0,196088.089974,199590.808438,199590.80834,3441.2208334482757,35.539584000000005,196088.089974,25739.561666049212,95.70192939999998,61.45120112280702,12.502316886381333,0.2905945441772027,46,64,,True,True,,249,87.6246207195492
186,2026-09-18T06:50:02.684+00:00,2026-09-18T06:53:19.173+00:00,2026-09-18T06:53:23.349+00:00,True,69,69.0,,69.0,196489.463896,200665.257304,200665.257255,2908.1921341304346,35.178104,196489.463896,23647.16263930207,95.1440508,61.4087265882353,13.23213398161401,0.3438562356385775,46,64,,True,True,,293,87.6246207195492
189,2026-09-18T06:50:03.096+00:00,2026-09-18T06:53:21.625+00:00,2026-09-18T06:53:24.819+00:00,True,51,51.0,,51.0,198528.565798,201723.27939799998,201723.27936,3955.3584188235295,33.35740800000001,198528.565798,27790.617502930338,101.86742399999999,63.894272,16.517940640073864,0.252821588823058,46,64,,True,True,,209,87.6246207195492
190,2026-09-18T06:50:03.523+00:00,2026-09-18T06:53:22.895+00:00,2026-09-18T06:53:26.884+00:00,True,64,64.0,,64.0,199372.492891,203361.129307,203361.12914900001,3177.5176429531252,37.780669,199372.492891,24913.65108151188,95.4478443,63.31168914285714,13.180023577337597,0.3147110768812839,46,64,,True,True,,289,87.6246207195492
191,2026-09-18T06:50:03.855+00:00,2026-09-18T06:53:24.280+00:00,2026-09-18T06:53:29.989+00:00,True,93,93.0,,93.0,200424.717428,206133.755252,206133.755173,2216.4919911075267,33.717147,200424.717428,20776.64332625833,89.97436820000001,62.054758956521745,11.346564293591868,0.4511633715026771,46,64,,True,True,,377,87.6246207195492
192,2026-09-18T06:50:04.160+00:00,2026-09-18T06:53:25.733+00:00,2026-09-18T06:53:31.269+00:00,True,90,90.0,,90.0,201573.242414,207109.235502,207109.235613,2301.2137290333335,35.449074,201573.242414,21241.131885305982,92.15078949999999,62.20216952808989,11.70846360711951,0.43455329156063105,46,64,,True,True,,445,87.6246207195492
193,2026-09-18T06:50:04.584+00:00,2026-09-18T06:53:27.332+00:00,2026-09-18T06:53:30.168+00:00,True,48,48.0,,48.0,202747.628601,205583.858233,205583.858162,4282.997045041667,36.214392,202747.628601,29255.391073004583,82.0738723,60.345311319148934,10.023610097984573,0.23348136576753434,46,64,,True,True,,206,87.6246207195492
194,2026-09-18T06:50:04.958+00:00,2026-09-18T06:53:28.608+00:00,2026-09-18T06:53:29.088+00:00,True,9,9.0,,9.0,203650.03051699998,204130.16619699998,204130.16606899997,22681.12956322222,49.163858,203650.03051699998,67863.33804232684,122216.395209,60.01696,5.351949964421245,0.04408951488000243,46,64,,True,True,,33,87.6246207195492
195,2026-09-18T06:50:05.400+00:00,2026-09-18T06:53:30.110+00:00,2026-09-18T06:53:33.689+00:00,True,59,59.0,,59.0,204709.424887,208289.218807,208289.21875,3530.325741525424,41.381343,204709.424887,26642.863844685126,89.1646734,61.7205848275862,10.636900918655327,0.28325998022331234,46,64,,True,True,,316,87.6246207195492
196,2026-09-18T06:50:05.788+00:00,2026-09-18T06:53:32.111+00:00,2026-09-18T06:53:34.760+00:00,True,44,44.0,,44.0,206322.983044,208972.054148,208972.054225,4749.36486875,37.705659,206322.983044,31095.074709312772,90.87414145000001,61.60630474418604,11.813913284621275,0.2105544694930258,46,64,,True,True,,151,87.6246207195492
197,2026-09-18T06:50:06.093+00:00,2026-09-18T06:53:33.020+00:00,2026-09-18T06:53:35.117+00:00,True,35,35.0,,35.0,206926.94558899998,209024.337205,209024.33715999997,5972.123918857143,35.433924,206926.94558899998,34966.61250475905,88.20311190000001,61.687988705882354,11.947970704577509,0.16744461658392368,46,64,,True,True,,171,87.6246207195492
198,2026-09-18T06:50:06.510+00:00,2026-09-18T06:53:34.826+00:00,2026-09-18T06:53:37.665+00:00,True,45,45.0,,45.0,208316.25916299998,211154.62357899998,211154.62360099997,4692.324968911111,34.815766,208316.25916299998,31044.341103635423,94.4344132,64.50828218181817,13.829123987193269,0.21311396945643485,46,64,,True,True,,150,87.6246207195492
199,2026-09-18T06:50:06.807+00:00,2026-09-18T06:53:35.769+00:00,2026-09-18T06:53:41.824+00:00,True,97,97.0,,97.0,208962.34668000002,215017.61196,215017.61200700002,2216.6764124432993,36.691892,208962.34668000002,21210.510140292805,89.70849040000002,63.07568,10.895824306007073,0.45112583623170843,46,64,,True,True,,389,87.6246207195492
200,2026-09-18T06:50:07.202+00:00,2026-09-18T06:53:37.472+00:00,2026-09-18T06:53:40.515+00:00,True,50,50.0,,50.0,210269.321479,213312.812807,213312.812843,4266.25625686,39.276187,210269.321479,29727.790055819787,83.06179879999999,62.11206791836735,9.251389975518867,0.23439754669232515,46,64,,True,True,,195,87.6246207195492
201,2026-09-18T06:50:07.517+00:00,2026-09-18T06:53:38.955+00:00,2026-09-18T06:53:40.927+00:00,True,33,33.0,,33.0,211438.849037,213409.95610900002,213409.95630400002,6466.968372848485,41.556652,211438.849037,36796.05755216425,80.7370614,61.597096,8.772244859498018,0.15463196095286724,46,64,,True,True,,150,87.6246207195492
202,2026-09-18T06:50:07.812+00:00,2026-09-18T06:53:39.986+00:00,2026-09-18T06:53:40.738+00:00,True,14,14.0,,14.0,212173.852886,212926.56687,212926.56699000002,15209.040499285715,38.690847999999995,212173.852886,56690.37326714647,74304.13803300001,57.90107569230769,8.288903078907762,0.06575036739566438,46,64,,True,True,,52,87.6246207195492
203,2026-09-18T06:50:08.202+00:00,2026-09-18T06:53:41.175+00:00,2026-09-18T06:53:42.671+00:00,True,24,24.0,,24.0,212973.012085,214469.579381,214469.579299,8936.232470791667,36.921930999999994,212973.012085,43459.65438622357,94.9352916,65.06814330434783,14.504878857151562,0.11190398223034038,46,64,,True,True,,115,87.6246207195492
204,2026-09-18T06:50:08.553+00:00,2026-09-18T06:53:42.672+00:00,2026-09-18T06:53:48.249+00:00,True,89,89.0,,89.0,214119.186866,219696.01605,219696.016119,2468.4945631348314,34.400796,214119.186866,22689.87350466325,90.207724,63.37305890909091,10.96823897374282,0.405105206731399,46,64,,True,True,,428,87.6246207195492
205,2026-09-18T06:50:08.856+00:00,2026-09-18T06:53:43.679+00:00,2026-09-18T06:53:44.341+00:00,True,12,12.0,,12.0,214823.403882,215484.89457,215484.89458700002,17957.07454891667,41.101453,214823.403882,61996.81581748191,96707.96539700002,60.13551709090909,7.538576099379424,0.05568835822086738,46,64,,True,True,,59,87.6246207195492
206,2026-09-18T06:50:09.246+00:00,2026-09-18T06:53:45.203+00:00,2026-09-18T06:53:46.383+00:00,True,20,20.0,,20.0,215956.87567699997,217137.00802899996,217137.00782199999,10856.850391099999,40.626224,215956.87567699997,48275.537111761136,10865.14725395,62.11222905263158,6.414627303670377,0.09210774423735672,46,64,,True,True,,101,87.6246207195492
207,2026-09-18T06:50:09.686+00:00,2026-09-18T06:53:46.925+00:00,2026-09-18T06:53:50.805+00:00,True,62,62.0,,62.0,217239.57518,221119.544716,221119.544652,3566.4442685806453,0.02224,217239.57518,27581.387724378055,93.36597569999999,63.60605796721312,26.0114258244688,0.2803913153838623,46,64,,True,True,,325,87.6246207195492
208,2026-09-18T06:50:10.132+00:00,2026-09-18T06:53:49.146+00:00,2026-09-18T06:53:49.901+00:00,True,13,13.0,,13.0,219013.24002700002,219768.461787,219768.46199600003,16905.266307384616,58.324751,219013.24002700002,60725.88866838422,87650.1312568,62.93514666666666,4.195774278465447,0.05915316462741421,46,64,,True,True,,54,87.6246207195492
209,2026-09-18T06:50:10.400+00:00,2026-09-18T06:53:50.031+00:00,2026-09-18T06:53:53.624+00:00,True,59,59.0,,59.0,219631.407966,223224.239454,223224.239392,3783.4616846101694,35.516964,219631.407966,28585.511677264167,92.60303670000002,61.94537048275862,11.955928257348775,0.2643082137688644,46,64,,True,True,,289,87.6246207195492
210,2026-09-18T06:50:10.764+00:00,2026-09-18T06:53:51.180+00:00,2026-09-18T06:53:53.377+00:00,True,36,36.0,,36.0,220415.73524200002,222612.34580200003,222612.34580700003,6183.676272416667,37.178301,220415.73524200002,36725.49776870222,94.11224375,62.76030171428572,12.128058421782704,0.16171609831567826,46,64,,True,True,,166,87.6246207195492
211,2026-09-18T06:50:11.099+00:00,2026-09-18T06:53:52.435+00:00,2026-09-18T06:53:58.400+00:00,True,96,96.0,,96.0,221335.972885,227300.479253,227300.47931199998,2367.713326166667,37.151011,221335.972885,22583.60205796037,81.36530725,62.78427755789474,9.100742866987009,0.42234842757698654,46,64,,True,True,,394,87.6246207195492
212,2026-09-18T06:50:11.562+00:00,2026-09-18T06:53:54.384+00:00,2026-09-18T06:53:54.445+00:00,True,2,2.0,,2.0,222822.592163,222883.877795,222883.877638,111441.938819,61.285475,222822.592163,157516.03054506102,211684.52682859998,61.285632,nan,0.008973282499326949,46,64,,True,True,,3,87.6246207195492
213,2026-09-18T06:50:11.928+00:00,2026-09-18T06:53:55.735+00:00,2026-09-18T06:54:01.690+00:00,True,96,96.0,,96.0,223807.20837900002,229761.71845900003,229761.71840100002,2393.35123334375,36.115333,223807.20837900002,22835.832126489808,75.05925475,62.67905347368421,8.928231202772322,0.4178241729904661,46,64,,True,True,,416,87.6246207195492
214,2026-09-18T06:50:12.334+00:00,2026-09-18T06:53:57.309+00:00,2026-09-18T06:53:58.666+00:00,True,22,22.0,,22.0,224974.997061,226332.318021,226332.31801,10287.832636818182,58.46203,224974.997061,47951.05097323899,91.93643689999999,64.63433142857143,7.2596866171360634,0.09720220334578446,46,64,,True,True,,87,87.6246207195492
215,2026-09-18T06:50:12.731+00:00,2026-09-18T06:53:58.532+00:00,2026-09-18T06:53:59.619+00:00,True,19,19.0,,19.0,225800.469925,226887.587749,226887.587769,11941.451987842105,34.333965,225800.469925,51788.326526684396,22664.959619200003,60.39543466666667,13.548388820159921,0.0837419102054151,46,64,,True,True,,95,87.6246207195492
216,2026-09-18T06:50:13.088+00:00,2026-09-18T06:54:00.238+00:00,2026-09-18T06:54:03.305+00:00,True,49,49.0,,49.0,227149.556669,230216.55238100002,230216.55227800002,4698.296985265306,36.348631999999995,227149.556669,32440.81026224572,90.00758539999998,63.895744,10.161707882089061,0.21284307967094732,46,64,,True,True,,262,87.6246207195492
217,2026-09-18T06:50:13.394+00:00,2026-09-18T06:54:01.228+00:00,2026-09-18T06:54:02.925+00:00,True,28,28.0,,28.0,227833.96259,229530.700894,229530.700864,8197.525030857143,38.765448,227833.96259,43044.697118309574,90.77091305,62.84215940740741,11.058791893333165,0.12198803859763724,46,64,,True,True,,125,87.6246207195492
218,2026-09-18T06:50:13.796+00:00,2026-09-18T06:54:02.986+00:00,2026-09-18T06:54:04.496+00:00,True,26,26.0,,26.0,229190.29308,230700.338264,230700.338283,8873.089933961539,37.774529,229190.29308,44936.06953110543,72.56752399999999,60.40180736,8.709259729102099,0.1127003115628167,46,64,,True,True,,100,87.6246207195492
219,2026-09-18T06:50:14.258+00:00,2026-09-18T06:54:04.432+00:00,2026-09-18T06:54:06.202+00:00,True,30,30.0,,30.0,230173.675516,231943.748348,231943.748542,7731.458284733333,41.919151,230173.675516,42012.628051856555,70.94458670000002,61.03699420689655,6.0787939616469115,0.12934170553710758,46,64,,True,True,,121,87.6246207195492
220,2026-09-18T06:50:14.531+00:00,2026-09-18T06:54:05.345+00:00,2026-09-18T06:54:08.236+00:00,True,46,46.0,,46.0,230814.041649,233705.407537,233705.40740599998,5080.5523349130435,32.784339,230814.041649,34022.202699926405,95.47950125,64.25257528888889,12.966909285294902,0.19682899289661207,46,64,,True,True,,179,87.6246207195492
221,2026-09-18T06:50:14.985+00:00,2026-09-18T06:54:07.278+00:00,2026-09-18T06:54:08.542+00:00,True,20,20.0,,20.0,232292.327219,233556.590387,233556.590202,11677.8295101,39.844445,232292.327219,51927.266935035586,11728.2571232,66.54016673684211,15.999622625692147,0.08563235131520065,46,64,,True,True,,112,87.6246207195492
222,2026-09-18T06:50:15.419+00:00,2026-09-18T06:54:08.968+00:00,2026-09-18T06:54:14.299+00:00,True,87,87.0,,87.0,233549.29071399997,238880.60463399996,238880.60459299997,2745.7540757816087,36.933451,233549.29071399997,25032.468690354537,90.3749978,61.992022325581395,11.74874584835099,0.364198676293945,46,64,,True,True,,268,87.6246207195492
223,2026-09-18T06:50:15.848+00:00,2026-09-18T06:54:10.582+00:00,2026-09-18T06:54:12.255+00:00,True,26,26.0,,26.0,234734.457833,236407.688681,236407.688741,9092.603413115385,43.16177,234734.457833,46022.09069425397,99.7812255,66.92923392,13.650498346281385,0.10997950254944314,46,64,,True,True,,139,87.6246207195492
224,2026-09-18T06:50:16.236+00:00,2026-09-18T06:54:11.937+00:00,2026-09-18T06:54:14.736+00:00,True,47,47.0,,47.0,235701.64603200002,238499.96308800002,238499.96323300002,5074.4673028297875,37.65655,235701.64603200002,34371.74665092453,71.652248,60.83297947826087,10.125225132788733,0.1970650200170399,46,64,,True,True,,171,87.6246207195492
226,2026-09-18T06:50:17.218+00:00,2026-09-18T06:54:12.779+00:00,2026-09-18T06:54:19.006+00:00,True,100,100.0,,100.0,235560.938028,241787.244844,241787.24483100002,2417.87244831,37.64174,235560.938028,23549.80700676206,92.64965240000001,62.891988040404044,10.692217159107201,0.41358674674720547,46,64,,True,True,,373,87.6246207195492
225,2026-09-18T06:50:17.213+00:00,2026-09-18T06:54:14.363+00:00,2026-09-18T06:54:18.437+00:00,True,65,65.0,,65.0,237149.350894,241223.52484600001,241223.524837,3711.1311513384617,40.132185,237149.350894,29406.86327670952,98.65840079999998,63.658968,11.984043311026234,0.2694596227357874,46,64,,True,True,,265,87.6246207195492
227,2026-09-18T06:50:17.341+00:00,2026-09-18T06:54:15.043+00:00,2026-09-18T06:54:17.089+00:00,True,33,33.0,,33.0,237701.892197,239747.76611700002,239747.766007,7265.0838183939395,38.913688,237701.892197,41367.46111801121,98.4277258,63.93356,14.051171173229516,0.13764466103052478,46,64,,True,True,,143,87.6246207195492
228,2026-09-18T06:50:17.794+00:00,2026-09-18T06:54:18.314+00:00,2026-09-18T06:54:19.912+00:00,True,26,26.0,,26.0,240519.376829,242117.77887699998,242117.77892699998,9312.222266423076,52.904300000000006,240519.376829,47157.19221616597,86.36532650000001,63.93608192,7.038760176584616,0.10738575300250235,46,64,,True,True,,125,87.6246207195492
229,2026-09-18T06:50:18.210+00:00,2026-09-18T06:54:20.052+00:00,2026-09-18T06:54:23.416+00:00,True,55,55.0,,55.0,241841.754483,245205.912691,245205.912755,4458.289322818182,38.780718,241841.754483,32601.536645506567,79.1823003,62.29922607407408,10.145959717647871,0.22430127967309293,46,64,,True,True,,246,87.6246207195492
230,2026-09-18T06:50:18.560+00:00,2026-09-18T06:54:21.632+00:00,2026-09-18T06:54:27.812+00:00,True,100,100.0,,100.0,243071.71963,249251.752398,249251.7523,2492.517523,36.970531,243071.71963,24300.93191514035,88.60585749999998,62.42457341414141,10.876368414595467,0.40120079011650067,46,64,,True,True,,528,87.6246207195492
231,2026-09-18T06:50:18.967+00:00,2026-09-18T06:54:23.309+00:00,2026-09-18T06:54:25.042+00:00,True,29,29.0,,29.0,244342.49444100002,246075.37021700002,246075.37031600002,8485.35759710345,40.978603,244342.49444100002,45361.77074660482,84.73675300000001,61.888420571428576,9.710363841913708,0.11785007160377949,46,64,,True,True,,103,87.6246207195492
232,2026-09-18T06:50:19.302+00:00,2026-09-18T06:54:24.697+00:00,2026-09-18T06:54:30.918+00:00,True,99,99.0,,99.0,245394.308972,251615.438956,251615.438855,2541.5700894444444,36.256752,245394.308972,24656.67897406778,92.88077870000001,63.48091820408163,12.285911593745935,0.3934575732346541,46,64,,True,True,,480,87.6246207195492
233,2026-09-18T06:50:19.591+00:00,2026-09-18T06:54:25.756+00:00,2026-09-18T06:54:26.960+00:00,True,21,21.0,,21.0,246165.13772099998,247369.05528899998,247369.05523699996,11779.478820809523,41.641383000000005,246165.13772099998,53704.5016232628,68.093193,60.1958784,7.030304993460828,0.08489339936018193,46,64,,True,True,,63,87.6246207195492
234,2026-09-18T06:50:19.890+00:00,2026-09-18T06:54:26.855+00:00,2026-09-18T06:54:31.774+00:00,True,78,78.0,,78.0,246965.543544,251884.754296,251884.754284,3229.2917215897432,37.532959000000005,246965.543544,27956.11054758154,96.97401805000001,63.88585392207792,12.768626881569267,0.30966542702437255,46,64,,True,True,,378,87.6246207195492
235,2026-09-18T06:50:20.352+00:00,2026-09-18T06:54:28.472+00:00,2026-09-18T06:54:28.866+00:00,True,7,7.0,,7.0,248120.445469,248514.481181,248514.481022,35502.06871742857,36.062383000000004,248120.445469,93755.89304925024,173712.0297274,65.67261866666666,18.62372327279405,0.028167372648605155,46,64,,True,True,,16,87.6246207195492
236,2026-09-18T06:50:20.661+00:00,2026-09-18T06:54:29.922+00:00,2026-09-18T06:54:32.425+00:00,True,41,41.0,,41.0,249261.12600400002,251764.03314,251764.033319,6140.586178512196,36.553262000000004,249261.12600400002,38918.276441298396,77.379825,62.5726784,8.532452871481564,0.1628509024448336,46,64,,True,True,,188,87.6246207195492
237,2026-09-18T06:50:21.085+00:00,2026-09-18T06:54:31.270+00:00,2026-09-18T06:54:33.842+00:00,True,42,42.0,,42.0,250185.066244,252756.71962,252756.71947799998,6018.017130428571,43.896708,250185.066244,38594.71616919878,86.16654065,62.72325307317073,7.676465269179612,0.16616768908515558,46,64,,True,True,,153,87.6246207195492
238,2026-09-18T06:50:21.566+00:00,2026-09-18T06:54:33.005+00:00,2026-09-18T06:54:33.412+00:00,True,7,7.0,,7.0,251439.72260100002,251846.85834500002,251846.85831900002,35978.122617,57.734032,251439.72260100002,95009.63578216397,176035.5378708,67.85595733333332,12.408223986864627,0.02779466873639074,46,64,,True,True,,31,87.6246207195492
239,2026-09-18T06:50:22.039+00:00,2026-09-18T06:54:34.948+00:00,2026-09-18T06:54:37.843+00:00,True,46,46.0,,46.0,252909.376917,255804.05314099998,255804.05308699998,5560.957675804348,38.140419,252909.376917,37279.971019564044,97.69581275,64.32613831111111,12.740002535392199,0.17982514129533617,46,64,,True,True,,232,87.6246207195492
240,2026-09-18T06:50:22.468+00:00,2026-09-18T06:54:36.628+00:00,2026-09-18T06:54:41.764+00:00,True,82,82.0,,82.0,254159.820693,259295.85704499998,259295.857177,3162.144599719512,36.005963,254159.820693,28060.256851170005,95.72269235,63.40785619753087,11.210259331180094,0.31624107278262126,46,64,,True,True,,353,87.6246207195492
241,2026-09-18T06:50:22.907+00:00,2026-09-18T06:54:38.275+00:00,2026-09-18T06:54:40.041+00:00,True,29,29.0,,29.0,255367.89796,257133.626728,257133.626644,8866.676780827585,34.158946,255367.89796,47408.9197210088,96.4484438,63.061741714285716,13.38000673995669,0.11278182620072735,46,64,,True,True,,161,87.6246207195492
242,2026-09-18T06:50:23.392+00:00,2026-09-18T06:54:40.043+00:00,2026-09-18T06:54:41.450+00:00,True,24,24.0,,24.0,256651.205743,258057.683567,258057.68351,10752.403479583334,39.994415000000004,256651.205743,52376.22587372613,68.48586559999998,61.15120973913044,5.888359492918313,0.09300246234973597,46,64,,True,True,,94,87.6246207195492
243,2026-09-18T06:50:23.774+00:00,2026-09-18T06:54:41.510+00:00,2026-09-18T06:54:46.778+00:00,True,88,88.0,,88.0,257736.425841,263003.935345,263003.935231,2988.6810821704544,36.008322,257736.425841,27468.342334749384,69.30218305,60.546086252873565,8.3646894418086,0.33459575380332035,46,64,,True,True,,453,87.6246207195492
244,2026-09-18T06:50:24.056+00:00,2026-09-18T06:54:42.198+00:00,2026-09-18T06:54:44.931+00:00,True,46,46.0,,46.0,258142.082394,260874.927962,260874.927928,5671.194085391305,36.378212,258142.082394,38052.020213408716,69.89286924999999,60.72990151111111,7.664273647364364,0.17632970849042467,46,64,,True,True,,240,87.6246207195492
245,2026-09-18T06:50:24.373+00:00,2026-09-18T06:54:43.456+00:00,2026-09-18T06:54:45.737+00:00,True,38,38.0,,38.0,259083.250354,261364.075442,261364.07547399998,6878.001986157895,37.712410000000006,259083.250354,42018.85401866853,74.6473773,61.6439212972973,8.912797325340334,0.1453910600978239,46,64,,True,True,,56,87.6246207195492
246,2026-09-18T06:50:24.745+00:00,2026-09-18T06:54:44.930+00:00,2026-09-18T06:54:50.202+00:00,True,88,88.0,,88.0,260185.34717,265457.243234,265457.243321,3016.559583193182,36.643351,260185.34717,27729.393416236308,78.75784234999999,60.59650648275862,10.117920631537471,0.3315034802890204,46,64,,True,True,,477,87.6246207195492
247,2026-09-18T06:50:25.105+00:00,2026-09-18T06:54:46.029+00:00,2026-09-18T06:54:47.618+00:00,True,27,27.0,,27.0,260923.23676899998,262512.722081,262512.722164,9722.69341348148,35.470883,260923.23676899998,50202.936310133766,89.9176856,61.134050461538465,11.358136718668947,0.10285215812005094,46,64,,True,True,,117,87.6246207195492
248,2026-09-18T06:50:25.529+00:00,2026-09-18T06:54:47.298+00:00,2026-09-18T06:54:52.434+00:00,True,87,87.0,,87.0,261768.053366,266904.50623,266904.506339,3067.867888954023,37.257071,261768.053366,28058.08023336815,87.5016369,59.726196093023255,11.74708621844265,0.32595927745419695,46,64,,True,True,,357,87.6246207195492
249,2026-09-18T06:50:25.792+00:00,2026-09-18T06:54:48.377+00:00,2026-09-18T06:54:50.905+00:00,True,43,43.0,,43.0,262584.74159,265112.577238,265112.577248,6165.408773209302,39.131676,262584.74159,40034.62067616409,91.5114083,60.186563047619046,10.551575289109222,0.16219524719642983,46,64,,True,True,,100,87.6246207195492
250,2026-09-18T06:50:26.068+00:00,2026-09-18T06:54:49.616+00:00,2026-09-18T06:54:51.376+00:00,True,30,30.0,,30.0,263548.61661800003,265307.97482600005,265307.97483400005,8843.599161133334,37.884809000000004,263548.61661800003,48106.09917769676,93.68144735,60.6675244137931,11.788687233509753,0.1130761335752355,46,64,,True,True,,139,87.6246207195492
251,2026-09-18T06:50:26.500+00:00,2026-09-18T06:54:51.209+00:00,2026-09-18T06:54:54.814+00:00,True,62,62.0,,62.0,264708.76142399997,268313.76519999997,268313.765285,4327.641375564515,34.486595,264708.76142399997,33610.54228488666,67.94171305,59.09842255737705,10.034381097702093,0.23107275153693832,46,64,,True,True,,268,87.6246207195492
252,2026-09-18T06:50:26.876+00:00,2026-09-18T06:54:52.493+00:00,2026-09-18T06:54:53.593+00:00,True,19,19.0,,19.0,265616.679993,266716.458553,266716.458465,14037.708340263158,43.763338000000005,265616.679993,60922.62876522249,26622.427605899997,61.09880888888889,5.367626688900487,0.07123669871398076,46,64,,True,True,,88,87.6246207195492
253,2026-09-18T06:50:27.331+00:00,2026-09-18T06:54:54.179+00:00,2026-09-18T06:54:56.919+00:00,True,45,45.0,,45.0,266847.831796,269588.331764,269588.331934,5990.851820755556,35.444713,266847.831796,39770.04309103704,90.67775180000001,62.28409018181818,11.943457691365609,0.16692117090361833,46,64,,True,True,,217,87.6246207195492
254,2026-09-18T06:50:27.795+00:00,2026-09-18T06:54:55.822+00:00,2026-09-18T06:54:56.417+00:00,True,11,11.0,,11.0,268027.769495,268622.38939900004,268622.38936100004,24420.217214636366,46.156103,268027.769495,80795.48486495436,134046.67048600002,59.4619904,5.424213786681331,0.04094967669899279,46,64,,True,True,,44,87.6246207195492
255,2026-09-18T06:50:28.128+00:00,2026-09-18T06:54:57.264+00:00,2026-09-18T06:55:01.480+00:00,True,67,67.0,,67.0,269136.09063,273351.449862,273351.449652,4079.8723828656716,38.496357,269136.09063,32872.405824790265,94.03484929999999,63.86907927272728,11.629147089200973,0.24510570561752862,46,64,,True,True,,296,87.6246207195492
256,2026-09-18T06:50:28.404+00:00,2026-09-18T06:54:58.239+00:00,2026-09-18T06:55:02.107+00:00,True,62,62.0,,62.0,269834.99264099996,273703.483393,273703.48337399994,4414.5723124838705,39.227766,269834.99264099996,34261.02577744481,90.82548855,63.41788118032787,10.29656061710745,0.22652250980297775,46,64,,True,True,,311,87.6246207195492
257,2026-09-18T06:50:28.751+00:00,2026-09-18T06:54:59.774+00:00,2026-09-18T06:54:59.891+00:00,True,3,3.0,,3.0,271023.067601,271139.923665,271139.923502,90379.97450066668,56.890003,271023.067601,156441.50765064577,243926.75743070003,58.428032,2.1749473218448303,0.011064397892604607,46,64,,True,True,,11,87.6246207195492
258,2026-09-18T06:50:29.183+00:00,2026-09-18T06:55:01.477+00:00,2026-09-18T06:55:06.434+00:00,True,79,79.0,,79.0,272294.36719300004,277250.75836100004,277250.75839400006,3509.503270810127,35.845163,272294.36719300004,30628.36340159287,94.9288029,63.54347651282051,13.179819963087715,0.2849406092413151,46,64,,True,True,,283,87.6246207195492
259,2026-09-18T06:50:29.559+00:00,2026-09-18T06:55:02.690+00:00,2026-09-18T06:55:04.689+00:00,True,33,33.0,,33.0,273131.65243,275130.529102,275130.52893000003,8337.288755454547,35.311763,273131.65243,47535.24604520764,95.006528,62.464896,13.88535734602862,0.11994306886883427,46,64,,True,True,,157,87.6246207195492
260,2026-09-18T06:50:29.908+00:00,2026-09-18T06:55:03.624+00:00,2026-09-18T06:55:05.985+00:00,True,38,38.0,,38.0,273715.993823,276077.068511,276077.068413,7265.186010868421,38.913987,273715.993823,44392.24782582498,94.1902119,63.8128294054054,13.938449548247664,0.1376427249280428,46,64,,True,True,,110,87.6246207195492
261,2026-09-18T06:50:30.199+00:00,2026-09-18T06:55:04.991+00:00,2026-09-18T06:55:11.074+00:00,True,100,100.0,,100.0,274791.945755,280875.188507,280875.188723,2808.7518872299997,36.331372,274791.945755,27473.05198782547,91.14472195,61.44689648484849,10.8021225772941,0.3560300236256283,46,64,,True,True,,545,87.6246207195492
262,2026-09-18T06:50:30.654+00:00,2026-09-18T06:55:07.080+00:00,2026-09-18T06:55:08.515+00:00,True,23,23.0,,23.0,276425.168367,277860.922095,277860.921983,12080.909651434782,42.851519,276425.168367,57625.02518278269,93.5826824,65.2615330909091,11.728861022651119,0.08277522375793583,46,64,,True,True,,82,87.6246207195492
263,2026-09-18T06:50:31.134+00:00,2026-09-18T06:55:08.736+00:00,2026-09-18T06:55:11.886+00:00,True,53,53.0,,53.0,277602.430483,280752.048403,280752.048615,5297.208464433962,37.536269,277602.430483,38123.30803268269,78.93593360000001,60.56957538461538,10.79729213467388,0.1887786760648036,46,64,,True,True,,316,87.6246207195492
264,2026-09-18T06:50:31.558+00:00,2026-09-18T06:55:10.573+00:00,2026-09-18T06:55:14.709+00:00,True,67,67.0,,67.0,279014.85952999996,283150.94912999996,283150.94894199993,4226.133566298507,36.702711,279014.85952999996,34079.43596648239,91.3262586,62.668024242424245,10.935421541380055,0.23662290451740295,46,64,,True,True,,345,87.6246207195492
265,2026-09-18T06:50:31.928+00:00,2026-09-18T06:55:11.885+00:00,2026-09-18T06:55:14.706+00:00,True,47,47.0,,47.0,279957.740381,282778.55394899996,282778.553869,6016.5649759361695,36.062183,279957.740381,40827.09010437184,87.4196397,61.32203408695652,10.89330115292571,0.1662077952646883,46,64,,True,True,,168,87.6246207195492
266,2026-09-18T06:50:32.224+00:00,2026-09-18T06:55:12.371+00:00,2026-09-18T06:55:17.624+00:00,True,86,86.0,,86.0,280147.276426,285400.092042,285400.092033,3318.6057213139534,35.50439299999999,280147.276426,30202.395862574158,86.6895405,61.79783077647058,10.977865794986391,0.3013313674311783,46,64,,True,True,,426,87.6246207195492
267,2026-09-18T06:50:32.679+00:00,2026-09-18T06:55:13.914+00:00,2026-09-18T06:55:15.560+00:00,True,27,27.0,,27.0,281235.61791000003,282881.10936600005,282881.10933300003,10477.078123444446,37.608449,281235.61791000003,54111.6412523722,93.42322759999999,63.28813292307692,11.411405236483258,0.09544645826832711,46,64,,True,True,,135,87.6246207195492
268,2026-09-18T06:50:32.964+00:00,2026-09-18T06:55:15.062+00:00,2026-09-18T06:55:18.273+00:00,True,54,54.0,,54.0,282097.304285,285308.999901,285308.99982,5283.499996666667,38.167987999999994,282097.304285,38380.33547578627,72.5238152,60.59803049056604,9.206710937987195,0.18926847740077454,46,64,,True,True,,288,87.6246207195492
269,2026-09-18T06:50:33.236+00:00,2026-09-18T06:55:16.506+00:00,2026-09-18T06:55:20.218+00:00,True,61,61.0,,61.0,283270.225106,286982.052818,286982.052902,4704.623818065575,35.819832000000005,283270.225106,36261.11647702041,88.373675,61.863795200000006,10.601954274186726,0.21255684598048835,46,64,,True,True,,271,87.6246207195492
270,2026-09-18T06:50:33.565+00:00,2026-09-18T06:55:17.746+00:00,2026-09-18T06:55:20.221+00:00,True,41,41.0,,41.0,284181.130787,286655.691043,286655.69094400003,6991.602218146341,37.39526,284181.130787,44371.976063586066,90.59600999999999,61.8640064,11.064558610450977,0.14302873196349608,46,64,,True,True,,173,87.6246207195492
273,2026-09-18T06:50:34.808+00:00,2026-09-18T06:55:19.240+00:00,2026-09-18T06:55:23.762+00:00,True,74,74.0,,74.0,284431.932509,288954.081629,288954.081644,3904.7848870810813,36.294502,284431.932509,33057.34081154692,81.5454124,61.94724821917808,10.012027085340552,0.2560960536802925,46,64,,True,True,,380,87.6246207195492
271,2026-09-18T06:50:34.794+00:00,2026-09-18T06:55:19.582+00:00,2026-09-18T06:55:22.362+00:00,True,46,46.0,,46.0,284788.21658,287568.6825,287568.682614,6251.4931003043475,36.282362,284788.21658,41980.622533863956,75.77648075,61.78813155555555,9.054757294554554,0.15996178582485246,46,64,,True,True,,215,87.6246207195492
272,2026-09-18T06:50:34.803+00:00,2026-09-18T06:55:20.221+00:00,2026-09-18T06:55:20.406+00:00,True,4,4.0,,4.0,285417.13789899996,285602.995435,285602.99559099996,71400.74889774999,59.06812,285417.13789899996,142677.59269542166,242614.43490954998,61.952512,3.4572964821524925,0.014005455348630456,46,64,,True,True,,15,87.6246207195492
274,2026-09-18T06:50:34.911+00:00,2026-09-18T06:55:21.138+00:00,2026-09-18T06:55:25.860+00:00,True,78,78.0,,78.0,286227.364357,290949.22778099997,290949.22775699996,3730.118304576923,36.195172,286227.364357,32401.92529207831,78.0893563,61.322901610389614,10.322336382441296,0.268088011763727,46,64,,True,True,,358,87.6246207195492
275,2026-09-18T06:50:35.240+00:00,2026-09-18T06:55:23.870+00:00,2026-09-18T06:55:25.798+00:00,True,32,32.0,,32.0,288629.4791,290557.518524,290557.518592,9079.922456,40.483584,288629.4791,51011.97181559806,88.05926025000001,62.19482012903226,9.903134681673567,0.11013309916245312,46,64,,True,True,,182,87.6246207195492
276,2026-09-18T06:50:35.544+00:00,2026-09-18T06:55:25.413+00:00,2026-09-18T06:55:30.130+00:00,True,78,78.0,,78.0,289869.368982,294586.247318,294586.247333,3776.746760679487,33.839726,289869.368982,32814.309208858154,94.24354035,61.25816020779221,12.605277395967601,0.2647781446355184,46,64,,True,True,,373,87.6246207195492
277,2026-09-18T06:50:35.909+00:00,2026-09-18T06:55:26.680+00:00,2026-09-18T06:55:31.387+00:00,True,77,77.0,,77.0,290770.702621,295477.568029,295477.56793,3837.371012077922,36.85776,290770.702621,33129.3409859023,91.83809579999999,61.93243957894737,11.454075917944992,0.26059507837983403,46,64,,True,True,,354,87.6246207195492
278,2026-09-18T06:50:36.286+00:00,2026-09-18T06:55:28.062+00:00,2026-09-18T06:55:30.422+00:00,True,40,40.0,,40.0,291776.072463,294135.640335,294135.640426,7353.391010650001,39.563817,291776.072463,46124.28322185811,90.45134645000002,60.5017403076923,12.31257653064181,0.13599168041806423,46,64,,True,True,,210,87.6246207195492
279,2026-09-18T06:50:36.592+00:00,2026-09-18T06:55:29.346+00:00,2026-09-18T06:55:30.667+00:00,True,23,23.0,,23.0,292754.296177,294075.209073,294075.20904,12785.878653913043,37.56075,292754.296177,61030.97201915775,88.8479256,60.041495272727275,11.342087675391157,0.07821128503997961,46,64,,True,True,,111,87.6246207195492
280,2026-09-18T06:50:37.028+00:00,2026-09-18T06:55:30.914+00:00,2026-09-18T06:55:33.102+00:00,True,36,36.0,,36.0,293885.85983200005,296074.01240800007,296074.01230700006,8224.27811963889,40.257644,293885.85983200005,48970.55791384323,96.40100375,62.51864502857143,10.283447086534238,0.12159121871996917,46,64,,True,True,,162,87.6246207195492
281,2026-09-18T06:50:37.331+00:00,2026-09-18T06:55:32.002+00:00,2026-09-18T06:55:33.573+00:00,True,26,26.0,,26.0,294671.504658,296241.723154,296241.72301200003,11393.912423538462,37.24035,294671.504658,57777.520051877334,97.20814999999999,62.80873984,12.163799301571116,0.08776616515454176,46,64,,True,True,,100,87.6246207195492
282,2026-09-18T06:50:37.737+00:00,2026-09-18T06:55:33.383+00:00,2026-09-18T06:55:34.988+00:00,True,26,26.0,,26.0,295645.595418,297251.02697,297251.027016,11432.731808307693,40.268474999999995,295645.595418,57968.27810228095,86.915116,64.21726208,8.511529320310354,0.08746815869747708,46,64,,True,True,,136,87.6246207195492
283,2026-09-18T06:50:38.020+00:00,2026-09-18T06:55:34.454+00:00,2026-09-18T06:55:36.620+00:00,True,34,34.0,,34.0,296434.18626,298599.863828,298599.86372699996,8782.34893314706,38.563117,296434.18626,50826.79023009618,99.2804448,65.62659296969697,12.812478376424096,0.11386475386869145,46,64,,True,True,,163,87.6246207195492
284,2026-09-18T06:50:38.334+00:00,2026-09-18T06:55:35.954+00:00,2026-09-18T06:55:36.746+00:00,True,13,13.0,,13.0,297620.285744,298411.790128,298411.790319,22954.753101461538,58.81013,297620.285744,82526.72235051755,119104.6614794,65.95869866666666,9.997249213041439,0.04356396238373763,46,64,,True,True,,49,87.6246207195492
285,2026-09-18T06:50:38.745+00:00,2026-09-18T06:55:37.499+00:00,2026-09-18T06:55:38.766+00:00,False,22,21.0,,21.0,298754.43739499996,300021.37550699996,300021.37561899994,13637.335255409089,0.02585,298754.43739499996,63681.7995094191,92.25010990000001,60.33038628571428,16.045194999884774,0.06999501273705093,46,64,,True,False,Request timeout: 300.0s exceeded,84,87.6246207195492
286,2026-09-18T06:50:39.155+00:00,2026-09-18T06:55:38.950+00:00,2026-09-18T06:55:39.203+00:00,False,6,5.0,,5.0,299795.08229000005,300047.93937800004,300047.93941500003,50007.989902500005,0.036518999999999996,299795.08229000005,122370.18675265521,224862.61445700005,50.571417600000004,28.290033945108174,0.016664003793410515,46,64,,True,False,Request timeout: 300.0s exceeded,13,87.6246207195492
287,2026-09-18T06:50:39.605+00:00,2026-09-18T06:55:39.709+00:00,2026-09-18T06:55:39.709+00:00,False,1,0.0,,0.0,300104.43074599997,300104.43074599997,300104.43074599997,300104.43074599997,300104.43074599997,300104.43074599997,nan,300104.43074599997,nan,nan,0.0,46,64,,True,False,"HTTPConnectionPool(host='gpu03', port=9002): Read timed out.",0,87.6246207195492
288,2026-09-18T06:50:40.066+00:00,2026-09-18T06:55:40.054+00:00,2026-09-18T06:55:40.159+00:00,False,3,2.0,,2.0,299988.203283,300092.800275,300092.800307,100030.93343566667,0.0214,299988.203283,173168.08325004898,269999.8405171,52.298496,73.93119312514176,0.006664605076053919,46,64,,True,False,Request timeout: 300.0s exceeded,7,87.6246207195492
289,2026-09-18T06:50:40.434+00:00,2026-09-18T06:55:40.389+00:00,2026-09-18T06:55:40.389+00:00,True,1,1.0,,1.0,299954.685487,299954.685487,299954.685487,299954.685487,299954.685487,299954.685487,nan,299954.685487,nan,nan,0.003333836903985752,46,64,,True,True,,1,87.6246207195492
290,2026-09-18T06:50:40.894+00:00,2026-09-18T06:55:41.002+00:00,2026-09-18T06:55:41.002+00:00,False,1,0.0,,0.0,300108.169027,300108.169027,300108.169027,300108.169027,300108.169027,300108.169027,nan,300108.169027,nan,nan,0.0,46,64,,True,False,"HTTPConnectionPool(host='gpu03', port=9002): Read timed out.",0,87.6246207195492
291,2026-09-18T06:50:41.356+00:00,2026-09-18T06:55:41.409+00:00,2026-09-18T06:55:41.409+00:00,False,1,0.0,,0.0,300052.95984799997,300052.95984799997,300052.95984799997,300052.95984799997,300052.95984799997,300052.95984799997,nan,300052.95984799997,nan,nan,0.0,46,64,,True,False,TTFT timeout: 300.0s exceeded (TTFT: 300.039s),0,87.6246207195492
292,2026-09-18T06:50:41.621+00:00,2026-09-18T06:55:41.613+00:00,2026-09-18T06:55:41.683+00:00,False,3,2.0,,2.0,299991.409696,300061.48201599997,300061.481945,100020.49398166666,0.02608,299991.409696,173179.89656546447,269999.2733433,35.03616,49.51168470093305,0.006665300679589909,46,64,,True,False,Request timeout: 300.0s exceeded,3,87.6246207195492
293,2026-09-18T06:50:42.069+00:00,2026-09-18T06:55:42.131+00:00,2026-09-18T06:55:42.131+00:00,False,1,0.0,,0.0,300061.81352200004,300061.81352200004,300061.81352200004,300061.81352200004,300061.81352200004,300061.81352200004,nan,300061.81352200004,nan,nan,0.0,46,64,,True,False,"HTTPConnectionPool(host='gpu03', port=9002): Read timed out.",0,87.6246207195492
294,2026-09-18T06:50:42.513+00:00,2026-09-18T06:55:42.620+00:00,2026-09-18T06:55:42.620+00:00,False,1,0.0,,0.0,300107.09876599995,300107.09876599995,300107.09876599995,300107.09876599995,300107.09876599995,300107.09876599995,nan,300107.09876599995,nan,nan,0.0,46,64,,True,False,"HTTPConnectionPool(host='gpu03', port=9002): Read timed out.",0,87.6246207195492
295,2026-09-18T06:50:42.780+00:00,2026-09-18T06:55:42.747+00:00,2026-09-18T06:55:42.819+00:00,False,3,2.0,,2.0,299966.940072,300039.58954400005,300039.589556,100013.19651866668,0.02184,299966.940072,173165.02530431727,269977.5088292,36.324736,51.339798975033005,0.006665787015105569,46,64,,True,False,Request timeout: 300.0s exceeded,7,87.6246207195492
296,2026-09-18T06:50:43.055+00:00,2026-09-18T06:55:42.890+00:00,2026-09-18T06:55:43.143+00:00,False,5,4.0,,4.0,299835.537151,300088.129279,300088.129388,60017.625877599996,0.038520000000000006,299835.537151,134062.29308729153,239886.54977279998,63.148032,42.82475871901369,0.01332941762678354,46,64,,True,False,Request timeout: 300.0s exceeded,13,87.6246207195492
297,2026-09-18T06:50:43.375+00:00,2026-09-18T06:55:43.211+00:00,2026-09-18T06:55:43.412+00:00,False,6,5.0,,5.0,299835.282884,300036.35578,300036.355657,50006.05927616666,0.10476,299835.282884,122390.82616034718,224892.47665799997,40.2145792,24.89419327163062,0.016664647145848626,46,64,,True,False,Request timeout: 300.0s exceeded,26,87.6246207195492
298,2026-09-18T06:50:43.824+00:00,2026-09-18T06:55:43.910+00:00,2026-09-18T06:55:43.910+00:00,False,1,0.0,,0.0,300086.429772,300086.429772,300086.429772,300086.429772,300086.429772,300086.429772,nan,300086.429772,nan,nan,0.0,46,64,,True,False,"HTTPConnectionPool(host='gpu03', port=9002): Read timed out.",0,87.6246207195492
299,2026-09-18T06:50:44.128+00:00,2026-09-18T06:55:44.153+00:00,2026-09-18T06:55:44.153+00:00,False,1,0.0,,0.0,300024.033112,300024.033112,300024.033112,300024.033112,300024.033112,300024.033112,nan,300024.033112,nan,nan,0.0,46,64,,True,False,TTFT timeout: 300.0s exceeded (TTFT: 300.020s),0,87.6246207195492
300,2026-09-18T06:50:44.594+00:00,2026-09-18T06:55:44.424+00:00,2026-09-18T06:55:45.820+00:00,False,24,23.0,,23.0,299830.453673,301226.42576899996,301226.425854,12551.10107725,0.02401,299830.453673,61190.24855159028,92.60329055,60.69443895652174,18.525281153445366,0.07635452281878449,46,64,,True,False,Request timeout: 300.0s exceeded,107,87.6246207195492
301,2026-09-18T06:50:44.983+00:00,2026-09-18T06:55:45.181+00:00,2026-09-18T06:55:45.856+00:00,False,12,11.0,,11.0,300197.24978500005,300872.12645700003,300872.1266080001,25072.677217333337,0.03696,300197.24978500005,86641.7738396403,135138.55847925003,61.35242472727273,24.99039611920873,0.03656038241073852,46,64,,True,False,Request timeout: 300.0s exceeded,49,87.6246207195492
303,2026-09-18T06:50:45.842+00:00,2026-09-18T06:55:46.006+00:00,2026-09-18T06:55:46.006+00:00,False,1,0.0,,0.0,300164.433224,300164.433224,300164.433224,300164.433224,300164.433224,300164.433224,nan,300164.433224,nan,nan,0.0,46,64,,True,False,"HTTPConnectionPool(host='gpu03', port=9002): Read timed out.",0,87.6246207195492
304,2026-09-18T06:50:46.109+00:00,2026-09-18T06:55:46.178+00:00,2026-09-18T06:55:46.178+00:00,False,1,0.0,,0.0,300069.100537,300069.100537,300069.100537,300069.100537,300069.100537,300069.100537,nan,300069.100537,nan,nan,0.0,46,64,,True,False,"HTTPConnectionPool(host='gpu03', port=9002): Read timed out.",0,87.6246207195492
302,2026-09-18T06:50:45.457+00:00,2026-09-18T06:55:46.712+00:00,2026-09-18T06:55:46.712+00:00,False,1,0.0,,0.0,301255.59719700005,301255.59719700005,301255.59719700005,301255.59719700005,301255.59719700005,301255.59719700005,nan,301255.59719700005,nan,nan,0.0,46,64,,True,False,"HTTPConnectionPool(host='gpu03', port=9002): Read timed out.",0,87.6246207195492
305,2026-09-18T06:50:46.375+00:00,2026-09-18T06:55:46.719+00:00,2026-09-18T06:55:46.719+00:00,False,1,0.0,,0.0,300343.715935,300343.715935,300343.715935,300343.715935,300343.715935,300343.715935,nan,300343.715935,nan,nan,0.0,46,64,,True,False,"HTTPConnectionPool(host='gpu03', port=9002): Read timed out.",0,87.6246207195492
306,2026-09-18T06:50:46.832+00:00,2026-09-18T06:55:46.945+00:00,2026-09-18T06:55:46.945+00:00,False,1,0.0,,0.0,300112.317647,300112.317647,300112.317647,300112.317647,300112.317647,300112.317647,nan,300112.317647,nan,nan,0.0,46,64,,True,False,"HTTPConnectionPool(host='gpu03', port=9002): Read timed out.",0,87.6246207195492
308,2026-09-18T06:50:47.521+00:00,2026-09-18T06:55:47.289+00:00,2026-09-18T06:55:47.593+00:00,False,7,6.0,,6.0,299767.136717,300071.234253,300071.23428599996,42867.31918371428,0.021959,299767.136717,113282.17380508986,209856.12700819998,50.68292266666666,24.987816930587616,0.019995252177158713,46,64,,True,False,Request timeout: 300.0s exceeded,15,87.6246207195492
307,2026-09-18T06:50:47.216+00:00,2026-09-18T06:55:47.291+00:00,2026-09-18T06:55:47.291+00:00,False,1,0.0,,0.0,300075.420287,300075.420287,300075.420287,300075.420287,300075.420287,300075.420287,nan,300075.420287,nan,nan,0.0,46,64,,True,False,TTFT timeout: 300.0s exceeded (TTFT: 300.056s),0,87.6246207195492
309,2026-09-18T06:50:47.896+00:00,2026-09-18T06:55:47.795+00:00,2026-09-18T06:55:47.955+00:00,False,5,4.0,,4.0,299898.9287,300059.186748,300059.18669,60011.837338,0.04351,299898.9287,134100.9630364804,239931.2679194,40.064512,28.26420368737248,0.013330703330071135,46,64,,True,False,Request timeout: 300.0s exceeded,7,87.6246207195492
310,2026-09-18T06:50:48.324+00:00,2026-09-18T06:55:48.371+00:00,2026-09-18T06:55:48.371+00:00,False,1,0.0,,0.0,300047.313172,300047.313172,300047.313172,300047.313172,300047.313172,300047.313172,nan,300047.313172,nan,nan,0.0,46,64,,True,False,"HTTPConnectionPool(host='gpu03', port=9002): Read timed out.",0,87.6246207195492
311,2026-09-18T06:50:48.641+00:00,2026-09-18T06:55:48.557+00:00,2026-09-18T06:55:48.656+00:00,False,3,2.0,,2.0,299915.391981,300014.545645,300014.545714,100004.84857133334,0.023149999999999997,299915.391981,173127.6161689174,269933.7658412001,49.576832,70.07928267474341,0.006666343445782632,46,64,,True,False,Request timeout: 300.0s exceeded,2,87.6246207195492
312,2026-09-18T06:50:49.034+00:00,2026-09-18T06:55:48.888+00:00,2026-09-18T06:55:49.105+00:00,False,5,4.0,,4.0,299854.19739499997,300071.39854699996,300071.398398,60014.2796796,0.02471,299854.19739499997,134074.59404518837,239901.11016859996,54.300288,38.34643297538732,0.013330160819620678,46,64,,True,False,Request timeout: 300.0s exceeded,11,87.6246207195492
313,2026-09-18T06:50:49.410+00:00,2026-09-18T06:55:49.518+00:00,2026-09-18T06:55:49.518+00:00,False,1,0.0,,0.0,300107.9117,300107.9117,300107.9117,300107.9117,300107.9117,300107.9117,nan,300107.9117,nan,nan,0.0,46,64,,True,False,"HTTPConnectionPool(host='gpu03', port=9002): Read timed out.",0,87.6246207195492
314,2026-09-18T06:50:49.802+00:00,2026-09-18T06:55:49.904+00:00,2026-09-18T06:55:49.904+00:00,False,1,0.0,,0.0,300102.33429,300102.33429,300102.33429,300102.33429,300102.33429,300102.33429,nan,300102.33429,nan,nan,0.0,46,64,,True,False,TTFT timeout: 300.0s exceeded (TTFT: 300.094s),0,87.6246207195492
315,2026-09-18T06:50:50.201+00:00,2026-09-18T06:55:50.167+00:00,2026-09-18T06:55:50.236+00:00,False,3,2.0,,2.0,299966.831034,300035.835578,300035.835455,100011.94515166666,0.02646,299966.831034,173166.0142168205,269977.0457267,34.502272,48.755928973200874,0.006665870415602613,46,64,,True,False,Request timeout: 300.0s exceeded,3,87.6246207195492
316,2026-09-18T06:50:50.579+00:00,2026-09-18T06:55:50.455+00:00,2026-09-18T06:55:50.638+00:00,False,5,4.0,,4.0,299875.604316,300058.90774,300058.907792,60011.781558400005,0.03904,299875.604316,134087.95590165234,239913.57108619998,45.825856,30.7498118915751,0.013330715725546753,46,64,,True,False,Request timeout: 300.0s exceeded,8,87.6246207195492
317,2026-09-18T06:50:51.011+00:00,2026-09-18T06:55:51.121+00:00,2026-09-18T06:55:51.121+00:00,False,1,0.0,,0.0,300110.011705,300110.011705,300110.011705,300110.011705,300110.011705,300110.011705,nan,300110.011705,nan,nan,0.0,46,64,,True,False,"HTTPConnectionPool(host='gpu03', port=9002): Read timed out.",0,87.6246207195492
318,2026-09-18T06:50:51.430+00:00,2026-09-18T06:55:51.396+00:00,2026-09-18T06:55:51.458+00:00,False,3,2.0,,2.0,299966.238074,300027.488378,300027.48828,100009.16275999999,0.01959,299966.238074,173167.90959295526,269975.7373282,30.625152,43.28262833039602,0.006666055869788274,46,64,,True,False,Request timeout: 300.0s exceeded,8,87.6246207195492
319,2026-09-18T06:50:51.902+00:00,2026-09-18T06:55:51.799+00:00,2026-09-18T06:55:51.923+00:00,False,4,3.0,,3.0,299897.87006,300021.477868,300021.477968,75005.369492,0.07773999999999999,299897.87006,149928.33653317488,254922.5581673,41.202602666666664,35.622056170318146,0.009999284122318422,46,64,,True,False,Request timeout: 300.0s exceeded,5,87.6246207195492
320,2026-09-18T06:50:52.243+00:00,2026-09-18T06:55:52.351+00:00,2026-09-18T06:55:52.351+00:00,False,1,0.0,,0.0,300107.99904799997,300107.99904799997,300107.99904799997,300107.99904799997,300107.99904799997,300107.99904799997,nan,300107.99904799997,nan,nan,0.0,46,64,,True,False,"HTTPConnectionPool(host='gpu03', port=9002): Read timed out.",0,87.6246207195492
321,2026-09-18T06:50:52.709+00:00,2026-09-18T06:55:52.726+00:00,2026-09-18T06:55:52.726+00:00,False,1,0.0,,0.0,300016.74067699997,300016.74067699997,300016.74067699997,300016.74067699997,300016.74067699997,300016.74067699997,nan,300016.74067699997,nan,nan,0.0,46,64,,True,False,TTFT timeout: 300.0s exceeded (TTFT: 300.010s),0,87.6246207195492
322,2026-09-18T06:50:53.078+00:00,2026-09-18T06:55:52.890+00:00,2026-09-18T06:55:53.107+00:00,False,8,7.0,,7.0,299811.762462,300029.603614,300029.603523,37503.700440375,0.034789,299811.762462,105988.46329331053,194891.49003790002,31.12016457142857,13.801524412368062,0.02333103105720787,46,64,,True,False,Request timeout: 300.0s exceeded,42,87.6246207195492
0,2026-09-18T06:48:53.184+00:00,2026-09-18T06:48:53.415+00:00,2026-09-18T06:48:53.766+00:00,True,9,9.0,,9.0,231.45506,582.046292,582.046248,64.67180533333334,30.362703,231.45506,63.275734046154895,162.4396884,43.823904,10.259549741861385,15.462687631038117,47,64,,False,True,,36,87.6246207195492
1,2026-09-18T06:48:53.744+00:00,2026-09-18T06:48:53.911+00:00,2026-09-18T06:48:57.383+00:00,True,60,60.0,,60.0,167.04822000000001,3638.37494,3638.37507,60.6395845,17.301347,167.04822000000001,17.660504165703223,71.16381265000001,58.83604610169491,10.896873406247522,16.490878754788255,47,64,,False,True,,271,87.6246207195492
2,2026-09-18T06:48:54.378+00:00,2026-09-18T06:48:57.193+00:00,2026-09-18T06:48:59.916+00:00,True,46,46.0,,46.0,2814.4008,5537.090848,5537.090791,120.3715389347826,14.183813,2814.4008,406.2362220179877,70.59458149999999,60.50422328888889,12.77078750005474,8.307611571266746,47,64,,False,True,,220,87.6246207195492
3,2026-09-18T06:48:54.840+00:00,2026-09-18T06:48:58.546+00:00,2026-09-18T06:49:03.923+00:00,True,91,91.0,,91.0,3705.905444,9082.842148,9082.842233,99.81145310989011,0.0,3705.905444,382.4494186245704,70.7721545,59.743741155555554,13.272598466765846,10.018890399855488,47,64,,False,True,,507,87.6246207195492
4,2026-09-18T06:48:55.254+00:00,2026-09-18T06:48:59.909+00:00,2026-09-18T06:49:05.071+00:00,True,88,88.0,,88.0,4655.2303600000005,9817.330072,9817.330088,111.56056918181818,0.0,4655.2303600000005,490.07657446937566,68.50044684999999,59.334479448275864,12.292914039024977,8.963740584722187,47,64,,False,True,,346,87.6246207195492
5,2026-09-18T06:48:55.751+00:00,2026-09-18T06:49:01.750+00:00,2026-09-18T06:49:04.165+00:00,True,42,42.0,,42.0,5999.444832,8414.123616,8414.123565,200.33627535714285,0.0,5999.444832,916.7681437267264,70.47231855,58.89460448780488,15.100767319842372,4.991607197228988,47,64,,False,True,,204,87.6246207195492
6,2026-09-18T06:48:56.200+00:00,2026-09-18T06:49:03.615+00:00,2026-09-18T06:49:06.807+00:00,True,54,54.0,,54.0,7414.619512,10606.258296,10606.258181000001,196.41218853703705,8.245075,7414.619512,1000.9561678055188,69.80257040000001,60.219599698113214,17.44160644977109,5.091333672343746,47,64,,False,True,,256,87.6246207195492
7,2026-09-18T06:48:56.567+00:00,2026-09-18T06:49:04.790+00:00,2026-09-18T06:49:10.524+00:00,True,96,96.0,,96.0,8223.32958,13957.338412000001,13957.338434,145.38894202083333,0.0,8223.32958,833.844541893015,69.97727049999999,60.35798770526316,34.70061638648012,6.878102197297356,47,64,,False,True,,493,87.6246207195492
8,2026-09-18T06:48:57.112+00:00,2026-09-18T06:49:06.801+00:00,2026-09-18T06:49:09.918+00:00,True,53,53.0,,53.0,9689.491904999999,12805.693632999999,12805.693494,241.61685837735848,0.0,9689.491904999999,1323.3854900631604,114.3650938,59.92695630769231,42.29439973753405,4.13878400646882,47,64,,False,True,,276,87.6246207195492
9,2026-09-18T06:48:57.698+00:00,2026-09-18T06:49:08.909+00:00,2026-09-18T06:49:11.035+00:00,True,34,34.0,,34.0,11210.570587999999,13336.626267999998,13336.626287,392.2537143235294,38.556069,11210.570587999999,1911.7383761959259,118.79447085,64.42592969696969,27.394466641594597,2.5493703817418845,47,64,,False,True,,133,87.6246207195492
10,2026-09-18T06:48:58.295+00:00,2026-09-18T06:49:11.032+00:00,2026-09-18T06:49:13.605+00:00,True,44,44.0,,44.0,12736.515173,15309.178725,15309.178672,347.9358789090909,34.879464999999996,12736.515173,1911.0960327178211,68.93392015,59.82938493023256,7.333723024029477,2.8740927773054006,47,64,,False,True,,213,87.6246207195492
11,2026-09-18T06:48:58.801+00:00,2026-09-18T06:49:13.187+00:00,2026-09-18T06:49:16.532+00:00,True,57,57.0,,57.0,14386.474556,17731.677499999998,17731.67741,311.0820598245614,0.0,14386.474556,1897.8120601241098,70.19221160000001,59.735766857142856,27.036260717229112,3.2145858732203996,47,64,,False,True,,210,87.6246207195492
12,2026-09-18T06:48:59.288+00:00,2026-09-18T06:49:14.850+00:00,2026-09-18T06:49:18.911+00:00,True,69,69.0,,69.0,15562.411161,19622.733721,19622.733626,284.3874438550725,0.0,15562.411161,1866.5844561739136,67.98497139999999,59.71062588235294,32.49011631984385,3.516329629757809,47,64,,False,True,,393,87.6246207195492
13,2026-09-18T06:48:59.901+00:00,2026-09-18T06:49:17.175+00:00,2026-09-18T06:49:19.037+00:00,True,32,32.0,,32.0,17274.043931,19136.155419,19136.1555,598.004859375,36.240173000000006,17274.043931,3043.0408722546163,67.96392005000001,60.068112516129034,8.36055965269667,1.6722272211599873,47,64,,False,True,,145,87.6246207195492
14,2026-09-18T06:49:00.351+00:00,2026-09-18T06:49:18.846+00:00,2026-09-18T06:49:24.135+00:00,True,85,85.0,,85.0,18495.439420000002,23783.877948,23783.877943000003,279.8103287411765,0.0,18495.439420000002,2000.2728965838994,100.3170816,62.95760152380952,63.28815138352117,3.573849486859972,47,64,,False,True,,404,87.6246207195492
15,2026-09-18T06:49:00.914+00:00,2026-09-18T06:49:20.880+00:00,2026-09-18T06:49:23.047+00:00,True,35,35.0,,35.0,19966.265888,22132.553760000003,22132.553862,632.3586817714287,0.01802,19966.265888,3364.878909528614,197.88704270000002,63.714349176470584,71.3204655499544,1.5813810001110324,47,64,,False,True,,176,87.6246207195492
16,2026-09-18T06:49:01.350+00:00,2026-09-18T06:49:22.410+00:00,2026-09-18T06:49:26.838+00:00,True,74,74.0,,74.0,21059.388846,25487.574958,25487.574907000002,344.42668793243246,0.0,21059.388846,2441.3639104688773,87.76501915,60.6600837260274,39.25406630759235,2.903375473027221,47,64,,False,True,,290,87.6246207195492
17,2026-09-18T06:49:01.782+00:00,2026-09-18T06:49:24.136+00:00,2026-09-18T06:49:25.908+00:00,True,32,32.0,,32.0,22354.421659000003,24126.226331,24126.226317000004,753.9445724062501,8.750544,22354.421659000003,3941.6616263465144,76.71594359999999,57.15498941935484,14.130183780950038,1.3263574485696885,47,64,,False,True,,109,87.6246207195492
18,2026-09-18T06:49:02.169+00:00,2026-09-18T06:49:25.620+00:00,2026-09-18T06:49:31.031+00:00,True,90,90.0,,90.0,23451.526211,28862.940227,28862.940156,320.69933506666666,0.0,23451.526211,2465.9183798514255,75.6768248,60.80240467415731,39.92533817404282,3.1181854409901386,47,64,,False,True,,365,87.6246207195492
19,2026-09-18T06:49:02.653+00:00,2026-09-18T06:49:27.520+00:00,2026-09-18T06:49:27.861+00:00,True,7,7.0,,7.0,24866.845730999998,25208.178466999998,25208.178256999996,3601.168322428571,41.090703000000005,24866.845730999998,9377.285547062143,17426.767927499997,56.888789333333335,8.530011368794362,0.2776876563756359,47,64,,False,True,,31,87.6246207195492
20,2026-09-18T06:49:03.101+00:00,2026-09-18T06:49:29.497+00:00,2026-09-18T06:49:32.545+00:00,True,51,51.0,,51.0,26395.95717,29444.685746000003,29444.685675,577.3467779411765,34.297477,26395.95717,3687.6442083565626,72.7344645,60.974571520000005,8.249831698100607,1.7320612772010393,47,64,,False,True,,250,87.6246207195492
21,2026-09-18T06:49:03.536+00:00,2026-09-18T06:49:31.092+00:00,2026-09-18T06:49:36.352+00:00,True,89,89.0,,89.0,27556.269984000002,32815.732384,32815.732319,368.71609347191014,0.0,27556.269984000002,2915.4859110675097,70.7268236,59.76661818181818,71.31324921672969,2.712113780017106,47,64,,False,True,,459,87.6246207195492
22,2026-09-18T06:49:04.057+00:00,2026-09-18T06:49:33.446+00:00,2026-09-18T06:49:36.409+00:00,True,57,57.0,,57.0,29388.932438,32351.132758,32351.132733,567.5637321578947,0.0,29388.932438,3886.32704728516,74.03692240000001,52.896434285714285,73.03966096762889,1.7619166669180901,47,64,,False,True,,267,87.6246207195492
23,2026-09-18T06:49:04.571+00:00,2026-09-18T06:49:35.182+00:00,2026-09-18T06:49:36.750+00:00,True,29,29.0,,29.0,30611.146679,32179.761335000003,32179.761205000003,1109.6469381034483,0.020329999999999997,30611.146679,5673.9851580504355,91.6575064,56.021952,21.949211287496865,0.9011875413898248,47,64,,False,True,,142,87.6246207195492
24,2026-09-18T06:49:04.940+00:00,2026-09-18T06:49:36.414+00:00,2026-09-18T06:49:37.951+00:00,True,24,24.0,,24.0,31473.273464,33010.033016,33010.033019,1375.4180424583335,34.158356,31473.273464,6410.837269718664,100.54687700000001,66.81563269565217,16.74184879965849,0.7270516811772704,47,64,,False,True,,112,87.6246207195492
25,2026-09-18T06:49:05.370+00:00,2026-09-18T06:49:37.780+00:00,2026-09-18T06:49:43.007+00:00,True,88,88.0,,88.0,32410.012232,37637.29748,37637.297578,427.69656338636366,0.0,32410.012232,3448.9095011564696,100.54372105,60.08373848275862,52.534806137744724,2.3381062374832338,47,64,,False,True,,362,87.6246207195492
26,2026-09-18T06:49:05.983+00:00,2026-09-18T06:49:39.936+00:00,2026-09-18T06:49:42.382+00:00,True,42,42.0,,42.0,33952.665733999995,36398.632838,36398.632902,866.6341167142856,36.305993,33952.665733999995,5229.821484650233,94.23116370000001,59.65773424390244,13.42475941225156,1.1538894932381143,47,64,,False,True,,253,87.6246207195492
27,2026-09-18T06:49:06.377+00:00,2026-09-18T06:49:41.843+00:00,2026-09-18T06:49:43.737+00:00,True,31,31.0,,31.0,35465.795678,37359.447646,37359.447574000005,1205.1434701290323,34.559016,35465.795678,6358.52850255285,107.1926225,63.12173226666667,16.444463478912485,0.8297767219082295,47,64,,False,True,,95,87.6246207195492
28,2026-09-18T06:49:07.009+00:00,2026-09-18T06:49:44.144+00:00,2026-09-18T06:49:49.129+00:00,True,81,81.0,,81.0,37135.133726,42119.64419,42119.644321,519.9956089012346,0.0,37135.133726,4120.410088886349,94.178686,62.3063808,100.35699811519672,1.9230931684658183,47,64,,False,True,,365,87.6246207195492
29,2026-09-18T06:49:07.618+00:00,2026-09-18T06:49:46.498+00:00,2026-09-18T06:49:52.592+00:00,True,99,99.0,,99.0,38880.314566,44973.419206,44973.419276,454.2769623838384,0.0,38880.314566,3902.338608466658,88.53129480000001,62.17453714285714,87.39409618856641,2.2013002735356224,47,64,,False,True,,438,87.6246207195492
30,2026-09-18T06:49:08.073+00:00,2026-09-18T06:49:48.868+00:00,2026-09-18T06:49:53.009+00:00,True,73,73.0,,73.0,40795.0994,44935.77268,44935.772601,615.5585287808219,0.0,40795.0994,4768.588727989738,81.88851679999999,57.50935111111111,77.086409642867,1.624540886830924,47,64,,False,True,,265,87.6246207195492
31,2026-09-18T06:49:08.625+00:00,2026-09-18T06:49:50.477+00:00,2026-09-18T06:49:53.071+00:00,True,44,44.0,,44.0,41852.128247,44446.289399,44446.289362,1010.1429400454546,0.0,41852.128247,6301.103076312608,78.0553635,60.32932911627908,98.52020031414443,0.9899589053431749,47,64,,False,True,,153,87.6246207195492
32,2026-09-18T06:49:09.126+00:00,2026-09-18T06:49:52.653+00:00,2026-09-18T06:49:58.475+00:00,True,94,94.0,,94.0,43527.297834,49348.850218,49348.850234,524.9877684468084,38.256370000000004,43527.297834,4483.058503645189,92.62199214999998,62.59733746236559,12.3940000009924,1.9048062839306736,47,64,,False,True,,429,87.6246207195492
33,2026-09-18T06:49:09.678+00:00,2026-09-18T06:49:54.892+00:00,2026-09-18T06:49:58.408+00:00,True,58,58.0,,58.0,45214.779828,48730.797236,48730.797121999996,840.186157275862,36.102214,45214.779828,5928.907526264522,93.56599170000001,61.68451592982456,13.7427964544288,1.1902124178085958,47,64,,False,True,,235,87.6246207195492
34,2026-09-18T06:49:10.263+00:00,2026-09-18T06:49:57.327+00:00,2026-09-18T06:49:59.527+00:00,True,35,35.0,,35.0,47063.863644000005,49263.321180000006,49263.321387,1407.5234682,40.977883999999996,47063.863644000005,7944.320746079673,97.70445300000002,64.68992752941176,13.060542971179322,0.7104677305883581,47,64,,False,True,,127,87.6246207195492
35,2026-09-18T06:49:10.875+00:00,2026-09-18T06:49:59.796+00:00,2026-09-18T06:50:02.861+00:00,True,51,51.0,,51.0,48921.157907,51986.291987000004,51986.291902,1019.3390569019608,0.0,48921.157907,6843.837381191235,426.9856225,61.3026816,170.80663128547354,0.9810278450471782,47,64,,False,True,,188,87.6246207195492
36,2026-09-18T06:49:11.284+00:00,2026-09-18T06:50:01.551+00:00,2026-09-18T06:50:03.394+00:00,True,31,31.0,,31.0,50267.652838,52110.418918,52110.418818,1680.9812521935485,0.01569,50267.652838,9019.433515957757,601.5568605,61.425536,199.30492129492245,0.5948906311572937,47,64,,False,True,,133,87.6246207195492
37,2026-09-18T06:49:11.790+00:00,2026-09-18T06:50:04.110+00:00,2026-09-18T06:50:08.406+00:00,True,68,68.0,,68.0,52320.316008,56615.9018,56615.901814000004,832.586791382353,39.419367,52320.316008,6337.008601026947,95.66810475,64.1132207761194,13.031234943729377,1.2010759846273436,47,64,,False,True,,326,87.6246207195492
38,2026-09-18T06:49:12.336+00:00,2026-09-18T06:50:06.166+00:00,2026-09-18T06:50:11.612+00:00,True,87,87.0,,87.0,53829.515902,59276.19827,59276.198104,681.3356103908046,0.0,53829.515902,5764.975908134114,96.583354,63.33351590697674,86.13982628917525,1.4677054625487203,47,64,,False,True,,421,87.6246207195492
39,2026-09-18T06:49:12.800+00:00,2026-09-18T06:50:07.937+00:00,2026-09-18T06:50:13.531+00:00,True,92,92.0,,92.0,55136.993625,60731.457113000004,60731.457325,660.1245361413044,0.0,55136.993625,5742.630917769912,92.62361875,61.47762074725275,84.26293003332849,1.5148656787341719,47,64,,False,True,,429,87.6246207195492
40,2026-09-18T06:49:13.418+00:00,2026-09-18T06:50:10.068+00:00,2026-09-18T06:50:14.296+00:00,True,71,71.0,,71.0,56650.069453000004,60877.79732500001,60877.797443,857.433766802817,37.329591,56650.069453000004,6715.968743762414,88.39142700000001,60.39611245714286,11.735929763798396,1.1662708428979776,47,64,,False,True,,286,87.6246207195492
41,2026-09-18T06:49:14.046+00:00,2026-09-18T06:50:12.559+00:00,2026-09-18T06:50:12.942+00:00,True,8,8.0,,8.0,58512.485975,58895.462999,58895.462969,7361.932871125,37.652351,58512.485975,20667.94768958733,38057.6781246,54.71100342857142,12.306202949821456,0.13583389267414084,47,64,,False,True,,46,87.6246207195492
42,2026-09-18T06:49:14.580+00:00,2026-09-18T06:50:14.648+00:00,2026-09-18T06:50:15.022+00:00,True,7,7.0,,7.0,60068.165553000006,60441.68286500001,60441.682694,8634.526099142859,60.482518,60068.165553000006,22680.103282309028,42067.82791890001,62.25288533333334,2.4764577707267827,0.11581411483255528,47,64,,False,True,,26,87.6246207195492
43,2026-09-18T06:49:15.060+00:00,2026-09-18T06:50:17.219+00:00,2026-09-18T06:50:20.225+00:00,True,47,47.0,,47.0,62158.815702,65165.057494,65165.057496,1386.4905850212765,0.01582,62158.815702,9058.286341534504,107.44701369999999,65.3530824347826,137.70082691526767,0.7212454313314689,47,64,,False,True,,254,87.6246207195492
44,2026-09-18T06:49:15.687+00:00,2026-09-18T06:50:18.900+00:00,2026-09-18T06:50:25.135+00:00,True,100,100.0,,100.0,63212.705086,69447.939134,69447.93911400001,694.47939114,0.0,63212.705086,6315.627959465041,90.18308299999998,62.9821621010101,91.4656870516092,1.4399275377639316,47,64,,False,True,,505,87.6246207195492
45,2026-09-18T06:49:16.146+00:00,2026-09-18T06:50:20.736+00:00,2026-09-18T06:50:22.143+00:00,True,22,22.0,,22.0,64590.058122,65996.54977,65996.549787,2999.8431721363636,52.044224,64590.058122,13756.37281213028,97.46663674999999,66.97579276190476,12.533996883674968,0.3333507596483555,47,64,,False,True,,124,87.6246207195492
46,2026-09-18T06:49:16.601+00:00,2026-09-18T06:50:22.243+00:00,2026-09-18T06:50:23.664+00:00,True,23,23.0,,23.0,65642.097958,67063.63958999999,67063.639675,2915.810420652174,43.839059,65642.097958,13673.853430274814,91.94452079999999,64.61552872727273,9.434815750020881,0.3429578254418148,47,64,,False,True,,80,87.6246207195492
47,2026-09-18T06:49:17.162+00:00,2026-09-18T06:50:24.758+00:00,2026-09-18T06:50:26.484+00:00,True,28,28.0,,28.0,67596.053441,69322.024129,69322.024207,2475.7865788214285,39.736377,67596.053441,12762.37936679806,95.7131775,63.924840296296296,13.295011977607931,0.4039120373619695,47,64,,False,True,,125,87.6246207195492
48,2026-09-18T06:49:17.717+00:00,2026-09-18T06:50:26.547+00:00,2026-09-18T06:50:32.237+00:00,True,86,86.0,,86.0,68829.83709199999,74519.62371599999,74519.62384599999,866.5072540232557,0.0,68829.83709199999,7415.701765154724,92.58254850000002,66.93866616470588,110.09901860004358,1.1540584306726054,47,64,,False,True,,471,87.6246207195492
49,2026-09-18T06:49:18.145+00:00,2026-09-18T06:50:28.299+00:00,2026-09-18T06:50:30.546+00:00,True,38,38.0,,38.0,70154.12474500001,72401.74151300002,72401.741458,1905.3089857368423,35.455815,70154.12474500001,11370.65351550529,90.49948435,60.746399135135135,11.909274038533953,0.5248492537044424,47,64,,False,True,,164,87.6246207195492
50,2026-09-18T06:49:18.607+00:00,2026-09-18T06:50:29.938+00:00,2026-09-18T06:50:30.607+00:00,True,12,12.0,,12.0,71330.45281,72000.112458,72000.112605,6000.00938375,47.256153,71330.45281,20573.754698135675,32136.119568200003,60.87814981818182,5.400881050880603,0.1666664063476288,47,64,,False,True,,33,87.6246207195492
51,2026-09-18T06:49:19.144+00:00,2026-09-18T06:50:32.243+00:00,2026-09-18T06:50:35.659+00:00,True,60,60.0,,60.0,73098.36250599999,76514.389386,76514.389304,1275.2398217333332,0.0,73098.36250599999,9430.358072600251,97.31632845,57.8987606779661,129.54567991431423,0.7841662265291283,47,64,,False,True,,156,87.6246207195492
52,2026-09-18T06:49:19.533+00:00,2026-09-18T06:50:33.461+00:00,2026-09-18T06:50:37.514+00:00,True,68,68.0,,68.0,73927.367103,77980.73516699999,77980.73516499999,1146.775517132353,0.01729,73927.367103,8958.504569137602,72.79829725,60.498030805970146,122.93420080472679,0.872010245278841,47,64,,False,True,,238,87.6246207195492
53,2026-09-18T06:49:19.969+00:00,2026-09-18T06:50:35.091+00:00,2026-09-18T06:50:38.755+00:00,True,62,62.0,,62.0,75121.60613500001,78786.33087100001,78786.330914,1270.7472728064517,32.108881000000004,75121.60613500001,9532.830212106172,81.61834585,60.07745468852459,11.256504694743679,0.7869385376191088,47,64,,False,True,,316,87.6246207195492
54,2026-09-18T06:49:20.576+00:00,2026-09-18T06:50:37.573+00:00,2026-09-18T06:50:42.635+00:00,True,79,79.0,,79.0,76996.620494,82058.849486,82058.84951700001,1038.7196141392405,38.666179,76996.620494,8655.503872087467,95.96764569999999,64.9003716923077,12.647191202264116,0.9627237098111903,47,64,,False,True,,370,87.6246207195492
55,2026-09-18T06:49:21.156+00:00,2026-09-18T06:50:39.684+00:00,2026-09-18T06:50:45.780+00:00,True,80,80.0,,80.0,78528.117314,84623.769922,84623.769843,1057.7971230375001,0.0,78528.117314,8772.038586962637,96.9501198,77.16015959493672,130.25846027383562,0.9453608610646647,47,64,,False,True,,435,87.6246207195492
56,2026-09-18T06:49:21.596+00:00,2026-09-18T06:50:41.294+00:00,2026-09-18T06:50:43.048+00:00,True,29,29.0,,29.0,79698.069733,81452.12976499999,81452.129737,2808.6941288620687,37.190540999999996,79698.069733,14787.930368593778,87.94280340000002,62.64500114285714,9.971689500803205,0.3560373446792463,47,64,,False,True,,142,87.6246207195492
57,2026-09-18T06:49:22.026+00:00,2026-09-18T06:50:43.144+00:00,2026-09-18T06:50:47.882+00:00,True,78,78.0,,78.0,81117.778179,85856.534531,85856.534579,1100.7248022948718,0.0,81117.778179,9178.756047779025,84.65910815,61.54229028571428,132.5442085054988,0.9084922938723639,47,64,,False,True,,390,87.6246207195492
58,2026-09-18T06:49:22.628+00:00,2026-09-18T06:50:45.768+00:00,2026-09-18T06:50:46.974+00:00,True,30,30.0,,30.0,83139.69870200001,84345.16814200001,84345.168321,2811.5056107000005,0.0,83139.69870200001,15171.602748336229,81.30323184999999,41.56791172413793,30.280530573938815,0.35568131122215857,47,64,,False,True,,125,87.6246207195492
59,2026-09-18T06:49:23.055+00:00,2026-09-18T06:50:46.924+00:00,2026-09-18T06:50:50.028+00:00,True,52,52.0,,52.0,83868.741925,86972.79491699999,86972.795071,1672.5537513653844,37.163681,83868.741925,11622.066367050547,82.9547439,60.86378415686274,10.617725923400055,0.5978881102950034,47,64,,False,True,,194,87.6246207195492
60,2026-09-18T06:49:23.521+00:00,2026-09-18T06:50:48.571+00:00,2026-09-18T06:50:51.707+00:00,True,52,52.0,,52.0,85050.619492,88186.110308,88186.110289,1695.886736326923,32.11067,85050.619492,11785.87706811094,80.127019,61.48021207843138,9.818019680145767,0.5896620206785864,47,64,,False,True,,325,87.6246207195492
61,2026-09-18T06:49:23.933+00:00,2026-09-18T06:50:49.972+00:00,2026-09-18T06:50:55.679+00:00,True,93,93.0,,93.0,86039.178065,91746.583377,91746.583423,986.5224023978494,37.298361,86039.178065,8915.421594111582,91.91788580000001,62.03701426086956,11.535826636923979,1.013661725340218,47,64,,False,True,,442,87.6246207195492
62,2026-09-18T06:49:24.478+00:00,2026-09-18T06:50:52.144+00:00,2026-09-18T06:50:57.820+00:00,True,91,91.0,,91.0,87666.050568,93341.987336,93341.987355,1025.7361247802198,35.895864,87666.050568,9183.294439786097,92.940968,63.06596408888889,10.901414917419757,0.9749096049608454,47,64,,False,True,,545,87.6246207195492
63,2026-09-18T06:49:24.920+00:00,2026-09-18T06:50:53.760+00:00,2026-09-18T06:50:54.569+00:00,True,13,13.0,,13.0,88840.336839,89649.517255,89649.51714099999,6896.116703153846,52.131083,88840.336839,24621.178001138658,35599.0359252,67.43170133333332,14.747858694265313,0.14500914670876217,47,64,,False,True,,24,87.6246207195492
64,2026-09-18T06:49:25.271+00:00,2026-09-18T06:50:54.901+00:00,2026-09-18T06:50:56.491+00:00,True,27,27.0,,27.0,89629.687852,91219.93937200001,91219.939318,3378.5162710370373,36.201513,89629.687852,17237.47324227877,83.02419960000002,61.16352,9.833937089524184,0.29598791871470653,47,64,,False,True,,101,87.6246207195492
65,2026-09-18T06:49:25.690+00:00,2026-09-18T06:50:56.492+00:00,2026-09-18T06:50:59.849+00:00,True,55,55.0,,55.0,90801.650605,94158.667181,94158.667242,1711.9757680363637,32.34547,90801.650605,12235.312822086906,78.2532799,62.166973629629624,9.132808100589765,0.5841204176592072,47,64,,False,True,,250,87.6246207195492
66,2026-09-18T06:49:26.158+00:00,2026-09-18T06:50:58.200+00:00,2026-09-18T06:51:03.012+00:00,True,79,79.0,,79.0,92042.04980400001,96853.80276400001,96853.802838,1225.997504278481,38.965838000000005,92042.04980400001,10348.60196051992,69.59108880000001,61.689140512820515,7.75720676350983,0.8156623461909525,47,64,,True,True,,349,87.6246207195492
67,2026-09-18T06:49:26.660+00:00,2026-09-18T06:50:59.972+00:00,2026-09-18T06:51:00.569+00:00,True,10,10.0,,10.0,93311.866957,93908.777037,93908.776853,9390.8776853,56.274876,93311.866957,29486.832007945057,51364.863316749994,66.32334222222222,11.67123165035792,0.10648631912286544,47,64,,True,True,,33,87.6246207195492
68,2026-09-18T06:49:27.211+00:00,2026-09-18T06:51:02.217+00:00,2026-09-18T06:51:05.789+00:00,True,59,59.0,,59.0,95006.33429500001,98577.84251900001,98577.84263500001,1670.8108921186442,37.171371,95006.33429500001,12360.756733197142,70.3352531,61.577728,7.56103504221698,0.5985117800547143,47,64,,True,True,,209,87.6246207195492
69,2026-09-18T06:49:27.755+00:00,2026-09-18T06:51:04.296+00:00,2026-09-18T06:51:09.437+00:00,True,84,84.0,,84.0,96541.328748,101682.354284,101682.354174,1210.504216357143,36.575712,96541.328748,10526.770846385247,91.92472364999999,61.94006669879518,11.78885316069813,0.8261020369904795,47,64,,True,True,,371,87.6246207195492
70,2026-09-18T06:49:28.127+00:00,2026-09-18T06:51:05.728+00:00,2026-09-18T06:51:10.601+00:00,True,79,79.0,,79.0,97601.544469,102474.534165,102474.534321,1297.1460040632912,35.818464,97601.544469,10974.009761601004,94.48403280000001,62.47422687179487,12.459307521371343,0.7709232410151546,47,64,,True,True,,327,87.6246207195492
71,2026-09-18T06:49:28.751+00:00,2026-09-18T06:51:08.106+00:00,2026-09-18T06:51:11.430+00:00,True,54,54.0,,54.0,99355.040678,102679.27927,102679.279167,1901.4681327222222,36.921231,99355.040678,13511.978734559985,94.168854,62.72148286792453,12.35846231272494,0.5259094179849516,47,64,,True,True,,241,87.6246207195492
72,2026-09-18T06:49:29.291+00:00,2026-09-18T06:51:10.170+00:00,2026-09-18T06:51:11.215+00:00,True,18,18.0,,18.0,100879.908101,101924.23731699999,101924.237318,5662.457628777777,42.294852,100879.908101,23763.144040778476,15190.76196585,61.431130352941175,7.5511053679946825,0.17660176297436736,47,64,,True,True,,69,87.6246207195492
73,2026-09-18T06:49:29.915+00:00,2026-09-18T06:51:12.530+00:00,2026-09-18T06:51:13.083+00:00,True,10,10.0,,10.0,102614.236246,103167.492182,103167.492112,10316.7492112,41.323363,102614.236246,32430.034581166616,56479.6147114,61.47288177777778,15.567239423633609,0.09692975750887482,47,64,,True,True,,35,87.6246207195492
74,2026-09-18T06:49:30.541+00:00,2026-09-18T06:51:14.890+00:00,2026-09-18T06:51:19.669+00:00,True,74,74.0,,74.0,104349.36331,109127.653486,109127.653546,1474.698020891892,38.590759,104349.36331,12122.762492219168,92.2323393,65.45602980821918,10.531610233555256,0.6781049315744104,47,64,,True,True,,348,87.6246207195492
75,2026-09-18T06:49:31.077+00:00,2026-09-18T06:51:16.990+00:00,2026-09-18T06:51:19.081+00:00,True,32,32.0,,32.0,105913.025289,108003.684105,108003.68392,3375.1151225,40.188986,105913.025289,18711.03784645217,94.69986695,67.44060696774194,14.144203150834242,0.2962861893571145,47,64,,True,True,,122,87.6246207195492
76,2026-09-18T06:49:31.425+00:00,2026-09-18T06:51:18.417+00:00,2026-09-18T06:51:23.808+00:00,True,86,86.0,,86.0,106992.283245,112383.404653,112383.404758,1306.783776255814,37.67785,106992.283245,11530.442108876876,95.97849025,63.42495774117647,12.582423616833708,0.7652375389901865,47,64,,True,True,,432,87.6246207195492
77,2026-09-18T06:49:31.795+00:00,2026-09-18T06:51:19.478+00:00,2026-09-18T06:51:24.646+00:00,True,83,83.0,,83.0,107683.641618,112851.60372999999,112851.60367499999,1359.6578756024096,38.500889,107683.641618,11812.902375351929,91.44316520000001,63.023928195121954,10.842167546851933,0.7354791359330557,47,64,,True,True,,165,87.6246207195492
78,2026-09-18T06:49:32.374+00:00,2026-09-18T06:51:22.019+00:00,2026-09-18T06:51:24.872+00:00,True,46,46.0,,46.0,109644.46083400001,112498.16144200001,112498.16145300001,2445.6122055,35.217254999999994,109644.46083400001,16156.84777983047,95.324621,63.41556906666667,11.652393647712712,0.4088955713619901,47,64,,True,True,,237,87.6246207195492
79,2026-09-18T06:49:32.783+00:00,2026-09-18T06:51:23.734+00:00,2026-09-18T06:51:25.052+00:00,True,22,22.0,,22.0,110950.87762999999,112268.92588599998,112268.925681,5103.132985499999,40.976504999999996,110950.87762999999,23641.426758822778,88.37001559999999,62.76420266666666,8.740267169252284,0.19595805185077858,47,64,,True,True,,86,87.6246207195492
80,2026-09-18T06:49:33.419+00:00,2026-09-18T06:51:26.023+00:00,2026-09-18T06:51:30.156+00:00,True,67,67.0,,67.0,112604.524145,116737.46161700001,116737.461706,1742.350174716418,36.273373,112604.524145,13749.187387144659,93.0543215,62.620264727272726,12.418653398829337,0.5739374410916869,47,64,,True,True,,298,87.6246207195492
81,2026-09-18T06:49:33.841+00:00,2026-09-18T06:51:28.034+00:00,2026-09-18T06:51:30.592+00:00,True,43,43.0,,43.0,114192.921919,116750.680895,116750.680855,2715.1321129069765,34.279936,114192.921919,17404.97473893553,91.7099733,60.89902323809524,12.551573639292549,0.3683062031875613,47,64,,True,True,,198,87.6246207195492
82,2026-09-18T06:49:34.231+00:00,2026-09-18T06:51:29.569+00:00,2026-09-18T06:51:34.262+00:00,True,75,75.0,,75.0,115337.809243,120030.90594699999,120030.90609799999,1600.4120813066666,35.663834,115337.809243,13310.745804943539,94.10221220000001,63.42022572972973,12.61736377349707,0.6248390729727265,47,64,,True,True,,333,87.6246207195492
83,2026-09-18T06:49:35.141+00:00,2026-09-18T06:51:32.270+00:00,2026-09-18T06:51:33.408+00:00,True,19,19.0,,19.0,117129.524872,118267.003784,118267.003807,6224.579147736842,34.800966,117129.524872,26856.863801326228,11803.2320677,63.193272888888885,17.567313985889488,0.16065343157505826,47,64,,True,True,,82,87.6246207195492
84,2026-09-18T06:49:35.440+00:00,2026-09-18T06:51:34.544+00:00,2026-09-18T06:51:37.011+00:00,True,41,41.0,,41.0,119103.706887,121571.260423,121571.26041999999,2965.1526931707317,37.76211,119103.706887,18591.24299475643,91.78041999999999,61.6888384,11.069839026103901,0.33725076023184203,47,64,,True,True,,193,87.6246207195492
85,2026-09-18T06:49:36.022+00:00,2026-09-18T06:51:37.132+00:00,2026-09-18T06:51:39.343+00:00,True,36,36.0,,36.0,121110.11801,123321.47109800001,123321.47111700001,3425.596419916667,36.882921,121110.11801,20174.493020799924,91.76759825,63.1815168,12.237307776112994,0.2919199688381259,47,64,,True,True,,88,87.6246207195492
86,2026-09-18T06:49:36.512+00:00,2026-09-18T06:51:39.344+00:00,2026-09-18T06:51:44.800+00:00,True,90,90.0,,90.0,122832.14385,128288.15767399999,128288.15774,1425.4239748888888,35.727573,122832.14385,12941.185548719312,68.634539,61.303526112359556,8.39590165092816,0.7015456580856347,47,64,,True,True,,288,87.6246207195492
87,2026-09-18T06:49:37.054+00:00,2026-09-18T06:51:41.392+00:00,2026-09-18T06:51:44.757+00:00,True,55,55.0,,55.0,124337.461382,127702.681222,127702.68135099999,2321.8669336545454,35.427245,124337.461382,16757.259457193817,81.3419335,62.318885925925926,9.533799107571035,0.4306879031332732,47,64,,True,True,,200,87.6246207195492
88,2026-09-18T06:49:37.676+00:00,2026-09-18T06:51:43.824+00:00,2026-09-18T06:51:47.360+00:00,True,60,60.0,,60.0,126147.298958,129683.581838,129683.58175699999,2161.3930292833334,34.435476,126147.298958,16277.811302315053,68.0791294,59.9369979661017,9.744926406343774,0.46266458058624305,47,64,,True,True,,268,87.6246207195492
89,2026-09-18T06:49:38.094+00:00,2026-09-18T06:51:45.209+00:00,2026-09-18T06:51:49.131+00:00,True,66,66.0,,66.0,127114.803477,131037.00635699999,131037.006486,1985.4091891818182,36.819672,127114.803477,15639.326050214835,69.15088100000001,60.34158276923077,9.59871433267448,0.5036745102386436,47,64,,True,True,,283,87.6246207195492
90,2026-09-18T06:49:38.481+00:00,2026-09-18T06:51:46.656+00:00,2026-09-18T06:51:50.613+00:00,True,67,67.0,,67.0,128175.152324,132131.443652,132131.443459,1972.111096402985,37.669749,128175.152324,15651.765848083438,69.76331529999999,59.943808,7.992469619044027,0.5070708239324219,47,64,,True,True,,243,87.6246207195492
91,2026-09-18T06:49:38.958+00:00,2026-09-18T06:51:48.215+00:00,2026-09-18T06:51:49.381+00:00,True,20,20.0,,20.0,129257.046928,130422.53044799999,130422.530535,6521.126526749999,39.001248,129257.046928,28889.03889620777,6532.394866749999,61.34123789473684,7.262514548686516,0.1533477377819631,47,64,,True,True,,59,87.6246207195492
92,2026-09-18T06:49:39.508+00:00,2026-09-18T06:51:50.303+00:00,2026-09-18T06:51:51.489+00:00,True,20,20.0,,20.0,130795.36497,131981.014378,131981.01425,6599.0507124999995,36.689262,130795.36497,29232.78151478857,6630.9251574499995,62.40260042105263,12.264714586068761,0.1515369471454359,47,64,,True,True,,96,87.6246207195492
93,2026-09-18T06:49:40.122+00:00,2026-09-18T06:51:52.564+00:00,2026-09-18T06:51:57.426+00:00,True,81,81.0,,81.0,132441.393789,137303.901309,137303.901346,1695.1098931604938,36.497292,132441.393789,14708.960524296675,71.94808599999999,60.781344,10.335783620991132,0.5899322541295526,47,64,,True,True,,256,87.6246207195492
94,2026-09-18T06:49:40.756+00:00,2026-09-18T06:51:54.899+00:00,2026-09-18T06:51:57.302+00:00,True,41,41.0,,41.0,134142.748276,136545.781108,136545.781067,3330.3849040731707,39.894574999999996,134142.748276,20940.198538377274,88.507955,60.075820799999995,11.681513036103453,0.30026559346840104,47,64,,True,True,,231,87.6246207195492
95,2026-09-18T06:49:41.318+00:00,2026-09-18T06:51:57.429+00:00,2026-09-18T06:51:59.603+00:00,True,37,37.0,,37.0,136110.854507,138285.147499,138285.147524,3737.436419567568,37.213301,136110.854507,22366.558260668102,66.30893379999999,60.39702755555555,6.175033409424875,0.2675630801223072,47,64,,True,True,,143,87.6246207195492
96,2026-09-18T06:49:41.727+00:00,2026-09-18T06:51:58.724+00:00,2026-09-18T06:52:02.586+00:00,True,63,63.0,,63.0,136996.42836700001,140858.345295,140858.345269,2235.8467503015877,35.365114,136996.42836700001,17252.08289094435,87.5913169,62.28898270967742,10.167482207033288,0.447257845234934,47,64,,True,True,,345,87.6246207195492
97,2026-09-18T06:49:42.360+00:00,2026-09-18T06:52:00.968+00:00,2026-09-18T06:52:06.475+00:00,True,89,89.0,,89.0,138607.948012,144114.394092,144114.3943,1619.2628573033708,37.47482,138607.948012,14685.78426261585,88.59337439999999,62.57325090909091,10.777489149549396,0.6175649598414439,47,64,,True,True,,409,87.6246207195492
98,2026-09-18T06:49:42.738+00:00,2026-09-18T06:52:02.420+00:00,2026-09-18T06:52:07.881+00:00,True,88,88.0,,88.0,139682.14469299998,145142.62776499998,145142.62775599997,1649.348042681818,38.212659,139682.14469299998,14883.480328313166,93.15954740000001,62.76417324137931,11.453500102979344,0.6063001707705096,47,64,,True,True,,419,87.6246207195492
99,2026-09-18T06:49:43.136+00:00,2026-09-18T06:52:03.887+00:00,2026-09-18T06:52:09.485+00:00,True,90,90.0,,90.0,140750.74125400002,146348.936454,146348.93651100004,1626.099294566667,35.853913,140750.74125400002,14829.80427539508,90.6214634,62.901069662921344,10.685458167403956,0.6149685961557264,47,64,,True,True,,417,87.6246207195492
100,2026-09-18T06:49:43.576+00:00,2026-09-18T06:52:05.654+00:00,2026-09-18T06:52:06.534+00:00,True,15,15.0,,15.0,142078.145892,142957.581924,142957.581792,9530.5054528,34.631305999999995,142078.145892,36668.202809523056,42691.429761900006,62.816859428571426,14.118183208204343,0.1049262291521858,47,64,,True,True,,105,87.6246207195492
101,2026-09-18T06:49:44.213+00:00,2026-09-18T06:52:08.373+00:00,2026-09-18T06:52:12.042+00:00,True,61,61.0,,61.0,144159.83623,147828.860998,147828.860953,2423.42395004918,37.2775,144159.83623,18449.947890336425,67.989004,61.1504128,8.117013624314854,0.41263931540962956,47,64,,True,True,,267,87.6246207195492
102,2026-09-18T06:49:44.743+00:00,2026-09-18T06:52:10.311+00:00,2026-09-18T06:52:11.984+00:00,True,28,28.0,,28.0,145567.380727,147241.252087,147241.252168,5258.616148857143,32.949889000000006,145567.380727,27497.934931354288,85.14306984999999,61.99523555555555,10.020863341057586,0.1901640987367842,47,64,,True,True,,150,87.6246207195492
103,2026-09-18T06:49:45.277+00:00,2026-09-18T06:52:12.418+00:00,2026-09-18T06:52:16.991+00:00,True,74,74.0,,74.0,147140.962074,151713.36937,151713.36929200002,2050.180666108108,33.831717,147140.962074,17097.512518694894,93.2756098,62.63571638356164,12.307581094298806,0.4877618914357382,47,64,,True,True,,319,87.6246207195492
104,2026-09-18T06:49:45.894+00:00,2026-09-18T06:52:14.829+00:00,2026-09-18T06:52:20.924+00:00,True,97,97.0,,97.0,148935.40484799998,155029.88318399998,155029.88304899997,1598.2462169999997,36.104622000000006,148935.40484799998,15115.659000747613,93.7827232,63.484149333333335,13.106328334379928,0.6256858226802237,47,64,,True,True,,399,87.6246207195492
105,2026-09-18T06:49:46.269+00:00,2026-09-18T06:52:16.423+00:00,2026-09-18T06:52:21.772+00:00,True,84,84.0,,84.0,150154.249579,155503.273835,155503.273709,1851.2294489166666,35.959663,150154.249579,16376.145367110696,95.1096204,64.44607537349398,13.172180867890187,0.5401815532779712,47,64,,True,True,,358,87.6246207195492
106,2026-09-18T06:49:46.698+00:00,2026-09-18T06:52:18.040+00:00,2026-09-18T06:52:23.362+00:00,True,84,84.0,,84.0,151342.560585,156664.431177,156664.431077,1865.0527509166666,35.536002999999994,151342.560585,16505.835670289023,94.27956285,64.11892279518072,12.236794759255206,0.5361778635323836,47,64,,True,True,,478,87.6246207195492
107,2026-09-18T06:49:47.329+00:00,2026-09-18T06:52:20.365+00:00,2026-09-18T06:52:21.652+00:00,True,21,21.0,,21.0,153035.422819,154322.237539,154322.237501,7348.677976238096,38.475839,153035.422819,33381.02800482976,85.72627,64.340736,9.202821666912108,0.13607889786261637,47,64,,True,True,,83,87.6246207195492
108,2026-09-18T06:49:47.819+00:00,2026-09-18T06:52:22.193+00:00,2026-09-18T06:52:23.268+00:00,True,18,18.0,,18.0,154374.798073,155449.68780100002,155449.687769,8636.093764944446,39.480747,154374.798073,36371.587379229946,23238.094814300006,63.22880752941176,11.45500145641212,0.11579309199413011,47,64,,True,True,,74,87.6246207195492
109,2026-09-18T06:49:48.838+00:00,2026-09-18T06:52:24.744+00:00,2026-09-18T06:52:27.810+00:00,True,49,49.0,,49.0,155905.84766,158972.119916,158972.120034,3244.3289802857144,35.526013,155905.84766,22263.139864074943,85.9125862,63.880672,8.852348772939228,0.30823014768810614,47,64,,True,True,,190,87.6246207195492
110,2026-09-18T06:49:48.867+00:00,2026-09-18T06:52:25.916+00:00,2026-09-18T06:52:28.624+00:00,True,44,44.0,,44.0,157049.201578,159756.950442,159756.950491,3630.839783886364,40.445234,157049.201578,23666.56706899133,89.7583005,62.97090381395349,10.61181540677411,0.2754183769674188,47,64,,True,True,,191,87.6246207195492
111,2026-09-18T06:49:49.229+00:00,2026-09-18T06:52:27.351+00:00,2026-09-18T06:52:28.810+00:00,True,24,24.0,,24.0,158122.511091,159581.238771,159581.238881,6649.218286708333,39.186077,158122.511091,32263.678608472095,100.56663625000002,63.42294260869565,12.577614081485255,0.150393618854157,47,64,,True,True,,107,87.6246207195492
112,2026-09-18T06:49:49.575+00:00,2026-09-18T06:52:28.751+00:00,2026-09-18T06:52:33.020+00:00,True,69,69.0,,69.0,159175.94502,163444.92422000002,163444.924342,2368.7670194492757,37.717620000000004,159175.94502,19154.977281425807,94.3728646,62.779105882352944,10.918208585658665,0.42216055548549597,47,64,,True,True,,304,87.6246207195492
113,2026-09-18T06:49:50.122+00:00,2026-09-18T06:52:30.875+00:00,2026-09-18T06:52:36.134+00:00,True,82,82.0,,82.0,160752.531261,166011.726909,166011.726798,2024.5332536341464,36.674122000000004,160752.531261,17744.982458658324,96.56168815000001,64.92834133333334,13.730820267819457,0.4939410096308957,47,64,,True,True,,347,87.6246207195492
114,2026-09-18T06:49:50.683+00:00,2026-09-18T06:52:33.143+00:00,2026-09-18T06:52:38.996+00:00,True,91,91.0,,91.0,162459.955127,168312.85829499998,168312.858298,1849.5918494285713,36.809801,162459.955127,17023.61962123626,98.6827315,65.03225742222222,14.493041113953767,0.5406598219638417,47,64,,True,True,,393,87.6246207195492
115,2026-09-18T06:49:51.197+00:00,2026-09-18T06:52:35.324+00:00,2026-09-18T06:52:39.415+00:00,True,64,64.0,,64.0,164127.66123899998,168218.20741499998,168218.207435,2628.409491171875,36.867832,164127.66123899998,20507.846715693508,99.9714092,64.92930438095237,14.755268753928526,0.38045822139876834,47,64,,True,True,,313,87.6246207195492
116,2026-09-18T06:49:51.766+00:00,2026-09-18T06:52:37.545+00:00,2026-09-18T06:52:40.471+00:00,True,49,49.0,,49.0,165779.130431,168705.236031,168705.236037,3442.964000755102,38.324779,165779.130431,23674.02608055853,70.94906780000001,60.96053333333334,9.354066664644565,0.2904474167653939,47,64,,True,True,,208,87.6246207195492
117,2026-09-18T06:49:52.124+00:00,2026-09-18T06:52:38.757+00:00,2026-09-18T06:52:39.970+00:00,True,21,21.0,,21.0,166633.58359,167845.890534,167845.890371,7992.661446238095,40.567354,166633.58359,36349.20263132561,78.579544,60.6153472,8.432745621365182,0.12511477006192234,47,64,,True,True,,97,87.6246207195492
118,2026-09-18T06:49:52.556+00:00,2026-09-18T06:52:40.531+00:00,2026-09-18T06:52:41.486+00:00,True,15,15.0,,15.0,167975.720491,168929.82276299997,168929.822823,11261.988188199999,56.729144,167975.720491,43353.54993516466,50461.8250165,68.15016228571429,12.58904556787566,0.08879426826276994,47,64,,True,True,,72,87.6246207195492
119,2026-09-18T06:49:53.022+00:00,2026-09-18T06:52:42.416+00:00,2026-09-18T06:52:46.526+00:00,True,67,67.0,,67.0,169393.54928,173503.31977600002,173503.319569,2589.6017846119403,38.602958,169393.54928,20687.111557734668,91.49728160000001,62.26924993939394,11.529046897587985,0.3861597581331572,47,64,,True,True,,307,87.6246207195492
120,2026-09-18T06:49:53.438+00:00,2026-09-18T06:52:43.981+00:00,2026-09-18T06:52:47.260+00:00,True,53,53.0,,53.0,170543.58475799998,173822.336502,173822.33654699998,3279.6667273018866,39.152477,170543.58475799998,23417.305228315796,96.00425279999999,63.05291815384615,12.424481220192698,0.30490902991279367,47,64,,True,True,,299,87.6246207195492
121,2026-09-18T06:49:53.965+00:00,2026-09-18T06:52:45.773+00:00,2026-09-18T06:52:51.775+00:00,True,95,95.0,,95.0,171807.389953,177809.838593,177809.838582,1871.6825113894738,34.728456,171807.389953,17620.52013631807,95.32075809999998,63.855836595744684,13.772165210137166,0.5342786470744817,47,64,,True,True,,450,87.6246207195492
122,2026-09-18T06:49:54.423+00:00,2026-09-18T06:52:47.815+00:00,2026-09-18T06:52:49.432+00:00,True,27,27.0,,27.0,173392.171681,175008.679585,175008.679604,6481.802948296297,38.164517999999994,173392.171681,33357.37515379309,87.76837540000001,62.17338092307692,9.954573223853137,0.15427806245967568,47,64,,True,True,,61,87.6246207195492
123,2026-09-18T06:49:55.022+00:00,2026-09-18T06:52:49.966+00:00,2026-09-18T06:52:56.048+00:00,True,94,94.0,,94.0,174943.961891,181026.349859,181026.349789,1925.8122317978725,37.973239,174943.961891,18037.350676050097,94.49985210000001,65.40202116129032,12.752384066565266,0.5192614228437785,47,64,,True,True,,444,87.6246207195492
124,2026-09-18T06:49:55.640+00:00,2026-09-18T06:52:52.431+00:00,2026-09-18T06:52:53.875+00:00,True,24,24.0,,24.0,176791.196266,178234.878058,178234.878169,7426.453257041667,44.273108,176791.196266,36074.54069254428,90.70150165000001,62.768773565217394,10.613611899118688,0.13465377967262995,47,64,,True,True,,94,87.6246207195492
125,2026-09-18T06:49:56.252+00:00,2026-09-18T06:52:54.973+00:00,2026-09-18T06:52:57.911+00:00,True,46,46.0,,46.0,178721.074116,181659.024324,181659.024298,3949.109223869565,34.478335,178721.074116,26341.361709262746,93.99523649999999,65.2877824,12.910937940150673,0.2532216616883078,47,64,,True,True,,278,87.6246207195492
126,2026-09-18T06:49:56.794+00:00,2026-09-18T06:52:56.877+00:00,2026-09-18T06:53:01.866+00:00,True,80,80.0,,80.0,180082.94316,185071.699384,185071.69951099998,2313.3962438875,36.363641,180082.94316,20126.82820493757,94.78462234999999,63.14881296202532,11.655841778335756,0.4322649020151389,47,64,,True,True,,281,87.6246207195492
127,2026-09-18T06:49:57.238+00:00,2026-09-18T06:52:58.576+00:00,2026-09-18T06:52:59.255+00:00,True,11,11.0,,11.0,181337.679046,182016.929734,182016.929867,16546.993624272727,49.365127,181337.679046,54654.88965828146,90721.86613400001,67.92506879999999,17.106366139056917,0.0604339388433561,47,64,,True,True,,44,87.6246207195492
128,2026-09-18T06:49:57.689+00:00,2026-09-18T06:53:00.052+00:00,2026-09-18T06:53:05.263+00:00,True,86,86.0,,86.0,182362.98928,187574.51209600002,187574.512105,2181.0989779651163,36.562532,182362.98928,19658.09655257976,69.72188275,61.312033129411766,6.720995080383477,0.45848446592778813,47,64,,True,True,,368,87.6246207195492
129,2026-09-18T06:49:58.272+00:00,2026-09-18T06:53:02.583+00:00,2026-09-18T06:53:08.052+00:00,True,92,92.0,,92.0,184310.510239,189779.720607,189779.720572,2062.823049695652,35.246464,184310.510239,19209.43491379855,69.5450387,60.10121283516484,8.533989976443609,0.48477255475844866,47,64,,True,True,,306,87.6246207195492
130,2026-09-18T06:49:58.705+00:00,2026-09-18T06:53:04.540+00:00,2026-09-18T06:53:10.237+00:00,True,97,97.0,,97.0,185834.716452,191531.754532,191531.75461,1974.5541712371132,36.406912,185834.716452,18862.633874265808,70.9327112,59.34414666666667,10.126090393465894,0.5064434366876425,47,64,,True,True,,476,87.6246207195492
131,2026-09-18T06:49:59.341+00:00,2026-09-18T06:53:06.390+00:00,2026-09-18T06:53:11.926+00:00,True,94,94.0,,94.0,187048.91226800001,192585.71892400002,192585.71896600001,2048.784244319149,32.773019,187048.91226800001,19286.484466245944,68.19014165,59.535555440860215,10.57808663414508,0.48809434326277934,47,64,,True,True,,323,87.6246207195492
132,2026-09-18T06:49:59.782+00:00,2026-09-18T06:53:08.375+00:00,2026-09-18T06:53:11.922+00:00,True,60,60.0,,60.0,188593.382933,192140.471317,192140.47125799998,3202.341187633333,37.361239999999995,188593.382933,24339.54167881622,68.6609517,60.12014210169491,10.227008946187105,0.3122715354487183,47,64,,True,True,,254,87.6246207195492
133,2026-09-18T06:50:00.249+00:00,2026-09-18T06:53:10.358+00:00,2026-09-18T06:53:12.172+00:00,True,31,31.0,,31.0,190108.608782,191922.455054,191922.454874,6191.046931419355,37.26678,190108.608782,34133.65569142011,68.7022025,60.4615424,7.543411229393008,0.1615235694607894,47,64,,True,True,,148,87.6246207195492
134,2026-09-18T06:50:00.858+00:00,2026-09-18T06:53:12.452+00:00,2026-09-18T06:53:15.944+00:00,True,56,56.0,,56.0,191594.716053,195086.035605,195086.03562100002,3483.6792075178573,37.65257,191594.716053,25594.44097830857,93.148534,63.47853730909091,12.031776995099134,0.2870528371050907,47,64,,True,True,,173,87.6246207195492
135,2026-09-18T06:50:01.387+00:00,2026-09-18T06:53:14.429+00:00,2026-09-18T06:53:18.761+00:00,True,68,68.0,,68.0,193042.663725,197374.827309,197374.827242,2902.570988852941,36.080184,193042.663725,23402.024318224503,93.29414835,64.65915797014925,13.507658454055639,0.3445221507074084,47,64,,True,True,,395,87.6246207195492
137,2026-09-18T06:50:02.593+00:00,2026-09-18T06:53:16.572+00:00,2026-09-18T06:53:20.033+00:00,True,56,56.0,,56.0,193978.427619,197439.468259,197439.468184,3525.704789,36.769301,193978.427619,25913.051395233408,91.41250124999999,62.928011636363635,12.09088969174628,0.28363123388551426,47,64,,True,True,,241,87.6246207195492
136,2026-09-18T06:50:02.578+00:00,2026-09-18T06:53:19.608+00:00,2026-09-18T06:53:23.450+00:00,True,63,63.0,,63.0,197029.681,200871.69597600002,200871.695993,3188.439618936508,38.118059,197029.681,24815.603341127753,95.41263839999999,61.96798348387097,14.307151358274366,0.3136330367197536,47,64,,True,True,,233,87.6246207195492
138,2026-09-18T06:50:02.917+00:00,2026-09-18T06:53:20.504+00:00,2026-09-18T06:53:21.864+00:00,True,24,24.0,,24.0,197586.807661,198946.381677,198946.381571,8289.432565458334,35.882932999999994,197586.807661,40320.17517249567,98.2883042,59.111913739130436,16.21186758183114,0.12063551896593562,47,64,,True,True,,105,87.6246207195492
139,2026-09-18T06:50:03.277+00:00,2026-09-18T06:53:21.987+00:00,2026-09-18T06:53:22.208+00:00,True,4,4.0,,4.0,198710.07196399997,198930.55401199998,198930.55396199998,49732.638490499994,62.083504,198710.07196399997,99318.29028896625,168918.0028004,73.494016,19.731088244847317,0.02010751953045237,47,64,,True,True,,15,87.6246207195492
140,2026-09-18T06:50:03.657+00:00,2026-09-18T06:53:23.642+00:00,2026-09-18T06:53:24.508+00:00,True,15,15.0,,15.0,199984.63255399998,200851.27293799998,200851.27313599997,13390.084875733332,43.358379,199984.63255399998,51619.827927091465,60059.3015372,61.90288457142857,11.033130324744578,0.07468212563746256,47,64,,True,True,,71,87.6246207195492
141,2026-09-18T06:50:04.086+00:00,2026-09-18T06:53:25.546+00:00,2026-09-18T06:53:28.794+00:00,True,53,53.0,,53.0,201459.998118,204707.962278,204707.96235999998,3862.414384150943,34.798575,201459.998118,27664.081847181726,92.0933662,62.460849230769234,11.994533646454801,0.25890541535470074,47,64,,True,True,,247,87.6246207195492
142,2026-09-18T06:50:04.538+00:00,2026-09-18T06:53:27.183+00:00,2026-09-18T06:53:31.457+00:00,True,70,70.0,,70.0,202644.905314,206919.074402,206919.074399,2955.9867771285717,39.180366,202644.905314,24213.29722089514,90.09337295000002,61.94447953623188,10.315743235356669,0.3382965065076833,47,64,,True,True,,212,87.6246207195492
143,2026-09-18T06:50:05.036+00:00,2026-09-18T06:53:28.796+00:00,2026-09-18T06:53:30.842+00:00,True,35,35.0,,35.0,203760.00717899998,205805.51988299997,205805.519778,5880.157707942856,38.200839,203760.00717899998,34431.559309887896,78.2813667,60.16213835294118,9.09013769142198,0.17006346583851314,47,64,,True,True,,157,87.6246207195492
144,2026-09-18T06:50:05.412+00:00,2026-09-18T06:53:30.268+00:00,2026-09-18T06:53:30.268+00:00,True,1,1.0,,1.0,204856.142372,204856.142372,204856.142372,204856.142372,204856.142372,204856.142372,nan,204856.142372,nan,nan,0.004881474328380603,47,64,,True,True,,2,87.6246207195492
145,2026-09-18T06:50:05.959+00:00,2026-09-18T06:53:32.420+00:00,2026-09-18T06:53:36.014+00:00,True,58,58.0,,58.0,206460.935883,210055.748043,210055.747987,3621.650827362069,36.32823200000001,206460.935883,27101.37079774746,92.7212912,63.06688,12.581106640203362,0.2761171762275554,47,64,,True,True,,231,87.6246207195492
146,2026-09-18T06:50:06.477+00:00,2026-09-18T06:53:34.651+00:00,2026-09-18T06:53:40.226+00:00,True,89,89.0,,89.0,208174.40927,213749.464118,213749.464014,2401.6793709438202,37.8478,208174.40927,22059.73100681036,92.51009320000001,63.352896,11.85722739498347,0.41637531287969787,47,64,,True,True,,425,87.6246207195492
147,2026-09-18T06:50:06.938+00:00,2026-09-18T06:53:36.238+00:00,2026-09-18T06:53:38.516+00:00,True,38,38.0,,38.0,209300.04201499998,211578.355999,211578.356038,5567.85147468421,36.371772,209300.04201499998,33942.96310264752,90.25081840000001,61.576053621621625,11.204618345224754,0.1796024920440331,47,64,,True,True,,169,87.6246207195492
148,2026-09-18T06:50:07.431+00:00,2026-09-18T06:53:38.640+00:00,2026-09-18T06:53:44.337+00:00,True,93,93.0,,93.0,211209.040768,216906.226048,216906.225945,2332.3250101612903,33.953907,211209.040768,21894.938262805183,88.09916199999999,61.92592695652174,10.319581829569541,0.42875671065071075,47,64,,True,True,,310,87.6246207195492
149,2026-09-18T06:50:07.931+00:00,2026-09-18T06:53:40.349+00:00,2026-09-18T06:53:43.558+00:00,True,53,53.0,,53.0,212418.466216,215626.824872,215626.824933,4068.4306591132076,36.021952,212418.466216,29169.447259552744,88.57814159999998,61.69920492307692,10.865460805392878,0.24579502124312114,47,64,,True,True,,208,87.6246207195492
150,2026-09-18T06:50:08.297+00:00,2026-09-18T06:53:41.608+00:00,2026-09-18T06:53:44.980+00:00,True,56,56.0,,56.0,213311.16507,216682.704014,216682.70403199998,3869.3340005714285,39.015497,213311.16507,28496.713687324267,90.38810625,61.30070807272727,10.485038055086008,0.25844240893533343,47,64,,True,True,,222,87.6246207195492
151,2026-09-18T06:50:08.643+00:00,2026-09-18T06:53:43.000+00:00,2026-09-18T06:53:45.749+00:00,True,45,45.0,,45.0,214357.68868700002,217106.393199,217106.393333,4824.5865185111115,37.961849,214357.68868700002,31945.246506766514,88.2494638,62.4705570909091,9.928387985486799,0.2072716484159586,47,64,,True,True,,169,87.6246207195492
152,2026-09-18T06:50:09.138+00:00,2026-09-18T06:53:44.863+00:00,2026-09-18T06:53:48.092+00:00,True,51,51.0,,51.0,215725.069282,218954.361826,218954.36176,4293.222779607843,35.791873,215725.069282,30198.509964416025,93.28732049999999,64.58585088000001,11.041512535466344,0.2329252524347014,47,64,,True,True,,230,87.6246207195492
153,2026-09-18T06:50:09.567+00:00,2026-09-18T06:53:46.383+00:00,2026-09-18T06:53:51.908+00:00,True,88,88.0,,88.0,216815.87408399998,222340.92803599997,222340.92799399997,2526.6014544772725,0.019440000000000002,216815.87408399998,23105.89829623459,94.6313479,63.50636726436782,29.21842840098771,0.39578857917581245,47,64,,True,True,,373,87.6246207195492
154,2026-09-18T06:50:10.206+00:00,2026-09-18T06:53:49.401+00:00,2026-09-18T06:53:55.551+00:00,True,100,100.0,,100.0,219194.393997,225344.622733,225344.622798,2253.44622798,37.11383,219194.393997,21913.230068148863,89.59807340000002,62.12352258585858,11.564627591736723,0.44376474924136616,47,64,,True,True,,606,87.6246207195492
155,2026-09-18T06:50:10.757+00:00,2026-09-18T06:53:51.075+00:00,2026-09-18T06:53:56.428+00:00,True,87,87.0,,87.0,220318.74016400002,225671.836356,225671.836401,2593.929154034483,35.632934,220318.74016400002,23613.977553722714,89.971338,62.24530455813953,11.256981770575598,0.385515540639978,47,64,,True,True,,429,87.6246207195492
156,2026-09-18T06:50:11.117+00:00,2026-09-18T06:53:52.529+00:00,2026-09-18T06:53:58.602+00:00,True,98,98.0,,98.0,221412.062892,227485.47089199998,227485.47104399998,2321.28031677551,38.985177,221412.062892,22359.673020212347,74.7889842,62.61245360824742,9.412744670713932,0.43079674326333595,47,64,,True,True,,501,87.6246207195492
157,2026-09-18T06:50:11.601+00:00,2026-09-18T06:53:54.567+00:00,2026-09-18T06:53:55.430+00:00,True,15,15.0,,15.0,222965.50303400002,223828.75423400002,223828.75417800003,14921.916945200002,38.713337,222965.50303400002,57553.525898347616,66954.6252504,61.6608,12.753525073686665,0.06701551840974983,47,64,,True,True,,61,87.6246207195492
158,2026-09-18T06:50:12.009+00:00,2026-09-18T06:53:56.058+00:00,2026-09-18T06:53:58.086+00:00,True,33,33.0,,33.0,224048.944295,226077.119911,226077.119717,6850.82180960606,55.232436,224048.944295,38990.88244661348,79.736013,63.380488,6.532452493753737,0.14596788924501136,47,64,,True,True,,122,87.6246207195492
159,2026-09-18T06:50:12.646+00:00,2026-09-18T06:53:58.271+00:00,2026-09-18T06:53:59.496+00:00,True,21,21.0,,21.0,225624.993136,226850.093936,226850.093832,10802.385420571429,38.314678,225624.993136,49222.0446104008,98.34035599999999,61.25504,12.747806677650155,0.09257214592965793,47,64,,True,True,,81,87.6246207195492
160,2026-09-18T06:50:13.130+00:00,2026-09-18T06:54:00.234+00:00,2026-09-18T06:54:03.365+00:00,True,50,50.0,,50.0,227103.214125,230234.402861,230234.402904,4604.68805808,38.747928,227103.214125,32108.209096700753,90.11416685,63.90181093877551,10.337588113098295,0.21716997711322328,47,64,,True,True,,202,87.6246207195492
161,2026-09-18T06:50:13.777+00:00,2026-09-18T06:54:02.866+00:00,2026-09-18T06:54:02.924+00:00,True,2,2.0,,2.0,229089.446489,229147.369561,229147.36955099998,114573.68477549999,57.923062,229089.446489,161949.74332071733,217637.87031765,57.923072,nan,0.008728007673976775,47,64,,True,True,,7,87.6246207195492
162,2026-09-18T06:50:14.229+00:00,2026-09-18T06:54:04.368+00:00,2026-09-18T06:54:08.236+00:00,True,62,62.0,,62.0,230139.78123,234007.19754999998,234007.19754,3774.309637741935,37.881099,230139.78123,29219.731981094068,95.11696674999999,63.40026754098361,11.889098862907586,0.26494911545082944,47,64,,True,True,,323,87.6246207195492
163,2026-09-18T06:50:14.838+00:00,2026-09-18T06:54:06.518+00:00,2026-09-18T06:54:07.409+00:00,True,14,14.0,,14.0,231680.411429,232571.353637,232571.35357,16612.239540714287,36.034872,231680.411429,61900.88083126812,81154.3019095,68.534016,19.485084132141967,0.06019657959187596,47,64,,True,True,,47,87.6246207195492
164,2026-09-18T06:50:15.250+00:00,2026-09-18T06:54:08.298+00:00,2026-09-18T06:54:12.385+00:00,True,65,65.0,,65.0,233047.399378,237134.946002,237134.945875,3648.2299365384615,37.29704,233047.399378,28898.05383123264,92.669303,63.867916,14.008808559821967,0.2741055297663795,47,64,,True,True,,357,87.6246207195492
165,2026-09-18T06:50:15.851+00:00,2026-09-18T06:54:10.642+00:00,2026-09-18T06:54:12.384+00:00,True,27,27.0,,27.0,234791.90466600002,236533.603738,236533.60369500003,8760.503840555557,39.786906,234791.90466600002,45172.833146734505,101.2861876,66.98842584615385,13.550364999869274,0.1141486857398366,47,64,,True,True,,118,87.6246207195492
166,2026-09-18T06:50:16.327+00:00,2026-09-18T06:54:12.380+00:00,2026-09-18T06:54:16.964+00:00,True,75,75.0,,75.0,236053.62938,240636.726468,240636.72639,3208.4896852,38.649438,236053.62938,27249.975940946315,90.30167669999999,61.933744432432434,10.874489509769719,0.31167312280560605,47,64,,True,True,,260,87.6246207195492
167,2026-09-18T06:50:17.205+00:00,2026-09-18T06:54:12.511+00:00,2026-09-18T06:54:14.367+00:00,True,32,32.0,,32.0,235305.88631600002,237162.55550000002,237162.55534000002,7411.329854375001,38.434307999999994,235305.88631600002,41586.01057677073,75.53267395,59.892554322580644,10.226656418456582,0.13492855114727417,47,64,,True,True,,152,87.6246207195492
168,2026-09-18T06:50:17.524+00:00,2026-09-18T06:54:17.466+00:00,2026-09-18T06:54:20.519+00:00,True,48,48.0,,48.0,239942.477067,242994.858507,242994.858393,5062.3928831875,40.199485,239942.477067,34623.34098770877,95.62206685,64.94428595744681,10.151187437408472,0.19753504372446323,47,64,,True,True,,213,87.6246207195492
169,2026-09-18T06:50:18.022+00:00,2026-09-18T06:54:19.157+00:00,2026-09-18T06:54:24.568+00:00,True,87,87.0,,87.0,241134.833281,246546.107777,246546.10774099999,2833.863307367816,37.079989999999995,241134.833281,25845.623656466894,76.9274535,62.92179646511628,9.826849129703058,0.3528751712385221,47,64,,True,True,,463,87.6246207195492
170,2026-09-18T06:50:18.550+00:00,2026-09-18T06:54:21.554+00:00,2026-09-18T06:54:27.644+00:00,True,98,98.0,,98.0,243004.225697,249093.640609,249093.64065699998,2541.7718434387752,35.476584,243004.225697,24540.794354201345,91.9302382,62.77747331958763,10.312018535530191,0.3934263426412788,47,64,,True,True,,377,87.6246207195492
171,2026-09-18T06:50:19.127+00:00,2026-09-18T06:54:23.927+00:00,2026-09-18T06:54:27.753+00:00,True,62,62.0,,62.0,244799.95309,248626.64467399998,248626.644675,4010.107172177419,35.452633999999996,244799.95309,31081.65981419288,89.7905889,62.73264891803279,10.475961388667967,0.2493698938876587,47,64,,True,True,,275,87.6246207195492
172,2026-09-18T06:50:19.657+00:00,2026-09-18T06:54:25.875+00:00,2026-09-18T06:54:31.397+00:00,True,88,88.0,,88.0,246217.88,251739.88038400002,251739.880482,2860.6804600227274,35.792053,246217.88,26240.150838509857,91.2920289,63.47126878160919,11.97450505916552,0.34956717968470546,47,64,,True,True,,385,87.6246207195492
173,2026-09-18T06:50:20.238+00:00,2026-09-18T06:54:28.032+00:00,2026-09-18T06:54:28.909+00:00,True,14,14.0,,14.0,247793.792214,248670.45269399998,248670.45254199998,17762.175181571427,38.396637999999996,247793.792214,66207.6563407975,86793.7182949,67.43542153846154,19.189036177181702,0.05629941092047482,47,64,,True,True,,49,87.6246207195492
174,2026-09-18T06:50:20.729+00:00,2026-09-18T06:54:30.107+00:00,2026-09-18T06:54:34.377+00:00,True,70,70.0,,70.0,249377.61230500002,253647.96392100002,253647.96378900003,3623.5423398428575,38.601578,249377.61230500002,29798.92976775173,77.93525275,61.88915385507246,8.731914424221788,0.2759730412099892,47,64,,True,True,,319,87.6246207195492
175,2026-09-18T06:50:21.211+00:00,2026-09-18T06:54:31.708+00:00,2026-09-18T06:54:32.420+00:00,True,12,12.0,,12.0,250497.167166,251208.617022,251208.617224,20934.051435333335,53.832009,250497.167166,72293.63333094047,112774.0622851,64.67725963636363,9.814233000180984,0.047769061994195366,47,64,,True,True,,49,87.6246207195492
176,2026-09-18T06:50:21.704+00:00,2026-09-18T06:54:33.523+00:00,2026-09-18T06:54:35.564+00:00,True,34,34.0,,34.0,251818.659998,253860.027038,253860.026866,7466.471378411764,35.256524,251818.659998,43175.93618115288,79.56992445,61.859607272727274,9.956680658848583,0.13393207428797202,47,64,,True,True,,147,87.6246207195492
177,2026-09-18T06:50:22.315+00:00,2026-09-18T06:54:35.934+00:00,2026-09-18T06:54:37.569+00:00,True,26,26.0,,26.0,253618.82681099998,255254.09157899997,255254.091409,9817.465054192307,35.987252999999995,253618.82681099998,49725.91833711902,102.2286415,65.41059072,15.421162315750509,0.10185928789295477,47,64,,True,True,,114,87.6246207195492
178,2026-09-18T06:50:22.695+00:00,2026-09-18T06:54:37.523+00:00,2026-09-18T06:54:42.141+00:00,True,75,75.0,,75.0,254828.23419699998,259445.60738099998,259445.60738099998,3459.2747650799997,37.608509,254828.23419699998,29417.826655517172,92.6765967,62.39693491891892,10.10122596320549,0.28907793335603216,47,64,,True,True,,301,87.6246207195492
179,2026-09-18T06:50:23.151+00:00,2026-09-18T06:54:39.135+00:00,2026-09-18T06:54:43.458+00:00,True,71,71.0,,71.0,255983.67836000002,260307.42364000002,260307.42373600003,3666.3017427605637,35.58878300000001,255983.67836000002,30372.34417692271,69.36190500000001,61.76778971428572,8.733153571252359,0.2727544186299949,47,64,,True,True,,303,87.6246207195492
180,2026-09-18T06:50:23.519+00:00,2026-09-18T06:54:40.397+00:00,2026-09-18T06:54:41.450+00:00,True,18,18.0,,18.0,256877.170836,257930.794132,257930.794074,14329.488559666666,55.982865,256877.170836,60531.92159251588,38590.22367975,61.977840941176474,3.5661267160995638,0.06978616128630312,47,64,,True,True,,72,87.6246207195492
181,2026-09-18T06:50:24.111+00:00,2026-09-18T06:54:42.488+00:00,2026-09-18T06:54:43.207+00:00,True,13,13.0,,13.0,258376.913553,259096.37569699998,259096.375526,19930.49042507692,40.290093999999996,258376.913553,71644.23412480594,103392.41024520001,59.95517866666666,7.621237910167771,0.050174379958146685,47,64,,True,True,,73,87.6246207195492
182,2026-09-18T06:50:24.543+00:00,2026-09-18T06:54:44.158+00:00,2026-09-18T06:54:44.993+00:00,True,15,15.0,,15.0,259615.844652,260450.027308,260450.027331,17363.3351554,34.096066,259615.844652,67017.1389801636,77934.6586818,59.58447542857142,10.584027570719465,0.05759262210505155,47,64,,True,True,,48,87.6246207195492
183,2026-09-18T06:50:25.138+00:00,2026-09-18T06:54:46.083+00:00,2026-09-18T06:54:49.865+00:00,True,64,64.0,,64.0,260945.875986,264727.601682,264727.601816,4136.368778375,34.012196,260945.875986,32610.732604457517,69.2330178,60.027392,10.07123542496979,0.24175794134560635,47,64,,True,True,,322,87.6246207195492
184,2026-09-18T06:50:25.666+00:00,2026-09-18T06:54:47.864+00:00,2026-09-18T06:54:52.114+00:00,True,72,72.0,,72.0,262198.629336,266447.872728,266447.872691,3700.6648984861113,34.568635,262198.629336,30893.353332632527,78.45504765000001,59.84849847887324,10.449057658658266,0.27022171077154855,47,64,,True,True,,368,87.6246207195492
185,2026-09-18T06:50:26.185+00:00,2026-09-18T06:54:49.925+00:00,2026-09-18T06:54:52.109+00:00,True,37,37.0,,37.0,263739.884827,265923.60937099997,265923.609418,7187.124578864864,37.019031000000005,263739.884827,43348.59953899501,91.6244976,60.65901511111111,12.817301026534306,0.13913770231803643,47,64,,True,True,,161,87.6246207195492
186,2026-09-18T06:50:26.655+00:00,2026-09-18T06:54:51.730+00:00,2026-09-18T06:54:54.942+00:00,True,55,55.0,,55.0,265074.728554,268287.55952999997,268287.55951899994,4877.955627618181,36.286962,265074.728554,35734.64765521534,67.8673281,59.49686992592593,8.969243834085534,0.20500391481569943,47,64,,True,True,,200,87.6246207195492
187,2026-09-18T06:50:27.124+00:00,2026-09-18T06:54:53.277+00:00,2026-09-18T06:54:58.430+00:00,True,83,83.0,,83.0,266153.733311,271306.209471,271306.20937,3268.7495104819277,32.799739,266153.733311,29207.27303943655,94.7862353,62.83507512195122,12.169733623457422,0.30592738795708213,47,64,,True,True,,366,87.6246207195492
188,2026-09-18T06:50:27.558+00:00,2026-09-18T06:54:54.995+00:00,2026-09-18T06:54:54.995+00:00,True,1,1.0,,1.0,267437.848916,267437.848916,267437.848916,267437.848916,267437.848916,267437.848916,nan,267437.848916,nan,nan,0.003739186521478834,47,64,,True,True,,2,87.6246207195492
189,2026-09-18T06:50:27.983+00:00,2026-09-18T06:54:56.700+00:00,2026-09-18T06:55:00.939+00:00,True,67,67.0,,67.0,268717.112748,272955.246508,272955.24631,4073.958900149254,33.085839,268717.112748,32821.17801959663,97.3521436,64.21414787878787,13.34658099894802,0.24546148446366758,47,64,,True,True,,285,87.6246207195492
190,2026-09-18T06:50:28.598+00:00,2026-09-18T06:54:59.228+00:00,2026-09-18T06:54:59.891+00:00,True,11,11.0,,11.0,270630.472683,271293.766635,271293.76663800003,24663.06969436364,57.318572,270630.472683,81578.15922660753,135361.60310950002,66.32939520000001,10.337297086939815,0.04054645315459627,47,64,,True,True,,47,87.6246207195492
191,2026-09-18T06:50:28.954+00:00,2026-09-18T06:55:00.618+00:00,2026-09-18T06:55:01.185+00:00,True,10,10.0,,10.0,271664.027782,272231.772806,272231.772738,27223.177273800004,54.715197999999994,271664.027782,85887.76021932239,149446.55588965002,63.082780444444445,5.031956826077284,0.036733405130951705,47,64,,True,True,,54,87.6246207195492
192,2026-09-18T06:50:29.518+00:00,2026-09-18T06:55:02.622+00:00,2026-09-18T06:55:08.861+00:00,True,99,99.0,,99.0,273103.124455,279342.64522299997,279342.645239,2821.64288120202,35.327563999999995,273103.124455,27441.500651921433,92.66429880000001,63.66857926530612,12.528194526078547,0.35440346002654927,47,64,,True,True,,493,87.6246207195492
193,2026-09-18T06:50:30.086+00:00,2026-09-18T06:55:04.472+00:00,2026-09-18T06:55:08.194+00:00,True,60,60.0,,60.0,274385.576981,278107.649813,278107.64984800003,4635.127497466667,36.660931,274385.576981,35414.88328119481,93.98682884999998,63.08598020338983,11.934216987593658,0.21574379575802421,47,64,,True,True,,344,87.6246207195492
194,2026-09-18T06:50:30.639+00:00,2026-09-18T06:55:07.014+00:00,2026-09-18T06:55:09.703+00:00,True,44,44.0,,44.0,276374.637693,279063.917949,279063.917917,6342.361770840909,34.858294,276374.637693,41655.61775459058,93.8134788,62.54140130232558,12.785373157871712,0.15766997153691925,47,64,,True,True,,137,87.6246207195492
195,2026-09-18T06:50:31.194+00:00,2026-09-18T06:55:09.084+00:00,2026-09-18T06:55:09.826+00:00,True,14,14.0,,14.0,277890.70412999997,278631.96006599994,278631.959951,19902.282853642853,35.109024,277890.70412999997,74254.17636659401,97305.21947575,57.01968738461538,11.450736398459835,0.0502454922855361,47,64,,True,True,,62,87.6246207195492
196,2026-09-18T06:50:31.617+00:00,2026-09-18T06:55:10.697+00:00,2026-09-18T06:55:14.460+00:00,True,61,61.0,,61.0,279080.05470599997,282843.160498,282843.16039699997,4636.773121262295,34.055046000000004,279080.05470599997,35724.510925932365,87.13309699999999,62.71842986666667,11.249642829809519,0.21566722664461013,47,64,,True,True,,320,87.6246207195492
198,2026-09-18T06:50:32.696+00:00,2026-09-18T06:55:14.018+00:00,2026-09-18T06:55:16.961+00:00,True,48,48.0,,48.0,281321.563108,284264.601316,284264.601378,5922.179195375,37.08667,281321.563108,40596.23338330132,88.69954234999999,62.617834212765956,10.937441801684143,0.16885676154464715,47,64,,True,True,,224,87.6246207195492
197,2026-09-18T06:50:32.134+00:00,2026-09-18T06:55:16.094+00:00,2026-09-18T06:55:19.581+00:00,True,58,58.0,,58.0,283959.84813700005,287447.45748100005,287447.45727400004,4955.990642655173,38.622738,283959.84813700005,37277.721965355646,78.54781175000001,61.18612884210526,10.169999629961694,0.20177600632920445,47,64,,True,True,,396,87.6246207195492
199,2026-09-18T06:50:33.278+00:00,2026-09-18T06:55:16.699+00:00,2026-09-18T06:55:20.586+00:00,True,64,64.0,,64.0,283421.491661,287308.204237,287308.204139,4489.190689671875,34.963204,283421.491661,35419.97647839817,89.8762066,61.69385041269841,11.229633648158458,0.22275730054407536,47,64,,True,True,,253,87.6246207195492
201,2026-09-18T06:50:34.776+00:00,2026-09-18T06:55:19.069+00:00,2026-09-18T06:55:22.907+00:00,True,63,63.0,,63.0,284293.769939,288131.293651,288131.293499,4573.512595222222,32.19751,284293.769939,35809.8514826924,72.58103200000001,61.895543741935484,9.638845736195238,0.2186503215312286,47,64,,True,True,,300,87.6246207195492
200,2026-09-18T06:50:34.725+00:00,2026-09-18T06:55:20.840+00:00,2026-09-18T06:55:26.279+00:00,True,90,90.0,,90.0,286115.441883,291553.731547,291553.731739,3239.4859082111116,36.849471,286115.441883,30152.776293599407,73.14678239999999,61.104378247191015,9.850608592819652,0.30869095560003673,47,64,,True,True,,366,87.6246207195492
202,2026-09-18T06:50:34.954+00:00,2026-09-18T06:55:22.778+00:00,2026-09-18T06:55:26.110+00:00,True,55,55.0,,55.0,287823.652031,291155.556799,291155.556769,5293.7373958,38.246398,287823.652031,38801.81460964877,88.26289939999998,61.70194014814815,9.638269494651404,0.18890245683330506,47,64,,True,True,,276,87.6246207195492
203,2026-09-18T06:50:35.519+00:00,2026-09-18T06:55:25.286+00:00,2026-09-18T06:55:28.124+00:00,True,46,46.0,,46.0,289767.640115,292604.930355,292604.930402,6360.976747869566,33.605966,289767.640115,42714.61294087862,95.59394074999999,63.050894222222226,11.820737340826312,0.15720856085436072,47,64,,True,True,,237,87.6246207195492
204,2026-09-18T06:50:35.982+00:00,2026-09-18T06:55:26.924+00:00,2026-09-18T06:55:27.486+00:00,True,10,10.0,,10.0,290942.64101599995,291504.578168,291504.578122,29150.457812199995,59.265769,290942.64101599995,91984.39697091887,160048.12805044997,62.43746133333334,2.0691878551199743,0.03430477854874992,47,64,,True,True,,28,87.6246207195492
205,2026-09-18T06:50:36.579+00:00,2026-09-18T06:55:29.219+00:00,2026-09-18T06:55:30.132+00:00,True,17,17.0,,17.0,292640.03158300003,293552.813663,293552.81361,17267.81256529412,36.858841,292640.03158300003,70961.79727036956,58582.3310302,57.04888,10.181000580360733,0.057911214639271284,47,64,,True,True,,90,87.6246207195492
206,2026-09-18T06:50:37.156+00:00,2026-09-18T06:55:31.390+00:00,2026-09-18T06:55:37.177+00:00,False,93,92.0,,92.0,294233.297575,300020.33808699995,300020.338039,3226.025140204301,0.02162,294233.297575,30504.051371848313,88.5695694,62.90261426086956,12.198042517609776,0.3066458780315147,47,64,,True,False,Request timeout: 300.0s exceeded,211,87.6246207195492
207,2026-09-18T06:50:37.733+00:00,2026-09-18T06:55:33.383+00:00,2026-09-18T06:55:37.810+00:00,False,71,70.0,,70.0,295649.290051,300076.631619,300076.631536,4226.431430084507,0.02278,295649.290051,35079.61200391457,94.798647,63.24773668571428,13.759913428187573,0.2332737461838658,47,64,,True,False,Request timeout: 300.0s exceeded,322,87.6246207195492
208,2026-09-18T06:50:38.189+00:00,2026-09-18T06:55:35.278+00:00,2026-09-18T06:55:38.213+00:00,False,47,46.0,,46.0,297088.404197,300023.441125,300023.44092200004,6383.477466425533,0.02234,297088.404197,43325.49331333953,95.5934239,63.80515060869565,15.459329079088459,0.15332135324997764,47,64,,True,False,Request timeout: 300.0s exceeded,191,87.6246207195492
209,2026-09-18T06:50:38.790+00:00,2026-09-18T06:55:37.563+00:00,2026-09-18T06:55:37.747+00:00,True,4,4.0,,4.0,298772.27814999997,298956.765318,298956.76524399995,74739.19131099999,59.501599,298772.27814999997,149355.39124488024,253966.1613937,61.495722666666666,2.9086657175312074,0.013379861117192662,47,64,,True,True,,13,87.6246207195492
210,2026-09-18T06:50:39.222+00:00,2026-09-18T06:55:39.266+00:00,2026-09-18T06:55:39.266+00:00,False,1,0.0,,0.0,300044.037381,300044.037381,300044.037381,300044.037381,300044.037381,300044.037381,nan,300044.037381,nan,nan,0.0,47,64,,True,False,TTFT timeout: 300.0s exceeded (TTFT: 300.036s),0,87.6246207195492
211,2026-09-18T06:50:39.668+00:00,2026-09-18T06:55:39.767+00:00,2026-09-18T06:55:39.767+00:00,False,1,0.0,,0.0,300099.560964,300099.560964,300099.560964,300099.560964,300099.560964,300099.560964,nan,300099.560964,nan,nan,0.0,47,64,,True,False,"HTTPConnectionPool(host='gpu03', port=9002): Read timed out.",0,87.6246207195492
212,2026-09-18T06:50:40.160+00:00,2026-09-18T06:55:40.157+00:00,2026-09-18T06:55:40.227+00:00,False,3,2.0,,2.0,299996.731895,300066.462455,300066.462524,100022.15417466666,0.02225,299996.731895,173183.0679219489,270004.0295434,34.86528,49.275454467474255,0.00666519005035404,47,64,,True,False,Request timeout: 300.0s exceeded,6,87.6246207195492
213,2026-09-18T06:50:40.757+00:00,2026-09-18T06:55:40.833+00:00,2026-09-18T06:55:40.833+00:00,False,1,0.0,,0.0,300075.133282,300075.133282,300075.133282,300075.133282,300075.133282,300075.133282,nan,300075.133282,nan,nan,0.0,47,64,,True,False,"HTTPConnectionPool(host='gpu03', port=9002): Read timed out.",0,87.6246207195492
214,2026-09-18T06:50:41.198+00:00,2026-09-18T06:55:41.248+00:00,2026-09-18T06:55:41.248+00:00,False,1,0.0,,0.0,300050.038847,300050.038847,300050.038847,300050.038847,300050.038847,300050.038847,nan,300050.038847,nan,nan,0.0,47,64,,True,False,"HTTPConnectionPool(host='gpu03', port=9002): Read timed out.",0,87.6246207195492
215,2026-09-18T06:50:41.752+00:00,2026-09-18T06:55:41.682+00:00,2026-09-18T06:55:41.835+00:00,False,4,3.0,,3.0,299930.227448,300082.71000799997,300082.710022,75020.6775055,0.03427,299930.227448,149939.70471717013,254954.27017114998,50.82752,46.25076431914906,0.009997243759628877,47,64,,True,False,Request timeout: 300.0s exceeded,9,87.6246207195492
216,2026-09-18T06:50:42.367+00:00,2026-09-18T06:55:42.478+00:00,2026-09-18T06:55:42.478+00:00,False,1,0.0,,0.0,300110.567843,300110.567843,300110.567843,300110.567843,300110.567843,300110.567843,nan,300110.567843,nan,nan,0.0,47,64,,True,False,"HTTPConnectionPool(host='gpu03', port=9002): Read timed out.",0,87.6246207195492
217,2026-09-18T06:50:42.819+00:00,2026-09-18T06:55:42.747+00:00,2026-09-18T06:55:42.891+00:00,False,4,3.0,,3.0,299928.308483,300072.18790699996,300072.18785299995,75018.04696324999,0.0349,299928.308483,149940.17817975362,254950.04496034997,47.959808,41.524272278929296,0.009997594315304479,47,64,,True,False,Request timeout: 300.0s exceeded,6,87.6246207195492
218,2026-09-18T06:50:43.201+00:00,2026-09-18T06:55:43.052+00:00,2026-09-18T06:55:43.269+00:00,False,5,4.0,,4.0,299850.222771,300067.797427,300067.797433,60013.5594866,0.04944,299850.222771,134072.77488291473,239898.59160840002,54.393664,38.90145811131437,0.013330320795163345,47,64,,True,False,Request timeout: 300.0s exceeded,12,87.6246207195492
219,2026-09-18T06:50:43.834+00:00,2026-09-18T06:55:43.910+00:00,2026-09-18T06:55:43.910+00:00,False,1,0.0,,0.0,300075.24436199997,300075.24436199997,300075.24436199997,300075.24436199997,300075.24436199997,300075.24436199997,nan,300075.24436199997,nan,nan,0.0,47,64,,True,False,"HTTPConnectionPool(host='gpu03', port=9002): Read timed out.",0,87.6246207195492
220,2026-09-18T06:50:44.294+00:00,2026-09-18T06:55:44.254+00:00,2026-09-18T06:55:44.356+00:00,False,3,2.0,,2.0,299960.389936,300062.01656,300062.01657599997,100020.672192,0.037579999999999995,299960.389936,173152.88223659046,269974.50984839996,50.813312,71.80765529471631,0.006665288805722875,47,64,,True,False,Request timeout: 300.0s exceeded,8,87.6246207195492
221,2026-09-18T06:50:44.769+00:00,2026-09-18T06:55:44.568+00:00,2026-09-18T06:55:45.817+00:00,False,22,21.0,,21.0,299798.935077,301047.506469,301047.506645,13683.977574772727,0.023649999999999997,299798.935077,63904.6744222346,91.94006429999999,59.455780571428576,19.098477093902552,0.06975643228641872,47,64,,True,False,Request timeout: 300.0s exceeded,121,87.6246207195492
222,2026-09-18T06:50:45.380+00:00,2026-09-18T06:55:45.691+00:00,2026-09-18T06:55:45.908+00:00,False,6,5.0,,5.0,300310.953991,300528.701447,300528.701452,50088.11690866667,0.03558,300310.953991,122583.65675637995,225249.19032075,43.549491200000006,25.893014536238827,0.016637346036920134,47,64,,True,False,Request timeout: 300.0s exceeded,20,87.6246207195492
223,2026-09-18T06:50:45.935+00:00,2026-09-18T06:55:45.990+00:00,2026-09-18T06:55:45.990+00:00,False,1,0.0,,0.0,300054.356439,300054.356439,300054.356439,300054.356439,300054.356439,300054.356439,nan,300054.356439,nan,nan,0.0,47,64,,True,False,"HTTPConnectionPool(host='gpu03', port=9002): Read timed out.",0,87.6246207195492
224,2026-09-18T06:50:46.490+00:00,2026-09-18T06:55:46.712+00:00,2026-09-18T06:55:46.712+00:00,False,1,0.0,,0.0,300222.886708,300222.886708,300222.886708,300222.886708,300222.886708,300222.886708,nan,300222.886708,nan,nan,0.0,47,64,,True,False,"HTTPConnectionPool(host='gpu03', port=9002): Read timed out.",0,87.6246207195492
225,2026-09-18T06:50:46.894+00:00,2026-09-18T06:55:47.002+00:00,2026-09-18T06:55:47.002+00:00,False,1,0.0,,0.0,300107.724134,300107.724134,300107.724134,300107.724134,300107.724134,300107.724134,nan,300107.724134,nan,nan,0.0,47,64,,True,False,"HTTPConnectionPool(host='gpu03', port=9002): Read timed out.",0,87.6246207195492
226,2026-09-18T06:50:47.394+00:00,2026-09-18T06:55:47.291+00:00,2026-09-18T06:55:47.409+00:00,False,4,3.0,,3.0,299897.075997,300014.52111699997,300014.521317,75003.63032925,0.034390000000000004,299897.075997,149928.96632966495,254921.35358429997,39.14837333333334,33.87449980769401,0.00999951598619474,47,64,,True,False,Request timeout: 300.0s exceeded,11,87.6246207195492
227,2026-09-18T06:50:47.749+00:00,2026-09-18T06:55:47.349+00:00,2026-09-18T06:55:47.795+00:00,False,10,9.0,,9.0,299599.759184,300046.26747200004,300046.26745700004,30004.626745700003,0.019940000000000003,299599.759184,94726.07596152536,164808.90100625,49.612032,21.242071732417813,0.02999537396624962,47,64,,True,False,Request timeout: 300.0s exceeded,39,87.6246207195492
228,2026-09-18T06:50:48.168+00:00,2026-09-18T06:55:48.191+00:00,2026-09-18T06:55:48.191+00:00,False,1,0.0,,0.0,300023.47597,300023.47597,300023.47597,300023.47597,300023.47597,300023.47597,nan,300023.47597,nan,nan,0.0,47,64,,True,False,"HTTPConnectionPool(host='gpu03', port=9002): Read timed out.",0,87.6246207195492
229,2026-09-18T06:50:48.584+00:00,2026-09-18T06:55:48.557+00:00,2026-09-18T06:55:48.656+00:00,False,3,2.0,,2.0,299972.600275,300071.67585899995,300071.675849,100023.89194966666,0.02154,299972.600275,173160.6679433457,269985.24565089995,49.537792,70.02660604797214,0.006665074250259381,47,64,,True,False,Request timeout: 300.0s exceeded,9,87.6246207195492
230,2026-09-18T06:50:49.187+00:00,2026-09-18T06:55:49.106+00:00,2026-09-18T06:55:49.239+00:00,False,4,3.0,,3.0,299918.59295099997,300052.23186299996,300052.23182,75013.057955,0.055380000000000006,299918.59295099997,149937.02666630456,254941.41950039996,44.546304,38.73495390008523,0.009998259240976956,47,64,,True,False,Request timeout: 300.0s exceeded,6,87.6246207195492
231,2026-09-18T06:50:49.814+00:00,2026-09-18T06:55:49.904+00:00,2026-09-18T06:55:49.904+00:00,False,1,0.0,,0.0,300090.331193,300090.331193,300090.331193,300090.331193,300090.331193,300090.331193,nan,300090.331193,nan,nan,0.0,47,64,,True,False,TTFT timeout: 300.0s exceeded (TTFT: 300.082s),0,87.6246207195492
232,2026-09-18T06:50:50.393+00:00,2026-09-18T06:55:50.236+00:00,2026-09-18T06:55:50.455+00:00,False,5,4.0,,4.0,299843.140342,300061.965814,300061.965971,60012.3931942,0.0189,299843.140342,134069.46714742147,239889.1845242,54.706368,36.45983694129902,0.013330579865891725,47,64,,True,False,Request timeout: 300.0s exceeded,11,87.6246207195492
233,2026-09-18T06:50:50.991+00:00,2026-09-18T06:55:51.111+00:00,2026-09-18T06:55:51.111+00:00,False,1,0.0,,0.0,300120.64378600003,300120.64378600003,300120.64378600003,300120.64378600003,300120.64378600003,300120.64378600003,nan,300120.64378600003,nan,nan,0.0,47,64,,True,False,"HTTPConnectionPool(host='gpu03', port=9002): Read timed out.",0,87.6246207195492
234,2026-09-18T06:50:51.432+00:00,2026-09-18T06:55:51.398+00:00,2026-09-18T06:55:51.458+00:00,False,3,2.0,,2.0,299965.39907499996,300025.716003,300025.71593199996,100008.57197733333,0.02419,299965.39907499996,173167.69454865693,269974.88843419997,30.158464,42.616477173975795,0.00666609524891527,47,64,,True,False,Request timeout: 300.0s exceeded,7,87.6246207195492
235,2026-09-18T06:50:51.903+00:00,2026-09-18T06:55:51.799+00:00,2026-09-18T06:55:51.923+00:00,False,4,3.0,,3.0,299895.785425,300019.833041,300019.833272,75004.958318,0.03773,299895.785425,149927.2209244173,254920.99009675003,41.34920533333334,35.82270147959907,0.009999338942335945,47,64,,True,False,Request timeout: 300.0s exceeded,17,87.6246207195492
236,2026-09-18T06:50:52.401+00:00,2026-09-18T06:55:52.478+00:00,2026-09-18T06:55:52.478+00:00,False,1,0.0,,0.0,300076.66044199996,300076.66044199996,300076.66044199996,300076.66044199996,300076.66044199996,300076.66044199996,nan,300076.66044199996,nan,nan,0.0,47,64,,True,False,"HTTPConnectionPool(host='gpu03', port=9002): Read timed out.",0,87.6246207195492
237,2026-09-18T06:50:52.910+00:00,2026-09-18T06:55:52.817+00:00,2026-09-18T06:55:52.926+00:00,False,4,3.0,,3.0,299906.830028,300016.261324,300016.261393,75004.06534825,0.02121,299906.830028,149935.17929226955,254931.5224712,36.47709866666666,35.73571281603642,0.009999457985246258,47,64,,True,False,Request timeout: 300.0s exceeded,9,87.6246207195492
0,2026-09-18T06:48:53.185+00:00,2026-09-18T06:48:53.416+00:00,2026-09-18T06:48:57.319+00:00,True,69,69.0,,69.0,231.10715100000002,4134.895439,4134.895337,59.926019376811595,12.685756,231.10715100000002,24.052823516209497,68.84773639999999,57.40865129411765,11.97429903651974,16.68724179799024,48,64,,False,True,,278,87.6246207195492
1,2026-09-18T06:48:53.634+00:00,2026-09-18T06:48:53.851+00:00,2026-09-18T06:48:55.794+00:00,True,35,35.0,,35.0,217.095917,2160.236013,2160.236096,61.72103131428571,17.939897000000002,217.095917,29.236932722522447,73.80261960000001,57.15117929411765,11.297278081573927,16.201933394950768,48,64,,False,True,,113,87.6246207195492
2,2026-09-18T06:48:54.096+00:00,2026-09-18T06:48:55.605+00:00,2026-09-18T06:48:57.379+00:00,True,30,30.0,,30.0,1508.6696869999998,3282.8054949999996,3282.80543,109.42684766666666,38.950277,1508.6696869999998,264.36414157822844,73.0370595,61.177096827586205,6.994716245486477,9.138524973743534,48,64,,False,True,,135,87.6246207195492
3,2026-09-18T06:48:54.596+00:00,2026-09-18T06:48:57.696+00:00,2026-09-18T06:49:01.191+00:00,True,59,59.0,,59.0,3100.210599,6595.2997510000005,6595.299735,111.78474127118645,12.076457,3100.210599,395.96827161983856,71.79712559999999,60.260157793103446,12.707300222840578,8.945764745727324,48,64,,False,True,,295,87.6246207195492
4,2026-09-18T06:48:55.185+00:00,2026-09-18T06:48:59.574+00:00,2026-09-18T06:49:03.511+00:00,True,67,67.0,,67.0,4389.089154,8326.421634,8326.421748,124.27495146268657,0.0,4389.089154,529.1474752977493,70.588587,59.656552727272725,15.481841984510892,8.046673942911212,48,64,,False,True,,297,87.6246207195492
5,2026-09-18T06:48:55.783+00:00,2026-09-18T06:49:01.916+00:00,2026-09-18T06:49:03.137+00:00,True,22,22.0,,22.0,6132.419225,7353.789337,7353.789295,334.2631497727273,0.0,6132.419225,1295.2015479100319,118.7855752,58.16048152380952,21.19880243704522,2.9916549131083707,48,64,,False,True,,68,87.6246207195492
6,2026-09-18T06:48:56.250+00:00,2026-09-18T06:49:03.734+00:00,2026-09-18T06:49:05.361+00:00,True,28,28.0,,28.0,7484.215952,9111.006352,9111.006319,325.39308282142855,11.661007999999999,7484.215952,1403.1667049783111,122.9795501,60.251496296296295,22.211511401605208,3.073206067280766,48,64,,False,True,,132,87.6246207195492
7,2026-09-18T06:48:56.770+00:00,2026-09-18T06:49:05.488+00:00,2026-09-18T06:49:08.221+00:00,True,43,43.0,,43.0,8718.187009,11450.615808999999,11450.615791999999,266.2933905116279,0.01822,8718.187009,1320.4820848600248,175.00865529999996,65.05782857142857,49.12306366446166,3.75525654840351,48,64,,False,True,,183,87.6246207195492
8,2026-09-18T06:48:57.143+00:00,2026-09-18T06:49:06.921+00:00,2026-09-18T06:49:09.728+00:00,True,48,48.0,,48.0,9777.276281999999,12584.970362,12584.970484,262.1868850833333,0.0,9777.276281999999,1403.5097560419917,145.21704714999998,59.73817191489362,50.90892331551004,3.814073344577337,48,64,,False,True,,201,87.6246207195492
9,2026-09-18T06:48:57.597+00:00,2026-09-18T06:49:08.650+00:00,2026-09-18T06:49:09.377+00:00,True,14,14.0,,14.0,11053.043141,11779.617477,11779.617641,841.4012600714286,38.672008,11053.043141,2939.125601176195,3911.02444355,55.89033353846153,9.059287295813586,1.1884936015397234,48,64,,False,True,,67,87.6246207195492
10,2026-09-18T06:48:58.258+00:00,2026-09-18T06:49:11.031+00:00,2026-09-18T06:49:16.534+00:00,True,93,93.0,,93.0,12773.052514,18276.11965,18276.119868,196.51741793548388,0.0,12773.052514,1318.4691860079129,67.7717662,59.81594713043478,21.160218876571932,5.08860752616051,48,64,,False,True,,324,87.6246207195492
11,2026-09-18T06:48:58.842+00:00,2026-09-18T06:49:13.351+00:00,2026-09-18T06:49:13.477+00:00,True,3,3.0,,3.0,14509.025079,14635.235383,14635.235413999999,4878.411804666666,55.713356,14509.025079,8340.359025168,13065.172268999999,63.105152,10.453685633725936,0.2049847454783502,48,64,,False,True,,5,87.6246207195492
12,2026-09-18T06:48:59.327+00:00,2026-09-18T06:49:14.910+00:00,2026-09-18T06:49:15.322+00:00,True,8,8.0,,8.0,15582.765923,15995.535203000001,15995.535356,1999.4419195,39.791025999999995,15582.765923,5488.498761723301,10152.968885650002,58.96704,9.494736079399503,0.5001395638515166,48,64,,False,True,,23,87.6246207195492
13,2026-09-18T06:48:59.930+00:00,2026-09-18T06:49:17.305+00:00,2026-09-18T06:49:21.575+00:00,True,68,68.0,,68.0,17375.055991999998,21645.125495999997,21645.125728,318.3106724705882,0.0,17375.055991999998,2099.959645504351,92.96770565000001,63.73238065671642,52.77260616030179,3.141584926941927,48,64,,False,True,,230,87.6246207195492
14,2026-09-18T06:49:00.481+00:00,2026-09-18T06:49:19.375+00:00,2026-09-18T06:49:21.605+00:00,True,33,33.0,,33.0,18893.74375,21123.897478000003,21123.897656,640.1181107878788,0.0,18893.74375,3277.7954593091545,351.58005640000005,69.692304,80.1189480663659,1.5622117099540296,48,64,,False,True,,141,87.6246207195492
15,2026-09-18T06:49:01.082+00:00,2026-09-18T06:49:21.631+00:00,2026-09-18T06:49:22.347+00:00,True,15,15.0,,15.0,20548.868806000002,21265.383366000002,21265.383294000003,1417.6922196,0.02505,20548.868806000002,5292.535370738873,6225.150959800001,51.17961142857143,24.98831850282485,0.7053717180562395,48,64,,False,True,,48,87.6246207195492
16,2026-09-18T06:49:01.741+00:00,2026-09-18T06:49:24.133+00:00,2026-09-18T06:49:29.311+00:00,True,90,90.0,,90.0,22391.428871,27569.730567,27569.730579,306.33033976666667,0.0,22391.428871,2354.491496110887,68.4266815,58.18316512359551,41.44495608450964,3.2644497479321344,48,64,,False,True,,341,87.6246207195492
17,2026-09-18T06:49:02.156+00:00,2026-09-18T06:49:25.513+00:00,2026-09-18T06:49:28.577+00:00,True,53,53.0,,53.0,23357.144816,26421.765104,26421.765202,498.52387173584907,0.0,23357.144816,3200.694951867028,78.7680702,58.93500553846154,53.57025871337218,2.005922003748959,48,64,,False,True,,272,87.6246207195492
18,2026-09-18T06:49:02.543+00:00,2026-09-18T06:49:27.146+00:00,2026-09-18T06:49:31.606+00:00,True,75,75.0,,75.0,24602.385402,29062.557178,29062.557265,387.5007635333333,0.0,24602.385402,2834.2247152742816,69.5062687,60.27259156756757,44.563353892111245,2.580640084100173,48,64,,False,True,,343,87.6246207195492
19,2026-09-18T06:49:03.115+00:00,2026-09-18T06:49:29.561+00:00,2026-09-18T06:49:30.900+00:00,True,22,22.0,,22.0,26445.137689,27784.718105,27784.71807,1262.9417304545454,54.778368,26445.137689,5624.52818237087,95.22202565000002,63.78954361904762,8.31886343474991,0.7918021668192123,48,64,,False,True,,123,87.6246207195492
20,2026-09-18T06:49:03.736+00:00,2026-09-18T06:49:31.911+00:00,2026-09-18T06:49:35.475+00:00,True,61,61.0,,61.0,28174.587975000002,31738.830663,31738.830588,520.3086981639344,0.0,28174.587975000002,3600.9311961163594,77.02102599999999,59.404044799999994,91.7975287012671,1.92193596064368,48,64,,False,True,,263,87.6246207195492
21,2026-09-18T06:49:04.396+00:00,2026-09-18T06:49:34.370+00:00,2026-09-18T06:49:37.952+00:00,True,58,58.0,,58.0,29974.65503,33556.345654000004,33556.345724,578.5576848965518,0.01731,29974.65503,3928.154438172792,98.06114245,62.83667761403508,65.72690550868208,1.7284361234694292,48,64,,False,True,,287,87.6246207195492
22,2026-09-18T06:49:05.033+00:00,2026-09-18T06:49:36.654+00:00,2026-09-18T06:49:42.701+00:00,True,100,100.0,,100.0,31620.655034000003,37668.508858,37668.508867000004,376.68508867,0.0,31620.655034000003,3156.337552452565,98.61983564999998,61.089432565656566,49.28969918930545,2.6547374194442552,48,64,,False,True,,492,87.6246207195492
23,2026-09-18T06:49:05.620+00:00,2026-09-18T06:49:38.987+00:00,2026-09-18T06:49:39.813+00:00,True,18,18.0,,18.0,33366.72986,34193.22586,34193.225835,1899.6236575,0.0,33366.72986,7853.182555414685,5063.24208905,48.617411764705885,21.669817963695426,0.5264200597422077,48,64,,False,True,,70,87.6246207195492
24,2026-09-18T06:49:06.026+00:00,2026-09-18T06:49:40.199+00:00,2026-09-18T06:49:41.128+00:00,True,17,17.0,,17.0,34173.284318000005,35102.593246000004,35102.59338300001,2064.858434294118,39.916367,34173.284318000005,8274.157138018023,6889.823057200002,58.081808,9.558554393221545,0.48429470383750567,48,64,,False,True,,92,87.6246207195492
25,2026-09-18T06:49:06.406+00:00,2026-09-18T06:49:41.936+00:00,2026-09-18T06:49:47.482+00:00,True,91,91.0,,91.0,35530.40403,41076.76947,41076.769497999994,451.3930714065934,0.0,35530.40403,3718.628841690984,93.44152249999999,61.62628266666666,60.744304710203345,2.215364089585013,48,64,,False,True,,470,87.6246207195492
26,2026-09-18T06:49:06.912+00:00,2026-09-18T06:49:43.918+00:00,2026-09-18T06:49:44.466+00:00,True,10,10.0,,10.0,37005.943984,37554.398896,37554.398971999995,3755.4398972,41.022104,37005.943984,11683.045266535213,20395.6078129,60.93943466666666,15.394103242247013,0.26628039041959267,48,64,,False,True,,41,87.6246207195492
27,2026-09-18T06:49:07.487+00:00,2026-09-18T06:49:45.987+00:00,2026-09-18T06:49:51.517+00:00,True,89,89.0,,89.0,38500.310833999996,44030.001458,44030.001513999996,494.71911813483143,0.01645,38500.310833999996,4074.9733623200436,87.95473620000001,62.837393454545456,70.8708879052393,2.021349013238091,48,64,,False,True,,178,87.6246207195492
28,2026-09-18T06:49:08.067+00:00,2026-09-18T06:49:48.814+00:00,2026-09-18T06:49:52.758+00:00,True,70,70.0,,70.0,40746.292799,44690.703423,44690.703593000006,638.4386227571429,0.0,40746.292799,4863.889181397087,83.8310304,57.165371362318844,77.48343212377854,1.5663212847076067,48,64,,False,True,,343,87.6246207195492
29,2026-09-18T06:49:08.454+00:00,2026-09-18T06:49:49.888+00:00,2026-09-18T06:49:50.295+00:00,True,7,7.0,,7.0,41434.675894,41840.827318,41840.827195,5977.261027857143,59.120591,41434.675894,15635.254742734698,29032.291274200004,67.691904,12.894877803950033,0.1673007071967859,48,64,,False,True,,21,87.6246207195492
30,2026-09-18T06:49:09.000+00:00,2026-09-18T06:49:52.456+00:00,2026-09-18T06:49:56.071+00:00,True,64,64.0,,64.0,43455.393964,47070.889132000004,47070.889204,735.4826438125,0.0,43455.393964,5424.789410241642,91.44040605,57.388812190476195,20.673206832909067,1.3596513934658427,48,64,,False,True,,307,87.6246207195492
31,2026-09-18T06:49:09.479+00:00,2026-09-18T06:49:54.229+00:00,2026-09-18T06:49:59.918+00:00,True,91,91.0,,91.0,44750.073342,50439.49567800001,50439.495686,554.2801723736264,37.455601,44750.073342,4684.473819808973,93.34004799999998,63.21580373333333,13.168755647605142,1.8041417499677956,48,64,,False,True,,453,87.6246207195492
32,2026-09-18T06:49:10.056+00:00,2026-09-18T06:49:56.446+00:00,2026-09-18T06:50:02.790+00:00,True,86,86.0,,86.0,46389.539106,52733.683489999996,52733.683523,613.1823665465116,0.0,46389.539106,4996.092484990903,101.84874175,74.63699275294118,135.94592640158902,1.6308362000979577,48,64,,False,True,,384,87.6246207195492
33,2026-09-18T06:49:10.568+00:00,2026-09-18T06:49:58.688+00:00,2026-09-18T06:50:02.665+00:00,True,57,57.0,,57.0,48120.451559,52097.165031000004,52097.165103,913.9853526842105,0.0,48120.451559,6366.487333941225,238.01451379999997,71.01274057142857,168.24250602475138,1.094109438893318,48,64,,False,True,,122,87.6246207195492
34,2026-09-18T06:49:11.016+00:00,2026-09-18T06:50:00.795+00:00,2026-09-18T06:50:00.795+00:00,True,3,3.0,,3.0,49778.772046,49778.772046,49778.772046,16592.924015333334,0.0,49778.772046,28739.787440687116,44800.8948414,0.0,0.0,0.060266653368382286,48,64,,False,True,,14,87.6246207195492
35,2026-09-18T06:49:11.682+00:00,2026-09-18T06:50:03.328+00:00,2026-09-18T06:50:07.113+00:00,True,60,60.0,,60.0,51645.719131,55430.589019,55430.589158999996,923.84315265,34.488665999999995,51645.719131,6659.168528031172,102.17919445,64.15033708474577,15.010686761524571,1.0824348263633594,48,64,,False,True,,336,87.6246207195492
36,2026-09-18T06:49:12.064+00:00,2026-09-18T06:50:05.175+00:00,2026-09-18T06:50:07.528+00:00,True,37,37.0,,37.0,53110.688214,55463.442134000004,55463.442113000005,1499.011949,35.134635,53110.688214,8720.612806980393,104.70009060000001,65.35427555555555,15.634786208184488,0.6671060896402315,48,64,,False,True,,172,87.6246207195492
37,2026-09-18T06:49:12.438+00:00,2026-09-18T06:50:06.450+00:00,2026-09-18T06:50:08.657+00:00,True,36,36.0,,36.0,54012.653674999994,56219.23338699999,56219.233414999995,1561.6453726388888,34.835985,54012.653674999994,8991.611291464107,97.02243875,63.045134628571425,13.515987200081607,0.6403502472576326,48,64,,False,True,,108,87.6246207195492
38,2026-09-18T06:49:13.035+00:00,2026-09-18T06:50:08.695+00:00,2026-09-18T06:50:09.017+00:00,True,6,6.0,,6.0,55660.419663,55981.968207,55981.9681,9330.328016666666,41.281023999999995,55660.419663,22697.022943650325,41768.622194250005,64.3097088,18.588808854363187,0.1071773678591343,48,64,,False,True,,33,87.6246207195492
39,2026-09-18T06:49:13.471+00:00,2026-09-18T06:50:10.410+00:00,2026-09-18T06:50:14.296+00:00,True,65,65.0,,65.0,56938.425132,60824.61367599999,60824.613811999996,935.7632894153845,33.320369,56938.425132,7054.8225885757165,91.501377,60.721696,12.97164504063459,1.0686463270649185,48,64,,False,True,,329,87.6246207195492
40,2026-09-18T06:49:14.139+00:00,2026-09-18T06:50:12.995+00:00,2026-09-18T06:50:18.533+00:00,True,89,89.0,,89.0,58855.809864,64394.713416,64394.713576,723.5361075955057,0.01654,58855.809864,6232.795623283792,93.56645540000001,62.94208581818182,98.15236890214041,1.3821010340561029,48,64,,False,True,,400,87.6246207195492
41,2026-09-18T06:49:14.797+00:00,2026-09-18T06:50:15.562+00:00,2026-09-18T06:50:18.596+00:00,True,49,49.0,,49.0,60765.138020000006,63799.303524,63799.303333,1302.026598632653,0.01622,60765.138020000006,8672.792686088516,106.58547159999998,63.211781333333334,138.8845269750326,0.7680334626469267,48,64,,False,True,,307,87.6246207195492
42,2026-09-18T06:49:15.222+00:00,2026-09-18T06:50:17.251+00:00,2026-09-18T06:50:18.329+00:00,True,21,21.0,,21.0,62028.511175,63106.630343,63106.630396,3005.077637904762,0.01809,62028.511175,13524.01016141665,128.711113,53.905958399999996,34.81160063947435,0.3327701049138554,48,64,,False,True,,96,87.6246207195492
43,2026-09-18T06:49:15.762+00:00,2026-09-18T06:50:19.031+00:00,2026-09-18T06:50:20.223+00:00,True,20,20.0,,20.0,63268.264295,64460.684647,64460.684676000004,3223.0342338,0.0,63268.264295,14134.75774149415,4068.3769191,62.75896589473684,216.9284747655236,0.3102666394178734,48,64,,False,True,,82,87.6246207195492
44,2026-09-18T06:49:16.260+00:00,2026-09-18T06:50:21.108+00:00,2026-09-18T06:50:23.106+00:00,True,31,31.0,,31.0,64847.854628,66846.528548,66846.528631,2156.3396332580646,40.799835,64847.854628,11635.06078995065,97.559715,66.622464,13.896340683747233,0.46374883892048413,48,64,,False,True,,117,87.6246207195492
45,2026-09-18T06:49:16.840+00:00,2026-09-18T06:50:23.482+00:00,2026-09-18T06:50:25.127+00:00,True,28,28.0,,28.0,66642.089396,68287.206068,68287.20610099999,2438.8287893214283,36.236463,66642.089396,12582.66045293919,85.74038805,60.930247111111115,10.336142246334674,0.41003288335032717,48,64,,False,True,,137,87.6246207195492
46,2026-09-18T06:49:17.219+00:00,2026-09-18T06:50:25.026+00:00,2026-09-18T06:50:29.066+00:00,True,65,65.0,,65.0,67807.742491,71847.229723,71847.22957899999,1105.3419935230768,36.974421,67807.742491,8402.697302675986,93.4506992,63.116988,13.48926088369163,0.9046973731708401,48,64,,False,True,,230,87.6246207195492
47,2026-09-18T06:49:17.627+00:00,2026-09-18T06:50:26.243+00:00,2026-09-18T06:50:27.252+00:00,True,17,17.0,,17.0,68616.045305,69625.27077700001,69625.27089300001,4095.604170176471,41.587283000000006,68616.045305,16626.543551872983,13800.461806600004,63.076592,15.112309382450567,0.2441642209830482,48,64,,False,True,,84,87.6246207195492
48,2026-09-18T06:49:18.014+00:00,2026-09-18T06:50:27.684+00:00,2026-09-18T06:50:29.524+00:00,True,31,31.0,,31.0,69669.94126600001,71509.20961800001,71509.209843,2306.7487046129036,33.541379,69669.94126600001,12502.086650969597,92.37948,61.30894506666667,13.666439251519767,0.4335105948674449,48,64,,False,True,,135,87.6246207195492
49,2026-09-18T06:49:18.480+00:00,2026-09-18T06:50:29.467+00:00,2026-09-18T06:50:32.879+00:00,True,56,56.0,,56.0,70987.35667200001,74398.81344000001,74398.81336900001,1328.550238732143,0.0,70987.35667200001,9478.786392322852,97.76706700000001,62.02648669090909,138.28877701434251,0.7527001763967917,48,64,,False,True,,299,87.6246207195492
50,2026-09-18T06:49:19.142+00:00,2026-09-18T06:50:32.239+00:00,2026-09-18T06:50:33.102+00:00,True,20,20.0,,20.0,73096.63708,73960.452248,73960.452256,3698.0226128,0.0,73096.63708,16334.763491430604,3747.495747,45.46395621052632,29.124377439813188,0.27041478779682326,48,64,,False,True,,49,87.6246207195492
51,2026-09-18T06:49:19.633+00:00,2026-09-18T06:50:34.756+00:00,2026-09-18T06:50:38.382+00:00,True,73,73.0,,73.0,75122.155739,78748.824539,78748.824408,1078.7510192876712,0.015880000000000002,75122.155739,8786.53308095753,80.74524299999999,50.3704,28.38194108562556,0.9269979638089338,48,64,,False,True,,267,87.6246207195492
52,2026-09-18T06:49:20.261+00:00,2026-09-18T06:50:36.130+00:00,2026-09-18T06:50:41.415+00:00,True,85,85.0,,85.0,75868.83892,81154.568712,81154.568577,954.759630317647,31.971411,75868.83892,8222.316860029558,96.44492,62.925354666666664,13.586968611090207,1.0473840394820728,48,64,,False,True,,339,87.6246207195492
53,2026-09-18T06:49:20.718+00:00,2026-09-18T06:50:38.192+00:00,2026-09-18T06:50:41.482+00:00,True,52,52.0,,52.0,77474.63400399999,80764.82049999999,80764.820402,1553.1696231153844,38.773578,77474.63400399999,10734.861017165107,102.57721115,64.51346070588235,13.845068641525708,0.643844679875194,48,64,,False,True,,238,87.6246207195492
54,2026-09-18T06:49:21.575+00:00,2026-09-18T06:50:40.650+00:00,2026-09-18T06:50:43.142+00:00,True,40,40.0,,40.0,79074.476197,81567.205797,81567.205843,2039.1801460749998,34.348245999999996,79074.476197,12492.674110200694,95.93496495000001,63.91614358974359,14.016670889473765,0.4903931624132107,48,64,,False,True,,155,87.6246207195492
55,2026-09-18T06:49:21.844+00:00,2026-09-18T06:50:42.226+00:00,2026-09-18T06:50:43.313+00:00,True,19,19.0,,19.0,80382.739947,81469.42820299999,81469.428196,4287.864641894736,42.619451,80382.739947,18427.217958748854,8120.9611527,60.37156977777778,10.584919029831317,0.23321631707856216,48,64,,False,True,,75,87.6246207195492
56,2026-09-18T06:49:22.405+00:00,2026-09-18T06:50:44.338+00:00,2026-09-18T06:50:44.383+00:00,True,2,2.0,,2.0,81932.633244,81977.458332,81977.45821099999,40988.729105499995,44.824966999999994,81932.633244,57903.424529170596,77838.24283015,44.825088,nan,0.024396950584881668,48,64,,False,True,,3,87.6246207195492
57,2026-09-18T06:49:22.993+00:00,2026-09-18T06:50:46.607+00:00,2026-09-18T06:50:51.647+00:00,True,84,84.0,,84.0,83614.168217,88654.504601,88654.504669,1055.4107698690475,36.317773,83614.168217,9116.433020822802,70.35000565,60.72694438554217,9.779959061024186,0.9474983857622561,48,64,,False,True,,542,87.6246207195492
58,2026-09-18T06:49:23.556+00:00,2026-09-18T06:50:48.631+00:00,2026-09-18T06:50:53.005+00:00,True,72,72.0,,72.0,85075.030837,89449.202229,89449.202162,1242.3500300277778,36.928082,85075.030837,10018.932982520795,78.89269055000001,61.608047774647886,10.105581957436709,0.8049261279678259,48,64,,False,True,,328,87.6246207195492
59,2026-09-18T06:49:24.088+00:00,2026-09-18T06:50:50.498+00:00,2026-09-18T06:50:51.404+00:00,True,16,16.0,,16.0,86409.57012100001,87315.370313,87315.37025500002,5457.210640937501,36.723792,86409.57012100001,21587.298939755517,21664.496473000003,60.38667946666667,11.933236481330798,0.1832437970845762,48,64,,False,True,,63,87.6246207195492
60,2026-09-18T06:49:24.473+00:00,2026-09-18T06:50:52.078+00:00,2026-09-18T06:50:55.930+00:00,True,62,62.0,,62.0,87605.70327099999,91456.96138299999,91456.96135399998,1475.1122799032257,36.702493000000004,87605.70327099999,11117.923045587977,93.48594825,63.135378885245906,11.45590270599635,0.6779144972940743,48,64,,False,True,,344,87.6246207195492
61,2026-09-18T06:49:25.055+00:00,2026-09-18T06:50:54.103+00:00,2026-09-18T06:50:54.334+00:00,True,4,4.0,,4.0,89047.907856,89278.657808,89278.65780900001,22319.664452250003,65.30374900000001,89047.907856,44485.49835512246,75705.57753765001,76.91665066666667,19.16643705642187,0.04480354093810729,48,64,,False,True,,23,87.6246207195492
62,2026-09-18T06:49:25.627+00:00,2026-09-18T06:50:56.309+00:00,2026-09-18T06:50:59.598+00:00,True,54,54.0,,54.0,90682.47261499999,93971.51863099998,93971.51877899999,1740.213310722222,33.726198,90682.47261499999,12331.87969804581,78.44492220000001,62.057472,8.93712750869612,0.5746421978348885,48,64,,False,True,,227,87.6246207195492
63,2026-09-18T06:49:26.162+00:00,2026-09-18T06:50:58.193+00:00,2026-09-18T06:51:03.296+00:00,True,83,83.0,,83.0,92030.678944,97133.637024,97133.63704,1170.2847836144579,36.902031,92030.678944,10094.852340937583,69.71150829999999,62.231196097560975,8.733173869881929,0.854492867177332,48,64,,True,True,,368,87.6246207195492
64,2026-09-18T06:49:26.590+00:00,2026-09-18T06:50:59.784+00:00,2026-09-18T06:51:05.418+00:00,True,92,92.0,,92.0,93193.692796,98827.8199,98827.81970800001,1074.2154316086958,39.923246,93193.692796,9709.66179379547,68.7884966,61.91348465934066,7.140858327247541,0.9309119647999033,48,64,,True,True,,472,87.6246207195492
65,2026-09-18T06:49:27.249+00:00,2026-09-18T06:51:02.454+00:00,2026-09-18T06:51:07.811+00:00,True,87,87.0,,87.0,95205.234318,100562.804366,100562.804433,1155.8943038275863,37.98459,95205.234318,10200.397810580538,86.8283107,62.29732613953488,9.394277836571616,0.8651310049326196,48,64,,True,True,,333,87.6246207195492
66,2026-09-18T06:49:27.907+00:00,2026-09-18T06:51:04.848+00:00,2026-09-18T06:51:05.670+00:00,True,15,15.0,,15.0,96941.16468999999,97763.658386,97763.65818799999,6517.577212533332,40.110456,96941.16468999999,25014.93310394226,29129.0743839,58.74954971428571,7.610637286426812,0.15343124682154938,48,64,,True,True,,73,87.6246207195492
67,2026-09-18T06:49:28.369+00:00,2026-09-18T06:51:06.728+00:00,2026-09-18T06:51:07.341+00:00,True,11,11.0,,11.0,98358.99212899999,98971.63980899999,98971.63991599999,8997.421810545453,36.275253,98358.99212899999,29637.88441581943,49228.2866345,61.264768,17.16493875158768,0.11114294985137466,48,64,,True,True,,49,87.6246207195492
68,2026-09-18T06:49:28.786+00:00,2026-09-18T06:51:08.316+00:00,2026-09-18T06:51:10.232+00:00,True,32,32.0,,32.0,99529.846475,101445.989323,101445.989559,3170.18717371875,37.419151,99529.846475,17583.633320925575,83.80410970000001,61.81105961290322,9.967356312450592,0.3154387887934462,48,64,,True,True,,158,87.6246207195492
69,2026-09-18T06:49:29.379+00:00,2026-09-18T06:51:10.555+00:00,2026-09-18T06:51:14.521+00:00,True,64,64.0,,64.0,101176.485503,105142.037887,105142.037824,1642.844341,38.01157,101176.485503,12639.196000119964,85.72947805,62.94527593650793,9.443114986690041,0.6087003950673198,48,64,,True,True,,286,87.6246207195492
70,2026-09-18T06:49:30.017+00:00,2026-09-18T06:51:13.080+00:00,2026-09-18T06:51:15.578+00:00,True,41,41.0,,41.0,103062.48534700001,105560.66237100001,105560.66247400001,2574.6503042439026,56.856935,103062.48534700001,16085.902530074982,67.464635,62.4544256,2.7358917458572978,0.3884022615915648,48,64,,True,True,,174,87.6246207195492
71,2026-09-18T06:49:30.571+00:00,2026-09-18T06:51:15.022+00:00,2026-09-18T06:51:20.975+00:00,True,93,93.0,,93.0,104451.15435099999,110403.96177499999,110403.961734,1187.139373483871,35.147995,104451.15435099999,10824.376449095247,93.384961,64.70442852173913,11.299530088877384,0.8423610756788896,48,64,,True,True,,361,87.6246207195492
72,2026-09-18T06:49:31.061+00:00,2026-09-18T06:51:16.926+00:00,2026-09-18T06:51:21.558+00:00,True,73,73.0,,73.0,105864.938138,110496.800922,110496.800896,1513.6548067945205,36.810522,105864.938138,12383.030631036017,96.03607459999999,64.33142755555555,12.526236166911707,0.6606526106717868,48,64,,True,True,,322,87.6246207195492
73,2026-09-18T06:49:31.698+00:00,2026-09-18T06:51:19.207+00:00,2026-09-18T06:51:25.049+00:00,True,94,94.0,,94.0,107508.84765099999,113351.25225899999,113351.25222999998,1205.8643854255317,32.908659,107508.84765099999,11082.217002755802,91.6987351,62.82155492473118,11.1899021250722,0.8292806486620573,48,64,,True,True,,433,87.6246207195492
74,2026-09-18T06:49:32.078+00:00,2026-09-18T06:51:20.744+00:00,2026-09-18T06:51:26.561+00:00,True,94,94.0,,94.0,108666.169092,114483.84793999999,114483.847956,1217.9132761276596,34.235966999999995,108666.169092,11201.612225810499,87.2132033,62.55568653763441,10.423028632881541,0.8210765246925016,48,64,,True,True,,475,87.6246207195492
75,2026-09-18T06:49:32.577+00:00,2026-09-18T06:51:22.598+00:00,2026-09-18T06:51:23.536+00:00,True,16,16.0,,16.0,110020.68525,110958.79136199999,110958.791214,6934.924450875,41.353023,110020.68525,27489.538343379783,27571.21219275,62.54040746666667,11.20208539245009,0.1441976773863771,48,64,,True,True,,63,87.6246207195492
76,2026-09-18T06:49:33.168+00:00,2026-09-18T06:51:25.244+00:00,2026-09-18T06:51:27.974+00:00,True,44,44.0,,44.0,112075.455332,114805.507172,114805.50714,2609.2160713636363,37.77885,112075.455332,16886.443589168604,93.05074695000002,63.489577674418605,12.316770298615484,0.38325687577060064,48,64,,True,True,,200,87.6246207195492
77,2026-09-18T06:49:33.744+00:00,2026-09-18T06:51:27.601+00:00,2026-09-18T06:51:28.752+00:00,True,18,18.0,,18.0,113856.67672,115007.761264,115007.761429,6389.320079388889,56.599985000000004,113856.67672,26820.318632998984,17155.945663349998,67.71085552941176,11.128518056711943,0.1565111763081889,48,64,,True,True,,88,87.6246207195492
78,2026-09-18T06:49:34.268+00:00,2026-09-18T06:51:29.832+00:00,2026-09-18T06:51:34.148+00:00,True,69,69.0,,69.0,115563.689585,119879.827825,119879.827757,1737.3888080724637,35.027855,115563.689585,13904.598811838228,96.78486699999999,63.47262117647058,13.711315570055238,0.5755764022344599,48,64,,True,True,,345,87.6246207195492
79,2026-09-18T06:49:35.147+00:00,2026-09-18T06:51:31.855+00:00,2026-09-18T06:51:36.460+00:00,True,73,73.0,,73.0,116707.930932,121312.42424400001,121312.42426,1661.8140309589041,34.686016,116707.930932,13652.152061073246,94.064576,63.951296,13.793106626395575,0.6017520501706609,48,64,,True,True,,334,87.6246207195492
80,2026-09-18T06:49:35.347+00:00,2026-09-18T06:51:34.358+00:00,2026-09-18T06:51:38.840+00:00,True,73,73.0,,73.0,119011.11224799999,123493.421112,123493.42103299999,1691.6906990821917,35.867984,119011.11224799999,13921.915066383326,89.52082839999998,62.25428977777778,10.98438485486886,0.591124606822529,48,64,,True,True,,214,87.6246207195492
81,2026-09-18T06:49:35.874+00:00,2026-09-18T06:51:36.463+00:00,2026-09-18T06:51:42.277+00:00,True,95,95.0,,95.0,120588.852465,126402.793969,126402.793865,1330.5557248947368,34.365086000000005,120588.852465,12365.814080911388,90.744246,61.850441531914896,10.710485983007331,0.7515656657344024,48,64,,True,True,,498,87.6246207195492
82,2026-09-18T06:49:36.433+00:00,2026-09-18T06:51:39.023+00:00,2026-09-18T06:51:39.841+00:00,True,14,14.0,,14.0,122590.532228,123408.371076,123408.37099499999,8814.883642499999,44.762586999999996,122590.532228,32746.88566676426,42964.515451199986,62.910680615384614,9.829507846653273,0.11344449228146945,48,64,,True,True,,59,87.6246207195492
83,2026-09-18T06:49:37.029+00:00,2026-09-18T06:51:41.265+00:00,2026-09-18T06:51:42.403+00:00,True,19,19.0,,19.0,124235.3128,125374.008736,125374.008842,6598.632044315789,38.211569000000004,124235.3128,28487.025750032946,12510.210523900001,63.260885333333334,14.184319467882604,0.15154656209492584,48,64,,True,True,,82,87.6246207195492
84,2026-09-18T06:49:37.402+00:00,2026-09-18T06:51:42.884+00:00,2026-09-18T06:51:46.715+00:00,True,64,64.0,,64.0,125481.99961,129313.537274,129313.537432,2020.524022375,36.198963000000006,125481.99961,15677.650118834998,69.8693166,60.81805815873015,8.790213292296349,0.4949211145960041,48,64,,True,True,,335,87.6246207195492
85,2026-09-18T06:49:37.880+00:00,2026-09-18T06:51:44.511+00:00,2026-09-18T06:51:48.408+00:00,True,66,66.0,,66.0,126630.224353,130527.69660899999,130527.69656,1977.692372121212,36.569500999999995,126630.224353,15579.725503922931,67.97800649999999,59.96111163076923,9.88523936916415,0.5056398121979059,48,64,,True,True,,345,87.6246207195492
86,2026-09-18T06:49:38.379+00:00,2026-09-18T06:51:46.224+00:00,2026-09-18T06:51:48.527+00:00,True,39,39.0,,39.0,127844.920361,130147.730473,130147.730658,3337.1212989230767,33.805077,127844.920361,20461.870011398412,77.5383337,60.60026610526316,10.751167077694628,0.2996594704975728,48,64,,True,True,,190,87.6246207195492
87,2026-09-18T06:49:38.789+00:00,2026-09-18T06:51:47.859+00:00,2026-09-18T06:51:48.150+00:00,True,6,6.0,,6.0,129070.58271799999,129360.989374,129360.98948699998,21560.164914499997,34.209587,129070.58271799999,52669.13457697528,96819.812062,58.0813312,13.801242125879075,0.04638183450076433,48,64,,True,True,,14,87.6246207195492
88,2026-09-18T06:49:39.309+00:00,2026-09-18T06:51:49.381+00:00,2026-09-18T06:51:54.401+00:00,True,81,81.0,,81.0,130072.56239,135092.330198,135092.330443,1667.8065486790124,39.502055999999996,130072.56239,14445.538383655034,89.922992,62.747097600000004,9.902236185736156,0.5995899240266356,48,64,,True,True,,370,87.6246207195492
89,2026-09-18T06:49:39.971+00:00,2026-09-18T06:51:51.836+00:00,2026-09-18T06:51:54.335+00:00,True,40,40.0,,40.0,131864.163148,134363.057484,134363.05758999998,3359.0764397499997,41.662122000000004,131864.163148,20839.425409661868,86.30705475,64.07421374358974,8.1893201873234,0.29770087663242717,48,64,,True,True,,143,87.6246207195492
90,2026-09-18T06:49:40.477+00:00,2026-09-18T06:51:53.676+00:00,2026-09-18T06:51:57.307+00:00,True,61,61.0,,61.0,133198.028002,136829.592802,136829.592863,2243.1080797213117,37.4925,133198.028002,17046.514190523314,88.427235,60.52608,11.542213420885561,0.4458099943940517,48,64,,True,True,,329,87.6246207195492
91,2026-09-18T06:49:41.078+00:00,2026-09-18T06:51:56.149+00:00,2026-09-18T06:52:00.102+00:00,True,67,67.0,,67.0,135071.204569,139024.434905,139024.43486,2074.9915650746266,36.126063,135071.204569,16494.258606039704,70.56550429999999,59.897429333333335,8.644417672792871,0.4819296697431881,48,64,,True,True,,305,87.6246207195492
92,2026-09-18T06:49:41.473+00:00,2026-09-18T06:51:57.898+00:00,2026-09-18T06:52:00.722+00:00,True,47,47.0,,47.0,136424.872848,139248.194704,139248.194516,2962.727542893617,35.459523999999995,136424.872848,19890.662049043713,70.28057519999999,61.376562086956525,8.607868252635479,0.3375268174923771,48,64,,True,True,,240,87.6246207195492
93,2026-09-18T06:49:42.021+00:00,2026-09-18T06:51:59.851+00:00,2026-09-18T06:52:04.605+00:00,True,77,77.0,,77.0,137829.891019,142583.710667,142583.71064900002,1851.736501935065,33.481497000000005,137829.891019,15700.049849230914,93.8463026,62.55025852631579,11.66820965831426,0.5400336380628443,48,64,,True,True,,353,87.6246207195492
94,2026-09-18T06:49:42.683+00:00,2026-09-18T06:52:02.224+00:00,2026-09-18T06:52:04.878+00:00,True,43,43.0,,43.0,139540.83411700002,142194.39085300002,142194.39082200002,3306.846298186047,37.035141,139540.83411700002,21270.14645023298,94.89806619999999,63.179922285714284,12.511372175302686,0.30240292702159555,48,64,,True,True,,194,87.6246207195492
95,2026-09-18T06:49:43.078+00:00,2026-09-18T06:52:03.825+00:00,2026-09-18T06:52:03.956+00:00,True,3,3.0,,3.0,140747.414801,140878.527505,140878.527576,46959.509192000005,61.052566,140747.414801,81222.70895000012,126679.67934179999,65.556352,6.369527375260429,0.021294941487044756,48,64,,True,True,,16,87.6246207195492
96,2026-09-18T06:49:43.611+00:00,2026-09-18T06:52:05.720+00:00,2026-09-18T06:52:10.491+00:00,True,78,78.0,,78.0,142109.25741299998,146880.02707699998,146880.02712199997,1883.0772707948715,35.388134,142109.25741299998,16083.693145089625,91.7998051,61.95804758441558,10.924260007253958,0.5310456537369067,48,64,,True,True,,345,87.6246207195492
97,2026-09-18T06:49:44.081+00:00,2026-09-18T06:52:07.515+00:00,2026-09-18T06:52:09.066+00:00,True,26,26.0,,26.0,143434.209345,144985.172289,144985.172365,5576.352783269231,57.115914,143434.209345,28117.596315744893,74.7806455,62.03851776,4.102574895312143,0.17932868299231322,48,64,,True,True,,118,87.6246207195492
98,2026-09-18T06:49:44.725+00:00,2026-09-18T06:52:10.247+00:00,2026-09-18T06:52:12.045+00:00,True,30,30.0,,30.0,145521.814253,147320.475373,147320.4754,4910.682513333333,39.269987,145521.814253,26557.204276759585,80.86158144999999,62.022797241379315,8.391873690946573,0.20363768121195067,48,64,,True,True,,105,87.6246207195492
99,2026-09-18T06:49:45.225+00:00,2026-09-18T06:52:12.168+00:00,2026-09-18T06:52:16.991+00:00,True,78,78.0,,78.0,146943.41025299998,151766.60385299998,151766.60406399998,1945.725693128205,34.606806,146943.41025299998,16630.976678630715,93.8529057,62.638877922077924,11.982235683874194,0.5139470609459655,48,64,,True,True,,357,87.6246207195492
100,2026-09-18T06:49:45.700+00:00,2026-09-18T06:52:14.021+00:00,2026-09-18T06:52:18.511+00:00,True,72,72.0,,72.0,148320.276048,152810.139728,152810.13982,2122.3630530555556,38.314028,148320.276048,17472.2641591672,95.3942801,63.23751661971831,12.780734622409485,0.47117292169327923,48,64,,True,True,,418,87.6246207195492
101,2026-09-18T06:49:46.136+00:00,2026-09-18T06:52:15.691+00:00,2026-09-18T06:52:17.117+00:00,True,24,24.0,,24.0,149555.573098,150981.223786,150981.22375099998,6290.884322958333,42.74441,149555.573098,30515.252960491416,98.64972075,61.98481252173913,11.391304500680432,0.15896016337778185,48,64,,True,True,,102,87.6246207195492
102,2026-09-18T06:49:46.682+00:00,2026-09-18T06:52:17.981+00:00,2026-09-18T06:52:22.316+00:00,True,69,69.0,,69.0,151298.753878,155634.36450199998,155634.36448699998,2255.570499811594,35.925273000000004,151298.753878,18206.55791441254,92.9647056,63.758979764705884,12.214706928280009,0.4433468162432296,48,64,,True,True,,291,87.6246207195492
103,2026-09-18T06:49:47.274+00:00,2026-09-18T06:52:20.187+00:00,2026-09-18T06:52:20.622+00:00,True,8,8.0,,8.0,152912.13503,153347.30175,153347.301959,19168.412744875,54.802488,152912.13503,54040.62472690093,99416.8112432,62.166674285714286,4.673581977821498,0.05216916051801348,48,64,,True,True,,33,87.6246207195492
104,2026-09-18T06:49:47.843+00:00,2026-09-18T06:52:22.258+00:00,2026-09-18T06:52:27.559+00:00,True,84,84.0,,84.0,154415.049417,159715.719113,159715.719167,1901.3776091309524,39.711805999999996,154415.049417,16841.098411671657,92.63404849999999,63.86349031325302,10.667135854748771,0.5259344569620564,48,64,,True,True,,388,87.6246207195492
105,2026-09-18T06:49:48.763+00:00,2026-09-18T06:52:24.504+00:00,2026-09-18T06:52:25.918+00:00,True,23,23.0,,23.0,155740.30038,157154.146652,157154.146665,6832.788985434782,39.805216,155740.30038,32460.698596917362,93.0079782,64.26573963636363,9.935063081133006,0.14635312201421502,48,64,,True,True,,90,87.6246207195492
106,2026-09-18T06:49:48.921+00:00,2026-09-18T06:52:26.106+00:00,2026-09-18T06:52:29.900+00:00,True,62,62.0,,62.0,157185.15237400003,160978.78539800004,160978.78543200003,2596.4320230967746,37.60029,157185.15237400003,19954.63841683018,75.90163365000001,62.19070531147541,9.723796485283135,0.38514391723550845,48,64,,True,True,,243,87.6246207195492
107,2026-09-18T06:49:49.457+00:00,2026-09-18T06:52:28.290+00:00,2026-09-18T06:52:29.358+00:00,True,18,18.0,,18.0,158833.86122,159901.677156,159901.67727,8883.426515,45.171046000000004,158833.86122,37422.696790803406,23912.783226800002,62.812702117647056,11.868610912532445,0.11256917575942128,48,64,,True,True,,56,87.6246207195492
108,2026-09-18T06:49:50.120+00:00,2026-09-18T06:52:30.876+00:00,2026-09-18T06:52:31.507+00:00,True,11,11.0,,11.0,160756.29469299997,161386.93482099997,161386.93468799998,14671.539517090907,44.788457,160756.29469299997,48450.83319197355,80422.570004,63.0640128,11.083904249434582,0.0681591729355322,48,64,,True,True,,48,87.6246207195492
109,2026-09-18T06:49:50.716+00:00,2026-09-18T06:52:33.267+00:00,2026-09-18T06:52:38.530+00:00,True,82,82.0,,82.0,162550.860867,167813.858371,167813.85819700002,2046.5104658170733,35.127614,162550.860867,17943.570990221247,99.77265290000001,64.9752778271605,15.578079927546142,0.4886366405968439,48,64,,True,True,,324,87.6246207195492
110,2026-09-18T06:49:51.335+00:00,2026-09-18T06:52:35.873+00:00,2026-09-18T06:52:37.333+00:00,True,24,24.0,,24.0,164538.25072,165997.687008,165997.68704000002,6916.570293333334,37.399480000000004,164538.25072,33573.281643698894,103.40070384999999,63.453751652173914,17.37515877571584,0.14458032779000923,48,64,,True,True,,112,87.6246207195492
111,2026-09-18T06:49:51.939+00:00,2026-09-18T06:52:38.148+00:00,2026-09-18T06:52:38.527+00:00,True,7,7.0,,7.0,166208.763356,166588.071644,166588.071778,23798.295968285714,56.949433,166208.763356,62797.11355986193,116366.67953509999,63.218048,3.7464670245791836,0.042019815290010996,48,64,,True,True,,36,87.6246207195492
112,2026-09-18T06:49:52.387+00:00,2026-09-18T06:52:39.789+00:00,2026-09-18T06:52:45.289+00:00,True,89,89.0,,89.0,167402.13935299998,172902.491865,172902.49196099996,1942.7246287752807,34.047366000000004,167402.13935299998,17737.96933059646,87.9351526,62.50400581818182,11.142286421072354,0.5147409909481816,48,64,,True,True,,455,87.6246207195492
113,2026-09-18T06:49:52.759+00:00,2026-09-18T06:52:41.480+00:00,2026-09-18T06:52:45.714+00:00,True,69,69.0,,69.0,168720.533099,172954.621291,172954.621197,2506.588713,38.757248,168720.533099,20304.07182011567,85.26644540000001,62.26600282352941,10.060134309756355,0.39894857671311346,48,64,,True,True,,381,87.6246207195492
114,2026-09-18T06:49:53.263+00:00,2026-09-18T06:52:43.421+00:00,2026-09-18T06:52:46.854+00:00,True,56,56.0,,56.0,170158.63234900002,173591.09263700002,173591.09261100003,3099.8409394821433,36.087271,170158.63234900002,22730.067315634224,94.739443,62.40836887272727,12.328851627122832,0.3225971975250065,48,64,,True,True,,228,87.6246207195492
115,2026-09-18T06:49:53.861+00:00,2026-09-18T06:52:45.536+00:00,2026-09-18T06:52:51.100+00:00,True,90,90.0,,90.0,171674.82541100003,177238.59680300002,177238.59672100004,1969.3177413444448,35.540392999999995,171674.82541100003,18089.52985309395,88.25044969999999,62.51428530337079,11.99200694785492,0.5077900729491479,48,64,,True,True,,398,87.6246207195492
116,2026-09-18T06:49:54.359+00:00,2026-09-18T06:52:47.383+00:00,2026-09-18T06:52:52.428+00:00,True,80,80.0,,80.0,173023.47929800002,178068.32051400002,178068.32049,2225.854006125,33.302527999999995,173023.47929800002,19337.477528350715,92.01651144999998,63.85874956962025,12.646326016980494,0.449265763663505,48,64,,True,True,,366,87.6246207195492
117,2026-09-18T06:49:54.891+00:00,2026-09-18T06:52:49.369+00:00,2026-09-18T06:52:54.030+00:00,True,74,74.0,,74.0,174477.570245,179138.716869,179138.717008,2420.793473081081,35.130375,174477.570245,20275.18684455535,94.4911178,63.85132361643836,12.590420226754134,0.413087697028189,48,64,,True,True,,356,87.6246207195492
118,2026-09-18T06:49:55.325+00:00,2026-09-18T06:52:51.219+00:00,2026-09-18T06:52:56.563+00:00,True,81,81.0,,81.0,175894.010608,181237.71774400002,181237.717807,2237.502688975309,38.575058,175894.010608,19536.361647918784,97.721018,66.7963392,13.354056387101902,0.446926837350784,48,64,,True,True,,360,87.6246207195492
119,2026-09-18T06:49:55.924+00:00,2026-09-18T06:52:53.538+00:00,2026-09-18T06:52:53.719+00:00,True,4,4.0,,4.0,177614.14351199998,177795.29039199997,177795.29039399998,44448.822598499995,54.492989,177614.14351199998,88776.88071001842,150981.6626457,60.38229333333334,5.186746818089865,0.0224977837780791,48,64,,True,True,,11,87.6246207195492
120,2026-09-18T06:49:56.588+00:00,2026-09-18T06:52:56.170+00:00,2026-09-18T06:52:59.953+00:00,True,60,60.0,,60.0,179582.07868099998,183364.806105,183364.80609499998,3056.080101583333,36.973721,179582.07868099998,23175.673278806105,95.49320454999999,64.11402413559323,13.202420246522012,0.3272165541169458,48,64,,True,True,,269,87.6246207195492
121,2026-09-18T06:49:57.104+00:00,2026-09-18T06:52:57.852+00:00,2026-09-18T06:52:59.137+00:00,True,21,21.0,,21.0,180747.78677099998,182033.09083499998,182033.09101899998,8668.24242947619,37.967699,180747.78677099998,39428.3788759883,104.438254,64.2652032,12.888011448530026,0.11536364022426562,48,64,,True,True,,121,87.6246207195492
122,2026-09-18T06:49:57.617+00:00,2026-09-18T06:52:59.947+00:00,2026-09-18T06:53:00.906+00:00,True,17,17.0,,17.0,182330.121924,183288.325572,183288.325714,10781.66621847059,41.075503,182330.121924,44207.025780477954,36519.084461599996,59.887728,7.562219638970559,0.09275004257334435,48,64,,True,True,,55,87.6246207195492
123,2026-09-18T06:49:58.008+00:00,2026-09-18T06:53:01.610+00:00,2026-09-18T06:53:06.022+00:00,True,74,74.0,,74.0,183601.839889,188014.024721,188014.024937,2540.7300667162162,33.432317000000005,183601.839889,21336.255613001194,68.34503715000001,60.44088810958904,7.692608936062834,0.39358765980256505,48,64,,True,True,,283,87.6246207195492
124,2026-09-18T06:49:58.662+00:00,2026-09-18T06:53:04.174+00:00,2026-09-18T06:53:09.382+00:00,True,88,88.0,,88.0,185511.437087,190720.091935,190720.092087,2167.273773715909,35.576324,185511.437087,19769.205977799793,69.63538025,59.86959595402299,9.917023243165934,0.4614091735546751,48,64,,True,True,,380,87.6246207195492
125,2026-09-18T06:49:59.146+00:00,2026-09-18T06:53:05.839+00:00,2026-09-18T06:53:06.614+00:00,True,14,14.0,,14.0,186692.692728,187468.311288,187468.311429,13390.5936735,35.371044000000005,186692.692728,49879.77593139942,65386.26053105001,59.66296615384615,8.174256117106617,0.07467928794905698,48,64,,True,True,,76,87.6246207195492
126,2026-09-18T06:49:59.696+00:00,2026-09-18T06:53:08.153+00:00,2026-09-18T06:53:10.176+00:00,True,35,35.0,,35.0,188456.78834,190479.956084,190479.956001,5442.284457171429,38.775287,188456.78834,31844.955227482576,79.2148613,59.50493364705882,11.730637533009244,0.18374636743703,48,64,,True,True,,130,87.6246207195492
127,2026-09-18T06:50:00.237+00:00,2026-09-18T06:53:10.294+00:00,2026-09-18T06:53:10.892+00:00,True,11,11.0,,11.0,190057.102778,190654.679994,190654.679972,17332.243633818183,42.323881,190057.102778,57286.35536003912,95062.213736,59.7577216,7.002770187986072,0.0576959348721268,48,64,,True,True,,61,87.6246207195492
128,2026-09-18T06:50:00.843+00:00,2026-09-18T06:53:12.394+00:00,2026-09-18T06:53:13.397+00:00,True,17,17.0,,17.0,191550.377615,192553.84231900002,192553.842341,11326.696608294118,42.885040000000004,191550.377615,46442.58085687077,38388.5242086,62.716544,11.316681904722238,0.08828699440770674,48,64,,True,True,,69,87.6246207195492
129,2026-09-18T06:50:01.359+00:00,2026-09-18T06:53:14.287+00:00,2026-09-18T06:53:18.399+00:00,True,65,65.0,,65.0,192927.224122,197039.70105,197039.701169,3031.3800179846157,34.143026,192927.224122,23921.71100784552,95.03012500000001,64.257452,14.159466772392037,0.3298827579093102,48,64,,True,True,,346,87.6246207195492
131,2026-09-18T06:50:02.627+00:00,2026-09-18T06:53:16.863+00:00,2026-09-18T06:53:22.678+00:00,True,94,94.0,,94.0,194236.049637,200051.08502899998,200051.084984,2128.2030317446806,34.338544999999996,194236.049637,20027.47417107328,93.1998721,62.5272622795699,13.539125881905674,0.46987998083776195,48,64,,True,True,,383,87.6246207195492
132,2026-09-18T06:50:02.803+00:00,2026-09-18T06:53:19.673+00:00,2026-09-18T06:53:21.337+00:00,True,28,28.0,,28.0,196869.389883,198534.018363,198534.018254,7090.500651928572,35.662783000000005,196869.389883,37193.168395131426,88.33974035,61.65290666666667,12.734029044901359,0.1410337645451005,48,64,,True,True,,123,87.6246207195492
130,2026-09-18T06:50:02.591+00:00,2026-09-18T06:53:19.800+00:00,2026-09-18T06:53:22.677+00:00,True,48,48.0,,48.0,197208.117647,200085.996175,200085.99628,4168.458255833333,34.945835,197208.117647,28455.705049482036,91.7441637,61.23145804255319,13.419703175253003,0.23989684894298174,48,64,,True,True,,237,87.6246207195492
133,2026-09-18T06:50:03.449+00:00,2026-09-18T06:53:22.492+00:00,2026-09-18T06:53:25.915+00:00,True,55,55.0,,55.0,199042.803059,202465.446259,202465.446275,3681.189932272727,39.779635999999996,199042.803059,26830.382702608378,96.9449298,63.382281481481485,12.973310319767043,0.27165129169568186,48,64,,True,True,,250,87.6246207195492
134,2026-09-18T06:50:04.065+00:00,2026-09-18T06:53:25.481+00:00,2026-09-18T06:53:27.121+00:00,True,27,27.0,,27.0,201416.34717,203055.85488199999,203055.85481699998,7520.587215444444,35.443104,201416.34717,38750.4601824008,92.5627991,63.05798892307692,11.397276852986035,0.13296834024160628,48,64,,True,True,,87,87.6246207195492
135,2026-09-18T06:50:04.486+00:00,2026-09-18T06:53:27.001+00:00,2026-09-18T06:53:30.782+00:00,True,63,63.0,,63.0,202515.035468,206295.434828,206295.434885,3274.5307124603173,36.625091999999995,202515.035468,25506.81607794684,85.7462956,60.97418322580645,9.883704011359194,0.30538727166951907,48,64,,True,True,,264,87.6246207195492
136,2026-09-18T06:50:05.148+00:00,2026-09-18T06:53:29.211+00:00,2026-09-18T06:53:30.170+00:00,True,17,17.0,,17.0,204062.446222,205021.398158,205021.398001,12060.082235352942,37.491699999999994,204062.446222,49477.878232788826,40889.9266196,59.934496,12.749389547471749,0.0829181741649178,48,64,,True,True,,70,87.6246207195492
137,2026-09-18T06:50:05.726+00:00,2026-09-18T06:53:31.580+00:00,2026-09-18T06:53:32.111+00:00,True,10,10.0,,10.0,205853.969341,206385.032125,206385.03217999998,20638.503217999998,41.892652000000005,205853.969341,65078.08177183321,113249.22569065001,59.006976,9.116253929985058,0.048453126164417576,48,64,,True,True,,35,87.6246207195492
138,2026-09-18T06:50:06.281+00:00,2026-09-18T06:53:34.035+00:00,2026-09-18T06:53:39.844+00:00,True,93,93.0,,93.0,207754.624168,213563.02378400002,213563.023596,2296.3765978064516,35.689223,207754.624168,21536.60726544009,91.7936706,63.13477843478261,11.571503283337131,0.4354686422405276,48,64,,True,True,,484,87.6246207195492
139,2026-09-18T06:50:06.866+00:00,2026-09-18T06:53:36.016+00:00,2026-09-18T06:53:41.945+00:00,True,95,95.0,,95.0,209150.592317,215079.729213,215079.72923,2263.9971497894735,35.427274,209150.592317,21451.92951518449,90.21422940000001,63.075924425531916,11.337685302448552,0.4416966691729401,48,64,,True,True,,427,87.6246207195492
140,2026-09-18T06:50:07.435+00:00,2026-09-18T06:53:38.705+00:00,2026-09-18T06:53:39.985+00:00,True,21,21.0,,21.0,211270.533092,212550.612964,212550.612741,10121.45774957143,42.67971,211270.533092,46089.04408592548,90.900651,64.0039936,9.342682590708847,0.09879999736136634,48,64,,True,True,,84,87.6246207195492
141,2026-09-18T06:50:08.006+00:00,2026-09-18T06:53:40.511+00:00,2026-09-18T06:53:43.975+00:00,True,57,57.0,,57.0,212504.78549399998,215969.52507799998,215969.52501199997,3788.9390352982455,35.341104,212504.78549399998,28138.75385380671,90.9175762,61.870349714285716,11.579144318608515,0.26392612559301487,48,64,,True,True,,259,87.6246207195492
142,2026-09-18T06:50:08.452+00:00,2026-09-18T06:53:42.299+00:00,2026-09-18T06:53:46.986+00:00,True,76,76.0,,76.0,213846.959925,218533.937973,218533.938031,2875.4465530394737,38.440549,213846.959925,24522.76188865863,80.9443635,62.493040640000004,9.215709663389688,0.34777207011841726,48,64,,True,True,,371,87.6246207195492
143,2026-09-18T06:50:09.084+00:00,2026-09-18T06:53:44.632+00:00,2026-09-18T06:53:46.388+00:00,True,29,29.0,,29.0,215547.77674399997,217303.07658399997,217303.076625,7493.209538793102,42.440529999999995,215547.77674399997,40014.57720710168,85.90234400000001,62.68928,9.194546646166915,0.13345416206654512,48,64,,True,True,,125,87.6246207195492
144,2026-09-18T06:50:09.529+00:00,2026-09-18T06:53:46.192+00:00,2026-09-18T06:53:46.930+00:00,True,12,12.0,,12.0,216663.07081099998,217400.889947,217400.890013,18116.740834416665,58.077312,216663.07081099998,62525.879063260385,97550.4593701,67.0744669090909,9.583444679155251,0.05519756613197614,48,64,,True,True,,53,87.6246207195492
145,2026-09-18T06:50:10.129+00:00,2026-09-18T06:53:49.081+00:00,2026-09-18T06:53:51.492+00:00,True,40,40.0,,40.0,218951.997062,221363.027334,221363.027348,5534.0756837,37.981708,218951.997062,34609.57665577575,73.8409137,61.82128902564102,8.478836813783248,0.18069864910027025,48,64,,True,True,,186,87.6246207195492
146,2026-09-18T06:50:10.795+00:00,2026-09-18T06:53:51.241+00:00,2026-09-18T06:53:54.987+00:00,True,61,61.0,,61.0,220446.270135,224192.556471,224192.556288,3675.287808,36.220752,220446.270135,28217.260964646914,89.86412200000001,62.4381056,12.502308536919031,0.27208753475225456,48,64,,True,True,,279,87.6246207195492
147,2026-09-18T06:50:11.311+00:00,2026-09-18T06:53:53.438+00:00,2026-09-18T06:53:58.274+00:00,True,78,78.0,,78.0,222126.638752,226962.782368,226962.782437,2909.7792620128207,34.398916,222126.638752,25143.779677397997,78.9229368,62.80705994805194,10.103543583404669,0.34366868076868184,48,64,,True,True,,312,87.6246207195492
148,2026-09-18T06:50:11.786+00:00,2026-09-18T06:53:55.050+00:00,2026-09-18T06:53:56.684+00:00,True,27,27.0,,27.0,223264.23157899998,224897.35157899998,224897.35152199998,8329.531537851852,51.845223,223264.23157899998,42955.13334877928,68.9382029,62.8123076923077,4.029765786789925,0.12005477081181046,48,64,,True,True,,126,87.6246207195492
149,2026-09-18T06:50:12.415+00:00,2026-09-18T06:53:57.630+00:00,2026-09-18T06:53:58.031+00:00,True,7,7.0,,7.0,225214.5349,225615.63698,225615.637039,32230.805291285713,55.898726,225214.5349,85097.82681815731,157678.2443842,66.85034666666667,13.40944882738572,0.031026218278569603,48,64,,True,True,,27,87.6246207195492
150,2026-09-18T06:50:12.975+00:00,2026-09-18T06:53:59.625+00:00,2026-09-18T06:53:59.975+00:00,True,7,7.0,,7.0,226650.118308,227000.22339600002,227000.22323200002,32428.603318857142,36.017372,226650.118308,85643.63859542659,158674.98783539998,58.350848,11.18684243082567,0.030836974057900188,48,64,,True,True,,27,87.6246207195492
151,2026-09-18T06:50:13.515+00:00,2026-09-18T06:54:01.874+00:00,2026-09-18T06:54:07.799+00:00,True,95,95.0,,95.0,228359.045094,234283.715814,234283.715811,2466.1443769578946,35.801483,228359.045094,23422.68005642567,93.93516009999999,63.02841191489362,11.834867149242784,0.4054912637437481,48,64,,True,True,,409,87.6246207195492
152,2026-09-18T06:50:14.042+00:00,2026-09-18T06:54:03.496+00:00,2026-09-18T06:54:05.574+00:00,True,36,36.0,,36.0,229453.74995,231532.012478,231532.01256899998,6431.444793583333,40.407585,229453.74995,38232.395773808625,67.15369449999999,59.37892937142857,6.895893234474589,0.1554860583411579,48,64,,True,True,,212,87.6246207195492
153,2026-09-18T06:50:14.471+00:00,2026-09-18T06:54:05.055+00:00,2026-09-18T06:54:06.512+00:00,True,25,25.0,,25.0,230584.324381,232041.51785300003,232041.51769200002,9281.660707680001,41.821962,230584.324381,46104.72207656368,68.042111,60.716394666666666,6.7814208643298,0.10773934005998738,48,64,,True,True,,87,87.6246207195492
154,2026-09-18T06:50:14.999+00:00,2026-09-18T06:54:07.344+00:00,2026-09-18T06:54:12.514+00:00,True,82,82.0,,82.0,232344.73829100002,237514.23435500002,237514.23416300002,2896.515050768293,35.176744,232344.73829100002,25651.139505317242,91.31748755000001,63.820939061728396,13.139668902209953,0.34524246608916465,48,64,,True,True,,394,87.6246207195492
155,2026-09-18T06:50:15.598+00:00,2026-09-18T06:54:09.358+00:00,2026-09-18T06:54:11.647+00:00,True,38,38.0,,38.0,233760.012265,236049.314537,236049.314349,6211.82406181579,34.229966,233760.012265,37910.84588931187,93.2995065,61.87303437837838,11.259636199005186,0.1609833100957538,48,64,,True,True,,169,87.6246207195492
156,2026-09-18T06:50:16.075+00:00,2026-09-18T06:54:11.463+00:00,2026-09-18T06:54:11.652+00:00,True,4,4.0,,4.0,235387.935784,235577.261096,235577.260989,58894.31524725,57.455623,235387.935784,117662.41377106655,200089.94443869998,63.108437333333335,5.3107675120876205,0.01697956747349211,48,64,,True,True,,21,87.6246207195492
157,2026-09-18T06:50:17.253+00:00,2026-09-18T06:54:12.842+00:00,2026-09-18T06:54:18.881+00:00,True,97,97.0,,97.0,235588.598856,241627.6386,241627.63861999998,2491.00658371134,35.946022,235588.598856,23914.013275405476,90.8258478,62.906664,10.85876117817617,0.40144414174645665,48,64,,True,True,,449,87.6246207195492
158,2026-09-18T06:50:17.298+00:00,2026-09-18T06:54:14.982+00:00,2026-09-18T06:54:18.823+00:00,True,61,61.0,,61.0,237683.887471,241524.449647,241524.449631,3959.4172070655736,33.572576999999995,237683.887471,30424.110407071174,95.66147,64.0093696,12.696046503126718,0.2525624221032468,48,64,,True,True,,293,87.6246207195492
159,2026-09-18T06:50:17.801+00:00,2026-09-18T06:54:18.439+00:00,2026-09-18T06:54:24.442+00:00,True,96,96.0,,96.0,240638.657716,246640.99883599998,246640.99896899998,2569.17707259375,40.355364,240638.657716,24553.633290294845,80.78301125,63.182538105263156,9.112688835265848,0.3892296919533385,48,64,,True,True,,387,87.6246207195492
160,2026-09-18T06:50:18.202+00:00,2026-09-18T06:54:20.052+00:00,2026-09-18T06:54:22.399+00:00,True,38,38.0,,38.0,241849.89996799998,244196.82272,244196.82289399998,6426.232181421052,39.808276,241849.89996799998,39222.94597994682,94.4299472,63.43034464864865,10.111858931878595,0.15561218027628235,48,64,,True,True,,203,87.6246207195492
161,2026-09-18T06:50:18.671+00:00,2026-09-18T06:54:22.002+00:00,2026-09-18T06:54:22.524+00:00,True,9,9.0,,9.0,243331.360211,243853.596883,243853.596964,27094.844107111112,34.191856,243331.360211,81088.69547603437,146040.304073,65.279584,18.948069600593062,0.0369073908076007,48,64,,True,True,,38,87.6246207195492
162,2026-09-18T06:50:19.104+00:00,2026-09-18T06:54:23.865+00:00,2026-09-18T06:54:27.452+00:00,True,58,58.0,,58.0,244760.90835299998,248347.87948899998,248347.879677,4281.8599944310345,35.795663,244760.90835299998,32130.420314851413,91.744263,62.929318175438596,10.102118588667402,0.23354336714829482,48,64,,True,True,,292,87.6246207195492
163,2026-09-18T06:50:19.704+00:00,2026-09-18T06:54:26.064+00:00,2026-09-18T06:54:28.601+00:00,True,40,40.0,,40.0,246359.69271200002,248896.655016,248896.65486300003,6222.416371575,34.182616,246359.69271200002,38942.60474435593,97.00074365,65.05031548717949,14.052003144796064,0.16070927107248045,48,64,,True,True,,193,87.6246207195492
164,2026-09-18T06:50:20.127+00:00,2026-09-18T06:54:27.582+00:00,2026-09-18T06:54:29.681+00:00,True,33,33.0,,33.0,247455.011012,249553.453508,249553.453423,7562.225861303031,40.451564,247455.011012,43064.97538564717,98.97852259999999,65.576328,14.870518898182837,0.13223619844211898,48,64,,True,True,,166,87.6246207195492
165,2026-09-18T06:50:20.669+00:00,2026-09-18T06:54:29.925+00:00,2026-09-18T06:54:32.365+00:00,True,40,40.0,,40.0,249256.069014,251695.45282200002,251695.452927,6292.386323175,38.046879000000004,249256.069014,39400.95619026721,76.36273080000001,62.548302769230766,9.040191561500041,0.15892221949789515,48,64,,True,True,,170,87.6246207195492
166,2026-09-18T06:50:21.062+00:00,2026-09-18T06:54:31.203+00:00,2026-09-18T06:54:34.949+00:00,True,61,61.0,,61.0,250140.88425600002,253886.79299200003,253886.792993,4162.078573655738,39.325176,250140.88425600002,32019.266304575387,88.208935,62.43181226666667,9.933673455678273,0.2402645654826248,48,64,,True,True,,324,87.6246207195492
167,2026-09-18T06:50:21.509+00:00,2026-09-18T06:54:32.760+00:00,2026-09-18T06:54:37.052+00:00,True,69,69.0,,69.0,251251.72458500002,255543.88509700002,255543.88500900002,3703.534565347826,39.955086,251251.72458500002,30239.55616507393,93.6155302,63.120007529411765,10.267402652046679,0.2700123306562738,48,64,,True,True,,376,87.6246207195492
168,2026-09-18T06:50:22.058+00:00,2026-09-18T06:54:35.006+00:00,2026-09-18T06:54:36.697+00:00,True,28,28.0,,28.0,252947.586545,254638.564593,254638.564569,9094.234448892857,38.640207000000004,252947.586545,47790.7661275118,94.17898235000001,62.62881659259259,11.082751735955371,0.10995977787085641,48,64,,True,True,,153,87.6246207195492
169,2026-09-18T06:50:22.611+00:00,2026-09-18T06:54:37.298+00:00,2026-09-18T06:54:39.872+00:00,True,42,42.0,,42.0,254687.113902,257261.13067,257261.130852,6125.265020285715,33.689296999999996,254687.113902,39289.38957894958,94.73349885000002,62.78089678048781,12.739663694719958,0.1632582422794185,48,64,,True,True,,203,87.6246207195492
170,2026-09-18T06:50:23.274+00:00,2026-09-18T06:54:39.976+00:00,2026-09-18T06:54:43.333+00:00,True,56,56.0,,56.0,256701.404662,260058.925558,260058.925387,4643.909381910714,39.898175,256701.404662,34295.01093589837,66.11453675000001,61.04583447272728,5.435669575356252,0.2153358123734558,48,64,,True,True,,284,87.6246207195492
171,2026-09-18T06:50:23.674+00:00,2026-09-18T06:54:40.958+00:00,2026-09-18T06:54:44.449+00:00,True,58,58.0,,58.0,257283.99765,260774.87893,260774.878856,4496.1186009655175,42.335271,257283.99765,33775.00275306949,68.2023877,61.243531228070175,5.619027307533443,0.2224140616534194,48,64,,True,True,,280,87.6246207195492
172,2026-09-18T06:50:24.036+00:00,2026-09-18T06:54:42.204+00:00,2026-09-18T06:54:47.492+00:00,True,88,88.0,,88.0,258167.947886,263455.61380600004,263455.613727,2993.8137923522727,34.318116,258167.947886,27514.31846027237,75.49112875,60.7777691954023,9.66344142654325,0.33402210994372766,48,64,,True,True,,454,87.6246207195492
173,2026-09-18T06:50:24.510+00:00,2026-09-18T06:54:43.965+00:00,2026-09-18T06:54:44.511+00:00,True,10,10.0,,10.0,259454.749024,260000.26608,260000.26617299998,26000.026617299998,39.038107000000004,259454.749024,82027.62853681971,142730.19198144999,60.613006222222225,8.476600644407194,0.03846149910063199,48,64,,True,True,,37,87.6246207195492
174,2026-09-18T06:50:25.167+00:00,2026-09-18T06:54:46.148+00:00,2026-09-18T06:54:49.736+00:00,True,61,61.0,,61.0,260981.08851899998,264568.817415,264568.81733299996,4337.193726770492,35.452193,260981.08851899998,33407.549505028735,68.262253,59.7954816,9.165302791284944,0.23056383059805574,48,64,,True,True,,288,87.6246207195492
175,2026-09-18T06:50:25.813+00:00,2026-09-18T06:54:48.439+00:00,2026-09-18T06:54:48.597+00:00,True,4,4.0,,4.0,262626.283792,262784.672272,262784.67230499996,65696.16807624999,36.219352,262626.283792,131286.74433864266,223241.71182114995,52.79616,14.42266391728352,0.015221587946574478,48,64,,True,True,,15,87.6246207195492
176,2026-09-18T06:50:26.479+00:00,2026-09-18T06:54:51.214+00:00,2026-09-18T06:54:53.532+00:00,True,40,40.0,,40.0,264735.133896,267053.013192,267053.013336,6676.325333399999,36.006903,264735.133896,41848.90412243314,68.7899422,59.432802461538465,10.506876284598771,0.14978299447698673,48,64,,True,True,,186,87.6246207195492
177,2026-09-18T06:50:27.099+00:00,2026-09-18T06:54:53.154+00:00,2026-09-18T06:54:53.402+00:00,True,5,5.0,,5.0,266055.26173699996,266303.25584899995,266303.25600199995,53260.651200399996,59.552237999999996,266055.26173699996,118955.80361763651,212857.19381939995,61.998528,2.2724040534611505,0.01877558719310257,48,64,,True,True,,19,87.6246207195492
178,2026-09-18T06:50:27.470+00:00,2026-09-18T06:54:54.593+00:00,2026-09-18T06:54:55.925+00:00,True,23,23.0,,23.0,267123.695467,268455.385451,268455.385423,11671.97327926087,36.642371,267123.695467,55686.52060976844,102.1641844,60.53136290909091,12.917446543817503,0.08567531607294983,48,64,,True,True,,91,87.6246207195492
179,2026-09-18T06:50:27.957+00:00,2026-09-18T06:54:56.635+00:00,2026-09-18T06:54:59.893+00:00,True,51,51.0,,51.0,268678.227982,271935.74324599997,271935.743224,5332.073396549019,36.556312,268678.227982,37613.35657365545,95.50131099999999,65.15030528,13.216593838286196,0.1875443051039602,48,64,,True,True,,213,87.6246207195492
180,2026-09-18T06:50:28.587+00:00,2026-09-18T06:54:59.224+00:00,2026-09-18T06:54:59.559+00:00,True,6,6.0,,6.0,270636.79275,270972.043182,270972.043122,45162.007187,62.343114,270636.79275,110459.63501148806,202996.6038245,67.0500864,5.58429982179152,0.022142505660519615,48,64,,True,True,,23,87.6246207195492
181,2026-09-18T06:50:29.032+00:00,2026-09-18T06:55:01.001+00:00,2026-09-18T06:55:03.087+00:00,True,34,34.0,,34.0,271968.998748,274055.714396,274055.71441300004,8060.462188617647,34.349446,271968.998748,46631.45573018924,95.24454670000001,63.23380751515152,12.976741524469992,0.12406236474555425,48,64,,True,True,,122,87.6246207195492
182,2026-09-18T06:50:29.501+00:00,2026-09-18T06:55:02.562+00:00,2026-09-18T06:55:04.019+00:00,True,24,24.0,,24.0,273060.452435,274518.35041899997,274518.35031,11438.26459625,38.026639,273060.452435,55725.29410083547,95.09128784999999,63.38686886956522,12.954765848960784,0.08742584954109106,48,64,,True,True,,64,87.6246207195492
183,2026-09-18T06:50:30.040+00:00,2026-09-18T06:55:04.247+00:00,2026-09-18T06:55:06.301+00:00,True,33,33.0,,33.0,274207.58111699997,276261.599933,276261.59978299995,8371.563629787877,36.356801,274207.58111699997,47722.24095850644,96.69597900000001,64.188088,12.954918251849017,0.11945199770074191,48,64,,True,True,,125,87.6246207195492
184,2026-09-18T06:50:30.521+00:00,2026-09-18T06:55:06.560+00:00,2026-09-18T06:55:11.071+00:00,True,75,75.0,,75.0,276039.738924,280550.15838,280550.158453,3740.6687793733336,36.016092,276039.738924,31867.287332187283,89.9644791,60.95161427027028,11.089729985085723,0.26733187545884,48,64,,True,True,,370,87.6246207195492
185,2026-09-18T06:50:30.910+00:00,2026-09-18T06:55:08.003+00:00,2026-09-18T06:55:13.339+00:00,True,88,88.0,,88.0,277092.675447,282429.067639,282429.067606,3209.421222795455,35.254574,277092.675447,29531.642048730664,89.89488709999999,61.337841287356326,11.551995585403837,0.3115826594466591,48,64,,True,True,,412,87.6246207195492
186,2026-09-18T06:50:31.410+00:00,2026-09-18T06:55:10.068+00:00,2026-09-18T06:55:13.110+00:00,True,50,50.0,,50.0,278657.78281400003,281700.715038,281700.714847,5634.01429694,36.547902,278657.78281400003,39399.38094697766,90.44169540000001,62.10065763265306,11.810368887809387,0.1774933371867915,48,64,,True,True,,259,87.6246207195492
187,2026-09-18T06:50:31.982+00:00,2026-09-18T06:55:12.125+00:00,2026-09-18T06:55:13.631+00:00,True,26,26.0,,26.0,280142.800102,281648.812262,281648.812277,10832.646626038462,32.885188,280142.800102,54928.71041080976,86.96913925000001,60.2404864,12.194594438942307,0.09231354391728751,48,64,,True,True,,112,87.6246207195492
188,2026-09-18T06:50:32.464+00:00,2026-09-18T06:55:13.294+00:00,2026-09-18T06:55:18.592+00:00,True,87,87.0,,87.0,280829.887467,286127.85815499997,286127.858099,3288.8259551609194,34.930415,280829.887467,30101.521625102232,79.7867677,61.604310325581395,11.172571868382247,0.3040598722577748,48,64,,True,True,,365,87.6246207195492
189,2026-09-18T06:50:32.909+00:00,2026-09-18T06:55:14.829+00:00,2026-09-18T06:55:16.921+00:00,True,34,34.0,,34.0,281919.37325,284011.595458,284011.595556,8353.282222235293,37.165330000000004,281919.37325,48337.90211404727,99.42531705000002,63.40067296969697,12.644253827891903,0.11971342207057162,48,64,,True,True,,152,87.6246207195492
190,2026-09-18T06:50:33.343+00:00,2026-09-18T06:55:17.085+00:00,2026-09-18T06:55:17.434+00:00,True,7,7.0,,7.0,283742.381678,284091.098734,284091.098604,40584.44265771428,35.319264000000004,283742.381678,107222.57320227697,198639.6752321,58.11950933333333,11.815349212826824,0.024639983551734704,48,64,,True,True,,21,87.6246207195492
193,2026-09-18T06:50:34.910+00:00,2026-09-18T06:55:20.280+00:00,2026-09-18T06:55:25.164+00:00,True,81,81.0,,81.0,285370.269494,290253.571126,290253.571172,3583.3774218765434,37.69317899999999,285370.269494,31701.026674652177,70.801908,61.0412704,9.193916925131067,0.27906633391544955,48,64,,True,True,,436,87.6246207195492
192,2026-09-18T06:50:34.854+00:00,2026-09-18T06:55:20.345+00:00,2026-09-18T06:55:20.526+00:00,True,4,4.0,,4.0,285490.79745,285671.144586,285671.144432,71417.786108,54.204999,285490.79745,142715.34096555063,242676.94393454998,60.115712,5.509061180355142,0.014002114234522618,48,64,,True,True,,24,87.6246207195492
191,2026-09-18T06:50:34.719+00:00,2026-09-18T06:55:21.683+00:00,2026-09-18T06:55:27.238+00:00,True,91,91.0,,91.0,286964.59375,292519.709526,292519.709537,3214.5023026043955,37.786079,286964.59375,30075.594324029986,81.604922,61.72350862222222,9.473464048275599,0.31109014892520137,48,64,,True,True,,558,87.6246207195492
194,2026-09-18T06:50:35.350+00:00,2026-09-18T06:55:24.536+00:00,2026-09-18T06:55:25.922+00:00,True,23,23.0,,23.0,289186.86017,290572.238218,290572.238411,12633.575583086957,33.764817,289186.86017,60286.49949623302,95.1273131,62.971729454545454,12.863475796025806,0.07915415505986637,48,64,,True,True,,91,87.6246207195492
195,2026-09-18T06:50:35.978+00:00,2026-09-18T06:55:26.810+00:00,2026-09-18T06:55:31.698+00:00,True,80,80.0,,80.0,290831.77222399996,295719.57459199993,295719.57449399994,3696.4946811749996,34.368714999999995,290831.77222399996,32509.065289135462,91.22153924999999,61.87091605063291,11.568306900677523,0.2705265625732583,48,64,,True,True,,386,87.6246207195492
196,2026-09-18T06:50:36.376+00:00,2026-09-18T06:55:28.604+00:00,2026-09-18T06:55:34.455+00:00,True,95,95.0,,95.0,292228.289292,298079.203852,298079.204025,3137.6758318421053,37.735959,292228.289292,29975.605710100666,92.48025030000001,62.24377191489362,10.782058303792306,0.3187072387886834,48,64,,True,True,,496,87.6246207195492
197,2026-09-18T06:50:36.761+00:00,2026-09-18T06:55:30.131+00:00,2026-09-18T06:55:30.131+00:00,True,1,1.0,,1.0,293370.564496,293370.564496,293370.564496,293370.564496,293370.564496,293370.564496,nan,293370.564496,nan,nan,0.003408658267123574,48,64,,True,True,,3,87.6246207195492
198,2026-09-18T06:50:37.145+00:00,2026-09-18T06:55:31.323+00:00,2026-09-18T06:55:36.929+00:00,True,89,89.0,,89.0,294177.81441000005,299784.11636200006,299784.11649300007,3368.3608594719108,39.808585,294177.81441000005,31176.03464151719,92.23691060000002,63.70797672727273,10.390310838120296,0.29688030533455384,48,64,,True,True,,451,87.6246207195492
199,2026-09-18T06:50:37.604+00:00,2026-09-18T06:55:32.917+00:00,2026-09-18T06:55:37.626+00:00,False,75,74.0,,74.0,295313.724145,300022.89739299996,300022.897451,4000.3052993466663,0.02102,295313.724145,34092.546161415135,94.34912,63.637476324324325,13.807466152285967,0.24664784135814613,48,64,,True,False,Request timeout: 300.0s exceeded,196,87.6246207195492
200,2026-09-18T06:50:38.225+00:00,2026-09-18T06:55:35.487+00:00,2026-09-18T06:55:38.274+00:00,False,45,44.0,,44.0,297261.553902,300048.34455800004,300048.34434400004,6667.740985422222,0.01858,297261.553902,44303.69677447942,93.8258466,63.33615127272727,14.319703684681052,0.14664303535757284,48,64,,True,False,Request timeout: 300.0s exceeded,167,87.6246207195492
201,2026-09-18T06:50:38.810+00:00,2026-09-18T06:55:37.685+00:00,2026-09-18T06:55:38.827+00:00,False,20,19.0,,19.0,298874.89446700003,300016.09689900005,300016.096956,15000.804847800002,0.02106,298874.89446700003,66817.02944580649,15029.01252625,60.06328589473684,16.482114213526067,0.06332993528142698,48,64,,True,False,Request timeout: 300.0s exceeded,76,87.6246207195492
202,2026-09-18T06:50:39.420+00:00,2026-09-18T06:55:39.532+00:00,2026-09-18T06:55:39.532+00:00,False,1,0.0,,0.0,300112.375847,300112.375847,300112.375847,300112.375847,300112.375847,300112.375847,nan,300112.375847,nan,nan,0.0,48,64,,True,False,"HTTPConnectionPool(host='gpu03', port=9002): Read timed out.",0,87.6246207195492
203,2026-09-18T06:50:39.894+00:00,2026-09-18T06:55:39.951+00:00,2026-09-18T06:55:39.951+00:00,False,1,0.0,,0.0,300057.681777,300057.681777,300057.681777,300057.681777,300057.681777,300057.681777,nan,300057.681777,nan,nan,0.0,48,64,,True,False,"HTTPConnectionPool(host='gpu03', port=9002): Read timed out.",0,87.6246207195492
204,2026-09-18T06:50:40.270+00:00,2026-09-18T06:55:40.158+00:00,2026-09-18T06:55:40.318+00:00,False,4,3.0,,3.0,299887.72101599997,300047.50571999996,300047.505676,75011.876419,0.03664,299887.72101599997,149917.23471448116,254918.16306659995,53.261568,47.34112763595156,0.009998416726715127,48,64,,True,False,Request timeout: 300.0s exceeded,9,87.6246207195492
205,2026-09-18T06:50:40.761+00:00,2026-09-18T06:55:40.791+00:00,2026-09-18T06:55:40.791+00:00,False,1,0.0,,0.0,300030.38982599997,300030.38982599997,300030.38982599997,300030.38982599997,300030.38982599997,300030.38982599997,nan,300030.38982599997,nan,nan,0.0,48,64,,True,False,"HTTPConnectionPool(host='gpu03', port=9002): Read timed out.",0,87.6246207195492
206,2026-09-18T06:50:41.163+00:00,2026-09-18T06:55:41.193+00:00,2026-09-18T06:55:41.297+00:00,False,3,2.0,,2.0,300029.879727,300133.423023,300133.422932,100044.47431066667,0.037389000000000006,300029.879727,173192.449203423,270037.2423359,51.771648,73.16330910189868,0.006663703028658473,48,64,,True,False,Request timeout: 300.0s exceeded,3,87.6246207195492
207,2026-09-18T06:50:41.563+00:00,2026-09-18T06:55:41.613+00:00,2026-09-18T06:55:41.613+00:00,False,1,0.0,,0.0,300049.505579,300049.505579,300049.505579,300049.505579,300049.505579,300049.505579,nan,300049.505579,nan,nan,0.0,48,64,,True,False,TTFT timeout: 300.0s exceeded (TTFT: 300.041s),0,87.6246207195492
208,2026-09-18T06:50:42.047+00:00,2026-09-18T06:55:42.135+00:00,2026-09-18T06:55:42.135+00:00,False,1,0.0,,0.0,300087.419055,300087.419055,300087.419055,300087.419055,300087.419055,300087.419055,nan,300087.419055,nan,nan,0.0,48,64,,True,False,"HTTPConnectionPool(host='gpu03', port=9002): Read timed out.",0,87.6246207195492
209,2026-09-18T06:50:42.610+00:00,2026-09-18T06:55:42.717+00:00,2026-09-18T06:55:42.717+00:00,False,1,0.0,,0.0,300107.31724400003,300107.31724400003,300107.31724400003,300107.31724400003,300107.31724400003,300107.31724400003,nan,300107.31724400003,nan,nan,0.0,48,64,,True,False,"HTTPConnectionPool(host='gpu03', port=9002): Read timed out.",0,87.6246207195492
210,2026-09-18T06:50:43.045+00:00,2026-09-18T06:55:42.890+00:00,2026-09-18T06:55:43.142+00:00,True,4,4.0,,4.0,299845.163744,300097.053664,300097.05378200003,75024.26344550001,73.358243,299845.163744,149880.6003866103,254881.79095520003,83.96330666666667,9.184515765159823,0.013329021232172947,48,64,,True,True,,16,87.6246207195492
211,2026-09-18T06:50:43.509+00:00,2026-09-18T06:55:43.615+00:00,2026-09-18T06:55:43.615+00:00,False,1,0.0,,0.0,300106.548802,300106.548802,300106.548802,300106.548802,300106.548802,300106.548802,nan,300106.548802,nan,nan,0.0,48,64,,True,False,"HTTPConnectionPool(host='gpu03', port=9002): Read timed out.",0,87.6246207195492
212,2026-09-18T06:50:43.904+00:00,2026-09-18T06:55:44.000+00:00,2026-09-18T06:55:44.000+00:00,False,1,0.0,,0.0,300095.866712,300095.866712,300095.866712,300095.866712,300095.866712,300095.866712,nan,300095.866712,nan,nan,0.0,48,64,,True,False,"HTTPConnectionPool(host='gpu03', port=9002): Read timed out.",0,87.6246207195492
213,2026-09-18T06:50:44.291+00:00,2026-09-18T06:55:44.253+00:00,2026-09-18T06:55:44.357+00:00,False,3,2.0,,2.0,299962.101273,300065.654809,300065.654829,100021.884943,0.04063,299962.101273,173153.31430900886,269976.2424383,51.776768,73.16584337260244,0.006665207990141539,48,64,,True,False,Request timeout: 300.0s exceeded,4,87.6246207195492
214,2026-09-18T06:50:44.880+00:00,2026-09-18T06:55:44.689+00:00,2026-09-18T06:55:45.857+00:00,False,21,20.0,,20.0,299809.18071499997,300977.14231499995,300977.14238399995,14332.24487542857,0.0256,299809.18071499997,65410.98642162435,93.316295,58.39808,20.457697911003482,0.06645022889834,48,64,,True,False,Request timeout: 300.0s exceeded,90,87.6246207195492
216,2026-09-18T06:50:45.934+00:00,2026-09-18T06:55:46.044+00:00,2026-09-18T06:55:46.044+00:00,False,1,0.0,,0.0,300110.05046399997,300110.05046399997,300110.05046399997,300110.05046399997,300110.05046399997,300110.05046399997,nan,300110.05046399997,nan,nan,0.0,48,64,,True,False,"HTTPConnectionPool(host='gpu03', port=9002): Read timed out.",0,87.6246207195492
217,2026-09-18T06:50:46.512+00:00,2026-09-18T06:55:46.705+00:00,2026-09-18T06:55:46.705+00:00,False,1,0.0,,0.0,300192.72572399996,300192.72572399996,300192.72572399996,300192.72572399996,300192.72572399996,300192.72572399996,nan,300192.72572399996,nan,nan,0.0,48,64,,True,False,"HTTPConnectionPool(host='gpu03', port=9002): Read timed out.",0,87.6246207195492
215,2026-09-18T06:50:45.526+00:00,2026-09-18T06:55:46.712+00:00,2026-09-18T06:55:46.712+00:00,False,1,0.0,,0.0,301185.84739600006,301185.84739600006,301185.84739600006,301185.84739600006,301185.84739600006,301185.84739600006,nan,301185.84739600006,nan,nan,0.0,48,64,,True,False,"HTTPConnectionPool(host='gpu03', port=9002): Read timed out.",0,87.6246207195492
218,2026-09-18T06:50:47.043+00:00,2026-09-18T06:55:47.107+00:00,2026-09-18T06:55:47.107+00:00,False,1,0.0,,0.0,300064.48239099997,300064.48239099997,300064.48239099997,300064.48239099997,300064.48239099997,300064.48239099997,nan,300064.48239099997,nan,nan,0.0,48,64,,True,False,TTFT timeout: 300.0s exceeded (TTFT: 300.053s),0,87.6246207195492
219,2026-09-18T06:50:47.538+00:00,2026-09-18T06:55:47.291+00:00,2026-09-18T06:55:47.594+00:00,False,7,6.0,,6.0,299752.89259299997,300055.754417,300055.754385,42865.10776928571,0.023289999999999998,299752.89259299997,113276.8678776031,209846.28688809997,50.476970666666666,24.980208347140827,0.019996283729528313,48,64,,True,False,Request timeout: 300.0s exceeded,26,87.6246207195492
220,2026-09-18T06:50:48.002+00:00,2026-09-18T06:55:48.105+00:00,2026-09-18T06:55:48.105+00:00,False,1,0.0,,0.0,300103.452854,300103.452854,300103.452854,300103.452854,300103.452854,300103.452854,nan,300103.452854,nan,nan,0.0,48,64,,True,False,"HTTPConnectionPool(host='gpu03', port=9002): Read timed out.",0,87.6246207195492
221,2026-09-18T06:50:48.629+00:00,2026-09-18T06:55:48.557+00:00,2026-09-18T06:55:48.656+00:00,False,3,2.0,,2.0,299927.634908,300027.02665200003,300027.026681,100009.00889366667,0.039339,299927.634908,173134.61593906305,269944.8066606,49.695872,70.22518425954632,0.0066660661285017865,48,64,,True,False,Request timeout: 300.0s exceeded,9,87.6246207195492
222,2026-09-18T06:50:49.183+00:00,2026-09-18T06:55:49.105+00:00,2026-09-18T06:55:49.239+00:00,False,4,3.0,,3.0,299921.524095,300056.121471,300056.121363,75014.03034075,0.0958,299921.524095,149938.3325607638,254944.08951900003,44.865792,39.056975386833834,0.009998129634192266,48,64,,True,False,Request timeout: 300.0s exceeded,15,87.6246207195492
223,2026-09-18T06:50:49.572+00:00,2026-09-18T06:55:49.705+00:00,2026-09-18T06:55:49.705+00:00,False,1,0.0,,0.0,300132.830569,300132.830569,300132.830569,300132.830569,300132.830569,300132.830569,nan,300132.830569,nan,nan,0.0,48,64,,True,False,"HTTPConnectionPool(host='gpu03', port=9002): Read timed out.",0,87.6246207195492
224,2026-09-18T06:50:50.107+00:00,2026-09-18T06:55:50.094+00:00,2026-09-18T06:55:50.168+00:00,False,3,2.0,,2.0,299987.569958,300060.954662,300060.95451999997,100020.31817333333,0.038979,299987.569958,173176.72384936363,269996.1475205,36.692352,51.8357919556285,0.006665312393786374,48,64,,True,False,Request timeout: 300.0s exceeded,6,87.6246207195492
225,2026-09-18T06:50:50.566+00:00,2026-09-18T06:55:50.454+00:00,2026-09-18T06:55:50.637+00:00,False,5,4.0,,4.0,299888.223093,300070.476149,300070.475991,60014.095198200004,0.09153,299888.223093,134093.71658168428,239923.1414888,45.563264,30.359691150247755,0.01333020179570682,48,64,,True,False,Request timeout: 300.0s exceeded,17,87.6246207195492
226,2026-09-18T06:50:50.940+00:00,2026-09-18T06:55:51.040+00:00,2026-09-18T06:55:51.040+00:00,False,1,0.0,,0.0,300100.309195,300100.309195,300100.309195,300100.309195,300100.309195,300100.309195,nan,300100.309195,nan,nan,0.0,48,64,,True,False,"HTTPConnectionPool(host='gpu03', port=9002): Read timed out.",0,87.6246207195492
227,2026-09-18T06:50:51.318+00:00,2026-09-18T06:55:51.398+00:00,2026-09-18T06:55:51.398+00:00,False,1,0.0,,0.0,300080.141634,300080.141634,300080.141634,300080.141634,300080.141634,300080.141634,nan,300080.141634,nan,nan,0.0,48,64,,True,False,TTFT timeout: 300.0s exceeded (TTFT: 300.070s),0,87.6246207195492
228,2026-09-18T06:50:51.937+00:00,2026-09-18T06:55:51.861+00:00,2026-09-18T06:55:51.984+00:00,False,4,3.0,,3.0,299923.63177100004,300046.51586700004,300046.51582100004,75011.62895525001,0.06756000000000001,299923.63177100004,149941.33799905414,254944.35274910004,40.96136533333333,35.41691650239412,0.009998449711476714,48,64,,True,False,Request timeout: 300.0s exceeded,9,87.6246207195492
229,2026-09-18T06:50:52.414+00:00,2026-09-18T06:55:52.518+00:00,2026-09-18T06:55:52.518+00:00,False,1,0.0,,0.0,300104.33173000003,300104.33173000003,300104.33173000003,300104.33173000003,300104.33173000003,300104.33173000003,nan,300104.33173000003,nan,nan,0.0,48,64,,True,False,"HTTPConnectionPool(host='gpu03', port=9002): Read timed out.",0,87.6246207195492
230,2026-09-18T06:50:53.071+00:00,2026-09-18T06:55:52.891+00:00,2026-09-18T06:55:53.108+00:00,False,8,7.0,,7.0,299819.960207,300037.47623900004,300037.476229,37504.684528625,0.051609999999999996,299819.960207,105991.37804162593,194896.05928705004,31.073718857142858,13.719254146710982,0.02333041887882042,48,64,,True,False,Request timeout: 300.0s exceeded,23,87.6246207195492
0,2026-09-18T06:48:53.186+00:00,2026-09-18T06:48:53.417+00:00,2026-09-18T06:48:56.433+00:00,True,55,55.0,,55.0,230.47413200000003,3246.73602,3246.735957,59.031562854545456,12.587547,230.47413200000003,26.894819255991,74.2176877,55.856701629629626,13.119935165412711,16.940089881406497,49,64,,False,True,,228,87.6246207195492
1,2026-09-18T06:48:53.558+00:00,2026-09-18T06:48:53.709+00:00,2026-09-18T06:48:54.028+00:00,True,6,6.0,,6.0,151.16446900000003,469.805621,469.805697,78.3009495,52.607193,151.16446900000003,37.61658989957654,135.033114,63.7282304,13.267772665197908,12.7712392781269,49,64,,False,True,,28,87.6246207195492
2,2026-09-18T06:48:54.032+00:00,2026-09-18T06:48:55.234+00:00,2026-09-18T06:48:56.314+00:00,True,19,19.0,,19.0,1202.009447,2281.549159,2281.549101,120.08153163157894,39.856566,1202.009447,262.1122973483735,184.876742,59.97442844444445,7.865925470383988,8.327675047040263,49,64,,False,True,,99,87.6246207195492
3,2026-09-18T06:48:54.400+00:00,2026-09-18T06:48:57.252+00:00,2026-09-18T06:49:02.214+00:00,True,83,83.0,,83.0,2851.287882,7813.958218,7813.9583410000005,94.14407639759037,8.110335,2851.287882,306.51966824950387,69.8673361,60.520369951219514,10.946462652416926,10.622017380231659,49,64,,False,True,,339,87.6246207195492
4,2026-09-18T06:48:54.961+00:00,2026-09-18T06:48:59.022+00:00,2026-09-18T06:49:02.586+00:00,True,60,60.0,,60.0,4061.344303,7625.393199,7625.393201,127.08988668333333,0.0,4061.344303,516.7437528732482,70.94069870000001,60.40760840677966,15.379902362563525,7.868446706180141,49,64,,False,True,,256,87.6246207195492
5,2026-09-18T06:48:55.413+00:00,2026-09-18T06:49:00.405+00:00,2026-09-18T06:49:05.863+00:00,True,93,93.0,,93.0,4991.992434000001,10450.393970000001,10450.394131000001,112.3698293655914,0.0,4991.992434000001,511.7877848400864,70.2011356,59.33045147826087,17.456660392734893,8.899186027529257,49,64,,False,True,,495,87.6246207195492
6,2026-09-18T06:48:55.817+00:00,2026-09-18T06:49:01.912+00:00,2026-09-18T06:49:05.492+00:00,True,62,62.0,,62.0,6095.753183,9674.995423,9674.995352,156.04831212903227,0.0,6095.753183,766.9963975484542,67.23535255,58.67610229508197,21.148577887935033,6.408271765442881,49,64,,False,True,,250,87.6246207195492
7,2026-09-18T06:48:56.395+00:00,2026-09-18T06:49:04.170+00:00,2026-09-18T06:49:08.276+00:00,True,69,69.0,,69.0,7775.354752,11880.846207999999,11880.845982,172.18617365217392,0.0,7775.354752,929.7697037471996,123.64708399999999,60.37487435294118,43.32854727759269,5.807667130102119,49,64,,False,True,,380,87.6246207195492
8,2026-09-18T06:48:56.791+00:00,2026-09-18T06:49:05.620+00:00,2026-09-18T06:49:09.153+00:00,True,59,59.0,,59.0,8829.143193,12361.970841,12361.970917999999,209.5249308135593,0.0,8829.143193,1142.3323625766764,80.37208670000001,60.91082151724138,43.272151593454204,4.772701760816263,49,64,,False,True,,331,87.6246207195492
9,2026-09-18T06:48:57.298+00:00,2026-09-18T06:49:07.598+00:00,2026-09-18T06:49:09.539+00:00,True,34,34.0,,34.0,10299.531741,12241.074909,12241.074744000001,360.03161011764706,0.0,10299.531741,1757.2072245458612,234.38135695,58.834641454545455,58.42689081531528,2.7775338565244945,49,64,,False,True,,172,87.6246207195492
10,2026-09-18T06:48:57.780+00:00,2026-09-18T06:49:09.273+00:00,2026-09-18T06:49:10.459+00:00,True,21,21.0,,21.0,11493.633042,12679.49237,12679.492438,603.7853541904761,40.433515,11493.633042,2495.1848901949684,66.073807,59.2929664,6.202428322791735,1.656217724432449,49,64,,False,True,,86,87.6246207195492
11,2026-09-18T06:48:58.211+00:00,2026-09-18T06:49:11.036+00:00,2026-09-18T06:49:14.208+00:00,True,56,56.0,,56.0,12825.141437999999,15997.115326,15997.115424,285.6627754285714,0.0,12825.141437999999,1706.3675388154627,72.20888825,57.67225250909091,29.044151254938463,3.5006311362263918,49,64,,False,True,,261,87.6246207195492
12,2026-09-18T06:48:58.542+00:00,2026-09-18T06:49:12.216+00:00,2026-09-18T06:49:13.182+00:00,True,17,17.0,,17.0,13673.381572,14639.550916,14639.550946,861.1500556470588,42.077972,13673.381572,3301.6422065523907,2790.040468,60.385584,6.34538758648012,1.1612378069207159,49,64,,False,True,,68,87.6246207195492
13,2026-09-18T06:48:58.913+00:00,2026-09-18T06:49:13.832+00:00,2026-09-18T06:49:17.077+00:00,True,56,56.0,,56.0,14919.224816,18164.104432,18164.104426,324.35900760714287,0.0,14919.224816,1986.136257779827,70.02917725,58.9978112,37.89087116271957,3.083003635529858,49,64,,False,True,,217,87.6246207195492
14,2026-09-18T06:48:59.403+00:00,2026-09-18T06:49:15.252+00:00,2026-09-18T06:49:17.457+00:00,True,38,38.0,,38.0,15849.518497,18054.396833,18054.39681,475.11570552631576,0.0,15849.518497,2561.8399431291296,105.53425485,59.59130637837838,44.46704347383572,2.104750457824392,49,64,,False,True,,196,87.6246207195492
15,2026-09-18T06:48:59.976+00:00,2026-09-18T06:49:17.515+00:00,2026-09-18T06:49:17.938+00:00,True,8,8.0,,8.0,17538.980858,17961.45049,17961.450343,2245.181292875,35.246065,17538.980858,6179.637327883035,11424.7816312,60.35280457142858,11.46070633879999,0.4453983270701875,49,64,,False,True,,56,87.6246207195492
16,2026-09-18T06:49:00.542+00:00,2026-09-18T06:49:19.503+00:00,2026-09-18T06:49:25.555+00:00,True,99,99.0,,99.0,18961.192006,25012.483910000003,25012.483911,252.65135263636364,0.0,18961.192006,1900.2947908434496,92.57841630000001,61.74787657142858,56.41979265128216,3.958023535616139,49,64,,False,True,,427,87.6246207195492
17,2026-09-18T06:49:00.966+00:00,2026-09-18T06:49:21.099+00:00,2026-09-18T06:49:21.958+00:00,True,15,15.0,,15.0,20133.527357,20992.624189,20992.62413,1399.5082753333334,0.01772,20133.527357,5183.408821392755,6301.018506,61.36405942857142,94.41638286760752,0.7145366803574708,49,64,,False,True,,72,87.6246207195492
18,2026-09-18T06:49:01.526+00:00,2026-09-18T06:49:23.181+00:00,2026-09-18T06:49:25.514+00:00,True,40,40.0,,40.0,21654.888419,23987.452386999998,23987.452344999998,599.6863086249999,0.0,21654.888419,3414.8835678214873,105.78085134999999,59.80933251282051,53.06567139029351,1.667538484481912,49,64,,False,True,,184,87.6246207195492
19,2026-09-18T06:49:01.879+00:00,2026-09-18T06:49:24.514+00:00,2026-09-18T06:49:25.228+00:00,True,13,13.0,,13.0,22635.170598,23348.636966000002,23348.636822,1796.0489863076923,34.724726000000004,22635.170598,6261.3930800676935,9110.3693322,59.45553066666666,14.916881420819138,0.5567776833795669,49,64,,False,True,,54,87.6246207195492
20,2026-09-18T06:49:02.467+00:00,2026-09-18T06:49:26.842+00:00,2026-09-18T06:49:32.789+00:00,True,100,100.0,,100.0,24375.271614999998,30321.918399,30321.918494999998,303.21918495,0.0,24375.271614999998,2431.8196643059036,69.6087938,60.06713923232323,38.34111505491885,3.2979443676392832,49,64,,False,True,,222,87.6246207195492
21,2026-09-18T06:49:02.783+00:00,2026-09-18T06:49:27.960+00:00,2026-09-18T06:49:30.838+00:00,True,48,48.0,,48.0,25176.972595,28054.780210999998,28054.780286999998,584.4745893125,0.0,25176.972595,3625.568829725117,82.39845615000002,61.22994927659574,56.021726434987855,1.7109383726763143,49,64,,False,True,,246,87.6246207195492
22,2026-09-18T06:49:03.152+00:00,2026-09-18T06:49:29.759+00:00,2026-09-18T06:49:32.192+00:00,True,41,41.0,,41.0,26607.311878,29039.863558,29039.863577,708.2893555365854,35.381184999999995,26607.311878,4145.876814231329,79.191363,60.813792,9.378862241940197,1.4118523634972513,49,64,,False,True,,193,87.6246207195492
23,2026-09-18T06:49:03.638+00:00,2026-09-18T06:49:31.604+00:00,2026-09-18T06:49:33.458+00:00,True,26,26.0,,26.0,27965.312214,29819.879638000002,29819.879547,1146.9184441153848,18.747005,27965.312214,5470.515002013198,371.1365,74.18269695999999,83.68227380267048,0.8719015742393452,49,64,,False,True,,108,87.6246207195492
24,2026-09-18T06:49:04.151+00:00,2026-09-18T06:49:33.481+00:00,2026-09-18T06:49:35.291+00:00,True,32,32.0,,32.0,29330.246357,31140.079061,31140.079038,973.1274699375,0.01657,29330.246357,5175.314318683594,268.64141989999996,58.38170012903226,88.4083753814351,1.0276146035890117,49,64,,False,True,,122,87.6246207195492
25,2026-09-18T06:49:04.470+00:00,2026-09-18T06:49:35.225+00:00,2026-09-18T06:49:37.847+00:00,True,51,51.0,,51.0,30754.820252999998,33376.320413,33376.320467,654.4376562156863,0.016239999999999997,30754.820252999998,4299.27474663625,92.4431545,52.4300032,26.524628312568264,1.52802943430923,49,64,,False,True,,220,87.6246207195492
26,2026-09-18T06:49:05.036+00:00,2026-09-18T06:49:36.752+00:00,2026-09-18T06:49:38.494+00:00,True,29,29.0,,29.0,31715.345959,33457.388071,33457.388105,1153.7030381034483,18.178376,31715.345959,5877.862000410096,99.52694899999999,62.21578971428572,16.850059044218344,0.8667741767067719,49,64,,False,True,,139,87.6246207195492
27,2026-09-18T06:49:05.560+00:00,2026-09-18T06:49:38.987+00:00,2026-09-18T06:49:44.674+00:00,True,99,99.0,,99.0,33426.47492,39114.255784,39114.255627,395.0934911818182,0.0,33426.47492,3353.703974114156,92.7838989,58.038580244897965,18.39583541141182,2.5310464948305813,49,64,,False,True,,586,87.6246207195492
28,2026-09-18T06:49:05.915+00:00,2026-09-18T06:49:39.631+00:00,2026-09-18T06:49:44.555+00:00,True,81,81.0,,81.0,33715.94173,38640.319074,38640.319166,477.0409773580247,29.200746,33715.94173,3739.407457424105,98.868397,61.554716799999994,15.352733164292525,2.096255981863842,49,64,,False,True,,370,87.6246207195492
29,2026-09-18T06:49:06.451+00:00,2026-09-18T06:49:42.320+00:00,2026-09-18T06:49:46.171+00:00,True,63,63.0,,63.0,35869.729214,39719.863998,39719.863891,630.474030015873,0.0,35869.729214,4511.934591481763,102.6256091,62.09894812903226,74.00847197139781,1.586108149896289,49,64,,False,True,,184,87.6246207195492
30,2026-09-18T06:49:06.840+00:00,2026-09-18T06:49:43.611+00:00,2026-09-18T06:49:47.359+00:00,True,62,62.0,,62.0,36770.438768,40519.309936,40519.309832,653.5372553548387,0.0,36770.438768,4662.614050713815,93.1337706,61.45690439344262,73.4250395819782,1.530134646861672,49,64,,False,True,,239,87.6246207195492
31,2026-09-18T06:49:07.305+00:00,2026-09-18T06:49:45.301+00:00,2026-09-18T06:49:45.863+00:00,True,11,11.0,,11.0,37995.343413999995,38558.14584599999,38558.14582599999,3505.2859841818176,27.875118999999998,37995.343413999995,11439.063660290074,19029.540887999996,56.2802432,12.048812598522478,0.28528342737053924,49,64,,False,True,,48,87.6246207195492
32,2026-09-18T06:49:07.640+00:00,2026-09-18T06:49:46.655+00:00,2026-09-18T06:49:51.335+00:00,True,76,76.0,,76.0,39015.559427,43694.992643,43694.992644,574.9341137368422,0.01896,39015.559427,4468.901724185006,80.85302300000001,62.392442880000004,77.72959855189974,1.7393297355818484,49,64,,False,True,,301,87.6246207195492
33,2026-09-18T06:49:08.101+00:00,2026-09-18T06:49:48.875+00:00,2026-09-18T06:49:49.007+00:00,True,4,4.0,,4.0,40773.856718999996,40906.32494299999,40906.324953999996,10226.581238499999,0.0442,40773.856718999996,20364.876045893387,34669.299583349995,44.15607466666666,39.644711923077026,0.09778438922522888,49,64,,False,True,,18,87.6246207195492
34,2026-09-18T06:49:08.636+00:00,2026-09-18T06:49:50.473+00:00,2026-09-18T06:49:51.806+00:00,True,23,23.0,,23.0,41837.084045,43169.882253,43169.882186,1876.9513993913044,38.720769,41837.084045,8711.007503708244,73.789514,60.58173672727273,9.165717671716669,0.532778844871685,49,64,,False,True,,70,87.6246207195492
35,2026-09-18T06:49:09.204+00:00,2026-09-18T06:49:53.013+00:00,2026-09-18T06:49:54.456+00:00,True,23,23.0,,23.0,43808.441406000005,45251.68799800001,45251.687853,1967.4646892608698,51.917944000000006,43808.441406000005,9121.017486276354,93.05762109999999,65.60211781818182,9.757095177158941,0.5082683324656647,49,64,,False,True,,144,87.6246207195492
36,2026-09-18T06:49:09.589+00:00,2026-09-18T06:49:54.772+00:00,2026-09-18T06:49:55.782+00:00,True,17,17.0,,17.0,45182.112957000005,46192.10054100001,46192.100504,2717.1823825882357,30.988032999999998,45182.112957000005,10942.974322686805,9120.7224834,63.124224,16.86853226330764,0.36802829490100447,49,64,,False,True,,60,87.6246207195492
37,2026-09-18T06:49:09.926+00:00,2026-09-18T06:49:56.193+00:00,2026-09-18T06:49:59.964+00:00,True,61,61.0,,61.0,46267.002700000005,50038.423628000004,50038.423602,820.3020262622952,35.282394999999994,46267.002700000005,5915.851428530136,94.69305499999999,62.85701546666667,14.207079692691991,1.2190631833946548,49,64,,False,True,,303,87.6246207195492
38,2026-09-18T06:49:10.406+00:00,2026-09-18T06:49:57.971+00:00,2026-09-18T06:50:01.066+00:00,True,50,50.0,,50.0,47564.923063,50660.002999000004,50660.003123,1013.20006246,0.0,47564.923063,6718.615422114621,101.72768735,63.16489665306123,108.12593653985967,0.9869719115687176,49,64,,False,True,,185,87.6246207195492
39,2026-09-18T06:49:10.939+00:00,2026-09-18T06:50:00.779+00:00,2026-09-18T06:50:05.978+00:00,True,95,95.0,,95.0,49839.889862,55038.49799,55038.497922,579.3526097052631,0.0,49839.889862,5108.877104684692,93.091999,55.304341787234044,105.91871525034227,1.726064545170921,49,64,,False,True,,435,87.6246207195492
40,2026-09-18T06:49:11.382+00:00,2026-09-18T06:50:02.582+00:00,2026-09-18T06:50:03.585+00:00,True,25,25.0,,25.0,51200.097909000004,52203.075701,52203.075679,2088.12302716,0.015960000000000002,51200.097909000004,10231.753041532043,162.1211244,41.79074133333334,44.22797615538219,0.47889898563047884,49,64,,False,True,,117,87.6246207195492
41,2026-09-18T06:49:11.930+00:00,2026-09-18T06:50:04.661+00:00,2026-09-18T06:50:10.927+00:00,True,99,99.0,,99.0,52730.623743000004,58996.777471,58996.777484000006,595.9270452929293,0.0,52730.623743000004,5293.819275004504,97.4072039,63.9403441632653,81.33179062990537,1.6780577557590102,49,64,,False,True,,362,87.6246207195492
42,2026-09-18T06:49:12.315+00:00,2026-09-18T06:50:05.980+00:00,2026-09-18T06:50:08.653+00:00,True,43,43.0,,43.0,53664.817835,56337.617067,56337.616885,1310.1771368604652,39.889686000000005,53664.817835,8174.11390575152,100.9111435,63.638076952380956,13.338544582440266,0.7632555695222586,49,64,,False,True,,246,87.6246207195492
43,2026-09-18T06:49:12.851+00:00,2026-09-18T06:50:08.094+00:00,2026-09-18T06:50:09.908+00:00,True,20,20.0,,20.0,55243.280909999994,57057.213709999996,57057.21367399999,2852.8606836999998,0.0,55243.280909999994,12332.641781380158,3544.5773204499997,95.47014736842105,177.9563655242239,0.3505253534049586,49,64,,False,True,,125,87.6246207195492
44,2026-09-18T06:49:13.388+00:00,2026-09-18T06:50:10.018+00:00,2026-09-18T06:50:12.034+00:00,True,34,34.0,,34.0,56630.045109,58646.824372999996,58646.824419,1724.9066005588236,35.174375,56630.045109,9701.501636895535,93.82142459999999,61.11452315151515,14.200950267742217,0.5797415352578412,49,64,,False,True,,143,87.6246207195492
45,2026-09-18T06:49:13.809+00:00,2026-09-18T06:50:11.618+00:00,2026-09-18T06:50:12.871+00:00,True,23,23.0,,23.0,57809.511029,59062.697333000004,59062.697407,2567.943365521739,37.620281000000006,57809.511029,12042.242175910047,66.83275809999999,56.96301381818182,9.352832625400426,0.38941668834263093,49,64,,False,True,,70,87.6246207195492
46,2026-09-18T06:49:14.353+00:00,2026-09-18T06:50:13.466+00:00,2026-09-18T06:50:17.196+00:00,True,51,51.0,,51.0,59113.659511,62843.059831,62843.059701,1232.2168568823529,0.0167,59113.659511,8267.871103015828,97.062641,74.58800640000001,112.30395252193317,0.8115454616174194,49,64,,False,True,,229,87.6246207195492
47,2026-09-18T06:49:14.777+00:00,2026-09-18T06:50:15.500+00:00,2026-09-18T06:50:20.611+00:00,True,83,83.0,,83.0,60722.45963799999,65833.684214,65833.68430899999,793.1769193855421,0.0,60722.45963799999,6659.655975690706,96.47547929999999,62.33200702439024,134.50936631302352,1.260752774069258,49,64,,False,True,,482,87.6246207195492
48,2026-09-18T06:49:15.260+00:00,2026-09-18T06:50:17.323+00:00,2026-09-18T06:50:18.267+00:00,True,16,16.0,,16.0,62063.401941,63006.585045,63006.585191,3937.9115744375,0.04455,62063.401941,15500.158702159386,15610.97023725,62.8788736,30.462085381878214,0.2539417108318539,49,64,,False,True,,69,87.6246207195492
49,2026-09-18T06:49:15.777+00:00,2026-09-18T06:50:19.089+00:00,2026-09-18T06:50:20.207+00:00,True,19,19.0,,19.0,63311.957174999996,64429.973175,64429.973172,3391.051219578947,0.0,63311.957174999996,14512.075317968529,7173.6861252,62.112,219.34608811262586,0.29489380584395997,49,64,,False,True,,88,87.6246207195492
50,2026-09-18T06:49:16.272+00:00,2026-09-18T06:50:21.199+00:00,2026-09-18T06:50:26.893+00:00,True,91,91.0,,91.0,64927.268942,70620.95035,70620.950379,776.0543997692308,32.86826,64927.268942,6799.605998951026,91.30037649999998,63.263126755555554,12.087490199903979,1.2885694620222568,49,64,,False,True,,387,87.6246207195492
51,2026-09-18T06:49:16.682+00:00,2026-09-18T06:50:22.435+00:00,2026-09-18T06:50:26.959+00:00,True,73,73.0,,73.0,65752.907784,70277.14663199999,70277.146698,962.7006396986301,34.599917,65752.907784,7688.451195166567,91.3294534,62.836650666666664,12.431335595715888,1.038744506550017,49,64,,False,True,,347,87.6246207195492
52,2026-09-18T06:49:17.140+00:00,2026-09-18T06:50:24.698+00:00,2026-09-18T06:50:25.708+00:00,True,17,17.0,,17.0,67557.831181,68567.856141,68567.856107,4033.4033004117646,36.298123,67557.831181,16369.874895017634,13582.761497,63.12656,12.567454164175528,0.2479295832881508,49,64,,False,True,,81,87.6246207195492
53,2026-09-18T06:49:17.508+00:00,2026-09-18T06:50:25.873+00:00,2026-09-18T06:50:27.731+00:00,True,30,30.0,,30.0,68364.91515700001,70222.444501,70222.44444,2340.748148,41.259392999999996,68364.91515700001,12469.981946029638,96.01964095,64.052736,14.008685308018716,0.42721383758682424,49,64,,False,True,,150,87.6246207195492
54,2026-09-18T06:49:17.944+00:00,2026-09-18T06:50:27.377+00:00,2026-09-18T06:50:31.121+00:00,True,62,62.0,,62.0,69432.927092,73176.81419599999,73176.814125,1180.2711955645161,35.774254,69432.927092,8810.203003668212,88.23937385,61.37519842622951,11.28012413038602,0.8472629026174394,49,64,,False,True,,228,87.6246207195492
55,2026-09-18T06:49:18.385+00:00,2026-09-18T06:50:29.071+00:00,2026-09-18T06:50:30.905+00:00,True,32,32.0,,32.0,70685.50379700001,72519.68978100001,72519.689903,2266.24030946875,37.216462,70685.50379700001,12485.093514323902,69.8034472,59.16728980645161,9.010217293012245,0.44125947169156154,49,64,,False,True,,124,87.6246207195492
56,2026-09-18T06:49:18.938+00:00,2026-09-18T06:50:32.253+00:00,2026-09-18T06:50:36.133+00:00,True,77,77.0,,77.0,73314.98725399999,77195.25119,77195.251095,1002.5357285064935,0.0,73314.98725399999,8350.186880070592,79.79006460000001,51.05610442105264,129.2398646635107,0.9974706839217425,49,64,,False,True,,420,87.6246207195492
57,2026-09-18T06:49:19.363+00:00,2026-09-18T06:50:32.877+00:00,2026-09-18T06:50:35.660+00:00,True,46,46.0,,46.0,73514.457532,76296.89849200001,76296.898689,1658.6282323695652,0.01732,73514.457532,10831.17932478724,77.751307,61.83202133333334,161.71876575075558,0.6029078626940944,49,64,,False,True,,189,87.6246207195492
58,2026-09-18T06:49:19.709+00:00,2026-09-18T06:50:34.751+00:00,2026-09-18T06:50:34.751+00:00,True,8,8.0,,8.0,75041.795398,75041.941574,75041.941378,9380.24267225,0.0167,75041.795398,26531.273826067038,48777.1797697,0.020882285714285714,0.007217894377039279,0.10660704976711029,49,64,,False,True,,30,87.6246207195492
59,2026-09-18T06:49:20.114+00:00,2026-09-18T06:50:35.471+00:00,2026-09-18T06:50:37.161+00:00,True,30,30.0,,30.0,75357.424941,77047.22154900001,77047.221514,2568.2407171333334,34.405846,75357.424941,13747.686649319692,77.06020295,58.26884855172413,11.359703252483502,0.3893716009073836,49,64,,False,True,,177,87.6246207195492
60,2026-09-18T06:49:20.516+00:00,2026-09-18T06:50:37.253+00:00,2026-09-18T06:50:40.583+00:00,True,52,52.0,,52.0,76737.125992,80066.225256,80066.225384,1539.7351035384615,38.888057999999994,76737.125992,10632.479633635327,96.3695283,65.27645615686275,12.443179190576144,0.6494623648578115,49,64,,False,True,,258,87.6246207195492
61,2026-09-18T06:49:21.043+00:00,2026-09-18T06:50:39.238+00:00,2026-09-18T06:50:39.238+00:00,True,1,1.0,,1.0,78195.684448,78195.684448,78195.684448,78195.684448,78195.684448,78195.684448,nan,78195.684448,nan,nan,0.01278842952855024,49,64,,False,True,,3,87.6246207195492
62,2026-09-18T06:49:21.572+00:00,2026-09-18T06:50:39.992+00:00,2026-09-18T06:50:42.090+00:00,True,33,33.0,,33.0,78419.958518,80518.445814,80518.445885,2439.9529056060605,37.156312,78419.958518,13639.757958156917,106.94211759999999,65.577728,17.61322699365382,0.40984397632600833,49,64,,False,True,,122,87.6246207195492
63,2026-09-18T06:49:22.003+00:00,2026-09-18T06:50:42.946+00:00,2026-09-18T06:50:45.954+00:00,True,49,49.0,,49.0,80942.485113,83950.307193,83950.307096,1713.271573387755,0.0,80942.485113,11555.454868068688,98.30802179999999,62.66296,167.90865409084236,0.583678626539746,49,64,,False,True,,197,87.6246207195492
64,2026-09-18T06:49:22.516+00:00,2026-09-18T06:50:45.771+00:00,2026-09-18T06:50:50.280+00:00,True,91,91.0,,91.0,83255.08687700001,87763.796509,87763.79653300002,964.4373245384617,0.0,83255.08687700001,8722.290032805213,75.676055,50.096773688888895,25.57779007524372,1.0368740143399349,49,64,,False,True,,386,87.6246207195492
65,2026-09-18T06:49:22.893+00:00,2026-09-18T06:50:46.112+00:00,2026-09-18T06:50:46.797+00:00,True,12,12.0,,12.0,83219.91822400001,83904.75304000001,83904.752877,6992.062739750001,54.776109,83219.91822400001,24005.54928803453,37488.7252506,62.25771054545455,4.833915685407605,0.14301931136462823,49,64,,False,True,,59,87.6246207195492
66,2026-09-18T06:49:23.384+00:00,2026-09-18T06:50:48.111+00:00,2026-09-18T06:50:53.192+00:00,True,83,83.0,,83.0,84727.00673000001,89807.77063400001,89807.77054700001,1082.0213318915664,38.873118000000005,84727.00673000001,9293.200820287879,84.3297505,61.960535414634144,9.38156345097987,0.9241961960981727,49,64,,False,True,,290,87.6246207195492
67,2026-09-18T06:49:23.791+00:00,2026-09-18T06:50:49.523+00:00,2026-09-18T06:50:49.843+00:00,True,6,6.0,,6.0,85731.34336399999,86051.74912399998,86051.74907099998,14341.958178499997,44.637908,85731.34336399999,34973.51623189116,64320.47640474999,64.081152,15.87075037351719,0.06972548566507394,49,64,,False,True,,21,87.6246207195492
68,2026-09-18T06:49:24.126+00:00,2026-09-18T06:50:50.626+00:00,2026-09-18T06:50:54.790+00:00,True,67,67.0,,67.0,86500.076674,90664.351106,90664.351088,1353.199269970149,37.536891000000004,86500.076674,10559.963515453026,91.6385593,63.095067151515146,10.860975683450288,0.7389894614881997,49,64,,False,True,,259,87.6246207195492
69,2026-09-18T06:49:24.644+00:00,2026-09-18T06:50:52.703+00:00,2026-09-18T06:50:57.046+00:00,True,70,70.0,,70.0,88058.36797400001,92401.37034200001,92401.370347,1320.0195763857143,37.725271,88058.36797400001,10517.470277953786,88.07312809999999,62.942063304347826,10.559541778120552,0.7575645224839516,49,64,,False,True,,320,87.6246207195492
70,2026-09-18T06:49:25.095+00:00,2026-09-18T06:50:54.168+00:00,2026-09-18T06:50:56.434+00:00,True,37,37.0,,37.0,89073.21255,91339.284614,91339.284546,2468.629312054054,35.687594,89073.21255,14633.203270942133,97.146792,62.94644622222222,13.056896380183302,0.40508309383374386,49,64,,False,True,,130,87.6246207195492
71,2026-09-18T06:49:25.534+00:00,2026-09-18T06:50:55.931+00:00,2026-09-18T06:50:57.510+00:00,True,26,26.0,,26.0,90397.817512,91976.616616,91976.61662,3537.5621776923076,34.975096,90397.817512,17716.087524786726,84.09740925,63.15196416,8.695422926276903,0.282680543779397,49,64,,False,True,,121,87.6246207195492
72,2026-09-18T06:49:26.045+00:00,2026-09-18T06:50:57.634+00:00,2026-09-18T06:51:03.356+00:00,True,93,93.0,,93.0,91589.42375,97310.675846,97310.675942,1046.3513542150538,38.739869,91589.42375,9490.935668206272,70.3412062,62.187522782608696,8.073246043442479,0.9557019226459602,49,64,,False,True,,421,87.6246207195492
73,2026-09-18T06:49:26.374+00:00,2026-09-18T06:50:58.806+00:00,2026-09-18T06:51:03.982+00:00,True,84,84.0,,84.0,92431.997114,97607.782842,97607.782805,1161.997414345238,35.155245,92431.997114,10078.357466875657,77.2835656,62.35886419277109,8.660772486908124,0.8605871125663489,49,64,,True,True,,458,87.6246207195492
74,2026-09-18T06:49:26.724+00:00,2026-09-18T06:51:00.164+00:00,2026-09-18T06:51:01.399+00:00,True,21,21.0,,21.0,93439.99970100001,94675.22530100001,94675.22521500001,4508.3440578571435,40.769475,93439.99970100001,20376.804316279795,93.17850800000001,61.76128,9.566063798257364,0.221810932408504,49,64,,True,True,,101,87.6246207195492
75,2026-09-18T06:49:27.122+00:00,2026-09-18T06:51:01.836+00:00,2026-09-18T06:51:02.033+00:00,True,4,4.0,,4.0,94714.065815,94911.26031099999,94911.260281,23727.81507025,63.879992,94714.065815,47324.16721910644,80517.3021557,65.73149866666667,2.817983398484337,0.042144630541128845,49,64,,True,True,,12,87.6246207195492
76,2026-09-18T06:49:27.709+00:00,2026-09-18T06:51:03.854+00:00,2026-09-18T06:51:07.031+00:00,True,52,52.0,,52.0,96145.173291,99321.644331,99321.644392,1910.0316229230768,39.921976,96145.173291,13324.303111411185,89.82750655,62.28374588235294,10.015608073657782,0.5235515415623249,49,64,,True,True,,244,87.6246207195492
77,2026-09-18T06:49:28.233+00:00,2026-09-18T06:51:06.155+00:00,2026-09-18T06:51:06.392+00:00,True,4,4.0,,4.0,97922.341406,98158.895646,98158.895548,24539.723887,67.032026,97922.341406,48921.74637533898,83248.16806535001,78.85141333333333,14.141795898393859,0.04075025471380189,49,64,,True,True,,15,87.6246207195492
78,2026-09-18T06:49:28.795+00:00,2026-09-18T06:51:08.314+00:00,2026-09-18T06:51:12.251+00:00,True,64,64.0,,64.0,99518.52277699999,103455.86754499999,103455.8675,1616.4979296875,34.256877,99518.52277699999,12432.007800979942,77.07343835000002,62.497536,10.833991942489348,0.6186212683602701,49,64,,True,True,,223,87.6246207195492
79,2026-09-18T06:49:29.362+00:00,2026-09-18T06:51:10.360+00:00,2026-09-18T06:51:10.789+00:00,True,8,8.0,,8.0,100998.152102,101427.701158,101427.701127,12678.462640875,40.670955,100998.152102,35686.54466089379,65672.06693525,61.36415085714286,9.322005468892256,0.07887391618526306,49,64,,True,True,,36,87.6246207195492
80,2026-09-18T06:49:29.941+00:00,2026-09-18T06:51:12.695+00:00,2026-09-18T06:51:14.268+00:00,True,26,26.0,,26.0,102753.584848,104327.182288,104327.182156,4012.583929076923,42.343132,102753.584848,20139.293162406382,86.09432825,62.9438976,8.046900218072548,0.24921597065878573,49,64,,True,True,,88,87.6246207195492
81,2026-09-18T06:49:30.364+00:00,2026-09-18T06:51:14.208+00:00,2026-09-18T06:51:20.527+00:00,True,99,99.0,,99.0,103844.55301199999,110163.32625999999,110163.32620799998,1112.7608707878787,36.476532,103844.55301199999,10430.295132369738,94.32133470000002,64.47727804081633,10.341074458161309,0.8986656754203929,49,64,,True,True,,470,87.6246207195492
82,2026-09-18T06:49:30.824+00:00,2026-09-18T06:51:16.084+00:00,2026-09-18T06:51:16.207+00:00,True,3,3.0,,3.0,105260.587965,105383.200701,105383.200738,35127.73357933333,57.536693,105260.587965,60736.833654887145,94741.03677650001,61.306368,5.331381483393586,0.028467535433012642,49,64,,True,True,,9,87.6246207195492
83,2026-09-18T06:49:31.197+00:00,2026-09-18T06:51:17.618+00:00,2026-09-18T06:51:19.142+00:00,True,24,24.0,,24.0,106420.513721,107944.922553,107944.92263,4497.705109583333,39.043378,106420.513721,21709.47227398089,97.069879,66.27864486956521,14.986671377580617,0.22233560812660005,49,64,,True,True,,91,87.6246207195492
84,2026-09-18T06:49:31.716+00:00,2026-09-18T06:51:19.295+00:00,2026-09-18T06:51:25.241+00:00,True,96,96.0,,96.0,107579.849539,113525.00589100001,113525.006028,1182.552146125,35.496674,107579.849539,10973.440245086455,89.19478199999999,62.58059317894737,10.461897726679137,0.8456286722607486,49,64,,True,True,,423,87.6246207195492
85,2026-09-18T06:49:32.239+00:00,2026-09-18T06:51:21.619+00:00,2026-09-18T06:51:27.879+00:00,True,100,100.0,,100.0,109380.361472,115640.398336,115640.39830700001,1156.40398307,38.437129,109380.361472,10931.718682011231,92.47717445,63.2326955959596,11.322429499633257,0.864749701998121,49,64,,True,True,,459,87.6246207195492
86,2026-09-18T06:49:32.813+00:00,2026-09-18T06:51:23.897+00:00,2026-09-18T06:51:28.632+00:00,True,76,76.0,,76.0,111083.595674,115819.30408999999,115819.30398,1523.9382102631578,39.867447,111083.595674,12734.923383732934,90.62007775000001,63.14277888,10.21949351416034,0.656194583425769,49,64,,True,True,,294,87.6246207195492
87,2026-09-18T06:49:33.265+00:00,2026-09-18T06:51:25.585+00:00,2026-09-18T06:51:27.815+00:00,True,37,37.0,,37.0,112320.841389,114550.863789,114550.863692,3095.9692889729727,36.835322,112320.841389,18455.252953510517,92.62925440000001,61.94506666666666,12.448318756156777,0.3230006197784168,49,64,,True,True,,129,87.6246207195492
88,2026-09-18T06:49:33.684+00:00,2026-09-18T06:51:27.161+00:00,2026-09-18T06:51:31.856+00:00,True,76,76.0,,76.0,113476.732172,118171.480332,118171.480274,1554.8878983421052,37.70847,113476.732172,13009.499081058771,92.49664650000001,62.59664213333333,12.058527771673429,0.6431331805819795,49,64,,True,True,,395,87.6246207195492
89,2026-09-18T06:49:34.171+00:00,2026-09-18T06:51:29.236+00:00,2026-09-18T06:51:30.194+00:00,True,17,17.0,,17.0,115064.808117,116023.04069299999,116023.04080399999,6824.88475317647,34.989504999999994,115064.808117,27892.792065880556,23075.0983962,59.889536,11.589564134995978,0.14652262083858367,49,64,,True,True,,84,87.6246207195492
90,2026-09-18T06:49:34.684+00:00,2026-09-18T06:51:31.481+00:00,2026-09-18T06:51:34.209+00:00,True,43,43.0,,43.0,116796.733926,119525.228774,119525.228706,2779.656481534884,36.675771999999995,116796.733926,17801.4341304935,97.8456543,64.96416304761904,14.951012388667035,0.3597566843507575,49,64,,True,True,,165,87.6246207195492
91,2026-09-18T06:49:35.158+00:00,2026-09-18T06:51:31.606+00:00,2026-09-18T06:51:36.340+00:00,True,75,75.0,,75.0,116448.18969300001,121181.97554900001,121181.975672,1615.7596756266669,37.46324,116448.18969300001,13438.898728934217,93.88747579999999,63.97007913513514,13.43460537366843,0.6189039224704973,49,64,,True,True,,332,87.6246207195492
92,2026-09-18T06:49:35.535+00:00,2026-09-18T06:51:35.054+00:00,2026-09-18T06:51:37.923+00:00,True,48,48.0,,48.0,119519.350787,122388.488451,122388.48848700001,2549.7601768125,34.869665,119519.350787,17242.3248284191,84.36768065,61.045482212765954,11.336332719602105,0.3921937480191815,49,64,,True,True,,218,87.6246207195492
93,2026-09-18T06:49:35.920+00:00,2026-09-18T06:51:36.757+00:00,2026-09-18T06:51:38.019+00:00,True,21,21.0,,21.0,120836.61652699999,122099.040591,122099.04062999999,5814.24003,35.268724999999996,120836.61652699999,26354.940247820574,93.03304700000001,63.121203200000004,12.689702067089708,0.17199152342518836,49,64,,True,True,,93,87.6246207195492
94,2026-09-18T06:49:36.384+00:00,2026-09-18T06:51:38.777+00:00,2026-09-18T06:51:39.899+00:00,True,19,19.0,,19.0,122392.551115,123514.147275,123514.147409,6500.744600473684,40.854375,122392.551115,28064.483647945934,12326.494577499998,62.310897777777775,10.387812387455483,0.15382853235182165,49,64,,True,True,,131,87.6246207195492
95,2026-09-18T06:49:36.745+00:00,2026-09-18T06:51:39.963+00:00,2026-09-18T06:51:40.365+00:00,True,8,8.0,,8.0,123218.678963,123620.114099,123620.114071,15452.514258875,41.521383,123218.678963,43544.10675264339,80114.3453655,57.34787657142857,7.513623904094367,0.06471438777020765,49,64,,True,True,,55,87.6246207195492
96,2026-09-18T06:49:37.297+00:00,2026-09-18T06:51:42.338+00:00,2026-09-18T06:51:44.569+00:00,True,37,37.0,,37.0,125041.291507,127271.745011,127271.745049,3439.776893216216,37.66357,125041.291507,20546.47677691158,70.798593,61.957041777777775,5.65611799145276,0.29071652939780246,49,64,,True,True,,167,87.6246207195492
97,2026-09-18T06:49:37.731+00:00,2026-09-18T06:51:44.004+00:00,2026-09-18T06:51:46.593+00:00,True,44,44.0,,44.0,126273.264404,128862.036756,128862.036637,2928.682650840909,34.390756,126273.264404,19027.337708846433,76.4917948,60.20400818604651,10.69675022428333,0.34145044659905466,49,64,,True,True,,210,87.6246207195492
98,2026-09-18T06:49:38.216+00:00,2026-09-18T06:51:45.440+00:00,2026-09-18T06:51:47.238+00:00,True,31,31.0,,31.0,127224.57104000001,129022.261664,129022.26173900001,4162.008443193548,36.216822,127224.57104000001,22839.447286811155,79.9071015,59.923020799999996,10.363007710517406,0.24026861411506065,49,64,,True,True,,147,87.6246207195492
99,2026-09-18T06:49:38.697+00:00,2026-09-18T06:51:47.526+00:00,2026-09-18T06:51:48.824+00:00,True,22,22.0,,22.0,128828.77876100001,130126.68084100001,130126.680821,5914.8491282272735,39.357227,128828.77876100001,27453.212286673377,74.91984860000001,61.804860952380956,8.345364918369468,0.16906601980328306,49,64,,True,True,,115,87.6246207195492
100,2026-09-18T06:49:39.247+00:00,2026-09-18T06:51:49.321+00:00,2026-09-18T06:51:49.443+00:00,True,3,3.0,,3.0,130074.49046799999,130196.63651599998,130196.63656999999,43398.87885666666,56.026426,130074.49046799999,75063.28171361447,117073.65338879998,61.073024,7.137049359831555,0.02304206990501884,49,64,,True,True,,10,87.6246207195492
101,2026-09-18T06:49:39.615+00:00,2026-09-18T06:51:50.737+00:00,2026-09-18T06:51:55.912+00:00,True,83,83.0,,83.0,131122.015689,136296.830665,136296.830713,1642.1304905180723,36.630680999999996,131122.015689,14385.58842250957,89.137444,63.107499707317075,11.256255876873276,0.6089650037718286,49,64,,True,True,,325,87.6246207195492
102,2026-09-18T06:49:39.965+00:00,2026-09-18T06:51:51.828+00:00,2026-09-18T06:51:56.268+00:00,True,72,72.0,,72.0,131862.988801,136302.351361,136302.351426,1893.08821425,33.808577,131862.988801,15532.83678958818,81.0925845,62.52623323943662,10.221045560123644,0.5282374022243116,49,64,,True,True,,338,87.6246207195492
103,2026-09-18T06:49:40.341+00:00,2026-09-18T06:51:53.192+00:00,2026-09-18T06:51:53.192+00:00,True,1,1.0,,1.0,132850.400773,132850.400773,132850.400773,132850.400773,132850.400773,132850.400773,nan,132850.400773,nan,nan,0.007527263705502017,49,64,,True,True,,2,87.6246207195492
104,2026-09-18T06:49:40.790+00:00,2026-09-18T06:51:55.068+00:00,2026-09-18T06:52:00.482+00:00,True,91,91.0,,91.0,134277.821924,139692.160228,139692.16043199998,1535.0786860659339,36.898152,134277.821924,14069.836963201004,69.0880505,60.15931448888889,9.09991298276269,0.6514324057375404,49,64,,True,True,,397,87.6246207195492
105,2026-09-18T06:49:41.375+00:00,2026-09-18T06:51:57.547+00:00,2026-09-18T06:52:01.291+00:00,True,62,62.0,,62.0,136171.985311,139916.476063,139916.476232,2256.717358580645,37.955339,136171.985311,17286.065254033136,68.00676655000001,61.38509429508196,7.822165673807409,0.4431215089499777,49,64,,True,True,,307,87.6246207195492
106,2026-09-18T06:49:41.727+00:00,2026-09-18T06:51:58.669+00:00,2026-09-18T06:52:00.439+00:00,True,29,29.0,,29.0,136942.43275900002,138712.66866300002,138712.66873900002,4783.195473758621,54.663688,136942.43275900002,25417.832084704474,83.60990999999999,63.22271085714286,6.834000405600296,0.20906525899559317,49,64,,True,True,,133,87.6246207195492
107,2026-09-18T06:49:42.220+00:00,2026-09-18T06:52:00.611+00:00,2026-09-18T06:52:01.581+00:00,True,17,17.0,,17.0,138391.202629,139361.194309,139361.194211,8197.717306529412,43.864139,138391.202629,33550.0938225813,27732.377025,60.62448,6.487788801486805,0.12198517732494871,49,64,,True,True,,52,87.6246207195492
108,2026-09-18T06:49:42.687+00:00,2026-09-18T06:52:02.357+00:00,2026-09-18T06:52:07.126+00:00,True,77,77.0,,77.0,139670.663515,144439.223131,144439.223008,1875.834065038961,38.185148999999996,139670.663515,15909.802331568786,90.5875848,62.74420547368421,10.42183861204808,0.533096193200682,49,64,,True,True,,318,87.6246207195492
109,2026-09-18T06:49:43.262+00:00,2026-09-18T06:52:04.424+00:00,2026-09-18T06:52:09.067+00:00,True,75,75.0,,75.0,141162.350074,145805.081594,145805.081732,1944.0677564266664,35.511744,141162.350074,16292.783325298755,93.1330868,62.73961513513514,11.069130565427773,0.5143853642141256,49,64,,True,True,,331,87.6246207195492
110,2026-09-18T06:49:43.836+00:00,2026-09-18T06:52:06.660+00:00,2026-09-18T06:52:08.244+00:00,True,26,26.0,,26.0,142823.918477,144408.708237,144408.708154,5554.181082846154,38.559478000000006,142823.918477,27997.64597297502,96.52380975,63.3915904,13.638601777603256,0.18004454383269908,49,64,,True,True,,142,87.6246207195492
111,2026-09-18T06:49:44.176+00:00,2026-09-18T06:52:08.248+00:00,2026-09-18T06:52:08.311+00:00,True,2,2.0,,2.0,144071.804405,144135.102709,144135.102597,72067.5512985,63.298192,144071.804405,101829.39129175736,136871.37909435,63.298304,nan,0.01387587036336234,49,64,,True,True,,6,87.6246207195492
112,2026-09-18T06:49:44.642+00:00,2026-09-18T06:52:10.126+00:00,2026-09-18T06:52:13.918+00:00,True,61,61.0,,61.0,145483.413975,149275.256279,149275.256467,2447.135351918033,33.703017,145483.413975,18619.15374202557,92.819026,63.197371733333334,10.532504175254678,0.40864106698292413,49,64,,True,True,,365,87.6246207195492
113,2026-09-18T06:49:45.154+00:00,2026-09-18T06:52:11.920+00:00,2026-09-18T06:52:16.528+00:00,True,75,75.0,,75.0,146765.821555,151374.598515,151374.59852600002,2018.3279803466667,35.266014000000006,146765.821555,16939.869456648954,89.01757219999999,62.28076972972973,11.278674026366296,0.49545961301141356,49,64,,True,True,,401,87.6246207195492
114,2026-09-18T06:49:45.728+00:00,2026-09-18T06:52:14.077+00:00,2026-09-18T06:52:15.881+00:00,True,30,30.0,,30.0,148349.019823,150152.60203100002,150152.601862,5005.086728733334,35.278534,148349.019823,27073.34859786923,85.01154085,62.19248993103448,10.120554328494215,0.19979673741388976,49,64,,True,True,,135,87.6246207195492
115,2026-09-18T06:49:46.231+00:00,2026-09-18T06:52:16.255+00:00,2026-09-18T06:52:20.862+00:00,True,73,73.0,,73.0,150024.264442,154630.825722,154630.825637,2118.2304881780824,37.649980000000006,150024.264442,17551.52922969301,96.92622,63.980017777777775,14.000864749098746,0.47209215665213883,49,64,,True,True,,373,87.6246207195492
116,2026-09-18T06:49:46.598+00:00,2026-09-18T06:52:17.712+00:00,2026-09-18T06:52:19.238+00:00,True,25,25.0,,25.0,151113.932695,152640.296599,152640.29661,6105.6118644,39.552816,151113.932695,30210.07047848627,101.63421540000002,63.598496,15.146470001462088,0.16378374883322774,49,64,,True,True,,108,87.6246207195492
117,2026-09-18T06:49:46.932+00:00,2026-09-18T06:52:18.733+00:00,2026-09-18T06:52:21.128+00:00,True,39,39.0,,39.0,151800.594788,154195.71133199998,154195.71118399999,3953.7361842051278,36.220993,151800.594788,24297.459321605722,94.57643820000001,63.0293827368421,12.458037791085664,0.2529253223912875,49,64,,True,True,,195,87.6246207195492
118,2026-09-18T06:49:47.310+00:00,2026-09-18T06:52:20.251+00:00,2026-09-18T06:52:23.515+00:00,True,52,52.0,,52.0,152940.731655,156204.75264700002,156204.752792,3003.937553692308,34.199947,152940.731655,21200.191107992723,90.7784906,64.00041160784313,11.20616453940827,0.33289640115824404,49,64,,True,True,,166,87.6246207195492
119,2026-09-18T06:49:47.754+00:00,2026-09-18T06:52:21.777+00:00,2026-09-18T06:52:25.979+00:00,True,67,67.0,,67.0,154022.739741,158225.474333,158225.474307,2361.5742433880596,36.018862999999996,154022.739741,18809.096079481358,90.7663099,63.67779684848485,10.75472031555349,0.4234463526334095,49,64,,True,True,,321,87.6246207195492
120,2026-09-18T06:49:48.151+00:00,2026-09-18T06:52:23.425+00:00,2026-09-18T06:52:28.412+00:00,True,80,80.0,,80.0,155273.694381,160261.636013,160261.636153,2003.2704519125,34.250616,155273.694381,17353.070876814236,89.09852780000001,63.13850167088608,10.586651788110101,0.49918372225721325,49,64,,True,True,,344,87.6246207195492
121,2026-09-18T06:49:48.870+00:00,2026-09-18T06:52:24.867+00:00,2026-09-18T06:52:25.072+00:00,True,4,4.0,,4.0,155997.539498,156202.122922,156202.122987,39050.53074675,57.541803,155997.539498,77964.67301667942,132609.8309741,68.19447466666666,10.984283927801089,0.025607846584757444,49,64,,True,True,,11,87.6246207195492
122,2026-09-18T06:49:48.880+00:00,2026-09-18T06:52:26.041+00:00,2026-09-18T06:52:30.689+00:00,True,76,76.0,,76.0,157161.04987000002,161808.89575800003,161808.89597500002,2129.0644207236846,35.509423999999996,157161.04987000002,18020.502949440703,71.54527949999999,61.97127850666667,10.017182212899177,0.4696898748611753,49,64,,True,True,,334,87.6246207195492
123,2026-09-18T06:49:49.422+00:00,2026-09-18T06:52:28.125+00:00,2026-09-18T06:52:30.977+00:00,True,48,48.0,,48.0,158703.042614,161555.607094,161555.607097,3365.7418145208335,35.852064,158703.042614,22898.052971954417,67.896652,60.69286127659574,10.002758453508628,0.29711132199869444,49,64,,True,True,,181,87.6246207195492
124,2026-09-18T06:49:49.836+00:00,2026-09-18T06:52:29.733+00:00,2026-09-18T06:52:30.627+00:00,True,16,16.0,,16.0,159896.586922,160790.33232999998,160790.332146,10049.395759125,39.842436,159896.586922,39959.2516234665,40024.022139999994,59.583027200000004,7.441400616764899,0.0995084702428639,49,64,,True,True,,66,87.6246207195492
125,2026-09-18T06:49:50.358+00:00,2026-09-18T06:52:31.689+00:00,2026-09-18T06:52:37.668+00:00,True,92,92.0,,92.0,161331.117968,167310.303888,167310.30393300002,1818.5902601413045,34.377196000000005,161331.117968,16813.088873533266,101.2857974,65.70533978021977,15.821797854154832,0.5498764742043991,49,64,,True,True,,368,87.6246207195492
126,2026-09-18T06:49:50.807+00:00,2026-09-18T06:52:33.656+00:00,2026-09-18T06:52:36.848+00:00,True,50,50.0,,50.0,162848.69408000002,166040.61856,166040.618331,3320.8123666200004,36.667331,162848.69408000002,23021.075266884607,97.7815078,65.14131591836735,14.480391763878409,0.301131135463291,49,64,,True,True,,201,87.6246207195492
127,2026-09-18T06:49:51.358+00:00,2026-09-18T06:52:36.033+00:00,2026-09-18T06:52:38.216+00:00,True,34,34.0,,34.0,164674.883734,166857.807254,166857.807237,4907.582565794118,38.16027,164674.883734,28230.17024830416,109.44910374999999,66.14919757575758,17.35519546878346,0.2037663119247597,49,64,,True,True,,161,87.6246207195492
128,2026-09-18T06:49:51.924+00:00,2026-09-18T06:52:38.092+00:00,2026-09-18T06:52:40.723+00:00,True,44,44.0,,44.0,166167.827162,168798.939866,168798.939819,3836.339541340909,36.229552000000005,166167.827162,25041.520099355123,73.9001778,61.18866753488372,10.478390111510622,0.260665144194206,49,64,,True,True,,225,87.6246207195492
129,2026-09-18T06:49:52.289+00:00,2026-09-18T06:52:39.380+00:00,2026-09-18T06:52:39.790+00:00,True,8,8.0,,8.0,167091.467844,167501.889348,167501.889209,20937.736151125,35.065234,167091.467844,59055.02656304988,108633.4504493,58.63164342857142,11.60228035397167,0.0477606553044861,49,64,,True,True,,31,87.6246207195492
130,2026-09-18T06:49:52.631+00:00,2026-09-18T06:52:40.841+00:00,2026-09-18T06:52:43.921+00:00,True,49,49.0,,49.0,168210.126553,171289.517273,171289.517154,3495.704431714286,39.557756999999995,168210.126553,24020.855733026165,95.2745344,64.15397333333334,11.090653977034002,0.2860653750451299,49,64,,True,True,,258,87.6246207195492
131,2026-09-18T06:49:53.063+00:00,2026-09-18T06:52:42.605+00:00,2026-09-18T06:52:46.913+00:00,True,70,70.0,,70.0,169542.072063,173850.336767,173850.336742,2483.5762391714284,36.841711000000004,169542.072063,20256.69412000183,93.01759845000001,62.43861889855073,11.927665102750385,0.40264517919120474,49,64,,True,True,,343,87.6246207195492
132,2026-09-18T06:49:53.491+00:00,2026-09-18T06:52:44.215+00:00,2026-09-18T06:52:46.586+00:00,True,40,40.0,,40.0,170724.07871,173095.058038,173095.058031,4327.376450775,37.56823,170724.07871,26984.236118117155,72.8563913,60.79434174358975,9.234705058034287,0.23108689787792036,49,64,,True,True,,141,87.6246207195492
133,2026-09-18T06:49:53.978+00:00,2026-09-18T06:52:45.777+00:00,2026-09-18T06:52:48.803+00:00,True,48,48.0,,48.0,171799.048798,174825.10729400002,174825.107308,3642.1897355833335,37.092411,171799.048798,24787.768094630675,95.5319668,64.38422331914893,14.910855457092957,0.27456010605661646,49,64,,True,True,,192,87.6246207195492
134,2026-09-18T06:49:54.439+00:00,2026-09-18T06:52:47.817+00:00,2026-09-18T06:52:51.590+00:00,True,62,62.0,,62.0,173378.656985,177151.418329,177151.418241,2857.280939370968,33.080388,173378.656985,22011.259617323205,77.695025,61.84854662295082,11.459635416639626,0.3499830855706476,49,64,,True,True,,212,87.6246207195492
135,2026-09-18T06:49:54.780+00:00,2026-09-18T06:52:49.059+00:00,2026-09-18T06:52:49.428+00:00,True,7,7.0,,7.0,174279.717447,174648.05767100002,174648.05757900001,24949.722511285716,49.673588,174279.717447,65848.3385480001,122015.7113424,61.39003733333334,6.084613993758969,0.04008060606769827,49,64,,True,True,,11,87.6246207195492
136,2026-09-18T06:49:55.281+00:00,2026-09-18T06:52:50.995+00:00,2026-09-18T06:52:52.117+00:00,True,17,17.0,,17.0,175713.53261700002,176835.98688900002,176835.98669100003,10402.116864176473,42.95234,175713.53261700002,42599.78012540819,35226.3188154,70.153392,17.47068696078738,0.09613427842982493,49,64,,True,True,,66,87.6246207195492
137,2026-09-18T06:49:55.768+00:00,2026-09-18T06:52:52.798+00:00,2026-09-18T06:52:54.846+00:00,True,32,32.0,,32.0,177030.024416,179077.815776,179077.815761,5596.18174253125,45.196646,177030.024416,31283.10852375239,98.2064962,66.0577858064516,14.6423533266401,0.17869326728904988,49,64,,True,True,,133,87.6246207195492
138,2026-09-18T06:49:56.265+00:00,2026-09-18T06:52:54.973+00:00,2026-09-18T06:52:56.621+00:00,True,26,26.0,,26.0,178708.221471,180356.452895,180356.453032,6936.786655076923,55.250457000000004,178708.221471,35034.637308896934,98.4698855,65.92925696,10.067804635962386,0.14415896732642383,49,64,,True,True,,124,87.6246207195492
139,2026-09-18T06:49:56.744+00:00,2026-09-18T06:52:56.621+00:00,2026-09-18T06:52:59.318+00:00,True,43,43.0,,43.0,179877.284435,182574.19221100002,182574.191968,4245.911441116279,37.199781,179877.284435,27421.24007969367,98.05082549999999,64.2120899047619,14.259035349386544,0.2355206915022531,49,64,,True,True,,259,87.6246207195492
140,2026-09-18T06:49:57.247+00:00,2026-09-18T06:52:58.644+00:00,2026-09-18T06:53:00.719+00:00,True,34,34.0,,34.0,181396.861775,183472.125263,183472.125088,5396.238973176471,38.085277999999995,181396.861775,31098.522654594304,95.81017215000001,62.88677236363637,12.669218524326604,0.18531425387514508,49,64,,True,True,,134,87.6246207195492
141,2026-09-18T06:49:57.803+00:00,2026-09-18T06:53:00.467+00:00,2026-09-18T06:53:05.035+00:00,True,75,75.0,,75.0,182663.479036,187231.620092,187231.619893,2496.4215985733335,34.768025,182663.479036,21085.034638961275,70.3414811,61.73163589189189,6.6530805646800975,0.4005733644944548,49,64,,True,True,,376,87.6246207195492
142,2026-09-18T06:49:58.378+00:00,2026-09-18T06:53:03.174+00:00,2026-09-18T06:53:06.022+00:00,True,48,48.0,,48.0,184796.25619999997,187643.81587999998,187643.81582,3909.246162916666,39.255847,184796.25619999997,26664.298164337077,70.11019209999999,60.586376170212766,7.339841880078745,0.25580379387880525,49,64,,True,True,,196,87.6246207195492
143,2026-09-18T06:49:58.934+00:00,2026-09-18T06:53:04.975+00:00,2026-09-18T06:53:07.637+00:00,True,46,46.0,,46.0,186040.778731,188702.623979,188702.624028,4102.230957130435,36.529782,186040.778731,27421.496786160762,74.78730775,59.15211662222222,10.456686924467526,0.24376979519436445,49,64,,True,True,,189,87.6246207195492
144,2026-09-18T06:49:59.361+00:00,2026-09-18T06:53:06.488+00:00,2026-09-18T06:53:09.555+00:00,True,52,52.0,,52.0,187127.512261,190193.990853,190193.991003,3657.576750057692,36.837881,187127.512261,25941.581185200364,77.39497994999999,60.12703121568628,11.180364221691642,0.2734050627298238,49,64,,True,True,,226,87.6246207195492
145,2026-09-18T06:49:59.701+00:00,2026-09-18T06:53:08.151+00:00,2026-09-18T06:53:11.631+00:00,True,59,59.0,,59.0,188450.205463,191930.58920699998,191930.58921099998,3253.0608340847457,34.165316,188450.205463,24526.316956714443,69.928969,60.006616275862065,10.30948515321627,0.3074027972496225,49,64,,True,True,,286,87.6246207195492
146,2026-09-18T06:50:00.161+00:00,2026-09-18T06:53:10.008+00:00,2026-09-18T06:53:12.169+00:00,True,37,37.0,,37.0,189846.982693,192008.196901,192008.197026,5189.4107304324325,36.374153,189846.982693,31200.78301689559,68.8157354,60.033728,7.182958573791228,0.19270010654324987,49,64,,True,True,,133,87.6246207195492
147,2026-09-18T06:50:00.578+00:00,2026-09-18T06:53:11.566+00:00,2026-09-18T06:53:13.562+00:00,True,33,33.0,,33.0,190988.026152,192984.192552,192984.192553,5848.005834939394,34.164216,190988.026152,33235.891096406995,95.91187900000001,62.3802,12.250735474840548,0.17099846139526728,49,64,,True,True,,144,87.6246207195492
148,2026-09-18T06:50:01.145+00:00,2026-09-18T06:53:13.272+00:00,2026-09-18T06:53:16.354+00:00,True,50,50.0,,50.0,192127.47615099998,195209.799095,195209.799133,3904.1959826599996,36.74216199999999,192127.47615099998,27162.034876444242,93.1748999,62.90454987755102,12.181017836100537,0.25613468295035335,49,64,,True,True,,216,87.6246207195492
149,2026-09-18T06:50:01.504+00:00,2026-09-18T06:53:14.907+00:00,2026-09-18T06:53:17.559+00:00,True,43,43.0,,43.0,193402.94735,196055.037974,196055.037825,4559.419484302326,40.232354,193402.94735,29484.045867970835,97.1498198,63.14501485714286,12.097950579315588,0.21932616700062804,49,64,,True,True,,202,87.6246207195492
151,2026-09-18T06:50:02.611+00:00,2026-09-18T06:53:16.631+00:00,2026-09-18T06:53:17.306+00:00,True,12,12.0,,12.0,194020.73301,194695.28149,194695.281489,16224.60679075,40.938333,194020.73301,55991.26022962506,87359.81608095,61.32258909090909,12.753400704718732,0.06163477567696651,49,64,,True,True,,47,87.6246207195492
150,2026-09-18T06:50:02.590+00:00,2026-09-18T06:53:17.773+00:00,2026-09-18T06:53:22.897+00:00,True,83,83.0,,83.0,195182.72454,200307.105724,200307.105607,2413.3386217710845,34.017856,195182.72454,21417.23236219848,96.07099539999999,62.492453463414634,13.934950195271197,0.41436373262945747,49,64,,True,True,,369,87.6246207195492
152,2026-09-18T06:50:02.865+00:00,2026-09-18T06:53:20.088+00:00,2026-09-18T06:53:24.946+00:00,True,78,78.0,,78.0,197222.300093,202080.405437,202080.405487,2590.774429320513,37.258309999999994,197222.300093,22323.888974923804,96.07195180000001,63.0922771948052,14.529721380159497,0.38598497380943275,49,64,,True,True,,271,87.6246207195492
153,2026-09-18T06:50:03.410+00:00,2026-09-18T06:53:22.490+00:00,2026-09-18T06:53:27.562+00:00,True,81,81.0,,81.0,199080.309039,204152.436527,204152.436614,2520.4004520246917,34.226845999999995,199080.309039,22112.99356806924,96.82692999999999,63.4015936,13.134525395256873,0.39676234767488266,49,64,,True,True,,356,87.6246207195492
154,2026-09-18T06:50:03.746+00:00,2026-09-18T06:53:23.926+00:00,2026-09-18T06:53:29.150+00:00,True,85,85.0,,85.0,200179.994917,205404.449829,205404.449697,2416.522937611765,37.72063,200179.994917,21705.825955208926,95.784949,62.19589180952381,11.623105852455879,0.41381771461505745,49,64,,True,True,,286,87.6246207195492
155,2026-09-18T06:50:04.311+00:00,2026-09-18T06:53:26.479+00:00,2026-09-18T06:53:27.436+00:00,True,16,16.0,,16.0,202167.372871,203124.976455,203124.976312,12695.3110195,43.336139,202167.372871,50525.884918015705,50614.888761999995,63.84023893333333,13.794803674279713,0.07876923989967632,49,64,,True,True,,65,87.6246207195492
156,2026-09-18T06:50:04.724+00:00,2026-09-18T06:53:27.654+00:00,2026-09-18T06:53:31.145+00:00,True,58,58.0,,58.0,202929.589468,206420.919772,206420.919955,3558.9813785344827,36.719721,202929.589468,26637.91958397135,78.2253063,61.25140884210526,9.807193462213766,0.2809792731476213,49,64,,True,True,,291,87.6246207195492
157,2026-09-18T06:50:05.183+00:00,2026-09-18T06:53:29.272+00:00,2026-09-18T06:53:32.232+00:00,True,49,49.0,,49.0,204088.789571,207049.604419,207049.604401,4225.5021306326535,35.311174,204088.789571,29146.731452530625,85.80354739999999,61.683642666666664,11.00458604460384,0.23665826427197698,49,64,,True,True,,246,87.6246207195492
158,2026-09-18T06:50:05.744+00:00,2026-09-18T06:53:31.579+00:00,2026-09-18T06:53:32.923+00:00,True,23,23.0,,23.0,205835.59531499998,207178.748723,207178.74858599997,9007.771677652174,37.84389,205835.59531499998,42906.95952037132,85.89599400000002,61.05242763636363,10.731584897070883,0.11101524718035258,49,64,,True,True,,90,87.6246207195492
159,2026-09-18T06:50:06.146+00:00,2026-09-18T06:53:33.512+00:00,2026-09-18T06:53:38.704+00:00,True,83,83.0,,83.0,207366.13327700002,212558.54697300002,212558.547166,2560.9463513975907,38.142839,207366.13327700002,22754.44278113611,91.06439700000001,63.32211824390244,11.990675794650773,0.39048065195206183,49,64,,True,True,,360,87.6246207195492
160,2026-09-18T06:50:06.701+00:00,2026-09-18T06:53:35.403+00:00,2026-09-18T06:53:39.672+00:00,True,69,69.0,,69.0,208702.108768,212970.809184,212970.809103,3086.5334652608694,35.069555,208702.108768,25117.22678097909,91.6123206,62.77500611764706,11.510485864308066,0.32398806326732876,49,64,,True,True,,326,87.6246207195492
161,2026-09-18T06:50:07.252+00:00,2026-09-18T06:53:37.602+00:00,2026-09-18T06:53:43.433+00:00,True,95,95.0,,95.0,210349.570268,216180.877532,216180.87756400002,2275.5881848842105,34.423086000000005,210349.570268,21575.048534637197,89.7346507,62.03518365957447,10.778414802482366,0.4394468238104811,49,64,,True,True,,492,87.6246207195492
162,2026-09-18T06:50:07.585+00:00,2026-09-18T06:53:39.297+00:00,2026-09-18T06:53:39.910+00:00,True,11,11.0,,11.0,211712.053445,212324.58899699998,212324.58881,19302.235346363635,41.586332999999996,211712.053445,63815.117770167984,105892.3772845,61.2535552,8.494311662224325,0.05180747106099626,49,64,,True,True,,42,87.6246207195492
163,2026-09-18T06:50:07.915+00:00,2026-09-18T06:53:40.228+00:00,2026-09-18T06:53:41.880+00:00,True,27,27.0,,27.0,212312.778134,213964.94607,213964.945928,7924.6276269629625,34.953525,212312.778134,40847.38599482036,95.3066624,63.54492061538462,13.090034117514577,0.12618889447043713,49,64,,True,True,,132,87.6246207195492
164,2026-09-18T06:50:08.243+00:00,2026-09-18T06:53:41.388+00:00,2026-09-18T06:53:43.058+00:00,True,28,28.0,,28.0,213145.50507100002,214815.52951900003,214815.529501,7671.983196464286,40.808664,213145.50507100002,40269.0272105579,91.90753155,61.85275733333334,13.04161299216929,0.1303443939211269,49,64,,True,True,,116,87.6246207195492
165,2026-09-18T06:50:08.719+00:00,2026-09-18T06:53:43.246+00:00,2026-09-18T06:53:45.645+00:00,True,39,39.0,,39.0,214526.18847099997,216925.871543,216925.87144799996,5562.201832,41.455112,214526.18847099997,34341.5720957231,93.36497229999999,63.14955452631579,10.670743308481113,0.17978491787351997,49,64,,True,True,,125,87.6246207195492
166,2026-09-18T06:50:09.059+00:00,2026-09-18T06:53:44.338+00:00,2026-09-18T06:53:44.429+00:00,True,2,2.0,,2.0,215278.734868,215369.699604,215369.699818,107684.849909,90.96495,215278.734868,152160.73133742835,204519.3463721,90.964736,nan,0.009286357383036693,49,64,,True,True,,2,87.6246207195492
167,2026-09-18T06:50:09.458+00:00,2026-09-18T06:53:45.871+00:00,2026-09-18T06:53:49.646+00:00,True,59,59.0,,59.0,216412.87078099998,220188.15474899998,220188.15487799997,3732.002625050847,0.01772,216412.87078099998,28166.094034551228,92.3880267,65.09110289655172,26.450367654069854,0.2679526519819203,49,64,,True,True,,297,87.6246207195492
168,2026-09-18T06:50:09.853+00:00,2026-09-18T06:53:47.321+00:00,2026-09-18T06:53:53.195+00:00,True,94,94.0,,94.0,217467.4252,223341.532592,223341.532687,2375.9737519893615,0.0173,217467.4252,22423.54806656535,91.5543545,63.16244507526882,21.82124021906907,0.4208800705765688,49,64,,True,True,,418,87.6246207195492
169,2026-09-18T06:50:10.296+00:00,2026-09-18T06:53:49.706+00:00,2026-09-18T06:53:51.777+00:00,True,35,35.0,,35.0,219409.900401,221480.412017,221480.411934,6328.011769542857,35.527614,219409.900401,37076.749955125204,80.51349450000001,60.89740047058824,10.055453752583638,0.1580275189180772,49,64,,True,True,,165,87.6246207195492
170,2026-09-18T06:50:10.797+00:00,2026-09-18T06:53:51.240+00:00,2026-09-18T06:53:51.432+00:00,True,4,4.0,,4.0,220442.750362,220634.895514,220634.895543,55158.72388575,62.351644,220442.750362,110189.35099590088,187386.2690311,64.048384,1.9694150380739963,0.01812949846705544,49,64,,True,True,,13,87.6246207195492
171,2026-09-18T06:50:11.162+00:00,2026-09-18T06:53:52.654+00:00,2026-09-18T06:53:57.313+00:00,True,76,76.0,,76.0,221492.304082,226151.72936199998,226151.72957099997,2975.6806522499996,35.958512,221492.304082,25399.785226249343,75.28446125,62.1256704,9.588942499040646,0.33605756725542063,49,64,,True,True,,377,87.6246207195492
172,2026-09-18T06:50:11.711+00:00,2026-09-18T06:53:54.937+00:00,2026-09-18T06:53:57.561+00:00,True,43,43.0,,43.0,223226.245722,225850.048346,225850.04837,5252.326706279069,50.729695,223226.245722,34032.15679243884,68.7303541,62.47149104761905,4.35710011707257,0.19039181224404447,49,64,,True,True,,150,87.6246207195492
173,2026-09-18T06:50:12.223+00:00,2026-09-18T06:53:56.877+00:00,2026-09-18T06:53:59.383+00:00,True,41,41.0,,41.0,224653.938345,227160.686761,227160.686632,5540.504552,40.595144,224653.938345,35075.26479904791,91.92809799999999,62.6687104,9.790963956917064,0.18048897714038376,49,64,,True,True,,225,87.6246207195492
174,2026-09-18T06:50:12.757+00:00,2026-09-18T06:53:58.535+00:00,2026-09-18T06:53:58.725+00:00,True,4,4.0,,4.0,225778.231186,225967.658642,225967.658741,56491.91468525,57.938231,225778.231186,112857.54443795614,191921.9379856,63.14248533333333,5.937550923242792,0.017701648209477578,49,64,,True,True,,10,87.6246207195492
175,2026-09-18T06:50:13.224+00:00,2026-09-18T06:54:00.624+00:00,2026-09-18T06:54:04.745+00:00,True,67,67.0,,67.0,227400.159947,231521.058507,231521.05846200002,3455.538186,35.916453000000004,227400.159947,27773.7250172853,83.951021,62.437856969696966,10.154599892056208,0.28939052210654204,49,64,,True,True,,300,87.6246207195492
176,2026-09-18T06:50:13.561+00:00,2026-09-18T06:54:02.006+00:00,2026-09-18T06:54:06.010+00:00,True,66,66.0,,66.0,228444.742562,232448.778402,232448.778325,3521.9511867424244,38.157589,228444.742562,28112.02292301878,76.73247375,61.600551384615386,9.125220693424605,0.28393352055332693,49,64,,True,True,,288,87.6246207195492
177,2026-09-18T06:50:13.975+00:00,2026-09-18T06:54:03.362+00:00,2026-09-18T06:54:09.248+00:00,True,94,94.0,,94.0,229387.216786,235273.09813,235273.098206,2502.90530006383,34.580555,229387.216786,23652.96063504174,90.60780945,63.28904670967742,12.938178180257482,0.3995356917009711,49,64,,True,True,,214,87.6246207195492
178,2026-09-18T06:50:14.551+00:00,2026-09-18T06:54:05.453+00:00,2026-09-18T06:54:08.905+00:00,True,54,54.0,,54.0,230901.769194,234354.042602,234354.04256,4339.889677037037,37.57824900000001,230901.769194,31412.890242498645,99.57465889999999,65.13723411320755,14.865520349278857,0.23042060380288554,49,64,,True,True,,266,87.6246207195492
179,2026-09-18T06:50:14.892+00:00,2026-09-18T06:54:06.741+00:00,2026-09-18T06:54:06.741+00:00,True,1,1.0,,1.0,231849.332851,231849.332851,231849.332851,231849.332851,231849.332851,231849.332851,nan,231849.332851,nan,nan,0.004313145902570523,49,64,,True,True,,2,87.6246207195492
180,2026-09-18T06:50:15.282+00:00,2026-09-18T06:54:08.419+00:00,2026-09-18T06:54:10.706+00:00,True,39,39.0,,39.0,233137.247649,235424.235681,235424.235598,6036.5188614871795,34.345466,233137.247649,37322.20134619059,76.06714960000001,60.183895578947364,10.480111448238098,0.1656583906375936,49,64,,True,True,,181,87.6246207195492
181,2026-09-18T06:50:15.601+00:00,2026-09-18T06:54:09.357+00:00,2026-09-18T06:54:14.859+00:00,True,90,90.0,,90.0,233756.083771,239258.134843,239258.13488,2658.423720888889,36.986031000000004,233756.083771,24633.54092871727,85.2053731,61.82079856179775,11.581319909553319,0.3761627585162676,49,64,,True,True,,364,87.6246207195492
182,2026-09-18T06:50:16.155+00:00,2026-09-18T06:54:11.819+00:00,2026-09-18T06:54:14.985+00:00,True,53,53.0,,53.0,235664.493794,238830.62166600002,238830.62169600002,4506.238145207547,35.677633,235664.493794,32362.645742323715,72.2160154,60.88707446153846,9.799272902794328,0.2219145921502456,49,64,,True,True,,225,87.6246207195492
183,2026-09-18T06:50:17.258+00:00,2026-09-18T06:54:12.845+00:00,2026-09-18T06:54:19.010+00:00,True,99,99.0,,99.0,235586.563229,241751.549853,241751.549887,2441.9348473434343,34.616195,235586.563229,23671.020344816567,90.7081009,62.90802677551021,10.620470683208561,0.4095113353366221,49,64,,True,True,,517,87.6246207195492
184,2026-09-18T06:50:17.295+00:00,2026-09-18T06:54:14.860+00:00,2026-09-18T06:54:15.168+00:00,True,6,6.0,,6.0,237565.508523,237873.367979,237873.367997,39645.561332833335,59.0286,237565.508523,96960.57612749067,178190.3516195,61.5718912,2.234101288572924,0.025223504636003195,49,64,,True,True,,19,87.6246207195492
185,2026-09-18T06:50:17.480+00:00,2026-09-18T06:54:17.214+00:00,2026-09-18T06:54:21.016+00:00,True,60,60.0,,60.0,239734.67861700003,243536.78114500002,243536.78105000002,4058.946350833334,38.937807,239734.67861700003,30941.295575136384,87.50786740000001,64.44241572881356,8.42890494660793,0.24636935627508535,49,64,,True,True,,244,87.6246207195492
186,2026-09-18T06:50:18.044+00:00,2026-09-18T06:54:19.415+00:00,2026-09-18T06:54:25.042+00:00,True,91,91.0,,91.0,241371.497638,246998.488486,246998.488583,2714.2691053076924,38.384819,241371.497638,25296.05588181045,78.535583,62.52212053333333,9.812286797328543,0.36842330719427835,49,64,,True,True,,398,87.6246207195492
187,2026-09-18T06:50:18.523+00:00,2026-09-18T06:54:21.489+00:00,2026-09-18T06:54:23.983+00:00,True,41,41.0,,41.0,242966.459099,245460.390363,245460.39031,5986.838788048781,36.770302,242966.459099,37935.250684211605,97.33091800000003,62.3482816,12.221422731817691,0.16703305954727357,49,64,,True,True,,205,87.6246207195492
188,2026-09-18T06:50:19.074+00:00,2026-09-18T06:54:23.691+00:00,2026-09-18T06:54:25.105+00:00,True,24,24.0,,24.0,244616.68985499998,246030.448319,246030.44821699997,10251.268675708332,43.818218,244616.68985499998,49919.62612648591,73.300194,61.46775930434783,6.878436700387157,0.0975489016257122,49,64,,True,True,,92,87.6246207195492
189,2026-09-18T06:50:19.448+00:00,2026-09-18T06:54:25.174+00:00,2026-09-18T06:54:25.596+00:00,True,8,8.0,,8.0,245726.04097600002,246147.982736,246147.98282700003,30768.497853375004,34.835225,245726.04097600002,86855.96433378459,159746.5391517,60.27739428571429,11.664659532971058,0.0325007741728284,49,64,,True,True,,37,87.6246207195492
190,2026-09-18T06:50:19.897+00:00,2026-09-18T06:54:26.919+00:00,2026-09-18T06:54:31.080+00:00,True,66,66.0,,66.0,247021.974588,251183.49343600002,251183.493357,3805.810505409091,33.966536,247021.974588,30398.425343903837,93.083946,64.02336689230769,13.424701645740054,0.2627561194295452,49,64,,True,True,,360,87.6246207195492
191,2026-09-18T06:50:20.353+00:00,2026-09-18T06:54:28.473+00:00,2026-09-18T06:54:31.897+00:00,True,56,56.0,,56.0,248120.131,251543.322808,251543.322811,4491.845050196428,36.754360999999996,248120.131,33148.13134579271,76.714229,62.239851054545454,9.435505707723856,0.22262566692236999,49,64,,True,True,,304,87.6246207195492
192,2026-09-18T06:50:20.870+00:00,2026-09-18T06:54:30.593+00:00,2026-09-18T06:54:34.949+00:00,True,71,71.0,,71.0,249723.51906299999,254078.940503,254078.94060899998,3578.5766282957743,40.040755,249723.51906299999,29629.346355345202,82.4293505,62.22030628571429,8.985372505865511,0.27944071184900776,49,64,,True,True,,331,87.6246207195492
193,2026-09-18T06:50:21.330+00:00,2026-09-18T06:54:31.952+00:00,2026-09-18T06:54:31.952+00:00,True,1,1.0,,1.0,250621.48619,250621.48619,250621.48619,250621.48619,250621.48619,250621.48619,nan,250621.48619,nan,nan,0.0039900808793460136,49,64,,True,True,,2,87.6246207195492
194,2026-09-18T06:50:21.818+00:00,2026-09-18T06:54:33.902+00:00,2026-09-18T06:54:37.631+00:00,True,60,60.0,,60.0,252083.807438,255813.035726,255813.035806,4263.550596766667,38.11531900000001,252083.807438,32535.721638383468,88.87677200000002,63.20725911864407,11.673743843059352,0.23454629600762678,49,64,,True,True,,362,87.6246207195492
195,2026-09-18T06:50:22.252+00:00,2026-09-18T06:54:35.683+00:00,2026-09-18T06:54:41.766+00:00,True,97,97.0,,97.0,253431.29680399998,259513.85782799998,259513.858025,2675.4005981958762,34.236416,253431.29680399998,25725.619093053112,92.3570232,63.36001066666667,12.05307171396458,0.3737758006907263,49,64,,True,True,,367,87.6246207195492
196,2026-09-18T06:50:22.589+00:00,2026-09-18T06:54:37.235+00:00,2026-09-18T06:54:42.774+00:00,True,90,90.0,,90.0,254646.613589,260185.573973,260185.57383799998,2890.950820422222,34.368635999999995,254646.613589,26835.551567894134,87.3443229,62.23550993258427,10.03041117270753,0.3459069564300267,49,64,,True,True,,381,87.6246207195492
197,2026-09-18T06:50:23.020+00:00,2026-09-18T06:54:38.564+00:00,2026-09-18T06:54:42.709+00:00,True,68,68.0,,68.0,255544.000777,259689.650953,259689.650975,3818.965455514706,34.724125,255544.000777,30981.760103444285,83.39510645,61.87537576119403,10.090222818200823,0.26185102005588584,49,64,,True,True,,326,87.6246207195492
198,2026-09-18T06:50:23.486+00:00,2026-09-18T06:54:40.232+00:00,2026-09-18T06:54:45.237+00:00,True,83,83.0,,83.0,256745.983113,261750.143113,261750.14327499998,3153.6161840361447,36.685101,256745.983113,28174.83502231385,67.2987911,61.02634146341463,6.283020928177343,0.31709629271976414,49,64,,True,True,,303,87.6246207195492
199,2026-09-18T06:50:23.859+00:00,2026-09-18T06:54:41.825+00:00,2026-09-18T06:54:47.495+00:00,True,94,94.0,,94.0,257966.264178,263636.073842,263636.07376500004,2804.639082606383,36.176542,257966.264178,26600.901944321988,71.2903235,60.96569531182796,9.000979795331126,0.3565521160671481,49,64,,True,True,,405,87.6246207195492
200,2026-09-18T06:50:24.431+00:00,2026-09-18T06:54:43.572+00:00,2026-09-18T06:54:45.323+00:00,True,29,29.0,,29.0,259141.316983,260891.914871,260891.91501599998,8996.272931586207,38.732587,259141.316983,48109.72539050731,84.829159,62.521353142857144,9.059206883762503,0.11115714342600182,49,64,,True,True,,106,87.6246207195492
201,2026-09-18T06:50:25.011+00:00,2026-09-18T06:54:45.740+00:00,2026-09-18T06:54:51.607+00:00,True,99,99.0,,99.0,260728.877256,266596.421064,266596.420951,2692.893140919192,35.666743000000004,260728.877256,26198.22276215981,72.2060068,59.872896,10.536729279198855,0.3713478208180212,49,64,,True,True,,389,87.6246207195492
202,2026-09-18T06:50:25.518+00:00,2026-09-18T06:54:47.301+00:00,2026-09-18T06:54:52.395+00:00,True,86,86.0,,86.0,261783.336298,266877.444714,266877.44463,3103.2261003488375,36.435882,261783.336298,28222.362850484107,87.0461615,59.93068724705882,11.237987463791828,0.3222452916250085,49,64,,True,True,,379,87.6246207195492
203,2026-09-18T06:50:26.016+00:00,2026-09-18T06:54:49.314+00:00,2026-09-18T06:54:50.238+00:00,True,16,16.0,,16.0,263298.090428,264221.92044400005,264221.920338,16513.870021125,41.007413,263298.090428,65809.12613162589,65891.54474675,61.58866773333333,9.862707042131525,0.06055515747184605,49,64,,True,True,,67,87.6246207195492
204,2026-09-18T06:50:26.342+00:00,2026-09-18T06:54:50.619+00:00,2026-09-18T06:54:52.397+00:00,True,31,31.0,,31.0,264276.651887,266054.447727,266054.447788,8582.401541548388,38.320659,264276.651887,47454.84553453009,79.451976,59.25986133333333,10.102016393849645,0.11651750333378859,49,64,,True,True,,131,87.6246207195492
205,2026-09-18T06:50:26.812+00:00,2026-09-18T06:54:52.355+00:00,2026-09-18T06:54:55.926+00:00,True,61,61.0,,61.0,265542.096575,269113.880511,269113.88040799997,4411.702957508196,34.027197,265542.096575,33991.56099747059,69.11138000000001,59.52973226666666,10.054089868239135,0.22666983911856095,49,64,,True,True,,287,87.6246207195492
206,2026-09-18T06:50:27.285+00:00,2026-09-18T06:54:53.951+00:00,2026-09-18T06:54:54.300+00:00,True,7,7.0,,7.0,266666.822257,267015.515505,267015.515304,38145.073614857145,41.142383,266666.822257,100768.61966527198,186686.3817193,58.11554133333333,8.78545531551258,0.02621570505654351,49,64,,True,True,,34,87.6246207195492
207,2026-09-18T06:50:27.677+00:00,2026-09-18T06:54:55.396+00:00,2026-09-18T06:55:00.017+00:00,True,73,73.0,,73.0,267718.534437,272339.972901,272339.972884,3730.6845600547945,36.781721,267718.534437,31326.57448486374,96.08070380000001,64.18664533333333,12.771576047659389,0.2680473204957565,49,64,,True,True,,293,87.6246207195492
208,2026-09-18T06:50:28.056+00:00,2026-09-18T06:54:56.922+00:00,2026-09-18T06:55:00.685+00:00,True,60,60.0,,60.0,268865.399659,272628.33802699996,272628.338052,4543.8056342,34.742785000000005,268865.399659,34702.142182478885,90.39887780000001,63.77861640677966,12.248016248306655,0.22007983628634323,49,64,,True,True,,348,87.6246207195492
209,2026-09-18T06:50:28.388+00:00,2026-09-18T06:54:58.180+00:00,2026-09-18T06:54:59.093+00:00,True,16,16.0,,16.0,269791.97103200003,270704.33455200004,270704.33463000006,16919.020914375003,35.199124000000005,269791.97103200003,67432.78827523744,67523.16720875,60.82423466666666,15.096472602201969,0.05910507501285146,49,64,,True,True,,69,87.6246207195492
210,2026-09-18T06:50:28.973+00:00,2026-09-18T06:55:00.620+00:00,2026-09-18T06:55:04.934+00:00,True,68,68.0,,68.0,271647.486713,275961.137401,275961.13747,4058.2520216176467,36.447581,271647.486713,32934.29167652266,95.3157225,64.38284608955225,13.569775825778814,0.2464115079406597,49,64,,True,True,,435,87.6246207195492
211,2026-09-18T06:50:29.302+00:00,2026-09-18T06:55:01.915+00:00,2026-09-18T06:55:07.506+00:00,True,90,90.0,,90.0,272613.35665,278203.88772199996,278203.88765199995,3091.154307244444,36.725301,272613.35665,28729.352303828076,94.45114345,62.81495586516854,12.43650935107729,0.3235037466116723,49,64,,True,True,,277,87.6246207195492
212,2026-09-18T06:50:29.802+00:00,2026-09-18T06:55:03.435+00:00,2026-09-18T06:55:07.633+00:00,True,68,68.0,,68.0,273633.5979,277831.250892,277831.251006,4085.7536912647056,37.29265,273633.5979,33175.352408505896,94.88347045,62.65153719402985,12.103049650219708,0.24475288428382494,49,64,,True,True,,322,87.6246207195492
213,2026-09-18T06:50:30.375+00:00,2026-09-18T06:55:06.047+00:00,2026-09-18T06:55:08.071+00:00,True,33,33.0,,33.0,275672.534948,277696.12637199997,277696.126491,8415.034136090908,35.587853,275672.534948,47977.4216371704,90.73600199999998,63.237232,10.588080483672218,0.11883493094100063,49,64,,True,True,,107,87.6246207195492
214,2026-09-18T06:50:30.767+00:00,2026-09-18T06:55:07.627+00:00,2026-09-18T06:55:12.126+00:00,True,73,73.0,,73.0,276860.303908,281358.549284,281358.549279,3854.2267024520547,35.790783000000005,276860.303908,32396.73739752866,90.016621,62.47563022222222,11.561938996776288,0.2594554179560923,49,64,,True,True,,287,87.6246207195492
215,2026-09-18T06:50:31.162+00:00,2026-09-18T06:55:08.862+00:00,2026-09-18T06:55:12.474+00:00,True,61,61.0,,61.0,277700.098969,281311.893913,281311.893874,4611.670391377049,35.880133,277700.098969,35548.1485807739,79.157691,60.1965824,11.197655348750784,0.21684116924990446,49,64,,True,True,,258,87.6246207195492
216,2026-09-18T06:50:31.710+00:00,2026-09-18T06:55:11.138+00:00,2026-09-18T06:55:14.202+00:00,True,50,50.0,,50.0,279428.32613,282492.56677,282492.566892,5649.85133784,37.607150000000004,279428.32613,39508.29073152047,91.24287639999999,62.535523265306125,11.840117499013813,0.17699580761255582,49,64,,True,True,,222,87.6246207195492
217,2026-09-18T06:50:32.258+00:00,2026-09-18T06:55:12.477+00:00,2026-09-18T06:55:16.696+00:00,True,69,69.0,,69.0,280219.553219,284438.004931,284438.005006,4122.289927623188,38.336847999999996,280219.553219,33727.00342315085,85.24398,62.036054588235295,10.854701978890102,0.24258361682974913,49,64,,True,True,,291,87.6246207195492
218,2026-09-18T06:50:32.651+00:00,2026-09-18T06:55:13.823+00:00,2026-09-18T06:55:17.896+00:00,True,67,67.0,,67.0,281171.55663999997,285245.075744,285245.075669,4257.389189089552,36.390612000000004,281171.55663999997,34343.03449809325,90.301662,61.71998642424242,11.664511632801927,0.2348857375547852,49,64,,True,True,,326,87.6246207195492
219,2026-09-18T06:50:33.205+00:00,2026-09-18T06:55:16.382+00:00,2026-09-18T06:55:20.410+00:00,True,66,66.0,,66.0,283176.892112,287205.69467199995,287205.694714,4351.601435060606,37.57916,283176.892112,34849.038007300165,88.15207924999999,61.98157784615385,10.478957052868838,0.22980045738777766,49,64,,True,True,,323,87.6246207195492
220,2026-09-18T06:50:33.570+00:00,2026-09-18T06:55:17.746+00:00,2026-09-18T06:55:19.709+00:00,True,33,33.0,,33.0,284176.670626,286139.477922,286139.477883,8670.893269181817,37.006201000000004,284176.670626,49458.13227605713,85.5229356,61.337728,10.61674240085649,0.11532837146293955,49,64,,True,True,,177,87.6246207195492
222,2026-09-18T06:50:34.774+00:00,2026-09-18T06:55:19.713+00:00,2026-09-18T06:55:24.289+00:00,True,76,76.0,,76.0,284938.793438,289514.59171,289514.59171300003,3809.402522539474,34.268246,284938.793438,32677.724189660545,70.19145100000001,61.01064362666666,9.58875034759986,0.2625083577000755,49,64,,True,True,,397,87.6246207195492
221,2026-09-18T06:50:34.739+00:00,2026-09-18T06:55:21.751+00:00,2026-09-18T06:55:25.662+00:00,True,65,65.0,,65.0,287012.487258,290922.66121,290922.661222,4475.733249569231,35.980002,287012.487258,35591.94098376261,76.32608099999999,61.096468,10.015502441501484,0.2234270775939325,49,64,,True,True,,261,87.6246207195492
223,2026-09-18T06:50:35.011+00:00,2026-09-18T06:55:22.523+00:00,2026-09-18T06:55:23.555+00:00,True,17,17.0,,17.0,287512.088473,288543.902617,288543.902837,16973.170755117648,54.572718,287512.088473,69716.28385720383,57577.01713860001,64.488384,8.690089445787462,0.05891651095661871,49,64,,True,True,,66,87.6246207195492
224,2026-09-18T06:50:35.286+00:00,2026-09-18T06:55:24.122+00:00,2026-09-18T06:55:29.826+00:00,True,94,94.0,,94.0,288836.25949,294539.64918600005,294539.64919,3133.4005232978725,37.323629999999994,288836.25949,29784.862304329938,91.31575685,61.32677092473118,11.522960266751493,0.31914209261734927,49,64,,True,True,,222,87.6246207195492
225,2026-09-18T06:50:35.641+00:00,2026-09-18T06:55:25.794+00:00,2026-09-18T06:55:31.943+00:00,True,100,100.0,,100.0,290152.956898,296302.895074,296302.89495,2963.0289494999997,34.765575,290152.956898,29009.08571801759,89.05547935,62.12058763636363,11.059429599568134,0.3374924837471654,49,64,,True,True,,569,87.6246207195492
226,2026-09-18T06:50:35.983+00:00,2026-09-18T06:55:26.922+00:00,2026-09-18T06:55:30.796+00:00,True,64,64.0,,64.0,290939.144952,294812.800248,294812.800075,4606.450001171875,34.312504999999994,290939.144952,36359.70921817948,88.88534304999999,61.486592,11.919829367102588,0.21708691056210055,49,64,,True,True,,353,87.6246207195492
227,2026-09-18T06:50:36.320+00:00,2026-09-18T06:55:28.124+00:00,2026-09-18T06:55:31.132+00:00,True,50,50.0,,50.0,291804.20308899996,294811.87950499996,294811.87936699996,5896.237587339999,39.135267,291804.20308899996,41258.667298777276,91.8182359,61.38115134693877,12.132565302044886,0.16959967856095842,49,64,,True,True,,235,87.6246207195492
228,2026-09-18T06:50:36.748+00:00,2026-09-18T06:55:30.129+00:00,2026-09-18T06:55:33.570+00:00,True,55,55.0,,55.0,293380.621778,296822.473938,296822.473731,5396.772249654545,39.464196,293380.621778,39550.841750096406,92.4189366,63.738002962962966,9.874049392806494,0.1852959422859886,49,64,,True,True,,253,87.6246207195492
229,2026-09-18T06:50:37.129+00:00,2026-09-18T06:55:31.198+00:00,2026-09-18T06:55:36.150+00:00,True,79,79.0,,79.0,294069.551263,299021.554591,299021.554443,3785.0829676329113,33.846916,294069.551263,33078.268456978025,93.1708747,63.487222153846155,11.318558689565531,0.26419500128696655,49,64,,True,True,,397,87.6246207195492
230,2026-09-18T06:50:37.602+00:00,2026-09-18T06:55:32.919+00:00,2026-09-18T06:55:35.483+00:00,True,41,41.0,,41.0,295316.718799,297881.050063,297881.05016900005,7265.391467536586,35.759542,295316.718799,46110.712656132135,94.780952,64.1082816,12.919278515808823,0.13763883265259322,49,64,,True,True,,211,87.6246207195492
231,2026-09-18T06:50:38.047+00:00,2026-09-18T06:55:34.641+00:00,2026-09-18T06:55:38.095+00:00,False,55,54.0,,54.0,296594.273879,300047.832919,300047.83308,5455.41514690909,0.037488999999999995,296594.273879,39984.143075716514,97.3415734,63.95479703703704,15.654826548159058,0.17997130482384677,49,64,,True,False,Request timeout: 300.0s exceeded,238,87.6246207195492
232,2026-09-18T06:50:38.428+00:00,2026-09-18T06:55:36.338+00:00,2026-09-18T06:55:37.808+00:00,True,24,24.0,,24.0,297909.79025900003,299379.634227,299379.634252,12474.151427166667,36.119492,297909.79025900003,60797.53748058703,93.4434116,63.906259478260864,11.266665701802143,0.08016577367384439,49,64,,True,True,,90,87.6246207195492
233,2026-09-18T06:50:38.917+00:00,2026-09-18T06:55:38.212+00:00,2026-09-18T06:55:38.950+00:00,False,14,13.0,,13.0,299294.449187,300032.077091,300032.076973,21430.86264092857,0.02493,299294.449187,79974.64339324759,104798.73254515,56.740608,17.507795093260142,0.04332870047110693,49,64,,True,False,Request timeout: 300.0s exceeded,41,87.6246207195492
234,2026-09-18T06:50:39.442+00:00,2026-09-18T06:55:39.551+00:00,2026-09-18T06:55:39.551+00:00,False,1,0.0,,0.0,300108.952362,300108.952362,300108.952362,300108.952362,300108.952362,300108.952362,nan,300108.952362,nan,nan,0.0,49,64,,True,False,"HTTPConnectionPool(host='gpu03', port=9002): Read timed out.",0,87.6246207195492
235,2026-09-18T06:50:40.017+00:00,2026-09-18T06:55:39.986+00:00,2026-09-18T06:55:40.054+00:00,False,3,2.0,,2.0,299969.21975,300037.672614,300037.672631,100012.55754366667,0.04051,299969.21975,173167.55250104194,269979.1390121,34.226432,48.34628221586963,0.006665829602581308,49,64,,True,False,Request timeout: 300.0s exceeded,5,87.6246207195492
236,2026-09-18T06:50:40.367+00:00,2026-09-18T06:55:40.319+00:00,2026-09-18T06:55:40.388+00:00,False,3,2.0,,2.0,299952.05348299997,300021.27972299996,300021.279933,100007.09331099999,0.04086,299952.05348299997,173157.41831895456,269963.7666937,34.61312,48.892779591204594,0.006666193817473667,49,64,,True,False,Request timeout: 300.0s exceeded,5,87.6246207195492
237,2026-09-18T06:50:40.752+00:00,2026-09-18T06:55:40.811+00:00,2026-09-18T06:55:40.811+00:00,False,1,0.0,,0.0,300059.282832,300059.282832,300059.282832,300059.282832,300059.282832,300059.282832,nan,300059.282832,nan,nan,0.0,49,64,,True,False,"HTTPConnectionPool(host='gpu03', port=9002): Read timed out.",0,87.6246207195492
238,2026-09-18T06:50:41.155+00:00,2026-09-18T06:55:41.193+00:00,2026-09-18T06:55:41.193+00:00,False,1,0.0,,0.0,300037.763362,300037.763362,300037.763362,300037.763362,300037.763362,300037.763362,nan,300037.763362,nan,nan,0.0,49,64,,True,False,TTFT timeout: 300.0s exceeded (TTFT: 300.001s),0,87.6246207195492
239,2026-09-18T06:50:41.538+00:00,2026-09-18T06:55:41.501+00:00,2026-09-18T06:55:41.614+00:00,False,3,2.0,,2.0,299962.149384,300075.958024,300075.95801,100025.31933666667,0.039850000000000003,299962.149384,173150.38331057585,269977.3113232,56.90432,80.4187451074636,0.006664979137848959,49,64,,True,False,Request timeout: 300.0s exceeded,9,87.6246207195492
240,2026-09-18T06:50:41.875+00:00,2026-09-18T06:55:41.835+00:00,2026-09-18T06:55:41.894+00:00,False,3,2.0,,2.0,299960.70581699995,300019.5530489999,300019.552987,100006.51766233331,0.02686,299960.70581699995,173165.40903024285,269970.5172662999,29.423616,41.57326274070141,0.006666232182784951,49,64,,True,False,Request timeout: 300.0s exceeded,8,87.6246207195492
241,2026-09-18T06:50:42.448+00:00,2026-09-18T06:55:42.541+00:00,2026-09-18T06:55:42.541+00:00,False,1,0.0,,0.0,300092.818524,300092.818524,300092.818524,300092.818524,300092.818524,300092.818524,nan,300092.818524,nan,nan,0.0,49,64,,True,False,"HTTPConnectionPool(host='gpu03', port=9002): Read timed out.",0,87.6246207195492
242,2026-09-18T06:50:42.832+00:00,2026-09-18T06:55:42.745+00:00,2026-09-18T06:55:42.891+00:00,False,4,3.0,,3.0,299913.34702100005,300058.79956500005,300058.7996680001,75014.69991700002,0.023,299913.34702100005,149932.43531881925,254937.30143630004,48.48418133333334,41.96986469582295,0.009998040398579034,49,64,,True,False,Request timeout: 300.0s exceeded,5,87.6246207195492
243,2026-09-18T06:50:43.313+00:00,2026-09-18T06:55:43.142+00:00,2026-09-18T06:55:43.372+00:00,False,6,5.0,,5.0,299829.043348,300058.90267599997,300058.90273699997,50009.81712283333,0.0213,299829.043348,122385.92900880017,224889.11388099997,45.9718656,28.047512055433025,0.01666339493815633,49,64,,True,False,Request timeout: 300.0s exceeded,19,87.6246207195492
244,2026-09-18T06:50:43.777+00:00,2026-09-18T06:55:43.837+00:00,2026-09-18T06:55:43.837+00:00,False,1,0.0,,0.0,300059.86407300003,300059.86407300003,300059.86407300003,300059.86407300003,300059.86407300003,300059.86407300003,nan,300059.86407300003,nan,nan,0.0,49,64,,True,False,"HTTPConnectionPool(host='gpu03', port=9002): Read timed out.",0,87.6246207195492
245,2026-09-18T06:50:44.158+00:00,2026-09-18T06:55:44.153+00:00,2026-09-18T06:55:44.253+00:00,False,3,2.0,,2.0,299994.43343599996,300094.43087599997,300094.43079899997,100031.47693299998,0.09965,299994.43343599996,173173.00733653278,270004.9798637,49.99872,70.56767284322758,0.006664568863080323,49,64,,True,False,Request timeout: 300.0s exceeded,2,87.6246207195492
246,2026-09-18T06:50:44.727+00:00,2026-09-18T06:55:44.495+00:00,2026-09-18T06:55:44.495+00:00,True,1,1.0,,1.0,299768.339246,299768.339246,299768.339246,299768.339246,299768.339246,299768.339246,nan,299768.339246,nan,nan,0.003335909330902909,49,64,,True,True,,2,87.6246207195492
247,2026-09-18T06:50:45.292+00:00,2026-09-18T06:55:45.628+00:00,2026-09-18T06:55:45.909+00:00,False,7,6.0,,6.0,300335.69618699996,300616.422715,300616.42257999995,42945.20322571428,0.02195,300335.69618699996,113498.54136896801,210255.67494989999,46.787754666666665,25.21626299700143,0.01995898941851328,49,64,,True,False,Request timeout: 300.0s exceeded,38,87.6246207195492
249,2026-09-18T06:50:45.980+00:00,2026-09-18T06:55:46.017+00:00,2026-09-18T06:55:46.017+00:00,False,1,0.0,,0.0,300037.13454,300037.13454,300037.13454,300037.13454,300037.13454,300037.13454,nan,300037.13454,nan,nan,0.0,49,64,,True,False,"HTTPConnectionPool(host='gpu03', port=9002): Read timed out.",0,87.6246207195492
250,2026-09-18T06:50:46.500+00:00,2026-09-18T06:55:46.714+00:00,2026-09-18T06:55:46.714+00:00,False,1,0.0,,0.0,300213.543046,300213.543046,300213.543046,300213.543046,300213.543046,300213.543046,nan,300213.543046,nan,nan,0.0,49,64,,True,False,"HTTPConnectionPool(host='gpu03', port=9002): Read timed out.",0,87.6246207195492
248,2026-09-18T06:50:45.624+00:00,2026-09-18T06:55:46.772+00:00,2026-09-18T06:55:46.772+00:00,False,1,0.0,,0.0,301148.39249299996,301148.39249299996,301148.39249299996,301148.39249299996,301148.39249299996,301148.39249299996,nan,301148.39249299996,nan,nan,0.0,49,64,,True,False,"HTTPConnectionPool(host='gpu03', port=9002): Read timed out.",0,87.6246207195492
251,2026-09-18T06:50:46.976+00:00,2026-09-18T06:55:47.058+00:00,2026-09-18T06:55:47.058+00:00,False,1,0.0,,0.0,300081.618251,300081.618251,300081.618251,300081.618251,300081.618251,300081.618251,nan,300081.618251,nan,nan,0.0,49,64,,True,False,"HTTPConnectionPool(host='gpu03', port=9002): Read timed out.",0,87.6246207195492
252,2026-09-18T06:50:47.415+00:00,2026-09-18T06:55:47.288+00:00,2026-09-18T06:55:47.352+00:00,True,2,2.0,,2.0,299872.949961,299937.543369,299937.54317,149968.771585,64.593209,299872.949961,211996.52211573484,284882.5321234,64.593408,nan,0.006668054880810594,49,64,,True,True,,5,87.6246207195492
253,2026-09-18T06:50:47.821+00:00,2026-09-18T06:55:47.406+00:00,2026-09-18T06:55:47.856+00:00,False,10,9.0,,9.0,299585.013561,300034.467385,300034.467228,30003.4467228,0.02199,299585.013561,94721.30946978078,164800.41682905,49.93931377777778,21.11210354708437,0.029996553657454714,49,64,,True,False,Request timeout: 300.0s exceeded,28,87.6246207195492
254,2026-09-18T06:50:48.409+00:00,2026-09-18T06:55:48.517+00:00,2026-09-18T06:55:48.517+00:00,False,1,0.0,,0.0,300108.19589499995,300108.19589499995,300108.19589499995,300108.19589499995,300108.19589499995,300108.19589499995,nan,300108.19589499995,nan,nan,0.0,49,64,,True,False,"HTTPConnectionPool(host='gpu03', port=9002): Read timed out.",0,87.6246207195492
255,2026-09-18T06:50:48.859+00:00,2026-09-18T06:55:48.744+00:00,2026-09-18T06:55:48.886+00:00,False,4,3.0,,3.0,299884.961512,300027.3674,300027.367435,75006.84185875,0.059789999999999996,299884.961512,149918.7501870147,254913.08106280002,47.46862933333333,41.07625218109312,0.00999908783654514,49,64,,True,False,Request timeout: 300.0s exceeded,9,87.6246207195492
256,2026-09-18T06:50:49.253+00:00,2026-09-18T06:55:49.177+00:00,2026-09-18T06:55:49.298+00:00,False,4,3.0,,3.0,299923.61074000003,300044.94501200004,300044.944972,75011.236243,0.02163,299923.61074000003,149941.58572645352,254944.36908895004,40.444757333333335,35.03333437662303,0.009998502057350167,49,64,,True,False,Request timeout: 300.0s exceeded,10,87.6246207195492
257,2026-09-18T06:50:49.649+00:00,2026-09-18T06:55:49.774+00:00,2026-09-18T06:55:49.774+00:00,False,1,0.0,,0.0,300125.00412199995,300125.00412199995,300125.00412199995,300125.00412199995,300125.00412199995,300125.00412199995,nan,300125.00412199995,nan,nan,0.0,49,64,,True,False,"HTTPConnectionPool(host='gpu03', port=9002): Read timed out.",0,87.6246207195492
258,2026-09-18T06:50:49.958+00:00,2026-09-18T06:55:50.021+00:00,2026-09-18T06:55:50.021+00:00,False,1,0.0,,0.0,300062.316351,300062.316351,300062.316351,300062.316351,300062.316351,300062.316351,nan,300062.316351,nan,nan,0.0,49,64,,True,False,TTFT timeout: 300.0s exceeded (TTFT: 300.050s),0,87.6246207195492
259,2026-09-18T06:50:50.511+00:00,2026-09-18T06:55:50.382+00:00,2026-09-18T06:55:50.573+00:00,False,5,4.0,,4.0,299871.305056,300062.2552,300062.25505800004,60012.4510116,0.02111,299871.305056,134085.1785727271,239911.12503640004,47.737536,32.2601107420823,0.013330567009615674,49,64,,True,False,Request timeout: 300.0s exceeded,13,87.6246207195492
260,2026-09-18T06:50:51.032+00:00,2026-09-18T06:55:51.141+00:00,2026-09-18T06:55:51.141+00:00,False,1,0.0,,0.0,300108.926156,300108.926156,300108.926156,300108.926156,300108.926156,300108.926156,nan,300108.926156,nan,nan,0.0,49,64,,True,False,"HTTPConnectionPool(host='gpu03', port=9002): Read timed out.",0,87.6246207195492
261,2026-09-18T06:50:51.504+00:00,2026-09-18T06:55:51.457+00:00,2026-09-18T06:55:51.550+00:00,False,3,2.0,,2.0,299952.971997,300045.805789,300045.805813,100015.26860433332,0.03537,299952.971997,173151.13652441767,269966.95464189997,46.416896,65.59344250972995,0.006665648915640741,49,64,,True,False,Request timeout: 300.0s exceeded,3,87.6246207195492
262,2026-09-18T06:50:51.834+00:00,2026-09-18T06:55:51.678+00:00,2026-09-18T06:55:51.859+00:00,False,5,4.0,,4.0,299844.074343,300025.07786300004,300025.077874,60005.0155748,0.02106,299844.074343,134074.11231300517,239887.5879072,45.25088,30.174873694719007,0.013332218854806909,49,64,,True,False,Request timeout: 300.0s exceeded,12,87.6246207195492
263,2026-09-18T06:50:52.352+00:00,2026-09-18T06:55:52.417+00:00,2026-09-18T06:55:52.417+00:00,False,1,0.0,,0.0,300064.90919599996,300064.90919599996,300064.90919599996,300064.90919599996,300064.90919599996,300064.90919599996,nan,300064.90919599996,nan,nan,0.0,49,64,,True,False,"HTTPConnectionPool(host='gpu03', port=9002): Read timed out.",0,87.6246207195492
264,2026-09-18T06:50:52.774+00:00,2026-09-18T06:55:52.727+00:00,2026-09-18T06:55:52.818+00:00,False,3,2.0,,2.0,299952.535966,300043.98531,300043.985304,100014.661768,0.02277,299952.535966,173151.28426545102,269966.4250262,45.724672,64.6322298356562,0.00666568935862399,49,64,,True,False,Request timeout: 300.0s exceeded,6,87.6246207195492
265,2026-09-18T06:50:53.136+00:00,2026-09-18T06:55:52.889+00:00,2026-09-18T06:55:53.180+00:00,False,10,9.0,,9.0,299752.435092,300044.02882,300044.029015,30004.4029015,0.03746,299752.435092,94779.798040765,164881.2280062,32.39930311111111,12.21455429974091,0.029995597764084177,49,64,,True,False,Request timeout: 300.0s exceeded,38,87.6246207195492
0,2026-09-18T06:48:53.187+00:00,2026-09-18T06:48:53.415+00:00,2026-09-18T06:48:55.175+00:00,True,34,34.0,,34.0,227.905117,1987.485021,1987.485207,58.45544726470588,13.183796000000001,227.905117,33.27634355501832,84.4362407,53.32060315151515,14.745898451415693,17.107047168029954,50,64,,False,True,,159,87.6246207195492
1,2026-09-18T06:48:53.633+00:00,2026-09-18T06:48:53.852+00:00,2026-09-18T06:48:58.004+00:00,True,71,71.0,,71.0,219.520173,4371.106989,4371.107038,61.56488785915493,19.369663,219.520173,21.15731978668934,71.3222525,59.30838308571429,9.346768373396383,16.243024977122104,50,64,,False,True,,218,87.6246207195492
2,2026-09-18T06:48:54.178+00:00,2026-09-18T06:48:55.732+00:00,2026-09-18T06:48:55.860+00:00,True,3,3.0,,3.0,1554.227652,1681.8585,1681.858715,560.6195716666667,63.630302,1554.227652,860.4898589104561,1405.2049629,63.815424,0.2621159985044789,1.7837410222084675,50,64,,False,True,,10,87.6246207195492
3,2026-09-18T06:48:54.660+00:00,2026-09-18T06:48:58.003+00:00,2026-09-18T06:49:02.095+00:00,True,69,69.0,,69.0,3343.554007,7435.591639,7435.591583,107.76219685507246,14.901971999999999,3343.554007,395.4203438038517,68.7371424,60.177024,10.905645336041987,9.279691966687897,50,64,,False,True,,335,87.6246207195492
4,2026-09-18T06:48:55.062+00:00,2026-09-18T06:48:59.270+00:00,2026-09-18T06:49:00.818+00:00,True,27,27.0,,27.0,4207.443792,5755.567952,5755.567875,213.16918055555556,10.818290000000001,4207.443792,798.4226946200464,100.267589,59.54323692307692,16.241770173769837,4.69110958730281,50,64,,False,True,,133,87.6246207195492
5,2026-09-18T06:48:55.391+00:00,2026-09-18T06:49:00.283+00:00,2026-09-18T06:49:02.859+00:00,True,44,44.0,,44.0,4892.1462599999995,7468.102483999999,7468.102443,169.72960097727272,0.0,4892.1462599999995,728.6393050458067,68.66122610000001,59.905958697674414,15.042072210588607,5.891724182182501,50,64,,False,True,,153,87.6246207195492
6,2026-09-18T06:48:55.911+00:00,2026-09-18T06:49:02.341+00:00,2026-09-18T06:49:04.729+00:00,True,42,42.0,,42.0,6429.761232,8817.580752,8817.580775,209.94239940476191,0.0,6429.761232,983.270964968189,66.8250505,58.239500487804875,15.797584031683838,4.76321126863211,50,64,,False,True,,139,87.6246207195492
7,2026-09-18T06:48:56.333+00:00,2026-09-18T06:49:04.046+00:00,2026-09-18T06:49:04.371+00:00,True,7,7.0,,7.0,7713.204747000001,8037.950987000001,8037.950964000001,1148.2787091428572,36.390632,7713.204747000001,2894.880897955377,5418.3669015000005,54.12437333333334,11.968919642247995,0.8708687091176959,50,64,,False,True,,23,87.6246207195492
8,2026-09-18T06:48:56.697+00:00,2026-09-18T06:49:05.369+00:00,2026-09-18T06:49:07.231+00:00,True,31,31.0,,31.0,8672.276185,10533.917657,10533.917646,339.8037950322581,54.454449000000004,8672.276185,1546.4439657316746,68.1069535,62.05471573333333,2.8497352463370436,2.9428747223403513,50,64,,False,True,,180,87.6246207195492
9,2026-09-18T06:48:57.181+00:00,2026-09-18T06:49:07.234+00:00,2026-09-18T06:49:08.786+00:00,True,27,27.0,,27.0,10052.66331,11604.990222,11604.990065,429.81444685185187,0.0,10052.66331,1924.1044647399967,268.43667899999997,59.70488123076923,61.93512830479058,2.3265853295434167,50,64,,False,True,,114,87.6246207195492
10,2026-09-18T06:48:57.513+00:00,2026-09-18T06:49:08.232+00:00,2026-09-18T06:49:08.784+00:00,True,11,11.0,,11.0,10718.749122,11270.423745999999,11270.423756999999,1024.583977909091,37.262930999999995,10718.749122,3215.207376930384,5392.248175,55.1674624,10.86861666241877,0.976005893647435,50,64,,False,True,,46,87.6246207195492
11,2026-09-18T06:48:57.864+00:00,2026-09-18T06:49:09.600+00:00,2026-09-18T06:49:15.191+00:00,True,94,94.0,,94.0,11736.140221000001,17326.736061000003,17326.736172,184.3269805531915,0.0,11736.140221000001,1204.5971130609257,70.51471415,60.11393376344086,27.339647335138643,5.425141796416033,50,64,,False,True,,356,87.6246207195492
12,2026-09-18T06:48:58.388+00:00,2026-09-18T06:49:11.367+00:00,2026-09-18T06:49:12.033+00:00,True,12,12.0,,12.0,12978.873242,13644.775834,13644.775685,1137.0646404166666,50.032007,12978.873242,3729.20626520864,5877.823677599999,60.53659927272727,5.503827210926685,0.879457467531159,50,64,,False,True,,46,87.6246207195492
13,2026-09-18T06:48:58.859+00:00,2026-09-18T06:49:13.406+00:00,2026-09-18T06:49:16.469+00:00,True,52,52.0,,52.0,14546.781099,17609.466283,17609.466107,338.64357898076923,0.0,14546.781099,2009.1409735079344,68.63196899999998,60.052650666666665,28.13891335630996,2.9529571858858814,50,64,,False,True,,182,87.6246207195492
14,2026-09-18T06:48:59.270+00:00,2026-09-18T06:49:14.727+00:00,2026-09-18T06:49:17.459+00:00,True,47,47.0,,47.0,15457.641975,18188.874231,18188.87432,386.99732595744683,0.0,15457.641975,2246.412040213577,69.438274,59.37461426086956,39.74052648084303,2.5839971953787044,50,64,,False,True,,230,87.6246207195492
15,2026-09-18T06:48:59.662+00:00,2026-09-18T06:49:16.155+00:00,2026-09-18T06:49:16.155+00:00,True,1,1.0,,1.0,16493.123411,16493.123411,16493.123411,16493.123411,16493.123411,16493.123411,nan,16493.123411,nan,nan,0.06063132949899929,50,64,,False,True,,4,87.6246207195492
16,2026-09-18T06:49:00.104+00:00,2026-09-18T06:49:17.870+00:00,2026-09-18T06:49:21.590+00:00,True,59,59.0,,59.0,17765.839507,21485.942931,21485.942914,364.1685239661017,0.0,17765.839507,2305.4491867692354,115.01945669999998,64.13971420689656,64.40134941479303,2.7459814162903027,50,64,,False,True,,261,87.6246207195492
17,2026-09-18T06:49:00.616+00:00,2026-09-18T06:49:19.825+00:00,2026-09-18T06:49:23.658+00:00,True,62,62.0,,62.0,19208.880184999998,23041.416248999998,23041.416293,371.6357466612903,0.0,19208.880184999998,2432.2275165420324,102.41595225,62.828460065573765,57.83826244462473,2.69080682063937,50,64,,False,True,,205,87.6246207195492
18,2026-09-18T06:49:01.017+00:00,2026-09-18T06:49:21.588+00:00,2026-09-18T06:49:24.133+00:00,True,44,44.0,,44.0,20571.749822,23116.836542,23116.836473000003,525.3826471136364,0.0,20571.749822,3092.820304623721,100.413048,59.18806325581396,52.500576235156345,1.9033746213526346,50,64,,False,True,,199,87.6246207195492
19,2026-09-18T06:49:01.506+00:00,2026-09-18T06:49:22.986+00:00,2026-09-18T06:49:24.150+00:00,True,20,20.0,,20.0,21480.107124000002,22644.256884000002,22644.256801000003,1132.21284005,0.0,21480.107124000002,4790.033085871928,1428.0470498500001,61.27104,80.17687787645175,0.8832261576281454,50,64,,False,True,,79,87.6246207195492
20,2026-09-18T06:49:01.828+00:00,2026-09-18T06:49:24.193+00:00,2026-09-18T06:49:29.689+00:00,True,93,93.0,,93.0,22364.403271000003,27860.776775000002,27860.776818000002,299.5782453548387,0.0,22364.403271000003,2313.230237504384,73.2657198,59.74319026086956,40.153295550160045,3.338026098520363,50,64,,False,True,,550,87.6246207195492
21,2026-09-18T06:49:02.219+00:00,2026-09-18T06:49:25.908+00:00,2026-09-18T06:49:31.031+00:00,True,85,85.0,,85.0,23689.224888999997,28811.887033,28811.887181,338.96337859999994,0.0,23689.224888999997,2563.1758664730037,71.21258399999999,60.98407314285714,41.58340177347139,2.950171222823564,50,64,,False,True,,318,87.6246207195492
22,2026-09-18T06:49:02.665+00:00,2026-09-18T06:49:27.577+00:00,2026-09-18T06:49:32.258+00:00,True,79,79.0,,79.0,24912.364236999998,29593.092300999997,29593.092199,374.5961037848101,0.0,24912.364236999998,2796.4317333540052,72.548226,60.009334153846154,42.8000761997917,2.669541905133397,50,64,,False,True,,440,87.6246207195492
23,2026-09-18T06:49:03.021+00:00,2026-09-18T06:49:29.245+00:00,2026-09-18T06:49:35.216+00:00,True,97,97.0,,97.0,26224.00269,32195.463298000002,32195.463526,331.9119951134021,0.0,26224.00269,2657.23210133116,75.12579620000001,62.202714666666665,69.66208664708593,3.0128468443572824,50,64,,False,True,,507,87.6246207195492
24,2026-09-18T06:49:03.443+00:00,2026-09-18T06:49:30.718+00:00,2026-09-18T06:49:33.459+00:00,True,45,45.0,,45.0,27274.650847,30016.370911,30016.371012,667.0304669333334,0.0,27274.650847,4057.106508833876,68.73786079999999,62.31181963636363,66.36673471268851,1.4991819008842604,50,64,,False,True,,181,87.6246207195492
25,2026-09-18T06:49:03.855+00:00,2026-09-18T06:49:32.255+00:00,2026-09-18T06:49:33.880+00:00,True,28,28.0,,28.0,28399.601517,30024.743276999998,30024.743436,1072.3122655714285,0.0,28399.601517,5356.313162156411,331.3648594,60.19043555555555,86.19407118453617,0.9325641768750434,50,64,,False,True,,89,87.6246207195492
26,2026-09-18T06:49:04.182+00:00,2026-09-18T06:49:33.607+00:00,2026-09-18T06:49:35.230+00:00,True,29,29.0,,29.0,29424.658892,31047.25294,31047.253049,1070.5949327241378,0.01651,29424.658892,5453.961293770581,320.8293172,57.949787428571426,89.00232020647415,0.9340600940135865,50,64,,False,True,,135,87.6246207195492
27,2026-09-18T06:49:04.594+00:00,2026-09-18T06:49:35.233+00:00,2026-09-18T06:49:38.429+00:00,True,53,53.0,,53.0,30638.645919,33834.386591,33834.386604,638.3846529056603,0.11777,30638.645919,4200.133447711309,93.56577739999999,61.45655138461538,16.93182361499366,1.5664536981467865,50,64,,False,True,,272,87.6246207195492
28,2026-09-18T06:49:05.034+00:00,2026-09-18T06:49:36.653+00:00,2026-09-18T06:49:39.571+00:00,True,48,48.0,,48.0,31619.937275,34537.967355,34537.967392,719.5409873333333,0.0,31619.937275,4555.505975294838,102.6603066,62.08574638297872,69.73743275941275,1.389774896322934,50,64,,False,True,,213,87.6246207195492
29,2026-09-18T06:49:05.556+00:00,2026-09-18T06:49:39.001+00:00,2026-09-18T06:49:41.070+00:00,True,43,43.0,,43.0,33444.897865,35513.920329,35513.920337999996,825.9051241395349,0.0,33444.897865,5092.833390529341,71.9149535,49.26243961904762,22.08196353118859,1.2107928271970303,50,64,,False,True,,225,87.6246207195492
30,2026-09-18T06:49:05.915+00:00,2026-09-18T06:49:39.625+00:00,2026-09-18T06:49:42.382+00:00,True,47,47.0,,47.0,33709.926471,36466.992711,36466.992685,775.8934613829787,34.941265,33709.926471,4908.370220032327,84.93763050000001,59.93622260869565,12.136566237979102,1.2888367399109057,50,64,,False,True,,229,87.6246207195492
31,2026-09-18T06:49:06.408+00:00,2026-09-18T06:49:41.936+00:00,2026-09-18T06:49:45.577+00:00,True,60,60.0,,60.0,35527.722854,39168.826982,39168.827127,652.81378545,0.0,35527.722854,4579.248327381579,102.39471085000001,61.71362928813559,75.14957555155269,1.5318304024670677,50,64,,False,True,,343,87.6246207195492
32,2026-09-18T06:49:06.851+00:00,2026-09-18T06:49:43.670+00:00,2026-09-18T06:49:48.122+00:00,True,73,73.0,,73.0,36818.946768,41271.313872,41271.314024,565.3604660821918,0.0,36818.946768,4302.6073779995695,94.15256659999999,61.838432,66.92214564985508,1.768783039629032,50,64,,False,True,,397,87.6246207195492
33,2026-09-18T06:49:07.359+00:00,2026-09-18T06:49:45.312+00:00,2026-09-18T06:49:47.865+00:00,True,43,43.0,,43.0,37952.223774,40505.683742,40505.683703999995,941.9926442790697,18.751436,37952.223774,5778.402263218948,88.87896479999999,60.7966659047619,12.782341877376236,1.0615794137407355,50,64,,False,True,,195,87.6246207195492
34,2026-09-18T06:49:07.897+00:00,2026-09-18T06:49:47.867+00:00,2026-09-18T06:49:49.253+00:00,True,23,23.0,,23.0,39970.376289,41356.140641,41356.140642,1798.0930713913044,0.01668,39970.376289,8322.328294898673,598.5137267,62.98928872727273,136.13406785226547,0.556144737964211,50,64,,False,True,,111,87.6246207195492
35,2026-09-18T06:49:08.090+00:00,2026-09-18T06:49:48.814+00:00,2026-09-18T06:49:53.483+00:00,True,76,76.0,,76.0,40724.812399999995,45393.593967999994,45393.593946999994,597.2841308815789,0.0,40724.812399999995,4664.870285309908,88.82457125,62.25042090666667,72.41053742459182,1.6742450499419776,50,64,,False,True,,387,87.6246207195492
36,2026-09-18T06:49:08.528+00:00,2026-09-18T06:49:50.141+00:00,2026-09-18T06:49:51.034+00:00,True,15,15.0,,15.0,41613.680216,42506.333016000004,42506.332999,2833.7555332666666,44.405767999999995,41613.680216,10728.146589152519,12545.566548400002,63.760914285714286,9.064727618038644,0.3528885917859294,50,64,,False,True,,41,87.6246207195492
37,2026-09-18T06:49:08.998+00:00,2026-09-18T06:49:52.479+00:00,2026-09-18T06:49:52.479+00:00,True,7,7.0,,7.0,43481.075867,43481.131163,43481.131107,6211.590158142857,0.0,43481.075867,16434.298446164863,30436.7696789,0.009216,0.02257449746948977,0.16098937200503668,50,64,,False,True,,28,87.6246207195492
38,2026-09-18T06:49:09.478+00:00,2026-09-18T06:49:54.229+00:00,2026-09-18T06:49:56.482+00:00,True,37,37.0,,37.0,44751.26308,47004.24714399999,47004.24714399999,1270.3850579459458,36.844131999999995,44751.26308,7346.785721591433,101.3815768,62.582890666666664,13.441457166681994,0.7871629107609903,50,64,,False,True,,186,87.6246207195492
39,2026-09-18T06:49:09.997+00:00,2026-09-18T06:49:56.315+00:00,2026-09-18T06:49:56.866+00:00,True,10,10.0,,10.0,46318.790555,46869.469595,46869.469729,4686.9469729,40.989434,46318.790555,14627.944327434197,25514.0731367,61.18656,13.526946566217818,0.21335850579087398,50,64,,False,True,,52,87.6246207195492
40,2026-09-18T06:49:10.304+00:00,2026-09-18T06:49:57.391+00:00,2026-09-18T06:50:02.643+00:00,True,81,81.0,,81.0,47087.240772,52339.324995999996,52339.325023,646.16450645679,0.0,47087.240772,5226.34316101169,94.32767600000001,65.6510528,135.00084089449373,1.5475935160835639,50,64,,False,True,,345,87.6246207195492
41,2026-09-18T06:49:10.718+00:00,2026-09-18T06:49:59.264+00:00,2026-09-18T06:50:00.882+00:00,True,27,27.0,,27.0,48546.087675999996,50164.25958,50164.25969099999,1857.9355441111109,0.0,48546.087675999996,9331.828693926935,562.9535409,62.23738092307692,146.60391514792497,0.5382318053940666,50,64,,False,True,,136,87.6246207195492
42,2026-09-18T06:49:11.080+00:00,2026-09-18T06:50:00.792+00:00,2026-09-18T06:50:02.893+00:00,True,38,38.0,,38.0,49711.866299999994,51812.74873199999,51812.74885499999,1363.4933909210524,0.0,49711.866299999994,8056.671571263242,256.67705705000003,56.780606270270276,160.3643441040792,0.7334102306857709,50,64,,False,True,,172,87.6246207195492
43,2026-09-18T06:49:11.484+00:00,2026-09-18T06:50:02.680+00:00,2026-09-18T06:50:06.169+00:00,True,57,57.0,,57.0,51195.687829,54684.634261,54684.634142,959.3795463508773,26.550121,51195.687829,6772.79267794501,91.54142099999999,62.302614857142856,11.949611364511547,1.042340335092106,50,64,,False,True,,213,87.6246207195492
44,2026-09-18T06:49:11.880+00:00,2026-09-18T06:50:04.429+00:00,2026-09-18T06:50:08.528+00:00,True,65,65.0,,65.0,52549.450935999994,56647.57291999999,56647.57298599999,871.5011228615384,36.898802,52549.450935999994,6510.029888318845,102.19945739999999,64.033156,14.096887290120733,1.1474454535200589,50,64,,False,True,,298,87.6246207195492
45,2026-09-18T06:49:12.420+00:00,2026-09-18T06:50:06.383+00:00,2026-09-18T06:50:12.269+00:00,True,95,95.0,,95.0,53963.188476,59849.029372000005,59849.029328000004,629.9897824000001,0.0,53963.188476,5530.698931704793,91.5913977,62.615328680851064,83.04072832123036,1.5873273300643562,50,64,,False,True,,428,87.6246207195492
46,2026-09-18T06:49:12.765+00:00,2026-09-18T06:50:07.877+00:00,2026-09-18T06:50:11.738+00:00,True,62,62.0,,62.0,55112.026191,58973.221711,58973.221728,951.1809956129032,0.0,55112.026191,6991.940982492332,96.42466834999999,63.298287213114754,102.95068987365607,1.0513246216025438,50,64,,False,True,,289,87.6246207195492
47,2026-09-18T06:49:13.235+00:00,2026-09-18T06:50:09.902+00:00,2026-09-18T06:50:10.792+00:00,True,23,23.0,,23.0,56667.633067,57557.543595,57557.543386000005,2502.5018863478263,0.0,56667.633067,11807.62033398265,93.12310310000001,40.450478545454544,30.064318459459898,0.3996000969366941,50,64,,False,True,,86,87.6246207195492
48,2026-09-18T06:49:13.722+00:00,2026-09-18T06:50:11.268+00:00,2026-09-18T06:50:14.079+00:00,True,49,49.0,,49.0,57545.469065,60356.367241,60356.3672,1231.7625959183672,32.51325,57545.469065,8212.420468407157,69.9733132,58.560378666666665,9.104569085767265,0.8118447520929385,50,64,,False,True,,181,87.6246207195492
49,2026-09-18T06:49:14.023+00:00,2026-09-18T06:50:12.495+00:00,2026-09-18T06:50:16.105+00:00,True,60,60.0,,60.0,58472.465699,62082.492451,62082.49234,1034.7082056666666,33.848028,58472.465699,7540.872045427832,81.03847585000001,61.18689410169491,11.336679439080024,0.966456043100337,50,64,,False,True,,269,87.6246207195492
50,2026-09-18T06:49:14.456+00:00,2026-09-18T06:50:14.204+00:00,2026-09-18T06:50:17.607+00:00,True,55,55.0,,55.0,59747.786452,63151.218644,63151.218694,1148.2039762545455,0.01614,59747.786452,8048.699686993997,107.86576070000001,63.02652207407407,115.13625697226092,0.870925394330859,50,64,,False,True,,227,87.6246207195492
51,2026-09-18T06:49:14.804+00:00,2026-09-18T06:50:15.562+00:00,2026-09-18T06:50:21.325+00:00,True,93,93.0,,93.0,60757.582714000004,66520.799866,66520.799723,715.2774163763441,0.0,60757.582714000004,6295.099492517083,100.66315599999999,62.64366469565217,129.98226423341956,1.3980589558054006,50,64,,False,True,,360,87.6246207195492
52,2026-09-18T06:49:15.186+00:00,2026-09-18T06:50:17.293+00:00,2026-09-18T06:50:21.898+00:00,True,78,78.0,,78.0,62107.213029,66712.154341,66712.154324,855.2840297948718,0.0,62107.213029,7026.271099285592,96.83407674999998,59.80443262337662,105.7505995329523,1.1692022356421297,50,64,,False,True,,352,87.6246207195492
53,2026-09-18T06:49:15.546+00:00,2026-09-18T06:50:18.421+00:00,2026-09-18T06:50:18.775+00:00,True,7,7.0,,7.0,62874.425299,63229.043411,63229.043585,9032.720512142858,47.695262,62874.425299,23741.96102953935,44032.3609051,59.103018666666664,6.991791771615476,0.11070861778658833,50,64,,False,True,,32,87.6246207195492
54,2026-09-18T06:49:15.967+00:00,2026-09-18T06:50:20.211+00:00,2026-09-18T06:50:26.305+00:00,True,97,97.0,,97.0,64244.275888,70337.985712,70337.985736,725.1338735670103,22.476819,64244.275888,6516.586000126175,94.5702778,63.476144,13.140466644446544,1.379055698256246,50,64,,False,True,,399,87.6246207195492
55,2026-09-18T06:49:16.496+00:00,2026-09-18T06:50:21.960+00:00,2026-09-18T06:50:22.183+00:00,True,5,5.0,,5.0,65463.720805,65687.320165,65687.320163,13137.464032599999,34.688447000000004,65463.720805,29251.269532584636,52384.333639200006,55.89984,14.63218724621579,0.07611819126492751,50,64,,False,True,,29,87.6246207195492
56,2026-09-18T06:49:16.824+00:00,2026-09-18T06:50:23.227+00:00,2026-09-18T06:50:27.690+00:00,True,72,72.0,,72.0,66403.480826,70866.33676199999,70866.336733,984.2546768472222,33.676778,66403.480826,7818.326901617335,89.0575285,62.857125859154934,12.223287425047273,1.0159972038883194,50,64,,False,True,,346,87.6246207195492
57,2026-09-18T06:49:17.196+00:00,2026-09-18T06:50:24.897+00:00,2026-09-18T06:50:30.418+00:00,True,90,90.0,,90.0,67701.053867,73222.213035,73222.213102,813.5801455777777,35.073155,67701.053867,7129.7888517783895,91.86963994999998,62.03549626966292,12.183956167681465,1.2291352073308721,50,64,,False,True,,373,87.6246207195492
58,2026-09-18T06:49:17.530+00:00,2026-09-18T06:50:25.994+00:00,2026-09-18T06:50:29.465+00:00,True,56,56.0,,56.0,68463.514835,71934.707155,71934.707231,1284.548343410714,34.165906,68463.514835,9140.398263567093,93.01991875,63.112587636363635,13.671026501238927,0.7784837419207813,50,64,,False,True,,260,87.6246207195492
59,2026-09-18T06:49:18.007+00:00,2026-09-18T06:50:27.575+00:00,2026-09-18T06:50:31.184+00:00,True,60,60.0,,60.0,69567.792755,73176.707955,73176.707897,1219.6117982833334,38.406689,69567.792755,8973.273859899275,90.99642990000001,61.16805423728813,11.461580261739089,0.8199330316539654,50,64,,False,True,,252,87.6246207195492
60,2026-09-18T06:49:18.360+00:00,2026-09-18T06:50:29.007+00:00,2026-09-18T06:50:33.105+00:00,True,68,68.0,,68.0,70646.671178,74745.059146,74745.059038,1099.1920446764707,0.0,70646.671178,8560.654520267253,93.87097610000001,61.16996967164179,125.42756926052355,0.9097591302613751,50,64,,False,True,,308,87.6246207195492
61,2026-09-18T06:49:18.866+00:00,2026-09-18T06:50:31.061+00:00,2026-09-18T06:50:35.370+00:00,True,70,70.0,,70.0,72195.070619,76503.919003,76503.91895,1092.9131278571429,0.0,72195.070619,8623.09458323737,120.9476584,62.44707802898551,167.16907833869743,0.9149858061160898,50,64,,False,True,,311,87.6246207195492
62,2026-09-18T06:49:19.171+00:00,2026-09-18T06:50:32.236+00:00,2026-09-18T06:50:32.275+00:00,True,2,2.0,,2.0,73064.467829,73103.569013,73103.569147,36551.7845735,39.101318,73064.467829,51636.731858561114,69413.19950345,39.101184,nan,0.02735844538102292,50,64,,False,True,,7,87.6246207195492
63,2026-09-18T06:49:19.703+00:00,2026-09-18T06:50:34.908+00:00,2026-09-18T06:50:36.897+00:00,True,47,47.0,,47.0,75204.247299,77193.291267,77193.291379,1642.4104548723403,0.01602,75204.247299,10963.398364228411,81.96413360000001,43.24008626086956,29.446902619792212,0.6088612006117742,50,64,,False,True,,201,87.6246207195492
64,2026-09-18T06:49:20.178+00:00,2026-09-18T06:50:35.778+00:00,2026-09-18T06:50:40.513+00:00,True,77,77.0,,77.0,75599.404236,80334.69102,80334.690954,1043.3076747272728,34.426777,75599.404236,8608.260455434725,91.4750318,62.30640505263158,12.698195249640202,0.9584900249486266,50,64,,False,True,,402,87.6246207195492
65,2026-09-18T06:49:20.539+00:00,2026-09-18T06:50:37.324+00:00,2026-09-18T06:50:38.696+00:00,True,22,22.0,,22.0,76785.618163,78157.280755,78157.280853,3552.603675136364,48.313750999999996,76785.618163,16356.826696417636,97.11634485,65.31726628571428,11.100351349368115,0.2814836927216481,50,64,,False,True,,81,87.6246207195492
66,2026-09-18T06:49:20.912+00:00,2026-09-18T06:50:38.757+00:00,2026-09-18T06:50:41.664+00:00,True,46,46.0,,46.0,77844.58189399999,80752.39296599998,80752.39313699999,1755.4868073260866,39.739796000000005,77844.58189399999,11468.037987271733,98.7621475,64.61802382222223,13.669004380318134,0.569642561792167,50,64,,False,True,,196,87.6246207195492
67,2026-09-18T06:49:21.635+00:00,2026-09-18T06:50:41.478+00:00,2026-09-18T06:50:45.754+00:00,True,55,55.0,,55.0,79843.066825,84119.349193,84119.349271,1529.442714018182,0.0,79843.066825,10756.450580616449,94.3679047,79.19041422222223,154.68386505744056,0.653832923431329,50,64,,False,True,,350,87.6246207195492
68,2026-09-18T06:49:21.804+00:00,2026-09-18T06:50:42.226+00:00,2026-09-18T06:50:44.218+00:00,True,33,33.0,,33.0,80421.764045,82413.559245,82413.559259,2497.3805836060606,39.435817,80421.764045,13988.802369639194,94.57797860000001,62.2436,12.507625716649523,0.40041954627753923,50,64,,False,True,,120,87.6246207195492
69,2026-09-18T06:49:22.218+00:00,2026-09-18T06:50:43.659+00:00,2026-09-18T06:50:46.238+00:00,True,42,42.0,,42.0,81441.548801,84019.933185,84019.933089,2000.4745973571428,0.0,81441.548801,12558.316798014586,94.40405709999999,62.887424,184.1110918143492,0.4998813782382086,50,64,,False,True,,169,87.6246207195492
70,2026-09-18T06:49:22.630+00:00,2026-09-18T06:50:45.757+00:00,2026-09-18T06:50:47.164+00:00,True,32,32.0,,32.0,83126.77169499999,84533.656815,84533.656752,2641.6767735,0.0,83126.77169499999,14686.880562536011,81.2141039,45.38339096774194,28.784478422636138,0.37854744732067225,50,64,,False,True,,144,87.6246207195492
71,2026-09-18T06:49:22.926+00:00,2026-09-18T06:50:46.357+00:00,2026-09-18T06:50:46.672+00:00,True,6,6.0,,6.0,83430.64025499999,83745.65414299999,83745.65397199999,13957.608995333332,55.277238,83430.64025499999,34034.69577574562,62590.04998225,63.0027776,4.895169588055229,0.0716455087896823,50,64,,False,True,,20,87.6246207195492
72,2026-09-18T06:49:23.284+00:00,2026-09-18T06:50:47.682+00:00,2026-09-18T06:50:48.229+00:00,True,11,11.0,,11.0,84398.165387,84944.754315,84944.754375,7722.250397727273,34.099197,84398.165387,25430.52673342539,42236.3872195,54.6588928,12.319820912210163,0.129495930486876,50,64,,False,True,,65,87.6246207195492
73,2026-09-18T06:49:23.733+00:00,2026-09-18T06:50:49.467+00:00,2026-09-18T06:50:50.314+00:00,True,15,15.0,,15.0,85733.2314,86580.408104,86580.40804200001,5772.0272028,33.839567,85733.2314,22120.60307308234,25775.467858100004,60.512621714285714,10.242137262602382,0.17324935662098134,50,64,,False,True,,75,87.6246207195492
74,2026-09-18T06:49:24.206+00:00,2026-09-18T06:50:50.977+00:00,2026-09-18T06:50:56.749+00:00,True,93,93.0,,93.0,86771.427773,92542.902717,92542.902822,995.0849765806452,35.528875,86771.427773,8991.279926647097,94.01111399999999,62.73342330434783,11.418272570600589,1.004939301335704,50,64,,False,True,,376,87.6246207195492
75,2026-09-18T06:49:24.636+00:00,2026-09-18T06:50:52.568+00:00,2026-09-18T06:50:58.007+00:00,True,87,87.0,,87.0,87931.593799,93370.351943,93370.351964,1073.222436367816,38.800098,87931.593799,9420.482155528356,92.2297035,63.241373767441864,10.65045464394532,0.9317732898030745,50,64,,False,True,,259,87.6246207195492
76,2026-09-18T06:49:24.975+00:00,2026-09-18T06:50:54.007+00:00,2026-09-18T06:50:59.289+00:00,True,85,85.0,,85.0,89031.995295,94313.423519,94313.423381,1109.569686835294,37.132741,89031.995295,9650.062043198359,88.6257682,62.874145523809524,10.78202410034837,0.9012502868467737,50,64,,False,True,,354,87.6246207195492
77,2026-09-18T06:49:25.306+00:00,2026-09-18T06:50:54.901+00:00,2026-09-18T06:50:54.901+00:00,True,1,1.0,,1.0,89595.575195,89595.575195,89595.575195,89595.575195,89595.575195,89595.575195,nan,89595.575195,nan,nan,0.011161265473474034,50,64,,False,True,,1,87.6246207195492
78,2026-09-18T06:49:25.827+00:00,2026-09-18T06:50:57.103+00:00,2026-09-18T06:50:58.810+00:00,True,28,28.0,,28.0,91276.627228,92982.760988,92982.76097999999,3320.812892142857,50.812466,91276.627228,17237.720874778744,85.3897012,63.19013925925926,7.411784076804848,0.3011310881983121,50,64,,False,True,,114,87.6246207195492
79,2026-09-18T06:49:26.364+00:00,2026-09-18T06:50:58.679+00:00,2026-09-18T06:50:59.283+00:00,True,11,11.0,,11.0,92314.742651,92918.39193099999,92918.39184299999,8447.126531181817,42.200781,92314.742651,27815.742515514736,46191.97324149999,60.364928,8.02707956743356,0.11838345209599042,50,64,,True,True,,47,87.6246207195492
80,2026-09-18T06:49:26.827+00:00,2026-09-18T06:51:00.630+00:00,2026-09-18T06:51:04.235+00:00,True,59,59.0,,59.0,93802.917689,97407.590713,97407.590728,1650.9761140338983,36.096073,93802.917689,12204.010462009777,68.2432152,62.14953489655172,6.944119161040068,0.6057022822157315,50,64,,True,True,,246,87.6246207195492
81,2026-09-18T06:49:27.367+00:00,2026-09-18T06:51:02.834+00:00,2026-09-18T06:51:05.974+00:00,True,52,52.0,,52.0,95466.720984,98606.502872,98606.502713,1896.2788983269231,40.679964999999996,95466.720984,13230.316819656446,67.87665999999999,61.56435074509804,7.425420452397442,0.5273485874202498,50,64,,True,True,,241,87.6246207195492
82,2026-09-18T06:49:27.756+00:00,2026-09-18T06:51:04.298+00:00,2026-09-18T06:51:05.173+00:00,True,16,16.0,,16.0,96542.11782700001,97417.628867,97417.629016,6088.6018135,40.088665,96542.11782700001,24120.93870537373,24184.666261,58.36740266666666,7.546417299352083,0.1642413204476994,50,64,,True,True,,75,87.6246207195492
83,2026-09-18T06:49:28.215+00:00,2026-09-18T06:51:06.036+00:00,2026-09-18T06:51:10.046+00:00,True,65,65.0,,65.0,97821.700132,101831.887652,101831.887662,1566.6444255692306,37.697,97821.700132,12125.52326109491,94.00771639999999,62.65918,12.715523340931616,0.6383069340924997,50,64,,True,True,,191,87.6246207195492
84,2026-09-18T06:49:28.691+00:00,2026-09-18T06:51:07.875+00:00,2026-09-18T06:51:08.499+00:00,True,11,11.0,,11.0,99184.200624,99808.22648,99808.226469,9073.475133545455,37.98364,99184.200624,29886.35091357132,49643.387097000006,62.4025856,16.918225699089444,0.11021135619721914,50,64,,True,True,,48,87.6246207195492
85,2026-09-18T06:49:29.065+00:00,2026-09-18T06:51:09.333+00:00,2026-09-18T06:51:12.529+00:00,True,52,52.0,,52.0,100268.20737100001,103464.267787,103464.26763700001,1989.6974545576925,37.73048,100268.20737100001,13896.01151903398,83.3149461,62.667851294117646,9.83194054279502,0.5025889721372353,50,64,,True,True,,320,87.6246207195492
86,2026-09-18T06:49:29.423+00:00,2026-09-18T06:51:10.793+00:00,2026-09-18T06:51:15.458+00:00,True,75,75.0,,75.0,101370.38425399999,106034.74802999999,106034.74794199999,1413.7966392266665,36.948952,101370.38425399999,11697.968387147681,81.28976770000001,63.03194291891892,8.380666470765023,0.7073153036472586,50,64,,True,True,,257,87.6246207195492
87,2026-09-18T06:49:29.719+00:00,2026-09-18T06:51:12.018+00:00,2026-09-18T06:51:14.827+00:00,True,46,46.0,,46.0,102299.473816,105108.507544,105108.507458,2284.9675534347825,34.122457000000004,102299.473816,15074.033434201212,82.56449725,62.422971733333334,9.066377567191648,0.4376429755768696,50,64,,True,True,,70,87.6246207195492
88,2026-09-18T06:49:30.129+00:00,2026-09-18T06:51:13.648+00:00,2026-09-18T06:51:19.017+00:00,True,84,84.0,,84.0,103519.98861100001,108888.17753900001,108888.17760600001,1296.2878286428572,35.657094,103519.98861100001,11287.90438119548,92.1059503,64.67697503614458,10.09739181656005,0.7714336110540015,50,64,,True,True,,386,87.6246207195492
89,2026-09-18T06:49:30.464+00:00,2026-09-18T06:51:14.518+00:00,2026-09-18T06:51:16.613+00:00,True,34,34.0,,34.0,104054.628165,106149.215301,106149.215368,3122.0357461176472,54.12512,104054.628165,17834.337218601035,77.72288975,63.47233745454545,6.439067058392062,0.320303827998997,50,64,,True,True,,137,87.6246207195492
90,2026-09-18T06:49:30.950+00:00,2026-09-18T06:51:16.546+00:00,2026-09-18T06:51:16.796+00:00,True,5,5.0,,5.0,105596.093886,105846.24403,105846.244033,21169.2488066,59.813499,105596.093886,47196.04121035826,84489.70841300001,62.537536,1.9273058951728446,0.047238331844659975,50,64,,True,True,,16,87.6246207195492
91,2026-09-18T06:49:31.374+00:00,2026-09-18T06:51:18.290+00:00,2026-09-18T06:51:19.856+00:00,True,25,25.0,,25.0,106916.31130500001,108481.782281,108481.782107,4339.27128428,36.066773,106916.31130500001,21370.22017694708,95.2192818,65.22795733333334,12.504454643692142,0.23045344088505645,50,64,,True,True,,121,87.6246207195492
92,2026-09-18T06:49:31.907+00:00,2026-09-18T06:51:20.210+00:00,2026-09-18T06:51:21.865+00:00,True,28,28.0,,28.0,108303.669522,109958.27688199999,109958.27699,3927.0813210714286,38.376869,108303.669522,20455.891053188167,84.74404290000001,61.28175407407407,10.365524154899134,0.2546420405445946,50,64,,True,True,,147,87.6246207195492
93,2026-09-18T06:49:32.257+00:00,2026-09-18T06:51:21.618+00:00,2026-09-18T06:51:26.024+00:00,True,70,70.0,,70.0,109360.63440800001,113766.36829600002,113766.36836600001,1625.2338338000002,39.345087,109360.63440800001,13063.468328439467,89.76229035,63.85121576811594,10.439190399253583,0.615296076058896,50,64,,True,True,,305,87.6246207195492
94,2026-09-18T06:49:32.709+00:00,2026-09-18T06:51:23.535+00:00,2026-09-18T06:51:28.167+00:00,True,74,74.0,,74.0,110825.942941,115458.509981,115458.510058,1560.2501359189189,37.209441,110825.942941,12875.881420459082,91.50838745000001,63.45982246575342,10.591655637134624,0.6409228736121533,50,64,,True,True,,297,87.6246207195492
95,2026-09-18T06:49:33.049+00:00,2026-09-18T06:51:24.647+00:00,2026-09-18T06:51:25.118+00:00,True,9,9.0,,9.0,111597.866525,112069.04092500001,112069.040983,12452.115664777779,37.8887,111597.866525,37179.65756786889,66984.89271860001,58.8968,9.1968687015388,0.08030763827115352,50,64,,True,True,,31,87.6246207195492
96,2026-09-18T06:49:33.437+00:00,2026-09-18T06:51:26.208+00:00,2026-09-18T06:51:28.981+00:00,True,45,45.0,,45.0,112771.15204700001,115544.53342300002,115544.53344400002,2567.656298755556,38.14864,112771.15204700001,16801.53940880071,92.93973840000001,63.031394909090906,12.823693842658606,0.3894602251346528,50,64,,True,True,,181,87.6246207195492
97,2026-09-18T06:49:33.797+00:00,2026-09-18T06:51:27.877+00:00,2026-09-18T06:51:32.528+00:00,True,75,75.0,,75.0,114079.837897,118730.939849,118730.93988,1583.0791984,36.065084000000006,114079.837897,13165.553170270498,94.16461070000001,62.85272908108108,12.39350200443248,0.6316803361902443,50,64,,True,True,,329,87.6246207195492
98,2026-09-18T06:49:34.230+00:00,2026-09-18T06:51:29.462+00:00,2026-09-18T06:51:32.754+00:00,True,54,54.0,,54.0,115231.807249,118523.218705,118523.21852800001,2194.8744171851854,35.470205,115231.807249,15672.61583821339,91.53359205000001,62.102102943396225,11.432930879614947,0.4556069316207489,50,64,,True,True,,199,87.6246207195492
99,2026-09-18T06:49:35.150+00:00,2026-09-18T06:51:31.546+00:00,2026-09-18T06:51:35.708+00:00,True,66,66.0,,66.0,116395.36996099999,120558.02263299999,120558.02253699998,1826.6367051060604,36.316112000000004,116395.36996099999,14319.403524639449,94.27594525,64.04081033846154,14.034366139343646,0.5474542345548891,50,64,,True,True,,226,87.6246207195492
100,2026-09-18T06:49:35.261+00:00,2026-09-18T06:51:33.252+00:00,2026-09-18T06:51:35.240+00:00,True,33,33.0,,33.0,117990.256928,119978.267168,119978.267039,3635.705061787879,37.202201,117990.256928,20528.658371364323,96.313746,62.12532,15.473191966822519,0.2750498134282239,50,64,,True,True,,134,87.6246207195492
101,2026-09-18T06:49:35.594+00:00,2026-09-18T06:51:35.643+00:00,2026-09-18T06:51:40.247+00:00,True,75,75.0,,75.0,120048.634147,124652.650275,124652.650127,1662.0353350266666,39.294028,120048.634147,13854.841355805362,91.0421831,62.21643416216216,9.543477734103725,0.601671924620457,50,64,,True,True,,350,87.6246207195492
102,2026-09-18T06:49:35.908+00:00,2026-09-18T06:51:36.590+00:00,2026-09-18T06:51:39.902+00:00,True,54,54.0,,54.0,120681.519083,123994.06513100001,123994.06531300001,2296.1863946851854,37.263541,120681.519083,16414.172700600328,91.06855639999999,62.50086883018868,10.623945436210942,0.43550471502768195,50,64,,True,True,,235,87.6246207195492
103,2026-09-18T06:49:36.200+00:00,2026-09-18T06:51:37.922+00:00,2026-09-18T06:51:39.713+00:00,True,29,29.0,,29.0,121722.29013600001,123513.31938400002,123513.31946200001,4259.079981448276,44.181019,121722.29013600001,22591.386262393782,93.0668436,63.96533028571428,10.814625656306765,0.23479249156797155,50,64,,True,True,,118,87.6246207195492
104,2026-09-18T06:49:36.497+00:00,2026-09-18T06:51:39.340+00:00,2026-09-18T06:51:41.153+00:00,True,31,31.0,,31.0,122842.9958,124656.15189600001,124656.151944,4021.1661917419356,38.667899,122842.9958,22052.399264610827,66.66070200000001,60.438536533333334,6.700323702161528,0.24868407638528053,50,64,,True,True,,119,87.6246207195492
105,2026-09-18T06:49:36.990+00:00,2026-09-18T06:51:41.030+00:00,2026-09-18T06:51:46.656+00:00,True,93,93.0,,93.0,124039.97625200001,129665.659964,129665.65988400001,1394.2544073548388,37.889889000000004,124039.97625200001,12856.008617844436,72.0454586,61.148736,8.958559352218003,0.7172292187910063,50,64,,True,True,,377,87.6246207195492
106,2026-09-18T06:49:37.331+00:00,2026-09-18T06:51:42.502+00:00,2026-09-18T06:51:48.345+00:00,True,97,97.0,,97.0,125170.82037700001,131014.46914500001,131014.469263,1350.6646315773196,36.548282,125170.82037700001,12702.993599642527,69.57404539999999,60.87134133333333,8.63223463487749,0.7403762396094238,50,64,,True,True,,478,87.6246207195492
107,2026-09-18T06:49:37.715+00:00,2026-09-18T06:51:43.946+00:00,2026-09-18T06:51:45.565+00:00,True,28,28.0,,28.0,126230.85581299999,127849.44218099999,127849.44218499999,4566.051506607142,39.077158000000004,126230.85581299999,23844.061667925034,72.520777,59.94764325925926,7.899901573916244,0.21900760396247662,50,64,,True,True,,152,87.6246207195492
108,2026-09-18T06:49:38.035+00:00,2026-09-18T06:51:45.086+00:00,2026-09-18T06:51:47.195+00:00,True,36,36.0,,36.0,127051.13143600001,129159.54692400001,129159.54677700001,3587.7651882500004,38.383239,127051.13143600001,21165.150856085926,75.716339,60.24044251428571,10.13328530099935,0.27872504090760786,50,64,,True,True,,189,87.6246207195492
109,2026-09-18T06:49:38.495+00:00,2026-09-18T06:51:46.718+00:00,2026-09-18T06:51:50.675+00:00,True,67,67.0,,67.0,128223.119554,132179.532226,132179.532019,1972.8288361044777,36.703250999999995,128223.119554,15657.626106963167,69.44060300000001,59.945646545454544,8.668782821723266,0.5068863451978607,50,64,,True,True,,254,87.6246207195492
110,2026-09-18T06:49:38.979+00:00,2026-09-18T06:51:48.279+00:00,2026-09-18T06:51:50.363+00:00,True,36,36.0,,36.0,129299.514218,131383.129706,131383.129534,3649.5313759444443,37.268440999999996,129299.514218,21539.998798928988,71.87908875,59.531871085714286,8.78504410587181,0.27400778228192835,50,64,,True,True,,179,87.6246207195492
111,2026-09-18T06:49:39.360+00:00,2026-09-18T06:51:49.572+00:00,2026-09-18T06:51:55.717+00:00,True,100,100.0,,100.0,130211.72012,136357.009848,136357.009955,1363.57009955,35.955253,130211.72012,13014.96956592134,94.53958095,62.073633616161615,11.371266321765336,0.7333689709936592,50,64,,True,True,,416,87.6246207195492
112,2026-09-18T06:49:39.852+00:00,2026-09-18T06:51:51.487+00:00,2026-09-18T06:51:57.305+00:00,True,95,95.0,,95.0,131635.899016,137453.2402,137453.240173,1446.8762123473684,36.866112,131635.899016,13499.213353207306,91.08417280000002,61.88660834042553,11.094341122832809,0.6911441291727366,50,64,,True,True,,483,87.6246207195492
113,2026-09-18T06:49:40.149+00:00,2026-09-18T06:51:52.688+00:00,2026-09-18T06:51:57.303+00:00,True,77,77.0,,77.0,132539.372126,137154.089566,137154.089674,1781.221943818182,35.449224,132539.372126,15097.34766242501,76.2614472,60.71996631578948,11.19202375191451,0.5614123519295192,50,64,,True,True,,327,87.6246207195492
114,2026-09-18T06:49:40.588+00:00,2026-09-18T06:51:54.270+00:00,2026-09-18T06:51:57.307+00:00,True,52,52.0,,52.0,133682.450297,136719.129465,136719.129577,2629.214030326923,37.320061,133682.450297,18530.16687551738,82.12558815,59.542728784313724,11.687823950379459,0.3803418014983189,50,64,,True,True,,238,87.6246207195492
115,2026-09-18T06:49:41.048+00:00,2026-09-18T06:51:56.031+00:00,2026-09-18T06:51:59.415+00:00,True,58,58.0,,58.0,134983.102094,138367.16583800002,138367.165876,2385.640790965517,34.779855000000005,134983.102094,17716.356170669078,69.05280585,59.36953936842106,8.787019933615843,0.4191745899305785,50,64,,True,True,,259,87.6246207195492
116,2026-09-18T06:49:41.394+00:00,2026-09-18T06:51:57.712+00:00,2026-09-18T06:52:01.515+00:00,True,63,63.0,,63.0,136317.46353,140120.78257,140120.78252100002,2224.139405095238,35.914542999999995,136317.46353,17166.65940150403,67.122798,61.34385548387097,8.1691096387212,0.44961210496042686,50,64,,True,True,,336,87.6246207195492
117,2026-09-18T06:49:41.875+00:00,2026-09-18T06:51:59.477+00:00,2026-09-18T06:52:04.939+00:00,True,88,88.0,,88.0,137601.233097,143063.282889,143063.282977,1625.7191247386363,35.765322999999995,137601.233097,14661.652762381616,93.80095005,62.78218151724138,11.721584524189119,0.615112404964714,50,64,,True,True,,428,87.6246207195492
118,2026-09-18T06:49:42.363+00:00,2026-09-18T06:52:00.972+00:00,2026-09-18T06:52:02.227+00:00,True,21,21.0,,21.0,138608.81971,139863.98591800002,139863.98597100002,6660.189808142858,37.238641,138608.81971,30233.23134601194,97.316248,62.7583104,11.636589458911685,0.15014587109159006,50,64,,True,True,,109,87.6246207195492
119,2026-09-18T06:49:42.769+00:00,2026-09-18T06:52:02.718+00:00,2026-09-18T06:52:08.433+00:00,True,92,92.0,,92.0,139949.043654,145664.204486,145664.204673,1583.3065725326087,36.279782,139949.043654,14584.15212238261,89.13066755,62.80396518681318,10.117598388653299,0.6315896230280945,50,64,,True,True,,516,87.6246207195492
120,2026-09-18T06:49:43.273+00:00,2026-09-18T06:52:04.485+00:00,2026-09-18T06:52:06.037+00:00,True,26,26.0,,26.0,141211.694152,142764.01492000002,142764.014969,5490.923652653846,35.053364,141211.694152,27681.715495181987,83.61565175,62.09283072,8.347047668737071,0.1821187223865166,50,64,,True,True,,109,87.6246207195492
121,2026-09-18T06:49:43.674+00:00,2026-09-18T06:52:06.137+00:00,2026-09-18T06:52:11.985+00:00,True,95,95.0,,95.0,142463.128202,148310.78849,148310.788574,1561.1661955157895,36.695822,142463.128202,14610.02949656931,86.8744411,62.209152,10.124060687251541,0.6405467934411627,50,64,,True,True,,422,87.6246207195492
122,2026-09-18T06:49:44.164+00:00,2026-09-18T06:52:08.124+00:00,2026-09-18T06:52:13.122+00:00,True,82,82.0,,82.0,143959.750953,148957.734185,148957.73409800002,1816.557732902439,35.375154,143959.750953,15890.883845380979,80.00288935,61.70349669135802,9.602504972914865,0.5504917247073523,50,64,,True,True,,433,87.6246207195492
123,2026-09-18T06:49:44.559+00:00,2026-09-18T06:52:09.540+00:00,2026-09-18T06:52:11.669+00:00,True,36,36.0,,36.0,144980.93840400001,147109.97418000002,147109.974156,4086.3881710000005,38.553239000000005,144980.93840400001,24153.353365243907,76.63919474999999,60.8295936,9.711851137689807,0.24471488218705903,50,64,,True,True,,200,87.6246207195492
124,2026-09-18T06:49:45.042+00:00,2026-09-18T06:52:11.410+00:00,2026-09-18T06:52:17.647+00:00,True,100,100.0,,100.0,146367.552119,152604.999543,152604.999495,1526.04999495,35.083375,146367.552119,14630.459846940565,92.20362790000001,63.004519434343436,12.262443060950194,0.6552865259949932,50,64,,True,True,,485,87.6246207195492
125,2026-09-18T06:49:45.417+00:00,2026-09-18T06:52:12.907+00:00,2026-09-18T06:52:13.795+00:00,True,14,14.0,,14.0,147490.20473,148377.981498,148377.981475,10598.427248214286,52.424563,147490.20473,39400.165457027484,51683.767666650005,68.29052061538461,11.613236572715216,0.09435362213893378,50,64,,True,True,,57,87.6246207195492
126,2026-09-18T06:49:45.775+00:00,2026-09-18T06:52:14.263+00:00,2026-09-18T06:52:17.981+00:00,True,60,60.0,,60.0,148487.75653400001,152206.478326,152206.478264,2536.7746377333337,37.170281,148487.75653400001,19161.554047910035,92.9681289,63.02918291525423,12.705940953580587,0.39420135502702025,50,64,,True,True,,259,87.6246207195492
127,2026-09-18T06:49:46.129+00:00,2026-09-18T06:52:15.631+00:00,2026-09-18T06:52:20.250+00:00,True,73,73.0,,73.0,149501.193989,154120.683013,154120.683119,2111.2422345068494,35.356834,149501.193989,17490.287500777544,94.4025006,64.15956977777778,14.042548675865502,0.4736547916404088,50,64,,True,True,,401,87.6246207195492
128,2026-09-18T06:49:46.478+00:00,2026-09-18T06:52:17.113+00:00,2026-09-18T06:52:18.573+00:00,True,23,23.0,,23.0,150635.205638,152094.84365400003,152094.84365800003,6612.819289478261,39.929997,150635.205638,31395.780332197883,94.4061134,66.34718254545454,14.132304407666911,0.15122143162408985,50,64,,True,True,,96,87.6246207195492
129,2026-09-18T06:49:46.926+00:00,2026-09-18T06:52:18.678+00:00,2026-09-18T06:52:20.185+00:00,True,25,25.0,,25.0,151752.026279,153259.60925500002,153259.609208,6130.38436832,39.899425,151752.026279,30337.845264346637,97.94731619999999,62.81595733333334,14.233081903997952,0.16312190877639463,50,64,,True,True,,103,87.6246207195492
130,2026-09-18T06:49:47.348+00:00,2026-09-18T06:52:20.489+00:00,2026-09-18T06:52:21.712+00:00,True,20,20.0,,20.0,153140.711492,154364.023364,154364.02330200002,7718.2011651,41.705072,153140.711492,34228.908327183635,7737.823206000001,64.38483536842105,8.961809074142838,0.12956386834281167,50,64,,True,True,,85,87.6246207195492
131,2026-09-18T06:49:47.705+00:00,2026-09-18T06:52:21.585+00:00,2026-09-18T06:52:26.663+00:00,True,81,81.0,,81.0,153879.89478799998,158957.595396,158957.595323,1962.4394484320985,39.280728,153879.89478799998,17090.7163303323,90.14529199999998,63.4712576,9.4951159036953,0.5095698623158607,50,64,,True,True,,469,87.6246207195492
132,2026-09-18T06:49:48.068+00:00,2026-09-18T06:52:23.045+00:00,2026-09-18T06:52:23.419+00:00,True,7,7.0,,7.0,154977.236825,155351.191641,155351.191669,22193.027381285716,39.356146,154977.236825,58552.334518610085,108510.8477867,62.32580266666666,15.968491681455136,0.045059197332558934,50,64,,True,True,,33,87.6246207195492
133,2026-09-18T06:49:48.803+00:00,2026-09-18T06:52:24.331+00:00,2026-09-18T06:52:29.836+00:00,True,89,89.0,,89.0,155527.395986,161032.23003399998,161032.23005399999,1809.350899483146,37.918419,155527.395986,16479.242936473773,78.27075959999999,62.55493236363637,9.563117165242177,0.5526843910763003,50,64,,True,True,,404,87.6246207195492
134,2026-09-18T06:49:48.873+00:00,2026-09-18T06:52:25.665+00:00,2026-09-18T06:52:30.024+00:00,True,71,71.0,,71.0,156791.70947799998,161151.14934999996,161151.14939099998,2269.7344984647884,39.146877,156791.70947799998,18600.363874808914,76.02712299999999,62.27771245714286,9.483430206159905,0.44058016518266935,50,64,,True,True,,343,87.6246207195492
135,2026-09-18T06:49:49.202+00:00,2026-09-18T06:52:27.191+00:00,2026-09-18T06:52:28.185+00:00,True,16,16.0,,16.0,157988.54912,158982.91916800002,158982.919197,9936.4324498125,57.696212,157988.54912,39480.56515819668,39562.393976,66.29133653333334,7.76561932613614,0.10063974220458564,50,64,,True,True,,57,87.6246207195492
136,2026-09-18T06:49:49.633+00:00,2026-09-18T06:52:29.054+00:00,2026-09-18T06:52:29.546+00:00,True,9,9.0,,9.0,159420.605223,159912.359719,159912.359526,17768.03994733333,51.602774,159420.605223,53119.71214675148,95678.41952099999,61.469312,4.521475424817119,0.05628082792233766,50,64,,True,True,,38,87.6246207195492
137,2026-09-18T06:49:49.978+00:00,2026-09-18T06:52:30.279+00:00,2026-09-18T06:52:33.331+00:00,True,49,49.0,,49.0,160301.525584,163353.17153599998,163353.171626,3333.738196448979,39.483337,160301.525584,22891.138572349726,95.14983000000001,63.575957333333335,11.667865751470996,0.2999635669100022,50,64,,True,True,,285,87.6246207195492
138,2026-09-18T06:49:50.337+00:00,2026-09-18T06:52:31.625+00:00,2026-09-18T06:52:32.322+00:00,True,11,11.0,,11.0,161288.371458,161985.44333,161985.443258,14725.94938709091,55.291997,161288.371458,48609.25832187585,80695.0411045,69.7071872,15.005192849177904,0.0679073364486868,50,64,,True,True,,45,87.6246207195492
139,2026-09-18T06:49:50.864+00:00,2026-09-18T06:52:33.933+00:00,2026-09-18T06:52:38.467+00:00,True,71,71.0,,71.0,163069.306328,167603.658456,167603.658397,2360.614907,35.327885,163069.306328,19345.08383884552,93.89681949999998,64.77645897142857,14.305255320306832,0.42361843801064286,50,64,,True,True,,279,87.6246207195492
140,2026-09-18T06:49:51.237+00:00,2026-09-18T06:52:35.554+00:00,2026-09-18T06:52:39.248+00:00,True,58,58.0,,58.0,164317.046696,168010.746024,168010.745991,2896.7369998448276,37.00727,164317.046696,21567.381217628652,100.2125011,64.80174259649122,14.582719699834252,0.34521601369304566,50,64,,True,True,,275,87.6246207195492
141,2026-09-18T06:49:51.535+00:00,2026-09-18T06:52:36.653+00:00,2026-09-18T06:52:37.006+00:00,True,6,6.0,,6.0,165118.393416,165471.431496,165471.431608,27578.571934666666,54.181639000000004,165118.393416,67380.47803939553,123863.38776375001,70.607616,16.67595157322208,0.03626003561916995,50,64,,True,True,,24,87.6246207195492
142,2026-09-18T06:49:52.054+00:00,2026-09-18T06:52:38.337+00:00,2026-09-18T06:52:42.670+00:00,True,70,70.0,,70.0,166283.046516,170615.194228,170615.194092,2437.3599156,33.823347,166283.046516,19867.124003597903,86.67215655,62.78474944927536,10.571644700902525,0.4102799889349606,50,64,,True,True,,108,87.6246207195492
143,2026-09-18T06:49:52.402+00:00,2026-09-18T06:52:39.853+00:00,2026-09-18T06:52:43.987+00:00,True,67,67.0,,67.0,167450.744592,171584.770576,171584.770477,2560.9667235373136,34.320046000000005,167450.744592,20449.715069652226,91.2880401,62.636757333333335,11.056097605608413,0.3904775451520839,50,64,,True,True,,277,87.6246207195492
144,2026-09-18T06:49:52.893+00:00,2026-09-18T06:52:41.926+00:00,2026-09-18T06:52:44.586+00:00,True,43,43.0,,43.0,169033.682264,171693.706328,171693.706155,3992.8768873255813,39.660316,169033.682264,25767.738920086103,92.09116130000001,63.333906285714285,11.176916201840697,0.2504459884968277,50,64,,True,True,,218,87.6246207195492
145,2026-09-18T06:49:53.245+00:00,2026-09-18T06:52:43.304+00:00,2026-09-18T06:52:48.676+00:00,True,86,86.0,,86.0,170058.764646,175430.812006,175430.812042,2039.8931632790698,38.508588,170058.764646,18331.0977794963,95.59202724999999,63.20055717647058,13.16466691809605,0.49022175190672135,50,64,,True,True,,325,87.6246207195492
146,2026-09-18T06:49:53.576+00:00,2026-09-18T06:52:44.397+00:00,2026-09-18T06:52:44.397+00:00,True,1,1.0,,1.0,170821.024749,170821.024749,170821.024749,170821.024749,170821.024749,170821.024749,nan,170821.024749,nan,nan,0.005854080324534841,50,64,,True,True,,3,87.6246207195492
147,2026-09-18T06:49:53.959+00:00,2026-09-18T06:52:45.777+00:00,2026-09-18T06:52:51.593+00:00,True,93,93.0,,93.0,171818.317552,177634.642928,177634.643059,1910.0499253655914,37.18139,171818.317552,17810.17870544985,94.4899152,63.220928,13.220308758696637,0.5235465248616812,50,64,,True,True,,291,87.6246207195492
148,2026-09-18T06:49:54.445+00:00,2026-09-18T06:52:47.914+00:00,2026-09-18T06:52:52.956+00:00,True,81,81.0,,81.0,173469.758815,178511.474015,178511.4739,2203.8453567901233,36.749591,173469.758815,19267.418556267807,89.48966300000001,63.02144,11.33451467810272,0.4537523453153141,50,64,,True,True,,281,87.6246207195492
149,2026-09-18T06:49:54.885+00:00,2026-09-18T06:52:49.369+00:00,2026-09-18T06:52:50.875+00:00,True,26,26.0,,26.0,174484.130773,175989.322197,175989.322201,6768.820084653847,32.546679,174484.130773,34207.34701611046,74.36359675,60.20765696,9.768494965781185,0.14773623578648687,50,64,,True,True,,88,87.6246207195492
150,2026-09-18T06:49:55.261+00:00,2026-09-18T06:52:50.933+00:00,2026-09-18T06:52:52.900+00:00,True,31,31.0,,31.0,175671.75880500002,177639.53762100002,177639.53778,5730.3076703225815,37.51549,175671.75880500002,31539.801527735413,98.36859650000001,65.59262720000001,14.02549725913224,0.17451069967396307,50,64,,True,True,,165,87.6246207195492
151,2026-09-18T06:49:55.631+00:00,2026-09-18T06:52:52.426+00:00,2026-09-18T06:52:52.859+00:00,True,8,8.0,,8.0,176795.490968,177227.87292,177227.87305,22153.48413125,55.081707,176795.490968,62484.80679131435,114940.5610606,61.76885028571429,4.0226848718369554,0.04513962656207678,50,64,,True,True,,24,87.6246207195492
152,2026-09-18T06:49:56.137+00:00,2026-09-18T06:52:54.093+00:00,2026-09-18T06:52:55.548+00:00,True,23,23.0,,23.0,177956.255438,179410.59195,179410.591751,7800.460510913043,38.123819000000005,177956.255438,37092.662330224965,96.81405540000002,66.1062050909091,12.758606669041788,0.12819755929688856,50,64,,True,True,,87,87.6246207195492
153,2026-09-18T06:49:56.574+00:00,2026-09-18T06:52:56.169+00:00,2026-09-18T06:52:57.009+00:00,True,14,14.0,,14.0,179594.65282699998,180434.303899,180434.30400899998,12888.164572071428,41.286322999999996,179594.65282699998,47981.42939987181,62919.7433044,64.588544,12.325158008678889,0.07759056730053199,50,64,,True,True,,72,87.6246207195492
154,2026-09-18T06:49:57.064+00:00,2026-09-18T06:52:57.700+00:00,2026-09-18T06:52:58.040+00:00,True,6,6.0,,6.0,180636.31582,180976.371372,180976.371215,30162.728535833332,58.285301,180636.31582,73716.70276853742,135500.31053425,68.0111104,13.884545986086719,0.033153499291169335,50,64,,True,True,,22,87.6246207195492
155,2026-09-18T06:49:57.421+00:00,2026-09-18T06:52:59.034+00:00,2026-09-18T06:52:59.610+00:00,True,10,10.0,,10.0,181613.894186,182189.279018,182189.279081,18218.9279081,39.654476,181613.894186,57411.14162410376,99936.07563934999,63.931648,18.158088245648766,0.05488797175058811,50,64,,True,True,,36,87.6246207195492
156,2026-09-18T06:49:57.721+00:00,2026-09-18T06:53:00.177+00:00,2026-09-18T06:53:01.028+00:00,True,15,15.0,,15.0,182455.700347,183306.536315,183306.536348,12220.435756533334,37.59279,182455.700347,47094.16805735964,54784.76677850001,60.77399771428572,7.663977500639162,0.08183014256634856,50,64,,True,True,,85,87.6246207195492
157,2026-09-18T06:49:58.182+00:00,2026-09-18T06:53:02.165+00:00,2026-09-18T06:53:07.949+00:00,True,97,97.0,,97.0,183982.701673,189767.491177,189767.491217,1956.3658888350517,37.32379,183982.701673,18674.496525645052,68.8346708,60.258224,8.154583131440518,0.5111518279467906,50,64,,True,True,,590,87.6246207195492
158,2026-09-18T06:49:58.653+00:00,2026-09-18T06:53:04.107+00:00,2026-09-18T06:53:07.357+00:00,True,56,56.0,,56.0,185454.303934,188703.813054,188703.81316299998,3369.7109493392854,32.834559,185454.303934,24774.480447787126,72.28098275,59.081984,9.574738494440261,0.2967613589449562,50,64,,True,True,,235,87.6246207195492
159,2026-09-18T06:49:58.946+00:00,2026-09-18T06:53:05.035+00:00,2026-09-18T06:53:10.609+00:00,True,95,95.0,,95.0,186088.90299200002,191663.20340800003,191663.203638,2017.5074067157896,34.723665000000004,186088.90299200002,19086.237059646053,68.96481899999999,59.30106825531915,10.050048023950854,0.4956611301010671,50,64,,True,True,,390,87.6246207195492
160,2026-09-18T06:49:59.469+00:00,2026-09-18T06:53:07.051+00:00,2026-09-18T06:53:08.251+00:00,True,22,22.0,,22.0,187581.76208000001,188782.005792,188782.00587800003,8581.000267181818,35.524354,187581.76208000001,39980.382833661955,88.5052727,57.154462476190474,13.45471043119472,0.11653653062802817,50,64,,True,True,,87,87.6246207195492
161,2026-09-18T06:49:59.879+00:00,2026-09-18T06:53:08.563+00:00,2026-09-18T06:53:12.044+00:00,True,59,59.0,,59.0,188684.150981,192165.281221,192165.281059,3257.0386620169493,34.026346,188684.150981,24556.77229174754,68.52901960000001,60.01948689655172,10.06592279183443,0.3070273653238482,50,64,,True,True,,297,87.6246207195492
162,2026-09-18T06:50:00.206+00:00,2026-09-18T06:53:10.234+00:00,2026-09-18T06:53:12.779+00:00,True,42,42.0,,42.0,190027.775874,192573.47827400002,192573.47818900002,4585.08281402381,34.849504,190027.775874,29312.34368541184,93.55873535,62.09030243902439,11.027039809366823,0.2180985687979369,50,64,,True,True,,170,87.6246207195492
163,2026-09-18T06:50:00.677+00:00,2026-09-18T06:53:11.818+00:00,2026-09-18T06:53:12.910+00:00,True,18,18.0,,18.0,191141.123323,192232.86578700002,192232.865744,10679.603652444444,38.943127,191141.123323,45037.260103515066,28754.108869400003,64.22014494117647,14.225435015082493,0.09363643374044353,50,64,,True,True,,72,87.6246207195492
164,2026-09-18T06:50:01.016+00:00,2026-09-18T06:53:12.970+00:00,2026-09-18T06:53:18.051+00:00,True,81,81.0,,81.0,191953.45524799998,197035.112848,197035.11286599998,2432.532257604938,37.342839999999995,191953.45524799998,21321.10742657217,94.761553,63.52072,12.451102300672364,0.4110942401544761,50,64,,True,True,,396,87.6246207195492
165,2026-09-18T06:50:01.532+00:00,2026-09-18T06:53:14.975+00:00,2026-09-18T06:53:15.295+00:00,True,6,6.0,,6.0,193443.609484,193763.22010799998,193763.22014699999,32293.870024499996,58.69846,193443.609484,78946.92686187393,145100.24965274998,63.9221248,4.219967671055692,0.030965629063429645,50,64,,True,True,,27,87.6246207195492
166,2026-09-18T06:50:02.588+00:00,2026-09-18T06:53:15.418+00:00,2026-09-18T06:53:21.567+00:00,True,99,99.0,,99.0,192830.384244,198979.48478799997,198979.48479699998,2009.8937858282827,38.332548,192830.384244,19373.88069119871,93.5075217,62.745923918367346,12.644589984317987,0.4975387292085826,50,64,,True,True,,495,87.6246207195492
167,2026-09-18T06:50:02.633+00:00,2026-09-18T06:53:15.574+00:00,2026-09-18T06:53:17.022+00:00,True,24,24.0,,24.0,192940.712947,194388.507123,194388.507131,8099.521130458333,38.913277,192940.712947,39371.01095172768,95.30973465,62.94757286956522,12.704165646449669,0.12346408928802524,50,64,,True,True,,139,87.6246207195492
168,2026-09-18T06:50:02.869+00:00,2026-09-18T06:53:20.092+00:00,2026-09-18T06:53:20.332+00:00,True,5,5.0,,5.0,197223.502051,197463.24067499998,197463.240653,39492.6481306,57.835493,197223.502051,88174.22790679552,157791.49432499998,59.934656,2.5667567908928706,0.025321168552223754,50,64,,True,True,,12,87.6246207195492
169,2026-09-18T06:50:03.266+00:00,2026-09-18T06:53:21.987+00:00,2026-09-18T06:53:22.553+00:00,True,10,10.0,,10.0,198720.602095,199286.193903,199286.19392800002,19928.6193928,41.958012000000004,198720.602095,62821.100469990946,109338.20408695,62.843534222222225,13.446998702626711,0.0501790907044337,50,64,,True,True,,40,87.6246207195492
170,2026-09-18T06:50:03.669+00:00,2026-09-18T06:53:23.646+00:00,2026-09-18T06:53:24.447+00:00,True,14,14.0,,14.0,199977.460907,200778.475435,200778.47553,14341.319680714285,34.301815000000005,199977.460907,53429.758558801674,70054.23079175,61.61650215384615,14.057983150619638,0.06972859002773113,50,64,,True,True,,46,87.6246207195492
171,2026-09-18T06:50:04.133+00:00,2026-09-18T06:53:25.666+00:00,2026-09-18T06:53:28.548+00:00,True,47,47.0,,47.0,201533.08057,204415.52920999998,204415.52922499998,4349.266579255319,39.044817,201533.08057,29387.4835626424,95.5013753,62.66192695652174,12.64239897576851,0.2299238232126484,50,64,,True,True,,194,87.6246207195492
172,2026-09-18T06:50:04.621+00:00,2026-09-18T06:53:27.436+00:00,2026-09-18T06:53:28.969+00:00,True,26,26.0,,26.0,202815.067564,204348.52471599999,204348.52456,7859.558636923077,41.464213,202815.067564,39763.278750971345,87.48302950000001,61.338286079999996,9.005186872135202,0.12723360756401028,50,64,,True,True,,108,87.6246207195492
173,2026-09-18T06:50:05.144+00:00,2026-09-18T06:53:29.148+00:00,2026-09-18T06:53:31.642+00:00,True,41,41.0,,41.0,204004.43662,206498.43726,206498.437181,5036.547248317073,35.870093000000004,204004.43662,31850.404586768767,90.73791,62.350016,10.582503141040483,0.1985487180630686,50,64,,True,True,,157,87.6246207195492
174,2026-09-18T06:50:05.679+00:00,2026-09-18T06:53:31.396+00:00,2026-09-18T06:53:35.564+00:00,True,68,68.0,,68.0,205717.045878,209885.461622,209885.461561,3086.5509053088235,35.395934000000004,205717.045878,24939.31473841299,93.96822234999999,62.215160358208955,12.89385765347228,0.32398623265515547,50,64,,True,True,,293,87.6246207195492
175,2026-09-18T06:50:05.998+00:00,2026-09-18T06:53:32.574+00:00,2026-09-18T06:53:34.959+00:00,True,40,40.0,,40.0,206576.197886,208961.03500600002,208961.035011,5224.0258752750005,38.387028,206576.197886,32652.89815761018,91.80624399999999,61.14966974358975,11.532944150740851,0.191423247874186,50,64,,True,True,,196,87.6246207195492
176,2026-09-18T06:50:06.362+00:00,2026-09-18T06:53:34.281+00:00,2026-09-18T06:53:39.423+00:00,True,82,82.0,,82.0,207919.30188800002,213060.56422400003,213060.564133,2598.2995625975614,36.614732000000004,207919.30188800002,22953.83967355099,92.63572705,63.472374518518514,12.22771214065304,0.3848670930665037,50,64,,True,True,,431,87.6246207195492
177,2026-09-18T06:50:06.862+00:00,2026-09-18T06:53:35.955+00:00,2026-09-18T06:53:38.766+00:00,True,46,46.0,,46.0,209093.484583,211903.82007100002,211903.820153,4606.604785934783,37.936619,209093.484583,30819.946886358983,92.653107,62.451899733333335,12.630885324139726,0.21707961651935934,50,64,,True,True,,216,87.6246207195492
178,2026-09-18T06:50:07.188+00:00,2026-09-18T06:53:37.280+00:00,2026-09-18T06:53:38.479+00:00,True,20,20.0,,20.0,210091.851291,211291.555099,211291.555009,10564.57775045,46.499072999999996,210091.851291,46963.84790517344,10592.275481199998,63.14230568421053,9.19272717923858,0.09465593639380931,50,64,,True,True,,77,87.6246207195492
179,2026-09-18T06:50:07.514+00:00,2026-09-18T06:53:38.896+00:00,2026-09-18T06:53:40.697+00:00,True,30,30.0,,30.0,211381.366044,213183.08789999998,213183.087917,7106.102930566666,38.765988,211381.366044,38581.4387966014,84.3377073,62.12833986206897,9.035685077659105,0.1407241085375047,50,64,,True,True,,132,87.6246207195492
180,2026-09-18T06:50:07.904+00:00,2026-09-18T06:53:40.163+00:00,2026-09-18T06:53:44.035+00:00,True,64,64.0,,64.0,212259.12268399997,216130.69234799998,216130.69234199997,3377.0420678437495,35.471864000000004,212259.12268399997,26524.710639982786,88.10116529999999,61.45348673015873,10.357976112663904,0.2961171285055213,50,64,,True,True,,195,87.6246207195492
181,2026-09-18T06:50:08.212+00:00,2026-09-18T06:53:41.172+00:00,2026-09-18T06:53:44.980+00:00,True,62,62.0,,62.0,212959.43972,216767.486824,216767.486686,3496.2497852580645,37.92156,212959.43972,27037.949826693304,89.8718497,62.427001704918034,10.930565032572675,0.28602075388888765,50,64,,True,True,,254,87.6246207195492
182,2026-09-18T06:50:08.674+00:00,2026-09-18T06:53:43.118+00:00,2026-09-18T06:53:46.258+00:00,True,51,51.0,,51.0,214443.726926,217584.576846,217584.576978,4266.364254470588,36.050982000000005,214443.726926,30019.33337244198,86.21081900000001,62.816998399999996,9.637470359304178,0.23439161331777808,50,64,,True,True,,233,87.6246207195492
183,2026-09-18T06:50:09.006+00:00,2026-09-18T06:53:44.152+00:00,2026-09-18T06:53:50.286+00:00,True,96,96.0,,96.0,215146.519465,221280.084393,221280.084478,2305.0008799791667,0.02128,215146.519465,21951.72067124757,95.14319275,64.56384134736842,21.58253478029443,0.4338393139325686,50,64,,True,True,,424,87.6246207195492
184,2026-09-18T06:50:09.469+00:00,2026-09-18T06:53:45.933+00:00,2026-09-18T06:53:49.707+00:00,True,59,59.0,,59.0,216464.31100299998,220237.97397899997,220237.97402399997,3732.8470173559317,0.01887,216464.31100299998,28172.794706877434,94.2820417,65.06315475862068,26.547755039756954,0.2678920393883833,50,64,,True,True,,272,87.6246207195492
185,2026-09-18T06:50:09.772+00:00,2026-09-18T06:53:47.181+00:00,2026-09-18T06:53:53.134+00:00,True,95,95.0,,95.0,217409.06511199998,223361.90172,223361.90188199998,2351.1779145473683,0.01732,217409.06511199998,22299.218995148134,93.2690677,63.32804902127659,27.58542829148406,0.42531872834378553,50,64,,True,True,,239,87.6246207195492
186,2026-09-18T06:50:10.216+00:00,2026-09-18T06:53:49.459+00:00,2026-09-18T06:53:52.189+00:00,True,45,45.0,,45.0,219242.307297,221972.253153,221972.253167,4932.716737044444,37.6462,219242.307297,32673.466453105302,92.223146,62.044224,11.416849313605319,0.20272804082852017,50,64,,True,True,,218,87.6246207195492
187,2026-09-18T06:50:10.576+00:00,2026-09-18T06:53:50.510+00:00,2026-09-18T06:53:55.935+00:00,True,88,88.0,,88.0,219934.075846,225358.30471,225358.304752,2560.8898267272725,37.223349999999996,219934.075846,23438.40808142712,92.44359004999998,62.34745820689655,12.089772249672533,0.39048927046749793,50,64,,True,True,,433,87.6246207195492
188,2026-09-18T06:50:11.093+00:00,2026-09-18T06:53:52.254+00:00,2026-09-18T06:53:53.194+00:00,True,16,16.0,,16.0,221161.359852,222101.558252,222101.558295,13881.3473934375,43.598188,221161.359852,55274.67071519896,55357.912497,62.67989333333333,9.274722079162379,0.07203911636606414,50,64,,True,True,,83,87.6246207195492
189,2026-09-18T06:50:11.600+00:00,2026-09-18T06:53:54.509+00:00,2026-09-18T06:53:58.335+00:00,True,62,62.0,,62.0,222909.33958899998,226735.41882099997,226735.41900599998,3657.0228871935483,37.45146,222909.33958899998,28301.549688253963,70.54397804999999,62.72261036065574,7.701829232835929,0.2734464704385111,50,64,,True,True,,267,87.6246207195492
190,2026-09-18T06:50:11.900+00:00,2026-09-18T06:53:55.550+00:00,2026-09-18T06:53:58.854+00:00,True,53,53.0,,53.0,223650.02487400002,226953.75761000003,226953.757619,4282.146370169812,54.621728000000004,223650.02487400002,30711.967092146915,72.19106020000001,63.53332184615385,5.713638514500049,0.23352774837540172,50,64,,True,True,,232,87.6246207195492
191,2026-09-18T06:50:12.258+00:00,2026-09-18T06:53:57.000+00:00,2026-09-18T06:53:58.726+00:00,True,28,28.0,,28.0,224742.535168,226467.604736,226467.604818,8088.1287435,56.851003,224742.535168,42460.273168501015,88.1968159,63.89146548148148,7.196973476276017,0.12363799243004504,50,64,,True,True,,128,87.6246207195492
192,2026-09-18T06:50:12.765+00:00,2026-09-18T06:53:58.598+00:00,2026-09-18T06:54:02.988+00:00,True,71,71.0,,71.0,225832.83740400002,230223.31343600003,230223.31345500002,3242.5818796478875,38.358377999999995,225832.83740400002,26793.985387285138,90.9375345,62.72108617142857,10.648883004397598,0.30839622165257974,50,64,,True,True,,404,87.6246207195492
193,2026-09-18T06:50:13.174+00:00,2026-09-18T06:54:00.423+00:00,2026-09-18T06:54:02.421+00:00,True,32,32.0,,32.0,227248.419962,229246.74290600003,229246.74283200002,7163.960713500001,41.125653,227248.419962,40160.830514128356,89.22816015000001,64.4620304516129,10.005492925135748,0.13958758844011682,50,64,,True,True,,141,87.6246207195492
194,2026-09-18T06:50:13.702+00:00,2026-09-18T06:54:02.512+00:00,2026-09-18T06:54:08.173+00:00,True,92,92.0,,92.0,228810.534294,234471.761558,234471.761604,2548.6061043913046,36.589732000000005,228810.534294,23848.663737291892,91.65645629999999,62.21128861538462,10.910578071371662,0.3923713430934516,50,64,,True,True,,471,87.6246207195492
195,2026-09-18T06:50:14.169+00:00,2026-09-18T06:54:04.118+00:00,2026-09-18T06:54:06.387+00:00,True,38,38.0,,38.0,229948.48700999998,232217.948258,232217.948311,6110.998639763157,37.990649,229948.48700999998,37292.62074412652,70.03611855,61.336790486486485,6.410320110969349,0.16363937535862233,50,64,,True,True,,148,87.6246207195492
196,2026-09-18T06:50:14.636+00:00,2026-09-18T06:54:05.886+00:00,2026-09-18T06:54:08.711+00:00,True,44,44.0,,44.0,231250.27708,234074.648024,234074.648082,5319.8783655,39.989615,231250.27708,34852.392859509884,106.9699525,65.68304520930234,16.817531335974728,0.18797422263127198,50,64,,True,True,,175,87.6246207195492
197,2026-09-18T06:50:14.984+00:00,2026-09-18T06:54:07.276+00:00,2026-09-18T06:54:13.332+00:00,True,97,97.0,,97.0,232292.227359,238347.356959,238347.35699300002,2457.1892473505154,34.500996,232292.227359,23579.30196772339,93.23194300000002,63.07426666666667,13.746512700925223,0.406969060775806,50,64,,True,True,,504,87.6246207195492
198,2026-09-18T06:50:15.344+00:00,2026-09-18T06:54:08.709+00:00,2026-09-18T06:54:08.783+00:00,True,2,2.0,,2.0,233364.76165099998,233438.66373099998,233438.66351299998,116719.33175649999,73.901862,233364.76165099998,164961.54894564196,221700.21866155,73.90208,nan,0.008567561037380997,50,64,,True,True,,6,87.6246207195492
199,2026-09-18T06:50:15.734+00:00,2026-09-18T06:54:09.959+00:00,2026-09-18T06:54:12.450+00:00,True,40,40.0,,40.0,234225.595239,236716.649831,236716.64995599998,5917.9162489,37.14731,234225.595239,37024.221689161925,98.06601325000001,63.87319466666666,13.96266615870842,0.16897839686628444,50,64,,True,True,,216,87.6246207195492
200,2026-09-18T06:50:16.057+00:00,2026-09-18T06:54:11.331+00:00,2026-09-18T06:54:13.950+00:00,True,43,43.0,,43.0,235273.92636800001,237892.61104000002,237892.611115,5532.386305,36.831571000000004,235273.92636800001,35869.430957994155,91.2185073,62.349635047619046,11.439794558491116,0.18075382758638872,50,64,,True,True,,172,87.6246207195492
202,2026-09-18T06:50:17.378+00:00,2026-09-18T06:54:15.352+00:00,2026-09-18T06:54:19.158+00:00,True,60,60.0,,60.0,237974.084326,241780.52247000003,241780.52242000002,4029.675373666667,39.084447,237974.084326,30713.995844499008,93.28045715,64.5159007457627,12.82094386322579,0.24815894757380536,50,64,,True,True,,286,87.6246207195492
201,2026-09-18T06:50:17.277+00:00,2026-09-18T06:54:16.263+00:00,2026-09-18T06:54:16.457+00:00,True,4,4.0,,4.0,238985.870735,239180.27559900002,239180.275651,59795.06891275,42.78773,238985.870735,119460.5363246497,203151.8407268,64.80162133333333,25.232192758118927,0.016723787068070102,50,64,,True,True,,27,87.6246207195492
203,2026-09-18T06:50:17.411+00:00,2026-09-18T06:54:16.523+00:00,2026-09-18T06:54:17.463+00:00,True,15,15.0,,15.0,239112.459074,240052.288066,240052.28801400002,16003.4858676,51.814723,239112.459074,61721.240147102704,71809.6933131,67.13064228571429,15.234409054607944,0.062486386282124905,50,64,,True,True,,82,87.6246207195492
204,2026-09-18T06:50:17.495+00:00,2026-09-18T06:54:17.336+00:00,2026-09-18T06:54:19.979+00:00,True,42,42.0,,42.0,239840.848998,242483.351142,242483.351161,5773.413122880952,39.760705,239840.848998,36998.30259848846,89.92407575000001,64.45127180487805,9.490657898306269,0.17320776788260608,50,64,,True,True,,245,87.6246207195492
205,2026-09-18T06:50:17.802+00:00,2026-09-18T06:54:18.568+00:00,2026-09-18T06:54:18.636+00:00,True,2,2.0,,2.0,240766.117477,240833.62570099998,240833.625721,120416.8128605,67.508244,240766.117477,170199.61881082522,228731.18701534998,67.508224,nan,0.008304488188385462,50,64,,True,True,,8,87.6246207195492
206,2026-09-18T06:50:18.101+00:00,2026-09-18T06:54:19.657+00:00,2026-09-18T06:54:20.637+00:00,True,16,16.0,,16.0,241555.733601,242536.151905,242536.15194600003,15158.509496625002,57.587562,241555.733601,60372.59356481182,60456.279434250006,65.36122026666666,7.8002439620642585,0.06596954670191645,50,64,,True,True,,61,87.6246207195492
207,2026-09-18T06:50:18.396+00:00,2026-09-18T06:54:20.828+00:00,2026-09-18T06:54:22.970+00:00,True,35,35.0,,35.0,242432.04135299998,244573.96007299997,244573.96004299997,6987.8274298,36.888261,242432.04135299998,40967.847001036374,81.025722,62.99760941176471,10.45177033615661,0.14310599537887544,50,64,,True,True,,158,87.6246207195492
208,2026-09-18T06:50:18.751+00:00,2026-09-18T06:54:22.396+00:00,2026-09-18T06:54:27.178+00:00,True,78,78.0,,78.0,243645.333032,248427.315752,248427.315849,3184.9655878076924,36.433472,243645.333032,27580.37137645674,79.10350405000001,62.103671688311685,9.821011087916693,0.3139751349962894,50,64,,True,True,,364,87.6246207195492
209,2026-09-18T06:50:19.222+00:00,2026-09-18T06:54:24.314+00:00,2026-09-18T06:54:29.863+00:00,True,88,88.0,,88.0,245092.502489,250640.76232900002,250640.762481,2848.1904827386365,35.246644,245092.502489,26120.153254144545,92.49891034999999,63.7731016091954,12.460137562630626,0.3511001130952836,50,64,,True,True,,212,87.6246207195492
210,2026-09-18T06:50:19.751+00:00,2026-09-18T06:54:26.421+00:00,2026-09-18T06:54:28.866+00:00,True,38,38.0,,38.0,246670.19082,249115.42934799998,249115.429472,6555.669196631578,39.511596,246670.19082,40004.47067695795,96.89777385000001,66.08752778378378,14.579053028320565,0.1525397286689785,50,64,,True,True,,179,87.6246207195492
211,2026-09-18T06:50:20.058+00:00,2026-09-18T06:54:27.451+00:00,2026-09-18T06:54:32.217+00:00,True,76,76.0,,76.0,247393.672998,252159.11837399998,252159.118406,3317.8831369210525,35.823843000000004,247393.672998,28370.71435559013,89.92702625,63.53927168,11.468456612817626,0.30139699285939575,50,64,,True,True,,327,87.6246207195492
212,2026-09-18T06:50:20.449+00:00,2026-09-18T06:54:28.823+00:00,2026-09-18T06:54:33.962+00:00,True,84,84.0,,84.0,248373.857922,253512.218754,253512.218822,3018.0026050238093,34.905915,248373.857922,27093.056593950303,77.05308364999999,61.9079618313253,9.581073784576256,0.33134497584714395,50,64,,True,True,,368,87.6246207195492
213,2026-09-18T06:50:20.866+00:00,2026-09-18T06:54:30.529+00:00,2026-09-18T06:54:32.880+00:00,True,39,39.0,,39.0,249662.865047,252013.433751,252013.433917,6461.882920948718,41.091733,249662.865047,39968.149649004,80.12843779999999,61.85707115789474,9.304987062166827,0.1547536550711565,50,64,,True,True,,161,87.6246207195492
214,2026-09-18T06:50:21.277+00:00,2026-09-18T06:54:31.895+00:00,2026-09-18T06:54:34.473+00:00,True,42,42.0,,42.0,250618.040977,253196.230545,253196.23054,6028.481679523809,37.561589,250618.040977,38661.50153554659,88.35124100000002,62.882672390243904,9.988533786599906,0.1658792467391628,50,64,,True,True,,174,87.6246207195492
215,2026-09-18T06:50:21.578+00:00,2026-09-18T06:54:33.103+00:00,2026-09-18T06:54:34.383+00:00,True,22,22.0,,22.0,251524.68971200002,252804.62315200001,252804.62323500004,11491.119237954546,38.551288,251524.68971200002,53612.250003993075,68.51998505,60.949211428571424,6.648829063808729,0.08702372498454031,50,64,,True,True,,88,87.6246207195492
216,2026-09-18T06:50:21.962+00:00,2026-09-18T06:54:34.593+00:00,2026-09-18T06:54:36.196+00:00,True,27,27.0,,27.0,252630.63513,254234.41061800002,254234.410588,9416.089281037037,41.923882,252630.63513,48606.917790764695,75.88534519999999,61.683672615384616,6.5131647871853575,0.10620120201025367,50,64,,True,True,,113,87.6246207195492
217,2026-09-18T06:50:22.496+00:00,2026-09-18T06:54:36.699+00:00,2026-09-18T06:54:40.522+00:00,True,61,61.0,,61.0,254203.162262,258026.20815,258026.208323,4229.9378413606555,35.531784,254203.162262,32539.223839814014,91.72255899999999,63.71743146666667,12.21961021358245,0.2364100935225095,50,64,,True,True,,307,87.6246207195492
218,2026-09-18T06:50:23.039+00:00,2026-09-18T06:54:38.559+00:00,2026-09-18T06:54:40.828+00:00,True,37,37.0,,37.0,255520.272411,257789.44309900003,257789.443322,6967.282251945946,35.727213000000006,255520.272411,41996.913440423334,97.2848598,63.032519111111114,12.823480919014761,0.1435279876289997,50,64,,True,True,,135,87.6246207195492
219,2026-09-18T06:50:23.420+00:00,2026-09-18T06:54:40.107+00:00,2026-09-18T06:54:45.512+00:00,True,89,89.0,,89.0,256687.17292500002,262091.46706900003,262091.46719800003,2944.847946044944,37.32022,256687.17292500002,27202.27710179092,68.447382,61.41243345454545,7.015388342154759,0.33957610675119476,50,64,,True,True,,397,87.6246207195492
220,2026-09-18T06:50:23.952+00:00,2026-09-18T06:54:42.072+00:00,2026-09-18T06:54:42.829+00:00,True,14,14.0,,14.0,258119.76142899998,258876.98638899997,258876.98643199998,18491.213316571426,38.160629,258119.76142899998,68969.84111405349,90384.81289654998,58.24807384615385,9.195410847527603,0.054079739552294476,50,64,,True,True,,49,87.6246207195492
221,2026-09-18T06:50:24.418+00:00,2026-09-18T06:54:43.571+00:00,2026-09-18T06:54:47.054+00:00,True,58,58.0,,58.0,259153.279721,262636.392681,262636.392791,4528.213668810345,36.329921999999996,259153.279721,34020.47032380768,75.16534669999999,61.1072449122807,9.75611915095819,0.2208376356678307,50,64,,True,True,,189,87.6246207195492
222,2026-09-18T06:50:24.906+00:00,2026-09-18T06:54:45.325+00:00,2026-09-18T06:54:50.080+00:00,True,80,80.0,,80.0,260419.250368,265173.608128,265173.60824800003,3314.6701031000002,37.337968999999994,260419.250368,29109.030362683883,70.18502089999998,60.18174379746836,9.599272040586923,0.3016891483461046,50,64,,True,True,,418,87.6246207195492
223,2026-09-18T06:50:25.318+00:00,2026-09-18T06:54:46.841+00:00,2026-09-18T06:54:49.021+00:00,True,37,37.0,,37.0,261523.37797099998,263703.65009899996,263703.65019799996,7127.125681027026,39.101866,261523.37797099998,42984.22310832962,88.4090762,60.563114666666664,9.988902583958902,0.14030901728553782,50,64,,True,True,,164,87.6246207195492
224,2026-09-18T06:50:25.695+00:00,2026-09-18T06:54:48.049+00:00,2026-09-18T06:54:51.411+00:00,True,58,58.0,,58.0,262354.121755,265716.359963,265716.35987999995,4581.316549655172,34.780265,262354.121755,34441.040279947236,73.66204139999999,58.98663522807018,11.015636458525034,0.21827786594726903,50,64,,True,True,,260,87.6246207195492
225,2026-09-18T06:50:26.245+00:00,2026-09-18T06:54:50.203+00:00,2026-09-18T06:54:50.494+00:00,True,6,6.0,,6.0,263957.922377,264248.742729,264248.742722,44041.45712033333,36.756641,263957.922377,107736.62713322065,197991.76031399998,58.1640704,22.91850001392754,0.022705879082093847,50,64,,True,True,,18,87.6246207195492
226,2026-09-18T06:50:26.769+00:00,2026-09-18T06:54:52.236+00:00,2026-09-18T06:54:56.243+00:00,True,68,68.0,,68.0,265466.834578,269473.620882,269473.62087600003,3962.8473658235293,35.530513,265466.834578,32185.331460938567,66.7820095,59.80278065671642,9.17391765559172,0.25234380930286515,50,64,,True,True,,313,87.6246207195492
227,2026-09-18T06:50:27.069+00:00,2026-09-18T06:54:53.091+00:00,2026-09-18T06:54:56.367+00:00,True,55,55.0,,55.0,266022.05086899997,269298.550069,269298.550015,4896.337272999999,37.41981,266022.05086899997,35862.22561890541,69.866611,60.67591111111111,9.108703783831645,0.20423429679033858,50,64,,True,True,,236,87.6246207195492
228,2026-09-18T06:50:27.384+00:00,2026-09-18T06:54:54.362+00:00,2026-09-18T06:54:55.765+00:00,True,24,24.0,,24.0,266977.998491,268380.037531,268380.037716,11182.501571499999,36.823061,266977.998491,54484.213971792,97.88432414999997,60.958219130434784,12.076051366413742,0.08942542903261877,50,64,,True,True,,100,87.6246207195492
229,2026-09-18T06:50:27.859+00:00,2026-09-18T06:54:56.177+00:00,2026-09-18T06:55:02.434+00:00,True,98,98.0,,98.0,268317.35888,274574.46224,274574.462246,2801.780227,36.100142999999996,268317.35888,27097.63289645241,93.98216100000002,64.50622020618556,12.219359525912047,0.35691593165842267,50,64,,True,True,,402,87.6246207195492
230,2026-09-18T06:50:28.159+00:00,2026-09-18T06:54:57.329+00:00,2026-09-18T06:55:01.851+00:00,True,72,72.0,,72.0,269170.098525,273692.156509,273692.15651199996,3801.2799515555553,39.119946000000006,269170.098525,31714.49646981084,93.67341885,63.69095752112676,11.882165342333485,0.2630692852815911,50,64,,True,True,,309,87.6246207195492
231,2026-09-18T06:50:28.536+00:00,2026-09-18T06:54:58.891+00:00,2026-09-18T06:55:00.748+00:00,True,31,31.0,,31.0,270354.63889099995,272212.0315309999,272212.03139699996,8781.033270870967,39.849085,270354.63889099995,48546.007557332305,85.5430045,61.913088,9.523724586218972,0.11388181420801627,50,64,,True,True,,125,87.6246207195492
232,2026-09-18T06:50:28.896+00:00,2026-09-18T06:55:00.392+00:00,2026-09-18T06:55:05.499+00:00,True,81,81.0,,81.0,271495.203581,276602.18239699997,276602.182439,3414.8417585061725,35.887042,271495.203581,30159.043253523778,90.97797900000002,63.8372352,12.476626313870222,0.29283933806329404,50,64,,True,True,,265,87.6246207195492
233,2026-09-18T06:50:29.215+00:00,2026-09-18T06:55:01.545+00:00,2026-09-18T06:55:03.500+00:00,True,32,32.0,,32.0,272329.932755,274285.248723,274285.248717,8571.41402240625,38.112947999999996,272329.932755,48130.436857681794,93.44232065,63.074708645161294,12.02374398053004,0.11666686469281008,50,64,,True,True,,141,87.6246207195492
234,2026-09-18T06:50:29.534+00:00,2026-09-18T06:55:02.621+00:00,2026-09-18T06:55:05.058+00:00,True,39,39.0,,39.0,273087.37210399995,275523.58714399993,275523.58711399994,7064.707361897435,35.541273000000004,273087.37210399995,43718.71317364858,96.79551659999998,64.11092210526316,14.725329428112826,0.14154867974921145,50,64,,True,True,,124,87.6246207195492
235,2026-09-18T06:50:30.010+00:00,2026-09-18T06:55:04.146+00:00,2026-09-18T06:55:05.679+00:00,True,25,25.0,,25.0,274136.566401,275669.33260900003,275669.33246500004,11026.773298600001,35.440863,274136.566401,54814.54183810988,95.700504,63.86525866666666,13.564635752710176,0.09068836117312747,50,64,,True,True,,124,87.6246207195492
236,2026-09-18T06:50:30.425+00:00,2026-09-18T06:55:06.108+00:00,2026-09-18T06:55:09.085+00:00,True,48,48.0,,48.0,275683.427416,278659.992664,278659.992601,5805.416512520833,35.438084,275683.427416,39782.335767909244,93.12054384999999,63.331175489361705,11.326475760567105,0.17225292924584615,50,64,,True,True,,265,87.6246207195492
237,2026-09-18T06:50:30.765+00:00,2026-09-18T06:55:07.634+00:00,2026-09-18T06:55:12.372+00:00,True,77,77.0,,77.0,276868.40195200004,281606.87132800004,281606.87129300006,3657.232094714286,38.112989,276868.40195200004,31544.97957806826,91.7048884,62.348281263157894,11.680785951927197,0.27343082800815144,50,64,,True,True,,296,87.6246207195492
238,2026-09-18T06:50:31.245+00:00,2026-09-18T06:55:09.369+00:00,2026-09-18T06:55:12.370+00:00,True,50,50.0,,50.0,278124.60169,281125.27650599997,281125.276671,5622.50553342,38.952256999999996,278124.60169,39324.099282764524,85.59254560000001,61.23826155102041,10.244875235051746,0.1778566503212772,50,64,,True,True,,221,87.6246207195492
239,2026-09-18T06:50:31.762+00:00,2026-09-18T06:55:11.352+00:00,2026-09-18T06:55:11.521+00:00,True,4,4.0,,4.0,279589.850826,279759.04199399997,279759.042048,69939.760512,42.49413,279589.850826,139766.72724407405,237661.33450934998,56.397056,12.423037382762077,0.014298018650227536,50,64,,True,True,,15,87.6246207195492
240,2026-09-18T06:50:32.292+00:00,2026-09-18T06:55:12.656+00:00,2026-09-18T06:55:17.436+00:00,True,78,78.0,,78.0,280363.666088,285143.54756,285143.547552,3655.686507076923,35.746153,280363.666088,31737.90740647464,86.08277625000001,62.076382753246754,11.733353939193387,0.2735464318496887,50,64,,True,True,,242,87.6246207195492
241,2026-09-18T06:50:32.668+00:00,2026-09-18T06:55:13.918+00:00,2026-09-18T06:55:16.508+00:00,True,43,43.0,,43.0,281250.165683,283840.170931,283840.170995,6600.934209186046,34.053976000000006,281250.165683,42880.8454594228,77.70046570000001,61.66679161904762,11.02972701433644,0.1514937080926895,50,64,,True,True,,209,87.6246207195492
242,2026-09-18T06:50:33.172+00:00,2026-09-18T06:55:16.038+00:00,2026-09-18T06:55:20.285+00:00,True,70,70.0,,70.0,282866.087626,287113.850826,287113.850637,4101.626437671429,36.482891,282866.087626,33801.60764572901,83.12701165,61.56178550724638,10.580769413192932,0.24380572305591136,50,64,,True,True,,351,87.6246207195492
243,2026-09-18T06:50:33.463+00:00,2026-09-18T06:55:17.499+00:00,2026-09-18T06:55:21.619+00:00,True,68,68.0,,68.0,284035.837283,288156.102755,288156.102643,4237.58974475,37.769659,284035.837283,34436.94835389744,74.61577185,61.49649958208955,9.294623431302783,0.23598320268030515,50,64,,True,True,,292,87.6246207195492
244,2026-09-18T06:50:34.847+00:00,2026-09-18T06:55:20.002+00:00,2026-09-18T06:55:22.781+00:00,True,46,46.0,,46.0,285154.74689,287933.89569000003,287933.895716,6259.432515565218,36.635292,285154.74689,42034.66876830662,76.78659599999999,61.75886222222223,8.93022896868219,0.15975889149753056,50,64,,True,True,,283,87.6246207195492
246,2026-09-18T06:50:35.130+00:00,2026-09-18T06:55:23.123+00:00,2026-09-18T06:55:27.301+00:00,True,69,69.0,,69.0,287992.569328,292170.57944,292170.57952900004,4234.356225057972,36.886231,287992.569328,34662.83584159529,81.83267219999999,61.441325176470585,9.80793806450331,0.23616340882867642,50,64,,True,True,,312,87.6246207195492
245,2026-09-18T06:50:35.075+00:00,2026-09-18T06:55:23.241+00:00,2026-09-18T06:55:28.514+00:00,True,87,87.0,,87.0,288166.218703,293438.917839,293438.917901,3372.8611252988503,35.998552000000004,288166.218703,30888.090221706963,84.45544440000002,61.31045506976744,10.8217898796301,0.2964841904431162,50,64,,True,True,,295,87.6246207195492
247,2026-09-18T06:50:35.276+00:00,2026-09-18T06:55:24.059+00:00,2026-09-18T06:55:28.065+00:00,True,65,65.0,,65.0,288783.301499,292788.923515,292788.923664,4504.444979446153,39.781676,288783.301499,35811.39847173968,87.09372499999999,62.587844,10.032807823487698,0.22200293378472005,50,64,,True,True,,283,87.6246207195492
248,2026-09-18T06:50:35.758+00:00,2026-09-18T06:55:26.341+00:00,2026-09-18T06:55:31.198+00:00,True,79,79.0,,79.0,290582.600409,295440.206297,295440.206435,3739.749448544304,36.445821,290582.600409,32686.092283969876,91.1163184,62.27699856410257,12.069945072451484,0.26739759286717707,50,64,,True,True,,278,87.6246207195492
249,2026-09-18T06:50:36.106+00:00,2026-09-18T06:55:27.294+00:00,2026-09-18T06:55:32.004+00:00,True,77,77.0,,77.0,291188.59896100004,295898.47364900005,295898.47363500006,3842.8373199350654,35.396454,291188.59896100004,33176.960203352006,89.9740492,61.972035368421054,11.52706489011073,0.26022439065143255,50,64,,True,True,,322,87.6246207195492
250,2026-09-18T06:50:36.407+00:00,2026-09-18T06:55:28.666+00:00,2026-09-18T06:55:33.574+00:00,True,80,80.0,,80.0,292259.16044300003,297167.500667,297167.50062500004,3714.5937578125004,37.327059999999996,292259.16044300003,32668.62275996275,92.04517035,62.130888911392404,10.651869467980635,0.26920844244555,50,64,,True,True,,323,87.6246207195492
251,2026-09-18T06:50:36.897+00:00,2026-09-18T06:55:30.548+00:00,2026-09-18T06:55:34.199+00:00,True,59,59.0,,59.0,293650.420657,297301.831601,297301.831487,5039.014093,36.188142,293650.420657,38221.833696395544,91.2703746,62.95536110344828,10.100780846368488,0.1984515187218293,50,64,,True,True,,279,87.6246207195492
252,2026-09-18T06:50:37.278+00:00,2026-09-18T06:55:31.883+00:00,2026-09-18T06:55:33.263+00:00,True,23,23.0,,23.0,294605.636143,295985.844015,295985.843964,12868.949737565217,36.289252,294605.636143,61416.441394134505,95.8140604,62.73672145454545,12.964211392410977,0.0777064189557471,50,64,,True,True,,105,87.6246207195492
253,2026-09-18T06:50:37.785+00:00,2026-09-18T06:55:33.509+00:00,2026-09-18T06:55:36.215+00:00,True,43,43.0,,43.0,295724.441559,298429.512151,298429.512064,6940.221210790698,42.078131,295724.441559,45087.73420996299,96.68791000000002,64.40644266666666,11.965486777567364,0.14408762622056887,50,64,,True,True,,247,87.6246207195492
254,2026-09-18T06:50:38.087+00:00,2026-09-18T06:55:34.845+00:00,2026-09-18T06:55:35.380+00:00,True,9,9.0,,9.0,296757.804811,297293.404171,297293.404246,33032.600471777776,37.31468,296757.804811,98896.95319532685,178096.055377,66.94992,18.827416551447975,0.030273123701134302,50,64,,True,True,,33,87.6246207195492
255,2026-09-18T06:50:38.414+00:00,2026-09-18T06:55:36.276+00:00,2026-09-18T06:55:38.276+00:00,True,32,32.0,,32.0,297861.58477899997,299862.347915,299862.34794699994,9370.698373343748,42.590811,297861.58477899997,52643.57834923172,92.85012455,64.54074632258065,10.617733824083745,0.1067156320975344,50,64,,True,True,,134,87.6246207195492
256,2026-09-18T06:50:38.830+00:00,2026-09-18T06:55:37.751+00:00,2026-09-18T06:55:38.890+00:00,False,20,19.0,,19.0,298921.803678,300060.111518,300060.111693,15003.00558465,0.039659999999999994,298921.803678,66827.55289384212,15033.48227705,59.91093894736842,17.17564803532199,0.06332064566622754,50,64,,True,False,Request timeout: 300.0s exceeded,107,87.6246207195492
257,2026-09-18T06:50:39.284+00:00,2026-09-18T06:55:39.346+00:00,2026-09-18T06:55:39.346+00:00,False,1,0.0,,0.0,300061.994625,300061.994625,300061.994625,300061.994625,300061.994625,300061.994625,nan,300061.994625,nan,nan,0.0,50,64,,True,False,"HTTPConnectionPool(host='gpu03', port=9002): Read timed out.",0,87.6246207195492
258,2026-09-18T06:50:39.648+00:00,2026-09-18T06:55:39.710+00:00,2026-09-18T06:55:39.710+00:00,False,1,0.0,,0.0,300061.929945,300061.929945,300061.929945,300061.929945,300061.929945,300061.929945,nan,300061.929945,nan,nan,0.0,50,64,,True,False,"HTTPConnectionPool(host='gpu03', port=9002): Read timed out.",0,87.6246207195492
259,2026-09-18T06:50:40.015+00:00,2026-09-18T06:55:39.987+00:00,2026-09-18T06:55:40.056+00:00,False,3,2.0,,2.0,299972.115394,300040.33017800003,300040.330166,100013.44338866668,0.02494,299972.115394,173169.29301760023,269981.7228378,34.107392,48.200018592394756,0.006665770560955898,50,64,,True,False,Request timeout: 300.0s exceeded,7,87.6246207195492
260,2026-09-18T06:50:40.547+00:00,2026-09-18T06:55:40.458+00:00,2026-09-18T06:55:40.611+00:00,False,4,3.0,,3.0,299911.209405,300063.94130899996,300063.941479,75015.98536975,0.026010000000000002,299911.209405,149930.15408895817,254938.02956954998,50.91063466666667,46.13540465550011,0.009997869077213308,50,64,,True,False,Request timeout: 300.0s exceeded,15,87.6246207195492
261,2026-09-18T06:50:40.903+00:00,2026-09-18T06:55:41.003+00:00,2026-09-18T06:55:41.003+00:00,False,1,0.0,,0.0,300099.409643,300099.409643,300099.409643,300099.409643,300099.409643,300099.409643,nan,300099.409643,nan,nan,0.0,50,64,,True,False,"HTTPConnectionPool(host='gpu03', port=9002): Read timed out.",0,87.6246207195492
262,2026-09-18T06:50:41.221+00:00,2026-09-18T06:55:41.297+00:00,2026-09-18T06:55:41.297+00:00,False,1,0.0,,0.0,300076.171869,300076.171869,300076.171869,300076.171869,300076.171869,300076.171869,nan,300076.171869,nan,nan,0.0,50,64,,True,False,TTFT timeout: 300.0s exceeded (TTFT: 300.068s),0,87.6246207195492
263,2026-09-18T06:50:41.529+00:00,2026-09-18T06:55:41.500+00:00,2026-09-18T06:55:41.613+00:00,False,3,2.0,,2.0,299971.04007700004,300084.19617300003,300084.196065,100028.06535500001,0.03804,299971.04007700004,173155.7046483833,269985.24786410003,56.578048,79.95949905207281,0.006664796165563448,50,64,,True,False,Request timeout: 300.0s exceeded,5,87.6246207195492
264,2026-09-18T06:50:41.959+00:00,2026-09-18T06:55:41.895+00:00,2026-09-18T06:55:41.993+00:00,False,4,3.0,,3.0,299936.180652,300034.436012,300034.436017,75008.60900425,0.023379999999999998,299936.180652,149951.71644221703,254954.62858304998,32.75178666666667,30.072776901429595,0.009998852264678091,50,64,,True,False,Request timeout: 300.0s exceeded,11,87.6246207195492
265,2026-09-18T06:50:42.425+00:00,2026-09-18T06:55:42.531+00:00,2026-09-18T06:55:42.531+00:00,False,1,0.0,,0.0,300106.33284,300106.33284,300106.33284,300106.33284,300106.33284,300106.33284,nan,300106.33284,nan,nan,0.0,50,64,,True,False,"HTTPConnectionPool(host='gpu03', port=9002): Read timed out.",0,87.6246207195492
266,2026-09-18T06:50:42.803+00:00,2026-09-18T06:55:42.749+00:00,2026-09-18T06:55:42.891+00:00,False,4,3.0,,3.0,299945.94703100005,300087.857047,300087.85685400007,75021.96421350002,0.02825,299945.94703100005,149949.325611699,254964.9665528,47.30333866666666,40.980960349275435,0.009997072289166761,50,64,,True,False,Request timeout: 300.0s exceeded,6,87.6246207195492
267,2026-09-18T06:50:43.327+00:00,2026-09-18T06:55:43.141+00:00,2026-09-18T06:55:43.371+00:00,False,6,5.0,,5.0,299813.745566,300044.107678,300044.107564,50007.35126066666,0.02444,299813.745566,122379.64265264789,224877.3348425,46.0724224,27.910325919336678,0.016664216600333567,50,64,,True,False,Request timeout: 300.0s exceeded,20,87.6246207195492
268,2026-09-18T06:50:43.639+00:00,2026-09-18T06:55:43.713+00:00,2026-09-18T06:55:43.713+00:00,False,1,0.0,,0.0,300074.427259,300074.427259,300074.427259,300074.427259,300074.427259,300074.427259,nan,300074.427259,nan,nan,0.0,50,64,,True,False,"HTTPConnectionPool(host='gpu03', port=9002): Read timed out.",0,87.6246207195492
269,2026-09-18T06:50:44.099+00:00,2026-09-18T06:55:44.152+00:00,2026-09-18T06:55:44.152+00:00,False,1,0.0,,0.0,300052.814118,300052.814118,300052.814118,300052.814118,300052.814118,300052.814118,nan,300052.814118,nan,nan,0.0,50,64,,True,False,TTFT timeout: 300.0s exceeded (TTFT: 300.042s),0,87.6246207195492
270,2026-09-18T06:50:44.609+00:00,2026-09-18T06:55:44.423+00:00,2026-09-18T06:55:45.817+00:00,False,24,23.0,,23.0,299813.538104,301207.378744,301207.37883899995,12550.307451625,0.03686,299813.538104,61186.81460108479,90.08320094999999,60.60176695652174,18.555946567075598,0.07635935114175273,50,64,,True,False,Request timeout: 300.0s exceeded,104,87.6246207195492
271,2026-09-18T06:50:45.139+00:00,2026-09-18T06:55:45.447+00:00,2026-09-18T06:55:45.910+00:00,False,9,8.0,,8.0,300307.890273,300770.997345,300770.997304,33418.999700444445,0.02207,300307.890273,100083.33780988882,180222.15965339998,57.888384,29.65860874627526,0.026598309247296156,50,64,,True,False,Request timeout: 300.0s exceeded,24,87.6246207195492
273,2026-09-18T06:50:46.003+00:00,2026-09-18T06:55:46.093+00:00,2026-09-18T06:55:46.093+00:00,False,1,0.0,,0.0,300090.125899,300090.125899,300090.125899,300090.125899,300090.125899,300090.125899,nan,300090.125899,nan,nan,0.0,50,64,,True,False,"HTTPConnectionPool(host='gpu03', port=9002): Read timed out.",0,87.6246207195492
274,2026-09-18T06:50:46.539+00:00,2026-09-18T06:55:46.713+00:00,2026-09-18T06:55:46.713+00:00,False,1,0.0,,0.0,300174.121408,300174.121408,300174.121408,300174.121408,300174.121408,300174.121408,nan,300174.121408,nan,nan,0.0,50,64,,True,False,"HTTPConnectionPool(host='gpu03', port=9002): Read timed out.",0,87.6246207195492
272,2026-09-18T06:50:45.497+00:00,2026-09-18T06:55:46.714+00:00,2026-09-18T06:55:46.714+00:00,False,1,0.0,,0.0,301216.672339,301216.672339,301216.672339,301216.672339,301216.672339,301216.672339,nan,301216.672339,nan,nan,0.0,50,64,,True,False,"HTTPConnectionPool(host='gpu03', port=9002): Read timed out.",0,87.6246207195492
275,2026-09-18T06:50:46.838+00:00,2026-09-18T06:55:46.959+00:00,2026-09-18T06:55:46.959+00:00,False,1,0.0,,0.0,300120.775241,300120.775241,300120.775241,300120.775241,300120.775241,300120.775241,nan,300120.775241,nan,nan,0.0,50,64,,True,False,"HTTPConnectionPool(host='gpu03', port=9002): Read timed out.",0,87.6246207195492
276,2026-09-18T06:50:47.333+00:00,2026-09-18T06:55:47.290+00:00,2026-09-18T06:55:47.349+00:00,False,3,2.0,,2.0,299956.33081699995,300015.08256099996,300015.08254599996,100005.02751533332,0.018359999999999998,299956.33081699995,173162.91066764088,269966.57107219996,29.375872,41.51805184322637,0.006666331515494238,50,64,,True,False,Request timeout: 300.0s exceeded,3,87.6246207195492
277,2026-09-18T06:50:47.649+00:00,2026-09-18T06:55:47.290+00:00,2026-09-18T06:55:47.694+00:00,False,9,8.0,,8.0,299640.772831,300044.638943,300044.63892299996,33338.293213666664,0.019989999999999997,299640.772831,99863.4318954982,179809.59464339996,50.483264,21.573621207515814,0.026662699350944823,50,64,,True,False,Request timeout: 300.0s exceeded,22,87.6246207195492
278,2026-09-18T06:50:48.074+00:00,2026-09-18T06:55:48.170+00:00,2026-09-18T06:55:48.170+00:00,False,1,0.0,,0.0,300096.744145,300096.744145,300096.744145,300096.744145,300096.744145,300096.744145,nan,300096.744145,nan,nan,0.0,50,64,,True,False,"HTTPConnectionPool(host='gpu03', port=9002): Read timed out.",0,87.6246207195492
279,2026-09-18T06:50:48.490+00:00,2026-09-18T06:55:48.555+00:00,2026-09-18T06:55:48.555+00:00,False,1,0.0,,0.0,300065.13282400003,300065.13282400003,300065.13282400003,300065.13282400003,300065.13282400003,300065.13282400003,nan,300065.13282400003,nan,nan,0.0,50,64,,True,False,TTFT timeout: 300.0s exceeded (TTFT: 300.059s),0,87.6246207195492
280,2026-09-18T06:50:48.893+00:00,2026-09-18T06:55:48.744+00:00,2026-09-18T06:55:48.958+00:00,False,5,4.0,,4.0,299851.759714,300065.25117,300065.251214,60013.050242799996,0.03467,299851.759714,134073.91804841897,239896.01897779998,53.372864,35.60157674774248,0.013330433911968788,50,64,,True,False,Request timeout: 300.0s exceeded,15,87.6246207195492
281,2026-09-18T06:50:49.250+00:00,2026-09-18T06:55:49.178+00:00,2026-09-18T06:55:49.298+00:00,False,4,3.0,,3.0,299928.135971,300047.755811,300047.755796,75011.938949,0.037509999999999995,299928.135971,149944.13399596117,254948.03217875,39.87328,34.51278111825171,0.009998408392994944,50,64,,True,False,Request timeout: 300.0s exceeded,21,87.6246207195492
282,2026-09-18T06:50:49.621+00:00,2026-09-18T06:55:49.761+00:00,2026-09-18T06:55:49.761+00:00,False,1,0.0,,0.0,300140.264893,300140.264893,300140.264893,300140.264893,300140.264893,300140.264893,nan,300140.264893,nan,nan,0.0,50,64,,True,False,"HTTPConnectionPool(host='gpu03', port=9002): Read timed out.",0,87.6246207195492
283,2026-09-18T06:50:50.147+00:00,2026-09-18T06:55:50.094+00:00,2026-09-18T06:55:50.166+00:00,True,2,2.0,,2.0,299947.274732,300019.311852,300019.311727,150009.6558635,72.03699499999999,299947.274732,212043.8141137608,284953.51284515,72.03712,nan,0.006666237542023972,50,64,,True,True,,5,87.6246207195492
284,2026-09-18T06:50:50.659+00:00,2026-09-18T06:55:50.515+00:00,2026-09-18T06:55:50.677+00:00,False,5,4.0,,4.0,299855.30861199996,300017.55373199994,300017.55375799997,60003.51075159999,0.02061,299855.30861199996,134081.233461159,239896.87448799997,40.56128,28.837422187275475,0.013332553213113406,50,64,,True,False,Request timeout: 300.0s exceeded,12,87.6246207195492
285,2026-09-18T06:50:51.092+00:00,2026-09-18T06:55:51.187+00:00,2026-09-18T06:55:51.187+00:00,False,1,0.0,,0.0,300095.62385000003,300095.62385000003,300095.62385000003,300095.62385000003,300095.62385000003,300095.62385000003,nan,300095.62385000003,nan,nan,0.0,50,64,,True,False,"HTTPConnectionPool(host='gpu03', port=9002): Read timed out.",0,87.6246207195492
286,2026-09-18T06:50:51.550+00:00,2026-09-18T06:55:51.551+00:00,2026-09-18T06:55:51.586+00:00,False,3,2.0,,2.0,300000.604276,300035.938676,300035.93873,100011.97957666666,0.06458,300000.604276,173195.23035205467,270004.0708358,17.6672,24.89396010382213,0.00666586812508398,50,64,,True,False,Request timeout: 300.0s exceeded,8,87.6246207195492
287,2026-09-18T06:50:51.992+00:00,2026-09-18T06:55:52.062+00:00,2026-09-18T06:55:52.062+00:00,False,1,0.0,,0.0,300070.419804,300070.419804,300070.419804,300070.419804,300070.419804,300070.419804,nan,300070.419804,nan,nan,0.0,50,64,,True,False,"HTTPConnectionPool(host='gpu03', port=9002): Read timed out.",0,87.6246207195492
288,2026-09-18T06:50:52.532+00:00,2026-09-18T06:55:52.570+00:00,2026-09-18T06:55:52.570+00:00,False,1,0.0,,0.0,300037.84357200004,300037.84357200004,300037.84357200004,300037.84357200004,300037.84357200004,300037.84357200004,nan,300037.84357200004,nan,nan,0.0,50,64,,True,False,"HTTPConnectionPool(host='gpu03', port=9002): Read timed out.",0,87.6246207195492
289,2026-09-18T06:50:52.907+00:00,2026-09-18T06:55:52.816+00:00,2026-09-18T06:55:52.925+00:00,False,4,3.0,,3.0,299909.779072,300018.242176,300018.242309,75004.56057725,0.04298,299909.779072,149936.81526046075,254934.2104078,36.154368,36.30735385779492,0.009999391964439639,50,64,,True,False,Request timeout: 300.0s exceeded,10,87.6246207195492
0,2026-09-18T06:48:53.189+00:00,2026-09-18T06:48:53.416+00:00,2026-09-18T06:48:59.023+00:00,True,97,97.0,,97.0,227.843306,5834.040554,5834.040559,60.144748030927836,20.732191999999998,227.843306,20.065694255713904,70.9922344,58.397888,10.380617374449638,16.626555661066458,51,64,,False,True,,410,87.6246207195492
1,2026-09-18T06:48:53.541+00:00,2026-09-18T06:48:53.652+00:00,2026-09-18T06:48:54.824+00:00,True,22,22.0,,22.0,110.98517299999999,1283.211477,1283.211645,58.32780204545455,9.382753000000001,110.98517299999999,19.997060092895726,89.0909973,55.820300190476196,16.572068753747335,17.144485062924666,51,64,,False,True,,99,87.6246207195492
2,2026-09-18T06:48:53.880+00:00,2026-09-18T06:48:54.028+00:00,2026-09-18T06:48:56.127+00:00,True,38,38.0,,38.0,147.64198499999998,2247.4376970000003,2247.437864,59.14310168421053,13.818534,147.64198499999998,19.304701890211394,74.42966295000001,56.75123545945946,12.63274373695315,16.9081439057129,51,64,,False,True,,172,87.6246207195492
3,2026-09-18T06:48:54.192+00:00,2026-09-18T06:48:56.126+00:00,2026-09-18T06:48:59.789+00:00,True,61,61.0,,61.0,1933.573437,5596.747581,5596.74751,91.74995918032786,8.671564,1933.573437,240.04949642374405,74.76610099999999,61.0529024,12.054515708945166,10.89918727210149,51,64,,False,True,,276,87.6246207195492
4,2026-09-18T06:48:54.600+00:00,2026-09-18T06:48:57.763+00:00,2026-09-18T06:48:59.388+00:00,True,28,28.0,,28.0,3163.354222,4788.182894,4788.182822,171.00652935714285,37.622730000000004,3163.354222,586.4954733157315,71.45591285,60.1788397037037,7.838966254246768,5.847729842376402,51,64,,False,True,,153,87.6246207195492
5,2026-09-18T06:48:54.923+00:00,2026-09-18T06:48:58.832+00:00,2026-09-18T06:48:59.452+00:00,True,11,11.0,,11.0,3909.3080750000004,4529.140139,4529.140044000001,411.74000400000006,53.97487,3909.3080750000004,1160.019638873708,1988.1784750000004,61.9832064,4.40924570909697,2.4287170770628257,51,64,,False,True,,44,87.6246207195492
6,2026-09-18T06:48:55.223+00:00,2026-09-18T06:48:59.788+00:00,2026-09-18T06:49:04.377+00:00,True,78,78.0,,78.0,4564.305589,9153.385397,9153.385311,117.35109373076922,0.0,4564.305589,510.2104470457644,68.29175019999998,59.598439064935064,12.56783050213165,8.521437328047426,51,64,,False,True,,361,87.6246207195492
7,2026-09-18T06:48:55.533+00:00,2026-09-18T06:49:00.784+00:00,2026-09-18T06:49:02.214+00:00,True,25,25.0,,25.0,5250.5905729999995,6680.679789,6680.679805999999,267.22719223999997,39.490587,5250.5905729999995,1038.2194764436663,68.7780106,59.58705066666666,6.377591584443788,3.7421341524500957,51,64,,False,True,,140,87.6246207195492
8,2026-09-18T06:48:55.846+00:00,2026-09-18T06:49:01.971+00:00,2026-09-18T06:49:06.052+00:00,True,70,70.0,,70.0,6124.712219,10205.866779,10205.866815,145.79809735714286,0.0,6124.712219,725.229934369149,67.475455,59.14716753623188,19.418409382591896,6.858800091731042,51,64,,False,True,,303,87.6246207195492
9,2026-09-18T06:48:56.215+00:00,2026-09-18T06:49:03.610+00:00,2026-09-18T06:49:08.217+00:00,True,76,76.0,,76.0,7394.790838999999,12001.582263,12001.582097999999,157.91555392105263,0.0,7394.790838999999,842.1562363659775,90.71221150000001,61.423885653333336,40.49899566771195,6.332498360178928,51,64,,False,True,,396,87.6246207195492
10,2026-09-18T06:48:56.505+00:00,2026-09-18T06:49:04.541+00:00,2026-09-18T06:49:09.796+00:00,True,88,88.0,,88.0,8035.944208,13290.880528,13290.880693,151.03273514772727,0.0,8035.944208,850.919134870413,68.8267505,60.40156689655172,35.28388985375335,6.621081260538738,51,64,,False,True,,373,87.6246207195492
11,2026-09-18T06:48:56.778+00:00,2026-09-18T06:49:05.620+00:00,2026-09-18T06:49:09.314+00:00,True,62,62.0,,62.0,8841.338091,12535.765995,12535.766056,202.18977509677418,0.0,8841.338091,1115.8705680332203,68.61030654999999,60.56439186885246,40.16387791340113,4.945848544455061,51,64,,False,True,,282,87.6246207195492
12,2026-09-18T06:48:57.258+00:00,2026-09-18T06:49:07.476+00:00,2026-09-18T06:49:09.275+00:00,True,31,31.0,,31.0,10217.930653000001,12017.262493000002,12017.262489,387.6536286774194,0.0,10217.930653000001,1825.2454263494453,238.824936,59.977728,55.75030381429045,2.5796224404732233,51,64,,False,True,,162,87.6246207195492
13,2026-09-18T06:48:57.598+00:00,2026-09-18T06:49:08.642+00:00,2026-09-18T06:49:09.090+00:00,True,9,9.0,,9.0,11043.894538,11492.090378,11492.090396,1276.898932888889,34.839055,11043.894538,3662.6397988630324,6653.118281200001,56.02448,11.734119774390578,0.7831473390802113,51,64,,False,True,,36,87.6246207195492
14,2026-09-18T06:48:58.073+00:00,2026-09-18T06:49:10.341+00:00,2026-09-18T06:49:14.488+00:00,True,70,70.0,,70.0,12268.204363,16415.411787,16415.411776,234.50588251428573,0.0,12268.204363,1459.5041051202966,69.72197994999999,60.10445542028985,32.519387572850704,4.264285350150991,51,64,,False,True,,189,87.6246207195492
15,2026-09-18T06:48:58.444+00:00,2026-09-18T06:49:11.797+00:00,2026-09-18T06:49:14.906+00:00,True,53,53.0,,53.0,13352.705188,16461.65546,16461.65562,310.5972758490566,0.0,13352.705188,1826.1329209259186,69.4348108,59.787505230769234,27.98049033911098,3.2196032852700704,51,64,,False,True,,267,87.6246207195492
16,2026-09-18T06:48:58.721+00:00,2026-09-18T06:49:12.867+00:00,2026-09-18T06:49:14.207+00:00,True,23,23.0,,23.0,14145.957452999999,15486.527821,15486.527782,673.3272948695652,0.0,14145.957452999999,2937.2170346045673,210.5590664,60.935016727272725,42.013577337574006,1.485161830065717,51,64,,False,True,,98,87.6246207195492
17,2026-09-18T06:48:59.033+00:00,2026-09-18T06:49:14.146+00:00,2026-09-18T06:49:14.208+00:00,True,2,2.0,,2.0,15113.384914999999,15175.141075,15175.141021,7587.5705105,61.756106,15113.384914999999,10643.108798746696,14360.80347455,61.75616,nan,0.13179449140640032,51,64,,False,True,,7,87.6246207195492
18,2026-09-18T06:48:59.503+00:00,2026-09-18T06:49:15.695+00:00,2026-09-18T06:49:17.076+00:00,True,24,24.0,,24.0,16191.761281,17572.159105,17572.159206,732.17330025,0.0,16191.761281,3293.3345437905073,260.8579053,60.01729669565217,56.03982033014515,1.3657968754204495,51,64,,False,True,,120,87.6246207195492
19,2026-09-18T06:48:59.839+00:00,2026-09-18T06:49:17.012+00:00,2026-09-18T06:49:22.162+00:00,True,85,85.0,,85.0,17173.053798,22322.767974000002,22322.767899000002,262.6207988117647,0.0,17173.053798,1856.950093605436,85.54531340000001,61.306121142857144,58.81191979190401,3.807771513774728,51,64,,False,True,,130,87.6246207195492
20,2026-09-18T06:49:00.169+00:00,2026-09-18T06:49:18.123+00:00,2026-09-18T06:49:19.094+00:00,True,17,17.0,,17.0,17954.877996,18925.013548,18925.013532999998,1113.2360901764705,33.071989,17954.877996,4339.998156412919,3644.1507479999996,60.633472,7.683344722335449,0.8982820517873058,51,64,,False,True,,61,87.6246207195492
21,2026-09-18T06:49:00.486+00:00,2026-09-18T06:49:19.374+00:00,2026-09-18T06:49:22.350+00:00,True,48,48.0,,48.0,18887.781982,21863.535454,21863.535382000002,455.4903204583333,0.0,18887.781982,2717.920466628459,244.60962455,63.31390365957447,68.40130494629638,2.195436328264021,51,64,,False,True,,222,87.6246207195492
22,2026-09-18T06:49:00.983+00:00,2026-09-18T06:49:21.155+00:00,2026-09-18T06:49:26.899+00:00,True,95,95.0,,95.0,20172.471024,25916.725231999997,25916.725319999998,272.8076349473684,0.0,20172.471024,2064.08265077253,91.5163659,61.109087319148934,54.05722547591626,3.6655865719755845,51,64,,False,True,,436,87.6246207195492
23,2026-09-18T06:49:01.272+00:00,2026-09-18T06:49:22.230+00:00,2026-09-18T06:49:26.689+00:00,True,75,75.0,,75.0,20957.447366,25416.588742,25416.58865,338.8878486666667,0.0,20957.447366,2413.3190458645863,76.9520207,60.25866724324324,39.53904609004433,2.9508287190430553,51,64,,False,True,,285,87.6246207195492
24,2026-09-18T06:49:01.583+00:00,2026-09-18T06:49:23.344+00:00,2026-09-18T06:49:26.961+00:00,True,61,61.0,,61.0,21761.448042,25378.36017,25378.360141,416.0386908360656,0.0,21761.448042,2778.888412633609,93.925006,60.2818688,43.75841641682986,2.403622597811055,51,64,,False,True,,192,87.6246207195492
25,2026-09-18T06:49:02.087+00:00,2026-09-18T06:49:25.326+00:00,2026-09-18T06:49:29.441+00:00,True,70,70.0,,70.0,23239.666885000002,27354.281669000004,27354.281589000002,390.7754512714286,0.0,23239.666885000002,2770.923845880135,69.46412635,59.632098318840576,46.21083561541127,2.5590143746793923,51,64,,False,True,,298,87.6246207195492
26,2026-09-18T06:49:02.398+00:00,2026-09-18T06:49:26.527+00:00,2026-09-18T06:49:30.534+00:00,True,67,67.0,,67.0,24128.164524,28135.360684,28135.360688,419.9307565373134,0.0,24128.164524,2940.6656964967874,84.61650150000001,60.715093333333336,46.28596012581928,2.3813449826538573,51,64,,False,True,,318,87.6246207195492
27,2026-09-18T06:49:02.712+00:00,2026-09-18T06:49:27.796+00:00,2026-09-18T06:49:30.099+00:00,True,39,39.0,,39.0,25084.245886999997,27387.664254999996,27387.664386999997,702.2478047948717,0.0,25084.245886999997,4007.460595022934,123.94480850000002,60.61627284210526,62.39517168945149,1.423998762248592,51,64,,False,True,,168,87.6246207195492
28,2026-09-18T06:49:03.139+00:00,2026-09-18T06:49:29.562+00:00,2026-09-18T06:49:35.210+00:00,True,93,93.0,,93.0,26423.412299,32071.270218999998,32071.270277,344.85236856989246,0.0,26423.412299,2734.51988010143,72.13358179999999,61.38976,70.75115488716001,2.8997916005492033,51,64,,False,True,,520,87.6246207195492
29,2026-09-18T06:49:03.617+00:00,2026-09-18T06:49:31.505+00:00,2026-09-18T06:49:34.247+00:00,True,47,47.0,,47.0,27887.598119,30629.742630999997,30629.742753,651.6966543191489,0.0,27887.598119,4059.6567755887672,68.14535319999999,59.611837217391304,66.18360712900619,1.5344562494766725,51,64,,False,True,,166,87.6246207195492
30,2026-09-18T06:49:03.906+00:00,2026-09-18T06:49:32.422+00:00,2026-09-18T06:49:37.508+00:00,True,84,84.0,,84.0,28516.186859999998,33601.521131999994,33601.521294,400.0181106428571,0.0,28516.186859999998,3105.5402796954495,92.33214120000001,61.26908761445783,73.2774375259508,2.499886825659319,51,64,,False,True,,364,87.6246207195492
31,2026-09-18T06:49:04.184+00:00,2026-09-18T06:49:33.668+00:00,2026-09-18T06:49:37.339+00:00,True,61,61.0,,61.0,29483.874641,33154.959441,33154.959461,543.5239255901639,0.01685,29483.874641,3767.8831841920696,89.204996,61.18474666666666,72.91241440816243,1.8398454116208731,51,64,,False,True,,233,87.6246207195492
32,2026-09-18T06:49:04.577+00:00,2026-09-18T06:49:35.233+00:00,2026-09-18T06:49:37.964+00:00,True,48,48.0,,48.0,30655.751798,33386.696054,33386.69591,695.5561647916667,0.01848,30655.751798,4416.445563365907,91.03964025,58.105196936170216,22.418090807402137,1.4376984150322718,51,64,,False,True,,146,87.6246207195492
33,2026-09-18T06:49:04.917+00:00,2026-09-18T06:49:36.224+00:00,2026-09-18T06:49:36.595+00:00,True,7,7.0,,7.0,31306.686551,31677.307223,31677.307418,4525.329631142857,57.064865,31306.686551,11809.468748794154,21934.5352121,61.770112,3.3033449642126085,0.22097837896137515,51,64,,False,True,,21,87.6246207195492
34,2026-09-18T06:49:05.191+00:00,2026-09-18T06:49:37.272+00:00,2026-09-18T06:49:38.990+00:00,True,27,27.0,,27.0,32081.341706,33798.62657,33798.626628,1251.8009862222223,0.0,32081.341706,6162.000095581381,375.1279698,66.04941784615384,91.56799427582317,0.7988490284976688,51,64,,False,True,,108,87.6246207195492
35,2026-09-18T06:49:05.465+00:00,2026-09-18T06:49:38.149+00:00,2026-09-18T06:49:38.210+00:00,True,2,2.0,,2.0,32683.474269000002,32744.575325,32744.575316000002,16372.287658000001,61.101047,32683.474269000002,23067.50132367464,31052.3556079,61.101056,nan,0.0610788193204335,51,64,,False,True,,3,87.6246207195492
36,2026-09-18T06:49:05.864+00:00,2026-09-18T06:49:39.504+00:00,2026-09-18T06:49:43.197+00:00,True,62,62.0,,62.0,33639.5988,37332.550864,37332.550947,602.1379185,39.054468,33639.5988,4264.561847670854,89.75321330000001,60.5401977704918,12.191475803295535,1.6607490933545335,51,64,,False,True,,206,87.6246207195492
37,2026-09-18T06:49:06.289+00:00,2026-09-18T06:49:41.390+00:00,2026-09-18T06:49:42.084+00:00,True,12,12.0,,12.0,35101.216178999995,35795.246771,35795.24681899999,2982.9372349166665,33.582648,35101.216178999995,10114.65469541039,15853.116515349999,63.09369018181818,21.080950213829688,0.33524004113646627,51,64,,False,True,,51,87.6246207195492
38,2026-09-18T06:49:06.603+00:00,2026-09-18T06:49:42.826+00:00,2026-09-18T06:49:44.679+00:00,True,30,30.0,,30.0,36223.068724,38075.576116,38075.576276,1269.1858758666665,34.637656,36223.068724,6601.752706242385,109.991484,63.87956524137931,15.770109104893168,0.7879066598651806,51,64,,False,True,,117,87.6246207195492
39,2026-09-18T06:49:07.017+00:00,2026-09-18T06:49:44.143+00:00,2026-09-18T06:49:49.127+00:00,True,81,81.0,,81.0,37125.848704,42110.0512,42110.051199,519.8771752962963,0.0,37125.848704,4119.172514188209,96.568742,62.302531200000004,91.3651686868592,1.9235312637188149,51,64,,False,True,,365,87.6246207195492
40,2026-09-18T06:49:07.453+00:00,2026-09-18T06:49:45.805+00:00,2026-09-18T06:49:51.645+00:00,True,94,94.0,,94.0,38352.492308,44192.477204,44192.477264,470.13273685106384,0.01594,38352.492308,3949.715458741997,91.17886105,62.79553651612903,58.92091343821656,2.127058855879022,51,64,,False,True,,422,87.6246207195492
41,2026-09-18T06:49:07.894+00:00,2026-09-18T06:49:47.074+00:00,2026-09-18T06:49:50.894+00:00,True,62,62.0,,62.0,39179.718997,43000.000597000006,43000.00056,693.5483961290323,0.016550000000000002,39179.718997,4968.506696774658,92.18412375000001,62.62756721311475,79.84697509593546,1.441860445097891,51,64,,False,True,,262,87.6246207195492
42,2026-09-18T06:49:08.288+00:00,2026-09-18T06:49:49.253+00:00,2026-09-18T06:49:50.415+00:00,True,19,19.0,,19.0,40964.90974,42126.636204,42126.636376,2217.1913882105264,34.837635999999996,40964.90974,9383.195602369986,4179.264073,64.54035911111112,12.08290585948845,0.4510210572710269,51,64,,False,True,,94,87.6246207195492
43,2026-09-18T06:49:08.726+00:00,2026-09-18T06:49:50.898+00:00,2026-09-18T06:49:56.550+00:00,True,92,92.0,,92.0,42172.544796999995,47823.88329299999,47823.883261999996,519.8248180652173,0.0,42172.544796999995,4390.815328457371,81.16144725,62.102620835164835,66.51112548568538,1.9237250023455559,51,64,,False,True,,454,87.6246207195492
44,2026-09-18T06:49:09.010+00:00,2026-09-18T06:49:52.466+00:00,2026-09-18T06:49:56.865+00:00,True,76,76.0,,76.0,43456.296152,47855.505112,47855.504957000005,629.6776968026317,0.0,43456.296152,4978.088786848948,89.812959,58.65611946666667,19.599391963839995,1.588114049201471,51,64,,False,True,,385,87.6246207195492
45,2026-09-18T06:49:09.355+00:00,2026-09-18T06:49:53.480+00:00,2026-09-18T06:49:53.661+00:00,True,4,4.0,,4.0,44124.753334,44306.411702,44306.411739,11076.60293475,59.113461,44124.753334,22032.100325427004,37515.461791,60.55278933333334,1.9792294328827402,0.09028038711199533,51,64,,False,True,,15,87.6246207195492
46,2026-09-18T06:49:09.715+00:00,2026-09-18T06:49:55.015+00:00,2026-09-18T06:49:57.968+00:00,True,49,49.0,,49.0,45299.840402,48253.466002,48253.466153,984.764615367347,33.488158000000006,45299.840402,6462.632073718219,93.53824300000001,61.53386666666666,14.915993027735597,1.015471095858048,51,64,,False,True,,210,87.6246207195492
47,2026-09-18T06:49:10.197+00:00,2026-09-18T06:49:57.016+00:00,2026-09-18T06:50:02.946+00:00,True,97,97.0,,97.0,46818.522606,52748.882414,52748.882586,543.8029132577319,0.0,46818.522606,4748.969229897832,97.3434728,61.77458133333334,121.59602031972136,1.838901519063376,51,64,,False,True,,412,87.6246207195492
48,2026-09-18T06:49:10.665+00:00,2026-09-18T06:49:59.078+00:00,2026-09-18T06:50:02.640+00:00,True,57,57.0,,57.0,48413.048211,51975.002771,51975.00266,911.8421519298246,0.0,48413.048211,6406.175470135159,228.8999712,63.60633142857142,166.89195319576697,1.0966810382125414,51,64,,False,True,,228,87.6246207195492
49,2026-09-18T06:49:10.966+00:00,2026-09-18T06:50:00.781+00:00,2026-09-18T06:50:02.644+00:00,True,38,38.0,,38.0,49814.849669,51677.753989000004,51677.753992000005,1359.9408945263158,0.0,49814.849669,8074.455462619039,209.53441860000004,50.3487654054054,162.30940237513448,0.7353260748926624,51,64,,False,True,,189,87.6246207195492
50,2026-09-18T06:49:11.326+00:00,2026-09-18T06:50:02.583+00:00,2026-09-18T06:50:07.169+00:00,True,85,85.0,,85.0,51256.656034,55842.44061,55842.440504,656.9698882823529,0.01572,51256.656034,5553.719646476286,99.66428239999999,54.59267352380952,29.252628765333508,1.5221397752586516,51,64,,False,True,,437,87.6246207195492
51,2026-09-18T06:49:11.754+00:00,2026-09-18T06:50:03.984+00:00,2026-09-18T06:50:08.831+00:00,True,77,77.0,,77.0,52229.482846,57076.239966,57076.240024,741.2498704415584,31.991491000000003,52229.482846,5944.849617478548,94.7475192,63.77312,13.561913850974971,1.349072749814432,51,64,,False,True,,311,87.6246207195492
52,2026-09-18T06:49:12.051+00:00,2026-09-18T06:50:05.057+00:00,2026-09-18T06:50:05.759+00:00,True,12,12.0,,12.0,53005.910977,53707.873473,53707.873532,4475.656127666666,51.376185,53005.910977,15283.06948878399,23901.54509245,63.814772363636365,9.602972068826102,0.22343092779557983,51,64,,False,True,,53,87.6246207195492
53,2026-09-18T06:49:12.499+00:00,2026-09-18T06:50:06.678+00:00,2026-09-18T06:50:10.472+00:00,True,61,61.0,,61.0,54179.386628,57973.241604,57973.241639,950.3810104754099,0.0,54179.386628,6929.6230645717615,91.814481,63.23091626666667,103.44839863133532,1.052209576560769,51,64,,False,True,,321,87.6246207195492
54,2026-09-18T06:49:12.793+00:00,2026-09-18T06:50:07.945+00:00,2026-09-18T06:50:11.740+00:00,True,61,61.0,,61.0,55151.966737999996,58947.187986,58947.188076,966.3473455081967,0.0,55151.966737999996,7054.161528390422,94.200057,63.25368746666667,105.41715311075433,1.034824596119624,51,64,,False,True,,247,87.6246207195492
55,2026-09-18T06:49:13.250+00:00,2026-09-18T06:50:09.918+00:00,2026-09-18T06:50:14.422+00:00,True,82,82.0,,82.0,56667.408209,61171.239761000004,61171.23982,745.9907295121951,0.0,56667.408209,6251.758515378799,87.6114999,55.60285866666666,19.63608168459066,1.3404992333060326,51,64,,False,True,,354,87.6246207195492
56,2026-09-18T06:49:13.640+00:00,2026-09-18T06:50:10.985+00:00,2026-09-18T06:50:13.121+00:00,True,37,37.0,,37.0,57344.683305,59480.316457,59480.316385,1607.5761185135134,35.399775,57344.683305,9417.66145457038,74.31270620000001,59.323143111111115,11.009285567221305,0.6220545249914456,51,64,,False,True,,148,87.6246207195492
57,2026-09-18T06:49:14.027+00:00,2026-09-18T06:50:12.498+00:00,2026-09-18T06:50:12.826+00:00,True,7,7.0,,7.0,58470.349013,58798.887637,58798.887627,8399.841089571428,31.119352,58470.349013,22079.023135795484,40949.2683572,54.75643733333334,15.393434667557136,0.11904987120190272,51,64,,False,True,,23,87.6246207195492
58,2026-09-18T06:49:14.331+00:00,2026-09-18T06:50:13.471+00:00,2026-09-18T06:50:17.271+00:00,True,54,54.0,,54.0,59140.78349,62939.922306,62939.922412,1165.5541187407407,0.016640000000000002,59140.78349,8039.1620354586885,90.24904889999999,71.6818644528302,119.77343642088337,0.857961020947308,51,64,,False,True,,253,87.6246207195492
59,2026-09-18T06:49:14.795+00:00,2026-09-18T06:50:15.508+00:00,2026-09-18T06:50:21.526+00:00,True,97,97.0,,97.0,60713.126036,66731.162772,66731.162744,687.9501313814433,0.0,60713.126036,6159.557913158246,92.3185174,62.68788266666667,133.83158632628428,1.4535937329822857,51,64,,False,True,,456,87.6246207195492
60,2026-09-18T06:49:15.120+00:00,2026-09-18T06:50:17.223+00:00,2026-09-18T06:50:20.926+00:00,True,70,70.0,,70.0,62102.689317000004,65805.754917,65805.755036,940.0822148000001,0.0,62102.689317000004,7417.117530089993,97.19247645,53.667617391304354,112.50518370930455,1.063736752025566,51,64,,False,True,,349,87.6246207195492
61,2026-09-18T06:49:15.600+00:00,2026-09-18T06:50:18.723+00:00,2026-09-18T06:50:20.228+00:00,True,17,17.0,,17.0,63123.664240000006,64628.477296000005,64628.47709400001,3801.675123176471,0.0,63123.664240000006,15288.577508512453,13390.227524000002,94.050816,232.03353375734514,0.2630419392698916,51,64,,False,True,,75,87.6246207195492
62,2026-09-18T06:49:16.017+00:00,2026-09-18T06:50:20.357+00:00,2026-09-18T06:50:26.665+00:00,True,100,100.0,,100.0,64339.905722,70648.214202,70648.21417400001,706.4821417400001,35.254625,64339.905722,6427.62913651321,91.63038530000001,63.720287676767676,11.728849738188856,1.415463945260899,51,64,,False,True,,445,87.6246207195492
63,2026-09-18T06:49:16.356+00:00,2026-09-18T06:50:21.528+00:00,2026-09-18T06:50:25.135+00:00,True,58,58.0,,58.0,65171.438882,68779.299618,68779.299587,1185.8499928793103,36.616973,65171.438882,8549.125628003496,90.3006725,63.29580238596491,11.508349550489875,0.8432769790057735,51,64,,False,True,,219,87.6246207195492
64,2026-09-18T06:49:16.774+00:00,2026-09-18T06:50:22.933+00:00,2026-09-18T06:50:26.858+00:00,True,64,64.0,,64.0,66158.406607,70083.409615,70083.409646,1095.05327571875,37.145021,66158.406607,8262.020808214038,92.65147259999999,62.301635047619044,11.36070822123943,0.9131975791643282,51,64,,False,True,,249,87.6246207195492
65,2026-09-18T06:49:17.199+00:00,2026-09-18T06:50:24.958+00:00,2026-09-18T06:50:25.189+00:00,True,5,5.0,,5.0,67758.9652,67990.26043200001,67990.260414,13598.0520828,42.04830200000001,67758.9652,30276.87293913778,54221.1059884,57.823808,12.945789644324263,0.07353994481313562,51,64,,False,True,,19,87.6246207195492
66,2026-09-18T06:49:17.552+00:00,2026-09-18T06:50:26.090+00:00,2026-09-18T06:50:30.001+00:00,True,64,64.0,,64.0,68537.619508,72449.048116,72449.04827300001,1132.0163792656251,34.523966,68537.619508,8559.45067386437,91.75041580000001,62.08616838095238,12.516847627652181,0.8833794461664698,51,64,,False,True,,303,87.6246207195492
67,2026-09-18T06:49:17.846+00:00,2026-09-18T06:50:27.121+00:00,2026-09-18T06:50:27.437+00:00,True,6,6.0,,6.0,69274.986823,69590.667847,69590.66791,11598.444651666667,34.743836,69274.986823,28255.62577390367,51979.52146175,63.136204799999994,20.73140314194954,0.08621845695160482,51,64,,False,True,,28,87.6246207195492
68,2026-09-18T06:49:18.206+00:00,2026-09-18T06:50:28.581+00:00,2026-09-18T06:50:30.610+00:00,True,34,34.0,,34.0,70374.619508,72403.90770000001,72403.90756400001,2129.5266930588236,37.182092,70374.619508,12058.606642704177,85.29825895,61.49358157575758,11.183360362684642,0.4695879142445788,51,64,,False,True,,154,87.6246207195492
69,2026-09-18T06:49:18.671+00:00,2026-09-18T06:50:30.225+00:00,2026-09-18T06:50:30.225+00:00,True,1,1.0,,1.0,71553.98199,71553.98199,71553.98199,71553.98199,71553.98199,71553.98199,nan,71553.98199,nan,nan,0.013975462611427477,51,64,,False,True,,10,87.6246207195492
70,2026-09-18T06:49:19.110+00:00,2026-09-18T06:50:32.229+00:00,2026-09-18T06:50:36.634+00:00,True,80,80.0,,80.0,73119.577527,77524.654775,77524.65487,969.058185875,0.0,73119.577527,8169.546488550761,101.38626860000001,55.76047149367089,112.39531810965237,1.031929780689565,51,64,,False,True,,316,87.6246207195492
71,2026-09-18T06:49:19.575+00:00,2026-09-18T06:50:33.643+00:00,2026-09-18T06:50:38.387+00:00,True,78,78.0,,78.0,74067.483545,78811.605401,78811.605482,1010.4051984871794,0.01575,74067.483545,8380.183244909937,99.49889065,61.61197215584416,106.53183449189319,0.989701955735193,51,64,,False,True,,331,87.6246207195492
72,2026-09-18T06:49:19.923+00:00,2026-09-18T06:50:34.863+00:00,2026-09-18T06:50:35.238+00:00,True,9,9.0,,9.0,74940.295858,75315.13361799999,75315.133487,8368.348165222222,0.020489999999999998,74940.295858,24964.498767503203,44997.9615604,46.85472,32.387485508643174,0.11949789594277556,51,64,,False,True,,30,87.6246207195492
73,2026-09-18T06:49:20.372+00:00,2026-09-18T06:50:36.635+00:00,2026-09-18T06:50:40.767+00:00,True,66,66.0,,66.0,76263.082254,80394.87719799999,80394.876974,1218.1041965757574,38.08258,76263.082254,9379.520830248686,95.844333,63.56607606153846,12.92737714250003,0.8209478302635171,51,64,,False,True,,300,87.6246207195492
74,2026-09-18T06:49:20.735+00:00,2026-09-18T06:50:38.257+00:00,2026-09-18T06:50:44.441+00:00,True,98,98.0,,98.0,77521.83450699999,83705.399819,83705.39989999999,854.1367336734693,37.280421000000004,77521.83450699999,7824.459099430483,94.4704291,63.748096,13.062465503830534,1.170772736429309,51,64,,False,True,,421,87.6246207195492
75,2026-09-18T06:49:21.588+00:00,2026-09-18T06:50:40.651+00:00,2026-09-18T06:50:44.213+00:00,True,57,57.0,,57.0,79062.696919,82624.977879,82624.978007,1449.5610176666667,33.323548,79062.696919,10463.6939131725,96.84925080000001,63.61216,14.242051062187418,0.6898640273583316,51,64,,False,True,,312,87.6246207195492
76,2026-09-18T06:49:21.622+00:00,2026-09-18T06:50:41.048+00:00,2026-09-18T06:50:43.437+00:00,True,39,39.0,,39.0,79426.60492499999,81814.920573,81814.920755,2097.8184808974356,33.710538,79426.60492499999,12708.37937861105,96.7796053,62.85041178947368,14.351331772193936,0.476685667196877,51,64,,False,True,,174,87.6246207195492
77,2026-09-18T06:49:22.012+00:00,2026-09-18T06:50:42.995+00:00,2026-09-18T06:50:48.578+00:00,True,91,91.0,,91.0,80982.621209,86565.21346500001,86565.21364700001,951.2660840329671,0.0,80982.621209,8483.647582088366,93.130393,62.02880284444445,121.79367455269191,1.0512305850986328,51,64,,False,True,,410,87.6246207195492
78,2026-09-18T06:49:22.480+00:00,2026-09-18T06:50:45.749+00:00,2026-09-18T06:50:45.749+00:00,True,12,12.0,,12.0,83268.859501,83268.859501,83268.859501,6939.071625083333,0.0,83268.859501,24037.64922400774,37470.98677545,0.0,0.0,0.14411149704597417,51,64,,False,True,,51,87.6246207195492
79,2026-09-18T06:49:22.796+00:00,2026-09-18T06:50:45.764+00:00,2026-09-18T06:50:49.461+00:00,True,62,62.0,,62.0,82968.049631,86664.53679900001,86664.53695000001,1397.8151120967743,29.182686,82968.049631,10529.264002319533,92.59129845000001,60.598150295081965,12.359743084786285,0.715402196677008,51,64,,False,True,,302,87.6246207195492
80,2026-09-18T06:49:23.262+00:00,2026-09-18T06:50:47.619+00:00,2026-09-18T06:50:48.447+00:00,True,15,15.0,,15.0,84356.396964,85184.540068,85184.540032,5678.969335466667,36.883631,84356.396964,21765.459117597162,25373.1292507,59.15307885714286,14.258944057956729,0.1760882900585716,51,64,,False,True,,37,87.6246207195492
81,2026-09-18T06:49:23.587+00:00,2026-09-18T06:50:48.761+00:00,2026-09-18T06:50:54.267+00:00,True,89,89.0,,89.0,85174.342404,90680.031492,90680.03149499999,1018.8767583707864,37.264061,85174.342404,9021.835804029764,87.16037080000002,62.564648727272726,9.932709028644588,0.9814729718951607,51,64,,False,True,,281,87.6246207195492
82,2026-09-18T06:49:24.008+00:00,2026-09-18T06:50:50.151+00:00,2026-09-18T06:50:54.792+00:00,True,75,75.0,,75.0,86143.320533,90784.18402100001,90784.18393500001,1210.4557858,35.809613,86143.320533,9939.738550228665,91.8750452,62.714371459459464,11.28732715341835,0.8261350895950242,51,64,,False,True,,308,87.6246207195492
83,2026-09-18T06:49:24.470+00:00,2026-09-18T06:50:52.019+00:00,2026-09-18T06:50:52.886+00:00,True,15,15.0,,15.0,87548.064327,88415.253831,88415.253833,5894.350255533333,33.298438000000004,87548.064327,22588.82274211548,26329.521284700004,61.942107428571425,12.314247720938726,0.1696539833349517,51,64,,False,True,,66,87.6246207195492
84,2026-09-18T06:49:24.967+00:00,2026-09-18T06:50:53.826+00:00,2026-09-18T06:50:57.947+00:00,True,66,66.0,,66.0,88858.73856499999,92979.066245,92979.06620999999,1408.7737304545453,35.348624,88858.73856499999,10929.957593947118,93.59006949999998,63.38965661538462,11.254042334513969,0.7098371995486584,51,64,,False,True,,263,87.6246207195492
85,2026-09-18T06:49:25.337+00:00,2026-09-18T06:50:54.995+00:00,2026-09-18T06:50:58.809+00:00,True,63,63.0,,63.0,89657.54758,93471.38898799999,93471.388752,1483.6728373333333,38.931648,89657.54758,11288.041643450671,68.0814461,61.51357109677419,7.395706745177739,0.67400303645951,51,64,,False,True,,308,87.6246207195492
86,2026-09-18T06:49:25.788+00:00,2026-09-18T06:50:56.877+00:00,2026-09-18T06:50:58.439+00:00,True,26,26.0,,26.0,91088.74041500001,92650.563903,92650.56384500001,3563.4832248076927,42.144801,91088.74041500001,17851.721375234956,83.90985725,62.472939520000004,7.7174003015765456,0.28062430388681237,51,64,,False,True,,110,87.6246207195492
87,2026-09-18T06:49:26.186+00:00,2026-09-18T06:50:58.253+00:00,2026-09-18T06:51:02.219+00:00,True,65,65.0,,65.0,92067.60482600001,96033.36252200001,96033.362437,1477.4363451846154,37.359491,92067.60482600001,11411.898035578726,68.2772774,61.964964,8.220338567259617,0.6768481108334548,51,64,,True,True,,325,87.6246207195492
88,2026-09-18T06:49:26.679+00:00,2026-09-18T06:50:59.975+00:00,2026-09-18T06:51:01.462+00:00,True,25,25.0,,25.0,93296.367976,94783.34935199999,94783.349454,3791.33397816,37.70666000000001,93296.367976,18646.884153181756,88.5334704,61.957557333333334,8.975829998233461,0.26375940680421295,51,64,,True,True,,113,87.6246207195492
89,2026-09-18T06:49:26.954+00:00,2026-09-18T06:51:01.402+00:00,2026-09-18T06:51:06.968+00:00,True,90,90.0,,90.0,94447.562817,100014.011201,100014.011245,1111.266791611111,37.114121,94447.562817,9949.058779968675,82.96107085,62.54436386516854,9.269575214103561,0.8998739168567627,51,64,,True,True,,405,87.6246207195492
90,2026-09-18T06:49:27.412+00:00,2026-09-18T06:51:03.076+00:00,2026-09-18T06:51:05.356+00:00,True,38,38.0,,38.0,95663.88215,97943.62051800001,97943.620391,2577.4636945,39.687106,95663.88215,15508.73761331297,70.217627,61.614550486486486,7.781558944614596,0.387978306285057,51,64,,True,True,,181,87.6246207195492
91,2026-09-18T06:49:27.726+00:00,2026-09-18T06:51:03.982+00:00,2026-09-18T06:51:05.109+00:00,True,20,20.0,,20.0,96256.081565,97382.616733,97382.616801,4869.13084005,36.164072999999995,96256.081565,21510.257686308945,4878.34326915,59.291324631578945,8.16369172935211,0.2053754630031687,51,64,,True,True,,96,87.6246207195492
92,2026-09-18T06:49:28.034+00:00,2026-09-18T06:51:05.416+00:00,2026-09-18T06:51:08.211+00:00,True,46,46.0,,46.0,97382.732044,100177.19041200001,100177.190342,2177.7650074347825,38.717118,97382.732044,14349.149212050006,92.21044875,62.099074844444445,11.76084229667273,0.4591863657866148,51,64,,True,True,,244,87.6246207195492
93,2026-09-18T06:49:28.522+00:00,2026-09-18T06:51:07.036+00:00,2026-09-18T06:51:10.107+00:00,True,51,51.0,,51.0,98514.601722,101585.35986600001,101585.35978900001,1991.869799784314,40.065826,98514.601722,13786.207656753173,82.90597149999999,61.415162880000004,10.637310447626584,0.5020408459178908,51,64,,True,True,,210,87.6246207195492
94,2026-09-18T06:49:29.005+00:00,2026-09-18T06:51:08.972+00:00,2026-09-18T06:51:12.250+00:00,True,53,53.0,,53.0,99966.505259,103245.15306699999,103245.153112,1948.0217568301887,37.701121,99966.505259,13722.798977386417,85.71783720000002,63.05091938461538,10.775170726525417,0.5133412894027688,51,64,,True,True,,289,87.6246207195492
95,2026-09-18T06:49:29.353+00:00,2026-09-18T06:51:10.360+00:00,2026-09-18T06:51:14.764+00:00,True,71,71.0,,71.0,101007.084156,105411.65222,105411.652424,1484.6711609014085,37.520480000000006,101007.084156,11979.871623868556,85.98131099999999,62.92240091428571,9.428113628729957,0.6735498258941909,51,64,,True,True,,249,87.6246207195492
96,2026-09-18T06:49:29.759+00:00,2026-09-18T06:51:12.150+00:00,2026-09-18T06:51:14.647+00:00,True,41,41.0,,41.0,102390.97868700001,104887.69267100001,104887.692647,2558.2364060243904,37.7374,102390.97868700001,15981.038820106349,90.419612,62.417849600000004,9.098692915864719,0.39089428850917923,51,64,,True,True,,203,87.6246207195492
97,2026-09-18T06:49:30.073+00:00,2026-09-18T06:51:13.398+00:00,2026-09-18T06:51:17.557+00:00,True,66,66.0,,66.0,103325.96393000001,107484.38876200002,107484.38872400002,1628.5513443030304,53.838461,103325.96393000001,12710.674246739696,86.98459374999999,63.97576664615384,7.471533588564475,0.614042660149858,51,64,,True,True,,250,87.6246207195492
98,2026-09-18T06:49:30.547+00:00,2026-09-18T06:51:14.890+00:00,2026-09-18T06:51:18.957+00:00,True,63,63.0,,63.0,104342.99415099999,108409.20419899999,108409.20418599999,1720.7810188253966,40.999424,104342.99415099999,13137.723341921826,92.4748142,65.58403303225806,11.02880919740494,0.5811314681763999,51,64,,True,True,,237,87.6246207195492
99,2026-09-18T06:49:30.823+00:00,2026-09-18T06:51:16.086+00:00,2026-09-18T06:51:21.368+00:00,True,83,83.0,,83.0,105262.864621,110544.42366100001,110544.423677,1331.8605262289157,35.866094,105262.864621,11547.03699173834,92.67488110000002,64.40925658536585,12.219420075287509,0.7508293702315655,51,64,,True,True,,268,87.6246207195492
100,2026-09-18T06:49:31.231+00:00,2026-09-18T06:51:17.774+00:00,2026-09-18T06:51:20.972+00:00,True,51,51.0,,51.0,106543.02755500001,109741.47721900001,109741.47720600001,2151.7936707058825,37.320371,106543.02755500001,14910.054812955806,92.362199,63.96899328,11.446529150822554,0.4647285720259118,51,64,,True,True,,273,87.6246207195492
101,2026-09-18T06:49:31.715+00:00,2026-09-18T06:51:19.300+00:00,2026-09-18T06:51:22.020+00:00,True,45,45.0,,45.0,107584.99096,110305.30916799999,110305.309066,2451.2290903555554,36.927802,107584.99096,16028.610326383998,88.3987386,61.82541381818182,10.199803713479797,0.4079586045261245,51,64,,True,True,,185,87.6246207195492
102,2026-09-18T06:49:32.188+00:00,2026-09-18T06:51:21.364+00:00,2026-09-18T06:51:22.337+00:00,True,16,16.0,,16.0,109176.856377,110149.620025,110149.620027,6884.3512516875,56.224265,109176.856377,27278.0026602272,27362.6543175,64.85090986666667,8.695234317321166,0.14525696953261008,51,64,,True,True,,82,87.6246207195492
103,2026-09-18T06:49:32.490+00:00,2026-09-18T06:51:22.218+00:00,2026-09-18T06:51:27.606+00:00,True,87,87.0,,87.0,109727.451581,115115.873981,115115.87399000001,1323.1709654022989,39.068538000000004,109727.451581,11757.30575367978,93.10959790000001,62.656074418604646,11.505829105350506,0.7557602352422694,51,64,,True,True,,406,87.6246207195492
104,2026-09-18T06:49:32.779+00:00,2026-09-18T06:51:23.729+00:00,2026-09-18T06:51:28.505+00:00,True,76,76.0,,76.0,110949.79439200001,115725.968984,115725.968963,1522.7101179342108,36.548802,110949.79439200001,12719.514325237787,93.1307375,63.68232789333333,11.28294652282692,0.6567238163329406,51,64,,True,True,,334,87.6246207195492
105,2026-09-18T06:49:33.114+00:00,2026-09-18T06:51:24.935+00:00,2026-09-18T06:51:30.592+00:00,True,92,92.0,,92.0,111820.718733,117477.378445,117477.378654,1276.928028847826,36.371493,111820.718733,11651.640828246822,91.33194085,62.16109573626374,11.637346776277566,0.7831294945270857,51,64,,True,True,,341,87.6246207195492
106,2026-09-18T06:49:33.480+00:00,2026-09-18T06:51:26.501+00:00,2026-09-18T06:51:26.564+00:00,True,2,2.0,,2.0,113020.433366,113084.219094,113084.219128,56542.109564,63.785762000000005,113020.433366,79872.41150088758,107372.6009858,63.785728,nan,0.017685933687507028,51,64,,True,True,,5,87.6246207195492
107,2026-09-18T06:49:33.839+00:00,2026-09-18T06:51:28.034+00:00,2026-09-18T06:51:30.364+00:00,True,39,39.0,,39.0,114195.20313400001,116525.34534200002,116525.345272,2987.829365948718,37.729690000000005,114195.20313400001,18276.051531069563,92.4171297,61.319531789473686,11.401713259674993,0.33469113423809754,51,64,,True,True,,158,87.6246207195492
108,2026-09-18T06:49:34.315+00:00,2026-09-18T06:51:30.025+00:00,2026-09-18T06:51:34.547+00:00,True,72,72.0,,72.0,115710.562183,120232.556423,120232.556474,1669.8966176944446,36.423131999999995,115710.562183,13629.121109316013,93.3639401,63.690059718309854,13.432203601733947,0.5988394669634313,51,64,,True,True,,292,87.6246207195492
109,2026-09-18T06:49:35.207+00:00,2026-09-18T06:51:32.175+00:00,2026-09-18T06:51:37.734+00:00,True,89,89.0,,89.0,116968.10390999999,122527.24042199999,122527.240322,1376.7105654157303,37.92935,116968.10390999999,12391.904970283364,95.97492679999999,63.17200581818182,13.220459781116466,0.7263690889754169,51,64,,True,True,,436,87.6246207195492
110,2026-09-18T06:49:35.274+00:00,2026-09-18T06:51:33.760+00:00,2026-09-18T06:51:35.961+00:00,True,36,36.0,,36.0,118486.63068,120687.318296,120687.318297,3352.42550825,36.984962,118486.63068,19737.29723709969,95.39016299999999,62.87678902857143,14.142348019861894,0.2982914900114502,51,64,,True,True,,220,87.6246207195492
111,2026-09-18T06:49:35.543+00:00,2026-09-18T06:51:35.095+00:00,2026-09-18T06:51:37.007+00:00,True,32,32.0,,32.0,119551.897596,121463.543548,121463.54368799999,3795.7357402499997,34.922905,119551.897596,21123.090948107016,83.46227374999998,61.66599845161291,10.830197024220094,0.26345353564754376,51,64,,True,True,,124,87.6246207195492
112,2026-09-18T06:49:35.820+00:00,2026-09-18T06:51:36.276+00:00,2026-09-18T06:51:41.207+00:00,True,81,81.0,,81.0,120455.796222,125387.116798,125387.116616,1547.9890940246914,35.047545,120455.796222,13377.13199409974,89.72069400000001,61.6415072,10.00162409382967,0.6459993823009095,51,64,,True,True,,368,87.6246207195492
113,2026-09-18T06:49:36.270+00:00,2026-09-18T06:51:38.168+00:00,2026-09-18T06:51:43.696+00:00,True,91,91.0,,91.0,121897.428241,127426.041617,127426.041649,1400.286171967033,39.580696,121897.428241,12771.885904445633,69.5822615,61.42903751111111,8.582023329382247,0.7141397381982211,51,64,,True,True,,221,87.6246207195492
114,2026-09-18T06:49:36.759+00:00,2026-09-18T06:51:40.083+00:00,2026-09-18T06:51:44.142+00:00,True,67,67.0,,67.0,123324.552157,127383.163101,127383.162986,1901.241238597015,35.551114,123324.552157,15058.982337070445,70.7463565,61.49410521212121,9.618164529593962,0.5259721800665038,51,64,,True,True,,255,87.6246207195492
115,2026-09-18T06:49:37.251+00:00,2026-09-18T06:51:42.058+00:00,2026-09-18T06:51:42.147+00:00,True,2,2.0,,2.0,124806.959121,124896.24244900001,124896.24251600001,62448.12125800001,89.283395,124806.959121,88188.71423967948,118571.07533470001,89.283328,nan,0.016013291999690683,51,64,,True,True,,8,87.6246207195492
116,2026-09-18T06:49:37.558+00:00,2026-09-18T06:51:43.447+00:00,2026-09-18T06:51:49.261+00:00,True,97,97.0,,97.0,125889.333956,131703.35354,131703.353484,1357.7665307628865,37.116821,125889.333956,12775.979026965588,69.92180780000001,60.562704,8.788799610214868,0.7365036454484801,51,64,,True,True,,429,87.6246207195492
117,2026-09-18T06:49:37.901+00:00,2026-09-18T06:51:44.636+00:00,2026-09-18T06:51:50.090+00:00,True,92,92.0,,92.0,126735.189548,132189.827884,132189.827971,1436.8459562065216,34.724146,126735.189548,13206.810844789483,68.37125365,59.941080615384614,9.302238507866525,0.695968831132244,51,64,,True,True,,271,87.6246207195492
118,2026-09-18T06:49:38.235+00:00,2026-09-18T06:51:45.629+00:00,2026-09-18T06:51:47.595+00:00,True,34,34.0,,34.0,127394.539413,129359.92027700001,129359.920289,3804.7035379117647,34.732016,127394.539413,21837.771990329384,76.8039209,59.55699587878787,10.959452598930683,0.2628325676700741,51,64,,True,True,,107,87.6246207195492
119,2026-09-18T06:49:38.710+00:00,2026-09-18T06:51:47.596+00:00,2026-09-18T06:51:50.861+00:00,True,55,55.0,,55.0,128885.780204,132151.27422,132151.274278,2402.7504414181817,37.684599999999996,128885.780204,17370.802770812577,70.2109667,60.47211140740741,7.918448075102478,0.41618970626373425,51,64,,True,True,,187,87.6246207195492
120,2026-09-18T06:49:39.044+00:00,2026-09-18T06:51:48.651+00:00,2026-09-18T06:51:54.731+00:00,True,99,99.0,,99.0,129606.981433,135687.44223299998,135687.442219,1370.5802244343433,35.803743000000004,129606.981433,13019.759865368773,79.4219254,62.04551836734694,10.166031118733153,0.7296179983258806,51,64,,True,True,,532,87.6246207195492
121,2026-09-18T06:49:39.322+00:00,2026-09-18T06:51:49.441+00:00,2026-09-18T06:51:51.835+00:00,True,40,40.0,,40.0,130119.370783,132513.93180700002,132513.932,3312.8483,37.933309,130119.370783,20563.974359184587,92.2592733,61.399000615384615,12.024184675420312,0.30185505368792487,51,64,,True,True,,156,87.6246207195492
122,2026-09-18T06:49:39.736+00:00,2026-09-18T06:51:50.926+00:00,2026-09-18T06:51:56.153+00:00,True,84,84.0,,84.0,131189.96661,136416.85301,136416.853007,1624.010154845238,36.362292000000004,131189.96661,14307.13211472263,93.88008414999999,62.97453493975904,11.202464374733495,0.6157596964492533,51,64,,True,True,,319,87.6246207195492
123,2026-09-18T06:49:40.183+00:00,2026-09-18T06:51:52.687+00:00,2026-09-18T06:51:55.780+00:00,True,51,51.0,,51.0,132503.449373,135596.821533,135596.82155700002,2658.761207,35.883673,132503.449373,18545.534099437562,84.60994199999999,61.867443200000004,10.922584128929646,0.3761150108344406,51,64,,True,True,,219,87.6246207195492
124,2026-09-18T06:49:40.560+00:00,2026-09-18T06:51:54.145+00:00,2026-09-18T06:51:58.199+00:00,True,69,69.0,,69.0,133584.243501,137638.489133,137638.489044,1994.7607107826086,35.283044000000004,133584.243501,16074.47901629364,75.2836154,59.62125929411764,10.624620990567111,0.50131326226144,51,64,,True,True,,250,87.6246207195492
125,2026-09-18T06:49:40.836+00:00,2026-09-18T06:51:55.302+00:00,2026-09-18T06:51:58.090+00:00,True,48,48.0,,48.0,134466.389961,137254.151113,137254.15118400002,2859.461483,35.334504,134466.389961,19399.993007085337,68.97289905000001,59.31406706382979,10.240404016342127,0.34971619882361205,51,64,,True,True,,172,87.6246207195492
126,2026-09-18T06:49:41.240+00:00,2026-09-18T06:51:56.849+00:00,2026-09-18T06:52:02.226+00:00,True,89,89.0,,89.0,135609.015474,140986.39480200002,140986.39479000002,1584.1167953932586,37.078801,135609.015474,14368.052496992812,70.552142,61.10658327272727,9.166258412573251,0.6312665851551901,51,64,,True,True,,262,87.6246207195492
127,2026-09-18T06:49:41.641+00:00,2026-09-18T06:51:58.430+00:00,2026-09-18T06:52:00.287+00:00,True,31,31.0,,31.0,136788.64070699998,138645.410499,138645.410506,4472.432596967741,50.834555,136788.64070699998,24556.84935985209,68.646852,61.8923264,4.6295642791490135,0.22359196664662476,51,64,,True,True,,137,87.6246207195492
128,2026-09-18T06:49:41.963+00:00,2026-09-18T06:51:59.726+00:00,2026-09-18T06:52:00.285+00:00,True,10,10.0,,10.0,137762.98844400002,138322.37174000003,138322.37193100003,13832.237193100002,55.413076000000004,137762.98844400002,43544.82756585669,75800.22394905,62.153699555555555,4.6707988890143595,0.07229488530457437,51,64,,True,True,,29,87.6246207195492
129,2026-09-18T06:49:42.393+00:00,2026-09-18T06:52:01.036+00:00,2026-09-18T06:52:02.419+00:00,True,23,23.0,,23.0,138642.395017,140025.667209,140025.667269,6088.072489956522,34.502966,138642.395017,28895.830443849503,94.9176415,62.876008727272726,14.001626678883204,0.16425560012273022,51,64,,True,True,,102,87.6246207195492
130,2026-09-18T06:49:42.883+00:00,2026-09-18T06:52:02.972+00:00,2026-09-18T06:52:06.973+00:00,True,65,65.0,,65.0,140088.861392,144090.126032,144090.126105,2216.771170846154,39.488136,140088.861392,17368.13270656173,86.62778759999999,62.51976,9.554284764387042,0.4511065524751126,51,64,,True,True,,294,87.6246207195492
131,2026-09-18T06:49:43.158+00:00,2026-09-18T06:52:03.953+00:00,2026-09-18T06:52:08.756+00:00,True,77,77.0,,77.0,140795.43031999998,145597.847728,145597.84749999997,1890.8811363636362,38.604668,140795.43031999998,16037.930888988405,89.56017880000002,63.1897027368421,10.849404008284607,0.5288539714120519,51,64,,True,True,,346,87.6246207195492
132,2026-09-18T06:49:43.646+00:00,2026-09-18T06:52:05.907+00:00,2026-09-18T06:52:08.311+00:00,True,39,39.0,,39.0,142261.436289,144665.049217,144665.049049,3709.360232025641,38.945097000000004,142261.436289,22769.936207823226,94.4300949,63.25297178947368,13.044377530602729,0.26958826759530113,51,64,,True,True,,234,87.6246207195492
133,2026-09-18T06:49:44.053+00:00,2026-09-18T06:52:07.459+00:00,2026-09-18T06:52:07.459+00:00,True,1,1.0,,1.0,143406.311087,143406.311087,143406.311087,143406.311087,143406.311087,143406.311087,nan,143406.311087,nan,nan,0.006973193804513471,51,64,,True,True,,3,87.6246207195492
134,2026-09-18T06:49:44.452+00:00,2026-09-18T06:52:09.133+00:00,2026-09-18T06:52:11.223+00:00,True,36,36.0,,36.0,144681.43725400002,146770.85165400003,146770.85143900002,4076.968095527778,39.623866,144681.43725400002,24103.624374105882,67.60369875,59.69755428571428,7.353987262452312,0.2452803100500294,51,64,,True,True,,150,87.6246207195492
135,2026-09-18T06:49:44.858+00:00,2026-09-18T06:52:10.618+00:00,2026-09-18T06:52:11.919+00:00,True,22,22.0,,22.0,145760.289586,147061.38117,147061.381191,6684.608235954545,42.930730000000004,145760.289586,31062.990313117032,90.84129680000002,61.9567420952381,9.485194294204469,0.14959739820863263,51,64,,True,True,,91,87.6246207195492
136,2026-09-18T06:49:45.169+00:00,2026-09-18T06:52:11.985+00:00,2026-09-18T06:52:16.424+00:00,True,72,72.0,,72.0,146815.899193,151255.137849,151255.137849,2100.7658034583333,38.389648,146815.899193,17295.054437483665,88.86938305,62.52448811267605,10.87062325075964,0.4760168879147666,51,64,,True,True,,304,87.6246207195492
137,2026-09-18T06:49:45.595+00:00,2026-09-18T06:52:13.455+00:00,2026-09-18T06:52:19.174+00:00,True,92,92.0,,92.0,147859.78987799998,153579.406902,153579.40690799998,1669.3413794347823,34.562585,147859.78987799998,15408.901169358776,91.58313755,62.85293432967033,12.870719776764238,0.5990386462340345,51,64,,True,True,,290,87.6246207195492
138,2026-09-18T06:49:45.884+00:00,2026-09-18T06:52:14.767+00:00,2026-09-18T06:52:18.675+00:00,True,62,62.0,,62.0,148883.67321399998,152791.402878,152791.40287199998,2464.377465677419,38.723159,148883.67321399998,18900.114155110674,94.8244455,64.06114203278689,13.182400356314488,0.405781993176052,51,64,,True,True,,258,87.6246207195492
139,2026-09-18T06:49:46.217+00:00,2026-09-18T06:52:16.133+00:00,2026-09-18T06:52:21.963+00:00,True,92,92.0,,92.0,149915.675015,155745.71891899998,155745.718928,1692.8882492173911,37.830940000000005,149915.675015,15623.115650274143,96.607983,64.06641652747253,13.144829230296718,0.5907064453427913,51,64,,True,True,,326,87.6246207195492
140,2026-09-18T06:49:46.658+00:00,2026-09-18T06:52:17.919+00:00,2026-09-18T06:52:19.114+00:00,True,20,20.0,,20.0,151260.268071,152455.770919,152455.770882,7622.7885441,38.539688999999996,151260.268071,33808.757820597304,7662.993688300001,62.92120252631579,15.250574933349581,0.1311855883148302,51,64,,True,True,,96,87.6246207195492
141,2026-09-18T06:49:47.043+00:00,2026-09-18T06:52:19.292+00:00,2026-09-18T06:52:23.209+00:00,True,62,62.0,,62.0,152249.11041999998,156165.93960399998,156165.93969899998,2518.8054790161286,36.426763,152249.11041999998,19327.504502521297,89.99144774999999,64.21031449180327,10.605048957265595,0.39701358796429864,51,64,,True,True,,292,87.6246207195492
142,2026-09-18T06:49:47.387+00:00,2026-09-18T06:52:20.757+00:00,2026-09-18T06:52:24.275+00:00,True,56,56.0,,56.0,153370.874073,156888.81992900002,156888.81994500002,2801.586070446429,38.418468000000004,153370.874073,20486.500996169554,94.25973125,63.96265192727273,11.603110863028835,0.3569406668068686,51,64,,True,True,,185,87.6246207195492
143,2026-09-18T06:49:47.887+00:00,2026-09-18T06:52:22.409+00:00,2026-09-18T06:52:28.518+00:00,True,98,98.0,,98.0,154522.01186700002,160630.67209100001,160630.67206100002,1639.0884904183677,36.9988,154522.01186700002,15602.722386349398,90.37404434999999,62.97587859793814,10.599276634604522,0.6100951874526264,51,64,,True,True,,436,87.6246207195492
144,2026-09-18T06:49:48.819+00:00,2026-09-18T06:52:23.926+00:00,2026-09-18T06:52:24.668+00:00,True,13,13.0,,13.0,155106.43043,155848.66326200002,155848.663347,11988.358719,38.461269,155106.43043,43001.63065286607,62097.6532814,61.852736,13.065825173523345,0.08341425410974149,51,64,,True,True,,52,87.6246207195492
145,2026-09-18T06:49:48.875+00:00,2026-09-18T06:52:25.540+00:00,2026-09-18T06:52:29.607+00:00,True,66,66.0,,66.0,156665.144604,160732.123676,160732.123622,2435.335206393939,40.472165000000004,156665.144604,19276.4466711695,74.2511015,62.568908799999996,9.14856214492625,0.4106210911083415,51,64,,True,True,,337,87.6246207195492
146,2026-09-18T06:49:49.043+00:00,2026-09-18T06:52:26.598+00:00,2026-09-18T06:52:31.170+00:00,True,75,75.0,,75.0,157554.92945199998,162127.37002799998,162127.37016899997,2161.69826892,33.706598,157554.92945199998,18185.74404776114,72.05531479999999,61.789737513513515,10.025398284347544,0.46259925136050273,51,64,,True,True,,359,87.6246207195492
147,2026-09-18T06:49:49.477+00:00,2026-09-18T06:52:28.283+00:00,2026-09-18T06:52:31.745+00:00,True,57,57.0,,57.0,158806.67444,162268.481288,162268.481217,2846.8154599473683,35.470924,158806.67444,21026.2722778747,74.0322342,61.81797942857143,10.111223277716164,0.3512696954304658,51,64,,True,True,,249,87.6246207195492
148,2026-09-18T06:49:49.884+00:00,2026-09-18T06:52:29.793+00:00,2026-09-18T06:52:35.684+00:00,True,93,93.0,,93.0,159909.222496,165799.747168,165799.747267,1782.7929813655915,36.010603,159909.222496,16575.179785462733,96.30346259999999,64.02744208695653,13.195034243707495,0.5609176225447788,51,64,,True,True,,143,87.6246207195492
149,2026-09-18T06:49:50.169+00:00,2026-09-18T06:52:31.103+00:00,2026-09-18T06:52:33.432+00:00,True,36,36.0,,36.0,160933.89266100002,163262.587189,163262.587131,4535.071864750001,41.452723,160933.89266100002,26811.230058832654,102.79755125,66.53412937142858,14.168288274121437,0.2205036721507102,51,64,,True,True,,180,87.6246207195492
150,2026-09-18T06:49:50.646+00:00,2026-09-18T06:52:32.890+00:00,2026-09-18T06:52:33.990+00:00,True,18,18.0,,18.0,162244.00525999998,163344.02983599997,163344.02965899996,9074.668314388888,37.39094,162244.00525999998,38226.03058201035,24427.233511199996,64.707328,16.78325795942135,0.1101968649731018,51,64,,True,True,,28,87.6246207195492
151,2026-09-18T06:49:51.039+00:00,2026-09-18T06:52:34.599+00:00,2026-09-18T06:52:36.551+00:00,True,31,31.0,,31.0,163560.24948899998,165511.87470499997,165511.87474099998,5339.092733580645,37.649061,163560.24948899998,29364.607601708238,99.6608845,65.05417386666667,14.9268671524242,0.1872977395443852,51,64,,True,True,,142,87.6246207195492
152,2026-09-18T06:49:51.343+00:00,2026-09-18T06:52:35.934+00:00,2026-09-18T06:52:41.043+00:00,True,82,82.0,,82.0,164590.917223,169700.007527,169700.007471,2069.512286231707,36.995861,164590.917223,18169.06567685946,95.15597665000001,63.0751889382716,13.562114721968847,0.48320563560937646,51,64,,True,True,,334,87.6246207195492
153,2026-09-18T06:49:51.671+00:00,2026-09-18T06:52:37.063+00:00,2026-09-18T06:52:42.357+00:00,True,85,85.0,,85.0,165392.815642,170686.112026,170686.112157,2008.0719077294118,34.857305000000004,165392.815642,17932.538323013483,90.7581094,63.01543314285714,11.585619210799669,0.4979901351731081,51,64,,True,True,,360,87.6246207195492
154,2026-09-18T06:49:52.111+00:00,2026-09-18T06:52:38.679+00:00,2026-09-18T06:52:39.891+00:00,True,21,21.0,,21.0,166567.559144,167780.326888,167780.326844,7989.539373523809,36.623962,166567.559144,36334.78984100293,75.13978999999999,60.638387200000004,8.219826692689571,0.1251636612558177,51,64,,True,True,,85,87.6246207195492
155,2026-09-18T06:49:52.511+00:00,2026-09-18T06:52:40.364+00:00,2026-09-18T06:52:42.043+00:00,True,27,27.0,,27.0,167852.60886100002,169531.640925,169531.640852,6278.9496611851855,42.304622,167852.60886100002,32290.82316075533,95.37849569999999,64.57815630769231,10.351875669015653,0.15926230556539397,51,64,,True,True,,127,87.6246207195492
156,2026-09-18T06:49:52.891+00:00,2026-09-18T06:52:41.923+00:00,2026-09-18T06:52:46.853+00:00,True,80,80.0,,80.0,169031.228438,173961.68399,173961.684117,2174.5210514625,36.875131,169031.228438,18891.29160472477,91.60700415,62.4108297721519,11.560455087417024,0.4598713818187614,51,64,,True,True,,437,87.6246207195492
157,2026-09-18T06:49:53.267+00:00,2026-09-18T06:52:43.428+00:00,2026-09-18T06:52:49.248+00:00,True,93,93.0,,93.0,170160.795975,175980.686919,175980.686965,1892.265451236559,37.758039,170160.795975,17638.29749850007,93.1016468,63.259684173913044,12.872196980707153,0.5284670814065286,51,64,,True,True,,415,87.6246207195492
158,2026-09-18T06:49:53.577+00:00,2026-09-18T06:52:44.405+00:00,2026-09-18T06:52:44.750+00:00,True,7,7.0,,7.0,170828.163496,171172.942504,171172.942343,24453.277477571428,37.71584,170828.163496,64545.25848405464,119599.631182,57.463168,10.553786566617765,0.04089431365495409,51,64,,True,True,,28,87.6246207195492
159,2026-09-18T06:49:53.859+00:00,2026-09-18T06:52:45.473+00:00,2026-09-18T06:52:49.803+00:00,True,69,69.0,,69.0,171613.438766,175943.39947,175943.399581,2549.904341753623,37.209471,171613.438766,20652.168254892393,88.971978,63.675892705882355,12.462480197878573,0.39217157453960155,51,64,,True,True,,313,87.6246207195492
160,2026-09-18T06:49:54.169+00:00,2026-09-18T06:52:46.649+00:00,2026-09-18T06:52:51.834+00:00,True,82,82.0,,82.0,172480.090715,177665.160027,177665.160198,2166.648295097561,34.292066,172480.090715,19040.175501770995,96.02848490000002,64.01320138271605,13.80430115213665,0.46154237548621435,51,64,,True,True,,340,87.6246207195492
161,2026-09-18T06:49:54.671+00:00,2026-09-18T06:52:48.738+00:00,2026-09-18T06:52:52.051+00:00,True,53,53.0,,53.0,174066.532948,177379.834196,177379.83405900002,3346.7893218679246,38.365119,174066.532948,23901.1280841485,93.68052819999998,63.717331692307695,12.49267364006516,0.2987938298636383,51,64,,True,True,,192,87.6246207195492
162,2026-09-18T06:49:55.144+00:00,2026-09-18T06:52:50.578+00:00,2026-09-18T06:52:57.049+00:00,True,100,100.0,,100.0,175433.75788299998,181904.97580299998,181904.975805,1819.0497580499998,39.711946000000005,175433.75788299998,17536.844188928335,97.89073685,65.36583757575758,13.289268808417898,0.5497375734696687,51,64,,True,True,,441,87.6246207195492
163,2026-09-18T06:49:55.450+00:00,2026-09-18T06:52:51.776+00:00,2026-09-18T06:52:54.524+00:00,True,44,44.0,,44.0,176325.70841,179074.06169,179074.06167599998,4069.865038090909,39.005266999999996,176325.70841,26572.4677464971,92.15240795,63.91519255813953,11.919351007075722,0.24570839341417072,51,64,,True,True,,264,87.6246207195492
164,2026-09-18T06:49:55.803+00:00,2026-09-18T06:52:53.145+00:00,2026-09-18T06:52:56.564+00:00,True,52,52.0,,52.0,177341.93209400002,180760.29343800002,180760.29330800002,3476.159486692308,41.989112,177341.93209400002,24583.609222990275,95.64216659999998,67.02669301960785,12.30608722171613,0.28767379722049286,51,64,,True,True,,201,87.6246207195492
165,2026-09-18T06:49:56.245+00:00,2026-09-18T06:52:54.911+00:00,2026-09-18T06:53:00.409+00:00,True,87,87.0,,87.0,178665.91699,184164.20460599998,184164.20458,2116.8299377011494,34.779805,178665.91699,19148.146976123007,96.44686149999998,63.933576930232555,13.145276064714338,0.47240450545819895,51,64,,True,True,,402,87.6246207195492
166,2026-09-18T06:49:56.519+00:00,2026-09-18T06:52:55.887+00:00,2026-09-18T06:52:59.323+00:00,True,54,54.0,,54.0,179368.123141,182803.89504499998,182803.89496399998,3385.257314148148,38.903647,179368.123141,24400.09180498518,97.3680042,64.82588498113208,13.403017949223981,0.2953985197454741,51,64,,True,True,,260,87.6246207195492
167,2026-09-18T06:49:56.806+00:00,2026-09-18T06:52:56.940+00:00,2026-09-18T06:52:57.762+00:00,True,14,14.0,,14.0,180134.049614,180955.791182,180955.791249,12925.413660642856,38.730787,180134.049614,48125.9581264656,63110.3804971,63.21088984615385,14.931790491557857,0.07736696299439907,51,64,,True,True,,50,87.6246207195492
168,2026-09-18T06:49:57.299+00:00,2026-09-18T06:52:58.848+00:00,2026-09-18T06:53:00.106+00:00,True,21,21.0,,21.0,181548.201931,182806.781899,182806.78201,8705.084857619047,39.567996,181548.201931,39603.33571376077,99.14706399999999,62.9289984,13.9878473413312,0.11487538800175595,51,64,,True,True,,80,87.6246207195492
169,2026-09-18T06:49:57.752+00:00,2026-09-18T06:53:00.280+00:00,2026-09-18T06:53:00.468+00:00,True,4,4.0,,4.0,182528.055441,182716.693905,182716.694029,45679.17350725,60.626197,182528.055441,91232.58799504131,155158.84272825002,62.879488,3.2758367284148946,0.021891814669543673,51,64,,True,True,,23,87.6246207195492
170,2026-09-18T06:49:58.220+00:00,2026-09-18T06:53:02.400+00:00,2026-09-18T06:53:05.323+00:00,True,49,49.0,,49.0,184179.94633399998,187103.06108599997,187103.060974,3818.429815795918,40.117245000000004,184179.94633399998,26302.722021315618,71.4399188,60.898224,6.806795406076627,0.26188775167861983,51,64,,True,True,,253,87.6246207195492
171,2026-09-18T06:49:58.513+00:00,2026-09-18T06:53:03.615+00:00,2026-09-18T06:53:08.316+00:00,True,80,80.0,,80.0,185101.084887,189802.52053500002,189802.52047400002,2372.531505925,38.169129,185101.084887,20688.278889815778,69.23526245000001,59.51184364556962,9.359400940065017,0.4214907145305682,51,64,,True,True,,334,87.6246207195492
172,2026-09-18T06:49:58.863+00:00,2026-09-18T06:53:04.832+00:00,2026-09-18T06:53:05.903+00:00,True,19,19.0,,19.0,185968.676678,187039.983174,187039.98318699998,9844.209641421052,39.516616,185968.676678,42650.48725844232,18661.1171432,59.51702755555555,9.33168929653572,0.10158255832564225,51,64,,True,True,,93,87.6246207195492
173,2026-09-18T06:49:59.333+00:00,2026-09-18T06:53:06.327+00:00,2026-09-18T06:53:07.113+00:00,True,14,14.0,,14.0,186994.03237099998,187780.80894699998,187780.809192,13412.914942285714,40.150655,186994.03237099998,49960.08275627028,65490.2004072,60.52127507692308,6.8285512413278715,0.07455500952683304,51,64,,True,True,,56,87.6246207195492
174,2026-09-18T06:49:59.607+00:00,2026-09-18T06:53:07.634+00:00,2026-09-18T06:53:11.440+00:00,True,65,65.0,,65.0,188026.433406,191832.410494,191832.410396,2951.267852246154,38.193608999999995,188026.433406,23314.434573436738,67.43217,59.468392,9.626194362868782,0.3388374249826414,51,64,,True,True,,346,87.6246207195492
175,2026-09-18T06:50:00.041+00:00,2026-09-18T06:53:09.554+00:00,2026-09-18T06:53:14.691+00:00,True,85,85.0,,85.0,189513.219439,194650.156655,194650.156704,2290.0018435764705,36.152592,189513.219439,20548.96451108339,85.2735368,61.154014476190476,10.921042108842316,0.4366808712651329,51,64,,True,True,,375,87.6246207195492
176,2026-09-18T06:50:00.424+00:00,2026-09-18T06:53:11.080+00:00,2026-09-18T06:53:16.290+00:00,True,84,84.0,,84.0,190656.30436500002,195866.004461,195866.004484,2331.738148619048,34.935325,190656.30436500002,20795.46326107058,93.83671129999999,62.76747103614458,12.145968096127447,0.4288646221745219,51,64,,True,True,,456,87.6246207195492
177,2026-09-18T06:50:00.839+00:00,2026-09-18T06:53:12.392+00:00,2026-09-18T06:53:14.817+00:00,True,40,40.0,,40.0,191553.08212,193978.608136,193978.60804,4849.465201,36.786611,191553.08212,30277.37048694423,94.39795745,62.192974769230766,12.322021654466116,0.20620830505163576,51,64,,True,True,,148,87.6246207195492
178,2026-09-18T06:50:01.123+00:00,2026-09-18T06:53:13.151+00:00,2026-09-18T06:53:17.082+00:00,True,63,63.0,,63.0,192028.091947,195958.730283,195958.730534,3110.4560402222223,33.863607,192028.091947,24185.281418071685,91.84223320000001,63.39739251612903,12.57031524497264,0.32149626561172623,51,64,,True,True,,299,87.6246207195492
179,2026-09-18T06:50:01.532+00:00,2026-09-18T06:53:14.976+00:00,2026-09-18T06:53:15.757+00:00,True,13,13.0,,13.0,193444.13204199998,194225.362122,194225.36211299998,14940.412470230767,56.369535000000006,193444.13204199998,53633.693422335404,77430.6911938,65.10250666666667,8.43195623123181,0.06693255637661898,51,64,,True,True,,35,87.6246207195492
180,2026-09-18T06:50:02.646+00:00,2026-09-18T06:53:18.204+00:00,2026-09-18T06:53:22.554+00:00,True,72,72.0,,72.0,195558.446656,199908.843072,199908.84318,2776.511710833333,35.745222999999996,195558.446656,23039.566419980227,94.0440257,61.27318895774648,12.92908487136295,0.36016415729077167,51,64,,True,True,,279,87.6246207195492
181,2026-09-18T06:50:02.696+00:00,2026-09-18T06:53:18.460+00:00,2026-09-18T06:53:21.732+00:00,True,55,55.0,,55.0,195763.390722,199036.188162,199036.18819800002,3618.839785418182,37.260571000000006,195763.390722,26388.560518743103,88.38489750000001,60.60736,11.809470487655428,0.27633165861895564,51,64,,True,True,,246,87.6246207195492
182,2026-09-18T06:50:02.830+00:00,2026-09-18T06:53:19.672+00:00,2026-09-18T06:53:22.900+00:00,True,53,53.0,,53.0,196842.87910299998,200070.01843099997,200070.018544,3774.9060102641506,35.783043,196842.87910299998,27029.927704475613,93.6181598,62.0603716923077,13.82900589718251,0.2649072580471552,51,64,,True,True,,239,87.6246207195492
183,2026-09-18T06:50:03.157+00:00,2026-09-18T06:53:21.688+00:00,2026-09-18T06:53:25.984+00:00,True,69,69.0,,69.0,198531.340721,202827.61771299999,202827.61757499998,2939.5306894927535,38.811998,198531.340721,23892.762769187215,95.8730552,63.180544,13.920660311362322,0.34019035858141683,51,64,,True,True,,353,87.6246207195492
184,2026-09-18T06:50:03.625+00:00,2026-09-18T06:53:23.579+00:00,2026-09-18T06:53:25.981+00:00,True,39,39.0,,39.0,199954.054382,202356.075246,202356.075424,5188.617318564103,35.791494,199954.054382,32008.153497020663,92.55375310000001,63.21107536842106,10.86811751401499,0.1927295731180224,51,64,,True,True,,174,87.6246207195492
185,2026-09-18T06:50:04.060+00:00,2026-09-18T06:53:25.485+00:00,2026-09-18T06:53:28.671+00:00,True,52,52.0,,52.0,201424.622554,204611.069914,204611.069961,3934.828268480769,40.514624000000005,201424.622554,27923.90718898923,90.05571765,62.47936,10.946763086340626,0.2541406973818968,51,64,,True,True,,245,87.6246207195492
186,2026-09-18T06:50:04.558+00:00,2026-09-18T06:53:27.273+00:00,2026-09-18T06:53:27.338+00:00,True,2,2.0,,2.0,202715.17543200002,202780.180744,202780.180751,101390.0903755,65.005319,202715.17543200002,143295.30949550975,192582.66692635004,65.005312,nan,0.009862896820892478,51,64,,True,True,,4,87.6246207195492
187,2026-09-18T06:50:04.983+00:00,2026-09-18T06:53:28.611+00:00,2026-09-18T06:53:30.522+00:00,True,33,33.0,,33.0,203628.31571599998,205539.50982799998,205539.50996599998,6228.4699989696965,37.781569000000005,203628.31571599998,35436.74442538442,79.4460964,59.724816,9.737529344375975,0.16055307336100555,51,64,,True,True,,135,87.6246207195492
188,2026-09-18T06:50:05.300+00:00,2026-09-18T06:53:29.582+00:00,2026-09-18T06:53:34.346+00:00,True,78,78.0,,78.0,204281.559179,209045.870987,209045.870868,2680.0752675384615,33.930046000000004,204281.559179,23123.329190126453,94.03376855,61.874179324675325,12.369389128552255,0.37312384899891476,51,64,,True,True,,384,87.6246207195492
189,2026-09-18T06:50:05.628+00:00,2026-09-18T06:53:31.333+00:00,2026-09-18T06:53:31.458+00:00,True,3,3.0,,3.0,205705.842361,205830.577849,205830.577808,68610.19260266666,60.162147,205705.842361,118728.31545953672,185141.71545489997,62.367744,3.118963159000119,0.014575093901746897,51,64,,True,True,,5,87.6246207195492
190,2026-09-18T06:50:05.982+00:00,2026-09-18T06:53:32.580+00:00,2026-09-18T06:53:35.505+00:00,True,48,48.0,,48.0,206597.444827,209522.70690699999,209522.706723,4365.0563900625,38.661327,206597.444827,29810.791769676976,94.56099094999999,62.239618723404256,12.796562756618945,0.22909211468571553,51,64,,True,True,,191,87.6246207195492
191,2026-09-18T06:50:06.274+00:00,2026-09-18T06:53:34.037+00:00,2026-09-18T06:53:34.157+00:00,True,3,3.0,,3.0,207763.228703,207883.215391,207883.215219,69294.405073,59.3464,207763.228703,119917.51889747161,186992.9698443,59.993344,0.9148717240619036,0.01443117951758351,51,64,,True,True,,4,87.6246207195492
192,2026-09-18T06:50:06.687+00:00,2026-09-18T06:53:35.338+00:00,2026-09-18T06:53:39.206+00:00,True,63,63.0,,63.0,208651.000005,212519.017157,212519.01706800002,3373.3177312380953,38.048569,208651.000005,26279.69740603601,91.7490353,62.387373419354844,11.29824968856499,0.29644405871432333,51,64,,True,True,,267,87.6246207195492
193,2026-09-18T06:50:06.978+00:00,2026-09-18T06:53:36.501+00:00,2026-09-18T06:53:39.850+00:00,True,55,55.0,,55.0,209522.517019,212872.163611,212872.163501,3870.4029727454545,34.331916,209522.517019,28243.64798101896,81.25467309999999,62.03049244444445,10.004813458954182,0.25837102919903765,51,64,,True,True,,227,87.6246207195492
194,2026-09-18T06:50:07.261+00:00,2026-09-18T06:53:37.658+00:00,2026-09-18T06:53:39.548+00:00,True,31,31.0,,31.0,210397.481528,212287.529272,212287.52919600002,6847.984812774193,40.65919400000001,210397.481528,37777.18899241448,90.738135,63.00159146666667,9.669734678099983,0.14602836118687068,51,64,,True,True,,132,87.6246207195492
195,2026-09-18T06:50:07.612+00:00,2026-09-18T06:53:39.358+00:00,2026-09-18T06:53:43.808+00:00,True,73,73.0,,73.0,211745.96533,216196.007954,216196.007917,2961.5891495479455,36.274561999999996,211745.96533,24775.758977432466,89.1953114,61.806147555555555,10.378101533221043,0.3376565584667604,51,64,,True,True,,321,87.6246207195492
196,2026-09-18T06:50:08.080+00:00,2026-09-18T06:53:40.803+00:00,2026-09-18T06:53:46.452+00:00,True,91,91.0,,91.0,212722.705635,218371.84048299998,218371.840463,2399.6905545384616,36.388502,212722.705635,22292.821343518655,93.5165305,62.76816497777778,10.744902414562562,0.41672039672662947,51,64,,True,True,,438,87.6246207195492
197,2026-09-18T06:50:08.409+00:00,2026-09-18T06:53:41.939+00:00,2026-09-18T06:53:46.577+00:00,True,76,76.0,,76.0,213530.267578,218168.207034,218168.206975,2870.6343023026316,34.662434999999995,213530.267578,24486.510253639623,77.83644249999999,61.83919274666667,10.391246979596392,0.3483550652646466,51,64,,True,True,,367,87.6246207195492
198,2026-09-18T06:50:08.711+00:00,2026-09-18T06:53:43.244+00:00,2026-09-18T06:53:48.157+00:00,True,78,78.0,,78.0,214532.41305,219445.199482,219445.199383,2813.3999920897436,38.376938,214532.41305,24283.79040897017,93.12325690000002,63.8024211948052,10.34011348451292,0.3554418150140393,51,64,,True,True,,208,87.6246207195492
199,2026-09-18T06:50:09.001+00:00,2026-09-18T06:53:44.090+00:00,2026-09-18T06:53:44.736+00:00,True,11,11.0,,11.0,215088.42940400002,215734.34889200004,215734.34889800003,19612.213536181822,37.995569,215088.42940400002,64832.12776808049,107591.3609885,64.5919488,14.30759325595634,0.05098863512692998,51,64,,True,True,,61,87.6246207195492
200,2026-09-18T06:50:09.392+00:00,2026-09-18T06:53:45.577+00:00,2026-09-18T06:53:50.922+00:00,True,85,85.0,,85.0,216185.221467,221530.239579,221530.239563,2606.2381125058823,0.01881,216185.221467,23441.694829314674,88.98491299999999,63.631168,28.45552984933827,0.3836947956249021,51,64,,True,True,,376,87.6246207195492
201,2026-09-18T06:50:09.884+00:00,2026-09-18T06:53:47.475+00:00,2026-09-18T06:53:53.440+00:00,True,96,96.0,,96.0,217591.667197,223556.363005,223556.362914,2328.7121136875,0.01841,217591.667197,22201.46542751654,89.68969025,62.7862716631579,27.609196101731488,0.42942190823641596,51,64,,True,True,,458,87.6246207195492
202,2026-09-18T06:50:10.186+00:00,2026-09-18T06:53:49.273+00:00,2026-09-18T06:53:51.367+00:00,True,35,35.0,,35.0,219087.57978600002,221181.31802600002,221181.31789500001,6319.466225571429,36.328092,219087.57978600002,37022.152161609956,79.6519822,61.580536470588235,9.278816946392997,0.15824121274060646,51,64,,True,True,,179,87.6246207195492
203,2026-09-18T06:50:10.578+00:00,2026-09-18T06:53:50.578+00:00,2026-09-18T06:53:50.641+00:00,True,2,2.0,,2.0,220000.40502200002,220063.705886,220063.70591400002,110031.85295700001,63.300892,220000.40502200002,155519.01776485486,209003.5498155,63.300864,nan,0.00908827737835181,51,64,,True,True,,8,87.6246207195492
204,2026-09-18T06:50:11.064+00:00,2026-09-18T06:53:52.188+00:00,2026-09-18T06:53:58.216+00:00,True,97,97.0,,97.0,221123.76298300002,227151.72458300003,227151.72460100002,2341.7703567113404,38.838167,221123.76298300002,22445.342953626034,80.34823200000001,62.791266666666665,9.439783253405414,0.427027354417275,51,64,,True,True,,438,87.6246207195492
205,2026-09-18T06:50:11.529+00:00,2026-09-18T06:53:54.195+00:00,2026-09-18T06:53:57.686+00:00,True,57,57.0,,57.0,222666.270046,226157.13238199998,226157.13236999998,3967.6689889473682,37.51517,222666.270046,29484.61211177668,69.8410232,62.336827428571425,7.252131852343775,0.2520371539895625,51,64,,True,True,,296,87.6246207195492
206,2026-09-18T06:50:11.993+00:00,2026-09-18T06:53:55.996+00:00,2026-09-18T06:53:58.278+00:00,True,37,37.0,,37.0,224002.660461,226285.031021,226285.031028,6115.811649405405,54.022769,224002.660461,36815.38811698919,73.276057,63.39918222222222,5.110693297488893,0.16351059472672885,51,64,,True,True,,179,87.6246207195492
207,2026-09-18T06:50:12.361+00:00,2026-09-18T06:53:57.377+00:00,2026-09-18T06:53:58.086+00:00,True,12,12.0,,12.0,225015.845385,225724.897033,225724.89696699998,18810.408080583333,57.731372,225015.845385,64937.87240197207,101308.79733249999,64.45924072727273,10.196565757681956,0.053162057698250505,51,64,,True,True,,38,87.6246207195492
208,2026-09-18T06:50:12.840+00:00,2026-09-18T06:53:59.062+00:00,2026-09-18T06:53:59.625+00:00,True,10,10.0,,10.0,226222.321882,226785.538522,226785.53859699998,22678.553859699998,41.019583,226222.321882,71517.99106980459,124462.6169665,62.57962666666666,12.7868779811305,0.044094522363161706,51,64,,True,True,,71,87.6246207195492
209,2026-09-18T06:50:13.135+00:00,2026-09-18T06:54:00.297+00:00,2026-09-18T06:54:03.805+00:00,True,57,57.0,,57.0,227162.65694400002,230669.90430400003,230669.90441800002,4046.8404283859654,38.200048,227162.65694400002,30080.135519164953,90.86259620000001,62.62941714285714,11.190700725744582,0.24710635820475157,51,64,,True,True,,176,87.6246207195492
210,2026-09-18T06:50:13.433+00:00,2026-09-18T06:54:01.590+00:00,2026-09-18T06:54:03.111+00:00,True,25,25.0,,25.0,228157.15768399998,229677.23883599997,229677.23879899998,9187.08955196,34.427215,228157.15768399998,45618.76592926412,95.4426698,63.336714666666666,12.852565791295719,0.10884840015797621,51,64,,True,True,,92,87.6246207195492
211,2026-09-18T06:50:13.780+00:00,2026-09-18T06:54:02.924+00:00,2026-09-18T06:54:03.500+00:00,True,10,10.0,,10.0,229143.916928,229720.044416,229720.04436899998,22972.0044369,55.909205,229143.916928,72441.42602088493,126062.1278498,64.01416533333334,4.589759792512022,0.04353124702470892,51,64,,True,True,,35,87.6246207195492
212,2026-09-18T06:50:14.070+00:00,2026-09-18T06:54:03.660+00:00,2026-09-18T06:54:09.119+00:00,True,87,87.0,,87.0,229590.458273,235049.397665,235049.397563,2701.717213367816,38.267118,229590.458273,24607.878854291288,92.58035439999999,63.476039441860465,12.974376049090544,0.37013496254091754,51,64,,True,True,,368,87.6246207195492
213,2026-09-18T06:50:14.392+00:00,2026-09-18T06:54:04.931+00:00,2026-09-18T06:54:07.861+00:00,True,47,47.0,,47.0,230539.011068,233469.234684,233469.234792,4967.430527489361,37.332811,230539.011068,33618.28164806629,93.98888629999999,63.70051339130435,12.933767597191903,0.20131132079828154,51,64,,True,True,,200,87.6246207195492
214,2026-09-18T06:50:14.807+00:00,2026-09-18T06:54:06.452+00:00,2026-09-18T06:54:09.032+00:00,True,40,40.0,,40.0,231644.99143599998,234225.045964,234225.04615599997,5855.6261539,37.079661,231644.99143599998,36615.83281803765,103.9863643,66.1552443076923,16.91307566217785,0.17077592977032838,51,64,,True,True,,217,87.6246207195492
215,2026-09-18T06:50:15.254+00:00,2026-09-18T06:54:08.298+00:00,2026-09-18T06:54:14.434+00:00,True,99,99.0,,99.0,233044.607824,239180.07816,239180.078077,2415.9603846161617,32.592679,233044.607824,23415.57576482155,92.0558866,62.6068401632653,13.120453836904396,0.41391407161332955,51,64,,True,True,,403,87.6246207195492
216,2026-09-18T06:50:15.611+00:00,2026-09-18T06:54:09.490+00:00,2026-09-18T06:54:12.387+00:00,True,47,47.0,,47.0,233878.89282100002,236775.97160500003,236775.971678,5037.786631446809,39.727745999999996,233878.89282100002,34105.558616272494,95.90007549999999,62.97997356521739,13.141892116783698,0.19849987176235706,51,64,,True,True,,205,87.6246207195492
217,2026-09-18T06:50:15.884+00:00,2026-09-18T06:54:10.771+00:00,2026-09-18T06:54:16.862+00:00,True,98,98.0,,98.0,234887.29000600002,240977.97544600003,240977.97523300003,2458.9589309489797,36.351241,234887.29000600002,23720.859368478945,92.84383685,62.79057154639175,11.596864098997049,0.4066761695487831,51,64,,True,True,,481,87.6246207195492
218,2026-09-18T06:50:16.307+00:00,2026-09-18T06:54:12.252+00:00,2026-09-18T06:54:15.846+00:00,True,60,60.0,,60.0,235945.277424,239539.92344,239539.923514,3992.3320585666665,36.265932,235945.277424,30452.54023025579,72.38649925,60.92620366101695,9.4240773980686,0.2504801668897118,51,64,,True,True,,297,87.6246207195492
219,2026-09-18T06:50:17.225+00:00,2026-09-18T06:54:13.456+00:00,2026-09-18T06:54:17.155+00:00,True,60,60.0,,60.0,236230.664914,239929.357266,239929.3571,3998.822618333333,36.528133000000004,236230.664914,30489.157007665457,96.11418430000002,62.68970088135593,12.478703304338792,0.25007360784733157,51,64,,True,True,,253,87.6246207195492
220,2026-09-18T06:50:17.316+00:00,2026-09-18T06:54:13.579+00:00,2026-09-18T06:54:15.663+00:00,True,35,35.0,,35.0,236262.958382,238347.37028600002,238347.370379,6809.924867971429,36.111701999999994,236262.958382,39925.367716237255,84.62331530000002,61.306232470588235,10.956280968049377,0.14684449825480544,51,64,,True,True,,135,87.6246207195492
221,2026-09-18T06:50:17.535+00:00,2026-09-18T06:54:17.632+00:00,2026-09-18T06:54:22.908+00:00,True,84,84.0,,84.0,240097.205687,245372.831159,245372.83115,2921.1051327380956,37.00612,240097.205687,26189.819286872847,78.9670306,63.561752674698795,9.222810648691043,0.34233618939485827,51,64,,True,True,,380,87.6246207195492
222,2026-09-18T06:50:17.889+00:00,2026-09-18T06:54:18.758+00:00,2026-09-18T06:54:24.570+00:00,True,93,93.0,,93.0,240869.434771,246681.010067,246681.010181,2652.4839804408603,37.242811,240869.434771,24970.448248982622,83.0856692,63.16929669565217,9.374503712512663,0.3770051045872589,51,64,,True,True,,443,87.6246207195492
223,2026-09-18T06:50:18.222+00:00,2026-09-18T06:54:20.116+00:00,2026-09-18T06:54:23.312+00:00,True,52,52.0,,52.0,241893.567376,245090.106768,245090.106752,4713.271283692307,35.636224,241893.567376,33535.91222080646,83.4104486,62.67724298039216,10.68313869495808,0.2121668666504875,51,64,,True,True,,225,87.6246207195492
224,2026-09-18T06:50:18.614+00:00,2026-09-18T06:54:21.874+00:00,2026-09-18T06:54:26.961+00:00,True,83,83.0,,83.0,243260.542615,248347.74210300003,248347.74204100002,2992.141470373494,35.694973,243260.542615,26694.50582348879,79.0237188,62.03901814634146,10.514511512928607,0.3342087964930097,51,64,,True,True,,387,87.6246207195492
225,2026-09-18T06:50:18.888+00:00,2026-09-18T06:54:23.027+00:00,2026-09-18T06:54:27.874+00:00,True,79,79.0,,79.0,244138.647444,248986.08322,248986.083128,3151.7225712405066,35.512884,244138.647444,27460.753922737225,88.129613,62.14661251282051,10.8705552954428,0.3172868096816355,51,64,,True,True,,459,87.6246207195492
226,2026-09-18T06:50:19.244+00:00,2026-09-18T06:54:24.445+00:00,2026-09-18T06:54:26.964+00:00,True,42,42.0,,42.0,245200.71659599998,247719.686196,247719.68615999998,5898.0877657142855,39.361896,245200.71659599998,37825.81288069183,69.67316419999999,61.438282926829274,8.935030221393143,0.1695464766848158,51,64,,True,True,,167,87.6246207195492
227,2026-09-18T06:50:19.588+00:00,2026-09-18T06:54:25.757+00:00,2026-09-18T06:54:31.469+00:00,True,91,91.0,,91.0,246168.887134,251881.448286,251881.448129,2767.9280014175824,38.187638,246168.887134,25798.86021717163,93.8982145,63.47290168888889,12.129077472537205,0.3612810733749379,51,64,,True,True,,393,87.6246207195492
228,2026-09-18T06:50:19.905+00:00,2026-09-18T06:54:27.018+00:00,2026-09-18T06:54:32.700+00:00,True,90,90.0,,90.0,247113.227048,252795.066664,252795.0666,2808.8340733333334,35.647604,247113.227048,26041.294893822807,95.17483550000001,63.840894561797754,12.711119471300568,0.35601960587159154,51,64,,True,True,,413,87.6246207195492
229,2026-09-18T06:50:20.344+00:00,2026-09-18T06:54:28.377+00:00,2026-09-18T06:54:30.339+00:00,True,32,32.0,,32.0,248032.75467300002,249995.385073,249995.38499800002,7812.355781187501,36.819421000000006,248032.75467300002,43835.22086600495,94.57534795,63.310658064516126,13.521194644783046,0.12800236288624217,51,64,,True,True,,144,87.6246207195492
230,2026-09-18T06:50:20.617+00:00,2026-09-18T06:54:29.685+00:00,2026-09-18T06:54:34.825+00:00,True,84,84.0,,84.0,249067.366679,254207.712023,254207.712205,3026.2822881547618,36.668541,249067.366679,27168.721838267495,79.44918429999998,61.93187161445783,9.137362651668607,0.33043844079915213,51,64,,True,True,,373,87.6246207195492
231,2026-09-18T06:50:20.963+00:00,2026-09-18T06:54:31.014+00:00,2026-09-18T06:54:33.225+00:00,True,36,36.0,,36.0,250050.808909,252261.29364500003,252261.29353000002,7007.258153611111,41.452323,250050.808909,41664.609661413444,89.802497,63.156706742857146,9.076956649849697,0.14270917063741753,51,64,,True,True,,134,87.6246207195492
232,2026-09-18T06:50:21.444+00:00,2026-09-18T06:54:32.365+00:00,2026-09-18T06:54:34.470+00:00,True,35,35.0,,35.0,250920.762436,253026.516036,253026.516183,7229.3290338,40.149535,250920.762436,42402.88222040846,89.47108120000001,61.9339294117647,9.212982461978019,0.13832542354976066,51,64,,True,True,,150,87.6246207195492
233,2026-09-18T06:50:21.737+00:00,2026-09-18T06:54:33.712+00:00,2026-09-18T06:54:38.086+00:00,True,70,70.0,,70.0,251975.066914,256348.946978,256348.94722499998,3662.1278174999998,39.554077,251975.066914,30109.206511911332,90.5634867,63.38956614492754,11.41689755607564,0.2730652917642273,51,64,,True,True,,257,87.6246207195492
234,2026-09-18T06:50:22.207+00:00,2026-09-18T06:54:35.564+00:00,2026-09-18T06:54:38.025+00:00,True,39,39.0,,39.0,253356.962214,255817.88151,255817.881506,6559.432859128205,38.385568,253356.962214,40559.21496087942,103.33269179999999,64.76103410526316,14.177583040807002,0.15245220455191472,51,64,,True,True,,195,87.6246207195492
235,2026-09-18T06:50:22.481+00:00,2026-09-18T06:54:36.628+00:00,2026-09-18T06:54:38.441+00:00,True,29,29.0,,29.0,254147.226197,255959.93659700002,255959.93656300002,8826.204709068967,37.665889,254147.226197,47181.93493885705,99.1358764,64.73965714285714,12.805761976659557,0.11329898102631385,51,64,,True,True,,102,87.6246207195492
236,2026-09-18T06:50:22.852+00:00,2026-09-18T06:54:38.022+00:00,2026-09-18T06:54:41.203+00:00,True,52,52.0,,52.0,255170.242051,258351.05766700002,258351.05785500002,4968.289574134616,38.284459000000005,255170.242051,35377.098320298166,90.9494603,62.368933647058824,10.410092779767487,0.20127651293390514,51,64,,True,True,,245,87.6246207195492
237,2026-09-18T06:50:23.126+00:00,2026-09-18T06:54:38.986+00:00,2026-09-18T06:54:41.327+00:00,True,38,38.0,,38.0,255859.77450200001,258200.63927,258200.63935900002,6794.7536673421055,43.570429,255859.77450200001,41495.674443417854,93.1351458,63.26661535135135,10.982827728673138,0.1471723699346207,51,64,,True,True,,199,87.6246207195492
238,2026-09-18T06:50:23.467+00:00,2026-09-18T06:54:40.166+00:00,2026-09-18T06:54:41.892+00:00,True,29,29.0,,29.0,256698.97682100002,258424.941109,258424.94102000003,8911.204862758621,42.69021,256698.97682100002,47656.357015051406,67.9686974,61.641581714285714,5.053254491663755,0.11221827071160366,51,64,,True,True,,120,87.6246207195492
239,2026-09-18T06:50:23.911+00:00,2026-09-18T06:54:41.886+00:00,2026-09-18T06:54:47.738+00:00,True,97,97.0,,97.0,257974.615642,263827.136602,263827.13654599997,2719.867387072165,36.994831,257974.615642,26187.165191599528,69.92131499999999,60.96376,8.77276605897678,0.3676649841609382,51,64,,True,True,,434,87.6246207195492
240,2026-09-18T06:50:24.350+00:00,2026-09-18T06:54:43.270+00:00,2026-09-18T06:54:48.254+00:00,True,83,83.0,,83.0,258920.16744,263904.008464,263904.00838,3179.566366024096,36.040313000000005,258920.16744,28413.510929038977,75.010447,60.77854907317073,9.789714391463162,0.3145082959636905,51,64,,True,True,,424,87.6246207195492
241,2026-09-18T06:50:24.740+00:00,2026-09-18T06:54:44.925+00:00,2026-09-18T06:54:48.313+00:00,True,57,57.0,,57.0,260184.959921,263573.122225,263573.121998,4624.089859614035,35.688703000000004,260184.959921,34454.327489119125,83.4546092,60.50289828571428,10.154058481832621,0.21625877296905022,51,64,,True,True,,210,87.6246207195492
242,2026-09-18T06:50:25.138+00:00,2026-09-18T06:54:46.024+00:00,2026-09-18T06:54:47.360+00:00,True,23,23.0,,23.0,260885.81036899998,262221.745857,262221.745858,11400.945472086956,41.727232,260885.81036899998,54385.79072217175,86.9592886,60.724340363636365,9.167489419910893,0.08771202374856744,51,64,,True,True,,106,87.6246207195492
243,2026-09-18T06:50:25.412+00:00,2026-09-18T06:54:47.179+00:00,2026-09-18T06:54:50.968+00:00,True,64,64.0,,64.0,261766.612883,265555.519635,265555.519729,4149.304995765625,36.299242,261766.612883,32713.31072715206,87.85679069999998,60.14137701587301,10.906059351267853,0.24100421670002017,51,64,,True,True,,314,87.6246207195492
244,2026-09-18T06:50:25.824+00:00,2026-09-18T06:54:48.534+00:00,2026-09-18T06:54:52.621+00:00,True,69,69.0,,69.0,262710.523604,266797.608404,266797.60855199996,3866.632008,36.698860999999994,262710.523604,31619.396797876463,83.855311,60.10418823529412,11.311263128014373,0.2586230079525912,51,64,,True,True,,353,87.6246207195492
245,2026-09-18T06:50:26.114+00:00,2026-09-18T06:54:49.735+00:00,2026-09-18T06:54:54.299+00:00,True,77,77.0,,77.0,263620.451762,268185.29988999997,268185.300016,3482.925974233766,37.11023,263620.451762,30035.495601924602,74.3260128,60.06379115789474,10.63207888138287,0.2871149165580017,51,64,,True,True,,471,87.6246207195492
246,2026-09-18T06:50:26.434+00:00,2026-09-18T06:54:51.091+00:00,2026-09-18T06:54:52.500+00:00,True,25,25.0,,25.0,264657.433022,266066.06790200004,266066.067974,10642.64271896,33.693796999999996,264657.433022,52919.74949241627,91.331091,58.69312,12.924969376191926,0.09396162463380424,51,64,,True,True,,107,87.6246207195492
247,2026-09-18T06:50:26.904+00:00,2026-09-18T06:54:52.680+00:00,2026-09-18T06:54:55.221+00:00,True,43,43.0,,43.0,265776.367034,268317.629882,268317.629736,6239.944877581395,36.743921,265776.367034,40521.290139683995,69.1363423,60.50625828571428,10.212046837957233,0.16025782584212012,51,64,,True,True,,199,87.6246207195492
248,2026-09-18T06:50:27.390+00:00,2026-09-18T06:54:54.357+00:00,2026-09-18T06:54:55.517+00:00,True,20,20.0,,20.0,266967.669861,268126.903909,268126.90368,13406.345183999998,42.068602,266967.669861,59682.14402707045,13442.97060785,61.01231831578948,11.409102051610416,0.07459154493048498,51,64,,True,True,,82,87.6246207195492
249,2026-09-18T06:50:27.714+00:00,2026-09-18T06:54:55.511+00:00,2026-09-18T06:54:56.116+00:00,True,11,11.0,,11.0,267797.706337,268402.892641,268402.892474,24400.26295218182,42.053891,267797.706337,80725.79979331038,133932.676345,60.5186304,7.6869663716848695,0.04098316486742547,51,64,,True,True,,64,87.6246207195492
250,2026-09-18T06:50:28.169+00:00,2026-09-18T06:54:57.422+00:00,2026-09-18T06:55:02.562+00:00,True,82,82.0,,82.0,269252.70366,274393.019052,274393.019086,3346.256330317073,34.501214999999995,269252.70366,29726.981271754932,91.48362805,63.46068385185185,11.936796151597202,0.29884142199864144,51,64,,True,True,,422,87.6246207195492
251,2026-09-18T06:50:28.614+00:00,2026-09-18T06:54:59.357+00:00,2026-09-18T06:55:04.935+00:00,True,88,88.0,,88.0,270742.517791,276320.40348700003,276320.403507,3140.0045853068186,34.512635,270742.517791,28854.417588157627,94.56386285,64.11362868965517,12.678646490545475,0.31847087254322176,51,64,,True,True,,413,87.6246207195492
252,2026-09-18T06:50:29.017+00:00,2026-09-18T06:55:00.876+00:00,2026-09-18T06:55:02.102+00:00,True,20,20.0,,20.0,271858.644906,273085.067946,273085.067985,13654.25339925,42.946989,271858.644906,60775.00837221382,13685.599792949999,64.54858105263158,10.419061806570651,0.07323725222484449,51,64,,True,True,,83,87.6246207195492
253,2026-09-18T06:50:29.474+00:00,2026-09-18T06:55:02.503+00:00,2026-09-18T06:55:07.819+00:00,True,86,86.0,,86.0,273028.19381699996,278344.91215299995,278344.91196299996,3236.5687437558136,37.859199000000004,273028.19381699996,29434.64472928858,94.588687,62.54962748235294,11.773258029204058,0.3089691826403054,51,64,,True,True,,306,87.6246207195492
254,2026-09-18T06:50:29.907+00:00,2026-09-18T06:55:03.618+00:00,2026-09-18T06:55:06.749+00:00,True,50,50.0,,50.0,273711.461472,276842.327392,276842.327418,5536.84654836,39.008446000000006,273711.461472,38699.61200857888,95.0579462,63.895222857142855,12.753748693403258,0.18060822010501876,51,64,,True,True,,233,87.6246207195492
255,2026-09-18T06:50:30.412+00:00,2026-09-18T06:55:06.110+00:00,2026-09-18T06:55:10.824+00:00,True,78,78.0,,78.0,275698.65411799995,280412.33808599995,280412.33821499994,3595.029977115384,35.742573,275698.65411799995,31209.795856966124,85.44479019999999,61.216674909090905,10.788436168067472,0.27816179748866154,51,64,,True,True,,324,87.6246207195492
256,2026-09-18T06:50:30.768+00:00,2026-09-18T06:55:07.633+00:00,2026-09-18T06:55:12.786+00:00,True,84,84.0,,84.0,276864.928389,282017.893765,282017.893682,3357.3558771666667,39.200177000000004,276864.928389,30201.668575647647,90.000829,62.08392019277108,11.623784621434858,0.2978534407110903,51,64,,True,True,,396,87.6246207195492
257,2026-09-18T06:50:31.186+00:00,2026-09-18T06:55:08.920+00:00,2026-09-18T06:55:10.343+00:00,True,26,26.0,,26.0,277733.956264,279156.612776,279156.61282599997,10736.792801,36.418742,277733.956264,54456.95075871439,67.745353,56.90626048,10.08142708568374,0.09313768261281649,51,64,,True,True,,114,87.6246207195492
258,2026-09-18T06:50:31.587+00:00,2026-09-18T06:55:10.635+00:00,2026-09-18T06:55:13.447+00:00,True,46,46.0,,46.0,279047.878538,281859.931274,281859.931253,6127.389809847826,36.830451999999994,279047.878538,41134.1528306213,87.88108974999999,62.490060799999995,10.910626934303824,0.16320162923506412,51,64,,True,True,,272,87.6246207195492
259,2026-09-18T06:50:31.924+00:00,2026-09-18T06:55:11.821+00:00,2026-09-18T06:55:11.880+00:00,True,2,2.0,,2.0,279896.747865,279955.61352899997,279955.61357499997,139977.80678749998,58.86571,279896.747865,197875.26410468246,265904.85375724995,58.865664,nan,0.007143989630316252,51,64,,True,True,,3,87.6246207195492
260,2026-09-18T06:50:32.359+00:00,2026-09-18T06:55:12.940+00:00,2026-09-18T06:55:16.388+00:00,True,57,57.0,,57.0,280580.696818,284029.03012999997,284029.03031,4982.965444035088,34.966125,280580.696818,37155.66692065444,79.3344074,61.57738057142858,11.907805229892155,0.20068371171042312,51,64,,True,True,,235,87.6246207195492
261,2026-09-18T06:50:32.862+00:00,2026-09-18T06:55:14.763+00:00,2026-09-18T06:55:18.761+00:00,True,66,66.0,,66.0,281901.083955,285899.378995,285899.37908499996,4331.808774015151,33.407238,281901.083955,34692.05473869234,76.49775125000001,61.51223138461538,10.745096072065275,0.23085044896566306,51,64,,True,True,,273,87.6246207195492
262,2026-09-18T06:50:33.319+00:00,2026-09-18T06:55:16.919+00:00,2026-09-18T06:55:17.686+00:00,True,14,14.0,,14.0,283600.22650499997,284367.18228099996,284367.182246,20311.941589,38.092127999999995,283600.22650499997,75779.5818289052,99303.71464384999,58.99659815384615,9.841523010880868,0.049232122665145574,51,64,,True,True,,78,87.6246207195492
263,2026-09-18T06:50:33.654+00:00,2026-09-18T06:55:18.021+00:00,2026-09-18T06:55:18.207+00:00,True,4,4.0,,4.0,284366.952026,284553.05506600003,284553.055187,71138.26379675,60.224347,284366.952026,142152.45882858947,241721.5288211,62.034346666666664,1.9688073472001606,0.014057132505824719,51,64,,True,True,,11,87.6246207195492
266,2026-09-18T06:50:34.808+00:00,2026-09-18T06:55:19.364+00:00,2026-09-18T06:55:22.961+00:00,True,59,59.0,,59.0,284555.527026,288153.209458,288153.20953600004,4883.952704,37.853859,284555.527026,37037.89979378782,78.8028574,62.02900744827586,9.129660699834231,0.2047521875983116,51,64,,True,True,,275,87.6246207195492
264,2026-09-18T06:50:34.744+00:00,2026-09-18T06:55:21.016+00:00,2026-09-18T06:55:23.929+00:00,True,49,49.0,,49.0,286271.884218,289184.939194,289184.939153,5901.73345210204,38.032898,286271.884218,40887.31474016393,74.06520359999999,60.688645333333334,9.527041988013853,0.16944174249381744,51,64,,True,True,,241,87.6246207195492
265,2026-09-18T06:50:34.775+00:00,2026-09-18T06:55:22.589+00:00,2026-09-18T06:55:25.100+00:00,True,42,42.0,,42.0,287813.688064,290324.51916799997,290324.519222,6912.4885529047615,39.527366,287813.688064,44401.1677546136,86.07946639999999,61.23978302439024,9.660339335511761,0.14466570071436566,51,64,,True,True,,198,87.6246207195492
267,2026-09-18T06:50:35.188+00:00,2026-09-18T06:55:23.435+00:00,2026-09-18T06:55:26.404+00:00,True,50,50.0,,50.0,288246.90575800004,291215.810462,291215.81038800004,5824.316207760001,36.194131999999996,288246.90575800004,40755.7010920155,80.1625851,60.58989191836735,10.99556146973085,0.1716939747216244,51,64,,True,True,,206,87.6246207195492
268,2026-09-18T06:50:35.641+00:00,2026-09-18T06:55:25.793+00:00,2026-09-18T06:55:26.810+00:00,True,17,17.0,,17.0,290151.6969,291168.31769999996,291168.317643,17127.548096647057,40.170455000000004,290151.6969,70356.71346763054,58106.00063839999,63.5388,10.441275781270207,0.05838547316647152,51,64,,True,True,,111,87.6246207195492
269,2026-09-18T06:50:36.146+00:00,2026-09-18T06:55:27.424+00:00,2026-09-18T06:55:28.787+00:00,True,23,23.0,,23.0,291278.411302,292640.792102,292640.792165,12723.512702826087,41.575911,291278.411302,60722.83601940553,98.09205739999999,61.9264,12.89478928053843,0.07859464784384314,51,64,,True,True,,104,87.6246207195492
270,2026-09-18T06:50:36.587+00:00,2026-09-18T06:55:29.285+00:00,2026-09-18T06:55:33.452+00:00,True,68,68.0,,68.0,292697.67490399996,296864.50907999993,296864.50905699993,4365.654544955882,37.923358,292697.67490399996,35487.26636634516,90.73330255,62.19155486567164,10.169432637990829,0.22906072608927178,51,64,,True,True,,274,87.6246207195492
271,2026-09-18T06:50:36.940+00:00,2026-09-18T06:55:30.607+00:00,2026-09-18T06:55:30.607+00:00,True,1,1.0,,1.0,293667.185795,293667.185795,293667.185795,293667.185795,293667.185795,293667.185795,nan,293667.185795,nan,nan,0.0034052153198283076,51,64,,True,True,,2,87.6246207195492
272,2026-09-18T06:50:37.350+00:00,2026-09-18T06:55:32.096+00:00,2026-09-18T06:55:32.921+00:00,True,15,15.0,,15.0,294745.892398,295571.096878,295571.09695,19704.739796666665,38.302057999999995,294745.892398,76087.84354502223,88473.65218830001,58.943177142857145,8.438930085370181,0.05074921113207292,51,64,,True,True,,63,87.6246207195492
273,2026-09-18T06:50:37.773+00:00,2026-09-18T06:55:33.512+00:00,2026-09-18T06:55:36.152+00:00,True,42,42.0,,42.0,295739.417611,298379.622923,298379.623028,7104.276738761905,35.560103000000005,295739.417611,45623.64813787568,95.35665485,64.39525151219513,12.565172345645314,0.14076028245011404,51,64,,True,True,,184,87.6246207195492
274,2026-09-18T06:50:38.072+00:00,2026-09-18T06:55:34.846+00:00,2026-09-18T06:55:38.095+00:00,False,52,51.0,,51.0,296774.35108,300022.992872,300022.992896,5769.672940307692,0.02366,296774.35108,41146.36720193471,97.72122370000001,63.698858666666666,15.735060938605013,0.16998697170439311,51,64,,True,False,Request timeout: 300.0s exceeded,269,87.6246207195492
275,2026-09-18T06:50:38.350+00:00,2026-09-18T06:55:36.017+00:00,2026-09-18T06:55:36.988+00:00,True,16,16.0,,16.0,297667.279436,298638.05242799997,298638.05243499996,18664.878277187498,50.166426,297667.279436,74400.64090559578,74486.849762,64.71819946666668,9.752544224039752,0.05357656155977482,51,64,,True,True,,62,87.6246207195492
276,2026-09-18T06:50:38.851+00:00,2026-09-18T06:55:37.901+00:00,2026-09-18T06:55:38.890+00:00,False,18,17.0,,17.0,299050.155227,300039.448539,300039.448562,16668.858253444447,0.0237,299050.155227,70473.08285237908,44919.5042666,58.19372423529412,15.89173765006662,0.056659216255659436,51,64,,True,False,Request timeout: 300.0s exceeded,62,87.6246207195492
277,2026-09-18T06:50:39.311+00:00,2026-09-18T06:55:39.420+00:00,2026-09-18T06:55:39.420+00:00,False,1,0.0,,0.0,300108.805376,300108.805376,300108.805376,300108.805376,300108.805376,300108.805376,nan,300108.805376,nan,nan,0.0,51,64,,True,False,TTFT timeout: 300.0s exceeded (TTFT: 300.095s),0,87.6246207195492
278,2026-09-18T06:50:39.809+00:00,2026-09-18T06:55:39.895+00:00,2026-09-18T06:55:39.895+00:00,False,1,0.0,,0.0,300085.844286,300085.844286,300085.844286,300085.844286,300085.844286,300085.844286,nan,300085.844286,nan,nan,0.0,51,64,,True,False,TTFT timeout: 300.0s exceeded (TTFT: 300.080s),0,87.6246207195492
279,2026-09-18T06:50:40.203+00:00,2026-09-18T06:55:40.157+00:00,2026-09-18T06:55:40.227+00:00,False,3,2.0,,2.0,299954.548513,300024.535585,300024.53561200004,100008.17853733334,0.02186,299954.548513,173158.63932490838,269966.0901856,34.993536,49.457197880801935,0.006666121476033015,51,64,,True,False,Request timeout: 300.0s exceeded,6,87.6246207195492
280,2026-09-18T06:50:40.480+00:00,2026-09-18T06:55:40.388+00:00,2026-09-18T06:55:40.521+00:00,False,4,3.0,,3.0,299908.442392,300041.543192,300041.543013,75010.38575325,0.04617,299908.442392,149932.04105841467,254932.64681905,44.366933333333336,38.522491086039665,0.009998615418666427,51,64,,True,False,Request timeout: 300.0s exceeded,12,87.6246207195492
281,2026-09-18T06:50:40.798+00:00,2026-09-18T06:55:40.905+00:00,2026-09-18T06:55:40.905+00:00,False,1,0.0,,0.0,300106.889111,300106.889111,300106.889111,300106.889111,300106.889111,300106.889111,nan,300106.889111,nan,nan,0.0,51,64,,True,False,"HTTPConnectionPool(host='gpu03', port=9002): Read timed out.",0,87.6246207195492
282,2026-09-18T06:50:41.176+00:00,2026-09-18T06:55:41.248+00:00,2026-09-18T06:55:41.248+00:00,False,1,0.0,,0.0,300072.860406,300072.860406,300072.860406,300072.860406,300072.860406,300072.860406,nan,300072.860406,nan,nan,0.0,51,64,,True,False,"HTTPConnectionPool(host='gpu03', port=9002): Read timed out.",0,87.6246207195492
283,2026-09-18T06:50:41.521+00:00,2026-09-18T06:55:41.498+00:00,2026-09-18T06:55:41.613+00:00,False,3,2.0,,2.0,299976.862807,300091.087703,300091.087522,100030.36250733334,0.04902,299976.862807,173158.7580597295,269990.5940958,57.112448,80.69968711691038,0.006664643109892684,51,64,,True,False,Request timeout: 300.0s exceeded,4,87.6246207195492
284,2026-09-18T06:50:42.020+00:00,2026-09-18T06:55:42.131+00:00,2026-09-18T06:55:42.131+00:00,False,1,0.0,,0.0,300110.379082,300110.379082,300110.379082,300110.379082,300110.379082,300110.379082,nan,300110.379082,nan,nan,0.0,51,64,,True,False,"HTTPConnectionPool(host='gpu03', port=9002): Read timed out.",0,87.6246207195492
285,2026-09-18T06:50:42.447+00:00,2026-09-18T06:55:42.541+00:00,2026-09-18T06:55:42.541+00:00,False,1,0.0,,0.0,300094.041902,300094.041902,300094.041902,300094.041902,300094.041902,300094.041902,nan,300094.041902,nan,nan,0.0,51,64,,True,False,"HTTPConnectionPool(host='gpu03', port=9002): Read timed out.",0,87.6246207195492
286,2026-09-18T06:50:42.837+00:00,2026-09-18T06:55:42.749+00:00,2026-09-18T06:55:42.892+00:00,False,4,3.0,,3.0,299911.277335,300054.447383,300054.447346,75013.6118365,0.02,299911.277335,149931.78079503417,254935.45033884997,47.72334933333334,41.32119809734182,0.009998185416564399,51,64,,True,False,Request timeout: 300.0s exceeded,6,87.6246207195492
287,2026-09-18T06:50:43.152+00:00,2026-09-18T06:55:43.052+00:00,2026-09-18T06:55:43.209+00:00,False,4,3.0,,3.0,299899.49661000003,300056.853154,300056.85310500005,75014.21327625001,0.08354,299899.49661000003,149923.52707346086,254928.04440480002,52.452181333333336,46.71003148207123,0.009998105253940964,51,64,,True,False,Request timeout: 300.0s exceeded,18,87.6246207195492
288,2026-09-18T06:50:43.637+00:00,2026-09-18T06:55:43.741+00:00,2026-09-18T06:55:43.741+00:00,False,1,0.0,,0.0,300104.213343,300104.213343,300104.213343,300104.213343,300104.213343,300104.213343,nan,300104.213343,nan,nan,0.0,51,64,,True,False,"HTTPConnectionPool(host='gpu03', port=9002): Read timed out.",0,87.6246207195492
289,2026-09-18T06:50:43.960+00:00,2026-09-18T06:55:44.050+00:00,2026-09-18T06:55:44.050+00:00,False,1,0.0,,0.0,300090.034952,300090.034952,300090.034952,300090.034952,300090.034952,300090.034952,nan,300090.034952,nan,nan,0.0,51,64,,True,False,TTFT timeout: 300.0s exceeded (TTFT: 300.085s),0,87.6246207195492
290,2026-09-18T06:50:44.364+00:00,2026-09-18T06:55:44.356+00:00,2026-09-18T06:55:44.422+00:00,False,3,2.0,,2.0,299992.217065,300058.054633,300058.05478199996,100019.35159399999,0.02195,299992.217065,173181.5846899392,269999.57693519996,32.918784,46.523417502513205,0.006665376813317654,51,64,,True,False,Request timeout: 300.0s exceeded,3,87.6246207195492
291,2026-09-18T06:50:44.658+00:00,2026-09-18T06:55:44.496+00:00,2026-09-18T06:55:45.816+00:00,False,23,22.0,,22.0,299838.786255,301158.660559,301158.660509,13093.85480473913,0.02077,299838.786255,62508.20181325971,91.2809641,59.99428654545455,18.660537664749313,0.0730511948723785,51,64,,True,False,Request timeout: 300.0s exceeded,99,87.6246207195492
292,2026-09-18T06:50:45.148+00:00,2026-09-18T06:55:45.451+00:00,2026-09-18T06:55:45.911+00:00,False,9,8.0,,8.0,300303.166201,300763.51103299996,300763.511028,33418.167892,0.039810000000000005,300303.166201,100081.87798112826,180219.193215,57.543104,28.757904693458677,0.0265989713064702,51,64,,True,False,Request timeout: 300.0s exceeded,46,87.6246207195492
294,2026-09-18T06:50:45.963+00:00,2026-09-18T06:55:45.997+00:00,2026-09-18T06:55:45.997+00:00,False,1,0.0,,0.0,300033.787896,300033.787896,300033.787896,300033.787896,300033.787896,300033.787896,nan,300033.787896,nan,nan,0.0,51,64,,True,False,"HTTPConnectionPool(host='gpu03', port=9002): Read timed out.",0,87.6246207195492
295,2026-09-18T06:50:46.328+00:00,2026-09-18T06:55:46.713+00:00,2026-09-18T06:55:46.713+00:00,False,1,0.0,,0.0,300385.552887,300385.552887,300385.552887,300385.552887,300385.552887,300385.552887,nan,300385.552887,nan,nan,0.0,51,64,,True,False,"HTTPConnectionPool(host='gpu03', port=9002): Read timed out.",0,87.6246207195492
296,2026-09-18T06:50:46.663+00:00,2026-09-18T06:55:46.761+00:00,2026-09-18T06:55:46.761+00:00,False,1,0.0,,0.0,300098.585267,300098.585267,300098.585267,300098.585267,300098.585267,300098.585267,nan,300098.585267,nan,nan,0.0,51,64,,True,False,"HTTPConnectionPool(host='gpu03', port=9002): Read timed out.",0,87.6246207195492
293,2026-09-18T06:50:45.628+00:00,2026-09-18T06:55:46.773+00:00,2026-09-18T06:55:46.773+00:00,False,1,0.0,,0.0,301144.239532,301144.239532,301144.239532,301144.239532,301144.239532,301144.239532,nan,301144.239532,nan,nan,0.0,51,64,,True,False,"HTTPConnectionPool(host='gpu03', port=9002): Read timed out.",0,87.6246207195492
297,2026-09-18T06:50:47.005+00:00,2026-09-18T06:55:47.107+00:00,2026-09-18T06:55:47.107+00:00,False,1,0.0,,0.0,300102.019162,300102.019162,300102.019162,300102.019162,300102.019162,300102.019162,nan,300102.019162,nan,nan,0.0,51,64,,True,False,TTFT timeout: 300.0s exceeded (TTFT: 300.095s),0,87.6246207195492
298,2026-09-18T06:50:47.508+00:00,2026-09-18T06:55:47.292+00:00,2026-09-18T06:55:47.530+00:00,False,6,5.0,,5.0,299784.002506,300021.309386,300021.309371,50003.55156183333,0.03641,299784.002506,122366.93283429682,224854.12707175,47.461376,26.68205207350289,0.016665482895973645,51,64,,True,False,Request timeout: 300.0s exceeded,12,87.6246207195492
299,2026-09-18T06:50:47.952+00:00,2026-09-18T06:55:48.055+00:00,2026-09-18T06:55:48.055+00:00,False,1,0.0,,0.0,300102.83974699996,300102.83974699996,300102.83974699996,300102.83974699996,300102.83974699996,300102.83974699996,nan,300102.83974699996,nan,nan,0.0,51,64,,True,False,TTFT timeout: 300.0s exceeded (TTFT: 300.099s),0,87.6246207195492
300,2026-09-18T06:50:48.389+00:00,2026-09-18T06:55:48.460+00:00,2026-09-18T06:55:48.460+00:00,False,1,0.0,,0.0,300071.659874,300071.659874,300071.659874,300071.659874,300071.659874,300071.659874,nan,300071.659874,nan,nan,0.0,51,64,,True,False,"HTTPConnectionPool(host='gpu03', port=9002): Read timed out.",0,87.6246207195492
301,2026-09-18T06:50:48.776+00:00,2026-09-18T06:55:48.745+00:00,2026-09-18T06:55:48.814+00:00,False,3,2.0,,2.0,299968.227208,300037.629832,300037.62998800003,100012.54332933335,0.05258,299968.227208,173166.70533644452,269978.3395072,34.701312,49.00084813478689,0.006665830553053827,51,64,,True,False,Request timeout: 300.0s exceeded,6,87.6246207195492
302,2026-09-18T06:50:49.059+00:00,2026-09-18T06:55:48.889+00:00,2026-09-18T06:55:49.105+00:00,False,5,4.0,,4.0,299829.86647,300046.42071000003,300046.420774,60009.2841548,0.02264,299829.86647,134063.785265151,239881.965494,54.13856,38.51836490648231,0.0133312705098591,51,64,,True,False,Request timeout: 300.0s exceeded,14,87.6246207195492
303,2026-09-18T06:50:49.351+00:00,2026-09-18T06:55:49.458+00:00,2026-09-18T06:55:49.458+00:00,False,1,0.0,,0.0,300107.31717299996,300107.31717299996,300107.31717299996,300107.31717299996,300107.31717299996,300107.31717299996,nan,300107.31717299996,nan,nan,0.0,51,64,,True,False,"HTTPConnectionPool(host='gpu03', port=9002): Read timed out.",0,87.6246207195492
304,2026-09-18T06:50:49.657+00:00,2026-09-18T06:55:49.779+00:00,2026-09-18T06:55:49.779+00:00,False,1,0.0,,0.0,300122.575936,300122.575936,300122.575936,300122.575936,300122.575936,300122.575936,nan,300122.575936,nan,nan,0.0,51,64,,True,False,"HTTPConnectionPool(host='gpu03', port=9002): Read timed out.",0,87.6246207195492
305,2026-09-18T06:50:50.059+00:00,2026-09-18T06:55:50.020+00:00,2026-09-18T06:55:50.094+00:00,False,3,2.0,,2.0,299961.02141900006,300034.60477900004,300034.60477100004,100011.53492366668,0.02605,299961.02141900006,173161.33868165227,269972.2750073,36.79168,51.99436489395027,0.006665897760270563,51,64,,True,False,Request timeout: 300.0s exceeded,7,87.6246207195492
306,2026-09-18T06:50:50.370+00:00,2026-09-18T06:55:50.236+00:00,2026-09-18T06:55:50.456+00:00,False,5,4.0,,4.0,299866.234919,300085.410855,300085.410828,60017.082165600004,0.02607,299866.234919,134079.7562071481,239907.79741939998,54.793984,36.52676046359903,0.013329538375768567,51,64,,True,False,Request timeout: 300.0s exceeded,27,87.6246207195492
307,2026-09-18T06:50:50.761+00:00,2026-09-18T06:55:50.638+00:00,2026-09-18T06:55:50.799+00:00,False,5,4.0,,4.0,299876.60713899997,300038.18205099995,300038.18220599997,60007.6364412,0.09381999999999999,299876.60713899997,134090.8333750939,239913.608456,40.393728,28.87558578629266,0.013331636569242,51,64,,True,False,Request timeout: 300.0s exceeded,21,87.6246207195492
308,2026-09-18T06:50:51.182+00:00,2026-09-18T06:55:51.235+00:00,2026-09-18T06:55:51.235+00:00,False,1,0.0,,0.0,300053.015697,300053.015697,300053.015697,300053.015697,300053.015697,300053.015697,nan,300053.015697,nan,nan,0.0,51,64,,True,False,"HTTPConnectionPool(host='gpu03', port=9002): Read timed out.",0,87.6246207195492
309,2026-09-18T06:50:51.558+00:00,2026-09-18T06:55:51.550+00:00,2026-09-18T06:55:51.587+00:00,False,3,2.0,,2.0,299992.72957200004,300029.37776400003,300029.37786300003,100009.79262100002,0.02072,299992.72957200004,173190.30469017636,269997.11937190004,18.324096,25.884859948997214,0.006666013891390259,51,64,,True,False,Request timeout: 300.0s exceeded,4,87.6246207195492
310,2026-09-18T06:50:51.979+00:00,2026-09-18T06:55:52.044+00:00,2026-09-18T06:55:52.044+00:00,False,1,0.0,,0.0,300065.41998400004,300065.41998400004,300065.41998400004,300065.41998400004,300065.41998400004,300065.41998400004,nan,300065.41998400004,nan,nan,0.0,51,64,,True,False,TTFT timeout: 300.0s exceeded (TTFT: 300.061s),0,87.6246207195492
311,2026-09-18T06:50:52.399+00:00,2026-09-18T06:55:52.478+00:00,2026-09-18T06:55:52.478+00:00,False,1,0.0,,0.0,300079.154468,300079.154468,300079.154468,300079.154468,300079.154468,300079.154468,nan,300079.154468,nan,nan,0.0,51,64,,True,False,"HTTPConnectionPool(host='gpu03', port=9002): Read timed out.",0,87.6246207195492
312,2026-09-18T06:50:52.829+00:00,2026-09-18T06:55:52.817+00:00,2026-09-18T06:55:52.891+00:00,False,3,2.0,,2.0,299987.433869,300061.408141,300061.40818,100020.46939333333,0.022359999999999998,299987.433869,173176.47509868513,269996.0856772,36.987136,52.27621200007698,0.006665302320584299,51,64,,True,False,Request timeout: 300.0s exceeded,3,87.6246207195492
313,2026-09-18T06:50:53.107+00:00,2026-09-18T06:55:52.890+00:00,2026-09-18T06:55:53.144+00:00,False,9,8.0,,8.0,299783.087006,300036.69596599997,300036.69593,33337.41065888889,0.019399999999999997,299783.087006,99917.12935202735,179884.85359559997,31.70112,12.839760002257275,0.026663405201964217,51,64,,True,False,Request timeout: 300.0s exceeded,40,87.6246207195492
0,2026-09-18T06:48:53.189+00:00,2026-09-18T06:48:53.413+00:00,2026-09-18T06:48:54.604+00:00,True,24,24.0,,24.0,224.583932,1414.946812,1414.94692,58.95612166666667,8.334354,224.583932,38.97393322400952,84.7815515,51.754907826086956,16.93701012805406,16.961768312744184,52,64,,False,True,,86,87.6246207195492
1,2026-09-18T06:48:53.540+00:00,2026-09-18T06:48:53.656+00:00,2026-09-18T06:48:55.481+00:00,True,33,33.0,,33.0,115.543116,1941.366092,1941.366153,58.829277363636365,11.955047,115.543116,16.412320744662825,82.43487300000001,57.056968,13.078793051432092,16.99833953832135,52,64,,False,True,,158,87.6246207195492
2,2026-09-18T06:48:53.939+00:00,2026-09-18T06:48:54.244+00:00,2026-09-18T06:48:56.250+00:00,True,36,36.0,,36.0,304.947564,2311.360108,2311.360265,64.20445180555555,39.227007,304.947564,42.18230591740083,67.5256895,57.32607268571428,8.851655054731216,15.575245015001359,52,64,,False,True,,131,87.6246207195492
3,2026-09-18T06:48:54.204+00:00,2026-09-18T06:48:56.374+00:00,2026-09-18T06:48:57.381+00:00,True,17,17.0,,17.0,2169.6706480000003,3176.7285680000005,3176.728567,186.86638629411766,51.678083,2169.6706480000003,510.97853642911014,491.3310712,62.94112,4.849354201366226,5.351417231942744,52,64,,False,True,,60,87.6246207195492
4,2026-09-18T06:48:54.632+00:00,2026-09-18T06:48:57.878+00:00,2026-09-18T06:49:00.654+00:00,True,47,47.0,,47.0,3245.734719,6022.454847,6022.45494,128.13733914893618,13.253275,3245.734719,464.79665496364595,67.40824699999999,60.36348104347826,12.425565240895054,7.804126588580798,52,64,,False,True,,194,87.6246207195492
5,2026-09-18T06:48:54.983+00:00,2026-09-18T06:48:59.074+00:00,2026-09-18T06:49:03.796+00:00,True,80,80.0,,80.0,4091.401668,8813.607108,8813.607143,110.1700892875,0.0,4091.401668,450.9887005147829,67.7737848,59.774752405063296,14.777601947020555,9.076873863299966,52,64,,False,True,,413,87.6246207195492
6,2026-09-18T06:48:55.335+00:00,2026-09-18T06:49:00.156+00:00,2026-09-18T06:49:01.503+00:00,True,23,23.0,,23.0,4820.751542,6167.824566,6167.824489,268.1662821304348,42.246311,4820.751542,992.4458866165049,69.8705724,61.230592,5.9741364105598675,3.729029539326881,52,64,,False,True,,104,87.6246207195492
7,2026-09-18T06:48:55.669+00:00,2026-09-18T06:49:01.503+00:00,2026-09-18T06:49:02.671+00:00,True,21,21.0,,21.0,5834.182979,7002.059331,7002.059309,333.4313956666667,0.0,5834.182979,1260.5606558803777,117.746532,58.3938176,21.863163863025743,2.9991176891385867,52,64,,False,True,,73,87.6246207195492
8,2026-09-18T06:48:55.947+00:00,2026-09-18T06:49:02.588+00:00,2026-09-18T06:49:07.167+00:00,True,79,79.0,,79.0,6640.75571,11219.810814,11219.810631,142.02291937974684,0.0,6640.75571,740.7271892279158,68.98303159999999,58.70583466666666,16.827837486265846,7.041116941243284,52,64,,False,True,,329,87.6246207195492
9,2026-09-18T06:48:56.297+00:00,2026-09-18T06:49:03.923+00:00,2026-09-18T06:49:07.484+00:00,True,60,60.0,,60.0,7625.6591,11186.843612,11186.843452,186.44739086666667,3.905073,7625.6591,976.8344395606747,68.8264805,60.35905952542373,17.741987178029163,5.363443173160897,52,64,,False,True,,261,87.6246207195492
10,2026-09-18T06:48:56.701+00:00,2026-09-18T06:49:05.368+00:00,2026-09-18T06:49:10.339+00:00,True,83,83.0,,83.0,8667.252144,13638.360496000001,13638.360367,164.31759478313253,0.0,8667.252144,945.3537551084261,70.6546812,60.623272585365854,35.36114419767409,6.085775487775316,52,64,,False,True,,416,87.6246207195492
11,2026-09-18T06:48:57.144+00:00,2026-09-18T06:49:06.985+00:00,2026-09-18T06:49:12.099+00:00,True,86,86.0,,86.0,9841.370243000001,14954.810499000001,14954.810621,173.89314675581397,0.0,9841.370243000001,1055.5346567468798,67.9994465,60.15812065882353,41.31698253572508,5.750657957568279,52,64,,False,True,,269,87.6246207195492
12,2026-09-18T06:48:57.610+00:00,2026-09-18T06:49:08.645+00:00,2026-09-18T06:49:10.399+00:00,True,31,31.0,,31.0,11035.491163,12789.055323,12789.055394,412.550174,34.443646,11035.491163,1971.5538464386348,70.663999,58.45213866666666,8.904312486862088,2.423947603405015,52,64,,False,True,,130,87.6246207195492
13,2026-09-18T06:48:57.974+00:00,2026-09-18T06:49:09.915+00:00,2026-09-18T06:49:15.159+00:00,True,88,88.0,,88.0,11940.829021,17184.535132999998,17184.534997,195.2788067840909,0.0,11940.829021,1266.7867633316803,68.88895475000001,60.27248404597701,28.420413027422956,5.12088335930664,52,64,,False,True,,365,87.6246207195492
14,2026-09-18T06:48:58.366+00:00,2026-09-18T06:49:11.188+00:00,2026-09-18T06:49:12.688+00:00,True,26,26.0,,26.0,12822.253073000002,14322.400529000002,14322.400755000002,550.8615675000001,40.247745,12822.253073000002,2502.8889818416396,66.5693535,60.00589824,5.773222634512326,1.8153381444231496,52,64,,False,True,,110,87.6246207195492
15,2026-09-18T06:48:58.628+00:00,2026-09-18T06:49:12.624+00:00,2026-09-18T06:49:13.408+00:00,True,14,14.0,,14.0,13995.311524,14779.483044,14779.483096,1055.6773640000001,37.000301,13995.311524,3724.290934464876,4942.56067335,60.32088615384615,8.05037196267015,0.9472591130772706,52,64,,False,True,,51,87.6246207195492
16,2026-09-18T06:48:58.897+00:00,2026-09-18T06:49:13.832+00:00,2026-09-18T06:49:17.178+00:00,True,60,60.0,,60.0,14934.388337999999,18280.26533,18280.265201,304.67108668333333,0.0,14934.388337999999,1921.0541771972662,68.41775275,56.70977952542373,37.20150754679577,3.2822280703734186,52,64,,False,True,,271,87.6246207195492
17,2026-09-18T06:48:59.346+00:00,2026-09-18T06:49:14.971+00:00,2026-09-18T06:49:17.458+00:00,True,43,43.0,,43.0,15625.716513,18112.491297,18112.491442,421.2207312093023,0.0,15625.716513,2374.2214799594317,70.2035102,59.208923428571424,41.3379083252881,2.3740522104279576,52,64,,False,True,,219,87.6246207195492
18,2026-09-18T06:48:59.730+00:00,2026-09-18T06:49:16.531+00:00,2026-09-18T06:49:18.188+00:00,True,29,29.0,,29.0,16800.810419,18457.625011,18457.624841,636.4698221034483,0.0,16800.810419,3109.248900965823,203.7301458,59.17194971428572,51.08378423959464,1.571166386938578,52,64,,False,True,,152,87.6246207195492
19,2026-09-18T06:49:00.188+00:00,2026-09-18T06:49:18.252+00:00,2026-09-18T06:49:20.258+00:00,True,31,31.0,,31.0,18064.295262,20069.49539,20069.495496,647.403080516129,0.0,18064.295262,3232.8420230021516,207.4137445,66.84000426666667,51.95775760271543,1.5446327572065577,52,64,,False,True,,137,87.6246207195492
20,2026-09-18T06:49:00.516+00:00,2026-09-18T06:49:19.504+00:00,2026-09-18T06:49:24.319+00:00,True,78,78.0,,78.0,18987.735246,23802.40251,23802.402289,305.1590037051282,0.0,18987.735246,2143.8737618228456,139.35280475,62.528146285714286,66.42842052242281,3.2769801269947516,52,64,,False,True,,415,87.6246207195492
21,2026-09-18T06:49:00.842+00:00,2026-09-18T06:49:20.696+00:00,2026-09-18T06:49:24.384+00:00,True,60,60.0,,60.0,19854.213336,23542.174168,23542.174172,392.36956953333333,0.0,19854.213336,2556.0739813100236,116.93756925,62.5078107118644,71.22776398078076,2.5486176243465124,52,64,,False,True,,269,87.6246207195492
22,2026-09-18T06:49:01.194+00:00,2026-09-18T06:49:21.778+00:00,2026-09-18T06:49:26.903+00:00,True,85,85.0,,85.0,20583.956979,25709.298419,25709.298564999997,302.4623360588235,0.0,20583.956979,2226.3306349167933,90.00762839999999,61.015969523809524,37.08048900297339,3.306196793654325,52,64,,False,True,,358,87.6246207195492
23,2026-09-18T06:49:01.553+00:00,2026-09-18T06:49:23.238+00:00,2026-09-18T06:49:24.134+00:00,True,13,13.0,,13.0,21685.051494,22581.159014,22581.158978,1737.012229076923,0.0,21685.051494,5994.276597453762,8886.3567528,74.67562666666667,91.25226961175882,0.5757011848656742,52,64,,False,True,,44,87.6246207195492
24,2026-09-18T06:49:01.878+00:00,2026-09-18T06:49:24.514+00:00,2026-09-18T06:49:25.265+00:00,True,14,14.0,,14.0,22636.266226,23386.432498,23386.432472,1670.4594622857142,35.507134,22636.266226,6034.391286622443,7983.04019765,57.70509784615385,14.907835968153,0.5986376930811177,52,64,,False,True,,64,87.6246207195492
25,2026-09-18T06:49:02.349+00:00,2026-09-18T06:49:26.337+00:00,2026-09-18T06:49:27.024+00:00,True,12,12.0,,12.0,23987.460565,24674.771669,24674.771547,2056.23096225,36.787802000000006,23987.460565,6906.5605471481895,10849.0527935,62.48282763636363,14.779292474571516,0.48632668869135376,52,64,,False,True,,41,87.6246207195492
26,2026-09-18T06:49:02.777+00:00,2026-09-18T06:49:27.957+00:00,2026-09-18T06:49:31.792+00:00,True,64,64.0,,64.0,25180.094049,29014.812256999998,29014.812394,453.35644365625,0.0,25180.094049,3140.2731495340854,70.70363979999999,60.86854298412698,48.58905002261448,2.2057699161765076,52,64,,False,True,,339,87.6246207195492
27,2026-09-18T06:49:03.198+00:00,2026-09-18T06:49:29.908+00:00,2026-09-18T06:49:34.250+00:00,True,73,73.0,,73.0,26710.394716,31051.922268,31051.922208,425.368797369863,0.0,26710.394716,3119.5840958367053,69.35932299999999,60.298993777777774,51.93415839368125,2.3509011574213825,52,64,,False,True,,351,87.6246207195492
28,2026-09-18T06:49:03.519+00:00,2026-09-18T06:49:31.032+00:00,2026-09-18T06:49:32.323+00:00,True,23,23.0,,23.0,27512.595046,28803.378278,28803.378417,1252.3208007391304,36.193743000000005,27512.595046,5724.546045032267,71.09189640000001,58.67196509090909,9.396603449654018,0.7985174439613351,52,64,,False,True,,105,87.6246207195492
29,2026-09-18T06:49:03.925+00:00,2026-09-18T06:49:32.428+00:00,2026-09-18T06:49:37.656+00:00,True,86,86.0,,86.0,28503.543994,33731.23961,33731.239685,392.2237172674419,0.0,28503.543994,3067.8741440318486,93.64496199999999,61.502301364705886,74.32688005322314,2.549565358235585,52,64,,False,True,,358,87.6246207195492
30,2026-09-18T06:49:04.279+00:00,2026-09-18T06:49:33.995+00:00,2026-09-18T06:49:35.209+00:00,True,17,17.0,,17.0,29716.778559000002,30930.806847000003,30930.806876000002,1819.4592280000002,0.01825,29716.778559000002,7190.072166862972,6384.564726200001,75.876768,129.74380055941566,0.549613855341405,52,64,,False,True,,93,87.6246207195492
31,2026-09-18T06:49:04.714+00:00,2026-09-18T06:49:35.476+00:00,2026-09-18T06:49:39.567+00:00,True,67,67.0,,67.0,30762.211493000003,34852.854181,34852.854097,520.1918521940299,0.0,30762.211493000003,3751.0853478600857,97.90757819999999,61.97943466666666,58.87456219234682,1.9223676675675239,52,64,,False,True,,213,87.6246207195492
32,2026-09-18T06:49:05.190+00:00,2026-09-18T06:49:37.267+00:00,2026-09-18T06:49:37.724+00:00,True,8,8.0,,8.0,32076.664914,32533.399378000002,32533.399391000003,4066.6749238750003,47.364063,32076.664914,11317.753216579955,20883.126547500004,65.24778057142858,14.672321944657464,0.24590114014983092,52,64,,False,True,,36,87.6246207195492
33,2026-09-18T06:49:05.622+00:00,2026-09-18T06:49:38.991+00:00,2026-09-18T06:49:41.679+00:00,True,49,49.0,,49.0,33369.053396,36057.534676,36057.534526,735.8680515510205,0.0,33369.053396,4759.029217732357,69.30547040000002,56.01002666666666,14.959379635047467,1.3589392741432913,52,64,,False,True,,208,87.6246207195492
34,2026-09-18T06:49:05.941+00:00,2026-09-18T06:49:39.688+00:00,2026-09-18T06:49:45.295+00:00,True,86,86.0,,86.0,33746.857203,39354.588403,39354.588448,457.61149358139534,0.0,33746.857203,3632.396883749359,97.0808405,65.97330823529411,60.2460756767514,2.1852598004415724,52,64,,False,True,,410,87.6246207195492
35,2026-09-18T06:49:06.407+00:00,2026-09-18T06:49:41.935+00:00,2026-09-18T06:49:46.781+00:00,True,79,79.0,,79.0,35527.309805,40373.573869,40373.573874999995,511.0578971518987,0.0,35527.309805,3990.669744770448,95.1235339,62.13159056410257,65.1767359712082,1.956725462460446,52,64,,False,True,,353,87.6246207195492
36,2026-09-18T06:49:06.880+00:00,2026-09-18T06:49:43.802+00:00,2026-09-18T06:49:45.328+00:00,True,26,26.0,,26.0,36921.644299,38447.225867,38447.225905,1478.7394578846154,0.0,36921.644299,7229.851624806476,470.5922695,61.02326272,115.71865222611248,0.6762516518081557,52,64,,False,True,,81,87.6246207195492
37,2026-09-18T06:49:07.305+00:00,2026-09-18T06:49:45.295+00:00,2026-09-18T06:49:48.846+00:00,True,59,59.0,,59.0,37990.504032,41541.088352,41541.088412,704.0862442711864,0.016609000000000002,37990.504032,4938.678867159569,90.62784400000001,61.21697103448276,84.25061103274555,1.4202805545213752,52,64,,False,True,,248,87.6246207195492
38,2026-09-18T06:49:07.884+00:00,2026-09-18T06:49:46.781+00:00,2026-09-18T06:49:49.570+00:00,True,46,46.0,,46.0,38896.143591,41685.714407,41685.714434,906.2111833478261,0.01594,38896.143591,5726.430292110332,80.137347,61.990462577777784,87.03745194253064,1.1034955416831127,52,64,,False,True,,195,87.6246207195492
39,2026-09-18T06:49:08.103+00:00,2026-09-18T06:49:48.889+00:00,2026-09-18T06:49:54.037+00:00,True,84,84.0,,84.0,40786.279826,45934.05173,45934.051828999996,546.8339503452381,0.0,40786.279826,4443.917609552643,88.94131905,62.02134824096385,69.48539179390907,1.8287086994578956,52,64,,False,True,,411,87.6246207195492
40,2026-09-18T06:49:08.376+00:00,2026-09-18T06:49:49.570+00:00,2026-09-18T06:49:52.887+00:00,True,55,55.0,,55.0,41194.116377,44510.432025,44510.432069999995,809.2805830909091,0.0,41194.116377,5547.011546225629,97.72702740000001,61.41325274074074,87.60346866066351,1.2356653821986803,52,64,,False,True,,204,87.6246207195492
41,2026-09-18T06:49:08.738+00:00,2026-09-18T06:49:51.098+00:00,2026-09-18T06:49:55.950+00:00,True,79,79.0,,79.0,42359.849511,47212.344871,47212.34482,597.6246179746836,0.0,42359.849511,4759.385090449857,90.1201865,62.211478974358975,71.41884052346111,1.6732911744979955,52,64,,False,True,,358,87.6246207195492
42,2026-09-18T06:49:09.040+00:00,2026-09-18T06:49:52.467+00:00,2026-09-18T06:49:53.542+00:00,True,22,22.0,,22.0,43426.883217,44501.355921,44501.355725,2022.7888965909092,0.0,43426.883217,9247.76763973169,93.11953095000001,51.16536685714286,25.513927018224102,0.4943669590440118,52,64,,False,True,,88,87.6246207195492
43,2026-09-18T06:49:09.320+00:00,2026-09-18T06:49:53.349+00:00,2026-09-18T06:49:59.523+00:00,True,99,99.0,,99.0,44028.911950999995,50203.084622999995,50203.08481099999,507.10186677777773,35.443705,44028.911950999995,4418.760337396136,93.50603589999999,63.00176195918367,13.398236434442138,1.9719903815361224,52,64,,False,True,,566,87.6246207195492
44,2026-09-18T06:49:09.734+00:00,2026-09-18T06:49:55.090+00:00,2026-09-18T06:49:56.320+00:00,True,21,21.0,,21.0,45355.331989,46585.154196999996,46585.15418,2218.340675238095,34.568966,45355.331989,9883.936625048516,103.31981900000001,61.4911104,14.58829993856527,0.45078738842840116,52,64,,False,True,,51,87.6246207195492
45,2026-09-18T06:49:10.198+00:00,2026-09-18T06:49:57.021+00:00,2026-09-18T06:49:59.328+00:00,True,38,38.0,,38.0,46822.516849,49129.669745,49129.669742,1292.8860458421052,32.62362,46822.516849,7585.513582256643,94.62675005,62.35548367567568,14.643988500763896,0.7734633714664307,52,64,,False,True,,157,87.6246207195492
46,2026-09-18T06:49:10.591+00:00,2026-09-18T06:49:58.897+00:00,2026-09-18T06:50:03.886+00:00,True,82,82.0,,82.0,48305.128398999994,53294.459598999994,53294.45954499999,649.9324334756096,0.0,48305.128398999994,5329.2773610401555,95.19324514999998,61.59668148148148,134.25788551212025,1.5386214742955877,52,64,,False,True,,311,87.6246207195492
47,2026-09-18T06:49:10.949+00:00,2026-09-18T06:50:00.780+00:00,2026-09-18T06:50:02.663+00:00,True,39,39.0,,39.0,49831.268809,51713.837513,51713.837496,1325.9958332307692,0.0,49831.268809,7973.221224761341,166.1265436,49.541281684210524,170.01365737458892,0.7541501825347239,52,64,,False,True,,146,87.6246207195492
48,2026-09-18T06:49:11.387+00:00,2026-09-18T06:50:02.646+00:00,2026-09-18T06:50:06.509+00:00,True,70,70.0,,70.0,51259.20476,55122.099864,55122.099834,787.4585690571429,0.01584,51259.20476,6120.007038858269,99.9144846,55.98398701449275,25.31615308642856,1.2699080799299645,52,64,,False,True,,108,87.6246207195492
49,2026-09-18T06:49:11.673+00:00,2026-09-18T06:50:03.272+00:00,2026-09-18T06:50:07.111+00:00,True,61,61.0,,61.0,51599.378787,55438.376291,55438.376355,908.825841885246,34.910385999999995,51599.378787,6598.445731989635,101.29473399999999,63.98329173333333,13.943491605846102,1.1003208261332662,52,64,,False,True,,153,87.6246207195492
50,2026-09-18T06:49:11.993+00:00,2026-09-18T06:50:04.942+00:00,2026-09-18T06:50:10.626+00:00,True,90,90.0,,90.0,52948.566602,58632.448074,58632.447936,651.4716437333333,0.0,52948.566602,5575.183402541638,95.8027735,63.86383676404494,85.36718674782642,1.5349862227552058,52,64,,False,True,,340,87.6246207195492
51,2026-09-18T06:49:12.387+00:00,2026-09-18T06:50:06.327+00:00,2026-09-18T06:50:12.090+00:00,True,93,93.0,,93.0,53939.754319,59703.184463,59703.184457,641.969725344086,0.0,53939.754319,5587.433881512209,93.7484836,62.64597982608695,84.89711119116201,1.557705854997318,52,64,,False,True,,472,87.6246207195492
52,2026-09-18T06:49:12.729+00:00,2026-09-18T06:50:07.696+00:00,2026-09-18T06:50:08.790+00:00,True,18,18.0,,18.0,54967.081487999996,56060.997392,56060.99754999999,3114.4998638888887,37.79929,54967.081487999996,12940.705390170173,8328.1256172,64.34799435294117,13.880157002345404,0.32107883978833085,52,64,,False,True,,70,87.6246207195492
53,2026-09-18T06:49:13.071+00:00,2026-09-18T06:50:08.892+00:00,2026-09-18T06:50:13.774+00:00,True,81,81.0,,81.0,55821.463847000006,60703.37411900001,60703.374111000005,749.4243717407409,0.0,55821.463847000006,6196.260091102342,89.42271499999998,61.0238784,90.70595064531443,1.334357458305554,52,64,,False,True,,478,87.6246207195492
54,2026-09-18T06:49:13.428+00:00,2026-09-18T06:50:10.131+00:00,2026-09-18T06:50:14.770+00:00,True,78,78.0,,78.0,56702.445825999996,61342.157314,61342.157257,786.437913551282,35.591125,56702.445825999996,6413.475576677086,87.38814405000001,60.25599335064935,11.684418187638542,1.2715561925990206,52,64,,False,True,,375,87.6246207195492
55,2026-09-18T06:49:13.718+00:00,2026-09-18T06:50:11.264+00:00,2026-09-18T06:50:14.461+00:00,True,55,55.0,,55.0,57546.099464,60743.2466,60743.246496,1104.4226635636364,33.041229,57546.099464,7751.538245006906,68.8768557,59.20642844444445,10.641453491926137,0.9054504505197126,52,64,,False,True,,183,87.6246207195492
56,2026-09-18T06:49:14.028+00:00,2026-09-18T06:50:12.565+00:00,2026-09-18T06:50:17.310+00:00,True,64,64.0,,64.0,58537.306619999996,63282.19289199999,63282.19274599999,988.7842616562499,30.553913,58537.306619999996,7308.601118521649,86.13118200000001,75.3156551111111,112.50629107706654,1.011342955659344,52,64,,False,True,,228,87.6246207195492
57,2026-09-18T06:49:14.376+00:00,2026-09-18T06:50:13.533+00:00,2026-09-18T06:50:18.079+00:00,True,73,73.0,,73.0,59156.482742,63702.515382,63702.515356,872.6371966575342,0.01617,59156.482742,6917.144366858517,94.0039746,63.139342222222226,105.38372179820348,1.1459516090102013,52,64,,False,True,,262,87.6246207195492
58,2026-09-18T06:49:14.768+00:00,2026-09-18T06:50:15.409+00:00,2026-09-18T06:50:20.921+00:00,True,89,89.0,,89.0,60641.136479,66153.046111,66153.04595100001,743.2926511348314,0.0,60641.136479,6422.6680824962095,94.357146,62.63533672727273,132.91364374164954,1.3453651076121946,52,64,,False,True,,230,87.6246207195492
59,2026-09-18T06:49:15.067+00:00,2026-09-18T06:50:17.188+00:00,2026-09-18T06:50:17.210+00:00,True,13,13.0,,13.0,62120.740612999994,62142.77043699999,62142.77050199999,4780.213115538461,0.016,62120.740612999994,17228.68538890559,24861.373424599995,1.8358186666666667,6.285538587303707,0.2091956941826295,52,64,,False,True,,85,87.6246207195492
60,2026-09-18T06:49:15.391+00:00,2026-09-18T06:50:17.953+00:00,2026-09-18T06:50:22.624+00:00,True,75,75.0,,75.0,62561.743383,67232.46952700001,67232.469587,896.4329278266666,0.0,62561.743383,7217.524773229766,89.984887,63.117920864864864,108.53842957148913,1.1155324284180967,52,64,,False,True,,357,87.6246207195492
61,2026-09-18T06:49:15.842+00:00,2026-09-18T06:50:20.199+00:00,2026-09-18T06:50:20.199+00:00,True,3,3.0,,3.0,64356.987958,64356.987958,64356.987958,21452.329319333334,0.0,64356.987958,37156.524321784804,57921.2891622,0.0,0.0,0.04661498456015109,52,64,,False,True,,10,87.6246207195492
62,2026-09-18T06:49:16.207+00:00,2026-09-18T06:50:21.048+00:00,2026-09-18T06:50:25.582+00:00,True,72,72.0,,72.0,64840.59512,69375.251376,69375.251185,963.5451553472222,34.307926,64840.59512,7634.019520927866,90.6171745,63.86839797183099,11.848890280068012,1.0378340773105728,52,64,,False,True,,333,87.6246207195492
63,2026-09-18T06:49:16.479+00:00,2026-09-18T06:50:21.832+00:00,2026-09-18T06:50:25.997+00:00,True,68,68.0,,68.0,65352.794409999995,69517.28976999999,69517.289827,1022.3130856911764,36.006383,65352.794409999995,7917.660815465509,89.99887564999999,62.1566471641791,11.337561241991342,0.9781739222714235,52,64,,False,True,,351,87.6246207195492
64,2026-09-18T06:49:16.772+00:00,2026-09-18T06:50:22.929+00:00,2026-09-18T06:50:24.631+00:00,True,29,29.0,,29.0,66156.463811,67858.83334699999,67858.83347099999,2339.9597748620686,37.98805,66156.463811,12273.66052239948,80.8834584,60.798912,9.675878972872729,0.4273577745097216,52,64,,False,True,,152,87.6246207195492
65,2026-09-18T06:49:17.154+00:00,2026-09-18T06:50:24.694+00:00,2026-09-18T06:50:29.294+00:00,True,74,74.0,,74.0,67540.46451199999,72140.109952,72140.10986699999,974.866349554054,30.315345,67540.46451199999,7844.105501135118,92.88618279999999,63.008841643835616,12.991440859130254,1.0257816358921203,52,64,,False,True,,317,87.6246207195492
66,2026-09-18T06:49:17.495+00:00,2026-09-18T06:50:25.873+00:00,2026-09-18T06:50:30.101+00:00,True,69,69.0,,69.0,68377.416653,72606.10452499999,72606.104532,1052.262384521739,36.389652999999996,68377.416653,8224.19698197721,91.9794082,62.18658635294118,12.745948082753683,0.9503333149658466,52,64,,False,True,,316,87.6246207195492
67,2026-09-18T06:49:17.839+00:00,2026-09-18T06:50:27.118+00:00,2026-09-18T06:50:28.041+00:00,True,16,16.0,,16.0,69279.565524,70202.662356,70202.662501,4387.6664063125,35.001015,69279.565524,17304.511417796937,17391.6337665,61.5397888,13.59780431932586,0.22791158430521444,52,64,,False,True,,63,87.6246207195492
68,2026-09-18T06:49:18.161+00:00,2026-09-18T06:50:28.524+00:00,2026-09-18T06:50:29.831+00:00,True,22,22.0,,22.0,70362.59847,71669.57575,71669.57577899999,3257.707989954545,37.252451,70362.59847,14988.092155034123,96.01073774999999,62.23701333333334,12.20503784365347,0.30696428393466524,52,64,,False,True,,98,87.6246207195492
69,2026-09-18T06:49:18.563+00:00,2026-09-18T06:50:29.769+00:00,2026-09-18T06:50:32.233+00:00,True,28,28.0,,28.0,71205.360491,73670.120811,73670.12089399999,2631.0757462142856,0.0,71205.360491,13440.624465057743,715.08900545,91.28741925925925,192.52637976111424,0.38007267657173704,52,64,,False,True,,121,87.6246207195492
70,2026-09-18T06:49:19.020+00:00,2026-09-18T06:50:32.243+00:00,2026-09-18T06:50:34.797+00:00,True,40,40.0,,40.0,73222.60036499999,75777.180333,75777.18050199999,1894.4295125499998,0.0,73222.60036499999,11568.227133322052,141.32968565,65.50205046153846,159.7097668370651,0.5278633993007062,52,64,,False,True,,193,87.6246207195492
71,2026-09-18T06:49:19.369+00:00,2026-09-18T06:50:32.879+00:00,2026-09-18T06:50:37.200+00:00,True,73,73.0,,73.0,73510.39548899999,77831.21289699999,77831.213098,1066.1810013424656,0.016309999999999998,73510.39548899999,8597.51081964326,77.63418239999999,60.01135288888889,117.63291570775048,0.9379270511511429,52,64,,False,True,,462,87.6246207195492
72,2026-09-18T06:49:19.733+00:00,2026-09-18T06:50:34.832+00:00,2026-09-18T06:50:35.110+00:00,True,14,14.0,,14.0,75098.685624,75377.089976,75377.09004000001,5384.07786,0.01635,75098.685624,20065.273249816328,26345.969054300003,21.415719384615382,35.41964030006651,0.18573282683714093,52,64,,False,True,,64,87.6246207195492
73,2026-09-18T06:49:19.997+00:00,2026-09-18T06:50:35.243+00:00,2026-09-18T06:50:41.360+00:00,True,99,99.0,,99.0,75246.666854,81363.311974,81363.311879,821.8516351414141,34.346847000000004,75246.666854,7556.313061387997,94.55903280000001,62.41474612244898,13.200841579718336,1.216764627669482,52,64,,False,True,,345,87.6246207195492
74,2026-09-18T06:49:20.266+00:00,2026-09-18T06:50:36.135+00:00,2026-09-18T06:50:42.414+00:00,True,100,100.0,,100.0,75868.82897,82147.488554,82147.48861,821.4748861,33.282939,75868.82897,7580.552803044916,95.64913489999999,63.42080387878787,13.549256498423798,1.2173226687784202,52,64,,False,True,,385,87.6246207195492
75,2026-09-18T06:49:20.538+00:00,2026-09-18T06:50:37.317+00:00,2026-09-18T06:50:39.622+00:00,True,36,36.0,,36.0,76779.223194,79083.90313,79083.903261,2196.7750905833336,55.621638,76779.223194,12785.566153204516,95.217549,65.84799817142857,9.763265815986363,0.45521273704488685,52,64,,False,True,,176,87.6246207195492
76,2026-09-18T06:49:20.903+00:00,2026-09-18T06:50:38.755+00:00,2026-09-18T06:50:41.540+00:00,True,44,44.0,,44.0,77852.02788,80637.213672,80637.21377999999,1832.6639495454544,33.013237999999994,77852.02788,11726.880366972531,102.47377315000001,64.77176260465116,15.708133797162962,0.5456537744344,52,64,,False,True,,177,87.6246207195492
77,2026-09-18T06:49:21.570+00:00,2026-09-18T06:50:40.351+00:00,2026-09-18T06:50:42.092+00:00,True,27,27.0,,27.0,78781.06989,80521.906242,80521.906278,2982.292825111111,42.102272,78781.06989,15148.545604174446,103.57909510000002,66.95524430769231,15.038825476497458,0.33531247905202816,52,64,,False,True,,112,87.6246207195492
78,2026-09-18T06:49:21.661+00:00,2026-09-18T06:50:41.540+00:00,2026-09-18T06:50:46.174+00:00,True,74,74.0,,74.0,79879.452358,84512.533446,84512.53349399999,1142.0612634324323,0.0,79879.452358,9279.433956325183,92.81066500000001,63.46686421917808,138.1342461248926,0.8756097703222081,52,64,,False,True,,278,87.6246207195492
79,2026-09-18T06:49:22.081+00:00,2026-09-18T06:50:43.441+00:00,2026-09-18T06:50:44.214+00:00,True,13,13.0,,13.0,81359.742761,82132.883497,82132.88344,6317.914110769231,40.831175,81359.742761,22547.26745020617,32598.677441000003,64.42839466666666,14.085926403334883,0.15828008766397247,52,64,,False,True,,59,87.6246207195492
80,2026-09-18T06:49:22.517+00:00,2026-09-18T06:50:45.749+00:00,2026-09-18T06:50:45.749+00:00,True,6,6.0,,6.0,83231.70051000001,83231.70051000001,83231.70051000001,13871.950085000002,0.0,83231.70051000001,33979.19944560774,62423.77538250001,0.0,0.0,0.07208791798359472,52,64,,False,True,,21,87.6246207195492
81,2026-09-18T06:49:22.865+00:00,2026-09-18T06:50:46.047+00:00,2026-09-18T06:50:50.089+00:00,True,67,67.0,,67.0,83182.226765,87224.228429,87224.228334,1301.854154238806,34.705956,83182.226765,10154.849323114855,75.5754018,61.24244945454545,10.00579829451572,0.7681351982899752,52,64,,False,True,,313,87.6246207195492
82,2026-09-18T06:49:23.127+00:00,2026-09-18T06:50:47.103+00:00,2026-09-18T06:50:48.509+00:00,True,25,25.0,,25.0,83976.562117,85381.86080499999,85381.860816,3415.2744326399998,38.546038,83976.562117,16783.605847393646,88.8473578,58.554112,12.195903109682293,0.2928022388396575,52,64,,False,True,,129,87.6246207195492
83,2026-09-18T06:49:23.487+00:00,2026-09-18T06:50:48.445+00:00,2026-09-18T06:50:48.928+00:00,True,9,9.0,,9.0,84958.184672,85441.988064,85441.987997,9493.55422188889,41.966862,84958.184672,28299.237598852724,51002.55756000001,60.475424,8.736797118898632,0.1053346276687591,52,64,,False,True,,46,87.6246207195492
84,2026-09-18T06:49:23.909+00:00,2026-09-18T06:50:49.906+00:00,2026-09-18T06:50:53.132+00:00,True,54,54.0,,54.0,85997.444743,89223.226247,89223.226413,1652.281970611111,38.747508,85997.444743,11694.491473263977,78.67871995,60.86380196226415,9.831312585800116,0.6052235754231726,52,64,,False,True,,285,87.6246207195492
85,2026-09-18T06:49:24.265+00:00,2026-09-18T06:50:51.193+00:00,2026-09-18T06:50:54.335+00:00,True,51,51.0,,51.0,86928.036633,90070.43586499999,90070.43592799999,1766.0869789803921,36.529692000000004,86928.036633,12163.563784085434,90.56575249999997,62.84798464,10.472710893773893,0.5662235283999312,52,64,,False,True,,226,87.6246207195492
86,2026-09-18T06:49:24.626+00:00,2026-09-18T06:50:52.572+00:00,2026-09-18T06:50:57.941+00:00,True,86,86.0,,86.0,87946.62204999999,93315.328866,93315.328925,1085.061964244186,34.443477,87946.62204999999,9476.723858364361,92.68917599999999,63.161256658823525,11.218755451504352,0.9216063539088551,52,64,,False,True,,347,87.6246207195492
87,2026-09-18T06:49:24.946+00:00,2026-09-18T06:50:53.823+00:00,2026-09-18T06:50:53.823+00:00,True,1,1.0,,1.0,88877.67929,88877.67929,88877.67929,88877.67929,88877.67929,88877.67929,nan,88877.67929,nan,nan,0.011251418893793216,52,64,,False,True,,5,87.6246207195492
88,2026-09-18T06:49:25.402+00:00,2026-09-18T06:50:55.118+00:00,2026-09-18T06:50:57.198+00:00,True,35,35.0,,35.0,89715.958312,91796.242472,91796.242423,2622.749783514286,36.558772,89715.958312,15154.425895252063,77.2522445,61.18482823529412,10.061290599841124,0.3812792229559485,52,64,,False,True,,163,87.6246207195492
89,2026-09-18T06:49:25.840+00:00,2026-09-18T06:50:57.196+00:00,2026-09-18T06:50:58.134+00:00,True,16,16.0,,16.0,91356.407581,92294.56617300001,92294.56632400001,5768.410395250001,56.285756,91356.407581,22823.466153733025,22890.032329,62.54390613333333,3.408413617491153,0.17335798480280049,52,64,,False,True,,49,87.6246207195492
90,2026-09-18T06:49:26.301+00:00,2026-09-18T06:50:58.560+00:00,2026-09-18T06:50:59.661+00:00,True,19,19.0,,19.0,92258.891144,93360.107656,93360.107676,4913.68987768421,41.598063,92258.891144,21151.60826855859,9308.1384053,61.17869511111111,10.3815578013417,0.20351304724292402,52,64,,True,True,,86,87.6246207195492
91,2026-09-18T06:49:26.687+00:00,2026-09-18T06:51:00.039+00:00,2026-09-18T06:51:00.444+00:00,True,7,7.0,,7.0,93351.267395,93756.525635,93756.525595,13393.789370714287,57.927913000000004,93351.267395,35257.93580479518,65373.7284989,67.54304,13.286192984653143,0.07466146972266695,52,64,,True,True,,30,87.6246207195492
92,2026-09-18T06:49:26.953+00:00,2026-09-18T06:51:01.337+00:00,2026-09-18T06:51:06.573+00:00,True,85,85.0,,85.0,94384.060165,99620.02893300001,99620.028815,1172.000339,36.983481,94384.060165,10230.630352147828,67.798039,62.33296152380952,7.365395873294266,0.8532420730089048,52,64,,True,True,,360,87.6246207195492
93,2026-09-18T06:49:27.334+00:00,2026-09-18T06:51:02.771+00:00,2026-09-18T06:51:06.905+00:00,True,67,67.0,,67.0,95437.038009,99571.060665,99571.060638,1486.135233402985,34.930295,95437.038009,11651.842014542193,93.8447346,62.636706909090904,10.205478163846832,0.6728862739086099,52,64,,True,True,,279,87.6246207195492
94,2026-09-18T06:49:27.690+00:00,2026-09-18T06:51:03.790+00:00,2026-09-18T06:51:05.110+00:00,True,23,23.0,,23.0,96100.00814399999,97420.001232,97420.00124099999,4235.652227869565,37.053201,96100.00814399999,20025.727535723174,70.5887864,59.99968581818182,7.789544271215502,0.23609114872855375,52,64,,True,True,,92,87.6246207195492
95,2026-09-18T06:49:28.154+00:00,2026-09-18T06:51:05.789+00:00,2026-09-18T06:51:09.538+00:00,True,61,61.0,,61.0,97635.628667,101384.176251,101384.17631899999,1662.0356773606557,36.410411999999994,97635.628667,12492.969208883267,95.54118399999999,62.47579306666667,13.478605727694788,0.6016718018103769,52,64,,True,True,,192,87.6246207195492
96,2026-09-18T06:49:28.579+00:00,2026-09-18T06:51:07.278+00:00,2026-09-18T06:51:08.210+00:00,True,17,17.0,,17.0,98698.392172,99630.85374,99630.85373700001,5860.638455117647,35.080705,98698.392172,23923.743297331064,19794.1055176,58.278848,9.473900541293714,0.17062987379756642,52,64,,True,True,,83,87.6246207195492
97,2026-09-18T06:49:29.027+00:00,2026-09-18T06:51:09.108+00:00,2026-09-18T06:51:11.020+00:00,True,32,32.0,,32.0,100081.420966,101993.416614,101993.41663800001,3187.2942699375003,36.386683,100081.420966,17681.162993008373,84.2995607,61.677278967741934,10.880427803277147,0.3137457402873938,52,64,,True,True,,155,87.6246207195492
98,2026-09-18T06:49:29.444+00:00,2026-09-18T06:51:10.914+00:00,2026-09-18T06:51:14.149+00:00,True,52,52.0,,52.0,101470.47339900001,104705.06616700001,104705.06622400001,2013.558965846154,40.747695,101470.47339900001,14062.63100164448,88.47759830000001,63.42338760784314,9.827865216945028,0.4966330847550611,52,64,,True,True,,246,87.6246207195492
99,2026-09-18T06:49:29.734+00:00,2026-09-18T06:51:12.150+00:00,2026-09-18T06:51:17.553+00:00,True,86,86.0,,86.0,102416.20118,107818.92476400001,107818.924822,1253.7084281627908,42.032853,102416.20118,11036.972481647257,91.2189885,63.56145392941176,8.836018689575711,0.7976336268261024,52,64,,True,True,,352,87.6246207195492
100,2026-09-18T06:49:30.190+00:00,2026-09-18T06:51:13.706+00:00,2026-09-18T06:51:15.900+00:00,True,36,36.0,,36.0,103516.466208,105709.917472,105709.917619,2936.386600527778,55.577937,103516.466208,17242.29970394693,69.943755,62.670036114285715,3.4877023533754556,0.3405546126694832,52,64,,True,True,,116,87.6246207195492
101,2026-09-18T06:49:30.638+00:00,2026-09-18T06:51:15.145+00:00,2026-09-18T06:51:18.646+00:00,True,55,55.0,,55.0,104506.59059,108008.109182,108008.109119,1963.7838021636364,38.911628,104506.59059,14082.926802314349,95.32464940000001,64.84293688888889,11.264320531416566,0.509221024389213,52,64,,True,True,,229,87.6246207195492
102,2026-09-18T06:49:30.897+00:00,2026-09-18T06:51:16.272+00:00,2026-09-18T06:51:22.097+00:00,True,91,91.0,,91.0,105375.213963,111200.735371,111200.735402,1221.9861033186814,38.20562,105375.213963,11039.544903210362,92.44456900000002,64.72801564444444,11.90385122641284,0.8183399120194295,52,64,,True,True,,141,87.6246207195492
103,2026-09-18T06:49:31.162+00:00,2026-09-18T06:51:17.263+00:00,2026-09-18T06:51:19.202+00:00,True,30,30.0,,30.0,106101.294892,108040.04817200001,108040.048034,3601.3349344666667,37.56077,106101.294892,19359.156413935885,94.93840715,66.85356137931035,13.606319678325962,0.2776748114017862,52,64,,True,True,,131,87.6246207195492
104,2026-09-18T06:49:31.433+00:00,2026-09-18T06:51:18.475+00:00,2026-09-18T06:51:21.307+00:00,True,46,46.0,,46.0,107042.64478100001,109874.01502100001,109874.01502100001,2388.565543934783,33.846357000000005,107042.64478100001,15773.30498435229,93.03731524999999,62.91933866666666,12.696310266463747,0.4186613185220191,52,64,,True,True,,246,87.6246207195492
105,2026-09-18T06:49:31.884+00:00,2026-09-18T06:51:19.981+00:00,2026-09-18T06:51:20.526+00:00,True,10,10.0,,10.0,108096.837464,108641.452376,108641.45234599999,10864.1452346,41.027514000000004,108096.837464,34164.086443747976,59483.746662499994,60.512768,8.01351259093389,0.09204589759524516,52,64,,True,True,,61,87.6246207195492
106,2026-09-18T06:49:32.177+00:00,2026-09-18T06:51:21.201+00:00,2026-09-18T06:51:25.245+00:00,True,65,65.0,,65.0,109024.29786,113068.44634000001,113068.44636700001,1739.5145594923079,33.658388,109024.29786,13514.96660938458,92.96704179999999,63.18982,11.107525817545543,0.5748730269499164,52,64,,True,True,,200,87.6246207195492
107,2026-09-18T06:49:32.652+00:00,2026-09-18T06:51:23.110+00:00,2026-09-18T06:51:25.906+00:00,True,45,45.0,,45.0,110457.90892100001,113253.98162500001,113253.98164700001,2516.7551477111115,39.073228,110457.90892100001,16456.622604242897,88.5273356,63.54710690909091,9.677921416497247,0.39733702386730546,52,64,,True,True,,183,87.6246207195492
108,2026-09-18T06:49:33.058+00:00,2026-09-18T06:51:24.708+00:00,2026-09-18T06:51:29.898+00:00,True,84,84.0,,84.0,111650.474177,116840.761537,116840.76162199999,1390.9614478809524,36.352762999999996,111650.474177,12175.247996419848,90.62875950000002,62.533582650602405,11.65406698131438,0.7189271868396689,52,64,,True,True,,343,87.6246207195492
109,2026-09-18T06:49:33.365+00:00,2026-09-18T06:51:25.839+00:00,2026-09-18T06:51:29.468+00:00,True,59,59.0,,59.0,112474.286625,116102.52956899999,116102.52943,1967.8394818644067,35.888572999999994,112474.286625,14634.765908389325,92.7237376,62.555912827586205,12.330769466840042,0.5081715292424888,52,64,,True,True,,254,87.6246207195492
110,2026-09-18T06:49:33.716+00:00,2026-09-18T06:51:27.313+00:00,2026-09-18T06:51:32.174+00:00,True,79,79.0,,79.0,113596.52936100001,118457.86926500002,118457.86931400001,1499.4667001772152,37.319941,113596.52936100001,12773.600852823236,89.8709306,62.32487056410257,11.228115051203531,0.6669037733852066,52,64,,True,True,,410,87.6246207195492
111,2026-09-18T06:49:34.020+00:00,2026-09-18T06:51:28.633+00:00,2026-09-18T06:51:34.545+00:00,True,95,95.0,,95.0,114612.532533,120524.592181,120524.59216100001,1268.6799174842106,37.067791,114612.532533,11752.55237852315,94.98431169999999,62.894251574468086,13.319071343110206,0.7882208790827686,52,64,,True,True,,448,87.6246207195492
112,2026-09-18T06:49:34.344+00:00,2026-09-18T06:51:30.152+00:00,2026-09-18T06:51:32.173+00:00,True,34,34.0,,34.0,115807.253585,117828.578897,117828.57902399999,3465.546441882353,37.12964100000001,115807.253585,19850.27791342671,78.7561203,61.25228218181818,10.02498893035105,0.2885547828742053,52,64,,True,True,,153,87.6246207195492
113,2026-09-18T06:49:34.664+00:00,2026-09-18T06:51:31.418+00:00,2026-09-18T06:51:36.213+00:00,True,76,76.0,,76.0,116753.236907,121548.93969099999,121548.939711,1599.3281540921053,37.168951,116753.236907,13385.186650509679,93.92275324999999,63.94270378666667,13.400322582628386,0.6252625501563908,52,64,,True,True,,315,87.6246207195492
114,2026-09-18T06:49:35.148+00:00,2026-09-18T06:51:32.266+00:00,2026-09-18T06:51:37.135+00:00,True,78,78.0,,78.0,117118.180223,121987.328895,121987.328882,1563.940113871795,32.990729,117118.180223,13253.869087531175,93.32990595,63.235697038961035,13.25861357861461,0.6394106724571215,52,64,,True,True,,332,87.6246207195492
115,2026-09-18T06:49:35.454+00:00,2026-09-18T06:51:34.698+00:00,2026-09-18T06:51:39.278+00:00,True,75,75.0,,75.0,119243.342348,123824.237068,123824.237141,1650.9898285466668,37.182991,119243.342348,13761.89140071816,89.44485840000002,61.9039827027027,10.948545210594864,0.605697251005977,52,64,,True,True,,309,87.6246207195492
116,2026-09-18T06:49:35.747+00:00,2026-09-18T06:51:36.153+00:00,2026-09-18T06:51:38.291+00:00,True,35,35.0,,35.0,120405.69858499999,122544.36328899999,122544.36327799999,3501.267522228571,38.627469,120405.69858499999,20341.648684840722,94.44379840000002,62.90190305882353,11.861236021098708,0.28561085194476443,52,64,,True,True,,166,87.6246207195492
117,2026-09-18T06:49:36.077+00:00,2026-09-18T06:51:37.255+00:00,2026-09-18T06:51:39.592+00:00,True,38,38.0,,38.0,121177.763244,123514.857388,123514.857479,3250.390986289474,36.616702,121177.763244,19647.385931983914,91.5690665,63.1647065945946,12.121224929741942,0.30765529591820473,52,64,,True,True,,176,87.6246207195492
118,2026-09-18T06:49:36.355+00:00,2026-09-18T06:51:38.414+00:00,2026-09-18T06:51:39.339+00:00,True,16,16.0,,16.0,122058.802132,122983.659988,122983.65995999999,7686.478747499999,43.13379,122058.802132,30499.287754392128,30582.792862,61.6571904,9.962185264313941,0.1300985838408223,52,64,,True,True,,69,87.6246207195492
119,2026-09-18T06:49:36.723+00:00,2026-09-18T06:51:39.959+00:00,2026-09-18T06:51:45.211+00:00,True,87,87.0,,87.0,123235.288163,128487.888995,128487.888834,1476.872285448276,35.889493,123235.288163,13205.664872940892,71.7903914,61.07675386046512,9.348780875393889,0.6771066182228703,52,64,,True,True,,353,87.6246207195492
120,2026-09-18T06:49:37.087+00:00,2026-09-18T06:51:41.452+00:00,2026-09-18T06:51:45.692+00:00,True,70,70.0,,70.0,124365.07059,128605.190142,128605.19020900001,1837.2170029857143,36.747621,124365.07059,14857.126873564932,69.11520245000001,61.451008,8.916546075585678,0.5443015163129046,52,64,,True,True,,258,87.6246207195492
121,2026-09-18T06:49:37.378+00:00,2026-09-18T06:51:42.818+00:00,2026-09-18T06:51:45.439+00:00,True,44,44.0,,44.0,125439.73343000001,128060.96607000001,128060.966178,2910.476504045455,36.135612,125439.73343000001,18901.56277032009,68.93677065,60.95889860465116,7.162387646982209,0.3435863507069668,52,64,,True,True,,194,87.6246207195492
122,2026-09-18T06:49:37.786+00:00,2026-09-18T06:51:44.265+00:00,2026-09-18T06:51:48.023+00:00,True,64,64.0,,64.0,126479.470063,130237.512431,130237.512403,2034.961131296875,34.811295,126479.470063,15802.480498131223,70.99351474999999,59.65146615873016,10.095335646776642,0.49140987727255064,52,64,,True,True,,241,87.6246207195492
123,2026-09-18T06:49:38.267+00:00,2026-09-18T06:51:45.753+00:00,2026-09-18T06:51:50.427+00:00,True,79,79.0,,79.0,127486.301482,132160.45905,132160.45913899998,1672.9172042911391,38.588748,127486.301482,14336.590417734895,70.09435399999998,59.92509702564102,9.311199124160387,0.5977582142788418,52,64,,True,True,,399,87.6246207195492
124,2026-09-18T06:49:38.611+00:00,2026-09-18T06:51:47.025+00:00,2026-09-18T06:51:50.207+00:00,True,54,54.0,,54.0,128414.148405,131595.704885,131595.704835,2436.9574969444443,37.616409,128414.148405,17466.785345956818,70.5003147,60.02936754716981,8.69252960750692,0.4103477392912633,52,64,,True,True,,207,87.6246207195492
125,2026-09-18T06:49:38.936+00:00,2026-09-18T06:51:48.147+00:00,2026-09-18T06:51:51.677+00:00,True,59,59.0,,59.0,129210.57227500001,132741.04933100002,132741.049344,2249.848293966102,37.368781000000006,129210.57227500001,16813.861343133878,74.6271526,60.870294068965514,8.84964420247387,0.44447441313258684,52,64,,True,True,,332,87.6246207195492
126,2026-09-18T06:49:39.195+00:00,2026-09-18T06:51:49.262+00:00,2026-09-18T06:51:50.799+00:00,True,27,27.0,,27.0,130066.21814499999,131603.833505,131603.833559,4874.21605774074,37.397769999999994,130066.21814499999,25019.875276582286,69.3964875,59.1390523076923,8.033323671922474,0.20516119691129056,52,64,,True,True,,74,87.6246207195492
127,2026-09-18T06:49:39.557+00:00,2026-09-18T06:51:50.484+00:00,2026-09-18T06:51:52.493+00:00,True,32,32.0,,32.0,130927.512442,132936.562042,132936.561847,4154.26755771875,39.977535,130927.512442,23133.479160395153,93.06767225,64.80805161290323,11.444505380427966,0.24071631993830198,52,64,,True,True,,148,87.6246207195492
128,2026-09-18T06:49:39.943+00:00,2026-09-18T06:51:51.739+00:00,2026-09-18T06:51:55.969+00:00,True,68,68.0,,68.0,131796.373696,136026.16416,136026.164231,2000.384768102941,36.048693,131796.373696,15975.0059522036,94.0106225,63.13120095522388,11.100366757805439,0.4999038267374459,52,64,,True,True,,361,87.6246207195492
129,2026-09-18T06:49:40.354+00:00,2026-09-18T06:51:53.317+00:00,2026-09-18T06:51:57.305+00:00,True,67,67.0,,67.0,132962.541854,136951.06819000002,136951.068139,2044.0457931194032,34.11460700000001,132962.541854,16236.581221731141,84.02778239999999,60.43221721212121,11.953595830319196,0.48922582996612396,52,64,,True,True,,379,87.6246207195492
130,2026-09-18T06:49:40.792+00:00,2026-09-18T06:51:55.068+00:00,2026-09-18T06:51:55.236+00:00,True,4,4.0,,4.0,134275.323178,134443.43223399998,134443.432145,33610.85803625,44.803916,134275.323178,67109.64392430718,114143.61886044998,56.036352,9.997617317882096,0.02975229011587539,52,64,,True,True,,13,87.6246207195492
131,2026-09-18T06:49:41.255+00:00,2026-09-18T06:51:56.906+00:00,2026-09-18T06:52:02.846+00:00,True,98,98.0,,98.0,135650.696896,141591.25344,141591.25329300002,1444.8087070714287,34.573145,135650.696896,13696.607371395334,77.65760875000001,61.242850969072165,10.74264671134442,0.6921331481928578,52,64,,True,True,,464,87.6246207195492
132,2026-09-18T06:49:41.624+00:00,2026-09-18T06:51:58.370+00:00,2026-09-18T06:52:01.097+00:00,True,45,45.0,,45.0,136746.031006,139472.402846,139472.402985,3099.3867330000003,39.442346,136746.031006,20375.659159010556,70.559537,61.962996363636364,7.4343305976319956,0.3226444736145203,52,64,,True,True,,225,87.6246207195492
133,2026-09-18T06:49:41.916+00:00,2026-09-18T06:51:59.539+00:00,2026-09-18T06:51:59.975+00:00,True,8,8.0,,8.0,137623.555515,138059.76645899998,138059.766552,17257.470819,57.101523,137623.555515,48635.24279967769,89478.92453964999,62.31584914285714,3.4731382810821794,0.05794591867845716,52,64,,True,True,,22,87.6246207195492
134,2026-09-18T06:49:42.176+00:00,2026-09-18T06:52:00.443+00:00,2026-09-18T06:52:04.143+00:00,True,61,61.0,,61.0,138267.47397,141967.68568199998,141967.685633,2327.339108737705,32.396409,138267.47397,17695.4438106264,93.155766,61.6701952,11.85751079375195,0.42967524410193414,52,64,,True,True,,258,87.6246207195492
135,2026-09-18T06:49:42.478+00:00,2026-09-18T06:52:01.293+00:00,2026-09-18T06:52:02.721+00:00,True,24,24.0,,24.0,138815.182703,140243.532143,140243.532041,5843.480501708334,41.304683,138815.182703,28322.858070143746,94.9676018,62.10214956521739,15.587815519064824,0.17113088663175058,52,64,,True,True,,131,87.6246207195492
136,2026-09-18T06:49:42.866+00:00,2026-09-18T06:52:02.840+00:00,2026-09-18T06:52:03.355+00:00,True,9,9.0,,9.0,139974.350486,140489.211542,140489.21163600002,15609.912404,59.494409,139974.350486,46636.664424522816,84012.86939480001,64.357632,3.91483663090016,0.0640618585670502,52,64,,True,True,,22,87.6246207195492
137,2026-09-18T06:49:43.288+00:00,2026-09-18T06:52:04.540+00:00,2026-09-18T06:52:04.876+00:00,True,6,6.0,,6.0,141251.557537,141587.48176099997,141587.48184199998,23597.913640333332,52.912161,141251.557537,57638.279962059,105960.65812174998,67.1848448,13.022367181727414,0.04237662768893662,52,64,,True,True,,21,87.6246207195492
138,2026-09-18T06:49:43.637+00:00,2026-09-18T06:52:05.848+00:00,2026-09-18T06:52:10.784+00:00,True,81,81.0,,81.0,142210.92582300003,147147.02489500004,147147.02488300003,1816.629936827161,36.706911999999996,142210.92582300003,15794.361782727316,90.15975199999998,61.7012384,10.574370537071438,0.5504698450940433,52,64,,True,True,,397,87.6246207195492
139,2026-09-18T06:49:43.977+00:00,2026-09-18T06:52:07.190+00:00,2026-09-18T06:52:08.758+00:00,True,26,26.0,,26.0,143213.490148,144780.90954000002,144780.909407,5568.4965156538465,36.663551,143213.490148,28074.18274663395,93.18738174999999,62.69677568,11.866206675613563,0.17958168713408124,52,64,,True,True,,150,87.6246207195492
140,2026-09-18T06:49:44.421+00:00,2026-09-18T06:52:09.065+00:00,2026-09-18T06:52:12.843+00:00,True,63,63.0,,63.0,144644.510263,148422.905399,148422.90546100002,2355.9191343015873,34.294316,144644.510263,18215.819911141178,70.6909885,60.94185703225806,9.6185049906929,0.4244627864589994,52,64,,True,True,,272,87.6246207195492
141,2026-09-18T06:49:44.798+00:00,2026-09-18T06:52:10.497+00:00,2026-09-18T06:52:16.191+00:00,True,92,92.0,,92.0,145698.487641,151393.29621700002,151393.296238,1645.5793069347828,38.666807999999996,145698.487641,15183.596447197433,89.24861240000001,62.58031402197802,10.375838538379112,0.6076887306035765,52,64,,True,True,,488,87.6246207195492
142,2026-09-18T06:49:45.257+00:00,2026-09-18T06:52:12.228+00:00,2026-09-18T06:52:13.393+00:00,True,19,19.0,,19.0,146970.843512,148135.455864,148135.456071,7796.602951105263,40.684273999999995,146970.843512,33702.58277090794,14779.8944123,64.70068622222223,12.550655846257914,0.1282609884931498,52,64,,True,True,,53,87.6246207195492
143,2026-09-18T06:49:45.623+00:00,2026-09-18T06:52:13.545+00:00,2026-09-18T06:52:16.593+00:00,True,51,51.0,,51.0,147922.51891999997,150970.49357599998,150970.493661,2960.205758058823,37.017050000000005,147922.51891999997,20704.762103022513,74.1493765,60.95949312,10.106687137533688,0.33781435558681616,52,64,,True,True,,263,87.6246207195492
144,2026-09-18T06:49:46.025+00:00,2026-09-18T06:52:15.167+00:00,2026-09-18T06:52:16.423+00:00,True,22,22.0,,22.0,149141.89076100002,150398.25812100002,150398.2581,6836.28445909091,38.959388,149141.89076100002,31784.403831921263,65.92201605000001,59.827017142857144,8.35469477686994,0.14627828988750868,52,64,,True,True,,103,87.6246207195492
145,2026-09-18T06:49:46.418+00:00,2026-09-18T06:52:16.877+00:00,2026-09-18T06:52:19.847+00:00,True,47,47.0,,47.0,150458.58209,153428.936522,153428.936763,3264.4454630425535,36.327503,150458.58209,21937.225949555228,97.91717260000001,64.57292243478261,15.09681010515992,0.3063307422016884,52,64,,True,True,,154,87.6246207195492
146,2026-09-18T06:49:46.768+00:00,2026-09-18T06:52:18.232+00:00,2026-09-18T06:52:22.257+00:00,True,64,64.0,,64.0,151463.96890900002,155488.39207700003,155488.39202800003,2429.5061254375005,37.022661,151463.96890900002,18925.015183984226,94.4455966,63.87973282539683,12.460330417173315,0.4116062887080748,52,64,,True,True,,238,87.6246207195492
147,2026-09-18T06:49:47.191+00:00,2026-09-18T06:52:19.904+00:00,2026-09-18T06:52:22.314+00:00,True,39,39.0,,39.0,152713.52371200002,155123.015936,155123.01601000002,3977.5132310256417,38.932877999999995,152713.52371200002,24443.583033912168,90.91299990000002,63.40769010526316,9.446988899379274,0.25141336870403846,52,64,,True,True,,180,87.6246207195492
148,2026-09-18T06:49:47.565+00:00,2026-09-18T06:52:21.344+00:00,2026-09-18T06:52:21.843+00:00,True,9,9.0,,9.0,153778.98217899998,154278.05187499998,154278.05189799998,17142.005766444443,55.830135999999996,153778.98217899998,51238.86628058506,92294.82199219998,62.383712,3.839490708931664,0.05833623053065273,52,64,,True,True,,35,87.6246207195492
149,2026-09-18T06:49:47.923+00:00,2026-09-18T06:52:22.469+00:00,2026-09-18T06:52:27.867+00:00,True,86,86.0,,86.0,154545.989512,159943.739784,159943.740011,1859.8109303604651,37.881779,154545.989512,16658.27794110842,92.6339345,63.50294437647059,10.062592540718521,0.5376890656435872,52,64,,True,True,,406,87.6246207195492
151,2026-09-18T06:49:48.902+00:00,2026-09-18T06:52:24.500+00:00,2026-09-18T06:52:24.500+00:00,True,1,1.0,,1.0,155598.767401,155598.767401,155598.767401,155598.767401,155598.767401,155598.767401,nan,155598.767401,nan,nan,0.006426786128857042,52,64,,True,True,,1,87.6246207195492
150,2026-09-18T06:49:48.845+00:00,2026-09-18T06:52:25.194+00:00,2026-09-18T06:52:31.168+00:00,True,97,97.0,,97.0,156348.380905,162322.441449,162322.441579,1673.4272327731958,35.905133,156348.380905,15868.456992149911,73.73229300000001,62.22979733333334,9.084373717834149,0.5975760291313532,52,64,,True,True,,430,87.6246207195492
152,2026-09-18T06:49:48.968+00:00,2026-09-18T06:52:26.232+00:00,2026-09-18T06:52:27.018+00:00,True,14,14.0,,14.0,157263.82331600002,158049.83035600002,158049.830271,11289.273590785717,37.438739999999996,157263.82331600002,42014.3661979473,55086.527639700005,60.46208,7.629591569492389,0.08857965850684964,52,64,,True,True,,54,87.6246207195492
153,2026-09-18T06:49:49.428+00:00,2026-09-18T06:52:28.187+00:00,2026-09-18T06:52:29.227+00:00,True,18,18.0,,18.0,158758.95855,159799.191766,159799.19174100002,8877.732874500001,33.322118,158758.95855,37405.42503026973,23901.2380353,61.19018917647058,13.543244759810536,0.11264137071705645,52,64,,True,True,,80,87.6246207195492
154,2026-09-18T06:49:49.833+00:00,2026-09-18T06:52:29.736+00:00,2026-09-18T06:52:32.320+00:00,True,42,42.0,,42.0,159902.9929,162487.306244,162487.306172,3868.7453850476195,37.314481,159902.9929,24663.843941133237,88.1363931,63.0320327804878,11.29054361563188,0.2584817298708273,52,64,,True,True,,130,87.6246207195492
155,2026-09-18T06:49:50.174+00:00,2026-09-18T06:52:31.106+00:00,2026-09-18T06:52:36.424+00:00,True,82,82.0,,82.0,160931.669276,166249.913628,166249.913502,2027.4379695365853,35.927973,160931.669276,17764.685228644557,99.47691315000002,65.65733767901234,14.736200501781601,0.4932333389566914,52,64,,True,True,,399,87.6246207195492
156,2026-09-18T06:49:50.455+00:00,2026-09-18T06:52:32.260+00:00,2026-09-18T06:52:38.148+00:00,True,92,92.0,,92.0,161804.930843,167692.91701900001,167692.91697800002,1822.7490975869566,34.208046,161804.930843,16862.591483761338,100.042532,64.70314479120879,15.53761741467595,0.5486218597388712,52,64,,True,True,,263,87.6246207195492
157,2026-09-18T06:49:50.770+00:00,2026-09-18T06:52:33.431+00:00,2026-09-18T06:52:34.872+00:00,True,24,24.0,,24.0,162661.25741,164101.786306,164101.786324,6837.574430166666,34.719875,162661.25741,33190.308967183155,102.17048594999999,62.63169113043478,15.532775883122032,0.14625069318409056,52,64,,True,True,,107,87.6246207195492
158,2026-09-18T06:49:51.090+00:00,2026-09-18T06:52:34.992+00:00,2026-09-18T06:52:35.216+00:00,True,4,4.0,,4.0,163902.160241,164125.432177,164125.43228500002,41031.358071250004,62.711273,163902.160241,81913.86937255261,139331.03426045002,74.42397866666667,17.592184549575567,0.02437160376026444,52,64,,True,True,,22,87.6246207195492
159,2026-09-18T06:49:51.426+00:00,2026-09-18T06:52:36.364+00:00,2026-09-18T06:52:36.364+00:00,True,1,1.0,,1.0,164938.21569299998,164938.21569299998,164938.21569299998,164938.21569299998,164938.21569299998,164938.21569299998,nan,164938.21569299998,nan,nan,0.006062876306733566,52,64,,True,True,,2,87.6246207195492
160,2026-09-18T06:49:51.732+00:00,2026-09-18T06:52:37.250+00:00,2026-09-18T06:52:39.063+00:00,True,29,29.0,,29.0,165518.095577,167330.780377,167330.780368,5770.026909241379,36.380813,165518.095577,30723.921276850895,109.6285238,64.73874285714285,16.41208508456846,0.17330941704008282,52,64,,True,True,,127,87.6246207195492
161,2026-09-18T06:49:52.081+00:00,2026-09-18T06:52:38.530+00:00,2026-09-18T06:52:43.924+00:00,True,87,87.0,,87.0,166448.925645,171842.20129300002,171842.20139300002,1975.1977171609196,37.406881,166448.925645,17838.477269996558,90.1053727,62.71250753488372,10.048400617908136,0.5062784307078353,52,64,,True,True,,435,87.6246207195492
162,2026-09-18T06:49:52.553+00:00,2026-09-18T06:52:40.431+00:00,2026-09-18T06:52:42.288+00:00,True,30,30.0,,30.0,167878.569283,169735.34573099998,169735.345713,5657.8448571,38.780357,167878.569283,30638.60496620734,88.9192553,64.02677406896552,9.744743971137003,0.17674574421019304,52,64,,True,True,,137,87.6246207195492
163,2026-09-18T06:49:52.958+00:00,2026-09-18T06:52:42.106+00:00,2026-09-18T06:52:43.361+00:00,True,21,21.0,,21.0,169147.63516,170402.505432,170402.505391,8114.405018619048,37.38292,169147.63516,36897.34938662854,87.149249,62.7435136,9.07547937730228,0.12323762462741582,52,64,,True,True,,101,87.6246207195492
164,2026-09-18T06:49:53.399+00:00,2026-09-18T06:52:43.822+00:00,2026-09-18T06:52:47.641+00:00,True,61,61.0,,61.0,170422.888424,174242.323944,174242.32396500002,2856.431540409836,37.054921,170422.888424,21812.268800608526,100.006123,63.657258666666664,13.930861813917524,0.3500871580409183,52,64,,True,True,,345,87.6246207195492
165,2026-09-18T06:49:53.697+00:00,2026-09-18T06:52:44.712+00:00,2026-09-18T06:52:47.852+00:00,True,51,51.0,,51.0,171014.868975,174155.00004699998,174155.000102,3414.8039235686274,35.385834,171014.868975,23938.081656657356,95.49066149999999,62.802621439999996,14.44815161217981,0.29284258267770896,52,64,,True,True,,201,87.6246207195492
166,2026-09-18T06:49:54.048+00:00,2026-09-18T06:52:45.962+00:00,2026-09-18T06:52:50.748+00:00,True,77,77.0,,77.0,171913.887042,176700.27833799997,176700.27826199998,2294.8088085974023,36.578891000000006,171913.887042,19584.232767757097,91.6422264,62.97883284210526,12.915895787487505,0.43576615002671953,52,64,,True,True,,378,87.6246207195492
167,2026-09-18T06:49:54.477+00:00,2026-09-18T06:52:48.038+00:00,2026-09-18T06:52:52.556+00:00,True,72,72.0,,72.0,173561.69548300002,178079.46828300002,178079.468186,2473.325947027778,35.208104,173561.69548300002,20446.94601453647,89.2828274,63.63060281690141,11.119867780644329,0.4043138756770049,52,64,,True,True,,272,87.6246207195492
168,2026-09-18T06:49:54.929+00:00,2026-09-18T06:52:49.617+00:00,2026-09-18T06:52:54.689+00:00,True,80,80.0,,80.0,174687.868211,179759.66494699998,179759.664917,2246.9958114625,37.66648,174687.868211,19523.524238339043,96.43922355000001,64.1999586835443,13.493105270812078,0.4450386577188329,52,64,,True,True,,393,87.6246207195492
169,2026-09-18T06:49:55.374+00:00,2026-09-18T06:52:51.381+00:00,2026-09-18T06:52:54.753+00:00,True,52,52.0,,52.0,176007.392636,179379.34092400002,179379.340788,3449.6027074615386,37.4695,176007.392636,24398.66876806226,96.40052105,66.11663309803922,13.54666269168938,0.2898884550034751,52,64,,True,True,,251,87.6246207195492
170,2026-09-18T06:49:55.795+00:00,2026-09-18T06:52:53.081+00:00,2026-09-18T06:52:59.037+00:00,True,92,92.0,,92.0,177286.255937,183242.330177,183242.330182,1991.7644585,34.802245,177286.255937,18476.550933303464,96.8370822,65.45136527472528,13.421711025014039,0.5020673984615568,52,64,,True,True,,360,87.6246207195492
171,2026-09-18T06:49:56.199+00:00,2026-09-18T06:52:54.463+00:00,2026-09-18T06:52:55.830+00:00,True,21,21.0,,21.0,178263.699322,179630.927994,179630.928058,8553.85371704762,59.289709,178263.699322,38885.41274848384,102.065499,68.3614336,13.002746137830579,0.11690637149467624,52,64,,True,True,,89,87.6246207195492
172,2026-09-18T06:49:56.598+00:00,2026-09-18T06:52:56.172+00:00,2026-09-18T06:53:00.281+00:00,True,66,66.0,,66.0,179574.910603,183683.268747,183683.268779,2783.0798299848484,39.008877,179574.910603,22096.366940866345,96.47668275,63.2055099076923,12.556444072844053,0.3593141631800253,52,64,,True,True,,232,87.6246207195492
173,2026-09-18T06:49:56.956+00:00,2026-09-18T06:52:57.501+00:00,2026-09-18T06:52:58.853+00:00,True,22,22.0,,22.0,180545.287853,181896.73719699998,181896.737099,8268.0335045,39.007707,180545.287853,38478.66684949046,96.83653754999999,64.35473066666667,14.545464535513814,0.12094774397285254,52,64,,True,True,,97,87.6246207195492
174,2026-09-18T06:49:57.262+00:00,2026-09-18T06:52:58.645+00:00,2026-09-18T06:53:03.243+00:00,True,75,75.0,,75.0,181382.94961,185980.94641,185980.94649200002,2479.7459532266666,40.244975,181382.94961,20937.12636663861,81.0656346,62.13509189189189,9.558542406264733,0.403267116593011,52,64,,True,True,,390,87.6246207195492
175,2026-09-18T06:49:57.621+00:00,2026-09-18T06:52:59.951+00:00,2026-09-18T06:53:03.929+00:00,True,66,66.0,,66.0,182330.129263,186308.565103,186308.56500200002,2822.8570454848486,39.954425,182330.129263,22435.754309466058,67.80114549999999,61.20670523076923,6.305506554260845,0.3542510241733231,52,64,,True,True,,309,87.6246207195492
176,2026-09-18T06:49:57.881+00:00,2026-09-18T06:53:01.027+00:00,2026-09-18T06:53:04.417+00:00,True,56,56.0,,56.0,183146.825271,186536.577335,186536.57730900001,3331.010309089286,37.382160000000006,183146.825271,24465.788750836564,68.3351205,61.631855709090914,5.764702223876146,0.3002092179456574,52,64,,True,True,,216,87.6246207195492
177,2026-09-18T06:49:58.360+00:00,2026-09-18T06:53:03.108+00:00,2026-09-18T06:53:05.842+00:00,True,46,46.0,,46.0,184747.98265000002,187481.80588200002,187481.80583300002,4075.6914311521746,34.140526,184747.98265000002,27230.64777625966,69.4544335,60.75162737777778,8.028711108534056,0.2453571416361977,52,64,,True,True,,181,87.6246207195492
178,2026-09-18T06:49:58.805+00:00,2026-09-18T06:53:04.706+00:00,2026-09-18T06:53:07.945+00:00,True,55,55.0,,55.0,185901.031316,189139.614612,189139.61447600002,3438.9020813818183,35.683553,185901.031316,25058.805191163217,77.30215749999999,59.97376474074074,10.361760452582478,0.2907904835950243,52,64,,True,True,,229,87.6246207195492
179,2026-09-18T06:49:59.269+00:00,2026-09-18T06:53:06.217+00:00,2026-09-18T06:53:09.431+00:00,True,55,55.0,,55.0,186948.299438,190162.31799799998,190162.31794399998,3457.496689890909,39.984125,186948.299438,25200.080287588404,73.7443468,59.518862222222225,10.761938201428206,0.2892265964100125,52,64,,True,True,,295,87.6246207195492
180,2026-09-18T06:49:59.596+00:00,2026-09-18T06:53:07.577+00:00,2026-09-18T06:53:12.680+00:00,True,85,85.0,,85.0,187981.043271,193083.795783,193083.79558900002,2271.5740657529414,33.706427000000005,187981.043271,20382.82068334796,69.2126876,60.74705371428572,10.626723717621259,0.44022337377046633,52,64,,True,True,,427,87.6246207195492
181,2026-09-18T06:49:59.954+00:00,2026-09-18T06:53:09.070+00:00,2026-09-18T06:53:12.238+00:00,True,54,54.0,,54.0,189115.877893,192284.406021,192284.405925,3560.8223319444446,35.215514000000006,189115.877893,25727.276811491414,67.3638633,59.783549584905664,7.380806382985382,0.2808340058220971,52,64,,True,True,,294,87.6246207195492
182,2026-09-18T06:50:00.378+00:00,2026-09-18T06:53:10.831+00:00,2026-09-18T06:53:16.675+00:00,True,94,94.0,,94.0,190452.208697,196296.579385,196296.57939,2088.2614828723404,35.389163,190452.208697,19637.167248779537,92.6966976,62.84269556989247,11.843705346677595,0.4788672339299205,52,64,,True,True,,403,87.6246207195492
183,2026-09-18T06:50:00.801+00:00,2026-09-18T06:53:12.170+00:00,2026-09-18T06:53:14.219+00:00,True,33,33.0,,33.0,191369.14136500002,193418.06347700002,193418.06327800002,5861.153432666667,42.924099999999996,191369.14136500002,33301.947565559036,95.42156940000001,64.028816,11.72503987754054,0.17061488160294885,52,64,,True,True,,135,87.6246207195492
184,2026-09-18T06:50:01.240+00:00,2026-09-18T06:53:13.676+00:00,2026-09-18T06:53:16.671+00:00,True,48,48.0,,48.0,192435.68808300002,195430.770579,195430.770477,4071.4743849375004,33.787326,192435.68808300002,27766.504594976097,94.84390290000002,63.7251594893617,13.991326715240438,0.24561127123324067,52,64,,True,True,,224,87.6246207195492
185,2026-09-18T06:50:02.584+00:00,2026-09-18T06:53:15.696+00:00,2026-09-18T06:53:21.001+00:00,True,86,86.0,,86.0,193112.341928,198417.357992,198417.35788700002,2307.1785800813955,37.290921000000004,193112.341928,20817.112894432095,92.25251525,62.41195369411765,12.278394874694694,0.43342982121285695,52,64,,True,True,,365,87.6246207195492
187,2026-09-18T06:50:02.745+00:00,2026-09-18T06:53:17.557+00:00,2026-09-18T06:53:19.492+00:00,True,31,31.0,,31.0,194812.72471799998,196747.36868599997,196747.36864399997,6346.689311096774,38.1042,194812.72471799998,34977.81827584279,94.36264849999999,64.48813226666667,13.245780423226854,0.15756246300541188,52,64,,True,True,,109,87.6246207195492
186,2026-09-18T06:50:02.610+00:00,2026-09-18T06:53:17.865+00:00,2026-09-18T06:53:20.607+00:00,True,45,45.0,,45.0,195254.070246,197996.661734,197996.661913,4399.925820288889,37.390411,195254.070246,29097.468589411208,90.63815460000002,62.331624727272725,11.3843877112997,0.22727655913944433,52,64,,True,True,,170,87.6246207195492
188,2026-09-18T06:50:03.000+00:00,2026-09-18T06:53:20.874+00:00,2026-09-18T06:53:24.115+00:00,True,52,52.0,,52.0,197873.814063,201114.377007,201114.376939,3867.5841719038463,36.642802,197873.814063,27431.353611532366,99.94057875,63.54044988235294,15.356657202431283,0.2585593370989588,52,64,,True,True,,283,87.6246207195492
189,2026-09-18T06:50:03.293+00:00,2026-09-18T06:53:22.142+00:00,2026-09-18T06:53:22.835+00:00,True,12,12.0,,12.0,198848.28243599998,199541.46771599998,199541.46761,16628.455634166665,39.749976000000004,198848.28243599998,57384.36541039278,89539.41665284999,63.01684363636363,16.310545050196055,0.06013787578769922,52,64,,True,True,,49,87.6246207195492
190,2026-09-18T06:50:03.716+00:00,2026-09-18T06:53:23.771+00:00,2026-09-18T06:53:29.153+00:00,True,87,87.0,,87.0,200055.122871,205437.041847,205437.041937,2361.3453096206895,38.757927,200055.122871,21441.45411915527,93.68160529999999,62.58045320930233,11.331115441742922,0.4234874062526347,52,64,,True,True,,284,87.6246207195492
191,2026-09-18T06:50:04.085+00:00,2026-09-18T06:53:25.482+00:00,2026-09-18T06:53:31.395+00:00,True,96,96.0,,96.0,201396.898416,207310.285424,207310.28549900002,2159.4821406145834,37.012531,201396.898416,20548.63472136375,89.51545025,62.24617903157895,10.831611103883729,0.4630739849865945,52,64,,True,True,,616,87.6246207195492
192,2026-09-18T06:50:04.550+00:00,2026-09-18T06:53:27.179+00:00,2026-09-18T06:53:30.524+00:00,True,56,56.0,,56.0,202629.370313,205973.885385,205973.885385,3678.1050961607143,38.800757,202629.370313,27069.364607765317,90.62840824999999,60.80936494545455,10.559339270474105,0.27187912630441735,52,64,,True,True,,301,87.6246207195492
193,2026-09-18T06:50:04.852+00:00,2026-09-18T06:53:28.197+00:00,2026-09-18T06:53:32.363+00:00,True,69,69.0,,69.0,203345.208829,207511.033597,207511.033627,3007.4062844492755,38.460728,203345.208829,24472.513033670122,73.7313062,61.26212894117647,9.1668448783698,0.3325124394782907,52,64,,True,True,,404,87.6246207195492
194,2026-09-18T06:50:05.261+00:00,2026-09-18T06:53:29.522+00:00,2026-09-18T06:53:34.036+00:00,True,74,74.0,,74.0,204260.34547,208775.132542,208775.132616,2821.2855758918918,35.597063999999996,204260.34547,23737.59628529054,89.334883,61.84639824657534,11.882438075167963,0.354448344010095,52,64,,True,True,,342,87.6246207195492
195,2026-09-18T06:50:05.579+00:00,2026-09-18T06:53:30.980+00:00,2026-09-18T06:53:36.017+00:00,True,81,81.0,,81.0,205400.636722,210437.31051399998,210437.310563,2597.991488432099,33.497767,205400.636722,22815.30048127432,88.764035,62.958422399999996,11.561022920182177,0.38491273150257843,52,64,,True,True,,383,87.6246207195492
196,2026-09-18T06:50:06.028+00:00,2026-09-18T06:53:32.696+00:00,2026-09-18T06:53:36.538+00:00,True,62,62.0,,62.0,206667.962014,210509.759134,210509.759047,3395.3186943064516,37.20464,206667.962014,26238.86256087462,91.46149855,62.98028065573771,13.93887309867352,0.294523162513021,52,64,,True,True,,248,87.6246207195492
197,2026-09-18T06:50:06.498+00:00,2026-09-18T06:53:34.763+00:00,2026-09-18T06:53:39.359+00:00,True,73,73.0,,73.0,208264.24457100002,212860.50620300003,212860.50608400002,2915.897343616439,34.653434999999995,208264.24457100002,24368.01777975975,93.0604342,63.836967111111115,12.62857213107466,0.3429476012350625,52,64,,True,True,,194,87.6246207195492
198,2026-09-18T06:50:06.863+00:00,2026-09-18T06:53:35.950+00:00,2026-09-18T06:53:40.923+00:00,True,81,81.0,,81.0,209086.818656,214060.578144,214060.57816399998,2642.7231872098764,35.555304,209086.818656,23224.963299901505,88.580864,62.1719936,10.972747955755391,0.37839755784229806,52,64,,True,True,,374,87.6246207195492
199,2026-09-18T06:50:07.260+00:00,2026-09-18T06:53:37.662+00:00,2026-09-18T06:53:43.370+00:00,True,93,93.0,,93.0,210401.69246000002,216109.79178800003,216109.79196700003,2323.761203946237,38.171078,210401.69246000002,21811.2081642908,91.78538400000001,62.04455791304348,10.969355587236794,0.4303368173674953,52,64,,True,True,,479,87.6246207195492
200,2026-09-18T06:50:07.697+00:00,2026-09-18T06:53:39.548+00:00,2026-09-18T06:53:39.984+00:00,True,8,8.0,,8.0,211850.917012,212287.246228,212287.246117,26535.905764625,41.790612,211850.917012,74878.57283969171,137729.7171831,62.33274514285714,11.655782160321223,0.037684788616118126,52,64,,True,True,,26,87.6246207195492
201,2026-09-18T06:50:08.035+00:00,2026-09-18T06:53:40.640+00:00,2026-09-18T06:53:44.979+00:00,True,71,71.0,,71.0,212605.228045,216944.103949,216944.10383,3055.550758169014,38.352249,212605.228045,25224.24471796725,90.17949649999998,61.98394148571429,10.967442077695503,0.327273240929797,52,64,,True,True,,398,87.6246207195492
202,2026-09-18T06:50:08.450+00:00,2026-09-18T06:53:42.235+00:00,2026-09-18T06:53:42.998+00:00,True,14,14.0,,14.0,213785.258441,214548.01991300003,214548.019827,15324.85855907143,42.109812,213785.258441,57120.832943815454,74868.94809845001,58.67395938461539,8.203681604380616,0.06525345703808895,52,64,,True,True,,78,87.6246207195492
203,2026-09-18T06:50:08.808+00:00,2026-09-18T06:53:43.554+00:00,2026-09-18T06:53:46.319+00:00,True,45,45.0,,45.0,214746.27324799998,217511.13187199997,217511.131753,4833.580705622222,36.653271000000004,214746.27324799998,32003.118729346977,91.53004859999999,62.837696,10.53042584869704,0.20688596308938068,52,64,,True,True,,198,87.6246207195492
204,2026-09-18T06:50:09.196+00:00,2026-09-18T06:53:45.042+00:00,2026-09-18T06:53:46.262+00:00,True,20,20.0,,20.0,215846.419043,217066.174819,217066.174665,10853.30873325,39.001387,215846.419043,48250.372445906934,10882.348018499999,64.19767242105263,9.638604491198542,0.09213780091106752,52,64,,True,True,,109,87.6246207195492
205,2026-09-18T06:50:09.532+00:00,2026-09-18T06:53:46.257+00:00,2026-09-18T06:53:51.905+00:00,True,90,90.0,,90.0,216724.865674,222372.629898,222372.629715,2470.8069968333334,0.01871,216724.865674,22838.12886332526,92.36189005,63.458024988764045,22.768628002945196,0.40472606741792844,52,64,,True,True,,394,87.6246207195492
206,2026-09-18T06:50:09.890+00:00,2026-09-18T06:53:47.540+00:00,2026-09-18T06:53:49.703+00:00,True,35,35.0,,35.0,217650.63011700002,219812.86269300003,219812.86275800003,6280.367507371429,0.01745,217650.63011700002,36778.93638967828,130.98425769999997,63.59507576470588,33.380147709782605,0.15922635086592946,52,64,,True,True,,170,87.6246207195492
207,2026-09-18T06:50:10.303+00:00,2026-09-18T06:53:49.780+00:00,2026-09-18T06:53:54.991+00:00,True,85,85.0,,85.0,219477.359375,224688.069903,224688.069814,2643.3890566352943,35.112454,219477.359375,23798.93703756862,92.1059414,62.032268190476195,12.715809765839657,0.37830223935207297,52,64,,True,True,,399,87.6246207195492
208,2026-09-18T06:50:10.645+00:00,2026-09-18T06:53:50.760+00:00,2026-09-18T06:53:52.970+00:00,True,36,36.0,,36.0,220115.619915,222325.427531,222325.427507,6175.706319638889,34.305256,220115.619915,36675.41594390237,92.80081875,63.13736045714286,12.843770426329847,0.16192479825538772,52,64,,True,True,,168,87.6246207195492
209,2026-09-18T06:50:11.022+00:00,2026-09-18T06:53:52.057+00:00,2026-09-18T06:53:57.968+00:00,True,95,95.0,,95.0,221034.87842,226945.358804,226945.358949,2388.8985152526316,35.980462,221034.87842,22671.25149964113,90.07842120000001,62.87745089361702,10.828865446487251,0.418602964610729,52,64,,True,True,,366,87.6246207195492
210,2026-09-18T06:50:11.483+00:00,2026-09-18T06:53:53.748+00:00,2026-09-18T06:53:54.382+00:00,True,11,11.0,,11.0,222264.768438,222899.08319,222899.083121,20263.553011,34.287385,222264.768438,66996.22668796172,111187.36642650001,63.4314752,20.458274776938747,0.04934968705377563,52,64,,True,True,,48,87.6246207195492
211,2026-09-18T06:50:11.882+00:00,2026-09-18T06:53:55.549+00:00,2026-09-18T06:54:00.688+00:00,True,83,83.0,,83.0,223666.934583,228806.416951,228806.416921,2756.703818325301,40.298935,223666.934583,24543.757141317714,72.7113593,62.676614243902435,7.833352354375624,0.3627520639763126,52,64,,True,True,,444,87.6246207195492
212,2026-09-18T06:50:12.340+00:00,2026-09-18T06:53:57.309+00:00,2026-09-18T06:54:02.331+00:00,True,81,81.0,,81.0,224969.348252,229991.118236,229991.118131,2839.3965201358023,36.451132,224969.348252,24989.621344566116,80.47032899999999,62.7721248,9.477483608952596,0.3521875132451147,52,64,,True,True,,431,87.6246207195492
213,2026-09-18T06:50:12.719+00:00,2026-09-18T06:53:58.471+00:00,2026-09-18T06:53:59.499+00:00,True,18,18.0,,18.0,225752.305505,226780.052577,226780.052451,12598.891802833334,40.377314,225752.305505,53196.08035560667,33937.93858615,60.45571011764706,11.668007183358615,0.07937206026481695,52,64,,True,True,,76,87.6246207195492
214,2026-09-18T06:50:13.086+00:00,2026-09-18T06:54:00.235+00:00,2026-09-18T06:54:06.201+00:00,True,97,97.0,,97.0,227148.92467100002,233114.78041500002,233114.780552,2403.245160329897,35.907333,227148.92467100002,23057.17097708814,75.8096598,62.14433066666666,9.209628934905183,0.4161040317877606,52,64,,True,True,,464,87.6246207195492
215,2026-09-18T06:50:13.432+00:00,2026-09-18T06:54:01.527+00:00,2026-09-18T06:54:01.630+00:00,True,3,3.0,,3.0,228095.504569,228197.87794500001,228197.87816800002,76065.95938933334,44.407667000000004,228095.504569,131661.4484259112,205291.75070530002,51.186688,9.587146072371693,0.013146485090115765,52,64,,True,True,,7,87.6246207195492
216,2026-09-18T06:50:13.907+00:00,2026-09-18T06:54:03.243+00:00,2026-09-18T06:54:07.697+00:00,True,72,72.0,,72.0,229335.96726499998,233790.763041,233790.763044,3247.0939311666666,35.777322999999996,229335.96726499998,27020.11107264064,91.91580905,62.743602478873235,11.799144304095476,0.30796768470862695,52,64,,True,True,,372,87.6246207195492
217,2026-09-18T06:50:14.230+00:00,2026-09-18T06:54:04.371+00:00,2026-09-18T06:54:08.051+00:00,True,59,59.0,,59.0,230141.847377,233821.82996899998,233821.829907,3963.0818628305083,34.161096,230141.847377,29953.65879180338,93.19353579999999,63.44797572413793,12.427063724489354,0.252328877965852,52,64,,True,True,,322,87.6246207195492
218,2026-09-18T06:50:14.604+00:00,2026-09-18T06:54:05.706+00:00,2026-09-18T06:54:10.294+00:00,True,73,73.0,,73.0,231101.71952900002,235690.18672900004,235690.186848,3228.6326965479457,36.068812,231101.71952900002,27040.955003566854,94.604673,63.72871111111111,13.879486839654032,0.30972863577021326,52,64,,True,True,,355,87.6246207195492
219,2026-09-18T06:50:15.067+00:00,2026-09-18T06:54:07.469+00:00,2026-09-18T06:54:09.711+00:00,True,36,36.0,,36.0,232402.89325999998,234644.329932,234644.33009399998,6517.8980581666665,33.138228000000005,232402.89325999998,38723.1450851143,101.73502475,64.04104777142857,15.594877885287032,0.15342369453560975,52,64,,True,True,,178,87.6246207195492
220,2026-09-18T06:50:15.357+00:00,2026-09-18T06:54:08.708+00:00,2026-09-18T06:54:14.491+00:00,True,94,94.0,,94.0,233350.506478,239133.92843,239133.92844,2543.9779621276593,35.698534,233350.506478,24061.85557956114,91.01480095,62.18733281720431,11.444789708164224,0.39308516619596273,52,64,,True,True,,486,87.6246207195492
221,2026-09-18T06:50:15.764+00:00,2026-09-18T06:54:10.084+00:00,2026-09-18T06:54:12.318+00:00,True,36,36.0,,36.0,234319.255713,236554.039969,236554.039799,6570.945549972222,37.617940000000004,234319.255713,39042.57001636184,97.73060925000001,63.850978742857144,14.344521201822062,0.15218509903579638,52,64,,True,True,,191,87.6246207195492
222,2026-09-18T06:50:16.116+00:00,2026-09-18T06:54:11.586+00:00,2026-09-18T06:54:11.817+00:00,True,4,4.0,,4.0,235470.01466999998,235701.44250999996,235701.44243599998,58925.360608999996,60.645487,235470.01466999998,117696.43762591985,200165.14982459997,77.14261333333333,23.658747967263977,0.016970621636438626,52,64,,True,True,,16,87.6246207195492
223,2026-09-18T06:50:17.187+00:00,2026-09-18T06:54:12.445+00:00,2026-09-18T06:54:14.733+00:00,True,39,39.0,,39.0,235258.09774599998,237546.49377799997,237546.49373199997,6090.935736717948,37.23811,235258.09774599998,37661.80278320321,70.08456969999999,60.220948210526316,8.76239878100529,0.1641783862170898,52,64,,True,True,,199,87.6246207195492
224,2026-09-18T06:50:17.278+00:00,2026-09-18T06:54:12.632+00:00,2026-09-18T06:54:17.468+00:00,True,79,79.0,,79.0,235354.081004,240189.71953200002,240189.71947100002,3040.376195835443,36.382822,235354.081004,26472.430182615117,91.3434046,61.995365743589744,11.128224125827517,0.32890666658809675,52,64,,True,True,,384,87.6246207195492
225,2026-09-18T06:50:17.341+00:00,2026-09-18T06:54:16.032+00:00,2026-09-18T06:54:19.790+00:00,True,59,59.0,,59.0,238691.741544,242449.021288,242449.02143999998,4109.305448135593,36.531791,238691.741544,31066.586496356038,95.4551381,64.78068524137932,12.14188542857155,0.24335012649902665,52,64,,True,True,,309,87.6246207195492
226,2026-09-18T06:50:17.638+00:00,2026-09-18T06:54:17.821+00:00,2026-09-18T06:54:19.158+00:00,True,22,22.0,,22.0,240183.223073,241519.911201,241519.911161,10978.177780045455,34.583214,240183.223073,51193.66556026742,91.3714018,63.65181561904762,10.14205175528044,0.09108979831352683,52,64,,True,True,,93,87.6246207195492
227,2026-09-18T06:50:18.021+00:00,2026-09-18T06:54:19.157+00:00,2026-09-18T06:54:21.244+00:00,True,34,34.0,,34.0,241135.794929,243223.184881,243223.184882,7153.623084764706,39.713305999999996,241135.794929,41343.60031591464,81.25284789999999,63.254240969696966,7.565365289405596,0.13978930510524698,52,64,,True,True,,138,87.6246207195492
228,2026-09-18T06:50:18.393+00:00,2026-09-18T06:54:20.826+00:00,2026-09-18T06:54:25.881+00:00,True,82,82.0,,82.0,242433.378411,247487.811947,247487.81186800002,3018.144047170732,36.271623,242433.378411,26765.39897140131,80.35420195,62.40041402469136,10.398062128481405,0.3313294475186538,52,64,,True,True,,285,87.6246207195492
229,2026-09-18T06:50:18.864+00:00,2026-09-18T06:54:22.903+00:00,2026-09-18T06:54:27.449+00:00,True,74,74.0,,74.0,244038.669831,248584.306439,248584.306401,3359.2473837972975,36.415772,244038.669831,28361.682345125024,86.01512989999999,62.26899463013699,10.283049739544614,0.29768572706804736,52,64,,True,True,,271,87.6246207195492
230,2026-09-18T06:50:19.220+00:00,2026-09-18T06:54:24.313+00:00,2026-09-18T06:54:24.378+00:00,True,2,2.0,,2.0,245093.322478,245158.23051,245158.230686,122579.115343,64.908208,245093.322478,173261.2533137036,232841.90176449998,64.908032,nan,0.008157996555283589,52,64,,True,True,,3,87.6246207195492
231,2026-09-18T06:50:19.574+00:00,2026-09-18T06:54:25.685+00:00,2026-09-18T06:54:26.734+00:00,True,18,18.0,,18.0,246110.964433,247159.944657,247159.944689,13731.108038277776,39.812176,246110.964433,57994.36701364315,36974.27045149999,61.70471905882353,6.385535346023155,0.07282733464348269,52,64,,True,True,,65,87.6246207195492
232,2026-09-18T06:50:20.021+00:00,2026-09-18T06:54:27.300+00:00,2026-09-18T06:54:29.095+00:00,True,28,28.0,,28.0,247279.76582300002,249074.63635100002,249074.63651200003,8895.52273257143,36.258392,247279.76582300002,46718.922862095824,102.0344546,66.47668622222223,15.848236868085692,0.11241610310148942,52,64,,True,True,,145,87.6246207195492
233,2026-09-18T06:50:20.309+00:00,2026-09-18T06:54:28.314+00:00,2026-09-18T06:54:31.013+00:00,True,44,44.0,,44.0,248004.41195699997,250703.68568499997,250703.685824,5697.8110414545445,35.898013,248004.41195699997,37378.61012322023,91.5466548,62.773807627906976,11.659205369622418,0.1755059957725727,52,64,,True,True,,191,87.6246207195492
234,2026-09-18T06:50:20.626+00:00,2026-09-18T06:54:29.746+00:00,2026-09-18T06:54:30.785+00:00,True,18,18.0,,18.0,249120.03078,250159.116092,250159.11610400002,13897.728672444444,35.505703999999994,249120.03078,58703.748324943925,37434.96205205,61.1226654117647,9.416862004789593,0.07195420371320872,52,64,,True,True,,79,87.6246207195492
235,2026-09-18T06:50:21.078+00:00,2026-09-18T06:54:31.269+00:00,2026-09-18T06:54:35.070+00:00,True,62,62.0,,62.0,250191.136653,253992.735885,253992.735755,4096.657028306451,36.917631,250191.136653,31766.392819161756,92.46997940000001,62.3212988852459,9.851392898909193,0.2441014692171026,52,64,,True,True,,243,87.6246207195492
236,2026-09-18T06:50:21.430+00:00,2026-09-18T06:54:32.361+00:00,2026-09-18T06:54:36.463+00:00,True,68,68.0,,68.0,250931.099657,255033.30714500003,255033.307307,3750.4898133382353,37.0757,250931.099657,30422.44193249645,76.35969994999999,61.22697743283582,8.773563852551726,0.26663184021426023,52,64,,True,True,,333,87.6246207195492
237,2026-09-18T06:50:21.724+00:00,2026-09-18T06:54:33.587+00:00,2026-09-18T06:54:36.759+00:00,True,52,52.0,,52.0,251862.396785,255034.982513,255034.98251499998,4904.51889451923,35.329133999999996,251862.396785,34918.40515880656,81.2516905,62.20756329411765,10.562184327316078,0.20389359721405823,52,64,,True,True,,194,87.6246207195492
238,2026-09-18T06:50:22.083+00:00,2026-09-18T06:54:35.129+00:00,2026-09-18T06:54:38.733+00:00,True,58,58.0,,58.0,253046.176279,256650.116119,256650.11611200002,4425.002001931035,34.419956,253046.176279,33218.291131255995,97.5515727,63.2270147368421,12.973584728768026,0.22598859831844906,52,64,,True,True,,265,87.6246207195492
239,2026-09-18T06:50:22.355+00:00,2026-09-18T06:54:35.999+00:00,2026-09-18T06:54:40.039+00:00,True,64,64.0,,64.0,253643.982613,257683.411477,257683.411339,4026.303302171875,35.686682999999995,253643.982613,31697.48628256478,99.6698183,64.11791847619048,14.347281185412486,0.248366783228933,52,64,,True,True,,314,87.6246207195492
240,2026-09-18T06:50:22.704+00:00,2026-09-18T06:54:37.569+00:00,2026-09-18T06:54:38.860+00:00,True,22,22.0,,22.0,254864.979777,256156.555585,256156.555769,11643.479807681819,37.850339,254864.979777,54324.28455057645,90.21081705,61.5036099047619,10.153691140792938,0.08588497744965883,52,64,,True,True,,92,87.6246207195492
241,2026-09-18T06:50:23.123+00:00,2026-09-18T06:54:38.986+00:00,2026-09-18T06:54:41.695+00:00,True,44,44.0,,44.0,255862.985456,258571.783664,258571.78361399999,5876.631445772728,43.881527999999996,255862.985456,38563.30089346243,95.81450005,62.9953071627907,10.540090586520876,0.17016551217040607,52,64,,True,True,,202,87.6246207195492
242,2026-09-18T06:50:23.549+00:00,2026-09-18T06:54:40.453+00:00,2026-09-18T06:54:46.522+00:00,True,100,100.0,,100.0,256904.38610499998,262973.03685699997,262973.036755,2629.7303675499998,36.831481,256904.38610499998,25684.309686867207,68.2686938,61.299502545454544,7.298548839022917,0.380267122421293,52,64,,True,True,,398,87.6246207195492
243,2026-09-18T06:50:23.986+00:00,2026-09-18T06:54:42.138+00:00,2026-09-18T06:54:45.673+00:00,True,59,59.0,,59.0,258152.021177,261687.209401,261687.20950899998,4435.376432355932,38.258908000000005,258152.021177,33600.596393411615,69.78621340000001,60.95152110344828,8.67789163295169,0.22546000675787914,52,64,,True,True,,186,87.6246207195492
244,2026-09-18T06:50:24.461+00:00,2026-09-18T06:54:43.703+00:00,2026-09-18T06:54:47.178+00:00,True,58,58.0,,58.0,259242.087084,262716.927404,262716.927519,4529.602198603448,36.833541,259242.087084,34032.15021736032,74.13250880000001,60.962110877192984,9.241780182972349,0.2207699388582181,52,64,,True,True,,249,87.6246207195492
245,2026-09-18T06:50:24.816+00:00,2026-09-18T06:54:45.052+00:00,2026-09-18T06:54:45.921+00:00,True,15,15.0,,15.0,260235.935744,261104.95539199997,261104.955437,17406.997029133334,41.301742,260235.935744,67176.60327449928,78133.71402089999,62.072832,10.278806782547298,0.05744816285650466,52,64,,True,True,,76,87.6246207195492
246,2026-09-18T06:50:25.212+00:00,2026-09-18T06:54:46.151+00:00,2026-09-18T06:54:47.926+00:00,True,30,30.0,,30.0,260938.87790700002,262713.45224300004,262713.452215,8757.115073833334,41.353972999999996,260938.87790700002,47629.53211130528,88.6535784,61.19221848275862,10.14908490154848,0.11419285820297899,52,64,,True,True,,133,87.6246207195492
247,2026-09-18T06:50:25.651+00:00,2026-09-18T06:54:47.800+00:00,2026-09-18T06:54:52.399+00:00,True,78,78.0,,78.0,262148.69633,266747.94113,266747.941199,3419.8453999871795,36.681091,262148.69633,29675.733449946303,70.78954265,59.73045194805194,10.268220597284799,0.29241087923519,52,64,,True,True,,371,87.6246207195492
248,2026-09-18T06:50:25.912+00:00,2026-09-18T06:54:48.896+00:00,2026-09-18T06:54:52.173+00:00,True,55,55.0,,55.0,262983.760669,266261.260829,266261.26090399997,4841.1138346181815,38.989727,262983.760669,35452.540703802464,89.3509455,60.69444740740741,11.03960543539711,0.20656403349386396,52,64,,True,True,,162,87.6246207195492
249,2026-09-18T06:50:26.291+00:00,2026-09-18T06:54:50.362+00:00,2026-09-18T06:54:54.762+00:00,True,75,75.0,,75.0,264071.10832400003,268470.873572,268470.873336,3579.6116444800005,31.058702,264071.10832400003,30485.441359452496,69.65222310000001,59.456287135135135,10.203695419952917,0.27935991343167466,52,64,,True,True,,288,87.6246207195492
250,2026-09-18T06:50:26.745+00:00,2026-09-18T06:54:52.112+00:00,2026-09-18T06:54:57.488+00:00,True,88,88.0,,88.0,265366.905945,270742.60770500003,270742.60779,3076.620543068182,36.228782,265366.905945,28281.622371180478,89.8496572,61.789675402298855,10.564655023784544,0.3250319583827176,52,64,,True,True,,430,87.6246207195492
251,2026-09-18T06:50:27.096+00:00,2026-09-18T06:54:53.152+00:00,2026-09-18T06:54:58.491+00:00,True,86,86.0,,86.0,266055.814186,271395.60938599997,271395.60945399996,3155.7629006279067,38.626078,266055.814186,28682.76425993627,90.71880175,62.82112,11.210560853181933,0.31688058695777976,52,64,,True,True,,334,87.6246207195492
252,2026-09-18T06:50:27.358+00:00,2026-09-18T06:54:54.240+00:00,2026-09-18T06:54:57.051+00:00,True,46,46.0,,46.0,266881.656092,269693.550876,269693.551067,5862.903284065218,42.989239999999995,266881.656092,39340.34191042181,90.7311275,62.486550755555555,11.397285580935195,0.1705639599114846,52,64,,True,True,,221,87.6246207195492
253,2026-09-18T06:50:27.828+00:00,2026-09-18T06:54:55.991+00:00,2026-09-18T06:54:59.492+00:00,True,55,55.0,,55.0,268163.050401,271664.23081700003,271664.231027,4939.349655036364,36.182372,268163.050401,36150.358221082955,98.29888330000001,64.83667437037037,13.45445202532497,0.20245580301312985,52,64,,True,True,,268,87.6246207195492
254,2026-09-18T06:50:28.305+00:00,2026-09-18T06:54:57.872+00:00,2026-09-18T06:55:03.374+00:00,True,88,88.0,,88.0,269567.141086,275069.524958,275069.52493400004,3125.790056068182,37.620879,269567.141086,28729.213895336175,91.0575757,63.24579163218391,11.118125766905887,0.3199191186789471,52,64,,True,True,,347,87.6246207195492
255,2026-09-18T06:50:28.773+00:00,2026-09-18T06:54:59.950+00:00,2026-09-18T06:55:04.188+00:00,True,68,68.0,,68.0,271177.8639,275414.909404,275414.909521,4050.2192576617645,36.92668,271177.8639,32877.47937610924,91.10588159999999,63.239485134328355,11.355772645979664,0.24690021374352078,52,64,,True,True,,330,87.6246207195492
256,2026-09-18T06:50:29.249+00:00,2026-09-18T06:55:01.623+00:00,2026-09-18T06:55:06.046+00:00,True,71,71.0,,71.0,272373.558292,276796.15438799997,276796.154315,3898.5373847183096,36.278662,272373.558292,32317.299024970012,93.46973,63.17994422857143,13.523127166156737,0.2565064538450036,52,64,,True,True,,261,87.6246207195492
257,2026-09-18T06:50:29.578+00:00,2026-09-18T06:55:02.687+00:00,2026-09-18T06:55:04.148+00:00,True,24,24.0,,24.0,273109.301961,274569.513417,274569.513442,11440.396393416668,38.631067,273109.301961,55735.24486869331,92.60728475,63.48745460869565,12.652279839334145,0.08740955869907602,52,64,,True,True,,106,87.6246207195492
258,2026-09-18T06:50:29.957+00:00,2026-09-18T06:55:03.947+00:00,2026-09-18T06:55:05.614+00:00,True,27,27.0,,27.0,273990.13361699996,275657.13598499994,275657.136059,10209.523557740738,35.933563,273990.13361699996,52717.088350459606,96.36541600000001,64.1154756923077,13.163986842307756,0.09794776363587127,52,64,,True,True,,115,87.6246207195492
259,2026-09-18T06:50:30.297+00:00,2026-09-18T06:55:05.552+00:00,2026-09-18T06:55:08.579+00:00,True,49,49.0,,49.0,275255.079293,278282.296957,278282.297064,5679.23055232653,37.2055,275255.079293,39313.14639432519,94.7988242,63.067034666666665,11.976602961268899,0.17608019099961453,52,64,,True,True,,224,87.6246207195492
260,2026-09-18T06:50:30.574+00:00,2026-09-18T06:55:06.808+00:00,2026-09-18T06:55:12.375+00:00,True,91,91.0,,91.0,276233.20269,281800.741122,281800.740995,3096.7114395054946,35.006174,276233.20269,28950.625349042257,91.83602750000001,61.86153813333333,11.909068302418826,0.32292321034245747,52,64,,True,True,,420,87.6246207195492
261,2026-09-18T06:50:31.020+00:00,2026-09-18T06:55:08.476+00:00,2026-09-18T06:55:09.597+00:00,True,20,20.0,,20.0,277455.339333,278576.298053,278576.29811000003,13928.814905500001,35.701483,277455.339333,62027.70900092989,13962.521258550003,58.997827368421056,13.393771645754573,0.07179361682879043,52,64,,True,True,,106,87.6246207195492
262,2026-09-18T06:50:31.411+00:00,2026-09-18T06:55:10.067+00:00,2026-09-18T06:55:10.573+00:00,True,10,10.0,,10.0,278656.177688,279162.29916000005,279162.299169,27916.229916900003,40.852743000000004,278656.177688,88101.03785383633,153291.1148837,56.23571911111111,10.841200664968762,0.035821455941901975,52,64,,True,True,,55,87.6246207195492
263,2026-09-18T06:50:31.752+00:00,2026-09-18T06:55:11.259+00:00,2026-09-18T06:55:15.181+00:00,True,63,63.0,,63.0,279506.91217100003,283429.197227,283429.19709400006,4498.876144349207,37.765499000000005,279506.91217100003,35206.59268445822,89.19628130000001,63.26266219354839,12.288694796743547,0.22227773502651157,52,64,,True,True,,234,87.6246207195492
265,2026-09-18T06:50:32.465+00:00,2026-09-18T06:55:13.296+00:00,2026-09-18T06:55:17.557+00:00,True,70,70.0,,70.0,280831.182175,285092.288095,285092.287971,4072.746971014286,36.753741000000005,280831.182175,33558.366960883686,85.17609130000001,61.755158260869564,11.013246118564798,0.2455345266185321,52,64,,True,True,,255,87.6246207195492
266,2026-09-18T06:50:32.776+00:00,2026-09-18T06:55:14.396+00:00,2026-09-18T06:55:18.147+00:00,True,62,62.0,,62.0,281619.834796,285371.11722799996,285371.117109,4602.759953370967,36.868731,281619.834796,35757.94640864664,78.43560825,61.496433311475414,11.046762901925437,0.21726094988955913,52,64,,True,True,,310,87.6246207195492
264,2026-09-18T06:50:32.047+00:00,2026-09-18T06:55:15.494+00:00,2026-09-18T06:55:18.595+00:00,True,52,52.0,,52.0,283446.63332200004,286547.81015400006,286547.810194,5510.534811423077,36.373212,283446.63332200004,39298.54460332443,72.9586318,60.8073888627451,10.170621061308452,0.1814705894002593,52,64,,True,True,,199,87.6246207195492
267,2026-09-18T06:50:33.170+00:00,2026-09-18T06:55:15.971+00:00,2026-09-18T06:55:19.175+00:00,True,54,54.0,,54.0,282800.757229,286005.473773,286005.473848,5296.397663851852,36.258692,282800.757229,38476.08143128123,72.04659154999999,60.46634988679245,10.094684243943735,0.1888075752104637,52,64,,True,True,,268,87.6246207195492
268,2026-09-18T06:50:33.482+00:00,2026-09-18T06:55:17.559+00:00,2026-09-18T06:55:18.589+00:00,True,18,18.0,,18.0,284076.60929500003,285107.016719,285107.01653200004,15839.278696222224,36.744191,284076.60929500003,66943.21313963168,42675.39794555,60.6122014117647,9.493755950085188,0.06313418802224957,52,64,,True,True,,92,87.6246207195492
270,2026-09-18T06:50:34.783+00:00,2026-09-18T06:55:18.951+00:00,2026-09-18T06:55:19.582+00:00,True,11,11.0,,11.0,284167.50603600004,284799.140468,284799.14040000003,25890.83094545455,39.022407,284167.50603600004,85660.68323138673,142130.446345,63.1634432,13.043802209865827,0.038623712072740464,52,64,,True,True,,39,87.6246207195492
269,2026-09-18T06:50:34.717+00:00,2026-09-18T06:55:19.521+00:00,2026-09-18T06:55:22.398+00:00,True,48,48.0,,48.0,284803.845144,287680.27932000003,287680.279287,5993.339151812501,37.729178999999995,284803.845144,41099.061577328815,72.72506255,61.20072714893617,9.054941406607533,0.1668518958388781,52,64,,True,True,,221,87.6246207195492
271,2026-09-18T06:50:34.808+00:00,2026-09-18T06:55:19.901+00:00,2026-09-18T06:55:22.356+00:00,True,41,41.0,,41.0,285093.513156,287548.139972,287548.139882,7013.369265414634,35.096815,285093.513156,44514.54358395914,72.630744,61.3656704,8.818202120033908,0.14258482076772389,52,64,,True,True,,151,87.6246207195492
272,2026-09-18T06:50:34.957+00:00,2026-09-18T06:55:22.908+00:00,2026-09-18T06:55:26.986+00:00,True,67,67.0,,67.0,287950.454562,292028.463138,292028.463321,4358.633780910448,37.444879,287950.454562,35171.20005351944,92.331695,61.788008727272725,10.771886047712687,0.22942969079126613,52,64,,True,True,,339,87.6246207195492
273,2026-09-18T06:50:35.344+00:00,2026-09-18T06:55:24.410+00:00,2026-09-18T06:55:28.974+00:00,True,74,74.0,,74.0,289066.316265,293629.722601,293629.72276399995,3967.96922654054,36.077183,289066.316265,33596.011756170556,90.82288059999999,62.51241556164384,11.587577702126657,0.2520180836752525,52,64,,True,True,,310,87.6246207195492
274,2026-09-18T06:50:35.739+00:00,2026-09-18T06:55:26.108+00:00,2026-09-18T06:55:29.828+00:00,True,62,62.0,,62.0,290368.353511,294089.060071,294089.060061,4743.371936467742,35.454214,290368.353511,36869.073474848716,93.03764335000001,60.99518950819672,12.543873441980239,0.21082049085753732,52,64,,True,True,,258,87.6246207195492
275,2026-09-18T06:50:36.093+00:00,2026-09-18T06:55:27.171+00:00,2026-09-18T06:55:28.786+00:00,True,27,27.0,,27.0,291078.151869,292692.58284499997,292692.582969,10840.466035888889,37.336800000000004,291078.151869,56006.0678878484,96.1865595,62.09349907692308,12.506305594819244,0.09224695664494609,52,64,,True,True,,116,87.6246207195492
276,2026-09-18T06:50:36.428+00:00,2026-09-18T06:55:28.728+00:00,2026-09-18T06:55:30.856+00:00,True,36,36.0,,36.0,292300.24997500004,294428.33752700005,294428.33753200003,8178.564931444445,36.268741999999996,292300.24997500004,48706.576070124116,90.77850500000001,60.80250148571429,12.228551924934447,0.12227083949315402,52,64,,True,True,,134,87.6246207195492
277,2026-09-18T06:50:36.745+00:00,2026-09-18T06:55:30.129+00:00,2026-09-18T06:55:31.693+00:00,True,25,25.0,,25.0,293383.580162,294948.36045000004,294948.36026700004,11797.934410680002,57.018883,293383.580162,58663.67693331512,93.3244948,65.19917866666667,9.486829179784868,0.08476059999742913,52,64,,True,True,,95,87.6246207195492
278,2026-09-18T06:50:37.032+00:00,2026-09-18T06:55:30.920+00:00,2026-09-18T06:55:33.985+00:00,True,50,50.0,,50.0,293888.595436,296953.46916399995,296953.469276,5939.06938552,34.444246,293888.595436,41553.27912297059,88.86628065,62.548443428571424,9.481946342609062,0.16837654781660844,52,64,,True,True,,197,87.6246207195492
279,2026-09-18T06:50:37.365+00:00,2026-09-18T06:55:32.098+00:00,2026-09-18T06:55:34.641+00:00,True,42,42.0,,42.0,294733.164441,297276.08770499995,297276.087841,7078.00209145238,35.505143,294733.164441,45468.745429114875,89.6488495,62.02251863414634,10.09747634006294,0.14128280657971534,52,64,,True,True,,176,87.6246207195492
280,2026-09-18T06:50:37.720+00:00,2026-09-18T06:55:33.323+00:00,2026-09-18T06:55:37.751+00:00,False,71,70.0,,70.0,295603.043498,300030.73169,300030.73187200003,4225.784955943662,0.03565,295603.043498,35074.12293337861,92.15788200000001,63.25268845714286,13.690559735634656,0.23330943335606677,52,64,,True,False,Request timeout: 300.0s exceeded,343,87.6246207195492
281,2026-09-18T06:50:38.028+00:00,2026-09-18T06:55:34.517+00:00,2026-09-18T06:55:37.504+00:00,True,47,47.0,,47.0,296489.101366,299475.527222,299475.527184,6371.819727319149,37.15088,296489.101366,43237.91218456056,93.6941569,64.92230121739131,12.702718180797623,0.1569410376733692,52,64,,True,True,,238,87.6246207195492
282,2026-09-18T06:50:38.292+00:00,2026-09-18T06:55:35.703+00:00,2026-09-18T06:55:38.209+00:00,True,40,40.0,,40.0,297410.40697,299916.79673,299916.796809,7497.919920225,43.14894,297410.40697,47014.55387015113,92.59882225,64.26640410256411,9.76468684923859,0.13337032282326616,52,64,,True,True,,119,87.6246207195492
283,2026-09-18T06:50:38.580+00:00,2026-09-18T06:55:36.862+00:00,2026-09-18T06:55:38.649+00:00,False,30,29.0,,29.0,298282.36222500005,300069.621105,300069.62092400005,10002.320697466668,0.02327,298282.36222500005,54447.409683477825,95.81404589999998,61.62961655172413,15.849091303216444,0.09664423840443466,52,64,,True,False,Request timeout: 300.0s exceeded,120,87.6246207195492
284,2026-09-18T06:50:38.856+00:00,2026-09-18T06:55:37.963+00:00,2026-09-18T06:55:38.888+00:00,False,17,16.0,,16.0,299107.05437,300031.12221,300031.12224700005,17648.88954394118,0.07864,299107.05437,72530.1105691103,59878.14106360001,57.75424,15.958752735354928,0.05332780106992088,52,64,,True,False,Request timeout: 300.0s exceeded,53,87.6246207195492
285,2026-09-18T06:50:39.244+00:00,2026-09-18T06:55:39.326+00:00,2026-09-18T06:55:39.326+00:00,False,1,0.0,,0.0,300081.728949,300081.728949,300081.728949,300081.728949,300081.728949,300081.728949,nan,300081.728949,nan,nan,0.0,52,64,,True,False,TTFT timeout: 300.0s exceeded (TTFT: 300.070s),0,87.6246207195492
286,2026-09-18T06:50:39.621+00:00,2026-09-18T06:55:39.731+00:00,2026-09-18T06:55:39.731+00:00,False,1,0.0,,0.0,300109.57100700005,300109.57100700005,300109.57100700005,300109.57100700005,300109.57100700005,300109.57100700005,nan,300109.57100700005,nan,nan,0.0,52,64,,True,False,"HTTPConnectionPool(host='gpu03', port=9002): Read timed out.",0,87.6246207195492
287,2026-09-18T06:50:39.990+00:00,2026-09-18T06:55:39.987+00:00,2026-09-18T06:55:39.987+00:00,True,1,1.0,,1.0,299997.23554799997,299997.23554799997,299997.23554799997,299997.23554799997,299997.23554799997,299997.23554799997,nan,299997.23554799997,nan,nan,0.0033333640497497136,52,64,,True,True,,1,87.6246207195492
288,2026-09-18T06:50:40.332+00:00,2026-09-18T06:55:40.227+00:00,2026-09-18T06:55:40.389+00:00,False,4,3.0,,3.0,299895.423891,300057.28680299997,300057.286777,75014.32169425,0.023620000000000002,299895.423891,149920.73988895465,254924.81002304997,53.954304,47.851878263756205,0.009998090804472361,52,64,,True,False,Request timeout: 300.0s exceeded,10,87.6246207195492
289,2026-09-18T06:50:40.703+00:00,2026-09-18T06:55:40.812+00:00,2026-09-18T06:55:40.812+00:00,False,1,0.0,,0.0,300108.166341,300108.166341,300108.166341,300108.166341,300108.166341,300108.166341,nan,300108.166341,nan,nan,0.0,52,64,,True,False,"HTTPConnectionPool(host='gpu03', port=9002): Read timed out.",0,87.6246207195492
290,2026-09-18T06:50:41.174+00:00,2026-09-18T06:55:41.193+00:00,2026-09-18T06:55:41.296+00:00,False,3,2.0,,2.0,300018.48073799995,300121.95081799995,300121.95089399995,100040.65029799998,0.06312,300018.48073799995,173185.8890631921,270026.97336779995,51.73504,73.07533370461056,0.006663957749671035,52,64,,True,False,Request timeout: 300.0s exceeded,7,87.6246207195492
291,2026-09-18T06:50:41.502+00:00,2026-09-18T06:55:41.501+00:00,2026-09-18T06:55:41.615+00:00,False,3,2.0,,2.0,299998.926495,300113.551263,300113.55151,100037.85050333333,0.04186,299998.926495,173171.38104703065,270010.492161,57.312384,80.99293844120407,0.006664144260008207,52,64,,True,False,Request timeout: 300.0s exceeded,6,87.6246207195492
292,2026-09-18T06:50:41.857+00:00,2026-09-18T06:55:41.836+00:00,2026-09-18T06:55:41.894+00:00,False,3,2.0,,2.0,299979.273903,300037.189039,300037.188954,100012.396318,0.023280000000000002,299979.273903,173176.39832122432,269987.13568979996,28.957568,40.919239879792094,0.006665840346011348,52,64,,True,False,Request timeout: 300.0s exceeded,6,87.6246207195492
293,2026-09-18T06:50:42.161+00:00,2026-09-18T06:55:42.274+00:00,2026-09-18T06:55:42.274+00:00,False,1,0.0,,0.0,300112.555534,300112.555534,300112.555534,300112.555534,300112.555534,300112.555534,nan,300112.555534,nan,nan,0.0,52,64,,True,False,"HTTPConnectionPool(host='gpu03', port=9002): Read timed out.",0,87.6246207195492
294,2026-09-18T06:50:42.435+00:00,2026-09-18T06:55:42.519+00:00,2026-09-18T06:55:42.519+00:00,False,1,0.0,,0.0,300083.931731,300083.931731,300083.931731,300083.931731,300083.931731,300083.931731,nan,300083.931731,nan,nan,0.0,52,64,,True,False,"HTTPConnectionPool(host='gpu03', port=9002): Read timed out.",0,87.6246207195492
295,2026-09-18T06:50:42.801+00:00,2026-09-18T06:55:42.747+00:00,2026-09-18T06:55:42.889+00:00,False,4,3.0,,3.0,299945.55777200003,300088.31796400005,300088.31796400005,75022.07949100001,0.06056,299945.55777200003,149948.98928665696,254964.46529060003,47.58673066666666,41.1595830647115,0.009997056934285238,52,64,,True,False,Request timeout: 300.0s exceeded,5,87.6246207195492
296,2026-09-18T06:50:43.114+00:00,2026-09-18T06:55:42.980+00:00,2026-09-18T06:55:43.143+00:00,False,4,3.0,,3.0,299865.63310399995,300028.781392,300028.78118899994,75007.19529724999,0.01884,299865.63310399995,149905.63033940078,254899.46688889994,54.382762666666665,48.054659842508066,0.009999040712298785,52,64,,True,False,Request timeout: 300.0s exceeded,4,87.6246207195492
297,2026-09-18T06:50:43.531+00:00,2026-09-18T06:55:43.638+00:00,2026-09-18T06:55:43.638+00:00,False,1,0.0,,0.0,300106.685652,300106.685652,300106.685652,300106.685652,300106.685652,300106.685652,nan,300106.685652,nan,nan,0.0,52,64,,True,False,"HTTPConnectionPool(host='gpu03', port=9002): Read timed out.",0,87.6246207195492
298,2026-09-18T06:50:43.964+00:00,2026-09-18T06:55:44.050+00:00,2026-09-18T06:55:44.050+00:00,False,1,0.0,,0.0,300085.942679,300085.942679,300085.942679,300085.942679,300085.942679,300085.942679,nan,300085.942679,nan,nan,0.0,52,64,,True,False,TTFT timeout: 300.0s exceeded (TTFT: 300.073s),0,87.6246207195492
299,2026-09-18T06:50:44.267+00:00,2026-09-18T06:55:44.254+00:00,2026-09-18T06:55:44.355+00:00,False,3,2.0,,2.0,299986.296329,300087.61216899997,300087.612019,100029.20400633333,0.02128,299986.296329,173167.92902169641,269997.79613709997,50.65792,71.61106829583795,0.006664720297996382,52,64,,True,False,Request timeout: 300.0s exceeded,4,87.6246207195492
300,2026-09-18T06:50:44.659+00:00,2026-09-18T06:55:44.495+00:00,2026-09-18T06:55:45.819+00:00,False,23,22.0,,22.0,299836.034611,301160.230707,301160.23068599997,13093.923073304348,0.03799,299836.034611,62507.58717667657,93.983263,60.19073163636363,18.94863331385281,0.07305081400805503,52,64,,True,False,Request timeout: 300.0s exceeded,105,87.6246207195492
301,2026-09-18T06:50:44.981+00:00,2026-09-18T06:55:45.180+00:00,2026-09-18T06:55:45.860+00:00,False,12,11.0,,11.0,300198.920791,300878.205527,300878.205617,25073.183801416668,0.04157,300198.920791,86642.14038142595,135138.71024555,61.75315781818182,24.38819706561394,0.03655964372937238,52,64,,True,False,Request timeout: 300.0s exceeded,51,87.6246207195492
302,2026-09-18T06:50:45.408+00:00,2026-09-18T06:55:45.752+00:00,2026-09-18T06:55:45.910+00:00,False,5,4.0,,4.0,300343.410609,300501.623473,300501.623532,60100.3247064,0.03843,300343.410609,134299.9700691585,240287.8993386,39.553216,28.503229734114925,0.013311076172469993,52,64,,True,False,Request timeout: 300.0s exceeded,7,87.6246207195492
303,2026-09-18T06:50:45.709+00:00,2026-09-18T06:55:45.815+00:00,2026-09-18T06:55:45.908+00:00,False,4,3.0,,3.0,300105.76050800004,300198.79321200005,300198.792993,75049.69824825,0.02423,300105.76050800004,150037.37657916246,255098.06042750002,31.010901333333333,27.98019113301561,0.009993377947663511,52,64,,True,False,Request timeout: 300.0s exceeded,5,87.6246207195492
304,2026-09-18T06:50:46.093+00:00,2026-09-18T06:55:46.157+00:00,2026-09-18T06:55:46.157+00:00,False,1,0.0,,0.0,300063.95002600003,300063.95002600003,300063.95002600003,300063.95002600003,300063.95002600003,300063.95002600003,nan,300063.95002600003,nan,nan,0.0,52,64,,True,False,"HTTPConnectionPool(host='gpu03', port=9002): Read timed out.",0,87.6246207195492
305,2026-09-18T06:50:46.569+00:00,2026-09-18T06:55:46.713+00:00,2026-09-18T06:55:46.713+00:00,False,1,0.0,,0.0,300143.01813599997,300143.01813599997,300143.01813599997,300143.01813599997,300143.01813599997,300143.01813599997,nan,300143.01813599997,nan,nan,0.0,52,64,,True,False,"HTTPConnectionPool(host='gpu03', port=9002): Read timed out.",0,87.6246207195492
306,2026-09-18T06:50:47.038+00:00,2026-09-18T06:55:47.108+00:00,2026-09-18T06:55:47.108+00:00,False,1,0.0,,0.0,300069.16774199996,300069.16774199996,300069.16774199996,300069.16774199996,300069.16774199996,300069.16774199996,nan,300069.16774199996,nan,nan,0.0,52,64,,True,False,TTFT timeout: 300.0s exceeded (TTFT: 300.053s),0,87.6246207195492
307,2026-09-18T06:50:47.411+00:00,2026-09-18T06:55:47.289+00:00,2026-09-18T06:55:47.471+00:00,False,5,4.0,,4.0,299877.686992,300059.32641599997,300059.32646199997,60011.8652924,0.0212,299877.686992,134089.0732685989,239914.69628019995,45.409856,30.30725001028359,0.013330697125055965,52,64,,True,False,Request timeout: 300.0s exceeded,10,87.6246207195492
308,2026-09-18T06:50:47.861+00:00,2026-09-18T06:55:47.695+00:00,2026-09-18T06:55:47.895+00:00,False,6,5.0,,5.0,299833.695274,300034.023978,300034.023848,50005.67064133333,0.03683,299833.695274,122390.23875810033,224890.51637925004,40.0657408,24.72896511675301,0.016664776660018484,52,64,,True,False,Request timeout: 300.0s exceeded,33,87.6246207195492
309,2026-09-18T06:50:48.266+00:00,2026-09-18T06:55:48.361+00:00,2026-09-18T06:55:48.361+00:00,False,1,0.0,,0.0,300094.952064,300094.952064,300094.952064,300094.952064,300094.952064,300094.952064,nan,300094.952064,nan,nan,0.0,52,64,,True,False,TTFT timeout: 300.0s exceeded (TTFT: 300.090s),0,87.6246207195492
310,2026-09-18T06:50:48.560+00:00,2026-09-18T06:55:48.556+00:00,2026-09-18T06:55:48.655+00:00,False,3,2.0,,2.0,299995.904032,300094.77712,300094.777106,100031.59236866666,0.022269999999999998,299995.904032,173174.18080075565,270006.19870919996,49.436544,69.88233363719308,0.006664561173619668,52,64,,True,False,Request timeout: 300.0s exceeded,2,87.6246207195492
311,2026-09-18T06:50:48.863+00:00,2026-09-18T06:55:48.746+00:00,2026-09-18T06:55:48.888+00:00,False,4,3.0,,3.0,299882.822746,300025.005658,300025.00543900003,75006.25135975001,0.037969,299882.822746,149917.71800318494,254911.30537870002,47.394304,41.04419307797175,0.009999166547536758,52,64,,True,False,Request timeout: 300.0s exceeded,19,87.6246207195492
312,2026-09-18T06:50:49.203+00:00,2026-09-18T06:55:49.177+00:00,2026-09-18T06:55:49.240+00:00,False,3,2.0,,2.0,299974.005887,300036.734847,300036.73489900003,100012.24496633334,0.02386,299974.005887,173171.9675787813,269982.8758135,31.36448,44.32240339628671,0.006665850436680279,52,64,,True,False,Request timeout: 300.0s exceeded,7,87.6246207195492
313,2026-09-18T06:50:49.488+00:00,2026-09-18T06:55:49.589+00:00,2026-09-18T06:55:49.589+00:00,False,1,0.0,,0.0,300100.99977999995,300100.99977999995,300100.99977999995,300100.99977999995,300100.99977999995,300100.99977999995,nan,300100.99977999995,nan,nan,0.0,52,64,,True,False,"HTTPConnectionPool(host='gpu03', port=9002): Read timed out.",0,87.6246207195492
314,2026-09-18T06:50:49.808+00:00,2026-09-18T06:55:49.904+00:00,2026-09-18T06:55:49.904+00:00,False,1,0.0,,0.0,300095.950772,300095.950772,300095.950772,300095.950772,300095.950772,300095.950772,nan,300095.950772,nan,nan,0.0,52,64,,True,False,TTFT timeout: 300.0s exceeded (TTFT: 300.088s),0,87.6246207195492
315,2026-09-18T06:50:50.113+00:00,2026-09-18T06:55:50.094+00:00,2026-09-18T06:55:50.166+00:00,False,3,2.0,,2.0,299980.88905,300053.286618,300053.286574,100017.76219133333,0.05552,299980.88905,173173.15145153232,269990.0343454,36.198784,51.11424888239724,0.0066654827298932885,52,64,,True,False,Request timeout: 300.0s exceeded,10,87.6246207195492
316,2026-09-18T06:50:50.518+00:00,2026-09-18T06:55:50.381+00:00,2026-09-18T06:55:50.574+00:00,False,5,4.0,,4.0,299862.918001,300055.720305,300055.72013900004,60011.1440278,0.03397,299862.918001,134081.22075064573,239904.70252180003,48.200576,32.579735767310574,0.013330857335211234,52,64,,True,False,Request timeout: 300.0s exceeded,15,87.6246207195492
317,2026-09-18T06:50:50.829+00:00,2026-09-18T06:55:50.926+00:00,2026-09-18T06:55:50.926+00:00,False,1,0.0,,0.0,300096.628995,300096.628995,300096.628995,300096.628995,300096.628995,300096.628995,nan,300096.628995,nan,nan,0.0,52,64,,True,False,"HTTPConnectionPool(host='gpu03', port=9002): Read timed out.",0,87.6246207195492
318,2026-09-18T06:50:51.208+00:00,2026-09-18T06:55:51.303+00:00,2026-09-18T06:55:51.303+00:00,False,1,0.0,,0.0,300094.635539,300094.635539,300094.635539,300094.635539,300094.635539,300094.635539,nan,300094.635539,nan,nan,0.0,52,64,,True,False,TTFT timeout: 300.0s exceeded (TTFT: 300.087s),0,87.6246207195492
319,2026-09-18T06:50:51.531+00:00,2026-09-18T06:55:51.458+00:00,2026-09-18T06:55:51.551+00:00,False,3,2.0,,2.0,299926.62016600004,300019.32186200004,300019.32186200004,100006.44062066668,0.03146,299926.62016600004,173135.96041136124,269943.225173,46.350848,65.50546711244185,0.00666623731960817,52,64,,True,False,Request timeout: 300.0s exceeded,7,87.6246207195492
320,2026-09-18T06:50:51.971+00:00,2026-09-18T06:55:51.984+00:00,2026-09-18T06:55:51.984+00:00,False,1,0.0,,0.0,300012.588563,300012.588563,300012.588563,300012.588563,300012.588563,300012.588563,nan,300012.588563,nan,nan,0.0,52,64,,True,False,TTFT timeout: 300.0s exceeded (TTFT: 300.007s),0,87.6246207195492
321,2026-09-18T06:50:52.312+00:00,2026-09-18T06:55:52.416+00:00,2026-09-18T06:55:52.416+00:00,False,1,0.0,,0.0,300104.30157300003,300104.30157300003,300104.30157300003,300104.30157300003,300104.30157300003,300104.30157300003,nan,300104.30157300003,nan,nan,0.0,52,64,,True,False,"HTTPConnectionPool(host='gpu03', port=9002): Read timed out.",0,87.6246207195492
322,2026-09-18T06:50:52.614+00:00,2026-09-18T06:55:52.699+00:00,2026-09-18T06:55:52.699+00:00,False,1,0.0,,0.0,300085.265191,300085.265191,300085.265191,300085.265191,300085.265191,300085.265191,nan,300085.265191,nan,nan,0.0,52,64,,True,False,"HTTPConnectionPool(host='gpu03', port=9002): Read timed out.",0,87.6246207195492
323,2026-09-18T06:50:52.882+00:00,2026-09-18T06:55:52.817+00:00,2026-09-18T06:55:52.927+00:00,False,4,3.0,,3.0,299935.720685,300045.550573,300045.550469,75011.38761725,0.04106,299935.720685,149949.55836189605,254956.35899855001,36.60996266666666,36.634286944185895,0.00999848187807108,52,64,,True,False,Request timeout: 300.0s exceeded,10,87.6246207195492
0,2026-09-18T06:48:53.190+00:00,2026-09-18T06:48:53.416+00:00,2026-09-18T06:48:56.886+00:00,True,62,62.0,,62.0,225.438311,3696.193639,3696.193731,59.61602791935484,10.91217,225.438311,24.82786908180237,72.01653714999999,56.89762832786885,12.684633287109108,16.77401295911921,53,64,,False,True,,241,87.6246207195492
1,2026-09-18T06:48:53.523+00:00,2026-09-18T06:48:53.653+00:00,2026-09-18T06:48:58.892+00:00,True,89,89.0,,89.0,129.730288,5368.4904799999995,5368.490554,60.320118584269665,12.525216,129.730288,12.747091994237525,70.6337624,59.53136581818182,10.40913885185438,16.57821697394535,53,64,,False,True,,469,87.6246207195492
2,2026-09-18T06:48:53.961+00:00,2026-09-18T06:48:54.402+00:00,2026-09-18T06:48:57.882+00:00,True,59,59.0,,59.0,441.01885999999996,3921.1693880000003,3921.169394,66.46049820338983,35.593773999999996,441.01885999999996,50.35265863418737,70.3962247,60.00259531034483,8.725646280329643,15.046531828122086,53,64,,False,True,,289,87.6246207195492
3,2026-09-18T06:48:54.322+00:00,2026-09-18T06:48:56.757+00:00,2026-09-18T06:49:02.155+00:00,True,90,90.0,,90.0,2434.361387,7832.247851,7832.247686,87.02497428888888,9.514472,2434.361387,250.41194790756546,68.4790233,60.65040970786517,10.084067679910666,11.490954029054258,53,64,,False,True,,425,87.6246207195492
4,2026-09-18T06:48:54.610+00:00,2026-09-18T06:48:57.761+00:00,2026-09-18T06:49:00.034+00:00,True,39,39.0,,39.0,3151.0254449999998,5424.125477,5424.125371,139.0801377179487,13.085306000000001,3151.0254449999998,495.16802507260127,73.0716532,59.818421894736844,13.482434216183663,7.190099153379155,53,64,,False,True,,172,87.6246207195492
5,2026-09-18T06:48:54.875+00:00,2026-09-18T06:48:58.606+00:00,2026-09-18T06:48:59.140+00:00,True,10,10.0,,10.0,3731.871685,4265.2620210000005,4265.262024,426.5262024,37.154201,3731.871685,1161.4168753717481,2085.3062635,59.26559288888889,9.813680558355623,2.3445218490130357,53,64,,False,True,,37,87.6246207195492
6,2026-09-18T06:48:55.349+00:00,2026-09-18T06:49:00.224+00:00,2026-09-18T06:49:02.345+00:00,True,36,36.0,,36.0,4874.557932,6995.9600439999995,6995.959970999999,194.33222141666667,35.952194000000006,4874.557932,802.3479013198489,69.26180674999999,60.611488914285715,6.229677826018602,5.145826987802048,53,64,,False,True,,187,87.6246207195492
7,2026-09-18T06:48:55.641+00:00,2026-09-18T06:49:01.435+00:00,2026-09-18T06:49:05.925+00:00,True,77,77.0,,77.0,5793.913374,10283.725342,10283.725481,133.55487637662338,0.0,5793.913374,653.830575903079,70.6900138,59.076473263157894,19.43994513101226,7.4875589768546735,53,64,,False,True,,299,87.6246207195492
8,2026-09-18T06:48:56.040+00:00,2026-09-18T06:49:02.918+00:00,2026-09-18T06:49:05.677+00:00,True,48,48.0,,48.0,6878.0225,9636.527716,9636.527704,200.76099383333334,7.589676000000001,6878.0225,984.4673258766444,68.99217,58.69160034042553,19.117670131087543,4.981047262522085,53,64,,False,True,,226,87.6246207195492
9,2026-09-18T06:48:56.455+00:00,2026-09-18T06:49:04.334+00:00,2026-09-18T06:49:07.906+00:00,True,60,60.0,,60.0,7878.306701,11450.160269,11450.160303,190.83600505,0.01781,7878.306701,1010.0388690725075,72.9768712,60.539890983050846,39.75771475706163,5.240101325257704,53,64,,False,True,,217,87.6246207195492
10,2026-09-18T06:48:56.740+00:00,2026-09-18T06:49:05.488+00:00,2026-09-18T06:49:10.639+00:00,True,86,86.0,,86.0,8748.144744000001,13899.244904000001,13899.244922000002,161.61912700000002,0.0,8748.144744000001,937.4450782113887,69.75393025,60.601178352941176,34.92559133441635,6.187386479912333,53,64,,False,True,,352,87.6246207195492
11,2026-09-18T06:48:57.185+00:00,2026-09-18T06:49:07.231+00:00,2026-09-18T06:49:07.899+00:00,True,10,10.0,,10.0,10046.319992,10713.540728,10713.540782,1071.3540782,0.01878,10046.319992,3154.564119095713,5658.950324150001,74.13563733333334,87.6487233379601,0.9333982344291509,53,64,,False,True,,51,87.6246207195492
12,2026-09-18T06:48:57.492+00:00,2026-09-18T06:49:08.217+00:00,2026-09-18T06:49:13.859+00:00,True,96,96.0,,96.0,10725.851989,16367.477589000002,16367.477575,170.49455807291667,0.0,10725.851989,1089.001362394496,68.65979275,59.38553263157895,28.135481732701532,5.865289839438557,53,64,,False,True,,514,87.6246207195492
13,2026-09-18T06:48:57.897+00:00,2026-09-18T06:49:09.729+00:00,2026-09-18T06:49:13.833+00:00,True,66,66.0,,66.0,11831.480244,15935.63282,15935.632797,241.44898177272728,0.0,11831.480244,1448.9023316768591,70.43191150000001,63.14080886153846,30.681272438651696,4.14166169272969,53,64,,False,True,,372,87.6246207195492
14,2026-09-18T06:48:58.185+00:00,2026-09-18T06:49:10.820+00:00,2026-09-18T06:49:15.154+00:00,True,73,73.0,,73.0,12635.031201,16968.433825,16968.433958,232.44430079452056,0.0,12635.031201,1472.1137383414416,70.94398620000001,60.18614755555555,31.833484198090872,4.302105942885981,53,64,,False,True,,282,87.6246207195492
15,2026-09-18T06:48:58.474+00:00,2026-09-18T06:49:11.861+00:00,2026-09-18T06:49:14.730+00:00,True,49,49.0,,49.0,13387.204923000001,16255.753787000001,16255.753792000001,331.75007738775514,0.0,13387.204923000001,1904.1439385042968,70.561639,59.761434666666666,29.47842965797518,3.014317308323538,53,64,,False,True,,205,87.6246207195492
16,2026-09-18T06:48:58.901+00:00,2026-09-18T06:49:13.829+00:00,2026-09-18T06:49:19.566+00:00,True,98,98.0,,98.0,14928.208589,20664.918988999998,20664.919109,210.86652152040816,0.0,14928.208589,1502.261669196661,67.94209769999999,59.1413443298969,28.042575044003165,4.742336519788232,53,64,,False,True,,446,87.6246207195492
17,2026-09-18T06:48:59.313+00:00,2026-09-18T06:49:14.850+00:00,2026-09-18T06:49:15.384+00:00,True,10,10.0,,10.0,15536.995158,16071.455061999999,16071.455085,1607.1455085,38.186989000000004,15536.995158,4894.45684387883,8575.3270641,59.38443377777778,8.513826854893189,0.6222211966136412,53,64,,False,True,,35,87.6246207195492
18,2026-09-18T06:48:59.695+00:00,2026-09-18T06:49:16.339+00:00,2026-09-18T06:49:19.625+00:00,True,56,56.0,,56.0,16644.130531,19929.739747,19929.739794999998,355.888210625,0.0,16644.130531,2216.4768755372934,70.41231425000002,59.73834938181818,36.44813100599703,2.8098711127640095,53,64,,False,True,,255,87.6246207195492
19,2026-09-18T06:48:59.978+00:00,2026-09-18T06:49:17.579+00:00,2026-09-18T06:49:22.229+00:00,True,76,76.0,,76.0,17601.364022,22251.169078000003,22251.169182,292.7785418684211,0.0,17601.364022,2012.712543499371,91.29221575,61.99740074666667,57.452363121204314,3.415550874364714,53,64,,False,True,,241,87.6246207195492
20,2026-09-18T06:49:00.392+00:00,2026-09-18T06:49:19.163+00:00,2026-09-18T06:49:20.262+00:00,True,18,18.0,,18.0,18770.420728999998,19869.424633,19869.424677,1103.8569264999999,0.0,18770.420728999998,4409.571585626788,3096.5572619499994,64.64728847058824,73.62355048413681,0.9059145059542802,53,64,,False,True,,97,87.6246207195492
21,2026-09-18T06:49:00.828+00:00,2026-09-18T06:49:20.637+00:00,2026-09-18T06:49:21.098+00:00,True,8,8.0,,8.0,19809.021350000003,20269.242534000005,20269.242615000003,2533.6553268750004,58.227992,19809.021350000003,6980.311592416299,12908.682704100002,65.74588342857143,12.513456503657371,0.394686677934839,53,64,,False,True,,21,87.6246207195492
22,2026-09-18T06:49:01.150+00:00,2026-09-18T06:49:21.656+00:00,2026-09-18T06:49:26.840+00:00,True,86,86.0,,86.0,20506.038435,25689.895331,25689.895332,298.7197131627907,0.0,20506.038435,2204.953640341218,88.2863335,60.98655171764706,37.01151056208402,3.347619711639066,53,64,,False,True,,403,87.6246207195492
23,2026-09-18T06:49:01.420+00:00,2026-09-18T06:49:22.655+00:00,2026-09-18T06:49:26.337+00:00,True,62,62.0,,62.0,21234.831471,24917.630319,24917.630357000002,401.89726382258067,0.0,21234.831471,2689.501451684027,87.97293220000002,60.37375160655738,43.285315344633126,2.4881980832954342,53,64,,False,True,,275,87.6246207195492
24,2026-09-18T06:49:01.793+00:00,2026-09-18T06:49:24.142+00:00,2026-09-18T06:49:24.674+00:00,True,11,11.0,,11.0,22349.002239999998,22880.649471999997,22880.649591999998,2080.059053818182,0.04351,22349.002239999998,6722.476297676353,11208.811625999999,53.164723200000005,20.580607675036383,0.48075558403449853,53,64,,False,True,,57,87.6246207195492
25,2026-09-18T06:49:02.256+00:00,2026-09-18T06:49:26.093+00:00,2026-09-18T06:49:31.610+00:00,True,92,92.0,,92.0,23836.704405,29353.759125,29353.759004,319.0625978695652,0.0,23836.704405,2479.1359664431952,69.8405755,60.62697494505495,39.32841187180345,3.1341812000373563,53,64,,False,True,,432,87.6246207195492
26,2026-09-18T06:49:02.559+00:00,2026-09-18T06:49:27.203+00:00,2026-09-18T06:49:32.421+00:00,True,88,88.0,,88.0,24644.198494,29861.412958,29861.41285,339.33423693181817,0.0,24644.198494,2620.9946411640963,71.95127269999999,59.96798234482758,40.3383282184683,2.946946955382579,53,64,,False,True,,384,87.6246207195492
27,2026-09-18T06:49:02.995+00:00,2026-09-18T06:49:28.931+00:00,2026-09-18T06:49:32.547+00:00,True,60,60.0,,60.0,25935.697734999998,29552.067142999997,29552.067324999996,492.5344554166666,38.704637999999996,25935.697734999998,3340.379017749619,68.7219794,61.29439674576271,7.33220111448811,2.030314823990653,53,64,,False,True,,241,87.6246207195492
28,2026-09-18T06:49:03.269+00:00,2026-09-18T06:49:29.972+00:00,2026-09-18T06:49:35.293+00:00,True,90,90.0,,90.0,26702.559,32023.84156,32023.841646,355.82046273333333,0.0,26702.559,2809.2480428308145,74.11816755,59.78969168539326,69.6386295152016,2.810406110440424,53,64,,False,True,,182,87.6246207195492
29,2026-09-18T06:49:03.545+00:00,2026-09-18T06:49:31.094+00:00,2026-09-18T06:49:36.532+00:00,True,92,92.0,,92.0,27548.927087,32986.472559,32986.472643,358.5486156847826,0.0,27548.927087,2866.797072373371,69.03785065,59.75324694505495,70.29900669252005,2.7890220706517708,53,64,,False,True,,366,87.6246207195492
30,2026-09-18T06:49:03.986+00:00,2026-09-18T06:49:32.792+00:00,2026-09-18T06:49:36.531+00:00,True,63,63.0,,63.0,28805.664011999997,32545.28718,32545.287222999996,516.5918606825396,0.0,28805.664011999997,3622.5110510451786,90.07068239999998,60.31650270967742,83.09008986636502,1.9357641446382836,53,64,,False,True,,231,87.6246207195492
31,2026-09-18T06:49:04.359+00:00,2026-09-18T06:49:34.125+00:00,2026-09-18T06:49:39.000+00:00,True,80,80.0,,80.0,29765.978477,34640.719469,34640.719283,433.0089910375,0.0,29765.978477,3321.9485357999106,94.85241070000001,61.70558217721519,78.2413685897194,2.3094208557530695,53,64,,False,True,,255,87.6246207195492
32,2026-09-18T06:49:04.812+00:00,2026-09-18T06:49:35.781+00:00,2026-09-18T06:49:40.361+00:00,True,76,76.0,,76.0,30968.357654,35548.315669999996,35548.315475,467.74099309210527,0.0,30968.357654,3545.745134304584,91.56177875000002,61.06610688,55.9548925926304,2.137935330200133,53,64,,False,True,,305,87.6246207195492
33,2026-09-18T06:49:05.208+00:00,2026-09-18T06:49:37.336+00:00,2026-09-18T06:49:42.761+00:00,True,91,91.0,,91.0,32127.314611,37552.321459,37552.321483,412.6628734395605,0.0,32127.314611,3361.932135275273,98.60399850000002,60.27785386666667,51.710987767907916,2.423285604309569,53,64,,False,True,,407,87.6246207195492
34,2026-09-18T06:49:05.502+00:00,2026-09-18T06:49:38.397+00:00,2026-09-18T06:49:42.888+00:00,True,76,76.0,,76.0,32894.867849,37385.707657,37385.707844000004,491.91720847368424,0.0,32894.867849,3766.8325015549344,95.50041424999999,59.87786410666667,55.32122979995827,2.032862416227929,53,64,,False,True,,400,87.6246207195492
35,2026-09-18T06:49:05.912+00:00,2026-09-18T06:49:39.569+00:00,2026-09-18T06:49:43.672+00:00,True,68,68.0,,68.0,33656.876167999995,37759.383687999994,37759.3837,555.2850544117647,34.254947,33656.876167999995,4074.0923948286286,97.61979565,61.23145552238806,13.505272786638997,1.8008768512185895,53,64,,False,True,,276,87.6246207195492
36,2026-09-18T06:49:06.275+00:00,2026-09-18T06:49:41.391+00:00,2026-09-18T06:49:43.202+00:00,True,30,30.0,,30.0,35116.109262000005,36927.080398000006,36927.08040100001,1230.9026800333336,35.912604,35116.109262000005,6399.912899741695,107.02448344999999,62.447280551724134,15.913727191670313,0.8124119122513899,53,64,,False,True,,137,87.6246207195492
37,2026-09-18T06:49:06.723+00:00,2026-09-18T06:49:43.132+00:00,2026-09-18T06:49:46.781+00:00,True,59,59.0,,59.0,36408.949143,40058.200982999995,40058.200931,678.9525581525423,0.0,36408.949143,4732.443507534812,96.69167130000001,62.9181351724138,75.58963681921092,1.4728569569322043,53,64,,False,True,,254,87.6246207195492
38,2026-09-18T06:49:07.052+00:00,2026-09-18T06:49:44.315+00:00,2026-09-18T06:49:46.655+00:00,True,38,38.0,,38.0,37263.73112,39603.16536,39603.165284999995,1042.188560131579,0.0,37263.73112,6035.439476120633,173.79159460000002,63.22795243243244,94.5734328974898,0.9595192620229486,53,64,,False,True,,123,87.6246207195492
39,2026-09-18T06:49:07.464+00:00,2026-09-18T06:49:45.863+00:00,2026-09-18T06:49:48.773+00:00,True,42,42.0,,42.0,38398.915832,41308.889848,41308.889923,983.5449981666667,0.0177,38398.915832,5914.732495780479,97.80670894999999,70.974976,85.49267664653163,1.0167303007789124,53,64,,False,True,,170,87.6246207195492
40,2026-09-18T06:49:07.929+00:00,2026-09-18T06:49:47.930+00:00,2026-09-18T06:49:48.120+00:00,True,4,4.0,,4.0,40001.278382,40191.019182,40191.01915199999,10047.754787999998,61.566566,40001.278382,19969.015836519266,34011.0108629,63.24693333333334,2.5340711393371205,0.09952472172667483,53,64,,False,True,,21,87.6246207195492
41,2026-09-18T06:49:08.267+00:00,2026-09-18T06:49:49.251+00:00,2026-09-18T06:49:53.480+00:00,True,69,69.0,,69.0,40983.315095,45212.493207,45212.493103,655.2535232318841,0.0,40983.315095,4926.920511916941,94.03564259999999,62.19379576470588,77.22908823315348,1.5261268535688075,53,64,,False,True,,260,87.6246207195492
42,2026-09-18T06:49:08.735+00:00,2026-09-18T06:49:51.098+00:00,2026-09-18T06:49:53.008+00:00,True,33,33.0,,33.0,42362.179028,44272.804052,44272.804173,1341.6001264545455,0.0,42362.179028,7364.747451721557,303.994099,59.707032,112.48953704169911,0.7453785841357669,53,64,,False,True,,159,87.6246207195492
43,2026-09-18T06:49:09.062+00:00,2026-09-18T06:49:52.480+00:00,2026-09-18T06:49:54.641+00:00,True,35,35.0,,35.0,43418.589593000004,45579.47868100001,45579.478546000006,1302.2708156,43.31031,43418.589593000004,7328.343839266447,91.53265090000001,63.55556141176471,9.149367108313973,0.7678894321051086,53,64,,False,True,,156,87.6246207195492
44,2026-09-18T06:49:09.347+00:00,2026-09-18T06:49:53.415+00:00,2026-09-18T06:49:56.008+00:00,True,42,42.0,,42.0,44067.838029,46661.112141,46661.112095,1110.9788594047618,31.281732,44067.838029,6790.066056635044,98.50866889999999,63.25058809756097,12.261349668370329,0.9001071357468913,53,64,,False,True,,176,87.6246207195492
45,2026-09-18T06:49:09.637+00:00,2026-09-18T06:49:54.766+00:00,2026-09-18T06:49:59.963+00:00,True,84,84.0,,84.0,45129.089785,50325.959417,50325.959288,599.1185629523809,36.173213000000004,45129.089785,4917.174569727699,93.9338501,62.612887132530126,13.685387767137142,1.6691187008274895,53,64,,False,True,,368,87.6246207195492
46,2026-09-18T06:49:09.918+00:00,2026-09-18T06:49:56.138+00:00,2026-09-18T06:49:59.395+00:00,True,53,53.0,,53.0,46220.456566,49477.498486000004,49477.498457,933.537706735849,36.104234,46220.456566,6340.280035826256,95.16700440000001,62.635421538461536,14.244103750448305,1.0711940098385677,53,64,,False,True,,189,87.6246207195492
47,2026-09-18T06:49:10.247+00:00,2026-09-18T06:49:57.325+00:00,2026-09-18T06:50:02.847+00:00,True,89,89.0,,89.0,47078.296258,52600.229058000004,52600.228951000005,591.0138084382023,0.0,47078.296258,4985.5094849151355,95.61302539999998,62.74923636363636,137.37316050234844,1.6920078409138397,53,64,,False,True,,466,87.6246207195492
48,2026-09-18T06:49:10.530+00:00,2026-09-18T06:49:58.563+00:00,2026-09-18T06:50:04.242+00:00,True,93,93.0,,93.0,48033.45304,53712.302064,53712.302043,577.5516348709677,0.0,48033.45304,4975.9102455362945,100.62019819999999,61.72661982608695,121.76791768685932,1.7314469204687482,53,64,,False,True,,403,87.6246207195492
49,2026-09-18T06:49:10.931+00:00,2026-09-18T06:50:00.784+00:00,2026-09-18T06:50:06.167+00:00,True,99,99.0,,99.0,49853.243888,55235.978224,55235.978447999994,557.9391762424242,0.0,49853.243888,5005.906532148217,92.1321286,54.92586057142857,99.9257171685736,1.7923100700511276,53,64,,False,True,,344,87.6246207195492
50,2026-09-18T06:49:11.349+00:00,2026-09-18T06:50:02.603+00:00,2026-09-18T06:50:03.327+00:00,True,25,25.0,,25.0,51254.316409,51978.574713,51978.574802999996,2079.14299212,0.01565,51254.316409,10244.903056150479,144.7000396,30.177429333333333,40.11390376896208,0.4809674012424858,53,64,,False,True,,97,87.6246207195492
51,2026-09-18T06:49:11.624+00:00,2026-09-18T06:50:03.016+00:00,2026-09-18T06:50:05.605+00:00,True,43,43.0,,43.0,51391.788489,53980.552137,53980.552283,1255.3616809999999,35.337044999999996,51391.788489,7827.781491522631,88.8888476,61.637229714285716,10.450642243907769,0.7965831822332626,53,64,,False,True,,208,87.6246207195492
52,2026-09-18T06:49:12.099+00:00,2026-09-18T06:50:05.176+00:00,2026-09-18T06:50:08.469+00:00,True,52,52.0,,52.0,53077.540875,56370.074123,56370.074180999996,1084.0398880961538,37.627790999999995,53077.540875,7351.591649354965,99.84591704999998,64.5594754509804,14.413942519393489,0.9224752815924198,53,64,,False,True,,210,87.6246207195492
53,2026-09-18T06:49:12.485+00:00,2026-09-18T06:50:06.574+00:00,2026-09-18T06:50:12.702+00:00,True,100,100.0,,100.0,54088.177956,60216.670756,60216.67075,602.1667075,0.0,54088.177956,5403.228369177004,92.06013585000001,61.90396767676768,80.99545866438297,1.66066969071079,53,64,,False,True,,352,87.6246207195492
54,2026-09-18T06:49:12.861+00:00,2026-09-18T06:50:08.090+00:00,2026-09-18T06:50:09.913+00:00,True,25,25.0,,25.0,55229.555296,57052.371552,57052.371603,2282.09486412,0.0,55229.555296,11031.891115130155,685.6222869999999,75.95067733333333,164.13406605904316,0.43819387906099433,53,64,,False,True,,97,87.6246207195492
55,2026-09-18T06:49:13.216+00:00,2026-09-18T06:50:09.897+00:00,2026-09-18T06:50:11.513+00:00,True,35,35.0,,35.0,56680.586104,58296.190328000004,58296.190224000005,1665.6054349714286,0.0,56680.586104,9572.781530312875,96.2575475,47.517771294117644,30.056499442758785,0.6003822857561465,53,64,,False,True,,167,87.6246207195492
56,2026-09-18T06:49:13.597+00:00,2026-09-18T06:50:10.793+00:00,2026-09-18T06:50:12.704+00:00,True,33,33.0,,33.0,57195.1607,59106.687868,59106.687894,1791.1117543636365,40.646405,57195.1607,9946.007208730944,88.7736164,59.735224,11.346637729479262,0.5583124548223247,53,64,,False,True,,164,87.6246207195492
57,2026-09-18T06:49:13.975+00:00,2026-09-18T06:50:12.210+00:00,2026-09-18T06:50:16.355+00:00,True,69,69.0,,69.0,58235.361076,62379.852852,62379.85286,904.0558385507246,34.948785,58235.361076,7003.383261248374,75.21621580000001,60.948408470588234,9.950189619502156,1.1061263668528796,53,64,,False,True,,334,87.6246207195492
58,2026-09-18T06:49:14.391+00:00,2026-09-18T06:50:13.776+00:00,2026-09-18T06:50:15.562+00:00,True,29,29.0,,29.0,59384.909321,61171.526409,61171.526505,2109.3629829310344,40.168896000000004,59384.909321,11015.656084724811,90.6392926,63.807753142857145,9.641481706664209,0.47407677562437467,53,64,,False,True,,89,87.6246207195492
59,2026-09-18T06:49:14.675+00:00,2026-09-18T06:50:14.895+00:00,2026-09-18T06:50:18.533+00:00,True,58,58.0,,58.0,60219.573255,63858.107143,63858.107193,1101.0018481551724,0.01601,60219.573255,7899.766711472877,102.27580725,63.83392785964912,122.36748985290676,0.9082636895283835,53,64,,False,True,,239,87.6246207195492
60,2026-09-18T06:49:14.940+00:00,2026-09-18T06:50:16.048+00:00,2026-09-18T06:50:21.683+00:00,True,90,90.0,,90.0,61108.559599,66743.550703,66743.550763,741.5950084777778,0.0,61108.559599,6436.156831403113,95.59284735000001,63.31450678651685,136.10092842892635,1.348444891709285,53,64,,False,True,,410,87.6246207195492
61,2026-09-18T06:49:15.340+00:00,2026-09-18T06:50:17.767+00:00,2026-09-18T06:50:21.526+00:00,True,61,61.0,,61.0,62427.252711,66185.957095,66185.957077,1085.0156897868853,0.0,62427.252711,7985.845953393696,88.59958699999999,62.64507306666667,119.29112217322863,0.9216456583447703,53,64,,False,True,,259,87.6246207195492
62,2026-09-18T06:49:15.620+00:00,2026-09-18T06:50:18.726+00:00,2026-09-18T06:50:22.184+00:00,True,56,56.0,,56.0,63105.832373000005,66564.073141,66564.073264,1188.6441654285716,0.0,63105.832373000005,8425.367454785246,95.543544,62.87710487272727,124.15601742148297,0.8412946707960232,53,64,,False,True,,217,87.6246207195492
63,2026-09-18T06:49:15.949+00:00,2026-09-18T06:50:20.227+00:00,2026-09-18T06:50:24.629+00:00,True,73,73.0,,73.0,64278.705733999996,68680.576326,68680.576433,940.8298141506849,0.0,64278.705733999996,7516.1161813811195,91.0986802,61.13709155555555,16.691936841317805,1.062891488468259,53,64,,False,True,,334,87.6246207195492
64,2026-09-18T06:49:16.335+00:00,2026-09-18T06:50:21.393+00:00,2026-09-18T06:50:26.241+00:00,True,77,77.0,,77.0,65057.995051,69906.685227,69906.685037,907.8790264545454,35.534815,65057.995051,7406.786660423199,91.4872672,63.79855494736842,12.59088195972193,1.101468332391483,53,64,,False,True,,375,87.6246207195492
65,2026-09-18T06:49:16.701+00:00,2026-09-18T06:50:22.566+00:00,2026-09-18T06:50:23.106+00:00,True,9,9.0,,9.0,65865.013748,66404.84658,66404.84652199999,7378.316280222222,43.54795,65865.013748,21932.519116785832,39558.1487084,67.479104,19.4759805007302,0.13553227608405688,53,64,,False,True,,31,87.6246207195492
66,2026-09-18T06:49:16.997+00:00,2026-09-18T06:50:23.877+00:00,2026-09-18T06:50:25.134+00:00,True,22,22.0,,22.0,66880.263878,68137.564358,68137.56425899999,3097.162011772727,38.354769999999995,66880.263878,14246.158210740728,72.43826899999999,59.871451428571426,8.94952150136614,0.32287623144863686,53,64,,False,True,,105,87.6246207195492
67,2026-09-18T06:49:17.313+00:00,2026-09-18T06:50:25.264+00:00,2026-09-18T06:50:29.403+00:00,True,67,67.0,,67.0,67950.24182899999,72089.60438899999,72089.60443299999,1075.9642452686567,35.904913,67950.24182899999,8293.792311754805,92.7847933,62.717614545454545,13.734511806203091,0.9293989135862618,53,64,,False,True,,292,87.6246207195492
68,2026-09-18T06:49:17.625+00:00,2026-09-18T06:50:26.178+00:00,2026-09-18T06:50:28.850+00:00,True,44,44.0,,44.0,68552.649602,71224.54029,71224.54037300001,1618.7395539318184,36.313002999999995,68552.649602,10325.341889007132,92.122559,62.136992744186045,13.496349456318546,0.6177646050202397,53,64,,False,True,,186,87.6246207195492
69,2026-09-18T06:49:18.010+00:00,2026-09-18T06:50:27.570+00:00,2026-09-18T06:50:29.644+00:00,True,35,35.0,,35.0,69560.277229,71634.021613,71634.021703,2046.6863343714285,39.072627,69560.277229,11747.52953569491,92.147767,60.99248188235294,12.344613863794638,0.4885946539353344,53,64,,False,True,,167,87.6246207195492
70,2026-09-18T06:49:18.428+00:00,2026-09-18T06:50:29.294+00:00,2026-09-18T06:50:30.043+00:00,True,14,14.0,,14.0,70865.394346,71614.389162,71614.38901500001,5115.313501071429,37.631171,70865.394346,18924.17763076254,24848.38499925,57.61498584615385,10.28301930484163,0.19549143913425535,53,64,,False,True,,61,87.6246207195492
71,2026-09-18T06:49:18.696+00:00,2026-09-18T06:50:30.350+00:00,2026-09-18T06:50:32.278+00:00,True,31,31.0,,31.0,71653.36049600001,73581.84356800001,73581.843569,2373.6078570645163,0.0,71653.36049600001,12859.18072882258,583.6795079999999,64.28276906666667,193.1833124097277,0.4212995828427651,53,64,,False,True,,141,87.6246207195492
72,2026-09-18T06:49:19.100+00:00,2026-09-18T06:50:32.235+00:00,2026-09-18T06:50:35.699+00:00,True,64,64.0,,64.0,73134.87992800001,76598.44396,76598.44401800001,1196.8506877812501,0.0,73134.87992800001,9135.762815496135,95.47966065,54.97720685714286,119.94897654944138,0.8355261111233675,53,64,,False,True,,129,87.6246207195492
73,2026-09-18T06:49:19.497+00:00,2026-09-18T06:50:33.291+00:00,2026-09-18T06:50:37.666+00:00,True,73,73.0,,73.0,73793.425849,78169.064633,78169.064687,1070.80910530137,0.01613,73793.425849,8630.78532386125,79.19578399999999,60.77276088888889,134.3377069536379,0.9338732699787503,53,64,,False,True,,367,87.6246207195492
74,2026-09-18T06:49:19.937+00:00,2026-09-18T06:50:34.871+00:00,2026-09-18T06:50:38.259+00:00,True,59,59.0,,59.0,74934.60553,78322.066138,78322.0659,1327.4926423728814,0.042,74934.60553,9748.06509310946,91.4583189,58.40449324137931,16.67798461187456,0.7532998414015869,53,64,,False,True,,288,87.6246207195492
75,2026-09-18T06:49:20.254+00:00,2026-09-18T06:50:36.072+00:00,2026-09-18T06:50:42.158+00:00,True,97,97.0,,97.0,75817.762204,81904.262812,81904.2628,844.3738432989691,35.100505,75817.762204,7691.700974558606,95.12102580000001,63.401048,13.056030259525718,1.1843095422597258,53,64,,False,True,,435,87.6246207195492
76,2026-09-18T06:49:20.602+00:00,2026-09-18T06:50:37.730+00:00,2026-09-18T06:50:40.349+00:00,True,42,42.0,,42.0,77127.95471199999,79747.29807199999,79747.298145,1898.7451939285713,40.201856,77127.95471199999,11891.250393903754,97.8001208,63.886423414634145,12.583413805307796,0.5266636113750239,53,64,,False,True,,158,87.6246207195492
77,2026-09-18T06:49:20.990+00:00,2026-09-18T06:50:39.058+00:00,2026-09-18T06:50:43.911+00:00,True,77,77.0,,77.0,78067.878574,82920.658094,82920.657995,1076.8916622727272,37.81449,78067.878574,8889.395040729956,98.8546226,63.85236210526316,14.234812880425602,0.9285985153749231,53,64,,False,True,,327,87.6246207195492
78,2026-09-18T06:49:21.584+00:00,2026-09-18T06:50:40.588+00:00,2026-09-18T06:50:42.227+00:00,True,26,26.0,,26.0,79004.491156,80643.193748,80643.193834,3101.6613013076926,36.697352,79004.491156,15481.206590582606,100.02079249999998,65.54810368,14.104329195366455,0.3224078659539053,53,64,,False,True,,117,87.6246207195492
79,2026-09-18T06:49:21.728+00:00,2026-09-18T06:50:42.018+00:00,2026-09-18T06:50:47.675+00:00,True,92,92.0,,92.0,80290.768318,85947.694782,85947.69478800001,934.2140737826087,0.0,80290.768318,8365.285167872404,90.6991677,62.16402707692308,121.65717617081508,1.0704184705983242,53,64,,False,True,,463,87.6246207195492
80,2026-09-18T06:49:22.058+00:00,2026-09-18T06:50:43.268+00:00,2026-09-18T06:50:48.990+00:00,True,94,94.0,,94.0,81209.488539,86931.210651,86931.21068999999,924.8001137234043,0.0,81209.488539,8370.630528148009,92.8397681,61.52389367741936,120.42939767556408,1.0813147464076953,53,64,,False,True,,487,87.6246207195492
81,2026-09-18T06:49:22.516+00:00,2026-09-18T06:50:45.752+00:00,2026-09-18T06:50:46.491+00:00,True,29,29.0,,29.0,83235.798423,83975.069591,83975.069455,2895.692050172414,0.0,83235.798423,15451.628623256718,81.24517620000002,26.402541714285714,31.8807989834607,0.3453405890729749,53,64,,False,True,,148,87.6246207195492
82,2026-09-18T06:49:22.920+00:00,2026-09-18T06:50:46.358+00:00,2026-09-18T06:50:49.055+00:00,True,46,46.0,,46.0,83438.373821,86134.735293,86134.735231,1872.494244152174,34.544086,83438.373821,12293.486808009602,73.0445445,59.919143822222225,10.457500011533018,0.5340470350727173,53,64,,False,True,,158,87.6246207195492
83,2026-09-18T06:49:23.300+00:00,2026-09-18T06:50:47.744+00:00,2026-09-18T06:50:50.031+00:00,True,38,38.0,,38.0,84444.48235199999,86731.143216,86731.14312,2282.3985031578945,36.940922,84444.48235199999,13688.683524508186,92.2896964,61.80164497297297,12.027292430418242,0.4381355830322992,53,64,,False,True,,132,87.6246207195492
84,2026-09-18T06:49:23.561+00:00,2026-09-18T06:50:48.697+00:00,2026-09-18T06:50:48.989+00:00,True,6,6.0,,6.0,85136.08111399999,85428.81276199999,85428.81292199998,14238.135486999998,44.618637,85136.08111399999,34732.75885982019,63868.260017999986,58.5463296,8.017517986550002,0.07023391530344303,53,64,,False,True,,23,87.6246207195492
85,2026-09-18T06:49:23.971+00:00,2026-09-18T06:50:50.030+00:00,2026-09-18T06:50:52.268+00:00,True,38,38.0,,38.0,86058.787559,88296.545255,88296.545198,2323.593294684211,35.290694,86058.787559,13950.77087862653,72.64529745,60.47993772972973,9.581225861328626,0.43036791405888175,53,64,,False,True,,163,87.6246207195492
86,2026-09-18T06:49:24.351+00:00,2026-09-18T06:50:51.652+00:00,2026-09-18T06:50:52.332+00:00,True,12,12.0,,12.0,87300.92225300001,87980.87694100001,87980.87679500002,7331.739732916668,55.746367,87300.92225300001,25183.761524197205,39321.9795402,61.81406254545455,3.5035890415553124,0.1363932756438334,53,64,,False,True,,43,87.6246207195492
87,2026-09-18T06:49:24.697+00:00,2026-09-18T06:50:52.826+00:00,2026-09-18T06:50:58.071+00:00,True,84,84.0,,84.0,88128.519694,93373.699342,93373.69947800001,1111.591660452381,37.347371,88128.519694,9608.720589551029,92.5825864,63.19493551807229,10.716366839134066,0.8996109246173599,53,64,,False,True,,382,87.6246207195492
88,2026-09-18T06:49:25.102+00:00,2026-09-18T06:50:54.332+00:00,2026-09-18T06:50:55.309+00:00,True,16,16.0,,16.0,89229.89518,90207.14881200001,90207.14874100001,5637.946796312501,36.074783000000004,89229.89518,22291.19054161188,22379.2114855,65.15024213333334,14.341630083647964,0.17736953457364527,53,64,,False,True,,31,87.6246207195492
89,2026-09-18T06:49:25.522+00:00,2026-09-18T06:50:55.928+00:00,2026-09-18T06:50:58.742+00:00,True,46,46.0,,46.0,90406.938185,93220.027209,93220.02717900001,2026.522329978261,40.487855,90406.938185,13320.56004934387,69.49255325,62.51308942222222,5.91817083810445,0.49345619581152506,53,64,,False,True,,254,87.6246207195492
90,2026-09-18T06:49:25.849+00:00,2026-09-18T06:50:57.256+00:00,2026-09-18T06:50:57.443+00:00,True,4,4.0,,4.0,91407.190806,91594.00527,91594.00518,22898.501295,58.684531,91407.190806,45672.459754920135,77705.90179395,62.271488,3.329728840794097,0.04367098030279204,53,64,,False,True,,20,87.6246207195492
91,2026-09-18T06:49:26.260+00:00,2026-09-18T06:50:58.435+00:00,2026-09-18T06:51:02.707+00:00,True,70,70.0,,70.0,92175.432688,96446.65368,96446.653573,1377.8093367571428,35.571724,92175.432688,11009.676381772882,71.19189175,61.901753507246376,9.01036611445235,0.7257898260757988,53,64,,True,True,,305,87.6246207195492
92,2026-09-18T06:49:26.540+00:00,2026-09-18T06:50:59.658+00:00,2026-09-18T06:51:05.235+00:00,True,91,91.0,,91.0,93117.61633599999,98694.90734399999,98694.907484,1084.5594229010987,39.204767999999994,93117.61633599999,9754.884854342914,69.0448665,61.96990008888889,7.0810248417458626,0.922033390059535,53,64,,True,True,,221,87.6246207195492
93,2026-09-18T06:49:26.811+00:00,2026-09-18T06:51:00.575+00:00,2026-09-18T06:51:00.977+00:00,True,8,8.0,,8.0,93763.894292,94165.904916,94165.904798,11770.73809975,37.111151,93763.894292,33130.239747383755,60970.11021789999,57.43008914285714,11.128321549539256,0.08495643945795817,53,64,,True,True,,36,87.6246207195492
94,2026-09-18T06:49:27.132+00:00,2026-09-18T06:51:01.969+00:00,2026-09-18T06:51:07.092+00:00,True,83,83.0,,83.0,94836.893008,99960.064336,99960.064487,1204.3381263493975,37.648771,94836.893008,10402.847583246543,89.3146796,62.477699121951225,9.20297515271082,0.8303315984372377,53,64,,True,True,,499,87.6246207195492
95,2026-09-18T06:49:27.461+00:00,2026-09-18T06:51:03.295+00:00,2026-09-18T06:51:06.905+00:00,True,59,59.0,,59.0,95834.324435,99443.439571,99443.439485,1685.4820251694916,41.567853,95834.324435,12468.468586685887,89.7329507,62.22612303448276,9.2950248033463,0.5933020846274686,53,64,,True,True,,224,87.6246207195492
96,2026-09-18T06:49:27.841+00:00,2026-09-18T06:51:04.664+00:00,2026-09-18T06:51:06.730+00:00,True,34,34.0,,34.0,96822.97186800001,98889.79606000001,98889.796103,2908.523414794118,41.966412,96822.97186800001,16594.26463219153,94.05759725,62.63103612121213,10.27026388979682,0.34381707066491446,53,64,,True,True,,132,87.6246207195492
97,2026-09-18T06:49:28.256+00:00,2026-09-18T06:51:06.293+00:00,2026-09-18T06:51:11.214+00:00,True,80,80.0,,80.0,98037.48006399999,102958.37606399998,102958.37609699999,1286.9797012124998,36.918392,98037.48006399999,10953.96529785542,90.64497185,62.28982278481013,11.560893670491108,0.7770130324343032,53,64,,True,True,,426,87.6246207195492
98,2026-09-18T06:49:28.530+00:00,2026-09-18T06:51:07.092+00:00,2026-09-18T06:51:10.048+00:00,True,49,49.0,,49.0,98562.348374,101517.644118,101517.643925,2071.7886515306122,39.741406000000005,98562.348374,14071.544032370415,85.83337500000002,61.56866133333334,10.81948687767842,0.4826747155700775,53,64,,True,True,,161,87.6246207195492
99,2026-09-18T06:49:28.853+00:00,2026-09-18T06:51:08.376+00:00,2026-09-18T06:51:10.175+00:00,True,30,30.0,,30.0,99523.206748,101322.151004,101322.151119,3377.4050373,39.721817,99523.206748,18159.045423417323,84.71399705,62.03256055172414,9.7450365277474,0.29608530516506365,53,64,,True,True,,164,87.6246207195492
100,2026-09-18T06:49:29.296+00:00,2026-09-18T06:51:10.170+00:00,2026-09-18T06:51:12.570+00:00,True,39,39.0,,39.0,100873.966472,103274.000264,103274.00028,2648.0512892307693,35.424374,100873.966472,16142.652342015546,92.25135829999999,63.158784,11.259467823274466,0.37763619013792477,53,64,,True,True,,168,87.6246207195492
101,2026-09-18T06:49:29.622+00:00,2026-09-18T06:51:11.709+00:00,2026-09-18T06:51:15.902+00:00,True,68,68.0,,68.0,102086.78759,106280.276742,106280.27686900001,1562.9452480735295,36.956602,102086.78759,12372.253944580525,68.5153015,62.58939032835821,8.089601843803555,0.6398176791077893,53,64,,True,True,,387,87.6246207195492
102,2026-09-18T06:49:30.047+00:00,2026-09-18T06:51:13.334+00:00,2026-09-18T06:51:15.332+00:00,True,33,33.0,,33.0,103286.270183,105284.644583,105284.644734,3190.4437798181816,55.706667,103286.270183,17968.961060995425,66.75887060000001,62.4492,3.1431454132834267,0.31343602033043677,53,64,,True,True,,143,87.6246207195492
103,2026-09-18T06:49:30.457+00:00,2026-09-18T06:51:14.453+00:00,2026-09-18T06:51:15.018+00:00,True,10,10.0,,10.0,103996.167273,104560.346985,104560.346919,10456.0346919,58.564652,103996.167273,32866.652458323246,57227.423573249995,62.68663466666666,2.0955870840907567,0.09563855025686342,53,64,,True,True,,34,87.6246207195492
104,2026-09-18T06:49:30.921+00:00,2026-09-18T06:51:16.482+00:00,2026-09-18T06:51:20.148+00:00,True,57,57.0,,57.0,105560.955611,109226.777051,109226.776896,1916.2592437894737,36.350682,105560.955611,13973.225025622418,94.544877,65.46109714285714,12.423788493477852,0.5218500585564806,53,64,,True,True,,314,87.6246207195492
105,2026-09-18T06:49:31.239+00:00,2026-09-18T06:51:17.770+00:00,2026-09-18T06:51:18.292+00:00,True,9,9.0,,9.0,106531.206267,107053.361787,107053.361711,11894.817967888888,38.701778,106531.206267,35488.64903164964,63958.6718702,65.26944,16.65462915278498,0.08407022301557383,53,64,,True,True,,35,87.6246207195492
106,2026-09-18T06:49:31.498+00:00,2026-09-18T06:51:18.643+00:00,2026-09-18T06:51:21.805+00:00,True,51,51.0,,51.0,107145.329782,110307.358838,110307.35893,2162.889390784314,36.251973,107145.329782,14994.495959927981,94.536795,63.240581119999995,11.435983034482625,0.4623444939416944,53,64,,True,True,,184,87.6246207195492
107,2026-09-18T06:49:31.807+00:00,2026-09-18T06:51:19.540+00:00,2026-09-18T06:51:21.800+00:00,True,38,38.0,,38.0,107733.631515,109993.483547,109993.483513,2894.565355605263,39.043716999999994,107733.631515,17466.797112132746,71.63375814999999,61.07708194594595,9.117036084377697,0.34547501156068644,53,64,,True,True,,139,87.6246207195492
108,2026-09-18T06:49:32.081+00:00,2026-09-18T06:51:20.799+00:00,2026-09-18T06:51:21.072+00:00,True,6,6.0,,6.0,108718.501355,108991.346667,108991.34673,18165.224455,35.826483999999994,108718.501355,44361.86663774242,81556.07616425,54.5690624,15.075840306034976,0.05505024190894466,53,64,,True,True,,18,87.6246207195492
109,2026-09-18T06:49:32.498+00:00,2026-09-18T06:51:22.337+00:00,2026-09-18T06:51:25.438+00:00,True,50,50.0,,50.0,109839.257225,112939.845257,112939.845108,2258.7969021599997,34.918035,109839.257225,15524.671804697797,90.4219418,63.277306775510205,11.035213413173128,0.44271355150365777,53,64,,True,True,,197,87.6246207195492
110,2026-09-18T06:49:32.927+00:00,2026-09-18T06:51:24.140+00:00,2026-09-18T06:51:29.571+00:00,True,88,88.0,,88.0,111213.307946,116644.888106,116644.888204,1325.5100932272728,35.218664,111213.307946,11848.728461114975,89.30163820000001,62.43195586206897,11.238855484788127,0.7544265456367946,53,64,,True,True,,435,87.6246207195492
111,2026-09-18T06:49:33.216+00:00,2026-09-18T06:51:25.369+00:00,2026-09-18T06:51:30.754+00:00,True,88,88.0,,88.0,112152.64276,117538.393544,117538.393673,1335.663564465909,36.939762,112152.64276,11948.919300457148,93.0607992,61.90518142528736,12.5610024331949,0.7486915325846918,53,64,,True,True,,490,87.6246207195492
112,2026-09-18T06:49:33.503+00:00,2026-09-18T06:51:26.602+00:00,2026-09-18T06:51:31.981+00:00,True,87,87.0,,87.0,113098.587981,118477.57166100001,118477.57168600001,1361.8111688045979,33.923847,113098.587981,12118.741293096076,90.9890955,62.54632186046512,11.695594916938544,0.7343161982500214,53,64,,True,True,,432,87.6246207195492
113,2026-09-18T06:49:33.769+00:00,2026-09-18T06:51:27.754+00:00,2026-09-18T06:51:29.103+00:00,True,22,22.0,,22.0,113985.059083,115333.993739,115333.993726,5242.454260272727,40.629754999999996,113985.059083,24288.00367962446,96.50456439999999,64.23498361904763,11.003149930136617,0.19075035283860753,53,64,,True,True,,82,87.6246207195492
114,2026-09-18T06:49:34.105+00:00,2026-09-18T06:51:28.939+00:00,2026-09-18T06:51:29.364+00:00,True,8,8.0,,8.0,114833.45938500001,115258.573241,115258.57311900001,14407.321639875001,34.965535,114833.45938500001,40578.29113248453,74674.0426694,60.73055085714286,18.715397910730044,0.06940915348025689,53,64,,True,True,,38,87.6246207195492
115,2026-09-18T06:49:34.465+00:00,2026-09-18T06:51:30.533+00:00,2026-09-18T06:51:36.026+00:00,True,87,87.0,,87.0,116067.960603,121561.255195,121561.255307,1397.2558081264367,36.031293,116067.960603,12436.950323096278,95.5924849,63.8755185116279,13.227230802271169,0.7156885626134801,53,64,,True,True,,372,87.6246207195492
116,2026-09-18T06:49:35.151+00:00,2026-09-18T06:51:32.753+00:00,2026-09-18T06:51:37.361+00:00,True,74,74.0,,74.0,117601.958618,122210.263514,122210.26367900001,1651.4900497162162,34.463386,117601.958618,13663.617647972418,96.2595349,63.12746432876712,12.964069688273762,0.6055137913316323,53,64,,True,True,,289,87.6246207195492
117,2026-09-18T06:49:35.311+00:00,2026-09-18T06:51:34.261+00:00,2026-09-18T06:51:39.241+00:00,True,80,80.0,,80.0,118950.4681,123930.00934799999,123930.00949499999,1549.1251186875,34.903445,118950.4681,13292.024828027586,94.25509295,63.03216769620253,12.066290756234038,0.6455256513001388,53,64,,True,True,,278,87.6246207195492
118,2026-09-18T06:49:35.747+00:00,2026-09-18T06:51:36.152+00:00,2026-09-18T06:51:41.203+00:00,True,83,83.0,,83.0,120405.086816,125455.817568,125455.817639,1511.5158751686747,34.521876,120405.086816,13209.417723669618,87.41532980000002,61.594277463414635,9.424013840076435,0.661587494378346,53,64,,True,True,,327,87.6246207195492
119,2026-09-18T06:49:36.190+00:00,2026-09-18T06:51:37.835+00:00,2026-09-18T06:51:43.698+00:00,True,95,95.0,,95.0,121645.051509,127507.867765,127507.86768899999,1342.188080936842,36.865790999999994,121645.051509,12474.123921788667,91.057284,62.370385702127656,10.092800036635907,0.7450520635721651,53,64,,True,True,,418,87.6246207195492
120,2026-09-18T06:49:36.480+00:00,2026-09-18T06:51:39.150+00:00,2026-09-18T06:51:42.504+00:00,True,56,56.0,,56.0,122670.58218000001,126024.11638800001,126024.116313,2250.4306484464287,35.862474,122670.58218000001,16384.40160108134,89.7326115,60.97334923636363,10.711391180297008,0.4443593940987339,53,64,,True,True,,205,87.6246207195492
121,2026-09-18T06:49:36.765+00:00,2026-09-18T06:51:40.145+00:00,2026-09-18T06:51:44.860+00:00,True,78,78.0,,78.0,123379.83391500001,128095.04876300001,128095.048764,1642.2442149230772,36.395152,123379.83391500001,13963.084169343529,68.46834949999999,61.23655646753247,8.580450653464132,0.6089228331089884,53,64,,True,True,,336,87.6246207195492
122,2026-09-18T06:49:37.147+00:00,2026-09-18T06:51:41.635+00:00,2026-09-18T06:51:42.694+00:00,True,18,18.0,,18.0,124487.872112,125547.06135999999,125547.061392,6974.836744,36.248853000000004,124487.872112,29327.391122792073,18754.53653785,62.30524988235294,15.313465506564222,0.1433725314237813,53,64,,True,True,,73,87.6246207195492
123,2026-09-18T06:49:37.558+00:00,2026-09-18T06:51:43.383+00:00,2026-09-18T06:51:47.024+00:00,True,61,61.0,,61.0,125824.968895,129465.165759,129465.165846,2122.379767967213,36.525192000000004,125824.968895,16102.470628001189,71.296537,60.66994773333334,8.457437598676725,0.4711692109795138,53,64,,True,True,,253,87.6246207195492
124,2026-09-18T06:49:37.982+00:00,2026-09-18T06:51:44.859+00:00,2026-09-18T06:51:49.570+00:00,True,79,79.0,,79.0,126877.286451,131588.267059,131588.266991,1665.674265708861,33.688108,126877.286451,14268.017861712398,71.1302859,60.39718728205128,9.446793975337783,0.6003574768909975,53,64,,True,True,,329,87.6246207195492
125,2026-09-18T06:49:38.356+00:00,2026-09-18T06:51:45.939+00:00,2026-09-18T06:51:47.854+00:00,True,33,33.0,,33.0,127583.598408,129498.129736,129498.12988000001,3924.185753939394,35.598124000000006,127583.598408,22199.042056736474,82.3313202,59.829104,12.145009451019767,0.2548299351293729,53,64,,True,True,,132,87.6246207195492
126,2026-09-18T06:49:38.816+00:00,2026-09-18T06:51:47.957+00:00,2026-09-18T06:51:50.026+00:00,True,35,35.0,,35.0,129141.240246,131210.273462,131210.2733,3748.8649514285717,41.482183,129141.240246,21818.568427038623,69.0168328,60.85391811764706,6.307249545293482,0.26674740534045455,53,64,,True,True,,133,87.6246207195492
127,2026-09-18T06:49:39.226+00:00,2026-09-18T06:51:49.260+00:00,2026-09-18T06:51:52.432+00:00,True,52,52.0,,52.0,130034.334723,133206.27353900002,133206.27350100002,2561.6591057884616,37.054121,130034.334723,18023.896369266567,91.19264849999999,62.19487874509804,11.344692121265734,0.3903720043994436,53,64,,True,True,,222,87.6246207195492
128,2026-09-18T06:49:39.693+00:00,2026-09-18T06:51:50.798+00:00,2026-09-18T06:51:54.332+00:00,True,56,56.0,,56.0,131104.658129,134639.020241,134639.020361,2404.2682207321427,35.494714,131104.658129,17511.013411485186,96.73149225000002,64.26112930909092,11.627736853567107,0.4159269719859934,53,64,,True,True,,171,87.6246207195492
129,2026-09-18T06:49:40.070+00:00,2026-09-18T06:51:52.192+00:00,2026-09-18T06:51:55.550+00:00,True,55,55.0,,55.0,132121.833156,135480.348868,135480.348885,2463.279070636364,37.119601,132121.833156,17806.92082701755,78.9023282,62.19473540740741,10.106719792587644,0.4059629345477041,53,64,,True,True,,222,87.6246207195492
130,2026-09-18T06:49:40.512+00:00,2026-09-18T06:51:53.803+00:00,2026-09-18T06:51:58.674+00:00,True,82,82.0,,82.0,133290.19958,138161.957404,138161.95742899997,1684.9019198658534,33.568837,133290.19958,14712.802594754827,73.2375152,60.145158320987655,11.405137959740546,0.59350635689261,53,64,,True,True,,362,87.6246207195492
131,2026-09-18T06:49:40.832+00:00,2026-09-18T06:51:55.296+00:00,2026-09-18T06:51:55.423+00:00,True,3,3.0,,3.0,134463.759146,134590.74129,134590.74127,44863.58042333333,57.255904,134463.759146,77596.03120796547,121024.35585339999,63.491072,8.81781389444073,0.02228979476036884,53,64,,True,True,,9,87.6246207195492
132,2026-09-18T06:49:41.300+00:00,2026-09-18T06:51:57.259+00:00,2026-09-18T06:51:59.536+00:00,True,39,39.0,,39.0,135959.667368,138235.78640799999,138235.786416,3544.5073439999996,39.385126,135959.667368,21761.380327099185,70.56836480000001,59.89786947368422,7.122129980609129,0.2821266548510986,53,64,,True,True,,149,87.6246207195492
133,2026-09-18T06:49:41.643+00:00,2026-09-18T06:51:58.430+00:00,2026-09-18T06:51:59.106+00:00,True,12,12.0,,12.0,136786.97973,137462.769042,137462.76905,11455.230754166667,56.636835,136786.97973,39469.265037572826,61591.08148825,61.435392,3.2742198902275335,0.087296364562055,53,64,,True,True,,67,87.6246207195492
134,2026-09-18T06:49:42.042+00:00,2026-09-18T06:51:59.974+00:00,2026-09-18T06:52:05.430+00:00,True,88,88.0,,88.0,137931.982468,143388.132228,143388.132149,1629.4105926022728,36.110612,137931.982468,14696.917509741977,89.66606925,62.71436505747127,11.106226351228454,0.6137188526876974,53,64,,True,True,,415,87.6246207195492
135,2026-09-18T06:49:42.491+00:00,2026-09-18T06:52:01.416+00:00,2026-09-18T06:52:06.662+00:00,True,85,85.0,,85.0,138924.01728,144170.03584,144170.035933,1696.1180698,36.064752999999996,138924.01728,15061.655930261159,90.02486160000001,62.452601904761906,11.752824883377995,0.5895815972074326,53,64,,True,True,,295,87.6246207195492
136,2026-09-18T06:49:42.793+00:00,2026-09-18T06:52:02.784+00:00,2026-09-18T06:52:05.783+00:00,True,49,49.0,,49.0,139991.05194600002,142989.855914,142989.855837,2918.160323204082,37.40062,139991.05194600002,19989.798300704428,80.78672499999999,62.475082666666665,8.097025427521839,0.3426816516933245,53,64,,True,True,,167,87.6246207195492
137,2026-09-18T06:49:43.091+00:00,2026-09-18T06:52:03.828+00:00,2026-09-18T06:52:08.616+00:00,True,77,77.0,,77.0,140737.09939,145525.39148599998,145525.391327,1889.940147103896,35.89396300000001,140737.09939,16031.30464614523,91.9170428,63.00384336842106,10.851734865673096,0.5291172847139026,53,64,,True,True,,298,87.6246207195492
138,2026-09-18T06:49:43.484+00:00,2026-09-18T06:52:05.124+00:00,2026-09-18T06:52:08.372+00:00,True,53,53.0,,53.0,141639.963579,144888.043451,144888.043356,2733.7366670943397,36.608262,141639.963579,19447.168893814985,94.276382,62.46307446153846,11.918202363259967,0.36579968048173817,53,64,,True,True,,185,87.6246207195492
139,2026-09-18T06:49:43.742+00:00,2026-09-18T06:52:06.594+00:00,2026-09-18T06:52:09.192+00:00,True,42,42.0,,42.0,142851.721136,145450.032048,145450.03212400002,3463.0960029523812,39.384406999999996,142851.721136,22032.722571682392,90.49831215,63.37343687804878,9.937578140332885,0.2887589600952413,53,64,,True,True,,197,87.6246207195492
140,2026-09-18T06:49:44.216+00:00,2026-09-18T06:52:08.372+00:00,2026-09-18T06:52:10.243+00:00,True,32,32.0,,32.0,144155.454539,146026.567755,146026.567632,4563.3302385,38.578478000000004,144155.454539,25472.656012052972,70.91760945,60.35849083870968,7.6905431772066795,0.21913820540991458,53,64,,True,True,,154,87.6246207195492
141,2026-09-18T06:49:44.495+00:00,2026-09-18T06:52:09.257+00:00,2026-09-18T06:52:12.229+00:00,True,50,50.0,,50.0,144762.217973,147734.399989,147734.400053,2954.68800106,36.728252,144762.217973,20463.892997420902,67.41750300000001,60.656775836734695,9.057262011981692,0.33844520980707876,53,64,,True,True,,245,87.6246207195492
142,2026-09-18T06:49:44.877+00:00,2026-09-18T06:52:10.785+00:00,2026-09-18T06:52:11.565+00:00,True,13,13.0,,13.0,145908.838778,146688.01881,146688.018786,11283.693752769232,50.551065,145908.838778,40449.822920344544,58417.321618999995,64.93166933333333,9.271822593047048,0.0886234615850832,53,64,,True,True,,39,87.6246207195492
143,2026-09-18T06:49:45.275+00:00,2026-09-18T06:52:12.419+00:00,2026-09-18T06:52:17.652+00:00,True,84,84.0,,84.0,147143.39852000002,152377.01004000002,152377.01013600003,1814.0120254285716,35.890513,147143.39852000002,16047.78541358389,88.969986,63.05556048192771,11.881999679837183,0.5512642620953739,53,64,,True,True,,318,87.6246207195492
144,2026-09-18T06:49:45.551+00:00,2026-09-18T06:52:13.392+00:00,2026-09-18T06:52:15.562+00:00,True,36,36.0,,36.0,147840.901094,150010.711014,150010.71084,4166.96419,33.970557,147840.901094,24629.821018135386,94.56060475,61.994569142857145,12.863561626067828,0.2399828636012547,53,64,,True,True,,143,87.6246207195492
145,2026-09-18T06:49:45.970+00:00,2026-09-18T06:52:14.891+00:00,2026-09-18T06:52:17.650+00:00,True,45,45.0,,45.0,148921.064353,151680.63017699998,151680.6303,3370.6806733333333,35.088995000000004,148921.064353,22190.496576511512,94.559184,62.7174050909091,14.120689956272168,0.29667598260561256,53,64,,True,True,,194,87.6246207195492
146,2026-09-18T06:49:46.350+00:00,2026-09-18T06:52:16.722+00:00,2026-09-18T06:52:21.051+00:00,True,68,68.0,,68.0,150371.42777399998,154700.667326,154700.667364,2275.00981417647,35.967913,150371.42777399998,18227.383387318998,94.44482835000001,64.61551570149254,13.681773251244854,0.4395585434463829,53,64,,True,True,,314,87.6246207195492
147,2026-09-18T06:49:46.822+00:00,2026-09-18T06:52:18.324+00:00,2026-09-18T06:52:21.402+00:00,True,49,49.0,,49.0,151501.334298,154579.84105,154579.84116,3154.690635918367,37.640429,151501.334298,21633.889131654545,95.471254,64.13555733333334,12.608417029516191,0.31698829334512374,53,64,,True,True,,268,87.6246207195492
148,2026-09-18T06:49:47.142+00:00,2026-09-18T06:52:19.662+00:00,2026-09-18T06:52:22.659+00:00,True,48,48.0,,48.0,152520.631103,155517.66124699998,155517.66131599998,3239.9512774166665,41.447694000000006,152520.631103,22005.254728884294,87.02813535000001,63.766598808510636,8.968615279458064,0.30864661682228034,53,64,,True,True,,246,87.6246207195492
149,2026-09-18T06:49:47.530+00:00,2026-09-18T06:52:21.128+00:00,2026-09-18T06:52:22.919+00:00,True,29,29.0,,29.0,153598.107157,155388.81000499998,155388.810129,5358.234832034483,37.54835,153598.107157,28510.57811296941,89.80911820000001,63.95367314285714,9.607278763136323,0.18662862531135196,53,64,,True,True,,129,87.6246207195492
150,2026-09-18T06:49:47.955+00:00,2026-09-18T06:52:22.722+00:00,2026-09-18T06:52:24.053+00:00,True,22,22.0,,22.0,154766.929709,156098.754605,156098.754537,7095.397933499999,37.713709,154766.929709,32982.90117793897,91.98708755,63.42023314285714,12.158443687763143,0.14093642230311118,53,64,,True,True,,105,87.6246207195492
151,2026-09-18T06:49:48.801+00:00,2026-09-18T06:52:23.702+00:00,2026-09-18T06:52:26.956+00:00,True,53,53.0,,53.0,154900.975824,158155.645136,158155.645237,2984.0687780566036,35.326194,154900.975824,21268.69030948337,82.642212,62.58979446153847,9.952542051966521,0.33511291964586304,53,64,,True,True,,158,87.6246207195492
152,2026-09-18T06:49:48.811+00:00,2026-09-18T06:52:25.606+00:00,2026-09-18T06:52:31.560+00:00,True,97,97.0,,97.0,156795.120403,162749.910291,162749.910432,1677.8341281649484,35.112413999999994,156795.120403,15913.836917926279,69.89805580000001,62.02906133333334,9.133558632992287,0.5960064729164035,53,64,,True,True,,362,87.6246207195492
153,2026-09-18T06:49:48.925+00:00,2026-09-18T06:52:26.106+00:00,2026-09-18T06:52:29.417+00:00,True,54,54.0,,54.0,157180.12529300002,160491.357293,160491.35745,2972.0621750000005,39.979575,157180.12529300002,21381.006224922232,83.12743844999999,62.47607547169811,10.070957230489908,0.3364667164065118,53,64,,True,True,,277,87.6246207195492
154,2026-09-18T06:49:49.200+00:00,2026-09-18T06:52:27.194+00:00,2026-09-18T06:52:32.008+00:00,True,77,77.0,,77.0,157994.35074000002,162808.03112400003,162808.03112700002,2114.390014636364,39.080987,157994.35074000002,17997.91292413751,95.7177818,63.33789978947368,11.554304367499252,0.47294964178612436,53,64,,True,True,,400,87.6246207195492
155,2026-09-18T06:49:49.477+00:00,2026-09-18T06:52:28.285+00:00,2026-09-18T06:52:32.948+00:00,True,75,75.0,,75.0,158808.60402700002,163471.10386700003,163471.10391600002,2179.6147188800005,37.93322,158808.60402700002,18330.366274442542,93.8606862,63.0067545945946,11.58419345489535,0.45879668165096593,53,64,,True,True,,329,87.6246207195492
156,2026-09-18T06:49:49.951+00:00,2026-09-18T06:52:30.028+00:00,2026-09-18T06:52:35.745+00:00,True,90,90.0,,90.0,160077.36351199998,165794.24005599998,165794.24014599997,1842.1582238444441,35.388383999999995,160077.36351199998,16866.870024680436,99.48421400000001,64.23456791011236,13.393978839847893,0.542841536410438,53,64,,True,True,,450,87.6246207195492
157,2026-09-18T06:49:50.246+00:00,2026-09-18T06:52:31.327+00:00,2026-09-18T06:52:37.672+00:00,True,98,98.0,,98.0,161080.365377,167425.901889,167425.90197,1708.427571122449,38.18983,161080.365377,16264.972923133439,98.84891135,65.41790218556702,15.204108922111615,0.5853335648445366,53,64,,True,True,,473,87.6246207195492
158,2026-09-18T06:49:50.563+00:00,2026-09-18T06:52:32.497+00:00,2026-09-18T06:52:36.790+00:00,True,67,67.0,,67.0,161934.555698,166227.84491400002,166227.84497600002,2481.01261158209,38.420769,161934.555698,19775.51334236864,100.3148526,65.04983660606061,15.2001453750549,0.4030612322181237,53,64,,True,True,,320,87.6246207195492
159,2026-09-18T06:49:50.838+00:00,2026-09-18T06:52:33.788+00:00,2026-09-18T06:52:37.863+00:00,True,63,63.0,,63.0,162949.42477200003,167025.37152400002,167025.37144500003,2651.1963721428574,35.473295,162949.42477200003,20521.421601919785,98.4535902,65.7410766451613,16.312081537370855,0.37718820455338714,53,64,,True,True,,340,87.6246207195492
160,2026-09-18T06:49:51.257+00:00,2026-09-18T06:52:35.617+00:00,2026-09-18T06:52:39.127+00:00,True,55,55.0,,55.0,164359.601905,167869.54110499998,167869.54098299998,3052.1734724181815,38.720079,164359.601905,22153.484274255832,98.5829095,64.99887407407408,14.2853892007872,0.32763537469610576,53,64,,True,True,,235,87.6246207195492
161,2026-09-18T06:49:51.631+00:00,2026-09-18T06:52:36.914+00:00,2026-09-18T06:52:39.416+00:00,True,40,40.0,,40.0,165283.108177,167785.748561,167785.748523,4194.643713075,36.594072,165283.108177,26123.411731291468,92.756333,64.17026625641026,14.482533356989427,0.23839927015885767,53,64,,True,True,,181,87.6246207195492
162,2026-09-18T06:49:52.024+00:00,2026-09-18T06:52:38.277+00:00,2026-09-18T06:52:40.245+00:00,True,33,33.0,,33.0,166252.876352,168220.98412799998,168220.984004,5097.605575878788,38.797436999999995,166252.876352,28930.20645189659,85.5877086,61.503368,10.374675737946337,0.19617053229750564,53,64,,True,True,,156,87.6246207195492
163,2026-09-18T06:49:52.312+00:00,2026-09-18T06:52:39.375+00:00,2026-09-18T06:52:41.612+00:00,True,37,37.0,,37.0,167063.850515,169299.997203,169299.997138,4575.675598324325,36.875201000000004,167063.850515,27454.918491331777,91.65380359999999,62.115185777777775,11.45839274176012,0.21854696167321827,53,64,,True,True,,171,87.6246207195492
164,2026-09-18T06:49:52.767+00:00,2026-09-18T06:52:41.545+00:00,2026-09-18T06:52:46.809+00:00,True,85,85.0,,85.0,168777.540423,174041.120583,174041.120682,2047.5425962588236,36.359862,168777.540423,18299.70158257613,94.0295026,62.66166857142858,11.608625253193601,0.4883903281895016,53,64,,True,True,,353,87.6246207195492
165,2026-09-18T06:49:53.146+00:00,2026-09-18T06:52:42.883+00:00,2026-09-18T06:52:47.698+00:00,True,77,77.0,,77.0,169737.18774700002,174552.487331,174552.48732200003,2266.915419766234,37.056761,169737.18774700002,19336.131742044392,94.50522799999999,63.35920505263158,13.177706445975053,0.44112805940133415,53,64,,True,True,,404,87.6246207195492
166,2026-09-18T06:49:53.469+00:00,2026-09-18T06:52:44.050+00:00,2026-09-18T06:52:45.714+00:00,True,28,28.0,,28.0,170580.626428,172244.72934,172244.729477,6151.597481321428,37.393879999999996,170580.626428,32225.062790494612,93.19453265,61.633441185185184,11.940606721211232,0.1625594008437251,53,64,,True,True,,104,87.6246207195492
167,2026-09-18T06:49:53.878+00:00,2026-09-18T06:52:45.593+00:00,2026-09-18T06:52:46.586+00:00,True,17,17.0,,17.0,171715.269036,172707.89777200003,172707.897975,10159.28811617647,40.741363,171715.269036,41632.024832971794,34415.1065288,62.039296,11.43220435963533,0.09843209383766871,53,64,,True,True,,66,87.6246207195492
168,2026-09-18T06:49:54.217+00:00,2026-09-18T06:52:46.915+00:00,2026-09-18T06:52:47.560+00:00,True,10,10.0,,10.0,172697.887198,173343.813854,173343.813644,17334.3813644,59.391307999999995,172697.887198,54589.174640688994,95036.5204273,71.76962844444445,19.57010862953402,0.057688819564236465,53,64,,True,True,,56,87.6246207195492
169,2026-09-18T06:49:54.649+00:00,2026-09-18T06:52:48.670+00:00,2026-09-18T06:52:49.432+00:00,True,13,13.0,,13.0,174020.80620300001,174782.630203,174782.630161,13444.817704692308,53.5084,174020.80620300001,48247.080201813835,69650.5151166,63.48533333333334,4.474906876002781,0.07437810030036306,53,64,,True,True,,54,87.6246207195492
170,2026-09-18T06:49:54.941+00:00,2026-09-18T06:52:49.618+00:00,2026-09-18T06:52:53.540+00:00,True,63,63.0,,63.0,174676.774752,178598.641248,178598.641296,2834.899068190476,37.884108999999995,174676.774752,21999.238765266913,91.4106913,63.25591122580645,12.004330141486175,0.35274624465098214,53,64,,True,True,,404,87.6246207195492
171,2026-09-18T06:49:55.324+00:00,2026-09-18T06:52:51.219+00:00,2026-09-18T06:52:56.503+00:00,True,80,80.0,,80.0,175894.989267,181179.103955,181179.103947,2264.7387993375,40.526385000000005,175894.989267,19658.18373572641,97.43096094999999,66.88752769620253,13.151444718321924,0.4415520236807764,53,64,,True,True,,400,87.6246207195492
172,2026-09-18T06:49:55.614+00:00,2026-09-18T06:52:52.365+00:00,2026-09-18T06:52:57.172+00:00,True,75,75.0,,75.0,176750.761032,181558.083144,181558.083213,2420.77444284,35.877292999999995,176750.761032,20401.922516150462,95.701087,64.96381232432432,12.86099988103548,0.41309094423802056,53,64,,True,True,,256,87.6246207195492
173,2026-09-18T06:49:56.088+00:00,2026-09-18T06:52:53.875+00:00,2026-09-18T06:53:00.113+00:00,True,97,97.0,,97.0,177786.255626,184024.68993,184024.689893,1897.1617514742268,37.42658,177786.255626,18044.866266122044,97.91144119999998,64.98369066666666,13.603017651649333,0.5271031840178468,53,64,,True,True,,411,87.6246207195492
174,2026-09-18T06:49:56.380+00:00,2026-09-18T06:52:55.417+00:00,2026-09-18T06:52:55.604+00:00,True,4,4.0,,4.0,179037.57470300002,179224.692527,179224.69261300002,44806.173153250005,61.950204,179037.57470300002,89487.60103371882,152191.344071,62.372608,0.38492892443151117,0.02231835325591313,53,64,,True,True,,19,87.6246207195492
175,2026-09-18T06:49:56.786+00:00,2026-09-18T06:52:56.777+00:00,2026-09-18T06:52:59.995+00:00,True,52,52.0,,52.0,179991.474711,183209.214999,183209.21485,3523.254131730769,37.287,179991.474711,24951.58057863367,93.4366086,63.09294682352942,13.175565218431865,0.28382851812494164,53,64,,True,True,,265,87.6246207195492
176,2026-09-18T06:49:57.183+00:00,2026-09-18T06:52:58.332+00:00,2026-09-18T06:53:00.591+00:00,True,37,37.0,,37.0,181149.545359,183407.83707100002,183407.8371,4956.968570270271,39.817095,181149.545359,29770.491341648176,94.3247282,62.73032533333333,11.960596225381694,0.2017361994497363,53,64,,True,True,,150,87.6246207195492
177,2026-09-18T06:49:57.513+00:00,2026-09-18T06:52:59.446+00:00,2026-09-18T06:53:01.610+00:00,True,36,36.0,,36.0,181932.929918,184096.58022200002,184096.580437,5113.793901027778,40.729894,181932.929918,30311.853155991586,80.62112975,61.818580114285716,8.893389543366927,0.19554953142849257,53,64,,True,True,,145,87.6246207195492
178,2026-09-18T06:49:57.828+00:00,2026-09-18T06:53:00.779+00:00,2026-09-18T06:53:04.353+00:00,True,59,59.0,,59.0,182951.047769,186524.82824899998,186524.82833299998,3161.4377683559323,40.380464,182951.047769,23810.17642003199,67.7217749,61.616904827586204,5.329226598796727,0.31631177765374147,53,64,,True,True,,314,87.6246207195492
179,2026-09-18T06:49:58.105+00:00,2026-09-18T06:53:01.796+00:00,2026-09-18T06:53:07.112+00:00,True,89,89.0,,89.0,183691.47576899998,189007.16344899999,189007.163289,2123.675992011236,37.029021,183691.47576899998,19464.85585714937,67.47465399999999,60.40554181818182,7.270892948706263,0.47088162361642427,53,64,,True,True,,407,87.6246207195492
180,2026-09-18T06:49:58.459+00:00,2026-09-18T06:53:03.493+00:00,2026-09-18T06:53:06.869+00:00,True,57,57.0,,57.0,185033.320255,188409.459519,188409.459547,3305.429114859649,36.906101,185033.320255,24500.277896118525,69.5106544,60.28820114285714,7.998200475852787,0.30253258061202537,53,64,,True,True,,255,87.6246207195492
181,2026-09-18T06:49:58.860+00:00,2026-09-18T06:53:04.771+00:00,2026-09-18T06:53:05.615+00:00,True,15,15.0,,15.0,185911.158355,186755.259219,186755.259218,12450.350614533332,33.451938,185911.158355,47986.48819196887,55824.3579723,60.29291885714286,10.554463213692584,0.08031902321106862,53,64,,True,True,,78,87.6246207195492
182,2026-09-18T06:49:59.275+00:00,2026-09-18T06:53:06.217+00:00,2026-09-18T06:53:09.430+00:00,True,55,55.0,,55.0,186941.5606,190154.330136,190154.330059,3457.3514556181817,37.774649,186941.5606,25199.17471149624,76.588592,59.49573214814815,10.689249465931624,0.2892387460262595,53,64,,True,True,,190,87.6246207195492
183,2026-09-18T06:49:59.552+00:00,2026-09-18T06:53:07.515+00:00,2026-09-18T06:53:08.051+00:00,True,10,10.0,,10.0,187962.33279699998,188498.316157,188498.31632599997,18849.8316326,38.934028,187962.33279699998,59420.07657254552,103408.84572399998,59.55370666666666,8.32506496611576,0.05305087177368212,53,64,,True,True,,56,87.6246207195492
184,2026-09-18T06:49:59.898+00:00,2026-09-18T06:53:08.666+00:00,2026-09-18T06:53:12.906+00:00,True,71,71.0,,71.0,188768.210444,193008.20404399998,193008.204134,2718.425410338028,36.558741999999995,188768.210444,22395.478622629584,70.1494885,60.57133714285714,9.855307761702132,0.36786001067506,53,64,,True,True,,372,87.6246207195492
185,2026-09-18T06:50:00.214+00:00,2026-09-18T06:53:10.234+00:00,2026-09-18T06:53:16.077+00:00,True,94,94.0,,94.0,190019.823799,195863.513015,195863.513024,2083.6543938723403,38.003659,190019.823799,19592.57032212153,91.95150064999999,62.835367913978494,10.805827328010077,0.47992603907191794,53,64,,True,True,,435,87.6246207195492
186,2026-09-18T06:50:00.548+00:00,2026-09-18T06:53:11.508+00:00,2026-09-18T06:53:14.434+00:00,True,48,48.0,,48.0,190959.745525,193885.691637,193885.69169,4039.2852435416667,35.974103,190959.745525,27553.681849077275,92.92986165,62.254172595744684,11.488853411276136,0.24756855235025482,53,64,,True,True,,207,87.6246207195492
187,2026-09-18T06:50:00.976+00:00,2026-09-18T06:53:12.842+00:00,2026-09-18T06:53:17.929+00:00,True,81,81.0,,81.0,191865.69163400002,196953.53317,196953.53319000002,2431.5251011111113,37.11511,191865.69163400002,21311.347353400528,94.55889299999998,63.5980192,12.497216777216009,0.41126451857091095,53,64,,True,True,,339,87.6246207195492
188,2026-09-18T06:50:01.297+00:00,2026-09-18T06:53:13.965+00:00,2026-09-18T06:53:15.489+00:00,True,25,25.0,,25.0,192668.202287,194191.600943,194191.600921,7767.664036839999,41.060084,192668.202287,38520.947262297035,92.95562039999999,63.474944,12.0076186875332,0.1287388325684493,53,64,,True,True,,79,87.6246207195492
189,2026-09-18T06:50:02.589+00:00,2026-09-18T06:53:17.493+00:00,2026-09-18T06:53:22.365+00:00,True,79,79.0,,79.0,194903.300311,199775.916503,199775.91649899998,2528.809069607595,36.460532,194903.300311,21921.310153550727,93.28981879999999,62.46943835897436,13.347489233101667,0.3954430613202251,53,64,,True,True,,387,87.6246207195492
191,2026-09-18T06:50:02.733+00:00,2026-09-18T06:53:18.858+00:00,2026-09-18T06:53:20.605+00:00,True,29,29.0,,29.0,196124.49879699998,197871.23082899998,197871.23098399997,6823.145895999999,35.216134,196124.49879699998,36407.82232306845,84.29999459999999,62.383286857142856,10.57423250518585,0.14655996164021315,53,64,,True,True,,135,87.6246207195492
190,2026-09-18T06:50:02.682+00:00,2026-09-18T06:53:19.491+00:00,2026-09-18T06:53:21.690+00:00,True,37,37.0,,37.0,196809.218069,199008.085781,199008.085871,5378.596915432432,36.966031,196809.218069,32345.196644046315,92.27807860000001,61.07965866666667,11.348633250884937,0.18592209384254335,53,64,,True,True,,170,87.6246207195492
192,2026-09-18T06:50:02.800+00:00,2026-09-18T06:53:19.925+00:00,2026-09-18T06:53:23.144+00:00,True,53,53.0,,53.0,197125.18665599998,200343.32015999997,200343.32029399998,3780.0626470566035,35.990883000000004,197125.18665599998,27068.729702638484,95.8129128,61.88718276923077,14.394544474274799,0.26454588033018855,53,64,,True,True,,176,87.6246207195492
193,2026-09-18T06:50:02.944+00:00,2026-09-18T06:53:20.669+00:00,2026-09-18T06:53:25.305+00:00,True,75,75.0,,75.0,197724.897132,202360.96215600002,202360.96213200002,2698.1461617600003,36.119372000000006,197724.897132,22824.074882591864,97.8982417,62.64952735135135,14.44607800455228,0.3706248438480072,53,64,,True,True,,240,87.6246207195492
194,2026-09-18T06:50:03.305+00:00,2026-09-18T06:53:22.261+00:00,2026-09-18T06:53:25.609+00:00,True,54,54.0,,54.0,198955.787435,202304.033451,202304.03334,3746.370987777778,35.373404,198955.787435,27065.859702979193,95.7673469,63.17445313207547,13.474455284606655,0.26692497959057904,53,64,,True,True,,155,87.6246207195492
195,2026-09-18T06:50:03.575+00:00,2026-09-18T06:53:23.139+00:00,2026-09-18T06:53:27.785+00:00,True,74,74.0,,74.0,199563.837303,204209.888887,204209.888963,2759.5930940945946,37.256879999999995,199563.837303,23191.42957381903,92.60310845,63.64454224657534,12.337207468011893,0.36237226514014736,53,64,,True,True,,333,87.6246207195492
196,2026-09-18T06:50:04.000+00:00,2026-09-18T06:53:25.076+00:00,2026-09-18T06:53:28.967+00:00,True,64,64.0,,64.0,201075.090879,204966.149567,204966.14953999998,3202.5960865624997,31.386771,201075.090879,25126.668579860656,91.52444449999999,61.76283631746032,11.465725844611548,0.31224668139203876,53,64,,True,True,,333,87.6246207195492
197,2026-09-18T06:50:04.454+00:00,2026-09-18T06:53:26.819+00:00,2026-09-18T06:53:30.986+00:00,True,69,69.0,,69.0,202365.122958,206531.74337399998,206531.743285,2993.2136707971013,35.926133,202365.122958,24354.523514818356,83.54449640000001,61.273829647058825,10.078780238478773,0.334089079348208,53,64,,True,True,,350,87.6246207195492
198,2026-09-18T06:50:04.802+00:00,2026-09-18T06:53:28.133+00:00,2026-09-18T06:53:33.944+00:00,True,96,96.0,,96.0,203330.95640599998,209141.708406,209141.708352,2178.5594619999997,35.504813999999996,203330.95640599998,20746.138867876318,81.0931935,61.16581052631579,10.717937511857402,0.45901891464727984,53,64,,True,True,,291,87.6246207195492
199,2026-09-18T06:50:05.099+00:00,2026-09-18T06:53:28.909+00:00,2026-09-18T06:53:29.641+00:00,True,13,13.0,,13.0,203810.78323300002,204542.441985,204542.44200600003,15734.034000461541,55.987506,203810.78323300002,56510.03030430715,81562.5269464,60.971562666666664,2.4224963046482495,0.06355649162022495,53,64,,True,True,,55,87.6246207195492
200,2026-09-18T06:50:05.376+00:00,2026-09-18T06:53:29.945+00:00,2026-09-18T06:53:32.110+00:00,True,36,36.0,,36.0,204569.292899,206733.455459,206733.45547699998,5742.595985472222,37.136391,204569.292899,34084.57829838301,84.6325465,61.833216,10.872785014468633,0.1741372721704428,53,64,,True,True,,196,87.6246207195492
201,2026-09-18T06:50:05.750+00:00,2026-09-18T06:53:31.643+00:00,2026-09-18T06:53:35.503+00:00,True,63,63.0,,63.0,205893.19346799998,209753.385468,209753.38534699997,3329.418815031746,36.006733,205893.19346799998,25932.2631455251,92.532159,62.261161290322576,12.972747054904229,0.30035272069356556,53,64,,True,True,,276,87.6246207195492
202,2026-09-18T06:50:06.007+00:00,2026-09-18T06:53:32.581+00:00,2026-09-18T06:53:35.628+00:00,True,50,50.0,,50.0,206573.723971,209621.196355,209621.196458,4192.42392916,35.905302999999996,206573.723971,29205.143552105354,90.4962954,62.19331395918367,12.940172523838521,0.23852549679815513,53,64,,True,True,,206,87.6246207195492
203,2026-09-18T06:50:06.302+00:00,2026-09-18T06:53:34.098+00:00,2026-09-18T06:53:38.575+00:00,True,72,72.0,,72.0,207795.516882,212272.88853,212272.888567,2948.2345634305557,37.07396,207795.516882,24481.507646639693,92.206663,63.06157250704225,12.2257535955332,0.33918603783367474,53,64,,True,True,,280,87.6246207195492
204,2026-09-18T06:50:06.667+00:00,2026-09-18T06:53:35.245+00:00,2026-09-18T06:53:37.055+00:00,True,29,29.0,,29.0,208578.065561,210388.081305,210388.08127999998,7254.761423448275,40.502284,208578.065561,38719.972855050815,94.109172,64.64341942857142,13.928859638865198,0.13784050797991093,53,64,,True,True,,128,87.6246207195492
205,2026-09-18T06:50:06.960+00:00,2026-09-18T06:53:36.330+00:00,2026-09-18T06:53:40.166+00:00,True,63,63.0,,63.0,209370.766483,213206.45416300002,213206.45400700002,3384.22942868254,36.701532,209370.766483,26370.444507533484,78.4347476,61.865930322580645,9.665326624303852,0.29548824048185435,53,64,,True,True,,321,87.6246207195492
206,2026-09-18T06:50:07.291+00:00,2026-09-18T06:53:37.786+00:00,2026-09-18T06:53:41.048+00:00,True,54,54.0,,54.0,210495.039036,213757.291324,213757.291301,3958.468357425926,37.039121,210495.039036,28636.372081691137,80.27465245,61.55192996226415,9.742001125745324,0.252622961609998,53,64,,True,True,,285,87.6246207195492
207,2026-09-18T06:50:07.714+00:00,2026-09-18T06:53:39.731+00:00,2026-09-18T06:53:40.859+00:00,True,20,20.0,,20.0,212016.952771,213144.63584300003,213144.636065,10657.23180325,36.332332,212016.952771,47395.16130283676,10671.6535525,59.35174063157894,9.384919346641022,0.09383299711437157,53,64,,True,True,,109,87.6246207195492
208,2026-09-18T06:50:07.986+00:00,2026-09-18T06:53:40.413+00:00,2026-09-18T06:53:46.580+00:00,True,100,100.0,,100.0,212427.138889,218593.443913,218593.444111,2185.93444111,36.797492,212427.138889,21236.4879179338,91.626165,62.285909333333336,10.602930382653032,0.4574702617330093,53,64,,True,True,,252,87.6246207195492
209,2026-09-18T06:50:08.301+00:00,2026-09-18T06:53:41.603+00:00,2026-09-18T06:53:43.971+00:00,True,40,40.0,,40.0,213302.415716,215669.97897999999,215669.97904399998,5391.7494761,36.878491000000004,213302.415716,33716.47638942738,91.19589615,60.70675035897436,11.054635463282455,0.18546855797537484,53,64,,True,True,,171,87.6246207195492
210,2026-09-18T06:50:08.686+00:00,2026-09-18T06:53:43.121+00:00,2026-09-18T06:53:43.618+00:00,True,9,9.0,,9.0,214434.748003,214931.95990699998,214931.959974,23881.328886,57.420843,214434.748003,71457.53223230505,128687.7993594,62.151488,3.2187288331822637,0.04187371670501798,53,64,,True,True,,35,87.6246207195492
211,2026-09-18T06:50:09.022+00:00,2026-09-18T06:53:44.152+00:00,2026-09-18T06:53:49.462+00:00,True,83,83.0,,83.0,215129.410817,220439.73376099998,220439.733617,2655.9004050240965,0.01759,215129.410817,23606.43100188152,93.0828094,64.76003590243903,29.943069261419247,0.37652014264355954,53,64,,True,True,,298,87.6246207195492
212,2026-09-18T06:50:09.344+00:00,2026-09-18T06:53:45.390+00:00,2026-09-18T06:53:48.440+00:00,True,48,48.0,,48.0,216046.212037,219095.421893,219095.42197199998,4564.48795775,36.803621,216046.212037,31174.22251894001,94.49829475,64.8768054468085,11.316295041467743,0.21908262429801864,53,64,,True,True,,215,87.6246207195492
213,2026-09-18T06:50:09.657+00:00,2026-09-18T06:53:46.730+00:00,2026-09-18T06:53:52.847+00:00,True,97,97.0,,97.0,217073.192582,223189.75936599998,223189.759566,2300.9253563505154,0.01984,217073.192582,22033.98463152359,90.92489539999998,63.71423733333334,21.590980112992924,0.43460775384830075,53,64,,True,True,,428,87.6246207195492
214,2026-09-18T06:50:09.922+00:00,2026-09-18T06:53:47.662+00:00,2026-09-18T06:53:51.493+00:00,True,62,62.0,,62.0,217740.32597,221571.590482,221571.590383,3573.7353287580645,0.01805,217740.32597,27645.084226397168,88.76155645,62.80761495081967,25.699951259782388,0.2798192668343767,53,64,,True,True,,257,87.6246207195492
215,2026-09-18T06:50:10.223+00:00,2026-09-18T06:53:49.519+00:00,2026-09-18T06:53:55.050+00:00,True,90,90.0,,90.0,219295.803926,224826.769174,224826.769256,2498.0752139555557,34.744675,219295.803926,23109.260129792878,91.03115980000001,62.14567694382022,12.73327231004171,0.4003082032030909,53,64,,True,True,,394,87.6246207195492
216,2026-09-18T06:50:10.598+00:00,2026-09-18T06:53:50.700+00:00,2026-09-18T06:53:56.240+00:00,True,90,90.0,,90.0,220102.238782,225641.695038,225641.695071,2507.1299452333333,35.752103000000005,220102.238782,23194.25527790673,90.96779895,62.241081528089886,11.815276076317588,0.3988624530800623,53,64,,True,True,,495,87.6246207195492
217,2026-09-18T06:50:10.961+00:00,2026-09-18T06:53:51.903+00:00,2026-09-18T06:53:57.811+00:00,True,95,95.0,,95.0,220942.108914,226850.27838600002,226850.27818800003,2387.897665136842,33.447977,220942.108914,22661.735737523177,89.60335070000001,62.85286672340426,10.0946088493454,0.4187784148906863,53,64,,True,True,,342,87.6246207195492
218,2026-09-18T06:50:11.300+00:00,2026-09-18T06:53:53.333+00:00,2026-09-18T06:53:53.620+00:00,True,6,6.0,,6.0,222032.707698,222320.286834,222320.28685,37053.38114166667,41.707292,222032.707698,90620.99297186646,166540.49761125003,57.515827200000004,9.112559741799183,0.02698809040526303,53,64,,True,True,,26,87.6246207195492
219,2026-09-18T06:50:11.590+00:00,2026-09-18T06:53:54.507+00:00,2026-09-18T06:54:00.488+00:00,True,97,97.0,,97.0,222917.294904,228898.251064,228898.251087,2359.775784402062,35.751783,222917.294904,22627.497994167228,71.66099979999998,62.301626666666664,8.852656466526028,0.4237690744647882,53,64,,True,True,,355,87.6246207195492
220,2026-09-18T06:50:11.946+00:00,2026-09-18T06:53:55.799+00:00,2026-09-18T06:53:57.129+00:00,True,22,22.0,,22.0,223853.25065099998,225183.25461899998,225183.254662,10235.602484636363,57.866932,223853.25065099998,47712.170748730954,69.9589121,63.33352228571428,3.2305972288015283,0.0976982060110243,53,64,,True,True,,110,87.6246207195492
221,2026-09-18T06:50:12.256+00:00,2026-09-18T06:53:56.996+00:00,2026-09-18T06:54:02.572+00:00,True,89,89.0,,89.0,224739.337794,230315.777346,230315.77715399998,2587.8177208314605,40.052144999999996,224739.337794,23815.60711824415,90.2581208,63.36863127272727,9.860058404986715,0.38642598012856333,53,64,,True,True,,366,87.6246207195492
222,2026-09-18T06:50:12.605+00:00,2026-09-18T06:53:58.085+00:00,2026-09-18T06:53:58.334+00:00,True,5,5.0,,5.0,225480.036318,225729.27203,225729.271972,45145.8543944,56.357865,225480.036318,100809.8724398414,180397.521823,62.308928,4.574621354056749,0.022150428054964387,53,64,,True,True,,31,87.6246207195492
223,2026-09-18T06:50:12.951+00:00,2026-09-18T06:53:59.499+00:00,2026-09-18T06:54:00.687+00:00,True,20,20.0,,20.0,226548.48474900002,227735.63303700002,227735.63293600004,11386.781646800002,37.40089,226548.48474900002,50643.81050751222,11400.44890965,62.481488842105264,7.889106334822702,0.08782112721354685,53,64,,True,True,,125,87.6246207195492
224,2026-09-18T06:50:13.256+00:00,2026-09-18T06:54:00.691+00:00,2026-09-18T06:54:04.247+00:00,True,58,58.0,,58.0,227434.30009200002,230990.59449200003,230990.594504,3982.5964569655175,37.58703,227434.30009200002,29855.39633100293,89.39517204999999,62.3911298245614,11.11492061885896,0.25109247468519214,53,64,,True,True,,246,87.6246207195492
225,2026-09-18T06:50:13.616+00:00,2026-09-18T06:54:02.077+00:00,2026-09-18T06:54:02.205+00:00,True,3,3.0,,3.0,228461.449859,228589.60089899998,228589.600919,76196.53363966667,60.31542700000001,228461.449859,131865.285604661,205622.0884364,64.07552,5.317624013858821,0.01312395659383263,53,64,,True,True,,6,87.6246207195492
226,2026-09-18T06:50:13.974+00:00,2026-09-18T06:54:03.300+00:00,2026-09-18T06:54:07.475+00:00,True,68,68.0,,68.0,229325.944481,233501.185441,233501.18555300002,3433.840964014706,36.974731,229325.944481,27802.301100519635,93.5857937,62.31702925373134,11.902236399732518,0.29121907827393845,53,64,,True,True,,324,87.6246207195492
227,2026-09-18T06:50:14.381+00:00,2026-09-18T06:54:04.870+00:00,2026-09-18T06:54:06.389+00:00,True,26,26.0,,26.0,230489.500591,232008.090031,232008.090008,8923.38807723077,38.999057,230489.500591,45190.79768672006,67.0449965,60.7435776,6.409663037293614,0.11206505771641835,53,64,,True,True,,137,87.6246207195492
228,2026-09-18T06:50:14.707+00:00,2026-09-18T06:54:06.009+00:00,2026-09-18T06:54:07.691+00:00,True,26,26.0,,26.0,231301.763331,232984.53427499998,232984.53419099998,8960.943622730769,41.480252,231301.763331,45348.80959005228,101.31687025,67.31083776,15.231530686054903,0.11159539014427142,53,64,,True,True,,113,87.6246207195492
229,2026-09-18T06:50:15.005+00:00,2026-09-18T06:54:07.407+00:00,2026-09-18T06:54:10.519+00:00,True,51,51.0,,51.0,232401.569844,235513.47410000002,235513.473918,4617.911253294118,36.634271,232401.569844,32534.016685793227,92.2327075,62.238085119999994,13.599346663233868,0.21654811978335126,53,64,,True,True,,101,87.6246207195492
230,2026-09-18T06:50:15.314+00:00,2026-09-18T06:54:08.649+00:00,2026-09-18T06:54:10.832+00:00,True,37,37.0,,37.0,233334.94129800002,235517.98821,235517.98831200003,6365.35103545946,35.648374000000004,233334.94129800002,38350.06009608109,78.2507954,60.640192,9.852105341384785,0.15710052672073985,53,64,,True,True,,152,87.6246207195492
231,2026-09-18T06:50:15.600+00:00,2026-09-18T06:54:09.360+00:00,2026-09-18T06:54:12.386+00:00,True,49,49.0,,49.0,233760.23999399997,236786.17048999996,236786.17052899997,4832.370827122449,36.607381000000004,233760.23999399997,33385.31663091037,96.4186514,63.04021866666666,12.732580990158446,0.20693776118174684,53,64,,True,True,,237,87.6246207195492
232,2026-09-18T06:50:16.036+00:00,2026-09-18T06:54:11.266+00:00,2026-09-18T06:54:14.240+00:00,True,49,49.0,,49.0,235230.321211,238204.170299,238204.170213,4861.309596183673,35.268455,235230.321211,33595.48299345948,87.47465840000001,61.95518933333334,12.098147030585872,0.20570588641875556,53,64,,True,True,,181,87.6246207195492
233,2026-09-18T06:50:16.347+00:00,2026-09-18T06:54:12.388+00:00,2026-09-18T06:54:17.155+00:00,True,78,78.0,,78.0,236041.365563,240808.309819,240808.309738,3087.2860222820514,38.796867,236041.365563,26719.414230833354,90.54429854999998,61.908366961038965,11.011190823480886,0.32390908793233736,53,64,,True,True,,318,87.6246207195492
234,2026-09-18T06:50:17.216+00:00,2026-09-18T06:54:13.268+00:00,2026-09-18T06:54:16.584+00:00,True,55,55.0,,55.0,236052.26608899998,239368.252265,239368.25212099997,4352.150038563636,38.438338,236052.26608899998,31821.002315158523,78.7180017,61.40715140740741,9.483985067029566,0.2297714900767649,53,64,,True,True,,274,87.6246207195492
235,2026-09-18T06:50:17.318+00:00,2026-09-18T06:54:13.950+00:00,2026-09-18T06:54:19.535+00:00,True,89,89.0,,89.0,236632.62683899998,242217.36104699998,242217.36100299997,2721.5433820561793,39.093506999999995,236632.62683899998,25076.28372379762,91.1611954,63.46288872727273,11.25596664116392,0.36743856681161013,53,64,,True,True,,136,87.6246207195492
236,2026-09-18T06:50:17.451+00:00,2026-09-18T06:54:16.797+00:00,2026-09-18T06:54:18.818+00:00,True,32,32.0,,32.0,239346.348975,241366.987439,241366.987392,7542.718356,43.578509,239346.348975,42299.33552023775,101.99730794999999,65.18188593548388,11.660028234775003,0.13257819695863451,53,64,,True,True,,176,87.6246207195492
237,2026-09-18T06:50:17.828+00:00,2026-09-18T06:54:18.565+00:00,2026-09-18T06:54:22.528+00:00,True,63,63.0,,63.0,240737.26705000002,244700.33674600002,244700.33667200003,3884.1323281269847,38.518127,240737.26705000002,30321.992955786427,85.76396999999999,63.920478967741936,9.358630713343372,0.2574577576711481,53,64,,True,True,,244,87.6246207195492
238,2026-09-18T06:50:18.193+00:00,2026-09-18T06:54:19.976+00:00,2026-09-18T06:54:22.780+00:00,True,45,45.0,,45.0,241782.56189399998,244586.71190999998,244586.71205399997,5435.260267866666,37.5826,241782.56189399998,36033.31719971717,89.7777662,63.73068218181818,9.908787861704756,0.18398382990061432,53,64,,True,True,,180,87.6246207195492
239,2026-09-18T06:50:18.451+00:00,2026-09-18T06:54:21.116+00:00,2026-09-18T06:54:24.063+00:00,True,48,48.0,,48.0,242664.636766,245612.08073400002,245612.080908,5116.91835225,38.787147,242664.636766,35016.573426126095,88.21025329999999,62.711573787234045,11.102814832443004,0.19543012646834912,53,64,,True,True,,212,87.6246207195492
240,2026-09-18T06:50:18.770+00:00,2026-09-18T06:54:22.402+00:00,2026-09-18T06:54:26.357+00:00,True,65,65.0,,65.0,243632.086396,247586.594172,247586.594072,3809.0245241846155,38.85158800000001,243632.086396,30211.178613594944,80.9817328,61.789184,9.417530806567052,0.26253440828401264,53,64,,True,True,,302,87.6246207195492
241,2026-09-18T06:50:19.212+00:00,2026-09-18T06:54:24.252+00:00,2026-09-18T06:54:30.175+00:00,True,94,94.0,,94.0,245039.71695899998,250962.95535899999,250962.95551899998,2669.8186757340422,33.811375999999996,245039.71695899998,25267.35067155069,94.37335965,63.69073548387097,12.054662621996826,0.37455727226966207,53,64,,True,True,,380,87.6246207195492
242,2026-09-18T06:50:19.626+00:00,2026-09-18T06:54:25.874+00:00,2026-09-18T06:54:28.254+00:00,True,38,38.0,,38.0,246247.720465,248628.459793,248628.45969699998,6542.854202552631,40.079335,246247.720465,39936.2192143276,97.0286485,64.34430616216216,13.050324911704624,0.1528384965729087,53,64,,True,True,,130,87.6246207195492
243,2026-09-18T06:50:20.007+00:00,2026-09-18T06:54:27.240+00:00,2026-09-18T06:54:32.019+00:00,True,76,76.0,,76.0,247232.388791,252011.846583,252011.846403,3315.9453474078946,37.36407,247232.388791,28352.192574591078,93.881162,63.72610389333333,11.99666002743641,0.3015731245593228,53,64,,True,True,,363,87.6246207195492
244,2026-09-18T06:50:20.401+00:00,2026-09-18T06:54:28.755+00:00,2026-09-18T06:54:33.653+00:00,True,80,80.0,,80.0,248354.21386000002,253252.3169,253252.31687900002,3165.6539609875003,36.275983000000004,248354.21386000002,27759.91506423743,77.92302964999999,62.00130430379747,10.022277027156914,0.315890496005172,53,64,,True,True,,357,87.6246207195492
245,2026-09-18T06:50:20.748+00:00,2026-09-18T06:54:30.169+00:00,2026-09-18T06:54:30.234+00:00,True,2,2.0,,2.0,249421.34086300002,249485.530815,249485.53077200003,124742.76538600001,64.189909,249421.34086300002,176322.132376931,236953.48331530002,64.189952,nan,0.008016496962635688,53,64,,True,True,,10,87.6246207195492
246,2026-09-18T06:50:21.153+00:00,2026-09-18T06:54:31.534+00:00,2026-09-18T06:54:37.364+00:00,True,94,94.0,,94.0,250381.42649399998,256211.69926199998,256211.699168,2725.6563741276595,37.26908,250381.42649399998,25818.408104203238,90.55648020000001,62.691105032258065,9.965065456920973,0.3668841051004325,53,64,,True,True,,461,87.6246207195492
247,2026-09-18T06:50:21.588+00:00,2026-09-18T06:54:33.105+00:00,2026-09-18T06:54:34.824+00:00,True,29,29.0,,29.0,251517.201455,253235.562543,253235.562388,8732.260772,40.285764,251517.201455,46694.176504190174,85.00002519999998,61.37003885714286,9.08236892277466,0.11451788093576205,53,64,,True,True,,130,87.6246207195492
248,2026-09-18T06:50:22.038+00:00,2026-09-18T06:54:34.882+00:00,2026-09-18T06:54:36.697+00:00,True,30,30.0,,30.0,252843.954339,254658.81590699998,254658.81599099998,8488.6271997,38.010158000000004,252843.954339,46151.35457117062,92.49830665000002,62.58143337931035,10.795968296154173,0.1178046787547926,53,64,,True,True,,124,87.6246207195492
249,2026-09-18T06:50:22.410+00:00,2026-09-18T06:54:36.462+00:00,2026-09-18T06:54:39.764+00:00,True,52,52.0,,52.0,254051.712228,257353.532132,257353.53227599998,4949.106389923077,36.527991,254051.712228,35221.65802247921,97.39521575,64.74156674509804,13.150337781795276,0.2020566788775548,53,64,,True,True,,270,87.6246207195492
250,2026-09-18T06:50:22.784+00:00,2026-09-18T06:54:37.782+00:00,2026-09-18T06:54:42.608+00:00,True,79,79.0,,79.0,254998.135136,259823.82832,259823.828411,3288.909220392405,37.47129,254998.135136,28682.57235162251,72.4546201,61.86786133333334,8.922334661243088,0.3040521745476835,53,64,,True,True,,254,87.6246207195492
251,2026-09-18T06:50:23.245+00:00,2026-09-18T06:54:39.816+00:00,2026-09-18T06:54:44.806+00:00,True,82,82.0,,82.0,256571.27942699997,261561.49485099997,261561.49492499998,3189.7743283536583,36.106612,256571.27942699997,28326.75566339641,69.46271650000001,61.60759782716049,8.12352755190847,0.3135018021162166,53,64,,True,True,,308,87.6246207195492
252,2026-09-18T06:50:23.696+00:00,2026-09-18T06:54:41.012+00:00,2026-09-18T06:54:42.077+00:00,True,18,18.0,,18.0,257316.803818,258381.827562,258381.82754499998,14354.545974722221,58.173061000000004,257316.803818,60635.385991105504,38655.49860775,62.64845552941176,3.125126291362281,0.06966434199278511,53,64,,True,True,,82,87.6246207195492
253,2026-09-18T06:50:24.087+00:00,2026-09-18T06:54:42.264+00:00,2026-09-18T06:54:46.024+00:00,True,63,63.0,,63.0,258177.538617,261937.08600900002,261937.08600900002,4157.731523952381,39.905675,258177.538617,32519.673790719018,69.6277304,60.637861161290324,8.134900559161606,0.2405157702557451,53,64,,True,True,,330,87.6246207195492
254,2026-09-18T06:50:24.562+00:00,2026-09-18T06:54:44.446+00:00,2026-09-18T06:54:46.966+00:00,True,43,43.0,,43.0,259884.21867899998,262404.096823,262404.096922,6102.420858651162,38.277398,259884.21867899998,39622.82346435099,70.8895822,59.997098666666666,9.602758021995166,0.16386939274429427,53,64,,True,True,,157,87.6246207195492
255,2026-09-18T06:50:24.865+00:00,2026-09-18T06:54:45.231+00:00,2026-09-18T06:54:46.213+00:00,True,17,17.0,,17.0,260366.38393799998,261348.39456199997,261348.39463,15373.434978235293,35.501003,260366.38393799998,63133.23906401025,52148.937893999995,61.375664,12.623822115313507,0.0650472715873794,53,64,,True,True,,84,87.6246207195492
256,2026-09-18T06:50:25.274+00:00,2026-09-18T06:54:46.644+00:00,2026-09-18T06:54:51.664+00:00,True,85,85.0,,85.0,261370.179669,266390.319957,266390.32003,3134.003765058824,35.635594,261370.179669,28343.09614551191,82.91375680000002,59.763574857142856,10.83822713826495,0.31908066334287394,53,64,,True,True,,343,87.6246207195492
257,2026-09-18T06:50:25.554+00:00,2026-09-18T06:54:47.490+00:00,2026-09-18T06:54:47.617+00:00,True,3,3.0,,3.0,261935.803831,262062.659511,262062.659534,87354.21984466666,61.110936,261935.803831,151192.08678284378,235748.79792460002,63.42784,3.276812019977954,0.01144764387874983,53,64,,True,True,,11,87.6246207195492
258,2026-09-18T06:50:25.965+00:00,2026-09-18T06:54:49.184+00:00,2026-09-18T06:54:49.311+00:00,True,3,3.0,,3.0,263219.49479699996,263346.63540499995,263346.63526899996,87782.21175633332,59.703998,263219.49479699996,151933.1439333302,236904.28896469995,63.570304,5.467689043389355,0.011391829614174905,53,64,,True,True,,10,87.6246207195492
259,2026-09-18T06:50:26.357+00:00,2026-09-18T06:54:50.682+00:00,2026-09-18T06:54:56.363+00:00,True,96,96.0,,96.0,264325.222116,270006.603748,270006.603819,2812.5687897812504,36.609041,264325.222116,26971.47797553037,67.58787600000001,59.80401717894737,9.580755501160533,0.35554685947458464,53,64,,True,True,,369,87.6246207195492
260,2026-09-18T06:50:26.767+00:00,2026-09-18T06:54:52.230+00:00,2026-09-18T06:54:56.923+00:00,True,78,78.0,,78.0,265462.898095,270155.72932700004,270155.729338,3463.534991512821,33.760467,265462.898095,30050.85533083068,71.8664145,60.94586015584416,10.46227992511111,0.2887223609668029,53,64,,True,True,,398,87.6246207195492
261,2026-09-18T06:50:27.094+00:00,2026-09-18T06:54:53.094+00:00,2026-09-18T06:54:56.175+00:00,True,52,52.0,,52.0,265999.957771,269080.621067,269080.621183,5174.6273304423075,36.601012000000004,265999.957771,36879.18160069837,69.79152619999999,60.40516266666666,9.084834470886157,0.1932506317021329,53,64,,True,True,,225,87.6246207195492
262,2026-09-18T06:50:27.463+00:00,2026-09-18T06:54:54.529+00:00,2026-09-18T06:54:56.703+00:00,True,36,36.0,,36.0,267066.20343399997,269239.97853799997,269239.97832399997,7478.888286777777,38.223298,267066.20343399997,44500.68389673446,94.88288475000002,62.107860114285714,10.913777215004075,0.13370971204010493,53,64,,True,True,,165,87.6246207195492
263,2026-09-18T06:50:27.815+00:00,2026-09-18T06:54:55.992+00:00,2026-09-18T06:54:57.932+00:00,True,30,30.0,,30.0,268177.073905,270116.646129,270116.64606,9003.888202,36.796071000000005,268177.073905,48950.00199687582,99.49943125,66.8818008275862,14.093579545189113,0.11106312931811264,53,64,,True,True,,93,87.6246207195492
264,2026-09-18T06:50:28.267+00:00,2026-09-18T06:54:57.752+00:00,2026-09-18T06:54:59.953+00:00,True,36,36.0,,36.0,269484.967452,271685.76054,271685.760613,7546.826683694445,38.658826999999995,269484.967452,44903.68269199675,93.36299224999999,62.879802514285714,11.447234938133965,0.13250602434388445,53,64,,True,True,,167,87.6246207195492
265,2026-09-18T06:50:28.613+00:00,2026-09-18T06:54:59.289+00:00,2026-09-18T06:55:02.498+00:00,True,51,51.0,,51.0,270675.34949800005,273884.7462340001,273884.746227,5370.289141705884,39.371327,270675.34949800005,37893.14334230808,92.44638200000001,64.18793472,10.168331791350953,0.18620971303172507,53,64,,True,True,,269,87.6246207195492
266,2026-09-18T06:50:28.872+00:00,2026-09-18T06:55:00.265+00:00,2026-09-18T06:55:00.390+00:00,True,3,3.0,,3.0,271392.198675,271517.642771,271517.64278,90505.88092666666,61.120306,271392.198675,156652.14637526945,244259.4111874,62.722048,2.265275970500725,0.01104900576398353,53,64,,True,True,,11,87.6246207195492
267,2026-09-18T06:50:29.148+00:00,2026-09-18T06:55:01.328+00:00,2026-09-18T06:55:03.091+00:00,True,29,29.0,,29.0,272179.62629000004,273942.92561800004,273942.92567100003,9446.307781758622,39.016796,272179.62629000004,50530.79504350312,94.9747374,62.974976,12.34657799038105,0.10586146707230204,53,64,,True,True,,124,87.6246207195492
268,2026-09-18T06:50:29.435+00:00,2026-09-18T06:55:02.323+00:00,2026-09-18T06:55:03.303+00:00,True,17,17.0,,17.0,272888.307791,273868.392783,273868.392922,16109.905466,39.931005,272888.307791,66170.280950749,54655.516876600006,61.255312,13.299713209885994,0.06207361071224445,53,64,,True,True,,71,87.6246207195492
269,2026-09-18T06:50:29.796+00:00,2026-09-18T06:55:03.437+00:00,2026-09-18T06:55:07.756+00:00,True,70,70.0,,70.0,273641.53906599997,277960.04146599997,277960.04153499997,3970.857736214285,38.024789,273641.53906599997,32698.94105635968,93.26954365000002,62.586991304347826,11.558725524862474,0.2518347588049356,53,64,,True,True,,351,87.6246207195492
270,2026-09-18T06:50:30.220+00:00,2026-09-18T06:55:05.181+00:00,2026-09-18T06:55:05.371+00:00,True,4,4.0,,4.0,274960.756468,275151.451892,275151.45201,68787.8630025,62.110793,274960.756468,137448.5956475142,233726.28818815,63.56514133333334,1.2595958958163262,0.01453744827619534,53,64,,True,True,,10,87.6246207195492
271,2026-09-18T06:50:30.665+00:00,2026-09-18T06:55:07.194+00:00,2026-09-18T06:55:07.508+00:00,True,6,6.0,,6.0,276528.624902,276842.910982,276842.910993,46140.4851655,55.488065999999996,276528.624902,112866.67711240838,207413.47547700003,62.857216,4.860342136171075,0.021672940725544217,53,64,,True,True,,21,87.6246207195492
272,2026-09-18T06:50:30.924+00:00,2026-09-18T06:55:08.068+00:00,2026-09-18T06:55:09.373+00:00,True,22,22.0,,22.0,277143.89705,278448.700634,278448.700702,12656.759122818183,34.180106,277143.89705,59074.03197423018,92.85841495000001,62.133504,13.631406101677053,0.079009167397471,53,64,,True,True,,85,87.6246207195492
273,2026-09-18T06:50:31.282+00:00,2026-09-18T06:55:09.471+00:00,2026-09-18T06:55:12.124+00:00,True,44,44.0,,44.0,278189.578927,280842.309039,280842.308931,6382.779748431818,36.937540999999996,278189.578927,41929.35800490905,86.83886665,61.69139795348837,10.717157895228269,0.15667155048881828,53,64,,True,True,,227,87.6246207195492
274,2026-09-18T06:50:31.746+00:00,2026-09-18T06:55:11.262+00:00,2026-09-18T06:55:12.183+00:00,True,15,15.0,,15.0,279516.05260500003,280437.487229,280437.48735600006,18695.832490400004,39.303946,279516.05260500003,72153.74186762782,83919.83890470002,65.81675885714286,13.853369916432957,0.05348785623567965,53,64,,True,True,,70,87.6246207195492
276,2026-09-18T06:50:32.433+00:00,2026-09-18T06:55:13.110+00:00,2026-09-18T06:55:13.448+00:00,True,7,7.0,,7.0,280676.84677600005,281014.9452080001,281014.94509100006,40144.99215585715,37.302951,280676.84677600005,106064.57897081127,196495.66794310004,56.34973866666667,13.206212473716493,0.02490970718592486,53,64,,True,True,,19,87.6246207195492
277,2026-09-18T06:50:32.766+00:00,2026-09-18T06:55:14.330+00:00,2026-09-18T06:55:18.336+00:00,True,66,66.0,,66.0,281563.885622,285570.171958,285570.171957,4326.820787227272,35.953733,281563.885622,34650.53332577693,79.5668055,61.6351744,10.625723233622377,0.23111657477205602,53,64,,True,True,,289,87.6246207195492
275,2026-09-18T06:50:32.061+00:00,2026-09-18T06:55:15.656+00:00,2026-09-18T06:55:16.572+00:00,True,16,16.0,,16.0,283594.807384,284511.305816,284511.305794,17781.956612125,39.801326,283594.807384,70883.42717319801,70949.95184499999,61.099895466666666,6.758252620292043,0.056236781009847,53,64,,True,True,,55,87.6246207195492
278,2026-09-18T06:50:33.142+00:00,2026-09-18T06:55:15.912+00:00,2026-09-18T06:55:17.621+00:00,True,29,29.0,,29.0,282769.678038,284479.383766,284479.383801,9809.633924172414,36.08141199999999,282769.678038,52497.67314161405,80.7250444,61.06091885714286,9.79053990370952,0.10194060327357184,53,64,,True,True,,142,87.6246207195492
279,2026-09-18T06:50:33.585+00:00,2026-09-18T06:55:17.813+00:00,2026-09-18T06:55:23.240+00:00,True,89,89.0,,89.0,284228.175249,289654.574481,289654.57450800005,3254.5457809887644,36.466911999999994,284228.175249,30121.591473470726,78.472761,61.663627636363636,9.511807399546413,0.3072625390414402,53,64,,True,True,,297,87.6246207195492
281,2026-09-18T06:50:34.776+00:00,2026-09-18T06:55:18.696+00:00,2026-09-18T06:55:19.458+00:00,True,13,13.0,,13.0,283919.556781,284681.804205,284681.8043,21898.60033076923,39.837505,283919.556781,78727.50042297665,113626.2405706,63.520618666666664,12.745177383677222,0.045665019007111084,53,64,,True,True,,53,87.6246207195492
280,2026-09-18T06:50:34.725+00:00,2026-09-18T06:55:18.824+00:00,2026-09-18T06:55:24.249+00:00,True,89,89.0,,89.0,284098.113887,289523.272031,289523.27215800004,3253.0704736853936,37.134,284098.113887,30107.80657763863,76.88081399999999,61.64952436363637,9.781607720519814,0.3074018864724303,53,64,,True,True,,347,87.6246207195492
282,2026-09-18T06:50:34.835+00:00,2026-09-18T06:55:19.072+00:00,2026-09-18T06:55:20.001+00:00,True,16,16.0,,16.0,284236.804324,285166.208484,285166.20848000003,17822.888030000002,36.599621,284236.804324,71043.71195647714,71126.05327075001,61.96027733333334,11.99273440644504,0.05610762959980135,53,64,,True,True,,50,87.6246207195492
283,2026-09-18T06:50:35.242+00:00,2026-09-18T06:55:23.868+00:00,2026-09-18T06:55:28.124+00:00,True,69,69.0,,69.0,288626.751375,292882.176399,292882.17642,4244.66922347826,37.16557,288626.751375,34739.04556588194,92.4967808,62.57977976470588,10.61668253825306,0.23558961780589796,53,64,,True,True,,237,87.6246207195492
284,2026-09-18T06:50:35.612+00:00,2026-09-18T06:55:25.541+00:00,2026-09-18T06:55:28.063+00:00,True,41,41.0,,41.0,289929.336468,292451.536276,292451.53630700003,7132.964300170733,40.777803,289929.336468,45269.50896595248,97.856357,63.0549952,11.170784857157065,0.14019416865468748,53,64,,True,True,,125,87.6246207195492
285,2026-09-18T06:50:35.953+00:00,2026-09-18T06:55:26.746+00:00,2026-09-18T06:55:32.344+00:00,True,91,91.0,,91.0,290793.62524699996,296390.93315099995,296390.93334499997,3257.043223571428,35.418633,290793.62524699996,30476.937384068067,91.9563525,62.19231004444444,11.414186085115121,0.3070269357856468,53,64,,True,True,,457,87.6246207195492
286,2026-09-18T06:50:36.323+00:00,2026-09-18T06:55:28.181+00:00,2026-09-18T06:55:28.603+00:00,True,8,8.0,,8.0,291858.146018,292280.084962,292280.084946,36535.01061825,40.857623,291858.146018,103166.12701152907,189738.27496830001,60.276992,15.888476342431664,0.027371006139676253,53,64,,True,True,,30,87.6246207195492
287,2026-09-18T06:50:36.660+00:00,2026-09-18T06:55:29.761+00:00,2026-09-18T06:55:32.158+00:00,True,38,38.0,,38.0,293101.599435,295498.620107,295498.62004799995,7776.279474947368,56.296424,293101.599435,47536.84937014132,92.27750669999999,64.78434248648648,8.741115423128477,0.12859620118104173,53,64,,True,True,,75,87.6246207195492
288,2026-09-18T06:50:37.066+00:00,2026-09-18T06:55:31.010+00:00,2026-09-18T06:55:31.817+00:00,True,14,14.0,,14.0,293944.01182099996,294751.47959699994,294751.479647,21053.677117642856,55.198626,293944.01182099996,78543.2413346647,102923.96498909999,62.11290584615385,3.088361932043853,0.04749764112852479,53,64,,True,True,,33,87.6246207195492
289,2026-09-18T06:50:37.492+00:00,2026-09-18T06:55:32.597+00:00,2026-09-18T06:55:37.504+00:00,False,79,78.0,,78.0,295105.03011,300012.38473399996,300012.384874,3797.6251249873417,0.03954,295105.03011,33194.83442934818,95.74926740000001,62.91480287179487,14.227698297882617,0.2599892670069509,53,64,,True,False,Request timeout: 300.0s exceeded,382,87.6246207195492
290,2026-09-18T06:50:37.931+00:00,2026-09-18T06:55:34.137+00:00,2026-09-18T06:55:34.262+00:00,True,3,3.0,,3.0,296205.90851,296331.384862,296331.384965,98777.12832166666,61.739093999999994,296205.90851,170978.33908418982,266591.6913951,62.738176,1.4130369366892006,0.010123801099897281,53,64,,True,True,,5,87.6246207195492
291,2026-09-18T06:50:38.238+00:00,2026-09-18T06:55:35.546+00:00,2026-09-18T06:55:35.764+00:00,True,4,4.0,,4.0,297308.585183,297526.796511,297526.796503,74381.69912575,57.469262,297308.585183,148617.92520675465,252727.14398330002,72.73710933333332,22.82569841473433,0.01344416720411976,53,64,,True,True,,21,87.6246207195492
292,2026-09-18T06:50:38.571+00:00,2026-09-18T06:55:36.815+00:00,2026-09-18T06:55:38.583+00:00,False,30,29.0,,29.0,298244.606316,300012.774764,300012.77473999996,10000.425824666667,0.02205,298244.606316,54440.63635295018,89.06871905,60.971325793103446,14.886469145570727,0.09666255052909785,53,64,,True,False,Request timeout: 300.0s exceeded,156,87.6246207195492
293,2026-09-18T06:50:38.859+00:00,2026-09-18T06:55:37.964+00:00,2026-09-18T06:55:38.890+00:00,False,17,16.0,,16.0,299105.072783,300031.783567,300031.783635,17648.928449117648,0.021,299105.072783,72529.58995466707,59880.464885400004,57.919424,16.220607929842004,0.05332768351999296,53,64,,True,False,Request timeout: 300.0s exceeded,57,87.6246207195492
294,2026-09-18T06:50:39.245+00:00,2026-09-18T06:55:39.325+00:00,2026-09-18T06:55:39.325+00:00,False,1,0.0,,0.0,300080.140232,300080.140232,300080.140232,300080.140232,300080.140232,300080.140232,nan,300080.140232,nan,nan,0.0,53,64,,True,False,TTFT timeout: 300.0s exceeded (TTFT: 300.070s),0,87.6246207195492
295,2026-09-18T06:50:39.613+00:00,2026-09-18T06:55:39.709+00:00,2026-09-18T06:55:39.709+00:00,False,1,0.0,,0.0,300096.26376099995,300096.26376099995,300096.26376099995,300096.26376099995,300096.26376099995,300096.26376099995,nan,300096.26376099995,nan,nan,0.0,53,64,,True,False,"HTTPConnectionPool(host='gpu03', port=9002): Read timed out.",0,87.6246207195492
296,2026-09-18T06:50:39.957+00:00,2026-09-18T06:55:39.986+00:00,2026-09-18T06:55:39.986+00:00,False,1,0.0,,0.0,300029.51623799995,300029.51623799995,300029.51623799995,300029.51623799995,300029.51623799995,300029.51623799995,nan,300029.51623799995,nan,nan,0.0,53,64,,True,False,TTFT timeout: 300.0s exceeded (TTFT: 300.025s),0,87.6246207195492
297,2026-09-18T06:50:40.387+00:00,2026-09-18T06:55:40.317+00:00,2026-09-18T06:55:40.459+00:00,False,4,3.0,,3.0,299930.222824,300071.452648,300071.452769,75017.86319225,0.05225,299930.222824,149941.57677560044,254951.36998645,47.076608,40.728955205556055,0.009997618812207244,53,64,,True,False,Request timeout: 300.0s exceeded,6,87.6246207195492
298,2026-09-18T06:50:40.792+00:00,2026-09-18T06:55:40.899+00:00,2026-09-18T06:55:40.899+00:00,False,1,0.0,,0.0,300106.72881199996,300106.72881199996,300106.72881199996,300106.72881199996,300106.72881199996,300106.72881199996,nan,300106.72881199996,nan,nan,0.0,53,64,,True,False,"HTTPConnectionPool(host='gpu03', port=9002): Read timed out.",0,87.6246207195492
299,2026-09-18T06:50:41.146+00:00,2026-09-18T06:55:41.192+00:00,2026-09-18T06:55:41.192+00:00,False,1,0.0,,0.0,300046.354856,300046.354856,300046.354856,300046.354856,300046.354856,300046.354856,nan,300046.354856,nan,nan,0.0,53,64,,True,False,TTFT timeout: 300.0s exceeded (TTFT: 300.018s),0,87.6246207195492
300,2026-09-18T06:50:41.550+00:00,2026-09-18T06:55:41.499+00:00,2026-09-18T06:55:41.613+00:00,False,3,2.0,,2.0,299948.99261799996,300063.20496999996,300063.20501399995,100021.06833799998,0.02551,299948.99261799996,173142.67076138972,269965.5120448,57.106176,80.72412472726819,0.006665262407631612,53,64,,True,False,Request timeout: 300.0s exceeded,5,87.6246207195492
301,2026-09-18T06:50:41.884+00:00,2026-09-18T06:55:41.835+00:00,2026-09-18T06:55:41.953+00:00,False,4,3.0,,3.0,299950.464667,300069.24226699997,300069.242354,75017.3105885,0.06792000000000001,299950.464667,149955.43865740323,254966.8783015,39.592533333333336,34.23355386764263,0.009997692457031688,53,64,,True,False,Request timeout: 300.0s exceeded,10,87.6246207195492
302,2026-09-18T06:50:42.255+00:00,2026-09-18T06:55:42.317+00:00,2026-09-18T06:55:42.317+00:00,False,1,0.0,,0.0,300061.704708,300061.704708,300061.704708,300061.704708,300061.704708,300061.704708,nan,300061.704708,nan,nan,0.0,53,64,,True,False,"HTTPConnectionPool(host='gpu03', port=9002): Read timed out.",0,87.6246207195492
303,2026-09-18T06:50:42.668+00:00,2026-09-18T06:55:42.746+00:00,2026-09-18T06:55:42.746+00:00,False,1,0.0,,0.0,300078.362226,300078.362226,300078.362226,300078.362226,300078.362226,300078.362226,nan,300078.362226,nan,nan,0.0,53,64,,True,False,TTFT timeout: 300.0s exceeded (TTFT: 300.072s),0,87.6246207195492
304,2026-09-18T06:50:42.934+00:00,2026-09-18T06:55:42.820+00:00,2026-09-18T06:55:42.980+00:00,False,4,3.0,,3.0,299885.35347100004,300045.60742300004,300045.60756100004,75011.40189025001,0.037,299885.35347100004,149915.97264645636,254915.89393795005,53.417984,47.06853883907152,0.00999847998364676,53,64,,True,False,Request timeout: 300.0s exceeded,13,87.6246207195492
305,2026-09-18T06:50:43.224+00:00,2026-09-18T06:55:43.143+00:00,2026-09-18T06:55:43.270+00:00,False,4,3.0,,3.0,299919.187211,300045.651211,300045.651264,75011.412816,0.04342,299919.187211,149938.51924543487,254941.2966176,42.154666666666664,36.625186951178684,0.009998478524490664,53,64,,True,False,Request timeout: 300.0s exceeded,5,87.6246207195492
306,2026-09-18T06:50:43.660+00:00,2026-09-18T06:55:43.775+00:00,2026-09-18T06:55:43.775+00:00,False,1,0.0,,0.0,300115.032082,300115.032082,300115.032082,300115.032082,300115.032082,300115.032082,nan,300115.032082,nan,nan,0.0,53,64,,True,False,"HTTPConnectionPool(host='gpu03', port=9002): Read timed out.",0,87.6246207195492
307,2026-09-18T06:50:44.020+00:00,2026-09-18T06:55:44.117+00:00,2026-09-18T06:55:44.117+00:00,False,1,0.0,,0.0,300097.03777600004,300097.03777600004,300097.03777600004,300097.03777600004,300097.03777600004,300097.03777600004,nan,300097.03777600004,nan,nan,0.0,53,64,,True,False,"HTTPConnectionPool(host='gpu03', port=9002): Read timed out.",0,87.6246207195492
308,2026-09-18T06:50:44.330+00:00,2026-09-18T06:55:44.357+00:00,2026-09-18T06:55:44.357+00:00,False,1,0.0,,0.0,300026.191052,300026.191052,300026.191052,300026.191052,300026.191052,300026.191052,nan,300026.191052,nan,nan,0.0,53,64,,True,False,TTFT timeout: 300.0s exceeded (TTFT: 300.014s),0,87.6246207195492
309,2026-09-18T06:50:44.603+00:00,2026-09-18T06:55:44.423+00:00,2026-09-18T06:55:45.815+00:00,False,24,23.0,,23.0,299820.653161,301212.14500099997,301212.14502,12550.5060425,0.02162,299820.653161,61188.28788742709,93.7512576,60.499645217391304,18.847650444538566,0.07635814286281067,53,64,,True,False,Request timeout: 300.0s exceeded,88,87.6246207195492
310,2026-09-18T06:50:45.069+00:00,2026-09-18T06:55:45.374+00:00,2026-09-18T06:55:45.858+00:00,True,8,8.0,,8.0,300305.241139,300788.995123,300788.995122,37598.62439025,43.050489999999996,300305.241139,106149.50433676262,195230.87220344998,69.107712,18.521231719609723,0.02659671773140704,53,64,,True,True,,24,87.6246207195492
311,2026-09-18T06:50:45.422+00:00,2026-09-18T06:55:45.754+00:00,2026-09-18T06:55:45.907+00:00,False,5,4.0,,4.0,300331.794921,300485.304041,300485.303903,60097.060780600004,0.05525,300331.794921,134295.30097796195,240277.52902020005,38.37728,26.455359537609613,0.013311799100345406,53,64,,True,False,Request timeout: 300.0s exceeded,12,87.6246207195492
312,2026-09-18T06:50:45.869+00:00,2026-09-18T06:55:45.990+00:00,2026-09-18T06:55:45.990+00:00,False,1,0.0,,0.0,300120.51326599997,300120.51326599997,300120.51326599997,300120.51326599997,300120.51326599997,300120.51326599997,nan,300120.51326599997,nan,nan,0.0,53,64,,True,False,"HTTPConnectionPool(host='gpu03', port=9002): Read timed out.",0,87.6246207195492
313,2026-09-18T06:50:46.213+00:00,2026-09-18T06:55:46.239+00:00,2026-09-18T06:55:46.239+00:00,False,1,0.0,,0.0,300026.80482300004,300026.80482300004,300026.80482300004,300026.80482300004,300026.80482300004,300026.80482300004,nan,300026.80482300004,nan,nan,0.0,53,64,,True,False,"HTTPConnectionPool(host='gpu03', port=9002): Read timed out.",0,87.6246207195492
314,2026-09-18T06:50:46.585+00:00,2026-09-18T06:55:46.713+00:00,2026-09-18T06:55:46.713+00:00,False,1,0.0,,0.0,300128.118394,300128.118394,300128.118394,300128.118394,300128.118394,300128.118394,nan,300128.118394,nan,nan,0.0,53,64,,True,False,"HTTPConnectionPool(host='gpu03', port=9002): Read timed out.",0,87.6246207195492
315,2026-09-18T06:50:46.935+00:00,2026-09-18T06:55:47.041+00:00,2026-09-18T06:55:47.041+00:00,False,1,0.0,,0.0,300106.65702499996,300106.65702499996,300106.65702499996,300106.65702499996,300106.65702499996,300106.65702499996,nan,300106.65702499996,nan,nan,0.0,53,64,,True,False,"HTTPConnectionPool(host='gpu03', port=9002): Read timed out.",0,87.6246207195492
316,2026-09-18T06:50:47.205+00:00,2026-09-18T06:55:47.107+00:00,2026-09-18T06:55:47.291+00:00,False,3,2.0,,2.0,299901.703412,300085.304052,300085.30398799997,100028.43466266665,0.0356,299901.703412,173095.35259840277,269929.8895684,91.80032,129.7749341987866,0.0066647715599342785,53,64,,True,False,Request timeout: 300.0s exceeded,5,87.6246207195492
317,2026-09-18T06:50:47.666+00:00,2026-09-18T06:55:47.289+00:00,2026-09-18T06:55:47.694+00:00,False,9,8.0,,8.0,299623.048244,300028.13522,300028.135254,33336.45947266667,0.019760000000000003,299623.048244,99857.47287241864,179799.65502559996,50.635872,21.80538412405911,0.02666416599274559,53,64,,True,False,Request timeout: 300.0s exceeded,30,87.6246207195492
318,2026-09-18T06:50:48.074+00:00,2026-09-18T06:55:48.163+00:00,2026-09-18T06:55:48.163+00:00,False,1,0.0,,0.0,300089.373818,300089.373818,300089.373818,300089.373818,300089.373818,300089.373818,nan,300089.373818,nan,nan,0.0,53,64,,True,False,"HTTPConnectionPool(host='gpu03', port=9002): Read timed out.",0,87.6246207195492
319,2026-09-18T06:50:48.452+00:00,2026-09-18T06:55:48.556+00:00,2026-09-18T06:55:48.556+00:00,False,1,0.0,,0.0,300103.789932,300103.789932,300103.789932,300103.789932,300103.789932,300103.789932,nan,300103.789932,nan,nan,0.0,53,64,,True,False,TTFT timeout: 300.0s exceeded (TTFT: 300.096s),0,87.6246207195492
320,2026-09-18T06:50:48.811+00:00,2026-09-18T06:55:48.745+00:00,2026-09-18T06:55:48.887+00:00,False,4,3.0,,3.0,299934.098051,300076.48038699996,300076.480384,75019.120096,0.023940000000000003,299934.098051,149943.3223885826,254954.68789175,47.46077866666666,41.081814040275354,0.009997451303517646,53,64,,True,False,Request timeout: 300.0s exceeded,11,87.6246207195492
321,2026-09-18T06:50:49.088+00:00,2026-09-18T06:55:48.959+00:00,2026-09-18T06:55:49.106+00:00,False,4,3.0,,3.0,299870.765293,300017.831149,300017.83117699996,75004.45779424999,0.02129,299870.765293,149910.87619921254,254903.4929755,49.021952,45.15316315612504,0.009999405663692331,53,64,,True,False,Request timeout: 300.0s exceeded,9,87.6246207195492
322,2026-09-18T06:50:49.454+00:00,2026-09-18T06:55:49.568+00:00,2026-09-18T06:55:49.568+00:00,False,1,0.0,,0.0,300113.98067799996,300113.98067799996,300113.98067799996,300113.98067799996,300113.98067799996,300113.98067799996,nan,300113.98067799996,nan,nan,0.0,53,64,,True,False,"HTTPConnectionPool(host='gpu03', port=9002): Read timed out.",0,87.6246207195492
323,2026-09-18T06:50:49.817+00:00,2026-09-18T06:55:49.905+00:00,2026-09-18T06:55:49.905+00:00,False,1,0.0,,0.0,300088.020056,300088.020056,300088.020056,300088.020056,300088.020056,300088.020056,nan,300088.020056,nan,nan,0.0,53,64,,True,False,TTFT timeout: 300.0s exceeded (TTFT: 300.080s),0,87.6246207195492
324,2026-09-18T06:50:50.291+00:00,2026-09-18T06:55:50.166+00:00,2026-09-18T06:55:50.235+00:00,True,2,2.0,,2.0,299875.15204400005,299944.1445560001,299944.14442500006,149972.07221250003,68.992381,299875.15204400005,211994.9685392041,284884.84406085004,68.992512,nan,0.006667908129897154,53,64,,True,True,,13,87.6246207195492
325,2026-09-18T06:50:50.603+00:00,2026-09-18T06:55:50.454+00:00,2026-09-18T06:55:50.637+00:00,False,5,4.0,,4.0,299851.69645,300034.353218,300034.353287,60006.870657399995,0.038009,299851.69645,134077.33622557367,239893.9605664,45.664192,30.457676738489866,0.013331806698460513,53,64,,True,False,Request timeout: 300.0s exceeded,14,87.6246207195492
326,2026-09-18T06:50:50.942+00:00,2026-09-18T06:55:51.041+00:00,2026-09-18T06:55:51.041+00:00,False,1,0.0,,0.0,300099.465647,300099.465647,300099.465647,300099.465647,300099.465647,300099.465647,nan,300099.465647,nan,nan,0.0,53,64,,True,False,"HTTPConnectionPool(host='gpu03', port=9002): Read timed out.",0,87.6246207195492
327,2026-09-18T06:50:51.386+00:00,2026-09-18T06:55:51.397+00:00,2026-09-18T06:55:51.457+00:00,False,3,2.0,,2.0,300010.991011,300071.124387,300071.124498,100023.708166,0.02291,300010.991011,173194.0699834335,270015.9029676,30.066688,42.48849650343528,0.0066650864993614365,53,64,,True,False,Request timeout: 300.0s exceeded,7,87.6246207195492
328,2026-09-18T06:50:51.661+00:00,2026-09-18T06:55:51.549+00:00,2026-09-18T06:55:51.678+00:00,False,4,3.0,,3.0,299888.531814,300017.52970199997,300017.529672,75004.382418,0.04622,299888.531814,149922.77109110006,254919.13238429997,42.999296,46.59498133969159,0.009999415710741389,53,64,,True,False,Request timeout: 300.0s exceeded,5,87.6246207195492
329,2026-09-18T06:50:52.128+00:00,2026-09-18T06:55:52.240+00:00,2026-09-18T06:55:52.240+00:00,False,1,0.0,,0.0,300112.095103,300112.095103,300112.095103,300112.095103,300112.095103,300112.095103,nan,300112.095103,nan,nan,0.0,53,64,,True,False,"HTTPConnectionPool(host='gpu03', port=9002): Read timed out.",0,87.6246207195492
330,2026-09-18T06:50:52.571+00:00,2026-09-18T06:55:52.624+00:00,2026-09-18T06:55:52.624+00:00,False,1,0.0,,0.0,300053.532882,300053.532882,300053.532882,300053.532882,300053.532882,300053.532882,nan,300053.532882,nan,nan,0.0,53,64,,True,False,TTFT timeout: 300.0s exceeded (TTFT: 300.043s),0,87.6246207195492
331,2026-09-18T06:50:52.974+00:00,2026-09-18T06:55:52.818+00:00,2026-09-18T06:55:52.998+00:00,False,6,5.0,,5.0,299844.793453,300024.614253,300024.61422600003,50004.102371,0.07235,299844.793453,122396.44408105408,224901.32090650004,35.96416,25.070057553262696,0.01666529932035403,53,64,,True,False,Request timeout: 300.0s exceeded,16,87.6246207195492
0,2026-09-18T06:48:53.191+00:00,2026-09-18T06:48:53.415+00:00,2026-09-18T06:48:59.078+00:00,True,98,98.0,,98.0,223.687074,5887.0501460000005,5887.050281,60.07194164285714,10.096911,223.687074,20.129924306102772,69.777254,58.38518630927835,11.300742635969605,16.646707191136603,54,64,,False,True,,433,87.6246207195492
1,2026-09-18T06:48:53.626+00:00,2026-09-18T06:48:53.767+00:00,2026-09-18T06:48:54.303+00:00,True,10,10.0,,10.0,140.54137899999998,676.679107,676.679012,67.6679012,17.118138,140.54137899999998,30.917646038328087,114.84686319999999,59.570858666666666,18.37973877983863,14.778053432644256,54,64,,False,True,,43,87.6246207195492
2,2026-09-18T06:48:53.990+00:00,2026-09-18T06:48:54.729+00:00,2026-09-18T06:48:58.839+00:00,True,69,69.0,,69.0,739.1199270000001,4848.6653989999995,4848.665271,70.27051117391305,36.975291,739.1199270000001,82.03912724483615,68.2284374,60.434492235294115,7.4614278081951175,14.230720068708129,54,64,,False,True,,325,87.6246207195492
3,2026-09-18T06:48:54.420+00:00,2026-09-18T06:48:57.253+00:00,2026-09-18T06:48:59.080+00:00,True,31,31.0,,31.0,2833.109986,4659.7749459999995,4659.774922,150.31532006451613,36.404872000000005,2833.109986,497.96414948846115,70.56177849999999,60.888832,7.765277294708497,6.652681805289916,54,64,,False,True,,116,87.6246207195492
4,2026-09-18T06:48:54.810+00:00,2026-09-18T06:48:58.477+00:00,2026-09-18T06:48:59.451+00:00,True,17,17.0,,17.0,3667.257865,4640.5903450000005,4640.590297,272.9758998235294,37.267111,3667.257865,874.7223241889599,791.0172978,60.83328,8.182774333119056,3.663327020088432,54,64,,False,True,,70,87.6246207195492
5,2026-09-18T06:48:55.172+00:00,2026-09-18T06:48:59.509+00:00,2026-09-18T06:49:00.883+00:00,True,24,24.0,,24.0,4336.671192,5711.146968,5711.147068,237.96446116666667,9.400842,4336.671192,873.1826563245353,105.97637909999999,59.75981634782609,17.185425908071245,4.202308246394964,54,64,,False,True,,114,87.6246207195492
6,2026-09-18T06:48:55.661+00:00,2026-09-18T06:49:01.435+00:00,2026-09-18T06:49:04.599+00:00,True,55,55.0,,55.0,5774.881189000001,8938.651301000002,8938.65135,162.52093363636365,0.0,5774.881189000001,770.9216487217228,69.8586144,58.58833540740741,14.663123170355153,6.153053536594154,54,64,,False,True,,246,87.6246207195492
7,2026-09-18T06:48:56.046+00:00,2026-09-18T06:49:02.915+00:00,2026-09-18T06:49:04.415+00:00,True,27,27.0,,27.0,6868.836947,8369.520978999999,8369.520918,309.9822562222222,37.93821,6868.836947,1310.8353968727806,69.7181083,57.71861661538462,9.777417221825024,3.225991077356257,54,64,,False,True,,149,87.6246207195492
8,2026-09-18T06:48:56.533+00:00,2026-09-18T06:49:04.667+00:00,2026-09-18T06:49:07.355+00:00,True,45,45.0,,45.0,8134.336654,10821.671565999999,10821.671640999999,240.4815920222222,7.347726,8134.336654,1203.631467018994,70.01530939999999,61.075793454545455,18.62238167750194,4.158322466686474,54,64,,False,True,,237,87.6246207195492
9,2026-09-18T06:48:57.013+00:00,2026-09-18T06:49:06.493+00:00,2026-09-18T06:49:06.982+00:00,True,9,9.0,,9.0,9480.007854,9969.361326,9969.361255,1107.706806111111,50.793346,9480.007854,3139.6199590600154,5717.8822208,61.169184,7.120919816139966,0.9027659551799057,54,64,,False,True,,30,87.6246207195492
10,2026-09-18T06:48:57.458+00:00,2026-09-18T06:49:07.974+00:00,2026-09-18T06:49:11.246+00:00,True,56,56.0,,56.0,10515.177810000001,13787.179858000001,13787.17992,246.19964142857145,0.0,10515.177810000001,1397.5446456367881,96.920037,59.49094632727273,31.324714252115783,4.061744357930171,54,64,,False,True,,242,87.6246207195492
11,2026-09-18T06:48:57.883+00:00,2026-09-18T06:49:09.668+00:00,2026-09-18T06:49:09.732+00:00,True,2,2.0,,2.0,11785.043391000001,11848.564415,11848.564533,5924.2822665,63.521142,11785.043391000001,8288.367868096891,11198.967278550002,63.521024,nan,0.16879682043742342,54,64,,False,True,,10,87.6246207195492
12,2026-09-18T06:48:58.374+00:00,2026-09-18T06:49:11.311+00:00,2026-09-18T06:49:15.864+00:00,True,77,77.0,,77.0,12937.280289,17490.074400999998,17490.074229,227.14382115584417,0.0,12937.280289,1467.708972502514,67.837536,59.90518568421052,24.13757883109623,4.402496995415726,54,64,,False,True,,335,87.6246207195492
13,2026-09-18T06:48:58.932+00:00,2026-09-18T06:49:13.867+00:00,2026-09-18T06:49:17.353+00:00,True,60,60.0,,60.0,14934.800718,18420.643662000002,18420.64353,307.01072550000004,0.0,14934.800718,1920.7631426715457,69.53749725,59.08208379661017,35.14594743512526,3.257215171246929,54,64,,False,True,,257,87.6246207195492
14,2026-09-18T06:48:59.488+00:00,2026-09-18T06:49:15.576+00:00,2026-09-18T06:49:18.374+00:00,True,48,48.0,,48.0,16087.846955,18886.511915000003,18886.511845,393.46899677083337,0.0,16087.846955,2313.8027689599908,67.95718485000002,59.546062978723405,38.701926002848424,2.5414962919583655,54,64,,False,True,,261,87.6246207195492
15,2026-09-18T06:48:59.826+00:00,2026-09-18T06:49:16.958+00:00,2026-09-18T06:49:18.188+00:00,True,22,22.0,,22.0,17131.932434000002,18362.093074000004,18362.093128,834.6405967272729,36.208773,17131.932434000002,3640.0598071080294,66.76818050000001,58.579078095238096,8.127579634154081,1.1981204926551172,54,64,,False,True,,113,87.6246207195492
16,2026-09-18T06:49:00.187+00:00,2026-09-18T06:49:18.247+00:00,2026-09-18T06:49:19.501+00:00,True,22,22.0,,22.0,18059.85567,19314.622774,19314.622828,877.9374012727274,42.737401,18059.85567,3837.6417064847774,69.76124655000001,59.75081447619048,7.213911100921882,1.1390333768058296,54,64,,False,True,,84,87.6246207195492
17,2026-09-18T06:49:00.544+00:00,2026-09-18T06:49:19.561+00:00,2026-09-18T06:49:25.221+00:00,True,92,92.0,,92.0,19017.337951,24677.099871000002,24677.099903000002,268.22934677173913,0.0,19017.337951,1977.138486196894,100.0421571,62.19518593406593,60.91339469153227,3.7281528413359637,54,64,,False,True,,455,87.6246207195492
18,2026-09-18T06:49:01.009+00:00,2026-09-18T06:49:21.570+00:00,2026-09-18T06:49:26.898+00:00,True,93,93.0,,93.0,20561.160782000003,25889.965646000004,25889.965580000004,278.3867266666667,0.0,20561.160782000003,2126.424773344654,89.433284,57.921792,38.116256030402674,3.59212527631795,54,64,,False,True,,474,87.6246207195492
19,2026-09-18T06:49:01.328+00:00,2026-09-18T06:49:22.415+00:00,2026-09-18T06:49:28.065+00:00,True,95,95.0,,95.0,21087.131734000002,26736.719958,26736.719936,281.43915722105265,0.0,21087.131734000002,2157.604386015749,74.9287076,60.102002382978725,34.73590016818672,3.5531658389373475,54,64,,False,True,,391,87.6246207195492
20,2026-09-18T06:49:01.694+00:00,2026-09-18T06:49:23.780+00:00,2026-09-18T06:49:27.517+00:00,True,63,63.0,,63.0,22086.196968,25822.653672,25822.653654,409.88339133333335,0.0,22086.196968,2775.3303908579296,87.1601608,60.26543070967742,42.74312108258698,2.439718272189512,54,64,,False,True,,335,87.6246207195492
21,2026-09-18T06:49:02.198+00:00,2026-09-18T06:49:25.780+00:00,2026-09-18T06:49:31.603+00:00,True,97,97.0,,97.0,23582.118769,29405.408113,29405.408118,303.1485372989691,0.0,23582.118769,2388.5413492454027,69.23421780000001,60.659264,37.989319729394644,3.298712931554816,54,64,,False,True,,428,87.6246207195492
22,2026-09-18T06:49:02.668+00:00,2026-09-18T06:49:27.579+00:00,2026-09-18T06:49:28.641+00:00,True,20,20.0,,20.0,24911.537638,25973.127398,25973.127395000003,1298.65636975,0.0,24911.537638,5558.565034722604,1631.1169646,55.873145263157895,88.63319044170784,0.7700266392078782,54,64,,False,True,,68,87.6246207195492
23,2026-09-18T06:49:03.153+00:00,2026-09-18T06:49:29.754+00:00,2026-09-18T06:49:35.597+00:00,True,98,98.0,,98.0,26601.450608,32444.078192,32444.078389,331.06202437755104,0.0,26601.450608,2682.041636433677,75.16566235,60.233274061855674,72.6434474752809,3.02058204335621,54,64,,False,True,,519,87.6246207195492
24,2026-09-18T06:49:03.627+00:00,2026-09-18T06:49:31.506+00:00,2026-09-18T06:49:37.139+00:00,True,94,94.0,,94.0,27878.161876,33511.570132,33511.570115999995,356.5060650638298,0.0,27878.161876,2870.13193830688,91.29816709999999,60.57428232258064,74.8957272577609,2.805001366087587,54,64,,False,True,,535,87.6246207195492
25,2026-09-18T06:49:04.186+00:00,2026-09-18T06:49:33.739+00:00,2026-09-18T06:49:39.375+00:00,True,94,94.0,,94.0,29553.022514,35188.195378000004,35188.195371,374.3425039468085,0.0,29553.022514,3042.7316638132947,96.7086067,60.59325660215054,71.01210723264577,2.67135040573208,54,64,,False,True,,262,87.6246207195492
26,2026-09-18T06:49:04.697+00:00,2026-09-18T06:49:35.417+00:00,2026-09-18T06:49:37.205+00:00,True,29,29.0,,29.0,30719.916151,32507.357047,32507.357203,1120.9433518275862,32.087681,30719.916151,5692.704516855641,91.52963919999998,63.837174857142855,12.655641579314613,0.8921057457261453,54,64,,False,True,,141,87.6246207195492
27,2026-09-18T06:49:05.018+00:00,2026-09-18T06:49:36.537+00:00,2026-09-18T06:49:39.502+00:00,True,49,49.0,,49.0,31519.168320999997,34484.487745,34484.48772,703.765055510204,0.0,31519.168320999997,4494.4534169135,103.09055379999998,61.777488,70.43460994471612,1.4209287480891941,54,64,,False,True,,218,87.6246207195492
28,2026-09-18T06:49:05.519+00:00,2026-09-18T06:49:38.496+00:00,2026-09-18T06:49:41.260+00:00,True,48,48.0,,48.0,32976.953107,35741.605907000005,35741.606017,744.6167920208334,0.0,32976.953107,4751.814335577805,68.68637604999999,58.8224,69.07711818812426,1.342972672377857,54,64,,False,True,,157,87.6246207195492
29,2026-09-18T06:49:05.849+00:00,2026-09-18T06:49:39.505+00:00,2026-09-18T06:49:45.272+00:00,True,86,86.0,,86.0,33656.696569,39423.270905,39423.270900999996,458.41012675581396,32.82455,33656.696569,3622.4547628176965,99.96437125,67.84205101176471,59.03587337169741,2.1814526807589867,54,64,,False,True,,370,87.6246207195492
30,2026-09-18T06:49:06.244+00:00,2026-09-18T06:49:41.263+00:00,2026-09-18T06:49:44.374+00:00,True,51,51.0,,51.0,35018.252902,38129.693542,38129.693682,747.6410525882353,36.146273,35018.252902,4894.843298990938,99.2696615,62.2288128,14.436943771704975,1.3375402543905397,54,64,,False,True,,267,87.6246207195492
31,2026-09-18T06:49:06.730+00:00,2026-09-18T06:49:43.137+00:00,2026-09-18T06:49:46.047+00:00,True,48,48.0,,48.0,36407.353955,39317.817955,39317.817836,819.1212049166667,0.0,36407.353955,5246.655728820512,109.98107115,61.92476595744681,83.14919648590076,1.220820546423429,54,64,,False,True,,238,87.6246207195492
32,2026-09-18T06:49:07.219+00:00,2026-09-18T06:49:44.675+00:00,2026-09-18T06:49:49.191+00:00,True,74,74.0,,74.0,37455.544249,41971.738296999996,41971.738368,567.1856536216216,0.0,37455.544249,4347.943277005345,94.75056915,61.86567189041096,94.66014634899649,1.7630911418622202,54,64,,False,True,,325,87.6246207195492
33,2026-09-18T06:49:07.573+00:00,2026-09-18T06:49:46.341+00:00,2026-09-18T06:49:50.794+00:00,True,71,71.0,,71.0,38768.425111000004,43221.819287000006,43221.819156000005,608.7580162816902,0.01669,38768.425111000004,4594.080100412878,98.809828,63.6199168,78.7176616370343,1.642688835667659,54,64,,False,True,,313,87.6246207195492
34,2026-09-18T06:49:07.934+00:00,2026-09-18T06:49:47.993+00:00,2026-09-18T06:49:48.825+00:00,True,10,10.0,,10.0,40058.634757,40891.531525,40891.53146,4089.153146,0.01692,40058.634757,12639.926513493618,22322.261062299996,92.54408533333333,209.19988160332434,0.24454941223921303,54,64,,False,True,,28,87.6246207195492
35,2026-09-18T06:49:08.457+00:00,2026-09-18T06:49:49.957+00:00,2026-09-18T06:49:51.225+00:00,True,21,21.0,,21.0,41499.620085,42767.972853,42767.972785000005,2036.5701326190476,39.620477,41499.620085,9042.12487263552,88.637747,63.4176384,8.935818679158794,0.491021636030779,54,64,,False,True,,92,87.6246207195492
36,2026-09-18T06:49:08.901+00:00,2026-09-18T06:49:51.581+00:00,2026-09-18T06:49:55.742+00:00,True,67,67.0,,67.0,42680.090682999995,46841.790522999996,46841.790415999996,699.131200238806,0.0,42680.090682999995,5207.112224991818,97.99587,63.05605818181818,80.49517308770257,1.4303466893969827,54,64,,False,True,,330,87.6246207195492
37,2026-09-18T06:49:09.358+00:00,2026-09-18T06:49:53.547+00:00,2026-09-18T06:49:56.764+00:00,True,52,52.0,,52.0,44188.287228,47405.121532000005,47405.121713,911.6369560192308,37.88328,44188.287228,6119.076547761644,93.7139311,63.075182431372546,11.504736999239173,1.096927891322846,54,64,,False,True,,179,87.6246207195492
38,2026-09-18T06:49:09.804+00:00,2026-09-18T06:49:55.490+00:00,2026-09-18T06:49:56.315+00:00,True,15,15.0,,15.0,45686.543229,46510.987133,46510.987158,3100.7324772,39.977186,45686.543229,11781.012466180655,13759.251826700003,58.888850285714284,8.37511792688997,0.32250444302777126,54,64,,False,True,,66,87.6246207195492
39,2026-09-18T06:49:10.159+00:00,2026-09-18T06:49:56.763+00:00,2026-09-18T06:49:59.576+00:00,True,46,46.0,,46.0,46603.959471,49417.098927,49417.099142,1074.2847639565218,36.932092,46603.959471,6862.175831995123,89.89989425,62.514210133333336,14.068702101141595,0.9308518913251502,54,64,,False,True,,257,87.6246207195492
40,2026-09-18T06:49:10.582+00:00,2026-09-18T06:49:58.787+00:00,2026-09-18T06:50:00.778+00:00,True,26,26.0,,26.0,48204.637285,50195.395429,50195.395352,1930.5921289230769,0.0,48204.637285,9439.160470638255,598.96162975,79.63032576,145.05952857662425,0.5179757979350175,54,64,,False,True,,86,87.6246207195492
41,2026-09-18T06:49:10.901+00:00,2026-09-18T06:50:00.020+00:00,2026-09-18T06:50:04.493+00:00,True,74,74.0,,74.0,49118.918482,53591.950162,53591.95027,724.2155441891892,0.0,49118.918482,5704.550839252227,94.10755584999998,61.27440657534247,140.8608534230795,1.380804389023159,54,64,,False,True,,338,87.6246207195492
42,2026-09-18T06:49:11.361+00:00,2026-09-18T06:50:02.595+00:00,2026-09-18T06:50:07.107+00:00,True,82,82.0,,82.0,51233.531887000005,55745.74692700001,55745.74701300001,679.8261830853659,0.015609999999999999,51233.531887000005,5651.727710082266,95.580716,55.70635851851851,30.697028711548672,1.4709642353053476,54,64,,False,True,,389,87.6246207195492
43,2026-09-18T06:49:11.905+00:00,2026-09-18T06:50:04.495+00:00,2026-09-18T06:50:04.946+00:00,True,8,8.0,,8.0,52589.225963,53040.790507,53040.79051,6630.09881375,36.230423,52589.225963,18570.299331257345,34217.2759421,64.50922057142857,18.191313320846653,0.1508273146672693,54,64,,False,True,,40,87.6246207195492
44,2026-09-18T06:49:12.268+00:00,2026-09-18T06:50:05.825+00:00,2026-09-18T06:50:08.788+00:00,True,47,47.0,,47.0,53556.619644,56519.550844,56519.550837999996,1202.5436348510639,34.531656000000005,53556.619644,7802.653959674806,100.4944333,64.41154782608696,14.664323042831821,0.8315706564923884,54,64,,False,True,,181,87.6246207195492
45,2026-09-18T06:49:12.587+00:00,2026-09-18T06:50:07.169+00:00,2026-09-18T06:50:10.664+00:00,True,57,57.0,,57.0,54582.154476,58077.42846,58077.428528000004,1018.9022548771931,0.0,54582.154476,7222.093051719317,93.8062512,62.415606857142855,106.91089304174278,0.9814484131172911,54,64,,False,True,,235,87.6246207195492
46,2026-09-18T06:49:13.051+00:00,2026-09-18T06:50:08.893+00:00,2026-09-18T06:50:10.664+00:00,True,29,29.0,,29.0,55842.663436999996,57613.526797,57613.526679999995,1986.6733337931032,0.0,55842.663436999996,10359.064689290206,533.8145432,63.24512,152.80021917314326,0.5033540144518641,54,64,,False,True,,184,87.6246207195492
47,2026-09-18T06:49:13.371+00:00,2026-09-18T06:50:09.941+00:00,2026-09-18T06:50:10.924+00:00,True,17,17.0,,17.0,56569.226431,57552.297407000005,57552.297427000005,3385.429260411765,29.425995999999998,56569.226431,13705.162601640155,11391.2578158,61.441936,18.55066149001278,0.2953835166610102,54,64,,False,True,,66,87.6246207195492
48,2026-09-18T06:49:13.773+00:00,2026-09-18T06:50:11.386+00:00,2026-09-18T06:50:17.233+00:00,True,84,84.0,,84.0,57612.037853,63459.526365,63459.526576000004,755.4705544761905,34.942896,57612.037853,6278.943463594392,75.804273,70.4516688192771,90.31160055432262,1.3236783318686844,54,64,,False,True,,326,87.6246207195492
49,2026-09-18T06:49:14.136+00:00,2026-09-18T06:50:12.996+00:00,2026-09-18T06:50:17.893+00:00,True,79,79.0,,79.0,58860.304555,63757.306539000005,63757.306591,807.0545138101267,0.0158,58860.304555,6616.100219407804,91.6847279,62.78207671794872,107.49392480870928,1.239073673096214,54,64,,False,True,,273,87.6246207195492
50,2026-09-18T06:49:14.619+00:00,2026-09-18T06:50:14.835+00:00,2026-09-18T06:50:17.250+00:00,True,27,27.0,,27.0,60215.971921,62630.211664999995,62630.211516999996,2319.6374635925927,0.03583,60215.971921,11571.815407040454,652.5430696999999,92.85537476923076,163.90763781486086,0.43110184816904534,54,64,,False,True,,142,87.6246207195492
51,2026-09-18T06:49:14.924+00:00,2026-09-18T06:50:15.926+00:00,2026-09-18T06:50:17.257+00:00,True,16,16.0,,16.0,61001.324826,62333.137178,62333.137139,3895.8210711875,0.01668,61001.324826,15229.700592289382,15924.01534125,88.78749013333334,226.08026707825437,0.256685299735677,54,64,,False,True,,57,87.6246207195492
52,2026-09-18T06:49:15.303+00:00,2026-09-18T06:50:17.547+00:00,2026-09-18T06:50:18.019+00:00,True,9,9.0,,9.0,62243.574769,62716.313840999996,62716.313707,6968.479300777778,3.862813,62243.574769,20728.174703777575,37385.014797799995,59.092384,25.6654392125985,0.14350333188932357,54,64,,False,True,,37,87.6246207195492
53,2026-09-18T06:49:15.834+00:00,2026-09-18T06:50:19.268+00:00,2026-09-18T06:50:20.802+00:00,True,26,26.0,,26.0,63434.36768,64968.28768,64968.28783,2498.7803011538463,0.0,63434.36768,12429.788781418782,720.289631,61.3568,184.7957425884627,0.4001952479964145,54,64,,False,True,,101,87.6246207195492
54,2026-09-18T06:49:16.331+00:00,2026-09-18T06:50:21.392+00:00,2026-09-18T06:50:24.833+00:00,True,55,55.0,,55.0,65060.793806,68501.855438,68501.855478,1245.488281418182,35.631034,65060.793806,8764.210716496655,88.6122827,63.72336355555555,11.593463163431293,0.8028979601841542,54,64,,False,True,,347,87.6246207195492
55,2026-09-18T06:49:16.819+00:00,2026-09-18T06:50:23.170+00:00,2026-09-18T06:50:23.981+00:00,True,14,14.0,,14.0,66351.340242,67161.93685000001,67161.936887,4797.281206214286,46.300184,66351.340242,17716.47895665636,23279.009498350002,62.353585230769234,8.888962308211143,0.20845140352738348,54,64,,False,True,,50,87.6246207195492
56,2026-09-18T06:49:17.334+00:00,2026-09-18T06:50:25.267+00:00,2026-09-18T06:50:28.234+00:00,True,48,48.0,,48.0,67933.019961,70900.450361,70900.450297,1477.0927145208334,36.114493,67933.019961,9796.18270361913,92.15690199999999,63.13681702127659,13.330997499211932,0.6770055726811465,54,64,,False,True,,205,87.6246207195492
57,2026-09-18T06:49:17.649+00:00,2026-09-18T06:50:26.303+00:00,2026-09-18T06:50:29.526+00:00,True,53,53.0,,53.0,68654.80458400001,71877.12522400002,71877.12514900001,1356.1721726226417,35.424385,68654.80458400001,9421.959869109376,90.7498048,61.96770461538462,13.231717113341293,0.7373695015601865,54,64,,False,True,,218,87.6246207195492
58,2026-09-18T06:49:17.981+00:00,2026-09-18T06:50:27.437+00:00,2026-09-18T06:50:32.772+00:00,True,87,87.0,,87.0,69455.692521,74791.52304900001,74791.523197,859.6726804252874,0.0,69455.692521,7440.5812239392935,89.9631293,62.04454102325582,109.8317743217762,1.1632334314545454,54,64,,False,True,,381,87.6246207195492
59,2026-09-18T06:49:18.290+00:00,2026-09-18T06:50:28.915+00:00,2026-09-18T06:50:30.288+00:00,True,24,24.0,,24.0,70625.125988,71998.019172,71998.019275,2999.9174697916665,31.776631000000002,70625.125988,14404.113436872121,87.8133484,59.691008,11.432340216299245,0.3333425040856345,54,64,,False,True,,145,87.6246207195492
60,2026-09-18T06:49:18.835+00:00,2026-09-18T06:50:30.965+00:00,2026-09-18T06:50:31.063+00:00,True,2,2.0,,2.0,72130.249339,72228.331899,72228.33190800001,36114.165954000004,98.082569,72130.249339,50934.43358662729,68528.64100049999,98.08256,nan,0.027689965245171196,54,64,,False,True,,3,87.6246207195492
61,2026-09-18T06:49:19.336+00:00,2026-09-18T06:50:32.664+00:00,2026-09-18T06:50:34.805+00:00,True,22,22.0,,22.0,73328.529465,75469.602617,75469.602654,3430.4364842727273,0.04202,73328.529465,15613.33595882693,979.0227733500001,101.95586438095239,212.5564701787989,0.29150809381689213,54,64,,False,True,,95,87.6246207195492
62,2026-09-18T06:49:19.709+00:00,2026-09-18T06:50:34.716+00:00,2026-09-18T06:50:39.746+00:00,True,91,91.0,,91.0,75007.80188099999,80037.067801,80037.06783199999,879.5282179340659,0.016550000000000002,75007.80188099999,7857.129013264954,83.59898100000001,55.88073244444445,22.820086467858708,1.1369731863023478,54,64,,False,True,,278,87.6246207195492
63,2026-09-18T06:49:20.180+00:00,2026-09-18T06:50:35.781+00:00,2026-09-18T06:50:40.516+00:00,True,77,77.0,,77.0,75600.890664,80335.18212000001,80335.182094,1043.3140531688312,35.631875,75600.890664,8608.431190136867,92.85709080000001,62.293308631578945,12.593517366308816,0.9584841655674831,54,64,,False,True,,369,87.6246207195492
64,2026-09-18T06:49:20.564+00:00,2026-09-18T06:50:37.449+00:00,2026-09-18T06:50:41.891+00:00,True,69,69.0,,69.0,76884.58940000001,81327.10306400001,81327.10324000001,1178.6536701449277,37.346751,76884.58940000001,9247.963165103438,101.61850220000001,65.33108329411765,14.512513684879307,0.8484256465609102,54,64,,False,True,,228,87.6246207195492
65,2026-09-18T06:49:20.968+00:00,2026-09-18T06:50:38.949+00:00,2026-09-18T06:50:41.359+00:00,True,38,38.0,,38.0,77981.314102,80390.89157400001,80390.891656,2115.5497804210527,39.388657,77981.314102,12639.685471270188,104.53305885,65.12371545945946,16.388970832560407,0.4726903664828858,54,64,,False,True,,150,87.6246207195492
66,2026-09-18T06:49:21.581+00:00,2026-09-18T06:50:40.183+00:00,2026-09-18T06:50:42.159+00:00,True,30,30.0,,30.0,78601.968142,80578.207502,80578.207495,2685.9402498333334,33.290889,78601.968142,14338.257452537786,104.71211985,68.1461848275862,16.210962505523103,0.3723091010588115,54,64,,False,True,,126,87.6246207195492
67,2026-09-18T06:49:21.979+00:00,2026-09-18T06:50:42.825+00:00,2026-09-18T06:50:46.483+00:00,True,59,59.0,,59.0,80845.942362,84503.72745,84503.727532,1432.266568338983,0.0,80845.942362,10518.14367654296,94.89683560000002,63.065260137931034,154.0607788102486,0.6981940534505973,54,64,,False,True,,312,87.6246207195492
68,2026-09-18T06:49:22.480+00:00,2026-09-18T06:50:44.566+00:00,2026-09-18T06:50:48.699+00:00,True,68,68.0,,68.0,82085.895141,86218.431205,86218.431123,1267.91810475,0.0,82085.895141,9947.895523093588,86.1907638,61.67964274626866,141.9951603572313,0.7886944711197265,54,64,,False,True,,282,87.6246207195492
69,2026-09-18T06:49:22.847+00:00,2026-09-18T06:50:45.916+00:00,2026-09-18T06:50:47.923+00:00,True,35,35.0,,35.0,83069.137764,85076.18442,85076.184459,2430.7481274,39.211467,83069.137764,14031.272404362768,74.4463448,59.030784,9.89239215473827,0.41139597689541046,54,64,,False,True,,141,87.6246207195492
70,2026-09-18T06:49:23.181+00:00,2026-09-18T06:50:47.222+00:00,2026-09-18T06:50:52.608+00:00,True,90,90.0,,90.0,84041.12479700001,89426.76831700001,89426.76852000001,993.6307613333335,32.066211,84041.12479700001,8852.340636565898,77.017123,60.51284853932584,11.08985152975391,1.0064100681908574,54,64,,False,True,,413,87.6246207195492
71,2026-09-18T06:49:23.650+00:00,2026-09-18T06:50:49.050+00:00,2026-09-18T06:50:49.965+00:00,True,15,15.0,,15.0,85400.024146,86315.23028999999,86315.230232,5754.348682133333,51.725533999999996,85400.024146,22033.315244782872,25689.649632,65.37186742857142,11.462070380271888,0.17378161362257083,54,64,,False,True,,72,87.6246207195492
72,2026-09-18T06:49:24.144+00:00,2026-09-18T06:50:50.683+00:00,2026-09-18T06:50:52.078+00:00,True,24,24.0,,24.0,86539.12801100001,87934.48570700001,87934.485799,3663.936908291667,39.300277,86539.12801100001,17652.344924397716,90.4039157,60.667725913043476,10.762976801401898,0.27293046416361183,54,64,,False,True,,92,87.6246207195492
73,2026-09-18T06:49:24.498+00:00,2026-09-18T06:50:52.145+00:00,2026-09-18T06:50:55.310+00:00,True,50,50.0,,50.0,87646.455625,90811.653193,90811.653317,1816.23306634,38.117199,87646.455625,12385.951309253634,97.22908915,64.59586873469388,12.23650527341767,0.5505901306932063,54,64,,False,True,,181,87.6246207195492
74,2026-09-18T06:49:24.818+00:00,2026-09-18T06:50:53.259+00:00,2026-09-18T06:50:58.259+00:00,True,80,80.0,,80.0,88440.741037,93440.652717,93440.652655,1168.0081581875,37.046671,88440.741037,9880.905199134217,92.81067980000002,63.29002126582278,10.766594916288952,0.8561584029415208,54,64,,False,True,,419,87.6246207195492
75,2026-09-18T06:49:25.149+00:00,2026-09-18T06:50:54.455+00:00,2026-09-18T06:50:56.437+00:00,True,33,33.0,,33.0,89305.95620900001,91287.83985700001,91287.839791,2766.298175484849,33.744347000000005,89305.95620900001,15535.39466001657,93.0194356,61.933864,11.935702956000789,0.36149393009730135,54,64,,False,True,,145,87.6246207195492
76,2026-09-18T06:49:25.471+00:00,2026-09-18T06:50:55.745+00:00,2026-09-18T06:51:01.342+00:00,True,91,91.0,,91.0,90274.811129,95871.057401,95871.05736199999,1053.5281028791208,36.722152,90274.811129,9456.85694866905,73.2155445,62.18051413333333,8.38177128316042,0.9491915752986241,54,64,,False,True,,399,87.6246207195492
77,2026-09-18T06:49:25.900+00:00,2026-09-18T06:50:57.386+00:00,2026-09-18T06:50:58.197+00:00,True,14,14.0,,14.0,91485.304012,92296.074188,92296.07425199999,6592.576732285714,57.448063999999995,91485.304012,24433.807951413866,32064.496053149996,62.36693661538462,3.642900506996715,0.15168575828569997,54,64,,False,True,,48,87.6246207195492
78,2026-09-18T06:49:26.403+00:00,2026-09-18T06:50:58.940+00:00,2026-09-18T06:51:01.339+00:00,True,40,40.0,,40.0,92537.40043899999,94936.23768699999,94936.237799,2373.405944975,37.973969,92537.40043899999,14621.72686796374,95.90343440000001,61.50864738461539,11.663481824497685,0.4213354244337973,54,64,,True,True,,147,87.6246207195492
79,2026-09-18T06:49:26.848+00:00,2026-09-18T06:51:00.694+00:00,2026-09-18T06:51:03.137+00:00,True,41,41.0,,41.0,93845.555291,96288.73353099999,96288.733419,2348.5056931463414,35.671594,93845.555291,14646.676630310692,69.522482,61.079456,8.188909076715246,0.42580267178194964,54,64,,True,True,,209,87.6246207195492
80,2026-09-18T06:49:27.325+00:00,2026-09-18T06:51:02.707+00:00,2026-09-18T06:51:03.485+00:00,True,13,13.0,,13.0,95382.015411,96159.622835,96159.622832,7396.894064,52.867832,95382.015411,26436.24120680114,38212.432788,64.80061866666667,11.598370272827795,0.1351918780121118,54,64,,True,True,,46,87.6246207195492
81,2026-09-18T06:49:27.752+00:00,2026-09-18T06:51:04.167+00:00,2026-09-18T06:51:08.788+00:00,True,76,76.0,,76.0,96414.35670399999,101035.369952,101035.36988199998,1329.412761605263,33.494638,96414.35670399999,11052.423811368675,93.988609,61.613509973333336,11.753403205259517,0.752211824790726,54,64,,True,True,,334,87.6246207195492
82,2026-09-18T06:49:28.090+00:00,2026-09-18T06:51:05.603+00:00,2026-09-18T06:51:05.725+00:00,True,3,3.0,,3.0,97513.55418199999,97634.877958,97634.877857,32544.959285666664,59.69354,97513.55418199999,56264.45363673677,87768.3617773,60.661888,1.3694112767171154,0.03072672453475614,54,64,,True,True,,10,87.6246207195492
83,2026-09-18T06:49:28.508+00:00,2026-09-18T06:51:07.034+00:00,2026-09-18T06:51:08.316+00:00,True,22,22.0,,22.0,98526.932489,99808.087049,99808.087078,4536.731230818182,39.532927,98526.932489,20993.009649596217,104.35188314999999,61.00736,13.071524227530805,0.2204230203229852,54,64,,True,True,,98,87.6246207195492
84,2026-09-18T06:49:29.059+00:00,2026-09-18T06:51:09.331+00:00,2026-09-18T06:51:11.274+00:00,True,33,33.0,,33.0,100272.50022300001,102215.40531100001,102215.405188,3097.436520848485,39.207017,100272.50022300001,17444.634418175447,69.8924426,60.715784,8.235552919624961,0.3228476167520384,54,64,,True,True,,116,87.6246207195492
85,2026-09-18T06:49:29.394+00:00,2026-09-18T06:51:10.724+00:00,2026-09-18T06:51:13.650+00:00,True,47,47.0,,47.0,101329.27806,104255.86801199999,104255.868034,2218.2099581702128,37.646381,101329.27806,14771.118334464372,93.2035664,63.62152069565217,11.267989542551636,0.45081395317326634,54,64,,True,True,,151,87.6246207195492
86,2026-09-18T06:49:29.769+00:00,2026-09-18T06:51:12.251+00:00,2026-09-18T06:51:18.225+00:00,True,94,94.0,,94.0,102482.344969,108456.443657,108456.443753,1153.791954819149,37.180932,102482.344969,10563.625702134761,92.05206779999999,64.23762030107527,9.814397069219206,0.8667073788375418,54,64,,True,True,,549,87.6246207195492
87,2026-09-18T06:49:30.261+00:00,2026-09-18T06:51:13.897+00:00,2026-09-18T06:51:19.146+00:00,True,82,82.0,,82.0,103636.370027,108884.90865099999,108884.908864,1327.8647422439024,41.267354,103636.370027,11437.571459760245,93.33279515,64.79677313580247,10.28550946190154,0.7530887522974188,54,64,,True,True,,346,87.6246207195492
88,2026-09-18T06:49:30.641+00:00,2026-09-18T06:51:15.145+00:00,2026-09-18T06:51:19.423+00:00,True,66,66.0,,66.0,104503.638175,108782.410655,108782.410655,1648.2183432575757,37.756201000000004,104503.638175,12855.411005894817,93.26876225,65.82726892307691,11.592961615878808,0.6067157328340234,54,64,,True,True,,390,87.6246207195492
89,2026-09-18T06:49:31.104+00:00,2026-09-18T06:51:16.990+00:00,2026-09-18T06:51:19.299+00:00,True,35,35.0,,35.0,105886.21604,108194.659432,108194.659287,3091.2759796285713,40.311935,105886.21604,17886.566245811915,94.95781769999998,67.89539388235295,14.186697890678476,0.32349101317701723,54,64,,True,True,,144,87.6246207195492
90,2026-09-18T06:49:31.489+00:00,2026-09-18T06:51:18.541+00:00,2026-09-18T06:51:21.554+00:00,True,49,49.0,,49.0,107051.508416,110064.466368,110064.46634,2246.21359877551,36.849382,107051.508416,15284.10993699037,91.6397,62.76995733333334,11.777006381920925,0.44519363621106145,54,64,,True,True,,236,87.6246207195492
91,2026-09-18T06:49:31.987+00:00,2026-09-18T06:51:20.461+00:00,2026-09-18T06:51:25.842+00:00,True,86,86.0,,86.0,108473.48260799999,113854.32152,113854.32130099999,1323.887456988372,37.68984,108473.48260799999,11690.175698844252,92.41897375,63.3039872,11.401316704409536,0.7553512141820017,54,64,,True,True,,369,87.6246207195492
92,2026-09-18T06:49:32.434+00:00,2026-09-18T06:51:22.096+00:00,2026-09-18T06:51:22.738+00:00,True,11,11.0,,11.0,109661.877232,110303.984112,110303.984124,10027.634920363636,42.660621,109661.877232,33044.942095114784,54876.48811200001,64.210688,12.976792501504113,0.09972441239140432,54,64,,True,True,,48,87.6246207195492
93,2026-09-18T06:49:32.906+00:00,2026-09-18T06:51:24.139+00:00,2026-09-18T06:51:28.816+00:00,True,75,75.0,,75.0,111232.970299,115909.954363,115909.95453399999,1545.4660604533333,35.660204,111232.970299,12836.783981615925,92.161496,63.20248735135135,11.30129515768455,0.6470540033612592,54,64,,True,True,,361,87.6246207195492
94,2026-09-18T06:49:33.322+00:00,2026-09-18T06:51:25.838+00:00,2026-09-18T06:51:31.855+00:00,True,98,98.0,,98.0,112516.379457,118533.047105,118533.047253,1209.5208903367347,37.8864,112516.379457,11359.610894314808,91.87634834999999,62.0275015257732,11.654685793530279,0.8267736499947459,54,64,,True,True,,390,87.6246207195492
95,2026-09-18T06:49:33.740+00:00,2026-09-18T06:51:27.437+00:00,2026-09-18T06:51:30.848+00:00,True,56,56.0,,56.0,113697.12761499999,117107.87833499999,117107.878313,2091.2121127321425,36.724222000000005,113697.12761499999,15185.137102069499,94.94548675,62.01364945454545,13.915805112491483,0.4781915682889057,54,64,,True,True,,290,87.6246207195492
96,2026-09-18T06:49:34.181+00:00,2026-09-18T06:51:29.300+00:00,2026-09-18T06:51:35.240+00:00,True,96,96.0,,96.0,115118.826177,121058.595777,121058.595775,1261.0270393229166,34.251937,115118.826177,11742.892393284306,94.07689575,62.52389052631579,13.531672718169464,0.7930044073602174,54,64,,True,True,,452,87.6246207195492
97,2026-09-18T06:49:34.632+00:00,2026-09-18T06:51:31.347+00:00,2026-09-18T06:51:37.485+00:00,True,98,98.0,,98.0,116714.27754899999,122852.85470099999,122852.85454799999,1253.6005566122449,35.526984,116714.27754899999,11783.536719110703,95.40621854999999,63.284300536082476,12.867822721493221,0.7977022612825155,54,64,,True,True,,479,87.6246207195492
98,2026-09-18T06:49:35.208+00:00,2026-09-18T06:51:33.538+00:00,2026-09-18T06:51:37.012+00:00,True,56,56.0,,56.0,118329.64107,121803.410286,121803.41037099999,2175.0608994821428,37.241791,118329.64107,15804.02881010934,96.55549649999999,63.15944029090909,13.223808388397735,0.45975724217006264,54,64,,True,True,,245,87.6246207195492
99,2026-09-18T06:49:35.563+00:00,2026-09-18T06:51:35.332+00:00,2026-09-18T06:51:39.594+00:00,True,69,69.0,,69.0,119769.604223,124030.672767,124030.672838,1797.5459831594203,36.125093,119769.604223,14411.025561448458,90.95552380000001,62.662772705882354,9.81734997997355,0.5563140025017937,54,64,,True,True,,336,87.6246207195492
100,2026-09-18T06:49:35.948+00:00,2026-09-18T06:51:36.886+00:00,2026-09-18T06:51:37.065+00:00,True,4,4.0,,4.0,120937.958829,121117.062829,121117.06263799999,30279.265659499997,58.037293,120937.958829,60439.12881197953,102806.63671425,59.70133333333334,2.420487274306009,0.03302589995637055,54,64,,True,True,,14,87.6246207195492
101,2026-09-18T06:49:36.366+00:00,2026-09-18T06:51:38.659+00:00,2026-09-18T06:51:39.653+00:00,True,17,17.0,,17.0,122292.77279999999,123287.40934399999,123287.40912899999,7252.200537,44.256167999999995,122292.77279999999,29645.278229345382,24530.015236,62.164784,9.11031239636982,0.13788918179443713,54,64,,True,True,,61,87.6246207195492
102,2026-09-18T06:49:36.790+00:00,2026-09-18T06:51:40.429+00:00,2026-09-18T06:51:41.508+00:00,True,19,19.0,,19.0,123638.691216,124717.95700800001,124717.95708800001,6564.103004631579,40.165706,123638.691216,28350.906472536415,12427.7282427,59.959210666666664,7.669567908126185,0.15234373987365146,54,64,,True,True,,85,87.6246207195492
103,2026-09-18T06:49:37.273+00:00,2026-09-18T06:51:42.151+00:00,2026-09-18T06:51:45.688+00:00,True,59,59.0,,59.0,124877.931849,128415.191881,128415.191669,2176.528672355932,35.353684,124877.931849,16249.783592548276,68.8467926,60.98724193103448,7.04709213376878,0.4594471972963621,54,64,,True,True,,246,87.6246207195492
104,2026-09-18T06:49:37.675+00:00,2026-09-18T06:51:43.755+00:00,2026-09-18T06:51:49.263+00:00,True,92,92.0,,92.0,126080.142252,131588.495788,131588.495776,1430.3097366956522,34.268496,126080.142252,13138.45579968666,72.21820749999999,60.531357538461535,9.129414396808821,0.6991492641440301,54,64,,True,True,,494,87.6246207195492
105,2026-09-18T06:49:38.031+00:00,2026-09-18T06:51:44.980+00:00,2026-09-18T06:51:46.899+00:00,True,33,33.0,,33.0,126949.477116,128868.46182,128868.46204999999,3905.1049106060605,37.070961000000004,126949.477116,22088.63075452614,78.3245718,59.968272,10.6578083018769,0.25607506704079014,54,64,,True,True,,148,87.6246207195492
106,2026-09-18T06:49:38.499+00:00,2026-09-18T06:51:46.713+00:00,2026-09-18T06:51:52.193+00:00,True,90,90.0,,90.0,128213.350051,133693.782435,133693.782436,1485.4864715111112,35.445454,128213.350051,13508.386867340983,73.97980685,61.57789195505618,10.446182341270319,0.6731801461579315,54,64,,True,True,,395,87.6246207195492
107,2026-09-18T06:49:38.921+00:00,2026-09-18T06:51:48.150+00:00,2026-09-18T06:51:49.193+00:00,True,18,18.0,,18.0,129228.17401199999,130271.169212,130271.16922799998,7237.2871793333325,41.133974,129228.17401199999,30444.912758306808,19446.9917355,61.35265882352942,8.033247983230167,0.13817332038148256,54,64,,True,True,,74,87.6246207195492
108,2026-09-18T06:49:39.365+00:00,2026-09-18T06:51:49.634+00:00,2026-09-18T06:51:50.617+00:00,True,18,18.0,,18.0,130268.35580500001,131251.556061,131251.55606200002,7291.753114555557,40.10478500000001,130268.35580500001,30690.91527149928,19596.67959735,57.83530917647059,9.07711281854795,0.13714123123717012,54,64,,True,True,,66,87.6246207195492
109,2026-09-18T06:49:39.759+00:00,2026-09-18T06:51:50.927+00:00,2026-09-18T06:51:52.562+00:00,True,26,26.0,,26.0,131167.84526,132803.551116,132803.551001,5107.828884653846,40.234155,131167.84526,25711.303136675273,96.9577115,65.42823424000001,14.269680428445485,0.1957778973642788,54,64,,True,True,,117,87.6246207195492
110,2026-09-18T06:49:40.078+00:00,2026-09-18T06:51:52.250+00:00,2026-09-18T06:51:57.262+00:00,True,83,83.0,,83.0,132171.792143,137184.415503,137184.415399,1652.8242819156626,37.329741,132171.792143,14501.033049225885,73.64431830000001,61.12955317073171,10.746065949493591,0.605024992785605,54,64,,True,True,,368,87.6246207195492
111,2026-09-18T06:49:40.555+00:00,2026-09-18T06:51:54.023+00:00,2026-09-18T06:51:58.089+00:00,True,69,69.0,,69.0,133467.46132899998,137533.79118499998,137533.791289,1993.2433520144925,36.702712,133467.46132899998,16060.398786104413,72.5428784,59.798968470588235,10.749985681356511,0.5016948882561265,54,64,,True,True,,344,87.6246207195492
112,2026-09-18T06:49:40.930+00:00,2026-09-18T06:51:55.714+00:00,2026-09-18T06:51:57.837+00:00,True,37,37.0,,37.0,134784.297476,136907.547908,136907.547918,3700.203997783784,39.851546,134784.297476,22148.708173778825,75.9668146,58.97917866666666,10.195356154786552,0.27025536988554855,54,64,,True,True,,152,87.6246207195492
113,2026-09-18T06:49:41.290+00:00,2026-09-18T06:51:57.131+00:00,2026-09-18T06:51:59.726+00:00,True,44,44.0,,44.0,135841.639299,138436.44685100002,138436.446772,3146.282881181818,40.555585,135841.639299,20469.801425016263,69.0523196,60.34436167441861,6.545643161621046,0.31783537501043685,54,64,,True,True,,229,87.6246207195492
114,2026-09-18T06:49:41.687+00:00,2026-09-18T06:51:58.607+00:00,2026-09-18T06:52:04.295+00:00,True,92,92.0,,92.0,136920.120241,142608.83985699998,142608.839738,1550.0960841086955,36.771652,136920.120241,14268.395431839213,90.34213105,62.51340237362638,10.166489092997894,0.6451212988777719,54,64,,True,True,,281,87.6246207195492
115,2026-09-18T06:49:42.002+00:00,2026-09-18T06:51:59.794+00:00,2026-09-18T06:52:02.627+00:00,True,47,47.0,,47.0,137792.17331,140624.96383800003,140624.96384900002,2992.0205074255323,34.642956,137792.17331,20090.075506009394,93.44682799999998,61.582402782608696,12.872575232574968,0.3342223081681572,54,64,,True,True,,175,87.6246207195492
116,2026-09-18T06:49:42.401+00:00,2026-09-18T06:52:01.036+00:00,2026-09-18T06:52:06.533+00:00,True,89,89.0,,89.0,138635.712619,144132.58225099999,144132.582094,1619.4672145393258,35.741284,138635.712619,14688.739063910461,88.8812266,62.46442763636363,11.08195019211711,0.6174870290258921,54,64,,True,True,,339,87.6246207195492
117,2026-09-18T06:49:42.912+00:00,2026-09-18T06:52:03.223+00:00,2026-09-18T06:52:03.404+00:00,True,4,4.0,,4.0,140310.641588,140491.479988,140491.479951,35122.86998775,49.391237999999994,140310.641588,70125.18151108884,119274.22368874999,60.279466666666664,9.66760666988833,0.028471477418713628,54,64,,True,True,,12,87.6246207195492
118,2026-09-18T06:49:43.316+00:00,2026-09-18T06:52:04.603+00:00,2026-09-18T06:52:07.127+00:00,True,41,41.0,,41.0,141287.00082,143811.67461199997,143811.67447499998,3507.6018164634143,40.169256000000004,141287.00082,22055.467774423054,89.315663,63.116844799999996,10.730286200186956,0.2850950738917192,54,64,,True,True,,223,87.6246207195492
119,2026-09-18T06:49:43.661+00:00,2026-09-18T06:52:06.034+00:00,2026-09-18T06:52:11.282+00:00,True,86,86.0,,86.0,142373.45893,147620.70885,147620.708881,1716.5198707093023,37.170301,142373.45893,15345.87171428441,86.48938625,61.732352,10.5415175486027,0.582574089163778,54,64,,True,True,,349,87.6246207195492
120,2026-09-18T06:49:44.027+00:00,2026-09-18T06:52:07.286+00:00,2026-09-18T06:52:07.323+00:00,True,2,2.0,,2.0,143259.133742,143296.56299,143296.563062,71648.281531,37.42932,143259.133742,101273.03840989154,136098.04852090002,37.429248,nan,0.013957068880567433,54,64,,True,True,,5,87.6246207195492
121,2026-09-18T06:49:44.375+00:00,2026-09-18T06:52:08.882+00:00,2026-09-18T06:52:10.494+00:00,True,28,28.0,,28.0,144507.39599000002,146118.55247000002,146118.55265700002,5218.519737750001,38.400158000000005,144507.39599000002,27298.05486145309,67.6135087,59.67246222222222,7.576510952538375,0.19162522162097623,54,64,,True,True,,127,87.6246207195492
122,2026-09-18T06:49:44.908+00:00,2026-09-18T06:52:10.845+00:00,2026-09-18T06:52:11.796+00:00,True,16,16.0,,16.0,145936.576375,146887.428215,146887.428043,9180.4642526875,44.072508,145936.576375,36468.29754856516,36549.8298565,63.39012266666666,8.762864579016243,0.10892695307171356,54,64,,True,True,,81,87.6246207195492
123,2026-09-18T06:49:45.251+00:00,2026-09-18T06:52:12.165+00:00,2026-09-18T06:52:17.156+00:00,True,81,81.0,,81.0,146914.005598,151904.98262199998,151904.982486,1875.370154148148,35.824423,146914.005598,16316.851050491086,88.123996,62.3872128,12.279842791070534,0.5332280653463503,54,64,,True,True,,413,87.6246207195492
124,2026-09-18T06:49:45.571+00:00,2026-09-18T06:52:13.452+00:00,2026-09-18T06:52:14.325+00:00,True,15,15.0,,15.0,147881.587428,148754.367716,148754.367861,9916.9578574,36.405682999999996,147881.587428,38166.76715050258,44432.77183130001,62.341449142857144,12.687423826370953,0.10083737526711023,54,64,,True,True,,69,87.6246207195492
125,2026-09-18T06:49:45.900+00:00,2026-09-18T06:52:14.832+00:00,2026-09-18T06:52:20.987+00:00,True,98,98.0,,98.0,148932.573903,155087.14107100002,155087.14101300001,1582.5218470714287,33.467098,148932.573903,15038.05803993513,93.66687315000001,63.44914606185567,12.9541914851786,0.6319028084677561,54,64,,True,True,,435,87.6246207195492
126,2026-09-18T06:49:46.204+00:00,2026-09-18T06:52:16.006+00:00,2026-09-18T06:52:17.829+00:00,True,30,30.0,,30.0,149802.061987,151625.206691,151625.206659,5054.1735553,34.891175000000004,149802.061987,27338.51547873071,102.44744684999999,62.867058758620686,14.817215011580052,0.19785628428614507,54,64,,True,True,,118,87.6246207195492
127,2026-09-18T06:49:46.679+00:00,2026-09-18T06:52:17.980+00:00,2026-09-18T06:52:22.255+00:00,True,68,68.0,,68.0,151300.399486,155575.39699,155575.397048,2287.873486,38.029199,151300.399486,18340.134783740476,95.38799875000001,63.80593289552239,12.06767993659429,0.4370871057739989,54,64,,True,True,,220,87.6246207195492
128,2026-09-18T06:49:47.102+00:00,2026-09-18T06:52:19.389+00:00,2026-09-18T06:52:21.900+00:00,True,40,40.0,,40.0,152287.437098,154798.502442,154798.502548,3869.9625637,40.873073,152287.437098,24068.579264701944,87.78365394999999,64.38629087179487,8.94240061604531,0.2584004326203816,54,64,,True,True,,191,87.6246207195492
129,2026-09-18T06:49:47.429+00:00,2026-09-18T06:52:20.860+00:00,2026-09-18T06:52:24.401+00:00,True,56,56.0,,56.0,153431.283289,156972.174425,156972.17449900002,2803.0745446250003,37.246269999999996,153431.283289,20494.51728086818,90.58022400000002,64.37983883636363,10.693095010151708,0.35675112614787874,54,64,,True,True,,205,87.6246207195492
130,2026-09-18T06:49:47.946+00:00,2026-09-18T06:52:22.592+00:00,2026-09-18T06:52:22.592+00:00,True,1,1.0,,1.0,154646.204264,154646.204264,154646.204264,154646.204264,154646.204264,154646.204264,nan,154646.204264,nan,nan,0.006466372742604646,54,64,,True,True,,3,87.6246207195492
131,2026-09-18T06:49:48.773+00:00,2026-09-18T06:52:23.700+00:00,2026-09-18T06:52:29.896+00:00,True,100,100.0,,100.0,154926.765386,161122.67015400002,161122.67006600002,1611.2267006600002,34.830304,154926.765386,15486.421271487043,76.84145889999999,62.58489664646464,10.04126126263222,0.6206451265015696,54,64,,True,True,,406,87.6246207195492
132,2026-09-18T06:49:48.977+00:00,2026-09-18T06:52:26.299+00:00,2026-09-18T06:52:31.510+00:00,True,85,85.0,,85.0,157321.413818,162532.633786,162532.634005,1912.1486353529413,38.218728000000006,157321.413818,17057.17685512832,73.770432,62.038332952380955,9.646538940904351,0.5229718981353368,54,64,,True,True,,413,87.6246207195492
133,2026-09-18T06:49:49.481+00:00,2026-09-18T06:52:28.287+00:00,2026-09-18T06:52:31.510+00:00,True,53,53.0,,53.0,158805.822622,162028.46863800002,162028.468614,3057.140917245283,36.727262,158805.822622,21805.147173249803,77.0723904,61.97396184615385,10.747756561917539,0.32710301125175284,54,64,,True,True,,249,87.6246207195492
134,2026-09-18T06:49:49.894+00:00,2026-09-18T06:52:29.896+00:00,2026-09-18T06:52:32.436+00:00,True,41,41.0,,41.0,160002.383773,162542.189725,162542.189669,3964.443650463415,36.289532,160002.383773,24978.26021065005,92.499167,63.495148799999996,10.859716736439603,0.25224220289739296,54,64,,True,True,,169,87.6246207195492
135,2026-09-18T06:49:50.448+00:00,2026-09-18T06:52:32.133+00:00,2026-09-18T06:52:35.744+00:00,True,57,57.0,,57.0,161685.19188499998,165296.19988499998,165296.199745,2899.9333288596486,35.529104,161685.19188499998,21407.190485009312,97.05109900000001,64.48228571428572,14.069725750079865,0.34483551369998877,54,64,,True,True,,201,87.6246207195492
136,2026-09-18T06:49:50.819+00:00,2026-09-18T06:52:33.723+00:00,2026-09-18T06:52:36.851+00:00,True,49,49.0,,49.0,162904.401676,166032.67457200002,166032.674495,3388.421928469388,36.793612,162904.401676,23262.751523680257,99.5086584,65.172352,14.585447710788811,0.2951226324957571,54,64,,True,True,,200,87.6246207195492
137,2026-09-18T06:49:51.291+00:00,2026-09-18T06:52:35.680+00:00,2026-09-18T06:52:36.556+00:00,True,14,14.0,,14.0,164388.75152000002,165264.33577600002,165264.33578800003,11804.595413428573,41.556993000000006,164388.75152000002,43916.74402869472,57604.55754445001,67.35263507692308,16.583370581830152,0.08471277202224477,54,64,,True,True,,56,87.6246207195492
138,2026-09-18T06:49:51.710+00:00,2026-09-18T06:52:37.128+00:00,2026-09-18T06:52:41.607+00:00,True,72,72.0,,72.0,165418.931092,169897.747092,169897.747165,2359.6909328472225,36.445842,165418.931092,19487.378059520815,91.97620505,63.08191549295775,13.112519919236027,0.4237843128138235,54,64,,True,True,,336,87.6246207195492
139,2026-09-18T06:49:52.178+00:00,2026-09-18T06:52:38.997+00:00,2026-09-18T06:52:40.239+00:00,True,22,22.0,,22.0,166819.180214,168061.529782,168061.529889,7639.160449499999,35.894023000000004,166819.180214,35553.35756891087,76.12569859999999,59.15950323809524,11.249493024622904,0.1309044373720575,54,64,,True,True,,94,87.6246207195492
140,2026-09-18T06:49:52.633+00:00,2026-09-18T06:52:40.919+00:00,2026-09-18T06:52:43.046+00:00,True,34,34.0,,34.0,168286.086151,170413.120263,170413.120367,5012.150599029412,39.222657,168286.086151,28849.773321965076,92.66496085,64.45557915151515,10.025162740532034,0.1995151543937903,54,64,,True,True,,145,87.6246207195492
141,2026-09-18T06:49:53.129+00:00,2026-09-18T06:52:42.819+00:00,2026-09-18T06:52:43.109+00:00,True,6,6.0,,6.0,169689.358606,169979.379214,169979.379236,28329.89653933333,44.592217,169689.358606,69251.71081760593,127283.08013725,58.004121600000005,7.695556923308722,0.03529839929845928,54,64,,True,True,,28,87.6246207195492
142,2026-09-18T06:49:53.560+00:00,2026-09-18T06:52:44.335+00:00,2026-09-18T06:52:49.064+00:00,True,76,76.0,,76.0,170775.24564399998,175503.68852399997,175503.68860999998,2309.2590606578947,33.832546,170775.24564399998,19582.03608641266,91.72623725,63.04590506666667,12.272838307497413,0.4330393317608654,54,64,,True,True,,421,87.6246207195492
143,2026-09-18T06:49:54.008+00:00,2026-09-18T06:52:45.836+00:00,2026-09-18T06:52:49.489+00:00,True,58,58.0,,58.0,171827.957314,175480.984386,175480.984441,3025.5342145,34.486966,171827.957314,22553.70523286483,95.44221950000001,64.08819424561403,14.025773015175965,0.33052014269773655,54,64,,True,True,,222,87.6246207195492
144,2026-09-18T06:49:54.323+00:00,2026-09-18T06:52:47.323+00:00,2026-09-18T06:52:51.894+00:00,True,73,73.0,,73.0,172999.484984,177571.11199200002,177571.111959,2432.4809857397263,34.322086000000006,172999.484984,20240.63085881041,92.4539454,63.49481955555555,13.096922567414,0.41110290509015235,54,64,,True,True,,232,87.6246207195492
145,2026-09-18T06:49:54.631+00:00,2026-09-18T06:52:48.616+00:00,2026-09-18T06:52:48.616+00:00,True,1,1.0,,1.0,173985.394261,173985.394261,173985.394261,173985.394261,173985.394261,173985.394261,nan,173985.394261,nan,nan,0.005747608896985192,54,64,,True,True,,3,87.6246207195492
146,2026-09-18T06:49:54.951+00:00,2026-09-18T06:52:49.734+00:00,2026-09-18T06:52:51.589+00:00,True,31,31.0,,31.0,174782.842433,176637.82560100002,176637.825648,5697.994375741936,34.135616,174782.842433,31380.82238570448,91.867373,61.832772266666666,13.179739897321712,0.1755003487759447,54,64,,True,True,,132,87.6246207195492
147,2026-09-18T06:49:55.304+00:00,2026-09-18T06:52:50.994+00:00,2026-09-18T06:52:52.617+00:00,True,25,25.0,,25.0,175690.10463999998,177313.06732799998,177313.06740899998,7092.522696359999,43.220980000000004,175690.10463999998,35124.498669821085,101.71808440000001,67.62344533333332,13.350706888473802,0.14099355663254146,54,64,,True,True,,76,87.6246207195492
148,2026-09-18T06:49:55.792+00:00,2026-09-18T06:52:53.018+00:00,2026-09-18T06:52:55.293+00:00,True,35,35.0,,35.0,177226.925699,179501.45702700003,179501.45718000003,5128.6130622857145,41.473033,177226.925699,29945.513647051335,98.470891,66.89798023529411,14.503509079773186,0.19498448970659563,54,64,,True,True,,160,87.6246207195492
149,2026-09-18T06:49:56.207+00:00,2026-09-18T06:52:54.592+00:00,2026-09-18T06:52:55.299+00:00,True,11,11.0,,11.0,178384.539277,179091.639437,179091.639416,16281.058128727273,59.651059000000004,178384.539277,53763.64402249573,89241.59682600001,70.710016,13.845791845276825,0.06142106931725044,54,64,,True,True,,28,87.6246207195492
150,2026-09-18T06:49:56.511+00:00,2026-09-18T06:52:55.888+00:00,2026-09-18T06:52:56.112+00:00,True,4,4.0,,4.0,179376.680626,179601.298866,179601.29883599997,44900.32470899999,64.787779,179376.680626,89650.9046889186,152483.83539459997,74.87274666666667,14.147968468043647,0.02227155385432033,54,64,,True,True,,8,87.6246207195492
151,2026-09-18T06:49:57.025+00:00,2026-09-18T06:52:57.607+00:00,2026-09-18T06:53:01.159+00:00,True,57,57.0,,57.0,180581.916043,184133.690251,184133.690367,3230.415620473684,39.027097999999995,180581.916043,23910.261317243367,95.33119159999998,63.42453942857143,12.112132559529279,0.30955769105751924,54,64,,True,True,,205,87.6246207195492
152,2026-09-18T06:49:57.397+00:00,2026-09-18T06:52:59.036+00:00,2026-09-18T06:53:04.230+00:00,True,85,85.0,,85.0,181638.28943099998,186833.134615,186833.134578,2198.036877388235,35.370563000000004,181638.28943099998,19694.73266779576,69.8113436,61.84339504761905,8.666058263885166,0.45495142055586824,54,64,,True,True,,309,87.6246207195492
153,2026-09-18T06:49:57.837+00:00,2026-09-18T06:53:00.905+00:00,2026-09-18T06:53:05.967+00:00,True,84,84.0,,84.0,183068.574949,188130.202085,188130.202094,2239.6452630238095,34.781055,183068.574949,19967.76666949242,71.3496125,60.98345946987951,7.558938110025328,0.446499281184249,54,64,,True,True,,405,87.6246207195492
154,2026-09-18T06:49:58.269+00:00,2026-09-18T06:53:02.524+00:00,2026-09-18T06:53:06.026+00:00,True,59,59.0,,59.0,184254.912203,187757.393099,187757.39304000002,3182.328695593221,34.916965,184254.912203,23980.08587101159,68.705203,60.38760165517242,7.97850564431231,0.3142352960178282,54,64,,True,True,,204,87.6246207195492
155,2026-09-18T06:49:58.715+00:00,2026-09-18T06:53:04.544+00:00,2026-09-18T06:53:05.966+00:00,True,25,25.0,,25.0,185829.677651,187250.83630700002,187250.836116,7490.03344464,33.985767,185829.677651,37154.09395359359,70.65916779999999,59.214944,10.458355192435052,0.1335107521710194,54,64,,True,True,,111,87.6246207195492
156,2026-09-18T06:49:59.229+00:00,2026-09-18T06:53:06.098+00:00,2026-09-18T06:53:09.381+00:00,True,56,56.0,,56.0,186868.47974799998,190151.44499599998,190151.44489599997,3395.5615159999998,37.28277,186868.47974799998,24963.376690845613,73.45045024999999,59.690277236363634,10.464756919758571,0.2945021006870498,54,64,,True,True,,239,87.6246207195492
157,2026-09-18T06:49:59.616+00:00,2026-09-18T06:53:07.636+00:00,2026-09-18T06:53:08.729+00:00,True,19,19.0,,19.0,188019.72425799997,189112.42416199998,189112.42400799997,9953.285474105262,40.141754999999996,188019.72425799997,43120.75838476928,18898.879078899998,60.70555022222222,14.071406525586173,0.1004693376661703,54,64,,True,True,,76,87.6246207195492
158,2026-09-18T06:50:00.059+00:00,2026-09-18T06:53:09.559+00:00,2026-09-18T06:53:13.681+00:00,True,69,69.0,,69.0,189500.831011,193622.356515,193622.356733,2806.121112072464,36.185943,189500.831011,22805.92455575557,68.15016680000001,60.61066917647059,9.673790717096566,0.35636380654552435,54,64,,True,True,,361,87.6246207195492
159,2026-09-18T06:50:00.547+00:00,2026-09-18T06:53:11.403+00:00,2026-09-18T06:53:16.506+00:00,True,82,82.0,,82.0,190855.93132899998,195959.10444899998,195959.10461699998,2389.7451782560975,35.157494,190855.93132899998,21069.558299759366,95.8011622,63.00213728395062,13.006629451201533,0.4184546578255118,54,64,,True,True,,317,87.6246207195492
160,2026-09-18T06:50:00.991+00:00,2026-09-18T06:53:12.971+00:00,2026-09-18T06:53:13.517+00:00,True,10,10.0,,10.0,191979.85975,192526.139686,192526.13985,19252.613985,54.409309,191979.85975,60690.16792447855,105618.8344507,60.69777066666666,3.339897448657968,0.05194099884986773,54,64,,True,True,,51,87.6246207195492
161,2026-09-18T06:50:01.393+00:00,2026-09-18T06:53:14.570+00:00,2026-09-18T06:53:19.796+00:00,True,83,83.0,,83.0,193177.661892,198403.506884,198403.506861,2390.403697120482,37.035401,193177.661892,21197.0115629346,94.98039130000001,63.72981697560976,12.626866204596924,0.4183393796992075,54,64,,True,True,,340,87.6246207195492
162,2026-09-18T06:50:02.582+00:00,2026-09-18T06:53:15.577+00:00,2026-09-18T06:53:15.635+00:00,True,2,2.0,,2.0,192995.054887,193053.444391,193053.444408,96526.722204,58.389521,192995.054887,136426.8244198183,183348.2216187,58.389504,nan,0.01035982552038444,54,64,,True,True,,3,87.6246207195492
163,2026-09-18T06:50:02.628+00:00,2026-09-18T06:53:16.569+00:00,2026-09-18T06:53:20.273+00:00,True,60,60.0,,60.0,193940.20038,197644.139196,197644.139011,3294.068983516667,33.428568,193940.20038,25029.4704136618,91.8088091,62.778624,12.133315293709686,0.3035759129720468,54,64,,True,True,,331,87.6246207195492
164,2026-09-18T06:50:02.751+00:00,2026-09-18T06:53:17.206+00:00,2026-09-18T06:53:19.112+00:00,True,31,31.0,,31.0,194454.696425,196360.93847300002,196360.938314,6334.223816580645,40.527544999999996,194454.696425,34913.68466879426,93.123916,63.5414016,13.594716119931833,0.15787253942190013,54,64,,True,True,,140,87.6246207195492
165,2026-09-18T06:50:03.027+00:00,2026-09-18T06:53:21.008+00:00,2026-09-18T06:53:26.201+00:00,True,83,83.0,,83.0,197980.473083,203173.736187,203173.736301,2447.8763409759035,34.807705,197980.473083,21724.23261434005,96.69119300000003,63.33247687804878,13.488797547642427,0.4085173682271967,54,64,,True,True,,351,87.6246207195492
166,2026-09-18T06:50:03.442+00:00,2026-09-18T06:53:22.492+00:00,2026-09-18T06:53:28.137+00:00,True,90,90.0,,90.0,199049.624046,204694.45220600002,204694.45201100002,2274.3828001222223,33.146828,199049.624046,20974.99121812822,94.98187739999999,63.42503550561798,13.2811016852632,0.43967972277737144,54,64,,True,True,,406,87.6246207195492
167,2026-09-18T06:50:03.845+00:00,2026-09-18T06:53:24.284+00:00,2026-09-18T06:53:25.918+00:00,True,27,27.0,,27.0,200439.39557,202072.54065799998,202072.54058899998,7484.168169962963,35.829923,200439.39557,38562.4926404527,87.5034153,62.81327261538462,10.585690395149932,0.13361538342657087,54,64,,True,True,,144,87.6246207195492
168,2026-09-18T06:50:04.362+00:00,2026-09-18T06:53:26.483+00:00,2026-09-18T06:53:27.181+00:00,True,12,12.0,,12.0,202120.499488,202819.001376,202819.001363,16901.583446916666,48.29436,202120.499488,58328.83262129332,91007.12413865,63.50017163636363,12.134605847294285,0.059166054060948485,54,64,,True,True,,48,87.6246207195492
169,2026-09-18T06:50:04.685+00:00,2026-09-18T06:53:27.561+00:00,2026-09-18T06:53:31.987+00:00,True,73,73.0,,73.0,202876.240639,207301.579775,207301.579832,2839.7476689315067,35.134444,202876.240639,23737.676324308042,82.9039328,61.46304355555555,10.02211872654587,0.35214396378084717,54,64,,True,True,,278,87.6246207195492
170,2026-09-18T06:50:05.158+00:00,2026-09-18T06:53:29.274+00:00,2026-09-18T06:53:30.727+00:00,True,25,25.0,,25.0,204116.76722,205569.840372,205569.840345,8222.7936138,34.124376,204116.76722,40811.24615268478,89.5167082,60.544714666666664,11.859624149913493,0.12161317027225345,54,64,,True,True,,133,87.6246207195492
171,2026-09-18T06:50:05.616+00:00,2026-09-18T06:53:31.267+00:00,2026-09-18T06:53:37.181+00:00,True,95,95.0,,95.0,205651.064853,211564.352533,211564.35273699998,2226.993186705263,34.966785,205651.064853,21092.903426101668,91.14997240000001,62.90731574468085,12.248534885589784,0.4490359498780959,54,64,,True,True,,416,87.6246207195492
172,2026-09-18T06:50:06.025+00:00,2026-09-18T06:53:32.699+00:00,2026-09-18T06:53:37.219+00:00,True,73,73.0,,73.0,206673.928193,211194.712065,211194.711928,2893.078245589041,35.427383999999996,206673.928193,24182.00825519594,90.6354882,62.78866488888889,13.028832621598038,0.3456525936953032,54,64,,True,True,,304,87.6246207195492
173,2026-09-18T06:50:06.580+00:00,2026-09-18T06:53:34.961+00:00,2026-09-18T06:53:38.643+00:00,True,59,59.0,,59.0,208381.027941,212063.354469,212063.354552,3594.2941449491527,37.057300000000005,208381.027941,27120.63653467877,90.8234427,63.4883884137931,12.700020150050547,0.2782187433926722,54,64,,True,True,,301,87.6246207195492
174,2026-09-18T06:50:07.135+00:00,2026-09-18T06:53:37.184+00:00,2026-09-18T06:53:37.184+00:00,True,1,1.0,,1.0,210049.187391,210049.187391,210049.187391,210049.187391,210049.187391,210049.187391,nan,210049.187391,nan,nan,0.004760789662749474,54,64,,True,True,,1,87.6246207195492
175,2026-09-18T06:50:07.543+00:00,2026-09-18T06:53:39.199+00:00,2026-09-18T06:53:40.738+00:00,True,26,26.0,,26.0,211656.365089,213195.180833,213195.180834,8199.814647461539,39.786256,211656.365089,41497.15795992569,87.45698625000001,61.552629759999995,9.86259729065362,0.12195397615655447,54,64,,True,True,,107,87.6246207195492
176,2026-09-18T06:50:07.914+00:00,2026-09-18T06:53:40.227+00:00,2026-09-18T06:53:43.617+00:00,True,56,56.0,,56.0,212312.57761399998,215702.50580599997,215702.50600199998,3851.8304643214283,35.393334,212312.57761399998,28363.227280803938,87.74474375,61.63505803636364,10.827219611360356,0.2596168263820063,54,64,,True,True,,160,87.6246207195492
177,2026-09-18T06:50:08.463+00:00,2026-09-18T06:53:42.359+00:00,2026-09-18T06:53:47.796+00:00,True,87,87.0,,87.0,213896.865743,219333.796815,219333.796857,2521.0781247931036,36.956371,213896.865743,22925.374968532386,88.761765,63.22012874418604,9.100502368821223,0.3966556967660634,54,64,,True,True,,417,87.6246207195492
178,2026-09-18T06:50:08.884+00:00,2026-09-18T06:53:43.743+00:00,2026-09-18T06:53:47.948+00:00,True,66,66.0,,66.0,214858.969955,219063.42665900002,219063.42668200002,3319.1428285151515,36.438092,214858.969955,26439.351091233693,94.21003925,64.68394929230769,10.80277254852052,0.3012826057118944,54,64,,True,True,,406,87.6246207195492
179,2026-09-18T06:50:09.272+00:00,2026-09-18T06:53:45.265+00:00,2026-09-18T06:53:51.553+00:00,True,100,100.0,,100.0,215993.237958,222280.76871,222280.768683,2222.80768683,0.02605,215993.237958,21592.983138890082,92.36095050000002,63.510411636363635,21.284481477065427,0.44988147458885935,54,64,,True,True,,502,87.6246207195492
180,2026-09-18T06:50:09.714+00:00,2026-09-18T06:53:47.057+00:00,2026-09-18T06:53:49.778+00:00,True,43,43.0,,43.0,217342.75827700002,220064.22106100002,220064.22120300002,5117.77258611628,0.02038,217342.75827700002,33134.592895653506,97.58013930000001,64.79673295238095,31.261365574594056,0.1953975062037947,54,64,,True,True,,186,87.6246207195492
181,2026-09-18T06:50:10.139+00:00,2026-09-18T06:53:49.209+00:00,2026-09-18T06:53:51.242+00:00,True,34,34.0,,34.0,219070.07491,221102.998046,221102.997923,6503.02935067647,35.00653500000001,219070.07491,37559.64435269962,82.49391310000001,61.60373139393939,10.453874567175376,0.15377448655366663,54,64,,True,True,,183,87.6246207195492
182,2026-09-18T06:50:10.658+00:00,2026-09-18T06:53:50.860+00:00,2026-09-18T06:53:51.076+00:00,True,4,4.0,,4.0,220201.687624,220418.14740000002,220418.14736,55104.53684,62.574613,220201.687624,110064.76797378401,187185.04460605004,72.15325866666667,16.094044941762693,0.018147326103513016,54,64,,True,True,,14,87.6246207195492
183,2026-09-18T06:50:11.097+00:00,2026-09-18T06:53:52.317+00:00,2026-09-18T06:53:57.434+00:00,True,83,83.0,,83.0,221219.220963,226337.115107,226337.115065,2726.953193554217,37.29757,221219.220963,24275.115215778704,79.37712230000001,62.41334321951219,9.62701152900373,0.36670963116571526,54,64,,True,True,,401,87.6246207195492
184,2026-09-18T06:50:11.493+00:00,2026-09-18T06:53:53.805+00:00,2026-09-18T06:53:54.740+00:00,True,16,16.0,,16.0,222312.53171900002,223247.17952700003,223247.179639,13952.9487274375,37.371739999999996,222312.53171900002,55562.55781346833,55658.103638,62.309853866666664,16.723781892072953,0.07166943848473088,54,64,,True,True,,70,87.6246207195492
185,2026-09-18T06:50:11.887+00:00,2026-09-18T06:53:55.548+00:00,2026-09-18T06:54:00.843+00:00,True,85,85.0,,85.0,223661.235643,228955.411131,228955.410981,2693.593070364706,39.574926,223661.235643,24252.632318568405,73.58730960000001,63.02589866666666,8.033695900351221,0.37125132609932543,54,64,,True,True,,440,87.6246207195492
186,2026-09-18T06:50:12.258+00:00,2026-09-18T06:53:57.000+00:00,2026-09-18T06:53:58.997+00:00,True,33,33.0,,33.0,224742.54530899998,226738.87862099998,226738.878691,6870.875111848484,36.287451999999995,224742.54530899998,39111.796756821816,85.4334778,62.385416,9.774785106964934,0.1455418682526007,54,64,,True,True,,161,87.6246207195492
187,2026-09-18T06:50:12.635+00:00,2026-09-18T06:53:58.213+00:00,2026-09-18T06:53:58.956+00:00,True,13,13.0,,13.0,225578.015824,226321.200208,226321.200352,17409.323104,42.883029,225578.015824,62546.9083212795,90273.37140039999,61.932032,6.998688709199694,0.05744048718393319,54,64,,True,True,,49,87.6246207195492
188,2026-09-18T06:50:13.026+00:00,2026-09-18T06:53:59.847+00:00,2026-09-18T06:54:05.159+00:00,True,86,86.0,,86.0,226821.019486,232133.277534,232133.277531,2699.2241573372094,37.45984,226821.019486,24452.002085095217,78.27550825000002,62.49715350588235,9.370785349626267,0.3704768265609992,54,64,,True,True,,402,87.6246207195492
189,2026-09-18T06:50:13.415+00:00,2026-09-18T06:54:01.290+00:00,2026-09-18T06:54:04.370+00:00,True,51,51.0,,51.0,227875.34317100001,230955.207491,230955.207506,4528.533480509805,36.104282,227875.34317100001,31900.30676004478,81.43553700000001,61.5972864,10.323690343808304,0.22082203971082745,54,64,,True,True,,234,87.6246207195492
190,2026-09-18T06:50:13.740+00:00,2026-09-18T06:54:02.737+00:00,2026-09-18T06:54:04.059+00:00,True,23,23.0,,23.0,228997.193943,230318.988759,230318.988668,10013.869072521738,40.326313999999996,228997.193943,47736.688619890956,79.2779124,60.081582545454545,8.828493879777493,0.09986150132009576,54,64,,True,True,,105,87.6246207195492
191,2026-09-18T06:50:14.179+00:00,2026-09-18T06:54:04.186+00:00,2026-09-18T06:54:06.390+00:00,True,37,37.0,,37.0,230006.61572099998,232210.878377,232210.878374,6275.9696857837835,37.63858999999999,230006.61572099998,37802.789123989925,68.4184976,61.229518222222225,6.214958058504242,0.15933792705408745,54,64,,True,True,,157,87.6246207195492
192,2026-09-18T06:50:14.509+00:00,2026-09-18T06:54:05.286+00:00,2026-09-18T06:54:11.265+00:00,True,95,95.0,,95.0,230776.85306999998,236756.148814,236756.149036,2492.1699898526313,35.957142,230776.85306999998,23670.683168568463,92.18263139999999,63.60952919148936,13.533359240210112,0.4012567381075021,54,64,,True,True,,370,87.6246207195492
193,2026-09-18T06:50:14.933+00:00,2026-09-18T06:54:07.116+00:00,2026-09-18T06:54:10.416+00:00,True,53,53.0,,53.0,232182.883845,235483.114501,235483.114377,4443.077629754717,37.04047,232182.883845,31884.057232352952,100.8024414,63.465974153846155,14.173803555697399,0.2250692161614625,54,64,,True,True,,199,87.6246207195492
194,2026-09-18T06:50:15.339+00:00,2026-09-18T06:54:08.709+00:00,2026-09-18T06:54:09.298+00:00,True,10,10.0,,10.0,233369.56970199998,233958.99306199996,233958.99302899998,23395.899302899998,53.221230000000006,233369.56970199998,73777.22827911245,128395.10635479998,65.49148444444445,11.671317271859323,0.04274253307864923,54,64,,True,True,,53,87.6246207195492
195,2026-09-18T06:50:15.824+00:00,2026-09-18T06:54:10.413+00:00,2026-09-18T06:54:15.910+00:00,True,89,89.0,,89.0,234588.600988,240085.383068,240085.383266,2697.588576022472,38.509298,234588.600988,24859.723272139054,91.8135858,62.463432727272725,11.011219882861567,0.3707014515531431,54,64,,True,True,,465,87.6246207195492
196,2026-09-18T06:50:16.314+00:00,2026-09-18T06:54:12.254+00:00,2026-09-18T06:54:15.231+00:00,True,50,50.0,,50.0,235940.612523,238917.737643,238917.737688,4778.35475376,35.467074000000004,235940.612523,33358.44997306189,69.29266745,60.75765551020408,8.206215632412041,0.20927705281853917,54,64,,True,True,,189,87.6246207195492
197,2026-09-18T06:50:17.302+00:00,2026-09-18T06:54:14.677+00:00,2026-09-18T06:54:20.886+00:00,True,98,98.0,,98.0,237374.532981,243583.767925,243583.767816,2485.5486511836734,36.915001,237374.532981,23971.98506138743,93.4524412,64.0127313814433,10.946129450061992,0.4023256591965292,54,64,,True,True,,397,87.6246207195492
198,2026-09-18T06:50:17.352+00:00,2026-09-18T06:54:15.667+00:00,2026-09-18T06:54:15.969+00:00,True,6,6.0,,6.0,238314.894909,238617.012797,238617.012893,39769.50214883333,53.665288999999994,238314.894909,97266.98068001123,178752.2285765,60.4235776,4.167763692918878,0.02514489612316291,54,64,,True,True,,14,87.6246207195492
199,2026-09-18T06:50:17.419+00:00,2026-09-18T06:54:16.463+00:00,2026-09-18T06:54:18.569+00:00,True,33,33.0,,33.0,239043.56732300002,241149.34114700003,241149.34109000003,7307.555790606061,34.331985,239043.56732300002,41600.69059536471,102.99398099999999,65.805432,13.03890428897936,0.13684466166500464,54,64,,True,True,,183,87.6246207195492
200,2026-09-18T06:50:17.727+00:00,2026-09-18T06:54:18.139+00:00,2026-09-18T06:54:21.305+00:00,True,51,51.0,,51.0,240411.682363,243577.980987,243577.980946,4776.038842078431,37.914059,240411.682363,33655.50284076654,83.84454299999999,63.32597248,8.973607992430106,0.20937853164454107,54,64,,True,True,,253,87.6246207195492
201,2026-09-18T06:50:18.122+00:00,2026-09-18T06:54:19.846+00:00,2026-09-18T06:54:23.733+00:00,True,63,63.0,,63.0,241724.423965,245611.66748499998,245611.667558,3898.597897746032,35.898282,241724.423965,30446.517818218716,90.8314682,62.69747612903226,11.45125988202758,0.25650247256208847,54,64,,True,True,,291,87.6246207195492
202,2026-09-18T06:50:18.608+00:00,2026-09-18T06:54:21.812+00:00,2026-09-18T06:54:23.923+00:00,True,35,35.0,,35.0,243203.959511,245314.940375,245314.94048,7008.998299428571,38.384947999999994,243203.959511,41098.47920779376,94.450274,62.08767247058824,12.037194380021175,0.14267373991366913,54,64,,True,True,,145,87.6246207195492
203,2026-09-18T06:50:18.910+00:00,2026-09-18T06:54:23.087+00:00,2026-09-18T06:54:26.673+00:00,True,59,59.0,,59.0,244177.11103200002,247762.7502,247762.750219,4199.368647779661,39.943115,244177.11103200002,31781.10526951946,83.05936360000001,61.82136496551724,10.025527729630696,0.23813103443666891,54,64,,True,True,,279,87.6246207195492
204,2026-09-18T06:50:19.420+00:00,2026-09-18T06:54:25.101+00:00,2026-09-18T06:54:29.744+00:00,True,73,73.0,,73.0,245680.86574200002,250323.62823800003,250323.62814000002,3429.0907964383564,39.279385999999995,245680.86574200002,28747.225890618934,92.04607199999998,64.48281244444445,12.458693701312749,0.2916224909084245,54,64,,True,True,,280,87.6246207195492
205,2026-09-18T06:50:19.885+00:00,2026-09-18T06:54:26.855+00:00,2026-09-18T06:54:27.643+00:00,True,13,13.0,,13.0,246970.09828600002,247758.24676600003,247758.24687000003,19058.326682307696,40.181275,246970.09828600002,68478.96635970089,98843.9807554,65.67904,14.768417052982416,0.05247050368530456,54,64,,True,True,,53,87.6246207195492
206,2026-09-18T06:50:20.356+00:00,2026-09-18T06:54:28.534+00:00,2026-09-18T06:54:30.278+00:00,True,29,29.0,,29.0,248177.86313100002,249921.603547,249921.60341600003,8617.986324689657,39.071017,248177.86313100002,46073.90953310494,93.17381580000001,62.276443428571426,12.951326429448384,0.11603638736475332,54,64,,True,True,,132,87.6246207195492
207,2026-09-18T06:50:20.814+00:00,2026-09-18T06:54:30.405+00:00,2026-09-18T06:54:31.835+00:00,True,24,24.0,,24.0,249590.586034,251021.24357000002,251021.24359600001,10459.218483166667,41.247033,249590.586034,50934.76849027008,79.0784722,62.20250156521739,7.2300399202516905,0.09560943790523187,54,64,,True,True,,128,87.6246207195492
208,2026-09-18T06:50:21.155+00:00,2026-09-18T06:54:31.535+00:00,2026-09-18T06:54:35.561+00:00,True,66,66.0,,66.0,250379.782148,254405.892612,254405.892509,3854.6347349848484,35.608263,250379.782148,30811.997694383197,86.5122935,61.94016098461539,9.038440613458,0.2594279531907622,54,64,,True,True,,251,87.6246207195492
209,2026-09-18T06:50:21.598+00:00,2026-09-18T06:54:33.160+00:00,2026-09-18T06:54:36.529+00:00,True,56,56.0,,56.0,251562.39235100002,254930.739231,254930.73932400002,4552.334630785715,36.588602,251562.39235100002,33608.2559145099,71.73291775,61.242670545454544,8.724162427757413,0.21966750721754585,54,64,,True,True,,208,87.6246207195492
210,2026-09-18T06:50:21.941+00:00,2026-09-18T06:54:34.472+00:00,2026-09-18T06:54:35.624+00:00,True,20,20.0,,20.0,252531.24770699997,253682.83042699998,253682.83057099997,12684.141528549999,39.718606,252531.24770699997,56454.15118448283,12690.277283649999,60.60961684210526,5.745068310626015,0.07883860317363978,54,64,,True,True,,89,87.6246207195492
211,2026-09-18T06:50:22.409+00:00,2026-09-18T06:54:36.465+00:00,2026-09-18T06:54:38.922+00:00,True,39,39.0,,39.0,254055.99453999999,256513.19620399998,256513.196259,6577.261442538461,40.150205,254055.99453999999,40671.16504841355,100.45315999999998,64.66320168421052,13.178644277584759,0.15203896164852296,54,64,,True,True,,181,87.6246207195492
212,2026-09-18T06:50:22.846+00:00,2026-09-18T06:54:37.963+00:00,2026-09-18T06:54:42.203+00:00,True,69,69.0,,69.0,255116.908402,259356.296306,259356.29612400001,3758.7869003478263,37.221849999999996,255116.908402,30704.962823871112,83.5785954,62.34393976470588,9.660454226345047,0.2660432809334644,54,64,,True,True,,379,87.6246207195492
213,2026-09-18T06:50:23.190+00:00,2026-09-18T06:54:39.486+00:00,2026-09-18T06:54:42.893+00:00,True,56,56.0,,56.0,256296.649153,259703.51584100001,259703.515775,4637.562781696429,39.596536,256296.649153,34240.803985944185,74.0774515,61.94303069090909,8.743843464843001,0.21563050395623157,54,64,,True,True,,284,87.6246207195492
214,2026-09-18T06:50:23.714+00:00,2026-09-18T06:54:41.201+00:00,2026-09-18T06:54:44.863+00:00,True,61,61.0,,61.0,257486.147881,261149.044521,261149.04453400002,4281.131877606557,36.092211999999996,257486.147881,32959.907448636346,69.064461,61.04827733333334,7.676269846559561,0.23358308705240066,54,64,,True,True,,229,87.6246207195492
215,2026-09-18T06:50:24.150+00:00,2026-09-18T06:54:42.705+00:00,2026-09-18T06:54:47.173+00:00,True,74,74.0,,74.0,258554.540839,263022.87491899997,263022.874924,3554.3631746486485,38.063207999999996,258554.540839,30049.24055146126,71.89182205000002,61.210055890410956,8.61104428277851,0.2813443508394048,54,64,,True,True,,345,87.6246207195492
216,2026-09-18T06:50:24.587+00:00,2026-09-18T06:54:44.450+00:00,2026-09-18T06:54:45.965+00:00,True,26,26.0,,26.0,259863.253387,261378.171019,261378.171041,10053.0065785,37.034751,259863.253387,50951.49400964769,89.30868775,60.59670528,10.720755168388138,0.09947272910602019,54,64,,True,True,,120,87.6246207195492
217,2026-09-18T06:50:24.914+00:00,2026-09-18T06:54:45.447+00:00,2026-09-18T06:54:49.551+00:00,True,70,70.0,,70.0,260533.08172400002,264636.98316400003,264636.982972,3780.5283281714287,34.173186,260533.08172400002,31132.551895622386,68.6794964,59.47683246376812,9.541687979644779,0.2645132935052385,54,64,,True,True,,365,87.6246207195492
218,2026-09-18T06:50:25.330+00:00,2026-09-18T06:54:46.841+00:00,2026-09-18T06:54:52.782+00:00,True,100,100.0,,100.0,261510.800774,267451.705478,267451.705511,2674.51705511,34.339336,261510.800774,26145.0815696216,82.00705275,60.00913842424242,11.273800236807908,0.3738992795775078,54,64,,True,True,,529,87.6246207195492
219,2026-09-18T06:50:25.812+00:00,2026-09-18T06:54:48.374+00:00,2026-09-18T06:54:52.846+00:00,True,76,76.0,,76.0,262562.278931,267034.60609899997,267034.606199,3513.613239460526,34.707184999999996,262562.278931,30111.120554476634,72.95776125,59.631028906666664,10.331843157322137,0.28460730655944977,54,64,,True,True,,219,87.6246207195492
220,2026-09-18T06:50:26.244+00:00,2026-09-18T06:54:50.299+00:00,2026-09-18T06:54:53.156+00:00,True,49,49.0,,49.0,264054.802435,266911.28653100005,266911.28673700005,5447.169117081633,34.771025,264054.802435,37713.61484568156,82.7027836,59.510085333333336,11.285893470821128,0.18358159610574942,54,64,,True,True,,268,87.6246207195492
221,2026-09-18T06:50:26.628+00:00,2026-09-18T06:54:51.727+00:00,2026-09-18T06:54:52.006+00:00,True,5,5.0,,5.0,265098.611971,265378.10022699996,265378.100217,53075.6200434,59.901938,265098.611971,118524.45633133907,212097.07599659998,69.872064,14.284606387409536,0.018841042255269308,54,64,,True,True,,17,87.6246207195492
222,2026-09-18T06:50:27.035+00:00,2026-09-18T06:54:52.967+00:00,2026-09-18T06:54:54.117+00:00,True,20,20.0,,20.0,265932.242469,267081.519141,267081.519207,13354.07596035,41.218002999999996,265932.242469,59450.73185958443,13361.215004799998,60.48824589473684,5.995078095006398,0.074883503974086,54,64,,True,True,,96,87.6246207195492
223,2026-09-18T06:50:27.586+00:00,2026-09-18T06:54:55.051+00:00,2026-09-18T06:54:55.923+00:00,True,15,15.0,,15.0,267465.62507300003,268337.11563300004,268337.115592,17889.141039466667,34.288275999999996,267465.62507300003,69043.25603495199,80311.14938020002,62.24932571428572,13.91261142288725,0.05589983318042084,54,64,,True,True,,94,87.6246207195492
224,2026-09-18T06:50:27.951+00:00,2026-09-18T06:54:56.635+00:00,2026-09-18T06:54:58.722+00:00,True,32,32.0,,32.0,268684.63180000003,270771.034616,270771.034669,8461.59483340625,39.654656,268684.63180000003,47485.28581063402,105.27294735,67.30331664516129,14.634105677532881,0.11818103086757974,54,64,,True,True,,116,87.6246207195492
225,2026-09-18T06:50:28.490+00:00,2026-09-18T06:54:58.823+00:00,2026-09-18T06:55:01.190+00:00,True,39,39.0,,39.0,270332.91511400003,272699.89367400005,272699.893424,6992.304959589745,39.460576,270332.91511400003,43277.937268460744,76.86621400000001,62.288909473684214,8.771626034178842,0.14301435719158245,54,64,,True,True,,129,87.6246207195492
226,2026-09-18T06:50:28.837+00:00,2026-09-18T06:55:00.136+00:00,2026-09-18T06:55:00.429+00:00,True,6,6.0,,6.0,271299.17557,271592.108946,271592.10889000003,45265.35148166667,36.475381,271299.17557,110733.50738740446,203491.75539250002,58.5866752,13.5386836118324,0.02209195260968707,54,64,,True,True,,30,87.6246207195492
227,2026-09-18T06:50:29.355+00:00,2026-09-18T06:55:02.101+00:00,2026-09-18T06:55:06.916+00:00,True,77,77.0,,77.0,272746.483978,277560.80513,277560.804937,3604.6857784025974,38.597867,272746.483978,31075.13009140568,95.18070739999999,63.34633094736842,12.63292249064319,0.2774166906020316,54,64,,True,True,,406,87.6246207195492
228,2026-09-18T06:50:29.886+00:00,2026-09-18T06:55:03.556+00:00,2026-09-18T06:55:07.503+00:00,True,64,64.0,,64.0,273670.37838999997,277617.553302,277617.55318399996,4337.774268499999,37.657519,273670.37838999997,34200.9679298466,97.15017879999999,62.65357003174603,12.71798222823552,0.23053297328926117,54,64,,True,True,,340,87.6246207195492
229,2026-09-18T06:50:30.341+00:00,2026-09-18T06:55:05.833+00:00,2026-09-18T06:55:06.682+00:00,True,15,15.0,,15.0,275491.95920700004,276341.45834300003,276341.45847400004,18422.76389826667,43.476868,275491.95920700004,71116.0512713041,82696.2595181,60.67850971428572,7.788654216151272,0.05428067178172638,54,64,,True,True,,49,87.6246207195492
230,2026-09-18T06:50:30.782+00:00,2026-09-18T06:55:07.697+00:00,2026-09-18T06:55:10.507+00:00,True,47,47.0,,47.0,276914.34419599996,279724.20838799997,279724.20855399995,5951.578905404254,36.17966199999999,276914.34419599996,40383.20059596432,92.2320458,61.084004173913044,13.330727621908753,0.16802264012418697,54,64,,True,True,,219,87.6246207195492
231,2026-09-18T06:50:31.156+00:00,2026-09-18T06:55:08.795+00:00,2026-09-18T06:55:12.376+00:00,True,60,60.0,,60.0,277639.457603,281220.13600299996,281220.13599599997,4687.0022665999995,36.776120999999996,277639.457603,35835.26650049721,80.0031444,60.68946440677966,10.884856591675097,0.2133559881336518,54,64,,True,True,,241,87.6246207195492
232,2026-09-18T06:50:31.689+00:00,2026-09-18T06:55:11.073+00:00,2026-09-18T06:55:13.379+00:00,True,38,38.0,,38.0,279384.566903,281690.246519,281690.246438,7412.901222052632,35.46732299999999,279384.566903,45312.054360442206,94.42624725,62.3156652972973,12.987166932692427,0.1348999493933025,54,64,,True,True,,153,87.6246207195492
233,2026-09-18T06:50:32.225+00:00,2026-09-18T06:55:12.370+00:00,2026-09-18T06:55:14.202+00:00,True,31,31.0,,31.0,280145.913968,281977.45675199997,281977.456662,9096.046989096774,38.874377,280145.913968,50304.72766876094,91.1669135,61.05142613333333,11.801872431625345,0.10993786651272834,54,64,,True,True,,181,87.6246207195492
234,2026-09-18T06:50:32.612+00:00,2026-09-18T06:55:13.632+00:00,2026-09-18T06:55:14.581+00:00,True,16,16.0,,16.0,281019.708497,281969.120337,281969.120136,17623.0700085,42.305690999999996,281019.708497,70239.10433970056,70325.8187615,63.29412266666667,10.573316993867444,0.056743802232235005,54,64,,True,True,,70,87.6246207195492
235,2026-09-18T06:50:32.976+00:00,2026-09-18T06:55:15.180+00:00,2026-09-18T06:55:15.597+00:00,True,8,8.0,,8.0,282204.306543,282620.636015,282620.636182,35327.57952275,39.835985,282204.306543,99753.2619375303,183455.96301454998,59.47563885714286,8.914778891451272,0.02830649634365483,54,64,,True,True,,43,87.6246207195492
236,2026-09-18T06:50:33.368+00:00,2026-09-18T06:55:17.147+00:00,2026-09-18T06:55:21.391+00:00,True,70,70.0,,70.0,283779.68107700004,288023.26891700004,288023.269075,4114.618129642858,34.546765,283779.68107700004,33910.80977738991,74.61820205,61.50127304347826,9.195402970650667,0.24303591950472575,54,64,,True,True,,139,87.6246207195492
237,2026-09-18T06:50:33.692+00:00,2026-09-18T06:55:18.145+00:00,2026-09-18T06:55:21.268+00:00,True,51,51.0,,51.0,284452.141305,287575.885561,287575.885574,5638.742854392157,37.008981,284452.141305,39822.51961289884,83.394083,62.474885119999996,9.077091268556025,0.17734449430803195,54,64,,True,True,,245,87.6246207195492
238,2026-09-18T06:50:34.851+00:00,2026-09-18T06:55:19.774+00:00,2026-09-18T06:55:21.991+00:00,True,37,37.0,,37.0,284922.892436,287140.319636,287140.319436,7760.549173945946,37.992178,284922.892436,46830.909676868076,81.02935640000001,61.5952,9.248510354174215,0.12885686011251887,54,64,,True,True,,174,87.6246207195492
239,2026-09-18T06:50:34.871+00:00,2026-09-18T06:55:21.516+00:00,2026-09-18T06:55:27.489+00:00,True,98,98.0,,98.0,286644.87165399996,292618.09994199994,292618.09985799994,2985.898978142857,35.323142999999995,286644.87165399996,28949.286022876397,79.78280755,61.579673072164944,10.43337942517774,0.3349075126228509,54,64,,True,True,,534,87.6246207195492
240,2026-09-18T06:50:34.998+00:00,2026-09-18T06:55:21.749+00:00,2026-09-18T06:55:26.239+00:00,True,74,74.0,,74.0,286751.14088099997,291240.532241,291240.53239799995,3935.6828702432426,36.108612,286751.14088099997,33326.99559374077,82.30300129999999,61.49851178082192,10.451136010863676,0.25408551285974645,54,64,,True,True,,351,87.6246207195492
241,2026-09-18T06:50:35.505+00:00,2026-09-18T06:55:25.230+00:00,2026-09-18T06:55:30.858+00:00,True,92,92.0,,92.0,289724.998245,295352.771429,295352.771507,3210.356212032609,36.484762,289724.998245,30199.47359718295,90.1102047,61.84366136263736,11.381933745428567,0.311491913737183,54,64,,True,True,,408,87.6246207195492
242,2026-09-18T06:50:36.019+00:00,2026-09-18T06:55:27.108+00:00,2026-09-18T06:55:32.408+00:00,True,86,86.0,,86.0,291089.39986,296389.587764,296389.587926,3446.39055727907,34.928875,291089.39986,31382.255333280802,91.413994,62.3551518117647,11.34180783410388,0.2901586410264771,54,64,,True,True,,310,87.6246207195492
243,2026-09-18T06:50:36.371+00:00,2026-09-18T06:55:28.606+00:00,2026-09-18T06:55:34.141+00:00,True,90,90.0,,90.0,292235.160199,297770.155911,297770.155875,3308.5572875,35.313344,292235.160199,30797.737098041503,91.92009935000002,62.190963056179775,11.107955604888499,0.302246542218623,54,64,,True,True,,458,87.6246207195492
244,2026-09-18T06:50:36.682+00:00,2026-09-18T06:55:29.824+00:00,2026-09-18T06:55:31.262+00:00,True,23,23.0,,23.0,293142.08393699996,294579.320929,294579.320891,12807.796560478258,56.722633,293142.08393699996,61110.728480409685,93.2372205,65.32895418181818,9.059882045826823,0.07807744252877648,54,64,,True,True,,82,87.6246207195492
245,2026-09-18T06:50:37.176+00:00,2026-09-18T06:55:31.512+00:00,2026-09-18T06:55:32.346+00:00,True,14,14.0,,14.0,294336.628141,295169.983405,295169.983518,21083.570251285713,56.874514000000005,294336.628141,78647.64067444633,103077.71006155001,64.10425107692308,9.055677898722642,0.04743029707323163,54,64,,True,True,,52,87.6246207195492
246,2026-09-18T06:50:37.519+00:00,2026-09-18T06:55:32.657+00:00,2026-09-18T06:55:32.923+00:00,True,6,6.0,,6.0,295138.222477,295403.823757,295403.82370899996,49233.97061816666,35.865712,295138.222477,120467.98906716745,221370.17670699998,53.120256,12.75462300045658,0.02031117919765188,54,64,,True,True,,23,87.6246207195492
247,2026-09-18T06:50:37.948+00:00,2026-09-18T06:55:34.198+00:00,2026-09-18T06:55:36.016+00:00,True,29,29.0,,29.0,296250.306206,298068.509342,298068.509295,10278.224458448276,39.848445,296250.306206,55000.243958964005,101.328496,64.93582628571428,12.829560924394334,0.0972930688452089,54,64,,True,True,,119,87.6246207195492
248,2026-09-18T06:50:38.298+00:00,2026-09-18T06:55:35.767+00:00,2026-09-18T06:55:37.625+00:00,True,30,30.0,,30.0,297468.75673,299326.505978,299326.505905,9977.550196833334,40.946104,297468.75673,54298.42115127762,93.32011750000001,64.06031889655172,9.720309749114135,0.1002250031348876,54,64,,True,True,,100,87.6246207195492
249,2026-09-18T06:50:38.610+00:00,2026-09-18T06:55:36.989+00:00,2026-09-18T06:55:38.651+00:00,False,28,27.0,,27.0,298378.930874,300040.65119400003,300040.65121700004,10715.737543464285,0.02531,298378.930874,56376.68871591983,90.6918081,61.545197037037035,15.236373360685484,0.08998780629409568,54,64,,True,False,Request timeout: 300.0s exceeded,103,87.6246207195492
250,2026-09-18T06:50:38.991+00:00,2026-09-18T06:55:38.461+00:00,2026-09-18T06:55:38.711+00:00,True,5,5.0,,5.0,299469.35451599996,299719.26018,299719.26022799994,59943.85204559999,61.192575,299469.35451599996,133898.82647582164,239588.48198659997,62.476416,1.7595603077435757,0.01668227793234639,54,64,,True,True,,11,87.6246207195492
251,2026-09-18T06:50:39.360+00:00,2026-09-18T06:55:39.473+00:00,2026-09-18T06:55:39.473+00:00,False,1,0.0,,0.0,300113.008157,300113.008157,300113.008157,300113.008157,300113.008157,300113.008157,nan,300113.008157,nan,nan,0.0,54,64,,True,False,"HTTPConnectionPool(host='gpu03', port=9002): Read timed out.",0,87.6246207195492
252,2026-09-18T06:50:39.901+00:00,2026-09-18T06:55:39.951+00:00,2026-09-18T06:55:39.951+00:00,False,1,0.0,,0.0,300050.292181,300050.292181,300050.292181,300050.292181,300050.292181,300050.292181,nan,300050.292181,nan,nan,0.0,54,64,,True,False,"HTTPConnectionPool(host='gpu03', port=9002): Read timed out.",0,87.6246207195492
253,2026-09-18T06:50:40.344+00:00,2026-09-18T06:55:40.227+00:00,2026-09-18T06:55:40.388+00:00,True,3,3.0,,3.0,299883.32992299995,300044.680067,300044.68010999996,100014.89336999999,71.257907,299883.32992299995,173091.1437257517,269904.0061587,80.675072,13.31795458699691,0.009998510886212345,54,64,,True,True,,17,87.6246207195492
254,2026-09-18T06:50:40.889+00:00,2026-09-18T06:55:41.000+00:00,2026-09-18T06:55:41.000+00:00,False,1,0.0,,0.0,300111.193211,300111.193211,300111.193211,300111.193211,300111.193211,300111.193211,nan,300111.193211,nan,nan,0.0,54,64,,True,False,"HTTPConnectionPool(host='gpu03', port=9002): Read timed out.",0,87.6246207195492
255,2026-09-18T06:50:41.446+00:00,2026-09-18T06:55:41.499+00:00,2026-09-18T06:55:41.499+00:00,False,1,0.0,,0.0,300053.327096,300053.327096,300053.327096,300053.327096,300053.327096,300053.327096,nan,300053.327096,nan,nan,0.0,54,64,,True,False,TTFT timeout: 300.0s exceeded (TTFT: 300.047s),0,87.6246207195492
256,2026-09-18T06:50:41.780+00:00,2026-09-18T06:55:41.682+00:00,2026-09-18T06:55:41.835+00:00,False,4,3.0,,3.0,299901.820911,300054.356975,300054.356794,75013.5891985,0.038950000000000005,299901.820911,149925.492527554,254930.03423835002,50.845354666666665,46.07167145451553,0.009998188429071719,54,64,,True,False,Request timeout: 300.0s exceeded,9,87.6246207195492
257,2026-09-18T06:50:42.224+00:00,2026-09-18T06:55:42.316+00:00,2026-09-18T06:55:42.316+00:00,False,1,0.0,,0.0,300092.63919099997,300092.63919099997,300092.63919099997,300092.63919099997,300092.63919099997,300092.63919099997,nan,300092.63919099997,nan,nan,0.0,54,64,,True,False,"HTTPConnectionPool(host='gpu03', port=9002): Read timed out.",0,87.6246207195492
258,2026-09-18T06:50:42.666+00:00,2026-09-18T06:55:42.748+00:00,2026-09-18T06:55:42.748+00:00,False,1,0.0,,0.0,300082.361259,300082.361259,300082.361259,300082.361259,300082.361259,300082.361259,nan,300082.361259,nan,nan,0.0,54,64,,True,False,TTFT timeout: 300.0s exceeded (TTFT: 300.074s),0,87.6246207195492
259,2026-09-18T06:50:43.119+00:00,2026-09-18T06:55:42.979+00:00,2026-09-18T06:55:43.142+00:00,False,4,3.0,,3.0,299859.429796,300022.456484,300022.45666,75005.614165,0.032740000000000005,299859.429796,149902.54884537202,254894.06025775,54.342229333333336,47.849984345370956,0.009999251506561769,54,64,,True,False,Request timeout: 300.0s exceeded,10,87.6246207195492
260,2026-09-18T06:50:43.672+00:00,2026-09-18T06:55:43.776+00:00,2026-09-18T06:55:43.776+00:00,False,1,0.0,,0.0,300103.546014,300103.546014,300103.546014,300103.546014,300103.546014,300103.546014,nan,300103.546014,nan,nan,0.0,54,64,,True,False,"HTTPConnectionPool(host='gpu03', port=9002): Read timed out.",0,87.6246207195492
261,2026-09-18T06:50:44.026+00:00,2026-09-18T06:55:44.074+00:00,2026-09-18T06:55:44.074+00:00,False,1,0.0,,0.0,300047.51792,300047.51792,300047.51792,300047.51792,300047.51792,300047.51792,nan,300047.51792,nan,nan,0.0,54,64,,True,False,"HTTPConnectionPool(host='gpu03', port=9002): Read timed out.",0,87.6246207195492
262,2026-09-18T06:50:44.412+00:00,2026-09-18T06:55:44.355+00:00,2026-09-18T06:55:44.425+00:00,False,3,2.0,,2.0,299942.341467,300012.437083,300012.436966,100004.14565533334,0.03449,299942.341467,173151.560299775,269955.1134212,35.047808,49.51621018433265,0.006666390298501823,54,64,,True,False,Request timeout: 300.0s exceeded,15,87.6246207195492
263,2026-09-18T06:50:44.715+00:00,2026-09-18T06:55:44.493+00:00,2026-09-18T06:55:45.059+00:00,True,11,11.0,,11.0,299777.713989,300343.883333,300343.883407,27303.989400636365,39.804096,299777.713989,90369.31164599578,149925.75000000003,56.6169344,11.659842974371092,0.03662468460462696,54,64,,True,True,,54,87.6246207195492
264,2026-09-18T06:50:45.149+00:00,2026-09-18T06:55:45.447+00:00,2026-09-18T06:55:45.911+00:00,False,9,8.0,,8.0,300297.63014200004,300761.577662,300761.577882,33417.953098000005,0.026449999999999998,300297.63014200004,100079.88254338266,180215.27271640004,57.99344,28.903001266720636,0.026599142291341846,54,64,,True,False,Request timeout: 300.0s exceeded,39,87.6246207195492
266,2026-09-18T06:50:46.110+00:00,2026-09-18T06:55:46.134+00:00,2026-09-18T06:55:46.134+00:00,False,1,0.0,,0.0,300023.838252,300023.838252,300023.838252,300023.838252,300023.838252,300023.838252,nan,300023.838252,nan,nan,0.0,54,64,,True,False,"HTTPConnectionPool(host='gpu03', port=9002): Read timed out.",0,87.6246207195492
267,2026-09-18T06:50:46.600+00:00,2026-09-18T06:55:46.713+00:00,2026-09-18T06:55:46.713+00:00,False,1,0.0,,0.0,300112.932002,300112.932002,300112.932002,300112.932002,300112.932002,300112.932002,nan,300112.932002,nan,nan,0.0,54,64,,True,False,"HTTPConnectionPool(host='gpu03', port=9002): Read timed out.",0,87.6246207195492
265,2026-09-18T06:50:45.580+00:00,2026-09-18T06:55:46.740+00:00,2026-09-18T06:55:46.740+00:00,False,1,0.0,,0.0,301160.427672,301160.427672,301160.427672,301160.427672,301160.427672,301160.427672,nan,301160.427672,nan,nan,0.0,54,64,,True,False,"HTTPConnectionPool(host='gpu03', port=9002): Read timed out.",0,87.6246207195492
268,2026-09-18T06:50:46.944+00:00,2026-09-18T06:55:47.050+00:00,2026-09-18T06:55:47.050+00:00,False,1,0.0,,0.0,300106.384045,300106.384045,300106.384045,300106.384045,300106.384045,300106.384045,nan,300106.384045,nan,nan,0.0,54,64,,True,False,"HTTPConnectionPool(host='gpu03', port=9002): Read timed out.",0,87.6246207195492
269,2026-09-18T06:50:47.315+00:00,2026-09-18T06:55:47.286+00:00,2026-09-18T06:55:47.350+00:00,False,3,2.0,,2.0,299970.96521,300034.78729,300034.787479,100011.59582633333,0.028728999999999998,299970.96521,173169.89654591534,269980.248043,31.91104,45.088477226169964,0.006665893705408536,54,64,,True,False,Request timeout: 300.0s exceeded,12,87.6246207195492
270,2026-09-18T06:50:47.875+00:00,2026-09-18T06:55:47.693+00:00,2026-09-18T06:55:47.895+00:00,False,6,5.0,,5.0,299818.08662300004,300020.60131100006,300020.60146300006,50003.433577166674,0.03614,299818.08662300004,122383.68807053895,224878.81320850004,40.5029376,24.884997584848204,0.016665522227978676,54,64,,True,False,Request timeout: 300.0s exceeded,16,87.6246207195492
271,2026-09-18T06:50:48.269+00:00,2026-09-18T06:55:48.371+00:00,2026-09-18T06:55:48.371+00:00,False,1,0.0,,0.0,300102.77335900004,300102.77335900004,300102.77335900004,300102.77335900004,300102.77335900004,300102.77335900004,nan,300102.77335900004,nan,nan,0.0,54,64,,True,False,"HTTPConnectionPool(host='gpu03', port=9002): Read timed out.",0,87.6246207195492
272,2026-09-18T06:50:48.816+00:00,2026-09-18T06:55:48.746+00:00,2026-09-18T06:55:48.889+00:00,False,4,3.0,,3.0,299929.919569,300073.339473,300073.33942000003,75018.33485500001,0.023350000000000003,299929.919569,149941.06028580057,254951.35780060003,47.80663466666667,41.39736511469982,0.009997555948384857,54,64,,True,False,Request timeout: 300.0s exceeded,5,87.6246207195492
273,2026-09-18T06:50:49.159+00:00,2026-09-18T06:55:49.046+00:00,2026-09-18T06:55:49.177+00:00,False,4,3.0,,3.0,299886.51042199996,300017.63950999995,300017.639536,75004.409884,0.018879999999999997,299886.51042199996,149921.4036259975,254914.2901121,43.709696,38.334582326989086,0.009999412050903782,54,64,,True,False,Request timeout: 300.0s exceeded,11,87.6246207195492
274,2026-09-18T06:50:49.625+00:00,2026-09-18T06:55:49.761+00:00,2026-09-18T06:55:49.761+00:00,False,1,0.0,,0.0,300135.797572,300135.797572,300135.797572,300135.797572,300135.797572,300135.797572,nan,300135.797572,nan,nan,0.0,54,64,,True,False,"HTTPConnectionPool(host='gpu03', port=9002): Read timed out.",0,87.6246207195492
275,2026-09-18T06:50:49.973+00:00,2026-09-18T06:55:50.021+00:00,2026-09-18T06:55:50.021+00:00,False,1,0.0,,0.0,300048.513517,300048.513517,300048.513517,300048.513517,300048.513517,300048.513517,nan,300048.513517,nan,nan,0.0,54,64,,True,False,TTFT timeout: 300.0s exceeded (TTFT: 300.037s),0,87.6246207195492
276,2026-09-18T06:50:50.360+00:00,2026-09-18T06:55:50.236+00:00,2026-09-18T06:55:50.454+00:00,False,5,4.0,,4.0,299875.579732,300093.302868,300093.302884,60018.6605768,0.03509,299875.579732,134084.0977087146,239915.33615959997,54.430784,36.28664650223135,0.013329187828491636,54,64,,True,False,Request timeout: 300.0s exceeded,19,87.6246207195492
277,2026-09-18T06:50:50.761+00:00,2026-09-18T06:55:50.573+00:00,2026-09-18T06:55:50.799+00:00,False,6,5.0,,5.0,299812.32761000004,300037.57612200006,300037.57589800004,50006.26264966667,0.07263,299812.32761000004,122379.48121778862,224875.47938725003,45.0497024,27.415896275192406,0.016664579365775572,54,64,,True,False,Request timeout: 300.0s exceeded,13,87.6246207195492
278,2026-09-18T06:50:51.141+00:00,2026-09-18T06:55:51.214+00:00,2026-09-18T06:55:51.214+00:00,False,1,0.0,,0.0,300072.78590200003,300072.78590200003,300072.78590200003,300072.78590200003,300072.78590200003,300072.78590200003,nan,300072.78590200003,nan,nan,0.0,54,64,,True,False,TTFT timeout: 300.0s exceeded (TTFT: 300.065s),0,87.6246207195492
279,2026-09-18T06:50:51.565+00:00,2026-09-18T06:55:51.549+00:00,2026-09-18T06:55:51.679+00:00,False,4,3.0,,3.0,299984.43051599996,300114.89656399994,300114.89673199994,75028.72418299998,0.034390000000000004,299984.43051599996,149970.47573618943,255000.69643049996,43.48868266666666,46.70071594641561,0.00999617158077405,54,64,,True,False,Request timeout: 300.0s exceeded,10,87.6246207195492
280,2026-09-18T06:50:51.998+00:00,2026-09-18T06:55:52.042+00:00,2026-09-18T06:55:52.042+00:00,False,1,0.0,,0.0,300043.96204400004,300043.96204400004,300043.96204400004,300043.96204400004,300043.96204400004,300043.96204400004,nan,300043.96204400004,nan,nan,0.0,54,64,,True,False,"HTTPConnectionPool(host='gpu03', port=9002): Read timed out.",0,87.6246207195492
281,2026-09-18T06:50:52.428+00:00,2026-09-18T06:55:52.479+00:00,2026-09-18T06:55:52.479+00:00,False,1,0.0,,0.0,300050.88701999997,300050.88701999997,300050.88701999997,300050.88701999997,300050.88701999997,300050.88701999997,nan,300050.88701999997,nan,nan,0.0,54,64,,True,False,"HTTPConnectionPool(host='gpu03', port=9002): Read timed out.",0,87.6246207195492
282,2026-09-18T06:50:52.846+00:00,2026-09-18T06:55:52.818+00:00,2026-09-18T06:55:52.889+00:00,False,3,2.0,,2.0,299971.168679,300043.082151,300043.081964,100014.36065466667,0.03565,299971.168679,173167.67913435167,269981.23957459995,35.956736,50.79981829579346,0.006665709423000388,54,64,,True,False,Request timeout: 300.0s exceeded,2,87.6246207195492
283,2026-09-18T06:50:53.189+00:00,2026-09-18T06:55:52.890+00:00,2026-09-18T06:55:53.217+00:00,False,11,10.0,,10.0,299700.649708,300027.551212,300027.551105,27275.231918636364,0.03329,299700.649708,90353.29007898243,149869.8733175,32.6901504,11.534912918936872,0.03333027236866651,54,64,,True,False,Request timeout: 300.0s exceeded,71,87.6246207195492
0,2026-09-18T06:48:53.192+00:00,2026-09-18T06:48:53.415+00:00,2026-09-18T06:48:57.573+00:00,True,73,73.0,,73.0,223.27732500000002,4381.307149,4381.307239,60.01790738356164,12.598707000000001,223.27732500000002,22.638376918519235,73.6397598,57.750414222222226,11.793922114612771,16.66169421987721,55,64,,False,True,,339,87.6246207195492
1,2026-09-18T06:48:53.685+00:00,2026-09-18T06:48:53.850+00:00,2026-09-18T06:48:59.266+00:00,True,92,92.0,,92.0,165.903602,5581.878258000001,5581.878448,60.67259182608696,20.925121,165.903602,14.406700362845179,70.2958906,59.51620501098901,9.244873725055028,16.481907298523527,55,64,,False,True,,355,87.6246207195492
2,2026-09-18T06:48:54.192+00:00,2026-09-18T06:48:56.261+00:00,2026-09-18T06:48:58.420+00:00,True,36,36.0,,36.0,2069.301985,4227.953889,4227.953984,117.44316622222223,36.397602,2069.301985,334.66868099810483,70.8729255,61.67576868571428,6.656440962909232,8.514757006613134,55,64,,False,True,,152,87.6246207195492
3,2026-09-18T06:48:54.609+00:00,2026-09-18T06:48:57.761+00:00,2026-09-18T06:49:03.392+00:00,True,95,95.0,,95.0,3151.5038640000002,8783.066872,8783.066729,92.45333398947369,0.0,3151.5038640000002,317.47344349143344,67.732422,59.910244765957444,13.464928156680992,10.816267413704374,55,64,,False,True,,381,87.6246207195492
4,2026-09-18T06:48:54.968+00:00,2026-09-18T06:48:59.022+00:00,2026-09-18T06:49:04.789+00:00,True,98,98.0,,98.0,4054.066967,9820.923415,9820.923391,100.21350398979592,0.0,4054.066967,403.74256852117196,68.7656085,59.4521283298969,13.563226298498742,9.978695063472298,55,64,,False,True,,479,87.6246207195492
5,2026-09-18T06:48:55.501+00:00,2026-09-18T06:49:00.720+00:00,2026-09-18T06:49:05.071+00:00,True,75,75.0,,75.0,5219.7731699999995,9570.110706,9570.110766,127.60147687999999,0.0,5219.7731699999995,596.0859206357381,69.857731,58.788345081081076,13.315245059918444,7.8368999381562645,55,64,,False,True,,350,87.6246207195492
6,2026-09-18T06:48:55.894+00:00,2026-09-18T06:49:02.216+00:00,2026-09-18T06:49:07.926+00:00,True,92,92.0,,92.0,6321.495604000001,12031.70898,12031.708952,130.7794451304348,0.0,6321.495604000001,653.3442127707513,71.7013834,62.749597538461536,33.00135866669865,7.6464615419911866,55,64,,False,True,,142,87.6246207195492
7,2026-09-18T06:48:56.507+00:00,2026-09-18T06:49:04.542+00:00,2026-09-18T06:49:10.035+00:00,True,92,92.0,,92.0,8034.6007199999995,13528.590352,13528.5904,147.04989565217392,0.0,8034.6007199999995,832.1689963876984,71.56995660000001,60.37351243956044,36.64460074317059,6.800412874235577,55,64,,False,True,,400,87.6246207195492
8,2026-09-18T06:48:56.914+00:00,2026-09-18T06:49:06.179+00:00,2026-09-18T06:49:11.032+00:00,True,79,79.0,,79.0,9265.528812,14118.4819,14118.481964,178.71496156962027,0.0,9265.528812,1036.200586114561,82.00564750000001,62.21734728205128,39.59714158376746,5.5955024456276705,55,64,,False,True,,379,87.6246207195492
9,2026-09-18T06:48:57.514+00:00,2026-09-18T06:49:08.225+00:00,2026-09-18T06:49:11.730+00:00,True,60,60.0,,60.0,10710.478397,14215.324733000001,14215.324594000002,236.92207656666668,0.0,10710.478397,1375.2528437985716,67.96811395,59.404175186440675,23.952861818447364,4.220797000909426,55,64,,False,True,,273,87.6246207195492
10,2026-09-18T06:48:57.921+00:00,2026-09-18T06:49:09.850+00:00,2026-09-18T06:49:15.155+00:00,True,89,89.0,,89.0,11928.567663,17234.003823,17234.003815,193.6404923033708,0.0,11928.567663,1258.3634902661556,69.225705,60.289047272727274,28.914865440874316,5.164209136429644,55,64,,False,True,,405,87.6246207195492
11,2026-09-18T06:48:58.423+00:00,2026-09-18T06:49:11.617+00:00,2026-09-18T06:49:12.869+00:00,True,22,22.0,,22.0,13194.071762,14445.586898,14445.586836,656.6175834545454,42.563451,13194.071762,2800.2858130541713,68.87805230000001,59.59595885714286,6.019717875462423,1.5229564679747218,55,64,,False,True,,111,87.6246207195492
12,2026-09-18T06:48:58.908+00:00,2026-09-18T06:49:13.829+00:00,2026-09-18T06:49:17.237+00:00,True,59,59.0,,59.0,14921.162392,18329.891736,18329.891708,310.6761306440678,0.0,14921.162392,1935.225544277852,69.5821729,58.7711955862069,34.771502798815355,3.218786059937479,55,64,,False,True,,254,87.6246207195492
13,2026-09-18T06:48:59.360+00:00,2026-09-18T06:49:15.156+00:00,2026-09-18T06:49:16.214+00:00,True,19,19.0,,19.0,15795.403519,16854.057471,16854.057471,887.0556563684211,36.914930999999996,15795.403519,3610.2308485028925,1640.3872863999998,58.81410844444445,8.58495294394426,1.1273249799161076,55,64,,False,True,,68,87.6246207195492
14,2026-09-18T06:48:59.875+00:00,2026-09-18T06:49:17.177+00:00,2026-09-18T06:49:18.785+00:00,True,28,28.0,,28.0,17302.312857999998,18909.980313999997,18909.98033,675.3564403571428,37.896279,17302.312857999998,3258.586866585595,67.47072735,59.54323911111111,8.10258415188631,1.4806995848255964,55,64,,False,True,,96,87.6246207195492
15,2026-09-18T06:49:00.367+00:00,2026-09-18T06:49:19.032+00:00,2026-09-18T06:49:22.535+00:00,True,57,57.0,,57.0,18664.666486000002,22167.60639,22167.606357,388.9053746842106,0.0,18664.666486000002,2464.6069676711886,137.50955299999998,62.552498285714286,59.13140411043597,2.571319564105631,55,64,,False,True,,187,87.6246207195492
16,2026-09-18T06:49:00.862+00:00,2026-09-18T06:49:20.760+00:00,2026-09-18T06:49:25.323+00:00,True,75,75.0,,75.0,19897.515655000003,24461.192583000004,24461.192515000002,326.14923353333336,0.0,19897.515655000003,2291.0902596060632,95.47570160000001,61.67130983783784,54.699756445626456,3.066081089281124,55,64,,False,True,,302,87.6246207195492
17,2026-09-18T06:49:01.486+00:00,2026-09-18T06:49:22.882+00:00,2026-09-18T06:49:26.397+00:00,True,59,59.0,,59.0,21396.035241,24911.800233,24911.800238,422.23390233898306,0.0,21396.035241,2777.9769498327246,94.2285969,60.61663779310345,43.972262161699554,2.3683555362588473,55,64,,False,True,,271,87.6246207195492
18,2026-09-18T06:49:01.855+00:00,2026-09-18T06:49:24.196+00:00,2026-09-18T06:49:25.331+00:00,True,20,20.0,,20.0,22340.871205,23475.227684999998,23475.227737,1173.76138685,35.826334,22340.871205,4982.237991983609,1205.88813595,59.702972631578945,13.49478857333161,0.8519619178296376,55,64,,False,True,,83,87.6246207195492
19,2026-09-18T06:49:02.456+00:00,2026-09-18T06:49:26.779+00:00,2026-09-18T06:49:32.421+00:00,True,95,95.0,,95.0,24322.140523,29964.491883,29964.491939,315.4157046210526,0.0,24322.140523,2489.552765037228,69.3651757,60.025014468085104,39.639341706464194,3.1704191871812495,55,64,,False,True,,306,87.6246207195492
20,2026-09-18T06:49:02.988+00:00,2026-09-18T06:49:28.927+00:00,2026-09-18T06:49:29.055+00:00,True,3,3.0,,3.0,25939.052658,26066.705778,26066.705551,8688.901850333334,58.717591999999996,25939.052658,14939.06969211358,23352.040922300002,63.82656,7.225024757119661,0.11508934138244525,55,64,,False,True,,11,87.6246207195492
21,2026-09-18T06:49:03.527+00:00,2026-09-18T06:49:31.033+00:00,2026-09-18T06:49:33.457+00:00,True,36,36.0,,36.0,27506.657117,29930.510173,29930.510162,831.4030600555556,17.746297,27506.657117,4573.431482780601,171.37000625000002,69.25294445714286,70.69332583005477,1.202786046476255,55,64,,False,True,,165,87.6246207195492
22,2026-09-18T06:49:03.992+00:00,2026-09-18T06:49:32.853+00:00,2026-09-18T06:49:38.994+00:00,True,99,99.0,,99.0,28861.503308,35002.941004,35002.940929,353.56505988888887,0.0,28861.503308,2895.5250865476833,97.32238449999998,62.667731591836734,81.41757122203623,2.8283337674021922,55,64,,False,True,,433,87.6246207195492
23,2026-09-18T06:49:04.419+00:00,2026-09-18T06:49:34.433+00:00,2026-09-18T06:49:35.596+00:00,True,21,21.0,,21.0,30013.677107,31177.412403,31177.412493,1484.638690142857,0.01802,30013.677107,6537.826994260264,541.9828349999999,58.1867648,117.49616981094975,0.6735645578457085,55,64,,False,True,,79,87.6246207195492
24,2026-09-18T06:49:05.018+00:00,2026-09-18T06:49:36.595+00:00,2026-09-18T06:49:37.439+00:00,True,14,14.0,,14.0,31576.478075,32420.675195,32420.675237,2315.7625169285716,37.524361,31576.478075,8421.826781514506,11112.906681800001,64.93824,15.701801141784637,0.4318232089799017,55,64,,False,True,,58,87.6246207195492
25,2026-09-18T06:49:05.597+00:00,2026-09-18T06:49:38.997+00:00,2026-09-18T06:49:43.799+00:00,True,84,84.0,,84.0,33399.891129,38202.183097,38202.183289,454.7878962976191,0.0,33399.891129,3637.961785113456,88.59239550000001,57.858939373493975,18.767336205970942,2.1988272185051247,55,64,,False,True,,330,87.6246207195492
26,2026-09-18T06:49:06.106+00:00,2026-09-18T06:49:40.674+00:00,2026-09-18T06:49:43.236+00:00,True,43,43.0,,43.0,34567.978081,37130.273889000004,37130.273894,863.4947417209303,35.059915000000004,34567.978081,5262.282621736466,99.7199099,61.00704304761904,14.264046076048635,1.1580846435053884,55,64,,False,True,,87,87.6246207195492
27,2026-09-18T06:49:06.510+00:00,2026-09-18T06:49:42.523+00:00,2026-09-18T06:49:42.759+00:00,True,5,5.0,,5.0,36012.530391,36248.064215,36248.064336,7249.6128672,51.684754,36012.530391,16078.960935953763,28823.344618200004,58.883456,7.269025527166806,0.13793840052652864,55,64,,False,True,,24,87.6246207195492
28,2026-09-18T06:49:06.885+00:00,2026-09-18T06:49:43.855+00:00,2026-09-18T06:49:45.391+00:00,True,26,26.0,,26.0,36969.61025,38505.75105,38505.751057,1480.9904252692306,0.0,36969.61025,7239.161791851651,468.45370800000006,61.445632,114.88465745181004,0.6752238117947319,55,64,,False,True,,138,87.6246207195492
29,2026-09-18T06:49:07.273+00:00,2026-09-18T06:49:45.291+00:00,2026-09-18T06:49:49.319+00:00,True,70,70.0,,70.0,38018.356910999995,42046.463918999994,42046.46414999999,600.6637735714285,0.0,38018.356910999995,4537.790476552953,86.73407309999999,58.37836243478261,80.58586353657644,1.6648248978760931,55,64,,False,True,,336,87.6246207195492
30,2026-09-18T06:49:07.919+00:00,2026-09-18T06:49:46.850+00:00,2026-09-18T06:49:47.138+00:00,True,6,6.0,,6.0,38931.004906,39219.640042,39219.640134,6536.606689,40.438165,38931.004906,15869.952210242946,29215.0418185,57.7270272,10.871539363959972,0.15298457593120812,55,64,,False,True,,28,87.6246207195492
31,2026-09-18T06:49:08.393+00:00,2026-09-18T06:49:49.630+00:00,2026-09-18T06:49:54.766+00:00,True,83,83.0,,83.0,41237.852177,46373.941009,46373.941072,558.7221815903614,0.0,41237.852177,4520.106304185405,92.75520480000002,62.63522965853658,70.23764743653449,1.7897982831325856,55,64,,False,True,,323,87.6246207195492
32,2026-09-18T06:49:08.860+00:00,2026-09-18T06:49:51.454+00:00,2026-09-18T06:49:57.209+00:00,True,94,94.0,,94.0,42594.185471000004,48348.886527,48348.886575000004,514.3498571808511,0.0,42594.185471000004,4387.358566616109,91.8384195,61.87850597849462,65.65949371380061,1.9442019610421957,55,64,,False,True,,493,87.6246207195492
33,2026-09-18T06:49:09.303+00:00,2026-09-18T06:49:53.260+00:00,2026-09-18T06:49:57.684+00:00,True,72,72.0,,72.0,43957.072853,48380.433365,48380.433402999995,671.9504639305555,35.630764000000006,43957.072853,5173.0637557067685,90.8279803,62.30085228169014,12.656886618948683,1.4882049413820915,55,64,,False,True,,283,87.6246207195492
34,2026-09-18T06:49:09.831+00:00,2026-09-18T06:49:55.671+00:00,2026-09-18T06:50:01.187+00:00,True,90,90.0,,90.0,45839.519377,51355.986576999996,51355.986501,570.6220722333333,0.0,45839.519377,4826.013813653877,94.72042034999998,61.98277752808989,78.90063623790766,1.7524733920759084,55,64,,False,True,,388,87.6246207195492
35,2026-09-18T06:49:10.189+00:00,2026-09-18T06:49:56.927+00:00,2026-09-18T06:50:00.781+00:00,True,51,51.0,,51.0,46737.991335,50591.412903,50591.412906,991.9884883529412,35.036225,46737.991335,6534.591351629008,100.4373795,77.06843136,100.3559393213869,1.0080762143920232,55,64,,False,True,,192,87.6246207195492
36,2026-09-18T06:49:10.653+00:00,2026-09-18T06:49:59.025+00:00,2026-09-18T06:50:01.251+00:00,True,37,37.0,,37.0,48372.363206,50598.417862,50598.417789,1367.5248051081082,0.0,48372.363206,7943.181616233768,231.49215700000002,61.83485155555555,126.5196116116843,0.7312481607806838,55,64,,False,True,,134,87.6246207195492
37,2026-09-18T06:49:11.156+00:00,2026-09-18T06:50:00.937+00:00,2026-09-18T06:50:02.625+00:00,True,14,14.0,,14.0,49781.491293,51469.042781,51469.04254,3676.360181428571,37.82669,49781.491293,13272.238018115617,18059.99909515,129.81165292307693,255.39603326264353,0.2720081673088382,55,64,,False,True,,50,87.6246207195492
38,2026-09-18T06:49:11.789+00:00,2026-09-18T06:50:04.047+00:00,2026-09-18T06:50:04.308+00:00,True,5,5.0,,5.0,52258.519763,52519.267026999994,52519.266932,10503.8533864,57.977193,52258.519763,23341.56861604337,41821.062849999995,65.186816,5.673087671246879,0.09520315653738112,55,64,,False,True,,14,87.6246207195492
39,2026-09-18T06:49:12.384+00:00,2026-09-18T06:50:06.324+00:00,2026-09-18T06:50:09.922+00:00,True,49,49.0,,49.0,53939.594339,57537.389667,57537.389832,1174.2324455510204,0.0,53939.594339,7695.787198143329,100.69016620000001,74.95406933333332,114.80897183170858,0.8516201427209247,55,64,,False,True,,206,87.6246207195492
40,2026-09-18T06:49:12.876+00:00,2026-09-18T06:50:08.162+00:00,2026-09-18T06:50:13.633+00:00,True,91,91.0,,91.0,55285.416533,60757.143893,60757.143849,667.6609214175825,0.0,55285.416533,5789.7077555231035,90.378118,60.79697066666667,83.4411263205989,1.497766257088401,55,64,,False,True,,505,87.6246207195492
41,2026-09-18T06:49:13.279+00:00,2026-09-18T06:50:09.916+00:00,2026-09-18T06:50:09.916+00:00,True,1,1.0,,1.0,56637.164574,56637.164574,56637.164574,56637.164574,56637.164574,56637.164574,nan,56637.164574,nan,nan,0.017656251112172772,55,64,,False,True,,2,87.6246207195492
42,2026-09-18T06:49:13.899+00:00,2026-09-18T06:50:11.865+00:00,2026-09-18T06:50:13.182+00:00,True,24,24.0,,24.0,57965.706212,59283.388644,59283.388551,2470.1411896249997,36.423233,57965.706212,11820.510056396382,66.97478364999999,57.29054052173913,10.194453636522116,0.40483515785714136,55,64,,False,True,,72,87.6246207195492
43,2026-09-18T06:49:14.493+00:00,2026-09-18T06:50:14.294+00:00,2026-09-18T06:50:17.249+00:00,True,37,37.0,,37.0,59800.918034,62755.95829,62755.958193,1696.1069781891892,0.01986,59800.918034,9818.68149176435,250.5113136,82.08445155555555,139.66104996364078,0.5895854514565807,55,64,,False,True,,206,87.6246207195492
44,2026-09-18T06:49:14.926+00:00,2026-09-18T06:50:15.980+00:00,2026-09-18T06:50:22.144+00:00,True,98,98.0,,98.0,61054.065277999995,67217.53586999999,67217.535808,685.8932225306122,0.0,61054.065277999995,6162.308032517004,96.9056405,63.54093393814433,128.91538222807293,1.4579528798784573,55,64,,False,True,,515,87.6246207195492
45,2026-09-18T06:49:15.432+00:00,2026-09-18T06:50:18.142+00:00,2026-09-18T06:50:22.838+00:00,True,75,75.0,,75.0,62709.695522,67406.26589,67406.265898,898.7502119733333,0.0,62709.695522,7234.534878375956,91.886252,63.467167135135135,106.374151685858,1.1126562050239095,55,64,,False,True,,329,87.6246207195492
46,2026-09-18T06:49:15.962+00:00,2026-09-18T06:50:20.221+00:00,2026-09-18T06:50:26.304+00:00,True,98,98.0,,98.0,64258.530301,70341.33119699999,70341.331219,717.7686859081632,0.0,64258.530301,6484.77330486393,92.69202659999999,62.709287587628864,14.529928427774923,1.393206502241738,55,64,,False,True,,434,87.6246207195492
47,2026-09-18T06:49:16.381+00:00,2026-09-18T06:50:21.687+00:00,2026-09-18T06:50:23.481+00:00,True,29,29.0,,29.0,65305.671265,67099.894113,67099.894126,2313.7894526206896,38.984767999999995,65305.671265,12115.06582490714,93.0728246,64.07938742857142,12.639735908330373,0.4321914420783193,55,64,,False,True,,143,87.6246207195492
48,2026-09-18T06:49:16.961+00:00,2026-09-18T06:50:23.785+00:00,2026-09-18T06:50:28.849+00:00,True,82,82.0,,82.0,66823.709083,71887.818139,71887.818231,876.6807101341462,30.673273000000002,66823.709083,7372.550311764334,90.46789315,62.51986488888889,12.40289156768211,1.140666139587759,55,64,,False,True,,287,87.6246207195492
49,2026-09-18T06:49:17.599+00:00,2026-09-18T06:50:26.178+00:00,2026-09-18T06:50:26.178+00:00,True,1,1.0,,1.0,68578.969683,68578.969683,68578.969683,68578.969683,68578.969683,68578.969683,nan,68578.969683,nan,nan,0.014581729714260923,55,64,,False,True,,3,87.6246207195492
50,2026-09-18T06:49:18.100+00:00,2026-09-18T06:50:28.041+00:00,2026-09-18T06:50:34.736+00:00,True,99,99.0,,99.0,69940.71821699999,76636.31604099998,76636.31620499998,774.104204090909,0.0,69940.71821699999,7023.79239470385,94.545505,68.32242677551021,138.5347394014202,1.291815748907288,55,64,,False,True,,459,87.6246207195492
51,2026-09-18T06:49:18.471+00:00,2026-09-18T06:50:29.402+00:00,2026-09-18T06:50:33.357+00:00,True,65,65.0,,65.0,70930.573146,74885.55477799999,74885.55475,1152.0854576923077,0.0,70930.573146,8791.110086769755,95.6709896,61.796588,128.19919374479736,0.8679911658889896,55,64,,False,True,,300,87.6246207195492
52,2026-09-18T06:49:19.101+00:00,2026-09-18T06:50:32.225+00:00,2026-09-18T06:50:36.886+00:00,True,84,84.0,,84.0,73123.90357899999,77784.83746699999,77784.83746999998,926.0099698809523,0.0,73123.90357899999,7973.051488079761,71.97650114999999,56.155829975903615,106.79216990742042,1.079901980069532,55,64,,False,True,,220,87.6246207195492
53,2026-09-18T06:49:19.635+00:00,2026-09-18T06:50:34.720+00:00,2026-09-18T06:50:35.947+00:00,True,33,33.0,,33.0,75085.344257,76311.68307300001,76311.683195,2312.4752483333336,0.01581,75085.344257,13064.085883436503,138.807322,38.323088,45.37953170974629,0.43243706168074014,55,64,,False,True,,154,87.6246207195492
54,2026-09-18T06:49:20.222+00:00,2026-09-18T06:50:35.909+00:00,2026-09-18T06:50:42.091+00:00,True,99,99.0,,99.0,75687.076095,81868.688639,81868.688616,826.9564506666667,33.084419000000004,75687.076095,7600.509393980669,95.93618780000001,63.07767902040816,13.335199956587715,1.2092535210444193,55,64,,False,True,,491,87.6246207195492
55,2026-09-18T06:49:20.753+00:00,2026-09-18T06:50:38.385+00:00,2026-09-18T06:50:38.952+00:00,True,10,10.0,,10.0,77632.600273,78199.281361,78199.281308,7819.9281308,58.961191,77632.600273,24529.672834501234,42729.8701912,62.96456533333333,3.5008226538206704,0.12787841302320788,55,64,,False,True,,40,87.6246207195492
56,2026-09-18T06:49:21.626+00:00,2026-09-18T06:50:40.855+00:00,2026-09-18T06:50:42.988+00:00,True,35,35.0,,35.0,79229.12667200001,81361.77947200001,81361.77952500002,2324.6222721428576,40.710335,79229.12667200001,13381.570211427756,99.5954361,62.72508235294118,12.84611222205573,0.4301774153310519,55,64,,False,True,,139,87.6246207195492
57,2026-09-18T06:49:21.673+00:00,2026-09-18T06:50:41.670+00:00,2026-09-18T06:50:45.796+00:00,True,66,66.0,,66.0,79997.037441,84122.910081,84122.90997499999,1274.5895450757575,0.0,79997.037441,9840.189247754075,94.06473625000001,63.474963692307696,144.71852818727749,0.7845662963448379,55,64,,False,True,,341,87.6246207195492
58,2026-09-18T06:49:22.140+00:00,2026-09-18T06:50:43.560+00:00,2026-09-18T06:50:49.209+00:00,True,92,92.0,,92.0,81420.744149,87069.276629,87069.276605,946.4051804891305,0.0,81420.744149,8483.095785095318,95.3038679,62.0717854945055,122.01117121192162,1.0566298878536649,55,64,,False,True,,394,87.6246207195492
59,2026-09-18T06:49:22.662+00:00,2026-09-18T06:50:45.769+00:00,2026-09-18T06:50:46.487+00:00,True,21,21.0,,21.0,83107.55709100001,83824.81174700001,83824.81168400001,3991.6576992380956,0.0,83107.55709100001,18127.757319775086,90.582373,35.862732799999996,32.359393979627626,0.2505224832879098,55,64,,False,True,,97,87.6246207195492
60,2026-09-18T06:49:23.128+00:00,2026-09-18T06:50:47.162+00:00,2026-09-18T06:50:52.828+00:00,True,94,94.0,,94.0,84034.540779,89700.84324300001,89700.84330200001,954.2642904468086,36.069843,84034.540779,8661.222740498268,78.6135304,60.92798348387097,10.168021658484633,1.047927718420144,55,64,,False,True,,385,87.6246207195492
61,2026-09-18T06:49:23.552+00:00,2026-09-18T06:50:48.580+00:00,2026-09-18T06:50:54.516+00:00,True,96,96.0,,96.0,85028.30997300001,90964.156373,90964.15644800001,947.5432963333334,33.069379,85028.30997300001,8671.79457777675,90.93049675,62.48259368421052,10.369043007201586,1.0553607467797583,55,64,,False,True,,588,87.6246207195492
62,2026-09-18T06:49:23.976+00:00,2026-09-18T06:50:50.092+00:00,2026-09-18T06:50:50.272+00:00,True,4,4.0,,4.0,86116.49745299999,86296.42346899999,86296.42334,21574.105835,57.997963000000006,86116.49745299999,43028.26110435382,73208.26031294999,59.975338666666666,1.8208495991369889,0.046351863022885395,55,64,,False,True,,15,87.6246207195492
63,2026-09-18T06:49:24.388+00:00,2026-09-18T06:50:51.764+00:00,2026-09-18T06:50:53.514+00:00,True,29,29.0,,29.0,87376.628184,89125.947352,89125.947296,3073.308527448276,34.773725,87376.628184,16213.8337192936,86.87762980000001,62.47568457142857,9.427485630346272,0.32538223560716223,55,64,,False,True,,94,87.6246207195492
64,2026-09-18T06:49:24.833+00:00,2026-09-18T06:50:53.451+00:00,2026-09-18T06:50:58.320+00:00,True,78,78.0,,78.0,88618.683898,93487.098106,93487.097889,1198.5525370384617,36.202563000000005,88618.683898,10026.936799652958,91.9570249,63.226158545454545,10.756525802430309,0.8343397279436354,55,64,,False,True,,299,87.6246207195492
65,2026-09-18T06:49:25.202+00:00,2026-09-18T06:50:54.694+00:00,2026-09-18T06:50:57.632+00:00,True,48,48.0,,48.0,89491.304837,92429.38842100001,92429.38839000001,1925.6122581250002,34.706886,89491.304837,12907.93979805627,93.5424236,62.51241668085107,11.993831344819954,0.5193153478563358,55,64,,False,True,,222,87.6246207195492
66,2026-09-18T06:49:25.799+00:00,2026-09-18T06:50:56.937+00:00,2026-09-18T06:50:59.600+00:00,True,44,44.0,,44.0,91137.657815,93801.511127,93801.511255,2131.8525285227274,37.593031,91137.657815,13730.18280209496,83.18700534999999,61.950077023255815,9.56368521735743,0.4690755987974159,55,64,,False,True,,221,87.6246207195492
67,2026-09-18T06:49:26.277+00:00,2026-09-18T06:50:58.502+00:00,2026-09-18T06:50:59.789+00:00,True,22,22.0,,22.0,92225.186806,93512.41599,93512.41600299999,4250.564363772727,37.995718999999994,92225.186806,19649.4099426411,90.55481604999999,61.296627809523805,10.226934847038263,0.2352628767751293,55,64,,True,True,,92,87.6246207195492
68,2026-09-18T06:49:26.651+00:00,2026-09-18T06:50:59.914+00:00,2026-09-18T06:51:06.040+00:00,True,100,100.0,,100.0,93263.57079700001,99388.950893,99388.95082000001,993.8895082,38.313869,93263.57079700001,9320.17284061252,69.6673004,61.87252622222223,7.532937847787279,1.006148058727955,55,64,,True,True,,468,87.6246207195492
69,2026-09-18T06:49:27.247+00:00,2026-09-18T06:51:02.520+00:00,2026-09-18T06:51:04.785+00:00,True,37,37.0,,37.0,95272.549093,97538.151397,97538.15122999999,2636.1662494594593,51.556595,95272.549093,15652.365614249042,73.39976419999999,62.93339733333334,6.245461357747098,0.3793387456094233,55,64,,True,True,,198,87.6246207195492
70,2026-09-18T06:49:27.753+00:00,2026-09-18T06:51:04.236+00:00,2026-09-18T06:51:09.792+00:00,True,91,91.0,,91.0,96482.98288699999,102039.39248699999,102039.392604,1121.3120066373626,34.520406,96482.98288699999,10107.700208278982,92.6450785,61.73788444444445,12.216846989377787,0.8918124440185546,55,64,,True,True,,440,87.6246207195492
71,2026-09-18T06:49:28.304+00:00,2026-09-18T06:51:06.448+00:00,2026-09-18T06:51:11.087+00:00,True,76,76.0,,76.0,98143.595537,102782.65934500001,102782.65928200001,1352.4034116052633,38.159809,98143.595537,11250.753363807353,89.26000750000001,61.85418410666667,11.724665134174296,0.7394243395172194,55,64,,True,True,,342,87.6246207195492
72,2026-09-18T06:49:28.687+00:00,2026-09-18T06:51:07.811+00:00,2026-09-18T06:51:13.208+00:00,True,87,87.0,,87.0,99124.176576,104521.86976,104521.869546,1201.4007993793102,37.284071000000004,99124.176576,10620.504688976473,87.858887,62.76387423255814,11.783655387331176,0.8323616885132921,55,64,,True,True,,306,87.6246207195492
73,2026-09-18T06:49:29.059+00:00,2026-09-18T06:51:09.277+00:00,2026-09-18T06:51:10.601+00:00,True,23,23.0,,23.0,100218.178054,101541.635334,101541.635094,4414.85369973913,36.145724,100218.178054,20884.39266322608,71.78219770000001,60.157149090909094,8.416471366388597,0.22650807153485664,55,64,,True,True,,80,87.6246207195492
74,2026-09-18T06:49:29.611+00:00,2026-09-18T06:51:11.631+00:00,2026-09-18T06:51:15.773+00:00,True,67,67.0,,67.0,102019.82062299999,106162.550863,106162.55104699999,1584.5156872686566,36.878322,102019.82062299999,12456.038864328912,74.8965273,62.76864,7.91352102192174,0.6311076689035265,55,64,,True,True,,284,87.6246207195492
75,2026-09-18T06:49:30.198+00:00,2026-09-18T06:51:13.768+00:00,2026-09-18T06:51:17.556+00:00,True,60,60.0,,60.0,103569.98443899999,107357.948599,107357.948469,1789.29914115,50.959376,103569.98443899999,13362.541104655289,89.5001812,64.20278237288136,7.647545702534128,0.5588780410112911,55,64,,True,True,,306,87.6246207195492
76,2026-09-18T06:49:30.758+00:00,2026-09-18T06:51:15.836+00:00,2026-09-18T06:51:16.735+00:00,True,15,15.0,,15.0,105078.735411,105977.116211,105977.116059,7065.1410706,55.920117,105078.735411,27114.64555557183,31588.683962900002,64.17005714285715,8.948376984175836,0.14153999029502806,55,64,,True,True,,61,87.6246207195492
77,2026-09-18T06:49:31.217+00:00,2026-09-18T06:51:17.678+00:00,2026-09-18T06:51:21.264+00:00,True,57,57.0,,57.0,106461.554255,110047.557711,110047.557858,1930.6589097894737,37.658241000000004,106461.554255,14092.701494117995,96.1987118,64.035776,13.013064641019675,0.5179578828063575,55,64,,True,True,,240,87.6246207195492
78,2026-09-18T06:49:31.615+00:00,2026-09-18T06:51:18.960+00:00,2026-09-18T06:51:22.022+00:00,True,50,50.0,,50.0,107344.831144,110406.583976,110406.583958,2208.1316791599997,36.589132,107344.831144,15172.018135311588,90.93908230000001,62.48475167346939,9.968765389714143,0.4528715426144234,55,64,,True,True,,241,87.6246207195492
79,2026-09-18T06:49:32.151+00:00,2026-09-18T06:51:21.075+00:00,2026-09-18T06:51:22.468+00:00,True,23,23.0,,23.0,108924.352265,110317.129993,110317.130137,4796.39696247826,40.949813999999996,108924.352265,22699.098786070354,90.9577097,63.30807854545455,9.618533577886911,0.20848983291588016,55,64,,True,True,,95,87.6246207195492
80,2026-09-18T06:49:32.619+00:00,2026-09-18T06:51:22.864+00:00,2026-09-18T06:51:29.045+00:00,True,99,99.0,,99.0,110244.958125,116425.95294100001,116425.952917,1176.0197264343435,36.784991999999995,110244.958125,11073.701765544576,91.539482,63.07137567346939,11.085015205103401,0.8503258723608578,55,64,,True,True,,336,87.6246207195492
81,2026-09-18T06:49:33.152+00:00,2026-09-18T06:51:25.183+00:00,2026-09-18T06:51:26.332+00:00,True,19,19.0,,19.0,112031.040794,113179.806746,113179.806638,5956.83192831579,57.684143,112031.040794,25687.04300080946,11285.0352932,63.82033066666666,7.178787464698413,0.16787446936219033,55,64,,True,True,,80,87.6246207195492
82,2026-09-18T06:49:33.552+00:00,2026-09-18T06:51:26.724+00:00,2026-09-18T06:51:30.595+00:00,True,63,63.0,,63.0,113171.486136,117042.974648,117042.97466200001,1857.8249946349208,35.376845,113171.486136,14250.405710381605,92.7909639,62.44336309677419,12.95722208596145,0.53826383163508,55,64,,True,True,,193,87.6246207195492
83,2026-09-18T06:49:34.104+00:00,2026-09-18T06:51:28.944+00:00,2026-09-18T06:51:31.163+00:00,True,38,38.0,,38.0,114839.727703,117058.57135099999,117058.571317,3080.488718868421,37.83096,114839.727703,18619.73963028221,87.76462674999999,59.96874724324324,12.396790430853224,0.32462381491105885,55,64,,True,True,,197,87.6246207195492
84,2026-09-18T06:49:34.537+00:00,2026-09-18T06:51:30.846+00:00,2026-09-18T06:51:35.710+00:00,True,77,77.0,,77.0,116308.964108,121173.001996,121173.001986,1573.6753504675326,36.572792,116308.964108,13247.349898165467,94.58464120000001,64.00049852631578,13.546102568523441,0.6354550826638908,55,64,,True,True,,308,87.6246207195492
85,2026-09-18T06:49:35.158+00:00,2026-09-18T06:51:31.544+00:00,2026-09-18T06:51:33.414+00:00,True,30,30.0,,30.0,116385.997008,118255.09140800001,118255.091419,3941.8363806333336,35.946073,116385.997008,21237.316677831608,99.2497004,64.45153103448276,15.149937738974513,0.25368886567847587,55,64,,True,True,,59,87.6246207195492
86,2026-09-18T06:49:35.622+00:00,2026-09-18T06:51:35.711+00:00,2026-09-18T06:51:38.777+00:00,True,50,50.0,,50.0,120088.382453,123155.19179699999,123155.191918,2463.10383836,35.512404000000004,120088.382453,16974.213716161707,93.6912682,62.587945795918365,10.32111049078929,0.405991816263957,55,64,,True,True,,250,87.6246207195492
87,2026-09-18T06:49:36.046+00:00,2026-09-18T06:51:37.134+00:00,2026-09-18T06:51:41.997+00:00,True,80,80.0,,80.0,121088.2624,125951.527168,125951.52715000001,1574.394089375,34.920966,121088.2624,13531.20126152882,91.92534485,61.56031351898734,11.245265317845378,0.6351649860766856,55,64,,True,True,,406,87.6246207195492
88,2026-09-18T06:49:36.402+00:00,2026-09-18T06:51:38.844+00:00,2026-09-18T06:51:41.268+00:00,True,41,41.0,,41.0,122441.17575499999,124865.46093899998,124865.460908,3045.499046536585,39.920926,122441.17575499999,19112.63549345466,69.00609200000001,60.6071296,8.185580450816696,0.3283534108766039,55,64,,True,True,,166,87.6246207195492
89,2026-09-18T06:49:37.031+00:00,2026-09-18T06:51:41.333+00:00,2026-09-18T06:51:42.208+00:00,True,15,15.0,,15.0,124301.864077,125177.55610900001,125177.55624600001,8345.1704164,38.473748,124301.864077,32078.455929000447,37354.813973100005,62.54943085714286,13.975658212394153,0.11982978791292707,55,64,,True,True,,51,87.6246207195492
90,2026-09-18T06:49:37.470+00:00,2026-09-18T06:51:43.074+00:00,2026-09-18T06:51:45.311+00:00,True,38,38.0,,38.0,125603.20696600001,127840.34181400001,127840.34182600002,3364.2195217368426,39.359536,125603.20696600001,20365.723486903793,70.02482685,60.463104,6.983589465167481,0.2972457634327019,55,64,,True,True,,161,87.6246207195492
91,2026-09-18T06:49:38.041+00:00,2026-09-18T06:51:45.148+00:00,2026-09-18T06:51:47.594+00:00,True,42,42.0,,42.0,127107.39167200001,129553.30296800002,129553.30284300001,3084.6024486428573,35.942993,127107.39167200001,19603.8937613978,70.39722115,59.65637307317073,10.22043216101421,0.32419088543326524,55,64,,True,True,,192,87.6246207195492
92,2026-09-18T06:49:38.535+00:00,2026-09-18T06:51:46.835+00:00,2026-09-18T06:51:47.662+00:00,True,15,15.0,,15.0,128300.120629,129126.681141,129126.681088,8608.445405866667,37.879309,128300.120629,33111.70609333715,38538.876175699996,59.04003657142857,10.216021232733416,0.11616499291591592,55,64,,True,True,,65,87.6246207195492
93,2026-09-18T06:49:39.160+00:00,2026-09-18T06:51:49.195+00:00,2026-09-18T06:51:52.623+00:00,True,56,56.0,,56.0,130035.174883,133462.662371,133462.662474,2383.2618298928573,37.828258999999996,130035.174883,17368.356721365293,90.41159599999999,62.31795432727273,10.544741920124375,0.4195930083001865,55,64,,True,True,,144,87.6246207195492
94,2026-09-18T06:49:39.563+00:00,2026-09-18T06:51:50.551+00:00,2026-09-18T06:51:56.030+00:00,True,88,88.0,,88.0,130988.519958,136467.399958,136467.40004500002,1550.7659096022728,35.491823,130988.519958,13956.714105940211,89.9595247,62.97563218390805,10.872562420182888,0.6448426512638432,55,64,,True,True,,405,87.6246207195492
95,2026-09-18T06:49:40.080+00:00,2026-09-18T06:51:52.251+00:00,2026-09-18T06:51:58.198+00:00,True,99,99.0,,99.0,132170.444156,138117.480316,138117.48039,1395.1260645454547,35.238764,132170.444156,13277.534567317669,72.4984077,60.684042448979596,10.487356850118507,0.7167811038363657,55,64,,True,True,,527,87.6246207195492
96,2026-09-18T06:49:40.702+00:00,2026-09-18T06:51:54.835+00:00,2026-09-18T06:51:59.106+00:00,True,72,72.0,,72.0,134133.051695,138403.778863,138403.77897400002,1922.2747079722224,35.481634,134133.051695,15800.64623293466,68.4941617,60.151086873239436,10.389375234081143,0.520217009907437,55,64,,True,True,,321,87.6246207195492
97,2026-09-18T06:49:41.329+00:00,2026-09-18T06:51:57.427+00:00,2026-09-18T06:52:00.728+00:00,True,55,55.0,,55.0,136097.98406,139399.42661999998,139399.426716,2534.5350311999996,35.066224000000005,136097.98406,18343.206699070903,70.33472619999999,61.137825185185186,8.849239755206968,0.3945496859892321,55,64,,True,True,,228,87.6246207195492
98,2026-09-18T06:49:41.813+00:00,2026-09-18T06:51:59.103+00:00,2026-09-18T06:52:04.662+00:00,True,90,90.0,,90.0,137290.11313800002,142848.823666,142848.823628,1587.2091514222225,34.749046,137290.11313800002,14465.06889402692,91.64474520000002,62.45742166292135,10.67265480742326,0.6300366897695444,55,64,,True,True,,388,87.6246207195492
99,2026-09-18T06:49:42.451+00:00,2026-09-18T06:52:01.228+00:00,2026-09-18T06:52:06.787+00:00,True,90,90.0,,90.0,138776.75412599999,144336.025038,144336.025145,1603.733612722222,33.816537,138776.75412599999,14621.774840306276,89.82397934999999,62.46371811235955,11.89458345122977,0.6235449533566224,55,64,,True,True,,397,87.6246207195492
100,2026-09-18T06:49:43.057+00:00,2026-09-18T06:52:03.767+00:00,2026-09-18T06:52:03.825+00:00,True,2,2.0,,2.0,140709.172433,140767.644881,140767.644864,70383.822432,58.472431,140709.172433,99455.06375004895,133676.6374329,58.472448,nan,0.014207810336606324,55,64,,True,True,,6,87.6246207195492
101,2026-09-18T06:49:43.623+00:00,2026-09-18T06:52:05.785+00:00,2026-09-18T06:52:10.025+00:00,True,69,69.0,,69.0,142162.419054,146401.908334,146401.908413,2121.766788594203,35.762654000000005,142162.419054,17106.84217493223,91.5704308,62.345430588235295,11.162611691670218,0.47130533191264157,55,64,,True,True,,332,87.6246207195492
102,2026-09-18T06:49:43.978+00:00,2026-09-18T06:52:07.187+00:00,2026-09-18T06:52:07.702+00:00,True,9,9.0,,9.0,143209.61700600001,143724.56561400002,143724.56559600003,15969.396177333336,35.503624,143209.61700600001,47715.08734506762,85964.37051960001,64.368576,22.237948096968914,0.06261977527329066,55,64,,True,True,,25,87.6246207195492
103,2026-09-18T06:49:44.528+00:00,2026-09-18T06:52:09.482+00:00,2026-09-18T06:52:10.903+00:00,True,25,25.0,,25.0,144953.980194,146374.526242,146374.526316,5854.98105264,40.319464999999994,144953.980194,28978.95912726339,66.7081842,59.18941866666666,7.67027114100271,0.17079474579249992,55,64,,True,True,,100,87.6246207195492
104,2026-09-18T06:49:45.107+00:00,2026-09-18T06:52:11.665+00:00,2026-09-18T06:52:13.031+00:00,True,23,23.0,,23.0,146557.683574,147923.580022,147923.58009899998,6431.460004304347,39.480527,146557.683574,30546.445419417036,91.90192950000001,62.08620218181818,10.650158864143968,0.1554856906287646,55,64,,True,True,,88,87.6246207195492
105,2026-09-18T06:49:45.462+00:00,2026-09-18T06:52:13.118+00:00,2026-09-18T06:52:18.389+00:00,True,84,84.0,,84.0,147656.641129,152927.741801,152927.741856,1820.5683554285713,33.538158,147656.641129,16103.735697811871,94.10185215000001,63.50723701204819,12.182165198459893,0.5492790190370203,55,64,,True,True,,408,87.6246207195492
106,2026-09-18T06:49:45.885+00:00,2026-09-18T06:52:14.831+00:00,2026-09-18T06:52:17.496+00:00,True,44,44.0,,44.0,148945.947198,151610.920766,151610.92082200001,3445.7027459545457,39.656706,148945.947198,22445.10623992564,94.88170329999998,61.976129488372095,11.914339016049464,0.2902165607707817,55,64,,True,True,,201,87.6246207195492
107,2026-09-18T06:49:46.329+00:00,2026-09-18T06:52:16.655+00:00,2026-09-18T06:52:19.788+00:00,True,49,49.0,,49.0,150326.17358899998,153459.30485299998,153459.304889,3131.8225487551017,38.935288,150326.17358899998,21465.848006582903,98.16999899999999,65.273568,15.0216686604142,0.3193028930173868,55,64,,True,True,,273,87.6246207195492
108,2026-09-18T06:49:46.934+00:00,2026-09-18T06:52:18.802+00:00,2026-09-18T06:52:20.799+00:00,True,33,33.0,,33.0,151867.554493,153864.557245,153864.557211,4662.562339727273,36.431341999999994,151867.554493,26425.887142301417,90.60265879999999,62.406336,12.335138582567623,0.21447434413016755,55,64,,True,True,,143,87.6246207195492
109,2026-09-18T06:49:47.458+00:00,2026-09-18T06:52:20.865+00:00,2026-09-18T06:52:24.931+00:00,True,65,65.0,,65.0,153406.723745,157473.098913,157473.098915,2422.663060230769,37.1685,153406.723745,19019.884658273266,91.60073940000002,63.537112,11.125779474097449,0.4127689138569051,55,64,,True,True,,193,87.6246207195492
110,2026-09-18T06:49:47.832+00:00,2026-09-18T06:52:22.193+00:00,2026-09-18T06:52:26.665+00:00,True,71,71.0,,71.0,154361.529937,158833.36481700002,158833.36472200003,2237.0896439718313,39.923866000000004,154361.529937,18311.76493816262,93.444416,63.88335542857143,10.991154259674849,0.4470093552560742,55,64,,True,True,,268,87.6246207195492
111,2026-09-18T06:49:48.775+00:00,2026-09-18T06:52:23.760+00:00,2026-09-18T06:52:25.921+00:00,True,35,35.0,,35.0,154985.024367,157146.191471,157146.191579,4489.891187971429,35.229434,154985.024367,26186.508413238906,91.9113615,63.56373835294118,10.629687612964972,0.2227225468996425,55,64,,True,True,,157,87.6246207195492
112,2026-09-18T06:49:48.975+00:00,2026-09-18T06:52:26.230+00:00,2026-09-18T06:52:27.749+00:00,True,25,25.0,,25.0,157254.383174,158773.652294,158773.652462,6350.94609848,40.671064,157254.383174,31438.21719094241,87.4736894,63.30288,8.623919874188394,0.15745685533332499,55,64,,True,True,,82,87.6246207195492
113,2026-09-18T06:49:49.392+00:00,2026-09-18T06:52:28.061+00:00,2026-09-18T06:52:30.275+00:00,True,37,37.0,,37.0,158669.425188,160883.464228,160883.464191,4348.201734891892,34.344077,158669.425188,26074.984233444105,76.07841400000001,61.501084444444444,10.694081329424742,0.22998012988808178,55,64,,True,True,,195,87.6246207195492
114,2026-09-18T06:49:49.820+00:00,2026-09-18T06:52:29.674+00:00,2026-09-18T06:52:31.943+00:00,True,37,37.0,,37.0,159853.564782,162122.839918,162122.839792,4381.698372756757,39.376677,159853.564782,26269.403955210248,95.6622314,63.03542044444445,12.183043859676458,0.228222007575948,55,64,,True,True,,172,87.6246207195492
115,2026-09-18T06:49:50.319+00:00,2026-09-18T06:52:31.627+00:00,2026-09-18T06:52:33.430+00:00,True,28,28.0,,28.0,161307.98220199998,163111.24850599997,163111.2485,5825.401732142856,39.389717,161307.98220199998,30471.724862652027,104.8605139,66.78764088888889,14.44669879689793,0.1716619807429776,55,64,,True,True,,92,87.6246207195492
116,2026-09-18T06:49:50.880+00:00,2026-09-18T06:52:33.990+00:00,2026-09-18T06:52:36.595+00:00,True,41,41.0,,41.0,163110.285641,165715.232073,165715.232085,4041.834928902439,35.921594,163110.285641,25463.380293726605,92.59388700000001,65.1236608,14.435604347865473,0.2474123801844534,55,64,,True,True,,173,87.6246207195492
117,2026-09-18T06:49:51.389+00:00,2026-09-18T06:52:36.193+00:00,2026-09-18T06:52:40.846+00:00,True,75,75.0,,75.0,164803.150496,169456.39926399998,169456.399174,2259.418655653333,36.812351,164803.150496,19022.572219142578,92.5626007,62.88174010810811,13.197888786285633,0.4425917246309229,55,64,,True,True,,384,87.6246207195492
118,2026-09-18T06:49:51.985+00:00,2026-09-18T06:52:38.216+00:00,2026-09-18T06:52:39.543+00:00,True,22,22.0,,22.0,166231.215173,167558.06931700002,167558.06932100002,7616.275878227273,45.461946000000005,166231.215173,35427.14448087104,90.83403544999999,63.18353066666666,9.043726909950815,0.1312977649460654,55,64,,True,True,,95,87.6246207195492
119,2026-09-18T06:49:52.457+00:00,2026-09-18T06:52:40.071+00:00,2026-09-18T06:52:42.109+00:00,True,33,33.0,,33.0,167614.101187,169652.565955,169652.56601799998,5140.986849030302,37.972758999999996,167614.101187,29166.78253636727,94.5543258,63.702024,10.39928870496784,0.1945151835118909,55,64,,True,True,,159,87.6246207195492
120,2026-09-18T06:49:52.996+00:00,2026-09-18T06:52:42.352+00:00,2026-09-18T06:52:44.528+00:00,True,35,35.0,,35.0,169355.32283199998,171531.78721599997,171531.78716399998,4900.908204685714,42.204271999999996,169355.32283199998,28615.456524788446,98.1971703,64.01365835294118,12.085844628739588,0.20404381349986486,55,64,,True,True,,139,87.6246207195492
121,2026-09-18T06:49:53.441+00:00,2026-09-18T06:52:43.983+00:00,2026-09-18T06:52:46.811+00:00,True,46,46.0,,46.0,170541.35256200001,173369.27115400002,173369.27102100002,3768.897196108696,37.948899,170541.35256200001,25135.687985629334,95.317315,62.842635377777775,12.417827716865135,0.265329603647807,55,64,,True,True,,174,87.6246207195492
122,2026-09-18T06:49:54.088+00:00,2026-09-18T06:52:46.353+00:00,2026-09-18T06:52:49.371+00:00,True,48,48.0,,48.0,172264.63550799998,175283.097716,175283.09754899997,3651.7311989374994,36.984311,172264.63550799998,24854.992256725945,92.48952734999999,64.22260017021277,13.46465741532599,0.27384271858186426,55,64,,True,True,,211,87.6246207195492
123,2026-09-18T06:49:54.534+00:00,2026-09-18T06:52:48.265+00:00,2026-09-18T06:52:53.660+00:00,True,86,86.0,,86.0,173730.554947,179125.758787,179125.758711,2082.8576594302326,40.130375,173730.554947,18727.006160316734,93.59238024999999,63.47298635294118,10.836206163375698,0.4801096200924589,55,64,,True,True,,336,87.6246207195492
124,2026-09-18T06:49:55.171+00:00,2026-09-18T06:52:50.749+00:00,2026-09-18T06:52:55.422+00:00,True,72,72.0,,72.0,175578.015053,180251.007821,180251.007984,2503.486222,35.675193,175578.015053,20684.31529315161,96.67098035,65.81679954929578,13.534619270202047,0.3994429815976413,55,64,,True,True,,327,87.6246207195492
125,2026-09-18T06:49:55.717+00:00,2026-09-18T06:52:52.736+00:00,2026-09-18T06:52:57.047+00:00,True,67,67.0,,67.0,177018.55133000002,181329.99862600002,181329.998656,2706.4178903880597,38.472228,177018.55133000002,21618.281200254154,93.220545,65.32495903030303,13.013501423874098,0.36949208905135456,55,64,,True,True,,322,87.6246207195492
126,2026-09-18T06:49:56.213+00:00,2026-09-18T06:52:54.685+00:00,2026-09-18T06:52:57.700+00:00,True,47,47.0,,47.0,178472.283232,181487.08745599998,181487.08729999998,3861.427389361702,40.377175,178472.283232,26023.30100327704,93.91671249999999,65.53922226086956,12.21535797024336,0.25897159218776244,55,64,,True,True,,171,87.6246207195492
127,2026-09-18T06:49:56.732+00:00,2026-09-18T06:52:56.622+00:00,2026-09-18T06:52:57.504+00:00,True,15,15.0,,15.0,179889.83637200002,180771.23822800003,180771.23840600002,12051.415893733334,37.61499,179889.83637200002,46431.10279388217,54036.285586100006,62.95727542857143,15.059371845279838,0.08297780192820861,55,64,,True,True,,92,87.6246207195492
128,2026-09-18T06:49:57.259+00:00,2026-09-18T06:52:58.641+00:00,2026-09-18T06:53:03.681+00:00,True,82,82.0,,82.0,181382.453432,186422.462904,186422.46302700002,2273.444671060976,39.170736,181382.453432,20023.471979957452,79.16452735000001,62.22233916049383,9.34186333221048,0.4398611557998065,55,64,,True,True,,414,87.6246207195492
129,2026-09-18T06:49:57.610+00:00,2026-09-18T06:52:59.854+00:00,2026-09-18T06:53:05.038+00:00,True,85,85.0,,85.0,182244.187733,187427.985493,187427.985651,2205.0351253058825,38.447128,182244.187733,19760.4654707325,71.5233564,61.7118780952381,7.807563262805951,0.4535075153073902,55,64,,True,True,,440,87.6246207195492
130,2026-09-18T06:49:58.048+00:00,2026-09-18T06:53:01.733+00:00,2026-09-18T06:53:05.905+00:00,True,70,70.0,,70.0,183685.383282,187856.835954,187856.83599,2683.6690855714287,38.535418,183685.383282,21947.37786943743,68.75348495,60.455835826086954,7.3182676903761195,0.37262418290245614,55,64,,True,True,,322,87.6246207195492
131,2026-09-18T06:49:58.618+00:00,2026-09-18T06:53:03.992+00:00,2026-09-18T06:53:06.741+00:00,True,47,47.0,,47.0,185374.126534,188123.57319000002,188123.573168,4002.629216340426,36.498841999999996,185374.126534,27030.878210116916,69.9603698,59.77057947826087,8.32565032772919,0.24983578189072134,55,64,,True,True,,216,87.6246207195492
132,2026-09-18T06:49:59.024+00:00,2026-09-18T06:53:05.386+00:00,2026-09-18T06:53:08.375+00:00,True,52,52.0,,52.0,186361.25776100002,189350.84547300002,189350.84548500003,3641.362413173077,37.38202,186361.25776100002,25835.52945276486,70.4548996,58.61936690196078,10.096509407772714,0.2746224864753234,55,64,,True,True,,196,87.6246207195492
133,2026-09-18T06:49:59.651+00:00,2026-09-18T06:53:07.946+00:00,2026-09-18T06:53:10.895+00:00,True,51,51.0,,51.0,188294.912534,191244.02485400002,191244.024805,3749.8828393137255,37.1565,188294.912534,26358.304246799504,68.77851749999999,58.9822464,9.890858573496294,0.26667499828522506,55,64,,True,True,,260,87.6246207195492
134,2026-09-18T06:50:00.008+00:00,2026-09-18T06:53:09.380+00:00,2026-09-18T06:53:14.567+00:00,True,86,86.0,,86.0,189371.416894,194558.25491,194558.254935,2262.3052899418603,37.3673,189371.416894,20413.867696805148,83.388929,61.02162371764706,10.714213309524018,0.44202699104071647,55,64,,True,True,,423,87.6246207195492
135,2026-09-18T06:50:00.399+00:00,2026-09-18T06:53:10.956+00:00,2026-09-18T06:53:14.032+00:00,True,50,50.0,,50.0,190557.28652000002,193632.72485600002,193632.724886,3872.6544977200006,38.077968999999996,190557.28652000002,26939.99594153093,90.48230695000001,62.764047673469385,11.044677981548453,0.2582208148812851,55,64,,True,True,,227,87.6246207195492
136,2026-09-18T06:50:01.036+00:00,2026-09-18T06:53:13.034+00:00,2026-09-18T06:53:13.456+00:00,True,8,8.0,,8.0,191998.142425,192419.650265,192419.650218,24052.45627725,50.938985,191998.142425,67860.30504623929,124821.68505355,60.215405714285716,5.0765031188196765,0.04157579534617392,55,64,,True,True,,28,87.6246207195492
137,2026-09-18T06:50:01.489+00:00,2026-09-18T06:53:14.815+00:00,2026-09-18T06:53:17.310+00:00,True,40,40.0,,40.0,193326.399843,195820.736355,195820.736373,4895.518409325,35.263704,193326.399843,30557.477747604127,91.96246534999999,63.957346461538464,12.584407939943615,0.20426845871667387,55,64,,True,True,,86,87.6246207195492
138,2026-09-18T06:50:02.579+00:00,2026-09-18T06:53:16.507+00:00,2026-09-18T06:53:18.864+00:00,True,38,38.0,,38.0,193927.162456,196284.870232,196284.870251,5165.391322394737,38.27539,193927.162456,31448.805625238205,92.90961735,63.721831783783784,13.410412652035166,0.19359617455530675,55,64,,True,True,,175,87.6246207195492
139,2026-09-18T06:50:02.743+00:00,2026-09-18T06:53:17.864+00:00,2026-09-18T06:53:21.990+00:00,True,68,68.0,,68.0,195121.378881,199247.152961,199247.153043,2930.1051918088237,36.133002999999995,195121.378881,23654.478545748832,92.687316,61.5787176119403,12.531449946589921,0.3412846757881158,55,64,,True,True,,218,87.6246207195492
140,2026-09-18T06:50:03.027+00:00,2026-09-18T06:53:21.067+00:00,2026-09-18T06:53:24.585+00:00,True,57,57.0,,57.0,198039.803552,201557.902752,201557.90264,3536.103555087719,38.118449,198039.803552,26222.695681263147,100.4259666,62.8232,14.684119959417957,0.2827971477264957,55,64,,True,True,,296,87.6246207195492
141,2026-09-18T06:50:03.589+00:00,2026-09-18T06:53:23.451+00:00,2026-09-18T06:53:24.943+00:00,True,24,24.0,,24.0,199862.021655,201354.61403899998,201354.614056,8389.775585666666,34.72487400000001,199862.021655,40783.4195056568,93.91522619999999,64.89532104347826,12.638295073163006,0.11919269947969251,55,64,,True,True,,94,87.6246207195492
142,2026-09-18T06:50:03.945+00:00,2026-09-18T06:53:24.882+00:00,2026-09-18T06:53:25.112+00:00,True,5,5.0,,5.0,200937.629358,201167.069358,201167.069369,40233.413873800004,40.623993999999996,200937.629358,89836.388092379,160763.6524252,57.36,11.675471167929455,0.024854962673348503,55,64,,True,True,,20,87.6246207195492
143,2026-09-18T06:50:04.462+00:00,2026-09-18T06:53:26.937+00:00,2026-09-18T06:53:30.208+00:00,True,55,55.0,,55.0,202474.824563,205746.441587,205746.441611,3740.8443929272726,35.343634,202474.824563,27293.532342256734,89.1909491,60.58550044444445,10.320220047336013,0.26731932555316257,55,64,,True,True,,228,87.6246207195492
144,2026-09-18T06:50:04.819+00:00,2026-09-18T06:53:28.135+00:00,2026-09-18T06:53:31.459+00:00,True,55,55.0,,55.0,203316.212393,206640.148905,206640.149014,3757.0936184363636,36.032573,203316.212393,27406.853996069305,80.06994,61.55437985185185,9.155281178111377,0.26616318412200474,55,64,,True,True,,172,87.6246207195492
145,2026-09-18T06:50:05.246+00:00,2026-09-18T06:53:29.456+00:00,2026-09-18T06:53:29.456+00:00,True,1,1.0,,1.0,204209.18727599998,204209.18727599998,204209.18727599998,204209.18727599998,204209.18727599998,204209.18727599998,nan,204209.18727599998,nan,nan,0.00489693932647822,55,64,,True,True,,2,87.6246207195492
146,2026-09-18T06:50:05.770+00:00,2026-09-18T06:53:31.921+00:00,2026-09-18T06:53:33.455+00:00,True,26,26.0,,26.0,206150.696126,207684.759742,207684.7598,7987.875376923077,40.529695,206150.696126,40417.44545132253,94.11212450000001,61.36254464,12.503223553788875,0.12518973482839546,55,64,,True,True,,104,87.6246207195492
147,2026-09-18T06:50:06.312+00:00,2026-09-18T06:53:34.157+00:00,2026-09-18T06:53:40.289+00:00,True,98,98.0,,98.0,207844.74064899998,213976.87146499997,213976.87149299998,2183.4374642142857,36.148502,207844.74064899998,20989.10651282772,90.9770795,63.217843463917525,11.495558633107015,0.4579934239109098,55,64,,True,True,,517,87.6246207195492
148,2026-09-18T06:50:06.933+00:00,2026-09-18T06:53:36.148+00:00,2026-09-18T06:53:36.735+00:00,True,10,10.0,,10.0,209214.89004499998,209801.45439699996,209801.45427899997,20980.1454279,42.98857,209214.89004499998,66138.94967396598,115109.36708029998,65.1738168888889,17.86187970557027,0.04766411190399734,55,64,,True,True,,52,87.6246207195492
149,2026-09-18T06:50:07.282+00:00,2026-09-18T06:53:37.728+00:00,2026-09-18T06:53:38.322+00:00,True,11,11.0,,11.0,210445.572598,211040.29055,211040.290697,19185.480972454545,38.620928,210445.572598,63433.79671240498,105258.3233175,59.4717952,9.067828865951059,0.052122748558261024,55,64,,True,True,,42,87.6246207195492
150,2026-09-18T06:50:07.904+00:00,2026-09-18T06:53:40.168+00:00,2026-09-18T06:53:45.875+00:00,True,93,93.0,,93.0,212263.75652599998,217970.97188599998,217970.971795,2343.773890268817,36.671671,212263.75652599998,22004.296161264905,88.59566060000002,62.03494956521739,10.91930841311608,0.426662317442157,55,64,,True,True,,272,87.6246207195492
151,2026-09-18T06:50:08.311+00:00,2026-09-18T06:53:41.603+00:00,2026-09-18T06:53:43.910+00:00,True,39,39.0,,39.0,213291.899186,215598.365234,215598.365238,5528.163211230769,41.106123,213291.899186,34144.32038005405,91.3794623,60.69647494736842,10.44754228446452,0.1808919096286806,55,64,,True,True,,164,87.6246207195492
152,2026-09-18T06:50:08.892+00:00,2026-09-18T06:53:43.740+00:00,2026-09-18T06:53:44.927+00:00,True,20,20.0,,20.0,214848.583485,216035.76300500002,216035.763057,10801.78815285,37.904699,214848.583485,48027.63338272256,10831.399871,62.48313263157895,11.402556550801735,0.09257726462417759,55,64,,True,True,,65,87.6246207195492
153,2026-09-18T06:50:09.345+00:00,2026-09-18T06:53:45.388+00:00,2026-09-18T06:53:46.637+00:00,True,21,21.0,,21.0,216043.04746399997,217291.57072799996,217291.57079099998,10347.217656714285,43.243599,216043.04746399997,47130.83592148966,71.719626,62.426163200000005,6.378636001593226,0.09664433797244379,55,64,,True,True,,87,87.6246207195492
154,2026-09-18T06:50:09.780+00:00,2026-09-18T06:53:47.181+00:00,2026-09-18T06:53:49.783+00:00,True,41,41.0,,41.0,217400.99595699998,220002.800501,220002.800497,5365.921963341463,0.01849,217400.99595699998,33942.18716453013,94.059564,65.04511360000001,31.36301540937086,0.18636126406860734,55,64,,True,True,,183,87.6246207195492
155,2026-09-18T06:50:10.373+00:00,2026-09-18T06:53:49.905+00:00,2026-09-18T06:53:55.430+00:00,True,90,90.0,,90.0,219531.829762,225057.009154,225057.009201,2500.633435566667,32.943138,219531.829762,23134.14623237323,92.38839435,62.0806673258427,12.633743360873575,0.3998986760657412,55,64,,True,True,,331,87.6246207195492
156,2026-09-18T06:50:11.016+00:00,2026-09-18T06:53:52.064+00:00,2026-09-18T06:53:54.450+00:00,True,39,39.0,,39.0,221047.830845,223433.681213,223433.681383,5729.068753410256,34.057177,221047.830845,35385.929975519255,91.65402669999999,62.785536,13.88474716804559,0.17454843776584061,55,64,,True,True,,204,87.6246207195492
157,2026-09-18T06:50:11.520+00:00,2026-09-18T06:53:54.088+00:00,2026-09-18T06:53:58.853+00:00,True,77,77.0,,77.0,222568.814308,227333.848804,227333.848727,2952.387645805195,39.852516,222568.814308,25356.926347970148,71.1318048,62.69782231578947,7.336454248743974,0.3387089094083255,55,64,,True,True,,427,87.6246207195492
158,2026-09-18T06:50:11.914+00:00,2026-09-18T06:53:55.675+00:00,2026-09-18T06:54:00.108+00:00,True,72,72.0,,72.0,223760.887296,228193.549824,228193.549837,3169.354858847222,34.331746,223760.887296,26363.117035836014,73.2414743,62.431866591549294,8.143373800541566,0.3155216265119317,55,64,,True,True,,357,87.6246207195492
159,2026-09-18T06:50:12.366+00:00,2026-09-18T06:53:57.435+00:00,2026-09-18T06:53:59.063+00:00,True,27,27.0,,27.0,225068.748005,226696.515557,226696.515638,8396.167245851851,39.564076,225068.748005,43302.45306152052,86.1095314,62.60644430769231,9.147354870947044,0.11910196296427497,55,64,,True,True,,123,87.6246207195492
160,2026-09-18T06:50:12.893+00:00,2026-09-18T06:53:59.279+00:00,2026-09-18T06:54:04.872+00:00,True,91,91.0,,91.0,226385.71864500002,231978.78872500002,231978.788834,2549.2174597142857,36.807021,226385.71864500002,23725.15911211633,75.939588,62.145223111111115,10.017032986859965,0.39227724439873785,55,64,,True,True,,353,87.6246207195492
161,2026-09-18T06:50:13.495+00:00,2026-09-18T06:54:01.814+00:00,2026-09-18T06:54:06.008+00:00,True,69,69.0,,69.0,228318.77521000002,232512.958634,232512.958718,3369.753024898551,37.50262,228318.77521000002,27478.926616559223,74.47121279999999,61.679168,8.795114830391073,0.29675765344594535,55,64,,True,True,,254,87.6246207195492
162,2026-09-18T06:50:13.990+00:00,2026-09-18T06:54:03.362+00:00,2026-09-18T06:54:08.847+00:00,True,88,88.0,,88.0,229372.181694,234856.852158,234856.852095,2668.827864715909,36.195921999999996,229372.181694,24444.43968515098,92.9993317,63.04218924137931,12.737404403772596,0.3746963275348594,55,64,,True,True,,458,87.6246207195492
163,2026-09-18T06:50:14.373+00:00,2026-09-18T06:54:04.807+00:00,2026-09-18T06:54:09.241+00:00,True,70,70.0,,70.0,230434.58697499998,234867.861599,234867.86144399998,3355.255163485714,37.276761,230434.58697499998,27534.525308075903,94.80706435,64.25035686956522,14.185220437355476,0.2980399256136372,55,64,,True,True,,334,87.6246207195492
164,2026-09-18T06:50:14.912+00:00,2026-09-18T06:54:06.892+00:00,2026-09-18T06:54:10.956+00:00,True,65,65.0,,65.0,231980.692095,236044.647039,236044.646887,3631.4561059538464,37.62371,231980.692095,28765.79039702324,92.9918978,63.499296,13.111043392339045,0.2753716333557037,55,64,,True,True,,358,87.6246207195492
165,2026-09-18T06:50:15.319+00:00,2026-09-18T06:54:08.643+00:00,2026-09-18T06:54:13.077+00:00,True,72,72.0,,72.0,233323.44475999998,237757.41032799997,237757.41026899999,3302.1862537361108,35.530362999999994,233323.44475999998,27490.074756918973,93.84728634999999,62.45021926760563,12.75880593850788,0.3028296779506131,55,64,,True,True,,277,87.6246207195492
166,2026-09-18T06:50:15.956+00:00,2026-09-18T06:54:10.953+00:00,2026-09-18T06:54:14.239+00:00,True,53,53.0,,53.0,234997.45024900002,238283.837705,238283.837896,4495.921469735849,35.704874000000004,234997.45024900002,32270.70385877256,92.5885962,63.19975876923077,13.381548701485553,0.22242381401299663,55,64,,True,True,,224,87.6246207195492
167,2026-09-18T06:50:17.246+00:00,2026-09-18T06:54:13.511+00:00,2026-09-18T06:54:14.487+00:00,True,17,17.0,,17.0,236264.48447999998,237240.94937599998,237240.949352,13955.349961882352,36.655992,236264.48447999998,57287.75352065126,47313.52681440001,61.029056,10.03081379909609,0.07165710660286108,55,64,,True,True,,74,87.6246207195492
168,2026-09-18T06:50:17.267+00:00,2026-09-18T06:54:14.197+00:00,2026-09-18T06:54:19.417+00:00,True,83,83.0,,83.0,236930.420743,242150.069511,242150.069511,2917.470717,35.400313000000004,236930.420743,25999.50806997741,97.01170219999999,63.65425326829268,11.988081365207961,0.34276265196871897,55,64,,True,True,,205,87.6246207195492
169,2026-09-18T06:50:17.540+00:00,2026-09-18T06:54:17.633+00:00,2026-09-18T06:54:20.763+00:00,True,50,50.0,,50.0,240092.914015,243223.26819099998,243223.26824499998,4864.4653649,39.670566,240092.914015,33945.23179441544,86.0014358,63.88477910204082,8.087247737475227,0.20557243709403522,55,64,,True,True,,215,87.6246207195492
170,2026-09-18T06:50:17.999+00:00,2026-09-18T06:54:19.003+00:00,2026-09-18T06:54:24.190+00:00,True,83,83.0,,83.0,241004.205316,246190.926596,246190.92669700002,2966.1557433373496,37.212391000000004,241004.205316,26446.7073832396,89.3479717,63.25269853658537,10.395300316447717,0.33713671396266864,55,64,,True,True,,335,87.6246207195492
171,2026-09-18T06:50:18.445+00:00,2026-09-18T06:54:21.012+00:00,2026-09-18T06:54:22.839+00:00,True,30,30.0,,30.0,242567.44672799998,244394.819528,244394.81950599997,8146.4939835333325,42.72733,242567.44672799998,44275.05062011509,88.01960405,63.01285517241379,9.786294388215119,0.12275219277535848,55,64,,True,True,,151,87.6246207195492
172,2026-09-18T06:50:18.947+00:00,2026-09-18T06:54:23.246+00:00,2026-09-18T06:54:23.984+00:00,True,13,13.0,,13.0,244298.879183,245036.22548700002,245036.225362,18848.94041246154,40.560624000000004,244298.879183,67739.27750615496,97776.524729,61.445525333333336,13.943828320021868,0.05305338006314374,55,64,,True,True,,43,87.6246207195492
173,2026-09-18T06:50:19.558+00:00,2026-09-18T06:54:25.594+00:00,2026-09-18T06:54:30.530+00:00,True,78,78.0,,78.0,246035.597484,250971.238828,250971.238793,3217.579984525641,36.622512,246035.597484,27850.790979927377,97.13141034999998,64.09923823376623,13.286549238177201,0.3107925846971506,55,64,,True,True,,288,87.6246207195492
174,2026-09-18T06:50:20.159+00:00,2026-09-18T06:54:27.752+00:00,2026-09-18T06:54:31.647+00:00,True,62,62.0,,62.0,247593.166162,251488.499794,251488.499799,4056.266125790323,36.167082,247593.166162,31436.256000360318,95.66983040000001,63.85792839344262,12.433293708624623,0.24653214779517005,55,64,,True,True,,238,87.6246207195492
175,2026-09-18T06:50:20.720+00:00,2026-09-18T06:54:30.046+00:00,2026-09-18T06:54:34.132+00:00,True,67,67.0,,67.0,249325.47103299998,253411.64012099997,253411.64010199998,3782.2632851044773,38.529868,249325.47103299998,30452.39162462118,75.339549,61.91165284848485,8.16050492151255,0.2643919591381382,55,64,,True,True,,212,87.6246207195492
176,2026-09-18T06:50:21.269+00:00,2026-09-18T06:54:31.892+00:00,2026-09-18T06:54:33.776+00:00,True,31,31.0,,31.0,250623.139958,252506.750582,252506.75065200002,8145.379053290323,40.346144,250623.139958,45001.9689685296,92.11480250000001,62.7870208,10.137319272719154,0.12276899500131559,55,64,,True,True,,129,87.6246207195492
177,2026-09-18T06:50:21.916+00:00,2026-09-18T06:54:34.315+00:00,2026-09-18T06:54:37.300+00:00,True,48,48.0,,48.0,252399.09470500002,255384.72286500002,255384.72281600002,5320.515058666667,37.006871,252399.09470500002,36421.50412301153,90.91203889999998,63.52400340425532,11.26551579245135,0.1879517281281288,55,64,,True,True,,201,87.6246207195492
178,2026-09-18T06:50:22.545+00:00,2026-09-18T06:54:36.976+00:00,2026-09-18T06:54:37.049+00:00,True,2,2.0,,2.0,254431.232644,254504.621444,254504.62156600002,127252.31078300001,73.38892200000001,254431.232644,179858.1561438143,241713.34045790002,73.3888,nan,0.007858403468874025,55,64,,True,True,,6,87.6246207195492
179,2026-09-18T06:50:23.001+00:00,2026-09-18T06:54:38.504+00:00,2026-09-18T06:54:40.101+00:00,True,26,26.0,,26.0,255502.503836,257099.968668,257099.968674,9888.460333615385,34.922985,255502.503836,50095.63368195694,95.66568575,63.89859328,13.149281143336099,0.1011279780962342,55,64,,True,True,,136,87.6246207195492
180,2026-09-18T06:50:23.528+00:00,2026-09-18T06:54:40.394+00:00,2026-09-18T06:54:41.262+00:00,True,15,15.0,,15.0,256866.245727,257733.598815,257733.598983,17182.2399322,58.974928999999996,256866.245727,66306.58307339971,77105.3652684,61.953792,1.5385552423835311,0.05819962965234863,55,64,,True,True,,64,87.6246207195492
181,2026-09-18T06:50:23.937+00:00,2026-09-18T06:54:42.016+00:00,2026-09-18T06:54:46.781+00:00,True,80,80.0,,80.0,258078.939505,262843.931761,262843.931666,3285.549145825,35.353564,258078.939505,28847.360316605213,70.32738735000001,60.31635767088608,8.633421688419253,0.3043631232572749,55,64,,True,True,,339,87.6246207195492
182,2026-09-18T06:50:24.300+00:00,2026-09-18T06:54:43.144+00:00,2026-09-18T06:54:44.322+00:00,True,20,20.0,,20.0,258843.388074,260022.278826,260022.278807,13001.11394035,38.574557,258843.388074,57865.26746225491,13013.3472797,62.046881684210526,7.336212303853241,0.0769164861191893,55,64,,True,True,,81,87.6246207195492
183,2026-09-18T06:50:24.708+00:00,2026-09-18T06:54:44.867+00:00,2026-09-18T06:54:49.734+00:00,True,82,82.0,,82.0,260158.846241,265026.201889,265026.201739,3232.0268504756095,39.101397,260158.846241,28723.10384599348,69.32293205,60.0908104691358,8.87249284032871,0.3094033699895974,55,64,,True,True,,390,87.6246207195492
184,2026-09-18T06:50:25.130+00:00,2026-09-18T06:54:46.030+00:00,2026-09-18T06:54:50.244+00:00,True,71,71.0,,71.0,260900.320852,265114.584916,265114.584912,3734.0082381971833,36.032373,260900.320852,30956.02806073777,77.9892585,60.20377234285714,9.355828090254528,0.2678087289029984,55,64,,True,True,,335,87.6246207195492
185,2026-09-18T06:50:25.533+00:00,2026-09-18T06:54:47.365+00:00,2026-09-18T06:54:47.402+00:00,True,2,2.0,,2.0,261831.958186,261868.457898,261868.458048,130934.229024,36.499862,261831.958186,185117.3438647406,248742.18526980001,36.499712,nan,0.0076374222999358605,55,64,,True,True,,5,87.6246207195492
186,2026-09-18T06:50:26.043+00:00,2026-09-18T06:54:49.554+00:00,2026-09-18T06:54:53.646+00:00,True,69,69.0,,69.0,263511.751177,267603.765001,267603.764937,3878.3154338695654,36.073182,263511.751177,31715.84444021464,83.2704438,60.176673882352944,11.050337612177044,0.2578439058947551,55,64,,True,True,,301,87.6246207195492
187,2026-09-18T06:50:26.441+00:00,2026-09-18T06:54:51.150+00:00,2026-09-18T06:54:56.984+00:00,True,97,97.0,,97.0,264709.39310499997,270543.36660899996,270543.36646199995,2789.106870742268,32.627129000000004,264709.39310499997,26870.99859480778,73.9131776,60.770557333333336,10.914373876190908,0.3585377132538912,55,64,,True,True,,452,87.6246207195492
188,2026-09-18T06:50:26.966+00:00,2026-09-18T06:54:52.909+00:00,2026-09-18T06:54:57.271+00:00,True,71,71.0,,71.0,265943.078031,270305.140623,270305.140764,3807.114658647887,40.400563999999996,265943.078031,31554.24289746711,91.92985799999998,62.31517988571429,10.233957654990114,0.26266611073825313,55,64,,True,True,,325,87.6246207195492
189,2026-09-18T06:50:27.319+00:00,2026-09-18T06:54:54.014+00:00,2026-09-18T06:54:57.337+00:00,True,54,54.0,,54.0,266694.376104,270017.396392,270017.39634200005,5000.322154481482,34.208506,266694.376104,36283.977532544515,94.50616730000002,62.698496,12.193144470753115,0.19998711461392304,55,64,,True,True,,264,87.6246207195492
190,2026-09-18T06:50:27.923+00:00,2026-09-18T06:54:56.362+00:00,2026-09-18T06:54:58.243+00:00,True,29,29.0,,29.0,268438.310442,270319.27581799997,270319.27559699997,9321.354330931033,41.088203,268438.310442,49835.27011733416,100.0813284,67.17733485714285,13.627068552548765,0.10728054783457272,55,64,,True,True,,92,87.6246207195492
191,2026-09-18T06:50:28.314+00:00,2026-09-18T06:54:57.996+00:00,2026-09-18T06:55:00.080+00:00,True,34,34.0,,34.0,269682.15373,271765.72365,271765.723851,7993.109525029412,40.705843,269682.15373,46239.281074714,97.76774375000001,63.13848242424242,11.691453650345537,0.1251077565756148,55,64,,True,True,,160,87.6246207195492
192,2026-09-18T06:50:28.879+00:00,2026-09-18T06:55:00.329+00:00,2026-09-18T06:55:01.129+00:00,True,14,14.0,,14.0,271450.001546,272249.69332200004,272249.693226,19446.406659,38.311177,271450.001546,72531.62444644068,95054.181868,61.514752,8.15489847100927,0.051423382076841016,55,64,,True,True,,21,87.6246207195492
193,2026-09-18T06:50:29.432+00:00,2026-09-18T06:55:02.326+00:00,2026-09-18T06:55:07.443+00:00,True,83,83.0,,83.0,272894.41337900003,278011.386179,278011.38627,3349.53477433735,39.253186,272894.41337900003,29947.206068586904,91.9818934,62.402107317073174,11.680092014085044,0.29854892326805543,55,64,,True,True,,404,87.6246207195492
194,2026-09-18T06:50:29.821+00:00,2026-09-18T06:55:03.497+00:00,2026-09-18T06:55:07.017+00:00,True,57,57.0,,57.0,273676.48822000006,277196.45519600005,277196.45532700006,4863.095707491229,36.372412,273676.48822000006,36241.01313239957,96.5105484,62.856553142857145,12.985935038097656,0.20563033520647458,55,64,,True,True,,205,87.6246207195492
195,2026-09-18T06:50:30.173+00:00,2026-09-18T06:55:04.840+00:00,2026-09-18T06:55:10.443+00:00,True,92,92.0,,92.0,274666.174312,280269.649,280269.64889,3046.4092270652172,36.474061,274666.174312,28629.510722872386,91.44606325000001,61.57664492307692,11.621397526619631,0.3282553081586084,55,64,,True,True,,412,87.6246207195492
196,2026-09-18T06:50:30.708+00:00,2026-09-18T06:55:07.445+00:00,2026-09-18T06:55:07.445+00:00,True,1,1.0,,1.0,276736.717351,276736.717351,276736.717351,276736.717351,276736.717351,276736.717351,nan,276736.717351,nan,nan,0.003613542899447082,55,64,,True,True,,3,87.6246207195492
197,2026-09-18T06:50:31.349+00:00,2026-09-18T06:55:09.829+00:00,2026-09-18T06:55:10.948+00:00,True,20,20.0,,20.0,278480.26335,279599.502006,279599.50197100005,13979.975098550001,35.039173999999996,278480.26335,62256.908591003834,13988.527185850002,58.907297684210526,9.852194394255058,0.07153088562929849,55,64,,True,True,,94,87.6246207195492
198,2026-09-18T06:50:31.829+00:00,2026-09-18T06:55:11.521+00:00,2026-09-18T06:55:15.309+00:00,True,61,61.0,,61.0,279691.232963,283480.102083,283480.102066,4647.214787967213,37.53548,279691.232963,35802.709664937145,94.12980400000001,63.147818666666666,12.370237021971207,0.21518265145163465,55,64,,True,True,,298,87.6246207195492
199,2026-09-18T06:50:32.431+00:00,2026-09-18T06:55:13.108+00:00,2026-09-18T06:55:13.170+00:00,True,2,2.0,,2.0,280677.028226,280738.30336200004,280738.303361,140369.1516805,61.275135,280677.028226,198425.301918416,266646.24057145003,61.275136,nan,0.007124072404972419,55,64,,True,True,,6,87.6246207195492
200,2026-09-18T06:50:32.909+00:00,2026-09-18T06:55:14.828+00:00,2026-09-18T06:55:17.892+00:00,True,51,51.0,,51.0,281919.766259,284983.759859,284983.759852,5587.916859843137,37.329480000000004,281919.766259,39468.08408296457,84.09420700000001,61.279872,11.290958805328497,0.17895756595124235,55,64,,True,True,,242,87.6246207195492
201,2026-09-18T06:50:33.526+00:00,2026-09-18T06:55:17.623+00:00,2026-09-18T06:55:18.756+00:00,True,20,20.0,,20.0,284096.498757,285229.568837,285229.56887200003,14261.4784436,36.569711000000005,284096.498757,63512.574135384275,14275.222920850001,59.635267368421054,9.32071694090547,0.0701189574473234,55,64,,True,True,,71,87.6246207195492
202,2026-09-18T06:50:34.728+00:00,2026-09-18T06:55:19.832+00:00,2026-09-18T06:55:25.288+00:00,True,90,90.0,,90.0,285104.12518000003,290559.59474800003,290559.594854,3228.4399428222227,33.962526,285104.12518000003,30046.153787281426,74.45856915,61.29741087640449,9.776113064234902,0.3097471280480559,55,64,,True,True,,357,87.6246207195492
204,2026-09-18T06:50:34.915+00:00,2026-09-18T06:55:21.393+00:00,2026-09-18T06:55:24.478+00:00,True,52,52.0,,52.0,286478.095586,289562.59837,289562.598358,5568.511506884615,36.908201,286478.095586,39718.97795924955,71.96923029999999,60.48044674509804,9.565301003129726,0.17958120383197745,55,64,,True,True,,227,87.6246207195492
203,2026-09-18T06:50:34.835+00:00,2026-09-18T06:55:21.986+00:00,2026-09-18T06:55:22.902+00:00,True,16,16.0,,16.0,287151.012346,288066.74713,288066.746978,18004.171686125,35.165164,287151.012346,71772.49126647538,71838.895003,61.0489856,8.073800949918205,0.05554268293514438,55,64,,True,True,,71,87.6246207195492
205,2026-09-18T06:50:35.225+00:00,2026-09-18T06:55:23.616+00:00,2026-09-18T06:55:24.535+00:00,True,17,17.0,,17.0,288390.481858,289309.70464199997,289309.704523,17018.217913117645,36.635011,288390.481858,69931.03258721581,57732.25969479999,57.451424,11.130896011518688,0.05876055910753592,55,64,,True,True,,76,87.6246207195492
206,2026-09-18T06:50:35.718+00:00,2026-09-18T06:55:25.979+00:00,2026-09-18T06:55:27.421+00:00,True,24,24.0,,24.0,290260.795603,291703.609555,291703.609747,12154.317072791666,39.115066,290260.795603,59236.43257798608,90.53336859999999,62.73104139130435,9.331901984815635,0.08227529318753549,55,64,,True,True,,108,87.6246207195492
207,2026-09-18T06:50:36.341+00:00,2026-09-18T06:55:28.305+00:00,2026-09-18T06:55:30.008+00:00,True,30,30.0,,30.0,291964.567658,293667.520362,293667.520532,9788.917351066666,36.938241999999995,291964.567658,53294.47364728568,91.6215674,58.72250703448276,13.41200734227747,0.10215634321091895,55,64,,True,True,,108,87.6246207195492
208,2026-09-18T06:50:36.708+00:00,2026-09-18T06:55:29.947+00:00,2026-09-18T06:55:34.770+00:00,True,77,77.0,,77.0,293238.918235,298061.797723,298061.797787,3870.9324387922074,37.190760000000004,293238.918235,33410.44558950501,90.6580494,63.45894063157895,9.180079413139621,0.2583356894047824,55,64,,True,True,,352,87.6246207195492
209,2026-09-18T06:50:37.322+00:00,2026-09-18T06:55:31.940+00:00,2026-09-18T06:55:35.831+00:00,True,62,62.0,,62.0,294618.224998,298509.162086,298509.16207900003,4814.6639045,35.700853,294618.224998,37408.45318859065,94.14772175,63.78585390163934,12.361150238905926,0.20769881757310316,55,64,,True,True,,284,87.6246207195492
210,2026-09-18T06:50:37.716+00:00,2026-09-18T06:55:33.319+00:00,2026-09-18T06:55:36.463+00:00,True,50,50.0,,50.0,295602.60091000004,298747.16334200004,298747.16337,5974.943267400001,37.1551,295602.60091000004,41795.44652292157,93.63690805,64.17474351020408,11.216298082648173,0.16736560588781543,55,64,,True,True,,246,87.6246207195492
211,2026-09-18T06:50:38.191+00:00,2026-09-18T06:55:35.279+00:00,2026-09-18T06:55:36.556+00:00,True,20,20.0,,20.0,297088.01922799996,298365.03324399993,298365.033402,14918.251670099999,42.52536,297088.01922799996,66415.87313480294,14949.564771799996,67.211264,14.024146447899604,0.06703198354897102,55,64,,True,True,,67,87.6246207195492
212,2026-09-18T06:50:38.763+00:00,2026-09-18T06:55:37.503+00:00,2026-09-18T06:55:38.825+00:00,False,23,22.0,,22.0,298739.525672,300061.430056,300061.430223,13046.149140130436,0.06622,298739.525672,62278.970124130916,90.68291450000001,60.08656290909091,15.700114272568793,0.0733183201716201,55,64,,True,False,Request timeout: 300.0s exceeded,81,87.6246207195492
213,2026-09-18T06:50:39.214+00:00,2026-09-18T06:55:39.203+00:00,2026-09-18T06:55:39.266+00:00,False,3,2.0,,2.0,299988.14028500003,300051.18591700005,300051.18587700004,100017.06195900001,0.073729,299988.14028500003,173180.03670802026,269995.6234428,31.522816,44.475726773864956,0.006665529395885269,55,64,,True,False,Request timeout: 300.0s exceeded,4,87.6246207195492
214,2026-09-18T06:50:39.859+00:00,2026-09-18T06:55:39.894+00:00,2026-09-18T06:55:39.894+00:00,False,1,0.0,,0.0,300035.55643,300035.55643,300035.55643,300035.55643,300035.55643,300035.55643,nan,300035.55643,nan,nan,0.0,55,64,,True,False,TTFT timeout: 300.0s exceeded (TTFT: 300.021s),0,87.6246207195492
215,2026-09-18T06:50:40.496+00:00,2026-09-18T06:55:40.389+00:00,2026-09-18T06:55:40.519+00:00,False,4,3.0,,3.0,299892.92642000003,300023.62338,300023.62342500006,75005.90585625001,0.03701,299892.92642000003,149924.68357522856,254919.42241250002,43.56565333333334,37.93433597869272,0.009999212616002237,55,64,,True,False,Request timeout: 300.0s exceeded,5,87.6246207195492
216,2026-09-18T06:50:41.011+00:00,2026-09-18T06:55:41.055+00:00,2026-09-18T06:55:41.055+00:00,False,1,0.0,,0.0,300044.623533,300044.623533,300044.623533,300044.623533,300044.623533,300044.623533,nan,300044.623533,nan,nan,0.0,55,64,,True,False,"HTTPConnectionPool(host='gpu03', port=9002): Read timed out.",0,87.6246207195492
217,2026-09-18T06:50:41.374+00:00,2026-09-18T06:55:41.410+00:00,2026-09-18T06:55:41.410+00:00,False,1,0.0,,0.0,300035.43864,300035.43864,300035.43864,300035.43864,300035.43864,300035.43864,nan,300035.43864,nan,nan,0.0,55,64,,True,False,TTFT timeout: 300.0s exceeded (TTFT: 300.028s),0,87.6246207195492
218,2026-09-18T06:50:41.782+00:00,2026-09-18T06:55:41.745+00:00,2026-09-18T06:55:41.836+00:00,False,3,2.0,,2.0,299962.245278,300053.172126,300053.172037,100017.72401233333,0.03839,299962.245278,173157.04072184634,269975.1095871,45.463424,64.24068501192335,0.0066654852732573305,55,64,,True,False,Request timeout: 300.0s exceeded,4,87.6246207195492
219,2026-09-18T06:50:42.358+00:00,2026-09-18T06:55:42.477+00:00,2026-09-18T06:55:42.477+00:00,False,1,0.0,,0.0,300119.541937,300119.541937,300119.541937,300119.541937,300119.541937,300119.541937,nan,300119.541937,nan,nan,0.0,55,64,,True,False,"HTTPConnectionPool(host='gpu03', port=9002): Read timed out.",0,87.6246207195492
220,2026-09-18T06:50:42.810+00:00,2026-09-18T06:55:42.746+00:00,2026-09-18T06:55:42.893+00:00,False,4,3.0,,3.0,299936.687128,300082.774296,300082.774144,75020.693536,0.048229999999999995,299936.687128,149943.99967405538,254957.1914116,48.69572266666666,42.13139499613187,0.009997241617877127,55,64,,True,False,Request timeout: 300.0s exceeded,11,87.6246207195492
221,2026-09-18T06:50:43.217+00:00,2026-09-18T06:55:43.141+00:00,2026-09-18T06:55:43.270+00:00,False,4,3.0,,3.0,299924.66106099996,300053.55782899994,300053.55793899996,75013.38948474999,0.03595,299924.66106099996,149940.85083509333,254946.29973549995,42.965589333333334,37.44819821819904,0.009998215057692118,55,64,,True,False,Request timeout: 300.0s exceeded,16,87.6246207195492
222,2026-09-18T06:50:43.710+00:00,2026-09-18T06:55:43.817+00:00,2026-09-18T06:55:43.817+00:00,False,1,0.0,,0.0,300107.65569499996,300107.65569499996,300107.65569499996,300107.65569499996,300107.65569499996,300107.65569499996,nan,300107.65569499996,nan,nan,0.0,55,64,,True,False,"HTTPConnectionPool(host='gpu03', port=9002): Read timed out.",0,87.6246207195492
223,2026-09-18T06:50:44.160+00:00,2026-09-18T06:55:44.153+00:00,2026-09-18T06:55:44.254+00:00,False,3,2.0,,2.0,299992.59883,300093.180718,300093.180571,100031.06019033333,0.04306,299992.59883,173171.77953176908,270003.3928151,50.290944,71.0613125724553,0.006664596627003718,55,64,,True,False,Request timeout: 300.0s exceeded,9,87.6246207195492
224,2026-09-18T06:50:44.513+00:00,2026-09-18T06:55:44.353+00:00,2026-09-18T06:55:44.424+00:00,True,2,2.0,,2.0,299840.648186,299911.652346,299911.652482,149955.826241,71.004296,299840.648186,211969.1479884955,284852.1659915,71.00416,nan,0.006668630526207944,55,64,,True,True,,7,87.6246207195492
225,2026-09-18T06:50:45.049+00:00,2026-09-18T06:55:45.317+00:00,2026-09-18T06:55:45.909+00:00,False,11,10.0,,10.0,300268.11018,300860.51722000004,300860.517248,27350.956113454547,0.03598,300268.11018,90516.3832687194,150179.2633105,59.240704,26.07328087902894,0.03323799377998025,55,64,,True,False,Request timeout: 300.0s exceeded,34,87.6246207195492
227,2026-09-18T06:50:45.985+00:00,2026-09-18T06:55:46.102+00:00,2026-09-18T06:55:46.102+00:00,False,1,0.0,,0.0,300116.77139,300116.77139,300116.77139,300116.77139,300116.77139,300116.77139,nan,300116.77139,nan,nan,0.0,55,64,,True,False,"HTTPConnectionPool(host='gpu03', port=9002): Read timed out.",0,87.6246207195492
228,2026-09-18T06:50:46.339+00:00,2026-09-18T06:55:46.713+00:00,2026-09-18T06:55:46.713+00:00,False,1,0.0,,0.0,300373.906789,300373.906789,300373.906789,300373.906789,300373.906789,300373.906789,nan,300373.906789,nan,nan,0.0,55,64,,True,False,"HTTPConnectionPool(host='gpu03', port=9002): Read timed out.",0,87.6246207195492
226,2026-09-18T06:50:45.512+00:00,2026-09-18T06:55:46.714+00:00,2026-09-18T06:55:46.714+00:00,False,1,0.0,,0.0,301201.625417,301201.625417,301201.625417,301201.625417,301201.625417,301201.625417,nan,301201.625417,nan,nan,0.0,55,64,,True,False,"HTTPConnectionPool(host='gpu03', port=9002): Read timed out.",0,87.6246207195492
229,2026-09-18T06:50:46.890+00:00,2026-09-18T06:55:46.997+00:00,2026-09-18T06:55:46.997+00:00,False,1,0.0,,0.0,300107.30884500005,300107.30884500005,300107.30884500005,300107.30884500005,300107.30884500005,300107.30884500005,nan,300107.30884500005,nan,nan,0.0,55,64,,True,False,"HTTPConnectionPool(host='gpu03', port=9002): Read timed out.",0,87.6246207195492
230,2026-09-18T06:50:47.359+00:00,2026-09-18T06:55:47.291+00:00,2026-09-18T06:55:47.409+00:00,False,4,3.0,,3.0,299932.59275099996,300049.95774299995,300049.95784099994,75012.48946024998,0.022949999999999998,299932.59275099996,149946.7380762346,254951.56047584995,39.121664,33.862457346660946,0.009998335019162285,55,64,,True,False,Request timeout: 300.0s exceeded,10,87.6246207195492
231,2026-09-18T06:50:47.742+00:00,2026-09-18T06:55:47.350+00:00,2026-09-18T06:55:47.795+00:00,False,10,9.0,,9.0,299608.600769,300052.883393,300052.88334500004,30005.2883345,0.038020000000000005,299608.600769,94728.95001833557,164813.38195445001,49.364736,20.730096814250338,0.02999471259275345,55,64,,True,False,Request timeout: 300.0s exceeded,27,87.6246207195492
232,2026-09-18T06:50:48.213+00:00,2026-09-18T06:55:48.317+00:00,2026-09-18T06:55:48.317+00:00,False,1,0.0,,0.0,300104.098968,300104.098968,300104.098968,300104.098968,300104.098968,300104.098968,nan,300104.098968,nan,nan,0.0,55,64,,True,False,"HTTPConnectionPool(host='gpu03', port=9002): Read timed out.",0,87.6246207195492
233,2026-09-18T06:50:48.646+00:00,2026-09-18T06:55:48.655+00:00,2026-09-18T06:55:48.655+00:00,False,1,0.0,,0.0,300009.403223,300009.403223,300009.403223,300009.403223,300009.403223,300009.403223,nan,300009.403223,nan,nan,0.0,55,64,,True,False,TTFT timeout: 300.0s exceeded (TTFT: 300.005s),0,87.6246207195492
234,2026-09-18T06:50:49.172+00:00,2026-09-18T06:55:49.046+00:00,2026-09-18T06:55:49.240+00:00,False,5,4.0,,4.0,299873.480176,300067.89553599997,300067.895601,60013.5791202,0.03807,299873.480176,134085.76395500978,239913.04866399997,48.60384,32.72848105655028,0.013330316436734928,55,64,,True,False,Request timeout: 300.0s exceeded,11,87.6246207195492
235,2026-09-18T06:50:49.613+00:00,2026-09-18T06:55:49.765+00:00,2026-09-18T06:55:49.765+00:00,False,1,0.0,,0.0,300151.749363,300151.749363,300151.749363,300151.749363,300151.749363,300151.749363,nan,300151.749363,nan,nan,0.0,55,64,,True,False,"HTTPConnectionPool(host='gpu03', port=9002): Read timed out.",0,87.6246207195492
236,2026-09-18T06:50:50.035+00:00,2026-09-18T06:55:50.021+00:00,2026-09-18T06:55:50.093+00:00,False,3,2.0,,2.0,299986.16889200005,300058.01273200003,300058.012547,100019.33751566669,0.03597,299986.16889200005,173176.35960434374,269994.7327713,35.92192,50.75021899773391,0.006665377744090844,55,64,,True,False,Request timeout: 300.0s exceeded,7,87.6246207195492
237,2026-09-18T06:50:50.652+00:00,2026-09-18T06:55:50.452+00:00,2026-09-18T06:55:50.676+00:00,False,6,5.0,,5.0,299799.197687,300023.39813499997,300023.397916,50003.89965266666,0.074139,299799.197687,122374.20650544074,224865.80286424997,44.8400896,27.318055904745435,0.01666536687165371,55,64,,True,False,Request timeout: 300.0s exceeded,36,87.6246207195492
238,2026-09-18T06:50:51.165+00:00,2026-09-18T06:55:51.214+00:00,2026-09-18T06:55:51.214+00:00,False,1,0.0,,0.0,300048.95618599997,300048.95618599997,300048.95618599997,300048.95618599997,300048.95618599997,300048.95618599997,nan,300048.95618599997,nan,nan,0.0,55,64,,True,False,TTFT timeout: 300.0s exceeded (TTFT: 300.019s),0,87.6246207195492
239,2026-09-18T06:50:51.693+00:00,2026-09-18T06:55:51.680+00:00,2026-09-18T06:55:51.739+00:00,False,3,2.0,,2.0,299987.634647,300046.528983,300046.528897,100015.50963233333,0.04164,299987.634647,173180.94280793038,269994.7564433,29.447168,41.585572055548305,0.006665632849608187,55,64,,True,False,Request timeout: 300.0s exceeded,7,87.6246207195492
240,2026-09-18T06:50:52.070+00:00,2026-09-18T06:55:52.172+00:00,2026-09-18T06:55:52.172+00:00,False,1,0.0,,0.0,300101.181235,300101.181235,300101.181235,300101.181235,300101.181235,300101.181235,nan,300101.181235,nan,nan,0.0,55,64,,True,False,"HTTPConnectionPool(host='gpu03', port=9002): Read timed out.",0,87.6246207195492
241,2026-09-18T06:50:52.497+00:00,2026-09-18T06:55:52.570+00:00,2026-09-18T06:55:52.570+00:00,False,1,0.0,,0.0,300073.194056,300073.194056,300073.194056,300073.194056,300073.194056,300073.194056,nan,300073.194056,nan,nan,0.0,55,64,,True,False,"HTTPConnectionPool(host='gpu03', port=9002): Read timed out.",0,87.6246207195492
242,2026-09-18T06:50:53.063+00:00,2026-09-18T06:55:52.889+00:00,2026-09-18T06:55:53.108+00:00,False,8,7.0,,7.0,299825.575336,300044.650664,300044.650695,37505.581336875,0.018959,299825.575336,105993.28454285198,194899.81069755004,31.29647542857143,13.824848650635118,0.023329861020714656,55,64,,True,False,Request timeout: 300.0s exceeded,22,87.6246207195492
0,2026-09-18T06:48:53.194+00:00,2026-09-18T06:48:53.416+00:00,2026-09-18T06:48:57.070+00:00,True,65,65.0,,65.0,222.626006,3875.804886,3875.804808,59.627766276923076,18.515736,222.626006,24.01080333940935,71.2147614,57.08092,12.544309486351263,16.77071006200285,56,64,,False,True,,355,87.6246207195492
1,2026-09-18T06:48:53.578+00:00,2026-09-18T06:48:53.706+00:00,2026-09-18T06:48:54.507+00:00,True,15,15.0,,15.0,127.998852,929.282948,929.282873,61.952191533333334,16.37369,127.998852,24.989162218549474,101.3545217,57.234578285714285,17.691051804602147,16.14147771922745,56,64,,False,True,,72,87.6246207195492
2,2026-09-18T06:48:53.896+00:00,2026-09-18T06:48:54.087+00:00,2026-09-18T06:48:55.290+00:00,True,23,23.0,,23.0,190.800956,1393.487676,1393.487801,60.58642613043478,12.579467000000001,190.800956,31.737381906163897,82.69134999999999,54.66757818181818,14.529507214573126,16.505348698900157,56,64,,False,True,,88,87.6246207195492
3,2026-09-18T06:48:54.196+00:00,2026-09-18T06:48:56.260+00:00,2026-09-18T06:48:59.611+00:00,True,56,56.0,,56.0,2063.449506,5414.606754,5414.606649,96.68940444642857,40.420515,2063.449506,267.68600755942117,71.84114975,60.93013178181818,6.9304734824175815,10.342394663957899,56,64,,False,True,,232,87.6246207195492
4,2026-09-18T06:48:54.621+00:00,2026-09-18T06:48:57.822+00:00,2026-09-18T06:49:01.793+00:00,True,67,67.0,,67.0,3200.340833,7171.405665,7171.405824,107.03590782089553,10.202571,3200.340833,383.8098665034122,70.40999620000001,60.16764896969697,11.732752011725799,9.342659323679467,56,64,,False,True,,230,87.6246207195492
5,2026-09-18T06:48:55.013+00:00,2026-09-18T06:48:59.142+00:00,2026-09-18T06:49:03.918+00:00,True,81,81.0,,81.0,4129.273787,8905.187771,8905.187873,109.94059102469136,0.0,4129.273787,452.3988525716152,68.833343,59.6989248,14.320198637613819,9.095821680905912,56,64,,False,True,,262,87.6246207195492
6,2026-09-18T06:48:55.277+00:00,2026-09-18T06:48:59.970+00:00,2026-09-18T06:49:00.587+00:00,True,11,11.0,,11.0,4692.404251,5309.984283,5309.9841129999995,482.7258284545454,55.79719600000001,4692.404251,1396.1953291261186,2379.278059,61.758003200000005,3.0240925129815865,2.0715692201230573,56,64,,False,True,,37,87.6246207195492
7,2026-09-18T06:48:55.699+00:00,2026-09-18T06:49:01.623+00:00,2026-09-18T06:49:03.611+00:00,True,35,35.0,,35.0,5923.883793,7912.048145,7912.048248,226.05852137142858,0.0,5923.883793,991.5816426860366,83.73953069999999,58.47542211764706,17.31108023732965,4.423633344814537,56,64,,False,True,,116,87.6246207195492
8,2026-09-18T06:48:56.035+00:00,2026-09-18T06:49:02.913+00:00,2026-09-18T06:49:04.042+00:00,True,20,20.0,,20.0,6877.226191,8006.808271,8006.808292,400.3404146,41.631183,6877.226191,1524.5202398055226,411.7319857,59.45168842105264,7.925242597530602,2.4978742244195296,56,64,,False,True,,92,87.6246207195492
9,2026-09-18T06:48:56.439+00:00,2026-09-18T06:49:04.169+00:00,2026-09-18T06:49:08.221+00:00,True,66,66.0,,66.0,7730.206295,11782.687831,11782.688015,178.52557598484847,0.01862,7730.206295,944.7206445436883,135.84978525,62.34586978461538,40.903372020571204,5.601438393908342,56,64,,False,True,,336,87.6246207195492
10,2026-09-18T06:48:56.809+00:00,2026-09-18T06:49:05.740+00:00,2026-09-18T06:49:06.240+00:00,True,9,9.0,,9.0,8930.531815,9431.137255,9431.137305,1047.904145,57.006574,8930.531815,2955.988016905316,5386.565508600001,62.57568,4.223846671502851,0.9542857617970274,56,64,,False,True,,34,87.6246207195492
11,2026-09-18T06:48:57.206+00:00,2026-09-18T06:49:07.299+00:00,2026-09-18T06:49:11.980+00:00,True,79,79.0,,79.0,10093.033925000002,14774.271429,14774.271586,187.01609602531647,0.0,10093.033925000002,1129.605725708013,80.4335224,60.01586543589743,42.86095598870609,5.34713338519916,56,64,,False,True,,422,87.6246207195492
12,2026-09-18T06:48:57.525+00:00,2026-09-18T06:49:08.343+00:00,2026-09-18T06:49:09.151+00:00,True,15,15.0,,15.0,10818.171037,11625.683869,11625.683947,775.0455964666667,35.884653,10818.171037,2778.3600724222515,3291.1968627,57.679488,8.854885340166488,1.2902466787349727,56,64,,False,True,,61,87.6246207195492
13,2026-09-18T06:48:57.831+00:00,2026-09-18T06:49:09.435+00:00,2026-09-18T06:49:10.033+00:00,True,11,11.0,,11.0,11604.159056,12201.840464,12201.840566,1109.2582332727272,37.484480000000005,11604.159056,3480.7774013207936,5837.653636999999,59.7681408,9.863431003544049,0.9015033455366115,56,64,,False,True,,45,87.6246207195492
14,2026-09-18T06:48:58.176+00:00,2026-09-18T06:49:10.762+00:00,2026-09-18T06:49:12.802+00:00,True,35,35.0,,35.0,12585.767013,14626.076005,14626.075882000001,417.88788234285715,0.0,12585.767013,2117.4655201182495,111.14824799999998,60.009088,31.40127343613437,2.3929863339992945,56,64,,False,True,,145,87.6246207195492
15,2026-09-18T06:48:58.623+00:00,2026-09-18T06:49:12.501+00:00,2026-09-18T06:49:17.583+00:00,True,86,86.0,,86.0,13877.729752000001,18959.992792,18959.992858,220.46503323255814,0.0,13877.729752000001,1490.4879396342794,69.16116175,59.79132988235294,37.30065509898599,4.535866703297848,56,64,,False,True,,171,87.6246207195492
16,2026-09-18T06:48:59.038+00:00,2026-09-18T06:49:14.146+00:00,2026-09-18T06:49:15.801+00:00,True,29,29.0,,29.0,15107.950144999999,16762.260544999997,16762.260480999998,578.0089821034483,36.250413,15107.950144999999,2794.5147412684423,66.5936766,59.08251428571428,7.680248710695955,1.7300769142769583,56,64,,False,True,,112,87.6246207195492
17,2026-09-18T06:48:59.441+00:00,2026-09-18T06:49:15.445+00:00,2026-09-18T06:49:18.557+00:00,True,53,53.0,,53.0,16004.879539000001,19116.825523,19116.825397,360.6948188113208,0.0,16004.879539000001,2190.545582065213,70.6131906,59.84511507692308,38.19795717855802,2.7724268308163498,56,64,,False,True,,195,87.6246207195492
18,2026-09-18T06:48:59.691+00:00,2026-09-18T06:49:16.278+00:00,2026-09-18T06:49:19.503+00:00,True,55,55.0,,55.0,16587.383616,19812.032831999997,19812.032914,360.21878025454544,0.0,16587.383616,2228.9045396085658,68.7496061,59.71572622222222,37.77865771483173,2.7760906953053857,56,64,,False,True,,224,87.6246207195492
19,2026-09-18T06:48:59.994+00:00,2026-09-18T06:49:17.581+00:00,2026-09-18T06:49:23.467+00:00,True,96,96.0,,96.0,17587.111018,23472.594794,23472.594812,244.50619595833334,0.0,17587.111018,1789.3324897773275,91.3128325,61.9524608,49.53215267901419,4.089875910290892,56,64,,False,True,,556,87.6246207195492
20,2026-09-18T06:49:00.337+00:00,2026-09-18T06:49:18.846+00:00,2026-09-18T06:49:21.160+00:00,True,38,38.0,,38.0,18509.670194,20823.54181,20823.541845,547.9879432894736,0.0,18509.670194,2992.919664616699,125.22455275,62.5370707027027,49.57507421803834,1.824857670550138,56,64,,False,True,,134,87.6246207195492
21,2026-09-18T06:49:00.668+00:00,2026-09-18T06:49:20.254+00:00,2026-09-18T06:49:25.328+00:00,True,87,87.0,,87.0,19586.117624000002,24659.730424,24659.730276000002,283.4451755862069,0.0,19586.117624000002,2094.210459257225,92.16638859999999,58.99549767441861,53.80338228831718,3.528019102566001,56,64,,False,True,,429,87.6246207195492
22,2026-09-18T06:49:00.914+00:00,2026-09-18T06:49:20.883+00:00,2026-09-18T06:49:22.352+00:00,True,24,24.0,,24.0,19969.167352,21438.698488,21438.698502,893.27910425,0.01853,19969.167352,4063.6972930810202,313.85039654999997,63.89265808695652,68.3657410668145,1.1194709423910993,56,64,,False,True,,70,87.6246207195492
23,2026-09-18T06:49:01.300+00:00,2026-09-18T06:49:22.348+00:00,2026-09-18T06:49:27.394+00:00,True,84,84.0,,84.0,21047.927257,26093.466585,26093.466532,310.63650633333333,0.0,21047.927257,2290.2142639658373,87.22472184999998,60.78963045783132,39.102622591901536,3.219196641671519,56,64,,False,True,,398,87.6246207195492
24,2026-09-18T06:49:01.657+00:00,2026-09-18T06:49:23.779+00:00,2026-09-18T06:49:26.650+00:00,True,49,49.0,,49.0,22122.793431000002,24993.865175000003,24993.865175000003,510.078881122449,0.0,22122.793431000002,3152.208469574787,83.321759,59.813994666666666,47.75794943017733,1.9604810883357098,56,64,,False,True,,210,87.6246207195492
25,2026-09-18T06:49:02.109+00:00,2026-09-18T06:49:25.452+00:00,2026-09-18T06:49:31.346+00:00,True,98,98.0,,98.0,23343.401932,29237.568716,29237.56865,298.342537244898,0.0,23343.401932,2352.2216538287603,70.76407835,60.76460602061856,39.007284232471065,3.3518518913773554,56,64,,False,True,,479,87.6246207195492
26,2026-09-18T06:49:02.536+00:00,2026-09-18T06:49:27.088+00:00,2026-09-18T06:49:29.181+00:00,True,37,37.0,,37.0,24552.003475999998,26644.280723999997,26644.280688,720.1156942702702,0.0,24552.003475999998,4027.249894397692,134.89434500000002,58.11881244444445,63.06253561872632,1.3886657471924932,56,64,,False,True,,191,87.6246207195492
27,2026-09-18T06:49:02.870+00:00,2026-09-18T06:49:28.464+00:00,2026-09-18T06:49:30.038+00:00,True,30,30.0,,30.0,25594.478168999998,27167.811160999998,27167.811306,905.5937101999999,0.0,25594.478168999998,4663.039018174224,81.64021059999999,54.25286179310345,22.663795862274934,1.1042479580786277,56,64,,False,True,,135,87.6246207195492
28,2026-09-18T06:49:03.184+00:00,2026-09-18T06:49:29.844+00:00,2026-09-18T06:49:31.915+00:00,True,35,35.0,,35.0,26659.929839,28730.817263,28730.817331000002,820.8804951714286,40.416055,26659.929839,4496.0588324446335,67.4918921,60.90845364705882,5.7860977310411785,1.2182041213659993,56,64,,False,True,,143,87.6246207195492
29,2026-09-18T06:49:03.608+00:00,2026-09-18T06:49:31.446+00:00,2026-09-18T06:49:35.718+00:00,True,73,73.0,,73.0,27838.159851,32109.826027,32109.826052,439.8606308493151,0.0,27838.159851,3252.175749033593,70.4818748,59.328696888888885,77.4472501174919,2.273447384567482,56,64,,False,True,,298,87.6246207195492
30,2026-09-18T06:49:03.975+00:00,2026-09-18T06:49:32.664+00:00,2026-09-18T06:49:35.723+00:00,True,52,52.0,,52.0,28688.60123,31747.913358,31747.913264,610.5367935384616,0.0,28688.60123,3971.112866884375,253.36377405,59.98651231372549,91.7081036542064,1.6379029202212678,56,64,,False,True,,240,87.6246207195492
31,2026-09-18T06:49:04.421+00:00,2026-09-18T06:49:34.429+00:00,2026-09-18T06:49:36.347+00:00,True,33,33.0,,33.0,30007.700498,31925.895441999997,31925.895342,967.451374,0.016829999999999998,30007.700498,5213.956802843816,265.46117200000003,59.943592,88.12310014578227,1.0336436783723524,56,64,,False,True,,182,87.6246207195492
32,2026-09-18T06:49:04.821+00:00,2026-09-18T06:49:35.843+00:00,2026-09-18T06:49:40.675+00:00,True,80,80.0,,80.0,31021.717625,35853.385081,35853.385192,448.1673149,0.0,31021.717625,3461.9360839739375,94.46185694999998,61.1603475443038,55.58074639385461,2.231309535187931,56,64,,False,True,,416,87.6246207195492
33,2026-09-18T06:49:05.192+00:00,2026-09-18T06:49:37.272+00:00,2026-09-18T06:49:40.100+00:00,True,48,48.0,,48.0,32079.882448,34908.122064,34908.122121,727.2525441875,0.0,32079.882448,4622.16992581774,105.83698544999999,60.17531097872341,70.30204186815358,1.3750381619497478,56,64,,False,True,,152,87.6246207195492
34,2026-09-18T06:49:05.519+00:00,2026-09-18T06:49:38.991+00:00,2026-09-18T06:49:44.466+00:00,True,98,98.0,,98.0,33471.751815,38946.805639000006,38946.805665,397.4163843367347,0.0,33471.751815,3375.5152237766843,93.33027325,56.4438538556701,20.127075697989397,2.516252575586485,56,64,,False,True,,418,87.6246207195492
35,2026-09-18T06:49:05.807+00:00,2026-09-18T06:49:39.439+00:00,2026-09-18T06:49:41.745+00:00,True,40,40.0,,40.0,33631.622974,35937.339966,35937.339971,898.4334992749999,36.435753,33631.622974,5308.28658487652,69.03321614999999,59.12094851282051,9.293848215816748,1.1130484347991156,56,64,,False,True,,222,87.6246207195492
36,2026-09-18T06:49:06.196+00:00,2026-09-18T06:49:41.131+00:00,2026-09-18T06:49:44.042+00:00,True,47,47.0,,47.0,34934.224357,37845.590245,37845.590296,805.2253254468085,33.083038,34934.224357,5086.469375158038,101.6641637,63.290562782608696,14.74732375961024,1.241888412777746,56,64,,False,True,,232,87.6246207195492
37,2026-09-18T06:49:06.592+00:00,2026-09-18T06:49:42.765+00:00,2026-09-18T06:49:47.267+00:00,True,73,73.0,,73.0,36172.864826,40674.32889,40674.328821999996,557.1825866027397,0.0,36172.864826,4226.938394514305,95.7188618,62.520334222222225,68.17898703371254,1.7947438099697188,56,64,,False,True,,312,87.6246207195492
38,2026-09-18T06:49:06.843+00:00,2026-09-18T06:49:43.670+00:00,2026-09-18T06:49:48.853+00:00,True,76,76.0,,76.0,36826.444184,42009.905048,42009.905062,552.7619087105263,0.0,36826.444184,4217.45772798773,93.68255475,69.11281152,97.08360105004789,1.8090971620422216,56,64,,False,True,,336,87.6246207195492
39,2026-09-18T06:49:07.296+00:00,2026-09-18T06:49:45.309+00:00,2026-09-18T06:49:49.443+00:00,True,70,70.0,,70.0,38012.686882,42146.948130000004,42146.948305000005,602.0992615,0.0,38012.686882,4536.819488710661,91.36952819999999,59.91682968115942,74.06421268955567,1.6608557227937062,56,64,,False,True,,319,87.6246207195492
40,2026-09-18T06:49:07.558+00:00,2026-09-18T06:49:46.174+00:00,2026-09-18T06:49:48.794+00:00,True,40,40.0,,40.0,38616.287412,41236.100532,41236.100409,1030.902510225,0.01685,38616.287412,6095.8466733580035,120.41950915000001,67.17469538461539,93.36979645701696,0.9700238258212424,56,64,,False,True,,192,87.6246207195492
41,2026-09-18T06:49:07.995+00:00,2026-09-18T06:49:48.840+00:00,2026-09-18T06:49:54.102+00:00,True,95,95.0,,95.0,40845.037617,46106.651953,46106.65191,485.33317800000003,0.0,40845.037617,4185.432069404845,80.66057310000001,55.97462059574468,68.98528296157002,2.060440217972033,56,64,,False,True,,376,87.6246207195492
42,2026-09-18T06:49:08.316+00:00,2026-09-18T06:49:49.442+00:00,2026-09-18T06:49:49.636+00:00,True,4,4.0,,4.0,41126.043132,41320.563708,41320.563513,10330.14087825,59.506191,41126.043132,20530.60212990121,34967.88670875,64.840192,6.21629030545775,0.09680410045387564,56,64,,False,True,,22,87.6246207195492
43,2026-09-18T06:49:08.758+00:00,2026-09-18T06:49:51.167+00:00,2026-09-18T06:49:52.598+00:00,True,25,25.0,,25.0,42408.132012999995,43839.13873299999,43839.13849399999,1753.5655397599999,0.0,42408.132012999995,8470.662137191894,538.2765352000001,59.62528,130.32179796727118,0.5702666777342777,56,64,,False,True,,119,87.6246207195492
44,2026-09-18T06:49:09.154+00:00,2026-09-18T06:49:52.720+00:00,2026-09-18T06:49:57.493+00:00,True,78,78.0,,78.0,43566.042792,48338.401448000004,48338.401348,619.7230942051282,37.476001,43566.042792,4925.881243144995,94.25895704999999,61.97868384415584,12.62738886261978,1.613623902807552,56,64,,False,True,,368,87.6246207195492
45,2026-09-18T06:49:09.448+00:00,2026-09-18T06:49:54.101+00:00,2026-09-18T06:49:54.162+00:00,True,2,2.0,,2.0,44653.202761,44714.235465,44714.235488,22357.117744,61.032727,44653.202761,31531.42581886496,42423.5942593,61.032704,nan,0.04472848477003475,56,64,,False,True,,3,87.6246207195492
46,2026-09-18T06:49:09.730+00:00,2026-09-18T06:49:55.094+00:00,2026-09-18T06:49:59.705+00:00,True,75,75.0,,75.0,45363.883483000005,49975.180763000004,49975.18083700001,666.3357444933334,35.168976,45363.883483000005,5230.993739319557,94.0805389,62.31482810810811,14.257687940660363,1.5007449468902683,56,64,,False,True,,303,87.6246207195492
47,2026-09-18T06:49:10.105+00:00,2026-09-18T06:49:56.612+00:00,2026-09-18T06:49:59.137+00:00,True,41,41.0,,41.0,46506.772051,49032.490835,49032.490651,1195.9144061219513,33.933688000000004,46506.772051,7253.296115331533,95.496554,63.1429696,17.18334786073208,0.8361802409339093,56,64,,False,True,,209,87.6246207195492
48,2026-09-18T06:49:10.532+00:00,2026-09-18T06:49:58.566+00:00,2026-09-18T06:49:58.954+00:00,True,7,7.0,,7.0,48033.942119,48422.086247,48422.086143,6917.440877571428,42.807891000000005,48033.942119,18130.687000302452,33657.8166143,64.690688,24.818884625536256,0.14456213150943464,56,64,,False,True,,46,87.6246207195492
49,2026-09-18T06:49:10.918+00:00,2026-09-18T06:50:00.796+00:00,2026-09-18T06:50:02.847+00:00,True,46,46.0,,46.0,49878.170282,51928.655274,51928.655378999996,1128.8838125869565,0.0,49878.170282,7349.0201723689,78.762927,45.566333155555554,155.24921569372484,0.8858307567812487,56,64,,False,True,,205,87.6246207195492
50,2026-09-18T06:49:11.191+00:00,2026-09-18T06:50:01.064+00:00,2026-09-18T06:50:05.301+00:00,True,70,70.0,,70.0,49872.631155,54109.564019000005,54109.564139,772.9937734142858,0.0158,49872.631155,5954.818607164335,97.81717624999999,61.404824115942034,122.32493441520751,1.2936714843132027,56,64,,False,True,,411,87.6246207195492
51,2026-09-18T06:49:11.596+00:00,2026-09-18T06:50:03.009+00:00,2026-09-18T06:50:05.182+00:00,True,36,36.0,,36.0,51412.66411,53585.607725999995,53585.607821,1488.489106138889,35.082626,51412.66411,8558.439037041779,97.28964574999998,62.08410331428572,12.618401763767054,0.6718221837490261,56,64,,False,True,,167,87.6246207195492
52,2026-09-18T06:49:11.904+00:00,2026-09-18T06:50:04.495+00:00,2026-09-18T06:50:09.901+00:00,True,84,84.0,,84.0,52591.263810000004,57996.89939400001,57996.899408000005,690.4392786666667,0.0,52591.263810000004,5731.72500915161,99.55937985,65.12813956626506,87.09333307186978,1.4483532891879063,56,64,,False,True,,347,87.6246207195492
53,2026-09-18T06:49:12.329+00:00,2026-09-18T06:50:06.103+00:00,2026-09-18T06:50:09.079+00:00,True,48,48.0,,48.0,53773.523015,56749.644103,56749.644025,1182.2842505208332,38.488648999999995,53773.523015,7752.41152173737,96.40970345,63.32172527659574,13.630746173676963,0.8458202823771108,56,64,,False,True,,222,87.6246207195492
54,2026-09-18T06:49:12.633+00:00,2026-09-18T06:50:07.230+00:00,2026-09-18T06:50:12.378+00:00,True,84,84.0,,84.0,54597.0021,59744.514676,59744.514683999994,711.2442224285714,0.0,54597.0021,5950.8979599117465,91.53368525,62.018223807228914,88.03719525564554,1.4059868166230778,56,64,,False,True,,332,87.6246207195492
55,2026-09-18T06:49:12.958+00:00,2026-09-18T06:50:08.474+00:00,2026-09-18T06:50:11.078+00:00,True,42,42.0,,42.0,55515.662189,58119.961709,58119.961814,1383.8086146190476,0.0,55515.662189,8557.383208910478,94.31641800000001,63.519500487804876,127.85093602666618,0.7226432840800755,56,64,,False,True,,189,87.6246207195492
56,2026-09-18T06:49:13.279+00:00,2026-09-18T06:50:09.902+00:00,2026-09-18T06:50:12.309+00:00,True,44,44.0,,44.0,56622.882471000004,59029.764775,59029.764641,1341.5855600227273,0.0,56622.882471000004,8527.806777129526,93.84139524999999,55.974007069767445,20.667498707338346,0.7453866734470652,56,64,,False,True,,45,87.6246207195492
57,2026-09-18T06:49:13.648+00:00,2026-09-18T06:50:11.079+00:00,2026-09-18T06:50:14.836+00:00,True,64,64.0,,64.0,57431.032575000005,61187.32006300001,61187.320055000004,956.0518758593751,34.978435,57431.032575000005,7171.433264330469,70.87500645,59.62361092063492,10.20369925902383,1.0459683466133831,56,64,,False,True,,317,87.6246207195492
58,2026-09-18T06:49:14.007+00:00,2026-09-18T06:50:12.373+00:00,2026-09-18T06:50:15.625+00:00,True,54,54.0,,54.0,58366.208625,61618.355057,61618.354895,1141.0806462037037,35.241074999999995,58366.208625,7934.2922170250085,78.2124075,61.36125343396226,10.98551366530728,0.8763622454712943,56,64,,False,True,,184,87.6246207195492
59,2026-09-18T06:49:14.327+00:00,2026-09-18T06:50:13.307+00:00,2026-09-18T06:50:17.418+00:00,True,67,67.0,,67.0,58979.778507,63090.587851000004,63090.587784,941.6505639402985,0.01566,58979.778507,7198.606887941312,90.7458998,62.28499006060606,100.3906012116486,1.0619650613849532,56,64,,False,True,,261,87.6246207195492
60,2026-09-18T06:49:14.618+00:00,2026-09-18T06:50:14.773+00:00,2026-09-18T06:50:18.264+00:00,True,56,56.0,,56.0,60155.132973,63645.928237,63645.928253,1136.5344330892858,0.01567,60155.132973,8031.017735127286,98.09401375000002,63.4690048,123.43320920351076,0.8798677551134354,56,64,,False,True,,288,87.6246207195492
61,2026-09-18T06:49:15.039+00:00,2026-09-18T06:50:16.295+00:00,2026-09-18T06:50:20.218+00:00,True,50,50.0,,50.0,61255.250399,65179.116511,65179.11633,1303.5823266,0.0,61255.250399,8653.342636938329,562.1779673,80.07890024489797,181.603093490523,0.7671168723430258,56,64,,False,True,,210,87.6246207195492
62,2026-09-18T06:49:15.468+00:00,2026-09-18T06:50:18.206+00:00,2026-09-18T06:50:19.088+00:00,True,15,15.0,,15.0,62738.336259,63620.117507,63620.117682000004,4241.3411788,51.272415,62738.336259,16182.709447390906,18888.0795885,62.98437485714286,10.527372056873268,0.23577447807055021,56,64,,False,True,,96,87.6246207195492
63,2026-09-18T06:49:15.814+00:00,2026-09-18T06:50:19.209+00:00,2026-09-18T06:50:24.756+00:00,True,89,89.0,,89.0,63395.730671,68942.479855,68942.479838,774.6346049213483,0.0,63395.730671,6713.938812546384,92.352626,63.031240727272724,96.53120822113152,1.290931225380709,56,64,,False,True,,291,87.6246207195492
64,2026-09-18T06:49:16.118+00:00,2026-09-18T06:50:20.546+00:00,2026-09-18T06:50:22.714+00:00,True,34,34.0,,34.0,64428.035630000006,66596.073774,66596.073761,1958.7080517941179,41.441184,64428.035630000006,11038.056755069972,94.83303425,65.69812557575757,12.566507548139299,0.5105406080752174,56,64,,False,True,,178,87.6246207195492
65,2026-09-18T06:49:16.520+00:00,2026-09-18T06:50:22.017+00:00,2026-09-18T06:50:23.601+00:00,True,26,26.0,,26.0,65497.027044,67081.356516,67081.356311,2580.0521658076923,37.99667899999999,65497.027044,12832.600700252577,96.13258275,63.373178880000005,12.009310382295869,0.3875890612587504,56,64,,False,True,,96,87.6246207195492
66,2026-09-18T06:49:16.897+00:00,2026-09-18T06:50:23.661+00:00,2026-09-18T06:50:26.859+00:00,True,52,52.0,,52.0,66763.198203,69961.187835,69961.18771400001,1345.4074560384618,35.769534,66763.198203,9249.701545767828,92.39071904999999,62.70567905882353,11.87446409444742,0.7432692555569443,56,64,,False,True,,204,87.6246207195492
67,2026-09-18T06:49:17.195+00:00,2026-09-18T06:50:24.834+00:00,2026-09-18T06:50:28.419+00:00,True,58,58.0,,58.0,67639.72567,71224.16343,71224.163578,1228.0028203103448,36.900202,67639.72567,8873.283285380014,92.81481274999999,62.88487298245614,13.014478989276967,0.8143303790012658,56,64,,False,True,,279,87.6246207195492
68,2026-09-18T06:49:17.454+00:00,2026-09-18T06:50:25.703+00:00,2026-09-18T06:50:29.707+00:00,True,65,65.0,,65.0,68249.91337800001,72253.74416200002,72253.74414200001,1111.5960637230771,31.492572,68249.91337800001,8457.611390113314,97.57946799999999,62.559856,13.806889085666928,0.8996073595060152,56,64,,False,True,,302,87.6246207195492
69,2026-09-18T06:49:17.710+00:00,2026-09-18T06:50:26.550+00:00,2026-09-18T06:50:26.852+00:00,True,6,6.0,,6.0,68840.492772,69142.733284,69142.733484,11523.788913999999,53.294180999999995,68840.492772,28079.336137414142,51646.975216,60.448102399999996,5.920590770367159,0.08677701495188696,56,64,,False,True,,14,87.6246207195492
70,2026-09-18T06:49:18.080+00:00,2026-09-18T06:50:27.981+00:00,2026-09-18T06:50:30.043+00:00,True,35,35.0,,35.0,69900.95318000001,71962.60284400001,71962.60269700001,2056.0743627714287,34.047747,69900.95318000001,11805.176027868716,95.3000527,60.636754823529415,13.872740943848363,0.4863637308377066,56,64,,False,True,,174,87.6246207195492
71,2026-09-18T06:49:18.410+00:00,2026-09-18T06:50:29.131+00:00,2026-09-18T06:50:34.990+00:00,True,96,96.0,,96.0,70721.51074099999,76580.726101,76580.726172,797.7158976249999,0.0,70721.51074099999,7213.307058471932,91.07804950000002,61.67595115789474,153.57745542952682,1.253579129993995,56,64,,False,True,,451,87.6246207195492
72,2026-09-18T06:49:18.833+00:00,2026-09-18T06:50:30.857+00:00,2026-09-18T06:50:33.166+00:00,True,38,38.0,,38.0,72023.92214499999,74333.286113,74333.28612399999,1956.1391085263156,0.0,72023.92214499999,11674.88925400461,240.70623575000002,62.41524237837837,169.08197142952048,0.5112110870792548,56,64,,False,True,,170,87.6246207195492
73,2026-09-18T06:49:19.234+00:00,2026-09-18T06:50:32.466+00:00,2026-09-18T06:50:33.577+00:00,True,20,20.0,,20.0,73232.259101,74342.93148500001,74342.931352,3717.1465676000003,31.311252,73232.259101,16362.165207521943,3747.1582263500004,58.4564412631579,13.800989789434157,0.26902355880377615,56,64,,False,True,,97,87.6246207195492
74,2026-09-18T06:49:19.548+00:00,2026-09-18T06:50:33.646+00:00,2026-09-18T06:50:36.566+00:00,True,49,49.0,,49.0,74097.601349,77017.61133300001,77017.61138100001,1571.7879873673471,0.01566,74097.601349,10577.84742058302,81.62743119999999,60.833541333333336,158.73748229434503,0.6362181214389961,56,64,,False,True,,270,87.6246207195492
75,2026-09-18T06:49:19.826+00:00,2026-09-18T06:50:34.782+00:00,2026-09-18T06:50:39.051+00:00,True,74,74.0,,74.0,74956.582637,79225.607405,79225.607332,1070.6163152972972,0.019379999999999998,74956.582637,8706.752572867199,96.99251775,58.47979134246575,20.996726581152757,0.9340414346300081,56,64,,False,True,,370,87.6246207195492
76,2026-09-18T06:49:20.141+00:00,2026-09-18T06:50:35.595+00:00,2026-09-18T06:50:37.317+00:00,True,31,31.0,,31.0,75454.016404,77176.695188,77176.69525599999,2489.570814709677,33.442918,75454.016404,13541.632369906898,71.89635249999999,57.42262613333333,11.06887484300024,0.40167566030762236,56,64,,False,True,,110,87.6246207195492
77,2026-09-18T06:49:20.482+00:00,2026-09-18T06:50:37.019+00:00,2026-09-18T06:50:41.732+00:00,True,75,75.0,,75.0,76537.32373,81250.24328200001,81250.243342,1083.3365778933335,35.701104,76537.32373,8830.425642179482,100.04559839999997,63.68810205405405,13.917341599126694,0.9230741591713526,56,64,,False,True,,262,87.6246207195492
78,2026-09-18T06:49:20.913+00:00,2026-09-18T06:50:38.825+00:00,2026-09-18T06:50:40.709+00:00,True,30,30.0,,30.0,77911.80402,79796.374644,79796.374596,2659.8791532,39.662317,77911.80402,14212.82762375294,106.7605878,64.98519393103449,15.4009031428308,0.37595692954524146,56,64,,False,True,,131,87.6246207195492
79,2026-09-18T06:49:21.209+00:00,2026-09-18T06:50:39.804+00:00,2026-09-18T06:50:43.745+00:00,True,62,62.0,,62.0,78594.098063,82535.190415,82535.19029,1331.2127466129032,38.832498,78594.098063,9973.2648597805,94.63407604999999,64.6080713442623,13.994308409499421,0.7511947290392642,56,64,,False,True,,262,87.6246207195492
80,2026-09-18T06:49:21.624+00:00,2026-09-18T06:50:40.981+00:00,2026-09-18T06:50:44.443+00:00,True,56,56.0,,56.0,79356.62447499999,82818.742619,82818.742718,1478.9061199642856,36.367343,79356.62447499999,10596.07160230115,95.58095625,62.94760261818182,13.40422913367947,0.6761754432522944,56,64,,False,True,,271,87.6246207195492
81,2026-09-18T06:49:21.886+00:00,2026-09-18T06:50:42.418+00:00,2026-09-18T06:50:48.179+00:00,True,95,95.0,,95.0,80532.18247100001,86293.29837500001,86293.29823900001,908.3505077789474,0.0,80532.18247100001,8257.03355375172,85.9710641,61.288467063829785,122.15582062232949,1.1008966140935275,56,64,,False,True,,414,87.6246207195492
82,2026-09-18T06:49:22.194+00:00,2026-09-18T06:50:43.563+00:00,2026-09-18T06:50:46.921+00:00,True,54,54.0,,54.0,81368.368586,84726.914506,84726.914481,1569.0169348333334,0.0,81368.368586,11065.35247536004,93.21910905,63.36879094339623,160.5924369243509,0.637341750432514,56,64,,False,True,,215,87.6246207195492
83,2026-09-18T06:49:22.595+00:00,2026-09-18T06:50:45.763+00:00,2026-09-18T06:50:45.763+00:00,True,8,8.0,,8.0,83167.94226899999,83167.94226899999,83167.94226899999,10395.992783624999,0.0,83167.94226899999,29404.307977870598,54059.162474849996,0.0,0.0,0.0961909094026235,56,64,,False,True,,39,87.6246207195492
84,2026-09-18T06:49:22.940+00:00,2026-09-18T06:50:46.484+00:00,2026-09-18T06:50:48.235+00:00,True,31,31.0,,31.0,83544.01903499999,85295.28841099999,85295.28823399999,2751.460910774193,35.509495,83544.01903499999,14994.467541890484,75.2768805,58.375645866666666,10.186867954967703,0.3634432871675726,56,64,,False,True,,140,87.6246207195492
85,2026-09-18T06:49:23.213+00:00,2026-09-18T06:50:47.386+00:00,2026-09-18T06:50:48.575+00:00,True,21,21.0,,21.0,84173.690082,85362.028002,85362.028003,4064.8584763333333,40.345935,84173.690082,18355.24349336313,92.725789,59.416896,12.830286831449765,0.2460110249431747,56,64,,False,True,,103,87.6246207195492
86,2026-09-18T06:49:23.556+00:00,2026-09-18T06:50:48.703+00:00,2026-09-18T06:50:53.636+00:00,True,81,81.0,,81.0,85146.42168500001,90079.07678900001,90079.07696600001,1112.0873699506174,34.987044999999995,85146.42168500001,9453.866957346114,78.11594500000001,61.6581888,9.123097482899903,0.8992099262932421,56,64,,False,True,,370,87.6246207195492
87,2026-09-18T06:49:23.944+00:00,2026-09-18T06:50:49.965+00:00,2026-09-18T06:50:50.854+00:00,True,16,16.0,,16.0,86020.51161,86909.82233,86909.822344,5431.8638965,35.885444,86020.51161,21490.308118593497,21556.2820905,59.287381333333336,9.743775052211179,0.1840988690466697,56,64,,False,True,,75,87.6246207195492
88,2026-09-18T06:49:24.345+00:00,2026-09-18T06:50:51.651+00:00,2026-09-18T06:50:52.201+00:00,True,10,10.0,,10.0,87305.759045,87855.418437,87855.418388,8785.5418388,54.245760000000004,87305.759045,27589.192462113057,48049.0974701,61.07326577777778,4.85412102136035,0.11382337228489638,56,64,,False,True,,48,87.6246207195492
89,2026-09-18T06:49:24.769+00:00,2026-09-18T06:50:53.191+00:00,2026-09-18T06:50:56.308+00:00,True,50,50.0,,50.0,88422.062692,91538.96739600001,91538.967474,1830.77934948,36.723152,88422.062692,12495.777892975138,95.97484260000002,63.61030008163265,12.081100739539272,0.5462154689128038,56,64,,False,True,,231,87.6246207195492
90,2026-09-18T06:49:25.101+00:00,2026-09-18T06:50:54.332+00:00,2026-09-18T06:51:00.230+00:00,True,96,96.0,,96.0,89230.621818,95129.047162,95129.047042,990.9275733541666,39.418366999999996,89230.621818,9100.729873974446,76.298321,62.088687831578945,9.169174381722788,1.0091554878765558,56,64,,False,True,,535,87.6246207195492
91,2026-09-18T06:49:25.542+00:00,2026-09-18T06:50:56.055+00:00,2026-09-18T06:50:57.321+00:00,True,21,21.0,,21.0,90513.605047,91779.509687,91779.509615,4370.452838809524,40.432785,90513.605047,19737.877727369752,91.309531,63.295232,8.995974662982738,0.22880924153569018,56,64,,False,True,,67,87.6246207195492
92,2026-09-18T06:49:25.795+00:00,2026-09-18T06:50:56.942+00:00,2026-09-18T06:50:59.974+00:00,True,50,50.0,,50.0,91147.636996,94179.24122,94179.241116,1883.58482232,39.048576999999995,91147.636996,12881.476013139887,80.53004790000001,61.86947395918367,9.225219157389311,0.530902557212172,56,64,,False,True,,279,87.6246207195492
93,2026-09-18T06:49:26.081+00:00,2026-09-18T06:50:57.884+00:00,2026-09-18T06:51:03.141+00:00,True,86,86.0,,86.0,91802.348177,97059.82683300001,97059.82679600001,1128.6026371627909,36.606542000000005,91802.348177,9892.635785170372,70.55642375,61.85269007058824,8.655163241800224,0.8860514468871923,56,64,,False,True,,335,87.6246207195492
94,2026-09-18T06:49:26.371+00:00,2026-09-18T06:50:58.743+00:00,2026-09-18T06:50:59.321+00:00,True,11,11.0,,11.0,92371.355436,92950.193196,92950.193335,8450.01757590909,36.101433,92371.355436,27833.561179616645,46221.30927250001,57.883776,11.72061249658498,0.11834294929118419,56,64,,True,True,,44,87.6246207195492
95,2026-09-18T06:49:26.804+00:00,2026-09-18T06:51:00.508+00:00,2026-09-18T06:51:04.299+00:00,True,62,62.0,,62.0,93704.465002,97494.716522,97494.716527,1572.4954278548387,38.500259,93704.465002,11892.589783161502,67.27539095,62.13527081967213,6.979928117918287,0.6359318967403684,56,64,,True,True,,284,87.6246207195492
96,2026-09-18T06:49:27.213+00:00,2026-09-18T06:51:02.220+00:00,2026-09-18T06:51:04.658+00:00,True,40,40.0,,40.0,95006.78309499999,97444.73355899999,97444.733683,2436.118342075,37.154321,95006.78309499999,15012.009386428945,70.90277504999999,62.51155035897436,7.738883686145504,0.41048908995970673,56,64,,True,True,,195,87.6246207195492
97,2026-09-18T06:49:27.462+00:00,2026-09-18T06:51:03.298+00:00,2026-09-18T06:51:06.734+00:00,True,56,56.0,,56.0,95836.210911,99271.622111,99271.622143,1772.7075382678572,39.352468,95836.210911,12798.308378403644,76.52671375,62.46202181818182,8.609416656364324,0.5641088440902469,56,64,,True,True,,253,87.6246207195492
98,2026-09-18T06:49:27.742+00:00,2026-09-18T06:51:04.045+00:00,2026-09-18T06:51:07.155+00:00,True,51,51.0,,51.0,96303.320809,99413.005289,99413.005094,1949.2746096862745,37.228001,96303.320809,13476.457551669153,93.854791,62.1936896,10.740194134198795,0.5130113494883262,56,64,,True,True,,198,87.6246207195492
99,2026-09-18T06:49:28.139+00:00,2026-09-18T06:51:05.788+00:00,2026-09-18T06:51:12.019+00:00,True,100,100.0,,100.0,97648.401453,103880.177709,103880.17774,1038.8017774,35.351324999999996,97648.401453,9758.552556487295,91.3585174,62.94723490909091,11.860415706093628,0.9626475638127078,56,64,,True,True,,401,87.6246207195492
100,2026-09-18T06:49:28.550+00:00,2026-09-18T06:51:07.155+00:00,2026-09-18T06:51:12.736+00:00,True,91,91.0,,91.0,98605.389445,104186.07706099999,104186.077207,1144.9019473296703,35.817924,98605.389445,10330.159694411792,86.7739445,62.00764017777777,11.567051421796096,0.8734372438912383,56,64,,True,True,,359,87.6246207195492
101,2026-09-18T06:49:28.936+00:00,2026-09-18T06:51:08.785+00:00,2026-09-18T06:51:09.984+00:00,True,20,20.0,,20.0,99848.167097,101047.240121,101047.239969,5052.36199845,41.406053,99848.167097,22312.620255061665,5084.4015203,63.109106526315784,11.833361394233187,0.19792722667190915,56,64,,True,True,,60,87.6246207195492
102,2026-09-18T06:49:29.271+00:00,2026-09-18T06:51:10.109+00:00,2026-09-18T06:51:12.956+00:00,True,46,46.0,,46.0,100838.84340700001,103685.45998300001,103685.459919,2254.0317373695652,40.468455,100838.84340700001,14858.553807055132,93.2810445,63.258146133333334,11.54210846319301,0.44364947609377475,56,64,,True,True,,186,87.6246207195492
103,2026-09-18T06:49:29.674+00:00,2026-09-18T06:51:11.892+00:00,2026-09-18T06:51:13.274+00:00,True,23,23.0,,23.0,102217.368838,103600.006918,103600.006969,4504.348129086956,40.601904000000005,102217.368838,21300.693889696486,93.5883144,62.84718545454545,12.78855392918268,0.22200770718292162,56,64,,True,True,,107,87.6246207195492
104,2026-09-18T06:49:29.927+00:00,2026-09-18T06:51:12.697+00:00,2026-09-18T06:51:15.963+00:00,True,53,53.0,,53.0,102769.402078,106035.994078,106035.993963,2000.6791313773585,41.058133999999995,102769.402078,14107.835499223635,69.13943800000001,62.81907692307692,6.2011282800287235,0.49983027424643406,56,64,,True,True,,250,87.6246207195492
105,2026-09-18T06:49:30.355+00:00,2026-09-18T06:51:14.211+00:00,2026-09-18T06:51:14.642+00:00,True,8,8.0,,8.0,103855.39845299999,104286.28178099998,104286.281725,13035.785215625,54.918828999999995,103855.39845299999,36696.66558915073,67529.88480585,61.55476114285714,4.402513669832854,0.07671191132118325,56,64,,True,True,,22,87.6246207195492
106,2026-09-18T06:49:30.708+00:00,2026-09-18T06:51:15.452+00:00,2026-09-18T06:51:19.853+00:00,True,68,68.0,,68.0,104743.156372,109144.64194,109144.642006,1605.0682647941176,38.446248,104743.156372,12694.012045901221,94.9144107,65.6938144477612,11.51158919335787,0.6230264609542774,56,64,,True,True,,310,87.6246207195492
107,2026-09-18T06:49:31.056+00:00,2026-09-18T06:51:16.921+00:00,2026-09-18T06:51:19.022+00:00,True,32,32.0,,32.0,105865.072658,107965.75592200001,107965.75598,3373.929874375,42.639540999999994,105865.072658,18702.502924754863,93.10550455,67.76397625806452,12.929434874465521,0.2963902741821067,56,64,,True,True,,184,87.6246207195492
108,2026-09-18T06:49:31.334+00:00,2026-09-18T06:51:18.165+00:00,2026-09-18T06:51:18.584+00:00,True,8,8.0,,8.0,106830.821912,107249.420824,107249.420968,13406.177621,40.519135,106830.821912,37749.25781632751,69463.8755687,59.79984457142857,9.169543163435621,0.07459247740953563,56,64,,True,True,,37,87.6246207195492
109,2026-09-18T06:49:31.688+00:00,2026-09-18T06:51:19.141+00:00,2026-09-18T06:51:21.802+00:00,True,44,44.0,,44.0,107453.182484,110114.123284,110114.12332900001,2502.5937120227272,38.377629,107453.182484,16189.850488186856,86.53666405,61.88234418604651,9.699174888722972,0.3995854363433266,56,64,,True,True,,169,87.6246207195492
110,2026-09-18T06:49:32.113+00:00,2026-09-18T06:51:20.863+00:00,2026-09-18T06:51:25.903+00:00,True,81,81.0,,81.0,108750.515107,113790.310051,113790.310011,1404.818642111111,37.664871,108750.515107,12076.395619288747,92.48200800000001,62.997436799999996,10.797850314397728,0.7118356559859657,56,64,,True,True,,381,87.6246207195492
111,2026-09-18T06:49:32.465+00:00,2026-09-18T06:51:22.218+00:00,2026-09-18T06:51:22.738+00:00,True,9,9.0,,9.0,109752.501474,110272.351714,110272.351742,12252.48352688889,38.227729,109752.501474,36562.509847584086,65889.3164384,64.98128,16.14083551597316,0.0816161064864401,56,64,,True,True,,37,87.6246207195492
112,2026-09-18T06:49:32.810+00:00,2026-09-18T06:51:23.894+00:00,2026-09-18T06:51:28.102+00:00,True,68,68.0,,68.0,111083.952454,115292.01415,115292.014307,1695.4707986323529,35.398025000000004,111083.952454,13463.295911440124,92.88478814999999,62.806890985074624,11.02409927237396,0.589806679164517,56,64,,True,True,,269,87.6246207195492
113,2026-09-18T06:49:33.076+00:00,2026-09-18T06:51:24.709+00:00,2026-09-18T06:51:27.757+00:00,True,50,50.0,,50.0,111632.78139,114680.23175800001,114680.231771,2293.6046354200002,35.167125,111632.78139,15778.468626608485,92.52865890000001,62.19286465306123,12.280121749008607,0.435994933333504,56,64,,True,True,,188,87.6246207195492
114,2026-09-18T06:49:33.468+00:00,2026-09-18T06:51:26.336+00:00,2026-09-18T06:51:30.700+00:00,True,72,72.0,,72.0,112868.07385799999,117231.88851399999,117231.88859199999,1628.2206748888887,35.164515,112868.07385799999,13294.392535959938,91.04571254999999,61.46217825352113,12.566781164314436,0.6141673644658694,56,64,,True,True,,310,87.6246207195492
115,2026-09-18T06:49:33.899+00:00,2026-09-18T06:51:28.319+00:00,2026-09-18T06:51:32.590+00:00,True,70,70.0,,70.0,114420.440718,118691.251086,118691.251065,1695.5893009285714,35.690294,114420.440718,13668.465076364628,91.53915295,61.89580243478261,11.31540818492401,0.5897654575170007,56,64,,True,True,,346,87.6246207195492
116,2026-09-18T06:49:34.234+00:00,2026-09-18T06:51:29.567+00:00,2026-09-18T06:51:30.635+00:00,True,19,19.0,,19.0,115332.074933,116400.308917,116400.30890599999,6126.33204768421,37.205641,115332.074933,26445.379765008503,11607.166773500001,59.34633244444445,10.941459877043735,0.1632298073499794,56,64,,True,True,,55,87.6246207195492
117,2026-09-18T06:49:34.504+00:00,2026-09-18T06:51:30.698+00:00,2026-09-18T06:51:36.755+00:00,True,96,96.0,,96.0,116193.237752,122250.310648,122250.310752,1273.440737,36.661822,116193.237752,11852.4219888364,93.3187495,63.75866206315789,12.632625057079222,0.7852740781691465,56,64,,True,True,,488,87.6246207195492
118,2026-09-18T06:49:35.203+00:00,2026-09-18T06:51:34.083+00:00,2026-09-18T06:51:36.085+00:00,True,33,33.0,,33.0,118879.09169300001,120881.30942100001,120881.30934800001,3663.0699802424247,37.46947,118879.09169300001,20683.30590007576,95.67232299999999,62.569304,13.381438632939922,0.2729950573671326,56,64,,True,True,,136,87.6246207195492
119,2026-09-18T06:49:35.299+00:00,2026-09-18T06:51:34.208+00:00,2026-09-18T06:51:36.154+00:00,True,32,32.0,,32.0,118908.33059900001,120854.884455,120854.88440600001,3776.7151376875004,37.510180999999996,118908.33059900001,21009.126119541466,98.91623650000001,62.79205987096774,14.079484061625308,0.2647803615410771,56,64,,True,True,,153,87.6246207195492
120,2026-09-18T06:49:35.616+00:00,2026-09-18T06:51:35.708+00:00,2026-09-18T06:51:40.684+00:00,True,81,81.0,,81.0,120091.952256,125068.14067200001,125068.140897,1544.0511221851852,34.807695,120091.952256,13336.642517242659,88.51359599999999,62.2023552,9.915215992384699,0.6476469512122052,56,64,,True,True,,436,87.6246207195492
121,2026-09-18T06:49:35.951+00:00,2026-09-18T06:51:36.888+00:00,2026-09-18T06:51:42.695+00:00,True,95,95.0,,95.0,120937.841579,126744.077483,126744.077613,1334.1481854,37.58802,120937.841579,12401.628089050479,91.87618310000002,61.76846706382979,10.80790079679236,0.7495419264284141,56,64,,True,True,,396,87.6246207195492
122,2026-09-18T06:49:36.249+00:00,2026-09-18T06:51:38.080+00:00,2026-09-18T06:51:43.259+00:00,True,85,85.0,,85.0,121830.288286,127009.565598,127009.565691,1494.2301846,34.603305999999996,121830.288286,13207.6662720844,84.3796776,61.65806323809524,10.238429356747893,0.6692409315770346,56,64,,True,True,,425,87.6246207195492
123,2026-09-18T06:49:36.596+00:00,2026-09-18T06:51:39.528+00:00,2026-09-18T06:51:44.986+00:00,True,90,90.0,,90.0,122932.211145,128389.70644099999,128389.706479,1426.552294211111,37.24898,122932.211145,12951.7318477886,68.85687884999999,61.32017186516854,8.45310835104971,0.7009907764012099,56,64,,True,True,,387,87.6246207195492
124,2026-09-18T06:49:37.040+00:00,2026-09-18T06:51:41.393+00:00,2026-09-18T06:51:44.794+00:00,True,56,56.0,,56.0,124353.188732,127753.978236,127753.97834599999,2281.321041892857,36.529962,124353.188732,16609.133539540228,78.392608,61.83253643636364,9.070818685204115,0.4383425140511176,56,64,,True,True,,323,87.6246207195492
125,2026-09-18T06:49:37.483+00:00,2026-09-18T06:51:43.262+00:00,2026-09-18T06:51:48.823+00:00,True,93,93.0,,93.0,125778.24284199999,131339.287578,131339.287625,1412.2504045698925,32.41136,125778.24284199999,13036.331306501852,70.496806,60.44613843478261,8.99806631489049,0.7080897248263892,56,64,,True,True,,514,87.6246207195492
126,2026-09-18T06:49:37.892+00:00,2026-09-18T06:51:44.574+00:00,2026-09-18T06:51:47.295+00:00,True,47,47.0,,47.0,126682.681305,129402.871513,129402.87145600001,2753.2525841702127,37.962788999999994,126682.681305,18469.945251444806,69.1410348,59.134569739130434,10.065912595265434,0.36320677779764965,56,64,,True,True,,164,87.6246207195492
127,2026-09-18T06:49:38.217+00:00,2026-09-18T06:51:45.509+00:00,2026-09-18T06:51:46.964+00:00,True,25,25.0,,25.0,127291.925184,128746.746304,128746.746453,5149.869858120001,38.346938,127291.925184,25446.263584314027,87.61600680000001,60.61754666666666,10.454483426784321,0.1941796644784279,56,64,,True,True,,115,87.6246207195492
128,2026-09-18T06:49:38.503+00:00,2026-09-18T06:51:46.777+00:00,2026-09-18T06:51:46.963+00:00,True,4,4.0,,4.0,128273.98383900001,128459.397983,128459.398163,32114.84954075,58.472500999999994,128273.98383900001,64106.08959604794,109042.70530185002,61.80471466666666,3.505084552861647,0.031138243389007243,56,64,,True,True,,12,87.6246207195492
129,2026-09-18T06:49:38.925+00:00,2026-09-18T06:51:48.147+00:00,2026-09-18T06:51:54.268+00:00,True,99,99.0,,99.0,129221.75535400001,135342.87177,135342.871664,1367.0997137777779,34.856245,129221.75535400001,12981.000840603581,81.7319718,62.46037159183673,9.269093119107332,0.7314755384253955,56,64,,True,True,,467,87.6246207195492
130,2026-09-18T06:49:39.294+00:00,2026-09-18T06:51:49.379+00:00,2026-09-18T06:51:53.316+00:00,True,64,64.0,,64.0,130084.67428800001,134021.679088,134021.67923,2094.08873796875,36.635701,130084.67428800001,16252.776033281836,92.22337459999999,62.49213968253968,10.3847750698592,0.4775346827133612,56,64,,True,True,,285,87.6246207195492
131,2026-09-18T06:49:39.553+00:00,2026-09-18T06:51:50.486+00:00,2026-09-18T06:51:53.445+00:00,True,47,47.0,,47.0,130932.619293,133891.58633299998,133891.586228,2848.757153787234,39.355857,130932.619293,19089.105028658985,91.67188340000001,64.32537043478261,9.774268158336287,0.3510302722316466,56,64,,True,True,,235,87.6246207195492
132,2026-09-18T06:49:39.822+00:00,2026-09-18T06:51:51.364+00:00,2026-09-18T06:51:52.687+00:00,True,21,21.0,,21.0,131541.918782,132864.600638,132864.60069599998,6326.885747428571,54.754307999999995,131541.918782,28690.37049869112,95.161593,66.13409279999999,11.388644842590598,0.15805564385969248,56,64,,True,True,,86,87.6246207195492
133,2026-09-18T06:49:40.249+00:00,2026-09-18T06:51:52.877+00:00,2026-09-18T06:51:58.197+00:00,True,89,89.0,,89.0,132627.67036,137947.88207199998,137947.882163,1549.9762040786516,35.278644,132627.67036,14052.100518443805,75.26508960000001,60.456951272727274,10.66529837254279,0.6451711955501259,56,64,,True,True,,470,87.6246207195492
134,2026-09-18T06:49:40.623+00:00,2026-09-18T06:51:54.458+00:00,2026-09-18T06:51:57.133+00:00,True,46,46.0,,46.0,133835.75826,136510.694068,136510.694014,2967.6237829130437,36.001203000000004,133835.75826,19724.245478308003,87.47528225,59.44301795555556,12.498062397654056,0.33696993714709295,56,64,,True,True,,233,87.6246207195492
135,2026-09-18T06:49:41.052+00:00,2026-09-18T06:51:56.033+00:00,2026-09-18T06:51:59.412+00:00,True,58,58.0,,58.0,134980.574588,138359.468668,138359.46865999998,2385.5080803448272,35.324754,134980.574588,17716.036556744046,70.2443566,59.27884350877193,9.487193372246251,0.4191979093181813,56,64,,True,True,,232,87.6246207195492
136,2026-09-18T06:49:41.474+00:00,2026-09-18T06:51:57.964+00:00,2026-09-18T06:51:58.728+00:00,True,14,14.0,,14.0,136489.507838,137254.023678,137254.023633,9803.858830928571,40.387565,136489.507838,36462.638958323645,47819.34318609999,58.80891076923077,8.558292287571609,0.10200065269375425,56,64,,True,True,,55,87.6246207195492
137,2026-09-18T06:49:41.841+00:00,2026-09-18T06:51:59.226+00:00,2026-09-18T06:52:01.225+00:00,True,33,33.0,,33.0,137385.307751,139384.20464699998,139384.20463499997,4223.763776818181,40.217635,137385.307751,23904.83977551457,79.49925360000002,62.465528,7.985444896857104,0.23675566455736324,56,64,,True,True,,149,87.6246207195492
138,2026-09-18T06:49:42.187+00:00,2026-09-18T06:52:00.546+00:00,2026-09-18T06:52:04.012+00:00,True,57,57.0,,57.0,138359.577758,141825.519262,141825.519398,2488.1670069824563,37.013821,138359.577758,18317.979466723056,92.5148992,61.891812571428574,11.381787367111299,0.40190228314765836,56,64,,True,True,,260,87.6246207195492
139,2026-09-18T06:49:42.584+00:00,2026-09-18T06:52:01.862+00:00,2026-09-18T06:52:07.324+00:00,True,88,88.0,,88.0,139278.52957800002,144740.61085800003,144740.61093800003,1644.7796697500003,34.202247,139278.52957800002,14840.45323710512,91.8303015,62.78254344827587,11.929085179081973,0.6079841689098143,56,64,,True,True,,457,87.6246207195492
140,2026-09-18T06:49:42.993+00:00,2026-09-18T06:52:03.603+00:00,2026-09-18T06:52:09.255+00:00,True,91,91.0,,91.0,140610.530618,146262.63481,146262.63466399998,1607.2816996043955,35.594703,140610.530618,14733.408867769293,90.3890465,62.80115768888889,10.219215834574857,0.6221684719286783,56,64,,True,True,,412,87.6246207195492
141,2026-09-18T06:49:43.308+00:00,2026-09-18T06:52:04.604+00:00,2026-09-18T06:52:08.310+00:00,True,60,60.0,,60.0,141296.003614,145002.85391799998,145002.85387599998,2416.7142312666665,38.723288000000004,141296.003614,18233.128431996123,94.7555979,62.82797125423728,11.964048481797212,0.4137849592528046,56,64,,True,True,,217,87.6246207195492
142,2026-09-18T06:49:43.706+00:00,2026-09-18T06:52:06.391+00:00,2026-09-18T06:52:09.376+00:00,True,48,48.0,,48.0,142684.690328,145670.59292,145670.592944,3034.8040196666666,38.259009,142684.690328,20585.594054382414,92.62349309999999,63.52984238297872,10.66687618359094,0.32951056927708705,56,64,,True,True,,203,87.6246207195492
143,2026-09-18T06:49:44.146+00:00,2026-09-18T06:52:07.877+00:00,2026-09-18T06:52:12.299+00:00,True,73,73.0,,73.0,143730.075122,148153.003506,148153.003509,2029.4931987534248,34.140597,143730.075122,16815.144956636366,70.0604676,61.429560888888886,7.973186559030141,0.4927338513055768,56,64,,True,True,,312,87.6246207195492
144,2026-09-18T06:49:44.437+00:00,2026-09-18T06:52:09.132+00:00,2026-09-18T06:52:11.153+00:00,True,35,35.0,,35.0,144694.429379,146715.76313900002,146715.763182,4191.878948057143,40.984124,144694.429379,24447.774461813246,66.7637228,59.45099294117647,7.058272659022224,0.23855650716167862,56,64,,True,True,,116,87.6246207195492
145,2026-09-18T06:49:44.835+00:00,2026-09-18T06:52:10.616+00:00,2026-09-18T06:52:15.524+00:00,True,79,79.0,,79.0,145781.131387,150688.606331,150688.60634,1907.4507131645569,36.418991999999996,145781.131387,16394.583901569273,93.4061099,62.91634543589743,11.28300377323855,0.5242599418994557,56,64,,True,True,,392,87.6246207195492
146,2026-09-18T06:49:45.279+00:00,2026-09-18T06:52:12.417+00:00,2026-09-18T06:52:12.966+00:00,True,10,10.0,,10.0,147138.102139,147687.149435,147687.149286,14768.7149286,36.492411999999995,147138.102139,46509.86447786444,80968.30883275,61.00525511111111,16.786727972881646,0.06771069817689991,56,64,,True,True,,43,87.6246207195492
147,2026-09-18T06:49:45.650+00:00,2026-09-18T06:52:13.730+00:00,2026-09-18T06:52:14.640+00:00,True,16,16.0,,16.0,148080.05775600002,148990.65308400002,148990.65317900002,9311.915823687501,37.632059999999996,148080.05775600002,37004.839215512875,37081.318117500006,60.706355200000004,10.411015548991909,0.10738928697076922,56,64,,True,True,,61,87.6246207195492
148,2026-09-18T06:49:46.051+00:00,2026-09-18T06:52:15.291+00:00,2026-09-18T06:52:19.540+00:00,True,68,68.0,,68.0,149239.747258,153489.230778,153489.230858,2257.1945714411763,38.410707,149239.747258,18090.291564581115,96.26144470000001,63.4251271641791,13.952713820983137,0.44302782452765155,56,64,,True,True,,352,87.6246207195492
149,2026-09-18T06:49:46.298+00:00,2026-09-18T06:52:16.652+00:00,2026-09-18T06:52:22.721+00:00,True,95,95.0,,95.0,150353.458938,156422.686714,156422.686735,1646.5545972105263,35.618663999999995,150353.458938,15419.320650346923,96.39672770000001,64.56625293617022,13.217752976367217,0.6073287832838214,56,64,,True,True,,361,87.6246207195492
150,2026-09-18T06:49:46.664+00:00,2026-09-18T06:52:17.922+00:00,2026-09-18T06:52:19.070+00:00,True,19,19.0,,19.0,151258.160215,152405.874519,152405.874535,8021.3618176315795,37.39591,151258.160215,34686.37692781557,15221.228515300001,63.76190577777778,15.047986738159102,0.12466711050321964,56,64,,True,True,,88,87.6246207195492
151,2026-09-18T06:49:46.955+00:00,2026-09-18T06:52:18.866+00:00,2026-09-18T06:52:21.347+00:00,True,40,40.0,,40.0,151910.863853,154391.98436499998,154391.984328,3859.7996081999995,36.458521999999995,151910.863853,24009.161154485228,93.6140451,63.618474666666664,13.251930855544886,0.25908080762428387,56,64,,True,True,,182,87.6246207195492
152,2026-09-18T06:49:47.305+00:00,2026-09-18T06:52:20.245+00:00,2026-09-18T06:52:23.703+00:00,True,55,55.0,,55.0,152939.487648,156397.41891200002,156397.418853,2843.589433690909,35.665073,152939.487648,20613.724343480906,90.9029647,64.03576414814815,10.483684451733012,0.3516682077147756,56,64,,True,True,,219,87.6246207195492
153,2026-09-18T06:49:47.675+00:00,2026-09-18T06:52:21.521+00:00,2026-09-18T06:52:26.953+00:00,True,87,87.0,,87.0,153845.502722,159277.228034,159277.227928,1830.7727348045978,36.096243,153845.502722,16487.200758998504,89.7701309,63.159596651162786,9.98554487593765,0.5462174415882515,56,64,,True,True,,565,87.6246207195492
154,2026-09-18T06:49:47.975+00:00,2026-09-18T06:52:22.784+00:00,2026-09-18T06:52:25.604+00:00,True,45,45.0,,45.0,154808.431902,157628.873502,157628.87356500002,3502.8638570000003,40.241115,154808.431902,23067.9262197072,94.66696320000001,64.10094545454545,12.562895910727889,0.2854806927198464,56,64,,True,True,,222,87.6246207195492
155,2026-09-18T06:49:48.764+00:00,2026-09-18T06:52:24.396+00:00,2026-09-18T06:52:26.361+00:00,True,32,32.0,,32.0,155632.89504,157597.88166400002,157597.881788,4924.933805875,37.243121,155632.89504,27501.06525423383,87.9372391,63.38666529032258,9.758567198433637,0.20304841449724725,56,64,,True,True,,134,87.6246207195492
156,2026-09-18T06:49:48.840+00:00,2026-09-18T06:52:25.791+00:00,2026-09-18T06:52:28.185+00:00,True,39,39.0,,39.0,156951.011822,159345.120494,159345.120679,4085.772325102564,39.779115,156951.011822,25122.188418622885,79.39727769999999,63.00285978947368,7.836654414141897,0.24475176823170125,56,64,,True,True,,152,87.6246207195492
157,2026-09-18T06:49:48.939+00:00,2026-09-18T06:52:26.106+00:00,2026-09-18T06:52:30.813+00:00,True,77,77.0,,77.0,157167.706417,161874.058545,161874.058503,2102.2605000389613,35.473945,157167.706417,17903.867845839915,71.52356879999999,61.925685894736844,9.540540028860532,0.4756784421921099,56,64,,True,True,,301,87.6246207195492
158,2026-09-18T06:49:49.293+00:00,2026-09-18T06:52:27.685+00:00,2026-09-18T06:52:27.988+00:00,True,6,6.0,,6.0,158392.06730700002,158694.942699,158694.942783,26449.157130500003,55.163466,158392.06730700002,64638.56108733615,118809.89215825,60.575078399999995,3.2478354349955603,0.03780838820667603,56,64,,True,True,,16,87.6246207195492
159,2026-09-18T06:49:49.556+00:00,2026-09-18T06:52:28.691+00:00,2026-09-18T06:52:33.082+00:00,True,71,71.0,,71.0,159134.908567,163525.516695,163525.51687300002,2303.1762939859154,38.773978,159134.908567,18878.397879190932,91.83380850000002,62.722973257142854,10.094646098729699,0.4341830035762909,56,64,,True,True,,304,87.6246207195492
160,2026-09-18T06:49:49.845+00:00,2026-09-18T06:52:29.792+00:00,2026-09-18T06:52:32.259+00:00,True,40,40.0,,40.0,159946.636748,162414.287308,162414.28730899998,4060.357182725,38.814408,159946.636748,25279.78214686574,97.18649095,63.27309128205128,11.816026357479453,0.24628375165138397,56,64,,True,True,,225,87.6246207195492
161,2026-09-18T06:49:50.190+00:00,2026-09-18T06:52:31.108+00:00,2026-09-18T06:52:35.382+00:00,True,67,67.0,,67.0,160917.928351,165192.384415,165192.38437400002,2465.5579757313435,39.82394600000001,160917.928351,19651.3466004449,100.0454064,64.76448581818183,14.052110875686092,0.40558770452565834,56,64,,True,True,,343,87.6246207195492
162,2026-09-18T06:49:50.583+00:00,2026-09-18T06:52:32.593+00:00,2026-09-18T06:52:37.432+00:00,True,76,76.0,,76.0,162010.328247,166849.594295,166849.594397,2195.389399960526,32.952177999999996,162010.328247,18576.464204824973,98.57691349999999,64.52354730666667,15.510281670208723,0.455500058727308,56,64,,True,True,,399,87.6246207195492
163,2026-09-18T06:49:50.979+00:00,2026-09-18T06:52:34.375+00:00,2026-09-18T06:52:36.039+00:00,True,27,27.0,,27.0,163396.277195,165059.853003,165059.852865,6113.327883888889,35.734573,163396.277195,31433.31785400411,96.21514579999999,63.98368492307692,14.713596235395618,0.16357702681044595,56,64,,True,True,,133,87.6246207195492
164,2026-09-18T06:49:51.297+00:00,2026-09-18T06:52:35.678+00:00,2026-09-18T06:52:35.973+00:00,True,6,6.0,,6.0,164381.015325,164675.389981,164675.38997599998,27445.89832933333,38.648338,164381.015325,67084.23368563954,123302.350543,58.874931200000006,11.46744370323095,0.036435316781045855,56,64,,True,True,,28,87.6246207195492
165,2026-09-18T06:49:51.669+00:00,2026-09-18T06:52:37.008+00:00,2026-09-18T06:52:39.851+00:00,True,46,46.0,,46.0,165338.947552,168181.899488,168181.899243,3656.1282444130434,38.923697,165338.947552,24368.58626999445,94.32836149999999,63.17670968888889,12.847009537497609,0.2735133812856131,56,64,,True,True,,283,87.6246207195492
166,2026-09-18T06:49:52.087+00:00,2026-09-18T06:52:38.592+00:00,2026-09-18T06:52:44.217+00:00,True,90,90.0,,90.0,166505.1781,172129.887732,172129.887807,1912.5543089666667,34.965195,166505.1781,17544.528619907574,89.8018232,63.198984629213484,11.215168619326187,0.5228609696192141,56,64,,True,True,,439,87.6246207195492
167,2026-09-18T06:49:52.437+00:00,2026-09-18T06:52:40.032+00:00,2026-09-18T06:52:43.883+00:00,True,62,62.0,,62.0,167594.792763,171445.511227,171445.51139600002,2765.250183806452,35.989822999999994,167594.792763,21276.545414670087,91.98665365000001,63.12653219672131,10.45610410438474,0.3616309319286276,56,64,,True,True,,318,87.6246207195492
168,2026-09-18T06:49:52.794+00:00,2026-09-18T06:52:41.613+00:00,2026-09-18T06:52:46.288+00:00,True,76,76.0,,76.0,168818.344326,173494.195334,173494.19521099998,2282.8183580394734,35.210944000000005,168818.344326,19357.64388063311,93.240711,62.34468010666667,11.079654759359636,0.43805500151569704,56,64,,True,True,,255,87.6246207195492
169,2026-09-18T06:49:53.077+00:00,2026-09-18T06:52:42.669+00:00,2026-09-18T06:52:43.696+00:00,True,17,17.0,,17.0,169592.26010800002,170619.74964400003,170619.74964300002,10036.455861352943,42.916830000000004,169592.26010800002,41116.59115163234,33992.082604,64.218096,11.550745282797388,0.09963676558821992,56,64,,True,True,,73,87.6246207195492
170,2026-09-18T06:49:53.333+00:00,2026-09-18T06:52:43.638+00:00,2026-09-18T06:52:48.874+00:00,True,84,84.0,,84.0,170305.145214,175541.51974199997,175541.519713,2089.7799965833333,35.591974,170305.145214,18574.935982032086,95.31179574999999,63.088849734939764,13.431126866257532,0.47851927067429967,56,64,,True,True,,358,87.6246207195492
171,2026-09-18T06:49:53.696+00:00,2026-09-18T06:52:44.713+00:00,2026-09-18T06:52:47.131+00:00,True,40,40.0,,40.0,171017.031201,173435.024161,173435.024234,4335.87560585,38.519039,171017.031201,27030.367028613113,98.19545900000001,61.99981948717949,13.319147866395758,0.2306339229547311,56,64,,True,True,,158,87.6246207195492
172,2026-09-18T06:49:53.996+00:00,2026-09-18T06:52:45.834+00:00,2026-09-18T06:52:47.697+00:00,True,29,29.0,,29.0,171838.10166400002,173701.368224,173701.36811100002,5989.702348655173,39.538786,171838.10166400002,31897.18096257202,106.2578762,66.54523428571429,15.648469939459632,0.1669532042062126,56,64,,True,True,,128,87.6246207195492
173,2026-09-18T06:49:54.379+00:00,2026-09-18T06:52:47.563+00:00,2026-09-18T06:52:53.785+00:00,True,100,100.0,,100.0,173184.01110899998,179405.760869,179405.76090099997,1794.0576090099999,37.979639000000006,173184.01110899998,17312.119603099552,90.52290579999999,62.845957171717174,10.392726814092802,0.5573957018750298,56,64,,True,True,,456,87.6246207195492
174,2026-09-18T06:49:54.652+00:00,2026-09-18T06:52:48.737+00:00,2026-09-18T06:52:53.484+00:00,True,76,76.0,,76.0,174084.413505,178832.144705,178832.144617,2353.0545344342104,37.812879,174084.413505,19961.593646887693,93.59167775,63.30308266666666,11.500094574932707,0.424979525495089,56,64,,True,True,,333,87.6246207195492
175,2026-09-18T06:49:54.926+00:00,2026-09-18T06:52:49.549+00:00,2026-09-18T06:52:51.523+00:00,True,33,33.0,,33.0,174623.302202,176596.83794599999,176596.83794599999,5351.4193316969695,35.071964,174623.302202,30387.28175264914,87.9852402,61.672992,12.573374198993045,0.18686631303155485,56,64,,True,True,,191,87.6246207195492
176,2026-09-18T06:49:55.377+00:00,2026-09-18T06:52:51.520+00:00,2026-09-18T06:52:53.876+00:00,True,37,37.0,,37.0,176143.188383,178499.147935,178499.147992,4824.301297081081,44.267027,176143.188383,28947.00529760451,92.6104574,65.44332088888889,11.760482325851703,0.20728390262945937,56,64,,True,True,,174,87.6246207195492
177,2026-09-18T06:49:55.793+00:00,2026-09-18T06:52:53.081+00:00,2026-09-18T06:52:55.826+00:00,True,42,42.0,,42.0,177287.761795,180032.886659,180032.886617,4286.4973004047615,39.627345999999996,177287.761795,27345.767884150297,98.1532641,66.95426497560976,14.204320016493483,0.23329071026646442,56,64,,True,True,,180,87.6246207195492
178,2026-09-18T06:49:56.116+00:00,2026-09-18T06:52:53.939+00:00,2026-09-18T06:52:57.504+00:00,True,55,55.0,,55.0,177823.332717,181388.50596500002,181388.505968,3297.9728357818185,38.198509,177823.332717,23968.79498210945,99.60801810000001,66.02172681481481,14.078090262971005,0.3032165666032476,56,64,,True,True,,238,87.6246207195492
179,2026-09-18T06:49:56.530+00:00,2026-09-18T06:52:55.958+00:00,2026-09-18T06:53:02.048+00:00,True,97,97.0,,97.0,179427.522861,185517.426989,185517.42691500002,1912.5507929381445,38.167369,179427.522861,18211.66687013992,92.5271536,63.43650133333333,10.759494396085701,0.5228619304091118,56,64,,True,True,,405,87.6246207195492
180,2026-09-18T06:49:56.836+00:00,2026-09-18T06:52:57.111+00:00,2026-09-18T06:53:01.162+00:00,True,65,65.0,,65.0,180274.461322,184325.64826599997,184325.648203,2835.779203123077,36.402632,180274.461322,22352.446812106788,94.481461,63.299796,12.09668569184535,0.352636763312497,56,64,,True,True,,337,87.6246207195492
181,2026-09-18T06:49:57.182+00:00,2026-09-18T06:52:58.334+00:00,2026-09-18T06:53:02.461+00:00,True,67,67.0,,67.0,181151.409615,185278.80827100002,185278.808285,2765.3553475373137,43.583818,181151.409615,22123.528894999887,86.5447853,62.53634327272727,9.16180887797532,0.3616171791325522,56,64,,True,True,,206,87.6246207195492
182,2026-09-18T06:49:57.515+00:00,2026-09-18T06:52:59.443+00:00,2026-09-18T06:53:04.602+00:00,True,85,85.0,,85.0,181928.163637,187087.13118899998,187087.13126999998,2201.0250737647057,39.194766,181928.163637,19726.219532992487,68.325476,61.41628038095238,6.77641021859664,0.454333761279021,56,64,,True,True,,301,87.6246207195492
183,2026-09-18T06:49:57.822+00:00,2026-09-18T06:53:00.590+00:00,2026-09-18T06:53:04.482+00:00,True,64,64.0,,64.0,182767.98425,186659.551866,186659.551851,2916.555497671875,34.616925,182767.98425,22838.27737051905,68.2066095,61.770914539682536,5.714379039727596,0.3428702113564733,56,64,,True,True,,255,87.6246207195492
184,2026-09-18T06:49:58.209+00:00,2026-09-18T06:53:02.398+00:00,2026-09-18T06:53:03.682+00:00,True,22,22.0,,22.0,184189.80006600003,185473.13395400002,185473.13395900003,8430.596998136365,45.297175,184189.80006600003,39256.36874045851,69.4980961,61.111137523809525,5.442743672370908,0.11861556189294949,56,64,,True,True,,125,87.6246207195492
185,2026-09-18T06:49:58.473+00:00,2026-09-18T06:53:03.556+00:00,2026-09-18T06:53:04.172+00:00,True,11,11.0,,11.0,185083.47725099997,185699.22432299997,185699.22441099997,16881.74767372727,57.382903,185083.47725099997,55786.2027012261,92575.48782749998,61.574707200000006,3.369081610341403,0.05923557322386501,56,64,,True,True,,53,87.6246207195492
186,2026-09-18T06:49:58.742+00:00,2026-09-18T06:53:04.643+00:00,2026-09-18T06:53:05.965+00:00,True,23,23.0,,23.0,185901.44496599998,187223.43997399998,187223.440056,8140.149567652173,35.914192,185901.44496599998,38750.60206268154,73.93915129999999,60.09068218181818,8.862609979717304,0.1228478656475602,56,64,,True,True,,144,87.6246207195492
187,2026-09-18T06:49:59.043+00:00,2026-09-18T06:53:05.452+00:00,2026-09-18T06:53:05.615+00:00,True,4,4.0,,4.0,186409.58486,186571.910108,186571.910047,46642.97751175,40.015654999999995,186409.58486,93177.73879614421,158457.76269215,54.108416,12.555917241304833,0.021439454619318305,56,64,,True,True,,14,87.6246207195492
188,2026-09-18T06:49:59.443+00:00,2026-09-18T06:53:06.925+00:00,2026-09-18T06:53:11.693+00:00,True,81,81.0,,81.0,187481.724778,192249.746538,192249.746392,2373.4536591604938,36.484592,187481.724778,20824.683263667193,67.718084,59.600272,10.794684547147515,0.42132695339595455,56,64,,True,True,,259,87.6246207195492
189,2026-09-18T06:49:59.692+00:00,2026-09-18T06:53:08.151+00:00,2026-09-18T06:53:14.094+00:00,True,98,98.0,,98.0,188458.430998,194401.334806,194401.334927,1983.6870910918367,34.988034,188458.430998,19030.99018288391,72.73173605,61.267049567010304,10.243014436890645,0.5041117649618903,56,64,,True,True,,598,87.6246207195492
190,2026-09-18T06:50:00.032+00:00,2026-09-18T06:53:09.499+00:00,2026-09-18T06:53:13.742+00:00,True,71,71.0,,71.0,189466.268457,193710.078761,193710.0787,2728.310967605634,35.969193,189466.268457,22478.31614715717,68.631732,60.62586148571429,9.279399386312031,0.3665271340248639,56,64,,True,True,,313,87.6246207195492
191,2026-09-18T06:50:00.420+00:00,2026-09-18T06:53:11.082+00:00,2026-09-18T06:53:13.277+00:00,True,36,36.0,,36.0,190662.721433,192857.684633,192857.684573,5357.1579048055555,42.116761,190662.721433,31766.669488106065,92.5093745,62.713234285714286,9.753985866871778,0.1866661422826188,56,64,,True,True,,180,87.6246207195492
192,2026-09-18T06:50:00.680+00:00,2026-09-18T06:53:11.818+00:00,2026-09-18T06:53:12.453+00:00,True,11,11.0,,11.0,191138.198959,191773.241775,191773.241833,17433.931075727272,44.125317,191138.198959,57611.18945053903,95617.2900945,63.5042816,13.1237666993525,0.05735940998956396,56,64,,True,True,,41,87.6246207195492
193,2026-09-18T06:50:00.980+00:00,2026-09-18T06:53:12.904+00:00,2026-09-18T06:53:13.337+00:00,True,8,8.0,,8.0,191923.79260400002,192356.74774000002,192356.74772600003,24044.593465750004,49.076149,191923.79260400002,67833.44034422367,124775.20696840002,61.85073371428572,6.530818431548217,0.041589391035105464,56,64,,True,True,,42,87.6246207195492
194,2026-09-18T06:50:01.292+00:00,2026-09-18T06:53:13.966+00:00,2026-09-18T06:53:14.470+00:00,True,10,10.0,,10.0,192674.493755,193178.472507,193178.472384,19317.8472384,37.64405,192674.493755,60911.31771270448,106001.15885405001,55.99763911111111,11.637205750305831,0.051765602399810054,56,64,,True,True,,33,87.6246207195492
195,2026-09-18T06:50:02.594+00:00,2026-09-18T06:53:16.011+00:00,2026-09-18T06:53:22.206+00:00,True,100,100.0,,100.0,193416.386039,199611.91986300002,199611.919935,1996.1191993500001,36.752211,193416.386039,19335.38519332004,93.63458854999999,62.58114973737374,13.556599985478897,0.5009720865799656,56,64,,True,True,,483,87.6246207195492
197,2026-09-18T06:50:02.709+00:00,2026-09-18T06:53:18.924+00:00,2026-09-18T06:53:19.800+00:00,True,15,15.0,,15.0,196215.58303799998,197090.944318,197090.944233,13139.3962822,49.534788,196215.58303799998,50646.50188306273,58915.1036429,62.52580571428572,5.562040588269733,0.07610699746710825,56,64,,True,True,,64,87.6246207195492
196,2026-09-18T06:50:02.630+00:00,2026-09-18T06:53:19.734+00:00,2026-09-18T06:53:23.645+00:00,True,64,64.0,,64.0,197103.40288100002,201015.07904100002,201015.07918300002,3140.8606122343754,36.505061999999995,197103.40288100002,24630.168236639503,92.88924395,62.09009777777778,14.39368350291047,0.31838407499243504,56,64,,True,True,,335,87.6246207195492
198,2026-09-18T06:50:02.953+00:00,2026-09-18T06:53:20.729+00:00,2026-09-18T06:53:25.545+00:00,True,78,78.0,,78.0,197776.62086599998,202592.13062599997,202592.13058,2597.3350074358973,39.244517,197776.62086599998,22386.715401522597,94.4744037,62.539087792207795,13.45182642027365,0.385010018696105,56,64,,True,True,,474,87.6246207195492
199,2026-09-18T06:50:03.192+00:00,2026-09-18T06:53:21.692+00:00,2026-09-18T06:53:25.486+00:00,True,61,61.0,,61.0,198500.231278,202293.856878,202293.856931,3316.2927365737705,35.178384,198500.231278,25407.259244813136,96.508449,63.227093333333336,15.020315547497006,0.30154153438672177,56,64,,True,True,,302,87.6246207195492
200,2026-09-18T06:50:03.589+00:00,2026-09-18T06:53:23.306+00:00,2026-09-18T06:53:27.332+00:00,True,64,64.0,,64.0,199716.507487,203742.903903,203742.903935,3183.482873984375,39.172937,199716.507487,24956.578157150296,95.8871224,63.911054222222226,13.518273150360718,0.3141213695004061,56,64,,True,True,,350,87.6246207195492
201,2026-09-18T06:50:03.900+00:00,2026-09-18T06:53:24.513+00:00,2026-09-18T06:53:30.465+00:00,True,97,97.0,,97.0,200613.273864,206564.985864,206564.98601599998,2129.535938309278,37.241321000000006,200613.273864,20362.89976553782,90.78709020000001,61.997,10.692472640243441,0.4695858767848665,56,64,,True,True,,475,87.6246207195492
202,2026-09-18T06:50:04.269+00:00,2026-09-18T06:53:26.139+00:00,2026-09-18T06:53:31.584+00:00,True,89,89.0,,89.0,201870.13631799998,207314.47884599998,207314.47907699997,2329.3761694044942,34.369336000000004,201870.13631799998,21391.636547548314,91.43378059999999,61.86752872727273,11.084918712556677,0.4292994898157216,56,64,,True,True,,301,87.6246207195492
203,2026-09-18T06:50:04.665+00:00,2026-09-18T06:53:27.440+00:00,2026-09-18T06:53:27.497+00:00,True,2,2.0,,2.0,202774.78764899998,202832.027713,202832.02774199998,101416.01387099999,57.240093,202774.78764899998,143342.952542354,192638.91027119997,57.240064,nan,0.009860375713592568,56,64,,True,True,,13,87.6246207195492
204,2026-09-18T06:50:05.016+00:00,2026-09-18T06:53:28.792+00:00,2026-09-18T06:53:29.398+00:00,True,11,11.0,,11.0,203775.43932,204382.2438,204382.243907,18580.203991545455,50.926755,203775.43932,61422.31101097741,101921.3383075,60.680448,4.619961031771781,0.05382072236551109,56,64,,True,True,,37,87.6246207195492
205,2026-09-18T06:50:05.397+00:00,2026-09-18T06:53:30.105+00:00,2026-09-18T06:53:33.945+00:00,True,63,63.0,,63.0,204708.425269,208548.224309,208548.224376,3310.2892758095236,33.441498,204708.425269,25783.036998199765,87.8979889,61.93224258064516,11.141349448893225,0.3020884028561887,56,64,,True,True,,383,87.6246207195492
206,2026-09-18T06:50:05.724+00:00,2026-09-18T06:53:31.517+00:00,2026-09-18T06:53:37.407+00:00,True,95,95.0,,95.0,205792.91266600002,211683.29321000003,211683.29318200002,2228.245191389474,34.360665999999995,205792.91266600002,21107.481920970633,90.20276430000001,62.66362280851064,12.619364922867753,0.4487836454138845,56,64,,True,True,,417,87.6246207195492
207,2026-09-18T06:50:06.137+00:00,2026-09-18T06:53:33.374+00:00,2026-09-18T06:53:38.141+00:00,True,77,77.0,,77.0,207237.71602700002,212004.439867,212004.439772,2753.3044126233767,35.572483999999996,207237.71602700002,23609.78521263144,90.0805372,62.72005052631579,12.456883763115407,0.3631999407573992,56,64,,True,True,,327,87.6246207195492
208,2026-09-18T06:50:06.390+00:00,2026-09-18T06:53:34.340+00:00,2026-09-18T06:53:35.705+00:00,True,22,22.0,,22.0,207950.26309,209315.450418,209315.45059,9514.338663181818,41.652682,207950.26309,44321.28696899021,94.61500015,65.00892038095238,13.164584056667064,0.10510452026387117,56,64,,True,True,,67,87.6246207195492
209,2026-09-18T06:50:06.692+00:00,2026-09-18T06:53:35.336+00:00,2026-09-18T06:53:37.724+00:00,True,39,39.0,,39.0,208643.439458,211031.85853,211031.858596,5411.073297333333,38.020549,208643.439458,33399.626291461194,91.5372158,62.85313347368422,11.957113675658684,0.1848062196469535,56,64,,True,True,,219,87.6246207195492
210,2026-09-18T06:50:07.019+00:00,2026-09-18T06:53:36.737+00:00,2026-09-18T06:53:38.141+00:00,True,24,24.0,,24.0,209717.988873,211121.85575299998,211121.855831,8796.743992958332,40.668194,209717.988873,42796.04647652272,69.03627049999999,61.03769043478261,6.854993283657129,0.11367842478648242,56,64,,True,True,,114,87.6246207195492
211,2026-09-18T06:50:07.321+00:00,2026-09-18T06:53:38.010+00:00,2026-09-18T06:53:38.134+00:00,True,3,3.0,,3.0,210688.358523,210813.171067,210813.1711,70271.05703333333,57.894642,210688.358523,121604.95030460278,189626.2144642,62.406272,6.380388535419454,0.014230609903621958,56,64,,True,True,,10,87.6246207195492
212,2026-09-18T06:50:07.744+00:00,2026-09-18T06:53:39.803+00:00,2026-09-18T06:53:44.802+00:00,True,82,82.0,,82.0,212058.621973,217057.831957,217057.83199500002,2647.0467316463414,35.358124000000004,212058.621973,23411.143896490797,89.6585434,61.718641777777776,10.529202920486165,0.3777795035575796,56,64,,True,True,,435,87.6246207195492
213,2026-09-18T06:50:08.161+00:00,2026-09-18T06:53:40.989+00:00,2026-09-18T06:53:45.998+00:00,True,81,81.0,,81.0,212828.448925,217837.215133,217837.215249,2689.3483364074073,34.497966,212828.448925,23640.65117314972,89.252133,62.6095776,10.623070110298578,0.3718372912109882,56,64,,True,True,,333,87.6246207195492
214,2026-09-18T06:50:08.554+00:00,2026-09-18T06:53:42.774+00:00,2026-09-18T06:53:42.832+00:00,True,2,2.0,,2.0,214220.05987599998,214278.111204,214278.11129799997,107139.05564899999,58.051421999999995,214220.05987599998,151435.4084503541,203511.9594533,58.051328,nan,0.009333664501531528,56,64,,True,True,,7,87.6246207195492
215,2026-09-18T06:50:08.921+00:00,2026-09-18T06:53:43.970+00:00,2026-09-18T06:53:46.928+00:00,True,47,47.0,,47.0,215048.96628,218007.543944,218007.543824,4638.458379234043,35.632784,215048.96628,31358.735660371498,91.0569557,64.31690573913043,10.149700811736526,0.21558886976898825,56,64,,True,True,,212,87.6246207195492
216,2026-09-18T06:50:09.341+00:00,2026-09-18T06:53:45.323+00:00,2026-09-18T06:53:46.258+00:00,True,16,16.0,,16.0,215981.749527,216916.82357500002,216916.82371,13557.301481875,39.143046999999996,215981.749527,53979.85323837431,54047.6079435,62.338269866666664,7.0225303160173365,0.07376099159255817,56,64,,True,True,,62,87.6246207195492
217,2026-09-18T06:50:09.767+00:00,2026-09-18T06:53:47.120+00:00,2026-09-18T06:53:52.714+00:00,True,89,89.0,,89.0,217353.524075,222947.859563,222947.859615,2505.0321305056177,0.01728,217353.524075,23032.699813953426,91.90343000000001,63.57199418181818,22.59695418718201,0.39919647658626933,56,64,,True,True,,385,87.6246207195492
218,2026-09-18T06:50:10.024+00:00,2026-09-18T06:53:48.605+00:00,2026-09-18T06:53:49.205+00:00,True,10,10.0,,10.0,218580.846017,219180.670401,219180.670326,21918.0670326,0.023960000000000002,218580.846017,69100.28511993226,120321.91864715,66.64715377777777,66.17702652023776,0.04562446123421646,56,64,,True,True,,31,87.6246207195492
219,2026-09-18T06:50:10.442+00:00,2026-09-18T06:53:50.095+00:00,2026-09-18T06:53:55.053+00:00,True,81,81.0,,81.0,219653.002044,224610.500924,224610.501015,2772.969148333333,33.947326999999994,219653.002044,24399.006975405187,91.92214800000002,61.968736,12.72080371138543,0.3606242792157231,56,64,,True,True,,252,87.6246207195492
220,2026-09-18T06:50:10.881+00:00,2026-09-18T06:53:51.615+00:00,2026-09-18T06:53:54.511+00:00,True,47,47.0,,47.0,220733.95444499998,223629.75118099997,223629.75102999998,4758.079809148936,40.273905,220733.95444499998,32188.176500567366,91.63202059999999,62.95210295652174,13.129729334286338,0.21016881587441133,56,64,,True,True,,231,87.6246207195492
221,2026-09-18T06:50:11.331+00:00,2026-09-18T06:53:53.500+00:00,2026-09-18T06:53:59.001+00:00,True,89,89.0,,89.0,222168.933173,227669.851189,227669.851324,2558.0882171235953,32.786499000000006,222168.933173,23543.23575065607,77.8824342,62.510432,9.824804826110732,0.3909169331608896,56,64,,True,True,,349,87.6246207195492
222,2026-09-18T06:50:11.579+00:00,2026-09-18T06:53:54.450+00:00,2026-09-18T06:53:56.877+00:00,True,40,40.0,,40.0,222871.037811,225298.09649899998,225298.096497,5632.452412424999,36.329952,222871.037811,35229.1664895929,70.77880800000001,62.23227405128205,8.827735309665488,0.17754255638008706,56,64,,True,True,,161,87.6246207195492
223,2026-09-18T06:50:12.006+00:00,2026-09-18T06:53:55.992+00:00,2026-09-18T06:53:57.432+00:00,True,24,24.0,,24.0,223986.056552,225425.384552,225425.384597,9392.724358208334,56.803473,223986.056552,45708.18848436342,69.09289795,62.579478260869564,3.5210485373903406,0.10646538342474825,56,64,,True,True,,88,87.6246207195492
224,2026-09-18T06:50:12.326+00:00,2026-09-18T06:53:57.252+00:00,2026-09-18T06:54:03.112+00:00,True,94,94.0,,94.0,224925.735924,230785.95173200002,230785.951853,2455.16970056383,39.781616,224925.735924,23192.82107350628,89.97908115,63.01307320430107,9.898633380505883,0.4073038211145426,56,64,,True,True,,530,87.6246207195492
225,2026-09-18T06:50:12.603+00:00,2026-09-18T06:53:58.091+00:00,2026-09-18T06:54:02.613+00:00,True,73,73.0,,73.0,225487.649935,230009.611407,230009.61129899998,3150.8165931369863,38.650178,225487.649935,26383.98472234662,89.59686599999999,62.805020444444445,11.013727244033111,0.31737804152378285,56,64,,True,True,,329,87.6246207195492
226,2026-09-18T06:50:12.906+00:00,2026-09-18T06:53:59.321+00:00,2026-09-18T06:54:01.419+00:00,True,34,34.0,,34.0,226415.157039,228513.26212700002,228513.262151,6720.978298558824,37.967608999999996,226415.157039,38818.97629256047,84.23984079999998,63.57894206060606,8.508834708924843,0.14878786326678903,56,64,,True,True,,161,87.6246207195492
227,2026-09-18T06:50:13.358+00:00,2026-09-18T06:54:01.106+00:00,2026-09-18T06:54:03.178+00:00,True,34,34.0,,34.0,227747.44908199998,229819.47032999998,229819.47027399996,6759.396184529411,35.039994,227747.44908199998,39047.59860782776,89.76345869999999,62.788522666666665,10.854512766332473,0.1479422085134,56,64,,True,True,,153,87.6246207195492
228,2026-09-18T06:50:13.688+00:00,2026-09-18T06:54:02.513+00:00,2026-09-18T06:54:02.735+00:00,True,5,5.0,,5.0,228824.307928,229046.42044,229046.420472,45809.2840944,42.576311000000004,228824.307928,102308.50884960673,183071.90762500002,55.528128,9.057200048186782,0.021829636064143506,56,64,,True,True,,20,87.6246207195492
229,2026-09-18T06:50:13.964+00:00,2026-09-18T06:54:03.306+00:00,2026-09-18T06:54:04.687+00:00,True,24,24.0,,24.0,229341.325733,230722.632869,230722.632867,9613.443036125,37.32137,229341.325733,46801.84399761103,77.40953605,60.056832,9.720126866316996,0.10402100436166031,56,64,,True,True,,75,87.6246207195492
230,2026-09-18T06:50:14.343+00:00,2026-09-18T06:54:04.682+00:00,2026-09-18T06:54:04.682+00:00,True,1,1.0,,1.0,230338.607665,230338.607665,230338.607665,230338.607665,230338.607665,230338.607665,nan,230338.607665,nan,nan,0.004341434595516791,56,64,,True,True,,2,87.6246207195492
231,2026-09-18T06:50:14.764+00:00,2026-09-18T06:54:06.199+00:00,2026-09-18T06:54:09.361+00:00,True,49,49.0,,49.0,231434.56362200002,234596.33386200003,234596.33394200003,4787.680284530613,38.821298000000006,231434.56362200002,33052.67423792597,101.38539580000001,65.87021333333334,15.913856500587011,0.20886941919912513,56,64,,True,True,,248,87.6246207195492
232,2026-09-18T06:50:15.214+00:00,2026-09-18T06:54:08.049+00:00,2026-09-18T06:54:14.073+00:00,True,97,97.0,,97.0,232834.427068,238858.59090799998,238858.590899,2462.4596999896908,35.958451999999994,232834.427068,23634.386432661122,91.7094724,62.751706666666664,13.18534440949339,0.4060980165346492,56,64,,True,True,,465,87.6246207195492
233,2026-09-18T06:50:15.608+00:00,2026-09-18T06:54:09.426+00:00,2026-09-18T06:54:13.718+00:00,True,70,70.0,,70.0,233817.590956,238109.70846,238109.708501,3401.5672643,32.811388,233817.590956,27939.115147893102,90.28642245,62.20460150724637,12.170261642120602,0.2939821330794636,56,64,,True,True,,305,87.6246207195492
234,2026-09-18T06:50:15.916+00:00,2026-09-18T06:54:10.832+00:00,2026-09-18T06:54:16.586+00:00,True,93,93.0,,93.0,234915.53501300002,240669.57302900002,240669.57285000003,2587.844869354839,39.156227,234915.53501300002,24353.12325112134,92.3457794,62.54389147826087,11.173322318782445,0.38642192625153227,56,64,,True,True,,469,87.6246207195492
235,2026-09-18T06:50:16.366+00:00,2026-09-18T06:54:12.449+00:00,2026-09-18T06:54:13.848+00:00,True,24,24.0,,24.0,236083.226144,237482.218016,237482.218054,9895.092418916665,36.608652,236083.226144,48177.87162366288,74.84247685,60.82573356521739,9.440026306150846,0.10106019810874024,56,64,,True,True,,107,87.6246207195492
236,2026-09-18T06:50:17.262+00:00,2026-09-18T06:54:12.508+00:00,2026-09-18T06:54:14.924+00:00,True,41,41.0,,41.0,235246.306896,237662.224976,237662.224983,5796.639633731707,39.224717,235246.306896,36729.86910918934,70.750557,60.397952,8.532286813694595,0.17251374299866262,56,64,,True,True,,172,87.6246207195492
237,2026-09-18T06:50:17.383+00:00,2026-09-18T06:54:16.199+00:00,2026-09-18T06:54:17.949+00:00,True,27,27.0,,27.0,238815.89341999998,240566.44061999998,240566.44066199998,8909.868172666665,44.771716999999995,238815.89341999998,45947.18494201531,105.95699919999998,67.32873846153846,14.65257700544408,0.1122351061536856,56,64,,True,True,,129,87.6246207195492
238,2026-09-18T06:50:17.449+00:00,2026-09-18T06:54:16.861+00:00,2026-09-18T06:54:21.876+00:00,True,79,79.0,,79.0,239411.609273,244426.448313,244426.44851400002,3094.0056773924052,35.926042,239411.609273,26928.678674200575,87.1526299,64.29280820512821,9.593979240693463,0.3232056127528255,56,64,,True,True,,422,87.6246207195492
239,2026-09-18T06:50:17.846+00:00,2026-09-18T06:54:18.693+00:00,2026-09-18T06:54:24.634+00:00,True,95,95.0,,95.0,240846.124517,246788.025061,246788.025093,2597.7686851894737,39.723625,240846.124517,24703.807300062857,82.87894409999998,63.21170791489362,9.188623348386482,0.3849457443347112,56,64,,True,True,,354,87.6246207195492
240,2026-09-18T06:50:18.233+00:00,2026-09-18T06:54:20.111+00:00,2026-09-18T06:54:25.043+00:00,True,80,80.0,,80.0,241877.682345,246809.27607300002,246809.275971,3085.1159496375003,37.63006,241877.682345,27035.76934071131,74.72726514999998,62.42523706329114,9.637668075349511,0.3241369257788269,56,64,,True,True,,321,87.6246207195492
241,2026-09-18T06:50:18.483+00:00,2026-09-18T06:54:21.243+00:00,2026-09-18T06:54:21.942+00:00,True,12,12.0,,12.0,242759.618507,243459.20941900002,243459.209368,20288.267447333335,53.979619,242759.618507,70060.30624714869,109282.56139470002,63.59917381818182,5.540762815077177,0.04928957104821477,56,64,,True,True,,49,87.6246207195492
242,2026-09-18T06:50:18.892+00:00,2026-09-18T06:54:23.089+00:00,2026-09-18T06:54:24.693+00:00,True,27,27.0,,27.0,244196.824155,245801.006939,245801.006782,9103.740991925926,40.561284,244196.824155,46983.827680359806,85.4072199,61.699337846153846,9.8951107190923,0.10984495277800282,56,64,,True,True,,96,87.6246207195492
243,2026-09-18T06:50:19.323+00:00,2026-09-18T06:54:24.754+00:00,2026-09-18T06:54:25.750+00:00,True,17,17.0,,17.0,245431.112452,246427.173124,246427.173287,14495.716075705883,35.615223,245431.112452,59510.69052111805,49154.2429312,62.253792,11.402101106940316,0.06898589869164204,56,64,,True,True,,72,87.6246207195492
244,2026-09-18T06:50:19.603+00:00,2026-09-18T06:54:25.752+00:00,2026-09-18T06:54:31.894+00:00,True,98,98.0,,98.0,246149.47887,252291.252438,252291.25234099998,2574.4005340918366,33.044818,246149.47887,24858.459056923104,93.52041599999998,63.31725327835052,11.908965429090296,0.3884399441240369,56,64,,True,True,,410,87.6246207195492
245,2026-09-18T06:50:19.928+00:00,2026-09-18T06:54:27.082+00:00,2026-09-18T06:54:31.832+00:00,True,75,75.0,,75.0,247153.869491,251904.35217899998,251904.35205699998,3358.7246940933333,33.821137,247153.869491,28531.46068777404,93.1413207,64.195712,12.620483690196112,0.2977320532624461,56,64,,True,True,,356,87.6246207195492
246,2026-09-18T06:50:20.308+00:00,2026-09-18T06:54:28.259+00:00,2026-09-18T06:54:29.923+00:00,True,27,27.0,,27.0,247950.924737,249614.475457,249614.475283,9244.980566037037,37.517159,247950.924737,47705.86615739622,94.7606783,63.98272,13.810295750164832,0.10816680383045803,56,64,,True,True,,97,87.6246207195492
247,2026-09-18T06:50:20.637+00:00,2026-09-18T06:54:29.864+00:00,2026-09-18T06:54:30.405+00:00,True,10,10.0,,10.0,249226.54516100002,249767.677449,249767.67727800002,24976.7677278,37.73787,249226.54516100002,78793.34069315161,137105.60938445,60.125809777777775,9.686890434457306,0.04003720618350185,56,64,,True,True,,26,87.6246207195492
248,2026-09-18T06:50:21.088+00:00,2026-09-18T06:54:31.332+00:00,2026-09-18T06:54:32.880+00:00,True,26,26.0,,26.0,250243.910794,251792.198538,251792.198465,9684.315325576923,41.313872,250243.910794,49064.72363597062,86.62517550000001,61.93150976,8.911677052210699,0.10325975209305831,56,64,,True,True,,51,87.6246207195492
249,2026-09-18T06:50:21.513+00:00,2026-09-18T06:54:32.760+00:00,2026-09-18T06:54:34.469+00:00,True,28,28.0,,28.0,251247.230893,252956.312749,252956.312663,9034.154023678571,44.886726,251247.230893,47469.301853276695,88.4905471,63.299328,8.256833103783743,0.1106910505443027,56,64,,True,True,,186,87.6246207195492
250,2026-09-18T06:50:21.947+00:00,2026-09-18T06:54:34.532+00:00,2026-09-18T06:54:35.682+00:00,True,20,20.0,,20.0,252584.69921700002,253735.067217,253735.067213,12686.75336065,42.52494,252584.69921700002,56466.1175866597,12693.35411265,60.54568421052632,5.573821186780529,0.07882237256112315,56,64,,True,True,,62,87.6246207195492
251,2026-09-18T06:50:22.385+00:00,2026-09-18T06:54:36.293+00:00,2026-09-18T06:54:37.906+00:00,True,25,25.0,,25.0,253907.961687,255520.754519,255520.754368,10220.83017472,40.687664,253907.961687,50768.15468763478,106.23870480000001,67.19970133333332,15.573915025257246,0.09783941052874846,56,64,,True,True,,120,87.6246207195492
252,2026-09-18T06:50:22.833+00:00,2026-09-18T06:54:37.900+00:00,2026-09-18T06:54:43.023+00:00,True,84,84.0,,84.0,255067.279835,260190.237915,260190.237773,3097.5028306309523,35.125424,255067.279835,27823.3890155865,69.37744965,61.7223865060241,9.619822668474217,0.3228407056049561,56,64,,True,True,,445,87.6246207195492
253,2026-09-18T06:50:23.134+00:00,2026-09-18T06:54:39.046+00:00,2026-09-18T06:54:41.079+00:00,True,33,33.0,,33.0,255911.95571399998,257945.104386,257945.10442699998,7816.518315969696,39.615646,255911.95571399998,44537.49463564553,94.849373,63.535896,11.48271812198978,0.12793419777650597,56,64,,True,True,,125,87.6246207195492
254,2026-09-18T06:50:23.565+00:00,2026-09-18T06:54:40.522+00:00,2026-09-18T06:54:43.509+00:00,True,50,50.0,,50.0,256957.027656,259944.45498399998,259944.455103,5198.8891020599995,36.150542,256957.027656,36330.58971728569,71.3547575,60.967904653061225,6.302868783650364,0.19234878467816358,56,64,,True,True,,223,87.6246207195492
255,2026-09-18T06:50:23.919+00:00,2026-09-18T06:54:41.887+00:00,2026-09-18T06:54:42.077+00:00,True,4,4.0,,4.0,257967.179085,258158.02478100001,258158.02469800002,64539.506174500006,59.089288999999994,257967.179085,128951.78198278062,219282.138237,63.615232,4.052235175422078,0.01549438567092102,56,64,,True,True,,19,87.6246207195492
256,2026-09-18T06:50:24.242+00:00,2026-09-18T06:54:43.084+00:00,2026-09-18T06:54:47.870+00:00,True,79,79.0,,79.0,258842.38679800002,263627.652974,263627.65288,3337.05889721519,35.329454,258842.38679800002,29115.14292072124,76.2175836,61.34956635897436,9.47742463957936,0.29966507348070687,56,64,,True,True,,422,87.6246207195492
257,2026-09-18T06:50:24.682+00:00,2026-09-18T06:54:44.867+00:00,2026-09-18T06:54:50.555+00:00,True,95,95.0,,95.0,260185.31232199998,265872.810818,265872.810604,2798.6611642526314,36.724501,260185.31232199998,26688.244184534276,88.9436082,60.505303148936164,10.644374557307355,0.35731370841462645,56,64,,True,True,,508,87.6246207195492
258,2026-09-18T06:50:24.986+00:00,2026-09-18T06:54:45.569+00:00,2026-09-18T06:54:45.632+00:00,True,2,2.0,,2.0,260583.208549,260645.723237,260645.723272,130322.861636,62.514723,260583.208549,184215.94924378893,247557.1738577,62.514688,nan,0.00767325078333029,56,64,,True,True,,5,87.6246207195492
259,2026-09-18T06:50:25.278+00:00,2026-09-18T06:54:46.642+00:00,2026-09-18T06:54:50.619+00:00,True,67,67.0,,67.0,261363.371571,265341.130291,265341.130394,3960.3153790149254,35.687013,261363.371571,31923.256844934956,88.481788,60.269071515151516,11.398654256402166,0.25250514281943776,56,64,,True,True,,313,87.6246207195492
260,2026-09-18T06:50:25.670+00:00,2026-09-18T06:54:47.926+00:00,2026-09-18T06:54:48.150+00:00,True,5,5.0,,5.0,262255.45055,262479.586998,262479.586991,52495.9173982,38.955757,262255.45055,117259.14418971373,209817.215906,56.034112,11.537456226401382,0.019049100378377606,56,64,,True,True,,24,87.6246207195492
261,2026-09-18T06:50:25.988+00:00,2026-09-18T06:54:49.184+00:00,2026-09-18T06:54:50.741+00:00,True,26,26.0,,26.0,263196.623239,264753.629831,264753.62967399997,10182.83191053846,38.505858,263196.623239,51604.891463732754,94.23517125000001,62.28026368,10.855326697176087,0.09820450815573921,56,64,,True,True,,138,87.6246207195492
262,2026-09-18T06:50:26.365+00:00,2026-09-18T06:54:50.801+00:00,2026-09-18T06:54:52.232+00:00,True,25,25.0,,25.0,264435.583279,265866.624559,265866.62446,10634.6649784,34.676095000000004,264435.583279,52875.192549480285,89.2656386,59.62672,11.682661141717567,0.09403211118156768,56,64,,True,True,,153,87.6246207195492
263,2026-09-18T06:50:26.712+00:00,2026-09-18T06:54:52.008+00:00,2026-09-18T06:54:53.465+00:00,True,26,26.0,,26.0,265296.166438,266752.329766,266752.329912,10259.704996615385,36.429442,265296.166438,52017.43645211003,69.95841175000001,58.246533119999995,8.768140675580392,0.09746868948738957,56,64,,True,True,,116,87.6246207195492
264,2026-09-18T06:50:27.065+00:00,2026-09-18T06:54:53.032+00:00,2026-09-18T06:54:55.514+00:00,True,42,42.0,,42.0,265966.784323,268448.669763,268448.669646,6391.634991571428,39.553346,265966.784323,41030.22610870895,66.9925015,60.533791219512196,8.5806727505776,0.15645449104694656,56,64,,True,True,,179,87.6246207195492
265,2026-09-18T06:50:27.484+00:00,2026-09-18T06:54:54.592+00:00,2026-09-18T06:54:58.120+00:00,True,56,56.0,,56.0,267108.071305,270635.931017,270635.930816,4832.784478857143,38.752108,267108.071305,35685.24828112743,96.78595375,64.14290385454545,12.946553566234215,0.2069200486039023,56,64,,True,True,,290,87.6246207195492
266,2026-09-18T06:50:27.893+00:00,2026-09-18T06:54:56.236+00:00,2026-09-18T06:55:02.501+00:00,True,98,98.0,,98.0,268343.288351,274608.644639,274608.644661,2802.129027153061,33.061698,268343.288351,27100.243682504628,94.9930499,64.59130193814433,12.460735298829052,0.35687150391361716,56,64,,True,True,,371,87.6246207195492
267,2026-09-18T06:50:28.220+00:00,2026-09-18T06:54:57.588+00:00,2026-09-18T06:55:00.874+00:00,True,53,53.0,,53.0,269367.867822,272654.312878,272654.312797,5144.420996169812,36.604961,269367.867822,36991.842770531766,95.27405359999999,63.20086646153846,11.791852248275992,0.19438533519077325,56,64,,True,True,,154,87.6246207195492
268,2026-09-18T06:50:28.556+00:00,2026-09-18T06:54:59.051+00:00,2026-09-18T06:55:04.020+00:00,True,79,79.0,,79.0,270495.228868,275464.287172,275464.28701599996,3486.889709063291,38.786128,270495.228868,30425.925343539842,89.9817281,63.70587569230769,10.78955297331871,0.28678853731290543,56,64,,True,True,,455,87.6246207195492
269,2026-09-18T06:50:28.844+00:00,2026-09-18T06:55:00.199+00:00,2026-09-18T06:55:04.780+00:00,True,73,73.0,,73.0,271354.77682599996,275936.60492199997,275936.60494099994,3779.9534923424653,36.419801,271354.77682599996,31752.228558855746,91.9987536,63.636501333333335,12.093739027890033,0.2645535195326303,56,64,,True,True,,325,87.6246207195492
270,2026-09-18T06:50:29.209+00:00,2026-09-18T06:55:01.542+00:00,2026-09-18T06:55:01.726+00:00,True,4,4.0,,4.0,272333.406159,272517.055695,272517.055685,68129.26392125,44.690616,272333.406159,136136.0956273876,231495.47941350003,61.216512,18.100603294509718,0.014677980392085198,56,64,,True,True,,17,87.6246207195492
271,2026-09-18T06:50:29.561+00:00,2026-09-18T06:55:02.690+00:00,2026-09-18T06:55:07.198+00:00,True,73,73.0,,73.0,273128.404636,277636.81398,277636.813928,3803.2440264109587,35.909991999999995,273128.404636,31959.935473187463,93.418484,62.61679644444445,12.484008223092916,0.2629334307418564,56,64,,True,True,,361,87.6246207195492
272,2026-09-18T06:50:29.927+00:00,2026-09-18T06:55:03.774+00:00,2026-09-18T06:55:04.634+00:00,True,15,15.0,,15.0,273847.39721499995,274706.97353499994,274706.97373299993,18313.798248866664,37.314589999999995,273847.39721499995,70691.24243511348,82220.29217989999,61.39830857142857,15.076194585727025,0.05460363749407649,56,64,,True,True,,69,87.6246207195492
273,2026-09-18T06:50:30.355+00:00,2026-09-18T06:55:05.943+00:00,2026-09-18T06:55:10.340+00:00,True,73,73.0,,73.0,275588.213157,279985.73558900005,279985.73562700005,3835.421035986302,38.438868,275588.213157,32248.01385178295,87.30479000000001,61.07670044444445,10.598074286972398,0.2607275683042618,56,64,,True,True,,416,87.6246207195492
274,2026-09-18T06:50:30.660+00:00,2026-09-18T06:55:07.197+00:00,2026-09-18T06:55:11.139+00:00,True,65,65.0,,65.0,276537.40158600005,280479.15569800005,280479.1556710001,4315.063933400001,34.551044999999995,276537.40158600005,34292.60601441875,92.991186,61.589908,12.074590902128783,0.23174627661096983,56,64,,True,True,,322,87.6246207195492
275,2026-09-18T06:50:31.030+00:00,2026-09-18T06:55:08.577+00:00,2026-09-18T06:55:13.956+00:00,True,89,89.0,,89.0,277547.716699,282926.326363,282926.32639999996,3178.9474876404493,35.104334,277547.716699,29413.522764255875,90.157415,61.12056436363637,11.95271917122809,0.3145695246677443,56,64,,True,True,,427,87.6246207195492
276,2026-09-18T06:50:31.379+00:00,2026-09-18T06:55:09.958+00:00,2026-09-18T06:55:11.074+00:00,True,20,20.0,,20.0,278578.752234,279695.363818,279695.363939,13984.76819695,37.46901999999999,278578.752234,62278.96209324215,13992.830863000001,58.769030736842105,8.435449308361477,0.07150636938342016,56,64,,True,True,,106,87.6246207195492
277,2026-09-18T06:50:31.731+00:00,2026-09-18T06:55:11.203+00:00,2026-09-18T06:55:13.499+00:00,True,38,38.0,,38.0,279472.095898,281767.864986,281767.865061,7414.9438173947365,35.009614,279472.095898,45326.296765506915,93.56468339999999,62.047813189189185,12.538241782681293,0.13486278856493475,56,64,,True,True,,184,87.6246207195492
279,2026-09-18T06:50:32.537+00:00,2026-09-18T06:55:13.449+00:00,2026-09-18T06:55:15.307+00:00,True,30,30.0,,30.0,280912.359511,282770.623319,282770.623335,9425.6874445,39.410146,280912.359511,51275.64780513516,100.46845785,64.07806234482759,12.523298029745245,0.10609305750320576,56,64,,True,True,,128,87.6246207195492
280,2026-09-18T06:50:32.855+00:00,2026-09-18T06:55:14.704+00:00,2026-09-18T06:55:16.382+00:00,True,28,28.0,,28.0,281849.520423,283527.872551,283527.872475,10125.995445535713,35.835091999999996,281849.520423,53252.8068778033,96.77618025,62.161189925925925,12.926044945646725,0.09875572284331044,56,64,,True,True,,135,87.6246207195492
278,2026-09-18T06:50:32.116+00:00,2026-09-18T06:55:15.661+00:00,2026-09-18T06:55:16.191+00:00,True,10,10.0,,10.0,283545.884963,284075.39638700004,284075.396351,28407.5396351,40.349625,283545.884963,89646.47698787616,155980.52466995,58.83460266666666,8.479330802153669,0.035201922191025845,56,64,,True,True,,41,87.6246207195492
281,2026-09-18T06:50:33.129+00:00,2026-09-18T06:55:15.781+00:00,2026-09-18T06:55:17.852+00:00,True,35,35.0,,35.0,282651.833789,284722.88838099997,284722.888474,8134.939670685714,39.093977,282651.833789,47766.58458869693,76.4563744,60.91337035294118,9.09968839722771,0.12292654165956968,56,64,,True,True,,126,87.6246207195492
282,2026-09-18T06:50:33.421+00:00,2026-09-18T06:55:17.330+00:00,2026-09-18T06:55:21.748+00:00,True,73,73.0,,73.0,283909.642031,288326.809903,288326.810024,3949.6823290958905,36.470052,283909.642031,33221.93103205977,71.246228,61.34955377777778,9.181272942085815,0.253184918962475,56,64,,True,True,,331,87.6246207195492
285,2026-09-18T06:50:34.823+00:00,2026-09-18T06:55:19.649+00:00,2026-09-18T06:55:20.005+00:00,True,7,7.0,,7.0,284826.255078,285181.56439,285181.564452,40740.22349314286,35.053434,284826.255078,107631.82360213841,199398.83766720004,59.218218666666665,12.336027223539006,0.024545766185738258,56,64,,True,True,,32,87.6246207195492
283,2026-09-18T06:50:34.719+00:00,2026-09-18T06:55:19.997+00:00,2026-09-18T06:55:24.285+00:00,True,71,71.0,,71.0,285278.21067299997,289565.90782499994,289565.907838,4078.3930681408447,35.871652999999995,285278.21067299997,33849.02675952664,73.413872,61.252816457142856,9.59519691947295,0.24519461055791508,56,64,,True,True,,287,87.6246207195492
284,2026-09-18T06:50:34.780+00:00,2026-09-18T06:55:20.652+00:00,2026-09-18T06:55:23.309+00:00,True,44,44.0,,44.0,285871.90503799997,288529.05012599996,288529.050282,6557.478415499999,40.102965,285871.90503799997,43087.496232269,75.2003177,61.79407181395349,8.438732135550264,0.15249764271842056,56,64,,True,True,,196,87.6246207195492
286,2026-09-18T06:50:34.929+00:00,2026-09-18T06:55:21.268+00:00,2026-09-18T06:55:26.682+00:00,True,89,89.0,,89.0,286338.779027,291753.036179,291753.036099,3278.1240011123596,36.368642,286338.779027,30345.32997307839,85.087708,61.52564945454545,10.528075608249104,0.30505252375641295,56,64,,True,True,,320,87.6246207195492
287,2026-09-18T06:50:35.081+00:00,2026-09-18T06:55:23.241+00:00,2026-09-18T06:55:23.438+00:00,True,4,4.0,,4.0,288159.439335,288356.945127,288356.944935,72089.23623375,64.252819,288159.439335,144046.80207722835,244945.7461647,65.835264,2.0503247125935933,0.013871696408207873,56,64,,True,True,,12,87.6246207195492
288,2026-09-18T06:50:35.342+00:00,2026-09-18T06:55:24.345+00:00,2026-09-18T06:55:30.006+00:00,True,93,93.0,,93.0,289003.226515,294664.64014699997,294664.64025299996,3168.436991967742,38.014928999999995,289003.226515,29961.859310479776,87.3466526,61.537104695652175,10.613431309920855,0.3156130303032115,56,64,,True,True,,444,87.6246207195492
289,2026-09-18T06:50:35.669+00:00,2026-09-18T06:55:25.856+00:00,2026-09-18T06:55:28.606+00:00,True,45,45.0,,45.0,290186.666994,292936.828914,292936.82902400004,6509.707311644445,37.862409,290186.666994,43249.158200406615,91.6554646,62.50368,11.37455006690146,0.1536167376660278,56,64,,True,True,,195,87.6246207195492
290,2026-09-18T06:50:36.072+00:00,2026-09-18T06:55:27.173+00:00,2026-09-18T06:55:28.009+00:00,True,14,14.0,,14.0,291101.600695,291936.98680699995,291936.986728,20852.641909142854,38.507247,291101.600695,77783.00199837574,101950.49408169997,64.26047015384616,13.016754845166247,0.047955554221210846,56,64,,True,True,,55,87.6246207195492
291,2026-09-18T06:50:36.409+00:00,2026-09-18T06:55:28.663+00:00,2026-09-18T06:55:32.285+00:00,True,59,59.0,,59.0,292254.094392,295875.945528,295875.945587,5014.846535372882,36.965711000000006,292254.094392,38040.11406249926,92.83778680000002,62.44570924137931,10.858076408013856,0.19940789676130188,56,64,,True,True,,288,87.6246207195492
292,2026-09-18T06:50:36.721+00:00,2026-09-18T06:55:30.069+00:00,2026-09-18T06:55:33.171+00:00,True,50,50.0,,50.0,293348.31174000003,296450.482108,296450.48214000004,5929.009642800001,40.674784,293348.31174000003,41476.76377067912,89.4686968,63.309599346938775,9.220544632448538,0.1686622320343688,56,64,,True,True,,226,87.6246207195492
293,2026-09-18T06:50:37.123+00:00,2026-09-18T06:55:31.135+00:00,2026-09-18T06:55:36.076+00:00,True,79,79.0,,79.0,294012.094181,298952.830693,298952.830693,3784.2130467468355,32.420879,294012.094181,33071.82024965303,93.6767318,63.34277579487179,11.222875301314787,0.26425573498290944,56,64,,True,True,,351,87.6246207195492
294,2026-09-18T06:50:37.573+00:00,2026-09-18T06:55:32.860+00:00,2026-09-18T06:55:35.216+00:00,True,38,38.0,,38.0,295286.439557,297642.529413,297642.529287,7832.698139131579,41.536532,295286.439557,47891.45684231129,91.20437170000001,63.67810421621621,9.561789790617976,0.12766992699243032,56,64,,True,True,,196,87.6246207195492
295,2026-09-18T06:50:37.861+00:00,2026-09-18T06:55:33.855+00:00,2026-09-18T06:55:34.074+00:00,True,4,4.0,,4.0,295994.855049,296213.001353,296213.001389,74053.25034725,63.049792000000004,295994.855049,147961.0701556507,251608.66039605002,72.71543466666667,12.54396458922893,0.013503796193041373,56,64,,True,True,,15,87.6246207195492
296,2026-09-18T06:50:38.149+00:00,2026-09-18T06:55:35.089+00:00,2026-09-18T06:55:38.213+00:00,False,50,49.0,,49.0,296940.287576,300063.51445599995,300063.51442799997,6001.270288559999,0.04086,296940.287576,41984.68659694703,92.94196525,63.73932408163265,14.662358355688907,0.16329876056019185,56,64,,True,False,Request timeout: 300.0s exceeded,220,87.6246207195492
297,2026-09-18T06:50:38.491+00:00,2026-09-18T06:55:36.558+00:00,2026-09-18T06:55:38.523+00:00,False,33,32.0,,32.0,298066.394883,300031.932163,300031.932227,9091.876734151516,0.03111,298066.394883,51876.00899402792,93.91205839999999,61.42304,14.755032942385036,0.10665531421707203,56,64,,True,False,Request timeout: 300.0s exceeded,130,87.6246207195492
298,2026-09-18T06:50:38.874+00:00,2026-09-18T06:55:38.093+00:00,2026-09-18T06:55:38.950+00:00,False,16,15.0,,15.0,299218.62998,300076.188252,300076.188121,18754.7617575625,0.05694,299218.62998,74790.36659483962,74860.72895750002,57.170551466666666,16.677586153271385,0.049987305181986644,56,64,,True,False,Request timeout: 300.0s exceeded,86,87.6246207195492
299,2026-09-18T06:50:39.200+00:00,2026-09-18T06:55:39.138+00:00,2026-09-18T06:55:39.266+00:00,False,4,3.0,,3.0,299937.885501,300065.65279699996,300065.652791,75016.41319775,0.06576,299937.885501,149947.65122579996,254957.07970874998,42.589098666666665,36.88031793715392,0.009997812052249632,56,64,,True,False,Request timeout: 300.0s exceeded,17,87.6246207195492
300,2026-09-18T06:50:39.503+00:00,2026-09-18T06:55:39.572+00:00,2026-09-18T06:55:39.572+00:00,False,1,0.0,,0.0,300069.285445,300069.285445,300069.285445,300069.285445,300069.285445,300069.285445,nan,300069.285445,nan,nan,0.0,56,64,,True,False,TTFT timeout: 300.0s exceeded (TTFT: 300.057s),0,87.6246207195492
301,2026-09-18T06:50:39.884+00:00,2026-09-18T06:55:39.971+00:00,2026-09-18T06:55:39.971+00:00,False,1,0.0,,0.0,300087.04026200005,300087.04026200005,300087.04026200005,300087.04026200005,300087.04026200005,300087.04026200005,nan,300087.04026200005,nan,nan,0.0,56,64,,True,False,"HTTPConnectionPool(host='gpu03', port=9002): Read timed out.",0,87.6246207195492
302,2026-09-18T06:50:40.312+00:00,2026-09-18T06:55:40.228+00:00,2026-09-18T06:55:40.317+00:00,False,3,2.0,,2.0,299916.821061,300005.332293,300005.332245,100001.777415,0.04579,299916.821061,173131.51204068298,269933.98549429997,44.255616,62.522087436093564,0.006666548173372803,56,64,,True,False,Request timeout: 300.0s exceeded,3,87.6246207195492
303,2026-09-18T06:50:40.626+00:00,2026-09-18T06:55:40.670+00:00,2026-09-18T06:55:40.670+00:00,False,1,0.0,,0.0,300043.864084,300043.864084,300043.864084,300043.864084,300043.864084,300043.864084,nan,300043.864084,nan,nan,0.0,56,64,,True,False,TTFT timeout: 300.0s exceeded (TTFT: 300.035s),0,87.6246207195492
304,2026-09-18T06:50:41.045+00:00,2026-09-18T06:55:41.125+00:00,2026-09-18T06:55:41.125+00:00,False,1,0.0,,0.0,300079.535706,300079.535706,300079.535706,300079.535706,300079.535706,300079.535706,nan,300079.535706,nan,nan,0.0,56,64,,True,False,"HTTPConnectionPool(host='gpu03', port=9002): Read timed out.",0,87.6246207195492
305,2026-09-18T06:50:41.303+00:00,2026-09-18T06:55:41.297+00:00,2026-09-18T06:55:41.410+00:00,False,3,2.0,,2.0,299993.92069,300106.955954,300106.956158,100035.65205266667,0.02296,299993.92069,173168.9495521338,270005.82987180003,56.517632,79.89578024580653,0.006664290714762897,56,64,,True,False,Request timeout: 300.0s exceeded,10,87.6246207195492
306,2026-09-18T06:50:41.568+00:00,2026-09-18T06:55:41.614+00:00,2026-09-18T06:55:41.614+00:00,False,1,0.0,,0.0,300045.95641600003,300045.95641600003,300045.95641600003,300045.95641600003,300045.95641600003,300045.95641600003,nan,300045.95641600003,nan,nan,0.0,56,64,,True,False,TTFT timeout: 300.0s exceeded (TTFT: 300.038s),0,87.6246207195492
307,2026-09-18T06:50:41.966+00:00,2026-09-18T06:55:41.894+00:00,2026-09-18T06:55:41.993+00:00,False,4,3.0,,3.0,299928.23769599997,300027.50399999996,300027.50401,75006.8760025,0.023989999999999997,299928.23769599997,149947.5765143139,254947.96835279997,33.088768,30.382020627916372,0.00999908328404452,56,64,,True,False,Request timeout: 300.0s exceeded,17,87.6246207195492
308,2026-09-18T06:50:42.250+00:00,2026-09-18T06:55:42.317+00:00,2026-09-18T06:55:42.317+00:00,False,1,0.0,,0.0,300066.20911,300066.20911,300066.20911,300066.20911,300066.20911,300066.20911,nan,300066.20911,nan,nan,0.0,56,64,,True,False,"HTTPConnectionPool(host='gpu03', port=9002): Read timed out.",0,87.6246207195492
309,2026-09-18T06:50:42.639+00:00,2026-09-18T06:55:42.747+00:00,2026-09-18T06:55:42.747+00:00,False,1,0.0,,0.0,300108.12810100004,300108.12810100004,300108.12810100004,300108.12810100004,300108.12810100004,300108.12810100004,nan,300108.12810100004,nan,nan,0.0,56,64,,True,False,TTFT timeout: 300.0s exceeded (TTFT: 300.101s),0,87.6246207195492
310,2026-09-18T06:50:42.995+00:00,2026-09-18T06:55:42.890+00:00,2026-09-18T06:55:43.053+00:00,False,4,3.0,,3.0,299895.103931,300057.846715,300057.846707,75014.46167675,0.02209,299895.103931,149920.43317005006,254924.03455024998,54.247594666666664,47.424240957458935,0.009998072147899703,56,64,,True,False,Request timeout: 300.0s exceeded,11,87.6246207195492
311,2026-09-18T06:50:43.356+00:00,2026-09-18T06:55:43.210+00:00,2026-09-18T06:55:43.413+00:00,False,6,5.0,,5.0,299854.550239,300056.621535,300056.621669,50009.43694483333,0.094729,299854.550239,122398.61045168297,224906.62032725,40.414259200000004,24.68878097373273,0.016663521619424675,56,64,,True,False,Request timeout: 300.0s exceeded,25,87.6246207195492
312,2026-09-18T06:50:43.620+00:00,2026-09-18T06:55:43.713+00:00,2026-09-18T06:55:43.713+00:00,False,1,0.0,,0.0,300092.978104,300092.978104,300092.978104,300092.978104,300092.978104,300092.978104,nan,300092.978104,nan,nan,0.0,56,64,,True,False,"HTTPConnectionPool(host='gpu03', port=9002): Read timed out.",0,87.6246207195492
313,2026-09-18T06:50:43.884+00:00,2026-09-18T06:55:43.988+00:00,2026-09-18T06:55:43.988+00:00,False,1,0.0,,0.0,300103.888508,300103.888508,300103.888508,300103.888508,300103.888508,300103.888508,nan,300103.888508,nan,nan,0.0,56,64,,True,False,"HTTPConnectionPool(host='gpu03', port=9002): Read timed out.",0,87.6246207195492
314,2026-09-18T06:50:44.289+00:00,2026-09-18T06:55:44.252+00:00,2026-09-18T06:55:44.357+00:00,False,3,2.0,,2.0,299963.64918,300068.254876,300068.254654,100022.75155133333,0.03202,299963.64918,173153.90449148288,269977.7416074,52.302848,73.9217801196706,0.00666515023665692,56,64,,True,False,Request timeout: 300.0s exceeded,6,87.6246207195492
315,2026-09-18T06:50:44.572+00:00,2026-09-18T06:55:44.357+00:00,2026-09-18T06:55:44.629+00:00,False,6,5.0,,5.0,299784.95172899996,300056.84369699995,300056.84371899994,50009.473953166664,0.02823,299784.95172899996,122364.49727724213,224857.44980674997,54.3783936,30.869874162499027,0.016663509281758106,56,64,,True,False,Request timeout: 300.0s exceeded,14,87.6246207195492
316,2026-09-18T06:50:44.923+00:00,2026-09-18T06:55:45.120+00:00,2026-09-18T06:55:45.856+00:00,False,13,12.0,,12.0,300197.208966,300933.04487,300933.044726,23148.69574815385,0.02255,300197.208966,83242.7215386016,120133.53919980001,61.31965866666666,24.06539712288284,0.03987597973889467,56,64,,True,False,Request timeout: 300.0s exceeded,53,87.6246207195492
317,2026-09-18T06:50:45.190+00:00,2026-09-18T06:55:45.536+00:00,2026-09-18T06:55:45.910+00:00,False,8,7.0,,7.0,300346.207669,300719.89086900005,300719.89083800005,37589.986354750006,0.02325,300346.207669,106169.54953908606,195257.89463825003,53.383314285714285,28.66158740864349,0.023277475858919316,56,64,,True,False,Request timeout: 300.0s exceeded,21,87.6246207195492
318,2026-09-18T06:50:45.444+00:00,2026-09-18T06:55:45.813+00:00,2026-09-18T06:55:45.908+00:00,False,4,3.0,,3.0,300369.820449,300463.876129,300463.876233,75115.96905825,0.04504,300369.820449,150169.23601435163,255322.51094834998,31.351893333333333,28.109120063848696,0.009984561334461357,56,64,,True,False,Request timeout: 300.0s exceeded,7,87.6246207195492
319,2026-09-18T06:50:45.866+00:00,2026-09-18T06:55:46.006+00:00,2026-09-18T06:55:46.006+00:00,False,1,0.0,,0.0,300140.371369,300140.371369,300140.371369,300140.371369,300140.371369,300140.371369,nan,300140.371369,nan,nan,0.0,56,64,,True,False,"HTTPConnectionPool(host='gpu03', port=9002): Read timed out.",0,87.6246207195492
320,2026-09-18T06:50:46.144+00:00,2026-09-18T06:55:46.251+00:00,2026-09-18T06:55:46.251+00:00,False,1,0.0,,0.0,300107.10550400004,300107.10550400004,300107.10550400004,300107.10550400004,300107.10550400004,300107.10550400004,nan,300107.10550400004,nan,nan,0.0,56,64,,True,False,"HTTPConnectionPool(host='gpu03', port=9002): Read timed out.",0,87.6246207195492
321,2026-09-18T06:50:46.442+00:00,2026-09-18T06:55:46.713+00:00,2026-09-18T06:55:46.713+00:00,False,1,0.0,,0.0,300271.455688,300271.455688,300271.455688,300271.455688,300271.455688,300271.455688,nan,300271.455688,nan,nan,0.0,56,64,,True,False,"HTTPConnectionPool(host='gpu03', port=9002): Read timed out.",0,87.6246207195492
322,2026-09-18T06:50:46.703+00:00,2026-09-18T06:55:46.773+00:00,2026-09-18T06:55:46.773+00:00,False,1,0.0,,0.0,300069.34587099997,300069.34587099997,300069.34587099997,300069.34587099997,300069.34587099997,300069.34587099997,nan,300069.34587099997,nan,nan,0.0,56,64,,True,False,"HTTPConnectionPool(host='gpu03', port=9002): Read timed out.",0,87.6246207195492
323,2026-09-18T06:50:46.993+00:00,2026-09-18T06:55:47.100+00:00,2026-09-18T06:55:47.100+00:00,False,1,0.0,,0.0,300107.352162,300107.352162,300107.352162,300107.352162,300107.352162,300107.352162,nan,300107.352162,nan,nan,0.0,56,64,,True,False,"HTTPConnectionPool(host='gpu03', port=9002): Read timed out.",0,87.6246207195492
324,2026-09-18T06:50:47.431+00:00,2026-09-18T06:55:47.288+00:00,2026-09-18T06:55:47.472+00:00,False,5,4.0,,4.0,299856.53370200004,300040.171718,300040.17173700006,60008.03434740001,0.036999000000000004,299856.53370200004,134079.38985368225,239898.10154340003,45.909504,30.718310052716895,0.013331548162689017,56,64,,True,False,Request timeout: 300.0s exceeded,13,87.6246207195492
325,2026-09-18T06:50:47.690+00:00,2026-09-18T06:55:47.292+00:00,2026-09-18T06:55:47.734+00:00,False,10,9.0,,9.0,299602.187202,300043.866818,300043.866653,30004.3866653,0.03986,299602.187202,94727.01332454139,164809.27253145,49.07551288888889,20.676777922351615,0.0299956139595388,56,64,,True,False,Request timeout: 300.0s exceeded,29,87.6246207195492
326,2026-09-18T06:50:48.126+00:00,2026-09-18T06:55:48.149+00:00,2026-09-18T06:55:48.149+00:00,False,1,0.0,,0.0,300023.225332,300023.225332,300023.225332,300023.225332,300023.225332,300023.225332,nan,300023.225332,nan,nan,0.0,56,64,,True,False,"HTTPConnectionPool(host='gpu03', port=9002): Read timed out.",0,87.6246207195492
327,2026-09-18T06:50:48.525+00:00,2026-09-18T06:55:48.557+00:00,2026-09-18T06:55:48.557+00:00,False,1,0.0,,0.0,300032.530634,300032.530634,300032.530634,300032.530634,300032.530634,300032.530634,nan,300032.530634,nan,nan,0.0,56,64,,True,False,TTFT timeout: 300.0s exceeded (TTFT: 300.028s),0,87.6246207195492
328,2026-09-18T06:50:48.956+00:00,2026-09-18T06:55:48.816+00:00,2026-09-18T06:55:49.048+00:00,False,5,4.0,,4.0,299859.310358,300091.86306199996,300091.863092,60018.3726184,0.02588,299859.310358,134075.16455225777,239905.40404859997,58.138176,39.7034634364851,0.01332925178039095,56,64,,True,False,Request timeout: 300.0s exceeded,11,87.6246207195492
329,2026-09-18T06:50:49.221+00:00,2026-09-18T06:55:49.177+00:00,2026-09-18T06:55:49.240+00:00,False,3,2.0,,2.0,299956.02367,300019.141238,300019.141321,100006.38044033333,0.037630000000000004,299956.02367,173161.4733834839,269966.7293051,31.558784,44.57764066002381,0.006666241332960267,56,64,,True,False,Request timeout: 300.0s exceeded,5,87.6246207195492
330,2026-09-18T06:50:49.664+00:00,2026-09-18T06:55:49.780+00:00,2026-09-18T06:55:49.780+00:00,False,1,0.0,,0.0,300116.036838,300116.036838,300116.036838,300116.036838,300116.036838,300116.036838,nan,300116.036838,nan,nan,0.0,56,64,,True,False,"HTTPConnectionPool(host='gpu03', port=9002): Read timed out.",0,87.6246207195492
331,2026-09-18T06:50:50.032+00:00,2026-09-18T06:55:50.022+00:00,2026-09-18T06:55:50.094+00:00,False,3,2.0,,2.0,299990.109265,300062.42644899996,300062.426269,100020.80875633332,0.02657,299990.109265,173178.49798678988,269998.32738189993,36.158592,51.09831918083067,0.006665279700855613,56,64,,True,False,Request timeout: 300.0s exceeded,9,87.6246207195492
332,2026-09-18T06:50:50.469+00:00,2026-09-18T06:55:50.309+00:00,2026-09-18T06:55:50.515+00:00,False,5,4.0,,4.0,299839.91150499997,300046.10107299994,300046.101049,60009.22020979999,0.038310000000000004,299839.91150499997,134069.4356088236,239886.63895039997,51.547392,34.875693325611174,0.013331284711567764,56,64,,True,False,Request timeout: 300.0s exceeded,12,87.6246207195492
333,2026-09-18T06:50:50.794+00:00,2026-09-18T06:55:50.799+00:00,2026-09-18T06:55:50.859+00:00,False,3,2.0,,2.0,300005.392077,300064.999885,300064.999895,100021.66663166667,0.061130000000000004,300005.392077,173190.98913303413,270010.8075381,29.803904,42.06292004453747,0.0066652225376718395,56,64,,True,False,Request timeout: 300.0s exceeded,3,87.6246207195492
334,2026-09-18T06:50:51.049+00:00,2026-09-18T06:55:51.171+00:00,2026-09-18T06:55:51.171+00:00,False,1,0.0,,0.0,300122.263151,300122.263151,300122.263151,300122.263151,300122.263151,300122.263151,nan,300122.263151,nan,nan,0.0,56,64,,True,False,"HTTPConnectionPool(host='gpu03', port=9002): Read timed out.",0,87.6246207195492
335,2026-09-18T06:50:51.406+00:00,2026-09-18T06:55:51.398+00:00,2026-09-18T06:55:51.457+00:00,False,3,2.0,,2.0,299992.070666,300051.618058,300051.61783400003,100017.20594466667,0.03404,299992.070666,173183.31552051182,269998.81491220003,29.773696,42.05821354180189,0.006665519796041893,56,64,,True,False,Request timeout: 300.0s exceeded,3,87.6246207195492
336,2026-09-18T06:50:51.831+00:00,2026-09-18T06:55:51.678+00:00,2026-09-18T06:55:51.859+00:00,False,5,4.0,,4.0,299847.003787,300027.647883,300027.647888,60005.529577600006,0.088649,299847.003787,134075.46256450593,239889.70550900002,45.161024,30.049296780503067,0.013332104651768146,56,64,,True,False,Request timeout: 300.0s exceeded,10,87.6246207195492
337,2026-09-18T06:50:52.104+00:00,2026-09-18T06:55:52.211+00:00,2026-09-18T06:55:52.211+00:00,False,1,0.0,,0.0,300107.026473,300107.026473,300107.026473,300107.026473,300107.026473,300107.026473,nan,300107.026473,nan,nan,0.0,56,64,,True,False,"HTTPConnectionPool(host='gpu03', port=9002): Read timed out.",0,87.6246207195492
338,2026-09-18T06:50:52.379+00:00,2026-09-18T06:55:52.478+00:00,2026-09-18T06:55:52.478+00:00,False,1,0.0,,0.0,300098.93359100004,300098.93359100004,300098.93359100004,300098.93359100004,300098.93359100004,300098.93359100004,nan,300098.93359100004,nan,nan,0.0,56,64,,True,False,"HTTPConnectionPool(host='gpu03', port=9002): Read timed out.",0,87.6246207195492
339,2026-09-18T06:50:52.652+00:00,2026-09-18T06:55:52.699+00:00,2026-09-18T06:55:52.699+00:00,False,1,0.0,,0.0,300047.81964999996,300047.81964999996,300047.81964999996,300047.81964999996,300047.81964999996,300047.81964999996,nan,300047.81964999996,nan,nan,0.0,56,64,,True,False,"HTTPConnectionPool(host='gpu03', port=9002): Read timed out.",0,87.6246207195492
340,2026-09-18T06:50:53.053+00:00,2026-09-18T06:55:52.890+00:00,2026-09-18T06:55:53.107+00:00,False,8,7.0,,7.0,299837.743894,300054.148118,300054.148219,37506.768527375,0.08493,299837.743894,105997.72166833216,194907.9037124,30.91488914285714,13.671867417043455,0.02332912257306026,56,64,,True,False,Request timeout: 300.0s exceeded,46,87.6246207195492
0,2026-09-18T06:48:53.193+00:00,2026-09-18T06:48:53.415+00:00,2026-09-18T06:48:54.543+00:00,True,23,23.0,,23.0,221.841818,1349.384602,1349.384483,58.66889056521739,12.961026,221.841818,39.364065758244294,88.431262,51.25194472727273,17.25717406077755,17.044806918583767,57,64,,False,True,,67,87.6246207195492
1,2026-09-18T06:48:53.666+00:00,2026-09-18T06:48:53.848+00:00,2026-09-18T06:48:57.130+00:00,True,57,57.0,,57.0,182.634501,3464.325893,3464.326063,60.77765022807018,17.947107,182.634501,19.608688690347027,69.9265722,58.601632,10.802179427653952,16.453417421026675,57,64,,False,True,,250,87.6246207195492
2,2026-09-18T06:48:54.190+00:00,2026-09-18T06:48:56.127+00:00,2026-09-18T06:48:58.419+00:00,True,38,38.0,,38.0,1936.6341710000002,4228.725307000001,4228.725292,111.2822445263158,37.922019,1936.6341710000002,304.1699392656707,69.4249599,61.948409081081074,5.903759840439811,8.986159478625126,57,64,,False,True,,159,87.6246207195492
3,2026-09-18T06:48:54.680+00:00,2026-09-18T06:48:58.105+00:00,2026-09-18T06:49:01.623+00:00,True,59,59.0,,59.0,3425.702034,6943.597458,6943.597397,117.68809147457627,14.649942999999999,3425.702034,438.2326047799307,68.3652343,60.65336937931035,11.196335230414688,8.497036349943315,57,64,,False,True,,222,87.6246207195492
4,2026-09-18T06:48:55.156+00:00,2026-09-18T06:48:59.383+00:00,2026-09-18T06:49:02.280+00:00,True,49,49.0,,49.0,4227.325275,7123.749211,7123.749373000001,145.38264026530612,7.473177,4227.325275,595.4175142480473,71.99618400000001,60.342165333333334,12.7753050808988,6.878400481074992,57,64,,False,True,,233,87.6246207195492
5,2026-09-18T06:48:55.774+00:00,2026-09-18T06:49:01.848+00:00,2026-09-18T06:49:07.163+00:00,True,90,90.0,,90.0,6073.805544,11388.463592,11388.463488,126.5384832,0.0,6073.805544,634.1771810392978,69.06421294999998,59.71525896629213,17.412430480385414,7.90273413730908,57,64,,False,True,,271,87.6246207195492
6,2026-09-18T06:48:56.198+00:00,2026-09-18T06:49:03.514+00:00,2026-09-18T06:49:05.013+00:00,True,27,27.0,,27.0,7316.092155,8814.789115,8814.78923,326.4736751851852,38.961747,7316.092155,1396.9134354801668,67.77001680000001,57.642190769230766,8.366200524689885,3.0630341404372894,57,64,,False,True,,141,87.6246207195492
7,2026-09-18T06:48:56.798+00:00,2026-09-18T06:49:05.679+00:00,2026-09-18T06:49:09.540+00:00,True,65,65.0,,65.0,8880.979997,12741.614877,12741.614953,196.02484543076923,0.0,8880.979997,1094.730842002318,70.88659,60.32242,38.39312806919853,5.101394181779271,57,64,,False,True,,265,87.6246207195492
8,2026-09-18T06:48:57.280+00:00,2026-09-18T06:49:07.481+00:00,2026-09-18T06:49:13.188+00:00,True,96,96.0,,96.0,10201.549203,15907.896979000001,15907.897039000001,165.70726082291668,0.0,10201.549203,1035.6912281857547,68.40333525,60.066818694736845,36.32537647524638,6.034738603520598,57,64,,False,True,,433,87.6246207195492
9,2026-09-18T06:48:57.645+00:00,2026-09-18T06:49:08.705+00:00,2026-09-18T06:49:14.616+00:00,True,100,100.0,,100.0,11060.184057,16971.112697,16971.112733,169.71112733,0.0,11060.184057,1100.3830439052197,68.35451545000001,59.7063498989899,27.299692604792234,5.892365561727552,57,64,,False,True,,445,87.6246207195492
10,2026-09-18T06:48:58.025+00:00,2026-09-18T06:49:10.094+00:00,2026-09-18T06:49:14.792+00:00,True,79,79.0,,79.0,12068.372364,16766.55886,16766.558984,212.2349238481013,0.0,12068.372364,1351.3650423552897,69.0959217,60.23316020512821,30.67940655449072,4.711759918039617,57,64,,False,True,,322,87.6246207195492
11,2026-09-18T06:48:58.381+00:00,2026-09-18T06:49:11.370+00:00,2026-09-18T06:49:16.955+00:00,True,94,94.0,,94.0,12989.420763,18573.995738999998,18573.995725,197.59569920212766,0.0,12989.420763,1334.0045343346908,69.5461938,60.04919329032258,34.511154964275676,5.060838891150777,57,64,,False,True,,507,87.6246207195492
12,2026-09-18T06:48:58.794+00:00,2026-09-18T06:49:13.060+00:00,2026-09-18T06:49:17.455+00:00,True,75,75.0,,75.0,14265.435621999999,18660.464613999997,18660.464555,248.80619406666665,0.0,14265.435621999999,1640.8610716843777,69.69984570000001,59.39228367567568,40.30857402614905,4.019192530915404,57,64,,False,True,,404,87.6246207195492
13,2026-09-18T06:48:59.409+00:00,2026-09-18T06:49:15.257+00:00,2026-09-18T06:49:18.374+00:00,True,53,53.0,,53.0,15847.987140000001,18964.496836000002,18964.496709000003,357.8206926226415,0.0,15847.987140000001,2168.9726507013293,72.1037422,59.93287876923077,37.420300879130906,2.7946958181031696,57,64,,False,True,,213,87.6246207195492
14,2026-09-18T06:48:59.761+00:00,2026-09-18T06:49:16.657+00:00,2026-09-18T06:49:22.291+00:00,True,93,93.0,,93.0,16896.231973,22529.933349000003,22529.933404000003,242.25734843010756,0.0,16896.231973,1746.647368415943,90.1187186,61.23588452173913,57.597396130737614,4.12784177207199,57,64,,False,True,,509,87.6246207195492
15,2026-09-18T06:49:00.311+00:00,2026-09-18T06:49:18.685+00:00,2026-09-18T06:49:20.240+00:00,True,22,22.0,,22.0,18373.581077,19929.428245,19929.428196,905.8830998181818,42.568741,18373.581077,3901.8972760039724,318.3647844,74.08796038095238,59.510674565246184,1.1038951910484174,57,64,,False,True,,98,87.6246207195492
16,2026-09-18T06:49:00.899+00:00,2026-09-18T06:49:20.820+00:00,2026-09-18T06:49:26.275+00:00,True,90,90.0,,90.0,19921.396911,25375.799983,25375.799855,281.95333172222223,0.0,19921.396911,2094.038164225186,92.75629769999999,61.2854277752809,50.34993282071679,3.5466862152244922,57,64,,False,True,,413,87.6246207195492
17,2026-09-18T06:49:01.516+00:00,2026-09-18T06:49:23.052+00:00,2026-09-18T06:49:28.523+00:00,True,93,93.0,,93.0,21536.51097,27007.173882,27007.173794,290.3997182150538,0.0,21536.51097,2227.695897379337,78.4894604,59.46372730434783,53.26008479763857,3.443529500951728,57,64,,False,True,,381,87.6246207195492
18,2026-09-18T06:49:02.064+00:00,2026-09-18T06:49:25.324+00:00,2026-09-18T06:49:30.348+00:00,True,84,84.0,,84.0,23259.955526,28284.20231,28284.202331,336.7166944166667,0.0,23259.955526,2531.6064004358273,69.8370678,60.53309378313253,41.85765105701144,2.9698557194346415,57,64,,False,True,,375,87.6246207195492
19,2026-09-18T06:49:02.473+00:00,2026-09-18T06:49:26.900+00:00,2026-09-18T06:49:29.690+00:00,True,48,48.0,,48.0,24427.591647,27217.085151,27217.085254,567.0226094583334,0.0,24427.591647,3517.683422478413,69.2832037,59.350925617021275,55.64893816190566,1.7635981124979654,57,64,,False,True,,162,87.6246207195492
20,2026-09-18T06:49:03.115+00:00,2026-09-18T06:49:29.497+00:00,2026-09-18T06:49:33.939+00:00,True,74,74.0,,74.0,26382.583164,30823.797116,30823.797102,416.5377986756757,0.0,26382.583164,3060.282944366998,74.774841,60.83854728767123,52.387334488828856,2.400742508183332,57,64,,False,True,,354,87.6246207195492
21,2026-09-18T06:49:03.581+00:00,2026-09-18T06:49:31.279+00:00,2026-09-18T06:49:37.104+00:00,True,97,97.0,,97.0,27697.470401000002,33522.988737,33522.988624000005,345.59782086597943,0.0,27697.470401000002,2806.8391016621713,89.71202700000002,60.682482666666665,65.15482724992654,2.8935367535693244,57,64,,False,True,,389,87.6246207195492
22,2026-09-18T06:49:04.110+00:00,2026-09-18T06:49:33.460+00:00,2026-09-18T06:49:36.408+00:00,True,54,54.0,,54.0,29350.33555,32297.991998,32297.991952,598.1109620740741,0.0,29350.33555,3987.1619554963895,78.70294375,55.616159396226415,72.99279213092952,1.671930564703337,57,64,,False,True,,239,87.6246207195492
23,2026-09-18T06:49:04.734+00:00,2026-09-18T06:49:35.475+00:00,2026-09-18T06:49:39.057+00:00,True,58,58.0,,58.0,30740.955903000002,34322.383615,34322.383696000004,591.7652361379311,0.0,30740.955903000002,4028.7344415943035,98.91405320000001,62.832065122807016,63.99824271319626,1.6898593247658975,57,64,,False,True,,249,87.6246207195492
24,2026-09-18T06:49:05.122+00:00,2026-09-18T06:49:37.025+00:00,2026-09-18T06:49:40.368+00:00,True,57,57.0,,57.0,31902.915173999998,35245.43575,35245.435657999995,618.3409764561403,0.0,31902.915173999998,4218.213953483732,96.26805240000002,59.68786742857142,63.905359326145806,1.6172306792944104,57,64,,False,True,,283,87.6246207195492
25,2026-09-18T06:49:05.684+00:00,2026-09-18T06:49:39.110+00:00,2026-09-18T06:49:42.758+00:00,True,62,62.0,,62.0,33425.808592,37073.792208,37073.792282,597.9643916451613,36.102083,33425.808592,4237.506668780759,95.4854703,59.80301009836066,13.035905635657224,1.6723403867657562,57,64,,False,True,,188,87.6246207195492
26,2026-09-18T06:49:06.324+00:00,2026-09-18T06:49:41.616+00:00,2026-09-18T06:49:43.203+00:00,True,26,26.0,,26.0,35291.316579000006,36878.14614700001,36878.14600100001,1418.3902308076924,33.971146999999995,35291.316579000006,6908.766178671612,102.37169875,63.47318272,15.95280174349115,0.7050245935997265,57,64,,False,True,,106,87.6246207195492
27,2026-09-18T06:49:06.788+00:00,2026-09-18T06:49:43.355+00:00,2026-09-18T06:49:49.381+00:00,True,98,98.0,,98.0,36567.543651,42593.595747,42593.595714,434.6285276938776,0.0,36567.543651,3688.536839890363,90.59250025,62.12424841237114,83.37097163469849,2.3008153756754015,57,64,,False,True,,406,87.6246207195492
28,2026-09-18T06:49:07.175+00:00,2026-09-18T06:49:44.610+00:00,2026-09-18T06:49:45.990+00:00,True,24,24.0,,24.0,37434.676597000005,38814.43083700001,38814.43071200001,1617.2679463333336,0.0,37434.676597000005,7629.97960893881,516.07385425,59.989314782608695,120.05593538212634,0.6183267275201652,57,64,,False,True,,122,87.6246207195492
29,2026-09-18T06:49:07.643+00:00,2026-09-18T06:49:46.716+00:00,2026-09-18T06:49:50.963+00:00,True,69,69.0,,69.0,39072.319292,43319.513915999996,43319.513877,627.8190416956522,0.01667,39072.319292,4696.818754254355,92.72270700000001,62.458744470588236,74.57764085263717,1.5928156565606095,57,64,,False,True,,304,87.6246207195492
30,2026-09-18T06:49:08.036+00:00,2026-09-18T06:49:48.889+00:00,2026-09-18T06:49:51.101+00:00,True,44,44.0,,44.0,40853.609801,43065.505097,43065.50499,978.7614770454545,0.01709,40853.609801,6151.214460310747,87.8997691,51.439425488372095,26.51878911701823,1.0216993833207149,57,64,,False,True,,178,87.6246207195492
31,2026-09-18T06:49:08.453+00:00,2026-09-18T06:49:49.894+00:00,2026-09-18T06:49:52.458+00:00,True,38,38.0,,38.0,41440.615013999995,44004.505189999996,44004.505064,1158.0132911578946,0.0,41440.615013999995,6712.047798753565,172.29935074999997,69.29432908108107,100.58652161854545,0.8635479443735566,57,64,,False,True,,193,87.6246207195492
32,2026-09-18T06:49:08.894+00:00,2026-09-18T06:49:51.582+00:00,2026-09-18T06:49:56.443+00:00,True,79,79.0,,79.0,42687.2162,47548.459592,47548.459482000006,601.8792339493672,0.0,42687.2162,4796.195358074466,95.5609274,62.32363323076923,71.09955778068522,1.6614628671018337,57,64,,False,True,,426,87.6246207195492
33,2026-09-18T06:49:09.251+00:00,2026-09-18T06:49:53.068+00:00,2026-09-18T06:49:58.009+00:00,True,80,80.0,,80.0,43817.27407,48758.176982,48758.176956,609.47721195,34.212677000000006,43817.27407,4891.944301030899,91.88603370000001,62.543074835443036,12.848254995948507,1.640750433092146,57,64,,False,True,,363,87.6246207195492
34,2026-09-18T06:49:09.802+00:00,2026-09-18T06:49:55.421+00:00,2026-09-18T06:49:59.021+00:00,True,59,59.0,,59.0,45618.714794,49218.45009,49218.449964,834.2110163389831,33.968216999999996,45618.714794,5930.98814973918,95.1064278,62.06440165517242,14.511552821030199,1.198737463128433,57,64,,False,True,,333,87.6246207195492
35,2026-09-18T06:49:10.243+00:00,2026-09-18T06:49:57.265+00:00,2026-09-18T06:50:00.795+00:00,True,45,45.0,,45.0,47021.517982,50551.837342,50551.837439999996,1123.3741653333332,35.886044,47021.517982,6998.4124724687,103.1059224,80.2345309090909,108.30782213174768,0.8901753599094733,57,64,,False,True,,190,87.6246207195492
36,2026-09-18T06:49:10.670+00:00,2026-09-18T06:49:59.139+00:00,2026-09-18T06:50:02.692+00:00,True,48,48.0,,48.0,48468.483818,52021.320426,52021.320544,1083.7775113333335,0.0,48468.483818,6987.209414841929,528.5885701,75.59226825531915,181.0915552172663,0.9226986090881661,57,64,,False,True,,228,87.6246207195492
37,2026-09-18T06:49:11.080+00:00,2026-09-18T06:50:00.779+00:00,2026-09-18T06:50:05.418+00:00,True,79,79.0,,79.0,49698.847335,54338.054503,54338.054487,687.8234745189873,0.0,49698.847335,5586.025598110791,91.18014070000001,59.47701497435897,114.57610859157249,1.453861400128678,57,64,,False,True,,337,87.6246207195492
38,2026-09-18T06:49:11.446+00:00,2026-09-18T06:50:02.649+00:00,2026-09-18T06:50:04.791+00:00,True,37,37.0,,37.0,51203.476644,53345.250212,53345.250432,1441.7635251891893,0.040170000000000004,51203.476644,8408.033071106898,86.9490532,59.49371022222223,15.600619630387461,0.6935950221052082,57,64,,False,True,,172,87.6246207195492
39,2026-09-18T06:49:12.066+00:00,2026-09-18T06:50:05.180+00:00,2026-09-18T06:50:06.740+00:00,True,25,25.0,,25.0,53113.657169,54673.262161,54673.262151999996,2186.93048608,41.763903,53113.657169,10609.743934528318,102.5067232,64.98354133333333,14.279553843103892,0.4572619048481291,57,64,,False,True,,114,87.6246207195492
40,2026-09-18T06:49:12.478+00:00,2026-09-18T06:50:06.575+00:00,2026-09-18T06:50:07.878+00:00,True,22,22.0,,22.0,54096.311071000004,55399.581471000005,55399.581317000004,2518.162787136364,36.051564,54096.311071000004,11520.152252591104,100.3744019,62.060495238095235,16.549028788708714,0.39711491343154515,57,64,,False,True,,79,87.6246207195492
41,2026-09-18T06:49:12.989+00:00,2026-09-18T06:50:08.588+00:00,2026-09-18T06:50:10.411+00:00,True,30,30.0,,30.0,55598.593787,57421.706491,57421.706333999995,1914.0568778,0.0,55598.593787,10140.502479175917,506.39190345,62.86595531034483,152.84149381250404,0.5224505127638807,57,64,,False,True,,151,87.6246207195492
42,2026-09-18T06:49:13.448+00:00,2026-09-18T06:50:10.295+00:00,2026-09-18T06:50:10.669+00:00,True,7,7.0,,7.0,56846.781891000006,57221.54157100001,57221.541559000005,8174.505937000001,42.385691,56846.781891000006,21462.463423845184,39821.659671600006,62.45994666666667,19.12952007844306,0.12233155220598974,57,64,,False,True,,37,87.6246207195492
43,2026-09-18T06:49:13.983+00:00,2026-09-18T06:50:12.205+00:00,2026-09-18T06:50:13.052+00:00,True,16,16.0,,16.0,58222.016511,59069.167871000005,59069.167778,3691.822986125,33.797967,58222.016511,14541.390612445717,14608.7225295,56.47675733333334,13.29493978305608,0.270868891109861,57,64,,False,True,,67,87.6246207195492
44,2026-09-18T06:49:14.568+00:00,2026-09-18T06:50:14.583+00:00,2026-09-18T06:50:17.217+00:00,True,31,31.0,,31.0,60015.124579999996,62649.669731999995,62649.669709999995,2020.9570874193548,0.028730000000000002,60015.124579999996,10764.216626139436,471.52907500000003,87.81817173333333,145.80833368375323,0.4948150586046254,57,64,,False,True,,146,87.6246207195492
45,2026-09-18T06:49:15.028+00:00,2026-09-18T06:50:16.296+00:00,2026-09-18T06:50:17.292+00:00,True,7,7.0,,7.0,61268.055335,62264.647206999995,62264.647407,8894.949629571429,0.016579999999999998,61268.055335,23096.927518781264,43167.5632352,166.09864533333334,376.59805237000444,0.11242334637709209,57,64,,False,True,,47,87.6246207195492
46,2026-09-18T06:49:15.640+00:00,2026-09-18T06:50:18.841+00:00,2026-09-18T06:50:20.200+00:00,True,20,20.0,,20.0,63200.801728,64559.5632,64559.563081,3227.97815405,0.0,63200.801728,14117.620699431098,4044.2740488,71.51376168421052,210.21422483970687,0.30979143923328156,57,64,,False,True,,80,87.6246207195492
47,2026-09-18T06:49:16.203+00:00,2026-09-18T06:50:20.986+00:00,2026-09-18T06:50:27.121+00:00,True,97,97.0,,97.0,64783.336317,70917.450365,70917.450381,731.107735886598,38.26404,64783.336317,6571.274324512436,92.48853900000002,63.897021333333335,12.017713379541636,1.3677874698083134,57,64,,False,True,,541,87.6246207195492
48,2026-09-18T06:49:16.839+00:00,2026-09-18T06:50:23.480+00:00,2026-09-18T06:50:23.665+00:00,True,4,4.0,,4.0,66640.154139,66825.13871500001,66825.138768,16706.284692,59.399010000000004,66640.154139,33289.24633846626,56653.61735325,61.66152533333334,2.0101686852255294,0.05985771338327404,57,64,,False,True,,26,87.6246207195492
49,2026-09-18T06:49:17.270+00:00,2026-09-18T06:50:25.193+00:00,2026-09-18T06:50:29.832+00:00,True,75,75.0,,75.0,67923.233888,72561.537632,72561.537551,967.4871673466668,34.345447,67923.233888,7835.872283487958,91.39572040000002,62.67978032432433,12.882801207262464,1.0336054395700212,57,64,,False,True,,333,87.6246207195492
50,2026-09-18T06:49:17.680+00:00,2026-09-18T06:50:26.427+00:00,2026-09-18T06:50:28.585+00:00,True,36,36.0,,36.0,68747.23843299999,70905.12515299999,70905.12500199999,1969.5868056111108,34.892345999999996,68747.23843299999,11447.604991138065,91.36649174999998,61.653906285714285,13.3565599574953,0.5077207031553607,57,64,,False,True,,107,87.6246207195492
51,2026-09-18T06:49:18.205+00:00,2026-09-18T06:50:28.525+00:00,2026-09-18T06:50:34.819+00:00,True,92,92.0,,92.0,70319.72548000001,76613.956776,76613.956768,832.760399652174,0.0,70319.72548000001,7325.660978373157,93.04193165000001,69.16737687912088,150.7396670390879,1.2008255919869133,57,64,,False,True,,447,87.6246207195492
52,2026-09-18T06:49:18.778+00:00,2026-09-18T06:50:30.480+00:00,2026-09-18T06:50:34.833+00:00,True,56,56.0,,56.0,71701.55242800001,76054.56516400001,76054.56517700001,1358.1172353035715,0.0,71701.55242800001,9572.866723260577,334.46964775,79.1456861090909,193.48771214689435,0.736313459675229,57,64,,False,True,,289,87.6246207195492
53,2026-09-18T06:49:19.266+00:00,2026-09-18T06:50:32.529+00:00,2026-09-18T06:50:38.044+00:00,True,92,92.0,,92.0,73262.64764499999,78777.59369299999,78777.59364099998,856.2781917499999,0.0155,73262.64764499999,7632.485884310099,83.0984893,60.603802725274726,99.79309731280938,1.1678447600028043,57,64,,False,True,,326,87.6246207195492
54,2026-09-18T06:49:19.777+00:00,2026-09-18T06:50:34.787+00:00,2026-09-18T06:50:37.669+00:00,True,54,54.0,,54.0,75010.762736,77892.01636800001,77892.016181,1442.4447440925926,0.01783,75010.762736,10200.293329357015,74.47504585,54.3632760754717,20.058082254015172,0.6932674556128778,57,64,,False,True,,253,87.6246207195492
55,2026-09-18T06:49:20.361+00:00,2026-09-18T06:50:36.574+00:00,2026-09-18T06:50:42.570+00:00,True,95,95.0,,95.0,76212.604207,82209.48228699999,82209.48234599999,865.3629720631578,34.734586,76212.604207,7812.7129481002485,93.6030982,63.796575319148936,12.649535873267226,1.1555844576218992,57,64,,False,True,,492,87.6246207195492
56,2026-09-18T06:49:20.873+00:00,2026-09-18T06:50:38.572+00:00,2026-09-18T06:50:43.146+00:00,True,72,72.0,,72.0,77699.853001,82273.724873,82273.724871,1142.6906232083334,37.87012,77699.853001,9149.43329780917,97.5747681,64.42073059154929,13.528810285622235,0.8751275101636785,57,64,,False,True,,110,87.6246207195492
57,2026-09-18T06:49:21.632+00:00,2026-09-18T06:50:41.293+00:00,2026-09-18T06:50:44.344+00:00,True,49,49.0,,49.0,79660.97874199999,82711.98750999999,82711.987535,1687.9997456122446,38.428159,79660.97874199999,11371.065524349073,90.55407240000001,63.56268266666667,11.890578819500314,0.5924171510698596,57,64,,False,True,,212,87.6246207195492
58,2026-09-18T06:49:21.771+00:00,2026-09-18T06:50:42.099+00:00,2026-09-18T06:50:47.625+00:00,True,90,90.0,,90.0,80327.70218899999,85853.884845,85853.88486099998,953.932054011111,0.0,80327.70218899999,8461.655325111087,91.03145260000001,62.09193995505618,125.28455029591208,1.0482926912682562,57,64,,False,True,,346,87.6246207195492
59,2026-09-18T06:49:22.303+00:00,2026-09-18T06:50:44.037+00:00,2026-09-18T06:50:47.096+00:00,True,50,50.0,,50.0,81734.10238,84792.748908,84792.74895899999,1695.8549791799999,0.0,81734.10238,11551.304647858497,83.2619492,62.42135771428572,167.1515761354981,0.5896730633683067,57,64,,False,True,,238,87.6246207195492
60,2026-09-18T06:49:22.836+00:00,2026-09-18T06:50:45.863+00:00,2026-09-18T06:50:46.852+00:00,True,17,17.0,,17.0,83027.52235,84016.08939,84016.089431,4942.122907705882,41.726802000000006,83027.52235,20122.148902063334,16674.442278799997,61.78544,9.3685436382288,0.2023421956845259,57,64,,False,True,,60,87.6246207195492
61,2026-09-18T06:49:23.322+00:00,2026-09-18T06:50:47.798+00:00,2026-09-18T06:50:53.695+00:00,True,97,97.0,,97.0,84475.586985,90373.033897,90373.033981,931.6807626907216,36.393862,84475.586985,8570.96512475025,80.4048032,61.43173866666666,10.39972725794414,1.0733290210280302,57,64,,False,True,,390,87.6246207195492
62,2026-09-18T06:49:23.944+00:00,2026-09-18T06:50:49.972+00:00,2026-09-18T06:50:56.123+00:00,True,100,100.0,,100.0,86027.854797,92179.061453,92179.06156300001,921.79061563,35.156484,86027.854797,8596.579254836837,91.44895765,62.133400565656565,11.116775979647969,1.0848450659371023,57,64,,False,True,,389,87.6246207195492
63,2026-09-18T06:49:24.326+00:00,2026-09-18T06:50:51.520+00:00,2026-09-18T06:50:51.712+00:00,True,4,4.0,,4.0,87194.273431,87386.737559,87386.737505,21846.68437625,61.167117,87194.273431,43565.05942270962,74125.04947854999,64.15470933333333,2.628844746123539,0.0457735362565671,57,64,,False,True,,12,87.6246207195492
64,2026-09-18T06:49:24.761+00:00,2026-09-18T06:50:53.135+00:00,2026-09-18T06:50:53.135+00:00,True,1,1.0,,1.0,88373.326222,88373.326222,88373.326222,88373.326222,88373.326222,88373.326222,nan,88373.326222,nan,nan,0.011315631568375391,57,64,,False,True,,1,87.6246207195492
65,2026-09-18T06:49:25.215+00:00,2026-09-18T06:50:54.693+00:00,2026-09-18T06:50:56.875+00:00,True,36,36.0,,36.0,89477.366203,91659.265467,91659.265505,2546.090708472222,39.939006,89477.366203,14902.507964136434,90.619787,62.33997897142857,10.500414125557317,0.3927589842290526,57,64,,False,True,,221,87.6246207195492
66,2026-09-18T06:49:25.760+00:00,2026-09-18T06:50:56.817+00:00,2026-09-18T06:51:02.392+00:00,True,91,91.0,,91.0,91056.89488400001,96632.51370000001,96632.513655,1061.8957544505495,34.839405,91056.89488400001,9538.86582351887,69.6318915,61.951320177777774,8.638197945293578,0.9417120233725225,57,64,,False,True,,404,87.6246207195492
67,2026-09-18T06:49:26.267+00:00,2026-09-18T06:50:58.499+00:00,2026-09-18T06:51:02.452+00:00,True,65,65.0,,65.0,92232.433242,96184.76169,96184.76164699999,1479.7655637999999,38.103709,92232.433242,11432.36865658214,71.0307608,61.755132,8.43099812108421,0.6757827212744223,57,64,,True,True,,313,87.6246207195492
68,2026-09-18T06:49:26.853+00:00,2026-09-18T06:51:00.697+00:00,2026-09-18T06:51:05.606+00:00,True,81,81.0,,81.0,93844.226643,98752.363347,98752.36342000001,1219.1649804938272,36.942172,93844.226643,10420.32202603768,67.047866,61.3517088,7.3918636963129005,0.8202335342130391,57,64,,True,True,,390,87.6246207195492
69,2026-09-18T06:49:27.210+00:00,2026-09-18T06:51:02.217+00:00,2026-09-18T06:51:05.070+00:00,True,47,47.0,,47.0,95007.16967399999,97859.68756199999,97859.687805,2082.1210171276593,41.070384,95007.16967399999,13849.176585933747,68.17655130000001,62.01125843478261,7.260208085342421,0.4802794814792626,57,64,,True,True,,206,87.6246207195492
70,2026-09-18T06:49:27.835+00:00,2026-09-18T06:51:04.662+00:00,2026-09-18T06:51:08.787+00:00,True,68,68.0,,68.0,96826.968621,100951.442477,100951.442488,1484.5800365882353,35.526405,96826.968621,11734.535130442891,90.94734940000001,61.55931128358209,11.56720523544682,0.6735911675109804,57,64,,True,True,,322,87.6246207195492
71,2026-09-18T06:49:28.414+00:00,2026-09-18T06:51:06.970+00:00,2026-09-18T06:51:10.558+00:00,True,59,59.0,,59.0,98555.941194,102144.11809,102144.118184,1731.2562404067796,35.569914,98555.941194,12822.84137238001,80.9248301,61.86511889655172,11.2735719461154,0.5776152469985067,57,64,,True,True,,254,87.6246207195492
72,2026-09-18T06:49:28.967+00:00,2026-09-18T06:51:08.849+00:00,2026-09-18T06:51:12.700+00:00,True,62,62.0,,62.0,99882.392384,103733.29542400001,103733.29541800001,1673.117668032258,36.506561999999995,99882.392384,12677.063336118641,91.56673949999998,63.12955803278688,10.503696908400626,0.5976865937458256,57,64,,True,True,,237,87.6246207195492
73,2026-09-18T06:49:29.443+00:00,2026-09-18T06:51:10.852+00:00,2026-09-18T06:51:15.646+00:00,True,77,77.0,,77.0,101409.301493,106203.146229,106203.14625100001,1379.2616396233766,36.782752,101409.301493,11549.477428086733,81.2178242,63.07690442105263,8.724616491407076,0.725025601727176,57,64,,True,True,,354,87.6246207195492
74,2026-09-18T06:49:29.958+00:00,2026-09-18T06:51:12.802+00:00,2026-09-18T06:51:18.582+00:00,True,91,91.0,,91.0,102844.183351,108624.588087,108624.588143,1193.6767927802198,36.422872000000005,102844.183351,10774.271296696596,93.3410775,64.22671928888889,9.669933854154317,0.8377477107403708,57,64,,True,True,,383,87.6246207195492
75,2026-09-18T06:49:30.416+00:00,2026-09-18T06:51:14.331+00:00,2026-09-18T06:51:15.837+00:00,True,25,25.0,,25.0,103914.966702,105420.490414,105420.490426,4216.819617040001,58.929992,103914.966702,20770.44746438012,66.48427099999999,62.730154666666664,2.5921685298240775,0.2371455482878304,57,64,,True,True,,111,87.6246207195492
76,2026-09-18T06:49:30.785+00:00,2026-09-18T06:51:15.961+00:00,2026-09-18T06:51:20.584+00:00,True,72,72.0,,72.0,105175.998332,109798.85862,109798.858846,1524.9841506388889,36.144423,105175.998332,12387.44245419006,94.15402225,65.11070828169014,11.81165675157779,0.6557445214360826,57,64,,True,True,,288,87.6246207195492
77,2026-09-18T06:49:31.184+00:00,2026-09-18T06:51:17.556+00:00,2026-09-18T06:51:17.940+00:00,True,7,7.0,,7.0,106371.96071099999,106755.59309499999,106755.59330099999,15250.799042999999,33.338028,106371.96071099999,40180.6595393958,74489.0158929,63.938730666666665,19.757406138440526,0.06557033497786686,57,64,,True,True,,27,87.6246207195492
78,2026-09-18T06:49:31.739+00:00,2026-09-18T06:51:19.357+00:00,2026-09-18T06:51:25.371+00:00,True,97,97.0,,97.0,107617.726559,113631.180383,113631.18047200001,1171.4554687835052,36.740012,107617.726559,10920.569384729655,90.576494,62.640144,10.432929508943607,0.8536389367166326,57,64,,True,True,,479,87.6246207195492
79,2026-09-18T06:49:32.230+00:00,2026-09-18T06:51:21.556+00:00,2026-09-18T06:51:24.770+00:00,True,51,51.0,,51.0,109326.225381,112539.45008499999,112539.449995,2206.655882254902,34.754684999999995,109326.225381,15299.73922344367,95.61870350000001,64.26449407999999,11.78228593100705,0.45317441982771534,57,64,,True,True,,243,87.6246207195492
80,2026-09-18T06:49:32.733+00:00,2026-09-18T06:51:23.535+00:00,2026-09-18T06:51:26.208+00:00,True,43,43.0,,43.0,110802.252105,113475.36160900001,113475.361718,2638.9619004186047,42.009242,110802.252105,16887.4810592162,89.59825600000002,63.64546438095238,8.03563575034658,0.37893688453855134,57,64,,True,True,,135,87.6246207195492
81,2026-09-18T06:49:33.377+00:00,2026-09-18T06:51:25.904+00:00,2026-09-18T06:51:27.975+00:00,True,34,34.0,,34.0,112526.98306700001,114598.47311500002,114598.473154,3370.5433280588236,40.783155,112526.98306700001,19287.45686619623,91.26862825,62.7724256969697,12.39522925239477,0.29668807162797767,57,64,,True,True,,148,87.6246207195492
82,2026-09-18T06:49:33.804+00:00,2026-09-18T06:51:27.880+00:00,2026-09-18T06:51:33.355+00:00,True,88,88.0,,88.0,114076.011485,119551.433181,119551.433292,1358.5390146818181,37.321301,114076.011485,12153.841061537505,92.4050929,62.935881563218395,12.511090504198329,0.7360848603694163,57,64,,True,True,,426,87.6246207195492
83,2026-09-18T06:49:34.296+00:00,2026-09-18T06:51:29.895+00:00,2026-09-18T06:51:34.420+00:00,True,72,72.0,,72.0,115598.415321,120123.335897,120123.33594599999,1668.3796659166667,39.363047,115598.415321,13615.899372427511,96.12127860000001,63.73127571830986,13.171131389716887,0.5993839536868718,57,64,,True,True,,374,87.6246207195492
84,2026-09-18T06:49:35.159+00:00,2026-09-18T06:51:31.607+00:00,2026-09-18T06:51:32.333+00:00,True,12,12.0,,12.0,116448.681502,117174.716446,117174.71665900001,9764.559721583333,57.144895,116448.681502,33596.78653912464,52452.802019300005,66.00317672727273,9.475223449401213,0.10241117165860779,57,64,,True,True,,48,87.6246207195492
85,2026-09-18T06:49:35.285+00:00,2026-09-18T06:51:34.080+00:00,2026-09-18T06:51:37.012+00:00,True,48,48.0,,48.0,118794.44699,121726.39732599999,121726.39752299999,2535.9666150625,33.989616999999996,118794.44699,17137.50180677087,96.84814469999999,62.38192204255319,12.378308386270863,0.39432695828045755,57,64,,True,True,,215,87.6246207195492
86,2026-09-18T06:49:35.661+00:00,2026-09-18T06:51:35.837+00:00,2026-09-18T06:51:39.468+00:00,True,59,59.0,,59.0,120175.620722,123806.37605,123806.37625300001,2098.413156830509,33.410737999999995,120175.620722,15637.387045862171,89.3646044,62.59922979310345,10.679106177748292,0.47655057746115165,57,64,,True,True,,299,87.6246207195492
87,2026-09-18T06:49:36.309+00:00,2026-09-18T06:51:38.292+00:00,2026-09-18T06:51:38.292+00:00,True,1,1.0,,1.0,121983.197463,121983.197463,121983.197463,121983.197463,121983.197463,121983.197463,nan,121983.197463,nan,nan,0.008197850366263111,57,64,,True,True,,4,87.6246207195492
88,2026-09-18T06:49:36.823+00:00,2026-09-18T06:51:40.557+00:00,2026-09-18T06:51:45.936+00:00,True,89,89.0,,89.0,123734.76299799999,129113.31967,129113.319666,1450.7114569213481,34.277595999999996,123734.76299799999,13109.383414911405,71.2611564,61.11996218181818,9.595497969037723,0.6893169521740637,57,64,,True,True,,343,87.6246207195492
89,2026-09-18T06:49:37.354+00:00,2026-09-18T06:51:42.632+00:00,2026-09-18T06:51:44.574+00:00,True,32,32.0,,32.0,125277.967848,127219.702248,127219.702165,3975.61569265625,56.744945,125277.967848,22135.15269599639,70.2755795,62.6365935483871,3.2849538181783404,0.25153336656628644,57,64,,True,True,,160,87.6246207195492
90,2026-09-18T06:49:37.847+00:00,2026-09-18T06:51:44.386+00:00,2026-09-18T06:51:44.450+00:00,True,2,2.0,,2.0,126538.84300200001,126602.631802,126602.63182400001,63301.315912000005,63.788822,126538.84300200001,89431.36846161401,120215.090293,63.7888,nan,0.01579745990689907,57,64,,True,True,,7,87.6246207195492
91,2026-09-18T06:49:38.375+00:00,2026-09-18T06:51:46.166+00:00,2026-09-18T06:51:51.490+00:00,True,89,89.0,,89.0,127790.47597300001,133114.74118900002,133114.74129900002,1495.6712505505618,33.864827,127790.47597300001,13539.35400466224,73.66424640000001,60.50301381818182,10.401181801206747,0.668596123953209,57,64,,True,True,,440,87.6246207195492
92,2026-09-18T06:49:38.954+00:00,2026-09-18T06:51:48.150+00:00,2026-09-18T06:51:48.469+00:00,True,6,6.0,,6.0,129195.367912,129515.19844000001,129515.198306,21585.866384333334,62.352273999999994,129195.367912,52717.67405367796,96912.89538100001,63.9661056,1.1520524162297476,0.04632660932670073,57,64,,True,True,,28,87.6246207195492
93,2026-09-18T06:49:39.553+00:00,2026-09-18T06:51:50.424+00:00,2026-09-18T06:51:52.381+00:00,True,31,31.0,,31.0,130871.205137,132828.789009,132828.788928,4284.79964283871,38.773627999999995,130871.205137,23493.445707517,93.97423500000001,65.25279573333333,12.334274455997749,0.23338314104406654,57,64,,True,True,,90,87.6246207195492
94,2026-09-18T06:49:39.969+00:00,2026-09-18T06:51:51.832+00:00,2026-09-18T06:51:51.832+00:00,True,1,1.0,,1.0,131863.39491,131863.39491,131863.39491,131863.39491,131863.39491,131863.39491,nan,131863.39491,nan,nan,0.0075836057511072304,57,64,,True,True,,2,87.6246207195492
95,2026-09-18T06:49:40.565+00:00,2026-09-18T06:51:54.139+00:00,2026-09-18T06:51:59.351+00:00,True,88,88.0,,88.0,133574.32540899998,138786.219937,138786.22003399997,1577.11613675,33.460247,133574.32540899998,14232.68874991548,71.09177585,59.90683365517241,10.60830106997729,0.6340687140261211,57,64,,True,True,,402,87.6246207195492
96,2026-09-18T06:49:40.929+00:00,2026-09-18T06:51:55.652+00:00,2026-09-18T06:51:58.311+00:00,True,46,46.0,,46.0,134722.590092,137381.452172,137381.452145,2986.5533075,36.379272,134722.590092,19855.053211869323,71.45572675,59.085824,10.509972355786704,0.33483413716146,57,64,,True,True,,201,87.6246207195492
97,2026-09-18T06:49:41.351+00:00,2026-09-18T06:51:57.424+00:00,2026-09-18T06:52:01.453+00:00,True,67,67.0,,67.0,136072.93707699998,140101.74706099997,140101.74721699997,2091.0708539850743,38.821747,136072.93707699998,16616.4991170092,68.2061526,61.04257551515152,7.209227615889864,0.47822387233207275,57,64,,True,True,,289,87.6246207195492
98,2026-09-18T06:49:41.734+00:00,2026-09-18T06:51:58.791+00:00,2026-09-18T06:51:59.911+00:00,True,19,19.0,,19.0,137056.979404,138176.695756,138176.69567800002,7272.457667263158,55.328267,137056.979404,31428.756653591063,13768.6920895,62.206464,4.333328518235539,0.1375050973396501,57,64,,True,True,,77,87.6246207195492
99,2026-09-18T06:49:42.257+00:00,2026-09-18T06:52:00.659+00:00,2026-09-18T06:52:06.471+00:00,True,94,94.0,,94.0,138401.801248,144214.181408,144214.181545,1534.1934206914893,37.725370000000005,138401.801248,14268.61412818989,91.0735988,62.49871139784946,11.450963416447049,0.6518082970915475,57,64,,True,True,,431,87.6246207195492
100,2026-09-18T06:49:42.723+00:00,2026-09-18T06:52:02.360+00:00,2026-09-18T06:52:07.580+00:00,True,84,84.0,,84.0,139636.225669,144856.899205,144856.899049,1724.4868934404763,37.452721,139636.225669,15228.70243693112,91.13843915,62.89968115662651,11.203654310766069,0.579882632177043,57,64,,True,True,,361,87.6246207195492
101,2026-09-18T06:49:43.278+00:00,2026-09-18T06:52:04.483+00:00,2026-09-18T06:52:07.758+00:00,True,53,53.0,,53.0,141204.777435,144479.912155,144479.912211,2726.03607945283,39.402007,141204.777435,19387.32048116291,94.9914868,62.98336,12.65439293886192,0.36683300266088814,57,64,,True,True,,237,87.6246207195492
102,2026-09-18T06:49:43.897+00:00,2026-09-18T06:52:06.913+00:00,2026-09-18T06:52:09.008+00:00,True,34,34.0,,34.0,143015.77165799998,145110.99956199998,145110.99952399998,4267.9705742352935,35.126324000000004,143015.77165799998,24516.11661779145,95.52430844999999,63.491754666666665,12.04925893519874,0.2343033960390659,57,64,,True,True,,84,87.6246207195492
103,2026-09-18T06:49:44.483+00:00,2026-09-18T06:52:09.254+00:00,2026-09-18T06:52:11.222+00:00,True,34,34.0,,34.0,144771.650155,146739.156075,146739.15592800002,4315.857527294118,34.922845,144771.650155,24817.909433357414,68.3313393,59.621391515151515,7.98797194755263,0.23170366321735025,57,64,,True,True,,114,87.6246207195492
104,2026-09-18T06:49:45.025+00:00,2026-09-18T06:52:11.410+00:00,2026-09-18T06:52:15.525+00:00,True,66,66.0,,66.0,146384.938748,150500.081148,150500.08111799997,2280.304259363636,33.066069000000006,146384.938748,18010.951147841155,91.0047775,63.30988307692308,11.616123514033733,0.43853796952505547,57,64,,True,True,,250,87.6246207195492
105,2026-09-18T06:49:45.434+00:00,2026-09-18T06:52:13.031+00:00,2026-09-18T06:52:13.117+00:00,True,2,2.0,,2.0,147596.289332,147682.56978,147682.56995099998,73841.28497549999,86.280619,147596.289332,104305.327453849,140220.78889635,86.280448,nan,0.013542559578827502,57,64,,True,True,,10,87.6246207195492
106,2026-09-18T06:49:46.014+00:00,2026-09-18T06:52:15.073+00:00,2026-09-18T06:52:18.047+00:00,True,48,48.0,,48.0,149058.58872499998,152032.54866099998,152032.548643,3167.344763395833,36.426692,149058.58872499998,21505.625439164847,95.2415077,63.27574331914894,13.944376117918527,0.31572186628949905,57,64,,True,True,,208,87.6246207195492
107,2026-09-18T06:49:46.537+00:00,2026-09-18T06:52:17.371+00:00,2026-09-18T06:52:19.974+00:00,True,41,41.0,,41.0,150834.595007,153436.901055,153436.901116,3742.3634418536585,38.458968,150834.595007,23546.249875533806,94.660793,65.05765120000001,13.983997955418591,0.2672108190278387,57,64,,True,True,,212,87.6246207195492
108,2026-09-18T06:49:47.079+00:00,2026-09-18T06:52:19.389+00:00,2026-09-18T06:52:25.196+00:00,True,92,92.0,,92.0,152309.483917,158116.645261,158116.645143,1718.6591863369565,38.619049,152309.483917,15872.711976737246,90.41721654999999,63.81495982417583,10.96969600352376,0.5818489245590648,57,64,,True,True,,308,87.6246207195492
109,2026-09-18T06:49:47.558+00:00,2026-09-18T06:52:21.344+00:00,2026-09-18T06:52:25.858+00:00,True,72,72.0,,72.0,153786.258355,158299.856563,158299.856702,2198.609120861111,36.889322,153786.258355,18116.395395389292,90.39409355,63.57180574647887,10.58503034210768,0.454833008464196,57,64,,True,True,,275,87.6246207195492
110,2026-09-18T06:49:47.925+00:00,2026-09-18T06:52:22.469+00:00,2026-09-18T06:52:26.481+00:00,True,64,64.0,,64.0,154544.449115,158556.773211,158556.773106,2477.44957978125,35.537133999999995,154544.449115,19310.098005695054,92.39961810000001,63.687684063492064,10.532091984928314,0.40364090857747065,57,64,,True,True,,278,87.6246207195492
111,2026-09-18T06:49:48.765+00:00,2026-09-18T06:52:23.763+00:00,2026-09-18T06:52:25.983+00:00,True,36,36.0,,36.0,154997.70890400003,157218.06679200003,157218.06670600004,4367.168519611112,37.760729,154997.70890400003,25822.38041537258,91.13497975,63.4387968,10.47457958629505,0.2289813170621676,57,64,,True,True,,176,87.6246207195492
112,2026-09-18T06:49:49.075+00:00,2026-09-18T06:52:26.659+00:00,2026-09-18T06:52:27.988+00:00,True,22,22.0,,22.0,157584.33943700002,158913.543661,158913.543849,7223.342902227273,40.836114,157584.33943700002,33583.600991055704,95.7112302,63.29543923809524,10.527817548267645,0.13844005673255377,57,64,,True,True,,62,87.6246207195492
113,2026-09-18T06:49:49.594+00:00,2026-09-18T06:52:28.939+00:00,2026-09-18T06:52:33.266+00:00,True,70,70.0,,70.0,159344.669895,163671.932359,163671.93218899998,2338.1704598428573,38.16943,159344.669895,19037.837977613275,92.11867875,62.713948753623185,10.598807901667637,0.42768481431783395,57,64,,True,True,,208,87.6246207195492
114,2026-09-18T06:49:49.961+00:00,2026-09-18T06:52:30.151+00:00,2026-09-18T06:52:31.847+00:00,True,28,28.0,,28.0,160189.853442,161885.44256199998,161885.442632,5781.622951142856,36.303122,160189.853442,30261.17129073217,96.01114369999999,62.79959703703704,12.611713400575495,0.17296181520013063,57,64,,True,True,,76,87.6246207195492
115,2026-09-18T06:49:50.318+00:00,2026-09-18T06:52:31.627+00:00,2026-09-18T06:52:38.026+00:00,True,99,99.0,,99.0,161308.75778,167708.47874000002,167708.478761,1694.0250379898991,36.526862,161308.75778,16205.584051260286,102.0140319,65.30327510204081,15.276917765281,0.590310047194934,57,64,,True,True,,428,87.6246207195492
116,2026-09-18T06:49:50.682+00:00,2026-09-18T06:52:33.020+00:00,2026-09-18T06:52:37.295+00:00,True,67,67.0,,67.0,162337.76600499998,166612.38488499998,166612.38489699998,2486.7520133880594,39.102677,162337.76600499998,19824.807720336892,101.1046303,64.76695272727272,15.004505022179371,0.4021309703131917,57,64,,True,True,,279,87.6246207195492
117,2026-09-18T06:49:51.060+00:00,2026-09-18T06:52:34.728+00:00,2026-09-18T06:52:37.548+00:00,True,44,44.0,,44.0,163668.41608700002,166488.37128700002,166488.37119200002,3783.8266180000005,36.262302000000005,163668.41608700002,24664.06177994436,100.16904445,65.5803534883721,17.8233824414092,0.2642827223299029,57,64,,True,True,,142,87.6246207195492
118,2026-09-18T06:49:51.533+00:00,2026-09-18T06:52:36.653+00:00,2026-09-18T06:52:38.150+00:00,True,24,24.0,,24.0,165120.511721,166616.535785,166616.53556299998,6942.355648458333,39.066138,165120.511721,33691.81043099492,111.11719504999999,65.04452452173913,17.347201090766152,0.14404332611361764,57,64,,True,True,,89,87.6246207195492
119,2026-09-18T06:49:51.997+00:00,2026-09-18T06:52:38.211+00:00,2026-09-18T06:52:42.760+00:00,True,73,73.0,,73.0,166213.576926,170763.132126,170763.132067,2339.2209872191784,38.41762799999999,166213.576926,19446.43487206333,91.474228,63.188266666666664,10.463987775460836,0.42749274442996227,57,64,,True,True,,332,87.6246207195492
120,2026-09-18T06:49:52.462+00:00,2026-09-18T06:52:40.114+00:00,2026-09-18T06:52:45.779+00:00,True,91,91.0,,91.0,167652.251356,173317.134044,173317.134128,1904.5838915164834,36.762961000000004,167652.251356,17568.136320962327,90.241602,62.94314097777778,10.764489477793006,0.5250490697411246,57,64,,True,True,,404,87.6246207195492
121,2026-09-18T06:49:52.858+00:00,2026-09-18T06:52:41.735+00:00,2026-09-18T06:52:45.414+00:00,True,60,60.0,,60.0,168877.275435,172556.498987,172556.498857,2875.9416476166666,35.394994,168877.275435,21793.914389667145,90.2249837,62.35972122033898,10.495446388049228,0.34771220065446656,57,64,,True,True,,204,87.6246207195492
122,2026-09-18T06:49:53.239+00:00,2026-09-18T06:52:43.237+00:00,2026-09-18T06:52:44.585+00:00,True,22,22.0,,22.0,169998.750398,171346.207166,171346.207036,7788.4639561818185,40.536625,169998.750398,36230.17745248553,101.1113812,64.164608,12.419006738350953,0.12839502177416992,57,64,,True,True,,118,87.6246207195492
123,2026-09-18T06:49:53.699+00:00,2026-09-18T06:52:44.878+00:00,2026-09-18T06:52:44.959+00:00,True,3,3.0,,3.0,171178.77254,171259.359292,171259.359429,57086.453143,38.128808,171178.77254,98806.84699820123,154065.1410941,40.293376,3.0610369714853167,0.01751729080619151,57,64,,True,True,,10,87.6246207195492
124,2026-09-18T06:49:54.112+00:00,2026-09-18T06:52:46.530+00:00,2026-09-18T06:52:49.902+00:00,True,54,54.0,,54.0,172418.49366100001,175789.90588500001,175789.905992,3255.3686294814815,32.690229,172418.49366100001,23454.53256247236,94.51376330000001,63.61155139622641,13.663309159800477,0.30718487348941553,57,64,,True,True,,253,87.6246207195492
125,2026-09-18T06:49:54.685+00:00,2026-09-18T06:52:48.936+00:00,2026-09-18T06:52:50.314+00:00,True,24,24.0,,24.0,174250.986513,175628.90881700002,175628.90872900002,7317.871197041667,36.825891000000006,174250.986513,35556.605662387316,70.0979574,59.90966539130435,8.592417967167659,0.13665176286557282,57,64,,True,True,,107,87.6246207195492
126,2026-09-18T06:49:55.118+00:00,2026-09-18T06:52:50.389+00:00,2026-09-18T06:52:52.425+00:00,True,32,32.0,,32.0,175271.323567,177307.51531100002,177307.51528400002,5540.859852625001,34.577076,175271.323567,30972.27700207073,97.908779,65.6836046451613,13.792722229082644,0.18047740358817574,57,64,,True,True,,121,87.6246207195492
127,2026-09-18T06:49:55.627+00:00,2026-09-18T06:52:52.365+00:00,2026-09-18T06:52:55.888+00:00,True,55,55.0,,55.0,176738.770593,180261.36950499998,180261.36952399998,3277.479445890909,40.739214,176738.770593,23822.658310889197,95.3098706,65.23331318518518,12.854667582854406,0.3051125160705852,57,64,,True,True,,275,87.6246207195492
128,2026-09-18T06:49:56.146+00:00,2026-09-18T06:52:54.181+00:00,2026-09-18T06:52:56.878+00:00,True,42,42.0,,42.0,178035.183241,180731.89133699998,180731.89112299998,4303.140264833333,37.509329,178035.183241,27461.279010901693,97.87757185000001,65.77336819512195,12.724092626717551,0.2323884273511259,57,64,,True,True,,164,87.6246207195492
129,2026-09-18T06:49:56.747+00:00,2026-09-18T06:52:56.682+00:00,2026-09-18T06:53:01.734+00:00,True,81,81.0,,81.0,179935.189398,184987.605142,184987.60517,2283.797594691358,34.707435,179935.189398,19985.78518121525,96.076741,63.1551968,12.077045015649393,0.4378671746024436,57,64,,True,True,,453,87.6246207195492
130,2026-09-18T06:49:57.184+00:00,2026-09-18T06:52:58.399+00:00,2026-09-18T06:53:00.910+00:00,True,41,41.0,,41.0,181215.004727,183725.574711,183725.574737,4481.11157895122,37.336661,181215.004727,28291.2291444526,93.554736,62.7642496,11.489371518048596,0.22315891548845568,57,64,,True,True,,213,87.6246207195492
131,2026-09-18T06:49:57.764+00:00,2026-09-18T06:53:00.337+00:00,2026-09-18T06:53:06.266+00:00,True,98,98.0,,98.0,182572.578767,188502.454223,188502.4542,1923.494430612245,35.435734,182572.578767,18436.441664077174,69.92348055000001,61.132736659793814,7.48139573629624,0.5198871304034333,57,64,,True,True,,426,87.6246207195492
132,2026-09-18T06:49:58.168+00:00,2026-09-18T06:53:02.100+00:00,2026-09-18T06:53:07.763+00:00,True,95,95.0,,95.0,183932.489648,189595.87268799997,189595.872748,1995.7460289263156,35.426593999999994,183932.489648,18864.89585501064,68.671304,60.24875574468085,8.699634763574261,0.5010657597822951,57,64,,True,True,,437,87.6246207195492
133,2026-09-18T06:49:58.803+00:00,2026-09-18T06:53:04.706+00:00,2026-09-18T06:53:06.990+00:00,True,39,39.0,,39.0,185903.35604100002,188187.36960900002,188187.369474,4825.317166000001,36.739851,185903.35604100002,29758.73787526101,75.81681680000001,60.10562021052632,8.871883075908443,0.20724026315385,57,64,,True,True,,176,87.6246207195492
134,2026-09-18T06:49:59.253+00:00,2026-09-18T06:53:06.092+00:00,2026-09-18T06:53:08.091+00:00,True,35,35.0,,35.0,186839.476352,188838.139264,188838.139118,5395.375403371429,36.316942000000004,186839.476352,31571.70112087328,76.08407820000001,58.784203294117646,10.77929250394376,0.18534391482786858,57,64,,True,True,,127,87.6246207195492
135,2026-09-18T06:49:59.841+00:00,2026-09-18T06:53:08.438+00:00,2026-09-18T06:53:08.956+00:00,True,9,9.0,,9.0,188596.86496399998,189114.96211599998,189114.96200699997,21012.77355633333,42.78529,188596.86496399998,62844.03602709575,113197.69915239999,64.762144,15.85130510385896,0.04759010021893217,57,64,,True,True,,33,87.6246207195492
136,2026-09-18T06:50:00.322+00:00,2026-09-18T06:53:10.484+00:00,2026-09-18T06:53:16.632+00:00,True,99,99.0,,99.0,190162.78180899998,196310.82532899998,196310.825265,1982.9376289393938,34.477286,190162.78180899998,19105.777000863032,93.015872,62.73513795918367,11.527537626525046,0.5043022962900011,57,64,,True,True,,460,87.6246207195492
137,2026-09-18T06:50:00.686+00:00,2026-09-18T06:53:11.921+00:00,2026-09-18T06:53:16.014+00:00,True,65,65.0,,65.0,191234.72975799997,195328.06172599999,195328.06167199998,3005.0471026461532,38.705158000000004,191234.72975799997,23711.81865611035,92.67837919999998,63.958312,11.527967797245704,0.3327734859273827,57,64,,True,True,,314,87.6246207195492
138,2026-09-18T06:50:01.140+00:00,2026-09-18T06:53:13.210+00:00,2026-09-18T06:53:14.220+00:00,True,17,17.0,,17.0,192069.85772799997,193080.06675199998,193080.06665099997,11357.650979470587,39.487407,192069.85772799997,46568.470898544576,38488.4861184,63.138064,10.605284842501094,0.08804637519540276,57,64,,True,True,,83,87.6246207195492
139,2026-09-18T06:50:01.518+00:00,2026-09-18T06:53:14.913+00:00,2026-09-18T06:53:17.559+00:00,True,43,43.0,,43.0,193394.908055,196040.51650300002,196040.51658300002,4559.081781,38.654987999999996,193394.908055,29482.843111171944,92.71264210000001,62.99067733333334,11.294018289616124,0.21934241332883841,57,64,,True,True,,186,87.6246207195492
141,2026-09-18T06:50:02.644+00:00,2026-09-18T06:53:16.740+00:00,2026-09-18T06:53:17.654+00:00,True,15,15.0,,15.0,194096.515397,195010.618437,195010.61828000002,13000.707885333333,35.688553,194096.515397,50098.64831419493,58297.0760487,65.29307428571428,15.164979107720013,0.07691888841861137,57,64,,True,True,,84,87.6246207195492
140,2026-09-18T06:50:02.628+00:00,2026-09-18T06:53:18.399+00:00,2026-09-18T06:53:21.507+00:00,True,52,52.0,,52.0,195771.06256999998,198878.90282599998,198878.902774,3824.594284115384,36.027083,195771.06256999998,27140.11372872989,91.26864610000001,60.93804423529412,12.019089699817886,0.26146564196150573,57,64,,True,True,,257,87.6246207195492
142,2026-09-18T06:50:02.806+00:00,2026-09-18T06:53:19.923+00:00,2026-09-18T06:53:22.732+00:00,True,47,47.0,,47.0,197117.145811,199926.109651,199926.109693,4253.747014744681,39.200227,197117.145811,28743.58665451983,94.1769092,61.06443130434783,13.320864708600352,0.23508685324815906,57,64,,True,True,,220,87.6246207195492
143,2026-09-18T06:50:03.371+00:00,2026-09-18T06:53:22.326+00:00,2026-09-18T06:53:26.819+00:00,True,72,72.0,,72.0,198955.00142500002,203448.07201700003,203448.07189100003,2825.667665152778,37.274961000000005,198955.00142500002,23439.61751318216,97.51517005000001,63.2826843943662,13.214378788097815,0.35389865967362777,57,64,,True,True,,335,87.6246207195492
144,2026-09-18T06:50:03.855+00:00,2026-09-18T06:53:24.282+00:00,2026-09-18T06:53:29.580+00:00,True,86,86.0,,86.0,200426.913963,205725.412267,205725.412125,2392.1559549418603,37.003581,200426.913963,21605.870896721623,89.5528455,62.33527416470588,10.91532575526638,0.41803294523665946,57,64,,True,True,,471,87.6246207195492
145,2026-09-18T06:50:04.397+00:00,2026-09-18T06:53:26.541+00:00,2026-09-18T06:53:26.690+00:00,True,3,3.0,,3.0,202143.78165299998,202292.93800499997,202292.938194,67430.979398,57.361492,202143.78165299998,116664.71023820147,181938.58299260002,74.578176,24.34818680583111,0.014829978888960774,57,64,,True,True,,12,87.6246207195492
146,2026-09-18T06:50:04.936+00:00,2026-09-18T06:53:28.381+00:00,2026-09-18T06:53:33.877+00:00,True,91,91.0,,91.0,203444.99456,208940.66534399998,208940.66534399998,2296.051267516483,38.257049,203444.99456,21320.43162356222,83.607199,61.06300871111112,10.332199210078024,0.4355303447042134,57,64,,True,True,,446,87.6246207195492
147,2026-09-18T06:50:05.508+00:00,2026-09-18T06:53:30.722+00:00,2026-09-18T06:53:32.579+00:00,True,30,30.0,,30.0,205214.89388999998,207071.46041799997,207071.46036199998,6902.382012066666,38.827417000000004,205214.89388999998,37455.255540693775,95.94885600000002,64.01953544827586,11.422656972326022,0.14487752169922982,57,64,,True,True,,102,87.6246207195492
148,2026-09-18T06:50:06.120+00:00,2026-09-18T06:53:33.139+00:00,2026-09-18T06:53:38.580+00:00,True,88,88.0,,88.0,207018.302127,212459.855791,212459.85579200002,2414.316543090909,35.949453,207018.302127,22061.561149723722,91.89594235,62.54659383908046,12.46854913172724,0.41419589443083754,57,64,,True,True,,475,87.6246207195492
149,2026-09-18T06:50:06.484+00:00,2026-09-18T06:53:34.653+00:00,2026-09-18T06:53:39.297+00:00,True,74,74.0,,74.0,208168.76665,212813.243578,212813.243463,2875.854641391892,34.142606,208168.76665,24191.73477526304,92.87972909999999,63.622971616438356,12.552587667556681,0.34772272042777086,57,64,,True,True,,418,87.6246207195492
150,2026-09-18T06:50:07.001+00:00,2026-09-18T06:53:36.599+00:00,2026-09-18T06:53:37.783+00:00,True,20,20.0,,20.0,209597.811008,210781.99967999998,210781.99980599998,10539.0999903,42.64499,209597.811008,46853.55934166057,10550.66239735,62.325719578947364,6.765941105774473,0.09488476260004709,57,64,,True,True,,61,87.6246207195492
151,2026-09-18T06:50:07.610+00:00,2026-09-18T06:53:39.357+00:00,2026-09-18T06:53:43.494+00:00,True,68,68.0,,68.0,211746.68054899998,215883.66230899998,215883.66235099998,3174.759740455882,35.980733,211746.68054899998,25670.571275461774,91.79880955,61.74599641791045,10.99451459085953,0.3149844655806784,57,64,,True,True,,243,87.6246207195492
152,2026-09-18T06:50:08.028+00:00,2026-09-18T06:53:40.575+00:00,2026-09-18T06:53:45.046+00:00,True,73,73.0,,73.0,212547.404423,217018.892935,217018.89277,2972.8615447945203,35.658083,212547.404423,24869.525625366543,88.7994442,62.10400711111111,10.775764120163796,0.33637624361978685,57,64,,True,True,,277,87.6246207195492
153,2026-09-18T06:50:08.661+00:00,2026-09-18T06:53:43.060+00:00,2026-09-18T06:53:45.205+00:00,True,35,35.0,,35.0,214398.580991,216543.536383,216543.53640399998,6186.958182971429,39.858255,214398.580991,36229.31256205766,96.2629261,63.086923294117646,10.97014566725677,0.1616303150147857,57,64,,True,True,,140,87.6246207195492
154,2026-09-18T06:50:09.055+00:00,2026-09-18T06:53:44.216+00:00,2026-09-18T06:53:49.147+00:00,True,77,77.0,,77.0,215160.814407,220091.579719,220091.579737,2858.3322043766234,0.02469,215160.814407,24512.46890265455,92.5650548,64.87849094736842,24.46845807205828,0.3498543656159362,57,64,,True,True,,383,87.6246207195492
155,2026-09-18T06:50:09.483+00:00,2026-09-18T06:53:45.934+00:00,2026-09-18T06:53:50.577+00:00,True,73,73.0,,73.0,216450.961287,221094.660999,221094.66097300002,3028.693985931507,0.01789,216450.961287,25326.137993357403,89.23859120000002,64.49582933333333,30.27016399193633,0.33017531798440924,57,64,,True,True,,370,87.6246207195492
156,2026-09-18T06:50:09.868+00:00,2026-09-18T06:53:47.322+00:00,2026-09-18T06:53:49.779+00:00,True,39,39.0,,39.0,217454.01133500002,219911.33690300002,219911.33672500003,5638.752223717949,0.018179999999999998,217454.01133500002,34810.16816663348,105.3527317,64.66646231578947,31.314791148240648,0.17734419948164104,57,64,,True,True,,206,87.6246207195492
157,2026-09-18T06:50:10.451+00:00,2026-09-18T06:53:50.096+00:00,2026-09-18T06:53:53.092+00:00,True,49,49.0,,49.0,219644.079771,222640.632987,222640.63309299998,4543.686389653061,39.488326,219644.079771,31368.8092439977,90.4648254,62.428192,10.963269946353112,0.22008561214817024,57,64,,True,True,,237,87.6246207195492
158,2026-09-18T06:50:10.813+00:00,2026-09-18T06:53:51.430+00:00,2026-09-18T06:53:51.842+00:00,True,8,8.0,,8.0,220616.248976,221028.390288,221028.390426,27628.54880325,40.759654000000005,220616.248976,77978.80695014114,143423.34882205,58.87733028571429,8.439278683855662,0.036194445381319565,57,64,,True,True,,46,87.6246207195492
159,2026-09-18T06:50:11.210+00:00,2026-09-18T06:53:52.906+00:00,2026-09-18T06:53:55.240+00:00,True,39,39.0,,39.0,221695.759331,224029.78557100001,224029.78565200002,5744.35347825641,36.529331,221695.759331,35489.89986864876,100.4681271,61.42174315789474,13.690810142429747,0.1740839946822162,57,64,,True,True,,158,87.6246207195492
160,2026-09-18T06:50:11.817+00:00,2026-09-18T06:53:55.179+00:00,2026-09-18T06:54:00.966+00:00,True,93,93.0,,93.0,223361.76777500001,229148.53334300002,229148.533181,2463.962722376344,34.793245000000006,223361.76777500001,23155.01554885541,75.83401359999999,62.899625739130435,8.581181198787435,0.4058502956280909,57,64,,True,True,,382,87.6246207195492
161,2026-09-18T06:50:12.240+00:00,2026-09-18T06:53:56.876+00:00,2026-09-18T06:53:56.876+00:00,True,1,1.0,,1.0,224636.53742699997,224636.53742699997,224636.53742699997,224636.53742699997,224636.53742699997,224636.53742699997,nan,224636.53742699997,nan,nan,0.004451635568523528,57,64,,True,True,,3,87.6246207195492
162,2026-09-18T06:50:12.625+00:00,2026-09-18T06:53:58.151+00:00,2026-09-18T06:53:59.279+00:00,True,19,19.0,,19.0,225525.563213,226653.68199699998,226653.68197099998,11929.14115636842,37.690669,225525.563213,51724.73545050493,22633.7150372,62.67326577777778,10.938526952545212,0.08382833154350207,57,64,,True,True,,120,87.6246207195492
163,2026-09-18T06:50:13.199+00:00,2026-09-18T06:54:00.486+00:00,2026-09-18T06:54:05.515+00:00,True,82,82.0,,82.0,227287.055859,232316.39371499998,232316.39389299997,2833.1267547926827,37.672749,227287.055859,25092.8015438072,75.04669055000001,62.09059081481481,9.740453073070892,0.352966911584361,57,64,,True,True,,396,87.6246207195492
164,2026-09-18T06:50:13.777+00:00,2026-09-18T06:54:02.863+00:00,2026-09-18T06:54:07.863+00:00,True,81,81.0,,81.0,229085.853156,234085.919204,234085.919315,2889.9496211728397,36.279372,229085.853156,25447.041751923858,93.002686,62.5008256,11.585303872571789,0.34602679339038134,57,64,,True,True,,294,87.6246207195492
165,2026-09-18T06:50:14.392+00:00,2026-09-18T06:54:04.871+00:00,2026-09-18T06:54:08.544+00:00,True,58,58.0,,58.0,230478.240352,234151.352672,234151.35266499998,4037.0922873275863,36.724562,230478.240352,30254.817668738586,98.8329745,64.44056701754386,14.760194898081417,0.24770303198396038,57,64,,True,True,,311,87.6246207195492
166,2026-09-18T06:50:15.012+00:00,2026-09-18T06:54:07.468+00:00,2026-09-18T06:54:12.847+00:00,True,86,86.0,,86.0,232455.229904,237834.526672,237834.526733,2765.5177527093024,37.16297,232455.229904,25059.47116795802,91.2283615,63.285844329411766,13.073192186316025,0.3615959432105645,57,64,,True,True,,337,87.6246207195492
167,2026-09-18T06:50:15.369+00:00,2026-09-18T06:54:08.785+00:00,2026-09-18T06:54:10.252+00:00,True,25,25.0,,25.0,233415.899435,234882.851115,234882.851069,9395.31404276,41.544902,233415.899435,46670.95617833231,84.30208,61.12298666666666,9.30150331002779,0.10643603771549867,57,64,,True,True,,100,87.6246207195492
168,2026-09-18T06:50:15.888+00:00,2026-09-18T06:54:10.767+00:00,2026-09-18T06:54:10.767+00:00,True,1,1.0,,1.0,234878.81039199998,234878.81039199998,234878.81039199998,234878.81039199998,234878.81039199998,234878.81039199998,nan,234878.81039199998,nan,nan,0.004257514751250035,57,64,,True,True,,3,87.6246207195492
169,2026-09-18T06:50:17.257+00:00,2026-09-18T06:54:14.137+00:00,2026-09-18T06:54:18.318+00:00,True,67,67.0,,67.0,236879.520549,241060.869925,241060.869841,3597.9234304626866,36.863601,236879.520549,28931.701934468605,90.97592929999999,63.35377842424242,11.93726829542119,0.2779380992893843,57,64,,True,True,,311,87.6246207195492
170,2026-09-18T06:50:17.347+00:00,2026-09-18T06:54:16.203+00:00,2026-09-18T06:54:20.702+00:00,True,70,70.0,,70.0,238856.33504499999,243355.453637,243355.453552,3476.5064793142856,37.52125,238856.33504499999,28541.001403766935,93.47646385,65.20461727536232,11.61553116452417,0.2876450843974722,57,64,,True,True,,384,87.6246207195492
171,2026-09-18T06:50:17.620+00:00,2026-09-18T06:54:17.756+00:00,2026-09-18T06:54:23.632+00:00,True,94,94.0,,94.0,240135.537973,246011.248693,246011.24892399998,2617.140946,38.709307,240135.537973,24761.574819799265,81.04532074999999,63.17968516129032,9.28551024799988,0.38209634924988156,57,64,,True,True,,417,87.6246207195492
172,2026-09-18T06:50:18.124+00:00,2026-09-18T06:54:19.846+00:00,2026-09-18T06:54:22.257+00:00,True,39,39.0,,39.0,241721.66905000003,244132.78252200002,244132.78238600004,6259.81493297436,40.325934000000004,241721.66905000003,38696.28525750849,80.3191525,63.450354526315785,8.197354045826089,0.15974913158778878,57,64,,True,True,,180,87.6246207195492
173,2026-09-18T06:50:18.620+00:00,2026-09-18T06:54:21.941+00:00,2026-09-18T06:54:25.599+00:00,True,60,60.0,,60.0,243320.356074,246978.40253800002,246978.402565,4116.306709416667,40.479084,243320.356074,31404.520154393515,77.44734360000001,62.000787525423725,9.874518166564897,0.24293622188591338,57,64,,True,True,,241,87.6246207195492
174,2026-09-18T06:50:19.262+00:00,2026-09-18T06:54:24.565+00:00,2026-09-18T06:54:26.797+00:00,True,37,37.0,,37.0,245303.224304,247534.9788,247534.978775,6690.134561486487,38.871837,245303.224304,40317.41086954128,73.54902580000001,61.99318044444445,8.282856238801259,0.14947382458579628,57,64,,True,True,,211,87.6246207195492
175,2026-09-18T06:50:19.868+00:00,2026-09-18T06:54:26.798+00:00,2026-09-18T06:54:27.963+00:00,True,19,19.0,,19.0,246929.19572299998,248094.426827,248094.426671,13057.60140373684,36.276052,246929.19572299998,56634.59315699307,24778.8084632,64.73506133333333,14.469673398517491,0.0765837437100068,57,64,,True,True,,106,87.6246207195492
176,2026-09-18T06:50:20.261+00:00,2026-09-18T06:54:28.136+00:00,2026-09-18T06:54:30.048+00:00,True,31,31.0,,31.0,247875.172741,249787.029893,249787.029762,8057.646121354838,39.176466,247875.172741,44508.25087600826,93.15447100000002,63.72857173333333,12.136452595887889,0.12410572323662807,57,64,,True,True,,133,87.6246207195492
177,2026-09-18T06:50:20.755+00:00,2026-09-18T06:54:30.238+00:00,2026-09-18T06:54:33.716+00:00,True,57,57.0,,57.0,249482.99737599998,252960.38489599997,252960.38488599999,4437.90148922807,37.814589999999995,249482.99737599998,33036.606680940604,79.0109642,62.096205714285716,9.236296835101538,0.22533172545351127,57,64,,True,True,,277,87.6246207195492
178,2026-09-18T06:50:21.351+00:00,2026-09-18T06:54:32.077+00:00,2026-09-18T06:54:35.936+00:00,True,63,63.0,,63.0,250726.505593,254584.855929,254584.856039,4041.0294609365083,34.842765,250726.505593,31580.731423123456,86.7240185,62.231457032258064,9.244878755270888,0.24746169511971983,57,64,,True,True,,256,87.6246207195492
179,2026-09-18T06:50:21.900+00:00,2026-09-18T06:54:34.090+00:00,2026-09-18T06:54:37.785+00:00,True,59,59.0,,59.0,252189.389958,255884.929926,255884.92999,4337.032711694916,36.754252,252189.389958,32823.96963004306,99.3979168,63.71620634482758,13.514438574554198,0.23057239055485743,57,64,,True,True,,204,87.6246207195492
180,2026-09-18T06:50:22.530+00:00,2026-09-18T06:54:36.881+00:00,2026-09-18T06:54:37.359+00:00,True,8,8.0,,8.0,254350.500366,254828.40679799998,254828.406781,31853.550847625,57.442163,254350.500366,89902.3447812204,165361.16087275,68.27234742857144,13.715705048898931,0.031393674278792326,57,64,,True,True,,30,87.6246207195492
181,2026-09-18T06:50:23.045+00:00,2026-09-18T06:54:38.728+00:00,2026-09-18T06:54:41.572+00:00,True,46,46.0,,46.0,255683.575435,258527.302795,258527.302689,5620.158754108696,36.999281,255683.575435,37689.17050128148,93.35759275000001,63.193941333333335,10.464418754812554,0.17793091678396475,57,64,,True,True,,232,87.6246207195492
182,2026-09-18T06:50:23.634+00:00,2026-09-18T06:54:40.827+00:00,2026-09-18T06:54:42.074+00:00,True,21,21.0,,21.0,257192.875242,258439.843306,258439.84345800002,12306.659212285715,56.360625,257192.875242,56110.48117147255,68.499382,62.3484032,3.280408977296414,0.08125682066420159,57,64,,True,True,,87,87.6246207195492
183,2026-09-18T06:50:24.147+00:00,2026-09-18T06:54:42.705+00:00,2026-09-18T06:54:47.112+00:00,True,73,73.0,,73.0,258558.17969299998,262964.930925,262964.93111299997,3602.2593303150684,38.759568,258558.17969299998,30254.78374956005,71.1992886,61.20487822222223,8.830602785590202,0.27760355627351796,57,64,,True,True,,306,87.6246207195492
184,2026-09-18T06:50:24.658+00:00,2026-09-18T06:54:44.638+00:00,2026-09-18T06:54:46.689+00:00,True,35,35.0,,35.0,259980.58697600002,262031.07888000002,262031.078818,7486.602251942858,35.417264,259980.58697600002,43934.546946814546,75.0840885,60.3085854117647,10.033967387625495,0.1335719417314945,57,64,,True,True,,141,87.6246207195492
185,2026-09-18T06:50:25.233+00:00,2026-09-18T06:54:46.460+00:00,2026-09-18T06:54:49.438+00:00,True,51,51.0,,51.0,261226.475749,264205.219045,264205.218852,5180.494487294118,34.960264,261226.475749,36570.68235782245,78.6910975,59.57486592,10.09664536059004,0.1930317659293232,57,64,,True,True,,267,87.6246207195492
186,2026-09-18T06:50:25.677+00:00,2026-09-18T06:54:47.985+00:00,2026-09-18T06:54:53.341+00:00,True,91,91.0,,91.0,262308.646061,267664.066477,267664.066554,2941.363368725275,36.591481,262308.646061,27491.181964044998,69.05094100000001,59.504671288888886,10.87716794619496,0.33997839604599855,57,64,,True,True,,435,87.6246207195492
187,2026-09-18T06:50:26.244+00:00,2026-09-18T06:54:50.141+00:00,2026-09-18T06:54:52.686+00:00,True,44,44.0,,44.0,263897.64014,266442.50158,266442.501526,6055.511398318181,36.642102,263897.64014,39775.14565931635,86.78755385000001,59.18282418604651,11.595257964484617,0.16513881884114084,57,64,,True,True,,185,87.6246207195492
188,2026-09-18T06:50:26.597+00:00,2026-09-18T06:54:51.544+00:00,2026-09-18T06:54:52.723+00:00,True,21,21.0,,21.0,264946.727976,266125.784872,266125.784689,12672.656413761904,36.555782,264946.727976,57803.252795015265,95.30895100000002,58.952844799999994,12.839036451103222,0.07891005379317335,57,64,,True,True,,65,87.6246207195492
189,2026-09-18T06:50:27.186+00:00,2026-09-18T06:54:53.532+00:00,2026-09-18T06:54:56.575+00:00,True,51,51.0,,51.0,266345.90423,269389.30903,269389.308892,5282.143311607842,37.027171,266345.90423,37287.36479226907,80.64824900000002,60.868096,10.73561936920736,0.1893170897673615,57,64,,True,True,,275,87.6246207195492
190,2026-09-18T06:50:27.803+00:00,2026-09-18T06:54:55.885+00:00,2026-09-18T06:55:00.559+00:00,True,74,74.0,,74.0,268082.376372,272755.985844,272755.98591900006,3685.8917016081086,36.112262,268082.376372,31156.503655011114,97.34187680000001,64.02204756164384,13.359422115070156,0.27130476997972663,57,64,,True,True,,262,87.6246207195492
191,2026-09-18T06:50:28.408+00:00,2026-09-18T06:54:58.371+00:00,2026-09-18T06:55:00.203+00:00,True,30,30.0,,30.0,269962.77048,271794.649392,271794.64950400003,9059.821650133334,34.748735,269962.77048,49276.70168557637,98.20297589999998,63.168238344827586,12.577494185177473,0.11037744880964173,57,64,,True,True,,114,87.6246207195492
192,2026-09-18T06:50:28.829+00:00,2026-09-18T06:55:00.079+00:00,2026-09-18T06:55:03.087+00:00,True,49,49.0,,49.0,271249.491264,274257.691968,274257.692071,5597.095756551021,38.654757,271249.491264,38740.9757244583,88.40142599999999,62.670848,10.448447635275482,0.17866408649613097,57,64,,True,True,,225,87.6246207195492
193,2026-09-18T06:50:29.276+00:00,2026-09-18T06:55:01.852+00:00,2026-09-18T06:55:02.961+00:00,True,19,19.0,,19.0,272576.100222,273685.44473399996,273685.44464999996,14404.497086842104,38.163648,272576.100222,62519.10817114119,27338.765471099996,61.63025066666666,11.797424050541682,0.06942276385383393,57,64,,True,True,,76,87.6246207195492
194,2026-09-18T06:50:29.708+00:00,2026-09-18T06:55:03.093+00:00,2026-09-18T06:55:08.982+00:00,True,93,93.0,,93.0,273385.76212800003,279274.11668800004,279274.116701,3002.9474914086027,35.264914,273385.76212800003,28342.148798057628,92.87783979999999,64.00385391304347,12.560927553931228,0.3330061557544837,57,64,,True,True,,376,87.6246207195492
195,2026-09-18T06:50:30.296+00:00,2026-09-18T06:55:05.499+00:00,2026-09-18T06:55:06.112+00:00,True,11,11.0,,11.0,275202.96809100005,275816.03330700006,275816.03322200006,25074.18483836364,42.792799,275202.96809100005,82958.33340194824,137647.88456350003,61.3065216,14.04633330481884,0.03988165542122901,57,64,,True,True,,45,87.6246207195492
196,2026-09-18T06:50:30.779+00:00,2026-09-18T06:55:07.692+00:00,2026-09-18T06:55:10.382+00:00,True,45,45.0,,45.0,276912.779388,279602.216572,279602.216473,6213.38258828889,35.069483999999996,276912.779388,41270.61027233759,93.62164760000002,61.12357236363637,13.421749311152519,0.16094293010875363,57,64,,True,True,,213,87.6246207195492
197,2026-09-18T06:50:31.347+00:00,2026-09-18T06:55:09.828+00:00,2026-09-18T06:55:12.411+00:00,True,43,43.0,,43.0,278480.989089,281064.289185,281064.289123,6536.378816813953,34.991284,278480.989089,42458.574308830655,86.15571469999999,61.50714514285714,10.874453588264654,0.15298990890904987,57,64,,True,True,,128,87.6246207195492
198,2026-09-18T06:50:31.825+00:00,2026-09-18T06:55:11.524+00:00,2026-09-18T06:55:17.440+00:00,True,96,96.0,,96.0,279699.007449,285615.32386500004,285615.32400200004,2975.1596250208336,34.123906000000005,279699.007449,28540.30654168748,86.98459374999999,62.27701490526316,11.40346001424188,0.33611641945855714,57,64,,True,True,,445,87.6246207195492
199,2026-09-18T06:50:32.248+00:00,2026-09-18T06:55:12.472+00:00,2026-09-18T06:55:13.005+00:00,True,9,9.0,,9.0,280224.23143,280756.926214,280756.926201,31195.21402233333,56.396685,280224.23143,93385.88197775056,168170.15318720002,66.586848,9.799347846348843,0.03205619936563907,57,64,,True,True,,60,87.6246207195492
200,2026-09-18T06:50:32.741+00:00,2026-09-18T06:55:14.200+00:00,2026-09-18T06:55:16.257+00:00,True,34,34.0,,34.0,281459.736727,283515.966103,283515.96596,8338.70488117647,40.096075,281459.736727,48259.26167124481,87.80857415,62.30998109090909,10.56228877263367,0.11992269947734782,57,64,,True,True,,149,87.6246207195492
201,2026-09-18T06:50:33.284+00:00,2026-09-18T06:55:16.760+00:00,2026-09-18T06:55:19.897+00:00,True,52,52.0,,52.0,283476.436088,286613.67359200004,286613.673642,5511.801416192308,35.054704,283476.436088,39302.57979577652,87.32212605000001,61.514460862745096,11.452868541790773,0.18142888770206747,57,64,,True,True,,270,87.6246207195492
202,2026-09-18T06:50:34.789+00:00,2026-09-18T06:55:18.693+00:00,2026-09-18T06:55:22.904+00:00,True,69,69.0,,69.0,283904.277099,288115.804011,288115.803967,4175.591361840579,37.3228,283904.277099,34170.60372423655,74.92625840000001,61.934219294117646,8.871622134543651,0.23948703625215106,57,64,,True,True,,350,87.6246207195492
203,2026-09-18T06:50:34.803+00:00,2026-09-18T06:55:19.455+00:00,2026-09-18T06:55:22.909+00:00,True,57,57.0,,57.0,284652.047315,288105.546451,288105.546506,5054.483272035087,33.647687,284652.047315,37694.91721545055,71.597324,61.669627428571424,8.029543472852826,0.197844160593744,57,64,,True,True,,218,87.6246207195492
204,2026-09-18T06:50:34.954+00:00,2026-09-18T06:55:22.108+00:00,2026-09-18T06:55:23.932+00:00,True,31,31.0,,31.0,287154.157426,288978.232946,288978.233083,9321.878486548387,37.942578999999995,287154.157426,51563.48977208653,82.127426,60.802517333333334,10.607238003608764,0.10727451574455722,57,64,,True,True,,133,87.6246207195492
205,2026-09-18T06:50:35.474+00:00,2026-09-18T06:55:25.166+00:00,2026-09-18T06:55:25.224+00:00,True,2,2.0,,2.0,289692.071047,289750.199687,289750.199718,144875.099859,58.128671000000004,289692.071047,204802.12471586335,275210.3739282,58.12864,nan,0.006902497400037969,57,64,,True,True,,6,87.6246207195492
206,2026-09-18T06:50:35.968+00:00,2026-09-18T06:55:26.809+00:00,2026-09-18T06:55:26.921+00:00,True,3,3.0,,3.0,290841.528116,290953.754932,290953.754736,96984.584912,49.845477,290841.528116,167885.03763166297,261763.6134187,56.113408,8.864154844452571,0.01031091693833318,57,64,,True,True,,15,87.6246207195492
207,2026-09-18T06:50:36.392+00:00,2026-09-18T06:55:28.664+00:00,2026-09-18T06:55:31.759+00:00,True,51,51.0,,51.0,292271.268611,295366.85645099997,295366.856353,5791.506987313725,39.225786,292271.268611,40917.495643266586,91.93453300000002,61.9117568,10.68039100962169,0.17266663095783283,57,64,,True,True,,234,87.6246207195492
208,2026-09-18T06:50:36.861+00:00,2026-09-18T06:55:30.290+00:00,2026-09-18T06:55:34.136+00:00,True,62,62.0,,62.0,293429.432623,297274.844975,297274.844759,4794.7555606290325,37.17972,293429.432623,37257.57052672193,93.42769270000001,63.03954675409836,10.105456699446178,0.2085612053896253,57,64,,True,True,,296,87.6246207195492
209,2026-09-18T06:50:37.396+00:00,2026-09-18T06:55:32.287+00:00,2026-09-18T06:55:36.811+00:00,True,72,72.0,,72.0,294890.22383499995,299414.46242699993,299414.46240799996,4158.53420011111,35.122404,294890.22383499995,34745.63829966868,93.64424455,63.72167030985916,11.286461173429739,0.2404693461243686,57,64,,True,True,,320,87.6246207195492
210,2026-09-18T06:50:37.914+00:00,2026-09-18T06:55:34.076+00:00,2026-09-18T06:55:37.967+00:00,False,62,61.0,,61.0,296162.45344300003,300053.07590700005,300053.07585500006,4839.565739596775,0.02054,296162.45344300003,37604.57159107405,92.20982905,63.78069613114754,13.956740043535286,0.2032973660263581,57,64,,True,False,Request timeout: 300.0s exceeded,207,87.6246207195492
211,2026-09-18T06:50:38.354+00:00,2026-09-18T06:55:36.078+00:00,2026-09-18T06:55:38.402+00:00,False,38,37.0,,37.0,297724.87381699996,300048.36386499996,300048.36381999997,7896.009574210525,0.01802,297724.87381699996,48287.167352053366,90.85270015,62.79702832432432,14.905810828484974,0.12331345361592214,57,64,,True,False,Request timeout: 300.0s exceeded,165,87.6246207195492
212,2026-09-18T06:50:38.953+00:00,2026-09-18T06:55:38.403+00:00,2026-09-18T06:55:39.015+00:00,False,12,11.0,,11.0,299450.526653,300062.03052499995,300062.03065599996,25005.16922133333,0.02391,299450.526653,86427.87510110832,134789.0039702,55.59126109090909,18.670399274963486,0.036659086725348025,57,64,,True,False,Request timeout: 300.0s exceeded,41,87.6246207195492
213,2026-09-18T06:50:39.437+00:00,2026-09-18T06:55:39.544+00:00,2026-09-18T06:55:39.544+00:00,False,1,0.0,,0.0,300106.84451599995,300106.84451599995,300106.84451599995,300106.84451599995,300106.84451599995,300106.84451599995,nan,300106.84451599995,nan,nan,0.0,57,64,,True,False,"HTTPConnectionPool(host='gpu03', port=9002): Read timed out.",0,87.6246207195492
214,2026-09-18T06:50:39.927+00:00,2026-09-18T06:55:39.988+00:00,2026-09-18T06:55:39.988+00:00,False,1,0.0,,0.0,300060.335171,300060.335171,300060.335171,300060.335171,300060.335171,300060.335171,nan,300060.335171,nan,nan,0.0,57,64,,True,False,TTFT timeout: 300.0s exceeded (TTFT: 300.050s),0,87.6246207195492
215,2026-09-18T06:50:40.572+00:00,2026-09-18T06:55:40.457+00:00,2026-09-18T06:55:40.610+00:00,False,4,3.0,,3.0,299884.83489399997,300037.915726,300037.915757,75009.47893925,0.037090000000000005,299884.83489399997,149916.9087548075,254915.72021739997,51.026944,46.39015255451148,0.009998736302180069,57,64,,True,False,Request timeout: 300.0s exceeded,9,87.6246207195492
216,2026-09-18T06:50:41.198+00:00,2026-09-18T06:55:41.248+00:00,2026-09-18T06:55:41.248+00:00,False,1,0.0,,0.0,300049.12607,300049.12607,300049.12607,300049.12607,300049.12607,300049.12607,nan,300049.12607,nan,nan,0.0,57,64,,True,False,"HTTPConnectionPool(host='gpu03', port=9002): Read timed out.",0,87.6246207195492
217,2026-09-18T06:50:41.808+00:00,2026-09-18T06:55:41.744+00:00,2026-09-18T06:55:41.836+00:00,False,3,2.0,,2.0,299936.418725,300027.981733,300027.981743,100009.32724766666,0.03169,299936.418725,173141.94616841248,269951.9299853,45.781504,64.69993106731413,0.006666044908370692,57,64,,True,False,Request timeout: 300.0s exceeded,6,87.6246207195492
218,2026-09-18T06:50:42.335+00:00,2026-09-18T06:55:42.430+00:00,2026-09-18T06:55:42.430+00:00,False,1,0.0,,0.0,300095.10849400004,300095.10849400004,300095.10849400004,300095.10849400004,300095.10849400004,300095.10849400004,nan,300095.10849400004,nan,nan,0.0,57,64,,True,False,"HTTPConnectionPool(host='gpu03', port=9002): Read timed out.",0,87.6246207195492
219,2026-09-18T06:50:42.964+00:00,2026-09-18T06:55:42.819+00:00,2026-09-18T06:55:42.979+00:00,False,4,3.0,,3.0,299855.142347,300014.596299,300014.596128,75003.649032,0.03915999999999999,299855.142347,149901.0003499672,254889.84318215,53.15131733333334,46.49260799173328,0.009999513480371286,57,64,,True,False,Request timeout: 300.0s exceeded,10,87.6246207195492
220,2026-09-18T06:50:43.351+00:00,2026-09-18T06:55:43.211+00:00,2026-09-18T06:55:43.372+00:00,False,5,4.0,,4.0,299859.70709,300021.31604999996,300021.316006,60004.263201199996,0.02175,299859.70709,134083.2716872637,239900.59814979997,40.40224,29.049223650960084,0.013332386020643218,57,64,,True,False,Request timeout: 300.0s exceeded,27,87.6246207195492
221,2026-09-18T06:50:43.900+00:00,2026-09-18T06:55:44.000+00:00,2026-09-18T06:55:44.000+00:00,False,1,0.0,,0.0,300100.038274,300100.038274,300100.038274,300100.038274,300100.038274,300100.038274,nan,300100.038274,nan,nan,0.0,57,64,,True,False,"HTTPConnectionPool(host='gpu03', port=9002): Read timed out.",0,87.6246207195492
222,2026-09-18T06:50:44.457+00:00,2026-09-18T06:55:44.355+00:00,2026-09-18T06:55:44.495+00:00,False,4,3.0,,3.0,299897.87374,300038.264652,300038.264476,75009.566119,0.044950000000000004,299897.87374,149925.5420665277,254923.9997221,46.79697066666667,40.53168784933415,0.009998724674266317,57,64,,True,False,Request timeout: 300.0s exceeded,10,87.6246207195492
223,2026-09-18T06:50:44.809+00:00,2026-09-18T06:55:44.569+00:00,2026-09-18T06:55:45.856+00:00,False,23,22.0,,22.0,299760.318189,301047.288045,301047.287854,13089.012515391305,0.02613,299760.318189,62492.1522892284,93.41166959999998,58.49862981818182,19.7869598556091,0.07307822017885601,57,64,,True,False,Request timeout: 300.0s exceeded,94,87.6246207195492
224,2026-09-18T06:50:45.366+00:00,2026-09-18T06:55:45.634+00:00,2026-09-18T06:55:45.911+00:00,False,7,6.0,,6.0,300268.12752100005,300545.17686500004,300545.17682200007,42935.02526028572,0.02149,300268.12752100005,113473.23415604932,210206.75196100003,46.17489066666666,23.579735869230177,0.01996372080426066,57,64,,True,False,Request timeout: 300.0s exceeded,38,87.6246207195492
225,2026-09-18T06:50:45.905+00:00,2026-09-18T06:55:46.021+00:00,2026-09-18T06:55:46.021+00:00,False,1,0.0,,0.0,300116.578623,300116.578623,300116.578623,300116.578623,300116.578623,300116.578623,nan,300116.578623,nan,nan,0.0,57,64,,True,False,"HTTPConnectionPool(host='gpu03', port=9002): Read timed out.",0,87.6246207195492
226,2026-09-18T06:50:46.461+00:00,2026-09-18T06:55:46.714+00:00,2026-09-18T06:55:46.714+00:00,False,1,0.0,,0.0,300252.795222,300252.795222,300252.795222,300252.795222,300252.795222,300252.795222,nan,300252.795222,nan,nan,0.0,57,64,,True,False,"HTTPConnectionPool(host='gpu03', port=9002): Read timed out.",0,87.6246207195492
227,2026-09-18T06:50:46.967+00:00,2026-09-18T06:55:47.058+00:00,2026-09-18T06:55:47.058+00:00,False,1,0.0,,0.0,300090.976753,300090.976753,300090.976753,300090.976753,300090.976753,300090.976753,nan,300090.976753,nan,nan,0.0,57,64,,True,False,"HTTPConnectionPool(host='gpu03', port=9002): Read timed out.",0,87.6246207195492
228,2026-09-18T06:50:47.518+00:00,2026-09-18T06:55:47.287+00:00,2026-09-18T06:55:47.530+00:00,False,6,5.0,,5.0,299769.412723,300012.47525099997,300012.475367,50002.07922783333,0.038579999999999996,299769.412723,122360.50672557113,224843.09846975,48.6125056,27.263386602436846,0.01666597362598619,57,64,,True,False,Request timeout: 300.0s exceeded,16,87.6246207195492
229,2026-09-18T06:50:48.000+00:00,2026-09-18T06:55:48.106+00:00,2026-09-18T06:55:48.106+00:00,False,1,0.0,,0.0,300106.679118,300106.679118,300106.679118,300106.679118,300106.679118,300106.679118,nan,300106.679118,nan,nan,0.0,57,64,,True,False,"HTTPConnectionPool(host='gpu03', port=9002): Read timed out.",0,87.6246207195492
230,2026-09-18T06:50:48.583+00:00,2026-09-18T06:55:48.557+00:00,2026-09-18T06:55:48.655+00:00,False,3,2.0,,2.0,299974.63233099994,300072.30657099996,300072.30667799996,100024.10222599997,0.03685,299974.63233099994,173162.24544751216,269986.93284759996,48.83712,69.01398388247901,0.006665060241161511,57,64,,True,False,Request timeout: 300.0s exceeded,7,87.6246207195492
231,2026-09-18T06:50:48.975+00:00,2026-09-18T06:55:48.816+00:00,2026-09-18T06:55:49.047+00:00,False,5,4.0,,4.0,299840.72814200004,300072.204878,300072.20496800006,60014.44099360001,0.02562,299840.72814200004,134066.9746018305,239890.5683838,57.869184,39.60775680289008,0.01333012499983554,57,64,,True,False,Request timeout: 300.0s exceeded,15,87.6246207195492
232,2026-09-18T06:50:49.480+00:00,2026-09-18T06:55:49.589+00:00,2026-09-18T06:55:49.589+00:00,False,1,0.0,,0.0,300108.273657,300108.273657,300108.273657,300108.273657,300108.273657,300108.273657,nan,300108.273657,nan,nan,0.0,57,64,,True,False,"HTTPConnectionPool(host='gpu03', port=9002): Read timed out.",0,87.6246207195492
233,2026-09-18T06:50:49.923+00:00,2026-09-18T06:55:50.008+00:00,2026-09-18T06:55:50.008+00:00,False,1,0.0,,0.0,300084.49353100004,300084.49353100004,300084.49353100004,300084.49353100004,300084.49353100004,300084.49353100004,nan,300084.49353100004,nan,nan,0.0,57,64,,True,False,"HTTPConnectionPool(host='gpu03', port=9002): Read timed out.",0,87.6246207195492
234,2026-09-18T06:50:50.381+00:00,2026-09-18T06:55:50.235+00:00,2026-09-18T06:55:50.454+00:00,False,5,4.0,,4.0,299854.359001,300072.638937,300072.639181,60014.5278362,0.023499,299854.359001,134074.54525361338,239898.42232480002,54.569984,36.39332788829249,0.013330105717635243,57,64,,True,False,Request timeout: 300.0s exceeded,11,87.6246207195492
235,2026-09-18T06:50:50.996+00:00,2026-09-18T06:55:51.122+00:00,2026-09-18T06:55:51.122+00:00,False,1,0.0,,0.0,300126.90777399996,300126.90777399996,300126.90777399996,300126.90777399996,300126.90777399996,300126.90777399996,nan,300126.90777399996,nan,nan,0.0,57,64,,True,False,"HTTPConnectionPool(host='gpu03', port=9002): Read timed out.",0,87.6246207195492
236,2026-09-18T06:50:51.518+00:00,2026-09-18T06:55:51.457+00:00,2026-09-18T06:55:51.551+00:00,False,3,2.0,,2.0,299939.156423,300033.266631,300033.26654599997,100011.08884866667,0.03746,299939.156423,173142.79183281134,269954.648047,47.055104,66.49274657089725,0.006665927490166373,57,64,,True,False,Request timeout: 300.0s exceeded,3,87.6246207195492
237,2026-09-18T06:50:52.086+00:00,2026-09-18T06:55:52.172+00:00,2026-09-18T06:55:52.172+00:00,False,1,0.0,,0.0,300085.792823,300085.792823,300085.792823,300085.792823,300085.792823,300085.792823,nan,300085.792823,nan,nan,0.0,57,64,,True,False,"HTTPConnectionPool(host='gpu03', port=9002): Read timed out.",0,87.6246207195492
238,2026-09-18T06:50:52.733+00:00,2026-09-18T06:55:52.726+00:00,2026-09-18T06:55:52.817+00:00,False,3,2.0,,2.0,299993.2075,300083.395788,300083.395681,100027.79856033334,0.02041,299993.2075,173175.12988573956,270002.9035271,45.094144,63.74378693464792,0.006664813941964788,57,64,,True,False,Request timeout: 300.0s exceeded,6,87.6246207195492
0,2026-09-18T06:48:53.195+00:00,2026-09-18T06:48:53.413+00:00,2026-09-18T06:48:54.179+00:00,True,15,15.0,,15.0,217.619456,984.058624,984.058631,65.60390873333334,31.495141,217.619456,45.3443824194584,130.676208,54.74565485714286,17.598637502279786,15.242994303558891,58,64,,False,True,,60,87.6246207195492
1,2026-09-18T06:48:53.757+00:00,2026-09-18T06:48:53.970+00:00,2026-09-18T06:48:59.323+00:00,True,91,91.0,,91.0,212.74312400000002,5565.712084,5565.711968,61.161669978021976,19.273844,212.74312400000002,18.630655624394798,70.8083735,59.477432888888885,9.484975869273107,16.350109137265967,58,64,,False,True,,408,87.6246207195492
2,2026-09-18T06:48:54.174+00:00,2026-09-18T06:48:55.669+00:00,2026-09-18T06:49:00.785+00:00,True,85,85.0,,85.0,1494.777702,6610.505318,6610.5052860000005,77.77065042352942,7.422105999999999,1494.777702,155.89477600468436,70.68793260000001,60.90151923809524,10.78515341487144,12.858321098169336,58,64,,False,True,,268,87.6246207195492
3,2026-09-18T06:48:54.644+00:00,2026-09-18T06:48:58.009+00:00,2026-09-18T06:49:01.972+00:00,True,67,67.0,,67.0,3365.0181669999997,7327.387703,7327.387674,109.36399513432835,13.979263999999999,3365.0181669999997,403.9207808417685,67.9645773,60.03590206060606,11.19926181112259,9.143777116170428,58,64,,False,True,,295,87.6246207195492
4,2026-09-18T06:48:55.161+00:00,2026-09-18T06:48:59.449+00:00,2026-09-18T06:49:05.356+00:00,True,100,100.0,,100.0,4287.846252,10195.509356,10195.509434,101.95509434,0.0,4287.846252,423.199748416146,69.273832,59.67336468686869,18.079519104439886,9.808239736561132,58,64,,False,True,,494,87.6246207195492
5,2026-09-18T06:48:55.512+00:00,2026-09-18T06:49:00.721+00:00,2026-09-18T06:49:03.613+00:00,True,50,50.0,,50.0,5208.876921,8100.296569,8100.296558,162.00593116,0.0,5208.876921,728.4497415284259,69.15672939999999,59.00856424489796,14.854165935732652,6.172613505454976,58,64,,False,True,,279,87.6246207195492
6,2026-09-18T06:48:56.058+00:00,2026-09-18T06:49:02.976+00:00,2026-09-18T06:49:08.747+00:00,True,97,97.0,,97.0,6917.290156,12688.223148000001,12688.222972,130.8064223917526,0.0,6917.290156,697.0649861127599,69.4833948,60.113885333333336,34.06586913657874,7.644884462430799,58,64,,False,True,,432,87.6246207195492
7,2026-09-18T06:48:56.458+00:00,2026-09-18T06:49:04.417+00:00,2026-09-18T06:49:08.215+00:00,True,62,62.0,,62.0,7959.10289,11756.968362,11756.968473,189.62852375806452,0.0,7959.10289,1003.6959644669205,150.3861731,62.26008970491804,40.295416133040675,5.273468303307832,58,64,,False,True,,258,87.6246207195492
8,2026-09-18T06:48:57.017+00:00,2026-09-18T06:49:06.556+00:00,2026-09-18T06:49:12.502+00:00,True,100,100.0,,100.0,9539.022694,15484.761702,15484.761536,154.84761536,0.0,9539.022694,948.5530611807445,68.74859434999999,60.05796977777778,35.46678536313867,6.4579618288271154,58,64,,False,True,,252,87.6246207195492
9,2026-09-18T06:48:57.477+00:00,2026-09-18T06:49:08.219+00:00,2026-09-18T06:49:13.061+00:00,True,84,84.0,,84.0,10741.726079,15583.520895,15583.520712,185.5181037142857,0.0,10741.726079,1165.8580369510335,68.4994093,58.33487730120482,21.96796673750436,5.390309453555618,58,64,,False,True,,409,87.6246207195492
10,2026-09-18T06:48:57.829+00:00,2026-09-18T06:49:09.435+00:00,2026-09-18T06:49:11.070+00:00,True,28,28.0,,28.0,11606.164123,13240.793755,13240.793746000001,472.88549092857147,0.0,11606.164123,2182.194048884367,163.71616834999998,60.541838222222225,35.40073406109819,2.114676847785399,58,64,,False,True,,135,87.6246207195492
11,2026-09-18T06:48:58.172+00:00,2026-09-18T06:49:10.705+00:00,2026-09-18T06:49:16.033+00:00,True,90,90.0,,90.0,12532.550722,17860.817986000002,17860.818071,198.4535341222222,0.0,12532.550722,1315.0286174664336,69.390461,59.86817150561798,27.8887657282253,5.038962945064749,58,64,,False,True,,318,87.6246207195492
12,2026-09-18T06:48:58.482+00:00,2026-09-18T06:49:11.919+00:00,2026-09-18T06:49:11.980+00:00,True,2,2.0,,2.0,13436.953571,13497.722595,13497.722538,6748.861269,60.768966999999996,13436.953571,9458.390839891494,12768.1443408,60.769024,nan,0.14817314446370872,58,64,,False,True,,7,87.6246207195492
13,2026-09-18T06:48:59.020+00:00,2026-09-18T06:49:14.043+00:00,2026-09-18T06:49:17.076+00:00,True,52,52.0,,52.0,15022.530345000001,18055.224873,18055.224699000002,347.21585959615385,0.0,15022.530345000001,2075.3344181071566,68.6147326,59.4645985882353,37.4071660095104,2.880052747377377,58,64,,False,True,,179,87.6246207195492
14,2026-09-18T06:48:59.441+00:00,2026-09-18T06:49:15.448+00:00,2026-09-18T06:49:16.950+00:00,True,24,24.0,,24.0,16006.680216,17508.405144,17508.405145,729.5168810416667,0.0,16006.680216,3254.457603332647,264.73719105,65.29238817391305,54.432252236908646,1.3707701988050363,58,64,,False,True,,121,87.6246207195492
15,2026-09-18T06:48:59.907+00:00,2026-09-18T06:49:17.177+00:00,2026-09-18T06:49:19.819+00:00,True,45,45.0,,45.0,17269.766078,19912.550846000002,19912.550677,442.5011261555556,38.504568,17269.766078,2565.4810929682744,69.13550719999999,60.06329018181818,7.271926032073757,2.2598812351075312,58,64,,False,True,,242,87.6246207195492
16,2026-09-18T06:49:00.438+00:00,2026-09-18T06:49:19.157+00:00,2026-09-18T06:49:19.263+00:00,True,3,3.0,,3.0,18718.477086,18824.785694,18824.785888,6274.9286293333325,36.305642,18718.477086,10776.442248058418,16853.629693400002,53.154304,23.827937234213792,0.15936436402334112,58,64,,False,True,,11,87.6246207195492
17,2026-09-18T06:49:00.877+00:00,2026-09-18T06:49:20.757+00:00,2026-09-18T06:49:21.615+00:00,True,10,10.0,,10.0,19879.850238000003,20738.156286,20738.156363000002,2073.8156363000003,0.08274899999999999,19879.850238000003,6257.339456626597,11111.427748500002,95.36733866666667,114.82968945665549,0.48220294331327995,58,64,,False,True,,39,87.6246207195492
18,2026-09-18T06:49:01.303+00:00,2026-09-18T06:49:22.346+00:00,2026-09-18T06:49:25.557+00:00,True,54,54.0,,54.0,21043.523706,24254.578554,24254.578619,449.1588633148148,0.0,21043.523706,2855.8046953533653,91.73748609999998,60.58594052830189,47.55732663587271,2.2263837683171976,58,64,,False,True,,199,87.6246207195492
19,2026-09-18T06:49:01.755+00:00,2026-09-18T06:49:24.147+00:00,2026-09-18T06:49:27.686+00:00,True,62,62.0,,62.0,22392.699489,25930.967904999998,25930.967873999998,418.2414173225806,0.0,22392.699489,2836.5455621815627,69.7891661,58.004400262295086,14.499161579273304,2.3909635855916194,58,64,,False,True,,275,87.6246207195492
20,2026-09-18T06:49:02.104+00:00,2026-09-18T06:49:25.452+00:00,2026-09-18T06:49:28.464+00:00,False,46,45.0,,45.0,23348.819582,26360.797566,26360.797635,573.060818152174,38.595268,23348.819582,3433.1085684945874,85.52994125000001,66.93284408888888,51.7674082173233,1.707080367630482,58,64,,False,False,Unterminated string starting at: line 1 column 151 (char 150),188,87.6246207195492
21,2026-09-18T06:49:02.598+00:00,2026-09-18T06:49:27.270+00:00,2026-09-18T06:49:32.601+00:00,True,90,90.0,,90.0,24671.976603,30003.709082999998,30003.709135999998,333.37454595555556,0.0,24671.976603,2594.6338958959363,72.0150625,59.907106516853936,39.2782097103569,2.9996291375519872,58,64,,False,True,,370,87.6246207195492
22,2026-09-18T06:49:03.141+00:00,2026-09-18T06:49:29.692+00:00,2026-09-18T06:49:30.293+00:00,True,10,10.0,,10.0,26550.273033,27151.287561,27151.287446000002,2715.1287446,59.18553,26550.273033,8374.820955163172,14643.6369696,66.779392,9.629237436976203,0.3683066586633615,58,64,,False,True,,33,87.6246207195492
23,2026-09-18T06:49:03.455+00:00,2026-09-18T06:49:30.779+00:00,2026-09-18T06:49:35.944+00:00,True,88,88.0,,88.0,27324.273005,32489.488492999997,32489.488489,369.19873282954546,0.0,27324.273005,2907.2998578018237,71.8668439,59.37029296551724,70.76546404786966,2.708568342618259,58,64,,False,True,,351,87.6246207195492
24,2026-09-18T06:49:03.770+00:00,2026-09-18T06:49:32.027+00:00,2026-09-18T06:49:34.600+00:00,True,44,44.0,,44.0,28257.337410999997,30829.642818999997,30829.642791,700.6736997954545,0.0,28257.337410999997,4251.457386102237,67.15589444999999,59.821056,67.3990256451632,1.4271978517014554,58,64,,False,True,,194,87.6246207195492
25,2026-09-18T06:49:04.231+00:00,2026-09-18T06:49:33.878+00:00,2026-09-18T06:49:38.988+00:00,True,77,77.0,,77.0,29646.826649,34756.784793,34756.784846999995,451.3868161948052,0.0162,29646.826649,3371.790264344842,96.3371228,67.23629136842105,77.67780071146927,2.2153947915086714,58,64,,False,True,,383,87.6246207195492
26,2026-09-18T06:49:04.690+00:00,2026-09-18T06:49:35.415+00:00,2026-09-18T06:49:35.655+00:00,True,5,5.0,,5.0,30725.1568,30965.275584,30965.275647000002,6193.0551294,49.063289,30725.1568,13713.863266378412,24593.214224,60.029696,7.467423733901271,0.16147119331899437,58,64,,False,True,,19,87.6246207195492
27,2026-09-18T06:49:05.155+00:00,2026-09-18T06:49:37.209+00:00,2026-09-18T06:49:43.199+00:00,True,100,100.0,,100.0,32053.291017,38044.252681,38044.252665,380.44252665,0.0,32053.291017,3199.642872715462,96.13486175000001,60.51476428282829,48.590502672020094,2.628517921970954,58,64,,False,True,,568,87.6246207195492
28,2026-09-18T06:49:05.574+00:00,2026-09-18T06:49:38.994+00:00,2026-09-18T06:49:42.951+00:00,True,72,72.0,,72.0,33420.179251,37377.143859,37377.143892,519.1269985,0.0,33420.179251,3932.0863792784835,80.17965604999999,55.731895887323944,19.67887417354813,1.9263109099938143,58,64,,False,True,,286,87.6246207195492
29,2026-09-18T06:49:05.957+00:00,2026-09-18T06:49:39.875+00:00,2026-09-18T06:49:45.299+00:00,True,89,89.0,,89.0,33917.398928999995,39341.67924899999,39341.679271999994,442.0413401348314,0.0,33917.398928999995,3589.2358697043014,94.4952698,61.63954909090909,62.18175744432407,2.2622318543319992,58,64,,False,True,,412,87.6246207195492
30,2026-09-18T06:49:06.496+00:00,2026-09-18T06:49:42.524+00:00,2026-09-18T06:49:43.481+00:00,True,16,16.0,,16.0,36027.312004,36984.478084,36984.478058,2311.529878625,35.910163999999995,36027.312004,8990.891186053277,9097.162762,63.811072,17.531238757610843,0.4326139188353674,58,64,,False,True,,53,87.6246207195492
31,2026-09-18T06:49:07.062+00:00,2026-09-18T06:49:44.368+00:00,2026-09-18T06:49:49.756+00:00,True,87,87.0,,87.0,37305.681273,42694.035833,42694.035673,490.7360422183908,0.0,37305.681273,3993.895414962524,96.0648372,62.65528558139535,90.96142793242957,2.0377553515977067,58,64,,False,True,,210,87.6246207195492
32,2026-09-18T06:49:07.572+00:00,2026-09-18T06:49:46.280+00:00,2026-09-18T06:49:50.013+00:00,True,60,60.0,,60.0,38708.138643,42440.544659,42440.544796999995,707.3424132833333,0.01648,38708.138643,4989.595274102008,98.37340835,63.26111891525424,75.59906807628698,1.413742459765448,58,64,,False,True,,271,87.6246207195492
33,2026-09-18T06:49:08.081+00:00,2026-09-18T06:49:48.774+00:00,2026-09-18T06:49:49.446+00:00,True,13,13.0,,13.0,40693.026868,41364.870196,41364.870109,3181.913085307692,0.06843,40693.026868,11270.704167371512,16325.3247244,55.986944,20.539297693199863,0.3142763397637134,58,64,,False,True,,61,87.6246207195492
34,2026-09-18T06:49:08.634+00:00,2026-09-18T06:49:50.478+00:00,2026-09-18T06:49:55.605+00:00,True,83,83.0,,83.0,41843.829902000005,46971.157902000006,46971.15803400001,565.9175666746988,0.0,41843.829902000005,4586.617119921955,89.346886,62.528390243902436,69.72085046127636,1.76704181261978,58,64,,False,True,,411,87.6246207195492
35,2026-09-18T06:49:09.117+00:00,2026-09-18T06:49:52.655+00:00,2026-09-18T06:49:57.969+00:00,True,86,86.0,,86.0,43537.823623000004,48852.58330300001,48852.583269,568.0532938255815,34.875566,43537.823623000004,4688.078487958013,93.69294975000001,62.52658447058824,12.56578128082488,1.7603982058962844,58,64,,False,True,,415,87.6246207195492
36,2026-09-18T06:49:09.586+00:00,2026-09-18T06:49:54.702+00:00,2026-09-18T06:49:55.094+00:00,True,7,7.0,,7.0,45116.193029,45507.538949,45507.538757,6501.076965285714,55.854207,45116.193029,17027.66717293865,31604.824369100003,65.22432,7.866422413558224,0.15382066711726278,58,64,,False,True,,30,87.6246207195492
37,2026-09-18T06:49:09.919+00:00,2026-09-18T06:49:56.194+00:00,2026-09-18T06:49:57.564+00:00,True,24,24.0,,24.0,46274.661306,47644.709818,47644.709839,1985.1962432916666,38.32065,46274.661306,9433.626640161578,93.50658975,59.56732660869565,14.104103403844666,0.5037285375790637,58,64,,False,True,,108,87.6246207195492
38,2026-09-18T06:49:10.335+00:00,2026-09-18T06:49:57.682+00:00,2026-09-18T06:50:01.606+00:00,True,63,63.0,,63.0,47347.527321999994,51270.736538,51270.736554999996,813.8212151587301,0.0,47347.527321999994,5958.026514453882,92.94444709999999,63.277568,96.62970130465526,1.228771112997503,58,64,,False,True,,239,87.6246207195492
39,2026-09-18T06:49:10.677+00:00,2026-09-18T06:49:59.137+00:00,2026-09-18T06:50:00.789+00:00,True,21,21.0,,21.0,48460.336974,50112.101198,50112.101267,2386.2905365238094,0.0,48460.336974,10558.104069712928,769.2771809999999,82.5882112,164.2507818653602,0.41906045641602674,58,64,,False,True,,79,87.6246207195492
40,2026-09-18T06:49:11.043+00:00,2026-09-18T06:50:00.790+00:00,2026-09-18T06:50:06.445+00:00,True,95,95.0,,95.0,49746.947726000006,55401.84820600001,55401.848064000005,583.1773480421053,0.0,49746.947726000006,5098.657453469988,93.5651601,60.158515744680855,96.33276690396708,1.7147442382565048,58,64,,False,True,,511,87.6246207195492
41,2026-09-18T06:49:11.399+00:00,2026-09-18T06:50:02.605+00:00,2026-09-18T06:50:05.826+00:00,True,57,57.0,,57.0,51206.260789,54426.607413,54426.607458,954.8527624210526,0.01662,51206.260789,6774.851713948326,94.6163568,57.50618971428572,21.55094584328623,1.0472818848963446,58,64,,False,True,,302,87.6246207195492
42,2026-09-18T06:49:11.726+00:00,2026-09-18T06:50:03.819+00:00,2026-09-18T06:50:06.322+00:00,True,40,40.0,,40.0,52092.873687,54595.768791,54595.7689,1364.8942225,45.718016000000006,52092.873687,8226.467952013045,97.62084625,64.17679753846154,12.09221662822257,0.7326575096529077,58,64,,False,True,,203,87.6246207195492
43,2026-09-18T06:49:12.107+00:00,2026-09-18T06:50:05.181+00:00,2026-09-18T06:50:08.950+00:00,True,60,60.0,,60.0,53074.094262,56843.12287,56843.122999,947.3853833166667,36.513613,53074.094262,6843.603434538052,94.21653375,63.88184081355932,14.17855102213169,1.0555366589766675,58,64,,False,True,,191,87.6246207195492
44,2026-09-18T06:49:12.538+00:00,2026-09-18T06:50:07.005+00:00,2026-09-18T06:50:10.833+00:00,True,62,62.0,,62.0,54466.480389,58294.732292999994,58294.732105999996,940.2376146129031,0.0,54466.480389,6910.059720799187,101.09784459999999,62.75822793442623,104.69049566310736,1.0635609352896014,58,64,,False,True,,267,87.6246207195492
45,2026-09-18T06:49:13.032+00:00,2026-09-18T06:50:08.653+00:00,2026-09-18T06:50:11.199+00:00,True,41,41.0,,41.0,55620.173928000004,58166.23524,58166.23532100001,1418.6886663658538,0.0,55620.173928000004,8677.40779162003,96.76544199999998,63.6515328,129.12028028059197,0.704876288293882,58,64,,False,True,,142,87.6246207195492
46,2026-09-18T06:49:13.376+00:00,2026-09-18T06:50:09.942+00:00,2026-09-18T06:50:11.550+00:00,True,27,27.0,,27.0,56566.537197,58174.613741,58174.61376,2154.6153244444445,37.370491,56566.537197,10874.340763224469,93.4676303,61.849097846153846,13.83998950312819,0.46411997027100294,58,64,,False,True,,159,87.6246207195492
47,2026-09-18T06:49:13.906+00:00,2026-09-18T06:50:11.864+00:00,2026-09-18T06:50:17.542+00:00,True,93,93.0,,93.0,57958.174576,63635.930991999994,63635.930881,684.2573213010752,0.015769000000000002,57958.174576,6004.197341130433,88.31675139999999,61.714743652173915,86.34427882300282,1.4614385073063758,58,64,,False,True,,405,87.6246207195492
48,2026-09-18T06:49:14.336+00:00,2026-09-18T06:50:13.470+00:00,2026-09-18T06:50:16.290+00:00,True,46,46.0,,46.0,59133.801143,61953.819318999995,61953.81946,1346.822162173913,37.97832,59133.801143,8709.568567922333,86.83116474999999,62.66707057777778,9.445945620000655,0.7424885262221875,58,64,,False,True,,195,87.6246207195492
49,2026-09-18T06:49:14.814+00:00,2026-09-18T06:50:15.625+00:00,2026-09-18T06:50:20.361+00:00,True,77,77.0,,77.0,60810.273727,65546.831551,65546.831539,851.2575524545455,0.0,60810.273727,6924.391839611704,104.2352642,62.323129263157895,146.06053144049673,1.1747326022935012,58,64,,False,True,,292,87.6246207195492
50,2026-09-18T06:49:15.158+00:00,2026-09-18T06:50:17.189+00:00,2026-09-18T06:50:19.272+00:00,True,41,41.0,,41.0,62031.13109,64114.392274000005,64114.392336000004,1563.7656667317074,0.016120000000000002,62031.13109,9679.54148076695,98.31750900000002,52.0815296,28.23566904425142,0.6394820031168965,58,64,,False,True,,137,87.6246207195492
51,2026-09-18T06:49:15.599+00:00,2026-09-18T06:50:18.660+00:00,2026-09-18T06:50:21.682+00:00,True,49,49.0,,49.0,63061.118145,66082.421185,66082.421161,1348.6208400204082,0.0,63061.118145,9000.693429159199,94.8594368,62.94381333333334,132.4468983042706,0.7414982550778947,58,64,,False,True,,180,87.6246207195492
52,2026-09-18T06:49:15.996+00:00,2026-09-18T06:50:20.293+00:00,2026-09-18T06:50:22.142+00:00,True,29,29.0,,29.0,64296.811501000004,66145.620717,66145.620781,2280.8834752068965,57.092054,64296.811501000004,11927.361202350357,95.4648876,66.02890057142858,10.321521512199656,0.43842660611009654,58,64,,False,True,,132,87.6246207195492
53,2026-09-18T06:49:16.491+00:00,2026-09-18T06:50:21.897+00:00,2026-09-18T06:50:24.697+00:00,True,46,46.0,,46.0,65406.386511,68206.127951,68206.12811599999,1482.7419155652174,39.198427,65406.386511,9634.478478993868,91.43082125000001,62.216476444444446,11.077070447350607,0.6744262045346847,58,64,,False,True,,194,87.6246207195492
54,2026-09-18T06:49:16.951+00:00,2026-09-18T06:50:23.789+00:00,2026-09-18T06:50:25.542+00:00,True,29,29.0,,29.0,66838.738075,68591.667355,68591.667191,2365.229903137931,37.041551,66838.738075,12400.02225122852,88.93323000000001,62.604617142857144,11.964014271238954,0.4227918800968765,58,64,,False,True,,127,87.6246207195492
55,2026-09-18T06:49:17.327+00:00,2026-09-18T06:50:25.271+00:00,2026-09-18T06:50:27.250+00:00,True,32,32.0,,32.0,67943.9546,69923.228328,69923.22824899999,2185.1008827812498,39.981546,67943.9546,11999.630313897613,96.2762845,63.84753961290322,15.19549740396793,0.45764477363505757,58,64,,False,True,,100,87.6246207195492
56,2026-09-18T06:49:17.692+00:00,2026-09-18T06:50:26.556+00:00,2026-09-18T06:50:32.238+00:00,True,78,78.0,,78.0,68863.04302,74545.753036,74545.75315599999,955.714784051282,0.0,68863.04302,7789.669074944415,92.95707655,73.80142877922077,113.85026410743993,1.0463372737321717,58,64,,False,True,,386,87.6246207195492
57,2026-09-18T06:49:18.087+00:00,2026-09-18T06:50:28.045+00:00,2026-09-18T06:50:28.649+00:00,True,11,11.0,,11.0,69958.130066,70561.950098,70561.95007199999,6414.722733818182,36.608411999999994,69958.130066,21074.968076500936,35024.3516595,60.3820032,13.813575974288584,0.15589138317071233,58,64,,False,True,,42,87.6246207195492
58,2026-09-18T06:49:18.551+00:00,2026-09-18T06:50:29.771+00:00,2026-09-18T06:50:30.420+00:00,True,12,12.0,,12.0,71219.54961399999,71868.63351799999,71868.63367699999,5989.052806416666,40.148176,71219.54961399999,20542.28132859481,32087.783966299994,59.00762763636363,10.188666629793158,0.16697131158051753,58,64,,False,True,,55,87.6246207195492
59,2026-09-18T06:49:19.024+00:00,2026-09-18T06:50:32.236+00:00,2026-09-18T06:50:32.236+00:00,True,5,5.0,,5.0,73212.776734,73212.776734,73212.776734,14642.5553468,0.0,73212.776734,32741.74911974781,58570.2213872,0.0,0.0,0.06829409049961632,58,64,,False,True,,16,87.6246207195492
60,2026-09-18T06:49:19.422+00:00,2026-09-18T06:50:33.166+00:00,2026-09-18T06:50:36.009+00:00,True,47,47.0,,47.0,73744.194049,76586.771457,76586.771585,1629.5057784042554,0.0176,73744.194049,10748.680484797602,123.2563277,61.79516104347826,148.08803126079303,0.61368300433435,58,64,,False,True,,171,87.6246207195492
61,2026-09-18T06:49:19.882+00:00,2026-09-18T06:50:34.914+00:00,2026-09-18T06:50:37.199+00:00,True,43,43.0,,43.0,75031.54804000001,77317.03949600001,77317.03938300001,1798.0706833255815,0.02029,75031.54804000001,11433.942090324808,72.28084319999999,54.41646323809524,29.327690532460206,0.5561516617850403,58,64,,False,True,,209,87.6246207195492
62,2026-09-18T06:49:20.365+00:00,2026-09-18T06:50:36.570+00:00,2026-09-18T06:50:40.454+00:00,True,62,62.0,,62.0,76204.969071,80089.376111,80089.37591,1291.7641275806452,36.008864,76204.969071,9669.962106224473,94.45976164999998,63.678803934426234,12.982423811467328,0.7741351351528947,58,64,,False,True,,320,87.6246207195492
63,2026-09-18T06:49:20.700+00:00,2026-09-18T06:50:38.098+00:00,2026-09-18T06:50:41.951+00:00,True,60,60.0,,60.0,77398.469564,81251.33100399999,81251.330932,1354.1888488666666,33.245449,77398.469564,9983.679452676632,102.1392554,65.30273627118645,14.63491445060961,0.7384494414872564,58,64,,False,True,,198,87.6246207195492
64,2026-09-18T06:49:21.152+00:00,2026-09-18T06:50:39.678+00:00,2026-09-18T06:50:40.122+00:00,True,9,9.0,,9.0,78526.045539,78969.97309099999,78969.972977,8774.441441888888,42.409712,78526.045539,26156.853260960186,47141.72371099999,55.490944,10.154081696988655,0.11396736819992291,58,64,,False,True,,35,87.6246207195492
65,2026-09-18T06:49:21.677+00:00,2026-09-18T06:50:41.734+00:00,2026-09-18T06:50:43.441+00:00,True,28,28.0,,28.0,80056.81231000001,81764.10370200001,81764.10376000001,2920.146562857143,33.451018,80056.81231000001,15117.370909729372,95.5776284,63.233014518518516,13.007610887207898,0.34244856522918254,58,64,,False,True,,148,87.6246207195492
66,2026-09-18T06:49:22.077+00:00,2026-09-18T06:50:43.440+00:00,2026-09-18T06:50:49.404+00:00,True,97,97.0,,97.0,81363.476745,87327.57402500001,87327.57420700001,900.2842701752578,0.0,81363.476745,8255.765531398498,93.21305319999999,62.12601333333333,120.06844070911892,1.1107602734072402,58,64,,False,True,,532,87.6246207195492
67,2026-09-18T06:49:22.620+00:00,2026-09-18T06:50:45.766+00:00,2026-09-18T06:50:45.766+00:00,True,9,9.0,,9.0,83146.698069,83146.698069,83146.698069,9238.522007666666,0.0,83146.698069,27715.566023000003,49888.01884140001,0.0,0.0,0.10824242223703547,58,64,,False,True,,37,87.6246207195492
68,2026-09-18T06:49:23.103+00:00,2026-09-18T06:50:47.101+00:00,2026-09-18T06:50:49.780+00:00,True,45,45.0,,45.0,83998.486796,86677.558028,86677.558018,1926.1679559555555,38.098828999999995,83998.486796,12512.683407385719,88.5187682,60.88798254545455,11.262043956169435,0.5191655259307533,58,64,,False,True,,200,87.6246207195492
69,2026-09-18T06:49:23.638+00:00,2026-09-18T06:50:48.930+00:00,2026-09-18T06:50:49.842+00:00,True,15,15.0,,15.0,85292.345965,86204.114285,86204.114178,5746.9409452,52.345513,85292.345965,22005.575468953997,25653.902478,65.12630857142858,9.676234412375331,0.17400561590840546,58,64,,False,True,,76,87.6246207195492
70,2026-09-18T06:49:24.038+00:00,2026-09-18T06:50:50.275+00:00,2026-09-18T06:50:51.832+00:00,True,27,27.0,,27.0,86236.97765,87794.180338,87794.180188,3251.6363032592594,41.116644,86236.97765,16584.790214210065,79.7050208,59.89241107692308,9.148528126269182,0.3075374688396467,58,64,,False,True,,114,87.6246207195492
71,2026-09-18T06:49:24.428+00:00,2026-09-18T06:50:51.827+00:00,2026-09-18T06:50:57.757+00:00,True,95,95.0,,95.0,87399.080853,93329.51234100001,93329.51241800001,982.4159201894738,33.570108,87399.080853,8960.489746331996,92.07486300000001,63.08969668085106,10.52706190578067,1.0178988148239378,58,64,,False,True,,377,87.6246207195492
72,2026-09-18T06:49:24.763+00:00,2026-09-18T06:50:53.130+00:00,2026-09-18T06:50:54.268+00:00,True,18,18.0,,18.0,88366.957133,89505.077069,89505.076977,4972.5042765,55.039218999999996,88366.957133,20812.515049121248,13341.9199458,66.94823152941176,12.184437089087199,0.20110591029516336,58,64,,False,True,,70,87.6246207195492
73,2026-09-18T06:49:25.175+00:00,2026-09-18T06:50:54.572+00:00,2026-09-18T06:50:54.832+00:00,True,5,5.0,,5.0,89397.25099,89656.374702,89656.374611,17931.2749222,39.872336000000004,89397.25099,39950.70017428508,71536.9584046,64.780928,23.155335059771947,0.0557684829061961,58,64,,False,True,,22,87.6246207195492
74,2026-09-18T06:49:25.485+00:00,2026-09-18T06:50:55.807+00:00,2026-09-18T06:50:58.010+00:00,True,36,36.0,,36.0,90322.04027099999,92524.75079899999,92524.75076499999,2570.1319656944443,39.070947999999994,90322.04027099999,15043.18598216866,76.32242925,62.93458651428571,7.25877142883729,0.3890850792800956,58,64,,False,True,,148,87.6246207195492
75,2026-09-18T06:49:25.804+00:00,2026-09-18T06:50:56.941+00:00,2026-09-18T06:50:59.976+00:00,True,50,50.0,,50.0,91137.060106,94172.386314,94172.386239,1883.44772478,35.389614,91137.060106,12879.969659128004,79.7947929,61.94543281632653,9.486647809002045,0.5309412021617935,58,64,,False,True,,256,87.6246207195492
76,2026-09-18T06:49:26.376+00:00,2026-09-18T06:50:58.870+00:00,2026-09-18T06:51:03.136+00:00,True,70,70.0,,70.0,92494.35912800001,96760.574552,96760.57452200001,1382.2939217428573,37.105202,92494.35912800001,11047.80372043435,69.5233572,61.82920904347826,8.603141640091954,0.7234351420927266,58,64,,True,True,,361,87.6246207195492
77,2026-09-18T06:49:26.876+00:00,2026-09-18T06:51:00.866+00:00,2026-09-18T06:51:06.161+00:00,True,87,87.0,,87.0,93989.254155,99284.573707,99284.573545,1141.2019947701149,41.951313,93989.254155,10070.10619910138,69.7397073,61.5734831627907,6.085253182713923,0.8762690592472787,58,64,,True,True,,400,87.6246207195492
78,2026-09-18T06:49:27.396+00:00,2026-09-18T06:51:02.956+00:00,2026-09-18T06:51:06.100+00:00,True,52,52.0,,52.0,95560.48616,98703.795472,98703.795483,1898.1499131346154,38.770358,95560.48616,13243.309905431475,68.70029405,61.63351592156862,7.031769242351208,0.5268287784814841,58,64,,True,True,,129,87.6246207195492
79,2026-09-18T06:49:27.737+00:00,2026-09-18T06:51:04.039+00:00,2026-09-18T06:51:06.577+00:00,True,42,42.0,,42.0,96302.061451,98839.415435,98839.415476,2353.319416095238,36.518792999999995,96302.061451,14850.183546759008,76.53285414999999,61.88668253658537,8.144999553490264,0.42493169162479066,58,64,,True,True,,233,87.6246207195492
80,2026-09-18T06:49:28.081+00:00,2026-09-18T06:51:05.539+00:00,2026-09-18T06:51:09.283+00:00,True,60,60.0,,60.0,97458.622123,101202.30007499999,101202.300055,1686.7050009166664,37.857099999999996,97458.622123,12573.668862472616,96.997176,63.4521686779661,12.882857948899579,0.5928719006933104,58,64,,True,True,,278,87.6246207195492
81,2026-09-18T06:49:28.593+00:00,2026-09-18T06:51:07.394+00:00,2026-09-18T06:51:09.186+00:00,True,30,30.0,,30.0,98801.037413,100593.17232499999,100593.172366,3353.1057455333334,39.803646,98801.037413,18027.240323877973,93.11011629999999,61.7977555862069,12.273038658832077,0.2982309763835157,58,64,,True,True,,142,87.6246207195492
82,2026-09-18T06:49:29.053+00:00,2026-09-18T06:51:09.282+00:00,2026-09-18T06:51:12.798+00:00,True,58,58.0,,58.0,100229.52223199999,103745.162552,103745.162596,1788.7096999310343,38.271339,100229.52223199999,13152.686602092705,86.35727875,61.677900350877195,10.699730015674662,0.559062211415677,58,64,,True,True,,245,87.6246207195492
83,2026-09-18T06:49:29.406+00:00,2026-09-18T06:51:10.793+00:00,2026-09-18T06:51:13.336+00:00,True,41,41.0,,41.0,101387.17719300001,103930.015209,103930.01514700001,2534.8784182195122,36.637392,101387.17719300001,15824.093437656575,91.267961,63.5709504,12.328376349485161,0.39449623785342747,58,64,,True,True,,170,87.6246207195492
84,2026-09-18T06:49:29.938+00:00,2026-09-18T06:51:12.693+00:00,2026-09-18T06:51:13.892+00:00,True,20,20.0,,20.0,102755.36043500001,103954.05253100001,103954.05235700001,5197.702617850001,41.522143,102755.36043500001,22962.691859044044,5227.678202000001,63.08905768421052,9.598775651878045,0.19239269189660332,58,64,,True,True,,99,87.6246207195492
85,2026-09-18T06:49:30.311+00:00,2026-09-18T06:51:14.020+00:00,2026-09-18T06:51:16.860+00:00,True,46,46.0,,46.0,103708.936813,106549.03690899999,106549.036897,2316.2834108043476,56.172027,103708.936813,15281.743981680858,68.41423099999999,63.11333546666667,5.648828639786908,0.43172609846569593,58,64,,True,True,,204,87.6246207195492
86,2026-09-18T06:49:30.740+00:00,2026-09-18T06:51:15.515+00:00,2026-09-18T06:51:15.837+00:00,True,6,6.0,,6.0,104774.392665,105096.23484100001,105096.23491900001,17516.03915316667,59.931349000000004,104774.392665,42747.688549462975,78598.44204875,64.36843520000001,4.257166778145672,0.05709053239706821,58,64,,True,True,,23,87.6246207195492
87,2026-09-18T06:49:31.159+00:00,2026-09-18T06:51:17.200+00:00,2026-09-18T06:51:20.270+00:00,True,48,48.0,,48.0,106041.16058400001,109110.69197600002,109110.69188200001,2273.1394142083336,40.558464,106041.16058400001,15296.301745093328,94.92743719999999,65.30917855319149,12.700795149130617,0.4399202234970527,58,64,,True,True,,202,87.6246207195492
88,2026-09-18T06:49:31.587+00:00,2026-09-18T06:51:18.866+00:00,2026-09-18T06:51:20.588+00:00,True,28,28.0,,28.0,107278.300337,109000.73387299999,109000.733719,3892.8833471071425,39.790826,107278.300337,20261.639333824012,91.39101710000001,63.79383466666666,9.418943708220104,0.2568790044351778,58,64,,True,True,,122,87.6246207195492
89,2026-09-18T06:49:31.943+00:00,2026-09-18T06:51:20.208+00:00,2026-09-18T06:51:20.522+00:00,True,6,6.0,,6.0,108264.704734,108579.063006,108579.062862,18096.510477,57.859533000000006,108264.704734,44173.21357607593,81215.94927325001,62.8716544,4.514108248812471,0.05525927221962161,58,64,,True,True,,16,87.6246207195492
90,2026-09-18T06:49:32.321+00:00,2026-09-18T06:51:21.743+00:00,2026-09-18T06:51:24.773+00:00,True,48,48.0,,48.0,109421.938256,112451.884112,112451.884119,2342.7475858125,36.939621,109421.938256,15784.395933430953,96.0771597,64.46693310638298,12.123640663020192,0.42684922870827924,58,64,,True,True,,218,87.6246207195492
91,2026-09-18T06:49:32.704+00:00,2026-09-18T06:51:23.447+00:00,2026-09-18T06:51:28.943+00:00,True,87,87.0,,87.0,110743.207574,116238.904726,116238.904644,1336.079363724138,39.163367,110743.207574,11866.071590035772,90.6727389,63.90345525581396,10.578672781426512,0.7484585320644379,58,64,,True,True,,432,87.6246207195492
92,2026-09-18T06:49:33.142+00:00,2026-09-18T06:51:25.050+00:00,2026-09-18T06:51:31.162+00:00,True,99,99.0,,99.0,111907.984791,118020.12584699999,118020.12581,1192.1224829292928,36.535323,111907.984791,11240.913828239149,93.2229559,62.368786285714286,12.12504579691162,0.8388399799568298,58,64,,True,True,,428,87.6246207195492
93,2026-09-18T06:49:33.484+00:00,2026-09-18T06:51:26.436+00:00,2026-09-18T06:51:29.901+00:00,True,56,56.0,,56.0,112952.10649199999,116416.497148,116416.497261,2078.866022517857,34.387586000000006,112952.10649199999,15085.449136955145,93.47935975,62.98892101818181,13.866340856221194,0.4810314806913263,58,64,,True,True,,265,87.6246207195492
94,2026-09-18T06:49:33.813+00:00,2026-09-18T06:51:27.876+00:00,2026-09-18T06:51:30.465+00:00,True,43,43.0,,43.0,114062.72820999999,116651.31444999999,116651.31464899999,2712.821270906976,37.96127,114062.72820999999,17385.008621667883,93.5618172,61.633005714285716,12.782558187369466,0.3686199354267114,58,64,,True,True,,166,87.6246207195492
95,2026-09-18T06:49:34.238+00:00,2026-09-18T06:51:29.626+00:00,2026-09-18T06:51:35.640+00:00,True,96,96.0,,96.0,115387.89902,121402.349452,121402.349569,1264.6078080104166,33.885767,115387.89902,11770.27409670041,93.88968649999998,63.31000454736842,13.374153935386033,0.7907589962907302,58,64,,True,True,,296,87.6246207195492
96,2026-09-18T06:49:34.566+00:00,2026-09-18T06:51:31.096+00:00,2026-09-18T06:51:31.482+00:00,True,7,7.0,,7.0,116529.897019,116915.930683,116915.93074499999,16702.275820714287,60.050008999999996,116529.897019,44019.843447607294,81591.76256589999,64.338944,4.237561481297469,0.05987208038380543,58,64,,True,True,,7,87.6246207195492
97,2026-09-18T06:49:35.161+00:00,2026-09-18T06:51:31.543+00:00,2026-09-18T06:51:32.817+00:00,True,21,21.0,,21.0,116381.849266,117656.502194,117656.502167,5602.690579380953,41.866223,116381.849266,25382.696548783686,93.063268,63.7326464,11.65847683776536,0.1784856731961467,58,64,,True,True,,90,87.6246207195492
98,2026-09-18T06:49:35.302+00:00,2026-09-18T06:51:34.261+00:00,2026-09-18T06:51:38.017+00:00,True,61,61.0,,61.0,118959.101565,122714.624381,122714.624265,2011.715151885246,36.833051,118959.101565,15223.143096132,92.52124899999998,62.59204693333333,12.420272179428869,0.4970882672517447,58,64,,True,True,,260,87.6246207195492
99,2026-09-18T06:49:35.837+00:00,2026-09-18T06:51:36.338+00:00,2026-09-18T06:51:41.902+00:00,True,92,92.0,,92.0,120500.14715,126064.69217400001,126064.692102,1370.2683924130436,37.55829,120500.14715,12556.637118623412,77.66462399999999,61.14884641758241,9.478429697557514,0.7297840371752747,58,64,,True,True,,318,87.6246207195492
100,2026-09-18T06:49:36.148+00:00,2026-09-18T06:51:37.611+00:00,2026-09-18T06:51:41.026+00:00,True,56,56.0,,56.0,121463.241176,124877.993688,124877.99352599999,2229.9641701071428,39.227807999999996,121463.241176,16222.915070596877,92.29405625,62.08640930909091,10.55923473189516,0.4484376978373993,58,64,,True,True,,224,87.6246207195492
101,2026-09-18T06:49:36.691+00:00,2026-09-18T06:51:39.901+00:00,2026-09-18T06:51:42.628+00:00,True,46,46.0,,46.0,123210.03064900001,125937.17125700001,125937.17116200001,2737.764590478261,36.771332,123210.03064900001,18157.395261861624,82.33172775000001,60.603124622222225,10.13924332288885,0.3652614993719987,58,64,,True,True,,162,87.6246207195492
102,2026-09-18T06:49:37.063+00:00,2026-09-18T06:51:41.394+00:00,2026-09-18T06:51:41.633+00:00,True,5,5.0,,5.0,124330.802493,124569.866813,124569.867011,24913.973402199998,55.041168,124330.802493,55575.69715807801,99477.85848599998,59.76608,5.011201045687417,0.04013811789255445,58,64,,True,True,,27,87.6246207195492
103,2026-09-18T06:49:37.478+00:00,2026-09-18T06:51:43.076+00:00,2026-09-18T06:51:47.897+00:00,True,81,81.0,,81.0,125598.51610400001,130419.19680800001,130419.19679900001,1610.1135407283953,38.068358999999994,125598.51610400001,13948.698252692684,69.74661,60.258508799999994,9.151175759941038,0.6210742128648917,58,64,,True,True,,412,87.6246207195492
104,2026-09-18T06:49:37.949+00:00,2026-09-18T06:51:44.692+00:00,2026-09-18T06:51:44.759+00:00,True,2,2.0,,2.0,126743.666641,126810.65569700001,126810.655706,63405.327853,66.989065,126743.666641,89573.93773217147,120409.8327622,66.989056,nan,0.015771545293313347,58,64,,True,True,,10,87.6246207195492
105,2026-09-18T06:49:38.271+00:00,2026-09-18T06:51:45.748+00:00,2026-09-18T06:51:47.593+00:00,True,32,32.0,,32.0,127476.38729000001,129322.04284200001,129322.04278000002,4041.3138368750006,37.868199,127476.38729000001,22524.33228491106,78.95094645,59.53727587096774,11.030843095461597,0.2474442817076142,58,64,,True,True,,144,87.6246207195492
106,2026-09-18T06:49:38.709+00:00,2026-09-18T06:51:47.593+00:00,2026-09-18T06:51:53.066+00:00,True,89,89.0,,89.0,128883.488699,134356.815035,134356.81525699998,1509.627137719101,37.205421,128883.488699,13655.03295094091,75.8685182,62.196890181818176,9.590312326551242,0.6624152260294013,58,64,,True,True,,422,87.6246207195492
107,2026-09-18T06:49:39.024+00:00,2026-09-18T06:51:48.590+00:00,2026-09-18T06:51:49.772+00:00,True,21,21.0,,21.0,129566.23289,130748.09657,130748.096678,6226.099841809524,40.382694,129566.23289,28260.77625004015,73.99147199999999,59.093184,9.301172460721146,0.16061419287092266,58,64,,True,True,,110,87.6246207195492
108,2026-09-18T06:49:39.538+00:00,2026-09-18T06:51:50.361+00:00,2026-09-18T06:51:55.132+00:00,True,76,76.0,,76.0,130822.68009800001,135593.56777800003,135593.56768600002,1784.1258906052633,34.688806,130822.68009800001,14999.097803950632,90.94566800000001,63.611835733333336,11.029271211374983,0.5604985637993586,58,64,,True,True,,330,87.6246207195492
109,2026-09-18T06:49:39.893+00:00,2026-09-18T06:51:51.614+00:00,2026-09-18T06:51:56.848+00:00,True,85,85.0,,85.0,131721.147126,136955.87455,136955.874449,1611.2455817529412,37.095601,131721.147126,14280.409399821985,87.33822520000001,62.318183619047616,11.252495414492081,0.6206378534640229,58,64,,True,True,,472,87.6246207195492
110,2026-09-18T06:49:40.271+00:00,2026-09-18T06:51:52.934+00:00,2026-09-18T06:51:53.193+00:00,True,5,5.0,,5.0,132662.910063,132922.18814299998,132922.188,26584.437599999997,59.478719,132662.910063,59299.66894172303,106144.10613859998,64.81952,3.927951561129711,0.0376159922572213,58,64,,True,True,,21,87.6246207195492
111,2026-09-18T06:49:40.605+00:00,2026-09-18T06:51:54.270+00:00,2026-09-18T06:51:59.854+00:00,True,94,94.0,,94.0,133664.885419,139248.658347,139248.658171,1481.3687039468084,34.897085,133664.885419,13780.291091534493,70.8160174,60.04056911827957,9.921468259917921,0.6750513873229368,58,64,,True,True,,417,87.6246207195492
112,2026-09-18T06:49:40.992+00:00,2026-09-18T06:51:55.906+00:00,2026-09-18T06:52:00.445+00:00,True,76,76.0,,76.0,134913.811834,139453.58527399998,139453.585212,1834.9155948947368,33.890917,134913.811834,15468.735030307747,67.76024875000002,60.53031253333333,9.298829936694718,0.5449841956424021,58,64,,True,True,,292,87.6246207195492
113,2026-09-18T06:49:41.321+00:00,2026-09-18T06:51:57.360+00:00,2026-09-18T06:51:59.852+00:00,True,42,42.0,,42.0,136039.29646,138530.79521200003,138530.79532600002,3298.352269666667,36.614872000000005,136039.29646,20981.943382006855,69.71762874999999,60.768262243902434,6.4212668625294835,0.30318168560084763,58,64,,True,True,,200,87.6246207195492
114,2026-09-18T06:49:41.794+00:00,2026-09-18T06:51:58.977+00:00,2026-09-18T06:51:59.599+00:00,True,11,11.0,,11.0,137182.54602,137804.75146,137804.75159,12527.70469,55.757676,137182.54602,41343.3338775027,68626.8318385,62.220544,4.046357332377302,0.0798230821757472,58,64,,True,True,,36,87.6246207195492
115,2026-09-18T06:49:42.228+00:00,2026-09-18T06:52:00.604+00:00,2026-09-18T06:52:04.015+00:00,True,56,56.0,,56.0,138375.882377,141787.364489,141787.364379,2531.9172210535717,33.145419000000004,138375.882377,18482.970062589993,91.4732425,62.026947490909095,11.76196027770224,0.39495761982616256,58,64,,True,True,,293,87.6246207195492
116,2026-09-18T06:49:42.605+00:00,2026-09-18T06:52:02.051+00:00,2026-09-18T06:52:03.350+00:00,True,22,22.0,,22.0,139446.038005,140744.692469,140744.69257500002,6397.486026136364,34.752696,139446.038005,29716.81478865071,96.19061260000001,61.84068876190476,15.943464059910877,0.15631140055136114,58,64,,True,True,,92,87.6246207195492
117,2026-09-18T06:49:43.175+00:00,2026-09-18T06:52:04.072+00:00,2026-09-18T06:52:06.531+00:00,True,40,40.0,,40.0,140897.08930000002,143356.21147600003,143356.211306,3583.9052826500006,38.532128,140897.08930000002,22267.818708084378,92.0267901,63.05441476923077,10.884473432997671,0.27902523084391495,58,64,,True,True,,176,87.6246207195492
118,2026-09-18T06:49:43.532+00:00,2026-09-18T06:52:05.258+00:00,2026-09-18T06:52:09.835+00:00,True,75,75.0,,75.0,141725.77302000002,146303.32412400004,146303.32404900002,1950.7109873200002,38.321058,141725.77302000002,16357.942995997095,90.724562,61.8587987027027,10.291784984315944,0.512633601793172,58,64,,True,True,,222,87.6246207195492
119,2026-09-18T06:49:43.925+00:00,2026-09-18T06:52:07.067+00:00,2026-09-18T06:52:11.224+00:00,True,69,69.0,,69.0,143141.371343,147298.758095,147298.757965,2134.764608188406,37.27841,143141.371343,17224.838377642733,74.002364,61.13804047058824,9.220482965917821,0.468435721335129,58,64,,True,True,,250,87.6246207195492
120,2026-09-18T06:49:44.292+00:00,2026-09-18T06:52:08.556+00:00,2026-09-18T06:52:13.032+00:00,True,74,74.0,,74.0,144264.413084,148739.675804,148739.675843,2009.9956195,36.785122,144264.413084,16763.27331687547,72.9900612,61.30496876712329,9.216697578447032,0.49751352219909806,58,64,,True,True,,298,87.6246207195492
121,2026-09-18T06:49:44.711+00:00,2026-09-18T06:52:10.246+00:00,2026-09-18T06:52:12.109+00:00,True,31,31.0,,31.0,145535.56554699998,147398.397419,147398.39743499996,4754.7870140322575,40.350444,145535.56554699998,26127.80803005604,80.416135,62.094395733333336,8.405986559072925,0.21031436259024094,58,64,,True,True,,157,87.6246207195492
122,2026-09-18T06:49:45.263+00:00,2026-09-18T06:52:12.234+00:00,2026-09-18T06:52:18.450+00:00,True,99,99.0,,99.0,146970.852591,153186.348783,153186.348607,1547.3368546161616,37.275290999999996,146970.852591,14764.757268201278,96.31955599999999,63.423430530612244,12.338824603724529,0.6462716866516673,58,64,,True,True,,480,87.6246207195492
123,2026-09-18T06:49:45.768+00:00,2026-09-18T06:52:14.262+00:00,2026-09-18T06:52:15.233+00:00,True,16,16.0,,16.0,148494.168162,149465.01923399998,149465.019233,9341.5637020625,37.79604,148494.168162,37107.36278826627,37190.83764525,64.7234048,11.275683360552497,0.10704845911102893,58,64,,True,True,,70,87.6246207195492
124,2026-09-18T06:49:46.122+00:00,2026-09-18T06:52:15.625+00:00,2026-09-18T06:52:20.762+00:00,True,81,81.0,,81.0,149502.97801499997,154639.25372699997,154639.25389299996,1909.1265912716046,35.828133,149502.97801499997,16604.31343461806,94.231075,64.2034464,13.159434714658437,0.5237997342058914,58,64,,True,True,,361,87.6246207195492
125,2026-09-18T06:49:46.485+00:00,2026-09-18T06:52:17.116+00:00,2026-09-18T06:52:18.570+00:00,True,23,23.0,,23.0,150631.465836,152084.65982,152084.659777,6612.376512043477,39.745526,150631.465836,31395.06166509329,98.5403095,66.054272,14.268813956270368,0.15123155765493823,58,64,,True,True,,104,87.6246207195492
126,2026-09-18T06:49:47.036+00:00,2026-09-18T06:52:19.290+00:00,2026-09-18T06:52:19.725+00:00,True,7,7.0,,7.0,152254.374621,152689.171421,152689.17137999999,21812.738768571427,57.174253,152254.374621,57519.357478683116,106608.25322730001,72.46613333333333,19.06520209462098,0.04584477035833374,58,64,,True,True,,34,87.6246207195492
127,2026-09-18T06:49:47.584+00:00,2026-09-18T06:52:21.399+00:00,2026-09-18T06:52:24.745+00:00,True,54,54.0,,54.0,153815.024461,157160.40174099998,157160.401616,2910.3778077037036,35.243775,153815.024461,20922.9874786877,96.56841915000001,63.12032603773585,12.169206342293919,0.3435980017981367,58,64,,True,True,,266,87.6246207195492
128,2026-09-18T06:49:48.028+00:00,2026-09-18T06:52:22.918+00:00,2026-09-18T06:52:26.104+00:00,True,51,51.0,,51.0,154889.26944,158075.8448,158075.84468100002,3099.526366294118,34.158787,154889.26944,21679.91505175327,94.5652435,63.7315072,12.128667274709022,0.32262993795494804,58,64,,True,True,,247,87.6246207195492
129,2026-09-18T06:49:48.787+00:00,2026-09-18T06:52:23.511+00:00,2026-09-18T06:52:25.856+00:00,True,38,38.0,,38.0,154723.957754,157068.829434,157068.829453,4133.390248763158,40.290614999999995,154723.957754,25089.26172795155,92.77034425,63.37491027027027,10.618299290137633,0.2419321525278669,58,64,,True,True,,151,87.6246207195492
130,2026-09-18T06:49:49.033+00:00,2026-09-18T06:52:26.537+00:00,2026-09-18T06:52:26.537+00:00,True,1,1.0,,1.0,157503.662438,157503.662438,157503.662438,157503.662438,157503.662438,157503.662438,nan,157503.662438,nan,nan,0.006349058710895956,58,64,,True,True,,4,87.6246207195492
131,2026-09-18T06:49:49.484+00:00,2026-09-18T06:52:28.352+00:00,2026-09-18T06:52:30.276+00:00,True,32,32.0,,32.0,158868.32246599998,160792.088994,160792.088929,5024.75277903125,38.075179,158868.32246599998,28073.248734778357,85.47839375,62.056984774193545,10.582459759196526,0.19901476621274627,58,64,,True,True,,96,87.6246207195492
132,2026-09-18T06:49:49.976+00:00,2026-09-18T06:52:30.213+00:00,2026-09-18T06:52:34.306+00:00,True,65,65.0,,65.0,160236.331766,164329.29304599998,164329.293136,2528.142971323077,36.365992,160236.331766,19866.942420942898,96.4268842,63.95252,12.502996485113362,0.3955472502507805,58,64,,True,True,,234,87.6246207195492
133,2026-09-18T06:49:50.497+00:00,2026-09-18T06:52:32.439+00:00,2026-09-18T06:52:34.059+00:00,True,26,26.0,,26.0,161942.01562599998,163561.70868199997,163561.70876699997,6290.834952576923,35.845403,161942.01562599998,31746.740583180253,107.5290725,64.78772224000001,16.82580777556184,0.15896141101429637,58,64,,True,True,,116,87.6246207195492
134,2026-09-18T06:49:51.053+00:00,2026-09-18T06:52:34.662+00:00,2026-09-18T06:52:40.178+00:00,True,88,88.0,,88.0,163608.846498,169124.469666,169124.469529,1921.8689719204544,38.134069000000004,163608.846498,17434.009412757114,97.2291907,63.397967448275864,14.573187004984177,0.5203268348677703,58,64,,True,True,,348,87.6246207195492
135,2026-09-18T06:49:51.624+00:00,2026-09-18T06:52:36.849+00:00,2026-09-18T06:52:40.984+00:00,True,67,67.0,,67.0,165224.663855,169359.79294299998,169359.79308899998,2527.75810580597,35.847671999999996,165224.663855,20177.754886806502,90.3976283,62.65347103030303,12.559715867432132,0.3956074746888102,58,64,,True,True,,274,87.6246207195492
136,2026-09-18T06:49:52.079+00:00,2026-09-18T06:52:38.405+00:00,2026-09-18T06:52:40.920+00:00,True,42,42.0,,42.0,166326.465944,168841.527704,168841.527676,4020.036373238095,38.686617,166326.465944,25655.267339782156,75.43637705,61.34296975609756,9.951257070886353,0.24875396812110803,58,64,,True,True,,253,87.6246207195492
137,2026-09-18T06:49:52.427+00:00,2026-09-18T06:52:39.968+00:00,2026-09-18T06:52:44.752+00:00,True,77,77.0,,77.0,167541.04574399997,172324.94078399998,172324.94089799997,2237.9862454285712,39.210377,167541.04574399997,19085.903728255824,90.504236,62.94598736842106,10.656407064051471,0.44683027105470097,58,64,,True,True,,381,87.6246207195492
138,2026-09-18T06:49:52.980+00:00,2026-09-18T06:52:42.170+00:00,2026-09-18T06:52:47.921+00:00,True,92,92.0,,92.0,169189.95048,174940.517904,174940.518062,1901.5273702391305,38.801137000000004,169189.95048,17632.687745550666,91.24984225,63.19304861538462,12.500183016545508,0.525893035543005,58,64,,True,True,,349,87.6246207195492
139,2026-09-18T06:49:53.398+00:00,2026-09-18T06:52:43.820+00:00,2026-09-18T06:52:44.749+00:00,True,16,16.0,,16.0,170422.386975,171351.396639,171351.396704,10709.462294,36.338573,170422.386975,42590.115244353656,42680.08638750001,61.9339776,13.49714842141675,0.09337536964293619,58,64,,True,True,,61,87.6246207195492
140,2026-09-18T06:49:53.939+00:00,2026-09-18T06:52:45.664+00:00,2026-09-18T06:52:48.614+00:00,True,47,47.0,,47.0,171725.055097,174675.726713,174675.726757,3716.5048246170213,36.268463000000004,171725.055097,25039.321648318917,94.0729132,64.14503513043478,15.11307014782061,0.26907001267109704,58,64,,True,True,,157,87.6246207195492
141,2026-09-18T06:49:54.333+00:00,2026-09-18T06:52:47.321+00:00,2026-09-18T06:52:50.088+00:00,True,45,45.0,,45.0,172987.332246,175755.07983,175755.079701,3905.6684378,37.020341,172987.332246,25778.054707482643,86.3206676,62.90335418181818,12.245039513288512,0.25603811874755755,58,64,,True,True,,170,87.6246207195492
142,2026-09-18T06:49:54.902+00:00,2026-09-18T06:52:49.493+00:00,2026-09-18T06:52:53.021+00:00,True,57,57.0,,57.0,174591.063602,178118.70341000002,178118.703393,3124.8895332105267,40.095705,174591.063602,23116.81043148053,91.5263108,62.993568,11.549878150269558,0.3200113121685787,58,64,,True,True,,291,87.6246207195492
143,2026-09-18T06:49:55.323+00:00,2026-09-18T06:52:51.159+00:00,2026-09-18T06:52:51.446+00:00,True,5,5.0,,5.0,175836.034827,176123.316747,176123.31689,35224.663378,54.588817000000006,175836.034827,78604.14896976858,140690.26581779998,71.82048,23.91032594478182,0.02838919963778826,58,64,,True,True,,27,87.6246207195492
144,2026-09-18T06:49:55.770+00:00,2026-09-18T06:52:52.861+00:00,2026-09-18T06:52:53.369+00:00,True,9,9.0,,9.0,177091.128023,177599.116759,177599.116964,19733.23521822222,40.455874,177091.128023,59009.211437229525,106292.05633220001,63.498592,14.852108896023083,0.05067592769739333,58,64,,True,True,,32,87.6246207195492
145,2026-09-18T06:49:56.327+00:00,2026-09-18T06:52:55.101+00:00,2026-09-18T06:52:58.759+00:00,True,58,58.0,,58.0,178773.383417,182431.512569,182431.512664,3145.370908,38.071858999999996,178773.383417,23465.671380989992,95.8540656,64.17770442105264,12.09005074033908,0.3179275289846813,58,64,,True,True,,310,87.6246207195492
146,2026-09-18T06:49:56.743+00:00,2026-09-18T06:52:56.623+00:00,2026-09-18T06:53:02.336+00:00,True,92,92.0,,92.0,179880.32249000002,185593.12607400003,185593.126079,2017.3165878152176,32.606799,179880.32249000002,18747.278600547186,90.84991375,62.77806136263737,11.753163786303702,0.49570801433301787,58,64,,True,True,,362,87.6246207195492
147,2026-09-18T06:49:57.114+00:00,2026-09-18T06:52:57.909+00:00,2026-09-18T06:52:59.613+00:00,True,28,28.0,,28.0,180795.350842,182499.667514,182499.66750900002,6517.845268178572,40.430594,180795.350842,34155.18273153113,100.41902449999999,63.122839703703704,12.132924833359663,0.15342493705010202,58,64,,True,True,,135,87.6246207195492
148,2026-09-18T06:49:57.613+00:00,2026-09-18T06:52:59.949+00:00,2026-09-18T06:53:05.267+00:00,True,88,88.0,,88.0,182335.611863,187654.092503,187654.09262799998,2132.4328707727273,38.235299,182335.611863,19430.526023834438,70.0334045,61.13196137931035,6.810398492754521,0.46894793940394963,58,64,,True,True,,414,87.6246207195492
149,2026-09-18T06:49:58.150+00:00,2026-09-18T06:53:01.985+00:00,2026-09-18T06:53:07.317+00:00,True,90,90.0,,90.0,183834.372561,189166.612433,189166.61246099998,2101.8512495666664,38.266798,183834.372561,19371.530401784326,67.18637105,59.9128075505618,7.534724947179557,0.47577106151264753,58,64,,True,True,,443,87.6246207195492
150,2026-09-18T06:49:58.700+00:00,2026-09-18T06:53:04.477+00:00,2026-09-18T06:53:09.722+00:00,True,89,89.0,,89.0,185776.38807100002,191021.87773500002,191021.87774300002,2146.313233067416,32.827428,185776.38807100002,19685.942380999604,70.05601060000001,59.60783709090909,11.017558517740182,0.46591521900683824,58,64,,True,True,,366,87.6246207195492
151,2026-09-18T06:49:59.208+00:00,2026-09-18T06:53:06.098+00:00,2026-09-18T06:53:08.311+00:00,True,39,39.0,,39.0,186890.140058,189103.66709799998,189103.667203,4848.811979564102,38.196188,186890.140058,29917.04726685862,70.1264941,58.25071157894737,10.38302025446008,0.20623608520393666,58,64,,True,True,,245,87.6246207195492
152,2026-09-18T06:49:59.593+00:00,2026-09-18T06:53:07.512+00:00,2026-09-18T06:53:10.892+00:00,True,58,58.0,,58.0,187919.461416,191298.79428,191298.79437400002,3298.2550754137933,35.669463,187919.461416,24667.251419392007,69.6048692,59.28654147368422,9.972356968423366,0.3031906197751912,58,64,,True,True,,290,87.6246207195492
153,2026-09-18T06:49:59.995+00:00,2026-09-18T06:53:09.316+00:00,2026-09-18T06:53:09.850+00:00,True,10,10.0,,10.0,189320.97502900002,189855.32843700002,189855.328501,18985.532850100004,40.101565,189320.97502900002,59849.774265659704,104156.43400315002,59.37260088888889,8.521885963234613,0.052671684710278305,58,64,,True,True,,51,87.6246207195492
154,2026-09-18T06:50:00.400+00:00,2026-09-18T06:53:10.960+00:00,2026-09-18T06:53:11.924+00:00,True,17,17.0,,17.0,190560.31432499998,191523.769557,191523.769545,11266.104090882352,37.66398,190560.31432499998,46203.06123484269,38167.710224999995,60.215952,8.914785899126462,0.08876182856739658,58,64,,True,True,,77,87.6246207195492
155,2026-09-18T06:50:00.859+00:00,2026-09-18T06:53:12.393+00:00,2026-09-18T06:53:14.095+00:00,True,28,28.0,,28.0,191534.424815,193236.196591,193236.19670600002,6901.292739500001,39.308367,191534.424815,36184.69437431456,93.71751474999999,63.0285842962963,11.265771195292698,0.144900388715807,58,64,,True,True,,124,87.6246207195492
156,2026-09-18T06:50:01.350+00:00,2026-09-18T06:53:14.218+00:00,2026-09-18T06:53:19.114+00:00,True,78,78.0,,78.0,192868.407511,197764.478679,197764.478735,2535.4420350641026,37.104431,192868.407511,21830.85119088173,92.44915800000001,63.58533984415584,13.250909028699919,0.39440854354135635,58,64,,True,True,,308,87.6246207195492
157,2026-09-18T06:50:02.653+00:00,2026-09-18T06:53:16.803+00:00,2026-09-18T06:53:18.400+00:00,True,25,25.0,,25.0,194150.433866,195746.87802600002,195746.877924,7829.87511696,38.061439,194150.433866,38816.785406409865,97.2529248,66.51850666666667,13.749552113968976,0.12771595773128694,58,64,,True,True,,97,87.6246207195492
159,2026-09-18T06:50:02.724+00:00,2026-09-18T06:53:18.991+00:00,2026-09-18T06:53:24.159+00:00,True,84,84.0,,84.0,196266.90035100002,201435.167359,201435.16722600002,2398.0377050714287,35.000555,196266.90035100002,21407.68500433013,97.18087954999999,62.26827720481928,14.075125548026483,0.41700762136680064,58,64,,True,True,,480,87.6246207195492
158,2026-09-18T06:50:02.678+00:00,2026-09-18T06:53:19.113+00:00,2026-09-18T06:53:21.562+00:00,True,41,41.0,,41.0,196434.667869,198883.865693,198883.865633,4850.82599104878,34.198055999999994,196434.667869,30668.38056528472,87.581027,61.2299456,11.299503055901914,0.2061504579928479,58,64,,True,True,,138,87.6246207195492
160,2026-09-18T06:50:03.058+00:00,2026-09-18T06:53:21.277+00:00,2026-09-18T06:53:26.759+00:00,True,88,88.0,,88.0,198218.514717,203700.936733,203700.93651600002,2314.7833695,35.542493,198218.514717,21123.45137442538,94.95414140000001,63.01634501149426,13.51338870534992,0.43200586806994196,58,64,,True,True,,407,87.6246207195492
161,2026-09-18T06:50:03.572+00:00,2026-09-18T06:53:23.138+00:00,2026-09-18T06:53:28.076+00:00,True,79,79.0,,79.0,199565.5619,204503.194668,204503.194846,2588.6480360253163,35.609593000000004,199565.5619,22445.76118116965,93.5398349,63.302984205128205,12.452777441806992,0.3863020337078463,58,64,,True,True,,378,87.6246207195492
162,2026-09-18T06:50:04.100+00:00,2026-09-18T06:53:25.609+00:00,2026-09-18T06:53:27.719+00:00,True,34,34.0,,34.0,201508.981497,203618.574585,203618.574786,5988.781611352942,36.531562,201508.981497,34547.544208164916,92.2417919,63.927063272727274,13.049446216943975,0.16697887247907628,58,64,,True,True,,151,87.6246207195492
163,2026-09-18T06:50:04.547+00:00,2026-09-18T06:53:27.177+00:00,2026-09-18T06:53:31.818+00:00,True,76,76.0,,76.0,202629.774232,207271.184024,207271.183902,2727.252419763158,38.292498,202629.774232,23236.13277938308,89.33526775,61.88546389333333,10.518544459713764,0.36666939670301657,58,64,,True,True,,384,87.6246207195492
164,2026-09-18T06:50:04.898+00:00,2026-09-18T06:53:28.198+00:00,2026-09-18T06:53:28.323+00:00,True,3,3.0,,3.0,203300.020002,203424.74064200002,203424.740799,67808.246933,62.257023999999994,203300.020002,117339.31748159579,182976.26437909997,62.36032,0.14626362347487498,0.014747468722497199,58,64,,True,True,,11,87.6246207195492
165,2026-09-18T06:50:05.471+00:00,2026-09-18T06:53:30.602+00:00,2026-09-18T06:53:35.463+00:00,True,78,78.0,,78.0,205130.97741800002,209992.80909800003,209992.80898600002,2692.2154998205133,35.589363,205130.97741800002,23219.363136556807,90.7014769,63.14067116883117,11.7559531661368,0.3714412904662785,58,64,,True,True,,399,87.6246207195492
166,2026-09-18T06:50:05.817+00:00,2026-09-18T06:53:32.172+00:00,2026-09-18T06:53:34.475+00:00,True,38,38.0,,38.0,206354.155455,208657.474495,208657.474352,5490.986167157895,37.43462,206354.155455,33464.96783089532,91.8004271,62.25186594594595,11.910595741597316,0.18211664878993147,58,64,,True,True,,186,87.6246207195492
167,2026-09-18T06:50:06.365+00:00,2026-09-18T06:53:34.284+00:00,2026-09-18T06:53:38.008+00:00,True,60,60.0,,60.0,207918.67959,211643.55306200002,211643.553221,3527.3925536833335,35.273314,207918.67959,26834.03864901665,92.67034539999999,63.1334486779661,12.858563706751188,0.2834955241108775,58,64,,True,True,,337,87.6246207195492
168,2026-09-18T06:50:06.835+00:00,2026-09-18T06:53:35.825+00:00,2026-09-18T06:53:36.996+00:00,True,19,19.0,,19.0,208990.369016,210160.59058400002,210160.59054,11061.08371263158,35.708554,208990.369016,47930.766704900394,20983.4530811,65.01230933333333,16.466344596691233,0.09040705465854601,58,64,,True,True,,57,87.6246207195492
169,2026-09-18T06:50:07.382+00:00,2026-09-18T06:53:38.386+00:00,2026-09-18T06:53:40.865+00:00,True,41,41.0,,41.0,211004.006132,213482.535412,213482.53533100002,5206.891105634147,36.902371,211004.006132,32943.61394331992,88.75193399999998,61.963232,10.276761508017191,0.19205318093526522,58,64,,True,True,,193,87.6246207195492
170,2026-09-18T06:50:07.784+00:00,2026-09-18T06:53:39.809+00:00,2026-09-18T06:53:42.773+00:00,True,49,49.0,,49.0,212025.137345,214989.404353,214989.404408,4387.538865469388,34.760684999999995,212025.137345,30280.485709398632,91.95042600000001,61.75556266666666,12.675661295111414,0.22791820902738477,58,64,,True,True,,211,87.6246207195492
171,2026-09-18T06:50:08.224+00:00,2026-09-18T06:53:41.389+00:00,2026-09-18T06:53:45.514+00:00,True,67,67.0,,67.0,213164.432526,217290.203022,217290.203009,3243.1373583432833,36.352612,213164.432526,26034.545646209655,92.252573,62.51167418181818,11.227936335612162,0.3083434000621576,58,64,,True,True,,313,87.6246207195492
172,2026-09-18T06:50:08.662+00:00,2026-09-18T06:53:43.120+00:00,2026-09-18T06:53:45.198+00:00,True,34,34.0,,34.0,214458.531979,216536.603787,216536.603867,6368.723643147058,39.477387,214458.531979,36768.536574549165,91.15595940000001,62.97187296969697,10.140418346773618,0.15701733289141587,58,64,,True,True,,149,87.6246207195492
173,2026-09-18T06:50:09.040+00:00,2026-09-18T06:53:44.213+00:00,2026-09-18T06:53:49.707+00:00,True,86,86.0,,86.0,215173.439545,220667.413561,220667.413552,2565.9001575813954,0.02077,215173.439545,23195.789539965524,92.72678475000001,64.6349884235294,22.31141164077699,0.3897267775616841,58,64,,True,True,,415,87.6246207195492
174,2026-09-18T06:50:09.569+00:00,2026-09-18T06:53:46.382+00:00,2026-09-18T06:53:51.907+00:00,True,88,88.0,,88.0,216813.319109,222338.760389,222338.760408,2526.576822818182,0.01889,216813.319109,23105.624702122972,89.8471062,63.51081931034483,28.605293959800132,0.39579243783691487,58,64,,True,True,,330,87.6246207195492
175,2026-09-18T06:50:10.090+00:00,2026-09-18T06:53:48.962+00:00,2026-09-18T06:53:49.398+00:00,True,9,9.0,,9.0,218871.782362,219307.988954,219307.989057,24367.554339666665,0.028,218871.782362,72939.08849251733,131350.9242492,54.525824,22.30494446542731,0.041038176688983984,58,64,,True,True,,42,87.6246207195492
176,2026-09-18T06:50:10.451+00:00,2026-09-18T06:53:50.154+00:00,2026-09-18T06:53:52.191+00:00,True,34,34.0,,34.0,219702.828011,221739.743211,221739.743156,6521.757151647059,33.979427,219702.828011,37668.14098834486,94.9154061,61.72470303030303,14.024294397312651,0.15333290959774748,58,64,,True,True,,159,87.6246207195492
177,2026-09-18T06:50:10.909+00:00,2026-09-18T06:53:51.737+00:00,2026-09-18T06:53:56.125+00:00,True,71,71.0,,71.0,220827.73049900003,225216.47571500004,225216.47556900003,3172.063036183099,35.011364,220827.73049900003,26199.991905331182,89.60109250000001,62.69636022857143,11.703091254213872,0.3152522468642431,58,64,,True,True,,384,87.6246207195492
178,2026-09-18T06:50:11.330+00:00,2026-09-18T06:53:53.500+00:00,2026-09-18T06:53:59.127+00:00,True,91,91.0,,91.0,222170.34247,227797.094726,227797.094596,2503.2647757802197,34.517625,222170.34247,23283.228433102995,74.4077255,62.51946951111111,10.029326509861557,0.3994783169182076,58,64,,True,True,,353,87.6246207195492
179,2026-09-18T06:50:11.764+00:00,2026-09-18T06:53:55.051+00:00,2026-09-18T06:53:58.029+00:00,True,48,48.0,,48.0,223287.741896,226265.06106399998,226265.061132,4713.855440249999,56.544984,223287.741896,32219.66648566202,68.55257454999999,63.347216340425526,5.1085372006335215,0.2121405743082137,58,64,,True,True,,234,87.6246207195492
180,2026-09-18T06:50:12.180+00:00,2026-09-18T06:53:56.558+00:00,2026-09-18T06:53:57.061+00:00,True,9,9.0,,9.0,224378.421193,224880.75412099998,224880.754043,24986.75044922222,57.222953000000004,224378.421193,74771.87660323927,134654.112949,62.791616,3.5640294932985213,0.040021210508558835,58,64,,True,True,,39,87.6246207195492
181,2026-09-18T06:50:12.501+00:00,2026-09-18T06:53:57.812+00:00,2026-09-18T06:54:01.944+00:00,True,67,67.0,,67.0,225311.19530700002,229443.04503500002,229443.04500200003,3424.5230597313434,33.764686999999995,225311.19530700002,27518.49727784066,87.80976439999999,62.603783757575755,10.596670952444626,0.2920114662433093,58,64,,True,True,,410,87.6246207195492
182,2026-09-18T06:50:12.932+00:00,2026-09-18T06:53:59.379+00:00,2026-09-18T06:54:03.361+00:00,True,64,64.0,,64.0,226446.597369,230428.839673,230428.839854,3600.45062271875,36.045853,226446.597369,28297.924992547043,86.51809275,63.2101953015873,9.580974456345237,0.2777430120761879,58,64,,True,True,,325,87.6246207195492
183,2026-09-18T06:50:13.279+00:00,2026-09-18T06:54:00.840+00:00,2026-09-18T06:54:04.619+00:00,True,62,62.0,,62.0,227560.697093,231339.349509,231339.3494,3731.279829032258,36.604831,227560.697093,28892.372276573835,77.50907755,61.94512157377049,10.519358293447455,0.2680045575108179,58,64,,True,True,,290,87.6246207195492
184,2026-09-18T06:50:13.735+00:00,2026-09-18T06:54:02.737+00:00,2026-09-18T06:54:05.220+00:00,True,42,42.0,,42.0,229002.018674,231484.528242,231484.52834599998,5511.536389190476,36.96685,229002.018674,35326.436565844415,66.6186505,60.549013853658536,7.856989566307549,0.18143761191716493,58,64,,True,True,,155,87.6246207195492
185,2026-09-18T06:50:14.162+00:00,2026-09-18T06:54:03.990+00:00,2026-09-18T06:54:06.557+00:00,True,43,43.0,,43.0,229828.329055,232394.79203100002,232394.79198,5404.530046046511,38.377279,229828.329055,35039.1736267839,68.25286410000001,61.106261333333336,6.784945899098719,0.18502996398587138,58,64,,True,True,,158,87.6246207195492
186,2026-09-18T06:50:14.671+00:00,2026-09-18T06:54:05.944+00:00,2026-09-18T06:54:09.181+00:00,True,50,50.0,,50.0,231272.909877,234510.54085299998,234510.540995,4690.2108199,35.759432999999994,231272.909877,32697.587620061942,99.68148955000001,66.0741015510204,14.91826865362655,0.21321003234281857,58,64,,True,True,,231,87.6246207195492
187,2026-09-18T06:50:15.098+00:00,2026-09-18T06:54:07.697+00:00,2026-09-18T06:54:10.455+00:00,True,46,46.0,,46.0,232599.30262099998,235357.247197,235357.24698799997,5116.461891043477,34.937455,232599.30262099998,34285.86245679229,85.98139175,61.287657244444446,13.631116624073794,0.19544756130452542,58,64,,True,True,,236,87.6246207195492
188,2026-09-18T06:50:15.482+00:00,2026-09-18T06:54:09.032+00:00,2026-09-18T06:54:10.956+00:00,True,33,33.0,,33.0,233549.339042,235473.154978,235473.15507100002,7135.550153666667,34.44853500000001,233549.339042,40645.25711377403,75.0162596,60.119248,9.349036608877991,0.14014336370140856,58,64,,True,True,,107,87.6246207195492
189,2026-09-18T06:50:15.952+00:00,2026-09-18T06:54:10.959+00:00,2026-09-18T06:54:14.428+00:00,True,56,56.0,,56.0,235006.90562099998,238475.824661,238475.824795,4258.4968713392855,35.135054,235006.90562099998,31395.69282610783,89.3836075,63.07125527272727,12.260174935071179,0.23482464136398545,58,64,,True,True,,293,87.6246207195492
190,2026-09-18T06:50:17.255+00:00,2026-09-18T06:54:13.578+00:00,2026-09-18T06:54:15.231+00:00,True,28,28.0,,28.0,236322.30208199998,237975.29382599998,237975.29377699998,8499.117634892857,43.14671,236322.30208199998,44649.147810459865,72.6125958,61.221916444444446,6.681681705726977,0.11765927273304562,58,64,,True,True,,125,87.6246207195492
191,2026-09-18T06:50:17.346+00:00,2026-09-18T06:54:15.666+00:00,2026-09-18T06:54:18.692+00:00,True,48,48.0,,48.0,238320.555148,241346.666636,241346.66660300002,5028.055554229167,38.067639,238320.555148,34389.31813358137,100.86509464999999,64.38535080851064,12.409490708029054,0.1988840395810968,58,64,,True,True,,215,87.6246207195492
192,2026-09-18T06:50:17.397+00:00,2026-09-18T06:54:16.266+00:00,2026-09-18T06:54:18.880+00:00,True,41,41.0,,41.0,238868.654921,241482.60052100001,241482.60042600002,5889.819522585366,39.240736,238868.654921,37294.81289340866,102.908198,65.34864,12.972370019957815,0.1697844892822186,58,64,,True,True,,157,87.6246207195492
193,2026-09-18T06:50:17.737+00:00,2026-09-18T06:54:18.200+00:00,2026-09-18T06:54:21.365+00:00,True,51,51.0,,51.0,240462.526167,243628.138199,243628.13831100002,4777.02231982353,35.627432999999996,240462.526167,33662.62419856388,82.87502,63.31224064,8.497928452771731,0.20933542560811366,58,64,,True,True,,222,87.6246207195492
194,2026-09-18T06:50:18.091+00:00,2026-09-18T06:54:19.660+00:00,2026-09-18T06:54:25.041+00:00,True,87,87.0,,87.0,241569.171336,246950.79412,246950.794051,2838.5148741494254,37.41345,241569.171336,25892.226677200266,76.70578230000001,62.57700911627907,10.171693064800971,0.3522969031544169,58,64,,True,True,,373,87.6246207195492
195,2026-09-18T06:50:18.425+00:00,2026-09-18T06:54:20.951+00:00,2026-09-18T06:54:23.736+00:00,True,46,46.0,,46.0,242526.47375499998,245310.576667,245310.57667299997,5332.838623326086,37.27607,242526.47375499998,35749.457360625056,92.88443074999999,61.868953600000005,11.248732516840542,0.1875173937666915,58,64,,True,True,,309,87.6246207195492
196,2026-09-18T06:50:18.965+00:00,2026-09-18T06:54:23.311+00:00,2026-09-18T06:54:27.690+00:00,True,71,71.0,,71.0,244345.661225,248724.73322499997,248724.733456,3503.165259943662,38.194489000000004,244345.661225,28991.07245121721,86.598933,62.55817142857143,10.405057459501064,0.28545613087771365,58,64,,True,True,,309,87.6246207195492
197,2026-09-18T06:50:19.282+00:00,2026-09-18T06:54:24.565+00:00,2026-09-18T06:54:24.816+00:00,True,5,5.0,,5.0,245282.618512,245533.462928,245533.46289199998,49106.6925784,56.693064,245282.618512,109665.67657617535,196239.88818,62.711104,5.18849737609853,0.020363823082909866,58,64,,True,True,,14,87.6246207195492
198,2026-09-18T06:50:19.706+00:00,2026-09-18T06:54:26.193+00:00,2026-09-18T06:54:31.079+00:00,True,78,78.0,,78.0,246486.194126,251372.63355,251372.633568,3222.7260713846154,39.162476000000005,246486.194126,27901.88310069622,95.03647350000001,63.460252259740265,12.74956778040001,0.3102963075114745,58,64,,True,True,,360,87.6246207195492
199,2026-09-18T06:50:20.253+00:00,2026-09-18T06:54:28.032+00:00,2026-09-18T06:54:30.343+00:00,True,37,37.0,,37.0,247779.093231,250089.864943,250089.864945,6759.185539054054,39.324467,247779.093231,40724.08185928442,98.3451462,64.18810311111112,13.928682999439848,0.14794681907014892,58,64,,True,True,,142,87.6246207195492
200,2026-09-18T06:50:20.824+00:00,2026-09-18T06:54:30.470+00:00,2026-09-18T06:54:31.535+00:00,True,18,18.0,,18.0,249645.56552,250711.01345600002,250711.013556,13928.389642,43.536799,249645.56552,58827.252317197795,37512.68517375,62.673408,7.840319659638375,0.07179580885527796,58,64,,True,True,,79,87.6246207195492
201,2026-09-18T06:50:21.344+00:00,2026-09-18T06:54:32.018+00:00,2026-09-18T06:54:33.353+00:00,True,22,22.0,,22.0,250673.884861,252008.743101,252008.743282,11454.942876454545,35.554483,250673.884861,53430.301266651855,96.88307535,63.564678095238094,12.883804360904934,0.08729855849161093,58,64,,True,True,,92,87.6246207195492
202,2026-09-18T06:50:21.663+00:00,2026-09-18T06:54:33.348+00:00,2026-09-18T06:54:34.638+00:00,True,22,22.0,,22.0,251684.28631,252974.535014,252974.535165,11498.8425075,42.807019999999994,251684.28631,53646.171946415816,95.13687780000002,61.440414476190476,10.353918455415764,0.08696527497829964,58,64,,True,True,,88,87.6246207195492
203,2026-09-18T06:50:22.101+00:00,2026-09-18T06:54:35.195+00:00,2026-09-18T06:54:36.465+00:00,True,22,22.0,,22.0,253093.5135,254363.4015,254363.401523,11561.9727965,42.434101000000005,253093.5135,53946.82649815753,78.23555144999999,60.47085714285714,7.859746128732774,0.08649043011008799,58,64,,True,True,,116,87.6246207195492
204,2026-09-18T06:50:22.549+00:00,2026-09-18T06:54:37.056+00:00,2026-09-18T06:54:39.818+00:00,True,45,45.0,,45.0,254507.239321,257269.301657,257269.301569,5717.095590422222,35.540023,254507.239321,37930.34331192441,94.44038540000001,62.774144,12.258949491448877,0.1749139897771227,58,64,,True,True,,163,87.6246207195492
205,2026-09-18T06:50:23.110+00:00,2026-09-18T06:54:38.921+00:00,2026-09-18T06:54:41.700+00:00,True,45,45.0,,45.0,255811.501223,258590.757031,258590.75707,5746.461268222222,34.683715,255811.501223,38124.71258882089,95.66838320000001,63.16490472727273,11.101580202882822,0.17402014100065213,58,64,,True,True,,248,87.6246207195492
206,2026-09-18T06:50:23.636+00:00,2026-09-18T06:54:40.828+00:00,2026-09-18T06:54:46.524+00:00,True,94,94.0,,94.0,257191.37372499998,262887.745181,262887.74514199997,2796.6781398085104,37.01491,257191.37372499998,26520.9480823154,68.7410548,61.25130597849462,7.139559741870403,0.35756706702048957,58,64,,True,True,,405,87.6246207195492
207,2026-09-18T06:50:24.164+00:00,2026-09-18T06:54:42.767+00:00,2026-09-18T06:54:44.678+00:00,True,32,32.0,,32.0,258602.25884,260513.229208,260513.229352,8141.03841725,39.886995000000006,258602.25884,45703.95599395173,73.28625674999999,61.64420541935484,7.139882343255696,0.12283445296534418,58,64,,True,True,,96,87.6246207195492
208,2026-09-18T06:50:24.674+00:00,2026-09-18T06:54:44.805+00:00,2026-09-18T06:54:44.864+00:00,True,2,2.0,,2.0,260131.150383,260190.550575,260190.550492,130095.275246,59.40010899999999,260131.150383,183898.49821379976,247127.5628693,59.400192,nan,0.007686674230021661,58,64,,True,True,,10,87.6246207195492
209,2026-09-18T06:50:25.186+00:00,2026-09-18T06:54:46.149+00:00,2026-09-18T06:54:51.379+00:00,True,88,88.0,,88.0,260962.11753400002,266192.13942200004,266192.139503,3024.9106761704547,35.114184,260962.11753400002,27812.248811335405,79.76459944999999,60.115194114942526,10.37448488302652,0.330588274285935,58,64,,True,True,,338,87.6246207195492
210,2026-09-18T06:50:25.559+00:00,2026-09-18T06:54:47.556+00:00,2026-09-18T06:54:48.440+00:00,True,16,16.0,,16.0,261997.052267,262881.451883,262881.451811,16430.0907381875,36.655841,261997.052267,65484.523573453305,65550.73695574999,58.9599744,8.368772423435084,0.06086393652117032,58,64,,True,True,,37,87.6246207195492
211,2026-09-18T06:50:26.038+00:00,2026-09-18T06:54:49.552+00:00,2026-09-18T06:54:55.513+00:00,True,100,100.0,,100.0,263514.602032,269475.23768,269475.23768300004,2694.7523768300002,37.57279,263514.602032,26345.441491572357,73.23202239999999,60.20844088888889,10.65400711137395,0.37109161072064556,58,64,,True,True,,448,87.6246207195492
212,2026-09-18T06:50:26.595+00:00,2026-09-18T06:54:51.542+00:00,2026-09-18T06:54:54.429+00:00,True,49,49.0,,49.0,264946.947065,267834.138873,267834.13892,5466.002835102041,36.718192,264946.947065,37840.9720032933,68.9561966,60.14982933333334,8.657682352537831,0.1829490452792298,58,64,,True,True,,309,87.6246207195492
213,2026-09-18T06:50:27.111+00:00,2026-09-18T06:54:53.214+00:00,2026-09-18T06:54:58.762+00:00,True,89,89.0,,89.0,266102.74725799996,271650.762106,271650.76221499994,3052.2557552247185,33.43742700000001,266102.74725799996,28200.154466097632,94.0183274,63.045623272727276,11.926162506122084,0.3276265426609464,58,64,,True,True,,355,87.6246207195492
214,2026-09-18T06:50:27.535+00:00,2026-09-18T06:54:54.880+00:00,2026-09-18T06:55:00.874+00:00,True,95,95.0,,95.0,267345.25587,273338.75475,273338.754815,2877.2500506842102,36.160802000000004,267345.25587,27422.505407584133,94.20243970000001,63.76062638297872,12.015491782390306,0.3475540820652692,58,64,,True,True,,287,87.6246207195492
215,2026-09-18T06:50:27.923+00:00,2026-09-18T06:54:56.421+00:00,2026-09-18T06:54:57.594+00:00,True,18,18.0,,18.0,268498.32714999997,269671.58206199994,269671.58197199996,14981.754553999997,35.036553999999995,268498.32714999997,63269.39732355374,40356.111795849996,69.0149948235294,15.077740754956345,0.06674785627156529,58,64,,True,True,,85,87.6246207195492
216,2026-09-18T06:50:28.330+00:00,2026-09-18T06:54:57.992+00:00,2026-09-18T06:55:01.786+00:00,True,61,61.0,,61.0,269662.35838700004,273456.824947,273456.82486900006,4482.898768344263,37.2398,269662.35838700004,34518.63160568546,92.04529799999999,63.241109333333334,11.231044689438475,0.2230699490196403,58,64,,True,True,,268,87.6246207195492
217,2026-09-18T06:50:28.779+00:00,2026-09-18T06:54:59.954+00:00,2026-09-18T06:55:01.384+00:00,True,24,24.0,,24.0,271175.058585,272604.905369,272604.90515299997,11358.537714708333,44.061987,271175.058585,55340.68748706866,75.78145415,62.167251478260866,5.69546964929327,0.08803950159118899,58,64,,True,True,,126,87.6246207195492
218,2026-09-18T06:50:29.130+00:00,2026-09-18T06:55:01.254+00:00,2026-09-18T06:55:04.992+00:00,True,59,59.0,,59.0,272123.242236,275861.943548,275861.943371,4675.626158830509,36.724661,272123.242236,35419.03937890234,97.08723989999999,64.46036744827586,14.318445485758755,0.2138750972358534,58,64,,True,True,,310,87.6246207195492
219,2026-09-18T06:50:29.701+00:00,2026-09-18T06:55:03.090+00:00,2026-09-18T06:55:03.374+00:00,True,5,5.0,,5.0,273388.800923,273672.722075,273672.72206099995,54734.5444122,51.934373,273388.800923,122231.44623482111,218729.941609,70.980288,17.623574829304523,0.018269997689538638,58,64,,True,True,,14,87.6246207195492
220,2026-09-18T06:50:30.189+00:00,2026-09-18T06:55:04.932+00:00,2026-09-18T06:55:10.630+00:00,True,94,94.0,,94.0,274743.318856,280441.296968,280441.296967,2983.418052840426,37.217510000000004,274743.318856,28331.292321860165,90.5545436,61.268581849462365,10.862448254550234,0.3351860122467125,58,64,,True,True,,346,87.6246207195492
221,2026-09-18T06:50:30.748+00:00,2026-09-18T06:55:07.629+00:00,2026-09-18T06:55:10.277+00:00,True,44,44.0,,44.0,276881.061659,279529.216283,279529.216361,6352.936735477273,34.434155,276881.061659,41732.10837642065,93.59399245,61.584991255813954,13.29654107241833,0.15740751748630694,58,64,,True,True,,201,87.6246207195492
222,2026-09-18T06:50:31.117+00:00,2026-09-18T06:55:08.736+00:00,2026-09-18T06:55:11.262+00:00,True,44,44.0,,44.0,277618.68760299997,280145.32645099994,280145.326494,6366.939238499999,34.167006,277618.68760299997,41843.734763077235,69.55042110000001,58.75904297674418,9.851442539625035,0.15706133868949626,58,64,,True,True,,213,87.6246207195492
223,2026-09-18T06:50:31.525+00:00,2026-09-18T06:55:10.446+00:00,2026-09-18T06:55:13.005+00:00,True,41,41.0,,41.0,278920.442379,281480.013067,281480.013047,6865.3661718780495,37.857149,278920.442379,43550.062558064885,93.050015,63.9892672,10.561355433192416,0.14565865459953942,58,64,,True,True,,163,87.6246207195492
224,2026-09-18T06:50:31.931+00:00,2026-09-18T06:55:11.883+00:00,2026-09-18T06:55:15.783+00:00,True,64,64.0,,64.0,279951.89594099997,283851.94765299995,283851.94755499996,4435.186680546874,34.251315000000005,279951.89594099997,34986.250638540485,88.40794095,61.905582730158734,11.449006511802471,0.22546965250433293,58,64,,True,True,,327,87.6246207195492
225,2026-09-18T06:50:32.278+00:00,2026-09-18T06:55:12.662+00:00,2026-09-18T06:55:13.912+00:00,True,21,21.0,,21.0,280384.16766900005,281634.15550900006,281634.155664,13411.150269714288,38.283668,280384.16766900005,61171.20450608764,95.56136999999998,62.499392,13.753985934162511,0.07456481960452029,58,64,,True,True,,93,87.6246207195492
226,2026-09-18T06:50:32.695+00:00,2026-09-18T06:55:14.013+00:00,2026-09-18T06:55:15.180+00:00,True,19,19.0,,19.0,281318.063584,282485.033696,282485.033665,14867.633350789472,42.684809,281318.063584,64523.917637354345,28224.477438699992,64.83167288888889,11.889847555086615,0.0672602004835665,58,64,,True,True,,85,87.6246207195492
227,2026-09-18T06:50:33.154+00:00,2026-09-18T06:55:15.971+00:00,2026-09-18T06:55:21.329+00:00,True,88,88.0,,88.0,282816.95231,288174.429942,288174.430139,3274.7094333977275,37.499849999999995,282816.95231,30141.82546556958,74.76396555000001,61.580202666666665,9.635735387646882,0.3053706049412902,58,64,,True,True,,450,87.6246207195492
228,2026-09-18T06:50:33.611+00:00,2026-09-18T06:55:17.960+00:00,2026-09-18T06:55:19.900+00:00,True,32,32.0,,32.0,284349.07107099995,286289.56182299997,286289.5616799999,8946.548802499998,39.183957,284349.07107099995,50255.2244232947,87.83484254999999,62.59647587096774,9.806970857327066,0.11177494490624904,58,64,,True,True,,126,87.6246207195492
230,2026-09-18T06:50:34.818+00:00,2026-09-18T06:55:19.899+00:00,2026-09-18T06:55:21.925+00:00,True,34,34.0,,34.0,285081.449059,287106.742371,287106.74234,8444.315951176472,34.331146000000004,285081.449059,48880.540872591286,84.27475695,61.37252460606061,10.088684023635793,0.11842285457742793,58,64,,True,True,,155,87.6246207195492
229,2026-09-18T06:50:34.714+00:00,2026-09-18T06:55:20.064+00:00,2026-09-18T06:55:21.883+00:00,True,30,30.0,,30.0,285349.898249,287169.869833,287169.869855,9572.328995166667,42.791608999999994,285349.898249,52086.068022893836,82.45687955000001,62.7576408275862,8.027590296836415,0.10446778423323491,58,64,,True,True,,155,87.6246207195492
231,2026-09-18T06:50:34.874+00:00,2026-09-18T06:55:21.142+00:00,2026-09-18T06:55:25.291+00:00,True,69,69.0,,69.0,286267.290583,290416.479191,290416.479307,4208.934482710145,35.814003,286267.290583,34455.18773368532,71.53730019999999,61.017479529411766,9.852064761395127,0.2375898233881568,58,64,,True,True,,264,87.6246207195492
232,2026-09-18T06:50:35.350+00:00,2026-09-18T06:55:24.477+00:00,2026-09-18T06:55:25.979+00:00,True,25,25.0,,25.0,289127.15377100004,290629.604715,290629.60479300003,11625.184191720002,38.628737,289127.15377100004,57812.911560911234,95.1015016,62.602122666666666,12.191454092941044,0.08602014245766786,58,64,,True,True,,112,87.6246207195492
233,2026-09-18T06:50:35.713+00:00,2026-09-18T06:55:25.980+00:00,2026-09-18T06:55:26.338+00:00,True,7,7.0,,7.0,290266.737832,290625.149608,290625.14955000003,41517.87850714286,35.498904,290266.737832,109687.93734783889,203207.56465810002,59.735296,12.21827435324488,0.024086009106375397,58,64,,True,True,,17,87.6246207195492
234,2026-09-18T06:50:36.097+00:00,2026-09-18T06:55:27.241+00:00,2026-09-18T06:55:29.764+00:00,True,43,43.0,,43.0,291143.145096,293666.985608,293666.98560099996,6829.464781418605,35.930423000000005,291143.145096,44389.7515330026,91.93469359999999,60.091440761904764,13.49505527705969,0.14642435856715044,58,64,,True,True,,168,87.6246207195492
235,2026-09-18T06:50:36.637+00:00,2026-09-18T06:55:29.493+00:00,2026-09-18T06:55:35.704+00:00,True,99,99.0,,99.0,292856.144355,299066.818019,299066.818074,3020.8769502424243,35.529582999999995,292856.144355,29426.782784700736,93.4859237,63.37422106122449,11.392662540351917,0.3310297031806131,58,64,,True,True,,500,87.6246207195492
236,2026-09-18T06:50:37.092+00:00,2026-09-18T06:55:31.073+00:00,2026-09-18T06:55:32.714+00:00,True,27,27.0,,27.0,293980.966361,295621.942745,295621.942722,10948.960841555556,55.338136,293980.966361,56564.51743140699,86.97603989999999,63.11447630769231,7.379135967989048,0.09133286842408,58,64,,True,True,,118,87.6246207195492
237,2026-09-18T06:50:37.612+00:00,2026-09-18T06:55:32.982+00:00,2026-09-18T06:55:35.830+00:00,True,45,45.0,,45.0,295369.769219,298218.581251,298218.581295,6627.0795843333335,38.633168,295369.769219,44021.47556375929,94.8069762,64.745728,12.695476883206084,0.15089603005697722,58,64,,True,True,,139,87.6246207195492
238,2026-09-18T06:50:38.088+00:00,2026-09-18T06:55:34.910+00:00,2026-09-18T06:55:37.813+00:00,True,46,46.0,,46.0,296821.837541,299725.174501,299725.17435399996,6515.764659869565,34.881114000000004,296821.837541,43754.48155854064,97.34249800000002,64.51859911111112,13.210600613139817,0.1534739284966086,58,64,,True,True,,186,87.6246207195492
239,2026-09-18T06:50:38.581+00:00,2026-09-18T06:55:36.925+00:00,2026-09-18T06:55:38.648+00:00,False,29,28.0,,28.0,298344.02239,300067.335798,300067.335718,10347.14950751724,0.02614,298344.02239,55389.667372128024,95.70828499999999,61.54690742857142,15.950413697457652,0.09331238911938454,58,64,,True,False,Request timeout: 300.0s exceeded,163,87.6246207195492
240,2026-09-18T06:50:38.943+00:00,2026-09-18T06:55:38.399+00:00,2026-09-18T06:55:39.014+00:00,False,12,11.0,,11.0,299456.058402,300070.565922,300070.565859,25005.88048825,0.04126,299456.058402,86429.39315374661,134790.35943995,55.86432,18.64231806379728,0.03665804397109488,58,64,,True,False,Request timeout: 300.0s exceeded,40,87.6246207195492
241,2026-09-18T06:50:39.356+00:00,2026-09-18T06:55:39.473+00:00,2026-09-18T06:55:39.473+00:00,False,1,0.0,,0.0,300117.642329,300117.642329,300117.642329,300117.642329,300117.642329,300117.642329,nan,300117.642329,nan,nan,0.0,58,64,,True,False,"HTTPConnectionPool(host='gpu03', port=9002): Read timed out.",0,87.6246207195492
242,2026-09-18T06:50:39.706+00:00,2026-09-18T06:55:39.767+00:00,2026-09-18T06:55:39.767+00:00,False,1,0.0,,0.0,300060.907676,300060.907676,300060.907676,300060.907676,300060.907676,300060.907676,nan,300060.907676,nan,nan,0.0,58,64,,True,False,"HTTPConnectionPool(host='gpu03', port=9002): Read timed out.",0,87.6246207195492
243,2026-09-18T06:50:40.241+00:00,2026-09-18T06:55:40.159+00:00,2026-09-18T06:55:40.319+00:00,False,4,3.0,,3.0,299917.49534100003,300077.260589,300077.260672,75019.315168,0.03571,299917.49534100003,149932.12510840796,254943.50510835004,53.25508266666667,47.390663039089944,0.00999742531010686,58,64,,True,False,Request timeout: 300.0s exceeded,3,87.6246207195492
244,2026-09-18T06:50:40.771+00:00,2026-09-18T06:55:40.812+00:00,2026-09-18T06:55:40.812+00:00,False,1,0.0,,0.0,300041.077065,300041.077065,300041.077065,300041.077065,300041.077065,300041.077065,nan,300041.077065,nan,nan,0.0,58,64,,True,False,"HTTPConnectionPool(host='gpu03', port=9002): Read timed out.",0,87.6246207195492
245,2026-09-18T06:50:41.195+00:00,2026-09-18T06:55:41.297+00:00,2026-09-18T06:55:41.297+00:00,False,1,0.0,,0.0,300102.61642900005,300102.61642900005,300102.61642900005,300102.61642900005,300102.61642900005,300102.61642900005,nan,300102.61642900005,nan,nan,0.0,58,64,,True,False,TTFT timeout: 300.0s exceeded (TTFT: 300.086s),0,87.6246207195492
246,2026-09-18T06:50:41.539+00:00,2026-09-18T06:55:41.500+00:00,2026-09-18T06:55:41.613+00:00,False,3,2.0,,2.0,299960.56113700004,300073.344753,300073.344525,100024.44817500001,0.04918,299960.56113700004,173149.76212586637,269975.77844410005,56.391808,79.68018621664987,0.006665037181647254,58,64,,True,False,Request timeout: 300.0s exceeded,6,87.6246207195492
247,2026-09-18T06:50:41.853+00:00,2026-09-18T06:55:41.836+00:00,2026-09-18T06:55:41.894+00:00,False,3,2.0,,2.0,299982.671247,300041.21639899997,300041.216477,100013.73882566666,0.02086,299982.671247,173178.17791500463,269990.2565593,29.272576,41.368348852367795,0.006665750872508014,58,64,,True,False,Request timeout: 300.0s exceeded,3,87.6246207195492
248,2026-09-18T06:50:42.164+00:00,2026-09-18T06:55:42.274+00:00,2026-09-18T06:55:42.274+00:00,False,1,0.0,,0.0,300109.79667,300109.79667,300109.79667,300109.79667,300109.79667,300109.79667,nan,300109.79667,nan,nan,0.0,58,64,,True,False,"HTTPConnectionPool(host='gpu03', port=9002): Read timed out.",0,87.6246207195492
249,2026-09-18T06:50:42.487+00:00,2026-09-18T06:55:42.540+00:00,2026-09-18T06:55:42.540+00:00,False,1,0.0,,0.0,300053.94297699997,300053.94297699997,300053.94297699997,300053.94297699997,300053.94297699997,300053.94297699997,nan,300053.94297699997,nan,nan,0.0,58,64,,True,False,"HTTPConnectionPool(host='gpu03', port=9002): Read timed out.",0,87.6246207195492
250,2026-09-18T06:50:42.878+00:00,2026-09-18T06:55:42.819+00:00,2026-09-18T06:55:42.979+00:00,False,4,3.0,,3.0,299941.091458,300101.598594,300101.598637,75025.39965925,0.03681,299941.091458,149943.79952863086,254963.48896795002,53.502378666666665,47.40687726804833,0.009996614526731082,58,64,,True,False,Request timeout: 300.0s exceeded,10,87.6246207195492
251,2026-09-18T06:50:43.303+00:00,2026-09-18T06:55:43.141+00:00,2026-09-18T06:55:43.372+00:00,False,6,5.0,,5.0,299837.852892,300068.259548,300068.259699,50011.3766165,0.02188,299837.852892,122389.48082546027,224895.713169,46.0813312,28.221236381500567,0.01666287533220481,58,64,,True,False,Request timeout: 300.0s exceeded,22,87.6246207195492
252,2026-09-18T06:50:43.676+00:00,2026-09-18T06:55:43.780+00:00,2026-09-18T06:55:43.780+00:00,False,1,0.0,,0.0,300103.675663,300103.675663,300103.675663,300103.675663,300103.675663,300103.675663,nan,300103.675663,nan,nan,0.0,58,64,,True,False,"HTTPConnectionPool(host='gpu03', port=9002): Read timed out.",0,87.6246207195492
253,2026-09-18T06:50:44.210+00:00,2026-09-18T06:55:44.254+00:00,2026-09-18T06:55:44.254+00:00,False,1,0.0,,0.0,300044.609531,300044.609531,300044.609531,300044.609531,300044.609531,300044.609531,nan,300044.609531,nan,nan,0.0,58,64,,True,False,TTFT timeout: 300.0s exceeded (TTFT: 300.033s),0,87.6246207195492
254,2026-09-18T06:50:44.779+00:00,2026-09-18T06:55:44.567+00:00,2026-09-18T06:55:45.820+00:00,False,22,21.0,,21.0,299788.80652600003,301041.271422,301041.271366,13683.694153000002,0.02395,299788.80652600003,63902.47558312542,92.79660159999999,59.641185523809526,19.45085759299177,0.06975787705388134,58,64,,True,False,Request timeout: 300.0s exceeded,101,87.6246207195492
255,2026-09-18T06:50:45.255+00:00,2026-09-18T06:55:45.539+00:00,2026-09-18T06:55:45.911+00:00,False,8,7.0,,7.0,300283.593825,300655.09564899997,300655.095508,37581.8869385,0.03696,300283.593825,106147.52225104491,195216.47969155002,53.07168914285714,28.078569992404073,0.023282492468287168,58,64,,True,False,Request timeout: 300.0s exceeded,15,87.6246207195492
257,2026-09-18T06:50:46.132+00:00,2026-09-18T06:55:46.239+00:00,2026-09-18T06:55:46.239+00:00,False,1,0.0,,0.0,300107.511683,300107.511683,300107.511683,300107.511683,300107.511683,300107.511683,nan,300107.511683,nan,nan,0.0,58,64,,True,False,"HTTPConnectionPool(host='gpu03', port=9002): Read timed out.",0,87.6246207195492
258,2026-09-18T06:50:46.612+00:00,2026-09-18T06:55:46.721+00:00,2026-09-18T06:55:46.721+00:00,False,1,0.0,,0.0,300109.11724800005,300109.11724800005,300109.11724800005,300109.11724800005,300109.11724800005,300109.11724800005,nan,300109.11724800005,nan,nan,0.0,58,64,,True,False,"HTTPConnectionPool(host='gpu03', port=9002): Read timed out.",0,87.6246207195492
256,2026-09-18T06:50:45.624+00:00,2026-09-18T06:55:46.772+00:00,2026-09-18T06:55:46.772+00:00,False,1,0.0,,0.0,301148.895583,301148.895583,301148.895583,301148.895583,301148.895583,301148.895583,nan,301148.895583,nan,nan,0.0,58,64,,True,False,"HTTPConnectionPool(host='gpu03', port=9002): Read timed out.",0,87.6246207195492
259,2026-09-18T06:50:47.176+00:00,2026-09-18T06:55:47.108+00:00,2026-09-18T06:55:47.287+00:00,False,3,2.0,,2.0,299932.072447,300110.987775,300110.98765100003,100036.99588366668,0.04108,299932.072447,173114.2374878799,269956.7526147,89.457664,126.45395346082861,0.00666420118379486,58,64,,True,False,Request timeout: 300.0s exceeded,12,87.6246207195492
260,2026-09-18T06:50:47.589+00:00,2026-09-18T06:55:47.290+00:00,2026-09-18T06:55:47.633+00:00,False,8,7.0,,7.0,299701.225809,300043.726673,300043.72679700004,37505.465849625005,0.038939999999999995,299701.225809,105943.08780943522,194828.00249470002,48.92869485714286,23.17116493374294,0.02332993286551492,58,64,,True,False,Request timeout: 300.0s exceeded,29,87.6246207195492
261,2026-09-18T06:50:48.032+00:00,2026-09-18T06:55:48.127+00:00,2026-09-18T06:55:48.127+00:00,False,1,0.0,,0.0,300094.84185,300094.84185,300094.84185,300094.84185,300094.84185,300094.84185,nan,300094.84185,nan,nan,0.0,58,64,,True,False,"HTTPConnectionPool(host='gpu03', port=9002): Read timed out.",0,87.6246207195492
262,2026-09-18T06:50:48.409+00:00,2026-09-18T06:55:48.490+00:00,2026-09-18T06:55:48.490+00:00,False,1,0.0,,0.0,300080.94988599996,300080.94988599996,300080.94988599996,300080.94988599996,300080.94988599996,300080.94988599996,nan,300080.94988599996,nan,nan,0.0,58,64,,True,False,"HTTPConnectionPool(host='gpu03', port=9002): Read timed out.",0,87.6246207195492
263,2026-09-18T06:50:48.832+00:00,2026-09-18T06:55:48.744+00:00,2026-09-18T06:55:48.888+00:00,True,3,3.0,,3.0,299912.032922,300055.319962,300055.319793,100018.439931,70.238928,299912.032922,173112.92958965056,269928.1344241,71.64352,1.9863251737497563,0.009998156341237109,58,64,,True,True,,11,87.6246207195492
264,2026-09-18T06:50:49.256+00:00,2026-09-18T06:55:49.178+00:00,2026-09-18T06:55:49.298+00:00,False,4,3.0,,3.0,299922.07324299996,300042.189211,300042.18913799996,75010.54728449999,0.04338,299922.07324299996,149941.01997946552,254943.02842164997,40.038656,34.68039937842838,0.009998593890708805,58,64,,True,False,Request timeout: 300.0s exceeded,9,87.6246207195492
265,2026-09-18T06:50:49.695+00:00,2026-09-18T06:55:49.816+00:00,2026-09-18T06:55:49.816+00:00,False,1,0.0,,0.0,300121.638997,300121.638997,300121.638997,300121.638997,300121.638997,300121.638997,nan,300121.638997,nan,nan,0.0,58,64,,True,False,"HTTPConnectionPool(host='gpu03', port=9002): Read timed out.",0,87.6246207195492
266,2026-09-18T06:50:50.214+00:00,2026-09-18T06:55:50.168+00:00,2026-09-18T06:55:50.237+00:00,False,3,2.0,,2.0,299953.700359,300022.562567,300022.56256,100007.52085333334,0.027039999999999998,299953.700359,173158.47425934311,269965.21383920003,34.431104,48.654920183721934,0.0066661653139949,58,64,,True,False,Request timeout: 300.0s exceeded,7,87.6246207195492
267,2026-09-18T06:50:50.772+00:00,2026-09-18T06:55:50.737+00:00,2026-09-18T06:55:50.799+00:00,False,3,2.0,,2.0,299965.170423,300027.255031,300027.255027,100009.085009,0.03638,299965.170423,173167.05238565258,269974.8582031,31.042304,43.84903783268919,0.0066660610543310544,58,64,,True,False,Request timeout: 300.0s exceeded,3,87.6246207195492
268,2026-09-18T06:50:51.200+00:00,2026-09-18T06:55:51.302+00:00,2026-09-18T06:55:51.302+00:00,False,1,0.0,,0.0,300102.528714,300102.528714,300102.528714,300102.528714,300102.528714,300102.528714,nan,300102.528714,nan,nan,0.0,58,64,,True,False,TTFT timeout: 300.0s exceeded (TTFT: 300.092s),0,87.6246207195492
269,2026-09-18T06:50:51.659+00:00,2026-09-18T06:55:51.549+00:00,2026-09-18T06:55:51.679+00:00,False,4,3.0,,3.0,299890.62289,300020.57361,300020.573596,75005.143399,0.02495,299890.62289,149923.6578690498,254920.98194575,43.31690666666666,46.82573675595784,0.009999314260027155,58,64,,True,False,Request timeout: 300.0s exceeded,13,87.6246207195492
270,2026-09-18T06:50:51.975+00:00,2026-09-18T06:55:52.042+00:00,2026-09-18T06:55:52.042+00:00,False,1,0.0,,0.0,300066.635962,300066.635962,300066.635962,300066.635962,300066.635962,300066.635962,nan,300066.635962,nan,nan,0.0,58,64,,True,False,"HTTPConnectionPool(host='gpu03', port=9002): Read timed out.",0,87.6246207195492
271,2026-09-18T06:50:52.320+00:00,2026-09-18T06:55:52.416+00:00,2026-09-18T06:55:52.416+00:00,False,1,0.0,,0.0,300096.056208,300096.056208,300096.056208,300096.056208,300096.056208,300096.056208,nan,300096.056208,nan,nan,0.0,58,64,,True,False,"HTTPConnectionPool(host='gpu03', port=9002): Read timed out.",0,87.6246207195492
272,2026-09-18T06:50:52.770+00:00,2026-09-18T06:55:52.726+00:00,2026-09-18T06:55:52.817+00:00,False,3,2.0,,2.0,299956.596778,300046.884138,300046.88397900003,100015.627993,0.02088,299956.596778,173153.96410441535,269969.96373230004,45.14368,63.813117340329704,0.0066656249597317726,58,64,,True,False,Request timeout: 300.0s exceeded,3,87.6246207195492
0,2026-09-18T06:48:53.195+00:00,2026-09-18T06:48:53.415+00:00,2026-09-18T06:48:54.603+00:00,True,24,24.0,,24.0,219.627581,1407.896381,1407.896443,58.662351791666666,11.712628,219.627581,38.17986267428422,87.8958394,51.66386086956522,17.176662665764994,17.04670906459273,59,64,,False,True,,157,87.6246207195492
1,2026-09-18T06:48:53.629+00:00,2026-09-18T06:48:53.764+00:00,2026-09-18T06:48:53.764+00:00,True,1,1.0,,1.0,134.599,134.599,134.599,134.599,134.599,134.599,nan,134.599,nan,nan,7.429475701899717,59,64,,False,True,,1,87.6246207195492
2,2026-09-18T06:48:54.034+00:00,2026-09-18T06:48:55.233+00:00,2026-09-18T06:49:00.287+00:00,True,84,84.0,,84.0,1198.940622,6252.549582,6252.549611,74.43511441666666,13.319066000000001,1198.940622,124.5801543659035,72.33995759999999,60.88685493975904,10.139315701384348,13.434519614497958,59,64,,False,True,,349,87.6246207195492
3,2026-09-18T06:48:54.320+00:00,2026-09-18T06:48:56.755+00:00,2026-09-18T06:49:01.192+00:00,True,74,74.0,,74.0,2435.065776,6872.175792,6872.1757,92.86723918918919,11.326359,2435.065776,276.22438971735835,70.53017015,60.78232898630137,11.08705930075607,10.768059816826058,59,64,,False,True,,347,87.6246207195492
4,2026-09-18T06:48:54.581+00:00,2026-09-18T06:48:57.694+00:00,2026-09-18T06:48:59.663+00:00,True,34,34.0,,34.0,3113.504774,5082.199814,5082.199686,149.4764613529412,35.508964,3113.504774,523.7979566560724,68.52714915,59.657425454545454,8.536468864787935,6.6900163795881795,59,64,,False,True,,162,87.6246207195492
5,2026-09-18T06:48:54.916+00:00,2026-09-18T06:48:58.781+00:00,2026-09-18T06:49:01.790+00:00,True,51,51.0,,51.0,3864.844649,6873.820777,6873.820738,134.78079878431373,10.2916,3864.844649,532.9031283119675,70.343419,60.17952256,12.489466076794463,7.419454427826727,59,64,,False,True,,252,87.6246207195492
6,2026-09-18T06:48:55.196+00:00,2026-09-18T06:48:59.778+00:00,2026-09-18T06:49:05.351+00:00,True,94,94.0,,94.0,4581.128187,10154.450427,10154.450461,108.02606873404255,0.0,4581.128187,466.59794017700597,67.58600765,59.92819612903226,16.00918627998033,9.257024855826794,59,64,,False,True,,394,87.6246207195492
7,2026-09-18T06:48:55.548+00:00,2026-09-18T06:49:00.879+00:00,2026-09-18T06:49:05.371+00:00,True,77,77.0,,77.0,5330.943843999999,9822.772836,9822.772948,127.56847984415583,0.0,5330.943843999999,601.0686538168658,69.56848919999999,59.10301305263158,18.683811203333477,7.838927081546529,59,64,,False,True,,314,87.6246207195492
8,2026-09-18T06:48:55.859+00:00,2026-09-18T06:49:02.093+00:00,2026-09-18T06:49:06.431+00:00,True,74,74.0,,74.0,6234.332976,10571.915056,10571.915055,142.86371695945945,0.0,6234.332976,718.0728489388446,69.8350808,59.41893260273973,19.217276838777707,6.999677883147759,59,64,,False,True,,347,87.6246207195492
9,2026-09-18T06:48:56.123+00:00,2026-09-18T06:49:03.198+00:00,2026-09-18T06:49:08.908+00:00,True,96,96.0,,96.0,7074.519084,12784.721452,12784.721333,133.17418055208333,0.0,7074.519084,716.6652625168598,71.14345275,60.10739334736842,33.16839565538946,7.5089629727507345,59,64,,False,True,,463,87.6246207195492
10,2026-09-18T06:48:56.572+00:00,2026-09-18T06:49:04.853+00:00,2026-09-18T06:49:04.974+00:00,True,3,3.0,,3.0,8280.542713,8401.789689000001,8401.789868,2800.596622666667,59.596739,8280.542713,4745.772636685938,7458.6534833000005,60.623488,1.4523181325976757,0.35706678113208834,59,64,,False,True,,13,87.6246207195492
11,2026-09-18T06:48:56.893+00:00,2026-09-18T06:49:06.046+00:00,2026-09-18T06:49:06.616+00:00,True,10,10.0,,10.0,9152.829122,9722.148545999999,9722.148624,972.2148623999999,56.807454,9152.829122,2874.3770698856124,5065.4639246,63.257713777777774,3.7824398316383627,1.0285792232740898,59,64,,False,True,,47,87.6246207195492
12,2026-09-18T06:48:57.235+00:00,2026-09-18T06:49:07.415+00:00,2026-09-18T06:49:10.637+00:00,True,55,55.0,,55.0,10179.090945,13401.837569,13401.837395999999,243.66977083636363,0.0,10179.090945,1365.160677214063,102.63219629999999,59.68049303703704,42.8321804869717,4.1039148338300535,59,64,,False,True,,256,87.6246207195492
13,2026-09-18T06:48:57.690+00:00,2026-09-18T06:49:08.909+00:00,2026-09-18T06:49:09.279+00:00,True,7,7.0,,7.0,11218.864782999999,11588.200078999998,11588.199997,1655.4571424285714,56.750364000000005,11218.864782999999,4217.067169367675,7872.6416881,61.55588266666666,2.819577178903437,0.6040627493725552,59,64,,False,True,,39,87.6246207195492
14,2026-09-18T06:48:58.126+00:00,2026-09-18T06:49:10.523+00:00,2026-09-18T06:49:13.857+00:00,True,56,56.0,,56.0,12396.754034,15730.52325,15730.523159,280.90219926785716,0.0,12396.754034,1648.8740888741636,105.75494375000002,60.61398574545454,36.09959849293549,3.559957867262934,59,64,,False,True,,246,87.6246207195492
15,2026-09-18T06:48:58.427+00:00,2026-09-18T06:49:11.673+00:00,2026-09-18T06:49:13.827+00:00,True,36,36.0,,36.0,13246.348245,15400.206805,15400.206672999999,427.7835186944444,0.0,13246.348245,2197.705036678791,108.264157,61.538816,32.73193142160691,2.3376309458592366,59,64,,False,True,,156,87.6246207195492
16,2026-09-18T06:48:58.774+00:00,2026-09-18T06:49:12.992+00:00,2026-09-18T06:49:17.623+00:00,True,79,79.0,,79.0,14218.765308,18848.996348,18848.996414,238.5948913164557,0.0,14218.765308,1593.4942017222893,68.90143880000001,59.361936410256405,37.55204942245104,4.1912045894359995,59,64,,False,True,,354,87.6246207195492
17,2026-09-18T06:48:59.057+00:00,2026-09-18T06:49:14.211+00:00,2026-09-18T06:49:14.853+00:00,True,12,12.0,,12.0,15153.86875,15795.846094,15795.846257,1316.3205214166667,39.177518,15153.86875,4357.706346983413,6857.87689695,58.36157672727273,9.17784981007954,0.7596933984155594,59,64,,False,True,,48,87.6246207195492
18,2026-09-18T06:48:59.391+00:00,2026-09-18T06:49:15.254+00:00,2026-09-18T06:49:15.698+00:00,True,8,8.0,,8.0,15863.005611999999,16306.966955999998,16306.966806999999,2038.3708508749999,57.697863,15863.005611999999,5585.997075648698,10335.1182505,63.42304914285714,3.7572786843116224,0.49058785864875215,59,64,,False,True,,31,87.6246207195492
19,2026-09-18T06:48:59.761+00:00,2026-09-18T06:49:16.653+00:00,2026-09-18T06:49:20.755+00:00,True,69,69.0,,69.0,16892.124170000003,20994.161418000003,20994.161377000004,304.2632083623189,0.0,16892.124170000003,2026.895305062387,79.0452312,60.32407717647059,49.043332353005944,3.2866280594013477,59,64,,False,True,,367,87.6246207195492
20,2026-09-18T06:49:00.224+00:00,2026-09-18T06:49:18.313+00:00,2026-09-18T06:49:22.660+00:00,True,71,71.0,,71.0,18088.985276,22436.762556,22436.762527,316.0107398169014,0.0,18088.985276,2140.1631307495622,89.55925350000001,62.111104,57.697357492209015,3.164449408545053,59,64,,False,True,,292,87.6246207195492
21,2026-09-18T06:49:00.604+00:00,2026-09-18T06:49:19.686+00:00,2026-09-18T06:49:21.600+00:00,True,30,30.0,,30.0,19081.765651,20995.661075,20995.661145000002,699.8553715,0.0,19081.765651,3472.799169832115,356.51511469999997,65.99639393103449,85.25669832005168,1.428866654535668,59,64,,False,True,,106,87.6246207195492
22,2026-09-18T06:49:00.997+00:00,2026-09-18T06:49:21.222+00:00,2026-09-18T06:49:22.012+00:00,True,14,14.0,,14.0,20224.677048,21014.757048000003,21014.757120000002,1501.05408,0.017,20224.677048,5389.884519328566,7324.9110637,60.77538461538462,99.92688323326173,0.6661985179282572,59,64,,False,True,,51,87.6246207195492
23,2026-09-18T06:49:01.422+00:00,2026-09-18T06:49:22.656+00:00,2026-09-18T06:49:24.141+00:00,True,25,25.0,,25.0,21233.636822,22718.596054,22718.595933,908.74383732,0.0,21233.636822,4234.882484453293,306.1086544,61.87330133333334,68.42443491444794,1.1004201113738417,59,64,,False,True,,92,87.6246207195492
24,2026-09-18T06:49:01.845+00:00,2026-09-18T06:49:24.201+00:00,2026-09-18T06:49:28.822+00:00,True,79,79.0,,79.0,22356.260667,26977.101370999997,26977.10155,341.4822981012658,0.0,22356.260667,2508.991733562546,71.21129799999999,59.24154748717949,44.01127366645602,2.928409502324215,59,64,,False,True,,376,87.6246207195492
25,2026-09-18T06:49:02.188+00:00,2026-09-18T06:49:25.680+00:00,2026-09-18T06:49:28.455+00:00,True,43,43.0,,43.0,23491.916016,26267.00952,26267.0094,610.8606837209302,0.0,23491.916016,3572.792759316999,90.66142239999999,66.07365485714286,53.10483829050405,1.6370344696932215,59,64,,False,True,,193,87.6246207195492
26,2026-09-18T06:49:02.606+00:00,2026-09-18T06:49:27.334+00:00,2026-09-18T06:49:32.140+00:00,True,81,81.0,,81.0,24727.892818999997,29534.064466999997,29534.064688,364.6180825679012,0.0,24727.892818999997,2741.202002683049,70.41633900000001,60.0771456,43.03418024863287,2.7425957605837037,59,64,,False,True,,399,87.6246207195492
27,2026-09-18T06:49:02.982+00:00,2026-09-18T06:49:28.766+00:00,2026-09-18T06:49:34.002+00:00,True,87,87.0,,87.0,25783.466967999997,31019.661271999998,31019.661207999998,356.5478299770115,0.0,25783.466967999997,2758.1616939820406,70.78224530000001,60.88598027906977,47.92434864993522,2.8046727924308716,59,64,,False,True,,465,87.6246207195492
28,2026-09-18T06:49:03.267+00:00,2026-09-18T06:49:29.968+00:00,2026-09-18T06:49:34.432+00:00,True,75,75.0,,75.0,26701.546921999998,31165.705385999998,31165.705295999996,415.54273728,0.0,26701.546921999998,3076.7008872397446,69.4389041,60.326465729729726,52.251420734734005,2.406491336265114,59,64,,False,True,,289,87.6246207195492
29,2026-09-18T06:49:03.625+00:00,2026-09-18T06:49:31.505+00:00,2026-09-18T06:49:36.807+00:00,True,89,89.0,,89.0,27879.376684,33181.57854,33181.578515,372.82672488764047,0.0,27879.376684,2949.7729368490477,83.7998152,60.25229381818182,75.35193477674777,2.6822111519713125,59,64,,False,True,,451,87.6246207195492
30,2026-09-18T06:49:04.011+00:00,2026-09-18T06:49:32.910+00:00,2026-09-18T06:49:38.997+00:00,True,95,95.0,,95.0,28898.966938,34985.79113,34985.791071,368.27148495789476,0.0,28898.966938,2959.634863128444,102.1669288,64.75344885106384,88.41843748564806,2.7153880741755865,59,64,,False,True,,369,87.6246207195492
31,2026-09-18T06:49:04.460+00:00,2026-09-18T06:49:34.596+00:00,2026-09-18T06:49:40.241+00:00,True,94,94.0,,94.0,30136.03647,35780.564086,35780.563852,380.64429629787236,0.0,30136.03647,3102.969959368014,96.49499825,60.693845333333336,76.59068159448746,2.6271245968640207,59,64,,False,True,,486,87.6246207195492
32,2026-09-18T06:49:04.822+00:00,2026-09-18T06:49:35.839+00:00,2026-09-18T06:49:41.030+00:00,True,86,86.0,,86.0,31017.212563999998,36207.63458,36207.634698999995,421.01900812790694,0.0,31017.212563999998,3338.48673739843,94.58790275,61.06378842352941,51.94370018408507,2.375189680231246,59,64,,False,True,,340,87.6246207195492
33,2026-09-18T06:49:05.222+00:00,2026-09-18T06:49:37.502+00:00,2026-09-18T06:49:40.100+00:00,True,44,44.0,,44.0,32280.287909000002,34877.934245000004,34877.934347,792.6803260681819,0.0,32280.287909000002,4857.867239803579,100.02654894999999,60.41037990697674,73.14814036988889,1.2615426042988112,59,64,,False,True,,196,87.6246207195492
34,2026-09-18T06:49:05.625+00:00,2026-09-18T06:49:38.990+00:00,2026-09-18T06:49:45.272+00:00,True,97,97.0,,97.0,33364.672514,39646.440193999995,39646.440096,408.726186556701,0.0,33364.672514,3381.4950346685223,98.44242820000001,65.43508,56.6569234489533,2.446625712809388,59,64,,False,True,,530,87.6246207195492
35,2026-09-18T06:49:05.914+00:00,2026-09-18T06:49:39.629+00:00,2026-09-18T06:49:44.464+00:00,True,80,80.0,,80.0,33714.391503,38549.370831,38549.370694,481.867133675,36.228963,33714.391503,3762.5657327815734,94.76882400000001,61.202269974683546,13.74644591967365,2.0752608479842407,59,64,,False,True,,341,87.6246207195492
36,2026-09-18T06:49:06.376+00:00,2026-09-18T06:49:41.742+00:00,2026-09-18T06:49:44.466+00:00,True,44,44.0,,44.0,35365.457824,38089.76476799999,38089.764798,865.6764726818182,35.286775,35365.457824,5322.01813887696,107.38326134999997,63.355975441860465,16.84595897829804,1.155165968285667,59,64,,False,True,,235,87.6246207195492
37,2026-09-18T06:49:06.728+00:00,2026-09-18T06:49:43.132+00:00,2026-09-18T06:49:44.204+00:00,True,18,18.0,,18.0,36404.157212,37476.117532,37476.117504,2082.006528,30.933493,36404.157212,8565.696235810532,5562.115698299999,63.0564894117647,17.40867951239869,0.4803058904015394,59,64,,False,True,,98,87.6246207195492
38,2026-09-18T06:49:07.118+00:00,2026-09-18T06:49:44.548+00:00,2026-09-18T06:49:49.893+00:00,True,87,87.0,,87.0,37430.362884,42774.519812,42774.519776,491.6611468505747,0.0,37430.362884,4007.29684660205,92.60508570000002,62.14135962790698,90.1776049129889,2.0339211376861077,59,64,,False,True,,408,87.6246207195492
39,2026-09-18T06:49:07.406+00:00,2026-09-18T06:49:45.519+00:00,2026-09-18T06:49:49.067+00:00,True,58,58.0,,58.0,38113.332457000004,41661.498857000006,41661.498992,718.3017067586208,0.016489999999999998,38113.332457000004,4996.905876162528,101.14477015,62.248533333333334,75.0525852732699,1.392172667600863,59,64,,False,True,,341,87.6246207195492
40,2026-09-18T06:49:07.911+00:00,2026-09-18T06:49:47.197+00:00,2026-09-18T06:49:51.804+00:00,True,75,75.0,,75.0,39285.699841,43892.657153,43892.657152,585.2354286933333,0.01729,39285.699841,4529.6518353947085,81.0991607,62.25617989189189,69.014613392784,1.7087140507025298,59,64,,False,True,,395,87.6246207195492
41,2026-09-18T06:49:08.043+00:00,2026-09-18T06:49:48.778+00:00,2026-09-18T06:49:52.760+00:00,True,72,72.0,,72.0,40735.2049,44717.158948,44717.158914,621.0716515833333,0.0,40735.2049,4794.684643867173,89.53689415000001,56.083859830985915,76.6603911272023,1.6101201796770286,59,64,,False,True,,322,87.6246207195492
42,2026-09-18T06:49:08.409+00:00,2026-09-18T06:49:49.693+00:00,2026-09-18T06:49:55.017+00:00,True,86,86.0,,86.0,41283.777663,46608.310655,46608.31076,541.9571018604652,0.0,41283.777663,4445.511685249916,94.242086,62.64156461176471,68.54545332806588,1.8451644951601387,59,64,,False,True,,460,87.6246207195492
43,2026-09-18T06:49:08.818+00:00,2026-09-18T06:49:51.266+00:00,2026-09-18T06:49:54.393+00:00,True,51,51.0,,51.0,42447.583321000006,45574.431833,45574.43180300001,893.6163098627452,0.0,42447.583321000006,5935.772516990911,94.7166805,62.53697024,90.68345818991834,1.1190485091921956,59,64,,False,True,,256,87.6246207195492
44,2026-09-18T06:49:09.132+00:00,2026-09-18T06:49:52.719+00:00,2026-09-18T06:49:58.567+00:00,True,94,94.0,,94.0,43586.395524,49435.001476,49435.001475,525.9042710106382,33.953428,43586.395524,4489.126667124155,93.64683805,62.88823604301076,13.355848192295564,1.9014867440761722,59,64,,False,True,,417,87.6246207195492
45,2026-09-18T06:49:09.429+00:00,2026-09-18T06:49:54.038+00:00,2026-09-18T06:49:55.420+00:00,True,22,22.0,,22.0,44608.78561200001,45991.699660000006,45991.699701000005,2090.5318045909094,32.866139000000004,44608.78561200001,9496.595039664666,102.3838953,65.8530499047619,14.05765211251026,0.478347183570906,59,64,,False,True,,92,87.6246207195492
46,2026-09-18T06:49:09.837+00:00,2026-09-18T06:49:55.849+00:00,2026-09-18T06:50:00.781+00:00,True,77,77.0,,77.0,46012.201899,50943.544491,50943.544322,661.6044717142858,0.0,46012.201899,5236.856571819996,94.037712,64.8860867368421,84.57351199065381,1.5114770825104895,59,64,,False,True,,375,87.6246207195492
47,2026-09-18T06:49:10.161+00:00,2026-09-18T06:49:56.765+00:00,2026-09-18T06:50:00.775+00:00,True,61,61.0,,61.0,46604.179801,50614.497113,50614.497042999996,829.7458531639344,0.0,46604.179801,5959.217307054538,96.95899100000001,66.83862186666667,93.50110131791631,1.2051883053152483,59,64,,False,True,,286,87.6246207195492
48,2026-09-18T06:49:10.433+00:00,2026-09-18T06:49:58.284+00:00,2026-09-18T06:50:00.795+00:00,True,36,36.0,,36.0,47850.600345,50361.353624999996,50361.353514,1398.9264865,0.0,47850.600345,7964.11255795796,276.76920200000006,71.735808,126.01078148359791,0.7148338439840735,59,64,,False,True,,130,87.6246207195492
49,2026-09-18T06:49:10.824+00:00,2026-09-18T06:49:59.523+00:00,2026-09-18T06:50:00.780+00:00,True,15,15.0,,15.0,48698.930705,49956.001296999995,49956.001486,3330.4000990666664,0.0,48698.930705,12552.243420229759,15142.358880700001,89.79075657142857,195.75407335261428,0.3002642247289075,59,64,,False,True,,69,87.6246207195492
50,2026-09-18T06:49:11.237+00:00,2026-09-18T06:50:01.253+00:00,2026-09-18T06:50:05.670+00:00,True,73,73.0,,73.0,50015.342073,54432.593657,54432.593634,745.6519675890411,0.01573,50015.342073,5847.920165514646,79.4522376,61.35071644444445,121.64281639574045,1.341108242241774,59,64,,False,True,,385,87.6246207195492
51,2026-09-18T06:49:11.676+00:00,2026-09-18T06:50:03.139+00:00,2026-09-18T06:50:04.496+00:00,True,23,23.0,,23.0,51463.072928,52820.0232,52820.023075000005,2296.5227423913043,39.880717,51463.072928,10717.936652330833,90.7635012,61.67955781818182,10.838204545869393,0.43544092952992114,59,64,,False,True,,89,87.6246207195492
52,2026-09-18T06:49:12.115+00:00,2026-09-18T06:50:05.245+00:00,2026-09-18T06:50:08.341+00:00,True,49,49.0,,49.0,53129.662349,56225.259149,56225.259187999996,1147.4542691428571,35.802364000000004,53129.662349,7580.752875544038,99.07519939999999,64.4916,14.826659631336257,0.8714944269113519,59,64,,False,True,,209,87.6246207195492
53,2026-09-18T06:49:12.506+00:00,2026-09-18T06:50:06.736+00:00,2026-09-18T06:50:10.988+00:00,True,68,68.0,,68.0,54230.141935,58482.197743,58482.197731,860.0323195735294,0.0,54230.141935,6569.416780794943,96.4226607,63.46351952238806,99.49142373433719,1.1627470003577154,59,64,,False,True,,302,87.6246207195492
54,2026-09-18T06:49:12.926+00:00,2026-09-18T06:50:08.345+00:00,2026-09-18T06:50:12.148+00:00,True,62,62.0,,62.0,55418.482888,59221.889992,59221.889921,955.1917729193548,0.0,55418.482888,7030.991249466809,95.85684755,62.35093613114754,103.92189296089326,1.0469101882492315,59,64,,False,True,,258,87.6246207195492
55,2026-09-18T06:49:13.374+00:00,2026-09-18T06:50:09.945+00:00,2026-09-18T06:50:13.532+00:00,True,61,61.0,,61.0,56570.840888,60158.672183999995,60158.67217,986.2077404918033,34.957834999999996,56570.840888,7235.507873770683,91.091802,59.797188266666666,12.225726086735435,1.0139851460389075,59,64,,False,True,,288,87.6246207195492
56,2026-09-18T06:49:13.755+00:00,2026-09-18T06:50:11.324+00:00,2026-09-18T06:50:15.818+00:00,True,75,75.0,,75.0,57569.115492,62063.224676,62063.224580999995,827.50966108,37.471641000000005,57569.115492,6640.503519322838,73.15896059999999,60.73120518918919,9.906438735917598,1.2084451040295798,59,64,,False,True,,221,87.6246207195492
57,2026-09-18T06:49:14.091+00:00,2026-09-18T06:50:12.826+00:00,2026-09-18T06:50:17.286+00:00,True,71,71.0,,71.0,58734.333906,63195.032785999996,63195.032787,890.0708843239437,0.016419,58734.333906,6963.746834384586,85.07309800000002,63.72426971428572,108.0608235192439,1.1235060236526864,59,64,,False,True,,355,87.6246207195492
58,2026-09-18T06:49:14.411+00:00,2026-09-18T06:50:13.885+00:00,2026-09-18T06:50:17.675+00:00,True,61,61.0,,61.0,59473.917586999996,63263.725458999994,63263.72530499999,1037.1102509016393,0.01582,59473.917586999996,7607.497876632431,116.87693399999998,63.16346453333333,106.29697057696947,0.9642176390565701,59,64,,False,True,,238,87.6246207195492
59,2026-09-18T06:49:14.816+00:00,2026-09-18T06:50:15.634+00:00,2026-09-18T06:50:21.837+00:00,True,99,99.0,,99.0,60818.121463,67021.515767,67021.515749,676.9850075656566,0.0,60818.121463,6107.499753900969,92.7083581,63.29994187755102,131.92496456132955,1.4771375858488942,59,64,,False,True,,479,87.6246207195492
60,2026-09-18T06:49:15.176+00:00,2026-09-18T06:50:17.194+00:00,2026-09-18T06:50:18.663+00:00,True,29,29.0,,29.0,62017.625224,63487.22164,63487.221523,2189.214535275862,0.01835,62017.625224,11506.690737581612,119.66466499999999,52.485586285714284,35.62433450350931,0.4567848340323119,59,64,,False,True,,119,87.6246207195492
61,2026-09-18T06:49:15.500+00:00,2026-09-18T06:50:18.324+00:00,2026-09-18T06:50:23.603+00:00,True,84,84.0,,84.0,62823.948821000005,68103.55790900001,68103.557931,810.7566420357143,0.0,62823.948821000005,6848.440707376321,97.0273398,63.60974804819277,100.34465632031207,1.2334157359625881,59,64,,False,True,,358,87.6246207195492
62,2026-09-18T06:49:15.946+00:00,2026-09-18T06:50:20.213+00:00,2026-09-18T06:50:21.530+00:00,True,24,24.0,,24.0,64267.129775,65584.027311,65584.027416,2732.667809,0.0,64267.129775,13106.804122524247,93.91003049999999,57.25641460869565,22.582362311216908,0.3659427605168527,59,64,,False,True,,70,87.6246207195492
63,2026-09-18T06:49:16.341+00:00,2026-09-18T06:50:21.386+00:00,2026-09-18T06:50:22.245+00:00,True,14,14.0,,14.0,65044.459327,65903.743039,65903.743181,4707.410227214285,40.039525999999995,65044.459327,17366.203046501803,22827.350703049997,66.09874707692308,14.649225245114014,0.2124310297780081,59,64,,False,True,,54,87.6246207195492
64,2026-09-18T06:49:16.694+00:00,2026-09-18T06:50:22.493+00:00,2026-09-18T06:50:25.028+00:00,True,41,41.0,,41.0,65798.6121,68334.018692,68334.018873,1666.6833871463414,38.009269,65798.6121,10266.123949899033,93.101679,63.3851648,11.492199717748113,0.5999939822769409,59,64,,False,True,,191,87.6246207195492
65,2026-09-18T06:49:17.006+00:00,2026-09-18T06:50:23.980+00:00,2026-09-18T06:50:27.856+00:00,True,63,63.0,,63.0,66973.549207,70849.547927,70849.547927,1124.5959988412699,36.279942999999996,66973.549207,8430.005750798317,90.407794,62.51610838709678,11.681425809971303,0.8892082143546236,59,64,,False,True,,321,87.6246207195492
66,2026-09-18T06:49:17.277+00:00,2026-09-18T06:50:25.192+00:00,2026-09-18T06:50:27.313+00:00,True,34,34.0,,34.0,67915.39462199999,70036.03411,70036.03408999999,2059.883355588235,34.079247,67915.39462199999,11636.382613625197,95.76990744999999,64.26180266666667,14.967741577558941,0.48546438175809503,59,64,,False,True,,127,87.6246207195492
67,2026-09-18T06:49:17.557+00:00,2026-09-18T06:50:26.083+00:00,2026-09-18T06:50:28.580+00:00,True,41,41.0,,41.0,68526.00347,71022.70874999999,71022.708744,1732.2611888780486,37.68049,68526.00347,10692.224201559278,93.11855800000001,62.417632,13.612717054264433,0.5772801505546633,59,64,,False,True,,194,87.6246207195492
68,2026-09-18T06:49:17.955+00:00,2026-09-18T06:50:27.375+00:00,2026-09-18T06:50:32.534+00:00,True,84,84.0,,84.0,69419.921746,74578.98120200001,74578.981339,887.8450159404763,0.0,69419.921746,7568.376815568669,89.22846795000001,62.15734284337349,112.37790031223473,1.1263227070973632,59,64,,False,True,,415,87.6246207195492
69,2026-09-18T06:49:18.398+00:00,2026-09-18T06:50:29.135+00:00,2026-09-18T06:50:30.047+00:00,True,17,17.0,,17.0,70736.808683,71649.24337099999,71649.24338,4214.6613752941175,36.412283,70736.808683,17142.36846064184,14203.683345399999,57.027168,11.27081753010734,0.23726698566757995,59,64,,False,True,,48,87.6246207195492
70,2026-09-18T06:49:18.732+00:00,2026-09-18T06:50:30.356+00:00,2026-09-18T06:50:34.812+00:00,True,58,58.0,,58.0,71624.613679,76079.903791,76079.90366,1311.7224768965518,0.0,71624.613679,9396.37079513163,237.0182672,78.16298442105264,188.69340369671372,0.7623563794104219,59,64,,False,True,,120,87.6246207195492
71,2026-09-18T06:49:19.039+00:00,2026-09-18T06:50:32.229+00:00,2026-09-18T06:50:33.353+00:00,True,30,30.0,,30.0,73189.958536,74313.642376,74313.64231400001,2477.121410466667,0.0,73189.958536,13355.557123676177,92.298736,38.74771862068965,30.83377021944416,0.4036943828995881,59,64,,False,True,,122,87.6246207195492
72,2026-09-18T06:49:19.399+00:00,2026-09-18T06:50:32.998+00:00,2026-09-18T06:50:37.200+00:00,True,71,71.0,,71.0,73599.199346,77801.73118599999,77801.73111299999,1095.7990297605634,0.016,73599.199346,8728.361415912843,73.065975,60.03616914285714,124.01051798620911,0.912576094614924,59,64,,False,True,,321,87.6246207195492
73,2026-09-18T06:49:19.803+00:00,2026-09-18T06:50:34.801+00:00,2026-09-18T06:50:38.382+00:00,True,64,64.0,,64.0,74997.481151,78578.749375,78578.749235,1227.792956796875,0.01829,74997.481151,9367.600298023992,86.80125584999998,56.84552736507936,19.920587509735284,0.8144695672690578,59,64,,False,True,,295,87.6246207195492
74,2026-09-18T06:49:20.220+00:00,2026-09-18T06:50:35.841+00:00,2026-09-18T06:50:40.856+00:00,True,81,81.0,,81.0,75620.902947,80635.59017899999,80635.59027799999,995.5011145432098,36.316333,75620.902947,8395.367440835807,90.83842299999998,62.6835904,12.865515366256389,1.0045192181292537,59,64,,False,True,,390,87.6246207195492
75,2026-09-18T06:49:20.661+00:00,2026-09-18T06:50:37.983+00:00,2026-09-18T06:50:42.568+00:00,True,72,72.0,,72.0,77321.511986,81907.12581,81907.125738,1137.5989685833333,34.674816,77321.511986,9104.826739979488,97.76218730000001,64.58611019718309,14.064428939927513,0.8790443967844561,59,64,,False,True,,337,87.6246207195492
76,2026-09-18T06:49:21.084+00:00,2026-09-18T06:50:39.373+00:00,2026-09-18T06:50:44.104+00:00,True,75,75.0,,75.0,78288.76499699999,83020.463685,83020.46376999999,1106.9395169333332,34.505756999999996,78288.76499699999,9032.635793509537,96.2609647,63.941874162162165,14.35729475354133,0.9033917262202774,59,64,,False,True,,339,87.6246207195492
77,2026-09-18T06:49:21.573+00:00,2026-09-18T06:50:40.652+00:00,2026-09-18T06:50:42.572+00:00,True,31,31.0,,31.0,79078.956748,80998.744268,80998.744135,2612.862714032258,37.46275,79078.956748,14191.513479760304,101.00885300000002,63.99291733333334,14.37272929870089,0.3827219826696388,59,64,,False,True,,150,87.6246207195492
78,2026-09-18T06:49:21.722+00:00,2026-09-18T06:50:42.013+00:00,2026-09-18T06:50:42.991+00:00,True,17,17.0,,17.0,80290.411768,81268.982776,81268.982617,4780.5283892352945,45.017157,80290.411768,19458.453733643106,16124.3565104,61.160688,9.500545739061856,0.20918189719264416,59,64,,False,True,,72,87.6246207195492
79,2026-09-18T06:49:22.123+00:00,2026-09-18T06:50:43.501+00:00,2026-09-18T06:50:46.918+00:00,True,55,55.0,,55.0,81377.936128,84794.714112,84794.714104,1541.7220746181818,0.0,81377.936128,10965.586877200336,90.5613147,63.27366637037037,158.19512129808385,0.6486253368028808,59,64,,False,True,,270,87.6246207195492
80,2026-09-18T06:49:22.430+00:00,2026-09-18T06:50:44.442+00:00,2026-09-18T06:50:50.088+00:00,True,92,92.0,,92.0,82012.265946,87657.808602,87657.808708,952.8022685652173,0.0,82012.265946,8544.747003744798,83.11007055,62.03893028571429,120.84765013046722,1.0495357055720524,59,64,,False,True,,374,87.6246207195492
81,2026-09-18T06:49:22.838+00:00,2026-09-18T06:50:45.914+00:00,2026-09-18T06:50:49.906+00:00,True,66,66.0,,66.0,83075.977791,87067.261503,87067.26130499999,1319.2009288636364,39.538927,83075.977791,10218.392780747696,81.72984375000001,61.404364799999996,10.353310853556053,0.7580346373674093,59,64,,False,True,,327,87.6246207195492
82,2026-09-18T06:49:23.239+00:00,2026-09-18T06:50:47.558+00:00,2026-09-18T06:50:50.440+00:00,True,48,48.0,,48.0,84318.65629500001,87201.275175,87201.27522000001,1816.6932337500002,33.029409,84318.65629500001,12161.502864642063,91.09623029999999,61.332316595744686,11.896413469827193,0.5504506660444027,59,64,,False,True,,244,87.6246207195492
83,2026-09-18T06:49:23.576+00:00,2026-09-18T06:50:48.696+00:00,2026-09-18T06:50:50.688+00:00,True,33,33.0,,33.0,85120.16228300001,87111.85124300001,87111.85124700001,2639.7530680909094,44.482558,85120.16228300001,14806.685947054646,80.1284238,62.24028,8.319705147406623,0.378823311973315,59,64,,False,True,,133,87.6246207195492
84,2026-09-18T06:49:23.892+00:00,2026-09-18T06:50:49.845+00:00,2026-09-18T06:50:50.316+00:00,True,9,9.0,,9.0,85953.077304,86424.10680800001,86424.106793,9602.678532555556,43.63245,85953.077304,28631.40016959293,51597.4561032,58.878688,6.422566356208352,0.10413761081725056,59,64,,False,True,,25,87.6246207195492
85,2026-09-18T06:49:24.218+00:00,2026-09-18T06:50:51.067+00:00,2026-09-18T06:50:53.005+00:00,True,33,33.0,,33.0,86849.687088,88787.4796,88787.479622,2690.529685515152,35.730624000000006,86849.687088,15108.051786203006,78.83095180000001,60.556016,10.125252333248875,0.37167402598507815,59,64,,False,True,,144,87.6246207195492
86,2026-09-18T06:49:24.562+00:00,2026-09-18T06:50:52.444+00:00,2026-09-18T06:50:55.061+00:00,True,41,41.0,,41.0,87882.23368,90498.625104,90498.625128,2207.2835397073172,31.823341,87882.23368,13714.689822577799,94.876444,65.4097856,13.076302340803066,0.4530455568013686,59,64,,False,True,,193,87.6246207195492
87,2026-09-18T06:49:24.896+00:00,2026-09-18T06:50:53.639+00:00,2026-09-18T06:50:56.372+00:00,True,44,44.0,,44.0,88743.171958,91475.74130200001,91475.741351,2078.9941216136367,38.384749000000006,88743.171958,13368.962780709893,94.97065225,63.54812427906977,13.309931487123624,0.48100184129404805,59,64,,False,True,,201,87.6246207195492
88,2026-09-18T06:49:25.199+00:00,2026-09-18T06:50:54.696+00:00,2026-09-18T06:50:58.193+00:00,True,57,57.0,,57.0,89496.511587,92993.991011,92993.990995,1631.47352622807,36.665382,89496.511587,11845.834532207631,85.32188180000001,62.454989714285716,10.247786514750613,0.6129428297496945,59,64,,False,True,,363,87.6246207195492
89,2026-09-18T06:49:25.520+00:00,2026-09-18T06:50:55.928+00:00,2026-09-18T06:50:58.317+00:00,True,39,39.0,,39.0,90407.950933,92796.731733,92796.731792,2379.4033792820514,42.591440999999996,90407.950933,14466.7939435651,72.15756720000002,62.862652631578946,7.215590623001087,0.4202734220447872,59,64,,False,True,,242,87.6246207195492
90,2026-09-18T06:49:25.837+00:00,2026-09-18T06:50:57.194+00:00,2026-09-18T06:51:02.096+00:00,True,80,80.0,,80.0,91356.687549,96258.791357,96258.791287,1203.2348910875,39.999656,91356.687549,10207.053660537551,69.41425944999999,62.05194693670886,8.007350209129424,0.8310929201604021,59,64,,False,True,,447,87.6246207195492
91,2026-09-18T06:49:26.134+00:00,2026-09-18T06:50:58.131+00:00,2026-09-18T06:51:03.014+00:00,True,80,80.0,,80.0,91996.849267,96879.730291,96879.73011,1210.996626375,35.372544999999995,91996.849267,10278.65320727828,68.9430044,61.808620556962026,8.145945979712343,0.8257661304351493,59,64,,False,True,,452,87.6246207195492
92,2026-09-18T06:49:26.539+00:00,2026-09-18T06:50:59.657+00:00,2026-09-18T06:51:01.589+00:00,True,32,32.0,,32.0,93118.252234,95049.93812199999,95049.938169,2970.31056778125,38.682418,93118.252234,16450.123486754725,78.90181385000001,62.312448,8.191939927779744,0.33666513237417217,59,64,,True,True,,100,87.6246207195492
93,2026-09-18T06:49:26.800+00:00,2026-09-18T06:51:00.446+00:00,2026-09-18T06:51:05.545+00:00,True,84,84.0,,84.0,93645.60463,98745.217302,98745.217472,1175.5383032380953,35.822224,93645.60463,10210.871950697183,69.61249244999999,61.44111653012048,7.317216390552813,0.8506741115683245,59,64,,True,True,,432,87.6246207195492
94,2026-09-18T06:49:27.095+00:00,2026-09-18T06:51:01.773+00:00,2026-09-18T06:51:05.484+00:00,True,61,61.0,,61.0,94677.979442,98389.137458,98389.137594,1612.9366818688525,36.676922,94677.979442,12114.355857192399,68.170394,61.852633600000004,7.345067746668413,0.6199871406133575,59,64,,True,True,,283,87.6246207195492
95,2026-09-18T06:49:27.458+00:00,2026-09-18T06:51:03.136+00:00,2026-09-18T06:51:05.728+00:00,True,43,43.0,,43.0,95678.005964,98269.70874799999,98269.708617,2285.342060860465,40.473265,95678.005964,14581.350515910375,68.54799940000001,61.70720914285714,7.031086009677618,0.4375712571843269,59,64,,True,True,,217,87.6246207195492
96,2026-09-18T06:49:27.758+00:00,2026-09-18T06:51:04.357+00:00,2026-09-18T06:51:04.911+00:00,True,10,10.0,,10.0,96598.677012,97153.164308,97153.164366,9715.3164366,56.385706,96598.677012,30527.70138080914,53160.328158,61.60969955555555,4.134089840887565,0.10293025524415737,59,64,,True,True,,40,87.6246207195492
97,2026-09-18T06:49:28.034+00:00,2026-09-18T06:51:05.419+00:00,2026-09-18T06:51:10.602+00:00,True,84,84.0,,84.0,97384.884869,102567.862661,102567.86272800001,1221.045984857143,34.266347,97384.884869,10618.755410034957,92.15230374999999,62.44551556626506,12.015388558536765,0.8189699757869657,59,64,,True,True,,374,87.6246207195492
98,2026-09-18T06:49:28.298+00:00,2026-09-18T06:51:06.452+00:00,2026-09-18T06:51:09.732+00:00,True,54,54.0,,54.0,98154.122858,101434.158698,101434.158838,1878.410348851852,37.91126,98154.122858,13348.668623021016,91.35248055,61.88746867924529,12.941375147505525,0.5323650404670308,59,64,,True,True,,229,87.6246207195492
99,2026-09-18T06:49:28.750+00:00,2026-09-18T06:51:08.104+00:00,2026-09-18T06:51:11.959+00:00,True,62,62.0,,62.0,99354.05051999999,103209.40386399999,103209.40400499999,1664.6678065322578,40.729365,99354.05051999999,12609.95508429254,90.68658275,63.20251383606558,11.068218870419784,0.600720454520772,59,64,,True,True,,338,87.6246207195492
100,2026-09-18T06:49:29.080+00:00,2026-09-18T06:51:09.544+00:00,2026-09-18T06:51:11.279+00:00,True,29,29.0,,29.0,100463.764449,102198.70512099999,102198.705139,3524.0932806551723,35.838493,100463.764449,18644.148056258608,70.2081104,61.96216685714286,7.4310049096922715,0.2837609338167732,59,64,,True,True,,152,87.6246207195492
101,2026-09-18T06:49:29.524+00:00,2026-09-18T06:51:11.371+00:00,2026-09-18T06:51:15.839+00:00,True,72,72.0,,72.0,101847.161182,106315.257438,106315.257434,1476.6007976944443,40.000276,101847.161182,11995.389059144525,74.71166265,62.930933183098595,7.780841839256166,0.677231111837248,59,64,,True,True,,384,87.6246207195492
102,2026-09-18T06:49:29.912+00:00,2026-09-18T06:51:12.532+00:00,2026-09-18T06:51:16.021+00:00,True,57,57.0,,57.0,102620.09267499999,106109.08569899999,106109.085618,1861.5629055789473,38.936558,102620.09267499999,13584.112671845536,68.0187244,62.30344685714286,6.738485665124569,0.5371830284325708,59,64,,True,True,,246,87.6246207195492
103,2026-09-18T06:49:30.318+00:00,2026-09-18T06:51:14.143+00:00,2026-09-18T06:51:15.331+00:00,True,20,20.0,,20.0,103825.197338,105013.267994,105013.267899,5250.66339495,55.864137,103825.197338,23202.03803006695,5255.6791047,62.53003452631579,3.6179052833525915,0.19045212459384384,59,64,,True,True,,98,87.6246207195492
104,2026-09-18T06:49:30.757+00:00,2026-09-18T06:51:15.775+00:00,2026-09-18T06:51:20.146+00:00,True,68,68.0,,68.0,105017.794294,109389.02040600001,109389.02037500001,1608.6620643382355,35.159275,105017.794294,12727.3722699107,94.18173585000001,65.2421807761194,12.302224984094412,0.6216346005075861,59,64,,True,True,,244,87.6246207195492
105,2026-09-18T06:49:31.174+00:00,2026-09-18T06:51:17.414+00:00,2026-09-18T06:51:22.024+00:00,True,73,73.0,,73.0,106239.575036,110849.863164,110849.863063,1518.4912748356164,34.69187599999999,106239.575036,12426.913883847019,94.50715900000002,64.03177955555556,12.796253212259273,0.6585483997575898,59,64,,True,True,,308,87.6246207195492
106,2026-09-18T06:49:31.535+00:00,2026-09-18T06:51:18.803+00:00,2026-09-18T06:51:23.896+00:00,True,81,81.0,,81.0,107267.565006,112360.62433400001,112360.624211,1387.1682001358026,37.52728,107267.565006,11911.550593263026,94.08170600000001,63.6632416,11.983505627645657,0.7208931107326504,59,64,,True,True,,398,87.6246207195492
107,2026-09-18T06:49:31.793+00:00,2026-09-18T06:51:19.479+00:00,2026-09-18T06:51:22.278+00:00,True,46,46.0,,46.0,107686.839232,110485.212096,110485.212243,2401.8524400652173,35.578295,107686.839232,15868.392586088614,87.54710325,62.186063644444445,10.180202230178761,0.41634531108136763,59,64,,True,True,,227,87.6246207195492
108,2026-09-18T06:49:32.149+00:00,2026-09-18T06:51:21.077+00:00,2026-09-18T06:51:26.788+00:00,True,92,92.0,,92.0,108928.197658,114639.196698,114639.19655000001,1246.0782233695652,37.579341,108928.197658,11350.011609209372,90.96952885,62.75823120879121,10.661604241187124,0.8025178355214786,59,64,,True,True,,446,87.6246207195492
109,2026-09-18T06:49:32.528+00:00,2026-09-18T06:51:22.464+00:00,2026-09-18T06:51:28.501+00:00,True,96,96.0,,96.0,109936.46463500001,115972.89753100001,115972.89763400001,1208.0510170208333,39.130678,109936.46463500001,11213.864192151734,92.31544875000002,63.54139890526316,11.586143407664489,0.8277796109590072,59,64,,True,True,,419,87.6246207195492
110,2026-09-18T06:49:32.984+00:00,2026-09-18T06:51:24.457+00:00,2026-09-18T06:51:28.507+00:00,True,65,65.0,,65.0,111473.30704500001,115523.348133,115523.34815,1777.2822792307693,38.956968,111473.30704500001,13818.71770480634,94.72977940000001,63.281892,11.614173019066452,0.5626568226291938,59,64,,True,True,,310,87.6246207195492
111,2026-09-18T06:49:33.277+00:00,2026-09-18T06:51:25.587+00:00,2026-09-18T06:51:27.755+00:00,True,36,36.0,,36.0,112310.846707,114478.36696300001,114478.366796,3179.954633222222,39.808626,112310.846707,18708.15642571024,91.966945,61.92915017142857,11.608693695294416,0.31446989466259057,59,64,,True,True,,139,87.6246207195492
112,2026-09-18T06:49:33.602+00:00,2026-09-18T06:51:26.839+00:00,2026-09-18T06:51:31.542+00:00,True,76,76.0,,76.0,113237.427595,117940.260235,117940.260222,1551.8455292368421,35.926133,113237.427595,12982.037038969105,89.5585415,62.704435200000006,12.51747131108471,0.6443940334586968,59,64,,True,True,,341,87.6246207195492
113,2026-09-18T06:49:34.055+00:00,2026-09-18T06:51:28.633+00:00,2026-09-18T06:51:32.047+00:00,True,57,57.0,,57.0,114578.26933699999,117992.58818499999,117992.588228,2070.045407508772,35.812984,114578.26933699999,15168.190830095218,82.3532992,60.96997942857143,11.095800688978601,0.4830811907492866,59,64,,True,True,,198,87.6246207195492
114,2026-09-18T06:49:34.385+00:00,2026-09-18T06:51:30.254+00:00,2026-09-18T06:51:32.046+00:00,True,30,30.0,,30.0,115868.55184199999,117660.73820999998,117660.73810499998,3922.0246034999996,37.74646,115868.55184199999,21143.32553663559,81.23587814999999,61.799529931034485,9.402141191406296,0.25497035337697976,59,64,,True,True,,135,87.6246207195492
115,2026-09-18T06:49:35.172+00:00,2026-09-18T06:51:33.039+00:00,2026-09-18T06:51:39.090+00:00,True,97,97.0,,97.0,117866.772788,123918.105396,123918.105339,1277.5062406082475,36.212383,117866.772788,11961.16372384445,92.8009486,63.034714666666666,12.394291150885426,0.7827750407417954,59,64,,True,True,,390,87.6246207195492
116,2026-09-18T06:49:35.238+00:00,2026-09-18T06:51:33.132+00:00,2026-09-18T06:51:38.018+00:00,True,79,79.0,,79.0,117893.929606,122779.89312600001,122779.893134,1554.1758624556962,35.782264000000005,117893.929606,13257.06191220097,93.3864997,62.640557948717955,12.848408100146901,0.643427828357271,59,64,,True,True,,450,87.6246207195492
117,2026-09-18T06:49:35.423+00:00,2026-09-18T06:51:34.483+00:00,2026-09-18T06:51:34.739+00:00,True,5,5.0,,5.0,119060.13776700001,119316.33898300001,119316.338923,23863.2677846,37.514951,119060.13776700001,53216.67238742434,95267.4229738,64.050304,24.575716942814374,0.04190540912181685,59,64,,True,True,,31,87.6246207195492
118,2026-09-18T06:49:35.869+00:00,2026-09-18T06:51:36.458+00:00,2026-09-18T06:51:40.862+00:00,True,72,72.0,,72.0,120588.966795,124993.147787,124993.147644,1736.0159395,36.528063,120588.966795,14204.239020087103,89.32991795,62.03071819718309,9.874489744219964,0.5760315767284677,59,64,,True,True,,371,87.6246207195492
119,2026-09-18T06:49:36.228+00:00,2026-09-18T06:51:38.018+00:00,2026-09-18T06:51:44.071+00:00,True,99,99.0,,99.0,121789.998061,127843.12010900001,127843.12000800001,1291.3446465454547,35.999834,121789.998061,12234.15102125557,72.0885662,61.76655151020408,9.216265599899645,0.7743866069256746,59,64,,True,True,,424,87.6246207195492
120,2026-09-18T06:49:36.527+00:00,2026-09-18T06:51:39.468+00:00,2026-09-18T06:51:44.762+00:00,True,87,87.0,,87.0,122940.64879899999,128235.13481499998,128235.13488799999,1473.9670676781607,38.814368,122940.64879899999,13174.023212076545,69.11449569999999,61.56379088372093,8.133406120445088,0.6784412097785185,59,64,,True,True,,460,87.6246207195492
121,2026-09-18T06:49:36.929+00:00,2026-09-18T06:51:40.860+00:00,2026-09-18T06:51:44.762+00:00,True,64,64.0,,64.0,123930.794975,127832.806111,127832.806041,1997.387594390625,38.251580000000004,123930.794975,15483.60963200425,72.9855938,61.9366846984127,8.591133338181445,0.5006539553268307,59,64,,True,True,,277,87.6246207195492
122,2026-09-18T06:49:37.360+00:00,2026-09-18T06:51:42.757+00:00,2026-09-18T06:51:45.248+00:00,True,42,42.0,,42.0,125397.11521799999,127887.90689799999,127887.90689999999,3044.950164285714,34.383966,125397.11521799999,19339.822237648226,67.48419905,60.75101658536585,7.368068188602685,0.328412599898895,59,64,,True,True,,216,87.6246207195492
123,2026-09-18T06:49:37.699+00:00,2026-09-18T06:51:43.823+00:00,2026-09-18T06:51:46.904+00:00,True,52,52.0,,52.0,126123.20775300001,129204.36000900001,129204.36012000001,2484.699233076923,35.572813000000004,126123.20775300001,17481.76663952863,70.90757135,60.41475011764706,9.69568202631387,0.4024631985822911,59,64,,True,True,,192,87.6246207195492
124,2026-09-18T06:49:37.955+00:00,2026-09-18T06:51:44.759+00:00,2026-09-18T06:51:45.631+00:00,True,16,16.0,,16.0,126803.944648,127676.28820000001,127676.288333,7979.7680208125,37.293541,126803.944648,31686.448645298093,31751.283355749998,58.156236799999995,10.241324069916429,0.12531692631083238,59,64,,True,True,,59,87.6246207195492
125,2026-09-18T06:49:38.263+00:00,2026-09-18T06:51:45.751+00:00,2026-09-18T06:51:45.751+00:00,True,1,1.0,,1.0,127488.243928,127488.243928,127488.243928,127488.243928,127488.243928,127488.243928,nan,127488.243928,nan,nan,0.007843860494029221,59,64,,True,True,,3,87.6246207195492
126,2026-09-18T06:49:38.714+00:00,2026-09-18T06:51:47.596+00:00,2026-09-18T06:51:50.859+00:00,True,55,55.0,,55.0,128881.26542299999,132144.403471,132144.40349,2402.625518,37.142731,128881.26542299999,17370.19966848653,68.55925950000001,60.428482370370375,7.428460739030289,0.4162113457348962,59,64,,True,True,,264,87.6246207195492
127,2026-09-18T06:49:39.095+00:00,2026-09-18T06:51:49.001+00:00,2026-09-18T06:51:49.966+00:00,True,17,17.0,,17.0,129906.341264,130871.00968,130871.009646,7698.294685058823,37.096121,129906.341264,31492.294198845084,26040.573478399998,60.291776,9.79227514314966,0.1298988984769633,59,64,,True,True,,65,87.6246207195492
128,2026-09-18T06:49:39.403+00:00,2026-09-18T06:51:49.898+00:00,2026-09-18T06:51:55.176+00:00,True,85,85.0,,85.0,130495.39149,135773.520898,135773.520912,1597.3355401411764,36.841741999999996,130495.39149,14147.401225397858,89.43321320000001,62.834873904761906,10.855002987886976,0.6260425408269139,59,64,,True,True,,379,87.6246207195492
129,2026-09-18T06:49:39.830+00:00,2026-09-18T06:51:51.425+00:00,2026-09-18T06:51:52.563+00:00,True,18,18.0,,18.0,131594.707934,132732.681182,132732.681102,7374.0378390000005,52.314663,131594.707934,31001.393996942494,19821.04359595,66.93960282352941,10.568285038972384,0.13561091239706682,59,64,,True,True,,53,87.6246207195492
130,2026-09-18T06:49:40.209+00:00,2026-09-18T06:51:52.745+00:00,2026-09-18T06:51:56.034+00:00,True,54,54.0,,54.0,132535.285463,135824.97634300002,135824.976461,2515.2773418703705,37.054641000000004,132535.285463,18027.324212707535,80.65766415,62.06963924528302,10.350919551190387,0.39757047233811643,59,64,,True,True,,257,87.6246207195492
131,2026-09-18T06:49:40.658+00:00,2026-09-18T06:51:54.523+00:00,2026-09-18T06:51:57.716+00:00,True,55,55.0,,55.0,133865.871684,137058.911044,137058.910972,2491.9801994909094,36.866061,133865.871684,18042.500835869956,81.2936127,59.13035851851851,11.369685490656298,0.4012872974187235,59,64,,True,True,,209,87.6246207195492
132,2026-09-18T06:49:41.049+00:00,2026-09-18T06:51:56.031+00:00,2026-09-18T06:52:00.727+00:00,True,79,79.0,,79.0,134981.843796,139678.21832400002,139678.218172,1768.0787110379747,36.023123,134981.843796,15179.872613628657,69.67091860000001,60.20992984615385,9.32886139725062,0.5655856793415722,59,64,,True,True,,426,87.6246207195492
133,2026-09-18T06:49:41.338+00:00,2026-09-18T06:51:57.430+00:00,2026-09-18T06:52:02.911+00:00,True,90,90.0,,90.0,136091.80063100002,141572.77496700003,141572.77476400003,1573.0308307111113,35.60005399999999,136091.80063100002,14338.847465930376,83.63317455,61.58398130337079,10.25373686561616,0.6357154475567678,59,64,,True,True,,464,87.6246207195492
134,2026-09-18T06:49:41.753+00:00,2026-09-18T06:51:58.855+00:00,2026-09-18T06:52:03.226+00:00,True,71,71.0,,71.0,137102.22644,141473.648392,141473.648532,1992.5865990422535,33.474438,137102.22644,16263.633459067098,92.84052199999998,62.448885028571425,11.51008492393483,0.5018602461093729,59,64,,True,True,,303,87.6246207195492
135,2026-09-18T06:49:42.042+00:00,2026-09-18T06:51:59.908+00:00,2026-09-18T06:52:02.225+00:00,True,38,38.0,,38.0,137866.177021,140183.491837,140183.491931,3689.0392613421054,36.056783,137866.177021,22354.689535056605,91.23225685000001,62.63013016216216,10.329480509722046,0.27107328760354277,59,64,,True,True,,200,87.6246207195492
136,2026-09-18T06:49:42.391+00:00,2026-09-18T06:52:00.971+00:00,2026-09-18T06:52:03.706+00:00,True,45,45.0,,45.0,138579.969663,141315.268223,141315.268105,3140.339291222222,35.726534,138579.969663,20649.01859210428,93.0965766,62.165876363636364,12.278579149020704,0.31843692876121893,59,64,,True,True,,203,87.6246207195492
137,2026-09-18T06:49:42.663+00:00,2026-09-18T06:52:02.229+00:00,2026-09-18T06:52:03.640+00:00,True,24,24.0,,24.0,139566.19571,140976.914942,140976.914901,5874.038120875,36.181453000000005,139566.19571,28476.313788873686,97.38320485,61.3356187826087,14.367006965208658,0.170240638404337,59,64,,True,True,,109,87.6246207195492
138,2026-09-18T06:49:43.065+00:00,2026-09-18T06:52:03.767+00:00,2026-09-18T06:52:07.365+00:00,True,58,58.0,,58.0,140701.959396,144300.197092,144300.19705,2487.9344318965514,36.864171999999996,140701.959396,18466.787063674372,92.73345635,63.12697712280702,11.725219456629757,0.40193985295128554,59,64,,True,True,,289,87.6246207195492
139,2026-09-18T06:49:43.353+00:00,2026-09-18T06:52:04.747+00:00,2026-09-18T06:52:08.247+00:00,True,57,57.0,,57.0,141394.547429,144894.209253,144894.209188,2542.003669964912,37.002742,141394.547429,18719.891210713,92.8518982,62.493961142857145,11.417554405710373,0.39339046255790805,59,64,,True,True,,237,87.6246207195492
140,2026-09-18T06:49:43.712+00:00,2026-09-18T06:52:06.472+00:00,2026-09-18T06:52:11.350+00:00,True,80,80.0,,80.0,142760.401768,147637.945192,147637.945098,1845.4743137250002,34.711305,142760.401768,15954.198207517824,77.453732,61.741056,9.722387823213484,0.5418661164374897,59,64,,True,True,,324,87.6246207195492
141,2026-09-18T06:49:44.116+00:00,2026-09-18T06:52:07.814+00:00,2026-09-18T06:52:10.124+00:00,True,39,39.0,,39.0,143698.191732,146008.010868,146008.010778,3743.795148153846,35.571664,143698.191732,23000.394146517614,69.9987103,60.784714105263156,7.965521288912446,0.26710863169869725,59,64,,True,True,,162,87.6246207195492
142,2026-09-18T06:49:44.469+00:00,2026-09-18T06:52:09.196+00:00,2026-09-18T06:52:14.395+00:00,True,85,85.0,,85.0,144727.082308,149926.30739600002,149926.307287,1763.8389092588236,38.795387999999996,144727.082308,15691.145615104797,87.94928759999999,61.89553676190476,9.788191328528804,0.5669451977863343,59,64,,True,True,,313,87.6246207195492
143,2026-09-18T06:49:44.861+00:00,2026-09-18T06:52:10.616+00:00,2026-09-18T06:52:14.077+00:00,True,56,56.0,,56.0,145754.50922600002,149215.84324200003,149215.843205,2664.5686286607147,38.574398,145754.50922600002,19468.8589495388,90.108497,62.933345745454545,11.259153236735365,0.37529526880854425,59,64,,True,True,,270,87.6246207195492
144,2026-09-18T06:49:45.126+00:00,2026-09-18T06:52:11.795+00:00,2026-09-18T06:52:16.594+00:00,True,78,78.0,,78.0,146668.780977,151468.251569,151468.251593,1941.9006614487178,35.211834,146668.780977,16599.914986216132,88.72308655,62.330786909090904,10.576279802884818,0.5149594003497677,59,64,,True,True,,329,87.6246207195492
145,2026-09-18T06:49:45.458+00:00,2026-09-18T06:52:13.121+00:00,2026-09-18T06:52:19.111+00:00,True,96,96.0,,96.0,147662.303438,153652.178894,153652.179045,1600.54353171875,35.805344,147662.303438,15064.290663041476,92.6126175,63.05132058947369,12.431614398865156,0.6247877556375396,59,64,,True,True,,412,87.6246207195492
146,2026-09-18T06:49:45.766+00:00,2026-09-18T06:52:14.204+00:00,2026-09-18T06:52:17.590+00:00,True,55,55.0,,55.0,148438.272366,151824.173422,151824.173407,2760.4395164909088,33.469338,148438.272366,20006.961992252614,94.42067359999999,62.70187140740741,13.004459291719897,0.36226115222854394,59,64,,True,True,,249,87.6246207195492
147,2026-09-18T06:49:46.176+00:00,2026-09-18T06:52:15.947+00:00,2026-09-18T06:52:17.248+00:00,True,22,22.0,,22.0,149770.587046,151072.115366,151072.115401,6866.9143364090905,36.325302,149770.587046,31917.98642698228,101.61840975,61.97753904761905,15.610997685230084,0.1456258155034167,59,64,,True,True,,116,87.6246207195492
148,2026-09-18T06:49:46.504+00:00,2026-09-18T06:52:17.116+00:00,2026-09-18T06:52:20.617+00:00,True,55,55.0,,55.0,150612.306661,154112.478181,154112.47816700002,2802.0450575818186,38.428088,150612.306661,20299.823850273384,95.55456609999999,64.81799111111111,13.822971193821582,0.3568821983084609,59,64,,True,True,,260,87.6246207195492
149,2026-09-18T06:49:46.933+00:00,2026-09-18T06:52:18.740+00:00,2026-09-18T06:52:19.292+00:00,True,11,11.0,,11.0,151806.502728,152358.051912,152358.051879,13850.731989,35.860364000000004,151806.502728,45754.75396832706,75935.6345835,55.1549184,10.321582908393367,0.07219835028051852,59,64,,True,True,,66,87.6246207195492
150,2026-09-18T06:49:47.206+00:00,2026-09-18T06:52:19.968+00:00,2026-09-18T06:52:22.663+00:00,True,43,43.0,,43.0,152762.029281,155456.417505,155456.417549,3615.2655243953486,36.510902,152762.029281,23286.210228827385,90.5588925,64.15210057142858,10.397787465108285,0.27660485613993374,59,64,,True,True,,250,87.6246207195492
151,2026-09-18T06:49:47.534+00:00,2026-09-18T06:52:21.129+00:00,2026-09-18T06:52:25.255+00:00,True,66,66.0,,66.0,153595.234972,157721.30473200002,157721.304641,2389.7167369848485,38.948057,153595.234972,18898.456603935298,94.14814974999999,63.4779963076923,11.957884143248341,0.41845963747349907,59,64,,True,True,,269,87.6246207195492
152,2026-09-18T06:49:47.983+00:00,2026-09-18T06:52:22.780+00:00,2026-09-18T06:52:27.926+00:00,True,82,82.0,,82.0,154797.075993,159942.587417,159942.58736200002,1950.519358073171,39.769247,154797.075993,17087.465408772012,92.91430265000001,63.52483239506173,10.553962404189388,0.5126839656920816,59,64,,True,True,,347,87.6246207195492
153,2026-09-18T06:49:48.778+00:00,2026-09-18T06:52:23.757+00:00,2026-09-18T06:52:29.611+00:00,True,94,94.0,,94.0,154979.687477,160833.237301,160833.237156,1710.991884638298,34.620605000000005,154979.687477,15978.445703191923,84.07395695,62.94139595698925,10.43711886891241,0.5844563075235416,59,64,,True,True,,478,87.6246207195492
154,2026-09-18T06:49:48.896+00:00,2026-09-18T06:52:25.725+00:00,2026-09-18T06:52:27.989+00:00,True,37,37.0,,37.0,156829.22614800002,159093.346724,159093.346538,4299.820176702703,39.810635000000005,156829.22614800002,25772.22779851823,79.03143720000001,62.892238222222225,8.171018408796085,0.2325678651049357,59,64,,True,True,,172,87.6246207195492
155,2026-09-18T06:49:48.937+00:00,2026-09-18T06:52:26.102+00:00,2026-09-18T06:52:31.042+00:00,True,81,81.0,,81.0,157165.62525,162105.050786,162105.050762,2001.2969229876544,38.929398,157165.62525,17455.989341710523,71.79878599999999,61.7428192,9.220820390619775,0.4996759792940113,59,64,,True,True,,298,87.6246207195492
156,2026-09-18T06:49:49.302+00:00,2026-09-18T06:52:27.812+00:00,2026-09-18T06:52:29.544+00:00,True,29,29.0,,29.0,158510.00983700002,160241.72260500002,160241.722459,5525.576636517242,39.872266,158510.00983700002,29423.087567122635,96.5526096,61.846884571428575,12.00893783933376,0.18097658667515545,59,64,,True,True,,84,87.6246207195492
157,2026-09-18T06:49:49.687+00:00,2026-09-18T06:52:29.165+00:00,2026-09-18T06:52:29.612+00:00,True,8,8.0,,8.0,159478.727493,159925.418821,159925.41901,19990.67737625,55.641616,159478.727493,56361.68363340042,103684.975157,63.81304685714286,4.124778473870463,0.05002331748747317,59,64,,True,True,,23,87.6246207195492
158,2026-09-18T06:49:50.055+00:00,2026-09-18T06:52:30.688+00:00,2026-09-18T06:52:36.553+00:00,True,91,91.0,,91.0,160633.019555,166498.499491,166498.49965100002,1829.6538423186814,38.82183800000001,160633.019555,16832.090053489705,101.336001,65.17199928888888,14.372386395173368,0.5465514721045217,59,64,,True,True,,452,87.6246207195492
159,2026-09-18T06:49:50.388+00:00,2026-09-18T06:52:31.848+00:00,2026-09-18T06:52:35.218+00:00,True,53,53.0,,53.0,161460.101187,164829.450563,164829.450656,3109.989635018868,38.348708,161460.101187,22169.354730406154,100.95420160000002,64.7951803076923,14.229653120938172,0.3215444801822154,59,64,,True,True,,217,87.6246207195492
160,2026-09-18T06:49:50.684+00:00,2026-09-18T06:52:33.143+00:00,2026-09-18T06:52:35.976+00:00,True,45,45.0,,45.0,162458.56446,165291.65118,165291.651009,3673.1478002,34.681305,162458.56446,24208.29932399081,99.30968879999999,64.38833454545454,15.515355823618464,0.27224605525294027,59,64,,True,True,,168,87.6246207195492
161,2026-09-18T06:49:51.113+00:00,2026-09-18T06:52:35.127+00:00,2026-09-18T06:52:36.725+00:00,True,25,25.0,,25.0,164013.954012,165611.482588,165611.48242400002,6624.45929696,37.029411,164013.954012,32789.4815776084,100.143295,66.56369066666666,15.502402460610119,0.1509557164112452,59,64,,True,True,,118,87.6246207195492
162,2026-09-18T06:49:51.476+00:00,2026-09-18T06:52:36.485+00:00,2026-09-18T06:52:41.392+00:00,True,79,79.0,,79.0,165008.85763100002,169916.28188700002,169916.28187500002,2150.8390110759497,34.794565999999996,165008.85763100002,18557.87239453081,89.8212555,62.91569558974359,12.319500566931227,0.46493484392824475,59,64,,True,True,,417,87.6246207195492
163,2026-09-18T06:49:51.790+00:00,2026-09-18T06:52:37.542+00:00,2026-09-18T06:52:37.904+00:00,True,7,7.0,,7.0,165752.650039,166114.013239,166114.013165,23730.573309285715,47.091882,165752.650039,62625.849631879435,116046.5810707,60.2272,7.2243963419354005,0.04213973200399779,59,64,,True,True,,39,87.6246207195492
164,2026-09-18T06:49:52.051+00:00,2026-09-18T06:52:38.274+00:00,2026-09-18T06:52:43.179+00:00,True,79,79.0,,79.0,166222.839737,171128.086201,171128.085996,2166.1783037468354,35.039545,166222.839737,18694.458257223487,90.12609859999999,62.88777517948718,10.835419749314465,0.46164251440999493,59,64,,True,True,,274,87.6246207195492
165,2026-09-18T06:49:52.408+00:00,2026-09-18T06:52:39.968+00:00,2026-09-18T06:52:40.783+00:00,True,15,15.0,,15.0,167560.045189,168374.675589,168374.675581,11224.978372066666,35.371294,167560.045189,43248.79474186166,50318.5422062,58.18788571428571,10.374439236922635,0.08908703133370705,59,64,,True,True,,35,87.6246207195492
166,2026-09-18T06:49:52.803+00:00,2026-09-18T06:52:41.674+00:00,2026-09-18T06:52:47.195+00:00,True,89,89.0,,89.0,168871.505287,174392.486023,174392.48596700002,1959.4661344606743,35.157274,168871.505287,17893.697473562544,90.45719079999999,62.738417454545456,11.991905042491275,0.5103430889118818,59,64,,True,True,,341,87.6246207195492
167,2026-09-18T06:49:53.054+00:00,2026-09-18T06:52:42.542+00:00,2026-09-18T06:52:43.234+00:00,True,12,12.0,,12.0,169488.650493,170180.354045,170180.354043,14181.69617025,42.005241999999996,169488.650493,48909.007822421554,76321.04420024999,62.882141090909094,12.005658507913287,0.07051342716578729,59,64,,True,True,,57,87.6246207195492
168,2026-09-18T06:49:53.456+00:00,2026-09-18T06:52:44.051+00:00,2026-09-18T06:52:48.042+00:00,True,64,64.0,,64.0,170595.678901,174586.50923700002,174586.50918300002,2727.9142059843753,35.399214,170595.678901,21316.545722343984,92.65543165,63.34651326984127,13.446580678149036,0.3665804435846783,59,64,,True,True,,324,87.6246207195492
169,2026-09-18T06:49:53.851+00:00,2026-09-18T06:52:45.414+00:00,2026-09-18T06:52:48.801+00:00,True,54,54.0,,54.0,171562.73499,174949.675406,174949.675197,3239.808799944444,36.102393,171562.73499,23338.03888349115,95.07427329999999,63.9045361509434,13.965851466766521,0.3086601897070341,59,64,,True,True,,318,87.6246207195492
170,2026-09-18T06:49:54.254+00:00,2026-09-18T06:52:47.129+00:00,2026-09-18T06:52:48.740+00:00,True,26,26.0,,26.0,172875.595166,174486.13443,174486.134273,6711.005164346155,43.491369,172875.595166,33891.06214095444,107.53300225000001,64.42157056,13.718620122460464,0.14900897475283706,59,64,,True,True,,114,87.6246207195492
171,2026-09-18T06:49:54.508+00:00,2026-09-18T06:52:48.162+00:00,2026-09-18T06:52:53.541+00:00,True,86,86.0,,86.0,173653.940371,179032.97781100002,179032.977725,2081.778810755814,35.068025,173653.940371,18718.7656472676,90.55042325000001,63.2827934117647,11.740201250793335,0.4803584292207201,59,64,,True,True,,378,87.6246207195492
172,2026-09-18T06:49:54.841+00:00,2026-09-18T06:52:49.248+00:00,2026-09-18T06:52:50.278+00:00,True,18,18.0,,18.0,174406.97990799998,175437.31642,175437.316543,9746.51758572222,37.057430999999994,174406.97990799998,41093.83454226588,26218.92490825,60.60803011764706,7.242047574895669,0.10260074861671781,59,64,,True,True,,67,87.6246207195492
173,2026-09-18T06:49:55.114+00:00,2026-09-18T06:52:50.276+00:00,2026-09-18T06:52:56.049+00:00,True,89,89.0,,89.0,175162.376801,180935.450977,180935.451077,2032.9825963707865,37.946869,175162.376801,18560.225638328197,94.24161540000001,65.60311563636364,13.352207382398836,0.4918881265082399,59,64,,True,True,,369,87.6246207195492
174,2026-09-18T06:49:55.492+00:00,2026-09-18T06:52:52.048+00:00,2026-09-18T06:52:54.975+00:00,True,46,46.0,,46.0,176555.897619,179483.315731,179483.31578,3901.8112126086958,38.045999,176555.897619,26022.158905277392,98.4248285,65.05373582222222,13.91905733787734,0.25629123137519,59,64,,True,True,,221,87.6246207195492
175,2026-09-18T06:49:55.771+00:00,2026-09-18T06:52:52.860+00:00,2026-09-18T06:52:58.974+00:00,True,95,95.0,,95.0,177089.323696,183203.25752,183203.257525,1928.455342368421,34.231605,177089.323696,18162.313134879394,96.3522178,65.04184919148936,13.600484872826309,0.5185497315168045,59,64,,True,True,,370,87.6246207195492
176,2026-09-18T06:49:56.023+00:00,2026-09-18T06:52:53.784+00:00,2026-09-18T06:52:56.045+00:00,True,34,34.0,,34.0,177761.74381400002,180022.68103,180022.681141,5294.7847394411765,41.856182000000004,177761.74381400002,30474.140830288146,100.4286765,68.51324896969697,14.181029330264536,0.18886509080671923,59,64,,True,True,,114,87.6246207195492
177,2026-09-18T06:49:56.403+00:00,2026-09-18T06:52:55.419+00:00,2026-09-18T06:53:00.213+00:00,True,76,76.0,,76.0,179016.459991,183810.39202300002,183810.39189600002,2418.557788105263,38.721828,179016.459991,20527.268359837202,94.29464625,63.919093759999996,13.078298440587995,0.41346954959157145,59,64,,True,True,,321,87.6246207195492
178,2026-09-18T06:49:56.753+00:00,2026-09-18T06:52:56.685+00:00,2026-09-18T06:52:59.859+00:00,True,51,51.0,,51.0,179931.96602300002,183105.442631,183105.44252500002,3590.302794607843,34.484816,179931.96602300002,25186.63119850622,95.5999715,63.46953216,14.086099202094559,0.27852803973051116,59,64,,True,True,,193,87.6246207195492
179,2026-09-18T06:49:57.200+00:00,2026-09-18T06:52:58.396+00:00,2026-09-18T06:53:00.653+00:00,True,37,37.0,,37.0,181195.479423,183453.046143,183453.04630500003,4958.190440675676,36.344712,181195.479423,29778.046322112576,95.782668,62.710186666666665,12.35677738134864,0.20168648478673298,59,64,,True,True,,161,87.6246207195492
180,2026-09-18T06:49:57.515+00:00,2026-09-18T06:52:59.446+00:00,2026-09-18T06:53:01.735+00:00,True,38,38.0,,38.0,181931.17891100002,184219.264415,184219.26430700003,4847.875376500001,35.216574,181931.17891100002,29503.103852961467,77.68932145,61.84014875675676,8.735827591285993,0.20627592950537182,59,64,,True,True,,159,87.6246207195492
181,2026-09-18T06:49:57.966+00:00,2026-09-18T06:53:01.471+00:00,2026-09-18T06:53:02.460+00:00,True,17,17.0,,17.0,183504.594442,184493.558026,184493.557804,10852.562223764706,45.350046,183504.594442,44491.41096172621,36765.7288476,61.810224,7.7305880533972315,0.092144138699977,59,64,,True,True,,77,87.6246207195492
182,2026-09-18T06:49:58.289+00:00,2026-09-18T06:53:02.645+00:00,2026-09-18T06:53:05.739+00:00,True,52,52.0,,52.0,184355.252655,187449.842095,187449.842074,3604.8046552692304,40.110886,184355.252655,25557.060002006485,67.29551649999999,60.678224313725494,6.664694397483664,0.27740754229948233,59,64,,True,True,,211,87.6246207195492
183,2026-09-18T06:49:58.555+00:00,2026-09-18T06:53:03.738+00:00,2026-09-18T06:53:08.317+00:00,True,78,78.0,,78.0,185182.90951300002,189761.26036100002,189761.26027000003,2432.8366701282052,36.519862,185182.90951300002,20961.105198469893,70.6235284,59.45910192207793,9.354216309016088,0.4110428011049966,59,64,,True,True,,230,87.6246207195492
184,2026-09-18T06:49:58.888+00:00,2026-09-18T06:53:04.834+00:00,2026-09-18T06:53:07.112+00:00,True,39,39.0,,39.0,185946.74997799998,188223.90453799997,188223.90453399997,4826.253962410256,35.947333,185946.74997799998,29765.715300346918,69.1166044,59.92512,8.633528033352212,0.20720003708204027,59,64,,True,True,,143,87.6246207195492
185,2026-09-18T06:49:59.305+00:00,2026-09-18T06:53:06.271+00:00,2026-09-18T06:53:06.863+00:00,True,11,11.0,,11.0,186966.304703,187557.583295,187557.583259,17050.689387181817,32.919318,186966.304703,56354.634958592505,93518.284616,59.1278592,9.730794537594974,0.058648655025047146,59,64,,True,True,,42,87.6246207195492
186,2026-09-18T06:49:59.731+00:00,2026-09-18T06:53:08.212+00:00,2026-09-18T06:53:11.862+00:00,True,62,62.0,,62.0,188481.03471500002,192131.172827,192131.17273700002,3098.889882854839,36.201152,188481.03471500002,23929.51767552683,67.933742,59.83832970491803,9.371191434753483,0.32269620326435233,59,64,,True,True,,282,87.6246207195492
187,2026-09-18T06:50:00.128+00:00,2026-09-18T06:53:09.844+00:00,2026-09-18T06:53:15.581+00:00,True,93,93.0,,93.0,189715.553789,195452.839165,195452.839163,2101.643431860215,33.856407,189715.553789,19666.123088491247,91.4480602,62.361797565217394,11.287121962981919,0.47581810731073604,59,64,,True,True,,457,87.6246207195492
188,2026-09-18T06:50:00.591+00:00,2026-09-18T06:53:11.631+00:00,2026-09-18T06:53:12.051+00:00,True,8,8.0,,8.0,191039.674525,191459.672733,191459.6727,23932.4590875,37.725179,191039.674525,67521.51221827185,124199.70810730002,59.999744,10.223298730119811,0.04178425610889033,59,64,,True,True,,35,87.6246207195492
189,2026-09-18T06:50:00.952+00:00,2026-09-18T06:53:12.780+00:00,2026-09-18T06:53:13.392+00:00,True,11,11.0,,11.0,191827.778014,192440.40700600002,192440.40696000002,17494.582450909093,53.155879999999996,191827.778014,57819.78001854803,95947.38519450002,61.2628992,5.068074169069062,0.057160552563459484,59,64,,True,True,,55,87.6246207195492
190,2026-09-18T06:50:01.317+00:00,2026-09-18T06:53:14.026+00:00,2026-09-18T06:53:19.543+00:00,True,88,88.0,,88.0,192708.8821,198225.26686799998,198225.266965,2252.559851875,37.12071,192708.8821,20536.080614216764,92.28133005,63.40672147126437,12.790924029171252,0.44393936953859675,59,64,,True,True,,357,87.6246207195492
191,2026-09-18T06:50:01.613+00:00,2026-09-18T06:53:15.233+00:00,2026-09-18T06:53:20.941+00:00,True,92,92.0,,92.0,193619.656283,199327.95759499999,199327.957519,2166.6082339021737,38.310218,193619.656283,20179.708435708697,92.13272509999999,62.72858584615385,12.37527029660735,0.46155090891428346,59,64,,True,True,,444,87.6246207195492
194,2026-09-18T06:50:02.778+00:00,2026-09-18T06:53:18.550+00:00,2026-09-18T06:53:23.521+00:00,True,82,82.0,,82.0,195772.09627399998,200742.892562,200742.89272799998,2448.0840576585365,34.473425999999996,195772.09627399998,21612.638650505993,96.24778624999999,61.36785540740741,13.625845375841415,0.4084827061793686,59,64,,True,True,,410,87.6246207195492
193,2026-09-18T06:50:02.732+00:00,2026-09-18T06:53:19.178+00:00,2026-09-18T06:53:24.653+00:00,True,89,89.0,,89.0,196445.859656,201921.245,201921.244938,2268.778033011236,38.587128,196445.859656,20816.62815022629,91.79173259999999,62.220288,12.995495077583351,0.44076590355809264,59,64,,True,True,,382,87.6246207195492
192,2026-09-18T06:50:02.580+00:00,2026-09-18T06:53:19.428+00:00,2026-09-18T06:53:23.773+00:00,True,71,71.0,,71.0,196848.334689,201193.351009,201193.35102200002,2833.709169323944,35.846894,196848.334689,23354.237016040795,94.87365799999999,62.07166171428572,14.210379679835292,0.35289436576273314,59,64,,True,True,,376,87.6246207195492
195,2026-09-18T06:50:02.900+00:00,2026-09-18T06:53:20.411+00:00,2026-09-18T06:53:24.946+00:00,True,73,73.0,,73.0,197510.90005199998,202046.31842,202046.31850999998,2767.757787808219,37.41385,197510.90005199998,23109.53425347646,93.4211726,62.991921777777776,14.642775424642464,0.36130329209093837,59,64,,True,True,,335,87.6246207195492
196,2026-09-18T06:50:03.334+00:00,2026-09-18T06:53:22.326+00:00,2026-09-18T06:53:23.833+00:00,True,25,25.0,,25.0,198991.570947,200499.035395,200499.035202,8019.96140808,35.616073,198991.570947,39785.75499712593,106.1178196,62.81101866666666,15.808539364634575,0.12468887917963241,59,64,,True,True,,130,87.6246207195492
197,2026-09-18T06:50:03.628+00:00,2026-09-18T06:53:23.581+00:00,2026-09-18T06:53:27.274+00:00,True,59,59.0,,59.0,199952.778794,203645.78871400002,203645.788765,3451.6235383898306,33.156158000000005,199952.778794,26023.348038654138,94.121594,63.672584827586206,12.572048004310687,0.2897187335548566,59,64,,True,True,,262,87.6246207195492
198,2026-09-18T06:50:03.945+00:00,2026-09-18T06:53:24.822+00:00,2026-09-18T06:53:28.971+00:00,True,68,68.0,,68.0,200876.788261,205026.10000500001,205026.099939,3015.0897049852942,36.484362000000004,200876.788261,24352.380931969376,90.8288447,61.930026029850744,10.785012306878228,0.331665090436494,59,64,,True,True,,281,87.6246207195492
199,2026-09-18T06:50:04.276+00:00,2026-09-18T06:53:26.135+00:00,2026-09-18T06:53:29.847+00:00,True,61,61.0,,61.0,201858.966368,205570.40495999999,205570.405175,3370.0066422131144,33.564458,201858.966368,25837.474692272823,92.757696,61.85730986666667,11.391719971081784,0.29673532049454987,59,64,,True,True,,341,87.6246207195492
200,2026-09-18T06:50:04.676+00:00,2026-09-18T06:53:27.498+00:00,2026-09-18T06:53:31.983+00:00,True,74,74.0,,74.0,202821.045262,207306.188302,207306.188073,2801.4349739594595,39.270686000000005,202821.045262,23570.327387629965,80.2057574,61.44031561643836,9.969740364312718,0.35695991811010536,59,64,,True,True,,346,87.6246207195492
201,2026-09-18T06:50:05.118+00:00,2026-09-18T06:53:28.970+00:00,2026-09-18T06:53:32.049+00:00,True,51,51.0,,51.0,203852.094255,206931.45527900002,206931.455473,4057.4795190784316,36.828720999999994,203852.094255,28536.38053004337,83.17543450000001,61.58722048,9.9475682154689,0.24645842233718454,59,64,,True,True,,222,87.6246207195492
202,2026-09-18T06:50:05.519+00:00,2026-09-18T06:53:30.725+00:00,2026-09-18T06:53:36.374+00:00,True,90,90.0,,90.0,205205.78699700002,210855.05266100002,210855.05271400002,2342.8339190444444,36.392951999999994,205205.78699700002,21623.90230560035,93.91707315,63.47489510112359,13.141695992810195,0.42683349943098847,59,64,,True,True,,345,87.6246207195492
203,2026-09-18T06:50:05.777+00:00,2026-09-18T06:53:32.048+00:00,2026-09-18T06:53:36.926+00:00,True,78,78.0,,78.0,206270.644262,211148.74755799997,211148.747569,2707.0352252435896,35.893693,206270.644262,23348.38194231741,92.12555925000001,63.35199085714286,13.42797223419682,0.3694078269565599,59,64,,True,True,,360,87.6246207195492
204,2026-09-18T06:50:06.212+00:00,2026-09-18T06:53:33.746+00:00,2026-09-18T06:53:35.770+00:00,True,32,32.0,,32.0,207533.484033,209557.43974499998,209557.439762,6548.6699925625,37.935899,207533.484033,36675.54374568798,90.662881,65.28889393548387,11.777206438739759,0.1527027627314936,59,64,,True,True,,168,87.6246207195492
205,2026-09-18T06:50:06.601+00:00,2026-09-18T06:53:35.023+00:00,2026-09-18T06:53:36.149+00:00,True,18,18.0,,18.0,208421.90912400003,209547.8281,209547.82812100003,11641.546006722223,39.965416,208421.90912400003,49109.906604249656,31346.334655550007,66.230528,15.128815928786496,0.08589924392540149,59,64,,True,True,,72,87.6246207195492
206,2026-09-18T06:50:07.029+00:00,2026-09-18T06:53:36.739+00:00,2026-09-18T06:53:42.424+00:00,True,92,92.0,,92.0,209710.147318,215395.433974,215395.434057,2341.2547180108695,38.966797,209710.147318,21857.283152780336,90.46465570000001,62.47567753846154,10.401194941015982,0.42712140319142117,59,64,,True,True,,426,87.6246207195492
207,2026-09-18T06:50:07.300+00:00,2026-09-18T06:53:37.784+00:00,2026-09-18T06:53:38.895+00:00,True,19,19.0,,19.0,210484.387905,211595.400001,211595.40012900002,11136.600006789475,36.277741999999996,210484.387905,48274.27153693759,21136.6524138,61.72289422222222,12.05735120152066,0.08979401253481978,59,64,,True,True,,66,87.6246207195492
208,2026-09-18T06:50:07.708+00:00,2026-09-18T06:53:39.669+00:00,2026-09-18T06:53:41.455+00:00,True,30,30.0,,30.0,211961.151435,213747.582667,213747.58271800002,7124.919423933334,38.351168,211961.151435,38687.38902981619,82.52770665,61.60107696551724,9.577788754824759,0.14035246446149227,59,64,,True,True,,129,87.6246207195492
209,2026-09-18T06:50:07.973+00:00,2026-09-18T06:53:40.409+00:00,2026-09-18T06:53:44.797+00:00,True,72,72.0,,72.0,212435.67078400002,216823.995648,216823.99574600003,3011.4443853611115,39.832955999999996,212435.67078400002,25028.50251477961,92.20233704999998,61.80739245070423,11.686141763760524,0.33206656756241787,59,64,,True,True,,275,87.6246207195492
210,2026-09-18T06:50:08.387+00:00,2026-09-18T06:53:41.881+00:00,2026-09-18T06:53:42.934+00:00,True,19,19.0,,19.0,213493.856687,214547.663279,214547.663239,11291.982275736842,36.647911,213493.856687,48965.42035220804,21433.986914299996,58.54481066666666,13.055156179015285,0.0885584103299797,59,64,,True,True,,94,87.6246207195492
211,2026-09-18T06:50:08.659+00:00,2026-09-18T06:53:43.058+00:00,2026-09-18T06:53:44.629+00:00,True,26,26.0,,26.0,214399.09513,215970.28233,215970.282385,8306.549322500001,34.333366000000005,214399.09513,42034.79763153176,89.93377500000001,62.847488,9.92298466652314,0.12038693342203588,59,64,,True,True,,110,87.6246207195492
212,2026-09-18T06:50:09.083+00:00,2026-09-18T06:53:44.494+00:00,2026-09-18T06:53:47.416+00:00,True,46,46.0,,46.0,215410.79131,218333.045902,218333.045962,4746.3705643913045,39.719626,215410.79131,31751.015315517077,95.40694925,64.93899093333333,10.193554417940295,0.21068730026625174,59,64,,True,True,,227,87.6246207195492
213,2026-09-18T06:50:09.384+00:00,2026-09-18T06:53:45.512+00:00,2026-09-18T06:53:48.476+00:00,True,47,47.0,,47.0,216128.520293,219092.904037,219092.904136,4661.551151829787,39.639106,216128.520293,31516.18701070909,93.98744699999999,64.44312486956522,11.991990344542192,0.21452086824346775,59,64,,True,True,,148,87.6246207195492
214,2026-09-18T06:50:09.750+00:00,2026-09-18T06:53:47.056+00:00,2026-09-18T06:53:50.860+00:00,True,61,61.0,,61.0,217305.669406,221109.69219,221109.69226,3624.749053442623,0.01914,217305.669406,27815.033884403143,92.26580800000002,63.40037973333333,25.58292199360944,0.2758811673781472,59,64,,True,True,,265,87.6246207195492
215,2026-09-18T06:50:10.130+00:00,2026-09-18T06:53:49.146+00:00,2026-09-18T06:53:54.634+00:00,True,89,89.0,,89.0,219016.051281,224503.927121,224503.927043,2522.516034191011,35.142095,219016.051281,23209.04732479962,91.686173,62.36222545454545,11.265124589769874,0.39642959097117275,59,64,,True,True,,508,87.6246207195492
216,2026-09-18T06:50:10.378+00:00,2026-09-18T06:53:49.906+00:00,2026-09-18T06:53:49.906+00:00,True,1,1.0,,1.0,219527.60709,219527.60709,219527.60709,219527.60709,219527.60709,219527.60709,nan,219527.60709,nan,nan,0.004555235732105569,59,64,,True,True,,2,87.6246207195492
217,2026-09-18T06:50:10.735+00:00,2026-09-18T06:53:50.983+00:00,2026-09-18T06:53:52.312+00:00,True,22,22.0,,22.0,220247.520897,221577.053313,221577.053223,10071.684237409092,39.466656,220247.520897,46943.43324388771,94.22363885,63.31106742857143,13.96089268342911,0.09928825964177244,59,64,,True,True,,65,87.6246207195492
218,2026-09-18T06:50:11.192+00:00,2026-09-18T06:53:52.714+00:00,2026-09-18T06:53:56.935+00:00,True,69,69.0,,69.0,221521.98707600002,225743.34848400002,225743.34866500003,3271.6427342753627,33.141138,221521.98707600002,26660.641883907356,75.8117298,62.07884423529412,10.16001224776119,0.30565684642925595,59,64,,True,True,,356,87.6246207195492
219,2026-09-18T06:50:11.522+00:00,2026-09-18T06:53:54.091+00:00,2026-09-18T06:53:57.689+00:00,True,59,59.0,,59.0,222568.776539,226166.379099,226166.379063,3833.3284586949153,38.208738,222568.776539,28967.912427649982,70.5064678,62.027630344827585,8.05743451999951,0.2608698969097165,59,64,,True,True,,387,87.6246207195492
220,2026-09-18T06:50:11.838+00:00,2026-09-18T06:53:55.299+00:00,2026-09-18T06:53:58.397+00:00,True,50,50.0,,50.0,223461.043489,226559.418657,226559.418819,4531.18837638,49.113808,223461.043489,31593.22208785352,70.31302775,63.232146285714286,6.363479385649332,0.2206926566831352,59,64,,True,True,,195,87.6246207195492
221,2026-09-18T06:50:12.098+00:00,2026-09-18T06:53:56.364+00:00,2026-09-18T06:54:01.589+00:00,True,84,84.0,,84.0,224265.919896,229491.06524,229491.06511300002,2732.036489440476,37.899859,224265.919896,24462.55081058805,78.35544035,62.953558361445786,9.069472924003618,0.3660273218574041,59,64,,True,True,,302,87.6246207195492
222,2026-09-18T06:50:12.414+00:00,2026-09-18T06:53:57.624+00:00,2026-09-18T06:54:00.845+00:00,True,52,52.0,,52.0,225210.46661899998,228431.39385099997,228431.39371799998,4392.911417653846,37.07421,225210.46661899998,31222.316427269998,94.0252297,63.155435921568625,11.297024253957188,0.22763946375040853,59,64,,True,True,,273,87.6246207195492
223,2026-09-18T06:50:12.792+00:00,2026-09-18T06:53:58.790+00:00,2026-09-18T06:54:00.109+00:00,True,23,23.0,,23.0,225997.65459400002,227317.05657800002,227317.056394,9883.350278000002,37.981959,225997.65459400002,47111.26461286036,89.0427619,59.972817454545456,11.249533463620379,0.10118026489625928,59,64,,True,True,,114,87.6246207195492
224,2026-09-18T06:50:13.213+00:00,2026-09-18T06:54:00.561+00:00,2026-09-18T06:54:03.537+00:00,True,48,48.0,,48.0,227348.224614,230323.526246,230323.526125,4798.406794270833,34.163237,227348.224614,32805.754515538916,92.0186982,63.30429004255319,11.67198717896682,0.20840250573765956,59,64,,True,True,,213,87.6246207195492
225,2026-09-18T06:50:13.506+00:00,2026-09-18T06:54:01.813+00:00,2026-09-18T06:54:02.671+00:00,True,14,14.0,,14.0,228307.302701,229165.14385300002,229165.144084,16368.938863142857,38.537828000000005,228307.302701,61000.05875592193,79968.45625495001,65.98778092307693,13.983171355255493,0.061091315043008555,59,64,,True,True,,48,87.6246207195492
226,2026-09-18T06:50:13.856+00:00,2026-09-18T06:54:03.117+00:00,2026-09-18T06:54:03.499+00:00,True,7,7.0,,7.0,229260.925906,229643.137234,229643.137161,32806.16245157143,58.612071,229260.925906,86628.40807097753,160503.5777599,63.701888,3.955064520657027,0.030482077907110258,59,64,,True,True,,26,87.6246207195492
227,2026-09-18T06:50:14.174+00:00,2026-09-18T06:54:04.186+00:00,2026-09-18T06:54:07.052+00:00,True,47,47.0,,47.0,230011.783891,232877.421779,232877.421786,4954.838761404255,36.738432,230011.783891,33541.58176660563,91.4065036,62.296475826086954,10.922876481915246,0.20182291456577042,59,64,,True,True,,241,87.6246207195492
228,2026-09-18T06:50:14.507+00:00,2026-09-18T06:54:05.285+00:00,2026-09-18T06:54:08.648+00:00,True,53,53.0,,53.0,230777.359069,234140.668637,234140.668672,4417.748465509434,36.749382,230777.359069,31690.827302266327,98.81747100000001,64.67903015384616,14.957816105682125,0.22635965083950688,59,64,,True,True,,233,87.6246207195492
229,2026-09-18T06:50:14.873+00:00,2026-09-18T06:54:06.647+00:00,2026-09-18T06:54:11.327+00:00,True,74,74.0,,74.0,231774.35747299998,236454.21155299997,236454.21154099997,3195.327182986486,37.986508,231774.35747299998,26935.773168869022,96.86490665000001,64.1075901369863,14.306411567828865,0.3129569971030661,59,64,,True,True,,342,87.6246207195492
230,2026-09-18T06:50:15.176+00:00,2026-09-18T06:54:07.985+00:00,2026-09-18T06:54:13.267+00:00,True,85,85.0,,85.0,232809.022636,238091.03710000002,238091.03699700002,2801.0710234941175,35.516704,232809.022636,25244.867029177924,91.0970998,62.88112457142857,13.396593862843277,0.35700629908340215,59,64,,True,True,,353,87.6246207195492
231,2026-09-18T06:50:15.535+00:00,2026-09-18T06:54:09.122+00:00,2026-09-18T06:54:12.255+00:00,True,51,51.0,,51.0,233587.18850999998,236720.35433399997,236720.35435399998,4641.575575568627,36.218902,233587.18850999998,32699.976377256615,93.36201000000001,62.66331648,12.120224268208379,0.21544408440704546,59,64,,True,True,,242,87.6246207195492
232,2026-09-18T06:50:15.904+00:00,2026-09-18T06:54:10.768+00:00,2026-09-18T06:54:14.554+00:00,True,61,61.0,,61.0,234863.53521,238649.727594,238649.727532,3912.2906152786886,38.878808,234863.53521,30063.117018869158,92.999506,63.1032064,11.854047037101456,0.2556047334098597,59,64,,True,True,,235,87.6246207195492
233,2026-09-18T06:50:16.297+00:00,2026-09-18T06:54:12.193+00:00,2026-09-18T06:54:16.101+00:00,True,65,65.0,,65.0,235895.802767,239803.88775899998,239803.8878,3689.2905815384615,38.078058,235895.802767,29251.70043332713,68.20482799999999,61.063828,8.382130674565738,0.2710548215353549,59,64,,True,True,,298,87.6246207195492
234,2026-09-18T06:50:17.211+00:00,2026-09-18T06:54:12.511+00:00,2026-09-18T06:54:14.006+00:00,True,26,26.0,,26.0,235299.977087,236795.232127,236795.23197700002,9107.508922192308,36.549392,235299.977087,46134.393515199336,71.69719874999998,59.8102016,10.537055428398455,0.10979950806634259,59,64,,True,True,,94,87.6246207195492
235,2026-09-18T06:50:17.372+00:00,2026-09-18T06:54:16.304+00:00,2026-09-18T06:54:17.469+00:00,True,18,18.0,,18.0,238932.247352,240096.921656,240096.92168200001,13338.717871222223,55.895965,238932.247352,56300.724092313,35926.17794295,68.5102531764706,12.623592746176483,0.07496972420908248,59,64,,True,True,,94,87.6246207195492
236,2026-09-18T06:50:17.414+00:00,2026-09-18T06:54:16.365+00:00,2026-09-18T06:54:20.388+00:00,True,62,62.0,,62.0,238950.65751699999,242974.134253,242974.13430499999,3918.9376500806447,43.79208800000001,238950.65751699999,30338.389270042928,96.99879605,65.95863501639344,11.579863643765266,0.2551711942121448,59,64,,True,True,,261,87.6246207195492
237,2026-09-18T06:50:17.643+00:00,2026-09-18T06:54:17.819+00:00,2026-09-18T06:54:18.632+00:00,True,14,14.0,,14.0,240176.027417,240988.332825,240988.332796,17213.45234257143,41.698431,240176.027417,64173.043959708506,84109.56477140001,62.48503138461538,7.652168347032946,0.05809409873035832,59,64,,True,True,,47,87.6246207195492
238,2026-09-18T06:50:18.034+00:00,2026-09-18T06:54:19.286+00:00,2026-09-18T06:54:23.191+00:00,True,63,63.0,,63.0,241252.06359099998,245157.24503099997,245157.24510099998,3891.3848428730157,35.222134,241252.06359099998,30386.9689358969,78.1025777,62.98679741935484,9.628181848091206,0.25697792448285056,59,64,,True,True,,279,87.6246207195492
239,2026-09-18T06:50:18.402+00:00,2026-09-18T06:54:20.828+00:00,2026-09-18T06:54:25.431+00:00,True,75,75.0,,75.0,242426.30034299998,247029.489079,247029.489144,3293.72652192,38.001468,242426.30034299998,27985.796529703457,74.5536271,62.205253189189186,8.980424908137707,0.3036074773081647,59,64,,True,True,,347,87.6246207195492
240,2026-09-18T06:50:18.856+00:00,2026-09-18T06:54:22.903+00:00,2026-09-18T06:54:27.357+00:00,True,73,73.0,,73.0,244047.062466,248500.65069,248500.650758,3404.1185035342464,35.948403,244047.062466,28556.310294272495,80.9375708,61.855392,10.094940376781958,0.2937618062459971,59,64,,True,True,,283,87.6246207195492
241,2026-09-18T06:50:19.239+00:00,2026-09-18T06:54:24.438+00:00,2026-09-18T06:54:28.031+00:00,True,58,58.0,,58.0,245199.272299,248792.582763,248792.582582,4289.527285896552,37.13879,245199.272299,32187.9660320356,89.45755360000001,63.04053445614036,11.081088645102126,0.23312592102173255,59,64,,True,True,,250,87.6246207195492
242,2026-09-18T06:50:19.502+00:00,2026-09-18T06:54:25.179+00:00,2026-09-18T06:54:25.750+00:00,True,10,10.0,,10.0,245676.882957,246247.847181,246247.847139,24624.7847139,39.214167,245676.882957,77669.79104362741,135160.6079868,63.44046933333333,11.975014672240864,0.040609492080755864,59,64,,True,True,,42,87.6246207195492
243,2026-09-18T06:50:19.929+00:00,2026-09-18T06:54:27.087+00:00,2026-09-18T06:54:27.688+00:00,True,10,10.0,,10.0,247157.69427399998,247758.98809799997,247758.98820799997,24775.898820799997,43.418969,247157.69427399998,78136.99985513402,135978.8522755,66.81042488888889,17.06418773207395,0.04036180514284529,59,64,,True,True,,40,87.6246207195492
244,2026-09-18T06:50:20.226+00:00,2026-09-18T06:54:27.967+00:00,2026-09-18T06:54:31.589+00:00,True,58,58.0,,58.0,247741.258673,251362.886065,251362.886023,4333.842862465517,37.35737,247741.258673,32521.679995058643,90.5620104,63.53732266666666,11.232171401927573,0.2307420992333839,59,64,,True,True,,247,87.6246207195492
245,2026-09-18T06:50:20.615+00:00,2026-09-18T06:54:29.679+00:00,2026-09-18T06:54:31.647+00:00,True,33,33.0,,33.0,249064.140565,251031.540757,251031.540862,7607.016389757576,40.333585,249064.140565,43345.799775280255,75.7884084,61.481256,6.799268227008911,0.13145758457477735,59,64,,True,True,,163,87.6246207195492
246,2026-09-18T06:50:21.006+00:00,2026-09-18T06:54:31.145+00:00,2026-09-18T06:54:31.329+00:00,True,4,4.0,,4.0,250139.013192,250322.833992,250322.834138,62580.7085345,58.400760000000005,250139.013192,125038.86979053695,212627.70911235,61.2736,2.6605173281961534,0.015979365270879904,59,64,,True,True,,14,87.6246207195492
247,2026-09-18T06:50:21.391+00:00,2026-09-18T06:54:32.214+00:00,2026-09-18T06:54:33.780+00:00,True,26,26.0,,26.0,250823.11015,252389.51399,252389.513947,9707.288997961537,36.174542,250823.11015,49178.17229936333,93.66038424999999,62.6561536,11.160653193848706,0.10301537329728426,59,64,,True,True,,124,87.6246207195492
248,2026-09-18T06:50:21.838+00:00,2026-09-18T06:54:33.964+00:00,2026-09-18T06:54:38.733+00:00,True,77,77.0,,77.0,252126.827267,256895.054339,256895.0544,3336.2994077922076,35.204714,252126.827267,28725.371267719922,91.51691519999999,62.73982989473684,12.204911442117561,0.29973329069383486,59,64,,True,True,,351,87.6246207195492
249,2026-09-18T06:50:22.248+00:00,2026-09-18T06:54:35.682+00:00,2026-09-18T06:54:38.085+00:00,True,38,38.0,,38.0,253434.207978,255837.528042,255837.528149,6732.566530236842,40.271254,253434.207978,41101.92254713297,101.5762089,64.95459632432433,13.61237217342473,0.14853176658962114,59,64,,True,True,,165,87.6246207195492
250,2026-09-18T06:50:22.567+00:00,2026-09-18T06:54:37.113+00:00,2026-09-18T06:54:38.989+00:00,True,31,31.0,,31.0,254545.777038,256421.678222,256421.678236,8271.667039870968,37.962269,254545.777038,45706.54207446011,98.301001,62.53003946666667,12.440532620662088,0.1208946147414315,59,64,,True,True,,151,87.6246207195492
251,2026-09-18T06:50:23.004+00:00,2026-09-18T06:54:38.496+00:00,2026-09-18T06:54:38.796+00:00,True,6,6.0,,6.0,255492.096325,255791.31706099998,255791.317174,42631.886195666666,40.506654000000005,255492.096325,104279.7807438773,191636.21057899998,59.8441472,11.094940227184065,0.023456621080570717,59,64,,True,True,,23,87.6246207195492
252,2026-09-18T06:50:23.423+00:00,2026-09-18T06:54:40.164+00:00,2026-09-18T06:54:40.287+00:00,True,3,3.0,,3.0,256740.97436300002,256863.799067,256863.799054,85621.26635133334,55.695356,256740.97436300002,148194.01433655314,231073.58986020004,61.412352,8.085047622378486,0.011679341389860407,59,64,,True,True,,6,87.6246207195492
253,2026-09-18T06:50:23.677+00:00,2026-09-18T06:54:41.016+00:00,2026-09-18T06:54:41.762+00:00,True,13,13.0,,13.0,257339.66734599997,258085.34056199997,258085.34047999998,19852.718498461538,55.828835,257339.66734599997,71355.94768047918,102975.53027199999,62.139434666666666,3.3059470954430905,0.0503709353336053,59,64,,True,True,,46,87.6246207195492
254,2026-09-18T06:50:24.031+00:00,2026-09-18T06:54:42.204+00:00,2026-09-18T06:54:45.110+00:00,True,49,49.0,,49.0,258173.81701499998,261079.31845499997,261079.31832599998,5328.149353591836,40.222305,258173.81701499998,36873.32714168658,67.8955388,60.53128,6.765490489120574,0.18768242651302047,59,64,,True,True,,210,87.6246207195492
255,2026-09-18T06:50:24.303+00:00,2026-09-18T06:54:43.146+00:00,2026-09-18T06:54:44.261+00:00,True,19,19.0,,19.0,258843.385875,259957.95125100002,259957.951189,13681.997431,44.526007,258843.385875,59368.54021916403,25949.859509100002,61.92029866666667,6.921736217379806,0.07308874342394985,59,64,,True,True,,87,87.6246207195492
256,2026-09-18T06:50:24.613+00:00,2026-09-18T06:54:44.572+00:00,2026-09-18T06:54:49.795+00:00,True,88,88.0,,88.0,259958.419029,265182.113621,265182.113589,3013.433108965909,35.759263,259958.419029,27705.261607291384,69.693741,60.04246657471264,9.398661897920139,0.3318474191127768,59,64,,True,True,,487,87.6246207195492
257,2026-09-18T06:50:24.965+00:00,2026-09-18T06:54:45.510+00:00,2026-09-18T06:54:46.843+00:00,True,24,24.0,,24.0,260545.736979,261878.185491,261878.18526600001,10911.59105275,38.494028,260545.736979,53171.85108834949,67.44861110000001,57.932544,8.583655094397617,0.0916456632498884,59,64,,True,True,,94,87.6246207195492
258,2026-09-18T06:50:25.234+00:00,2026-09-18T06:54:46.519+00:00,2026-09-18T06:54:51.380+00:00,True,82,82.0,,82.0,261284.787069,266145.801597,266145.801598,3245.680507292683,36.897551,261284.787069,28847.452376680725,87.93498299999999,60.01252503703704,10.466320407209743,0.3081017979917828,59,64,,True,True,,400,87.6246207195492
259,2026-09-18T06:50:25.672+00:00,2026-09-18T06:54:47.985+00:00,2026-09-18T06:54:51.086+00:00,True,53,53.0,,53.0,262312.891393,265413.628929,265413.62914800004,5007.8043235471705,36.267542,262312.891393,36023.257504286215,76.7590048,59.629568,10.715949111200718,0.1996883137232484,59,64,,True,True,,228,87.6246207195492
260,2026-09-18T06:50:26.028+00:00,2026-09-18T06:54:49.438+00:00,2026-09-18T06:54:53.220+00:00,True,64,64.0,,64.0,263410.59533700004,267192.28621700004,267192.28615700005,4174.879471203126,34.184205999999996,263410.59533700004,32918.822978336066,86.23983104999999,60.02683936507937,11.32168130072263,0.23952787300162715,59,64,,True,True,,387,87.6246207195492
261,2026-09-18T06:50:26.429+00:00,2026-09-18T06:54:51.029+00:00,2026-09-18T06:54:55.055+00:00,True,69,69.0,,69.0,264599.999779,268626.462499,268626.462511,3893.1371378405797,36.719411,264599.999779,31846.969605895705,66.70693680000001,59.212687058823526,9.08174127196332,0.2568622590570609,59,64,,True,True,,351,87.6246207195492
262,2026-09-18T06:50:26.895+00:00,2026-09-18T06:54:52.562+00:00,2026-09-18T06:54:52.782+00:00,True,5,5.0,,5.0,265667.362998,265887.59391,265887.593706,53177.5187412,36.960341,265667.362998,118785.43455000661,212546.53146879998,55.057728,12.30962982604909,0.018804939058918425,59,64,,True,True,,13,87.6246207195492
263,2026-09-18T06:50:27.191+00:00,2026-09-18T06:54:53.533+00:00,2026-09-18T06:54:58.243+00:00,True,76,76.0,,76.0,266341.822078,271052.270462,271052.270545,3566.477244013158,36.577922,266341.822078,30544.300596793724,95.39935625,62.80597845333333,12.810322000243497,0.2803887230697622,59,64,,True,True,,355,87.6246207195492
264,2026-09-18T06:50:27.652+00:00,2026-09-18T06:54:55.221+00:00,2026-09-18T06:55:00.875+00:00,True,90,90.0,,90.0,267569.210868,273223.54226,273223.542288,3035.8171365333333,36.720461,267569.210868,28197.57677001927,92.6210675,63.53181339325843,11.55753250717746,0.32940060455828446,59,64,,True,True,,443,87.6246207195492
265,2026-09-18T06:50:27.921+00:00,2026-09-18T06:54:56.513+00:00,2026-09-18T06:55:00.142+00:00,True,57,57.0,,57.0,268591.489676,272220.49294,272220.49295100005,4775.798121947369,34.707176,268591.489676,35567.23091696201,98.01920799999999,64.80362971428572,13.393087279767387,0.20938908523894023,59,64,,True,True,,221,87.6246207195492
266,2026-09-18T06:50:28.292+00:00,2026-09-18T06:54:57.870+00:00,2026-09-18T06:55:03.141+00:00,True,85,85.0,,85.0,269577.925826,274849.35801799997,274849.358037,3233.5218592588235,41.077423,269577.925826,29233.02643609006,88.3767326,62.75514514285714,10.18657179546715,0.3092603184993917,59,64,,True,True,,425,87.6246207195492
267,2026-09-18T06:50:28.688+00:00,2026-09-18T06:54:59.552+00:00,2026-09-18T06:55:01.328+00:00,True,29,29.0,,29.0,270864.097321,272639.872809,272639.87264,9401.37491862069,44.083327,270864.097321,50286.42379374806,84.54570520000001,63.420553142857145,7.516143102044064,0.10636742051415267,59,64,,True,True,,174,87.6246207195492
268,2026-09-18T06:50:29.012+00:00,2026-09-18T06:55:00.869+00:00,2026-09-18T06:55:03.207+00:00,True,38,38.0,,38.0,271856.71958,274194.16521199996,274194.16517399997,7215.635925631578,39.247977,271856.71958,44090.7365744592,94.93830249999999,63.174206270270275,11.222310206183733,0.1385879235271814,59,64,,True,True,,97,87.6246207195492
269,2026-09-18T06:50:29.405+00:00,2026-09-18T06:55:02.166+00:00,2026-09-18T06:55:03.499+00:00,True,22,22.0,,22.0,272760.89645999996,274093.56359599996,274093.56372,12458.798350909088,38.575317000000005,272760.89645999996,58139.29019288583,94.12322230000001,63.46033980952381,13.373963985441115,0.08026456262368453,59,64,,True,True,,67,87.6246207195492
270,2026-09-18T06:50:29.827+00:00,2026-09-18T06:55:03.498+00:00,2026-09-18T06:55:06.437+00:00,True,47,47.0,,47.0,273670.135461,276609.22333300003,276609.223378,5885.30262506383,35.538553,273670.135461,39909.57437430122,95.4837109,63.89321460869565,13.322802260094969,0.16991479688809352,59,64,,True,True,,213,87.6246207195492
271,2026-09-18T06:50:30.239+00:00,2026-09-18T06:55:05.180+00:00,2026-09-18T06:55:06.243+00:00,True,18,18.0,,18.0,274941.024524,276003.293964,276003.293981,15333.516332277779,40.837543,274941.024524,64789.49346968802,41315.95080985,62.48643764705882,9.878248006373504,0.0652166129667561,59,64,,True,True,,64,87.6246207195492
272,2026-09-18T06:50:30.556+00:00,2026-09-18T06:55:06.558+00:00,2026-09-18T06:55:12.127+00:00,True,91,91.0,,91.0,276001.272765,281570.374333,281570.374248,3094.179936791209,37.957099,276001.272765,28926.31040534402,89.793962,61.87890631111111,11.245472240704487,0.32318740995236456,59,64,,True,True,,438,87.6246207195492
273,2026-09-18T06:50:30.891+00:00,2026-09-18T06:55:08.003+00:00,2026-09-18T06:55:08.518+00:00,True,9,9.0,,9.0,277111.346503,277626.361927,277626.362096,30847.373566222224,40.719893,277111.346503,92348.99103802063,166305.7645006,64.376928,15.827212425962426,0.032417670777123424,59,64,,True,True,,71,87.6246207195492
274,2026-09-18T06:50:31.193+00:00,2026-09-18T06:55:08.984+00:00,2026-09-18T06:55:10.010+00:00,True,19,19.0,,19.0,277790.66191799997,278816.877598,278816.87758399994,14674.57250442105,36.952191,277790.66191799997,63716.46994257493,27840.841202699994,57.01198222222222,10.530396178776916,0.06814508563356887,59,64,,True,True,,78,87.6246207195492
275,2026-09-18T06:50:31.445+00:00,2026-09-18T06:55:10.133+00:00,2026-09-18T06:55:15.556+00:00,True,88,88.0,,88.0,278687.981947,284110.638715,284110.638715,3228.5299853977276,36.275952,278687.981947,29701.596606654635,89.2163254,62.32938813793103,11.618615482431165,0.3097384891956667,59,64,,True,True,,373,87.6246207195492
276,2026-09-18T06:50:31.787+00:00,2026-09-18T06:55:11.354+00:00,2026-09-18T06:55:13.336+00:00,True,33,33.0,,33.0,279567.000298,281549.01757799997,281549.017739,8531.788416333333,37.834828,279567.000298,48655.58725436696,87.67301360000002,61.93804,10.931489508820157,0.11720872011516689,59,64,,True,True,,172,87.6246207195492
278,2026-09-18T06:50:32.420+00:00,2026-09-18T06:55:13.108+00:00,2026-09-18T06:55:14.262+00:00,True,20,20.0,,20.0,280688.562614,281842.403766,281842.403669,14092.120183449999,38.480877,280688.562614,62750.29257557851,14126.857846799998,60.72848168421052,12.73678238807109,0.07096164286409161,59,64,,True,True,,77,87.6246207195492
279,2026-09-18T06:50:32.814+00:00,2026-09-18T06:55:14.578+00:00,2026-09-18T06:55:20.222+00:00,True,92,92.0,,92.0,281763.096027,287407.191003,287407.190908,3123.991205521739,37.270531000000005,281763.096027,29369.368971627064,83.23644595,62.02302171428572,10.57529732186073,0.3201033338064241,59,64,,True,True,,476,87.6246207195492
277,2026-09-18T06:50:32.088+00:00,2026-09-18T06:55:15.656+00:00,2026-09-18T06:55:18.952+00:00,True,55,55.0,,55.0,283567.177575,286863.19626299996,286863.196252,5215.694477309091,35.775693,283567.177575,38227.961425801106,71.0263712,61.03738311111111,9.988620496662161,0.19172902176539675,59,64,,True,True,,233,87.6246207195492
280,2026-09-18T06:50:33.244+00:00,2026-09-18T06:55:16.504+00:00,2026-09-18T06:55:22.396+00:00,True,97,97.0,,97.0,283260.686603,289152.204299,289152.204211,2980.9505588762886,35.497983999999995,283260.686603,28754.535867960356,81.586471,61.369976,10.38921597342877,0.33546346373239627,59,64,,True,True,,427,87.6246207195492
281,2026-09-18T06:50:33.612+00:00,2026-09-18T06:55:17.959+00:00,2026-09-18T06:55:22.650+00:00,True,77,77.0,,77.0,284346.892115,289037.902163,289037.902204,3753.7389896623376,36.296262999999996,284346.892115,32397.30304140391,79.66645039999999,61.72381642105263,9.530021858861302,0.2664010478341232,59,64,,True,True,,474,87.6246207195492
284,2026-09-18T06:50:34.762+00:00,2026-09-18T06:55:18.518+00:00,2026-09-18T06:55:19.459+00:00,True,16,16.0,,16.0,283756.11998799996,284697.254836,284697.25480199995,17793.578425124997,39.391266,283756.11998799996,70923.34556777359,71012.16327474998,62.7423232,13.226070197905193,0.05620005015228127,59,64,,True,True,,57,87.6246207195492
283,2026-09-18T06:50:34.751+00:00,2026-09-18T06:55:19.008+00:00,2026-09-18T06:55:21.513+00:00,True,41,41.0,,41.0,284256.41061900003,286761.62098700006,286761.620759,6994.185872170732,43.775548,284256.41061900003,44383.61253948413,89.269963,62.630259200000005,8.287833306907944,0.1429758970495521,59,64,,True,True,,189,87.6246207195492
282,2026-09-18T06:50:34.727+00:00,2026-09-18T06:55:20.216+00:00,2026-09-18T06:55:25.661+00:00,True,90,90.0,,90.0,285489.517207,290934.178711,290934.178712,3232.601985688889,36.299502000000004,285489.517207,30086.790275687938,72.13851845,61.175971955056184,9.14253479487459,0.3093483220113566,59,64,,True,True,,499,87.6246207195492
285,2026-09-18T06:50:34.926+00:00,2026-09-18T06:55:21.811+00:00,2026-09-18T06:55:27.615+00:00,True,95,95.0,,95.0,286885.13036199997,292688.419962,292688.419854,3080.9307353052627,39.991045,286885.13036199997,29427.46075100972,79.93097600000002,61.737123404255314,9.501032239504571,0.3245772416016115,59,64,,True,True,,486,87.6246207195492
286,2026-09-18T06:50:35.142+00:00,2026-09-18T06:55:23.374+00:00,2026-09-18T06:55:27.115+00:00,True,62,62.0,,62.0,288232.65117699996,291972.96682499995,291972.96682,4709.24140032258,39.111296,288232.65117699996,36597.797479208355,89.42139364999998,61.31664996721312,10.194015584476599,0.21234842620605004,59,64,,True,True,,305,87.6246207195492
287,2026-09-18T06:50:35.431+00:00,2026-09-18T06:55:24.980+00:00,2026-09-18T06:55:29.133+00:00,True,68,68.0,,68.0,289548.963697,293701.871217,293701.871297,4319.145166132353,37.746559,289548.963697,35105.45431722542,89.75322675,61.98369432835821,10.339686029340129,0.23152729575140696,59,64,,True,True,,247,87.6246207195492
288,2026-09-18T06:50:35.783+00:00,2026-09-18T06:55:26.337+00:00,2026-09-18T06:55:28.788+00:00,True,40,40.0,,40.0,290553.771403,293004.797323,293004.797334,7325.11993335,38.854366999999996,290553.771403,45930.649440639056,92.7296585,62.84681846153846,11.389439394095369,0.13651653612997047,59,64,,True,True,,198,87.6246207195492
289,2026-09-18T06:50:36.102+00:00,2026-09-18T06:55:27.235+00:00,2026-09-18T06:55:32.002+00:00,True,78,78.0,,78.0,291133.34353500005,295899.832111,295899.83219200006,3793.5875922051287,35.670004,291133.34353500005,32957.352765893585,90.14942384999999,61.90244903896104,11.447585831312372,0.263602717999313,59,64,,True,True,,462,87.6246207195492
290,2026-09-18T06:50:36.356+00:00,2026-09-18T06:55:28.477+00:00,2026-09-18T06:55:34.516+00:00,True,98,98.0,,98.0,292121.680842,298160.864202,298160.864163,3042.457797581633,38.478669000000004,292121.680842,29502.45867678256,89.20983155,62.25962226804124,10.716262544248421,0.3286816338632769,59,64,,True,True,,418,87.6246207195492
291,2026-09-18T06:50:36.750+00:00,2026-09-18T06:55:30.134+00:00,2026-09-18T06:55:31.262+00:00,True,18,18.0,,18.0,293384.365661,294511.557469,294511.557626,16361.753201444446,58.39906,293384.365661,69135.73054516084,44088.951501150004,66.30540047058824,10.34961393048783,0.06111814475020955,59,64,,True,True,,107,87.6246207195492
292,2026-09-18T06:50:37.172+00:00,2026-09-18T06:55:31.447+00:00,2026-09-18T06:55:34.842+00:00,True,55,55.0,,55.0,294274.53817799996,297669.51136199996,297669.51149899996,5412.172936345454,35.369614,294274.53817799996,39671.494425969686,87.3317257,62.86987377777778,9.705231131186084,0.18476867096111077,59,64,,True,True,,246,87.6246207195492
293,2026-09-18T06:50:37.605+00:00,2026-09-18T06:55:32.982+00:00,2026-09-18T06:55:35.085+00:00,True,34,34.0,,34.0,295377.033016,297480.02156,297480.021541,8749.412398264705,37.43037,295377.033016,50645.8152812144,92.07472030000001,63.726925575757576,10.781683879845946,0.11429338959202137,59,64,,True,True,,180,87.6246207195492
294,2026-09-18T06:50:37.898+00:00,2026-09-18T06:55:34.080+00:00,2026-09-18T06:55:36.015+00:00,True,31,31.0,,31.0,296182.166366,298117.647454,298117.647415,9616.698303709678,39.736006,296182.166366,53184.301319921586,97.584562,64.51603626666666,11.945345899034926,0.10398579307447187,59,64,,True,True,,135,87.6246207195492
295,2026-09-18T06:50:38.236+00:00,2026-09-18T06:55:35.482+00:00,2026-09-18T06:55:38.274+00:00,False,45,44.0,,44.0,297246.05961,300038.87676199997,300038.876802,6667.5305956,0.02368,297246.05961,44301.36668784635,95.59445759999998,63.47311709090909,14.584583732822962,0.14664766271239627,59,64,,True,False,Request timeout: 300.0s exceeded,187,87.6246207195492
296,2026-09-18T06:50:38.534+00:00,2026-09-18T06:55:36.743+00:00,2026-09-18T06:55:38.587+00:00,False,31,30.0,,30.0,298208.46871499997,300052.61949899996,300052.61956699996,9679.116760225805,0.04261,298208.46871499997,53548.783517739976,93.794529,61.4716928,15.142378790257919,0.09998246324291793,59,64,,True,False,Request timeout: 300.0s exceeded,166,87.6246207195492
297,2026-09-18T06:50:38.845+00:00,2026-09-18T06:55:37.905+00:00,2026-09-18T06:55:38.889+00:00,False,18,17.0,,17.0,299060.031518,300044.427038,300044.427172,16669.13484288889,0.02166,299060.031518,70475.47860410271,44923.79339115,57.905618823529416,15.807301842328169,0.05665827613537706,59,64,,True,False,Request timeout: 300.0s exceeded,59,87.6246207195492
298,2026-09-18T06:50:39.124+00:00,2026-09-18T06:55:38.888+00:00,2026-09-18T06:55:39.138+00:00,False,6,5.0,,5.0,299764.521748,300014.395924,300014.395809,50002.3993015,0.03995,299764.521748,122357.9539649128,224839.43321075,49.9748352,27.93575561270973,0.016665866931487534,59,64,,True,False,Request timeout: 300.0s exceeded,42,87.6246207195492
299,2026-09-18T06:50:39.517+00:00,2026-09-18T06:55:39.613+00:00,2026-09-18T06:55:39.613+00:00,False,1,0.0,,0.0,300096.13734500005,300096.13734500005,300096.13734500005,300096.13734500005,300096.13734500005,300096.13734500005,nan,300096.13734500005,nan,nan,0.0,59,64,,True,False,"HTTPConnectionPool(host='gpu03', port=9002): Read timed out.",0,87.6246207195492
300,2026-09-18T06:50:39.850+00:00,2026-09-18T06:55:39.895+00:00,2026-09-18T06:55:39.895+00:00,False,1,0.0,,0.0,300044.860442,300044.860442,300044.860442,300044.860442,300044.860442,300044.860442,nan,300044.860442,nan,nan,0.0,59,64,,True,False,TTFT timeout: 300.0s exceeded (TTFT: 300.040s),0,87.6246207195492
301,2026-09-18T06:50:40.187+00:00,2026-09-18T06:55:40.159+00:00,2026-09-18T06:55:40.228+00:00,False,3,2.0,,2.0,299972.16939999996,300040.97144799994,300040.97158099996,100013.65719366666,0.019600000000000003,299972.16939999996,173169.1546867243,269981.83071809995,34.401024,48.622879761252804,0.006665756314372618,59,64,,True,False,Request timeout: 300.0s exceeded,4,87.6246207195492
302,2026-09-18T06:50:40.507+00:00,2026-09-18T06:55:40.457+00:00,2026-09-18T06:55:40.521+00:00,False,3,2.0,,2.0,299950.606592,300014.24870399997,300014.248493,100004.74949766666,0.02793,299950.606592,173158.19454385297,269961.9073299,31.821056,44.96230674898929,0.0066663500438382175,59,64,,True,False,Request timeout: 300.0s exceeded,7,87.6246207195492
303,2026-09-18T06:50:40.880+00:00,2026-09-18T06:55:40.988+00:00,2026-09-18T06:55:40.988+00:00,False,1,0.0,,0.0,300107.322358,300107.322358,300107.322358,300107.322358,300107.322358,300107.322358,nan,300107.322358,nan,nan,0.0,59,64,,True,False,"HTTPConnectionPool(host='gpu03', port=9002): Read timed out.",0,87.6246207195492
304,2026-09-18T06:50:41.336+00:00,2026-09-18T06:55:41.409+00:00,2026-09-18T06:55:41.409+00:00,False,1,0.0,,0.0,300073.40019,300073.40019,300073.40019,300073.40019,300073.40019,300073.40019,nan,300073.40019,nan,nan,0.0,59,64,,True,False,TTFT timeout: 300.0s exceeded (TTFT: 300.045s),0,87.6246207195492
305,2026-09-18T06:50:41.712+00:00,2026-09-18T06:55:41.613+00:00,2026-09-18T06:55:41.745+00:00,True,3,3.0,,3.0,299900.199555,300032.679043,300032.679197,100010.89306566666,63.848881,299900.199555,173109.21738112785,269917.04267560004,66.239744,3.3814411961765654,0.009998910817211505,59,64,,True,True,,12,87.6246207195492
306,2026-09-18T06:50:42.026+00:00,2026-09-18T06:55:42.135+00:00,2026-09-18T06:55:42.135+00:00,False,1,0.0,,0.0,300108.228427,300108.228427,300108.228427,300108.228427,300108.228427,300108.228427,nan,300108.228427,nan,nan,0.0,59,64,,True,False,"HTTPConnectionPool(host='gpu03', port=9002): Read timed out.",0,87.6246207195492
307,2026-09-18T06:50:42.369+00:00,2026-09-18T06:55:42.430+00:00,2026-09-18T06:55:42.430+00:00,False,1,0.0,,0.0,300060.458277,300060.458277,300060.458277,300060.458277,300060.458277,300060.458277,nan,300060.458277,nan,nan,0.0,59,64,,True,False,"HTTPConnectionPool(host='gpu03', port=9002): Read timed out.",0,87.6246207195492
308,2026-09-18T06:50:42.750+00:00,2026-09-18T06:55:42.748+00:00,2026-09-18T06:55:42.819+00:00,False,3,2.0,,2.0,299997.567966,300068.682974,300068.682992,100022.89433066666,0.0195,299997.567966,173183.15112798626,270004.920722,35.557504,50.258389461866045,0.006665140727708975,59,64,,True,False,Request timeout: 300.0s exceeded,4,87.6246207195492
309,2026-09-18T06:50:43.163+00:00,2026-09-18T06:55:43.053+00:00,2026-09-18T06:55:43.211+00:00,False,4,3.0,,3.0,299890.18425700004,300048.62009700004,300048.61992,75012.15498,0.03406,299890.18425700004,149918.6910537024,254920.04238325002,52.811946666666664,46.79600730730524,0.00999837959271453,59,64,,True,False,Request timeout: 300.0s exceeded,17,87.6246207195492
310,2026-09-18T06:50:43.453+00:00,2026-09-18T06:55:43.561+00:00,2026-09-18T06:55:43.561+00:00,False,1,0.0,,0.0,300108.62689899997,300108.62689899997,300108.62689899997,300108.62689899997,300108.62689899997,300108.62689899997,nan,300108.62689899997,nan,nan,0.0,59,64,,True,False,"HTTPConnectionPool(host='gpu03', port=9002): Read timed out.",0,87.6246207195492
311,2026-09-18T06:50:43.712+00:00,2026-09-18T06:55:43.818+00:00,2026-09-18T06:55:43.818+00:00,False,1,0.0,,0.0,300106.34001700004,300106.34001700004,300106.34001700004,300106.34001700004,300106.34001700004,300106.34001700004,nan,300106.34001700004,nan,nan,0.0,59,64,,True,False,"HTTPConnectionPool(host='gpu03', port=9002): Read timed out.",0,87.6246207195492
312,2026-09-18T06:50:44.076+00:00,2026-09-18T06:55:44.153+00:00,2026-09-18T06:55:44.153+00:00,False,1,0.0,,0.0,300077.05117299996,300077.05117299996,300077.05117299996,300077.05117299996,300077.05117299996,300077.05117299996,nan,300077.05117299996,nan,nan,0.0,59,64,,True,False,TTFT timeout: 300.0s exceeded (TTFT: 300.070s),0,87.6246207195492
313,2026-09-18T06:50:44.368+00:00,2026-09-18T06:55:44.357+00:00,2026-09-18T06:55:44.423+00:00,False,3,2.0,,2.0,299988.915551,300054.976607,300054.976617,100018.325539,0.042140000000000004,299988.915551,173179.6141020779,269996.62588849996,33.030528,46.652484289069626,0.006665445188131373,59,64,,True,False,Request timeout: 300.0s exceeded,12,87.6246207195492
314,2026-09-18T06:50:44.783+00:00,2026-09-18T06:55:44.569+00:00,2026-09-18T06:55:45.816+00:00,False,22,21.0,,21.0,299786.71329000004,301033.67239400005,301033.67237000004,13683.34874409091,0.022760000000000002,299786.71329000004,63902.08513418961,90.93063324999999,59.37900495238095,19.22082289815043,0.06975963796008407,59,64,,True,False,Request timeout: 300.0s exceeded,94,87.6246207195492
315,2026-09-18T06:50:45.216+00:00,2026-09-18T06:55:45.540+00:00,2026-09-18T06:55:45.909+00:00,False,8,7.0,,7.0,300323.772991,300692.658495,300692.65833899996,37586.582292374995,0.02009,300323.772991,106161.85980136857,195241.1863204,52.69792914285714,27.748054292088323,0.0232795839946202,59,64,,True,False,Request timeout: 300.0s exceeded,26,87.6246207195492
317,2026-09-18T06:50:45.966+00:00,2026-09-18T06:55:45.990+00:00,2026-09-18T06:55:45.990+00:00,False,1,0.0,,0.0,300024.104705,300024.104705,300024.104705,300024.104705,300024.104705,300024.104705,nan,300024.104705,nan,nan,0.0,59,64,,True,False,"HTTPConnectionPool(host='gpu03', port=9002): Read timed out.",0,87.6246207195492
318,2026-09-18T06:50:46.359+00:00,2026-09-18T06:55:46.706+00:00,2026-09-18T06:55:46.706+00:00,False,1,0.0,,0.0,300346.770839,300346.770839,300346.770839,300346.770839,300346.770839,300346.770839,nan,300346.770839,nan,nan,0.0,59,64,,True,False,"HTTPConnectionPool(host='gpu03', port=9002): Read timed out.",0,87.6246207195492
316,2026-09-18T06:50:45.549+00:00,2026-09-18T06:55:46.713+00:00,2026-09-18T06:55:46.713+00:00,False,1,0.0,,0.0,301164.04952600005,301164.04952600005,301164.04952600005,301164.04952600005,301164.04952600005,301164.04952600005,nan,301164.04952600005,nan,nan,0.0,59,64,,True,False,"HTTPConnectionPool(host='gpu03', port=9002): Read timed out.",0,87.6246207195492
319,2026-09-18T06:50:46.632+00:00,2026-09-18T06:55:46.746+00:00,2026-09-18T06:55:46.746+00:00,False,1,0.0,,0.0,300114.138699,300114.138699,300114.138699,300114.138699,300114.138699,300114.138699,nan,300114.138699,nan,nan,0.0,59,64,,True,False,"HTTPConnectionPool(host='gpu03', port=9002): Read timed out.",0,87.6246207195492
320,2026-09-18T06:50:47.034+00:00,2026-09-18T06:55:47.108+00:00,2026-09-18T06:55:47.108+00:00,False,1,0.0,,0.0,300074.001894,300074.001894,300074.001894,300074.001894,300074.001894,300074.001894,nan,300074.001894,nan,nan,0.0,59,64,,True,False,TTFT timeout: 300.0s exceeded (TTFT: 300.057s),0,87.6246207195492
321,2026-09-18T06:50:47.410+00:00,2026-09-18T06:55:47.293+00:00,2026-09-18T06:55:47.469+00:00,False,5,4.0,,4.0,299883.15526200004,300059.90099000005,300059.900901,60011.98018020001,0.0523,299883.15526200004,134092.06575309316,239918.3881114,44.186432,29.426940322264425,0.013330671598579598,59,64,,True,False,Request timeout: 300.0s exceeded,12,87.6246207195492
322,2026-09-18T06:50:47.757+00:00,2026-09-18T06:55:47.349+00:00,2026-09-18T06:55:47.795+00:00,False,10,9.0,,9.0,299591.57363999996,300037.73504799994,300037.734983,30003.773498299997,0.03681,299591.57363999996,94723.4996107297,164804.66614364999,49.57348977777777,21.017950733487137,0.029996226969784927,59,64,,True,False,Request timeout: 300.0s exceeded,20,87.6246207195492
323,2026-09-18T06:50:48.181+00:00,2026-09-18T06:55:48.292+00:00,2026-09-18T06:55:48.292+00:00,False,1,0.0,,0.0,300110.837836,300110.837836,300110.837836,300110.837836,300110.837836,300110.837836,nan,300110.837836,nan,nan,0.0,59,64,,True,False,"HTTPConnectionPool(host='gpu03', port=9002): Read timed out.",0,87.6246207195492
324,2026-09-18T06:50:48.480+00:00,2026-09-18T06:55:48.556+00:00,2026-09-18T06:55:48.556+00:00,False,1,0.0,,0.0,300075.820403,300075.820403,300075.820403,300075.820403,300075.820403,300075.820403,nan,300075.820403,nan,nan,0.0,59,64,,True,False,TTFT timeout: 300.0s exceeded (TTFT: 300.068s),0,87.6246207195492
325,2026-09-18T06:50:48.857+00:00,2026-09-18T06:55:48.745+00:00,2026-09-18T06:55:48.889+00:00,False,4,3.0,,3.0,299888.035367,300032.820263,300032.820225,75008.20505625,0.0525,299888.035367,149919.89075439185,254915.90895259997,48.261632,41.77704106029684,0.00999890611090576,59,64,,True,False,Request timeout: 300.0s exceeded,9,87.6246207195492
326,2026-09-18T06:50:49.128+00:00,2026-09-18T06:55:49.047+00:00,2026-09-18T06:55:49.178+00:00,False,4,3.0,,3.0,299918.64338200004,300049.83263,300049.83249600005,75012.45812400001,0.03785,299918.64338200004,149937.46013026824,254941.73182030005,43.72974933333334,38.47859712345144,0.00999833918820873,59,64,,True,False,Request timeout: 300.0s exceeded,22,87.6246207195492
327,2026-09-18T06:50:49.556+00:00,2026-09-18T06:55:49.664+00:00,2026-09-18T06:55:49.664+00:00,False,1,0.0,,0.0,300108.59527399996,300108.59527399996,300108.59527399996,300108.59527399996,300108.59527399996,300108.59527399996,nan,300108.59527399996,nan,nan,0.0,59,64,,True,False,"HTTPConnectionPool(host='gpu03', port=9002): Read timed out.",0,87.6246207195492
328,2026-09-18T06:50:49.934+00:00,2026-09-18T06:55:50.008+00:00,2026-09-18T06:55:50.008+00:00,False,1,0.0,,0.0,300073.684121,300073.684121,300073.684121,300073.684121,300073.684121,300073.684121,nan,300073.684121,nan,nan,0.0,59,64,,True,False,"HTTPConnectionPool(host='gpu03', port=9002): Read timed out.",0,87.6246207195492
329,2026-09-18T06:50:50.200+00:00,2026-09-18T06:55:50.094+00:00,2026-09-18T06:55:50.237+00:00,True,3,3.0,,3.0,299893.80638200004,300036.15748600004,300036.157315,100012.05243833334,68.805311,299893.80638200004,173102.67668443208,269911.78030600003,71.175552,3.351935044411213,0.009998794895711803,59,64,,True,True,,13,87.6246207195492
330,2026-09-18T06:50:50.598+00:00,2026-09-18T06:55:50.452+00:00,2026-09-18T06:55:50.637+00:00,True,4,4.0,,4.0,299854.398355,300039.434387,300039.43424800003,75009.85856200001,57.001642999999994,299854.398355,149896.35989861967,254885.87846125002,61.67867733333333,4.057977492261549,0.013331580924261704,59,64,,True,True,,12,87.6246207195492
331,2026-09-18T06:50:50.896+00:00,2026-09-18T06:55:51.019+00:00,2026-09-18T06:55:51.019+00:00,False,1,0.0,,0.0,300122.914344,300122.914344,300122.914344,300122.914344,300122.914344,300122.914344,nan,300122.914344,nan,nan,0.0,59,64,,True,False,"HTTPConnectionPool(host='gpu03', port=9002): Read timed out.",0,87.6246207195492
332,2026-09-18T06:50:51.273+00:00,2026-09-18T06:55:51.398+00:00,2026-09-18T06:55:51.398+00:00,False,1,0.0,,0.0,300125.446839,300125.446839,300125.446839,300125.446839,300125.446839,300125.446839,nan,300125.446839,nan,nan,0.0,59,64,,True,False,TTFT timeout: 300.0s exceeded (TTFT: 300.100s),0,87.6246207195492
333,2026-09-18T06:50:51.675+00:00,2026-09-18T06:55:51.679+00:00,2026-09-18T06:55:51.739+00:00,False,3,2.0,,2.0,300003.835268,300063.840388,300063.840595,100021.28019833335,0.027989999999999998,300003.835268,173189.97559796946,270009.44947490003,30.00256,42.390565042668065,0.006665248293209483,59,64,,True,False,Request timeout: 300.0s exceeded,7,87.6246207195492
334,2026-09-18T06:50:52.019+00:00,2026-09-18T06:55:52.127+00:00,2026-09-18T06:55:52.127+00:00,False,1,0.0,,0.0,300107.711734,300107.711734,300107.711734,300107.711734,300107.711734,300107.711734,nan,300107.711734,nan,nan,0.0,59,64,,True,False,"HTTPConnectionPool(host='gpu03', port=9002): Read timed out.",0,87.6246207195492
335,2026-09-18T06:50:52.392+00:00,2026-09-18T06:55:52.497+00:00,2026-09-18T06:55:52.497+00:00,False,1,0.0,,0.0,300104.68370999995,300104.68370999995,300104.68370999995,300104.68370999995,300104.68370999995,300104.68370999995,nan,300104.68370999995,nan,nan,0.0,59,64,,True,False,"HTTPConnectionPool(host='gpu03', port=9002): Read timed out.",0,87.6246207195492
336,2026-09-18T06:50:52.819+00:00,2026-09-18T06:55:52.816+00:00,2026-09-18T06:55:52.891+00:00,False,3,2.0,,2.0,299996.879322,300071.521498,300071.521482,100023.840494,0.02231,299996.879322,173181.73571360475,270004.6533748,37.321088,52.7484914476586,0.0066650776788670695,59,64,,True,False,Request timeout: 300.0s exceeded,5,87.6246207195492
0,2026-09-18T06:48:53.196+00:00,2026-09-18T06:48:53.413+00:00,2026-09-18T06:48:53.911+00:00,True,11,11.0,,11.0,216.401877,715.165141,715.165001,65.0150000909091,32.193151,216.401877,52.34156991128355,149.63572650000003,49.876326399999996,15.587053556532265,15.381062875378598,60,64,,False,True,,37,87.6246207195492
1,2026-09-18T06:48:53.601+00:00,2026-09-18T06:48:53.763+00:00,2026-09-18T06:48:54.732+00:00,True,18,18.0,,18.0,161.85948000000002,1131.4774,1131.4774380000001,62.85985766666667,6.974497,161.85948000000002,31.049065727303272,101.46205935,57.03634823529412,19.383121160927228,15.908404356993785,60,64,,False,True,,59,87.6246207195492
2,2026-09-18T06:48:54.174+00:00,2026-09-18T06:48:55.920+00:00,2026-09-18T06:48:58.352+00:00,True,41,41.0,,41.0,1745.100227,4177.224643,4177.224728,101.88352995121951,40.594585,1745.100227,263.1291618306129,72.426025,60.8031104,6.8183297936531115,9.815129303305703,60,64,,False,True,,213,87.6246207195492
3,2026-09-18T06:48:54.629+00:00,2026-09-18T06:48:57.879+00:00,2026-09-18T06:49:00.284+00:00,True,41,41.0,,41.0,3249.655102,5654.71955,5654.719413,137.91998568292684,13.244316000000001,3249.655102,498.28387322431945,66.57520600000001,60.126611200000006,12.914804855783997,7.250580623401563,60,64,,False,True,,177,87.6246207195492
4,2026-09-18T06:48:55.181+00:00,2026-09-18T06:48:59.569+00:00,2026-09-18T06:49:03.140+00:00,True,61,61.0,,61.0,4388.776615000001,7959.817127,7959.817159000001,130.4888058852459,0.0,4388.776615000001,554.5329880671619,69.113541,59.51734186666667,16.039192936656438,7.663492643956065,60,64,,False,True,,307,87.6246207195492
5,2026-09-18T06:48:55.762+00:00,2026-09-18T06:49:01.852+00:00,2026-09-18T06:49:03.989+00:00,True,37,37.0,,37.0,6089.213195,8226.296843,8226.297034000001,222.3323522702703,0.0,6089.213195,991.428489805711,77.7595818,59.36343466666666,16.112292068591707,4.4977710756309985,60,64,,False,True,,155,87.6246207195492
6,2026-09-18T06:48:56.328+00:00,2026-09-18T06:49:03.983+00:00,2026-09-18T06:49:09.152+00:00,True,87,87.0,,87.0,7655.358225,12824.565265000001,12824.565188999999,147.40879527586208,0.0,7655.358225,815.0939816535407,69.21635099999999,60.10705860465116,36.26103725023919,6.783855686510868,60,64,,False,True,,436,87.6246207195492
7,2026-09-18T06:48:56.656+00:00,2026-09-18T06:49:05.199+00:00,2026-09-18T06:49:06.111+00:00,True,16,16.0,,16.0,8543.084085999999,9454.671925999999,9454.671912,590.9169945,7.877455,8543.084085999999,2120.79615596977,2249.9150417499995,60.77252266666667,31.493909668625164,1.6922850549684954,60,64,,False,True,,52,87.6246207195492
8,2026-09-18T06:48:57.231+00:00,2026-09-18T06:49:07.357+00:00,2026-09-18T06:49:12.442+00:00,True,86,86.0,,86.0,10126.441562999998,15211.189082999997,15211.189063999998,176.87429144186044,0.0,10126.441562999998,1086.183265603355,70.01360000000001,59.82055905882353,38.41727636708181,5.653732889042414,60,64,,False,True,,361,87.6246207195492
9,2026-09-18T06:48:57.660+00:00,2026-09-18T06:49:08.851+00:00,2026-09-18T06:49:14.327+00:00,True,92,92.0,,92.0,11190.929285,16667.447685,16667.447688,181.1679096521739,0.0,11190.929285,1160.8049937940311,67.45233505,60.18152087912088,28.427765712415752,5.519741338849147,60,64,,False,True,,447,87.6246207195492
10,2026-09-18T06:48:58.115+00:00,2026-09-18T06:49:10.459+00:00,2026-09-18T06:49:16.154+00:00,True,96,96.0,,96.0,12343.800322000001,18038.512130000003,18038.51218,187.90116854166666,0.0,12343.800322000001,1254.0217058119188,69.3764915,59.944334821052635,27.843995538154555,5.321946694280931,60,64,,False,True,,440,87.6246207195492
11,2026-09-18T06:48:58.497+00:00,2026-09-18T06:49:11.981+00:00,2026-09-18T06:49:17.688+00:00,True,97,97.0,,97.0,13484.699242,19191.703914,19191.704086,197.85261944329898,0.0,13484.699242,1363.5447806074917,68.3881828,59.447965333333336,33.89841885851913,5.054267220600472,60,64,,False,True,,532,87.6246207195492
12,2026-09-18T06:48:58.825+00:00,2026-09-18T06:49:13.284+00:00,2026-09-18T06:49:16.947+00:00,True,61,61.0,,61.0,14458.318883,18121.765667,18121.765535,297.0781235245902,0.0,14458.318883,1843.8614936023494,72.50433500000001,61.057446399999996,42.47170523020473,3.3661179115168616,60,64,,False,True,,187,87.6246207195492
13,2026-09-18T06:48:59.407+00:00,2026-09-18T06:49:15.259+00:00,2026-09-18T06:49:20.568+00:00,True,89,89.0,,89.0,15851.555134,21160.99155,21160.991628,237.7639508764045,0.0,15851.555134,1674.4006922393514,70.52009120000001,60.33450472727273,42.55277921729613,4.205852064621235,60,64,,False,True,,411,87.6246207195492
14,2026-09-18T06:48:59.729+00:00,2026-09-18T06:49:16.466+00:00,2026-09-18T06:49:19.441+00:00,True,51,51.0,,51.0,16736.632919,19711.560279,19711.560161,386.501179627451,0.0,16736.632919,2335.5924829772343,69.17979150000001,59.498547200000004,39.45244310059707,2.5873142094354447,60,64,,False,True,,218,87.6246207195492
15,2026-09-18T06:49:00.049+00:00,2026-09-18T06:49:17.750+00:00,2026-09-18T06:49:21.103+00:00,True,55,55.0,,55.0,17700.144059000002,21053.184187000003,21053.184168000003,382.78516669090914,0.0,17700.144059000002,2378.661710207035,88.38722949999999,62.0933357037037,41.03569196754798,2.6124314265944437,60,64,,False,True,,194,87.6246207195492
16,2026-09-18T06:49:00.560+00:00,2026-09-18T06:49:19.568+00:00,2026-09-18T06:49:23.653+00:00,True,66,66.0,,66.0,19008.036068,23092.95434,23092.954187000003,349.89324525757576,0.0,19008.036068,2332.7959279148677,95.86700450000001,62.84489649230769,61.72163212068028,2.858014571382901,60,64,,False,True,,247,87.6246207195492
17,2026-09-18T06:49:01.139+00:00,2026-09-18T06:49:21.572+00:00,2026-09-18T06:49:26.649+00:00,True,85,85.0,,85.0,20433.32938,25509.729508,25509.729506,300.1144647764706,0.0,20433.32938,2210.0592811091583,84.70648659999999,60.43333485714286,37.14441164238642,3.3320619873034523,60,64,,False,True,,368,87.6246207195492
18,2026-09-18T06:49:01.592+00:00,2026-09-18T06:49:23.405+00:00,2026-09-18T06:49:24.512+00:00,True,19,19.0,,19.0,21813.572685,22919.931725,22919.931709,1206.3121952105262,0.0,21813.572685,4990.852143514866,2500.4869374,61.46439111111111,78.03860208047708,0.8289728009650081,60,64,,False,True,,58,87.6246207195492
19,2026-09-18T06:49:01.997+00:00,2026-09-18T06:49:24.984+00:00,2026-09-18T06:49:25.680+00:00,True,13,13.0,,13.0,22987.167984,23682.578928,23682.578931,1821.7368408461539,35.149845,22987.167984,6359.442056329869,9252.5314968,57.950912,17.252368118139756,0.5489267042885289,60,64,,False,True,,42,87.6246207195492
20,2026-09-18T06:49:02.487+00:00,2026-09-18T06:49:26.961+00:00,2026-09-18T06:49:27.088+00:00,True,3,3.0,,3.0,24473.612901999997,24600.815717999998,24600.815645999995,8200.271882,58.455302,24473.612901999997,14093.127667304634,22033.126355999997,63.601408,7.277701383890934,0.12194717583307414,60,64,,False,True,,9,87.6246207195492
21,2026-09-18T06:49:03.034+00:00,2026-09-18T06:49:29.306+00:00,2026-09-18T06:49:29.970+00:00,True,11,11.0,,11.0,26271.93889,26935.61249,26935.612537,2448.692048818182,58.010982000000006,26271.93889,7901.282560647106,13182.173899000001,66.36736,9.786411221092052,0.40838128348051533,60,64,,False,True,,41,87.6246207195492
22,2026-09-18T06:49:03.497+00:00,2026-09-18T06:49:30.964+00:00,2026-09-18T06:49:31.912+00:00,True,17,17.0,,17.0,27466.75214,28415.49582,28415.495797,1671.4997527647058,38.435447999999994,27466.75214,6647.289567623785,5549.0655560000005,59.29648,8.569095587978994,0.5982651194153965,60,64,,False,True,,75,87.6246207195492
23,2026-09-18T06:49:03.853+00:00,2026-09-18T06:49:32.253+00:00,2026-09-18T06:49:33.734+00:00,True,25,25.0,,25.0,28400.310005,29881.662453,29881.662502,1195.26650008,0.0,28400.310005,5668.428053654933,392.78486359999994,61.72301866666666,91.68624914166354,0.8366335052248774,60,64,,False,True,,99,87.6246207195492
24,2026-09-18T06:49:04.367+00:00,2026-09-18T06:49:34.247+00:00,2026-09-18T06:49:35.725+00:00,True,26,26.0,,26.0,29880.501694,31357.650621999997,31357.650568999998,1206.0634834230768,0.0157,29880.501694,5849.365410445119,425.25059224999995,59.085957119999996,104.98998008670958,0.8291437491097895,60,64,,False,True,,52,87.6246207195492
25,2026-09-18T06:49:04.949+00:00,2026-09-18T06:49:36.407+00:00,2026-09-18T06:49:37.717+00:00,True,21,21.0,,21.0,31457.398853,32767.893061,32767.893205999997,1560.3758669523809,39.215498,31457.398853,6850.282174703053,93.75979699999999,65.5247104,14.020335694488068,0.6408712321206266,60,64,,False,True,,81,87.6246207195492
26,2026-09-18T06:49:05.497+00:00,2026-09-18T06:49:38.332+00:00,2026-09-18T06:49:39.116+00:00,True,14,14.0,,14.0,32834.778609,33619.393009,33619.393032,2401.385216571429,0.0,32834.778609,8760.259122511574,11811.59778425,60.35495384615385,132.56770132503527,0.41642631668728114,60,64,,False,True,,52,87.6246207195492
27,2026-09-18T06:49:06.033+00:00,2026-09-18T06:49:40.301+00:00,2026-09-18T06:49:45.747+00:00,True,89,89.0,,89.0,34268.208033,39714.603169,39714.603215,446.2314967977528,0.0,34268.208033,3626.382699900208,97.7094616,61.89085381818182,61.78139682942363,2.240989280977398,60,64,,False,True,,276,87.6246207195492
28,2026-09-18T06:49:06.421+00:00,2026-09-18T06:49:42.202+00:00,2026-09-18T06:49:42.701+00:00,True,9,9.0,,9.0,35780.244819,36279.387731,36279.387738,4031.043082,43.135419999999996,35780.244819,11905.959811154169,21507.503678600002,62.392864,15.788244559286651,0.24807474885552389,60,64,,False,True,,30,87.6246207195492
29,2026-09-18T06:49:06.915+00:00,2026-09-18T06:49:43.921+00:00,2026-09-18T06:49:49.569+00:00,True,92,92.0,,92.0,37006.221983,42654.000031,42654.000054000004,463.63043536956525,0.0,37006.221983,3852.6288679496975,89.53758665000001,62.06349503296703,85.30228149536696,2.156890325248192,60,64,,False,True,,395,87.6246207195492
30,2026-09-18T06:49:07.449+00:00,2026-09-18T06:49:45.747+00:00,2026-09-18T06:49:50.546+00:00,True,77,77.0,,77.0,38297.335689,43096.347529,43096.347406,559.6928234545454,0.01641,38297.335689,4357.817838908014,93.1021278,63.14489263157895,74.43677261621806,1.7866943352493123,60,64,,False,True,,257,87.6246207195492
31,2026-09-18T06:49:07.904+00:00,2026-09-18T06:49:47.260+00:00,2026-09-18T06:49:49.009+00:00,True,29,29.0,,29.0,39356.028232000004,41105.23194400001,41105.232015,1417.4217936206899,0.016309999999999998,39356.028232000004,7297.6795273536,445.7551924,62.47156114285714,126.0158403112272,0.7055062975805209,60,64,,False,True,,173,87.6246207195492
32,2026-09-18T06:49:08.423+00:00,2026-09-18T06:49:49.760+00:00,2026-09-18T06:49:53.785+00:00,True,66,66.0,,66.0,41336.527746,45362.172802,45362.172799,687.305648469697,0.0,41336.527746,5081.1492743169265,94.395871,61.93300086153846,78.5511250937421,1.4549567607372211,60,64,,False,True,,331,87.6246207195492
33,2026-09-18T06:49:08.829+00:00,2026-09-18T06:49:51.329+00:00,2026-09-18T06:49:54.706+00:00,True,55,55.0,,55.0,42500.148464,45877.294064,45877.293944,834.1326171636364,0.0,42500.148464,5722.935954203755,96.8674811,62.53973333333334,87.05914216302175,1.198850131031564,60,64,,False,True,,195,87.6246207195492
34,2026-09-18T06:49:09.356+00:00,2026-09-18T06:49:53.547+00:00,2026-09-18T06:49:56.192+00:00,True,43,43.0,,43.0,44190.470343,46836.373447,46836.373502,1089.2179884186046,41.429403,44190.470343,6729.386543331285,98.27076930000001,62.99769295238095,11.772334592469047,0.9180898698029805,60,64,,False,True,,151,87.6246207195492
35,2026-09-18T06:49:09.836+00:00,2026-09-18T06:49:55.744+00:00,2026-09-18T06:49:57.204+00:00,True,26,26.0,,26.0,45907.777202,47367.839154,47367.839108,1821.8399656923075,39.124337,45907.777202,8991.813000860833,93.81803974999998,58.40247808,14.24429144278035,0.548895631811915,60,64,,False,True,,98,87.6246207195492
36,2026-09-18T06:49:10.358+00:00,2026-09-18T06:49:57.809+00:00,2026-09-18T06:50:03.983+00:00,True,100,100.0,,100.0,47450.865372,53624.9039,53624.903963,536.24903963,0.0,47450.865372,4740.529570275431,92.92711349999999,62.364025535353534,126.81662869774146,1.8648052066718948,60,64,,False,True,,406,87.6246207195492
37,2026-09-18T06:49:10.783+00:00,2026-09-18T06:49:59.454+00:00,2026-09-18T06:50:01.448+00:00,True,33,33.0,,33.0,48671.015247,50665.229647,50665.229788000004,1535.3099935757577,0.0,48671.015247,8462.710128121858,366.27914820000007,62.3192,133.6385743444204,0.6513342627660231,60,64,,False,True,,102,87.6246207195492
38,2026-09-18T06:49:11.212+00:00,2026-09-18T06:50:01.188+00:00,2026-09-18T06:50:03.714+00:00,True,42,42.0,,42.0,49976.363424,52502.025888000004,52502.025845000004,1250.048234404762,0.01732,49976.363424,7703.720100672542,99.4757759,61.60152351219512,164.08976051260996,0.7999691305169164,60,64,,False,True,,88,87.6246207195492
39,2026-09-18T06:49:11.692+00:00,2026-09-18T06:50:03.461+00:00,2026-09-18T06:50:09.897+00:00,True,95,95.0,,95.0,51768.559894,58205.094678,58205.09445,612.6852047368421,0.0,51768.559894,5304.91479931367,97.764905,68.47377429787234,80.07052076479634,1.632159530459582,60,64,,False,True,,386,87.6246207195492
40,2026-09-18T06:49:12.251+00:00,2026-09-18T06:50:05.605+00:00,2026-09-18T06:50:10.014+00:00,True,69,69.0,,69.0,53354.085777,57762.420369,57762.420525,837.1365293478261,0.0,53354.085777,6416.0116272408195,99.4306482,64.82844988235294,98.09617839592566,1.194548281723856,60,64,,False,True,,357,87.6246207195492
41,2026-09-18T06:49:12.832+00:00,2026-09-18T06:50:08.093+00:00,2026-09-18T06:50:08.830+00:00,True,13,13.0,,13.0,55260.205369,55997.535033,55997.535069000005,4307.502697615385,37.301481,55260.205369,15309.387753845078,22160.9733646,61.44413866666667,14.052298017884253,0.23215307588698234,60,64,,False,True,,58,87.6246207195492
42,2026-09-18T06:49:13.276+00:00,2026-09-18T06:50:09.907+00:00,2026-09-18T06:50:15.348+00:00,True,95,95.0,,95.0,56630.432987,62071.850459,62071.850679,653.3879018842106,0.0,56630.432987,5804.245115930041,83.43839609999999,57.88741991489362,16.92319641946022,1.5304844192255853,60,64,,False,True,,517,87.6246207195492
43,2026-09-18T06:49:13.695+00:00,2026-09-18T06:50:11.205+00:00,2026-09-18T06:50:11.683+00:00,True,9,9.0,,9.0,57510.834528,57988.034144,57988.034148,6443.114905333333,39.449977,57510.834528,19150.396698580433,34533.7238864,59.649952,8.974695351676099,0.15520443368800124,60,64,,False,True,,32,87.6246207195492
44,2026-09-18T06:49:14.118+00:00,2026-09-18T06:50:12.937+00:00,2026-09-18T06:50:17.825+00:00,True,79,79.0,,79.0,58818.910201,63706.501625,63706.501533999995,806.4114118227848,0.01629,58818.910201,6611.293829454461,92.10251779999999,62.661428512820514,96.78366508568975,1.24006181449145,60,64,,False,True,,339,87.6246207195492
45,2026-09-18T06:49:14.700+00:00,2026-09-18T06:50:15.082+00:00,2026-09-18T06:50:20.221+00:00,True,78,78.0,,78.0,60382.532034,65521.274562000006,65521.274514000004,840.016339923077,0.0,60382.532034,6831.035097709879,96.89960495,66.73691594805194,149.55819581702187,1.190453032567184,60,64,,False,True,,287,87.6246207195492
46,2026-09-18T06:49:15.094+00:00,2026-09-18T06:50:17.342+00:00,2026-09-18T06:50:18.203+00:00,True,27,27.0,,27.0,62247.692708999995,63108.886436999994,63108.886529999996,2337.3661677777777,0.01807,62247.692708999995,11973.251002553583,109.08880479999999,33.12283569230769,35.79514595512667,0.4278319825363012,60,64,,False,True,,121,87.6246207195492
47,2026-09-18T06:49:15.668+00:00,2026-09-18T06:50:18.847+00:00,2026-09-18T06:50:20.735+00:00,True,32,32.0,,32.0,63179.539138,65067.025602,65067.025686,2033.3445526875,0.0,63179.539138,11159.124705391758,464.6964411,60.886660129032265,167.58915086911648,0.491800565707992,60,64,,False,True,,111,87.6246207195492
48,2026-09-18T06:49:16.196+00:00,2026-09-18T06:50:20.925+00:00,2026-09-18T06:50:21.049+00:00,True,3,3.0,,3.0,64728.646387,64852.841715,64852.841788,21617.613929333333,61.532307,64728.646387,37335.24929599589,58262.0480577,62.097664,0.7997434263762347,0.04625857434565001,60,64,,False,True,,20,87.6246207195492
49,2026-09-18T06:49:16.778+00:00,2026-09-18T06:50:22.931+00:00,2026-09-18T06:50:24.287+00:00,True,23,23.0,,23.0,66153.055917,67509.173165,67509.17331500001,2935.1814484782612,36.044593,66153.055917,13781.016573747087,89.50440309999998,61.641693090909094,10.832757679530092,0.34069444079525923,60,64,,False,True,,96,87.6246207195492
50,2026-09-18T06:49:17.124+00:00,2026-09-18T06:50:24.699+00:00,2026-09-18T06:50:26.426+00:00,True,28,28.0,,28.0,67574.82035899999,69302.10151099999,69302.101663,2475.075059392857,39.080397,67574.82035899999,12758.357594163886,96.4614935,63.973376,13.368061387381585,0.40402815195374264,60,64,,False,True,,155,87.6246207195492
51,2026-09-18T06:49:17.695+00:00,2026-09-18T06:50:26.552+00:00,2026-09-18T06:50:32.235+00:00,True,87,87.0,,87.0,68857.040231,74539.84419900001,74539.84428800001,856.7798194022989,0.0,68857.040231,7375.966047428779,91.90547889999999,66.07911590697674,109.32905114854158,1.167161012139158,60,64,,False,True,,340,87.6246207195492
52,2026-09-18T06:49:18.053+00:00,2026-09-18T06:50:27.857+00:00,2026-09-18T06:50:30.229+00:00,True,40,40.0,,40.0,69803.8962,72176.426376,72176.426323,1804.4106580750001,35.602024,69803.8962,11027.353706517157,91.64475885,60.83410707692308,12.89479095030278,0.5541975684917082,60,64,,False,True,,187,87.6246207195492
53,2026-09-18T06:49:18.388+00:00,2026-09-18T06:50:29.129+00:00,2026-09-18T06:50:33.641+00:00,True,75,75.0,,75.0,70740.397736,75252.541096,75252.541103,1003.3672147066667,0.0,70740.397736,8162.2211958554435,93.89058349999999,60.97491027027027,119.59932924514344,0.9966440854711094,60,64,,False,True,,300,87.6246207195492
54,2026-09-18T06:49:18.825+00:00,2026-09-18T06:50:30.736+00:00,2026-09-18T06:50:35.239+00:00,True,73,73.0,,73.0,71911.595212,76414.37102,76414.371215,1046.7722084246575,0.0,71911.595212,8410.978477327762,97.937989,62.53855288888889,169.4049740945559,0.9553176846917139,60,64,,False,True,,351,87.6246207195492
55,2026-09-18T06:49:19.304+00:00,2026-09-18T06:50:32.669+00:00,2026-09-18T06:50:34.932+00:00,True,38,38.0,,38.0,73365.048587,75628.296715,75628.29655099999,1990.2183302894737,0.015389,73365.048587,11892.467075053833,218.51003260000002,61.16886832432432,156.93534103719819,0.502457435253373,60,64,,False,True,,170,87.6246207195492
56,2026-09-18T06:49:19.682+00:00,2026-09-18T06:50:34.748+00:00,2026-09-18T06:50:35.371+00:00,True,22,22.0,,22.0,75066.516953,75689.301977,75689.301744,3440.4228065454545,0.01636,75066.516953,15997.945595153282,86.48116615,29.656429714285714,33.3852339516167,0.29066194858931615,60,64,,False,True,,83,87.6246207195492
57,2026-09-18T06:49:20.226+00:00,2026-09-18T06:50:35.907+00:00,2026-09-18T06:50:38.445+00:00,True,43,43.0,,43.0,75681.005546,78219.197674,78219.197574,1819.051106372093,35.769934,75681.005546,11532.0354230805,84.5363429,60.4331459047619,12.145960071586032,0.5497371652828033,60,64,,False,True,,199,87.6246207195492
58,2026-09-18T06:49:20.701+00:00,2026-09-18T06:50:38.200+00:00,2026-09-18T06:50:42.093+00:00,True,61,61.0,,61.0,77499.20104799999,81391.85845599999,81391.85854199999,1334.2927629836063,36.538603,77499.20104799999,9914.457583241658,97.84124899999999,64.87762346666666,13.024441917742287,0.7494607096725316,60,64,,False,True,,288,87.6246207195492
59,2026-09-18T06:49:21.577+00:00,2026-09-18T06:50:40.588+00:00,2026-09-18T06:50:40.858+00:00,True,5,5.0,,5.0,79010.881355,79280.83847500001,79280.838636,15856.167727200002,58.649671999999995,79010.881355,35304.56116922126,63227.22382780001,67.48928,16.739597939464137,0.06306694147258134,60,64,,False,True,,19,87.6246207195492
60,2026-09-18T06:49:21.621+00:00,2026-09-18T06:50:41.150+00:00,2026-09-18T06:50:45.765+00:00,True,64,64.0,,64.0,79528.505397,84143.85694900001,84143.857135,1314.747767734375,0.0,79528.505397,9932.95697053547,95.4382393,73.25954844444445,145.66931851055455,0.7606021677707346,60,64,,False,True,,325,87.6246207195492
61,2026-09-18T06:49:22.067+00:00,2026-09-18T06:50:43.373+00:00,2026-09-18T06:50:48.572+00:00,True,85,85.0,,85.0,81306.01223000001,86505.142854,86505.142898,1017.7075635058825,0.0,81306.01223000001,8813.058316597526,88.068559,61.894412190476196,126.45562523373526,0.9826005390622807,60,64,,False,True,,386,87.6246207195492
62,2026-09-18T06:49:22.389+00:00,2026-09-18T06:50:44.343+00:00,2026-09-18T06:50:46.856+00:00,True,41,41.0,,41.0,81954.339314,84466.628338,84466.628314,2060.161666195122,0.0,81954.339314,12790.600787873285,91.60607,62.8072256,184.1214718182075,0.485398799581951,60,64,,False,True,,212,87.6246207195492
63,2026-09-18T06:49:22.818+00:00,2026-09-18T06:50:45.860+00:00,2026-09-18T06:50:45.958+00:00,True,3,3.0,,3.0,83041.35093500001,83140.01845500001,83140.018263,27713.339421000004,39.432257,83041.35093500001,47915.464535031366,74743.1393486,49.33376,14.002569715687475,0.03608370620730336,60,64,,False,True,,5,87.6246207195492
64,2026-09-18T06:49:23.171+00:00,2026-09-18T06:50:47.229+00:00,2026-09-18T06:50:50.980+00:00,True,63,63.0,,63.0,84057.972876,87808.469132,87808.469076,1393.7852234285715,33.758407,84057.972876,10582.693345590911,74.4206027,60.49187509677419,10.843000758965667,0.7174706565638205,60,64,,False,True,,250,87.6246207195492
65,2026-09-18T06:49:23.670+00:00,2026-09-18T06:50:49.050+00:00,2026-09-18T06:50:53.073+00:00,True,66,66.0,,66.0,85380.02205300001,89403.10890100001,89403.10904800001,1354.5925613333334,34.184967,85380.02205300001,10501.940579966693,86.11866600000002,61.89364381538462,10.272530751988343,0.7382293614988792,60,64,,False,True,,224,87.6246207195492
66,2026-09-18T06:49:24.174+00:00,2026-09-18T06:50:50.791+00:00,2026-09-18T06:50:54.014+00:00,True,53,53.0,,53.0,86617.04260799999,89839.55678399999,89839.556724,1695.0859759245282,37.329091,86617.04260799999,11889.256493743109,76.933474,61.971426461538464,8.674251830920422,0.5899405773720275,60,64,,False,True,,239,87.6246207195492
67,2026-09-18T06:49:24.587+00:00,2026-09-18T06:50:52.447+00:00,2026-09-18T06:50:57.571+00:00,True,82,82.0,,82.0,87860.52322,92984.483284,92984.483398,1133.9571146097562,35.554775,87860.52322,9695.591912484939,91.13876320000001,63.25876622222222,10.86610099055296,0.8818675665438673,60,64,,False,True,,322,87.6246207195492
68,2026-09-18T06:49:25.034+00:00,2026-09-18T06:50:54.103+00:00,2026-09-18T06:50:57.511+00:00,True,55,55.0,,55.0,89069.483476,92477.578964,92477.57890899999,1681.4105256181817,37.66308,89069.483476,12001.622353787368,94.93431840000001,63.11287940740741,11.900382830859638,0.5947387530701965,60,64,,False,True,,262,87.6246207195492
69,2026-09-18T06:49:25.504+00:00,2026-09-18T06:50:55.802+00:00,2026-09-18T06:50:57.255+00:00,True,24,24.0,,24.0,90297.406557,91750.706781,91750.706718,3822.9461132499996,40.126415,90297.406557,18418.984595068745,87.08390905,63.18696626086956,7.971263504550131,0.2615783664455649,60,64,,False,True,,107,87.6246207195492
70,2026-09-18T06:49:25.891+00:00,2026-09-18T06:50:57.381+00:00,2026-09-18T06:51:00.982+00:00,True,59,59.0,,59.0,91490.262573,95091.446829,95091.446788,1611.7194370847458,37.253661,91490.262573,11902.93761965611,73.6689288,62.08938372413793,8.9665942332265,0.6204553823447221,60,64,,False,True,,271,87.6246207195492
71,2026-09-18T06:49:26.454+00:00,2026-09-18T06:50:59.058+00:00,2026-09-18T06:51:04.909+00:00,True,95,95.0,,95.0,92604.551665,98455.47825700001,98455.47824600001,1036.3734552210526,38.163368999999996,92604.551665,9494.643855274408,68.07069100000001,62.24389991489362,8.094091943162356,0.9649031387773048,60,64,,True,True,,506,87.6246207195492
72,2026-09-18T06:49:26.885+00:00,2026-09-18T06:51:00.980+00:00,2026-09-18T06:51:06.510+00:00,True,90,90.0,,90.0,94094.91422,99625.565356,99625.565354,1106.9507261555557,39.632966999999994,94094.91422,9911.927452992963,73.59734775,62.14214759550562,7.718387597519717,0.9033825773374112,60,64,,True,True,,434,87.6246207195492
73,2026-09-18T06:49:27.294+00:00,2026-09-18T06:51:02.641+00:00,2026-09-18T06:51:04.848+00:00,True,36,36.0,,36.0,95347.527384,97554.554072,97554.55417,2709.8487269444445,55.040559,95347.527384,15880.7461555481,75.9448395,63.057905371428575,6.37477072050427,0.36902428945992877,60,64,,True,True,,174,87.6246207195492
74,2026-09-18T06:49:27.825+00:00,2026-09-18T06:51:04.598+00:00,2026-09-18T06:51:10.045+00:00,True,89,89.0,,89.0,96773.33656,102220.254192,102220.25422,1148.542182247191,35.476694,96773.33656,10251.398447037775,89.4424428,61.89679127272727,11.461448351459397,0.8706689364402437,60,64,,True,True,,320,87.6246207195492
75,2026-09-18T06:49:28.355+00:00,2026-09-18T06:51:06.731+00:00,2026-09-18T06:51:10.661+00:00,True,65,65.0,,65.0,98375.552138,102306.124938,102306.125094,1573.9403860615384,34.916435,98375.552138,12194.373425824446,86.3060362,61.4152,11.720634316859329,0.6353480794956469,60,64,,True,True,,241,87.6246207195492
76,2026-09-18T06:49:28.937+00:00,2026-09-18T06:51:08.787+00:00,2026-09-18T06:51:14.894+00:00,True,98,98.0,,98.0,99850.37703399999,105957.234762,105957.234812,1081.1962735918366,35.499514000000005,99850.37703399999,10080.056108920266,84.0262436,62.95729616494845,9.587744073556268,0.9249014493453566,60,64,,True,True,,478,87.6246207195492
77,2026-09-18T06:49:29.312+00:00,2026-09-18T06:51:10.231+00:00,2026-09-18T06:51:11.570+00:00,True,22,22.0,,22.0,100918.931339,102257.644683,102257.644771,4648.074762318182,37.79045,100918.931339,21502.400299472363,95.55571445,63.748254476190475,11.674901102081472,0.2151428391314926,60,64,,True,True,,104,87.6246207195492
78,2026-09-18T06:49:29.679+00:00,2026-09-18T06:51:11.957+00:00,2026-09-18T06:51:12.248+00:00,True,6,6.0,,6.0,102278.043706,102568.969786,102568.969807,17094.828301166664,32.108541,102278.043706,41731.084808704654,76726.9745155,58.185216,15.592535842663182,0.058497223990046955,60,64,,True,True,,24,87.6246207195492
79,2026-09-18T06:49:30.051+00:00,2026-09-18T06:51:13.334+00:00,2026-09-18T06:51:16.484+00:00,True,51,51.0,,51.0,103282.6572,106433.620656,106433.620449,2086.9337342941176,56.684405,103282.6572,14453.641178828262,67.43573,63.01926912,5.0094281064198425,0.479171897805066,60,64,,True,True,,150,87.6246207195492
80,2026-09-18T06:49:30.604+00:00,2026-09-18T06:51:15.021+00:00,2026-09-18T06:51:18.358+00:00,True,52,52.0,,52.0,104417.521884,107753.919196,107753.919139,2072.190752673077,35.049106,104417.521884,14471.036984266608,95.24486355,65.4195551372549,10.967389494788346,0.4825810549444064,60,64,,True,True,,215,87.6246207195492
81,2026-09-18T06:49:31.182+00:00,2026-09-18T06:51:17.480+00:00,2026-09-18T06:51:18.800+00:00,True,21,21.0,,21.0,106298.325447,107617.990599,107617.99057499999,5124.666217857142,39.436447,106298.325447,23181.80196581797,98.792137,65.9832576,14.61750063463914,0.1951346599496454,60,64,,True,True,,125,87.6246207195492
82,2026-09-18T06:49:31.552+00:00,2026-09-18T06:51:18.864+00:00,2026-09-18T06:51:22.097+00:00,True,52,52.0,,52.0,107312.453203,110545.00360299999,110545.00352099999,2125.865452326923,38.436129,107312.453203,14872.774742453681,94.3422712,63.38334117647059,11.964244117322657,0.4703966557072763,60,64,,True,True,,192,87.6246207195492
83,2026-09-18T06:49:32.019+00:00,2026-09-18T06:51:20.522+00:00,2026-09-18T06:51:25.305+00:00,True,77,77.0,,77.0,108503.488883,113285.807731,113285.807604,1471.2442545974025,36.525422,108503.488883,12357.954159463487,94.0609484,62.925248,11.208205126545996,0.6796967911712157,60,64,,True,True,,427,87.6246207195492
84,2026-09-18T06:49:32.599+00:00,2026-09-18T06:51:22.869+00:00,2026-09-18T06:51:23.895+00:00,True,17,17.0,,17.0,110269.87109900001,111296.323067,111296.32319000001,6546.842540588236,40.662265,110269.87109900001,26728.815798087246,22127.547227799998,64.153248,13.377380694873148,0.1527453875521661,60,64,,True,True,,84,87.6246207195492
85,2026-09-18T06:49:33.082+00:00,2026-09-18T06:51:24.875+00:00,2026-09-18T06:51:30.694+00:00,True,95,95.0,,95.0,111792.91475499999,117612.28729899999,117612.28716499999,1238.0240754210524,36.972372,111792.91475499999,11463.365441605967,93.5766261,61.90821855319149,11.835799155539748,0.8077387336111076,60,64,,True,True,,233,87.6246207195492
86,2026-09-18T06:49:33.527+00:00,2026-09-18T06:51:26.664+00:00,2026-09-18T06:51:28.508+00:00,True,29,29.0,,29.0,113136.910181,114980.98800499999,114980.988068,3964.8616575172414,35.470203999999995,113136.910181,20996.77241890557,97.5642096,65.85992228571429,15.481303862562767,0.2522156097557531,60,64,,True,True,,86,87.6246207195492
87,2026-09-18T06:49:33.975+00:00,2026-09-18T06:51:28.504+00:00,2026-09-18T06:51:33.538+00:00,True,82,82.0,,82.0,114529.763816,119563.68740000001,119563.68757000001,1458.0937508536585,36.158612999999995,114529.763816,12640.839394685805,92.93437865000001,62.14720474074074,12.191388499981503,0.6858269578594478,60,64,,True,True,,345,87.6246207195492
88,2026-09-18T06:49:34.562+00:00,2026-09-18T06:51:30.966+00:00,2026-09-18T06:51:31.479+00:00,True,9,9.0,,9.0,116403.155484,116916.20790000001,116916.208035,12990.689781666668,56.971815,116403.155484,38779.674864480985,69869.61554720001,64.131552,4.476792951433234,0.07697820654342313,60,64,,True,True,,43,87.6246207195492
89,2026-09-18T06:49:35.168+00:00,2026-09-18T06:51:32.715+00:00,2026-09-18T06:51:36.694+00:00,True,64,64.0,,64.0,117546.66498999999,121526.27561399998,121526.275405,1898.848053203125,34.532886,117546.66498999999,14685.443765352818,95.98019315000002,63.168422603174605,14.13438878992322,0.5266350809867748,60,64,,True,True,,302,87.6246207195492
90,2026-09-18T06:49:35.456+00:00,2026-09-18T06:51:34.703+00:00,2026-09-18T06:51:35.709+00:00,True,18,18.0,,18.0,119246.556512,120252.46652799999,120252.46659099999,6680.692588388889,35.041045,119246.556512,28092.73942772142,17965.60450645,59.1711774117647,14.024205387181759,0.1496850793975924,60,64,,True,True,,83,87.6246207195492
91,2026-09-18T06:49:35.845+00:00,2026-09-18T06:51:36.341+00:00,2026-09-18T06:51:40.557+00:00,True,69,69.0,,69.0,120496.400987,124712.279899,124712.279985,1807.4243476086956,36.668512,120496.400987,14498.601619459147,89.23562439999999,61.998219294117646,9.857171557013595,0.5532735032659224,60,64,,True,True,,316,87.6246207195492
92,2026-09-18T06:49:36.172+00:00,2026-09-18T06:51:37.732+00:00,2026-09-18T06:51:39.026+00:00,True,21,21.0,,21.0,121559.86110699999,122854.67505899999,122854.675131,5850.222625285714,41.129384,121559.86110699999,26512.411672634844,91.312131,64.7406976,12.55418611456453,0.17093366605637852,60,64,,True,True,,88,87.6246207195492
93,2026-09-18T06:49:36.612+00:00,2026-09-18T06:51:39.535+00:00,2026-09-18T06:51:41.631+00:00,True,36,36.0,,36.0,122923.413061,125019.518789,125019.51876199999,3472.7644100555553,37.62106,122923.413061,20477.25509782367,67.1827585,59.88873508571429,6.632332094662832,0.28795503573132863,60,64,,True,True,,156,87.6246207195492
94,2026-09-18T06:49:37.014+00:00,2026-09-18T06:51:41.204+00:00,2026-09-18T06:51:45.813+00:00,True,76,76.0,,76.0,124189.280146,128798.496402,128798.49652,1694.7170594736842,33.956438,124189.280146,14238.440897303873,72.18500149999998,61.45621674666667,9.285319119133472,0.5900690002062777,60,64,,True,True,,345,87.6246207195492
95,2026-09-18T06:49:37.578+00:00,2026-09-18T06:51:43.445+00:00,2026-09-18T06:51:46.337+00:00,True,49,49.0,,49.0,125866.86131800001,128759.098886,128759.098972,2627.736713714286,38.992256999999995,125866.86131800001,17972.373776459477,68.34398139999999,60.254949333333336,7.266378797521349,0.38055563004043186,60,64,,True,True,,172,87.6246207195492
96,2026-09-18T06:49:37.978+00:00,2026-09-18T06:51:44.858+00:00,2026-09-18T06:51:46.652+00:00,True,31,31.0,,31.0,126879.484267,128673.05533900001,128673.055504,4150.743725935484,36.887260999999995,126879.484267,22777.492787073963,80.64636,59.7857024,10.907107864720983,0.24092068007810874,60,64,,True,True,,140,87.6246207195492
97,2026-09-18T06:49:38.471+00:00,2026-09-18T06:51:46.456+00:00,2026-09-18T06:51:48.470+00:00,True,34,34.0,,34.0,127984.902258,129998.33509000001,129998.335005,3823.4804413235292,39.242875999999995,127984.902258,21938.768248535802,79.07479579999999,61.01311612121212,10.099784479537398,0.2615418111044363,60,64,,True,True,,218,87.6246207195492
98,2026-09-18T06:49:38.906+00:00,2026-09-18T06:51:48.149+00:00,2026-09-18T06:51:50.087+00:00,True,33,33.0,,33.0,129243.628914,131181.468786,131181.468792,3975.196024,37.801999,129243.628914,22487.887613810537,70.4098266,60.557496,7.923393132892368,0.25155992157576634,60,64,,True,True,,122,87.6246207195492
99,2026-09-18T06:49:39.395+00:00,2026-09-18T06:51:49.839+00:00,2026-09-18T06:51:53.959+00:00,True,66,66.0,,66.0,130443.715027,134564.078803,134564.078797,2038.8496787424242,37.714870000000005,130443.715027,16048.711565123263,88.35292075,63.39021193846154,9.87149292498598,0.4904726475824437,60,64,,True,True,,360,87.6246207195492
100,2026-09-18T06:49:39.951+00:00,2026-09-18T06:51:51.828+00:00,2026-09-18T06:51:52.493+00:00,True,11,11.0,,11.0,131877.541804,132542.408108,132542.408104,12049.309827636363,55.038447999999995,131877.541804,39742.529666551636,65984.3190625,66.4866304,10.255314119704327,0.08299230530832692,60,64,,True,True,,42,87.6246207195492
101,2026-09-18T06:49:40.335+00:00,2026-09-18T06:51:53.192+00:00,2026-09-18T06:51:53.610+00:00,True,8,8.0,,8.0,132856.286352,133274.93159999998,133274.931602,16659.36645025,41.150224,132856.286352,46950.64649137944,86380.86595815,59.806464,9.173887134712745,0.06002629229636762,60,64,,True,True,,34,87.6246207195492
102,2026-09-18T06:49:40.890+00:00,2026-09-18T06:51:55.553+00:00,2026-09-18T06:51:59.666+00:00,True,70,70.0,,70.0,134662.49256400001,138775.31739600003,138775.317608,1982.504537257143,38.022639000000005,134662.49256400001,16088.124319459128,67.34595055,59.60615698550725,8.564401230865531,0.504412465512528,60,64,,True,True,,284,87.6246207195492
103,2026-09-18T06:49:41.263+00:00,2026-09-18T06:51:56.973+00:00,2026-09-18T06:51:58.369+00:00,True,25,25.0,,25.0,135709.478706,137105.958962,137105.959103,5484.2383641199995,34.653745,135709.478706,27130.26006658459,71.13479000000001,58.186677333333336,9.700657329433742,0.18234072529939377,60,64,,True,True,,103,87.6246207195492
104,2026-09-18T06:49:41.780+00:00,2026-09-18T06:51:58.977+00:00,2026-09-18T06:52:02.228+00:00,True,53,53.0,,53.0,137196.994983,140448.34627900002,140448.346162,2649.968795509434,35.396094,137196.994983,18836.87044920127,83.34135839999999,62.525986461538466,9.702493828602847,0.37736293380568353,60,64,,True,True,,201,87.6246207195492
105,2026-09-18T06:49:42.141+00:00,2026-09-18T06:52:00.225+00:00,2026-09-18T06:52:04.815+00:00,True,74,74.0,,74.0,138084.63128200002,142674.22027400002,142674.22022800002,1928.0300030810813,34.600426,138084.63128200002,16044.708296217754,92.88225745,62.87108208219178,12.203843824919355,0.5186641276741237,60,64,,True,True,,344,87.6246207195492
106,2026-09-18T06:49:42.718+00:00,2026-09-18T06:52:02.357+00:00,2026-09-18T06:52:07.941+00:00,True,90,90.0,,90.0,139639.531382,145223.554422,145223.554445,1613.5950493888888,38.344819,139639.531382,14712.689493792623,90.80125050000001,62.74183191011236,10.971343635891424,0.6197341771326722,60,64,,True,True,,387,87.6246207195492
107,2026-09-18T06:49:43.112+00:00,2026-09-18T06:52:03.891+00:00,2026-09-18T06:52:08.555+00:00,True,75,75.0,,75.0,140779.42667,145443.690862,145443.690668,1939.2492089066666,37.408191,140779.42667,16248.533457380854,92.582988,63.03059718918919,10.93027008159569,0.5156634815542571,60,64,,True,True,,349,87.6246207195492
108,2026-09-18T06:49:43.672+00:00,2026-09-18T06:52:06.037+00:00,2026-09-18T06:52:06.789+00:00,True,13,13.0,,13.0,142364.337156,143116.57754,143116.577564,11008.967504923077,35.476164,142364.337156,39467.379060962165,57002.32708679999,62.686698666666665,14.211955149524638,0.09083503968201447,60,64,,True,True,,37,87.6246207195492
109,2026-09-18T06:49:44.190+00:00,2026-09-18T06:52:08.246+00:00,2026-09-18T06:52:10.061+00:00,True,31,31.0,,31.0,144055.748754,145870.278034,145870.277983,4705.49283816129,38.026269,144055.748754,25862.31399732274,70.67917299999999,60.484309333333336,7.445472690620047,0.21251759040847515,60,64,,True,True,,122,87.6246207195492
110,2026-09-18T06:49:44.574+00:00,2026-09-18T06:52:09.667+00:00,2026-09-18T06:52:10.963+00:00,True,23,23.0,,23.0,145093.171044,146388.87613199998,146388.87610899998,6364.733743869565,39.549986,145093.171044,30241.73796046986,69.9064994,58.89568581818182,8.022557970505463,0.15711576321728654,60,64,,True,True,,112,87.6246207195492
111,2026-09-18T06:49:44.995+00:00,2026-09-18T06:52:11.286+00:00,2026-09-18T06:52:13.119+00:00,True,30,30.0,,30.0,146290.893194,148123.56877800002,148123.568788,4937.452292933333,37.914569,146290.893194,26697.405347960117,92.43226485,63.19570979310345,11.836210263095028,0.20253360250158742,60,64,,True,True,,117,87.6246207195492
112,2026-09-18T06:49:45.449+00:00,2026-09-18T06:52:13.031+00:00,2026-09-18T06:52:18.327+00:00,True,84,84.0,,84.0,147582.087058,152878.043538,152878.043538,1819.9767087857144,34.347316,147582.087058,16095.569121445416,93.96249914999999,63.80670457831325,12.974665064081652,0.5494575810627811,60,64,,True,True,,319,87.6246207195492
113,2026-09-18T06:49:45.957+00:00,2026-09-18T06:52:14.895+00:00,2026-09-18T06:52:18.865+00:00,True,63,63.0,,63.0,148938.49016100002,152908.01489700002,152908.01494300002,2427.111348301588,36.616521999999996,148938.49016100002,18756.42414048655,95.53036399999999,64.02459251612903,13.09801951064745,0.41201241179173814,60,64,,True,True,,212,87.6246207195492
114,2026-09-18T06:49:46.544+00:00,2026-09-18T06:52:17.431+00:00,2026-09-18T06:52:18.865+00:00,True,22,22.0,,22.0,150887.278359,152320.706839,152320.706846,6923.668492999999,55.498747,150887.278359,32154.725866948032,101.21891074999999,68.25849904761904,13.732662241728361,0.14443210287392882,60,64,,True,True,,81,87.6246207195492
115,2026-09-18T06:49:46.884+00:00,2026-09-18T06:52:18.572+00:00,2026-09-18T06:52:19.233+00:00,True,12,12.0,,12.0,151687.82123,152348.27435,152348.274368,12695.689530666667,36.84672,151687.82123,43771.172958815594,68316.1388734,60.04119272727273,17.41297285223973,0.07876689152665811,60,64,,True,True,,46,87.6246207195492
116,2026-09-18T06:49:47.470+00:00,2026-09-18T06:52:20.989+00:00,2026-09-18T06:52:24.669+00:00,True,59,59.0,,59.0,153519.027215,157198.75713500002,157198.757086,2664.385713322034,38.01916000000001,153519.027215,19978.21848354942,91.2154314,63.44361931034483,11.35482916696078,0.37532103354565105,60,64,,True,True,,259,87.6246207195492
117,2026-09-18T06:49:47.818+00:00,2026-09-18T06:52:22.127+00:00,2026-09-18T06:52:22.252+00:00,True,3,3.0,,3.0,154309.77834400002,154434.16080800002,154434.16078200002,51478.053594000005,58.292872,154309.77834400002,89054.88603379342,138885.4094662,62.191232,5.513305916057262,0.01942575388957981,60,64,,True,True,,4,87.6246207195492
119,2026-09-18T06:49:48.781+00:00,2026-09-18T06:52:23.637+00:00,2026-09-18T06:52:27.257+00:00,True,59,59.0,,59.0,154856.378027,158476.470699,158476.47076999999,2686.041877457627,36.572131999999996,154856.378027,20152.45957899144,76.8040512,62.41539089655172,9.405799215482219,0.37229501477263965,60,64,,True,True,,117,87.6246207195492
118,2026-09-18T06:49:48.758+00:00,2026-09-18T06:52:23.925+00:00,2026-09-18T06:52:24.437+00:00,True,9,9.0,,9.0,155167.586897,155679.376977,155679.377064,17297.708562666667,40.436826,155167.586897,51701.20646198364,93139.2541902,63.97376,15.702906190570603,0.05781112549884919,60,64,,True,True,,49,87.6246207195492
120,2026-09-18T06:49:49.240+00:00,2026-09-18T06:52:27.429+00:00,2026-09-18T06:52:33.266+00:00,True,94,94.0,,94.0,158189.319516,164025.92598,164025.925876,1744.956658255319,38.031689,158189.319516,16309.51273490483,91.24035315,62.75920929032258,10.502183021991556,0.5730801361942112,60,64,,True,True,,477,87.6246207195492
121,2026-09-18T06:49:49.763+00:00,2026-09-18T06:52:29.480+00:00,2026-09-18T06:52:35.558+00:00,True,96,96.0,,96.0,159716.379139,165794.372867,165794.37282,1727.024716875,35.463024,159716.379139,16294.460373113998,99.33485,63.97888134736842,13.4647513789708,0.5790305083334225,60,64,,True,True,,488,87.6246207195492
122,2026-09-18T06:49:50.129+00:00,2026-09-18T06:52:30.872+00:00,2026-09-18T06:52:33.080+00:00,True,35,35.0,,35.0,160743.099618,162950.90941000002,162950.909423,4655.740269228571,36.293612,160743.099618,27159.570033699252,99.5841436,64.93558211764706,13.4624040604019,0.21478861410915276,60,64,,True,True,,168,87.6246207195492
123,2026-09-18T06:49:50.579+00:00,2026-09-18T06:52:32.589+00:00,2026-09-18T06:52:36.598+00:00,True,63,63.0,,63.0,162010.38658700002,166019.30690700002,166019.307074,2635.2270964126988,34.385946000000004,162010.38658700002,20403.249125671733,101.3407915,64.66000516129033,14.953753260080145,0.37947393693970227,60,64,,True,True,,374,87.6246207195492
124,2026-09-18T06:49:50.971+00:00,2026-09-18T06:52:34.306+00:00,2026-09-18T06:52:37.005+00:00,True,42,42.0,,42.0,163334.857231,166033.609999,166033.609921,3953.181188595238,35.592082999999995,163334.857231,25192.963901844778,98.8157031,65.82323824390244,16.087773529347757,0.2529608312452699,60,64,,True,True,,213,87.6246207195492
125,2026-09-18T06:49:51.323+00:00,2026-09-18T06:52:35.803+00:00,2026-09-18T06:52:39.378+00:00,True,56,56.0,,56.0,164479.88053999998,168054.77973999997,168054.77994699997,3000.9782133392855,39.775135999999996,164479.88053999998,21970.867405497167,97.68294900000001,64.99816727272727,14.317254676760266,0.3332246788019861,60,64,,True,True,,201,87.6246207195492
126,2026-09-18T06:49:51.841+00:00,2026-09-18T06:52:37.790+00:00,2026-09-18T06:52:43.884+00:00,True,98,98.0,,98.0,165949.72319,172043.804982,172043.805103,1755.5490316632652,37.62224,165949.72319,16757.110117010416,89.44268675,62.825585484536084,9.98608594222824,0.5696223703623225,60,64,,True,True,,287,87.6246207195492
127,2026-09-18T06:49:52.385+00:00,2026-09-18T06:52:39.720+00:00,2026-09-18T06:52:40.071+00:00,True,7,7.0,,7.0,167335.50715700001,167686.117845,167686.117773,23955.159681857145,37.54342,167335.50715700001,63224.791865196414,117157.36974020003,58.435114666666664,14.984100631371357,0.041744660142173616,60,64,,True,True,,43,87.6246207195492
128,2026-09-18T06:49:52.703+00:00,2026-09-18T06:52:41.201+00:00,2026-09-18T06:52:45.161+00:00,True,64,64.0,,64.0,168498.128435,172457.616435,172457.616624,2694.65025975,40.365155,168498.128435,21054.412658874062,92.63655184999999,62.84901587301587,10.811609247366576,0.37110567409541967,60,64,,True,True,,294,87.6246207195492
129,2026-09-18T06:49:53.086+00:00,2026-09-18T06:52:42.669+00:00,2026-09-18T06:52:43.177+00:00,True,9,9.0,,9.0,169583.07066499998,170091.12519299999,170091.12529899998,18899.01392211111,39.948605,169583.07066499998,56506.52301972035,101787.64966099997,63.506816,14.995952787182015,0.05291281358617522,60,64,,True,True,,35,87.6246207195492
130,2026-09-18T06:49:53.454+00:00,2026-09-18T06:52:43.986+00:00,2026-09-18T06:52:46.286+00:00,True,38,38.0,,38.0,170531.96824000002,172832.52913600003,172832.529122,4548.224450578948,35.625643,170531.96824000002,27653.854270325493,95.5470201,62.17732151351351,11.986597695172401,0.21986601821985846,60,64,,True,True,,134,87.6246207195492
131,2026-09-18T06:49:53.951+00:00,2026-09-18T06:52:45.780+00:00,2026-09-18T06:52:51.166+00:00,True,87,87.0,,87.0,171829.164512,177214.47113599998,177214.47125399997,2036.9479454482757,34.575375,171829.164512,18415.310588511147,92.22043620000001,62.61984446511628,12.25192717325268,0.49093056251164413,60,64,,True,True,,425,87.6246207195492
132,2026-09-18T06:49:54.363+00:00,2026-09-18T06:52:47.388+00:00,2026-09-18T06:52:52.670+00:00,True,84,84.0,,84.0,173024.823226,178306.768826,178306.768654,2122.6996268333332,34.489875,173024.823226,18871.61664235348,89.7745121,63.637898795180725,12.61376625752673,0.4710982121041691,60,64,,True,True,,313,87.6246207195492
133,2026-09-18T06:49:54.925+00:00,2026-09-18T06:52:49.551+00:00,2026-09-18T06:52:49.613+00:00,True,2,2.0,,2.0,174625.85011700002,174688.29261300003,174688.292401,87344.1462005,62.442284,174625.85011700002,123434.9694257472,165897.67972535,62.442496,nan,0.011448964152570596,60,64,,True,True,,10,87.6246207195492
134,2026-09-18T06:49:55.279+00:00,2026-09-18T06:52:50.936+00:00,2026-09-18T06:52:53.544+00:00,True,41,41.0,,41.0,175657.446632,178264.85450400002,178264.854362,4347.923277121951,35.983684000000004,175657.446632,27422.907284914076,95.050073,65.1851968,13.53663054919263,0.22999485857196833,60,64,,True,True,,226,87.6246207195492
135,2026-09-18T06:49:55.614+00:00,2026-09-18T06:52:52.299+00:00,2026-09-18T06:52:54.976+00:00,True,42,42.0,,42.0,176685.78087299998,179362.041737,179362.04194399997,4270.524808190476,35.963743,176685.78087299998,27253.1390854221,94.90870105,65.2746552195122,13.588070969119794,0.2341632576952092,60,64,,True,True,,83,87.6246207195492
136,2026-09-18T06:49:56.185+00:00,2026-09-18T06:52:54.402+00:00,2026-09-18T06:52:58.646+00:00,True,66,66.0,,66.0,178216.90755899998,182460.76087099998,182460.760922,2764.5569836666664,33.942775999999995,178216.90755899998,21928.95197051102,95.03941275000001,65.29005095384616,12.92626870160044,0.36172160899110845,60,64,,True,True,,265,87.6246207195492
137,2026-09-18T06:49:56.527+00:00,2026-09-18T06:52:55.954+00:00,2026-09-18T06:52:57.371+00:00,True,23,23.0,,23.0,179427.60327000002,180843.90279000002,180843.90270500001,7862.778378478261,39.611466,179427.60327000002,37399.82021530117,97.623421,64.3772509090909,13.242036260566097,0.1271815065101095,60,64,,True,True,,106,87.6246207195492
138,2026-09-18T06:49:57.046+00:00,2026-09-18T06:52:57.602+00:00,2026-09-18T06:53:00.530+00:00,True,47,47.0,,47.0,180555.95631,183484.392278,183484.392291,3903.9232402340426,38.744518,180555.95631,26327.509964912297,94.9721766,63.661651478260865,12.577787921841594,0.25615257742898145,60,64,,True,True,,203,87.6246207195492
139,2026-09-18T06:49:57.477+00:00,2026-09-18T06:52:59.259+00:00,2026-09-18T06:53:05.160+00:00,True,97,97.0,,97.0,181781.33872200001,187682.69475400003,187682.69453900002,1934.8731395773198,35.628133,181781.33872200001,18450.858627676414,70.539812,61.47245866666666,7.946840935273123,0.5168297488862258,60,64,,True,True,,409,87.6246207195492
140,2026-09-18T06:49:57.799+00:00,2026-09-18T06:53:00.408+00:00,2026-09-18T06:53:01.349+00:00,True,16,16.0,,16.0,182609.078048,183549.777184,183549.777241,11471.8610775625,55.684756,182609.078048,45636.59133686084,45704.35669775,62.71327573333333,3.76227207525406,0.08716981434393546,60,64,,True,True,,61,87.6246207195492
141,2026-09-18T06:49:58.334+00:00,2026-09-18T06:53:02.953+00:00,2026-09-18T06:53:03.171+00:00,True,5,5.0,,5.0,184619.33547,184837.13668599998,184837.13671299999,36967.4273426,38.258438999999996,184619.33547,82539.92642608334,147707.5514014,54.450304,10.810717347138564,0.02705084102495033,60,64,,True,True,,21,87.6246207195492
142,2026-09-18T06:49:58.694+00:00,2026-09-18T06:53:04.415+00:00,2026-09-18T06:53:08.500+00:00,True,70,70.0,,70.0,185720.164956,189805.18357999998,189805.183525,2711.5026217857144,35.990182,185720.164956,22190.73149985988,73.72958405,59.203168463768115,9.915708692815802,0.3687992007367706,60,64,,True,True,,166,87.6246207195492
143,2026-09-18T06:49:59.160+00:00,2026-09-18T06:53:05.966+00:00,2026-09-18T06:53:09.954+00:00,True,68,68.0,,68.0,186805.45592699997,190793.78616699998,190793.78625699997,2805.790974367647,37.868739,186805.45592699997,22646.272881249406,68.79093519999999,59.52731701492537,10.98022435611428,0.35640573713695395,60,64,,True,True,,287,87.6246207195492
144,2026-09-18T06:49:59.589+00:00,2026-09-18T06:53:07.513+00:00,2026-09-18T06:53:08.565+00:00,True,19,19.0,,19.0,187924.118178,188976.56336200002,188976.563332,9946.134912210526,40.270005,187924.118178,43099.33644001129,18851.912137199997,58.46917688888889,8.021293467134974,0.10054156802292966,60,64,,True,True,,92,87.6246207195492
145,2026-09-18T06:50:00.070+00:00,2026-09-18T06:53:09.682+00:00,2026-09-18T06:53:12.047+00:00,True,41,41.0,,41.0,189612.828743,191977.86016699998,191977.860135,4682.386832560976,36.911011,189612.828743,29603.316198936805,68.56314200000001,59.1257856,8.980264452306663,0.21356629334410973,60,64,,True,True,,212,87.6246207195492
146,2026-09-18T06:50:00.434+00:00,2026-09-18T06:53:11.084+00:00,2026-09-18T06:53:15.885+00:00,True,77,77.0,,77.0,190650.27729600001,195451.21272,195451.212498,2538.327435038961,38.071718999999995,190650.27729600001,21719.41954398266,92.3941338,63.17020294736842,11.40216011738047,0.3939602058663553,60,64,,True,True,,293,87.6246207195492
147,2026-09-18T06:50:00.803+00:00,2026-09-18T06:53:12.172+00:00,2026-09-18T06:53:13.151+00:00,True,16,16.0,,16.0,191368.778165,192347.101109,192347.101058,12021.693816125,35.920612,191368.778165,47825.891071039645,47913.54821525,65.2215296,13.995783728154606,0.0831829536694346,60,64,,True,True,,75,87.6246207195492
148,2026-09-18T06:50:01.259+00:00,2026-09-18T06:53:13.806+00:00,2026-09-18T06:53:15.636+00:00,True,29,29.0,,29.0,192547.138083,194376.760355,194376.760466,6702.646912620689,36.49516199999999,192547.138083,35742.974467186694,95.07714,65.34365257142858,13.771365719104862,0.14919479029816038,60,64,,True,True,,150,87.6246207195492
149,2026-09-18T06:50:02.698+00:00,2026-09-18T06:53:18.988+00:00,2026-09-18T06:53:21.693+00:00,True,45,45.0,,45.0,196289.904669,198995.611933,198995.61195400002,4422.1247100888895,33.872047,196289.904669,29252.006676214416,86.5474886,61.4933469090909,11.53014441217311,0.22613563969014092,60,64,,True,True,,200,87.6246207195492
150,2026-09-18T06:50:02.753+00:00,2026-09-18T06:53:19.052+00:00,2026-09-18T06:53:23.141+00:00,True,67,67.0,,67.0,196299.15631,200387.27560599998,200387.275773,2990.854862283582,38.237599,196299.15631,23974.195056896493,94.01904129999998,61.94120145454545,13.101002412302691,0.3343525670349195,60,64,,True,True,,323,87.6246207195492
151,2026-09-18T06:50:02.801+00:00,2026-09-18T06:53:19.731+00:00,2026-09-18T06:53:21.131+00:00,True,24,24.0,,24.0,196929.701382,198330.231302,198330.231235,8263.759634791666,36.508161,196929.701382,40185.67913561124,91.55164700000002,60.892605217391306,12.36838616817208,0.12101029602216766,60,64,,True,True,,140,87.6246207195492
152,2026-09-18T06:50:03.268+00:00,2026-09-18T06:53:21.993+00:00,2026-09-18T06:53:28.261+00:00,True,100,100.0,,100.0,198725.69576499998,204993.07266099998,204993.07246599998,2049.9307246599997,37.283291,198725.69576499998,19866.24306610873,93.2086824,63.306837333333334,12.942239599350982,0.4878213624582888,60,64,,True,True,,481,87.6246207195492
153,2026-09-18T06:50:03.704+00:00,2026-09-18T06:53:23.773+00:00,2026-09-18T06:53:24.158+00:00,True,7,7.0,,7.0,200068.235167,200453.398431,200453.398538,28636.19979114286,41.473223,200068.235167,75594.42358344962,140075.666785,64.19387733333333,16.63037948376542,0.03492083474159475,60,64,,True,True,,31,87.6246207195492
154,2026-09-18T06:50:04.043+00:00,2026-09-18T06:53:25.305+00:00,2026-09-18T06:53:26.142+00:00,True,14,14.0,,14.0,201262.328059,202098.646523,202098.646456,14435.617604,49.380506999999994,201262.328059,53772.4272013936,70504.29843015,64.33218953846153,10.540785012273995,0.06927310123478099,60,64,,True,True,,59,87.6246207195492
155,2026-09-18T06:50:04.573+00:00,2026-09-18T06:53:27.276+00:00,2026-09-18T06:53:28.201+00:00,True,16,16.0,,16.0,202702.855885,203628.688845,203628.688945,12726.7930590625,36.188972,202702.855885,50660.284952688846,50744.24170375,61.722197333333334,12.897974402781207,0.07857438993863497,60,64,,True,True,,55,87.6246207195492
156,2026-09-18T06:50:04.926+00:00,2026-09-18T06:53:28.323+00:00,2026-09-18T06:53:34.097+00:00,True,95,95.0,,95.0,203396.97493,209170.673746,209170.673894,2201.796567305263,36.144113,203396.97493,20861.790193818313,86.44744299999998,61.422327829787235,10.623355237085697,0.4541745661505128,60,64,,True,True,,431,87.6246207195492
157,2026-09-18T06:50:05.456+00:00,2026-09-18T06:53:30.600+00:00,2026-09-18T06:53:34.957+00:00,True,71,71.0,,71.0,205143.72680399998,209500.87675599998,209500.87665499997,2950.7165726056332,34.698474000000004,205143.72680399998,24338.696682067894,90.48915600000001,62.24499931428572,11.282664612351304,0.3389007296742332,60,64,,True,True,,297,87.6246207195492
158,2026-09-18T06:50:05.855+00:00,2026-09-18T06:53:32.233+00:00,2026-09-18T06:53:34.096+00:00,True,31,31.0,,31.0,206378.08316,208240.5382,208240.538061,6717.436711645161,38.633567,206378.08316,37055.45047840605,98.4231565,62.081834666666666,14.511069104032494,0.14886630753050945,60,64,,True,True,,87,87.6246207195492
159,2026-09-18T06:50:06.353+00:00,2026-09-18T06:53:34.218+00:00,2026-09-18T06:53:36.995+00:00,True,44,44.0,,44.0,207864.99499099999,210642.237359,210642.237302,4787.323575045454,35.838173000000005,207864.99499099999,31327.093073592358,93.79321805,64.58703181395349,13.567352519587754,0.2088849821938147,60,64,,True,True,,203,87.6246207195492
160,2026-09-18T06:50:06.799+00:00,2026-09-18T06:53:35.764+00:00,2026-09-18T06:53:39.846+00:00,True,66,66.0,,66.0,208965.075725,213047.061773,213047.061578,3227.9857814848483,38.095288999999994,208965.075725,25714.095043222875,91.64496374999999,62.799785353846154,11.262461657614606,0.309790707511951,60,64,,True,True,,335,87.6246207195492
161,2026-09-18T06:50:07.282+00:00,2026-09-18T06:53:37.723+00:00,2026-09-18T06:53:42.361+00:00,True,75,75.0,,75.0,210441.09352599998,215079.03554199997,215079.03542099998,2867.7204722799997,37.59417,210441.09352599998,24292.41005127353,93.6615077,62.67489210810811,11.58497979527798,0.3487090213650983,60,64,,True,True,,376,87.6246207195492
162,2026-09-18T06:50:07.702+00:00,2026-09-18T06:53:39.670+00:00,2026-09-18T06:53:44.733+00:00,True,83,83.0,,83.0,211967.807764,217031.215892,217031.215776,2614.833925012048,35.393423999999996,211967.807764,23259.714359248268,90.63699260000001,61.748879609756095,11.104347179398781,0.38243346542970486,60,64,,True,True,,478,87.6246207195492
163,2026-09-18T06:50:08.163+00:00,2026-09-18T06:53:40.989+00:00,2026-09-18T06:53:42.361+00:00,True,22,22.0,,22.0,212826.100399,214197.52798299998,214197.528047,9736.251274863636,36.911731,212826.100399,45360.75601301631,92.22513495000001,65.30607542857143,14.64483379848576,0.10270893509912987,60,64,,True,True,,76,87.6246207195492
164,2026-09-18T06:50:08.577+00:00,2026-09-18T06:53:42.771+00:00,2026-09-18T06:53:46.064+00:00,True,54,54.0,,54.0,214193.76498500002,217487.129465,217487.129313,4027.5394317222226,39.038897,214193.76498500002,29139.62493436305,81.56832585,62.13895245283019,9.481031663083268,0.24829055463114275,60,64,,True,True,,204,87.6246207195492
165,2026-09-18T06:50:09.114+00:00,2026-09-18T06:53:44.736+00:00,2026-09-18T06:53:47.182+00:00,True,39,39.0,,39.0,215621.66801499997,218067.87371099996,218067.87390599996,5591.483946307691,38.043939,215621.66801499997,34516.79286764042,98.01225290000001,64.37383410526316,9.64488973220506,0.17884340015937308,60,64,,True,True,,154,87.6246207195492
166,2026-09-18T06:50:09.584+00:00,2026-09-18T06:53:46.514+00:00,2026-09-18T06:53:46.931+00:00,True,7,7.0,,7.0,216930.35575,217347.27043799998,217347.27025099998,31049.610035857142,59.556209,216930.35575,81965.70525584038,151879.5759952,69.48578133333334,12.623186202700024,0.03220652362412255,60,64,,True,True,,19,87.6246207195492
167,2026-09-18T06:50:10.007+00:00,2026-09-18T06:53:48.376+00:00,2026-09-18T06:53:51.614+00:00,True,53,53.0,,53.0,218369.332203,221606.649579,221606.649435,4181.2575365094335,0.0201,218369.332203,29986.794379516727,84.78497139999999,62.256103384615386,26.277516283999528,0.23916249851115665,60,64,,True,True,,294,87.6246207195492
168,2026-09-18T06:50:10.384+00:00,2026-09-18T06:53:49.904+00:00,2026-09-18T06:53:53.623+00:00,True,61,61.0,,61.0,219520.11492300002,223238.456555,223238.45670500002,3659.6468312295083,34.726166,219520.11492300002,28098.73853298882,94.901102,61.97236053333333,12.3845093459494,0.27325041097912817,60,64,,True,True,,272,87.6246207195492
169,2026-09-18T06:50:10.873+00:00,2026-09-18T06:53:51.617+00:00,2026-09-18T06:53:53.683+00:00,True,34,34.0,,34.0,220743.63074700002,222809.706907,222809.70675500002,6553.226669264706,40.236065,220743.63074700002,37846.484726055096,89.08854045,62.608368484848484,11.243595336166441,0.15259658329962922,60,64,,True,True,,132,87.6246207195492
170,2026-09-18T06:50:11.418+00:00,2026-09-18T06:53:53.682+00:00,2026-09-18T06:53:57.626+00:00,True,64,64.0,,64.0,222263.673662,226207.61862199998,226207.618559,3534.494039984375,37.712669999999996,222263.673662,27775.135489618257,75.69665495,62.60230095238096,9.411931697056131,0.28292592614639567,60,64,,True,True,,237,87.6246207195492
171,2026-09-18T06:50:11.930+00:00,2026-09-18T06:53:55.737+00:00,2026-09-18T06:54:00.296+00:00,True,74,74.0,,74.0,223806.65195899998,228366.04319099998,228366.043163,3086.0276103108104,36.994150999999995,223806.65195899998,26009.735522159925,74.4115187,62.4574141369863,8.03347162224657,0.3240411707712085,60,64,,True,True,,282,87.6246207195492
172,2026-09-18T06:50:12.315+00:00,2026-09-18T06:53:57.251+00:00,2026-09-18T06:53:58.211+00:00,True,16,16.0,,16.0,224936.00216499998,225895.55262899998,225895.55270799997,14118.472044249998,56.518974,224936.00216499998,56218.00866575386,56304.396234249994,63.97003093333333,8.736331963382927,0.07082919435017666,60,64,,True,True,,69,87.6246207195492
173,2026-09-18T06:50:12.716+00:00,2026-09-18T06:53:58.473+00:00,2026-09-18T06:54:02.613+00:00,True,67,67.0,,67.0,225756.805227,229897.202795,229897.20267600002,3431.301532477612,37.41477,225756.805227,27572.921521642485,91.3911328,62.73329648484849,10.995484890117364,0.2914346028809411,60,64,,True,True,,304,87.6246207195492
174,2026-09-18T06:50:13.235+00:00,2026-09-18T06:54:00.621+00:00,2026-09-18T06:54:06.518+00:00,True,96,96.0,,96.0,227385.952853,233282.83426099998,233282.834233,2430.0295232604167,37.55292,227385.952853,23201.148167185478,75.58019774999998,62.07243587368421,9.127938477595483,0.4115176339661319,60,64,,True,True,,523,87.6246207195492
175,2026-09-18T06:50:13.649+00:00,2026-09-18T06:54:02.266+00:00,2026-09-18T06:54:03.240+00:00,True,16,16.0,,16.0,228616.781307,229590.727419,229590.727495,14349.4204684375,40.072245,228616.781307,57137.96417244737,57223.042467750005,64.92974079999999,12.529423853935521,0.06968922560535389,60,64,,True,True,,62,87.6246207195492
176,2026-09-18T06:50:14.183+00:00,2026-09-18T06:54:04.240+00:00,2026-09-18T06:54:04.686+00:00,True,8,8.0,,8.0,230057.357216,230503.02224,230503.02244200002,28812.877805250002,58.087000999999994,230057.357216,81315.04925129097,149560.98516830002,63.666432,3.6378244378060174,0.03470670328855989,60,64,,True,True,,38,87.6246207195492
177,2026-09-18T06:50:14.570+00:00,2026-09-18T06:54:05.577+00:00,2026-09-18T06:54:08.847+00:00,True,51,51.0,,51.0,231006.722627,234276.777027,234276.777145,4593.662296960784,39.614866,231006.722627,32338.25675124417,99.15450949999999,65.401088,15.064278752665398,0.2176912310609529,60,64,,True,True,,215,87.6246207195492
178,2026-09-18T06:50:14.990+00:00,2026-09-18T06:54:07.344+00:00,2026-09-18T06:54:12.909+00:00,True,89,89.0,,89.0,232354.29385299998,237918.89289299998,237918.892975,2673.245988483146,35.199524,232354.29385299998,24622.806656735218,93.5892126,63.23408,13.328589354517321,0.3740770601182406,60,64,,True,True,,507,87.6246207195492
179,2026-09-18T06:50:15.311+00:00,2026-09-18T06:54:08.643+00:00,2026-09-18T06:54:12.188+00:00,True,57,57.0,,57.0,233332.544972,236877.564364,236877.564195,4155.746740263158,36.896131000000004,233332.544972,30897.268259354147,93.83844640000001,63.30391771428572,12.517909330461759,0.24063064036073273,60,64,,True,True,,175,87.6246207195492
180,2026-09-18T06:50:15.647+00:00,2026-09-18T06:54:09.837+00:00,2026-09-18T06:54:12.383+00:00,True,41,41.0,,41.0,234189.668949,236736.29550900002,236736.29539100002,5774.055985146342,37.837109,234189.668949,36564.34118672541,95.411501,63.665664,13.686060709580163,0.17318848346362375,60,64,,True,True,,135,87.6246207195492
181,2026-09-18T06:50:15.989+00:00,2026-09-18T06:54:11.049+00:00,2026-09-18T06:54:15.975+00:00,True,80,80.0,,80.0,235059.53835100002,239986.40043100002,239986.40049700002,2999.8300062125004,36.362742,235059.53835100002,26273.484820986374,87.88690310000001,62.365342784810124,10.703739952533999,0.33335222269397424,60,64,,True,True,,389,87.6246207195492
182,2026-09-18T06:50:17.216+00:00,2026-09-18T06:54:13.332+00:00,2026-09-18T06:54:16.203+00:00,True,48,48.0,,48.0,236115.935449,238987.50716100002,238987.507063,4978.906397145834,39.615235999999996,236115.935449,34071.582187778564,74.48935569999999,61.0972704680851,8.735501702877182,0.2008473186326998,60,64,,True,True,,222,87.6246207195492
183,2026-09-18T06:50:17.251+00:00,2026-09-18T06:54:14.798+00:00,2026-09-18T06:54:18.009+00:00,True,51,51.0,,51.0,237546.62763,240757.984558,240757.984708,4720.744798196079,35.926573,237546.62763,33254.18993081142,99.78995299999998,64.22713856,12.654739504607893,0.2118309807819221,60,64,,True,True,,212,87.6246207195492
184,2026-09-18T06:50:17.339+00:00,2026-09-18T06:54:15.227+00:00,2026-09-18T06:54:21.369+00:00,True,97,97.0,,97.0,237887.794278,244029.96592599998,244029.96613999997,2515.7728468041237,36.459362,237887.794278,24147.352368022046,96.36513339999999,63.98095466666666,11.446516052098396,0.3974921671275995,60,64,,True,True,,466,87.6246207195492
185,2026-09-18T06:50:17.623+00:00,2026-09-18T06:54:17.759+00:00,2026-09-18T06:54:18.075+00:00,True,6,6.0,,6.0,240135.392783,240451.97339099998,240451.97321999999,40075.32887,60.646206,240135.392783,98009.01494349359,180118.80693999998,63.3161216,3.298625586806238,0.024953007934949964,60,64,,True,True,,14,87.6246207195492
186,2026-09-18T06:50:18.113+00:00,2026-09-18T06:54:19.788+00:00,2026-09-18T06:54:19.911+00:00,True,3,3.0,,3.0,241674.684358,241797.586118,241797.586148,80599.19538266667,60.168798,241674.684358,139495.46538553078,217513.48922140003,61.45088,1.8132706885492855,0.012407071750236438,60,64,,True,True,,5,87.6246207195492
187,2026-09-18T06:50:18.665+00:00,2026-09-18T06:54:22.008+00:00,2026-09-18T06:54:26.544+00:00,True,74,74.0,,74.0,243343.182639,247879.54667100002,247879.546776,3349.723605081081,36.567371,243343.182639,28280.84845576266,80.81958329999999,62.14197304109589,10.513329820234924,0.298532093485781,60,64,,True,True,,113,87.6246207195492
188,2026-09-18T06:50:19.113+00:00,2026-09-18T06:54:23.859+00:00,2026-09-18T06:54:25.470+00:00,True,27,27.0,,27.0,244746.197241,246356.30744899999,246356.307236,9124.307675407406,36.723021,244746.197241,47089.51047334947,79.914799,61.927315692307694,8.679604140514163,0.10959735628278755,60,64,,True,True,,107,87.6246207195492
189,2026-09-18T06:50:19.573+00:00,2026-09-18T06:54:25.685+00:00,2026-09-18T06:54:26.923+00:00,True,21,21.0,,21.0,246112.050931,247350.058739,247350.058683,11778.574223,44.709556,246112.050931,53692.54496504975,67.920752,61.9003904,5.000665125504032,0.08489991919572933,60,64,,True,True,,92,87.6246207195492
190,2026-09-18T06:50:19.965+00:00,2026-09-18T06:54:27.178+00:00,2026-09-18T06:54:31.146+00:00,True,63,63.0,,63.0,247212.99950900002,251180.840021,251180.84015,3986.997462698413,36.148171999999995,247212.99950900002,31137.850064427246,94.1974933,63.99742761290322,12.88399088410422,0.2508153089811025,60,64,,True,True,,352,87.6246207195492
191,2026-09-18T06:50:20.457+00:00,2026-09-18T06:54:28.968+00:00,2026-09-18T06:54:32.537+00:00,True,58,58.0,,58.0,248511.12866400002,252080.21256800002,252080.21252200002,4346.210560724138,34.142076,248511.12866400002,32622.88929025768,75.8681569,62.6155070877193,9.213441000420419,0.2300854930624679,60,64,,True,True,,276,87.6246207195492
192,2026-09-18T06:50:21.035+00:00,2026-09-18T06:54:31.209+00:00,2026-09-18T06:54:33.775+00:00,True,42,42.0,,42.0,250173.44634599998,252740.28103399999,252740.28097999998,6017.625737619047,43.130069000000006,250173.44634599998,38592.94158552083,92.24487909999999,62.60572409756097,8.963484827943404,0.16617849686710578,60,64,,True,True,,152,87.6246207195492
193,2026-09-18T06:50:21.618+00:00,2026-09-18T06:54:33.221+00:00,2026-09-18T06:54:36.360+00:00,True,52,52.0,,52.0,251603.734303,254742.43791900002,254742.438017,4898.893038788462,41.382213,251603.734303,34882.626434469814,70.62974619999999,61.54320815686275,7.280760346256678,0.20412774732309952,60,64,,True,True,,239,87.6246207195492
194,2026-09-18T06:50:22.023+00:00,2026-09-18T06:54:34.827+00:00,2026-09-18T06:54:36.239+00:00,True,24,24.0,,24.0,252804.35981400002,254216.28915800003,254216.28905100003,10592.345377125,46.973983,252804.35981400002,51590.94326356744,69.2645831,61.38823234782608,4.9280569192955355,0.09440779770443257,60,64,,True,True,,106,87.6246207195492
195,2026-09-18T06:50:22.468+00:00,2026-09-18T06:54:36.631+00:00,2026-09-18T06:54:40.333+00:00,True,59,59.0,,59.0,254162.792008,257864.425288,257864.425337,4370.583480288135,36.196192,254162.792008,33080.870781024474,91.51743269999999,63.821263448275865,12.969519305009339,0.22880240240236668,60,64,,True,True,,210,87.6246207195492
196,2026-09-18T06:50:22.906+00:00,2026-09-18T06:54:38.205+00:00,2026-09-18T06:54:40.895+00:00,True,44,44.0,,44.0,255299.152619,257989.668587,257989.66846,5863.401555909091,37.26381,255299.152619,38478.36429776746,94.48821085,62.57013879069767,11.616766099370276,0.1705494651820222,60,64,,True,True,,200,87.6246207195492
197,2026-09-18T06:50:23.313+00:00,2026-09-18T06:54:39.974+00:00,2026-09-18T06:54:42.011+00:00,True,34,34.0,,34.0,256660.768697,258698.556345,258698.556162,7608.781063588235,38.309979,256660.768697,44006.368763960265,69.12841775000001,61.75114084848485,5.245652260786618,0.1314270960007123,60,64,,True,True,,112,87.6246207195492
198,2026-09-18T06:50:23.637+00:00,2026-09-18T06:54:40.828+00:00,2026-09-18T06:54:46.028+00:00,True,86,86.0,,86.0,257190.784166,262390.63415,262390.634323,3051.053887476744,37.48893,257190.784166,27726.999942114755,68.45065199999999,61.17470569411765,7.790253397781477,0.3277556010281856,60,64,,True,True,,384,87.6246207195492
199,2026-09-18T06:50:24.186+00:00,2026-09-18T06:54:42.894+00:00,2026-09-18T06:54:44.029+00:00,True,19,19.0,,19.0,258708.123021,259842.601613,259842.601627,13675.926401421053,50.552794999999996,258708.123021,59337.25486135707,25942.380276,63.02658844444445,5.620948438248417,0.07312118906620978,60,64,,True,True,,85,87.6246207195492
200,2026-09-18T06:50:24.582+00:00,2026-09-18T06:54:44.448+00:00,2026-09-18T06:54:45.235+00:00,True,14,14.0,,14.0,259865.43795300002,260652.07782500001,260652.07791100003,18618.00556507143,46.511993000000004,259865.43795300002,69435.78764793876,90994.83577090001,60.51075938461538,4.797325434814097,0.05371144598893052,60,64,,True,True,,72,87.6246207195492
201,2026-09-18T06:50:25.018+00:00,2026-09-18T06:54:45.741+00:00,2026-09-18T06:54:50.678+00:00,True,83,83.0,,83.0,260723.43568599998,265660.408486,265660.40829299996,3200.727810759036,36.619231,260723.43568599998,28611.50815240721,85.7452489,60.20698536585366,10.060826757299871,0.31242894066533067,60,64,,True,True,,283,87.6246207195492
202,2026-09-18T06:50:25.387+00:00,2026-09-18T06:54:46.963+00:00,2026-09-18T06:54:52.049+00:00,True,85,85.0,,85.0,261576.629629,266662.032765,266662.032678,3137.2003844470587,34.923235,261576.629629,28365.40486162089,90.8338174,60.54051352380952,11.719337879735276,0.31875553905683884,60,64,,True,True,,389,87.6246207195492
203,2026-09-18T06:50:25.841+00:00,2026-09-18T06:54:48.601+00:00,2026-09-18T06:54:54.470+00:00,True,99,99.0,,99.0,262760.26797,268629.348802,268629.348642,2713.427764060606,31.263142,262760.26797,26402.383490473607,69.0259769,59.88857991836735,10.208200492571649,0.36853754231065217,60,64,,True,True,,474,87.6246207195492
204,2026-09-18T06:50:26.330+00:00,2026-09-18T06:54:50.554+00:00,2026-09-18T06:54:54.120+00:00,True,61,61.0,,61.0,264223.785947,267789.436379,267789.43647200003,4389.990761836066,34.365096,264223.785947,33822.78162373399,68.237753,59.4275072,9.742707683918656,0.2277909122362364,60,64,,True,True,,238,87.6246207195492
205,2026-09-18T06:50:26.751+00:00,2026-09-18T06:54:52.167+00:00,2026-09-18T06:54:55.053+00:00,True,50,50.0,,50.0,265416.150033,268302.20084899996,268302.20067,5366.0440134,35.136614,265416.150033,37527.18315628222,67.60946995,58.89899624489796,7.958867229857123,0.1863570251819884,60,64,,True,True,,209,87.6246207195492
206,2026-09-18T06:50:27.328+00:00,2026-09-18T06:54:54.174+00:00,2026-09-18T06:54:55.395+00:00,True,21,21.0,,21.0,266845.527911,268066.989159,268066.988964,12765.094712571428,34.910844,266845.527911,58217.142168661594,101.64406,61.0730624,12.53352709608857,0.07833862746727147,60,64,,True,True,,92,87.6246207195492
207,2026-09-18T06:50:27.800+00:00,2026-09-18T06:54:55.883+00:00,2026-09-18T06:55:01.787+00:00,True,93,93.0,,93.0,268083.157141,273986.97845299996,273986.97852099995,2946.096543236559,34.357925,268083.157141,27792.276856582845,94.04441620000001,64.1719707826087,12.4706560765757,0.33943218953361076,60,64,,True,True,,411,87.6246207195492
208,2026-09-18T06:50:28.300+00:00,2026-09-18T06:54:57.869+00:00,2026-09-18T06:54:59.356+00:00,True,25,25.0,,25.0,269569.328252,271055.921788,271055.92170299997,10842.236868119999,38.642458,269569.328252,53901.478869292325,100.53441280000001,61.941397333333335,12.979650300363469,0.09223189013945676,60,64,,True,True,,116,87.6246207195492
209,2026-09-18T06:50:28.817+00:00,2026-09-18T06:55:00.016+00:00,2026-09-18T06:55:01.124+00:00,True,19,19.0,,19.0,271198.75412,272306.982984,272306.982961,14331.94647163158,43.334258,271198.75412,62203.13670082498,27181.078267699995,61.568270222222225,5.494663273039818,0.0697741930515105,60,64,,True,True,,75,87.6246207195492
210,2026-09-18T06:50:29.161+00:00,2026-09-18T06:55:01.384+00:00,2026-09-18T06:55:03.716+00:00,True,37,37.0,,37.0,272222.959018,274555.079594,274555.079582,7420.40755627027,40.622644,272222.959018,44742.5306631843,95.9686958,64.78112711111112,12.981845866287534,0.13476348736550048,60,64,,True,True,,180,87.6246207195492
211,2026-09-18T06:50:29.488+00:00,2026-09-18T06:55:02.560+00:00,2026-09-18T06:55:03.087+00:00,True,10,10.0,,10.0,273072.52814300003,273599.08353500004,273599.083365,27359.908336500004,43.841858,273072.52814300003,86334.61461993288,150218.91607670003,58.50615466666667,8.237478393943622,0.03654983003157887,60,64,,True,True,,31,87.6246207195492
212,2026-09-18T06:50:29.988+00:00,2026-09-18T06:55:04.017+00:00,2026-09-18T06:55:04.685+00:00,True,12,12.0,,12.0,274028.619314,274696.777522,274696.77745,22891.398120833335,38.761917000000004,274028.619314,79087.71508434149,123362.75160779999,60.74165527272727,13.988679846625448,0.04368453138857423,60,64,,True,True,,73,87.6246207195492
213,2026-09-18T06:50:30.342+00:00,2026-09-18T06:55:05.899+00:00,2026-09-18T06:55:06.562+00:00,True,12,12.0,,12.0,275557.159236,276220.74298,276220.74292999995,23018.395244166666,41.676382,275557.159236,79529.08597342185,124039.09884064998,60.32579490909091,9.335018832165273,0.04344351503271741,60,64,,True,True,,78,87.6246207195492
214,2026-09-18T06:50:30.760+00:00,2026-09-18T06:55:07.629+00:00,2026-09-18T06:55:09.601+00:00,True,32,32.0,,32.0,276868.935311,278841.462671,278841.46262999997,8713.795707187499,35.693363,276868.935311,48932.72914212001,94.78023724999998,63.629914838709674,14.269130603537516,0.1147605513666245,60,64,,True,True,,139,87.6246207195492
215,2026-09-18T06:50:31.180+00:00,2026-09-18T06:55:08.924+00:00,2026-09-18T06:55:09.184+00:00,True,6,6.0,,6.0,277743.212417,278003.436161,278003.436199,46333.90603316666,38.509728,277743.212417,113366.94483759328,208322.38834725,52.044748799999994,10.146226027696565,0.02158246704736852,60,64,,True,True,,9,87.6246207195492
216,2026-09-18T06:50:31.626+00:00,2026-09-18T06:55:10.756+00:00,2026-09-18T06:55:12.183+00:00,True,23,23.0,,23.0,279130.109412,280556.375268,280556.375136,12198.103266782608,37.806419,279130.109412,58189.13415362958,90.88036600000001,64.83026618181817,10.973171738682233,0.0819799584950774,60,64,,True,True,,97,87.6246207195492
217,2026-09-18T06:50:31.946+00:00,2026-09-18T06:55:11.945+00:00,2026-09-18T06:55:14.644+00:00,True,45,45.0,,45.0,279999.436061,282697.59106899996,282697.59106999997,6282.168690444444,36.60139100000001,279999.436061,41730.71162337116,89.73479579999999,61.321704727272724,10.975247296257656,0.15918069846239524,60,64,,True,True,,149,87.6246207195492
218,2026-09-18T06:50:32.371+00:00,2026-09-18T06:55:12.943+00:00,2026-09-18T06:55:13.953+00:00,True,18,18.0,,18.0,280571.904455,281582.155975,281582.155859,15643.453103277778,36.410501,280571.904455,66117.42655155221,42167.44011925001,59.42656,14.228538889262804,0.06392450522183697,60,64,,True,True,,53,87.6246207195492
219,2026-09-18T06:50:32.742+00:00,2026-09-18T06:55:14.267+00:00,2026-09-18T06:55:19.779+00:00,True,90,90.0,,90.0,281524.08468699997,287036.84270299994,287036.84275599994,3189.298252844444,36.629652,281524.08468699997,29668.716757003236,76.7789807,61.941101303370786,10.380588289621,0.3135485993800592,60,64,,True,True,,432,87.6246207195492
220,2026-09-18T06:50:33.323+00:00,2026-09-18T06:55:17.019+00:00,2026-09-18T06:55:17.960+00:00,True,17,17.0,,17.0,283696.248935,284637.368423,284637.36848899996,16743.374616999998,39.502786,283696.248935,68792.18166654685,56792.521951,58.819968,8.978780624375169,0.059725116537531625,60,64,,True,True,,78,87.6246207195492
222,2026-09-18T06:50:34.825+00:00,2026-09-18T06:55:20.283+00:00,2026-09-18T06:55:21.890+00:00,True,27,27.0,,27.0,285458.262872,287065.59036,287065.590406,10632.058903925925,42.028141000000005,285458.262872,54924.57139970182,75.6852779,61.820288,6.895192318103715,0.0940551598892091,60,64,,True,True,,100,87.6246207195492
223,2026-09-18T06:50:34.840+00:00,2026-09-18T06:55:20.412+00:00,2026-09-18T06:55:22.651+00:00,True,38,38.0,,38.0,285572.350998,287810.786326,287810.78639900003,7573.96806313158,40.288795,285572.350998,46316.13901579851,69.16296464999999,60.49825210810811,6.995416213957917,0.13203118786853885,60,64,,True,True,,155,87.6246207195492
221,2026-09-18T06:50:34.784+00:00,2026-09-18T06:55:21.327+00:00,2026-09-18T06:55:26.236+00:00,True,81,81.0,,81.0,286542.69614899997,291451.66690099996,291451.66692899994,3598.168727518518,35.206773999999996,286542.69614899997,31831.260923430636,76.925726,61.362134399999995,10.11971409907367,0.277919151608469,60,64,,True,True,,410,87.6246207195492
224,2026-09-18T06:50:35.098+00:00,2026-09-18T06:55:23.310+00:00,2026-09-18T06:55:27.051+00:00,True,62,62.0,,62.0,288212.262246,291952.949606,291952.949618,4708.918542225806,38.110909,288212.262246,36595.207405036184,86.2982828,61.322743606557374,10.54025088678106,0.21236298548677454,60,64,,True,True,,296,87.6246207195492
225,2026-09-18T06:50:35.507+00:00,2026-09-18T06:55:25.224+00:00,2026-09-18T06:55:29.887+00:00,True,77,77.0,,77.0,289717.06917000003,294380.160114,294380.160112,3823.118962493507,37.932419,289717.06917000003,33009.33399728649,89.49190660000001,61.35645978947368,11.572872152085987,0.26156654025251364,60,64,,True,True,,294,87.6246207195492
226,2026-09-18T06:50:35.953+00:00,2026-09-18T06:55:26.741+00:00,2026-09-18T06:55:30.070+00:00,True,56,56.0,,56.0,290787.481609,294116.149257,294116.149273,5252.074094160715,35.047084999999996,290787.481609,38850.02606053837,90.67874024999999,60.52122996363636,11.989551369498258,0.1904009696219263,60,64,,True,True,,319,87.6246207195492
227,2026-09-18T06:50:36.364+00:00,2026-09-18T06:55:28.474+00:00,2026-09-18T06:55:33.513+00:00,True,82,82.0,,82.0,292109.46478399995,297148.487376,297148.48737099994,3623.7620411097555,37.532169,292109.46478399995,32251.22577845608,90.39345834999999,62.210155456790126,10.732876453957042,0.2759563096689785,60,64,,True,True,,423,87.6246207195492
228,2026-09-18T06:50:36.876+00:00,2026-09-18T06:55:30.357+00:00,2026-09-18T06:55:30.920+00:00,True,10,10.0,,10.0,293481.17915499996,294043.94472299994,294043.94477899995,29404.394477899998,56.319784,293481.17915499996,92787.12416191533,161445.52895769998,62.529507555555554,4.040393383792447,0.034008522125563115,60,64,,True,True,,43,87.6246207195492
229,2026-09-18T06:50:37.449+00:00,2026-09-18T06:55:32.470+00:00,2026-09-18T06:55:33.984+00:00,True,26,26.0,,26.0,295020.39673000004,296534.48287400004,296534.48301,11405.17242346154,39.09799700000001,295020.39673000004,57846.38347086957,88.71649375000001,60.56344576,10.684254667615898,0.08767951621682937,60,64,,True,True,,104,87.6246207195492
230,2026-09-18T06:50:37.922+00:00,2026-09-18T06:55:34.075+00:00,2026-09-18T06:55:37.282+00:00,True,51,51.0,,51.0,296152.600931,299359.663971,299359.66385500005,5869.797330490196,36.783891000000004,296152.600931,41460.678806944896,92.16204750000001,64.1412608,11.220527324265676,0.1703636332413192,60,64,,True,True,,280,87.6246207195492
231,2026-09-18T06:50:38.339+00:00,2026-09-18T06:55:35.950+00:00,2026-09-18T06:55:36.812+00:00,True,14,14.0,,14.0,297610.74750199995,298472.61092599994,298472.61097499996,21319.472212499997,58.235901,297610.74750199995,79522.09974155005,104223.01845255,66.29718646153846,8.57816852251552,0.04690547637374676,60,64,,True,True,,63,87.6246207195492
232,2026-09-18T06:50:38.821+00:00,2026-09-18T06:55:37.749+00:00,2026-09-18T06:55:38.889+00:00,False,20,19.0,,19.0,298928.862625,300068.455585,300068.455518,15003.4227759,0.02247,298928.862625,66829.11614199051,15034.023362400001,59.97857684210526,16.932005530687583,0.06331888489564308,60,64,,True,False,Request timeout: 300.0s exceeded,55,87.6246207195492
233,2026-09-18T06:50:39.221+00:00,2026-09-18T06:55:39.266+00:00,2026-09-18T06:55:39.266+00:00,False,1,0.0,,0.0,300044.80646,300044.80646,300044.80646,300044.80646,300044.80646,300044.80646,nan,300044.80646,nan,nan,0.0,60,64,,True,False,TTFT timeout: 300.0s exceeded (TTFT: 300.035s),0,87.6246207195492
234,2026-09-18T06:50:39.616+00:00,2026-09-18T06:55:39.709+00:00,2026-09-18T06:55:39.709+00:00,False,1,0.0,,0.0,300093.64682599995,300093.64682599995,300093.64682599995,300093.64682599995,300093.64682599995,300093.64682599995,nan,300093.64682599995,nan,nan,0.0,60,64,,True,False,"HTTPConnectionPool(host='gpu03', port=9002): Read timed out.",0,87.6246207195492
235,2026-09-18T06:50:40.132+00:00,2026-09-18T06:55:40.055+00:00,2026-09-18T06:55:40.158+00:00,False,3,2.0,,2.0,299923.567672,300026.62763999996,300026.62767899997,100008.87589299999,0.04332,299923.567672,173131.20932604265,269941.5125735,51.529984,72.81321770610609,0.006666074993849504,60,64,,True,False,Request timeout: 300.0s exceeded,6,87.6246207195492
236,2026-09-18T06:50:40.469+00:00,2026-09-18T06:55:40.388+00:00,2026-09-18T06:55:40.521+00:00,False,4,3.0,,3.0,299919.87717,300052.443698,300052.443682,75013.1109205,0.02051,299919.87717,149937.84744195713,254942.3176935,44.188842666666666,38.385184726311344,0.009998252182273418,60,64,,True,False,Request timeout: 300.0s exceeded,20,87.6246207195492
237,2026-09-18T06:50:40.890+00:00,2026-09-18T06:55:41.001+00:00,2026-09-18T06:55:41.001+00:00,False,1,0.0,,0.0,300111.32250099996,300111.32250099996,300111.32250099996,300111.32250099996,300111.32250099996,300111.32250099996,nan,300111.32250099996,nan,nan,0.0,60,64,,True,False,"HTTPConnectionPool(host='gpu03', port=9002): Read timed out.",0,87.6246207195492
238,2026-09-18T06:50:41.308+00:00,2026-09-18T06:55:41.408+00:00,2026-09-18T06:55:41.408+00:00,False,1,0.0,,0.0,300100.61576,300100.61576,300100.61576,300100.61576,300100.61576,300100.61576,nan,300100.61576,nan,nan,0.0,60,64,,True,False,TTFT timeout: 300.0s exceeded (TTFT: 300.091s),0,87.6246207195492
239,2026-09-18T06:50:41.715+00:00,2026-09-18T06:55:41.615+00:00,2026-09-18T06:55:41.745+00:00,False,4,3.0,,3.0,299899.983465,300029.774185,300029.774182,75007.4435455,0.042570000000000004,299899.983465,149928.3630766519,254925.11191034998,43.26357333333333,37.5229963218942,0.009999007625657124,60,64,,True,False,Request timeout: 300.0s exceeded,15,87.6246207195492
240,2026-09-18T06:50:42.200+00:00,2026-09-18T06:55:42.307+00:00,2026-09-18T06:55:42.307+00:00,False,1,0.0,,0.0,300107.331734,300107.331734,300107.331734,300107.331734,300107.331734,300107.331734,nan,300107.331734,nan,nan,0.0,60,64,,True,False,"HTTPConnectionPool(host='gpu03', port=9002): Read timed out.",0,87.6246207195492
241,2026-09-18T06:50:42.629+00:00,2026-09-18T06:55:42.745+00:00,2026-09-18T06:55:42.745+00:00,False,1,0.0,,0.0,300116.457975,300116.457975,300116.457975,300116.457975,300116.457975,300116.457975,nan,300116.457975,nan,nan,0.0,60,64,,True,False,TTFT timeout: 300.0s exceeded (TTFT: 300.100s),0,87.6246207195492
242,2026-09-18T06:50:43.133+00:00,2026-09-18T06:55:42.978+00:00,2026-09-18T06:55:43.210+00:00,False,5,4.0,,4.0,299845.611341,300077.818701,300077.818576,60015.563715200005,0.04895,299845.611341,134069.07685175288,239894.7371026,58.05184,39.96356379208935,0.013329875621315525,60,64,,True,False,Request timeout: 300.0s exceeded,14,87.6246207195492
243,2026-09-18T06:50:43.646+00:00,2026-09-18T06:55:43.759+00:00,2026-09-18T06:55:43.759+00:00,False,1,0.0,,0.0,300113.556355,300113.556355,300113.556355,300113.556355,300113.556355,300113.556355,nan,300113.556355,nan,nan,0.0,60,64,,True,False,"HTTPConnectionPool(host='gpu03', port=9002): Read timed out.",0,87.6246207195492
244,2026-09-18T06:50:44.103+00:00,2026-09-18T06:55:44.152+00:00,2026-09-18T06:55:44.152+00:00,False,1,0.0,,0.0,300049.416644,300049.416644,300049.416644,300049.416644,300049.416644,300049.416644,nan,300049.416644,nan,nan,0.0,60,64,,True,False,TTFT timeout: 300.0s exceeded (TTFT: 300.041s),0,87.6246207195492
245,2026-09-18T06:50:44.674+00:00,2026-09-18T06:55:44.494+00:00,2026-09-18T06:55:45.819+00:00,False,23,22.0,,22.0,299819.82438999997,301145.47994199995,301145.480083,13093.28174273913,0.0222,299819.82438999997,62504.19329331103,91.21699419999999,60.257070545454546,19.001654142904407,0.07305439219687826,60,64,,True,False,Request timeout: 300.0s exceeded,81,87.6246207195492
246,2026-09-18T06:50:45.000+00:00,2026-09-18T06:55:45.316+00:00,2026-09-18T06:55:45.859+00:00,False,10,9.0,,9.0,300315.660432,300858.8676,300858.867663,30085.886766300002,0.02743,300315.660432,94949.0676218257,165215.18798880003,60.356352,27.655728038762312,0.029914358422586843,60,64,,True,False,Request timeout: 300.0s exceeded,31,87.6246207195492
247,2026-09-18T06:50:45.429+00:00,2026-09-18T06:55:45.755+00:00,2026-09-18T06:55:45.909+00:00,False,5,4.0,,4.0,300326.141032,300480.84516,300480.84519100003,60096.1690382,0.06081,300326.141032,134292.63896425994,240273.493304,38.676032,27.17072627537257,0.013311996636158556,60,64,,True,False,Request timeout: 300.0s exceeded,12,87.6246207195492
248,2026-09-18T06:50:45.909+00:00,2026-09-18T06:55:46.025+00:00,2026-09-18T06:55:46.025+00:00,False,1,0.0,,0.0,300115.863413,300115.863413,300115.863413,300115.863413,300115.863413,300115.863413,nan,300115.863413,nan,nan,0.0,60,64,,True,False,"HTTPConnectionPool(host='gpu03', port=9002): Read timed out.",0,87.6246207195492
249,2026-09-18T06:50:46.480+00:00,2026-09-18T06:55:46.713+00:00,2026-09-18T06:55:46.713+00:00,False,1,0.0,,0.0,300232.38633099996,300232.38633099996,300232.38633099996,300232.38633099996,300232.38633099996,300232.38633099996,nan,300232.38633099996,nan,nan,0.0,60,64,,True,False,"HTTPConnectionPool(host='gpu03', port=9002): Read timed out.",0,87.6246207195492
250,2026-09-18T06:50:46.831+00:00,2026-09-18T06:55:46.941+00:00,2026-09-18T06:55:46.941+00:00,False,1,0.0,,0.0,300110.187051,300110.187051,300110.187051,300110.187051,300110.187051,300110.187051,nan,300110.187051,nan,nan,0.0,60,64,,True,False,"HTTPConnectionPool(host='gpu03', port=9002): Read timed out.",0,87.6246207195492
251,2026-09-18T06:50:47.350+00:00,2026-09-18T06:55:47.287+00:00,2026-09-18T06:55:47.407+00:00,False,4,3.0,,3.0,299936.907313,300056.327217,300056.32718900003,75014.08179725001,0.02392,299936.907313,149948.55300561295,254955.80946820002,39.80663466666667,34.603217114267125,0.009998122778562197,60,64,,True,False,Request timeout: 300.0s exceeded,12,87.6246207195492
252,2026-09-18T06:50:47.900+00:00,2026-09-18T06:55:47.794+00:00,2026-09-18T06:55:47.955+00:00,False,5,4.0,,4.0,299894.059619,300055.072355,300055.072307,60011.0144614,0.02109,299894.059619,134098.70118608102,239927.576776,40.253184,28.557234596949986,0.013330886122356684,60,64,,True,False,Request timeout: 300.0s exceeded,14,87.6246207195492
253,2026-09-18T06:50:48.342+00:00,2026-09-18T06:55:48.447+00:00,2026-09-18T06:55:48.447+00:00,False,1,0.0,,0.0,300105.372972,300105.372972,300105.372972,300105.372972,300105.372972,300105.372972,nan,300105.372972,nan,nan,0.0,60,64,,True,False,"HTTPConnectionPool(host='gpu03', port=9002): Read timed out.",0,87.6246207195492
254,2026-09-18T06:50:48.890+00:00,2026-09-18T06:55:48.746+00:00,2026-09-18T06:55:48.957+00:00,False,5,4.0,,4.0,299855.59156699997,300067.00276699994,300067.00265999994,60013.40053199999,0.03544,299855.59156699997,134075.86423658635,239899.13050999996,52.8528,35.272972906598504,0.013330356097521237,60,64,,True,False,Request timeout: 300.0s exceeded,6,87.6246207195492
255,2026-09-18T06:50:49.269+00:00,2026-09-18T06:55:49.298+00:00,2026-09-18T06:55:49.298+00:00,False,1,0.0,,0.0,300028.709872,300028.709872,300028.709872,300028.709872,300028.709872,300028.709872,nan,300028.709872,nan,nan,0.0,60,64,,True,False,TTFT timeout: 300.0s exceeded (TTFT: 300.015s),0,87.6246207195492
256,2026-09-18T06:50:49.704+00:00,2026-09-18T06:55:49.819+00:00,2026-09-18T06:55:49.819+00:00,False,1,0.0,,0.0,300114.69642,300114.69642,300114.69642,300114.69642,300114.69642,300114.69642,nan,300114.69642,nan,nan,0.0,60,64,,True,False,"HTTPConnectionPool(host='gpu03', port=9002): Read timed out.",0,87.6246207195492
257,2026-09-18T06:50:50.159+00:00,2026-09-18T06:55:50.094+00:00,2026-09-18T06:55:50.235+00:00,False,4,3.0,,3.0,299934.75483600004,300075.421204,300075.42117200006,75018.85529300002,0.08125,299934.75483600004,149943.93670998426,254955.62141775002,46.888789333333335,40.693753104243676,0.009997486591747588,60,64,,True,False,Request timeout: 300.0s exceeded,10,87.6246207195492
258,2026-09-18T06:50:50.585+00:00,2026-09-18T06:55:50.453+00:00,2026-09-18T06:55:50.638+00:00,False,5,4.0,,4.0,299867.82841,300052.637882,300052.637654,60010.527530800005,0.02847,299867.82841,134084.31007513855,239907.03729200002,46.202368,30.832701791502345,0.013330994282320083,60,64,,True,False,Request timeout: 300.0s exceeded,12,87.6246207195492
259,2026-09-18T06:50:51.019+00:00,2026-09-18T06:55:51.128+00:00,2026-09-18T06:55:51.128+00:00,False,1,0.0,,0.0,300109.487546,300109.487546,300109.487546,300109.487546,300109.487546,300109.487546,nan,300109.487546,nan,nan,0.0,60,64,,True,False,"HTTPConnectionPool(host='gpu03', port=9002): Read timed out.",0,87.6246207195492
260,2026-09-18T06:50:51.424+00:00,2026-09-18T06:55:51.397+00:00,2026-09-18T06:55:51.457+00:00,False,3,2.0,,2.0,299973.486391,300033.156407,300033.156389,100011.05212966666,0.04518,299973.486391,173172.55043517103,269982.10023369995,29.835008,42.12935414084351,0.006665929939046359,60,64,,True,False,Request timeout: 300.0s exceeded,9,87.6246207195492
261,2026-09-18T06:50:51.837+00:00,2026-09-18T06:55:51.678+00:00,2026-09-18T06:55:51.859+00:00,False,5,4.0,,4.0,299840.68583,300021.72774999996,300021.72754,60004.34550799999,0.09128,299840.68583,134072.5926549627,239885.04584859998,45.26048,30.17213422939111,0.01333236772549051,60,64,,True,False,Request timeout: 300.0s exceeded,26,87.6246207195492
262,2026-09-18T06:50:52.181+00:00,2026-09-18T06:55:52.287+00:00,2026-09-18T06:55:52.287+00:00,False,1,0.0,,0.0,300105.848963,300105.848963,300105.848963,300105.848963,300105.848963,300105.848963,nan,300105.848963,nan,nan,0.0,60,64,,True,False,"HTTPConnectionPool(host='gpu03', port=9002): Read timed out.",0,87.6246207195492
263,2026-09-18T06:50:52.750+00:00,2026-09-18T06:55:52.725+00:00,2026-09-18T06:55:52.818+00:00,False,3,2.0,,2.0,299975.078753,300068.047969,300068.048009,100022.68266966667,0.02115,299975.078753,173163.86078929532,269986.8656883,46.484608,65.70911386542356,0.006665154832501925,60,64,,True,False,Request timeout: 300.0s exceeded,11,87.6246207195492
0,2026-09-18T06:48:53.197+00:00,2026-09-18T06:48:53.415+00:00,2026-09-18T06:48:56.024+00:00,True,48,48.0,,48.0,218.100885,2826.9103569999997,2826.910597,58.893970770833334,8.681634,218.100885,27.669037577777768,76.37154925,55.5065845106383,14.814772954065303,16.979668237849257,61,64,,False,True,,149,87.6246207195492
1,2026-09-18T06:48:53.575+00:00,2026-09-18T06:48:53.709+00:00,2026-09-18T06:48:56.125+00:00,True,43,43.0,,43.0,133.621442,2549.502402,2549.502473,59.29075518604651,8.806314,133.621442,17.50487430853887,81.02290490000001,57.52097523809524,13.263818609957902,16.86603627683109,61,64,,False,True,,223,87.6246207195492
2,2026-09-18T06:48:53.956+00:00,2026-09-18T06:48:54.306+00:00,2026-09-18T06:48:56.943+00:00,True,46,46.0,,46.0,349.86465000000004,2986.975434,2986.975399,64.93424780434783,34.011946,349.86465000000004,43.96751655756385,70.99279800000001,58.602461866666665,9.536975936174683,15.400193612707161,61,64,,False,True,,169,87.6246207195492
3,2026-09-18T06:48:54.366+00:00,2026-09-18T06:48:57.072+00:00,2026-09-18T06:49:02.344+00:00,True,88,88.0,,88.0,2706.139451,7977.631803,7977.6316560000005,90.65490518181818,14.305154,2706.139451,282.17508937267144,69.43636035,60.591866114942526,9.519324606415973,11.030842507284865,61,64,,False,True,,365,87.6246207195492
4,2026-09-18T06:48:54.732+00:00,2026-09-18T06:48:58.297+00:00,2026-09-18T06:49:03.041+00:00,True,80,80.0,,80.0,3565.2585750000003,8309.476687,8309.47658,103.86845725,0.0,3565.2585750000003,392.1486761353567,69.75302980000001,60.05339382278481,14.225095290024342,9.627561760316182,61,64,,False,True,,311,87.6246207195492
5,2026-09-18T06:48:55.094+00:00,2026-09-18T06:48:59.324+00:00,2026-09-18T06:48:59.615+00:00,True,6,6.0,,6.0,4230.152749,4520.962093,4520.962039,753.4936731666667,42.094192,4230.152749,1703.2317156678241,3189.29017825,58.16186879999999,10.017470741082063,1.3271511409684362,61,64,,False,True,,21,87.6246207195492
6,2026-09-18T06:48:55.469+00:00,2026-09-18T06:49:00.588+00:00,2026-09-18T06:49:02.855+00:00,True,39,39.0,,39.0,5118.471428999999,7385.593604999999,7385.593706,189.37419758974357,0.0,5118.471428999999,810.228297713015,74.563679,59.66110989473684,16.8363007113887,5.280550499501794,61,64,,False,True,,192,87.6246207195492
7,2026-09-18T06:48:55.746+00:00,2026-09-18T06:49:01.749+00:00,2026-09-18T06:49:06.427+00:00,True,80,80.0,,80.0,6003.228225,10681.218881,10681.218802,133.515235025,0.0,6003.228225,664.7972149228231,68.231156,59.2150715949367,17.838443148842206,7.489781914525302,61,64,,False,True,,361,87.6246207195492
8,2026-09-18T06:48:56.161+00:00,2026-09-18T06:49:03.262+00:00,2026-09-18T06:49:05.489+00:00,True,39,39.0,,39.0,7100.972014999999,9327.428079,9327.428156999998,239.16482453846152,8.394714,7100.972014999999,1127.8571670943716,76.20564279999999,58.59094905263158,20.05867252622158,4.181216908850314,61,64,,False,True,,181,87.6246207195492
9,2026-09-18T06:48:56.523+00:00,2026-09-18T06:49:04.598+00:00,2026-09-18T06:49:06.677+00:00,True,35,35.0,,35.0,8075.325915,10154.621915,10154.622071,290.1320591714286,5.923909,8075.325915,1354.8016304875814,94.5722796,61.155764705882355,21.10966227675935,3.4467063661227413,61,64,,False,True,,135,87.6246207195492
10,2026-09-18T06:48:56.944+00:00,2026-09-18T06:49:06.362+00:00,2026-09-18T06:49:11.429+00:00,True,85,85.0,,85.0,9418.030969000001,14484.774265,14484.774114000002,170.40910722352942,0.0,9418.030969000001,1015.8067402597131,69.63423259999999,60.318372571428576,41.06009160167141,5.8682309054265405,61,64,,False,True,,345,87.6246207195492
11,2026-09-18T06:48:57.320+00:00,2026-09-18T06:49:07.921+00:00,2026-09-18T06:49:09.797+00:00,True,37,37.0,,37.0,10601.698269999999,12476.800478,12476.800495,337.21082418918917,0.0,10601.698269999999,1734.6472757590004,93.0257506,52.08617244444445,32.811695433805376,2.965503861766571,61,64,,False,True,,120,87.6246207195492
12,2026-09-18T06:48:57.786+00:00,2026-09-18T06:49:09.273+00:00,2026-09-18T06:49:14.449+00:00,True,87,87.0,,87.0,11487.315654,16663.505094,16663.505225,191.53454281609194,0.0,11487.315654,1225.4599213604713,67.8191246,60.18824930232558,29.173655581269212,5.220990392431058,61,64,,False,True,,183,87.6246207195492
13,2026-09-18T06:48:58.175+00:00,2026-09-18T06:49:10.763+00:00,2026-09-18T06:49:12.865+00:00,True,36,36.0,,36.0,12588.133709000002,14690.169933000001,14690.169962000002,408.0602767222223,0.0,12588.133709000002,2088.232613682061,104.462166,60.05817782857143,30.75558317456195,2.4506183498347145,61,64,,False,True,,148,87.6246207195492
14,2026-09-18T06:48:58.528+00:00,2026-09-18T06:49:12.145+00:00,2026-09-18T06:49:15.254+00:00,True,53,53.0,,53.0,13616.371317,16725.807989,16725.807779,315.5812788490566,0.0,13616.371317,1862.348749065748,70.87341599999999,59.79685907692308,28.242083231537396,3.1687557357382263,61,64,,False,True,,227,87.6246207195492
15,2026-09-18T06:48:58.886+00:00,2026-09-18T06:49:13.599+00:00,2026-09-18T06:49:15.386+00:00,True,31,31.0,,31.0,14713.425668,16500.060932,16500.060788,532.2600254193549,0.0,14713.425668,2632.1588418785404,149.706772,59.554508799999994,36.59224727229232,1.8787809407345284,61,64,,False,True,,122,87.6246207195492
16,2026-09-18T06:48:59.269+00:00,2026-09-18T06:49:14.732+00:00,2026-09-18T06:49:18.124+00:00,True,58,58.0,,58.0,15463.024636,18854.851836,18854.851713,325.08365022413795,0.0,15463.024636,2022.8797182979063,67.95144895,59.5057403508772,35.06477449531048,3.0761313058562076,61,64,,False,True,,283,87.6246207195492
17,2026-09-18T06:48:59.690+00:00,2026-09-18T06:49:16.280+00:00,2026-09-18T06:49:18.313+00:00,True,35,35.0,,35.0,16590.168771,18623.480003,18623.480033,532.0994295142857,0.0,16590.168771,2794.5180925576055,136.7640358,59.80327152941177,46.55110407492228,1.8793480055479403,61,64,,False,True,,147,87.6246207195492
18,2026-09-18T06:48:59.990+00:00,2026-09-18T06:49:17.584+00:00,2026-09-18T06:49:23.240+00:00,True,92,92.0,,92.0,17593.761996,23250.164684000003,23250.164725000002,252.71918179347827,0.0,17593.761996,1828.4815964864015,91.58338769999999,62.15827129670329,50.34322707975313,3.956961219432195,61,64,,False,True,,359,87.6246207195492
19,2026-09-18T06:49:00.324+00:00,2026-09-18T06:49:18.745+00:00,2026-09-18T06:49:18.909+00:00,True,4,4.0,,4.0,18420.933118999998,18584.896511,18584.896694,4646.2241735,41.895782,18420.933118999998,9183.14411079348,15667.434941149999,54.654464,11.51598121119412,0.21522853235327333,61,64,,False,True,,14,87.6246207195492
20,2026-09-18T06:49:00.584+00:00,2026-09-18T06:49:19.626+00:00,2026-09-18T06:49:25.385+00:00,True,94,94.0,,94.0,19041.487266,24800.999842,24800.999973,263.84042524468083,0.0,19041.487266,1958.4754968893749,99.38967710000001,61.93024275268817,59.144640398645244,3.7901697753657846,61,64,,False,True,,447,87.6246207195492
21,2026-09-18T06:49:01.014+00:00,2026-09-18T06:49:21.630+00:00,2026-09-18T06:49:22.821+00:00,True,26,26.0,,26.0,20616.15581,21807.069858,21807.069697,838.7334498846154,0.01744,20616.15581,4033.899746410287,82.7570315,47.63656192,26.12985978250806,1.1922738895827314,61,64,,False,True,,133,87.6246207195492
22,2026-09-18T06:49:01.416+00:00,2026-09-18T06:49:22.594+00:00,2026-09-18T06:49:24.138+00:00,True,25,25.0,,25.0,21178.592005,22722.598661,22722.598535999998,908.9039414399999,0.0,21178.592005,4223.386918433205,310.29906400000004,64.33361066666666,68.68265755107218,1.100226271342319,61,64,,False,True,,115,87.6246207195492
23,2026-09-18T06:49:01.857+00:00,2026-09-18T06:49:24.259+00:00,2026-09-18T06:49:29.502+00:00,True,89,89.0,,89.0,22402.503021,27645.002605,27645.002619,310.61800695505616,0.0,22402.503021,2368.699483580812,71.34373939999999,59.57385890909091,41.169051209744175,3.2193883745159444,61,64,,False,True,,397,87.6246207195492
24,2026-09-18T06:49:02.146+00:00,2026-09-18T06:49:25.517+00:00,2026-09-18T06:49:25.723+00:00,True,5,5.0,,5.0,23371.36193,23577.135242,23577.135307,4715.4270614,37.32826,23371.36193,10428.992580796214,18710.3409214,51.443328,14.86301108824597,0.21206986975640132,61,64,,False,True,,11,87.6246207195492
25,2026-09-18T06:49:02.620+00:00,2026-09-18T06:49:27.391+00:00,2026-09-18T06:49:29.691+00:00,True,40,40.0,,40.0,24771.805967999997,27070.922,27070.922086,676.7730521499999,0.0,24771.805967999997,3907.8977816427455,86.05590244999999,58.95169312820513,60.2408976170456,1.4776002088144615,61,64,,False,True,,157,87.6246207195492
26,2026-09-18T06:49:03.003+00:00,2026-09-18T06:49:29.118+00:00,2026-09-18T06:49:29.632+00:00,True,9,9.0,,9.0,26115.083622000002,26628.768614,26628.768578000003,2958.7520642222225,59.39192,26115.083622000002,8683.62481831165,15696.7490656,64.210624,3.0998612255699447,0.3379803298628039,61,64,,False,True,,37,87.6246207195492
27,2026-09-18T06:49:03.360+00:00,2026-09-18T06:49:30.475+00:00,2026-09-18T06:49:34.432+00:00,True,67,67.0,,67.0,27115.925862,31072.526438,31072.52659,463.76905358208955,0.0,27115.925862,3305.8583566081916,67.5708842,59.94849357575758,54.63361221340652,2.1562456510798125,61,64,,False,True,,235,87.6246207195492
28,2026-09-18T06:49:03.672+00:00,2026-09-18T06:49:31.665+00:00,2026-09-18T06:49:34.433+00:00,True,47,47.0,,47.0,27993.067752,30761.269736,30761.269698,654.4950999574468,0.0,27993.067752,4074.9449591409825,68.4038693,60.178304,65.453582291124,1.5278953178254462,61,64,,False,True,,203,87.6246207195492
29,2026-09-18T06:49:04.114+00:00,2026-09-18T06:49:33.465+00:00,2026-09-18T06:49:38.146+00:00,True,80,80.0,,80.0,29350.909009,34032.233809,34032.233752,425.40292189999997,0.0,29350.909009,3275.5080405171425,94.54018384999999,59.25727594936709,63.187792526689336,2.3507125758769205,61,64,,False,True,,390,87.6246207195492
30,2026-09-18T06:49:04.448+00:00,2026-09-18T06:49:34.535+00:00,2026-09-18T06:49:35.780+00:00,True,22,22.0,,22.0,30087.298311000002,31331.668743000002,31331.668719,1424.1667599545456,0.015710000000000002,30087.298311000002,6403.081349097448,543.0242066000001,59.255734857142855,120.56768275677327,0.702164962244954,61,64,,False,True,,81,87.6246207195492
31,2026-09-18T06:49:04.811+00:00,2026-09-18T06:49:35.781+00:00,2026-09-18T06:49:36.282+00:00,True,9,9.0,,9.0,30969.789160999997,31470.854120999997,31470.854236999996,3496.7615818888885,34.795476,30969.789160999997,10302.396849099787,18619.9408266,62.63312,16.46110819639497,0.2859788922600116,61,64,,False,True,,41,87.6246207195492
32,2026-09-18T06:49:05.096+00:00,2026-09-18T06:49:36.871+00:00,2026-09-18T06:49:39.240+00:00,True,39,39.0,,39.0,31774.57811,34143.51635,34143.516279999996,875.4747764102564,0.0,31774.57811,5078.593641049772,148.8329386,62.34048,77.21512405391516,1.1422373606812177,61,64,,False,True,,124,87.6246207195492
33,2026-09-18T06:49:05.399+00:00,2026-09-18T06:49:38.021+00:00,2026-09-18T06:49:39.337+00:00,True,23,23.0,,23.0,32621.178163,33937.551923,33937.551905,1475.545735,0.0,32621.178163,6790.23529106096,455.0092484,59.835170909090905,101.62406894022439,0.6777153535465399,61,64,,False,True,,114,87.6246207195492
34,2026-09-18T06:49:05.661+00:00,2026-09-18T06:49:38.999+00:00,2026-09-18T06:49:44.557+00:00,True,92,92.0,,92.0,33337.948184,38895.528472,38895.528362,422.77748219565217,34.173167,33337.948184,3469.3810656383,91.96063750000002,61.07231085714286,13.744993853302539,2.365310451205945,61,64,,False,True,,347,87.6246207195492
35,2026-09-18T06:49:06.099+00:00,2026-09-18T06:49:40.614+00:00,2026-09-18T06:49:44.371+00:00,True,62,62.0,,62.0,34515.625207000005,38272.221687000005,38272.221687000005,617.2938981774195,37.676199999999994,34515.625207000005,4375.691158265374,98.87701755,61.58354885245901,14.457315186629108,1.619973894043879,61,64,,False,True,,298,87.6246207195492
36,2026-09-18T06:49:06.416+00:00,2026-09-18T06:49:42.199+00:00,2026-09-18T06:49:45.576+00:00,True,55,55.0,,55.0,35782.676944,39159.684047999996,39159.683944,711.9942535272727,0.0,35782.676944,4817.106949008355,108.7505536,62.53716859259259,77.0147760036951,1.4045057139016681,61,64,,False,True,,242,87.6246207195492
37,2026-09-18T06:49:06.884+00:00,2026-09-18T06:49:43.855+00:00,2026-09-18T06:49:44.090+00:00,True,5,5.0,,5.0,36970.342489,37205.283673000005,37205.283656,7441.0567312,45.530866,36970.342489,16507.374348206093,29589.140379600005,58.735296,8.846469966034286,0.13438951424064846,61,64,,False,True,,19,87.6246207195492
38,2026-09-18T06:49:07.173+00:00,2026-09-18T06:49:44.611+00:00,2026-09-18T06:49:49.761+00:00,True,84,84.0,,84.0,37437.895391000005,42587.87708700001,42587.877080000006,506.9985366666667,0.0,37437.895391000005,4079.0974498790297,89.16753535,62.04797224096385,93.471147042756,1.972392280282059,61,64,,False,True,,424,87.6246207195492
39,2026-09-18T06:49:07.555+00:00,2026-09-18T06:49:46.108+00:00,2026-09-18T06:49:51.744+00:00,True,91,91.0,,91.0,38553.444117,44189.449237,44189.44908,485.5983415384615,0.016079999999999997,38553.444117,4035.45574455566,94.6271205,62.62227911111111,65.22271599939552,2.0593150983154898,61,64,,False,True,,364,87.6246207195492
40,2026-09-18T06:49:07.939+00:00,2026-09-18T06:49:47.866+00:00,2026-09-18T06:49:49.128+00:00,True,21,21.0,,21.0,39927.108119000004,41189.65429500001,41189.654370000004,1961.412112857143,0.017,39927.108119000004,8700.13423339928,650.264281,63.127308799999994,141.96677599958784,0.5098367626394276,61,64,,False,True,,110,87.6246207195492
41,2026-09-18T06:49:08.406+00:00,2026-09-18T06:49:49.697+00:00,2026-09-18T06:49:52.719+00:00,True,50,50.0,,50.0,41290.6973,44313.23042,44313.230364,886.26460728,0.0,41290.6973,5831.405803387363,91.32261790000001,61.684349387755105,94.04229891839003,1.1283311897169515,61,64,,False,True,,241,87.6246207195492
42,2026-09-18T06:49:08.773+00:00,2026-09-18T06:49:51.162+00:00,2026-09-18T06:49:55.283+00:00,True,67,67.0,,67.0,42389.089878,46509.712726,46509.712927,694.1748198059702,0.0,42389.089878,5171.627512701452,85.96347099999998,62.43367951515152,79.60670153804999,1.440559317033697,61,64,,False,True,,359,87.6246207195492
43,2026-09-18T06:49:09.185+00:00,2026-09-18T06:49:52.946+00:00,2026-09-18T06:49:55.608+00:00,True,42,42.0,,42.0,43760.645654,46422.881814,46422.881573,1105.3067041190477,36.652252999999995,43760.645654,6742.404417777207,100.9537861,64.93258926829267,11.466220318074145,0.9047262547870053,61,64,,False,True,,62,87.6246207195492
44,2026-09-18T06:49:09.546+00:00,2026-09-18T06:49:54.579+00:00,2026-09-18T06:49:59.957+00:00,True,87,87.0,,87.0,45032.689672,50410.563848,50410.563861,579.4317685172414,35.873143,45032.689672,4821.325980438962,97.82532509999999,62.533420651162785,13.671896289390554,1.7258287422121676,61,64,,False,True,,420,87.6246207195492
45,2026-09-18T06:49:09.895+00:00,2026-09-18T06:49:56.138+00:00,2026-09-18T06:49:56.257+00:00,True,3,3.0,,3.0,46242.411555,46362.090531,46362.090604,15454.030201333333,58.868641000000004,46242.411555,26663.52041135457,41624.2514403,59.839488,1.3728506441008066,0.0647080398152894,61,64,,False,True,,10,87.6246207195492
46,2026-09-18T06:49:10.203+00:00,2026-09-18T06:49:57.017+00:00,2026-09-18T06:50:00.017+00:00,True,49,49.0,,49.0,46813.687775,49813.988574999996,49813.988391,1016.6120079795918,34.006137,46813.687775,6678.754306222201,94.51379779999999,62.50626666666666,13.864130108353097,0.9836594378750769,61,64,,False,True,,198,87.6246207195492
47,2026-09-18T06:49:10.552+00:00,2026-09-18T06:49:58.623+00:00,2026-09-18T06:49:59.080+00:00,True,8,8.0,,8.0,48070.87739,48527.322830000005,48527.322768,6065.915346,38.434949,48070.87739,16972.575389908536,31280.214469500002,65.20649142857143,17.431712450684422,0.16485558101001055,61,64,,False,True,,30,87.6246207195492
48,2026-09-18T06:49:10.887+00:00,2026-09-18T06:49:59.853+00:00,2026-09-18T06:50:05.887+00:00,True,99,99.0,,99.0,48965.853604,54999.868068,54999.867963000004,555.5542218484849,0.0,48965.853604,4916.64844630854,95.76091540000002,61.571576163265306,125.40230571509692,1.8000043177849026,61,64,,False,True,,409,87.6246207195492
49,2026-09-18T06:49:11.365+00:00,2026-09-18T06:50:02.580+00:00,2026-09-18T06:50:04.724+00:00,True,46,46.0,,46.0,51214.978062,53359.069198000005,53359.069037,1159.9797616739131,0.015710000000000002,51214.978062,7544.279730092383,87.28577225000001,47.64646968888889,32.45730132319376,0.8620840035516242,61,64,,False,True,,159,87.6246207195492
50,2026-09-18T06:49:11.736+00:00,2026-09-18T06:50:03.813+00:00,2026-09-18T06:50:04.943+00:00,True,19,19.0,,19.0,52076.719587,53206.306787,53206.306942999996,2800.331944368421,41.612203,52076.719587,11932.826603814474,5292.4295181,62.754844444444444,10.9129463244646,0.3571005233658185,61,64,,False,True,,67,87.6246207195492
51,2026-09-18T06:49:12.041+00:00,2026-09-18T06:50:05.061+00:00,2026-09-18T06:50:09.907+00:00,True,70,70.0,,70.0,53020.45239,57866.517798,57866.5178,826.66454,0.0,53020.45239,6329.466662444735,100.91219955000001,70.232832,95.15481144560401,1.2096805313973698,61,64,,False,True,,329,87.6246207195492
52,2026-09-18T06:49:12.382+00:00,2026-09-18T06:50:06.218+00:00,2026-09-18T06:50:08.004+00:00,True,29,29.0,,29.0,53836.694748,55622.543836000004,55622.543814000004,1918.0187522068966,38.646249000000005,53836.694748,9985.390760729335,103.2326098,63.78032457142857,15.251807515212962,0.5213713361529256,61,64,,False,True,,86,87.6246207195492
53,2026-09-18T06:49:12.755+00:00,2026-09-18T06:50:07.703+00:00,2026-09-18T06:50:09.908+00:00,True,25,25.0,,25.0,54947.578514,57152.714642,57152.714437,2286.10857748,0.0,54947.578514,10972.21541536368,678.1956854000001,91.880672,156.9524783436338,0.4374245415392425,61,64,,False,True,,97,87.6246207195492
54,2026-09-18T06:49:13.041+00:00,2026-09-18T06:50:08.786+00:00,2026-09-18T06:50:09.914+00:00,True,12,12.0,,12.0,55745.322956,56873.197004,56873.196946000004,4739.433078833334,0.0,55745.322956,16064.385828944025,25544.77970015,102.53400436363636,244.83599430078317,0.21099569976971783,61,64,,False,True,,58,87.6246207195492
55,2026-09-18T06:49:13.466+00:00,2026-09-18T06:50:10.408+00:00,2026-09-18T06:50:13.308+00:00,True,49,49.0,,49.0,56942.114984,59842.411944,59842.411894,1221.273712122449,32.74126,56942.114984,8125.966575328415,94.0038568,60.422853333333336,13.236837670900545,0.8188172636800429,61,64,,False,True,,219,87.6246207195492
56,2026-09-18T06:49:13.760+00:00,2026-09-18T06:50:11.324+00:00,2026-09-18T06:50:16.048+00:00,True,79,79.0,,79.0,57563.664482,62288.403554000004,62288.403496,788.4608037468355,35.885734,57563.664482,6469.61197912314,72.1129701,60.573577846153846,10.736651271839834,1.2682938635842886,61,64,,False,True,,321,87.6246207195492
57,2026-09-18T06:49:14.024+00:00,2026-09-18T06:50:12.494+00:00,2026-09-18T06:50:12.825+00:00,True,7,7.0,,7.0,58470.318303,58800.892895,58800.892743,8400.127534714286,30.103305,58470.318303,22078.884204673956,40950.6685425,55.09576533333333,16.904688852919485,0.11904581130255641,61,64,,False,True,,20,87.6246207195492
58,2026-09-18T06:49:14.481+00:00,2026-09-18T06:50:14.210+00:00,2026-09-18T06:50:17.305+00:00,True,43,43.0,,43.0,59728.819967,62823.606271000004,62823.606418,1461.0141027441862,0.01654,59728.819967,9098.384632017925,89.0484718,73.68538819047619,140.68838532505518,0.6844560914652431,61,64,,False,True,,124,87.6246207195492
59,2026-09-18T06:49:14.909+00:00,2026-09-18T06:50:15.920+00:00,2026-09-18T06:50:18.961+00:00,True,49,49.0,,49.0,61010.489648999996,64051.707697,64051.707549,1307.1777050816327,0.01654,61010.489648999996,8707.69533977322,99.6389884,63.35870933333334,130.82549674216673,0.7650069258386849,61,64,,False,True,,225,87.6246207195492
60,2026-09-18T06:49:15.236+00:00,2026-09-18T06:50:17.329+00:00,2026-09-18T06:50:22.305+00:00,True,80,80.0,,80.0,62092.143507,67068.448659,67068.448597,838.3556074625,0.0,62092.143507,6935.853975683768,98.907595,62.991204455696206,104.94324443570636,1.1928112487996947,61,64,,False,True,,421,87.6246207195492
61,2026-09-18T06:49:15.626+00:00,2026-09-18T06:50:18.778+00:00,2026-09-18T06:50:20.864+00:00,True,35,35.0,,35.0,63151.545689000006,65237.823065000004,65237.82310000001,1863.937802857143,0.0,63151.545689000006,10665.314454630103,328.15092229999993,61.36109929411764,157.36539461333788,0.5364985886351172,61,64,,False,True,,178,87.6246207195492
62,2026-09-18T06:49:15.929+00:00,2026-09-18T06:50:20.205+00:00,2026-09-18T06:50:21.268+00:00,True,27,27.0,,27.0,64275.932869000004,65338.418117,65338.418179,2419.9414140370372,0.0,64275.932869000004,12362.08410029333,86.8892858,40.86481723076923,31.86565541116626,0.4132331448804243,61,64,,False,True,,136,87.6246207195492
63,2026-09-18T06:49:16.206+00:00,2026-09-18T06:50:20.984+00:00,2026-09-18T06:50:21.045+00:00,True,2,2.0,,2.0,64777.740127,64838.963807,64838.963884,32419.481942,61.223757,64777.740127,45761.48757999721,61541.9143085,61.22368,nan,0.030845650247484067,61,64,,False,True,,2,87.6246207195492
64,2026-09-18T06:49:16.493+00:00,2026-09-18T06:50:21.961+00:00,2026-09-18T06:50:26.896+00:00,True,80,80.0,,80.0,65467.760507,70403.464571,70403.464492,880.04330615,35.421385,65467.760507,7312.541767279172,89.56123145000001,62.477266632911395,11.41484251241247,1.1363077156426322,61,64,,False,True,,337,87.6246207195492
65,2026-09-18T06:49:16.837+00:00,2026-09-18T06:50:23.360+00:00,2026-09-18T06:50:26.666+00:00,True,54,54.0,,54.0,66523.328345,69829.803353,69829.80330500001,1293.1445056481482,40.052656000000006,66523.328345,9044.195548943017,89.87618640000001,62.38632090566038,11.27396833247868,0.7733087794479672,61,64,,False,True,,238,87.6246207195492
66,2026-09-18T06:49:17.115+00:00,2026-09-18T06:50:24.539+00:00,2026-09-18T06:50:25.871+00:00,True,23,23.0,,23.0,67424.196106,68755.477002,68755.47688,2989.3685600000003,39.579707,67424.196106,14046.303887870392,85.1264202,60.512768,12.04144861876474,0.3345188049430733,61,64,,False,True,,87,87.6246207195492
67,2026-09-18T06:49:17.576+00:00,2026-09-18T06:50:26.180+00:00,2026-09-18T06:50:29.191+00:00,True,49,49.0,,49.0,68604.580875,71615.246859,71615.247061,1461.5356543061225,35.161605,68604.580875,9791.702025087012,92.9751428,62.722208,12.593993195075697,0.6842118424373215,61,64,,False,True,,256,87.6246207195492
68,2026-09-18T06:49:18.006+00:00,2026-09-18T06:50:27.571+00:00,2026-09-18T06:50:28.232+00:00,True,12,12.0,,12.0,69564.63598,70226.0043,70226.00444,5852.167036666668,43.21684,69564.63598,20064.22723996694,31352.77058335,60.12439272727273,11.519525080886947,0.1708768727427085,61,64,,False,True,,52,87.6246207195492
69,2026-09-18T06:49:18.289+00:00,2026-09-18T06:50:28.855+00:00,2026-09-18T06:50:32.875+00:00,True,66,66.0,,66.0,70565.563507,74586.381171,74586.3811,1130.0966833333332,0.0,70565.563507,8679.309249755946,91.87089524999999,61.85873329230769,126.1778645150729,0.8848800406160678,61,64,,False,True,,305,87.6246207195492
70,2026-09-18T06:49:18.642+00:00,2026-09-18T06:50:30.165+00:00,2026-09-18T06:50:30.476+00:00,True,6,6.0,,6.0,71523.275815,71834.516519,71834.516501,11972.419416833334,59.168451,71523.275815,29173.84254075074,53659.380939999995,62.248140799999994,3.378353762646417,0.08352530636735085,61,64,,False,True,,21,87.6246207195492
71,2026-09-18T06:49:19.087+00:00,2026-09-18T06:50:32.240+00:00,2026-09-18T06:50:36.571+00:00,True,81,81.0,,81.0,73152.80055500001,77484.318507,77484.31845400001,956.5965241234569,0.0,73152.80055500001,8122.858909636751,90.094344,54.1439744,113.70762300214021,1.045372812986442,61,64,,False,True,,283,87.6246207195492
72,2026-09-18T06:49:19.477+00:00,2026-09-18T06:50:33.290+00:00,2026-09-18T06:50:34.826+00:00,True,16,16.0,,16.0,73812.230964,75348.664116,75348.664049,4709.2915030625,0.01751,73812.230964,18429.22700938402,19243.0998555,102.4288768,264.8625579098096,0.2123461668194654,61,64,,False,True,,57,87.6246207195492
73,2026-09-18T06:49:19.742+00:00,2026-09-18T06:50:34.751+00:00,2026-09-18T06:50:39.492+00:00,True,84,84.0,,84.0,75009.20201899999,79750.27593899998,79750.27598199999,949.4080474047618,0.01644,75009.20201899999,8177.977635509277,92.95015985,57.12137253012048,24.13398216306094,1.0532878916212223,61,64,,False,True,,302,87.6246207195492
74,2026-09-18T06:49:20.217+00:00,2026-09-18T06:50:35.841+00:00,2026-09-18T06:50:39.241+00:00,True,56,56.0,,56.0,75623.098732,79023.70673199999,79023.706809,1411.1376215892858,33.708436999999996,75623.098732,10097.306787846415,90.77211475,61.82923636363637,12.358128555492756,0.7086481046746858,61,64,,False,True,,272,87.6246207195492
75,2026-09-18T06:49:20.639+00:00,2026-09-18T06:50:37.856+00:00,2026-09-18T06:50:38.756+00:00,True,15,15.0,,15.0,77216.83956800001,78117.55534400001,78117.55524700001,5207.837016466668,46.209404,77216.83956800001,19920.693746536665,23232.069459500002,64.33684114285714,11.716491548205315,0.1920182977302055,61,64,,False,True,,48,87.6246207195492
76,2026-09-18T06:49:20.984+00:00,2026-09-18T06:50:39.054+00:00,2026-09-18T06:50:43.565+00:00,True,72,72.0,,72.0,78069.56868000001,82580.81168800002,82580.81151400002,1146.9557154722224,33.120689,78069.56868000001,9193.10773758015,96.32036469999998,63.53863391549296,12.907778739749974,0.871873241837637,61,64,,False,True,,291,87.6246207195492
77,2026-09-18T06:49:21.601+00:00,2026-09-18T06:50:40.452+00:00,2026-09-18T06:50:45.773+00:00,True,84,84.0,,84.0,78851.626279,84172.51229500001,84172.512342,1002.0537183571429,0.0,78851.626279,8597.390857939758,95.81322155,64.10706043373494,129.77746833578422,0.997950491314844,61,64,,False,True,,424,87.6246207195492
78,2026-09-18T06:49:21.647+00:00,2026-09-18T06:50:41.477+00:00,2026-09-18T06:50:44.100+00:00,True,42,42.0,,42.0,79829.61662,82453.479148,82453.479204,1963.1780762857143,35.906134,79829.61662,12308.109412489093,94.5473983,63.99664702439024,13.326937819243813,0.5093781418806117,61,64,,False,True,,155,87.6246207195492
79,2026-09-18T06:49:22.028+00:00,2026-09-18T06:50:43.143+00:00,2026-09-18T06:50:43.501+00:00,True,7,7.0,,7.0,81115.312413,81473.66274900001,81473.66259,11639.094655714287,45.375936,81115.312413,30636.133207876792,56801.205408300004,59.725056,7.849589601154139,0.08591733529355676,61,64,,False,True,,28,87.6246207195492
80,2026-09-18T06:49:22.399+00:00,2026-09-18T06:50:44.342+00:00,2026-09-18T06:50:44.381+00:00,True,2,2.0,,2.0,81943.395574,81982.10149399999,81982.10159199999,40991.050795999996,38.70601799999999,81943.395574,57915.361396026594,77848.1610962,38.70592,nan,0.024395568832135558,61,64,,False,True,,6,87.6246207195492
81,2026-09-18T06:49:22.704+00:00,2026-09-18T06:50:45.755+00:00,2026-09-18T06:50:48.114+00:00,True,46,46.0,,46.0,83051.08646600001,85409.761666,85409.761681,1856.7339495869567,0.0,83051.08646600001,12237.505135973368,78.53782,52.41500444444445,21.610631882212694,0.53858012366181,61,64,,False,True,,166,87.6246207195492
82,2026-09-18T06:49:23.030+00:00,2026-09-18T06:50:46.738+00:00,2026-09-18T06:50:52.022+00:00,True,88,88.0,,88.0,83707.95459299999,88991.73724899998,88991.737084,1011.2697395909089,33.826226999999996,83707.95459299999,8916.829786729035,83.64758969999998,60.73313397701149,10.42009328284539,0.9888558502209582,61,64,,False,True,,421,87.6246207195492
83,2026-09-18T06:49:23.485+00:00,2026-09-18T06:50:48.446+00:00,2026-09-18T06:50:54.638+00:00,True,100,100.0,,100.0,84960.928097,91152.56227299999,91152.56214899999,911.5256214899999,36.839832,84960.928097,8489.844717465921,87.21483774999999,62.541759353535355,10.215234581903816,1.097061865364817,61,64,,False,True,,318,87.6246207195492
84,2026-09-18T06:49:23.784+00:00,2026-09-18T06:50:49.527+00:00,2026-09-18T06:50:53.076+00:00,True,59,59.0,,59.0,85743.78816,89292.431744,89292.43186299999,1513.4310485254236,35.513154,85743.78816,11154.92859375804,76.86188120000001,61.18351006896552,9.045988154150484,0.660750288100027,61,64,,False,True,,222,87.6246207195492
85,2026-09-18T06:49:24.196+00:00,2026-09-18T06:50:50.849+00:00,2026-09-18T06:50:52.015+00:00,True,20,20.0,,20.0,86653.57742,87819.546828,87819.54666200001,4390.9773331,38.250108999999995,86653.57742,19362.609798126356,4421.8869936500005,61.36681094736842,10.834605568023381,0.22773973132850747,61,64,,False,True,,89,87.6246207195492
86,2026-09-18T06:49:24.574+00:00,2026-09-18T06:50:52.446+00:00,2026-09-18T06:50:55.745+00:00,True,53,53.0,,53.0,87871.916298,91170.980618,91170.980663,1720.2071823207546,38.557418,87871.916298,12061.427557781923,94.3401276,63.44354461538462,12.36981556022755,0.5813253256764482,61,64,,False,True,,262,87.6246207195492
87,2026-09-18T06:49:24.842+00:00,2026-09-18T06:50:53.445+00:00,2026-09-18T06:50:56.057+00:00,True,42,42.0,,42.0,88603.35036699999,91214.755167,91214.75520399999,2171.7798858095234,36.805872,88603.35036699999,13661.971928247518,96.08530495,63.6928,13.136221153950295,0.4604518196985186,61,64,,False,True,,198,87.6246207195492
88,2026-09-18T06:49:25.158+00:00,2026-09-18T06:50:54.518+00:00,2026-09-18T06:50:56.127+00:00,True,27,27.0,,27.0,89360.807078,90969.092774,90969.092771,3369.2256581851852,32.952459000000005,89360.807078,17185.596058862204,93.34620790000001,61.857142153846155,13.542881729663405,0.29680410320324646,61,64,,False,True,,130,87.6246207195492
89,2026-09-18T06:49:25.625+00:00,2026-09-18T06:50:56.309+00:00,2026-09-18T06:50:58.937+00:00,True,43,43.0,,43.0,90684.363382,93311.868534,93311.86858,2170.043455348837,36.497252,90684.363382,13819.696990507653,67.83802410000001,62.55964647619048,6.473452846881154,0.4608202651555746,61,64,,False,True,,209,87.6246207195492
90,2026-09-18T06:49:26.082+00:00,2026-09-18T06:50:57.942+00:00,2026-09-18T06:51:03.482+00:00,True,90,90.0,,90.0,91859.91987,97400.052222,97400.052186,1082.2228020666666,35.145945,91859.91987,9676.327859046982,70.4742624,62.248678112359556,8.506257792739138,0.9240241452321467,61,64,,False,True,,422,87.6246207195492
91,2026-09-18T06:49:26.432+00:00,2026-09-18T06:50:58.991+00:00,2026-09-18T06:51:03.356+00:00,True,71,71.0,,71.0,92558.23404000001,96923.908024,96923.90795000001,1365.1254640845073,33.082218,92558.23404000001,10977.244007696569,82.245093,62.3667712,9.595872832277301,0.7325334011750662,61,64,,True,True,,220,87.6246207195492
92,2026-09-18T06:49:26.903+00:00,2026-09-18T06:51:01.100+00:00,2026-09-18T06:51:02.579+00:00,True,25,25.0,,25.0,94197.36717,95676.137858,95676.137613,3827.04550452,41.317903,94197.36717,18827.151047405707,68.5935118,61.615445333333334,5.246038312121821,0.2612981727701461,61,64,,True,True,,93,87.6246207195492
93,2026-09-18T06:49:27.352+00:00,2026-09-18T06:51:02.834+00:00,2026-09-18T06:51:08.543+00:00,True,93,93.0,,93.0,95482.121075,101191.691123,101191.69128900001,1088.082702032258,35.074895,95482.121075,9894.604851510625,87.1941306,62.060544,10.493459184626264,0.9190477890813893,61,64,,True,True,,530,87.6246207195492
94,2026-09-18T06:49:27.630+00:00,2026-09-18T06:51:03.604+00:00,2026-09-18T06:51:05.790+00:00,True,37,37.0,,37.0,95974.22738699999,98159.546043,98159.546043,2652.9607038648646,38.347288999999996,95974.22738699999,15768.087486659235,68.6675968,60.703296,6.385948857680122,0.37693735853048566,61,64,,True,True,,161,87.6246207195492
95,2026-09-18T06:49:27.904+00:00,2026-09-18T06:51:04.846+00:00,2026-09-18T06:51:09.798+00:00,True,81,81.0,,81.0,96941.811168,101893.503456,101893.503364,1257.9444859753087,35.970093,96941.811168,10764.44217358618,95.45406299999999,61.8961536,12.504239326596636,0.7949476389824763,61,64,,True,True,,373,87.6246207195492
96,2026-09-18T06:49:28.271+00:00,2026-09-18T06:51:06.296+00:00,2026-09-18T06:51:09.668+00:00,True,55,55.0,,55.0,98024.948187,101397.383131,101397.382926,1843.5887804727272,33.162749000000005,98024.948187,13209.26833511747,97.76778110000001,62.45249896296296,14.775534465321929,0.5424203100877164,61,64,,True,True,,277,87.6246207195492
97,2026-09-18T06:49:28.693+00:00,2026-09-18T06:51:07.877+00:00,2026-09-18T06:51:10.667+00:00,True,46,46.0,,46.0,99183.563725,101973.336781,101973.336603,2216.811665282609,36.088533000000005,99183.563725,14614.683325473914,88.62482875000002,61.9949568,12.621068187669453,0.4510983111084276,61,64,,True,True,,210,87.6246207195492
98,2026-09-18T06:49:29.036+00:00,2026-09-18T06:51:09.191+00:00,2026-09-18T06:51:12.864+00:00,True,60,60.0,,60.0,100155.25798000001,103827.84012400001,103827.84005400001,1730.4640009000002,37.92503,100155.25798000001,12921.95672457787,89.70624950000001,62.24715498305085,10.986341138641228,0.5778796893814118,61,64,,True,True,,256,87.6246207195492
99,2026-09-18T06:49:29.509+00:00,2026-09-18T06:51:11.279+00:00,2026-09-18T06:51:16.084+00:00,True,77,77.0,,77.0,101769.53909600001,106574.485528,106574.48539300001,1384.084225883117,34.585566,101769.53909600001,11590.513582082145,78.1929328,63.22297936842106,8.626020848835138,0.7224993826479229,61,64,,True,True,,272,87.6246207195492
100,2026-09-18T06:49:29.894+00:00,2026-09-18T06:51:12.470+00:00,2026-09-18T06:51:13.334+00:00,True,15,15.0,,15.0,102575.425058,103439.753506,103439.75357799999,6895.983571866666,39.109536999999996,102575.425058,26468.9230093091,30838.8079009,61.73774628571428,12.55030484310038,0.14501194648660806,61,64,,True,True,,65,87.6246207195492
101,2026-09-18T06:49:30.214+00:00,2026-09-18T06:51:13.831+00:00,2026-09-18T06:51:18.164+00:00,True,68,68.0,,68.0,103616.75477300001,107950.277461,107950.27731300001,1587.504078132353,38.529697999999996,103616.75477300001,12557.537380415744,92.51922225,64.67944310447761,9.742923292437808,0.6299196407769018,61,64,,True,True,,422,87.6246207195492
102,2026-09-18T06:49:30.541+00:00,2026-09-18T06:51:14.828+00:00,2026-09-18T06:51:16.800+00:00,True,32,32.0,,32.0,104286.98716500001,106258.80873300001,106258.80870500002,3320.5877720312506,57.562073,104286.98716500001,18424.265635143893,79.51556939999999,63.60714735483871,5.991605186125811,0.3011515034053078,61,64,,True,True,,176,87.6246207195492
103,2026-09-18T06:49:30.990+00:00,2026-09-18T06:51:16.669+00:00,2026-09-18T06:51:16.923+00:00,True,5,5.0,,5.0,105679.62035099999,105933.16684699999,105933.166751,21186.633350199998,61.023047,105679.62035099999,47233.01573458045,84557.4057414,63.386624,3.4706384304140165,0.04719957071822024,61,64,,True,True,,8,87.6246207195492
104,2026-09-18T06:49:31.389+00:00,2026-09-18T06:51:18.294+00:00,2026-09-18T06:51:19.296+00:00,True,16,16.0,,16.0,106904.970606,107907.284078,107907.28401,6744.205250625,43.562898999999994,106904.970606,26709.54119380982,26798.099306250002,66.82089813333333,14.680980199045555,0.14827543976025304,61,64,,True,True,,73,87.6246207195492
105,2026-09-18T06:49:31.702+00:00,2026-09-18T06:51:19.204+00:00,2026-09-18T06:51:21.556+00:00,True,39,39.0,,39.0,107501.918323,109853.327219,109853.327252,2816.751980820513,39.652226,107501.918323,17204.17831651218,95.89876679999999,61.87918147368421,10.640947702954563,0.3550188327227529,61,64,,True,True,,154,87.6246207195492
106,2026-09-18T06:49:31.975+00:00,2026-09-18T06:51:20.395+00:00,2026-09-18T06:51:20.680+00:00,True,5,5.0,,5.0,108420.132977,108704.447089,108704.447091,21740.8894182,60.968308,108420.132977,48455.17238898686,86755.33940399998,71.078528,16.783716860961,0.045996278293070486,61,64,,True,True,,18,87.6246207195492
107,2026-09-18T06:49:32.442+00:00,2026-09-18T06:51:22.160+00:00,2026-09-18T06:51:28.167+00:00,True,96,96.0,,96.0,109717.758009,115724.525881,115724.525884,1205.4638112916666,37.991620000000005,109717.758009,11191.574245963753,93.64314424999999,63.229135494736845,11.412269147873086,0.8295562178298937,61,64,,True,True,,526,87.6246207195492
108,2026-09-18T06:49:32.738+00:00,2026-09-18T06:51:23.602+00:00,2026-09-18T06:51:25.049+00:00,True,24,24.0,,24.0,110863.741141,112311.175893,112311.175782,4679.63232425,43.902368,110863.741141,22617.12231701148,91.45757900000001,62.931945739130434,9.348495800383393,0.21369200179032086,61,64,,True,True,,80,87.6246207195492
109,2026-09-18T06:49:33.033+00:00,2026-09-18T06:51:24.583+00:00,2026-09-18T06:51:26.932+00:00,True,39,39.0,,39.0,111549.983223,113898.120951,113898.12098800001,2920.464640717949,37.034081,111549.983223,17852.400579532412,88.6564016,61.793098105263155,9.620386594124195,0.3424112678450433,61,64,,True,True,,161,87.6246207195492
110,2026-09-18T06:49:33.317+00:00,2026-09-18T06:51:25.781+00:00,2026-09-18T06:51:31.419+00:00,True,92,92.0,,92.0,112463.764835,118102.195811,118102.19582,1283.7195197826086,37.72464,112463.764835,11718.703869983976,92.68054255000001,61.96077995604396,11.636804582440602,0.7789863631936905,61,64,,True,True,,412,87.6246207195492
111,2026-09-18T06:49:33.622+00:00,2026-09-18T06:51:26.930+00:00,2026-09-18T06:51:28.442+00:00,True,24,24.0,,24.0,113308.144284,114819.473308,114819.47338699999,4784.144724458333,35.910733,113308.144284,23115.519622440308,98.24283485,65.7099575652174,14.767836490131247,0.20902377713944634,61,64,,True,True,,78,87.6246207195492
112,2026-09-18T06:49:33.950+00:00,2026-09-18T06:51:28.445+00:00,2026-09-18T06:51:29.506+00:00,True,19,19.0,,19.0,114495.640709,115556.212357,115556.212237,6081.9059072105265,33.756998,114495.640709,26253.587203213912,11534.165750299999,58.92064711111111,13.100455853046052,0.16442214237086014,61,64,,True,True,,91,87.6246207195492
113,2026-09-18T06:49:34.387+00:00,2026-09-18T06:51:30.322+00:00,2026-09-18T06:51:36.401+00:00,True,97,97.0,,97.0,115934.808789,122014.243797,122014.243657,1257.8788005876288,34.782105,115934.808789,11764.97366791285,94.34505499999999,63.327448,13.125082070450773,0.7949891502944754,61,64,,True,True,,530,87.6246207195492
114,2026-09-18T06:49:35.152+00:00,2026-09-18T06:51:31.669+00:00,2026-09-18T06:51:33.296+00:00,True,26,26.0,,26.0,116516.848176,118144.75294399999,118144.752933,4544.028958961539,39.616796,116516.848176,22838.06839240539,95.852307,65.11619072,15.089033671655748,0.22006902001245765,61,64,,True,True,,95,87.6246207195492
115,2026-09-18T06:49:35.197+00:00,2026-09-18T06:51:33.476+00:00,2026-09-18T06:51:39.650+00:00,True,99,99.0,,99.0,118278.922704,124452.995024,124452.994958,1257.1009591717172,34.500566,118278.922704,11881.153591368357,94.3364919,63.000737959183674,12.39266650477427,0.7954810567709395,61,64,,True,True,,436,87.6246207195492
116,2026-09-18T06:49:35.579+00:00,2026-09-18T06:51:35.396+00:00,2026-09-18T06:51:38.660+00:00,True,53,53.0,,53.0,119816.827155,123080.70453100001,123080.704455,2322.27744254717,33.836957999999996,119816.827155,16449.48798288775,89.855946,62.766872615384614,9.564503941921247,0.43061176974861265,61,64,,True,True,,245,87.6246207195492
117,2026-09-18T06:49:35.986+00:00,2026-09-18T06:51:37.011+00:00,2026-09-18T06:51:40.748+00:00,True,61,61.0,,61.0,121024.772828,124761.891036,124761.891042,2045.2769023278688,37.530519999999996,121024.772828,15487.66300185269,91.64457,62.28530346666667,10.515516593050492,0.4889313515005834,61,64,,True,True,,313,87.6246207195492
118,2026-09-18T06:49:36.262+00:00,2026-09-18T06:51:38.078+00:00,2026-09-18T06:51:44.005+00:00,True,97,97.0,,97.0,121816.07572200001,127743.04225000001,127743.042153,1316.9385788969073,38.700438000000005,121816.07572200001,12362.283023351743,73.73914340000002,61.73923466666666,8.884333733819977,0.7593368553894762,61,64,,True,True,,411,87.6246207195492
119,2026-09-18T06:49:36.739+00:00,2026-09-18T06:51:39.964+00:00,2026-09-18T06:51:44.760+00:00,True,79,79.0,,79.0,123225.108331,128021.129835,128021.129773,1620.5206300379746,40.148056,123225.108331,13856.992327559115,70.21017,61.48745517948718,8.138478336523804,0.6170856334561265,61,64,,True,True,,239,87.6246207195492
120,2026-09-18T06:49:37.091+00:00,2026-09-18T06:51:41.455+00:00,2026-09-18T06:51:45.877+00:00,True,73,73.0,,73.0,124363.633173,128785.79048499999,128785.79055199999,1764.1889116712327,40.396805,124363.633173,14548.476195468253,73.78796539999999,61.418851555555555,8.471815065162625,0.5668327206370062,61,64,,True,True,,363,87.6246207195492
121,2026-09-18T06:49:37.529+00:00,2026-09-18T06:51:43.320+00:00,2026-09-18T06:51:44.756+00:00,True,24,24.0,,24.0,125790.620299,127227.161739,127227.161548,5301.131731166667,51.400235,125790.620299,25664.153912410133,72.37755609999999,62.458323478260866,4.117108238737795,0.18863896413279085,61,64,,True,True,,119,87.6246207195492
122,2026-09-18T06:49:37.787+00:00,2026-09-18T06:51:44.266+00:00,2026-09-18T06:51:49.504+00:00,True,88,88.0,,88.0,126478.59736399999,131717.05829199997,131717.05822399998,1496.7847525454545,37.234410000000004,126478.59736399999,13476.248123660907,69.6809952,60.21219457471264,9.020434662283279,0.6680987348268529,61,64,,True,True,,460,87.6246207195492
123,2026-09-18T06:49:38.224+00:00,2026-09-18T06:51:45.566+00:00,2026-09-18T06:51:49.777+00:00,True,71,71.0,,71.0,127341.596482,131552.250178,131552.250033,1852.8485920140845,36.017173,127341.596482,15105.531468030136,72.0366255,60.152195657142855,9.774126182716019,0.5397095063287152,61,64,,True,True,,275,87.6246207195492
124,2026-09-18T06:49:38.616+00:00,2026-09-18T06:51:47.028+00:00,2026-09-18T06:51:51.027+00:00,True,68,68.0,,68.0,128411.17838099999,132410.308493,132410.308596,1947.2104205294115,35.272634,128411.17838099999,15564.9067899105,69.55047435,59.688509134328356,8.672261516254917,0.5135551814199941,61,64,,True,True,,341,87.6246207195492
125,2026-09-18T06:49:38.879+00:00,2026-09-18T06:51:48.018+00:00,2026-09-18T06:51:52.193+00:00,True,68,68.0,,68.0,129139.452418,133314.436866,133314.437016,1960.5064267058824,37.781580000000005,129139.452418,15652.905877207706,87.86712835,62.31320071641791,10.63434646966202,0.5100722892326335,61,64,,True,True,,354,87.6246207195492
126,2026-09-18T06:49:39.348+00:00,2026-09-18T06:51:49.504+00:00,2026-09-18T06:51:53.002+00:00,True,57,57.0,,57.0,130156.391464,133653.631784,133653.631915,2344.8005599122807,36.756872,130156.391464,17231.36668374451,88.36476499999999,62.45072,10.739122154643422,0.4264755041757392,61,64,,True,True,,291,87.6246207195492
127,2026-09-18T06:49:39.671+00:00,2026-09-18T06:51:50.798+00:00,2026-09-18T06:51:53.005+00:00,True,35,35.0,,35.0,131127.206778,133333.578618,133333.578556,3809.530815885714,35.649063000000005,131127.206778,22153.577563148567,95.3683519,64.8932894117647,12.06164868638707,0.2624995170967009,61,64,,True,True,,175,87.6246207195492
128,2026-09-18T06:49:40.138+00:00,2026-09-18T06:51:52.621+00:00,2026-09-18T06:51:56.155+00:00,True,58,58.0,,58.0,132483.288811,136016.957675,136016.95750400002,2345.1199569655173,37.54924,132483.288811,17387.770281052977,77.74472875000001,61.99419059649122,9.311264557789912,0.42641741876469297,61,64,,True,True,,218,87.6246207195492
129,2026-09-18T06:49:40.451+00:00,2026-09-18T06:51:53.446+00:00,2026-09-18T06:51:54.402+00:00,True,16,16.0,,16.0,132994.706492,133951.035964,133951.035949,8371.9397468125,42.192251,132994.706492,33232.73914117641,33316.470137,63.75529813333333,9.77754689291301,0.11944663126233737,61,64,,True,True,,53,87.6246207195492
130,2026-09-18T06:49:40.879+00:00,2026-09-18T06:51:55.552+00:00,2026-09-18T06:51:58.851+00:00,True,57,57.0,,57.0,134673.337125,137972.63824499998,137972.638385,2420.5726032456137,38.269389000000004,134673.337125,17830.118039039437,67.1940086,58.91609142857143,9.33632371208427,0.4131253901138303,61,64,,True,True,,253,87.6246207195492
131,2026-09-18T06:49:41.167+00:00,2026-09-18T06:51:56.269+00:00,2026-09-18T06:51:58.249+00:00,True,35,35.0,,35.0,135102.20802000002,137081.924372,137081.92433900002,3916.626409685715,36.137733,135102.20802000002,22826.601965144077,77.04910869999999,58.226951529411764,11.739348595420685,0.25532177316843246,61,64,,True,True,,158,87.6246207195492
132,2026-09-18T06:49:41.549+00:00,2026-09-18T06:51:58.088+00:00,2026-09-18T06:52:00.036+00:00,True,33,33.0,,33.0,136538.769245,138486.47612500002,138486.476044,4196.559880121212,39.853745,136538.769245,23757.754157001902,67.698446,60.86584,5.611794504022905,0.23829041595522796,61,64,,True,True,,169,87.6246207195492
133,2026-09-18T06:49:41.972+00:00,2026-09-18T06:51:59.791+00:00,2026-09-18T06:52:05.069+00:00,True,85,85.0,,85.0,137818.769321,143096.594089,143096.594194,1683.4893434588234,36.158933,137818.769321,14941.733686805284,93.0807166,62.83124723809524,11.443728165081302,0.5940043544791404,61,64,,True,True,,397,87.6246207195492
134,2026-09-18T06:49:42.359+00:00,2026-09-18T06:52:00.968+00:00,2026-09-18T06:52:05.532+00:00,True,74,74.0,,74.0,138609.0236,143173.318256,143173.318243,1934.7745708513512,36.492252,138609.0236,16105.707028811812,90.5777283,62.52458432876712,10.936005573525723,0.5168560797598115,61,64,,True,True,,343,87.6246207195492
135,2026-09-18T06:49:42.748+00:00,2026-09-18T06:52:02.486+00:00,2026-09-18T06:52:04.235+00:00,True,29,29.0,,29.0,139737.819029,141487.280789,141487.28061800002,4878.871745448276,38.848358,139737.819029,25937.06147267621,90.317299,62.48077714285714,11.123071278156806,0.20496542048361013,61,64,,True,True,,105,87.6246207195492
136,2026-09-18T06:49:43.111+00:00,2026-09-18T06:52:03.889+00:00,2026-09-18T06:52:06.913+00:00,True,49,49.0,,49.0,140778.67833300002,143802.59820500002,143802.598097,2934.746899938776,39.602586,140778.67833300002,20102.242178837816,90.2229236,62.99833066666666,9.457061101060576,0.3407448864737986,61,64,,True,True,,249,87.6246207195492
137,2026-09-18T06:49:43.576+00:00,2026-09-18T06:52:05.595+00:00,2026-09-18T06:52:06.032+00:00,True,8,8.0,,8.0,142018.609983,142455.972415,142455.972468,17806.9965585,59.07992,142018.609983,50189.070990288,92335.09311890001,62.48034742857143,2.290776528421084,0.05615770167006094,61,64,,True,True,,32,87.6246207195492
138,2026-09-18T06:49:43.839+00:00,2026-09-18T06:52:06.662+00:00,2026-09-18T06:52:12.567+00:00,True,97,97.0,,97.0,142823.849446,148728.336102,148728.336113,1533.2818155979382,37.29686,142823.849446,14495.323033514926,76.2123664,61.50506933333334,9.598221610197074,0.6521958259082251,61,64,,True,True,,430,87.6246207195492
139,2026-09-18T06:49:44.203+00:00,2026-09-18T06:52:08.311+00:00,2026-09-18T06:52:12.848+00:00,True,75,75.0,,75.0,144108.53384599998,148645.11368599997,148645.11374099998,1981.9348498799998,39.110627,144108.53384599998,16633.143548822416,70.6217424,61.30513297297298,8.795744615154048,0.5045574532536,61,64,,True,True,,393,87.6246207195492
140,2026-09-18T06:49:44.518+00:00,2026-09-18T06:52:09.317+00:00,2026-09-18T06:52:13.328+00:00,True,66,66.0,,66.0,144799.175063,148810.606487,148810.606296,2254.706156,35.905093,144799.175063,17815.95280453552,85.54340524999999,61.7143296,10.3532156968319,0.44351677315262955,61,64,,True,True,,300,87.6246207195492
141,2026-09-18T06:49:44.796+00:00,2026-09-18T06:52:10.435+00:00,2026-09-18T06:52:14.018+00:00,True,58,58.0,,58.0,145638.846923,149221.874891,149221.874784,2572.7909445517244,39.529927,145638.846923,19115.066510927303,88.1814807,62.860139789473685,10.761509550304455,0.3886829598030881,61,64,,True,True,,225,87.6246207195492
142,2026-09-18T06:49:45.207+00:00,2026-09-18T06:52:12.107+00:00,2026-09-18T06:52:16.593+00:00,True,73,73.0,,73.0,146900.053305,151385.840185,151385.840365,2073.7786351369864,35.947903,146900.053305,17186.06234544751,89.88664499999999,62.302595555555556,11.125430673159844,0.48221154574820774,61,64,,True,True,,335,87.6246207195492
143,2026-09-18T06:49:45.552+00:00,2026-09-18T06:52:13.389+00:00,2026-09-18T06:52:14.765+00:00,True,23,23.0,,23.0,147836.867391,149212.716095,149212.715977,6487.509390304348,31.780591,147836.867391,30813.079718935107,88.0756357,62.538577454545454,11.733766669556,0.154142358653645,61,64,,True,True,,107,87.6246207195492
144,2026-09-18T06:49:45.999+00:00,2026-09-18T06:52:15.076+00:00,2026-09-18T06:52:18.514+00:00,True,55,55.0,,55.0,149076.98042100001,152514.343621,152514.343586,2772.9880652,36.749041,149076.98042100001,20092.95706860048,92.5698144,63.65487407407407,13.34675694701496,0.36062181886757927,61,64,,True,True,,200,87.6246207195492
145,2026-09-18T06:49:46.301+00:00,2026-09-18T06:52:16.654+00:00,2026-09-18T06:52:22.133+00:00,True,86,86.0,,86.0,150353.54669699998,155831.791817,155831.791966,1811.9975809999999,35.331415,150353.54669699998,16206.09517567357,91.65401675,64.4499425882353,12.921372185663,0.5518771169684907,61,64,,True,True,,368,87.6246207195492
146,2026-09-18T06:49:46.778+00:00,2026-09-18T06:52:18.233+00:00,2026-09-18T06:52:21.399+00:00,True,50,50.0,,50.0,151455.515465,154620.719689,154620.719525,3092.4143905,39.866536,151455.515465,21409.91323100189,94.02775235000001,64.59600457142858,13.351994830966845,0.32337192648287155,61,64,,True,True,,304,87.6246207195492
147,2026-09-18T06:49:47.171+00:00,2026-09-18T06:52:19.726+00:00,2026-09-18T06:52:20.249+00:00,True,9,9.0,,9.0,152555.791166,153078.38547,153078.38553200001,17008.709503555558,56.245905,152555.791166,50830.156289510815,91567.5261516,65.324288,8.797113872910039,0.058793408176909485,61,64,,True,True,,35,87.6246207195492
148,2026-09-18T06:49:47.594+00:00,2026-09-18T06:52:21.462+00:00,2026-09-18T06:52:23.636+00:00,True,35,35.0,,35.0,153867.436404,156041.914484,156041.91461100001,4458.340417457143,36.950802,153867.436404,25997.535861699198,94.03746200000002,63.95523764705882,11.716139055115947,0.22429870920091008,61,64,,True,True,,159,87.6246207195492
149,2026-09-18T06:49:47.976+00:00,2026-09-18T06:52:22.779+00:00,2026-09-18T06:52:28.812+00:00,True,96,96.0,,96.0,154803.081052,160835.381596,160835.38151799998,1675.3685574791666,38.628947999999994,154803.081052,15793.046274199403,93.855962,63.49790046315789,10.870780034275414,0.596883590211145,61,64,,True,True,,408,87.6246207195492
150,2026-09-18T06:49:48.765+00:00,2026-09-18T06:52:23.577+00:00,2026-09-18T06:52:26.301+00:00,True,44,44.0,,44.0,154811.866981,157536.136293,157536.136282,3580.366733681818,38.934197999999995,154811.866981,23329.218012591922,89.28088224999999,63.35510027906977,9.939784158236547,0.27930099744330916,61,64,,True,True,,255,87.6246207195492
151,2026-09-18T06:49:48.796+00:00,2026-09-18T06:52:25.915+00:00,2026-09-18T06:52:28.188+00:00,True,37,37.0,,37.0,157119.744269,159392.16462099997,159392.16458299998,4307.896340081081,41.596832,157119.744269,25819.950773015633,79.40913400000001,63.122787555555554,8.153737896951979,0.23213186224039295,61,64,,True,True,,167,87.6246207195492
152,2026-09-18T06:49:49.056+00:00,2026-09-18T06:52:26.598+00:00,2026-09-18T06:52:28.520+00:00,True,32,32.0,,32.0,157541.891256,159463.22322400002,159463.223355,4983.22572984375,39.474337,157541.891256,27838.780583287145,85.81706995,61.97845058064516,10.7876055619164,0.20067322955744593,61,64,,True,True,,147,87.6246207195492
153,2026-09-18T06:49:49.384+00:00,2026-09-18T06:52:27.986+00:00,2026-09-18T06:52:33.266+00:00,True,85,85.0,,85.0,158601.525225,163882.16343299998,163882.163371,1928.0254514235294,36.291393,158601.525225,17195.93577397665,92.9515748,62.86474057142858,11.30748874152226,0.5186653521006914,61,64,,True,True,,415,87.6246207195492
154,2026-09-18T06:49:49.720+00:00,2026-09-18T06:52:29.420+00:00,2026-09-18T06:52:33.325+00:00,True,63,63.0,,63.0,159699.85865,163604.712154,163604.712151,2596.900192873016,38.722658,159699.85865,20112.35886433621,88.80344629999999,62.981508129032264,10.731926724640653,0.38507448331132743,61,64,,True,True,,244,87.6246207195492
155,2026-09-18T06:49:49.998+00:00,2026-09-18T06:52:30.522+00:00,2026-09-18T06:52:33.993+00:00,True,55,55.0,,55.0,160523.920018,163994.640018,163994.639979,2981.720726890909,35.818642999999994,160523.920018,21636.37929586491,102.04666239999999,64.27259259259259,14.624141903158588,0.33537681471762254,61,64,,True,True,,232,87.6246207195492
156,2026-09-18T06:49:50.430+00:00,2026-09-18T06:52:32.065+00:00,2026-09-18T06:52:37.065+00:00,True,78,78.0,,78.0,161634.44946099998,166634.987829,166634.987821,2136.345997705128,36.499661,161634.44946099998,18294.149893887738,98.89004255,64.94205672727273,14.444847105713027,0.4680889710871718,61,64,,True,True,,431,87.6246207195492
157,2026-09-18T06:49:50.730+00:00,2026-09-18T06:52:33.266+00:00,2026-09-18T06:52:35.557+00:00,True,36,36.0,,36.0,162536.621204,164826.984596,164826.984684,4578.5273523333335,36.986691,162536.621204,27078.5352727412,102.64865875,65.43895405714285,16.52485013301872,0.21841083902758993,61,64,,True,True,,167,87.6246207195492
158,2026-09-18T06:49:51.089+00:00,2026-09-18T06:52:34.936+00:00,2026-09-18T06:52:36.426+00:00,True,23,23.0,,23.0,163846.92156400002,165337.14134000003,165337.14126700003,7188.5713594347835,36.650912,163846.92156400002,34150.324914469056,104.540454,67.73726254545454,17.468029060536374,0.13910969920970567,61,64,,True,True,,110,87.6246207195492
159,2026-09-18T06:49:51.450+00:00,2026-09-18T06:52:36.423+00:00,2026-09-18T06:52:38.880+00:00,True,39,39.0,,39.0,164973.229388,167430.202444,167430.202468,4293.082114564103,38.061778,164973.229388,26406.509491097564,102.77249989999999,64.65718568421052,15.232522443628017,0.23293288445401147,61,64,,True,True,,159,87.6246207195492
160,2026-09-18T06:49:51.892+00:00,2026-09-18T06:52:37.962+00:00,2026-09-18T06:52:44.153+00:00,True,99,99.0,,99.0,166070.707383,172261.146807,172261.146796,1740.0115837979797,33.219428,166070.707383,16684.388994605124,91.76020980000001,63.167749224489796,10.861911015582924,0.5747088176007489,61,64,,True,True,,488,87.6246207195492
161,2026-09-18T06:49:52.196+00:00,2026-09-18T06:52:39.125+00:00,2026-09-18T06:52:42.048+00:00,True,48,48.0,,48.0,166928.483479,169851.965591,169851.965591,3538.5826164791665,37.18283,166928.483479,24085.07557668358,85.41166645000001,62.201747063829785,10.885415113214234,0.2825990257633109,61,64,,True,True,,225,87.6246207195492
162,2026-09-18T06:49:52.625+00:00,2026-09-18T06:52:40.783+00:00,2026-09-18T06:52:44.467+00:00,True,58,58.0,,58.0,168158.08985,171842.24729,171842.247323,2962.797367637931,39.449506,168158.08985,22071.755010812158,95.21508155,64.63434105263158,11.573197953395262,0.3375188634615534,61,64,,True,True,,255,87.6246207195492
163,2026-09-18T06:49:53.048+00:00,2026-09-18T06:52:42.536+00:00,2026-09-18T06:52:45.663+00:00,True,51,51.0,,51.0,169488.180534,172615.56767000002,172615.567614,3384.6189728235295,41.150723,169488.180534,23724.33647650408,92.906602,62.54774272,11.098742849051908,0.2954542321321788,61,64,,True,True,,169,87.6246207195492
164,2026-09-18T06:49:53.456+00:00,2026-09-18T06:52:43.986+00:00,2026-09-18T06:52:46.529+00:00,True,42,42.0,,42.0,170530.10653299998,173073.168293,173073.16825299998,4120.789720309524,39.160657,170530.10653299998,26303.798473132254,95.1532107,62.02589658536586,11.77014310637955,0.24267193126607078,61,64,,True,True,,146,87.6246207195492
165,2026-09-18T06:49:53.853+00:00,2026-09-18T06:52:45.473+00:00,2026-09-18T06:52:48.522+00:00,True,49,49.0,,49.0,171620.909383,174669.026631,174669.026752,3564.6740153469386,35.006934,171620.909383,24508.20501020122,95.7783274,63.50244266666667,14.184243656587052,0.28053056082756894,61,64,,True,True,,217,87.6246207195492
166,2026-09-18T06:49:54.120+00:00,2026-09-18T06:52:46.589+00:00,2026-09-18T06:52:49.306+00:00,True,43,43.0,,43.0,172468.33542699998,175185.77670699998,175185.77667,4074.0878295348834,35.017945,172468.33542699998,26291.31139641777,94.91867690000001,64.70098285714286,13.970513465748402,0.24545371666740928,61,64,,True,True,,206,87.6246207195492
167,2026-09-18T06:49:54.514+00:00,2026-09-18T06:52:48.163+00:00,2026-09-18T06:52:52.427+00:00,True,68,68.0,,68.0,173649.383369,177912.78663299998,177912.786727,2616.3645106911763,37.063461000000004,173649.383369,21050.36719877147,89.54443869999999,63.63288453731343,11.234895786773373,0.3822097404402472,61,64,,True,True,,373,87.6246207195492
168,2026-09-18T06:49:54.897+00:00,2026-09-18T06:52:49.487+00:00,2026-09-18T06:52:52.368+00:00,True,46,46.0,,46.0,174590.388734,177471.38764600002,177471.387643,3858.0736444130434,34.820285000000005,174590.388734,25732.511988803653,91.7553155,64.02219804444444,12.78632449715886,0.2591967111439712,61,64,,True,True,,194,87.6246207195492
169,2026-09-18T06:49:55.187+00:00,2026-09-18T06:52:50.813+00:00,2026-09-18T06:52:52.619+00:00,True,28,28.0,,28.0,175625.77807300002,177431.35170500004,177431.35174100002,6336.833990750001,38.839618,175625.77807300002,33177.517290432486,102.54544349999998,66.87309748148148,13.865737915498848,0.15780751107928892,61,64,,True,True,,105,87.6246207195492
170,2026-09-18T06:49:55.648+00:00,2026-09-18T06:52:52.496+00:00,2026-09-18T06:52:52.673+00:00,True,4,4.0,,4.0,176848.01144,177025.192112,177025.192129,44256.29803225,52.571392,176848.01144,88394.47574210733,150330.481844,59.060224,6.026129654724664,0.022595654055097916,61,64,,True,True,,17,87.6246207195492
171,2026-09-18T06:49:56.016+00:00,2026-09-18T06:52:53.725+00:00,2026-09-18T06:52:53.780+00:00,True,2,2.0,,2.0,177708.454614,177763.162326,177763.16215199998,88881.58107599999,54.707538,177708.454614,125620.16926063938,168825.76726019997,54.707712,nan,0.011250924960100555,61,64,,True,True,,10,87.6246207195492
172,2026-09-18T06:49:56.309+00:00,2026-09-18T06:52:55.098+00:00,2026-09-18T06:52:58.458+00:00,True,53,53.0,,53.0,178789.118398,182149.289662,182149.28952199998,3436.7790475849056,34.940254,178789.118398,24549.701659703547,98.797241,64.61867815384615,13.399258237070592,0.29097011631693925,61,64,,True,True,,222,87.6246207195492
173,2026-09-18T06:49:56.752+00:00,2026-09-18T06:52:56.682+00:00,2026-09-18T06:52:59.611+00:00,True,47,47.0,,47.0,179930.46021599998,182859.41560799998,182859.415575,3890.625863297872,39.597305999999996,179930.46021599998,26236.270868233354,96.57304380000001,63.672943304347825,13.64641889488822,0.2570280553709906,61,64,,True,True,,148,87.6246207195492
174,2026-09-18T06:49:57.104+00:00,2026-09-18T06:52:57.852+00:00,2026-09-18T06:53:00.175+00:00,True,38,38.0,,38.0,180748.212431,183070.897871,183070.897932,4817.655208736842,33.963705999999995,180748.212431,29311.051109715325,97.99983125,62.77528216216216,12.79707377139184,0.20756985649776247,61,64,,True,True,,144,87.6246207195492
175,2026-09-18T06:49:57.478+00:00,2026-09-18T06:52:59.321+00:00,2026-09-18T06:52:59.798+00:00,True,9,9.0,,9.0,181842.784847,182319.467343,182319.467486,20257.718609555555,43.551918,181842.784847,60594.40023053848,109132.7392378,59.585312,7.3635524512108,0.04936390025245183,61,64,,True,True,,36,87.6246207195492
176,2026-09-18T06:49:57.805+00:00,2026-09-18T06:53:00.467+00:00,2026-09-18T06:53:04.835+00:00,True,72,72.0,,72.0,182662.429278,187030.752606,187030.752618,2597.649341916667,39.267237,182662.429278,21519.723645313843,68.02798305,61.52568067605634,5.839993605882643,0.3849634297931506,61,64,,True,True,,226,87.6246207195492
177,2026-09-18T06:49:58.146+00:00,2026-09-18T06:53:01.987+00:00,2026-09-18T06:53:05.735+00:00,True,63,63.0,,63.0,183841.103639,187589.005335,187589.00538800002,2977.6032601269844,37.34011,183841.103639,23154.18713706147,68.141138,60.45002735483871,7.43128960449864,0.33584057811647017,61,64,,True,True,,277,87.6246207195492
178,2026-09-18T06:49:58.478+00:00,2026-09-18T06:53:03.556+00:00,2026-09-18T06:53:04.833+00:00,True,22,22.0,,22.0,185078.19453,186355.02064200002,186355.020605,8470.682754772728,45.744985,185078.19453,39445.84104009252,68.2535087,60.801243428571425,4.575874236238629,0.1180542382180484,61,64,,True,True,,80,87.6246207195492
179,2026-09-18T06:49:58.897+00:00,2026-09-18T06:53:04.895+00:00,2026-09-18T06:53:06.435+00:00,True,27,27.0,,27.0,185998.156992,187538.164416,187538.16442400002,6945.85794162963,39.738665999999995,185998.156992,35783.96401784593,74.14209029999999,59.23105476923077,8.78548333423604,0.1439706956932147,61,64,,True,True,,96,87.6246207195492
180,2026-09-18T06:49:59.268+00:00,2026-09-18T06:53:06.157+00:00,2026-09-18T06:53:08.051+00:00,True,33,33.0,,33.0,186889.55418900002,188782.848269,188782.848212,5720.692370060607,33.195878,186889.55418900002,32522.998128267373,78.0265798,59.16544,11.568695799638432,0.17480401584458413,61,64,,True,True,,95,87.6246207195492
181,2026-09-18T06:49:59.620+00:00,2026-09-18T06:53:07.697+00:00,2026-09-18T06:53:12.904+00:00,True,87,87.0,,87.0,188077.046521,193284.101881,193284.10176400002,2221.6563421149426,35.341184,188077.046521,20157.487476268227,69.6431883,60.547155348837215,10.882620067319833,0.45011461963676475,61,64,,True,True,,315,87.6246207195492
182,2026-09-18T06:50:00.034+00:00,2026-09-18T06:53:09.493+00:00,2026-09-18T06:53:13.805+00:00,True,72,72.0,,72.0,189459.537109,193771.122133,193771.121886,2691.26558175,35.771543,189459.537109,22320.865763709524,69.42502915,60.72654963380282,9.228228350754806,0.3715723953468199,61,64,,True,True,,196,87.6246207195492
183,2026-09-18T06:50:00.347+00:00,2026-09-18T06:53:10.608+00:00,2026-09-18T06:53:14.756+00:00,True,68,68.0,,68.0,190260.97945500002,194408.74444700003,194408.74448800003,2858.9521248235296,36.395832,190260.97945500002,23065.028466942473,94.58622804999999,61.906940179104474,11.853015925588057,0.3497785050432145,61,64,,True,True,,344,87.6246207195492
184,2026-09-18T06:50:00.801+00:00,2026-09-18T06:53:12.175+00:00,2026-09-18T06:53:14.974+00:00,True,45,45.0,,45.0,191373.796516,194172.55338,194172.553418,4314.945631511111,38.132659,191373.796516,28518.842440412474,96.8232832,63.608110545454544,14.02386260519685,0.23175263041390817,61,64,,True,True,,195,87.6246207195492
185,2026-09-18T06:50:01.222+00:00,2026-09-18T06:53:13.520+00:00,2026-09-18T06:53:15.576+00:00,True,33,33.0,,33.0,192298.376259,194354.17683500002,194354.17687000002,5889.520511212121,36.691631,192298.376259,33463.670072329696,95.0256882,64.243768,14.139384033150579,0.16979310935013173,61,64,,True,True,,126,87.6246207195492
186,2026-09-18T06:50:01.596+00:00,2026-09-18T06:53:15.168+00:00,2026-09-18T06:53:16.510+00:00,True,22,22.0,,22.0,193571.921102,194914.269134,194914.269224,8859.739510181818,40.984033000000004,193571.921102,41256.046062759175,96.49915715000002,63.92133485714286,12.805725504792933,0.11287013566397955,61,64,,True,True,,67,87.6246207195492
187,2026-09-18T06:50:02.587+00:00,2026-09-18T06:53:16.445+00:00,2026-09-18T06:53:22.083+00:00,True,91,91.0,,91.0,193858.460874,199496.50733800002,199496.50731100002,2192.26931110989,35.785544,193858.460874,20315.32593221501,94.93181249999999,62.64496071111111,13.457775010038553,0.4561483367015637,61,64,,True,True,,531,87.6246207195492
188,2026-09-18T06:50:02.658+00:00,2026-09-18T06:53:16.738+00:00,2026-09-18T06:53:20.880+00:00,True,67,67.0,,67.0,194080.090148,198222.14352399998,198222.14335099998,2958.539453,37.15793,194080.090148,23702.992910624234,93.326319,62.758384484848484,12.590569872450775,0.338004618499587,61,64,,True,True,,294,87.6246207195492
189,2026-09-18T06:50:02.829+00:00,2026-09-18T06:53:19.800+00:00,2026-09-18T06:53:21.564+00:00,True,30,30.0,,30.0,196970.89675400002,198735.546482,198735.546497,6624.518216566667,40.417435,196970.89675400002,35950.69366800878,95.5957316,60.84999062068965,12.792539083430523,0.1509543739459673,61,64,,True,True,,128,87.6246207195492
190,2026-09-18T06:50:03.245+00:00,2026-09-18T06:53:21.826+00:00,2026-09-18T06:53:24.651+00:00,True,46,46.0,,46.0,198581.215976,201406.301928,201406.301908,4378.397867565218,39.246885999999996,198581.215976,29269.950154596972,103.2203715,62.77968782222222,14.630749369854113,0.2283940450703691,61,64,,True,True,,104,87.6246207195492
191,2026-09-18T06:50:03.511+00:00,2026-09-18T06:53:22.839+00:00,2026-09-18T06:53:25.360+00:00,True,41,41.0,,41.0,199327.938055,201849.07418300002,201849.074345,4923.148154756098,36.647842,199327.938055,31119.953051878398,89.64646199999999,63.0284032,12.632363516246915,0.20312206120315746,61,64,,True,True,,163,87.6246207195492
192,2026-09-18T06:50:03.938+00:00,2026-09-18T06:53:24.649+00:00,2026-09-18T06:53:27.056+00:00,True,39,39.0,,39.0,200711.22366999998,203118.065782,203118.06593399998,5208.15553676923,38.214319,200711.22366999998,32129.377420682882,92.4956168,63.33795031578948,11.245274283767474,0.1920065546599751,61,64,,True,True,,119,87.6246207195492
193,2026-09-18T06:50:04.300+00:00,2026-09-18T06:53:26.327+00:00,2026-09-18T06:53:28.797+00:00,True,41,41.0,,41.0,202026.698644,204496.77838799998,204496.77842,4987.726302926829,35.511914,202026.698644,31541.627847901014,93.572415,61.7519936,12.356896929599241,0.2004921560290258,61,64,,True,True,,183,87.6246207195492
194,2026-09-18T06:50:04.561+00:00,2026-09-18T06:53:27.275+00:00,2026-09-18T06:53:27.374+00:00,True,3,3.0,,3.0,202713.500646,202812.984806,202812.98472,67604.32824,41.000794,202713.500646,117007.97591440083,182447.9989094,49.74208,12.361810454330708,0.01479195231444199,61,64,,True,True,,10,87.6246207195492
195,2026-09-18T06:50:04.906+00:00,2026-09-18T06:53:28.263+00:00,2026-09-18T06:53:32.637+00:00,True,72,72.0,,72.0,203357.378944,207731.753344,207731.753483,2885.1632428194443,33.345438,203357.378944,23958.638191332408,82.48655344999999,61.61090704225352,10.255421262754965,0.34660083901939304,61,64,,True,True,,260,87.6246207195492
196,2026-09-18T06:50:05.303+00:00,2026-09-18T06:53:29.696+00:00,2026-09-18T06:53:31.207+00:00,True,25,25.0,,25.0,204392.865801,205904.323081,205904.323027,8236.17292108,38.067269,204392.865801,40865.97975963858,94.434449,62.97738666666666,13.307149108818981,0.1214156149123947,61,64,,True,True,,157,87.6246207195492
197,2026-09-18T06:50:05.749+00:00,2026-09-18T06:53:31.643+00:00,2026-09-18T06:53:32.297+00:00,True,12,12.0,,12.0,205893.386837,206547.275093,206547.274955,17212.272912916666,39.525106,205893.386837,59419.1416834669,92689.27145384999,59.44438690909091,9.138746404984015,0.058098079457097065,61,64,,True,True,,53,87.6246207195492
198,2026-09-18T06:50:06.049+00:00,2026-09-18T06:53:32.760+00:00,2026-09-18T06:53:35.246+00:00,True,41,41.0,,41.0,206710.501135,209196.668175,209196.66805,5102.357757317073,35.931533,206710.501135,32273.0521382276,92.40799700000001,62.154176,12.618230755485584,0.19598782503410683,61,64,,True,True,,183,87.6246207195492
199,2026-09-18T06:50:06.503+00:00,2026-09-18T06:53:34.764+00:00,2026-09-18T06:53:39.203+00:00,True,71,71.0,,71.0,208261.268766,212700.805662,212700.805882,2995.785998338028,35.080785000000006,208261.268766,24708.54127291174,91.7629935,63.42195565714285,11.60482958389671,0.3338022147072877,61,64,,True,True,,344,87.6246207195492
200,2026-09-18T06:50:06.919+00:00,2026-09-18T06:53:36.144+00:00,2026-09-18T06:53:37.956+00:00,True,30,30.0,,30.0,209225.59479499998,211037.34058699998,211037.340381,7034.5780127,32.697289,209225.59479499998,38187.788540527974,91.25388235,62.4739928275862,12.74064768018856,0.14215493768332682,61,64,,True,True,,116,87.6246207195492
201,2026-09-18T06:50:07.338+00:00,2026-09-18T06:53:38.138+00:00,2026-09-18T06:53:42.134+00:00,True,64,64.0,,64.0,210799.682845,214796.397597,214796.397778,3356.19371528125,39.297127,210799.682845,26342.03274007268,91.04862274999999,63.4399166984127,11.274317352666785,0.2979565798867656,61,64,,True,True,,243,87.6246207195492
202,2026-09-18T06:50:07.722+00:00,2026-09-18T06:53:39.804+00:00,2026-09-18T06:53:43.848+00:00,True,67,67.0,,67.0,212081.99557,216126.675762,216126.675705,3225.7712791791046,35.606182999999994,212081.99557,25902.454823286513,88.08657339999999,61.28303321212121,10.709835227668995,0.31000338002598443,61,64,,True,True,,322,87.6246207195492
203,2026-09-18T06:50:08.148+00:00,2026-09-18T06:53:40.985+00:00,2026-09-18T06:53:46.867+00:00,True,94,94.0,,94.0,212837.069919,218719.451999,218719.452052,2326.8026814042555,36.130743,212837.069919,21945.946481499563,92.20086915,63.25142021505377,11.099796093222494,0.42977430283809315,61,64,,True,True,,378,87.6246207195492
204,2026-09-18T06:50:08.583+00:00,2026-09-18T06:53:42.831+00:00,2026-09-18T06:53:47.548+00:00,True,75,75.0,,75.0,214247.081546,218964.43681,218964.436734,2919.52582312,35.616103,214247.081546,24731.76314926811,95.2760087,63.74804410810811,10.257726883856513,0.3425213751266789,61,64,,True,True,,350,87.6246207195492
205,2026-09-18T06:50:08.875+00:00,2026-09-18T06:53:43.745+00:00,2026-09-18T06:53:44.278+00:00,True,10,10.0,,10.0,214870.25317500002,215402.79282300003,215402.79271,21540.279271000003,37.965519,214870.25317500002,67929.2291454963,118208.80345050001,59.171072,9.020941070425858,0.04642465340835744,61,64,,True,True,,43,87.6246207195492
206,2026-09-18T06:50:09.279+00:00,2026-09-18T06:53:45.262+00:00,2026-09-18T06:53:48.731+00:00,True,55,55.0,,55.0,215982.880777,219452.230153,219452.23019600002,3990.040549018182,35.718903,215982.880777,29114.464628331345,91.17300370000001,64.24721066666666,10.940998084414094,0.2506240194581505,61,64,,True,True,,235,87.6246207195492
207,2026-09-18T06:50:09.662+00:00,2026-09-18T06:53:46.730+00:00,2026-09-18T06:53:50.219+00:00,True,55,55.0,,55.0,217068.31269999998,220557.04357999997,220557.04351299998,4010.128063872727,0.017929999999999998,217068.31269999998,29260.78636069308,95.0999734,64.60612740740741,27.339279895412258,0.24936859466041275,61,64,,True,True,,241,87.6246207195492
208,2026-09-18T06:50:10.045+00:00,2026-09-18T06:53:48.732+00:00,2026-09-18T06:53:50.223+00:00,True,24,24.0,,24.0,218687.183818,220177.91840999998,220177.91830299998,9174.079929291665,0.01719,218687.183818,44626.12045728493,199.2374822,64.81454747826086,38.87989944710408,0.10900275637681736,61,64,,True,True,,109,87.6246207195492
209,2026-09-18T06:50:10.502+00:00,2026-09-18T06:53:50.347+00:00,2026-09-18T06:53:50.807+00:00,True,9,9.0,,9.0,219845.139914,220304.343242,220304.343396,24478.260377333332,41.216772,219845.139914,73262.58040874133,131934.38921360002,57.400416,9.876369513415922,0.04085257633851402,61,64,,True,True,,38,87.6246207195492
210,2026-09-18T06:50:10.800+00:00,2026-09-18T06:53:51.303+00:00,2026-09-18T06:53:52.374+00:00,True,18,18.0,,18.0,220502.96123800002,221574.01429400002,221574.014357,12309.667464277778,43.894108,220502.96123800002,51958.1977307428,33157.0999967,63.003120941176476,12.081184661583444,0.08123696299565314,61,64,,True,True,,106,87.6246207195492
211,2026-09-18T06:50:11.221+00:00,2026-09-18T06:53:53.032+00:00,2026-09-18T06:53:56.748+00:00,True,61,61.0,,61.0,221811.027215,225527.550479,225527.550458,3697.172958327869,35.222904,221811.027215,28392.062917562067,75.590318,61.942054399999996,10.544914859756764,0.27047693228805775,61,64,,True,True,,312,87.6246207195492
212,2026-09-18T06:50:11.649+00:00,2026-09-18T06:53:54.632+00:00,2026-09-18T06:53:54.937+00:00,True,6,6.0,,6.0,222982.35864,223288.060016,223288.060138,37214.67668966667,34.157436000000004,222982.35864,91007.20905948748,167261.1322695,61.140275200000005,25.076551850947038,0.02687111885682585,61,64,,True,True,,10,87.6246207195492
213,2026-09-18T06:50:12.072+00:00,2026-09-18T06:53:56.241+00:00,2026-09-18T06:53:57.966+00:00,True,28,28.0,,28.0,224168.35045899998,225893.31020299997,225893.310259,8067.618223535714,56.040465,224168.35045899998,42351.76318358777,85.1448478,63.887397925925924,6.9176128730686255,0.1239523205660127,61,64,,True,True,,118,87.6246207195492
214,2026-09-18T06:50:12.354+00:00,2026-09-18T06:53:57.371+00:00,2026-09-18T06:54:03.112+00:00,True,92,92.0,,92.0,225017.10472099998,230757.89089699998,230757.89110399998,2508.2379467826086,37.296781,225017.10472099998,23453.079818622387,87.80556605,63.085562373626374,9.911999417109946,0.39868625788864004,61,64,,True,True,,470,87.6246207195492
215,2026-09-18T06:50:12.679+00:00,2026-09-18T06:53:58.332+00:00,2026-09-18T06:54:01.587+00:00,True,53,53.0,,53.0,225653.307042,228908.09181,228908.091899,4319.020601867925,38.622408,225653.307042,30987.269595666832,83.6183092,62.592014769230765,10.540305056011325,0.23153397322446537,61,64,,True,True,,234,87.6246207195492
216,2026-09-18T06:50:13.150+00:00,2026-09-18T06:54:00.363+00:00,2026-09-18T06:54:04.807+00:00,True,72,72.0,,72.0,227213.73687700002,231657.01751700003,231657.01748900002,3217.458576236111,37.472578999999996,227213.73687700002,26770.02227592168,82.5220924,62.581417464788736,10.102077839819692,0.3108043122186718,61,64,,True,True,,372,87.6246207195492
217,2026-09-18T06:50:13.436+00:00,2026-09-18T06:54:01.585+00:00,2026-09-18T06:54:02.331+00:00,True,13,13.0,,13.0,228149.28019800002,228895.53735000003,228895.537321,17607.34902469231,45.066406,228149.28019800002,63259.977763830146,91302.2371434,62.188096,7.340981244727734,0.05679446681444879,61,64,,True,True,,85,87.6246207195492
218,2026-09-18T06:50:13.895+00:00,2026-09-18T06:54:03.111+00:00,2026-09-18T06:54:09.246+00:00,True,98,98.0,,98.0,229215.36996,235350.067944,235350.067794,2401.5313040204082,37.107491,229215.36996,23147.863588681696,93.54055955,63.24430911340206,12.437542106131323,0.4164009845253941,61,64,,True,True,,377,87.6246207195492
219,2026-09-18T06:50:14.213+00:00,2026-09-18T06:54:04.304+00:00,2026-09-18T06:54:10.024+00:00,True,91,91.0,,91.0,230091.179472,235811.638224,235811.638212,2591.3366836483515,34.998214999999995,230091.179472,24113.44975604449,92.6250015,63.5606528,12.63309946627992,0.38590122474599037,61,64,,True,True,,422,87.6246207195492
220,2026-09-18T06:50:14.479+00:00,2026-09-18T06:54:05.219+00:00,2026-09-18T06:54:06.324+00:00,True,19,19.0,,19.0,230740.466939,231845.675771,231845.67576,12202.403987368421,40.242295,230740.466939,52921.40766459953,23135.541400699996,61.40049066666666,6.2327815675504175,0.08195106480556831,61,64,,True,True,,66,87.6246207195492
221,2026-09-18T06:50:14.901+00:00,2026-09-18T06:54:06.841+00:00,2026-09-18T06:54:12.677+00:00,True,92,92.0,,92.0,231940.100821,237775.786965,237775.787115,2584.5194251630433,36.949981,231940.100821,24174.74520065011,95.64772645000001,64.12841916483517,13.88059845580691,0.38691912736069367,61,64,,True,True,,439,87.6246207195492
222,2026-09-18T06:50:15.226+00:00,2026-09-18T06:54:08.174+00:00,2026-09-18T06:54:12.716+00:00,True,73,73.0,,73.0,232947.466197,237489.877973,237489.877762,3253.285996739726,37.980548999999996,232947.466197,27257.058029293847,92.40584080000001,63.08905244444445,13.636809272899228,0.30738152136445707,61,64,,True,True,,366,87.6246207195492
223,2026-09-18T06:50:15.670+00:00,2026-09-18T06:54:09.897+00:00,2026-09-18T06:54:12.321+00:00,True,39,39.0,,39.0,234227.576057,236651.450617,236651.450559,6067.98591176923,39.098817000000004,234227.576057,37496.218029909476,98.4727124,63.78617263157894,14.333430122054667,0.16479932786517393,61,64,,True,True,,229,87.6246207195492
224,2026-09-18T06:50:16.128+00:00,2026-09-18T06:54:11.645+00:00,2026-09-18T06:54:12.719+00:00,True,18,18.0,,18.0,235517.049901,236591.864365,236591.864428,13143.99246822222,40.229745,235517.049901,55497.000819197885,35412.731787849996,63.22438023529412,15.071226805143665,0.07608038445578441,61,64,,True,True,,47,87.6246207195492
226,2026-09-18T06:50:17.267+00:00,2026-09-18T06:54:14.367+00:00,2026-09-18T06:54:16.097+00:00,True,29,29.0,,29.0,237099.256587,238829.437707,238829.43777800002,8235.497854413794,35.603114,237099.256587,44016.7530061881,84.8566086,61.792182857142855,9.03173325815681,0.12142556746115062,61,64,,True,True,,131,87.6246207195492
225,2026-09-18T06:50:17.232+00:00,2026-09-18T06:54:14.735+00:00,2026-09-18T06:54:15.230+00:00,True,9,9.0,,9.0,237503.007462,237998.062566,237998.06244500002,26444.22916055556,59.110349,237503.007462,79147.04189443313,142527.9086284,61.881888,2.383008418690003,0.037815433886165276,61,64,,True,True,,32,87.6246207195492
227,2026-09-18T06:50:17.309+00:00,2026-09-18T06:54:14.860+00:00,2026-09-18T06:54:17.762+00:00,True,46,46.0,,46.0,237551.343619,240453.336579,240453.336507,5227.246445804348,39.655806,237551.343619,35015.529197549404,103.38959075000001,64.48873244444445,14.038844766307474,0.19130530960582817,61,64,,True,True,,200,87.6246207195492
228,2026-09-18T06:50:17.678+00:00,2026-09-18T06:54:17.877+00:00,2026-09-18T06:54:21.244+00:00,True,54,54.0,,54.0,240199.057773,243565.49770900002,243565.497631,4510.472178351852,39.751915999999994,240199.057773,32678.308921989672,80.90261345,63.517734641509435,8.249785510207232,0.221706278220557,61,64,,True,True,,269,87.6246207195492
229,2026-09-18T06:50:18.005+00:00,2026-09-18T06:54:19.098+00:00,2026-09-18T06:54:21.550+00:00,True,40,40.0,,40.0,241093.195579,243545.97100299998,243545.97087699999,6088.649271925,37.099581,241093.195579,38110.23802057989,80.744816,62.891677538461536,7.646889654585065,0.16424003992046038,61,64,,True,True,,162,87.6246207195492
230,2026-09-18T06:50:18.267+00:00,2026-09-18T06:54:20.389+00:00,2026-09-18T06:54:21.490+00:00,True,19,19.0,,19.0,242121.552678,243222.820902,243222.820895,12801.201099736843,39.088247,242121.552678,55532.45816485522,24276.7222542,61.181568,7.55675903273099,0.07811766975458086,61,64,,True,True,,73,87.6246207195492
231,2026-09-18T06:50:18.571+00:00,2026-09-18T06:54:21.692+00:00,2026-09-18T06:54:25.043+00:00,True,55,55.0,,55.0,243120.31558899998,246471.66074099997,246471.66089399997,4481.302925345454,38.735868,243120.31558899998,32773.96981669385,77.35175319999999,62.06194725925926,10.278498185024887,0.2231493869706818,61,64,,True,True,,207,87.6246207195492
232,2026-09-18T06:50:18.843+00:00,2026-09-18T06:54:22.776+00:00,2026-09-18T06:54:23.024+00:00,True,5,5.0,,5.0,243932.497072,244181.12376,244181.123606,48836.2247212,52.124042,243932.497072,109062.1319838411,195159.8306476,62.156672,7.636952704287926,0.02047660328123637,61,64,,True,True,,17,87.6246207195492
233,2026-09-18T06:50:19.188+00:00,2026-09-18T06:54:24.189+00:00,2026-09-18T06:54:29.800+00:00,True,89,89.0,,89.0,245000.921852,250611.827964,250611.827826,2815.863234,37.008121,245000.921852,25963.290172013596,94.01092840000001,63.760296727272724,12.497159717551,0.3551308839772108,61,64,,True,True,,336,87.6246207195492
234,2026-09-18T06:50:19.534+00:00,2026-09-18T06:54:25.437+00:00,2026-09-18T06:54:26.547+00:00,True,19,19.0,,19.0,245902.47771399998,247013.08046599998,247013.08048499998,13000.688446578946,37.23514,245902.47771399998,56399.74351310349,24672.427563399997,61.70015288888889,11.534035723549819,0.07691900349631585,61,64,,True,True,,84,87.6246207195492
235,2026-09-18T06:50:19.895+00:00,2026-09-18T06:54:26.859+00:00,2026-09-18T06:54:30.238+00:00,True,53,53.0,,53.0,246963.684137,250342.730281,250342.73033,4723.447742075472,36.349042000000004,246963.684137,33914.147926693455,95.47888520000001,64.98165661538462,14.200692447959824,0.21170976261427507,61,64,,True,True,,224,87.6246207195492
236,2026-09-18T06:50:20.372+00:00,2026-09-18T06:54:28.600+00:00,2026-09-18T06:54:29.492+00:00,True,15,15.0,,15.0,248227.922196,249119.850516,249119.850477,16607.9900318,41.647773,248227.922196,64075.726047858756,74535.5976028,63.70916571428572,15.619359361182655,0.06021198218018603,61,64,,True,True,,56,87.6246207195492
237,2026-09-18T06:50:20.845+00:00,2026-09-18T06:54:30.531+00:00,2026-09-18T06:54:30.952+00:00,True,8,8.0,,8.0,249686.012094,250107.21862200001,250107.218596,31263.4023245,40.934104,249686.012094,88256.06263209652,162322.4043864,60.17236114285714,11.240360681779737,0.03198628189972723,61,64,,True,True,,30,87.6246207195492
238,2026-09-18T06:50:21.121+00:00,2026-09-18T06:54:31.463+00:00,2026-09-18T06:54:35.437+00:00,True,65,65.0,,65.0,250341.831369,254316.33863299998,254316.33874799998,3912.559057661538,34.64521499999999,250341.831369,31043.381172622005,87.35738880000001,62.101676,9.149703656583448,0.25558719643962985,61,64,,True,True,,252,87.6246207195492
239,2026-09-18T06:50:21.530+00:00,2026-09-18T06:54:32.820+00:00,2026-09-18T06:54:35.373+00:00,True,42,42.0,,42.0,251289.377804,253843.073036,253843.073083,6043.882692452381,39.709176,251289.377804,38765.182907373855,90.02179830000001,62.285249560975615,8.574472372653554,0.16545655352211863,61,64,,True,True,,212,87.6246207195492
240,2026-09-18T06:50:21.854+00:00,2026-09-18T06:54:33.966+00:00,2026-09-18T06:54:36.195+00:00,True,37,37.0,,37.0,252112.091774,254340.937342,254340.937132,6874.079381945946,43.201349,252112.091774,41436.794930491546,78.11634020000001,61.912376888888886,7.649836926870899,0.1454740254819769,61,64,,True,True,,173,87.6246207195492
241,2026-09-18T06:50:22.232+00:00,2026-09-18T06:54:35.625+00:00,2026-09-18T06:54:36.001+00:00,True,7,7.0,,7.0,253392.70300600003,253768.69353400002,253768.69336200002,36252.67048028572,57.217973,253392.70300600003,95749.75438792151,177395.3320978,62.665088,4.745628067391038,0.027584174795233903,61,64,,True,True,,21,87.6246207195492
242,2026-09-18T06:50:22.514+00:00,2026-09-18T06:54:36.758+00:00,2026-09-18T06:54:37.426+00:00,True,11,11.0,,11.0,254244.471674,254911.960186,254911.960284,23173.814571272727,57.791082,254244.471674,76637.46762833491,127169.32835849999,66.7488512,10.612161819915077,0.04315215336296382,61,64,,True,True,,46,87.6246207195492
243,2026-09-18T06:50:22.909+00:00,2026-09-18T06:54:38.339+00:00,2026-09-18T06:54:42.704+00:00,True,72,72.0,,72.0,255429.654654,259794.94643,259794.946391,3608.2631443194446,36.168012000000004,255429.654654,30095.429188877944,77.9362309,61.48298276056338,9.698885612416625,0.2771416495562969,61,64,,True,True,,345,87.6246207195492
244,2026-09-18T06:50:23.168+00:00,2026-09-18T06:54:39.424+00:00,2026-09-18T06:54:43.020+00:00,True,59,59.0,,59.0,256255.54657,259851.399114,259851.399278,4404.261004711864,38.302468999999995,256255.54657,33353.56038702256,69.7908783,61.99745765517242,9.130355922767002,0.22705284713174076,61,64,,True,True,,257,87.6246207195492
245,2026-09-18T06:50:23.444+00:00,2026-09-18T06:54:40.166+00:00,2026-09-18T06:54:41.578+00:00,True,24,24.0,,24.0,256721.91818900002,258133.95991700003,258133.959906,10755.58166275,40.212024,256721.91818900002,52390.610576508574,69.15975279999999,61.39311860869565,5.554445359145262,0.09297498092741041,61,64,,True,True,,106,87.6246207195492
246,2026-09-18T06:50:23.792+00:00,2026-09-18T06:54:41.577+00:00,2026-09-18T06:54:45.512+00:00,True,65,65.0,,65.0,257785.101499,261719.825339,261719.825283,4026.4588505076927,37.964189,257785.101499,31966.68194514885,69.31263299999999,61.48006,7.906429889491211,0.24835718851564612,61,64,,True,True,,345,87.6246207195492
247,2026-09-18T06:50:24.250+00:00,2026-09-18T06:54:43.084+00:00,2026-09-18T06:54:45.388+00:00,True,38,38.0,,38.0,258834.37974200002,261137.95503800001,261137.95491000003,6872.051445,35.479834000000004,258834.37974200002,41978.38209793897,80.163943,62.258791783783785,8.75263005139796,0.14551695480065452,61,64,,True,True,,141,87.6246207195492
248,2026-09-18T06:50:24.560+00:00,2026-09-18T06:54:44.383+00:00,2026-09-18T06:54:45.635+00:00,True,21,21.0,,21.0,259823.460933,261074.908229,261074.90836,12432.138493333334,40.065815,259823.460933,56684.47363588817,88.359044,62.572364799999995,8.233998794522607,0.08043668440775625,61,64,,True,True,,92,87.6246207195492
249,2026-09-18T06:50:25.009+00:00,2026-09-18T06:54:45.631+00:00,2026-09-18T06:54:47.931+00:00,True,39,39.0,,39.0,260622.086116,262921.811684,262921.81173099997,6741.584916179487,37.52808,260622.086116,41723.24391634405,86.6684627,60.51909389473684,10.295165881645136,0.14833307191292766,61,64,,True,True,,155,87.6246207195492
250,2026-09-18T06:50:25.405+00:00,2026-09-18T06:54:47.114+00:00,2026-09-18T06:54:52.112+00:00,True,84,84.0,,84.0,261708.90586000003,266706.32742800005,266706.327454,3175.0753268333337,34.51235500000001,261708.90586000003,28548.21541905889,86.0520571,60.209898409638555,11.304538037597275,0.3149531576924309,61,64,,True,True,,354,87.6246207195492
251,2026-09-18T06:50:25.829+00:00,2026-09-18T06:54:48.533+00:00,2026-09-18T06:54:51.374+00:00,True,48,48.0,,48.0,262703.951816,265544.968904,265544.969027,5532.186854729166,37.837769,262703.951816,37909.32583734501,83.1558713,60.44717208510638,10.077488357574524,0.18076034427657708,61,64,,True,True,,128,87.6246207195492
252,2026-09-18T06:50:26.189+00:00,2026-09-18T06:54:50.021+00:00,2026-09-18T06:54:50.902+00:00,True,16,16.0,,16.0,263832.301704,264712.926856,264712.926875,16544.5579296875,39.655676,263832.301704,65943.39937768797,66025.69916924999,58.70834346666667,12.110237714125244,0.06044283590541753,61,64,,True,True,,83,87.6246207195492
253,2026-09-18T06:50:26.595+00:00,2026-09-18T06:54:51.482+00:00,2026-09-18T06:54:53.767+00:00,True,39,39.0,,39.0,264887.167128,267172.372888,267172.37292,6850.573664615385,39.519526,264887.167128,42406.26433095211,70.34311620000001,60.13699368421052,8.94212231963105,0.1459731767114596,61,64,,True,True,,188,87.6246207195492
254,2026-09-18T06:50:26.998+00:00,2026-09-18T06:54:52.907+00:00,2026-09-18T06:54:56.509+00:00,True,60,60.0,,60.0,265909.383903,269511.090911,269511.090919,4491.851515316666,38.944898,265909.383903,34320.87409203673,71.4315481,61.04588149152543,9.278361564015563,0.2226253465012824,61,64,,True,True,,235,87.6246207195492
255,2026-09-18T06:50:27.461+00:00,2026-09-18T06:54:54.531+00:00,2026-09-18T06:54:59.773+00:00,True,83,83.0,,83.0,267069.647198,272312.343902,272312.343923,3280.87161353012,35.602453999999994,267069.647198,29307.687401969048,95.02555319999999,63.935325658536584,13.398443668903793,0.30479705330534007,61,64,,True,True,,370,87.6246207195492
256,2026-09-18T06:50:27.783+00:00,2026-09-18T06:54:55.824+00:00,2026-09-18T06:55:01.977+00:00,True,97,97.0,,97.0,268040.594601,274193.789865,274193.79005300003,2826.7401036391752,38.390138,268040.594601,27208.893439888314,90.6597106,64.095784,11.483637444357358,0.3537643943276695,61,64,,True,True,,504,87.6246207195492
257,2026-09-18T06:50:28.124+00:00,2026-09-18T06:54:57.202+00:00,2026-09-18T06:54:58.492+00:00,True,21,21.0,,21.0,269077.860149,270368.418357,270368.418328,12874.68658704762,41.398061999999996,269077.860149,58703.52346694007,108.229357,64.5279104,14.323831177331817,0.07767179364962357,61,64,,True,True,,109,87.6246207195492
258,2026-09-18T06:50:28.406+00:00,2026-09-18T06:54:58.305+00:00,2026-09-18T06:55:00.077+00:00,True,29,29.0,,29.0,269899.08547000005,271671.083678,271671.083816,9367.968407448278,40.758593999999995,269899.08547000005,50107.251458415776,96.553339,63.28565028571428,11.88661189500922,0.10674673066925462,61,64,,True,True,,100,87.6246207195492
259,2026-09-18T06:50:28.859+00:00,2026-09-18T06:55:00.262+00:00,2026-09-18T06:55:01.543+00:00,True,21,21.0,,21.0,271402.341656,272683.72584800003,272683.725973,12984.93933204762,38.118368000000004,271402.341656,59210.86622287087,97.095148,64.06920960000001,10.418107539870046,0.0770122966990185,61,64,,True,True,,89,87.6246207195492
260,2026-09-18T06:50:29.203+00:00,2026-09-18T06:55:01.545+00:00,2026-09-18T06:55:02.104+00:00,True,10,10.0,,10.0,272341.442004,272901.023956,272901.024024,27290.1024024,43.651498,272341.442004,86102.26458498184,149823.7280817,62.17577244444445,9.785317367435038,0.036643321652073776,61,64,,True,True,,52,87.6246207195492
261,2026-09-18T06:50:29.638+00:00,2026-09-18T06:55:03.026+00:00,2026-09-18T06:55:05.983+00:00,True,47,47.0,,47.0,273387.803057,276344.52548899996,276344.52543,5879.670753829787,36.876671,273387.803057,39868.33640670765,97.2824403,64.27657460869565,14.388577917368819,0.17007755053888648,61,64,,True,True,,212,87.6246207195492
262,2026-09-18T06:50:29.987+00:00,2026-09-18T06:55:04.017+00:00,2026-09-18T06:55:04.569+00:00,True,10,10.0,,10.0,274029.601162,274581.48954599997,274581.489516,27458.148951599997,40.119595000000004,274029.601162,86636.37849106865,150758.92074099998,61.32093155555555,15.754272774457657,0.03641906093718938,61,64,,True,True,,54,87.6246207195492
263,2026-09-18T06:50:30.298+00:00,2026-09-18T06:55:05.613+00:00,2026-09-18T06:55:07.506+00:00,True,32,32.0,,32.0,275314.49988200003,277207.222314,277207.222231,8662.72569471875,36.319761,275314.49988200003,48658.39533865793,79.05493575,61.05556232258064,10.432667837745859,0.11543710778124223,61,64,,True,True,,153,87.6246207195492
264,2026-09-18T06:50:30.586+00:00,2026-09-18T06:55:06.811+00:00,2026-09-18T06:55:10.343+00:00,True,59,59.0,,59.0,276224.482226,279757.228466,279757.228379,4741.6479386271185,37.212081,276224.482226,35953.436697191995,89.245607,60.90941793103448,11.79236078031968,0.21089714222404982,61,64,,True,True,,303,87.6246207195492
265,2026-09-18T06:50:30.928+00:00,2026-09-18T06:55:08.072+00:00,2026-09-18T06:55:08.316+00:00,True,5,5.0,,5.0,277143.346661,277387.970533,277387.970562,55477.594112399995,58.72576,277143.346661,123914.92277003235,221727.71923020002,61.155968,2.8426703973158762,0.01802529500609748,61,64,,True,True,,5,87.6246207195492
266,2026-09-18T06:50:31.261+00:00,2026-09-18T06:55:09.371+00:00,2026-09-18T06:55:13.000+00:00,True,60,60.0,,60.0,278109.80229799997,281739.00729,281739.00734999997,4695.650122499999,36.057052000000006,278109.80229799997,35895.88147763061,88.86469285,61.51194901694915,10.624427466669234,0.21296305604655136,61,64,,True,True,,312,87.6246207195492
267,2026-09-18T06:50:31.604+00:00,2026-09-18T06:55:10.692+00:00,2026-09-18T06:55:15.246+00:00,True,73,73.0,,73.0,279087.348043,283641.752139,283641.752039,3885.503452589041,35.064474000000004,279087.348043,32657.302132409568,92.48408880000001,63.255612444444445,12.231579608004001,0.25736690543438046,61,64,,True,True,,338,87.6246207195492
268,2026-09-18T06:50:31.884+00:00,2026-09-18T06:55:11.760+00:00,2026-09-18T06:55:12.878+00:00,True,19,19.0,,19.0,279875.269486,280993.245806,280993.245889,14789.118204684211,37.44718,279875.269486,64193.542081310035,28068.8429476,62.10979555555555,9.792043053234925,0.06761728363078788,61,64,,True,True,,80,87.6246207195492
269,2026-09-18T06:50:32.320+00:00,2026-09-18T06:55:12.784+00:00,2026-09-18T06:55:18.595+00:00,True,95,95.0,,95.0,280463.41920999996,286274.87034599995,286274.87050799996,3013.4196895578943,36.407221,280463.41920999996,28768.59888975944,83.3296131,61.823948255319145,11.380554755661663,0.33184889712876403,61,64,,True,True,,334,87.6246207195492
270,2026-09-18T06:50:32.703+00:00,2026-09-18T06:55:14.017+00:00,2026-09-18T06:55:17.559+00:00,True,58,58.0,,58.0,281314.69871100003,284855.77903100004,284855.779098,4911.306536172415,38.204268,281314.69871100003,36930.27367437449,78.91893585,62.12421614035088,10.204097111096221,0.2036118073408931,61,64,,True,True,,237,87.6246207195492
271,2026-09-18T06:50:33.141+00:00,2026-09-18T06:55:15.912+00:00,2026-09-18T06:55:21.750+00:00,True,96,96.0,,96.0,282771.030795,288609.501707,288609.501682,3006.348975854167,38.380678,282771.030795,28853.926426246417,72.26815725,61.457588547368424,9.152761552422035,0.3326293813343,61,64,,True,True,,504,87.6246207195492
272,2026-09-18T06:50:33.576+00:00,2026-09-18T06:55:17.746+00:00,2026-09-18T06:55:23.306+00:00,True,91,91.0,,91.0,284170.569027,289729.763139,289729.762996,3183.8435494065934,37.555299,284170.569027,29782.696209191894,77.0679205,61.76882346666667,9.460143351607067,0.3140857846777104,61,64,,True,True,,346,87.6246207195492
274,2026-09-18T06:50:34.889+00:00,2026-09-18T06:55:19.581+00:00,2026-09-18T06:55:24.600+00:00,True,83,83.0,,83.0,284691.533349,289710.294565,289710.294662,3490.4854778554213,37.32479,284691.533349,31242.23866019075,69.5315121,61.204405073170726,8.832051841976629,0.28649309864747646,61,64,,True,True,,285,87.6246207195492
273,2026-09-18T06:50:34.859+00:00,2026-09-18T06:55:19.588+00:00,2026-09-18T06:55:22.466+00:00,True,48,48.0,,48.0,284729.11994,287607.513284,287607.513279,5991.8231933125,37.17517,284729.11994,41088.26998186161,74.34210200000001,61.242411574468086,9.396882320643096,0.1668941101430896,61,64,,True,True,,196,87.6246207195492
275,2026-09-18T06:50:35.036+00:00,2026-09-18T06:55:22.588+00:00,2026-09-18T06:55:26.619+00:00,True,66,66.0,,66.0,287551.78143800003,291582.47660600004,291582.47660600004,4417.916312212122,37.10897,287551.78143800003,35387.54607548133,88.093119,62.01069489230769,10.56694084406342,0.22635105088699242,61,64,,True,True,,359,87.6246207195492
276,2026-09-18T06:50:35.204+00:00,2026-09-18T06:55:23.560+00:00,2026-09-18T06:55:25.856+00:00,True,39,39.0,,39.0,288355.486584,290651.42028,290651.420276,7452.600519897436,38.210479,288355.486584,46164.15818429734,86.0026809,60.419307789473685,11.146309237502177,0.134181350163124,61,64,,True,True,,148,87.6246207195492
277,2026-09-18T06:50:35.539+00:00,2026-09-18T06:55:25.353+00:00,2026-09-18T06:55:31.011+00:00,True,92,92.0,,92.0,289813.360938,295471.51108200004,295471.511003,3211.646858728261,33.872427,289813.360938,30208.651499861822,91.82397805000001,62.17747410989011,12.054293229342374,0.31136673604538445,61,64,,True,True,,183,87.6246207195492
278,2026-09-18T06:50:35.993+00:00,2026-09-18T06:55:26.927+00:00,2026-09-18T06:55:27.360+00:00,True,8,8.0,,8.0,290934.707581,291367.45663699997,291367.456679,36420.932084875,55.630906,290934.707581,102839.09530195351,189131.81121379999,61.821293714285716,5.488874762854214,0.027456738279343244,61,64,,True,True,,33,87.6246207195492
279,2026-09-18T06:50:36.263+00:00,2026-09-18T06:55:27.945+00:00,2026-09-18T06:55:29.013+00:00,True,19,19.0,,19.0,291682.15314899996,292750.182589,292750.182666,15407.904350842104,37.237261,291682.15314899996,66902.86394700571,29251.972514399993,59.33496888888889,12.493972992277822,0.06490175285962033,61,64,,True,True,,76,87.6246207195492
280,2026-09-18T06:50:36.545+00:00,2026-09-18T06:55:29.080+00:00,2026-09-18T06:55:31.261+00:00,True,36,36.0,,36.0,292534.258743,294716.036151,294716.036309,8186.5565641388885,37.22146,292534.258743,48745.321774238386,91.20909075000002,62.33649737142857,11.856366138880752,0.12215148001500374,61,64,,True,True,,157,87.6246207195492
281,2026-09-18T06:50:36.897+00:00,2026-09-18T06:55:30.486+00:00,2026-09-18T06:55:35.152+00:00,True,75,75.0,,75.0,293589.13614200003,298255.65492600005,298255.65501800005,3976.742066906667,35.680553,293589.13614200003,33893.47305910434,91.4579608,63.061064648648646,9.692768064384294,0.2514621223815796,61,64,,True,True,,405,87.6246207195492
282,2026-09-18T06:50:37.174+00:00,2026-09-18T06:55:31.447+00:00,2026-09-18T06:55:33.924+00:00,True,41,41.0,,41.0,294272.570472,296749.776488,296749.776574,7237.799428634146,36.98381,294272.570472,45947.98348870561,86.045849,61.930150399999995,9.719814467206941,0.138163541301464,61,64,,True,True,,169,87.6246207195492
283,2026-09-18T06:50:37.442+00:00,2026-09-18T06:55:32.408+00:00,2026-09-18T06:55:37.504+00:00,False,82,81.0,,81.0,294965.682763,300061.88397900003,300061.884042,3659.291268804878,0.02931,294965.682763,32566.565409195005,92.45359815000002,62.91606439506173,13.683148650613186,0.2699443159054111,61,64,,True,False,Request timeout: 300.0s exceeded,386,87.6246207195492
284,2026-09-18T06:50:37.811+00:00,2026-09-18T06:55:33.632+00:00,2026-09-18T06:55:34.702+00:00,True,18,18.0,,18.0,295821.55107499997,296891.342563,296891.34246799996,16493.963470444443,43.656728,295821.55107499997,69710.97640311459,44451.91567885,62.92891105882352,9.632007234961518,0.0606282414455397,61,64,,True,True,,77,87.6246207195492
285,2026-09-18T06:50:38.157+00:00,2026-09-18T06:55:35.215+00:00,2026-09-18T06:55:38.212+00:00,False,48,47.0,,47.0,297058.566884,300054.893028,300054.893164,6251.1436075833335,0.02621,297058.566884,42867.51180441883,95.62026585,63.75162008510638,15.292580253544054,0.1566380055519179,61,64,,True,False,Request timeout: 300.0s exceeded,224,87.6246207195492
286,2026-09-18T06:50:38.510+00:00,2026-09-18T06:55:36.685+00:00,2026-09-18T06:55:37.411+00:00,True,13,13.0,,13.0,298174.823629,298901.052877,298901.05301699997,22992.388693615383,36.282453000000004,298174.823629,82682.03198955499,119310.25342000001,60.519104,8.323123936935305,0.04349265375572162,61,64,,True,True,,37,87.6246207195492
287,2026-09-18T06:50:38.928+00:00,2026-09-18T06:55:38.273+00:00,2026-09-18T06:55:38.273+00:00,True,1,1.0,,1.0,299344.974802,299344.974802,299344.974802,299344.974802,299344.974802,299344.974802,nan,299344.974802,nan,nan,0.0033406273168989867,61,64,,True,True,,1,87.6246207195492
288,2026-09-18T06:50:39.199+00:00,2026-09-18T06:55:39.077+00:00,2026-09-18T06:55:39.265+00:00,False,5,4.0,,4.0,299878.345552,300066.762064,300066.76201899996,60013.352403799996,0.09099,299878.345552,134088.610286558,239915.84777300002,47.104128,31.42107854478973,0.013330366790663928,61,64,,True,False,Request timeout: 300.0s exceeded,13,87.6246207195492
289,2026-09-18T06:50:39.517+00:00,2026-09-18T06:55:39.585+00:00,2026-09-18T06:55:39.585+00:00,False,1,0.0,,0.0,300068.440416,300068.440416,300068.440416,300068.440416,300068.440416,300068.440416,nan,300068.440416,nan,nan,0.0,61,64,,True,False,"HTTPConnectionPool(host='gpu03', port=9002): Read timed out.",0,87.6246207195492
290,2026-09-18T06:50:39.933+00:00,2026-09-18T06:55:39.986+00:00,2026-09-18T06:55:39.986+00:00,False,1,0.0,,0.0,300053.52047399996,300053.52047399996,300053.52047399996,300053.52047399996,300053.52047399996,300053.52047399996,nan,300053.52047399996,nan,nan,0.0,61,64,,True,False,TTFT timeout: 300.0s exceeded (TTFT: 300.043s),0,87.6246207195492
291,2026-09-18T06:50:40.289+00:00,2026-09-18T06:55:40.159+00:00,2026-09-18T06:55:40.318+00:00,False,4,3.0,,3.0,299870.165508,300028.980996,300028.98102,75007.245255,0.043299,299870.165508,149908.61842257282,254903.15353995003,52.938496,47.04162393774841,0.009999034060113,61,64,,True,False,Request timeout: 300.0s exceeded,8,87.6246207195492
292,2026-09-18T06:50:40.699+00:00,2026-09-18T06:55:40.811+00:00,2026-09-18T06:55:40.811+00:00,False,1,0.0,,0.0,300112.294804,300112.294804,300112.294804,300112.294804,300112.294804,300112.294804,nan,300112.294804,nan,nan,0.0,61,64,,True,False,"HTTPConnectionPool(host='gpu03', port=9002): Read timed out.",0,87.6246207195492
293,2026-09-18T06:50:41.090+00:00,2026-09-18T06:55:41.179+00:00,2026-09-18T06:55:41.179+00:00,False,1,0.0,,0.0,300089.76550599997,300089.76550599997,300089.76550599997,300089.76550599997,300089.76550599997,300089.76550599997,nan,300089.76550599997,nan,nan,0.0,61,64,,True,False,"HTTPConnectionPool(host='gpu03', port=9002): Read timed out.",0,87.6246207195492
294,2026-09-18T06:50:41.457+00:00,2026-09-18T06:55:41.500+00:00,2026-09-18T06:55:41.500+00:00,False,1,0.0,,0.0,300043.634783,300043.634783,300043.634783,300043.634783,300043.634783,300043.634783,nan,300043.634783,nan,nan,0.0,61,64,,True,False,TTFT timeout: 300.0s exceeded (TTFT: 300.035s),0,87.6246207195492
295,2026-09-18T06:50:41.911+00:00,2026-09-18T06:55:41.836+00:00,2026-09-18T06:55:41.954+00:00,False,4,3.0,,3.0,299925.522903,300043.371479,300043.371501,75010.84287525,0.0253,299925.522903,149943.1225883942,254945.58863025,39.28285866666666,34.00038077560081,0.009998554493012585,61,64,,True,False,Request timeout: 300.0s exceeded,7,87.6246207195492
296,2026-09-18T06:50:42.377+00:00,2026-09-18T06:55:42.478+00:00,2026-09-18T06:55:42.478+00:00,False,1,0.0,,0.0,300100.209402,300100.209402,300100.209402,300100.209402,300100.209402,300100.209402,nan,300100.209402,nan,nan,0.0,61,64,,True,False,"HTTPConnectionPool(host='gpu03', port=9002): Read timed out.",0,87.6246207195492
297,2026-09-18T06:50:42.692+00:00,2026-09-18T06:55:42.746+00:00,2026-09-18T06:55:42.746+00:00,False,1,0.0,,0.0,300053.900631,300053.900631,300053.900631,300053.900631,300053.900631,300053.900631,nan,300053.900631,nan,nan,0.0,61,64,,True,False,TTFT timeout: 300.0s exceeded (TTFT: 300.042s),0,87.6246207195492
298,2026-09-18T06:50:42.983+00:00,2026-09-18T06:55:42.890+00:00,2026-09-18T06:55:43.053+00:00,False,4,3.0,,3.0,299907.343619,300070.156803,300070.156894,75017.5392235,0.037770000000000005,299907.343619,149926.54131159687,254934.65506894997,54.271061333333336,47.64936166351282,0.00999766198665847,61,64,,True,False,Request timeout: 300.0s exceeded,8,87.6246207195492
299,2026-09-18T06:50:43.403+00:00,2026-09-18T06:55:43.270+00:00,2026-09-18T06:55:43.413+00:00,False,5,4.0,,4.0,299866.83141399996,300009.64843799995,300009.64853599994,60001.92970719999,0.08004,299866.83141399996,134088.5583583665,239906.23611519995,35.704256,26.40689849200833,0.013332904527657686,61,64,,True,False,Request timeout: 300.0s exceeded,12,87.6246207195492
300,2026-09-18T06:50:43.822+00:00,2026-09-18T06:55:43.909+00:00,2026-09-18T06:55:43.909+00:00,False,1,0.0,,0.0,300087.883439,300087.883439,300087.883439,300087.883439,300087.883439,300087.883439,nan,300087.883439,nan,nan,0.0,61,64,,True,False,"HTTPConnectionPool(host='gpu03', port=9002): Read timed out.",0,87.6246207195492
301,2026-09-18T06:50:44.255+00:00,2026-09-18T06:55:44.254+00:00,2026-09-18T06:55:44.355+00:00,False,3,2.0,,2.0,299999.107224,300100.122264,300100.122145,100033.37404833332,0.02157,299999.107224,173175.41217559314,270009.2958367,50.50752,71.39800853738508,0.006664442469772096,61,64,,True,False,Request timeout: 300.0s exceeded,12,87.6246207195492
302,2026-09-18T06:50:44.578+00:00,2026-09-18T06:55:44.356+00:00,2026-09-18T06:55:44.629+00:00,False,6,5.0,,5.0,299778.6212,300051.32212799997,300051.322098,50008.553683,0.037939999999999995,299778.6212,122361.84678050535,224852.133006,54.5401856,30.760161518052094,0.016663815925020427,61,64,,True,False,Request timeout: 300.0s exceeded,37,87.6246207195492
303,2026-09-18T06:50:45.026+00:00,2026-09-18T06:55:45.317+00:00,2026-09-18T06:55:45.858+00:00,False,10,9.0,,9.0,300291.041527,300831.614711,300831.61456300004,30083.161456300004,0.0235,300291.041527,94941.37494071783,165201.37012195002,60.063687111111115,27.437650243255874,0.029917068419308367,61,64,,True,False,Request timeout: 300.0s exceeded,36,87.6246207195492
305,2026-09-18T06:50:45.800+00:00,2026-09-18T06:55:45.968+00:00,2026-09-18T06:55:45.968+00:00,False,1,0.0,,0.0,300168.073179,300168.073179,300168.073179,300168.073179,300168.073179,300168.073179,nan,300168.073179,nan,nan,0.0,61,64,,True,False,TTFT timeout: 300.0s exceeded (TTFT: 300.061s),0,87.6246207195492
304,2026-09-18T06:50:45.459+00:00,2026-09-18T06:55:46.712+00:00,2026-09-18T06:55:46.712+00:00,False,1,0.0,,0.0,301253.111911,301253.111911,301253.111911,301253.111911,301253.111911,301253.111911,nan,301253.111911,nan,nan,0.0,61,64,,True,False,"HTTPConnectionPool(host='gpu03', port=9002): Read timed out.",0,87.6246207195492
306,2026-09-18T06:50:46.225+00:00,2026-09-18T06:55:46.713+00:00,2026-09-18T06:55:46.713+00:00,False,1,0.0,,0.0,300488.055497,300488.055497,300488.055497,300488.055497,300488.055497,300488.055497,nan,300488.055497,nan,nan,0.0,61,64,,True,False,"HTTPConnectionPool(host='gpu03', port=9002): Read timed out.",0,87.6246207195492
307,2026-09-18T06:50:46.686+00:00,2026-09-18T06:55:46.805+00:00,2026-09-18T06:55:46.805+00:00,False,1,0.0,,0.0,300118.985938,300118.985938,300118.985938,300118.985938,300118.985938,300118.985938,nan,300118.985938,nan,nan,0.0,61,64,,True,False,"HTTPConnectionPool(host='gpu03', port=9002): Read timed out.",0,87.6246207195492
308,2026-09-18T06:50:46.982+00:00,2026-09-18T06:55:47.091+00:00,2026-09-18T06:55:47.091+00:00,False,1,0.0,,0.0,300109.04622899997,300109.04622899997,300109.04622899997,300109.04622899997,300109.04622899997,300109.04622899997,nan,300109.04622899997,nan,nan,0.0,61,64,,True,False,"HTTPConnectionPool(host='gpu03', port=9002): Read timed out.",0,87.6246207195492
309,2026-09-18T06:50:47.353+00:00,2026-09-18T06:55:47.293+00:00,2026-09-18T06:55:47.410+00:00,False,4,3.0,,3.0,299940.332376,300057.0822,300057.082337,75014.27058425,0.0245,299940.332376,149950.7103970823,254958.41454000003,38.916608,33.77565293716147,0.009998097621973076,61,64,,True,False,Request timeout: 300.0s exceeded,6,87.6246207195492
310,2026-09-18T06:50:47.735+00:00,2026-09-18T06:55:47.352+00:00,2026-09-18T06:55:47.795+00:00,False,10,9.0,,9.0,299617.08917299996,300060.00117299997,300060.00126199995,30006.000126199997,0.05432,299617.08917299996,94731.68247039862,164818.08429964999,49.21244444444445,20.879122828842064,0.029994001082506955,61,64,,True,False,Request timeout: 300.0s exceeded,38,87.6246207195492
311,2026-09-18T06:50:48.008+00:00,2026-09-18T06:55:48.112+00:00,2026-09-18T06:55:48.112+00:00,False,1,0.0,,0.0,300104.131012,300104.131012,300104.131012,300104.131012,300104.131012,300104.131012,nan,300104.131012,nan,nan,0.0,61,64,,True,False,"HTTPConnectionPool(host='gpu03', port=9002): Read timed out.",0,87.6246207195492
312,2026-09-18T06:50:48.345+00:00,2026-09-18T06:55:48.372+00:00,2026-09-18T06:55:48.372+00:00,False,1,0.0,,0.0,300026.942189,300026.942189,300026.942189,300026.942189,300026.942189,300026.942189,nan,300026.942189,nan,nan,0.0,61,64,,True,False,"HTTPConnectionPool(host='gpu03', port=9002): Read timed out.",0,87.6246207195492
313,2026-09-18T06:50:48.774+00:00,2026-09-18T06:55:48.655+00:00,2026-09-18T06:55:48.815+00:00,False,4,3.0,,3.0,299881.065501,300040.388125,300040.388163,75010.09704075,0.0415,299881.065501,149913.9839192305,254912.44132349998,53.10754133333334,47.16253532372921,0.009998653910386785,61,64,,True,False,Request timeout: 300.0s exceeded,14,87.6246207195492
314,2026-09-18T06:50:49.065+00:00,2026-09-18T06:55:48.887+00:00,2026-09-18T06:55:49.106+00:00,False,5,4.0,,4.0,299821.30358600005,300040.16694600007,300040.16696600005,60008.033393200014,0.05219,299821.30358600005,134059.69774237592,239875.07536900006,54.71584,38.87755761438766,0.013331548374721117,61,64,,True,False,Request timeout: 300.0s exceeded,12,87.6246207195492
315,2026-09-18T06:50:49.531+00:00,2026-09-18T06:55:49.631+00:00,2026-09-18T06:55:49.631+00:00,False,1,0.0,,0.0,300099.249043,300099.249043,300099.249043,300099.249043,300099.249043,300099.249043,nan,300099.249043,nan,nan,0.0,61,64,,True,False,"HTTPConnectionPool(host='gpu03', port=9002): Read timed out.",0,87.6246207195492
316,2026-09-18T06:50:49.938+00:00,2026-09-18T06:55:50.022+00:00,2026-09-18T06:55:50.022+00:00,False,1,0.0,,0.0,300083.905941,300083.905941,300083.905941,300083.905941,300083.905941,300083.905941,nan,300083.905941,nan,nan,0.0,61,64,,True,False,TTFT timeout: 300.0s exceeded (TTFT: 300.075s),0,87.6246207195492
317,2026-09-18T06:50:50.201+00:00,2026-09-18T06:55:50.165+00:00,2026-09-18T06:55:50.237+00:00,False,3,2.0,,2.0,299964.08111,300035.59906200005,300035.598865,100011.86628833335,0.020980000000000002,299964.08111,173163.70126635887,269974.8226765001,35.758976,50.54114166467267,0.006665875670262431,61,64,,True,False,Request timeout: 300.0s exceeded,6,87.6246207195492
318,2026-09-18T06:50:50.605+00:00,2026-09-18T06:55:50.455+00:00,2026-09-18T06:55:50.638+00:00,False,5,4.0,,4.0,299850.213353,300032.809705,300032.80978,60006.561956,0.05047,299850.213353,134076.6797319709,239893.04207220004,45.649088,30.536818653932286,0.013331875283682817,61,64,,True,False,Request timeout: 300.0s exceeded,9,87.6246207195492
319,2026-09-18T06:50:50.959+00:00,2026-09-18T06:55:51.041+00:00,2026-09-18T06:55:51.041+00:00,False,1,0.0,,0.0,300082.024469,300082.024469,300082.024469,300082.024469,300082.024469,300082.024469,nan,300082.024469,nan,nan,0.0,61,64,,True,False,"HTTPConnectionPool(host='gpu03', port=9002): Read timed out.",0,87.6246207195492
320,2026-09-18T06:50:51.291+00:00,2026-09-18T06:55:51.398+00:00,2026-09-18T06:55:51.398+00:00,False,1,0.0,,0.0,300107.085454,300107.085454,300107.085454,300107.085454,300107.085454,300107.085454,nan,300107.085454,nan,nan,0.0,61,64,,True,False,TTFT timeout: 300.0s exceeded (TTFT: 300.096s),0,87.6246207195492
321,2026-09-18T06:50:51.771+00:00,2026-09-18T06:55:51.679+00:00,2026-09-18T06:55:51.800+00:00,False,4,3.0,,3.0,299907.606636,300029.136748,300029.136758,75007.2841895,0.02069,299907.606636,149933.55103537158,254930.78456219996,40.51003733333334,35.09157103726998,0.009999028869385293,61,64,,True,False,Request timeout: 300.0s exceeded,17,87.6246207195492
322,2026-09-18T06:50:52.042+00:00,2026-09-18T06:55:52.146+00:00,2026-09-18T06:55:52.146+00:00,False,1,0.0,,0.0,300104.20029,300104.20029,300104.20029,300104.20029,300104.20029,300104.20029,nan,300104.20029,nan,nan,0.0,61,64,,True,False,"HTTPConnectionPool(host='gpu03', port=9002): Read timed out.",0,87.6246207195492
323,2026-09-18T06:50:52.339+00:00,2026-09-18T06:55:52.417+00:00,2026-09-18T06:55:52.417+00:00,False,1,0.0,,0.0,300077.209423,300077.209423,300077.209423,300077.209423,300077.209423,300077.209423,nan,300077.209423,nan,nan,0.0,61,64,,True,False,"HTTPConnectionPool(host='gpu03', port=9002): Read timed out.",0,87.6246207195492
324,2026-09-18T06:50:52.605+00:00,2026-09-18T06:55:52.712+00:00,2026-09-18T06:55:52.712+00:00,False,1,0.0,,0.0,300107.39496899996,300107.39496899996,300107.39496899996,300107.39496899996,300107.39496899996,300107.39496899996,nan,300107.39496899996,nan,nan,0.0,61,64,,True,False,"HTTPConnectionPool(host='gpu03', port=9002): Read timed out.",0,87.6246207195492
325,2026-09-18T06:50:52.948+00:00,2026-09-18T06:55:52.816+00:00,2026-09-18T06:55:52.962+00:00,False,5,4.0,,4.0,299867.716431,300013.870671,300013.870657,60002.774131399994,0.06307,299867.716431,134088.58149774896,239908.5249038,36.53856,29.279324810167783,0.013332716887568388,61,64,,True,False,Request timeout: 300.0s exceeded,12,87.6246207195492
0,2026-09-18T06:48:53.199+00:00,2026-09-18T06:48:53.414+00:00,2026-09-18T06:48:53.853+00:00,True,10,10.0,,10.0,215.036021,653.964149,653.9642249999999,65.3964225,30.149954,215.036021,55.097841348071256,157.93950575,48.769792,17.471164819423347,15.29135811999994,62,64,,False,True,,29,87.6246207195492
1,2026-09-18T06:48:53.817+00:00,2026-09-18T06:48:53.970+00:00,2026-09-18T06:48:57.075+00:00,True,54,54.0,,54.0,153.31384500000001,3257.975093,3257.975046,60.332871222222224,6.217278,153.31384500000001,17.7222033819872,69.74791875,58.57851411320755,12.276838222794275,16.574712346949177,62,64,,False,True,,228,87.6246207195492
2,2026-09-18T06:48:54.370+00:00,2026-09-18T06:48:57.136+00:00,2026-09-18T06:48:59.852+00:00,True,46,46.0,,46.0,2765.227821,5481.998893,5481.998953,119.1738902826087,8.232795,2765.227821,399.0192605867013,71.04775775,60.37269048888889,13.094153564556533,8.3910998338102,62,64,,False,True,,216,87.6246207195492
3,2026-09-18T06:48:54.895+00:00,2026-09-18T06:48:58.776+00:00,2026-09-18T06:49:03.136+00:00,True,74,74.0,,74.0,3881.498417,8241.489712999999,8241.489486,111.37147954054053,0.0,3881.498417,444.5237258699173,68.92433815,59.72590816438356,15.06031418146907,8.97895921453054,62,64,,False,True,,285,87.6246207195492
4,2026-09-18T06:48:55.327+00:00,2026-09-18T06:49:00.155+00:00,2026-09-18T06:49:00.780+00:00,True,11,11.0,,11.0,4828.151707999999,5452.547995999999,5452.547968,495.68617890909087,55.136088,4828.151707999999,1436.9226898795994,2449.0338189999998,62.439628799999994,4.531979718556089,2.017405442018965,62,64,,False,True,,41,87.6246207195492
5,2026-09-18T06:48:55.691+00:00,2026-09-18T06:49:01.566+00:00,2026-09-18T06:49:02.033+00:00,True,9,9.0,,9.0,5874.506673999999,6341.874865999999,6341.874895999999,704.6527662222221,40.846634,5874.506673999999,1938.7098462999152,3551.500198799999,58.421024,8.051944376654374,1.4191386916589472,62,64,,False,True,,37,87.6246207195492
6,2026-09-18T06:48:56.069+00:00,2026-09-18T06:49:02.973+00:00,2026-09-18T06:49:03.678+00:00,True,13,13.0,,13.0,6903.904941,7608.409517,7608.409332,585.2622563076923,35.862093,6903.904941,1898.5396328696,2803.1819189999997,58.708714666666665,9.925669679428527,1.708635684101019,62,64,,False,True,,50,87.6246207195492
7,2026-09-18T06:48:56.491+00:00,2026-09-18T06:49:04.477+00:00,2026-09-18T06:49:07.968+00:00,True,58,58.0,,58.0,7985.97307,11477.748558,11477.748432,197.89221434482758,0.01796,7985.97307,1041.2826130385572,83.48084585000001,61.2592190877193,38.970716538251914,5.0532558460320995,62,64,,False,True,,285,87.6246207195492
8,2026-09-18T06:48:56.918+00:00,2026-09-18T06:49:06.173+00:00,2026-09-18T06:49:11.860+00:00,True,95,95.0,,95.0,9255.102661,14942.138053,14942.138153,157.28566476842107,0.0,9255.102661,944.1829785740763,70.4099755,60.5003765106383,39.95318559771059,6.357858538251587,62,64,,False,True,,315,87.6246207195492
9,2026-09-18T06:48:57.501+00:00,2026-09-18T06:49:08.221+00:00,2026-09-18T06:49:09.093+00:00,True,17,17.0,,17.0,10720.01901,11592.23533,11592.235199,681.8961881764706,8.217844,10720.01901,2586.8039028551975,2196.6552396,54.51352,14.644141633192598,1.4664988689459257,62,64,,False,True,,60,87.6246207195492
10,2026-09-18T06:48:58.050+00:00,2026-09-18T06:49:10.216+00:00,2026-09-18T06:49:15.191+00:00,True,84,84.0,,84.0,12166.086882,17141.401826,17141.401857,204.06430782142857,0.0,12166.086882,1321.2154607491407,69.27267814999999,59.94355354216868,29.568988036220524,4.900416013385158,62,64,,False,True,,353,87.6246207195492
11,2026-09-18T06:48:58.529+00:00,2026-09-18T06:49:12.212+00:00,2026-09-18T06:49:17.411+00:00,True,88,88.0,,88.0,13682.786163,18881.436275,18881.436263,214.5617757159091,0.0,13682.786163,1452.6651071826311,69.99193050000001,59.75459898850574,36.16476434796173,4.660662394444885,62,64,,False,True,,360,87.6246207195492
12,2026-09-18T06:48:59.069+00:00,2026-09-18T06:49:14.263+00:00,2026-09-18T06:49:18.498+00:00,True,72,72.0,,72.0,15194.188005,19429.235941,19429.235765,269.8504967361111,0.0,15194.188005,1783.9109975979886,68.65281295,59.64856247887324,32.30548253846354,3.7057556055544123,62,64,,False,True,,313,87.6246207195492
13,2026-09-18T06:48:59.470+00:00,2026-09-18T06:49:15.509+00:00,2026-09-18T06:49:20.256+00:00,True,76,76.0,,76.0,16038.244767,20785.525663,20785.525815,273.4937607236842,0.0,16038.244767,1832.9915602667136,75.256598,63.29707861333334,44.76392057076191,3.656390568716116,62,64,,False,True,,410,87.6246207195492
14,2026-09-18T06:49:00.042+00:00,2026-09-18T06:49:17.687+00:00,2026-09-18T06:49:17.935+00:00,True,5,5.0,,5.0,17645.153381,17893.205861,17893.20592,3578.641184,58.117832,17645.153381,7863.420744842197,14130.1143868,62.01312,5.369856261886594,0.2794356717762909,62,64,,False,True,,19,87.6246207195492
15,2026-09-18T06:49:00.493+00:00,2026-09-18T06:49:19.376+00:00,2026-09-18T06:49:20.636+00:00,True,21,21.0,,21.0,18883.19348,20142.488968,20142.48903,959.1661442857144,0.0,18883.19348,4107.429831708423,326.515154,62.964774399999996,67.00461069986304,1.0425722478171546,62,64,,False,True,,90,87.6246207195492
16,2026-09-18T06:49:01.042+00:00,2026-09-18T06:49:21.620+00:00,2026-09-18T06:49:25.554+00:00,True,68,68.0,,68.0,20578.38124,24511.61004,24511.610141999998,360.46485502941175,0.0,20578.38124,2488.767573430187,89.73024335,58.70490746268657,44.46481456095472,2.77419557054931,62,64,,False,True,,269,87.6246207195492
17,2026-09-18T06:49:01.628+00:00,2026-09-18T06:49:23.598+00:00,2026-09-18T06:49:29.240+00:00,True,96,96.0,,96.0,21969.931834,27611.41049,27611.410520999998,287.61885959375,0.0,21969.931834,2236.802244182766,73.68658850000001,59.383985852631575,50.59758856920308,3.476823468861478,62,64,,False,True,,376,87.6246207195492
18,2026-09-18T06:49:02.229+00:00,2026-09-18T06:49:26.032+00:00,2026-09-18T06:49:27.735+00:00,True,29,29.0,,29.0,23802.777378,25505.376033999997,25505.376114,879.4957280689655,39.347378,23802.777378,4408.781940781658,83.29685719999999,60.80709485714286,8.940094969786982,1.137015190889226,62,64,,False,True,,133,87.6246207195492
19,2026-09-18T06:49:02.706+00:00,2026-09-18T06:49:27.795+00:00,2026-09-18T06:49:31.853+00:00,True,68,68.0,,68.0,25089.170378,29146.696649999998,29146.696468,428.6278892352941,0.0,25089.170378,3035.4939822349797,70.21809085,60.5600936119403,45.03898336777819,2.33302596230918,62,64,,False,True,,281,87.6246207195492
20,2026-09-18T06:49:03.313+00:00,2026-09-18T06:49:30.166+00:00,2026-09-18T06:49:34.598+00:00,True,75,75.0,,75.0,26853.135431000002,31285.014855,31285.014765000004,417.13353020000005,0.0,26853.135431000002,3094.2361425494855,70.6260939,59.890262486486485,51.24749450951536,2.397313868879734,62,64,,False,True,,376,87.6246207195492
21,2026-09-18T06:49:03.932+00:00,2026-09-18T06:49:32.483+00:00,2026-09-18T06:49:38.024+00:00,True,91,91.0,,91.0,28551.063684999997,34091.743108999995,34091.7431,374.6345395604395,0.0,28551.063684999997,2987.3346300190315,94.674505,61.563104711111116,70.53110820420082,2.6692680309437335,62,64,,False,True,,465,87.6246207195492
22,2026-09-18T06:49:04.464+00:00,2026-09-18T06:49:34.659+00:00,2026-09-18T06:49:40.362+00:00,True,95,95.0,,95.0,30195.514939,35898.995771,35898.995753,377.88416582105265,0.0,30195.514939,3092.624858137243,93.42308440000001,60.675328,73.12967439693273,2.6463135795219954,62,64,,False,True,,546,87.6246207195492
23,2026-09-18T06:49:05.004+00:00,2026-09-18T06:49:36.536+00:00,2026-09-18T06:49:40.553+00:00,True,67,67.0,,67.0,31532.691964999998,35548.953085,35548.953236,530.5813915820895,0.0,31532.691964999998,3845.329343907123,94.68235440000001,60.852441212121214,58.093215249346784,1.8847249830339132,62,64,,False,True,,377,87.6246207195492
24,2026-09-18T06:49:05.518+00:00,2026-09-18T06:49:38.497+00:00,2026-09-18T06:49:41.745+00:00,True,56,56.0,,56.0,32978.731554,36226.788386,36226.788282,646.9069336071428,0.0,32978.731554,4399.516686090101,68.170234,59.05557876363637,62.789886473893624,1.5458174046044182,62,64,,False,True,,298,87.6246207195492
25,2026-09-18T06:49:06.177+00:00,2026-09-18T06:49:40.863+00:00,2026-09-18T06:49:46.275+00:00,True,89,89.0,,89.0,34685.610825,40097.581385000005,40097.581351,450.53462192134833,0.0,34685.610825,3670.665322198104,103.22331539999999,61.49966545454545,61.951033562669345,2.219585244941825,62,64,,False,True,,498,87.6246207195492
26,2026-09-18T06:49:06.653+00:00,2026-09-18T06:49:42.946+00:00,2026-09-18T06:49:44.312+00:00,True,23,23.0,,23.0,36293.233835,37659.186090999996,37659.186095,1637.355917173913,36.685502,36293.233835,7554.730757054583,114.03796910000001,62.08873890909091,15.288628939776855,0.6107407617472824,62,64,,False,True,,102,87.6246207195492
27,2026-09-18T06:49:07.067+00:00,2026-09-18T06:49:44.466+00:00,2026-09-18T06:49:44.613+00:00,True,3,3.0,,3.0,37399.226761,37546.306441,37546.306379999995,12515.435459999999,64.082002,37399.226761,21549.99748454545,33667.6038466,73.53984,13.375518735839742,0.07990133476149455,62,64,,False,True,,12,87.6246207195492
28,2026-09-18T06:49:07.646+00:00,2026-09-18T06:49:46.780+00:00,2026-09-18T06:49:49.443+00:00,True,44,44.0,,44.0,39134.801467,41797.795131,41797.795104,949.9498887272727,0.016989999999999998,39134.801467,5891.060582729586,103.7505117,61.93008520930233,85.32593475697786,1.052687106152322,62,64,,False,True,,214,87.6246207195492
29,2026-09-18T06:49:08.135+00:00,2026-09-18T06:49:48.950+00:00,2026-09-18T06:49:52.470+00:00,True,50,50.0,,50.0,40814.276755000006,44334.793363000004,44334.793411000006,886.6958682200001,0.0,40814.276755000006,5762.507238143302,90.92341635000001,71.84727771428571,87.95655583019415,1.1277824076141505,62,64,,False,True,,292,87.6246207195492
30,2026-09-18T06:49:08.510+00:00,2026-09-18T06:49:50.077+00:00,2026-09-18T06:49:53.603+00:00,True,58,58.0,,58.0,41567.64821,45093.50421,45093.504035,777.4742075,0.0,41567.64821,5450.646642517618,88.53851194999999,61.85712280701754,86.17281245469324,1.2862162969170587,62,64,,False,True,,268,87.6246207195492
31,2026-09-18T06:49:08.945+00:00,2026-09-18T06:49:51.803+00:00,2026-09-18T06:49:57.327+00:00,True,90,90.0,,90.0,42858.665245,48382.002972999995,48382.003014999995,537.5778112777778,0.0,42858.665245,4511.690172612293,91.69972739999999,62.05997447191011,69.66783827627492,1.8601958263328888,62,64,,False,True,,359,87.6246207195492
32,2026-09-18T06:49:09.410+00:00,2026-09-18T06:49:53.845+00:00,2026-09-18T06:49:58.066+00:00,True,69,69.0,,69.0,44434.712173,48655.664749,48655.664746,705.1545615362319,36.103413,44434.712173,5341.853788219202,89.8335802,62.072832,13.067218035019106,1.4181288110223205,62,64,,False,True,,361,87.6246207195492
33,2026-09-18T06:49:09.815+00:00,2026-09-18T06:49:55.608+00:00,2026-09-18T06:49:56.483+00:00,True,16,16.0,,16.0,45792.381604,46668.021668,46668.021689,2916.7513555625,41.421943,45792.381604,11433.50499655475,11505.7735345,58.37600426666667,9.387606738045399,0.34284718803435177,62,64,,False,True,,61,87.6246207195492
34,2026-09-18T06:49:10.407+00:00,2026-09-18T06:49:58.067+00:00,2026-09-18T06:49:58.732+00:00,True,11,11.0,,11.0,47660.304046,48325.022893999994,48325.02267,4393.183879090909,42.583441,47660.304046,14350.088461008438,23878.270379499998,66.4718848,16.097296324243914,0.22762534482659819,62,64,,False,True,,52,87.6246207195492
35,2026-09-18T06:49:10.921+00:00,2026-09-18T06:50:00.780+00:00,2026-09-18T06:50:05.064+00:00,True,82,82.0,,82.0,49858.376498000005,54142.36958600001,54142.369405000005,660.2727976219513,0.0,49858.376498000005,5501.219287776037,90.55826160000001,52.888803555555555,111.85688525708636,1.5145255116651442,62,64,,False,True,,404,87.6246207195492
36,2026-09-18T06:49:11.321+00:00,2026-09-18T06:50:02.667+00:00,2026-09-18T06:50:05.059+00:00,True,54,54.0,,54.0,51346.117788999996,53738.461340999995,53738.461476,995.1566939999999,0.016640000000000002,51346.117788999996,6981.236330702349,80.37810334999999,45.13855758490566,28.557672165504187,1.0048668803027387,62,64,,False,True,,315,87.6246207195492
37,2026-09-18T06:49:11.964+00:00,2026-09-18T06:50:04.789+00:00,2026-09-18T06:50:05.242+00:00,True,8,8.0,,8.0,52825.014099,53278.498131,53278.498083,6659.812260375,49.467228999999996,52825.014099,18653.564561739975,34370.2290832,64.78343314285715,16.31957772820195,0.15015438273672385,62,64,,False,True,,39,87.6246207195492
38,2026-09-18T06:49:12.351+00:00,2026-09-18T06:50:06.166+00:00,2026-09-18T06:50:12.095+00:00,True,95,95.0,,95.0,53814.652769,59743.998561,59743.998331,628.8841929578947,0.0,53814.652769,5515.410519933184,93.77031500000001,63.07814672340426,82.82593333973898,1.5901178744004356,62,64,,False,True,,478,87.6246207195492
39,2026-09-18T06:49:12.981+00:00,2026-09-18T06:50:08.594+00:00,2026-09-18T06:50:13.951+00:00,True,89,89.0,,89.0,55613.690688,60970.0368,60970.036937000004,685.0565947977528,0.0,55613.690688,5889.189241872289,89.494007,60.86756945454545,84.66972588807334,1.4597334144958232,62,64,,False,True,,357,87.6246207195492
40,2026-09-18T06:49:13.487+00:00,2026-09-18T06:50:10.470+00:00,2026-09-18T06:50:15.408+00:00,True,82,82.0,,82.0,56982.93943,61920.949029999996,61920.94898,755.1335241463414,32.24402,56982.93943,6285.992553247872,92.81269420000001,60.96308148148149,12.275398146835002,1.3242691089936611,62,64,,False,True,,374,87.6246207195492
41,2026-09-18T06:49:14.052+00:00,2026-09-18T06:50:12.660+00:00,2026-09-18T06:50:14.076+00:00,True,25,25.0,,25.0,58607.85105,60024.604457999994,60024.604415999995,2400.98417664,38.927578000000004,58607.85105,11709.767405051432,71.76784359999999,59.031392,9.212759162367469,0.4164958724133339,62,64,,False,True,,141,87.6246207195492
42,2026-09-18T06:49:14.620+00:00,2026-09-18T06:50:14.832+00:00,2026-09-18T06:50:20.209+00:00,True,85,85.0,,85.0,60212.055137999996,65589.55504199999,65589.554867,771.6418219647059,0.0,60212.055137999996,6525.334110276916,96.9941008,64.017856,134.18943864963245,1.2959380490623944,62,64,,False,True,,418,87.6246207195492
43,2026-09-18T06:49:14.994+00:00,2026-09-18T06:50:16.235+00:00,2026-09-18T06:50:20.866+00:00,True,75,75.0,,75.0,61240.962634,65872.12833,65872.128371,878.2950449466667,0.0,61240.962634,7065.770374832572,108.85845869999999,62.583320216216215,146.5605331833964,1.1385695574351573,62,64,,False,True,,316,87.6246207195492
44,2026-09-18T06:49:15.408+00:00,2026-09-18T06:50:18.018+00:00,2026-09-18T06:50:18.535+00:00,True,9,9.0,,9.0,62609.192795999996,63127.063131999996,63127.063110999996,7014.118123444444,55.656707000000004,62609.192795999996,20848.156302200445,37603.5967912,64.733792,12.540015100182114,0.14256959778377165,62,64,,False,True,,23,87.6246207195492
45,2026-09-18T06:49:16.022+00:00,2026-09-18T06:50:20.359+00:00,2026-09-18T06:50:24.416+00:00,True,64,64.0,,64.0,64337.246946,68394.197218,68394.197252,1068.6593320625,41.850603,64337.246946,8034.113190525451,91.44349725000001,64.39603606349206,10.557658011302255,0.9357519000626044,62,64,,False,True,,311,87.6246207195492
46,2026-09-18T06:49:16.677+00:00,2026-09-18T06:50:22.371+00:00,2026-09-18T06:50:26.000+00:00,True,59,59.0,,59.0,65694.26151299999,69322.421513,69322.42157899999,1174.9562979491525,35.716994,65694.26151299999,8544.528192750353,89.21533440000002,62.554482758620686,11.59290822046015,0.851095485591711,62,64,,False,True,,229,87.6246207195492
47,2026-09-18T06:49:17.218+00:00,2026-09-18T06:50:25.025+00:00,2026-09-18T06:50:25.584+00:00,True,10,10.0,,10.0,67806.987331,68365.708611,68365.70860099999,6836.5708601,38.659819000000006,67806.987331,21422.825261443908,37332.807277,62.08014222222222,14.893325811698489,0.14627216192404108,62,64,,False,True,,31,87.6246207195492
48,2026-09-18T06:49:17.605+00:00,2026-09-18T06:50:26.181+00:00,2026-09-18T06:50:27.916+00:00,True,29,29.0,,29.0,68576.459898,70311.492986,70311.493197,2424.5342481724138,39.185838000000004,68576.459898,12722.827503386798,93.9711968,61.96546742857142,11.816604041900224,0.4124503515488472,62,64,,False,True,,105,87.6246207195492
49,2026-09-18T06:49:18.139+00:00,2026-09-18T06:50:28.237+00:00,2026-09-18T06:50:34.734+00:00,True,94,94.0,,94.0,70097.58082799999,76594.414876,76594.414933,814.8342014148935,0.0,70097.58082799999,7224.211367929539,94.79705615,69.85843062365592,143.1566601840894,1.2272435288157524,62,64,,False,True,,418,87.6246207195492
50,2026-09-18T06:49:18.616+00:00,2026-09-18T06:50:30.101+00:00,2026-09-18T06:50:34.806+00:00,True,73,73.0,,73.0,71484.884005,76190.144293,76190.144205,1043.7006055479453,0.0,71484.884005,8360.690542289603,97.71523580000002,65.35083733333333,168.09214199653223,0.9581291737585921,62,64,,False,True,,285,87.6246207195492
51,2026-09-18T06:49:19.150+00:00,2026-09-18T06:50:32.242+00:00,2026-09-18T06:50:33.642+00:00,True,28,28.0,,28.0,73092.156478,74492.21151800001,74492.211395,2660.4361212500003,0.0,73092.156478,13803.338602529586,90.57114585,51.85389037037037,23.254962059019757,0.3758782217552259,62,64,,False,True,,132,87.6246207195492
52,2026-09-18T06:49:19.667+00:00,2026-09-18T06:50:34.795+00:00,2026-09-18T06:50:38.039+00:00,True,67,67.0,,67.0,75128.044099,78371.674947,78371.675115,1169.7264942537315,0.0156,75128.044099,9172.38569145125,87.427179,49.145921939393936,26.751101403550383,0.8549007029045855,62,64,,False,True,,297,87.6246207195492
53,2026-09-18T06:49:20.214+00:00,2026-09-18T06:50:35.659+00:00,2026-09-18T06:50:35.659+00:00,True,1,1.0,,1.0,75444.83445200001,75444.83445200001,75444.83445200001,75444.83445200001,75444.83445200001,75444.83445200001,nan,75444.83445200001,nan,nan,0.013254717930837616,62,64,,False,True,,3,87.6246207195492
54,2026-09-18T06:49:20.641+00:00,2026-09-18T06:50:37.863+00:00,2026-09-18T06:50:38.947+00:00,True,18,18.0,,18.0,77221.782789,78306.394117,78306.394268,4350.355237111111,57.441724,77221.782789,18186.312358755138,11660.1049304,63.80066635294118,7.781916617062285,0.2298662861822707,62,64,,False,True,,70,87.6246207195492
55,2026-09-18T06:49:21.162+00:00,2026-09-18T06:50:39.684+00:00,2026-09-18T06:50:39.866+00:00,True,4,4.0,,4.0,78521.221017,78703.56418500001,78703.56404,19675.89101,59.13903,78521.221017,39230.22005271479,66752.5640604,60.781056,2.3779433632010667,0.05082361950721355,62,64,,False,True,,12,87.6246207195492
56,2026-09-18T06:49:21.701+00:00,2026-09-18T06:50:41.792+00:00,2026-09-18T06:50:45.774+00:00,True,61,61.0,,61.0,80090.77896699999,84072.81903099999,84072.81894699999,1378.242933557377,0.0,80090.77896699999,10247.195053193289,93.37621700000001,66.3673344,152.71573240439713,0.7255614918480086,62,64,,False,True,,322,87.6246207195492
57,2026-09-18T06:49:22.215+00:00,2026-09-18T06:50:43.656+00:00,2026-09-18T06:50:44.216+00:00,True,10,10.0,,10.0,81440.898042,82000.358906,82000.358837,8200.0358837,43.685279,81440.898042,25734.218470285996,44833.416185999995,62.162318222222225,12.430600155434348,0.12195068574594126,62,64,,False,True,,42,87.6246207195492
58,2026-09-18T06:49:22.798+00:00,2026-09-18T06:50:45.791+00:00,2026-09-18T06:50:50.152+00:00,True,72,72.0,,72.0,82993.037804,87354.60529200001,87354.605332,1213.258407388889,40.017436000000004,82993.037804,9773.588943461162,81.28791455,61.430528,10.247877399944512,0.8242267223270691,62,64,,False,True,,245,87.6246207195492
59,2026-09-18T06:49:23.207+00:00,2026-09-18T06:50:47.281+00:00,2026-09-18T06:50:49.277+00:00,True,34,34.0,,34.0,84073.202829,86069.864589,86069.864414,2531.466600411765,33.51551799999999,84073.202829,14408.06456407175,93.37926705,60.50490181818182,13.0542623537429,0.39502792484171406,62,64,,False,True,,122,87.6246207195492
60,2026-09-18T06:49:23.759+00:00,2026-09-18T06:50:49.462+00:00,2026-09-18T06:50:53.763+00:00,True,71,71.0,,71.0,85702.676577,90003.877985,90003.878117,1267.6602551690141,34.125727,85702.676577,10163.747838218469,73.030929,61.4457344,8.668182261432674,0.7888548981393093,62,64,,False,True,,218,87.6246207195492
61,2026-09-18T06:49:24.352+00:00,2026-09-18T06:50:51.648+00:00,2026-09-18T06:50:53.947+00:00,True,38,38.0,,38.0,87295.81167299999,89594.996313,89594.99630799999,2357.763060736842,37.869620000000005,87295.81167299999,14151.172057108823,72.98157604999999,62.1401254054054,7.411098690700303,0.4241308283249106,62,64,,False,True,,200,87.6246207195492
62,2026-09-18T06:49:24.898+00:00,2026-09-18T06:50:53.638+00:00,2026-09-18T06:50:58.992+00:00,True,86,86.0,,86.0,88740.10844400001,94094.10806000001,94094.10792600001,1094.117534023256,38.009660000000004,88740.10844400001,9562.305483842467,94.21797849999999,62.98823077647059,10.494816715748653,0.9139785877470805,62,64,,False,True,,284,87.6246207195492
63,2026-09-18T06:49:25.439+00:00,2026-09-18T06:50:55.430+00:00,2026-09-18T06:50:57.109+00:00,True,29,29.0,,29.0,89990.617905,91669.506609,91669.506678,3161.017471655173,34.565506,89990.617905,16699.706213922484,68.5153592,59.96031085714286,9.00266527584974,0.3163538353456439,62,64,,False,True,,140,87.6246207195492
64,2026-09-18T06:49:25.913+00:00,2026-09-18T06:50:57.384+00:00,2026-09-18T06:50:58.130+00:00,True,13,13.0,,13.0,91470.82323899999,92216.499015,92216.498979,7093.576844538461,55.969485999999996,91470.82323899999,25352.207662667104,36629.1058926,62.139648,4.070402990324802,0.1409726040226859,62,64,,False,True,,42,87.6246207195492
65,2026-09-18T06:49:26.525+00:00,2026-09-18T06:50:59.415+00:00,2026-09-18T06:51:00.634+00:00,True,20,20.0,,20.0,92890.054327,94108.61227900001,94108.612282,4705.430614100001,55.757917,92890.054327,20756.508270307597,4735.5562387,64.13462905263158,8.421477093165265,0.21252040079718534,62,64,,True,True,,105,87.6246207195492
66,2026-09-18T06:49:26.930+00:00,2026-09-18T06:51:01.164+00:00,2026-09-18T06:51:06.511+00:00,True,87,87.0,,87.0,94233.724304,99581.034384,99581.034447,1144.6095913448275,36.24725299999999,94233.724304,10096.252062359028,70.2714539,62.178024186046514,7.208271172077624,0.8736603364101887,62,64,,True,True,,458,87.6246207195492
67,2026-09-18T06:49:27.381+00:00,2026-09-18T06:51:02.959+00:00,2026-09-18T06:51:04.232+00:00,True,21,21.0,,21.0,95578.686257,96851.280177,96851.28027199999,4611.965727238095,52.732492,95578.686257,20843.095270472975,87.79445799999999,63.629696,7.082036432182394,0.21682728366234882,62,64,,True,True,,83,87.6246207195492
68,2026-09-18T06:49:28.030+00:00,2026-09-18T06:51:05.351+00:00,2026-09-18T06:51:08.913+00:00,True,58,58.0,,58.0,97320.682268,100882.796572,100882.796566,1739.3585614827587,39.126207,97320.682268,12770.63081666225,89.23750215,62.493233403508775,11.341899974201363,0.5749245854679041,62,64,,True,True,,327,87.6246207195492
69,2026-09-18T06:49:28.393+00:00,2026-09-18T06:51:06.864+00:00,2026-09-18T06:51:07.559+00:00,True,13,13.0,,13.0,98470.880102,99166.151526,99166.151485,7628.165498846153,37.85538,98470.880102,27294.84046783762,39428.4409844,57.93928533333334,9.989970645979382,0.13109311796365897,62,64,,True,True,,53,87.6246207195492
70,2026-09-18T06:49:28.992+00:00,2026-09-18T06:51:08.912+00:00,2026-09-18T06:51:10.363+00:00,True,24,24.0,,24.0,99919.730096,101371.078064,101371.07802,4223.7949175,40.218906000000004,99919.730096,20383.151119636164,87.8980039,63.10208556521739,9.859426472721072,0.23675391895159434,62,64,,True,True,,114,87.6246207195492
71,2026-09-18T06:49:29.609+00:00,2026-09-18T06:51:11.567+00:00,2026-09-18T06:51:12.576+00:00,True,17,17.0,,17.0,101958.130557,102966.475901,102966.475851,6056.851520647058,35.169615,101958.130557,24713.196477303685,20461.267422599998,63.021584,11.557585434473275,0.16510228063302007,62,64,,True,True,,92,87.6246207195492
72,2026-09-18T06:49:30.205+00:00,2026-09-18T06:51:13.768+00:00,2026-09-18T06:51:14.083+00:00,True,6,6.0,,6.0,103563.383932,103878.553724,103878.553959,17313.0923265,60.728507,103563.383932,42253.8409971958,77689.44913025,63.033958399999996,2.856614778282294,0.05775975680159827,62,64,,True,True,,25,87.6246207195492
73,2026-09-18T06:49:30.650+00:00,2026-09-18T06:51:15.204+00:00,2026-09-18T06:51:18.295+00:00,True,48,48.0,,48.0,104553.97285199999,107644.88920399999,107644.889172,2242.60185775,36.089572999999994,104553.97285199999,15081.577996887612,93.8641901,65.76417770212765,11.303046474866738,0.4459106266441896,62,64,,True,True,,245,87.6246207195492
74,2026-09-18T06:49:31.174+00:00,2026-09-18T06:51:17.411+00:00,2026-09-18T06:51:18.227+00:00,True,13,13.0,,13.0,106236.83731100001,107052.58745500002,107052.58754100002,8234.81442623077,36.692822,106236.83731100001,29445.94666841688,42552.3517796,67.97917866666667,14.889784534911549,0.12143564493912493,62,64,,True,True,,65,87.6246207195492
75,2026-09-18T06:49:31.714+00:00,2026-09-18T06:51:19.297+00:00,2026-09-18T06:51:23.382+00:00,True,67,67.0,,67.0,107583.357492,111667.85029199999,111667.850524,1666.6843361791043,34.873065000000004,107583.357492,13135.842821498876,87.8985024,61.88625454545455,10.864009792325021,0.5999936402895002,62,64,,True,True,,163,87.6246207195492
76,2026-09-18T06:49:32.129+00:00,2026-09-18T06:51:20.931+00:00,2026-09-18T06:51:22.504+00:00,True,27,27.0,,27.0,108801.99196099999,110375.472665,110375.47252899999,4087.9804640370367,34.122827,108801.99196099999,20927.30967642933,87.8887945,60.51848861538462,12.07257172208305,0.24461956400356769,62,64,,True,True,,115,87.6246207195492
77,2026-09-18T06:49:32.503+00:00,2026-09-18T06:51:22.402+00:00,2026-09-18T06:51:25.584+00:00,True,51,51.0,,51.0,109899.18281299999,113080.91798099999,113080.917936,2217.2729007058824,37.656470999999996,109899.18281299999,15380.057042344357,90.120903,63.634703359999996,11.18899660158436,0.4510044745884455,62,64,,True,True,,239,87.6246207195492
78,2026-09-18T06:49:32.931+00:00,2026-09-18T06:51:24.203+00:00,2026-09-18T06:51:24.459+00:00,True,5,5.0,,5.0,111272.284116,111528.29205199999,111528.29227199999,22305.6584544,61.180277000000004,111272.284116,49733.855798007215,89031.80602699998,64.001984,4.005587202749013,0.044831673721576884,62,64,,True,True,,17,87.6246207195492
79,2026-09-18T06:49:33.444+00:00,2026-09-18T06:51:26.274+00:00,2026-09-18T06:51:30.700+00:00,True,73,73.0,,73.0,112829.596049,117255.423121,117255.422948,1606.2386705205479,33.218689,112829.596049,13198.517493830523,92.69721840000003,61.469820444444444,13.324661402940956,0.6225724837022568,62,64,,True,True,,357,87.6246207195492
80,2026-09-18T06:49:34.047+00:00,2026-09-18T06:51:28.629+00:00,2026-09-18T06:51:32.718+00:00,True,67,67.0,,67.0,114582.100359,118670.154631,118670.154614,1771.1963375223881,36.070233,114582.100359,13990.86949707737,92.5769196,61.94021624242424,12.113791002793326,0.5645901465986436,62,64,,True,True,,348,87.6246207195492
81,2026-09-18T06:49:34.484+00:00,2026-09-18T06:51:30.590+00:00,2026-09-18T06:51:31.416+00:00,True,14,14.0,,14.0,116106.568662,116932.32968600001,116932.32976400001,8352.309268857143,44.689207,116106.568662,31013.81106915319,40696.852363850005,63.52007876923077,10.970723829920356,0.11972736742348665,62,64,,True,True,,64,87.6246207195492
82,2026-09-18T06:49:35.175+00:00,2026-09-18T06:51:32.526+00:00,2026-09-18T06:51:37.610+00:00,True,82,82.0,,82.0,117351.600011,122435.082635,122435.082632,1493.1107638048782,36.145724,117351.600011,12952.391256379473,92.86516565,62.75904474074074,12.072692161039924,0.6697426769781017,62,64,,True,True,,409,87.6246207195492
83,2026-09-18T06:49:35.480+00:00,2026-09-18T06:51:34.803+00:00,2026-09-18T06:51:40.749+00:00,True,97,97.0,,97.0,119322.9345,125268.83376400001,125268.83369700001,1291.4312752268042,35.766734,119322.9345,12109.123830975865,89.0049956,61.936450666666666,10.05231874480097,0.7743346615866399,62,64,,True,True,,490,87.6246207195492
84,2026-09-18T06:49:36.126+00:00,2026-09-18T06:51:37.424+00:00,2026-09-18T06:51:37.424+00:00,True,1,1.0,,1.0,121297.111933,121297.111933,121297.111933,121297.111933,121297.111933,121297.111933,nan,121297.111933,nan,nan,0.008244219372282851,62,64,,True,True,,2,87.6246207195492
85,2026-09-18T06:49:36.775+00:00,2026-09-18T06:51:40.207+00:00,2026-09-18T06:51:41.264+00:00,True,19,19.0,,19.0,123432.056489,124489.61476099999,124489.614752,6552.084986947368,36.264323,123432.056489,28303.77817338468,12406.638917,58.75323733333334,8.71698468080425,0.1526231729166882,62,64,,True,True,,68,87.6246207195492
86,2026-09-18T06:49:37.337+00:00,2026-09-18T06:51:42.564+00:00,2026-09-18T06:51:47.425+00:00,True,81,81.0,,81.0,125227.200943,130088.21367900001,130088.21370000001,1606.0273296296298,34.636925000000005,125227.200943,13907.384630434437,69.58001,60.7626592,8.555930087664478,0.6226544104900392,62,64,,True,True,,353,87.6246207195492
87,2026-09-18T06:49:37.739+00:00,2026-09-18T06:51:44.068+00:00,2026-09-18T06:51:47.858+00:00,True,64,64.0,,64.0,126328.998871,130119.222999,130119.222804,2033.1128563125,34.625326,126328.998871,15783.607400610477,71.90564225,60.162287746031744,9.523145934261846,0.49185661061388175,62,64,,True,True,,257,87.6246207195492
88,2026-09-18T06:49:38.301+00:00,2026-09-18T06:51:45.816+00:00,2026-09-18T06:51:49.734+00:00,True,66,66.0,,66.0,127514.467758,131433.305774,131433.305604,1991.4137212727273,34.569595,127514.467758,15688.527898551138,73.81706425,60.28981563076923,9.945260771534997,0.5021558242892195,62,64,,True,True,,301,87.6246207195492
89,2026-09-18T06:49:38.932+00:00,2026-09-18T06:51:48.147+00:00,2026-09-18T06:51:50.803+00:00,True,45,45.0,,45.0,129214.52626700001,131870.204475,131870.204537,2930.448989711111,36.285242,129214.52626700001,19253.168465555962,68.4368728,60.356322909090906,7.842437969682517,0.3412446365663376,62,64,,True,True,,216,87.6246207195492
90,2026-09-18T06:49:39.403+00:00,2026-09-18T06:51:49.964+00:00,2026-09-18T06:51:50.675+00:00,True,13,13.0,,13.0,130560.81076800001,131271.875856,131271.87599300002,10097.836614846155,43.602059000000004,130560.81076800001,36194.619679374875,52265.49784440001,59.255424,6.309013463930186,0.09903111321621151,62,64,,True,True,,82,87.6246207195492
91,2026-09-18T06:49:39.906+00:00,2026-09-18T06:51:51.677+00:00,2026-09-18T06:51:56.394+00:00,True,76,76.0,,76.0,131770.631894,136487.39835799998,136487.398342,1795.8868202894735,35.575533,131770.631894,15107.917756052684,89.49879574999999,62.89021952,10.57206196195418,0.5568279629790848,62,64,,True,True,,151,87.6246207195492
92,2026-09-18T06:49:40.559+00:00,2026-09-18T06:51:54.077+00:00,2026-09-18T06:51:54.586+00:00,True,9,9.0,,9.0,133517.52510600002,134026.808178,134026.80801600002,14891.867557333335,58.045642,133517.52510600002,44484.621760374524,80139.273686,63.660384,4.273639396119425,0.06715074485730621,62,64,,True,True,,30,87.6246207195492
93,2026-09-18T06:49:41.079+00:00,2026-09-18T06:51:56.149+00:00,2026-09-18T06:51:59.791+00:00,True,62,62.0,,62.0,135070.81987,138712.780318,138712.78030100002,2237.3029080806455,36.033362999999994,135070.81987,17146.43090485069,66.71837105000002,59.70426963934426,8.509873031365466,0.4469667456586522,62,64,,True,True,,240,87.6246207195492
94,2026-09-18T06:49:41.457+00:00,2026-09-18T06:51:57.835+00:00,2026-09-18T06:52:01.648+00:00,True,63,63.0,,63.0,136377.54041699998,140190.632513,140190.632719,2225.248138396825,40.186495,136377.54041699998,17174.208217854168,68.69576310000001,61.50148541935484,7.502833137555391,0.44938808585629253,62,64,,True,True,,361,87.6246207195492
95,2026-09-18T06:49:42.040+00:00,2026-09-18T06:51:59.971+00:00,2026-09-18T06:52:06.074+00:00,True,99,99.0,,99.0,137930.485711,144033.828815,144033.82903599998,1454.8871619797978,36.198492,137930.485711,13856.280613481933,90.6150699,62.279011265306124,11.209900769456896,0.6873385288337897,62,64,,True,True,,423,87.6246207195492
96,2026-09-18T06:49:42.596+00:00,2026-09-18T06:52:01.988+00:00,2026-09-18T06:52:03.767+00:00,True,30,30.0,,30.0,139392.618775,141171.50773500002,141171.50787,4705.716929,33.584497999999996,139392.618775,25438.298372846577,95.51431209999998,61.34099862068965,14.098832743685506,0.21250747039065754,62,64,,True,True,,148,87.6246207195492
97,2026-09-18T06:49:43.117+00:00,2026-09-18T06:52:03.891+00:00,2026-09-18T06:52:06.274+00:00,True,39,39.0,,39.0,140774.28345,143157.31909799998,143157.318928,3670.700485333333,37.844599,140774.28345,22531.8868128572,91.4124302,62.71146442105263,10.908439873788172,0.2724275660212811,62,64,,True,True,,112,87.6246207195492
98,2026-09-18T06:49:43.725+00:00,2026-09-18T06:52:06.537+00:00,2026-09-18T06:52:07.518+00:00,True,16,16.0,,16.0,142812.910599,143793.232647,143793.232853,8987.0770533125,39.272776,142812.910599,35686.89268432686,35775.000333749995,65.3548032,16.908989217242574,0.11127088323606037,62,64,,True,True,,64,87.6246207195492
99,2026-09-18T06:49:44.175+00:00,2026-09-18T06:52:08.187+00:00,2026-09-18T06:52:10.497+00:00,True,39,39.0,,39.0,144011.166437,146321.417957,146321.41800200002,3751.831230820513,37.003421,144011.166437,23050.508239228828,69.3306532,60.796092631578944,7.527042790406768,0.2665365094497722,62,64,,True,True,,182,87.6246207195492
100,2026-09-18T06:49:44.563+00:00,2026-09-18T06:52:09.602+00:00,2026-09-18T06:52:13.678+00:00,True,66,66.0,,66.0,145039.228875,149115.130059,149115.130048,2259.3201522424242,35.683514,145039.228875,17845.37977317613,92.06190849999999,62.70617206153846,11.161243700505077,0.442611021255093,62,64,,True,True,,321,87.6246207195492
101,2026-09-18T06:49:44.974+00:00,2026-09-18T06:52:11.152+00:00,2026-09-18T06:52:11.218+00:00,True,2,2.0,,2.0,146178.195974,146244.478214,146244.478381,73122.2391905,66.282407,146178.195974,103316.72489536842,138872.60029565,66.28224,nan,0.013675730013364291,62,64,,True,True,,11,87.6246207195492
102,2026-09-18T06:49:45.488+00:00,2026-09-18T06:52:13.195+00:00,2026-09-18T06:52:17.653+00:00,True,72,72.0,,72.0,147706.959855,152165.21291099998,152165.212856,2113.405734111111,37.84547,147706.959855,17400.035859176223,91.28989105,62.792296563380276,11.650133952471082,0.47316990935446024,62,64,,True,True,,302,87.6246207195492
103,2026-09-18T06:49:45.920+00:00,2026-09-18T06:52:14.830+00:00,2026-09-18T06:52:18.513+00:00,True,59,59.0,,59.0,148910.083864,152592.434456,152592.43441199997,2586.312447661017,35.917724,148910.083864,19378.180195046196,94.69827090000001,63.48880331034483,12.685889959309467,0.3866508861355944,62,64,,True,True,,289,87.6246207195492
104,2026-09-18T06:49:46.579+00:00,2026-09-18T06:52:17.589+00:00,2026-09-18T06:52:20.621+00:00,True,48,48.0,,48.0,151009.80862999998,154042.106358,154042.106247,3209.2105468124996,35.920223,151009.80862999998,21787.080648012496,99.21928325,64.51697293617022,14.083277951673713,0.3116031138164658,62,64,,True,True,,272,87.6246207195492
105,2026-09-18T06:49:46.956+00:00,2026-09-18T06:52:18.923+00:00,2026-09-18T06:52:22.658+00:00,True,60,60.0,,60.0,151967.088287,155702.396831,155702.39679499998,2595.0399465833334,36.394343,151967.088287,19610.696837941206,89.29458045,63.310314305084745,11.69377026388896,0.38535052267129993,62,64,,True,True,,275,87.6246207195492
106,2026-09-18T06:49:47.480+00:00,2026-09-18T06:52:21.050+00:00,2026-09-18T06:52:25.255+00:00,True,67,67.0,,67.0,153570.16816,157774.949984,157774.950073,2354.8500010895523,35.383215,153570.16816,18753.802272963512,92.95888,63.708815515151514,11.429223014289393,0.42465549827012766,62,64,,True,True,,268,87.6246207195492
107,2026-09-18T06:49:48.081+00:00,2026-09-18T06:52:23.210+00:00,2026-09-18T06:52:26.661+00:00,True,55,55.0,,55.0,155128.989432,158579.868152,158579.868109,2883.2703292545457,34.858495000000005,155128.989432,20908.974500917288,93.4724808,63.905161481481485,10.928668357969599,0.3468283877451713,62,64,,True,True,,220,87.6246207195492
108,2026-09-18T06:49:48.779+00:00,2026-09-18T06:52:24.053+00:00,2026-09-18T06:52:25.474+00:00,True,23,23.0,,23.0,155273.995739,156695.110363,156695.11061,6812.830896086957,37.60761,155273.995739,32363.39938824755,93.97723579999997,64.59611927272728,12.684340494289042,0.14678186158277806,62,64,,True,True,,111,87.6246207195492
109,2026-09-18T06:49:48.888+00:00,2026-09-18T06:52:25.070+00:00,2026-09-18T06:52:25.981+00:00,True,15,15.0,,15.0,156181.15839599998,157092.60722799998,157092.607307,10472.840487133331,58.215571000000004,156181.15839599998,40308.99284629269,46919.022021699995,65.103488,8.327732137385562,0.09548507892691221,62,64,,True,True,,58,87.6246207195492
110,2026-09-18T06:49:49.284+00:00,2026-09-18T06:52:27.682+00:00,2026-09-18T06:52:31.325+00:00,True,60,60.0,,60.0,158398.798674,162041.104466,162041.10441499998,2700.685073583333,38.995146999999996,158398.798674,20441.229798390144,76.24295034999999,61.73399647457627,10.488994898984853,0.37027641966356384,62,64,,True,True,,372,87.6246207195492
111,2026-09-18T06:49:49.807+00:00,2026-09-18T06:52:29.608+00:00,2026-09-18T06:52:31.565+00:00,True,33,33.0,,33.0,159800.72861000002,161757.874978,161757.87508300002,4901.75379039394,37.790839,159800.72861000002,27807.09106227429,79.772697,61.160824,9.40040328351258,0.20400861475515913,62,64,,True,True,,177,87.6246207195492
112,2026-09-18T06:49:50.203+00:00,2026-09-18T06:52:31.166+00:00,2026-09-18T06:52:31.684+00:00,True,9,9.0,,9.0,160962.937627,161481.392411,161481.39234000002,17942.376926666668,55.747586000000005,160962.937627,53632.71121765219,96613.772333,64.806848,10.820206082978958,0.05573397569605627,62,64,,True,True,,51,87.6246207195492
113,2026-09-18T06:49:50.802+00:00,2026-09-18T06:52:33.661+00:00,2026-09-18T06:52:38.824+00:00,True,80,80.0,,80.0,162859.186681,168022.019577,168022.019638,2100.275245475,35.520084000000004,162859.186681,18200.910302763812,94.98548575000001,65.3523151392405,15.246321594582119,0.47612807060290174,62,64,,True,True,,355,87.6246207195492
114,2026-09-18T06:49:51.447+00:00,2026-09-18T06:52:36.424+00:00,2026-09-18T06:52:37.863+00:00,True,23,23.0,,23.0,164976.748802,166415.629314,166415.62933,7235.462144782608,38.865558,164976.748802,34386.39696179574,117.45700149999999,65.40365963636363,17.922164475797146,0.13820817248242132,62,64,,True,True,,114,87.6246207195492
115,2026-09-18T06:49:51.903+00:00,2026-09-18T06:52:37.964+00:00,2026-09-18T06:52:43.640+00:00,True,91,91.0,,91.0,166061.589421,171737.49418900002,171737.49416300002,1887.2252105824177,36.447992,166061.589421,17401.376531579448,89.78711299999999,63.06560853333333,10.255490047515064,0.5298784661423612,62,64,,True,True,,250,87.6246207195492
116,2026-09-18T06:49:52.493+00:00,2026-09-18T06:52:40.246+00:00,2026-09-18T06:52:44.211+00:00,True,63,63.0,,63.0,167752.19855899998,171717.80623899997,171717.806207,2725.679463603174,36.280193,167752.19855899998,21126.73486080191,91.8111262,63.961414193548386,10.96577135016524,0.366880997258464,62,64,,True,True,,340,87.6246207195492
117,2026-09-18T06:49:53.154+00:00,2026-09-18T06:52:42.883+00:00,2026-09-18T06:52:48.612+00:00,True,92,92.0,,92.0,169728.630153,175457.660041,175457.659974,1907.1484779782609,35.800383000000004,169728.630153,17688.874013184126,90.84579754999999,62.9563723956044,13.015937615347665,0.5243430237158181,62,64,,True,True,,384,87.6246207195492
118,2026-09-18T06:49:53.545+00:00,2026-09-18T06:52:44.274+00:00,2026-09-18T06:52:48.875+00:00,True,74,74.0,,74.0,170729.820079,175330.322607,175330.322633,2369.32868422973,37.27652,170729.820079,19839.616485904528,93.0498343,63.020582575342466,12.736949415130653,0.4220604793266124,62,64,,True,True,,242,87.6246207195492
119,2026-09-18T06:49:54.203+00:00,2026-09-18T06:52:46.749+00:00,2026-09-18T06:52:50.877+00:00,True,67,67.0,,67.0,172545.02257300002,176673.55940500004,176673.55954900003,2636.9187992388065,33.226178,172545.02257300002,21072.090674105384,86.4586548,62.553588363636365,11.842499455784091,0.37923048715179636,62,64,,True,True,,302,87.6246207195492
120,2026-09-18T06:49:54.770+00:00,2026-09-18T06:52:49.060+00:00,2026-09-18T06:52:53.366+00:00,True,69,69.0,,69.0,174289.460499,178595.917331,178595.917374,2588.346628608696,34.095327,174289.460499,20974.364819887072,92.44612519999998,63.330247529411764,12.20669588476024,0.3863470175083517,62,64,,True,True,,279,87.6246207195492
121,2026-09-18T06:49:55.291+00:00,2026-09-18T06:52:50.994+00:00,2026-09-18T06:52:53.939+00:00,True,46,46.0,,46.0,175703.09196599998,178647.35283,178647.35287699997,3883.6381060217386,40.446475,175703.09196599998,25896.36391751319,93.91327975,65.42801920000001,12.959973325588532,0.2574905212492759,62,64,,True,True,,143,87.6246207195492
122,2026-09-18T06:49:55.792+00:00,2026-09-18T06:52:53.019+00:00,2026-09-18T06:52:59.382+00:00,True,98,98.0,,98.0,177227.335788,183589.719916,183589.719933,1873.3644891122449,36.863561000000004,177227.335788,17896.0438314704,99.25581434999998,65.5915889484536,13.662535948794154,0.5337989515144917,62,64,,True,True,,536,87.6246207195492
123,2026-09-18T06:49:56.208+00:00,2026-09-18T06:52:54.689+00:00,2026-09-18T06:52:55.294+00:00,True,10,10.0,,10.0,178480.23649799998,179085.28993799997,179085.290158,17908.5290158,60.378406999999996,178480.23649799998,56419.14789284278,98206.4450427,67.22816,10.360113240931684,0.055839315465061594,62,64,,True,True,,38,87.6246207195492
124,2026-09-18T06:49:56.846+00:00,2026-09-18T06:52:57.176+00:00,2026-09-18T06:53:01.672+00:00,True,72,72.0,,72.0,180329.709099,184826.500139,184826.499949,2567.034721513889,37.331160000000004,180329.709099,21244.598492413817,89.53331795,63.33508507042254,10.54031345685408,0.38955452787263684,62,64,,True,True,,351,87.6246207195492
125,2026-09-18T06:49:57.262+00:00,2026-09-18T06:52:58.703+00:00,2026-09-18T06:53:03.490+00:00,True,78,78.0,,78.0,181440.351474,186227.20869,186227.208742,2387.528317205128,37.751729,181440.351474,20537.0375772443,81.75660715,62.16697683116883,9.777394033575643,0.4188431999205948,62,64,,True,True,,331,87.6246207195492
126,2026-09-18T06:49:57.708+00:00,2026-09-18T06:53:00.107+00:00,2026-09-18T06:53:00.219+00:00,True,3,3.0,,3.0,182398.892452,182510.752676,182510.752853,60836.917617666666,43.536968,182398.892452,105275.75907021298,164165.8355501,55.930112,17.526654148619237,0.016437387693675854,62,64,,True,True,,6,87.6246207195492
127,2026-09-18T06:49:58.370+00:00,2026-09-18T06:53:03.108+00:00,2026-09-18T06:53:08.252+00:00,True,87,87.0,,87.0,184738.28430700002,189881.63790700003,189881.63780900004,2182.5475610229887,34.986675000000005,184738.28430700002,19799.61317970503,70.72321360000001,59.80643720930233,9.119357612181494,0.4581801640167584,62,64,,True,True,,384,87.6246207195492
128,2026-09-18T06:49:58.949+00:00,2026-09-18T06:53:05.092+00:00,2026-09-18T06:53:07.318+00:00,True,39,39.0,,39.0,186143.20201100002,188369.925595,188369.925541,4829.998090794872,37.951539,186143.20201100002,29797.38527310743,68.7723741,58.59798905263158,8.49583661414769,0.2070394192534267,62,64,,True,True,,195,87.6246207195492
129,2026-09-18T06:49:59.462+00:00,2026-09-18T06:53:06.990+00:00,2026-09-18T06:53:10.238+00:00,True,56,56.0,,56.0,187528.00022,190776.710108,190776.70995199998,3406.7269634285713,36.841011,187528.00022,25051.592688489734,75.14840225000002,59.067452509090906,11.93728474897114,0.2935368786278892,62,64,,True,True,,228,87.6246207195492
130,2026-09-18T06:49:59.855+00:00,2026-09-18T06:53:08.438+00:00,2026-09-18T06:53:13.340+00:00,True,81,81.0,,81.0,188583.14554,193485.210948,193485.21105399998,2388.7063093086417,34.920404000000005,188583.14554,20946.877132832164,69.83093,61.2758176,10.740921697723378,0.4186366472307235,62,64,,True,True,,426,87.6246207195492
131,2026-09-18T06:50:00.229+00:00,2026-09-18T06:53:10.300+00:00,2026-09-18T06:53:12.841+00:00,True,42,42.0,,42.0,190070.69184400002,192611.90195600002,192611.901897,4585.9976642142865,39.198866,190070.69184400002,29318.9824728253,91.56239035,61.98073443902439,10.477373194714518,0.21805506084247284,62,64,,True,True,,178,87.6246207195492
132,2026-09-18T06:50:00.682+00:00,2026-09-18T06:53:11.922+00:00,2026-09-18T06:53:16.450+00:00,True,72,72.0,,72.0,191239.35712,195767.32896,195767.328782,2718.9906775277777,38.627357,191239.35712,22530.261942510966,94.79134180000001,63.774251267605635,12.529577690637094,0.3677835335573861,62,64,,True,True,,331,87.6246207195492
133,2026-09-18T06:50:01.130+00:00,2026-09-18T06:53:13.154+00:00,2026-09-18T06:53:17.650+00:00,True,72,72.0,,72.0,192024.195393,196520.209729,196520.209625,2729.447355902778,37.25178,192024.195393,22622.80898599475,93.2933441,63.32414557746479,12.40941146796009,0.3663745326716652,62,64,,True,True,,455,87.6246207195492
134,2026-09-18T06:50:02.639+00:00,2026-09-18T06:53:17.081+00:00,2026-09-18T06:53:17.203+00:00,True,3,3.0,,3.0,194441.250203,194563.361691,194563.361505,64854.453835,55.948875,194441.250203,112225.45776591996,175003.74142540002,61.055744,7.221947428407937,0.015419141476207193,62,64,,True,True,,5,87.6246207195492
135,2026-09-18T06:50:02.660+00:00,2026-09-18T06:53:19.372+00:00,2026-09-18T06:53:22.368+00:00,True,50,50.0,,50.0,196712.081921,199707.865601,199707.86574500002,3994.1573149,39.207457000000005,196712.081921,27810.64620286896,93.91262230000001,61.138442448979596,13.205387123237871,0.25036570216966775,62,64,,True,True,,245,87.6246207195492
136,2026-09-18T06:50:02.861+00:00,2026-09-18T06:53:20.215+00:00,2026-09-18T06:53:21.568+00:00,True,23,23.0,,23.0,197353.54759799998,198706.67143799996,198706.67150099998,8639.420500043478,40.747203,197353.54759799998,41138.236659555245,91.7507923,61.505629090909096,13.552488911295212,0.11574850423266443,62,64,,True,True,,107,87.6246207195492
137,2026-09-18T06:50:03.298+00:00,2026-09-18T06:53:22.146+00:00,2026-09-18T06:53:25.419+00:00,True,53,53.0,,53.0,198847.77245699998,202120.80055299998,202120.80060199997,3813.60001135849,36.929811,198847.77245699998,27305.1998093883,99.42703459999998,62.942848,13.980008947914891,0.26221942449759084,62,64,,True,True,,182,87.6246207195492
138,2026-09-18T06:50:03.779+00:00,2026-09-18T06:53:23.986+00:00,2026-09-18T06:53:26.478+00:00,True,41,41.0,,41.0,200206.361787,202698.774715,202698.774651,4943.872552463415,33.408597,200206.361787,31257.251597026636,89.560972,62.310323200000006,11.76842156055037,0.20227058628078592,62,64,,True,True,,184,87.6246207195492
139,2026-09-18T06:50:04.419+00:00,2026-09-18T06:53:26.599+00:00,2026-09-18T06:53:28.321+00:00,True,28,28.0,,28.0,202180.000875,203902.260075,203902.259888,7282.223567428571,41.12189299999999,202180.000875,38196.376199534934,96.40168555,63.78737777777778,13.022467109976942,0.1373206946784256,62,64,,True,True,,113,87.6246207195492
140,2026-09-18T06:50:05.062+00:00,2026-09-18T06:53:28.910+00:00,2026-09-18T06:53:30.167+00:00,True,22,22.0,,22.0,203848.236523,205104.880619,205104.880526,9322.949114818182,34.875065,203848.236523,43447.833302190964,89.85543625,59.84019504761905,10.54687913606067,0.10726219646068245,62,64,,True,True,,121,87.6246207195492
141,2026-09-18T06:50:05.705+00:00,2026-09-18T06:53:31.456+00:00,2026-09-18T06:53:35.630+00:00,True,68,68.0,,68.0,205750.802025,209925.11344900003,209925.11335700002,3087.1340199558826,38.825457,205750.802025,24943.39706700481,89.379172,62.30315558208955,11.798574809542671,0.3239250363273957,62,64,,True,True,,135,87.6246207195492
142,2026-09-18T06:50:06.163+00:00,2026-09-18T06:53:33.582+00:00,2026-09-18T06:53:39.546+00:00,True,95,95.0,,95.0,207418.64591800002,213382.93724600002,213382.93723500002,2246.1361814210527,34.420745000000004,207418.64591800002,21274.197573223857,92.121742,63.44990774468085,11.990923727602723,0.44520898074656545,62,64,,True,True,,462,87.6246207195492
143,2026-09-18T06:50:06.694+00:00,2026-09-18T06:53:35.402+00:00,2026-09-18T06:53:41.609+00:00,True,100,100.0,,100.0,208708.234068,214915.24744399998,214915.24740199998,2149.1524740199998,35.732102,208708.234068,20864.557009775937,92.96670345000001,62.69710480808081,11.818487579044346,0.46529969925031395,62,64,,True,True,,457,87.6246207195492
144,2026-09-18T06:50:07.333+00:00,2026-09-18T06:53:38.139+00:00,2026-09-18T06:53:42.139+00:00,True,64,64.0,,64.0,210806.805671,214806.671527,214806.67149900002,3356.3542421718753,35.107685,210806.805671,26342.916959623803,92.3412795,63.489934222222224,11.5514326819055,0.2979423290023632,62,64,,True,True,,387,87.6246207195492
145,2026-09-18T06:50:07.817+00:00,2026-09-18T06:53:39.979+00:00,2026-09-18T06:53:43.809+00:00,True,63,63.0,,63.0,212161.550869,215991.681045,215991.681114,3428.4393827619047,33.653438,212161.550869,26722.062093070468,90.09625410000001,61.776293161290326,11.060842063798251,0.29167790025614226,62,64,,True,True,,270,87.6246207195492
146,2026-09-18T06:50:08.414+00:00,2026-09-18T06:53:42.095+00:00,2026-09-18T06:53:43.555+00:00,True,26,26.0,,26.0,213680.594318,215140.51572599998,215140.515621,8274.635216192308,37.88078,213680.594318,41894.760556870155,65.98386875,58.39685632,8.408886409182921,0.12085124883270822,62,64,,True,True,,97,87.6246207195492
147,2026-09-18T06:50:09.065+00:00,2026-09-18T06:53:44.494+00:00,2026-09-18T06:53:50.580+00:00,True,96,96.0,,96.0,215428.142488,221514.38453600003,221514.38461,2307.441506354167,0.02035,215428.142488,21980.514737298723,93.06672575,64.06570576842105,21.7972095685377,0.43338043351490924,62,64,,True,True,,495,87.6246207195492
148,2026-09-18T06:50:09.583+00:00,2026-09-18T06:53:46.513+00:00,2026-09-18T06:53:47.183+00:00,True,11,11.0,,11.0,216929.686152,217599.588232,217599.588311,19781.780755545456,58.6434,216929.686152,65386.56368284129,108511.029045,66.990208,9.661347907280572,0.05055156624778185,62,64,,True,True,,72,87.6246207195492
149,2026-09-18T06:50:09.982+00:00,2026-09-18T06:53:48.246+00:00,2026-09-18T06:53:50.387+00:00,True,35,35.0,,35.0,218264.190769,220405.172017,220405.17205,6297.29063,0.01779,218264.190769,36882.751017353214,113.48704179999999,62.97003670588236,31.432343771340207,0.1587984514142909,62,64,,True,True,,145,87.6246207195492
150,2026-09-18T06:50:10.489+00:00,2026-09-18T06:53:50.347+00:00,2026-09-18T06:53:52.594+00:00,True,37,37.0,,37.0,219857.81298,222104.280564,222104.280394,6002.818389027027,38.117769,219857.81298,36134.14522941832,93.41736080000001,62.40187733333334,12.871970497806126,0.16658841471242308,62,64,,True,True,,134,87.6246207195492
151,2026-09-18T06:50:11.071+00:00,2026-09-18T06:53:52.190+00:00,2026-09-18T06:53:53.564+00:00,True,23,23.0,,23.0,221119.171221,222493.120149,222493.120242,9673.613923565217,36.695581,221119.171221,46093.51340175165,85.12196970000001,62.452224,10.618986419267456,0.10337398291056046,62,64,,True,True,,94,87.6246207195492
152,2026-09-18T06:50:11.683+00:00,2026-09-18T06:53:54.778+00:00,2026-09-18T06:53:57.125+00:00,True,38,38.0,,38.0,223095.279729,225442.243697,225442.243795,5932.6906261842105,54.396438,223095.279729,36180.54388713496,72.56931895,63.431458594594595,6.120633261795509,0.16855758431446835,62,64,,True,True,,178,87.6246207195492
153,2026-09-18T06:50:12.211+00:00,2026-09-18T06:53:56.745+00:00,2026-09-18T06:53:58.272+00:00,True,25,25.0,,25.0,224534.593009,226061.130225,226061.130271,9042.44521084,55.605446,224534.593009,44894.19810107787,90.1468612,63.60571733333334,7.762502632042966,0.11058955590957786,62,64,,True,True,,117,87.6246207195492
154,2026-09-18T06:50:12.872+00:00,2026-09-18T06:53:59.123+00:00,2026-09-18T06:54:03.661+00:00,True,73,73.0,,73.0,226251.001097,230788.637449,230788.637522,3161.4881852328767,37.555499000000005,226251.001097,26473.30249007406,89.1225108,63.02272711111111,10.41385551097694,0.3163067333249092,62,64,,True,True,,330,87.6246207195492
155,2026-09-18T06:50:13.358+00:00,2026-09-18T06:54:01.104+00:00,2026-09-18T06:54:03.304+00:00,True,36,36.0,,36.0,227745.705146,229945.472186,229945.472048,6387.374223555556,36.412792,227745.705146,37947.14394205437,89.30615250000001,62.85048685714286,10.818924563052589,0.15655885570506062,62,64,,True,True,,148,87.6246207195492
156,2026-09-18T06:50:13.872+00:00,2026-09-18T06:54:03.116+00:00,2026-09-18T06:54:08.235+00:00,True,83,83.0,,83.0,229244.113697,234363.208737,234363.208873,2823.6531189518073,35.720253,229244.113697,25155.960728591832,92.2101816,62.427988292682926,11.493841288615473,0.35415115046125584,62,64,,True,True,,388,87.6246207195492
157,2026-09-18T06:50:14.263+00:00,2026-09-18T06:54:04.430+00:00,2026-09-18T06:54:05.577+00:00,True,20,20.0,,20.0,230167.004709,231313.982757,231313.982641,11565.69913205,40.376684999999995,230167.004709,51453.408843536025,11575.180482050002,60.36726568421052,7.387697442588523,0.08646256383476136,62,64,,True,True,,62,87.6246207195492
158,2026-09-18T06:50:14.773+00:00,2026-09-18T06:54:06.260+00:00,2026-09-18T06:54:11.459+00:00,True,82,82.0,,82.0,231486.491944,236685.42698400002,236685.42701100002,2886.40764647561,37.721788999999994,231486.491944,25556.32244534252,92.868682,64.18438320987654,14.122097554501376,0.346451410401128,62,64,,True,True,,346,87.6246207195492
159,2026-09-18T06:50:15.335+00:00,2026-09-18T06:54:08.649+00:00,2026-09-18T06:54:12.713+00:00,True,66,66.0,,66.0,233314.359275,237378.644203,237378.644287,3596.646125560606,36.741040999999996,233314.359275,28711.318712035416,94.27616825,62.527460430769224,13.13980452307309,0.27803680580279383,62,64,,True,True,,345,87.6246207195492
160,2026-09-18T06:50:15.926+00:00,2026-09-18T06:54:10.893+00:00,2026-09-18T06:54:11.329+00:00,True,7,7.0,,7.0,234967.20754499998,235403.19781699998,235403.197689,33629.02824128571,60.351907,234967.20754499998,88781.7930479636,164504.9244423,72.66504533333332,15.108367486494823,0.029736214566811994,62,64,,True,True,,26,87.6246207195492
161,2026-09-18T06:50:17.287+00:00,2026-09-18T06:54:13.450+00:00,2026-09-18T06:54:14.302+00:00,True,15,15.0,,15.0,236163.724088,237015.78399199998,237015.783913,15801.052260866665,36.495252,236163.724088,60961.497820941106,70902.478645,60.86142171428572,10.331436998883891,0.06328692438688512,62,64,,True,True,,48,87.6246207195492
162,2026-09-18T06:50:17.332+00:00,2026-09-18T06:54:15.351+00:00,2026-09-18T06:54:17.694+00:00,True,37,37.0,,37.0,238018.708854,240361.657206,240361.657118,6496.261003189189,36.279052,238018.708854,39119.33839648963,106.91641599999998,65.08189866666666,15.792042644955243,0.15393470169116638,62,64,,True,True,,156,87.6246207195492
163,2026-09-18T06:50:17.446+00:00,2026-09-18T06:54:16.960+00:00,2026-09-18T06:54:20.643+00:00,True,58,58.0,,58.0,239514.202841,243197.540313,243197.540416,4193.061041655173,41.203832999999996,239514.202841,31441.272112418967,95.06936524999999,64.6199556491228,9.909530685817403,0.23848925414851177,62,64,,True,True,,317,87.6246207195492
164,2026-09-18T06:50:17.831+00:00,2026-09-18T06:54:18.632+00:00,2026-09-18T06:54:21.487+00:00,True,46,46.0,,46.0,240801.30712,243655.44625600002,243655.446277,5296.85752776087,38.581998,240801.30712,35494.86505999196,86.64851299999998,63.42531413333333,7.837325816585126,0.18879118323367766,62,64,,True,True,,70,87.6246207195492
165,2026-09-18T06:50:18.386+00:00,2026-09-18T06:54:20.764+00:00,2026-09-18T06:54:26.005+00:00,True,85,85.0,,85.0,242378.047134,247618.400158,247618.400114,2913.1576483999997,36.337882,242378.047134,26282.825816201046,82.68895739999999,62.385155047619044,10.49713006553306,0.3432701283336106,62,64,,True,True,,401,87.6246207195492
166,2026-09-18T06:50:18.946+00:00,2026-09-18T06:54:23.151+00:00,2026-09-18T06:54:23.860+00:00,True,13,13.0,,13.0,244205.912867,244914.68086700002,244914.68089000002,18839.590837692307,37.723559,244205.912867,67714.15414641208,97740.89502560001,59.064,15.659422391254342,0.053079709039817013,62,64,,True,True,,58,87.6246207195492
167,2026-09-18T06:50:19.513+00:00,2026-09-18T06:54:25.240+00:00,2026-09-18T06:54:25.691+00:00,True,8,8.0,,8.0,245727.243193,246177.943481,246177.94349900002,30772.242937375002,41.143884,245727.243193,86854.93750530427,159756.2667618,64.38575542857143,16.333104785238014,0.03249681871120773,62,64,,True,True,,22,87.6246207195492
168,2026-09-18T06:50:20.053+00:00,2026-09-18T06:54:27.447+00:00,2026-09-18T06:54:33.466+00:00,True,96,96.0,,96.0,247393.422958,253412.78449400002,253412.784419,2639.716504364583,34.037425999999996,247393.422958,25243.021425028255,93.9528665,63.36170037894737,11.851360952354632,0.3788285590708742,62,64,,True,True,,373,87.6246207195492
169,2026-09-18T06:50:20.503+00:00,2026-09-18T06:54:29.223+00:00,2026-09-18T06:54:32.483+00:00,True,53,53.0,,53.0,248719.997162,251980.077802,251980.077748,4754.341089584906,38.792478,248719.997162,34155.70875430896,82.7184334,62.69385846153846,9.669615983628205,0.21033408856094626,62,64,,True,True,,236,87.6246207195492
170,2026-09-18T06:50:21.146+00:00,2026-09-18T06:54:31.530+00:00,2026-09-18T06:54:31.584+00:00,True,2,2.0,,2.0,250384.03455,250438.304502,250438.304588,125219.152294,54.270038,250384.03455,177009.87401926678,237867.5463244,54.269952,nan,0.007985998803086562,62,64,,True,True,,12,87.6246207195492
171,2026-09-18T06:50:21.727+00:00,2026-09-18T06:54:33.652+00:00,2026-09-18T06:54:39.361+00:00,True,92,92.0,,92.0,251924.84202799998,257634.07594799998,257634.075819,2800.3703893369566,34.671536,251924.84202799998,26258.44196313241,90.77467424999999,62.73883428571428,11.58536838474113,0.35709561967481734,62,64,,True,True,,361,87.6246207195492
172,2026-09-18T06:50:22.261+00:00,2026-09-18T06:54:35.747+00:00,2026-09-18T06:54:40.643+00:00,True,78,78.0,,78.0,253486.052161,258382.523713,258382.523672,3312.5964573333335,36.112643,253486.052161,28694.446321540032,92.78071465000001,63.59053963636363,13.203873117625452,0.30187800196053116,62,64,,True,True,,290,87.6246207195492
173,2026-09-18T06:50:22.900+00:00,2026-09-18T06:54:38.211+00:00,2026-09-18T06:54:38.269+00:00,True,2,2.0,,2.0,255311.388827,255369.00751499998,255369.007438,127684.503719,57.618610999999994,255311.388827,180491.67184316638,242548.70031619995,57.618688,nan,0.007831803943094085,62,64,,True,True,,3,87.6246207195492
174,2026-09-18T06:50:23.556+00:00,2026-09-18T06:54:40.457+00:00,2026-09-18T06:54:41.139+00:00,True,12,12.0,,12.0,256901.00051100002,257582.36217500002,257582.36206500002,21465.196838750002,58.360150000000004,256901.00051100002,74143.04985538177,115643.04704800001,61.94196945454545,3.097258555077776,0.04658704073785637,62,64,,True,True,,55,87.6246207195492
175,2026-09-18T06:50:24.215+00:00,2026-09-18T06:54:42.894+00:00,2026-09-18T06:54:48.478+00:00,True,93,93.0,,93.0,258679.355044,264263.34122,264263.341131,2841.541302483871,35.109574,258679.355044,26817.50730658277,71.76989760000001,60.69550191304348,9.245428548280875,0.35192168376686506,62,64,,True,True,,418,87.6246207195492
176,2026-09-18T06:50:24.807+00:00,2026-09-18T06:54:44.990+00:00,2026-09-18T06:54:48.436+00:00,True,58,58.0,,58.0,260182.36237400002,263628.563974,263628.563983,4545.320068672414,35.384514,260182.36237400002,34155.680663220504,87.18052469999999,60.459677192982454,10.25143608397647,0.22000650887633016,62,64,,True,True,,277,87.6246207195492
177,2026-09-18T06:50:25.214+00:00,2026-09-18T06:54:46.271+00:00,2026-09-18T06:54:46.460+00:00,True,4,4.0,,4.0,261056.620466,261245.739954,261245.74013299998,65311.435033249996,61.848725,261056.620466,130496.79029646915,221907.88778194998,63.03982933333334,1.7662169566996386,0.015311254456070051,62,64,,True,True,,12,87.6246207195492
178,2026-09-18T06:50:25.678+00:00,2026-09-18T06:54:47.990+00:00,2026-09-18T06:54:48.773+00:00,True,15,15.0,,15.0,262312.204383,263095.13660699996,263095.136627,17539.67577513333,36.604561000000004,262312.204383,67714.2810597234,78739.2503395,55.923730285714285,9.088390645088097,0.05701359665346587,62,64,,True,True,,70,87.6246207195492
179,2026-09-18T06:50:26.329+00:00,2026-09-18T06:54:50.555+00:00,2026-09-18T06:54:55.760+00:00,True,88,88.0,,88.0,264225.24309400003,269430.993366,269430.993458,3061.7158347500003,34.163456,264225.24309400003,28160.128759010317,69.5065195,59.8362100229885,10.034020491087372,0.3266142432264991,62,64,,True,True,,367,87.6246207195492
180,2026-09-18T06:50:26.948+00:00,2026-09-18T06:54:52.847+00:00,2026-09-18T06:54:53.276+00:00,True,8,8.0,,8.0,265898.180155,266327.118651,266327.118472,33290.889809,55.492756,265898.180155,93987.53857393567,172857.84085995003,61.276928,4.296365734380939,0.03003824785294714,62,64,,True,True,,43,87.6246207195492
181,2026-09-18T06:50:27.451+00:00,2026-09-18T06:54:54.529+00:00,2026-09-18T06:55:00.808+00:00,True,100,100.0,,100.0,267078.16343200003,273357.52727200004,273357.52743300004,2733.5752743300004,35.028383999999996,267078.16343200003,26701.47647107167,92.79070519999999,63.427917575757576,12.550551303533712,0.36582127808207965,62,64,,True,True,,391,87.6246207195492
182,2026-09-18T06:50:27.907+00:00,2026-09-18T06:54:56.300+00:00,2026-09-18T06:54:56.636+00:00,True,6,6.0,,6.0,268393.813187,268729.001667,268729.001579,44788.16692983333,58.183981,268393.813187,109543.94812589994,201318.44704425,67.037696,14.224383811100711,0.022327325903718425,62,64,,True,True,,22,87.6246207195492
183,2026-09-18T06:50:28.512+00:00,2026-09-18T06:54:58.891+00:00,2026-09-18T06:55:04.510+00:00,True,90,90.0,,90.0,270378.360237,275997.719469,275997.719346,3066.6413260666664,37.55981,270378.360237,28493.72860428659,91.49808745,63.1388677752809,11.792531952602427,0.3260896509331802,62,64,,True,True,,301,87.6246207195492
184,2026-09-18T06:50:28.879+00:00,2026-09-18T06:55:00.329+00:00,2026-09-18T06:55:02.437+00:00,True,34,34.0,,34.0,271449.91209600004,273557.94384,273557.94396100007,8045.821881205884,39.506916,271449.91209600004,46542.32172833064,91.33146914999999,63.87974981818182,10.52573536450908,0.12428811067495849,62,64,,True,True,,137,87.6246207195492
185,2026-09-18T06:50:29.404+00:00,2026-09-18T06:55:02.166+00:00,2026-09-18T06:55:03.144+00:00,True,17,17.0,,17.0,272761.623599,273739.438383,273739.438355,16102.319903235293,36.050312,272761.623599,66139.59012592759,54630.118646200004,61.113424,14.266417192364226,0.06210285262664493,62,64,,True,True,,86,87.6246207195492
186,2026-09-18T06:50:29.922+00:00,2026-09-18T06:55:03.717+00:00,2026-09-18T06:55:05.180+00:00,True,24,24.0,,24.0,273794.931254,275258.20472599997,275258.204659,11469.091860791666,43.800688,273794.931254,55875.171282975694,93.03504215000001,63.62058573913044,13.100485085384799,0.08719086148182321,62,64,,True,True,,99,87.6246207195492
187,2026-09-18T06:50:30.421+00:00,2026-09-18T06:55:06.113+00:00,2026-09-18T06:55:11.601+00:00,True,90,90.0,,90.0,275691.838791,281180.339783,281180.339744,3124.225997155556,35.802903,275691.838791,29053.973072301367,87.0309503,61.66855047191011,11.051489270856873,0.3200792774824058,62,64,,True,True,,399,87.6246207195492
188,2026-09-18T06:50:30.876+00:00,2026-09-18T06:55:08.008+00:00,2026-09-18T06:55:10.338+00:00,True,40,40.0,,40.0,277131.785984,279461.811456,279461.81153400004,6986.54528835,35.363502999999994,277131.785984,43808.93807436435,91.62514315,59.744242871794874,12.298129798421014,0.14313225764765292,62,64,,True,True,,181,87.6246207195492
189,2026-09-18T06:50:31.256+00:00,2026-09-18T06:55:09.369+00:00,2026-09-18T06:55:12.004+00:00,True,44,44.0,,44.0,278113.171681,280747.977953,280747.977899,6380.635861340908,37.17722,278113.171681,41917.90227291051,90.65292979999998,61.27456446511628,11.6884598780638,0.15672419199886825,62,64,,True,True,,195,87.6246207195492
190,2026-09-18T06:50:31.666+00:00,2026-09-18T06:55:10.946+00:00,2026-09-18T06:55:14.458+00:00,True,57,57.0,,57.0,279279.47269,282791.71973,282791.719682,4961.258240035088,36.691891000000005,279279.47269,36983.16429433243,91.332898,62.71869714285714,11.527305238321059,0.20156177152011975,62,64,,True,True,,268,87.6246207195492
192,2026-09-18T06:50:32.484+00:00,2026-09-18T06:55:13.298+00:00,2026-09-18T06:55:17.396+00:00,True,67,67.0,,67.0,280814.404796,284912.198332,284912.198279,4252.420869835821,37.741,280814.404796,34299.3566426002,88.8196803,62.087780848484854,12.010609037232776,0.23516016650830382,62,64,,True,True,,258,87.6246207195492
193,2026-09-18T06:50:33.050+00:00,2026-09-18T06:55:15.429+00:00,2026-09-18T06:55:19.363+00:00,True,66,66.0,,66.0,282379.359123,286312.773267,286312.773314,4338.072322939394,38.697797,282379.359123,34751.04869369088,70.1941755,60.51406375384615,8.906842953074,0.2305171342755705,62,64,,True,True,,284,87.6246207195492
191,2026-09-18T06:50:32.109+00:00,2026-09-18T06:55:15.659+00:00,2026-09-18T06:55:16.195+00:00,True,10,10.0,,10.0,283549.732717,284086.546797,284086.54674,28408.654674,40.825873,283549.732717,89647.43711647905,155982.4168261,59.646008888888886,7.867288899782892,0.035200540513964255,62,64,,True,True,,26,87.6246207195492
194,2026-09-18T06:50:33.660+00:00,2026-09-18T06:55:18.085+00:00,2026-09-18T06:55:20.464+00:00,True,39,39.0,,39.0,284425.45657599997,286804.58515199996,286804.58537199994,7353.963727487178,36.142753,284425.45657599997,45534.49891558954,90.69490400000001,62.608646736842104,9.989127036032148,0.13598108963052624,62,64,,True,True,,199,87.6246207195492
195,2026-09-18T06:50:34.791+00:00,2026-09-18T06:55:19.360+00:00,2026-09-18T06:55:19.360+00:00,True,1,1.0,,1.0,284569.44233999995,284569.44233999995,284569.44233999995,284569.44233999995,284569.44233999995,284569.44233999995,nan,284569.44233999995,nan,nan,0.0035140807522306373,62,64,,True,True,,4,87.6246207195492
196,2026-09-18T06:50:34.969+00:00,2026-09-18T06:55:22.586+00:00,2026-09-18T06:55:25.354+00:00,True,46,46.0,,46.0,287616.937578,290385.207658,290385.20766300004,6312.721905717392,40.541413999999996,287616.937578,42397.734832087335,84.46775549999998,61.51711288888889,9.92462842888212,0.15841027293021176,62,64,,True,True,,187,87.6246207195492
197,2026-09-18T06:50:35.289+00:00,2026-09-18T06:55:24.183+00:00,2026-09-18T06:55:26.494+00:00,True,38,38.0,,38.0,288894.458431,291205.570879,291205.570965,7663.304499078948,34.425394999999995,288894.458431,46854.73835364634,92.34719960000001,62.4624985945946,12.042872216837761,0.1304920090824414,62,64,,True,True,,231,87.6246207195492
198,2026-09-18T06:50:35.750+00:00,2026-09-18T06:55:26.341+00:00,2026-09-18T06:55:30.128+00:00,True,63,63.0,,63.0,290590.868893,294378.549661,294378.549687,4672.675391857143,38.322578,290590.868893,36603.31328226122,91.28288180000001,61.09162529032258,11.878003048579886,0.2140101582555843,62,64,,True,True,,306,87.6246207195492
199,2026-09-18T06:50:36.293+00:00,2026-09-18T06:55:28.119+00:00,2026-09-18T06:55:32.987+00:00,True,80,80.0,,80.0,291826.065948,296693.258268,296693.258258,3708.665728225,38.121279,291826.065948,32620.259693875898,89.6795018,61.61002936708861,11.060043116713414,0.2696387523835706,62,64,,True,True,,390,87.6246207195492
200,2026-09-18T06:50:36.954+00:00,2026-09-18T06:55:30.604+00:00,2026-09-18T06:55:34.707+00:00,True,66,66.0,,66.0,293650.197006,297752.70759799995,297752.70767,4511.4046616666665,35.700513,293650.197006,36138.07298894167,92.4140815,63.11554756923077,10.137765663103288,0.22166045283829125,62,64,,True,True,,289,87.6246207195492
201,2026-09-18T06:50:37.398+00:00,2026-09-18T06:55:32.280+00:00,2026-09-18T06:55:32.816+00:00,True,10,10.0,,10.0,294882.89613,295418.491394,295418.491295,29541.849129500002,41.162322999999994,294882.89613,93231.3409029452,162215.6920413,59.510584888888886,8.180455674533976,0.03385028456686209,62,64,,True,True,,47,87.6246207195492
202,2026-09-18T06:50:37.828+00:00,2026-09-18T06:55:33.698+00:00,2026-09-18T06:55:33.858+00:00,True,4,4.0,,4.0,295870.16943400004,296030.04706600006,296030.04716400005,74007.51179100001,39.541655,295870.16943400004,147908.43895396587,251500.10227540002,53.292544,15.26739229175906,0.013512141891151332,62,64,,True,True,,22,87.6246207195492
203,2026-09-18T06:50:38.320+00:00,2026-09-18T06:55:35.892+00:00,2026-09-18T06:55:36.342+00:00,True,8,8.0,,8.0,297571.801606,298021.393926,298021.393963,37252.674245375,57.841131000000004,297571.801606,105184.8116974538,193448.0799047,64.22747428571428,5.817188383732635,0.02684371042834071,62,64,,True,True,,30,87.6246207195492
204,2026-09-18T06:50:38.871+00:00,2026-09-18T06:55:38.027+00:00,2026-09-18T06:55:38.889+00:00,False,16,15.0,,15.0,299155.952958,300017.70835000003,300017.708172,18751.10676075,0.023420000000000003,299155.952958,74774.6273644973,74842.768584,57.45035946666667,16.561969445228726,0.0499970487825373,62,64,,True,False,Request timeout: 300.0s exceeded,74,87.6246207195492
205,2026-09-18T06:50:39.236+00:00,2026-09-18T06:55:39.265+00:00,2026-09-18T06:55:39.265+00:00,False,1,0.0,,0.0,300029.58562800003,300029.58562800003,300029.58562800003,300029.58562800003,300029.58562800003,300029.58562800003,nan,300029.58562800003,nan,nan,0.0,62,64,,True,False,TTFT timeout: 300.0s exceeded (TTFT: 300.017s),0,87.6246207195492
206,2026-09-18T06:50:39.625+00:00,2026-09-18T06:55:39.731+00:00,2026-09-18T06:55:39.731+00:00,False,1,0.0,,0.0,300105.942304,300105.942304,300105.942304,300105.942304,300105.942304,300105.942304,nan,300105.942304,nan,nan,0.0,62,64,,True,False,"HTTPConnectionPool(host='gpu03', port=9002): Read timed out.",0,87.6246207195492
207,2026-09-18T06:50:40.231+00:00,2026-09-18T06:55:40.158+00:00,2026-09-18T06:55:40.320+00:00,False,4,3.0,,3.0,299926.567124,300088.320468,300088.320351,75022.08008775,0.03658,299926.567124,149936.329829357,254951.44698095,53.91778133333334,48.076556950922736,0.009997056850867696,62,64,,True,False,Request timeout: 300.0s exceeded,11,87.6246207195492
208,2026-09-18T06:50:40.609+00:00,2026-09-18T06:55:40.610+00:00,2026-09-18T06:55:40.670+00:00,False,3,2.0,,2.0,300001.119725,300060.926701,300060.926523,100020.308841,0.06931999999999999,300001.119725,173188.4650646194,270006.9815003,29.903488,42.1918058117579,0.006665313014889568,62,64,,True,False,Request timeout: 300.0s exceeded,6,87.6246207195492
209,2026-09-18T06:50:41.264+00:00,2026-09-18T06:55:41.297+00:00,2026-09-18T06:55:41.297+00:00,False,1,0.0,,0.0,300032.90705800004,300032.90705800004,300032.90705800004,300032.90705800004,300032.90705800004,300032.90705800004,nan,300032.90705800004,nan,nan,0.0,62,64,,True,False,TTFT timeout: 300.0s exceeded (TTFT: 300.026s),0,87.6246207195492
210,2026-09-18T06:50:41.667+00:00,2026-09-18T06:55:41.615+00:00,2026-09-18T06:55:41.682+00:00,False,3,2.0,,2.0,299947.089368,300014.4806,300014.480552,100004.82685066666,0.040049999999999995,299947.089368,173155.0819009023,269959.1155446,33.695616,47.59631910688893,0.006666344891087234,62,64,,True,False,Request timeout: 300.0s exceeded,6,87.6246207195492
211,2026-09-18T06:50:42.032+00:00,2026-09-18T06:55:42.139+00:00,2026-09-18T06:55:42.139+00:00,False,1,0.0,,0.0,300106.919259,300106.919259,300106.919259,300106.919259,300106.919259,300106.919259,nan,300106.919259,nan,nan,0.0,62,64,,True,False,"HTTPConnectionPool(host='gpu03', port=9002): Read timed out.",0,87.6246207195492
212,2026-09-18T06:50:42.662+00:00,2026-09-18T06:55:42.748+00:00,2026-09-18T06:55:42.748+00:00,False,1,0.0,,0.0,300086.107752,300086.107752,300086.107752,300086.107752,300086.107752,300086.107752,nan,300086.107752,nan,nan,0.0,62,64,,True,False,TTFT timeout: 300.0s exceeded (TTFT: 300.077s),0,87.6246207195492
213,2026-09-18T06:50:43.178+00:00,2026-09-18T06:55:43.053+00:00,2026-09-18T06:55:43.209+00:00,False,4,3.0,,3.0,299875.247384,300031.485208,300031.485421,75007.87135525,0.03773,299875.247384,149911.5888216992,254907.37645085,52.07927466666666,46.4743593445348,0.009998950603201589,62,64,,True,False,Request timeout: 300.0s exceeded,8,87.6246207195492
214,2026-09-18T06:50:43.655+00:00,2026-09-18T06:55:43.766+00:00,2026-09-18T06:55:43.766+00:00,False,1,0.0,,0.0,300111.13120999996,300111.13120999996,300111.13120999996,300111.13120999996,300111.13120999996,300111.13120999996,nan,300111.13120999996,nan,nan,0.0,62,64,,True,False,"HTTPConnectionPool(host='gpu03', port=9002): Read timed out.",0,87.6246207195492
215,2026-09-18T06:50:44.191+00:00,2026-09-18T06:55:44.255+00:00,2026-09-18T06:55:44.255+00:00,False,1,0.0,,0.0,300063.48952600005,300063.48952600005,300063.48952600005,300063.48952600005,300063.48952600005,300063.48952600005,nan,300063.48952600005,nan,nan,0.0,62,64,,True,False,TTFT timeout: 300.0s exceeded (TTFT: 300.059s),0,87.6246207195492
216,2026-09-18T06:50:44.832+00:00,2026-09-18T06:55:44.568+00:00,2026-09-18T06:55:45.858+00:00,False,23,22.0,,22.0,299736.24998400005,301026.05811200006,301026.05829400005,13088.08949104348,0.03706,299736.24998400005,62487.106630806906,92.7484305,58.62764218181818,19.15994187397457,0.07308337403738868,62,64,,True,False,Request timeout: 300.0s exceeded,101,87.6246207195492
217,2026-09-18T06:50:45.386+00:00,2026-09-18T06:55:45.691+00:00,2026-09-18T06:55:45.911+00:00,False,6,5.0,,5.0,300304.658403,300525.15888299997,300525.158819,50087.52646983333,0.023809999999999998,300304.658403,122580.86192514167,225245.05259374998,44.100096,26.533597982360703,0.01663754215648412,62,64,,True,False,Request timeout: 300.0s exceeded,29,87.6246207195492
218,2026-09-18T06:50:45.993+00:00,2026-09-18T06:55:46.094+00:00,2026-09-18T06:55:46.094+00:00,False,1,0.0,,0.0,300101.04968,300101.04968,300101.04968,300101.04968,300101.04968,300101.04968,nan,300101.04968,nan,nan,0.0,62,64,,True,False,"HTTPConnectionPool(host='gpu03', port=9002): Read timed out.",0,87.6246207195492
219,2026-09-18T06:50:46.643+00:00,2026-09-18T06:55:46.750+00:00,2026-09-18T06:55:46.750+00:00,False,1,0.0,,0.0,300107.22807099996,300107.22807099996,300107.22807099996,300107.22807099996,300107.22807099996,300107.22807099996,nan,300107.22807099996,nan,nan,0.0,62,64,,True,False,"HTTPConnectionPool(host='gpu03', port=9002): Read timed out.",0,87.6246207195492
220,2026-09-18T06:50:47.187+00:00,2026-09-18T06:55:47.107+00:00,2026-09-18T06:55:47.287+00:00,False,3,2.0,,2.0,299920.24187800003,300100.830422,300100.830299,100033.61009966668,0.048369999999999996,299920.24187800003,173106.92452087812,269946.2716953,90.294272,127.62695875800335,0.006664426743463562,62,64,,True,False,Request timeout: 300.0s exceeded,12,87.6246207195492
221,2026-09-18T06:50:47.781+00:00,2026-09-18T06:55:47.351+00:00,2026-09-18T06:55:47.796+00:00,False,10,9.0,,9.0,299569.260801,300014.286593,300014.28653599997,30001.4286536,0.03995,299569.260801,94716.48362646745,164791.9922151,49.44731022222222,21.28803573024351,0.029998571408732338,62,64,,True,False,Request timeout: 300.0s exceeded,34,87.6246207195492
222,2026-09-18T06:50:48.340+00:00,2026-09-18T06:55:48.428+00:00,2026-09-18T06:55:48.428+00:00,False,1,0.0,,0.0,300087.878565,300087.878565,300087.878565,300087.878565,300087.878565,300087.878565,nan,300087.878565,nan,nan,0.0,62,64,,True,False,"HTTPConnectionPool(host='gpu03', port=9002): Read timed out.",0,87.6246207195492
223,2026-09-18T06:50:48.910+00:00,2026-09-18T06:55:48.815+00:00,2026-09-18T06:55:48.957+00:00,False,4,3.0,,3.0,299905.109163,300046.921387,300046.921397,75011.73034925,0.044249000000000004,299905.109163,149928.92293686417,254930.27209065002,47.27074133333333,40.94733792233519,0.009998436198352475,62,64,,True,False,Request timeout: 300.0s exceeded,7,87.6246207195492
224,2026-09-18T06:50:49.335+00:00,2026-09-18T06:55:49.424+00:00,2026-09-18T06:55:49.424+00:00,False,1,0.0,,0.0,300088.870418,300088.870418,300088.870418,300088.870418,300088.870418,300088.870418,nan,300088.870418,nan,nan,0.0,62,64,,True,False,TTFT timeout: 300.0s exceeded (TTFT: 300.074s),0,87.6246207195492
225,2026-09-18T06:50:49.719+00:00,2026-09-18T06:55:49.830+00:00,2026-09-18T06:55:49.830+00:00,False,1,0.0,,0.0,300110.88219599996,300110.88219599996,300110.88219599996,300110.88219599996,300110.88219599996,300110.88219599996,nan,300110.88219599996,nan,nan,0.0,62,64,,True,False,"HTTPConnectionPool(host='gpu03', port=9002): Read timed out.",0,87.6246207195492
226,2026-09-18T06:50:50.120+00:00,2026-09-18T06:55:50.092+00:00,2026-09-18T06:55:50.092+00:00,True,1,1.0,,1.0,299972.004137,299972.004137,299972.004137,299972.004137,299972.004137,299972.004137,nan,299972.004137,nan,nan,0.0033336444275089442,62,64,,True,True,,3,87.6246207195492
227,2026-09-18T06:50:50.488+00:00,2026-09-18T06:55:50.381+00:00,2026-09-18T06:55:50.514+00:00,False,4,3.0,,3.0,299892.56646600005,300025.7097620001,300025.70971600007,75006.42742900002,0.119259,299892.56646600005,149924.09601482007,254919.41546700004,44.38109866666667,38.66276574250225,0.009999143081370577,62,64,,True,False,Request timeout: 300.0s exceeded,11,87.6246207195492
228,2026-09-18T06:50:50.886+00:00,2026-09-18T06:55:50.993+00:00,2026-09-18T06:55:50.993+00:00,False,1,0.0,,0.0,300107.457864,300107.457864,300107.457864,300107.457864,300107.457864,300107.457864,nan,300107.457864,nan,nan,0.0,62,64,,True,False,"HTTPConnectionPool(host='gpu03', port=9002): Read timed out.",0,87.6246207195492
229,2026-09-18T06:50:51.375+00:00,2026-09-18T06:55:51.396+00:00,2026-09-18T06:55:51.396+00:00,False,1,0.0,,0.0,300020.397814,300020.397814,300020.397814,300020.397814,300020.397814,300020.397814,nan,300020.397814,nan,nan,0.0,62,64,,True,False,TTFT timeout: 300.0s exceeded (TTFT: 300.012s),0,87.6246207195492
230,2026-09-18T06:50:51.812+00:00,2026-09-18T06:55:51.679+00:00,2026-09-18T06:55:51.860+00:00,False,5,4.0,,4.0,299866.646051,300047.32445099996,300047.324652,60009.4649304,0.05432,299866.646051,134084.2430033964,239905.70064559995,45.1696,30.10135551711916,0.013331230356140806,62,64,,True,False,Request timeout: 300.0s exceeded,16,87.6246207195492
231,2026-09-18T06:50:52.399+00:00,2026-09-18T06:55:52.478+00:00,2026-09-18T06:55:52.478+00:00,False,1,0.0,,0.0,300078.803419,300078.803419,300078.803419,300078.803419,300078.803419,300078.803419,nan,300078.803419,nan,nan,0.0,62,64,,True,False,"HTTPConnectionPool(host='gpu03', port=9002): Read timed out.",0,87.6246207195492
232,2026-09-18T06:50:52.983+00:00,2026-09-18T06:55:52.817+00:00,2026-09-18T06:55:52.998+00:00,False,6,5.0,,5.0,299834.78496200003,300015.39629000006,300015.39626300003,50002.566043833336,0.027399999999999997,299834.78496200003,122392.29358413217,224893.73160575,36.1222656,25.062086722683503,0.016665811361117326,62,64,,True,False,Request timeout: 300.0s exceeded,12,87.6246207195492
0,2026-09-18T06:48:53.199+00:00,2026-09-18T06:48:53.415+00:00,2026-09-18T06:48:58.479+00:00,True,88,88.0,,88.0,215.55852900000002,5280.0226569999995,5280.022648,60.000257363636365,16.16034,215.55852900000002,20.08780524848951,73.36928365,58.212231356321844,11.1176233784108,16.666595148665476,63,64,,False,True,,424,87.6246207195492
1,2026-09-18T06:48:53.496+00:00,2026-09-18T06:48:53.606+00:00,2026-09-18T06:48:53.606+00:00,True,1,1.0,,1.0,109.551446,109.551446,109.551446,109.551446,109.551446,109.551446,nan,109.551446,nan,nan,9.128131453417785,63,64,,False,True,,2,87.6246207195492
2,2026-09-18T06:48:53.819+00:00,2026-09-18T06:48:53.969+00:00,2026-09-18T06:48:56.503+00:00,True,45,45.0,,45.0,149.843601,2683.787665,2683.787603,59.63972451111111,10.291181,149.843601,18.640714532253607,69.6427786,57.58963781818182,12.729122297016776,16.767347352719874,63,64,,False,True,,229,87.6246207195492
3,2026-09-18T06:48:54.286+00:00,2026-09-18T06:48:56.561+00:00,2026-09-18T06:48:58.171+00:00,True,27,27.0,,27.0,2274.7402540000003,3885.199646,3885.199801,143.89628892592594,38.787127999999996,2274.7402540000003,425.8924913286151,70.7231303,61.940745846153845,5.879810771986594,6.949449825003922,63,64,,False,True,,100,87.6246207195492
4,2026-09-18T06:48:54.616+00:00,2026-09-18T06:48:57.820+00:00,2026-09-18T06:49:03.552+00:00,True,97,97.0,,97.0,3203.3235980000004,8935.330254,8935.330116000001,92.11680531958763,0.0,3203.3235980000004,319.48282738092354,68.71367599999999,59.708402666666665,13.846403432248326,10.855782298206254,63,64,,False,True,,445,87.6246207195492
5,2026-09-18T06:48:55.072+00:00,2026-09-18T06:48:59.332+00:00,2026-09-18T06:49:01.784+00:00,True,42,42.0,,42.0,4259.729955,6711.909667,6711.909678,159.80737328571428,8.315114,4259.729955,648.2018573831573,68.49524505,59.80926126829268,13.639910650589187,6.257533561051725,63,64,,False,True,,194,87.6246207195492
6,2026-09-18T06:48:55.567+00:00,2026-09-18T06:49:01.066+00:00,2026-09-18T06:49:04.166+00:00,True,53,53.0,,53.0,5499.076862,8599.533309999999,8599.533131,162.25534209433962,0.0,5499.076862,747.3026646340463,70.14952,59.62416246153846,14.415339574581127,6.163125147543618,63,64,,False,True,,274,87.6246207195492
7,2026-09-18T06:48:56.027+00:00,2026-09-18T06:49:02.859+00:00,2026-09-18T06:49:04.603+00:00,True,31,31.0,,31.0,6832.683394000001,8576.518786,8576.518653000001,276.6618920322581,39.39244600000001,6832.683394000001,1216.772989189797,69.2429415,58.127846399999996,8.228093647290427,3.6145201536319465,63,64,,False,True,,117,87.6246207195492
8,2026-09-18T06:48:56.528+00:00,2026-09-18T06:49:04.604+00:00,2026-09-18T06:49:08.587+00:00,True,66,66.0,,66.0,8076.589432,12059.586424,12059.58648,182.72100727272726,0.0,8076.589432,987.4406049498152,129.86399849999998,61.2768768,40.64114607551113,5.472824496589055,63,64,,False,True,,295,87.6246207195492
9,2026-09-18T06:48:57.031+00:00,2026-09-18T06:49:06.558+00:00,2026-09-18T06:49:12.511+00:00,True,100,100.0,,100.0,9526.757486999999,15479.717998999999,15479.717825,154.79717825,0.0,9526.757486999999,947.4513920711339,69.55321785,60.13091426262626,38.84838056007238,6.460066004203699,63,64,,False,True,,370,87.6246207195492
10,2026-09-18T06:48:57.517+00:00,2026-09-18T06:49:08.226+00:00,2026-09-18T06:49:08.226+00:00,True,1,1.0,,1.0,10708.68525,10708.68525,10708.68525,10708.68525,10708.68525,10708.68525,nan,10708.68525,nan,nan,0.09338214511440608,63,64,,False,True,,3,87.6246207195492
11,2026-09-18T06:48:58.024+00:00,2026-09-18T06:49:10.038+00:00,2026-09-18T06:49:14.490+00:00,True,75,75.0,,75.0,12013.622516000001,16466.417908000003,16466.418141000002,219.55224188000003,0.0,12013.622516000001,1380.6122075846365,70.19456840000001,60.1729107027027,31.151505967259382,4.5547246777674815,63,64,,False,True,,341,87.6246207195492
12,2026-09-18T06:48:58.358+00:00,2026-09-18T06:49:11.185+00:00,2026-09-18T06:49:12.753+00:00,True,27,27.0,,27.0,12826.580306,14394.653522,14394.653412,533.1353115555555,44.353858,12826.580306,2456.8757699515986,68.5087273,60.3105083076923,5.537784594041475,1.8756964145566044,63,64,,False,True,,93,87.6246207195492
13,2026-09-18T06:48:58.763+00:00,2026-09-18T06:49:12.995+00:00,2026-09-18T06:49:13.224+00:00,True,5,5.0,,5.0,14232.521573,14460.579429,14460.579289,2892.1158578,40.900994,14232.521573,6339.487079289108,11399.3139756,57.014464,11.306038420785004,0.34576761080352975,63,64,,False,True,,19,87.6246207195492
14,2026-09-18T06:48:59.120+00:00,2026-09-18T06:49:14.383+00:00,2026-09-18T06:49:20.290+00:00,True,99,99.0,,99.0,15262.505357999999,21169.437326,21169.437412,213.83270113131312,0.0,15262.505357999999,1528.4183420603563,70.2676268,60.274816,40.70848390933547,4.676553206183218,63,64,,False,True,,422,87.6246207195492
15,2026-09-18T06:48:59.491+00:00,2026-09-18T06:49:15.633+00:00,2026-09-18T06:49:19.093+00:00,True,59,59.0,,59.0,16142.180334,19602.106606,19602.106615,332.2390951694915,0.0,16142.180334,2094.0575795769555,69.24413,59.653901241379316,35.21280143044786,3.009880579975048,63,64,,False,True,,207,87.6246207195492
16,2026-09-18T06:48:59.923+00:00,2026-09-18T06:49:17.300+00:00,2026-09-18T06:49:22.010+00:00,True,78,78.0,,78.0,17376.225151,22086.203519,22086.203458,283.1564545897436,0.0,17376.225151,1961.1923433059378,84.12370725000001,61.16855023376623,50.75149813298739,3.53161646513396,63,64,,False,True,,319,87.6246207195492
17,2026-09-18T06:49:00.419+00:00,2026-09-18T06:49:19.159+00:00,2026-09-18T06:49:21.839+00:00,True,44,44.0,,44.0,18739.919105999998,21420.257026,21420.256944999997,486.82402147727265,0.0,18739.919105999998,2816.669436315254,293.52917959999996,62.33344,72.73589571312056,2.0541303471098695,63,64,,False,True,,257,87.6246207195492
18,2026-09-18T06:49:00.898+00:00,2026-09-18T06:49:20.816+00:00,2026-09-18T06:49:25.720+00:00,True,81,81.0,,81.0,19918.158567000002,24821.953255,24821.953305000003,306.443867962963,0.0,19918.158567000002,2207.0514731704657,91.35676,61.2974336,57.25814653912408,3.2632403730630584,63,64,,False,True,,460,87.6246207195492
19,2026-09-18T06:49:01.354+00:00,2026-09-18T06:49:22.475+00:00,2026-09-18T06:49:26.684+00:00,True,71,71.0,,71.0,21121.828000999998,25330.596256999997,25330.5964,356.76896338028166,0.0,21121.828000999998,2499.895014224476,81.8223585,60.1252608,40.95860414473393,2.8029344149520155,63,64,,False,True,,336,87.6246207195492
20,2026-09-18T06:49:01.825+00:00,2026-09-18T06:49:24.142+00:00,2026-09-18T06:49:27.735+00:00,True,61,61.0,,61.0,22317.229098,25910.575658,25910.575482,424.7635324918033,37.61799,22317.229098,2849.7771607430195,68.532502,59.88910933333334,9.865725457742313,2.3542510519702016,63,64,,False,True,,276,87.6246207195492
21,2026-09-18T06:49:02.210+00:00,2026-09-18T06:49:25.845+00:00,2026-09-18T06:49:28.464+00:00,True,42,42.0,,42.0,23635.878708,26254.825524,26254.825682,625.1148971904762,0.0,23635.878708,3637.6675092655673,94.47513814999998,63.8767516097561,56.5357382905196,1.5997059268821672,63,64,,False,True,,203,87.6246207195492
22,2026-09-18T06:49:02.725+00:00,2026-09-18T06:49:27.802+00:00,2026-09-18T06:49:30.904+00:00,True,52,52.0,,52.0,25076.538222,28178.929774,28178.929877,541.9024976346153,0.0,25076.538222,3469.4498400076027,82.35224505000001,60.83120690196078,52.902335146203775,1.845350423775821,63,64,,False,True,,253,87.6246207195492
23,2026-09-18T06:49:03.013+00:00,2026-09-18T06:49:29.183+00:00,2026-09-18T06:49:33.835+00:00,True,77,77.0,,77.0,26170.19673,30822.525434,30822.525385,400.29253746753244,0.0,26170.19673,2975.83292858512,73.1383038,61.21485136842106,51.412242025012105,2.4981729730381574,63,64,,False,True,,389,87.6246207195492
24,2026-09-18T06:49:03.299+00:00,2026-09-18T06:49:30.159+00:00,2026-09-18T06:49:32.131+00:00,True,34,34.0,,34.0,26859.971098,28832.055322,28832.055294,848.0016262941177,35.260765,26859.971098,4596.205479727649,67.75899625,59.760128,8.271163524500286,1.1792430203217825,63,64,,False,True,,160,87.6246207195492
25,2026-09-18T06:49:03.786+00:00,2026-09-18T06:49:32.029+00:00,2026-09-18T06:49:34.309+00:00,True,39,39.0,,39.0,28242.476598999998,30522.736182999997,30522.736232,782.6342623589743,0.0,28242.476598999998,4513.387438287413,114.28196069999998,60.00683115789474,73.36283764651756,1.2777360380201275,63,64,,False,True,,204,87.6246207195492
26,2026-09-18T06:49:04.251+00:00,2026-09-18T06:49:33.938+00:00,2026-09-18T06:49:37.964+00:00,True,66,66.0,,66.0,29687.371214000003,33713.246414,33713.246392,510.80676351515154,0.01604,29687.371214000003,3647.2398799574294,94.6748505,61.93654153846153,66.72168231512352,1.9576874676949643,63,64,,False,True,,323,87.6246207195492
27,2026-09-18T06:49:04.776+00:00,2026-09-18T06:49:35.590+00:00,2026-09-18T06:49:38.987+00:00,True,50,50.0,,50.0,30813.987998,34211.088286,34211.088221,684.22176442,0.0,30813.987998,4348.4329483786805,100.52536110000001,69.32857730612245,65.38108881507571,1.461514453501358,63,64,,False,True,,154,87.6246207195492
28,2026-09-18T06:49:05.209+00:00,2026-09-18T06:49:37.440+00:00,2026-09-18T06:49:39.503+00:00,True,35,35.0,,35.0,32231.499909000002,34294.545541,34294.545703,979.8441629428572,0.0,32231.499909000002,5438.458341813262,222.2088949,60.67781270588235,81.78568433730501,1.0205704565513665,63,64,,False,True,,123,87.6246207195492
29,2026-09-18T06:49:05.643+00:00,2026-09-18T06:49:38.992+00:00,2026-09-18T06:49:41.681+00:00,True,49,49.0,,49.0,33348.898522999996,36037.855450999996,36037.855472999996,735.4664382244897,0.0,33348.898522999996,4756.145120245179,68.936983,56.019936,13.801589260223043,1.359681351367436,63,64,,False,True,,227,87.6246207195492
30,2026-09-18T06:49:06.080+00:00,2026-09-18T06:49:40.481+00:00,2026-09-18T06:49:42.385+00:00,True,32,32.0,,32.0,34401.236828,36304.672092,36304.672086,1134.5210026875,35.271114999999995,34401.236828,6070.497519994257,96.3730184,61.4011375483871,13.649096491434761,0.8814292529321985,63,64,,False,True,,115,87.6246207195492
31,2026-09-18T06:49:06.411+00:00,2026-09-18T06:49:41.935+00:00,2026-09-18T06:49:42.078+00:00,True,4,4.0,,4.0,35523.758041,35667.378905,35667.378866,8916.8447165,35.687984,35523.758041,17737.945592492608,30204.5288761,47.87362133333333,13.403682999203067,0.11214729320744293,63,64,,False,True,,8,87.6246207195492
32,2026-09-18T06:49:06.892+00:00,2026-09-18T06:49:43.921+00:00,2026-09-18T06:49:44.461+00:00,True,10,10.0,,10.0,37028.801362000006,37569.12853000001,37569.128515000004,3756.9128515000007,40.917754,37028.801362000006,11690.557800265122,20406.46658395,60.036352,14.349614117421833,0.26617599053474766,63,64,,False,True,,39,87.6246207195492
33,2026-09-18T06:49:07.360+00:00,2026-09-18T06:49:45.394+00:00,2026-09-18T06:49:47.486+00:00,True,35,35.0,,35.0,38033.581534000004,40125.992926000006,40125.993004,1146.4569429714286,36.949902,38033.581534000004,6418.457933185162,92.703546,61.541511529411764,12.437665828204018,0.8722525586979663,63,64,,False,True,,167,87.6246207195492
34,2026-09-18T06:49:07.894+00:00,2026-09-18T06:49:47.304+00:00,2026-09-18T06:49:47.999+00:00,True,12,12.0,,12.0,39410.134832,40104.953392,40104.95324,3342.079436666667,52.686192000000005,39410.134832,11358.493033784629,17774.19197875,63.16532363636363,5.723839670880925,0.29921490950775465,63,64,,False,True,,61,87.6246207195492
35,2026-09-18T06:49:08.116+00:00,2026-09-18T06:49:48.950+00:00,2026-09-18T06:49:51.458+00:00,True,41,41.0,,41.0,40833.494398999996,43341.72607899999,43341.726081999994,1057.115270292683,36.993612,40833.494398999996,6367.334748656263,90.566343,62.705792,9.775727785584026,0.945970631747991,63,64,,False,True,,172,87.6246207195492
36,2026-09-18T06:49:08.425+00:00,2026-09-18T06:49:49.888+00:00,2026-09-18T06:49:50.289+00:00,True,7,7.0,,7.0,41463.018491999996,41864.690683999994,41864.690880999995,5980.670125857142,59.317971,41463.018491999996,15646.249364294317,29051.850854099997,66.94536533333334,12.872473184195345,0.16720534382630195,63,64,,False,True,,21,87.6246207195492
37,2026-09-18T06:49:08.715+00:00,2026-09-18T06:49:50.894+00:00,2026-09-18T06:49:56.136+00:00,True,85,85.0,,85.0,42178.296396,47420.582987999995,47420.582895,557.8892105294117,0.0,42178.296396,4568.621205594678,91.0550274,62.40817371428572,68.78983148293057,1.7924705822682454,63,64,,False,True,,307,87.6246207195492
38,2026-09-18T06:49:09.110+00:00,2026-09-18T06:49:52.593+00:00,2026-09-18T06:49:58.565+00:00,True,96,96.0,,96.0,43482.573946000004,49454.886778,49454.886748000004,515.1550702916667,34.455116000000004,43482.573946000004,4431.524286924955,95.049522,62.8664508631579,13.027637611294649,1.9411630731445852,63,64,,False,True,,497,87.6246207195492
39,2026-09-18T06:49:09.406+00:00,2026-09-18T06:49:53.785+00:00,2026-09-18T06:49:58.684+00:00,True,79,79.0,,79.0,44378.878267,49277.659707,49277.659609,623.7678431518988,32.089741000000004,44378.878267,4985.967348579949,94.6128665,62.80489025641025,14.05327801629601,1.6031605492169483,63,64,,False,True,,322,87.6246207195492
40,2026-09-18T06:49:09.801+00:00,2026-09-18T06:49:55.422+00:00,2026-09-18T06:49:57.812+00:00,True,41,41.0,,41.0,45621.166450000004,48011.019122000005,48011.019141000004,1171.0004668536587,37.57757,45621.166450000004,7115.50856494119,89.28140499999999,59.746316799999995,12.193084056167281,0.8539706248645874,63,64,,False,True,,147,87.6246207195492
41,2026-09-18T06:49:10.100+00:00,2026-09-18T06:49:56.611+00:00,2026-09-18T06:49:59.575+00:00,True,48,48.0,,48.0,46511.919701,49475.805524999996,49475.805372999996,1030.7459452708333,37.566351000000004,46511.919701,6704.331325717037,93.4482962,63.06140051063829,14.858327352241073,0.9701711673142082,63,64,,False,True,,187,87.6246207195492
42,2026-09-18T06:49:10.516+00:00,2026-09-18T06:49:58.472+00:00,2026-09-18T06:50:00.789+00:00,True,36,36.0,,36.0,47956.105742,50272.900622,50272.900698,1396.4694638333333,0.0,47956.105742,7982.629954779978,269.2971605,66.19413942857143,126.77785350793114,0.716091563339116,63,64,,False,True,,172,87.6246207195492
43,2026-09-18T06:49:10.971+00:00,2026-09-18T06:50:00.777+00:00,2026-09-18T06:50:02.641+00:00,True,32,32.0,,32.0,49806.002776,51670.454616,51670.454486,1614.7017026875,0.0,49806.002776,8795.608289735263,484.8483104999999,60.14360774193548,175.7653902041491,0.6193094339466301,63,64,,False,True,,163,87.6246207195492
44,2026-09-18T06:49:11.333+00:00,2026-09-18T06:50:02.664+00:00,2026-09-18T06:50:04.371+00:00,True,42,42.0,,42.0,51331.533506,53038.613698,53038.613927,1262.8241411190477,0.01594,51331.533506,7914.262377856861,89.9712126,41.636102243902435,31.041200473715474,0.7918759008134436,63,64,,False,True,,166,87.6246207195492
45,2026-09-18T06:49:11.782+00:00,2026-09-18T06:50:03.985+00:00,2026-09-18T06:50:06.614+00:00,True,42,42.0,,42.0,52203.275724,54832.7787,54832.778863,1305.5423538809523,40.239136,52203.275724,8045.254402589256,95.71415215,64.13421892682928,12.973271114452238,0.7659651944649669,63,64,,False,True,,206,87.6246207195492
46,2026-09-18T06:49:12.152+00:00,2026-09-18T06:50:05.303+00:00,2026-09-18T06:50:07.878+00:00,True,41,41.0,,41.0,53151.34194,55726.372212,55726.3722,1359.1798097560975,35.988453,53151.34194,8290.805322195958,99.21775699999998,64.37575679999999,15.488639703632163,0.7357378270385803,63,64,,False,True,,179,87.6246207195492
47,2026-09-18T06:49:12.636+00:00,2026-09-18T06:50:07.234+00:00,2026-09-18T06:50:12.993+00:00,True,95,95.0,,95.0,54598.350827,60356.872427,60356.872554,635.335500568421,0.0,54598.350827,5595.986196738332,91.9940837,61.26086808510638,82.30293996904904,1.573971549220015,63,64,,False,True,,437,87.6246207195492
48,2026-09-18T06:49:13.096+00:00,2026-09-18T06:50:09.020+00:00,2026-09-18T06:50:13.058+00:00,True,67,67.0,,67.0,55923.812239,59962.539151,59962.539248,894.963272358209,0.0,55923.812239,6825.418010899483,94.19565279999999,61.192832,99.39831330561411,1.1173642902492504,63,64,,False,True,,358,87.6246207195492
49,2026-09-18T06:49:13.403+00:00,2026-09-18T06:50:10.077+00:00,2026-09-18T06:50:14.457+00:00,True,74,74.0,,74.0,56674.355927000004,61054.34031100001,61054.340427,825.058654418919,36.291523,56674.355927000004,6581.295496811494,86.64448925,59.99978608219178,11.71092331297853,1.2120350432591211,63,64,,False,True,,179,87.6246207195492
50,2026-09-18T06:49:13.883+00:00,2026-09-18T06:50:11.807+00:00,2026-09-18T06:50:14.647+00:00,True,49,49.0,,49.0,57923.845129,60764.063753,60764.063799,1240.0829346734695,32.062599999999996,57923.845129,8266.38851576674,74.62715480000001,59.171221333333335,10.499564580747577,0.8063976793780651,63,64,,False,True,,251,87.6246207195492
51,2026-09-18T06:49:14.330+00:00,2026-09-18T06:50:13.409+00:00,2026-09-18T06:50:14.138+00:00,True,13,13.0,,13.0,59079.592033,59808.263009,59808.262888,4600.63560676923,40.313665,59079.592033,16368.89058372466,23672.198438800002,60.72258133333334,6.938457227111007,0.21736126993094163,63,64,,False,True,,58,87.6246207195492
52,2026-09-18T06:49:14.827+00:00,2026-09-18T06:50:15.690+00:00,2026-09-18T06:50:20.197+00:00,True,59,59.0,,59.0,60863.623539,65370.807155,65370.807314,1107.9797849830509,0.01586,60863.623539,7915.231078136434,229.64281119999998,77.71006234482759,159.48513883804065,0.9025435445535458,63,64,,False,True,,301,87.6246207195492
53,2026-09-18T06:49:15.324+00:00,2026-09-18T06:50:17.558+00:00,2026-09-18T06:50:20.865+00:00,True,54,54.0,,54.0,62233.321539,65540.931139,65540.931167,1213.720947537037,0.0,62233.321539,8461.331190899471,97.94237595,62.40772830188679,127.42443815991794,0.8239126155451797,63,64,,False,True,,235,87.6246207195492
54,2026-09-18T06:49:15.617+00:00,2026-09-18T06:50:18.722+00:00,2026-09-18T06:50:20.200+00:00,True,21,21.0,,21.0,63104.941104000005,64582.180144000005,64582.17999900001,3075.341904714286,0.0,63104.941104000005,13755.931962368597,926.358441,73.861952,202.9861522606724,0.3251670964525499,63,64,,False,True,,85,87.6246207195492
55,2026-09-18T06:49:15.918+00:00,2026-09-18T06:50:20.208+00:00,2026-09-18T06:50:22.994+00:00,True,54,54.0,,54.0,64289.639384,67076.10696800001,67076.106923,1242.1501282037038,0.0,64289.639384,8741.602060327317,93.15768619999999,52.5748600754717,28.25479487753073,0.8050556664798953,63,64,,False,True,,236,87.6246207195492
56,2026-09-18T06:49:16.445+00:00,2026-09-18T06:50:21.832+00:00,2026-09-18T06:50:27.852+00:00,True,97,97.0,,97.0,65386.843617,71407.133921,71407.134011,736.1560207319587,37.741891,65386.843617,6632.670996272048,92.4753218,62.71135733333334,11.738000204428817,1.3584076922526287,63,64,,False,True,,532,87.6246207195492
57,2026-09-18T06:49:16.893+00:00,2026-09-18T06:50:23.660+00:00,2026-09-18T06:50:25.931+00:00,True,38,38.0,,38.0,66766.665136,69037.824176,69037.824417,1816.7848530789472,35.408915,66766.665136,10821.03177755339,87.94258470000001,61.38267675675676,11.611165470306391,0.5504229087974378,63,64,,False,True,,161,87.6246207195492
58,2026-09-18T06:49:17.402+00:00,2026-09-18T06:50:25.539+00:00,2026-09-18T06:50:26.853+00:00,True,22,22.0,,22.0,68136.723536,69450.97582400001,69450.975592,3156.8625269090912,39.823137,68136.723536,14513.46035710554,92.47705105000001,62.583442285714284,12.247338030774104,0.31677020717104903,63,64,,False,True,,90,87.6246207195492
59,2026-09-18T06:49:17.760+00:00,2026-09-18T06:50:26.792+00:00,2026-09-18T06:50:32.250+00:00,True,80,80.0,,80.0,69031.53383,74490.243846,74490.24395,931.128049375,0.0,69031.53383,7711.085269498023,93.34457035,69.0975951392405,115.25643127619472,1.0739661446858837,63,64,,False,True,,352,87.6246207195492
60,2026-09-18T06:49:18.232+00:00,2026-09-18T06:50:28.709+00:00,2026-09-18T06:50:32.232+00:00,True,47,47.0,,47.0,70477.491629,74000.644781,74000.64487,1574.4818057446807,0.0,70477.491629,10270.059531466126,94.1500592,76.59028591304349,147.24517792967177,0.6351296010878471,63,64,,False,True,,243,87.6246207195492
61,2026-09-18T06:49:18.676+00:00,2026-09-18T06:50:30.228+00:00,2026-09-18T06:50:34.807+00:00,True,65,65.0,,65.0,71552.795721,76131.53645700001,76131.53647400001,1171.2544072923076,0.0,71552.795721,8867.914939352198,95.63738179999999,71.542824,177.89910657179112,0.8537854747843263,63,64,,False,True,,224,87.6246207195492
62,2026-09-18T06:49:19.001+00:00,2026-09-18T06:50:32.244+00:00,2026-09-18T06:50:36.951+00:00,True,90,90.0,,90.0,73242.752868,77949.232228,77949.232235,866.1025803888889,0.0,73242.752868,7715.6055254549765,101.68607879999999,52.88179056179775,105.68520198505769,1.154597645513066,63,64,,False,True,,369,87.6246207195492
63,2026-09-18T06:49:19.447+00:00,2026-09-18T06:50:33.232+00:00,2026-09-18T06:50:35.903+00:00,True,44,44.0,,44.0,73785.849742,76456.20494200001,76456.204796,1737.6410180909093,0.015519999999999999,73785.849742,11115.266148733868,101.46072875,62.10128372093023,150.32263289473494,0.575492859387653,63,64,,False,True,,176,87.6246207195492
64,2026-09-18T06:49:19.877+00:00,2026-09-18T06:50:34.770+00:00,2026-09-18T06:50:40.706+00:00,True,98,98.0,,98.0,74892.13491699999,80828.12186099999,80828.12195899998,824.7767546836734,0.03351,74892.13491699999,7559.086698320416,91.64311364999999,61.19574169072165,17.625352525694417,1.2124493028370802,63,64,,False,True,,598,87.6246207195492
65,2026-09-18T06:49:20.325+00:00,2026-09-18T06:50:36.233+00:00,2026-09-18T06:50:42.452+00:00,True,99,99.0,,99.0,75907.53240000001,82126.36299200001,82126.36294,829.5592216161617,32.618778999999996,75907.53240000001,7622.6274338108915,96.85167159999999,63.45745502040816,13.072737543227852,1.2054594455819705,63,64,,False,True,,503,87.6246207195492
66,2026-09-18T06:49:20.708+00:00,2026-09-18T06:50:38.201+00:00,2026-09-18T06:50:39.365+00:00,True,19,19.0,,19.0,77493.577959,78656.742119,78656.742073,4139.828530157894,53.204712,77493.577959,17763.424273095912,7842.890429100001,64.62023111111111,10.820507799844217,0.24155589830118882,63,64,,False,True,,115,87.6246207195492
67,2026-09-18T06:49:21.014+00:00,2026-09-18T06:50:39.118+00:00,2026-09-18T06:50:42.452+00:00,True,53,53.0,,53.0,78104.44157600001,81438.01904800002,81438.019058,1536.566397320755,35.150794999999995,78104.44157600001,10719.67395222521,99.8033418,64.10725907692309,14.50117970055489,0.6508016847605479,63,64,,False,True,,286,87.6246207195492
68,2026-09-18T06:49:21.582+00:00,2026-09-18T06:50:39.931+00:00,2026-09-18T06:50:42.827+00:00,True,46,46.0,,46.0,78348.78018,81244.93864400001,81244.93871,1766.1943197826088,37.213331,78348.78018,11542.418491851651,102.1483485,64.35907697777778,15.600363743632068,0.5661891161191384,63,64,,False,True,,135,87.6246207195492
69,2026-09-18T06:49:21.946+00:00,2026-09-18T06:50:42.700+00:00,2026-09-18T06:50:43.503+00:00,True,14,14.0,,14.0,80753.72199199999,81556.45018399999,81556.45022599999,5825.460730428571,34.775645,80753.72199199999,21565.84088383199,28321.78797845,61.748322461538464,13.306590863515572,0.17166024230351515,63,64,,False,True,,76,87.6246207195492
70,2026-09-18T06:49:22.366+00:00,2026-09-18T06:50:44.282+00:00,2026-09-18T06:50:46.113+00:00,True,30,30.0,,30.0,81916.401793,83747.120257,83747.120365,2791.570678833333,0.0,81916.401793,14945.833040696309,695.17206735,63.12822289655172,218.2222202513429,0.358221272659133,63,64,,False,True,,140,87.6246207195492
71,2026-09-18T06:49:22.755+00:00,2026-09-18T06:50:45.751+00:00,2026-09-18T06:50:46.289+00:00,True,12,12.0,,12.0,82995.563639,83533.957495,83533.957642,6961.163136833334,0.0,82995.563639,23944.639427625898,37399.3732729,48.944896,26.271148142665954,0.1436541540692391,63,64,,False,True,,54,87.6246207195492
72,2026-09-18T06:49:23.180+00:00,2026-09-18T06:50:47.229+00:00,2026-09-18T06:50:52.387+00:00,True,86,86.0,,86.0,84049.00830300001,89207.69937500001,89207.69918600001,1037.2988277441862,36.064293,84049.00830300001,9056.698437572442,73.61648625,60.6904832,9.772217900822014,0.9640423483906262,63,64,,False,True,,429,87.6246207195492
73,2026-09-18T06:49:23.555+00:00,2026-09-18T06:50:48.637+00:00,2026-09-18T06:50:49.404+00:00,True,13,13.0,,13.0,85082.638693,85848.965733,85848.965845,6603.766603461539,43.787689,85082.638693,23579.969175542577,34090.621663,63.86058666666666,11.848898966799185,0.1514287317150852,63,64,,False,True,,72,87.6246207195492
74,2026-09-18T06:49:23.991+00:00,2026-09-18T06:50:50.089+00:00,2026-09-18T06:50:54.517+00:00,True,72,72.0,,72.0,86098.160637,90525.97862099999,90525.97867299999,1257.305259347222,40.938634,86098.160637,10139.420907208832,92.73253715000001,62.36363357746479,10.134023813796654,0.795351799525287,63,64,,False,True,,331,87.6246207195492
75,2026-09-18T06:49:24.437+00:00,2026-09-18T06:50:51.828+00:00,2026-09-18T06:50:54.456+00:00,True,42,42.0,,42.0,87391.456317,90019.353661,90019.353634,2143.317943666667,40.724233999999996,87391.456317,13474.908148646125,91.28218505,64.0950571707317,10.19518387945015,0.46656633592556096,63,64,,False,True,,172,87.6246207195492
76,2026-09-18T06:49:24.883+00:00,2026-09-18T06:50:53.572+00:00,2026-09-18T06:50:54.396+00:00,True,13,13.0,,13.0,88689.228668,89513.03410799999,89513.034074,6885.618005692308,57.367824,88689.228668,24578.929066036664,35533.6740398,68.65045333333333,12.689384058588052,0.14523024640540208,63,64,,False,True,,63,87.6246207195492
77,2026-09-18T06:49:25.411+00:00,2026-09-18T06:50:55.184+00:00,2026-09-18T06:50:58.071+00:00,True,48,48.0,,48.0,89773.13027699999,92659.23869299999,92659.238856,1930.4008094999997,39.386017,89773.13027699999,12948.774540253773,69.2124107,61.40656204255319,8.265138890120237,0.5180271355243306,63,64,,False,True,,241,87.6246207195492
78,2026-09-18T06:49:25.903+00:00,2026-09-18T06:50:57.383+00:00,2026-09-18T06:50:58.498+00:00,True,19,19.0,,19.0,91480.098342,92594.473254,92594.47314,4873.393323157895,57.103125,91480.098342,20972.77107417244,9208.932691799999,61.90971733333333,3.2666855171902047,0.2051958322380674,63,64,,False,True,,82,87.6246207195492
79,2026-09-18T06:49:26.291+00:00,2026-09-18T06:50:58.502+00:00,2026-09-18T06:51:03.607+00:00,True,83,83.0,,83.0,92211.57514100001,97316.45450100001,97316.454393,1172.4874023253012,36.106322999999996,92211.57514100001,10114.705854457143,69.8726483,62.254626341463414,8.913394696448028,0.8528876275403878,63,64,,True,True,,325,87.6246207195492
80,2026-09-18T06:49:26.727+00:00,2026-09-18T06:51:00.160+00:00,2026-09-18T06:51:05.608+00:00,True,89,89.0,,89.0,93432.65459399999,98880.64563399999,98880.645781,1111.0184919213482,39.632087,93432.65459399999,9897.282019630504,70.2425786,61.908989090909095,7.4609531638726265,0.9000750291359086,63,64,,True,True,,398,87.6246207195492
81,2026-09-18T06:49:27.126+00:00,2026-09-18T06:51:01.904+00:00,2026-09-18T06:51:06.293+00:00,True,72,72.0,,72.0,94778.50508599999,99167.200382,99167.20058399999,1377.3222303333332,40.181595,94778.50508599999,11162.471433434672,69.12551775,61.81260980281691,7.020868103053754,0.7260465125832961,63,64,,True,True,,249,87.6246207195492
82,2026-09-18T06:49:27.654+00:00,2026-09-18T06:51:03.668+00:00,2026-09-18T06:51:03.668+00:00,True,1,1.0,,1.0,96014.417553,96014.417553,96014.417553,96014.417553,96014.417553,96014.417553,nan,96014.417553,nan,nan,0.010415102496955726,63,64,,True,True,,2,87.6246207195492
83,2026-09-18T06:49:28.054+00:00,2026-09-18T06:51:05.481+00:00,2026-09-18T06:51:06.294+00:00,True,14,14.0,,14.0,97426.834792,98240.095336,98240.095317,7017.149665499999,55.083738,97426.834792,26021.697795229324,34147.78619299999,62.558503384615385,4.725341957785728,0.1425080050270443,63,64,,True,True,,74,87.6246207195492
84,2026-09-18T06:49:28.396+00:00,2026-09-18T06:51:06.859+00:00,2026-09-18T06:51:11.631+00:00,True,78,78.0,,78.0,98463.695825,103235.770065,103235.769954,1323.5355122307692,35.898253,98463.695825,11141.806323046227,80.8400948,61.97499012987013,11.103412369672414,0.7555520722215673,63,64,,True,True,,372,87.6246207195492
85,2026-09-18T06:49:28.858+00:00,2026-09-18T06:51:08.440+00:00,2026-09-18T06:51:09.666+00:00,True,21,21.0,,21.0,99581.76801999999,100808.54766799998,100808.54758999999,4800.407028095237,37.087642,99581.76801999999,21717.14169630808,92.87480799999999,61.3389824,12.892439856941596,0.20831566852010214,63,64,,True,True,,89,87.6246207195492
86,2026-09-18T06:49:29.173+00:00,2026-09-18T06:51:09.859+00:00,2026-09-18T06:51:14.956+00:00,True,82,82.0,,82.0,100686.681258,105783.20759399999,105783.207586,1290.039116902439,34.978045,100686.681258,11112.039214495506,80.43184255000001,62.92007822222222,9.134399495219464,0.7751702927625257,63,64,,True,True,,356,87.6246207195492
87,2026-09-18T06:49:29.593+00:00,2026-09-18T06:51:11.492+00:00,2026-09-18T06:51:12.189+00:00,True,12,12.0,,12.0,101899.039697,102595.825105,102595.824967,8549.652080583333,35.635864,101899.039697,29397.435544453823,45899.3408936,63.344128,12.499882900734326,0.11696382370061158,63,64,,True,True,,52,87.6246207195492
88,2026-09-18T06:49:30.059+00:00,2026-09-18T06:51:13.395+00:00,2026-09-18T06:51:18.645+00:00,True,83,83.0,,83.0,103335.600832,108586.24838399999,108586.248395,1308.2680529518072,37.305811,103335.600832,11335.530641743097,92.53150230000001,64.0322872195122,8.758590948305704,0.7643693491139152,63,64,,True,True,,414,87.6246207195492
89,2026-09-18T06:49:30.542+00:00,2026-09-18T06:51:14.828+00:00,2026-09-18T06:51:17.051+00:00,True,36,36.0,,36.0,104286.091447,106509.087159,106509.087153,2958.58575425,55.563197,104286.091447,17370.43057729525,74.92207400000001,63.514163200000006,6.06912993743385,0.33799932907375413,63,64,,True,True,,165,87.6246207195492
90,2026-09-18T06:49:30.992+00:00,2026-09-18T06:51:16.673+00:00,2026-09-18T06:51:16.989+00:00,True,6,6.0,,6.0,105680.089,105996.41693600001,105996.416834,17666.069472333336,59.457550000000005,105680.089,43117.88773622499,79276.87505125001,63.265587200000006,3.676459006892801,0.0566056869981064,63,64,,True,True,,17,87.6246207195492
91,2026-09-18T06:49:31.346+00:00,2026-09-18T06:51:18.226+00:00,2026-09-18T06:51:18.802+00:00,True,10,10.0,,10.0,106880.25868099999,107456.050553,107456.050595,10745.6050595,38.827358,106880.25868099999,33778.276410371946,58824.51748234999,63.97687466666667,13.053550571173194,0.09306130225833818,63,64,,True,True,,44,87.6246207195492
92,2026-09-18T06:49:31.670+00:00,2026-09-18T06:51:19.080+00:00,2026-09-18T06:51:25.308+00:00,True,100,100.0,,100.0,107409.857124,113637.741156,113637.741089,1136.37741089,35.181555,107409.857124,10734.700155887685,91.55272105,62.90791951515151,10.655849880355444,0.8799893326172479,63,64,,True,True,,313,87.6246207195492
93,2026-09-18T06:49:32.162+00:00,2026-09-18T06:51:21.199+00:00,2026-09-18T06:51:22.220+00:00,True,17,17.0,,17.0,109037.189416,110057.492008,110057.49209799999,6473.970123411765,43.355319,109037.189416,26429.938742873193,21884.954556,63.768912,10.855442260689607,0.15446472284471358,63,64,,True,True,,60,87.6246207195492
94,2026-09-18T06:49:32.648+00:00,2026-09-18T06:51:23.044+00:00,2026-09-18T06:51:24.773+00:00,True,28,28.0,,28.0,110396.317565,112124.858493,112124.85848600001,4004.4592316428575,38.945908,110396.317565,20850.846960992363,91.48463939999999,64.02003437037037,10.641459145395558,0.24972160835991647,63,64,,True,True,,145,87.6246207195492
95,2026-09-18T06:49:33.152+00:00,2026-09-18T06:51:25.180+00:00,2026-09-18T06:51:26.090+00:00,True,15,15.0,,15.0,112028.591399,112938.650151,112938.650035,7529.243335666666,58.083403,112028.591399,28908.875174724242,33673.6768443,65.00419657142858,8.87430155698436,0.13281547087684212,63,64,,True,True,,41,87.6246207195492
96,2026-09-18T06:49:33.538+00:00,2026-09-18T06:51:26.662+00:00,2026-09-18T06:51:26.662+00:00,True,1,1.0,,1.0,113123.850035,113123.850035,113123.850035,113123.850035,113123.850035,113123.850035,nan,113123.850035,nan,nan,0.008839868866650178,63,64,,True,True,,3,87.6246207195492
97,2026-09-18T06:49:33.958+00:00,2026-09-18T06:51:28.441+00:00,2026-09-18T06:51:31.730+00:00,True,55,55.0,,55.0,114483.29687199999,117771.64477599999,117771.64474599999,2141.3026317454546,34.208897,114483.29687199999,15428.717435912826,81.4019005,60.89533155555555,11.157411818023508,0.4670054502899168,63,64,,True,True,,239,87.6246207195492
98,2026-09-18T06:49:34.303+00:00,2026-09-18T06:51:29.963+00:00,2026-09-18T06:51:34.264+00:00,True,69,69.0,,69.0,115659.480828,119960.979196,119960.979317,1738.5649176376812,40.864574999999995,115659.480828,13916.155361637415,93.96822,63.257328941176475,12.330507024783685,0.5751870355047981,63,64,,True,True,,364,87.6246207195492
100,2026-09-18T06:49:35.221+00:00,2026-09-18T06:51:32.523+00:00,2026-09-18T06:51:37.295+00:00,True,77,77.0,,77.0,117302.243122,122074.115378,122074.115441,1585.3781226103897,35.940184,117302.243122,13360.681914861882,94.6171286,62.78779284210526,12.74815080555972,0.6307643496868364,63,64,,True,True,,306,87.6246207195492
99,2026-09-18T06:49:35.186+00:00,2026-09-18T06:51:32.910+00:00,2026-09-18T06:51:34.020+00:00,True,18,18.0,,18.0,117723.834932,118834.821428,118834.821365,6601.934520277778,37.87447,117723.834932,27732.375121092493,17741.0623593,65.35214682352941,16.771485506011192,0.1514707539734546,63,64,,True,True,,90,87.6246207195492
101,2026-09-18T06:49:35.541+00:00,2026-09-18T06:51:35.057+00:00,2026-09-18T06:51:41.026+00:00,True,98,98.0,,98.0,119515.544064,125485.01888,125485.01895700001,1280.459377112245,36.187483,119515.544064,12066.680813762176,88.53185825,61.54097748453608,10.235498008352979,0.780969719530555,63,64,,True,True,,548,87.6246207195492
102,2026-09-18T06:49:35.906+00:00,2026-09-18T06:51:36.693+00:00,2026-09-18T06:51:39.842+00:00,True,51,51.0,,51.0,120787.62448700001,123936.24426300002,123936.24443,2430.1224398039217,37.530370000000005,120787.62448700001,16904.835977503622,91.530596,62.972395520000006,10.799334472276717,0.4115019000557657,63,64,,True,True,,221,87.6246207195492
103,2026-09-18T06:49:36.353+00:00,2026-09-18T06:51:38.478+00:00,2026-09-18T06:51:40.084+00:00,True,27,27.0,,27.0,122124.98893,123730.98957,123730.989618,4582.629245111111,36.960551,122124.98893,23491.079300843303,87.07439320000002,61.769255384615384,9.173018446634382,0.21821534034305065,63,64,,True,True,,130,87.6246207195492
104,2026-09-18T06:49:36.690+00:00,2026-09-18T06:51:39.838+00:00,2026-09-18T06:51:42.058+00:00,True,38,38.0,,38.0,123147.820255,125368.049887,125368.049816,3299.1592056842105,35.527585,123147.820255,19967.482212904677,73.2430008,60.006206270270276,9.27015497313723,0.3031075304613189,63,64,,True,True,,175,87.6246207195492
105,2026-09-18T06:49:37.008+00:00,2026-09-18T06:51:41.152+00:00,2026-09-18T06:51:44.572+00:00,True,56,56.0,,56.0,124144.217959,127563.352167,127563.352121,2277.917002160714,37.377521,124144.217959,16581.1640225907,76.09247675,62.16607650909091,8.965714272356212,0.43899755728187045,63,64,,True,True,,276,87.6246207195492
106,2026-09-18T06:49:37.459+00:00,2026-09-18T06:51:43.005+00:00,2026-09-18T06:51:46.966+00:00,True,66,66.0,,66.0,125546.010052,129506.695876,129506.695911,1962.2226653181817,34.452285,125546.010052,15446.147929525083,69.46950650000001,60.93362806153846,9.334100154141066,0.5096261591230282,63,64,,True,True,,333,87.6246207195492
107,2026-09-18T06:49:37.903+00:00,2026-09-18T06:51:44.636+00:00,2026-09-18T06:51:46.965+00:00,True,40,40.0,,40.0,126732.367653,129061.962021,129061.96218199999,3226.5490545499997,35.295744,126732.367653,20028.70509920351,72.19997825,59.73318892307692,11.094162832286042,0.3099286526691071,63,64,,True,True,,197,87.6246207195492
108,2026-09-18T06:49:38.435+00:00,2026-09-18T06:51:46.396+00:00,2026-09-18T06:51:50.546+00:00,True,70,70.0,,70.0,127961.003473,132110.846673,132110.846548,1887.2978078285714,35.818363,127961.003473,15287.079901897658,72.5565359,60.14265507246377,9.808213430575156,0.5298580832901904,63,64,,True,True,,314,87.6246207195492
109,2026-09-18T06:49:38.900+00:00,2026-09-18T06:51:48.088+00:00,2026-09-18T06:51:52.807+00:00,True,77,77.0,,77.0,129187.795788,133906.987852,133906.987761,1739.0517891038962,37.6509,129187.795788,14715.242419635126,80.45235,62.09463242105264,9.584154854780644,0.5750260030126573,63,64,,True,True,,358,87.6246207195492
110,2026-09-18T06:49:39.232+00:00,2026-09-18T06:51:49.255+00:00,2026-09-18T06:51:52.688+00:00,True,56,56.0,,56.0,130023.833553,133456.169169,133456.169145,2383.1458775892856,34.164436,130023.833553,17366.82953988213,92.89914175,62.40610210909091,10.7871345905755,0.419613423258728,63,64,,True,True,,205,87.6246207195492
111,2026-09-18T06:49:39.699+00:00,2026-09-18T06:51:50.797+00:00,2026-09-18T06:51:52.435+00:00,True,26,26.0,,26.0,131097.242683,132735.17343499998,132735.17327,5105.198971923077,39.295237,131097.242683,25697.43879107132,97.20671075,65.51723008,13.116254385080781,0.19587875110384456,63,64,,True,True,,115,87.6246207195492
112,2026-09-18T06:49:40.114+00:00,2026-09-18T06:51:52.493+00:00,2026-09-18T06:51:53.741+00:00,True,21,21.0,,21.0,132379.51535600002,133627.29263600003,133627.29256000003,6363.204407619049,41.974782,132379.51535600002,28873.964650398786,67.857073,62.388864,5.313119500711463,0.15715352444656555,63,64,,True,True,,63,87.6246207195492
113,2026-09-18T06:49:40.492+00:00,2026-09-18T06:51:53.741+00:00,2026-09-18T06:51:55.615+00:00,True,31,31.0,,31.0,133249.15699699998,135123.28358899997,135123.283504,4358.815596903225,36.367612,133249.15699699998,23921.038004410773,91.2710995,62.4708864,12.223692127694456,0.22942012047525187,63,64,,True,True,,107,87.6246207195492
114,2026-09-18T06:49:40.939+00:00,2026-09-18T06:51:55.719+00:00,2026-09-18T06:52:00.904+00:00,True,87,87.0,,87.0,134780.543134,139964.739486,139964.739551,1608.7901097816093,37.156711,134780.543134,14443.5310966261,70.5806439,60.28135293023256,9.303505880359294,0.6215851243641416,63,64,,True,True,,472,87.6246207195492
115,2026-09-18T06:49:41.446+00:00,2026-09-18T06:51:57.840+00:00,2026-09-18T06:52:03.601+00:00,True,94,94.0,,94.0,136393.468857,142154.341817,142154.34201,1512.2802341489362,37.155831,136393.468857,14061.526389851162,81.95369844999999,61.94487053763441,9.76272212298395,0.6612531055928584,63,64,,True,True,,376,87.6246207195492
116,2026-09-18T06:49:41.889+00:00,2026-09-18T06:51:59.479+00:00,2026-09-18T06:52:03.098+00:00,True,59,59.0,,59.0,137590.025379,141208.818595,141208.818573,2393.369806322034,36.067353000000004,137590.025379,17904.57681714822,94.36254170000001,62.392986482758616,12.26158135352688,0.41782093064044024,63,64,,True,True,,226,87.6246207195492
117,2026-09-18T06:49:42.353+00:00,2026-09-18T06:52:00.904+00:00,2026-09-18T06:52:03.769+00:00,True,47,47.0,,47.0,138550.845809,141415.38161699998,141415.38181,3008.8379108510635,35.598493000000005,138550.845809,20200.63821289414,91.72373110000001,62.27251756521739,12.273987262426893,0.332354228108592,63,64,,True,True,,205,87.6246207195492
118,2026-09-18T06:49:42.695+00:00,2026-09-18T06:52:02.357+00:00,2026-09-18T06:52:03.640+00:00,True,22,22.0,,22.0,139661.69116100002,140944.62056900002,140944.62047000002,6406.573657727274,36.219122999999996,139661.69116100002,29762.94991771147,89.99160465000001,61.09187657142857,11.580314689601439,0.15608967487503228,63,64,,True,True,,91,87.6246207195492
119,2026-09-18T06:49:43.149+00:00,2026-09-18T06:52:03.953+00:00,2026-09-18T06:52:05.494+00:00,True,25,25.0,,25.0,140803.752894,142344.798398,142344.798542,5693.7919416800005,54.047319,140803.752894,28147.909903793217,91.361256,64.21022933333333,8.977720546226296,0.1756298809746409,63,64,,True,True,,93,87.6246207195492
120,2026-09-18T06:49:43.551+00:00,2026-09-18T06:52:05.368+00:00,2026-09-18T06:52:09.730+00:00,True,71,71.0,,71.0,141816.52824900002,146178.296953,146178.29705100003,2058.849254239437,37.571239999999996,141816.52824900002,16823.1340810228,94.30224899999999,62.31098148571429,11.05238831159431,0.48570821715639695,63,64,,True,True,,389,87.6246207195492
121,2026-09-18T06:49:44.020+00:00,2026-09-18T06:52:07.281+00:00,2026-09-18T06:52:12.631+00:00,True,89,89.0,,89.0,143260.84819800002,148610.91847000003,148610.91835800002,1669.7855995280902,37.941438999999995,143260.84819800002,15179.17780947545,67.88600339999999,60.79625309090909,9.040323343173903,0.5988792809861165,63,64,,True,True,,426,87.6246207195492
122,2026-09-18T06:49:44.319+00:00,2026-09-18T06:52:08.619+00:00,2026-09-18T06:52:14.522+00:00,True,96,96.0,,96.0,144299.923037,150203.192157,150203.192215,1564.6165855729166,34.487406,144299.923037,14721.210100692739,79.26346725000002,62.13967494736842,9.418600342829683,0.639134219595386,63,64,,True,True,,360,87.6246207195492
123,2026-09-18T06:49:44.813+00:00,2026-09-18T06:52:10.553+00:00,2026-09-18T06:52:11.793+00:00,True,21,21.0,,21.0,145739.408295,146979.599015,146979.599153,6999.028531095239,40.955873,145739.408295,31789.416010600773,88.81127499999998,62.009536,9.679113404517608,0.1428769716391514,63,64,,True,True,,99,87.6246207195492
124,2026-09-18T06:49:45.111+00:00,2026-09-18T06:52:11.664+00:00,2026-09-18T06:52:17.650+00:00,True,96,96.0,,96.0,146553.37180300002,152539.288731,152539.28871700002,1588.950924135417,33.374358,146553.37180300002,14951.114412563464,91.73197975,63.00965187368421,11.574574703085364,0.6293460576526884,63,64,,True,True,,454,87.6246207195492
125,2026-09-18T06:49:45.544+00:00,2026-09-18T06:52:13.326+00:00,2026-09-18T06:52:14.704+00:00,True,23,23.0,,23.0,147782.334823,149160.276583,149160.27668500002,6485.229421086957,34.305047,147782.334823,30801.688770179648,90.6860779,62.63371636363637,10.927322945566766,0.15419654969063887,63,64,,True,True,,118,87.6246207195492
126,2026-09-18T06:49:46.069+00:00,2026-09-18T06:52:15.420+00:00,2026-09-18T06:52:19.544+00:00,True,66,66.0,,66.0,149350.74597,153474.69374599998,153474.693784,2325.374148242424,37.575900000000004,149350.74597,18376.002008311374,94.86307325,63.445350399999995,14.4459448344412,0.43003832351169075,63,64,,True,True,,299,87.6246207195492
127,2026-09-18T06:49:46.532+00:00,2026-09-18T06:52:17.311+00:00,2026-09-18T06:52:19.237+00:00,True,31,31.0,,31.0,150778.904631,152705.24139900002,152705.24148000003,4925.975531612904,37.002051,150778.904631,27069.161892902048,99.3997205,64.2112256,14.71154837474752,0.20300547457307513,63,64,,True,True,,191,87.6246207195492
128,2026-09-18T06:49:46.899+00:00,2026-09-18T06:52:18.678+00:00,2026-09-18T06:52:22.859+00:00,True,67,67.0,,67.0,151779.422139,155960.914107,155960.913974,2327.774835432836,36.318621,151779.422139,18535.070509795773,91.124681,63.35593890909091,10.629900557995434,0.42959481472411326,63,64,,True,True,,252,87.6246207195492
129,2026-09-18T06:49:47.214+00:00,2026-09-18T06:52:19.967+00:00,2026-09-18T06:52:22.724+00:00,True,44,44.0,,44.0,152753.685356,155510.804844,155510.804867,3534.3364742500003,37.873749000000004,152753.685356,23018.820309417122,91.00143495,64.11905786046512,9.926935409571614,0.2829385395062318,63,64,,True,True,,157,87.6246207195492
130,2026-09-18T06:49:47.603+00:00,2026-09-18T06:52:21.462+00:00,2026-09-18T06:52:21.462+00:00,True,1,1.0,,1.0,153859.107129,153859.107129,153859.107129,153859.107129,153859.107129,153859.107129,nan,153859.107129,nan,nan,0.006499452769874522,63,64,,True,True,,3,87.6246207195492
131,2026-09-18T06:49:47.921+00:00,2026-09-18T06:52:22.407+00:00,2026-09-18T06:52:24.439+00:00,True,33,33.0,,33.0,154485.927274,156518.053738,156518.05355699998,4742.97131990909,39.179176,154485.927274,26881.49631216139,94.59727600000001,63.503952,12.537302888759715,0.21083829763970638,63,64,,True,True,,144,87.6246207195492
133,2026-09-18T06:49:48.870+00:00,2026-09-18T06:52:24.330+00:00,2026-09-18T06:52:26.301+00:00,True,32,32.0,,32.0,155459.69349099998,157430.73681899998,157430.73690599998,4919.710528312499,44.507218,155459.69349099998,27470.412237355704,82.85252179999999,63.582042838709675,8.233565840275698,0.20326399181368748,63,64,,True,True,,141,87.6246207195492
132,2026-09-18T06:49:48.781+00:00,2026-09-18T06:52:24.926+00:00,2026-09-18T06:52:26.107+00:00,True,19,19.0,,19.0,156144.462226,157325.899154,157325.899304,8280.31048968421,57.575992,156144.462226,35806.93952702088,15698.9010121,65.6353848888889,8.386333899268886,0.12076841830982744,63,64,,True,True,,76,87.6246207195492
134,2026-09-18T06:49:49.216+00:00,2026-09-18T06:52:27.352+00:00,2026-09-18T06:52:29.053+00:00,True,28,28.0,,28.0,158136.194705,159837.440657,159837.440653,5708.480023321428,37.78972,158136.194705,29873.026073727116,91.30836149999999,63.009109333333335,10.93830302528482,0.1751779801084656,63,64,,True,True,,133,87.6246207195492
135,2026-09-18T06:49:49.584+00:00,2026-09-18T06:52:28.871+00:00,2026-09-18T06:52:33.017+00:00,True,67,67.0,,67.0,159286.988683,163432.719243,163432.719285,2439.2943176865674,37.638980000000004,159286.988683,19452.331854637665,91.3268371,62.814099393939394,10.735926257747712,0.409954630323326,63,64,,True,True,,290,87.6246207195492
136,2026-09-18T06:49:49.956+00:00,2026-09-18T06:52:30.026+00:00,2026-09-18T06:52:34.121+00:00,True,65,65.0,,65.0,160070.145216,164165.10329600002,164165.103153,2525.6169715846154,37.34082,160070.145216,19846.326452860998,99.09037500000001,63.98372,13.735407861724227,0.3959428568859784,63,64,,True,True,,239,87.6246207195492
137,2026-09-18T06:49:50.450+00:00,2026-09-18T06:52:32.198+00:00,2026-09-18T06:52:35.462+00:00,True,52,52.0,,52.0,161747.863909,165011.902053,165011.90210500002,3173.3058097115386,37.30414,161747.863909,22421.521738498548,97.78646434999999,64.00074792156863,13.66612780127679,0.31512878376069003,63,64,,True,True,,231,87.6246207195492
138,2026-09-18T06:49:50.821+00:00,2026-09-18T06:52:33.719+00:00,2026-09-18T06:52:35.805+00:00,True,33,33.0,,33.0,162897.23808,164983.530816,164983.530681,4999.500929727273,38.807576999999995,162897.23808,28345.424015459856,100.33225399999999,65.196648,15.160808066048535,0.20001996464000804,63,64,,True,True,,122,87.6246207195492
139,2026-09-18T06:49:51.229+00:00,2026-09-18T06:52:35.382+00:00,2026-09-18T06:52:38.401+00:00,True,47,47.0,,47.0,164153.07837099998,167171.91510699998,167171.915105,3556.849257553191,38.00138,164153.07837099998,23934.6198556063,103.5278397,65.62688556521739,15.858876314207764,0.2811477033682195,63,64,,True,True,,253,87.6246207195492
140,2026-09-18T06:49:51.722+00:00,2026-09-18T06:52:37.188+00:00,2026-09-18T06:52:41.612+00:00,True,71,71.0,,71.0,165465.286295,169890.047383,169890.04751,2392.8175705633803,34.280326,165465.286295,19629.61955741749,96.9043145,63.210872685714286,13.570466377044372,0.4179173594550695,63,64,,True,True,,353,87.6246207195492
141,2026-09-18T06:49:52.157+00:00,2026-09-18T06:52:38.935+00:00,2026-09-18T06:52:44.919+00:00,True,97,97.0,,97.0,166777.62591,172761.46335,172761.463329,1781.046013701031,34.581565000000005,166777.62591,16927.376876296315,90.60202380000001,62.33164,10.794031383424976,0.5614678072243823,63,64,,True,True,,425,87.6246207195492
142,2026-09-18T06:49:52.635+00:00,2026-09-18T06:52:40.979+00:00,2026-09-18T06:52:45.598+00:00,True,74,74.0,,74.0,168344.773842,172963.058642,172963.058494,2337.3386282972974,40.050824999999996,168344.773842,19562.331246774207,91.65310310000001,63.26417534246575,11.095557124871418,0.42783702243127913,63,64,,True,True,,220,87.6246207195492
143,2026-09-18T06:49:52.953+00:00,2026-09-18T06:52:42.042+00:00,2026-09-18T06:52:45.227+00:00,True,52,52.0,,52.0,169089.287838,172273.84642999998,172273.84634199998,3312.9585835,37.650909,169089.287838,23439.808809225244,89.49430109999999,62.442325333333336,11.395464183349379,0.3018450047850366,63,64,,True,True,,245,87.6246207195492
144,2026-09-18T06:49:53.397+00:00,2026-09-18T06:52:43.822+00:00,2026-09-18T06:52:48.942+00:00,True,82,82.0,,82.0,170424.95809,175545.325194,175545.325355,2140.7966506707317,36.680422,170424.95809,18813.31183694802,93.52692569999999,63.214408691358024,13.089985128778485,0.46711582840146565,63,64,,True,True,,441,87.6246207195492
145,2026-09-18T06:49:53.695+00:00,2026-09-18T06:52:44.708+00:00,2026-09-18T06:52:49.615+00:00,True,79,79.0,,79.0,171012.49726899998,175919.561077,175919.56102899997,2226.8298864430376,38.005978999999996,171012.49726899998,19233.33503569217,90.2368333,62.91107446153846,12.368637994441368,0.4490688785053397,63,64,,True,True,,337,87.6246207195492
146,2026-09-18T06:49:54.173+00:00,2026-09-18T06:52:46.648+00:00,2026-09-18T06:52:50.151+00:00,True,56,56.0,,56.0,172475.203844,175977.902596,175977.90244900002,3142.462543732143,37.69351,172475.203844,23039.462035209297,96.39899175000001,63.68543185454545,13.300695480701517,0.3182217720173742,63,64,,True,True,,65,87.6246207195492
147,2026-09-18T06:49:54.533+00:00,2026-09-18T06:52:48.268+00:00,2026-09-18T06:52:53.724+00:00,True,87,87.0,,87.0,173734.49078,179191.281564,179191.281658,2059.6699041149423,40.914184,173734.49078,18619.49278732562,92.1104054,63.451055627906975,10.497460079491974,0.4855146926828974,63,64,,True,True,,320,87.6246207195492
148,2026-09-18T06:49:55.013+00:00,2026-09-18T06:52:49.902+00:00,2026-09-18T06:52:51.587+00:00,True,28,28.0,,28.0,174888.803464,176574.133128,176574.133016,6306.2190362857145,39.672396,174888.803464,33039.08315529277,96.27714725,62.41961718518519,12.104177366357543,0.15857362289697652,63,64,,True,True,,149,87.6246207195492
149,2026-09-18T06:49:55.394+00:00,2026-09-18T06:52:51.520+00:00,2026-09-18T06:52:53.723+00:00,True,35,35.0,,35.0,176126.070174,178329.720734,178329.720657,5095.134875914286,39.336657,176126.070174,29759.78646897443,93.6095859,64.81325176470588,12.112552361384546,0.196265658107583,63,64,,True,True,,220,87.6246207195492
150,2026-09-18T06:49:55.769+00:00,2026-09-18T06:52:52.794+00:00,2026-09-18T06:52:56.311+00:00,True,54,54.0,,54.0,177025.222075,180541.434299,180541.434417,3343.3598966111113,36.969331,177025.222075,24081.057031089615,96.51861325,66.34362686792453,13.708813099824157,0.2991003157234755,63,64,,True,True,,288,87.6246207195492
151,2026-09-18T06:49:56.102+00:00,2026-09-18T06:52:53.942+00:00,2026-09-18T06:52:57.007+00:00,True,47,47.0,,47.0,177840.897095,180905.946439,180905.94632,3849.0626876595743,37.24479,177840.897095,25931.045497338844,100.57512360000001,66.63150747826087,14.11572641016237,0.2598035107477687,63,64,,True,True,,238,87.6246207195492
152,2026-09-18T06:49:56.418+00:00,2026-09-18T06:52:55.549+00:00,2026-09-18T06:52:58.271+00:00,True,43,43.0,,43.0,179130.51917699998,181852.73664899997,181852.736663,4229.133410767441,39.204536999999995,179130.51917699998,27307.267587693506,100.68887819999998,64.81470171428572,14.308946949037503,0.2364550613444753,63,64,,True,True,,189,87.6246207195492
153,2026-09-18T06:49:56.933+00:00,2026-09-18T06:52:57.372+00:00,2026-09-18T06:52:58.760+00:00,True,23,23.0,,23.0,180438.664533,181827.376981,181827.376958,7905.538128608696,39.720716,180438.664533,37610.90232230577,95.6539531,63.123293090909094,12.648671696898132,0.12649360278899793,63,64,,True,True,,87,87.6246207195492
154,2026-09-18T06:49:57.357+00:00,2026-09-18T06:52:58.915+00:00,2026-09-18T06:53:03.431+00:00,True,74,74.0,,74.0,181558.16250099998,186073.58010099997,186073.58032699997,2514.5078422567567,37.690940000000005,181558.16250099998,21098.519239450125,73.78962335,61.85503561643836,9.37936170595401,0.3976921385606334,63,64,,True,True,,340,87.6246207195492
155,2026-09-18T06:49:57.827+00:00,2026-09-18T06:53:00.720+00:00,2026-09-18T06:53:02.588+00:00,True,31,31.0,,31.0,182892.765757,184761.054269,184761.05428799998,5960.0340092903225,39.800156,182892.765757,32837.32591057225,73.5225625,62.27628373333334,6.537855189884233,0.16778427749641453,63,64,,True,True,,116,87.6246207195492
156,2026-09-18T06:49:58.353+00:00,2026-09-18T06:53:03.052+00:00,2026-09-18T06:53:07.577+00:00,True,76,76.0,,76.0,184698.125553,189223.565041,189223.56490899998,2489.7837488026316,36.615292000000004,184698.125553,21179.408540185257,70.08835525,60.339193173333335,9.057662691339658,0.4016413071148549,63,64,,True,True,,263,87.6246207195492
157,2026-09-18T06:49:58.703+00:00,2026-09-18T06:53:04.478+00:00,2026-09-18T06:53:07.357+00:00,True,50,50.0,,50.0,185775.118143,188654.539583,188654.539593,3773.09079186,34.417615,185775.118143,26264.260465355495,71.3082453,58.76370285714286,9.673303978710342,0.2650347036997862,63,64,,True,True,,199,87.6246207195492
158,2026-09-18T06:49:58.991+00:00,2026-09-18T06:53:05.321+00:00,2026-09-18T06:53:09.684+00:00,True,74,74.0,,74.0,186329.640661,190693.202389,190693.202319,2576.935166472973,34.826295,186329.640661,21653.434737033967,69.73232680000001,59.774818191780824,10.814465999947643,0.38805788078929776,63,64,,True,True,,343,87.6246207195492
159,2026-09-18T06:49:59.495+00:00,2026-09-18T06:53:07.217+00:00,2026-09-18T06:53:10.486+00:00,True,56,56.0,,56.0,187722.821186,190991.258946,190991.25897099997,3410.558195910714,34.286045,187722.821186,25077.578724652878,73.8415495,59.42614109090909,11.774863445454578,0.2932071358084151,63,64,,True,True,,255,87.6246207195492
160,2026-09-18T06:49:59.906+00:00,2026-09-18T06:53:08.734+00:00,2026-09-18T06:53:14.032+00:00,True,88,88.0,,88.0,188827.831402,194126.00305,194126.002986,2205.977306659091,34.846435,188827.831402,20122.625199902504,70.56057685,60.89852468965517,10.175096434613236,0.45331381997977005,63,64,,True,True,,319,87.6246207195492
161,2026-09-18T06:50:00.306+00:00,2026-09-18T06:53:10.359+00:00,2026-09-18T06:53:13.683+00:00,True,55,55.0,,55.0,190053.536593,193377.293905,193377.29381499998,3515.9507966363635,34.211586000000004,190053.536593,25618.51611452169,78.0600957,61.55106133333334,10.247034266536378,0.28441808699122517,63,64,,True,True,,199,87.6246207195492
162,2026-09-18T06:50:00.774+00:00,2026-09-18T06:53:12.105+00:00,2026-09-18T06:53:15.580+00:00,True,55,55.0,,55.0,191331.059847,194805.735047,194805.735037,3541.9224552181818,36.935271,191331.059847,25790.401439377463,93.09323950000002,64.34583703703704,12.521762269215195,0.2823325503570538,63,64,,True,True,,231,87.6246207195492
163,2026-09-18T06:50:01.209+00:00,2026-09-18T06:53:13.516+00:00,2026-09-18T06:53:18.862+00:00,True,85,85.0,,85.0,192306.362475,197652.808811,197652.808798,2325.3271623294117,34.147315,192306.362475,20851.654450113365,92.534365,63.648170666666665,13.684446375450142,0.4300470127964581,63,64,,True,True,,397,87.6246207195492
164,2026-09-18T06:50:01.524+00:00,2026-09-18T06:53:14.908+00:00,2026-09-18T06:53:20.151+00:00,True,84,84.0,,84.0,193384.224254,198626.880254,198626.88027,2364.6057175,34.242616000000005,193384.224254,21093.06019835853,92.12196465000001,63.16453012048193,11.875687211925944,0.4229034856338806,63,64,,True,True,,312,87.6246207195492
165,2026-09-18T06:50:02.683+00:00,2026-09-18T06:53:17.711+00:00,2026-09-18T06:53:21.130+00:00,True,56,56.0,,56.0,195028.71382499998,198446.84912099998,198446.84916999997,3543.693735178571,39.659476000000005,195028.71382499998,26053.50589416196,93.19538550000001,62.14791447272728,11.805268056164767,0.28219142933257074,63,64,,True,True,,325,87.6246207195492
167,2026-09-18T06:50:02.779+00:00,2026-09-18T06:53:17.775+00:00,2026-09-18T06:53:17.929+00:00,True,3,3.0,,3.0,194996.225363,195149.449299,195149.449257,65049.816419,64.18284,194996.225363,112536.89196243009,175505.5069321,76.611968,17.577520582030676,0.015372833542581628,63,64,,True,True,,5,87.6246207195492
166,2026-09-18T06:50:02.769+00:00,2026-09-18T06:53:19.611+00:00,2026-09-18T06:53:21.563+00:00,True,33,33.0,,33.0,196842.29579499998,198793.932787,198793.93292899997,6024.05857360606,37.246531000000004,196842.29579499998,34255.2309961661,94.51161619999999,60.988656,12.793271069739466,0.1660010420708273,63,64,,True,True,,137,87.6246207195492
168,2026-09-18T06:50:02.906+00:00,2026-09-18T06:53:20.499+00:00,2026-09-18T06:53:23.582+00:00,True,51,51.0,,51.0,197592.98937999998,200676.315332,200676.31538999997,3934.8297135294115,35.223414,197592.98937999998,27659.92155042533,97.35457249999999,61.66651904,14.67140154702031,0.2541406040649357,63,64,,True,True,,246,87.6246207195492
169,2026-09-18T06:50:03.196+00:00,2026-09-18T06:53:21.690+00:00,2026-09-18T06:53:27.441+00:00,True,92,92.0,,92.0,198494.668018,204245.63173,204245.631784,2220.061215043478,35.525034,198494.668018,20687.915473743647,95.21893250000001,63.19740342857143,13.813395876295228,0.450438030036394,63,64,,True,True,,438,87.6246207195492
170,2026-09-18T06:50:03.554+00:00,2026-09-18T06:53:23.014+00:00,2026-09-18T06:53:26.407+00:00,True,55,55.0,,55.0,199460.325926,202853.18352599998,202853.183448,3688.2396990545453,34.311276,199460.325926,26886.75591262847,95.2751874,62.830696296296296,13.117355371363528,0.27113205247257344,63,64,,True,True,,241,87.6246207195492
171,2026-09-18T06:50:03.964+00:00,2026-09-18T06:53:24.944+00:00,2026-09-18T06:53:29.210+00:00,True,70,70.0,,70.0,200979.589578,205246.25069800002,205246.250858,2932.0892979714286,36.643541,200979.589578,24014.267113015903,90.17152895,61.8356684057971,10.710155402761385,0.3410537330740244,63,64,,True,True,,454,87.6246207195492
172,2026-09-18T06:50:04.449+00:00,2026-09-18T06:53:26.822+00:00,2026-09-18T06:53:32.422+00:00,True,92,92.0,,92.0,202372.319216,207972.656112,207972.656094,2260.572348847826,35.622174,202372.319216,21092.35896464309,83.05960544999998,61.542163692307696,10.112165857059798,0.4423658461641949,63,64,,True,True,,489,87.6246207195492
173,2026-09-18T06:50:04.925+00:00,2026-09-18T06:53:28.324+00:00,2026-09-18T06:53:34.096+00:00,True,95,95.0,,95.0,203399.701245,209171.936765,209171.93669200002,2201.8098599157897,37.990889,203399.701245,20862.071615239733,89.867493,61.40676085106383,10.839619348550366,0.45417182376013654,63,64,,True,True,,418,87.6246207195492
174,2026-09-18T06:50:05.227+00:00,2026-09-18T06:53:29.460+00:00,2026-09-18T06:53:33.691+00:00,True,70,70.0,,70.0,204232.371033,208463.533401,208463.533509,2978.0504787,37.133581,204232.371033,24403.110677729037,89.65905685,61.321193739130436,11.523506943683083,0.3357901444822397,63,64,,True,True,,215,87.6246207195492
175,2026-09-18T06:50:05.537+00:00,2026-09-18T06:53:30.840+00:00,2026-09-18T06:53:36.992+00:00,True,98,98.0,,98.0,205302.98873500002,211455.09343900002,211455.093602,2157.7050367551024,36.060693,205302.98873500002,20732.33081765966,93.88362864999999,63.42375983505154,12.84410635614898,0.46345537677138415,63,64,,True,True,,405,87.6246207195492
176,2026-09-18T06:50:05.960+00:00,2026-09-18T06:53:32.420+00:00,2026-09-18T06:53:37.180+00:00,True,76,76.0,,76.0,206459.883314,211219.387698,211219.387763,2779.2024705657896,34.972804,206459.883314,23675.297278761846,93.18900599999999,63.46005845333333,13.54704630612723,0.359815454576851,63,64,,True,True,,379,87.6246207195492
177,2026-09-18T06:50:06.268+00:00,2026-09-18T06:53:33.946+00:00,2026-09-18T06:53:35.467+00:00,True,24,24.0,,24.0,207677.73727200003,209199.44479200002,209199.44489900002,8716.643537458334,44.031448,207677.73727200003,42378.5373185282,94.59479055000001,66.16119652173913,12.674086285536932,0.1147230578162499,63,64,,True,True,,103,87.6246207195492
178,2026-09-18T06:50:06.665+00:00,2026-09-18T06:53:35.250+00:00,2026-09-18T06:53:37.534+00:00,True,37,37.0,,37.0,208584.756539,210868.826427,210868.826421,5699.1574708378375,34.701095,208584.756539,34280.69493160447,93.1661674,63.44638577777778,13.826297972263509,0.17546453227314238,63,64,,True,True,,131,87.6246207195492
179,2026-09-18T06:50:07.016+00:00,2026-09-18T06:53:36.664+00:00,2026-09-18T06:53:37.181+00:00,True,9,9.0,,9.0,209648.600693,210165.635957,210165.635987,23351.737331888886,61.368106,209648.600693,69861.32384243167,125818.2708494,64.629408,3.6188165871128963,0.042823366241669526,63,64,,True,True,,40,87.6246207195492
180,2026-09-18T06:50:07.521+00:00,2026-09-18T06:53:38.955+00:00,2026-09-18T06:53:39.203+00:00,True,5,5.0,,5.0,211434.114285,211681.50730899998,211681.507082,42336.3014164,59.407858999999995,211434.114285,94528.5511390139,169160.50871519998,61.848256,2.9204065625858786,0.023620391141212442,63,64,,True,True,,17,87.6246207195492
181,2026-09-18T06:50:07.925+00:00,2026-09-18T06:53:40.287+00:00,2026-09-18T06:53:43.617+00:00,True,55,55.0,,55.0,212362.08932199999,215691.424106,215691.42415299997,3921.6622573272725,36.546762,212362.08932199999,28626.58688773845,92.2151647,61.65434785185185,11.003907062538502,0.2549939119182163,63,64,,True,True,,264,87.6246207195492
182,2026-09-18T06:50:08.261+00:00,2026-09-18T06:53:41.450+00:00,2026-09-18T06:53:41.818+00:00,True,6,6.0,,6.0,213188.848009,213556.800905,213556.80077200002,35592.80012866667,60.127968,213188.848009,87003.940527626,159914.30616425,73.59057920000001,14.742864895671369,0.0280955697714777,63,64,,True,True,,23,87.6246207195492
183,2026-09-18T06:50:08.696+00:00,2026-09-18T06:53:43.183+00:00,2026-09-18T06:53:43.909+00:00,True,13,13.0,,13.0,214487.140505,215213.234073,215213.234248,16554.864172923077,36.940000999999995,214487.140505,59471.24811197905,85835.53233379999,60.507797333333336,8.027247135824306,0.060405207216905725,63,64,,True,True,,56,87.6246207195492
184,2026-09-18T06:50:09.039+00:00,2026-09-18T06:53:44.152+00:00,2026-09-18T06:53:44.152+00:00,True,1,1.0,,1.0,215113.072847,215113.072847,215113.072847,215113.072847,215113.072847,215113.072847,nan,215113.072847,nan,nan,0.004648717935944571,63,64,,True,True,,4,87.6246207195492
185,2026-09-18T06:50:09.552+00:00,2026-09-18T06:53:46.382+00:00,2026-09-18T06:53:49.084+00:00,True,42,42.0,,42.0,216830.381418,219532.609642,219532.60953000002,5226.966893571429,0.020300000000000002,216830.381418,33447.49849550449,93.7384405,65.90800546341463,31.087603108376967,0.19131554108745377,63,64,,True,True,,162,87.6246207195492
186,2026-09-18T06:50:09.870+00:00,2026-09-18T06:53:47.416+00:00,2026-09-18T06:53:52.906+00:00,True,88,88.0,,88.0,217545.48511399998,223035.41484199997,223035.414979,2534.4933520340905,0.018260000000000002,217545.48511399998,23183.71730952076,92.84071475,63.102640551724136,28.602136107797413,0.39455617423959277,63,64,,True,True,,363,87.6246207195492
187,2026-09-18T06:50:10.202+00:00,2026-09-18T06:53:49.332+00:00,2026-09-18T06:53:52.314+00:00,True,49,49.0,,49.0,219129.71973699998,222111.340473,222111.340538,4532.88450077551,33.662927,219129.71973699998,31295.374011058353,94.5370756,62.117098666666664,11.8742908211954,0.22061007734072216,63,64,,True,True,,204,87.6246207195492
188,2026-09-18T06:50:10.637+00:00,2026-09-18T06:53:50.698+00:00,2026-09-18T06:53:52.064+00:00,True,23,23.0,,23.0,220061.26070800002,221427.386276,221427.386346,9627.277667217391,37.51066,220061.26070800002,45872.99895217698,100.5610142,62.096616727272725,14.406274892874498,0.10387152369369279,63,64,,True,True,,99,87.6246207195492
189,2026-09-18T06:50:11.147+00:00,2026-09-18T06:53:52.593+00:00,2026-09-18T06:53:53.560+00:00,True,17,17.0,,17.0,221446.678907,222412.891515,222412.89147,13083.111262941176,40.713924,221446.678907,53694.06295388747,44346.476450199996,60.388288,8.17511863149773,0.07643441836577843,63,64,,True,True,,62,87.6246207195492
190,2026-09-18T06:50:11.569+00:00,2026-09-18T06:53:54.447+00:00,2026-09-18T06:53:59.441+00:00,True,81,81.0,,81.0,222878.154758,227871.98311,227871.982988,2813.234357876543,40.457404000000004,222878.154758,24757.30505307433,72.644054,62.4228544,8.695734628091872,0.35546274225778385,63,64,,True,True,,303,87.6246207195492
191,2026-09-18T06:50:11.934+00:00,2026-09-18T06:53:55.799+00:00,2026-09-18T06:54:00.967+00:00,True,83,83.0,,83.0,223865.670969,229033.476409,229033.476414,2759.43947486747,36.447421000000006,223865.670969,24565.533705267702,74.6272773,63.02201756097561,8.806816300564899,0.3623924384389184,63,64,,True,True,,360,87.6246207195492
192,2026-09-18T06:50:12.378+00:00,2026-09-18T06:53:57.500+00:00,2026-09-18T06:54:00.108+00:00,True,43,43.0,,43.0,225121.440506,227730.018298,227730.01813200003,5296.046933302326,36.13773200000001,225121.440506,34321.22780742138,86.38286120000001,62.10899504761905,10.308998566787842,0.18882007879932464,63,64,,True,True,,204,87.6246207195492
193,2026-09-18T06:50:12.839+00:00,2026-09-18T06:53:59.064+00:00,2026-09-18T06:54:01.818+00:00,True,45,45.0,,45.0,226224.818588,228979.392668,228979.392741,5088.4309498,40.552904000000005,226224.818588,33714.27378835615,89.118739,62.603956363636364,9.821454268355826,0.19652423510986444,63,64,,True,True,,180,87.6246207195492
194,2026-09-18T06:50:13.150+00:00,2026-09-18T06:54:00.359+00:00,2026-09-18T06:54:02.268+00:00,True,31,31.0,,31.0,227208.282198,229117.216086,229117.216105,7390.877938870968,39.820955999999995,227208.282198,40796.3847655073,85.73989949999999,63.6311296,9.665060759330423,0.1353019233105732,63,64,,True,True,,120,87.6246207195492
195,2026-09-18T06:50:13.486+00:00,2026-09-18T06:54:01.816+00:00,2026-09-18T06:54:03.360+00:00,True,25,25.0,,25.0,228329.56206999999,229874.21333399997,229874.213298,9194.96853192,39.528377,228329.56206999999,45653.04130084148,89.89561140000002,64.36046933333334,9.66481828049956,0.10875513019668627,63,64,,True,True,,97,87.6246207195492
196,2026-09-18T06:50:13.802+00:00,2026-09-18T06:54:02.992+00:00,2026-09-18T06:54:06.200+00:00,True,54,54.0,,54.0,229189.892811,232397.245131,232397.245146,4303.652687888889,35.841563,229189.892811,31180.55975781095,69.6567689,60.51608150943396,7.877160922937039,0.2323607578461644,63,64,,True,True,,278,87.6246207195492
197,2026-09-18T06:50:14.293+00:00,2026-09-18T06:54:04.552+00:00,2026-09-18T06:54:08.707+00:00,True,66,66.0,,66.0,230259.335894,234414.23125399998,234414.231205,3551.730775833333,38.038078,230259.335894,28335.10030536305,96.8917635,63.92146707692308,14.247499324756445,0.2815528717984941,63,64,,True,True,,310,87.6246207195492
198,2026-09-18T06:50:14.716+00:00,2026-09-18T06:54:06.005+00:00,2026-09-18T06:54:06.390+00:00,True,7,7.0,,7.0,231289.07801499998,231674.46092699998,231674.46100399998,33096.351572,56.959693,231289.07801499998,87394.77772089731,161922.98265909997,64.23048533333333,4.161249579644781,0.030214810782297156,63,64,,True,True,,40,87.6246207195492
199,2026-09-18T06:50:15.090+00:00,2026-09-18T06:54:07.627+00:00,2026-09-18T06:54:12.387+00:00,True,76,76.0,,76.0,232537.313488,237297.374416,237297.374386,3122.3338735,33.136737999999994,232537.313488,26666.58239340512,91.82900525,63.46747904,13.555509671203898,0.32027324443449734,63,64,,True,True,,299,87.6246207195492
200,2026-09-18T06:50:15.385+00:00,2026-09-18T06:54:08.845+00:00,2026-09-18T06:54:10.415+00:00,True,27,27.0,,27.0,233460.09005199999,235029.78630799998,235029.78638399998,8704.80690311111,36.283851999999996,233460.09005199999,44917.79777677854,86.80813619999999,60.37293292307692,10.913629731185088,0.11487905607256628,63,64,,True,True,,124,87.6246207195492
201,2026-09-18T06:50:15.768+00:00,2026-09-18T06:54:10.084+00:00,2026-09-18T06:54:15.727+00:00,True,92,92.0,,92.0,234315.18956099998,239958.79992899997,239958.79984399996,2608.247824391304,35.382664,234315.18956099998,24422.58393537063,90.38825874999999,62.017696351648354,11.109662398464701,0.3833991503008906,63,64,,True,True,,404,87.6246207195492
202,2026-09-18T06:50:16.145+00:00,2026-09-18T06:54:11.651+00:00,2026-09-18T06:54:12.783+00:00,True,19,19.0,,19.0,235506.0322,236637.92468,236637.924581,12454.627609526315,37.717169,235506.0322,54014.36513030886,23645.486909799994,62.88291555555555,16.046690780345585,0.08029144113604471,63,64,,True,True,,85,87.6246207195492
203,2026-09-18T06:50:17.280+00:00,2026-09-18T06:54:14.860+00:00,2026-09-18T06:54:20.888+00:00,True,95,95.0,,95.0,237580.025946,243608.430426,243608.43043100002,2564.299267694737,37.753620000000005,237580.025946,24368.6190119575,93.4662718,64.13196255319149,11.01198928851634,0.3899700836866472,63,64,,True,True,,320,87.6246207195492
204,2026-09-18T06:50:17.325+00:00,2026-09-18T06:54:15.607+00:00,2026-09-18T06:54:20.519+00:00,True,77,77.0,,77.0,238282.46326,243194.099996,243194.099915,3158.364933961039,36.845011,238282.46326,27147.444265939874,93.6798994,64.62679915789474,11.248566569851025,0.3166195232584445,63,64,,True,True,,334,87.6246207195492
205,2026-09-18T06:50:17.566+00:00,2026-09-18T06:54:17.697+00:00,2026-09-18T06:54:18.756+00:00,True,18,18.0,,18.0,240131.40639199998,241190.45099999997,241190.450849,13399.46949161111,37.507839,240131.40639199998,56584.83229495481,36085.380807899994,62.29674164705882,7.731523726701103,0.07462982023280848,63,64,,True,True,,72,87.6246207195492
206,2026-09-18T06:50:17.985+00:00,2026-09-18T06:54:18.945+00:00,2026-09-18T06:54:20.117+00:00,True,19,19.0,,19.0,240959.880509,242131.686973,242131.687206,12743.773010842106,55.095076,240959.880509,55265.053313528915,24178.161236,65.10035911111112,7.970416523841568,0.07846969654210802,63,64,,True,True,,66,87.6246207195492
207,2026-09-18T06:50:18.441+00:00,2026-09-18T06:54:21.012+00:00,2026-09-18T06:54:23.150+00:00,True,35,35.0,,35.0,242570.80039199998,244709.06112799997,244709.06107899998,6991.687459399999,36.159091999999994,242570.80039199998,40991.31963909328,83.90585649999998,62.89002164705882,10.016836870083095,0.14302698820658932,63,64,,True,True,,202,87.6246207195492
208,2026-09-18T06:50:18.746+00:00,2026-09-18T06:54:22.402+00:00,2026-09-18T06:54:26.675+00:00,True,70,70.0,,70.0,243656.625121,247929.105889,247929.105962,3541.844370885714,36.293642,243656.625121,29115.13743165392,74.95781134999999,61.92001113043478,8.993240650800248,0.2823387748243629,63,64,,True,True,,356,87.6246207195492
209,2026-09-18T06:50:19.239+00:00,2026-09-18T06:54:24.440+00:00,2026-09-18T06:54:27.811+00:00,True,55,55.0,,55.0,245200.862806,248571.095126,248571.095126,4519.474456836363,37.854428999999996,245200.862806,33054.46365586837,90.9710282,62.41170962962963,10.552228931706036,0.22126466463094052,63,64,,True,True,,229,87.6246207195492
210,2026-09-18T06:50:19.612+00:00,2026-09-18T06:54:25.878+00:00,2026-09-18T06:54:28.693+00:00,True,44,44.0,,44.0,246266.005711,249080.44539100002,249080.445402,5660.919213681818,36.784961,246266.005711,37116.13250969203,94.94994415,65.45208558139535,13.866562393167602,0.17664975639067107,63,64,,True,True,,189,87.6246207195492
211,2026-09-18T06:50:20.113+00:00,2026-09-18T06:54:27.527+00:00,2026-09-18T06:54:30.727+00:00,True,51,51.0,,51.0,247414.443298,250614.421538,250614.421576,4914.008266196079,35.088374,247414.443298,34635.99253843304,93.091681,63.999564799999995,13.359781881101343,0.2034998612091723,63,64,,True,True,,244,87.6246207195492
212,2026-09-18T06:50:20.540+00:00,2026-09-18T06:54:29.555+00:00,2026-09-18T06:54:30.915+00:00,True,23,23.0,,23.0,249014.984159,250374.78678300002,250374.78672300003,10885.860292304349,40.980914,249014.984159,51910.32577371492,74.1653611,61.80921018181818,6.352694419659917,0.09186228491902466,63,64,,True,True,,116,87.6246207195492
213,2026-09-18T06:50:21.068+00:00,2026-09-18T06:54:31.267+00:00,2026-09-18T06:54:33.221+00:00,True,32,32.0,,32.0,250199.236137,252153.474345,252153.474368,7879.796074,37.8384,250199.236137,44218.25141011378,95.027265,63.03994219354839,10.78510711419443,0.12690683752474155,63,64,,True,True,,105,87.6246207195492
214,2026-09-18T06:50:21.546+00:00,2026-09-18T06:54:32.883+00:00,2026-09-18T06:54:32.946+00:00,True,2,2.0,,2.0,251337.909503,251400.762367,251400.762545,125700.3812725,62.853042,251337.909503,177678.2963666057,238774.15667994999,62.852864,nan,0.007955425358179141,63,64,,True,True,,5,87.6246207195492
215,2026-09-18T06:50:21.957+00:00,2026-09-18T06:54:34.528+00:00,2026-09-18T06:54:35.744+00:00,True,21,21.0,,21.0,252571.254051,253786.582307,253786.582446,12085.075354571429,43.378038000000004,252571.254051,55102.3060956092,66.388106,60.7664128,5.077659863827883,0.08274669136998254,63,64,,True,True,,87,87.6246207195492
216,2026-09-18T06:50:22.294+00:00,2026-09-18T06:54:35.871+00:00,2026-09-18T06:54:37.112+00:00,True,20,20.0,,20.0,253577.35769900001,254817.785731,254817.78584700002,12740.88929235,34.783495,253577.35769900001,56687.02466358324,12778.4714833,65.28568589473684,15.667322223855322,0.07848745699844172,63,64,,True,True,,73,87.6246207195492
217,2026-09-18T06:50:22.807+00:00,2026-09-18T06:54:37.781+00:00,2026-09-18T06:54:38.860+00:00,True,19,19.0,,19.0,254973.480961,256052.81715299998,256052.81699,13476.464052105262,34.437656000000004,254973.480961,58481.17244358846,25557.897921699998,59.96312177777778,9.128636393183681,0.07420344056846238,63,64,,True,True,,111,87.6246207195492
218,2026-09-18T06:50:23.212+00:00,2026-09-18T06:54:39.610+00:00,2026-09-18T06:54:42.265+00:00,True,43,43.0,,43.0,256398.005702,259053.547974,259053.54803,6024.501116976744,38.611796999999996,256398.005702,39090.688218502335,88.797785,63.22719695238096,8.81467409786947,0.16598884800572472,63,64,,True,True,,172,87.6246207195492
219,2026-09-18T06:50:23.611+00:00,2026-09-18T06:54:40.637+00:00,2026-09-18T06:54:45.448+00:00,True,79,79.0,,79.0,257025.96904499998,261836.71746099996,261836.71751,3314.388829240506,37.064731,257025.96904499998,28910.74267555182,69.0055437,61.67626174358974,7.643975871182496,0.3017147509564501,63,64,,True,True,,157,87.6246207195492
220,2026-09-18T06:50:23.933+00:00,2026-09-18T06:54:42.010+00:00,2026-09-18T06:54:44.324+00:00,True,39,39.0,,39.0,258077.232319,260390.371007,260390.371159,6676.676183564103,37.523559999999996,258077.232319,41315.68404990755,70.375725,60.872070736842105,7.326393311375574,0.14977512359299788,63,64,,True,True,,208,87.6246207195492
221,2026-09-18T06:50:24.313+00:00,2026-09-18T06:54:43.204+00:00,2026-09-18T06:54:44.319+00:00,True,19,19.0,,19.0,258890.474456,260005.72412,260005.724089,13684.511794157894,42.786,258890.474456,59379.334304462805,25952.3461988,61.958314666666666,6.41109776632768,0.07307531426204664,63,64,,True,True,,115,87.6246207195492
222,2026-09-18T06:50:24.749+00:00,2026-09-18T06:54:44.928+00:00,2026-09-18T06:54:49.922+00:00,True,84,84.0,,84.0,260179.324682,265173.772554,265173.772562,3156.8306257380955,35.666773,260179.324682,28381.32770272783,69.7838725,60.17407074698795,9.511373292100746,0.3167734093419598,63,64,,True,True,,403,87.6246207195492
223,2026-09-18T06:50:25.272+00:00,2026-09-18T06:54:46.645+00:00,2026-09-18T06:54:48.195+00:00,True,27,27.0,,27.0,261373.35564300002,262923.201659,262923.201741,9737.896360777779,35.209773999999996,261373.35564300002,50289.85519736307,86.1179056,59.60946215384615,11.651411739362977,0.10269158381472103,63,64,,True,True,,108,87.6246207195492
224,2026-09-18T06:50:25.648+00:00,2026-09-18T06:54:47.742+00:00,2026-09-18T06:54:52.908+00:00,True,88,88.0,,88.0,262093.969403,267259.748603,267259.748802,3037.042600022727,36.585620999999996,262093.969403,27932.98330508672,68.3147089,59.376772413793105,10.296595486207572,0.32926768980359733,63,64,,True,True,,452,87.6246207195492
225,2026-09-18T06:50:25.936+00:00,2026-09-18T06:54:48.957+00:00,2026-09-18T06:54:53.153+00:00,True,71,71.0,,71.0,263021.528878,267217.579822,267217.579673,3763.6278827183096,34.944044999999996,263021.528878,31207.800480368034,80.155225,59.943584914285715,10.842453131226335,0.26570108167020595,63,64,,True,True,,343,87.6246207195492
226,2026-09-18T06:50:26.291+00:00,2026-09-18T06:54:50.361+00:00,2026-09-18T06:54:55.885+00:00,True,93,93.0,,93.0,264070.032526,269594.241934,269594.241924,2898.8628163870967,32.535149000000004,264070.032526,27376.562402259944,71.70702800000001,60.04575443478261,10.733860579256723,0.34496285726594844,63,64,,True,True,,221,87.6246207195492
227,2026-09-18T06:50:26.747+00:00,2026-09-18T06:54:52.106+00:00,2026-09-18T06:54:56.512+00:00,True,74,74.0,,74.0,265358.86128,269764.539872,269764.539821,3645.466754337838,33.910546000000004,265358.86128,30840.32707599382,68.82973999999999,60.35176153424658,10.557000722347668,0.2743132957174879,63,64,,True,True,,248,87.6246207195492
228,2026-09-18T06:50:27.162+00:00,2026-09-18T06:54:53.405+00:00,2026-09-18T06:54:56.858+00:00,True,57,57.0,,57.0,266243.517343,269696.25231899996,269696.252248,4731.513197333333,39.404985999999994,266243.517343,35256.65039647112,90.495802,61.655981714285716,10.625772684813887,0.21134887678223915,63,64,,True,True,,248,87.6246207195492
229,2026-09-18T06:50:27.446+00:00,2026-09-18T06:54:54.427+00:00,2026-09-18T06:54:55.455+00:00,True,18,18.0,,18.0,266981.22722400003,268009.92994400003,268009.929928,14889.440551555557,39.417686,266981.22722400003,62913.817429486284,40136.3494015,60.51192470588236,14.09885068749735,0.06716169062751165,63,64,,True,True,,76,87.6246207195492
230,2026-09-18T06:50:27.808+00:00,2026-09-18T06:54:55.922+00:00,2026-09-18T06:54:57.871+00:00,True,30,30.0,,30.0,268113.829093,270062.720997,270062.720822,9002.090694066666,34.458836000000005,268113.829093,48938.39656806564,101.06163124999999,67.20316910344827,14.49663446365424,0.11108530599576258,63,64,,True,True,,154,87.6246207195492
231,2026-09-18T06:50:28.230+00:00,2026-09-18T06:54:57.592+00:00,2026-09-18T06:54:57.753+00:00,True,3,3.0,,3.0,269361.937764,269522.675556,269522.675702,89840.89190066665,54.496677000000005,269361.937764,155469.788384349,242436.3681137,80.368896,36.58907634372467,0.01113078888004982,63,64,,True,True,,11,87.6246207195492
232,2026-09-18T06:50:28.535+00:00,2026-09-18T06:54:58.892+00:00,2026-09-18T06:55:00.076+00:00,True,20,20.0,,20.0,270357.85220599995,271541.552942,271541.55294499994,13577.077647249998,38.725417,270357.85220599995,60439.923906828546,13606.122773499996,62.300038736842104,11.52330299042539,0.07365355240592555,63,64,,True,True,,88,87.6246207195492
233,2026-09-18T06:50:28.947+00:00,2026-09-18T06:55:00.554+00:00,2026-09-18T06:55:03.886+00:00,True,53,53.0,,53.0,271607.64847799996,274939.72886199993,274939.72891699994,5187.542055037735,39.492576,271607.64847799996,37299.37987071101,96.08258160000001,64.07846892307693,12.202894733909389,0.1927695215943208,63,64,,True,True,,267,87.6246207195492
234,2026-09-18T06:50:29.430+00:00,2026-09-18T06:55:02.261+00:00,2026-09-18T06:55:05.310+00:00,True,49,49.0,,49.0,272830.614389,275879.579509,275879.579549,5630.195501,38.702478,272830.614389,38966.72981893928,91.318865,63.52010666666666,12.818416810543521,0.17761372584084817,63,64,,True,True,,258,87.6246207195492
235,2026-09-18T06:50:29.727+00:00,2026-09-18T06:55:03.207+00:00,2026-09-18T06:55:04.338+00:00,True,18,18.0,,18.0,273480.337241,274611.537753,274611.537709,15256.196539388888,40.922323,273480.337241,64444.25150224815,41103.301627999994,66.5412065882353,15.494009109731731,0.06554713668363833,63,64,,True,True,,77,87.6246207195492
236,2026-09-18T06:50:30.131+00:00,2026-09-18T06:55:04.689+00:00,2026-09-18T06:55:06.179+00:00,True,24,24.0,,24.0,274557.672647,276047.871175,276047.871221,11501.994634208333,38.043428,274557.672647,56030.62640096399,96.79992425,64.79124034782609,13.742352832507772,0.08694144206888396,63,64,,True,True,,117,87.6246207195492
237,2026-09-18T06:50:30.569+00:00,2026-09-18T06:55:06.752+00:00,2026-09-18T06:55:11.203+00:00,True,74,74.0,,74.0,276183.373524,280634.131412,280634.131224,3792.3531246486486,37.46075,276183.373524,32098.57938904065,88.6976008,60.9692861369863,11.096680656279437,0.26368852437040285,63,64,,True,True,,397,87.6246207195492
238,2026-09-18T06:50:30.999+00:00,2026-09-18T06:55:08.411+00:00,2026-09-18T06:55:10.212+00:00,True,32,32.0,,32.0,277412.065774,279213.219822,279213.219896,8725.41312175,36.333462,277412.065774,49029.71865019686,79.68349215,58.10174348387097,12.170878770536813,0.11460775396093414,63,64,,True,True,,149,87.6246207195492
239,2026-09-18T06:50:31.373+00:00,2026-09-18T06:55:09.889+00:00,2026-09-18T06:55:16.031+00:00,True,100,100.0,,100.0,278515.913983,284658.623999,284658.62411,2846.5862411,35.824673000000004,278515.913983,27845.388987118484,90.86216979999999,62.04757591919192,11.489690452890898,0.3512979814036876,63,64,,True,True,,337,87.6246207195492
240,2026-09-18T06:50:31.849+00:00,2026-09-18T06:55:11.598+00:00,2026-09-18T06:55:16.152+00:00,True,74,74.0,,74.0,279749.347763,284303.151795,284303.151911,3841.934485283784,35.169964,279749.347763,32512.95147538384,88.94517425,62.38087715068493,11.447496880501605,0.2602855421502978,63,64,,True,True,,391,87.6246207195492
241,2026-09-18T06:50:32.264+00:00,2026-09-18T06:55:12.599+00:00,2026-09-18T06:55:15.102+00:00,True,41,41.0,,41.0,280334.532724,282837.708148,282837.708138,6898.480686292683,33.371717,280334.532724,43771.127316492384,98.355875,62.5793856,13.439752204342682,0.14495945490601275,63,64,,True,True,,199,87.6246207195492
242,2026-09-18T06:50:32.709+00:00,2026-09-18T06:55:14.076+00:00,2026-09-18T06:55:19.179+00:00,True,84,84.0,,84.0,281367.13649199996,286470.11633199995,286470.116299,3410.3585273690474,37.28301999999999,281367.13649199996,30692.964737288217,76.2344681,61.481684819277106,9.607353466538385,0.29322430233054236,63,64,,True,True,,368,87.6246207195492
243,2026-09-18T06:50:33.225+00:00,2026-09-18T06:55:16.511+00:00,2026-09-18T06:55:19.586+00:00,True,51,51.0,,51.0,283285.63728799997,286361.066152,286361.066198,5614.92286662745,37.758879,283285.63728799997,39659.312276364406,86.1693535,61.508577280000004,11.385176021045726,0.17809683657529507,63,64,,True,True,,229,87.6246207195492
244,2026-09-18T06:50:33.670+00:00,2026-09-18T06:55:18.083+00:00,2026-09-18T06:55:22.356+00:00,True,70,70.0,,70.0,284412.394759,288686.002951,288686.002872,4124.085755314286,35.737303,284412.394759,33986.381510266,81.1761458,61.93635060869565,9.148396388123468,0.24247798398414705,63,64,,True,True,,356,87.6246207195492
245,2026-09-18T06:50:34.852+00:00,2026-09-18T06:55:20.524+00:00,2026-09-18T06:55:20.900+00:00,True,7,7.0,,7.0,285672.44753899996,286048.05227499997,286048.05238499993,40864.007483571426,59.275939,285672.44753899996,107950.37524986244,199990.95421819997,62.60078933333334,3.368909704832272,0.02447141291236747,63,64,,True,True,,16,87.6246207195492
246,2026-09-18T06:50:34.928+00:00,2026-09-18T06:55:21.018+00:00,2026-09-18T06:55:26.811+00:00,True,95,95.0,,95.0,286089.79423400003,291882.81977,291882.819755,3072.450734263158,36.016652,286089.79423400003,29345.872409948544,79.6270381,61.627931234042556,10.155758939506192,0.32547307880216725,63,64,,True,True,,397,87.6246207195492
247,2026-09-18T06:50:34.975+00:00,2026-09-18T06:55:21.456+00:00,2026-09-18T06:55:23.181+00:00,True,29,29.0,,29.0,286480.42796899995,288205.55232099997,288205.55228199996,9938.122492482757,39.055716999999994,286480.42796899995,53186.63993012043,85.9534882,61.611584,10.29604534328408,0.10062262772682512,63,64,,True,True,,86,87.6246207195492
248,2026-09-18T06:50:35.357+00:00,2026-09-18T06:55:24.596+00:00,2026-09-18T06:55:25.541+00:00,True,16,16.0,,16.0,289238.767781,290184.190373,290184.190408,18136.5119005,35.753703,289238.767781,72293.93569856187,72379.04978224999,63.0281728,11.112253785549429,0.05513739387191891,63,64,,True,True,,75,87.6246207195492
249,2026-09-18T06:50:35.742+00:00,2026-09-18T06:55:26.169+00:00,2026-09-18T06:55:30.010+00:00,True,64,64.0,,64.0,290427.058361,294267.379385,294267.379346,4597.92780228125,39.065108,290427.058361,36295.764528914195,91.49817394999998,60.95747657142857,11.895235818207986,0.21748927840304935,63,64,,True,True,,232,87.6246207195492
250,2026-09-18T06:50:36.104+00:00,2026-09-18T06:55:27.235+00:00,2026-09-18T06:55:31.575+00:00,True,71,71.0,,71.0,291130.14833999996,295470.24510799994,295470.245158,4161.5527487042245,35.262334,291130.14833999996,34543.4362142313,96.1321745,62.0013824,12.982977802316455,0.24029492368697955,63,64,,True,True,,383,87.6246207195492
251,2026-09-18T06:50:36.590+00:00,2026-09-18T06:55:29.286+00:00,2026-09-18T06:55:30.297+00:00,True,18,18.0,,18.0,292696.069638,293707.245318,293707.245161,16317.06917561111,38.500338000000006,292696.069638,68975.1067161643,43984.035236949996,59.48092235294118,13.69330273580593,0.0612855157199517,63,64,,True,True,,92,87.6246207195492
252,2026-09-18T06:50:37.098+00:00,2026-09-18T06:55:31.076+00:00,2026-09-18T06:55:31.194+00:00,True,3,3.0,,3.0,293978.210125,294096.54484499997,294096.544804,98032.18160133333,59.024339999999995,293978.210125,169694.2384722258,264586.3201464,59.16736,0.20219859829385564,0.010200731877285787,63,64,,True,True,,16,87.6246207195492
253,2026-09-18T06:50:37.490+00:00,2026-09-18T06:55:32.591+00:00,2026-09-18T06:55:35.025+00:00,True,40,40.0,,40.0,295101.848486,297535.017382,297535.01726199995,7438.375431549999,40.300084000000005,295101.848486,46649.83583998507,91.07040984999999,62.38894605128205,10.944505696164557,0.13443795742752762,63,64,,True,True,,119,87.6246207195492
254,2026-09-18T06:50:37.878+00:00,2026-09-18T06:55:33.924+00:00,2026-09-18T06:55:37.900+00:00,False,63,62.0,,62.0,296045.520233,300021.80439299997,300021.80458399997,4762.250866412698,0.0508,296045.520233,37290.152424337146,93.3352224,64.13361548387097,14.621338000716829,0.2066516469542524,63,64,,True,False,Request timeout: 300.0s exceeded,270,87.6246207195492
255,2026-09-18T06:50:38.348+00:00,2026-09-18T06:55:35.955+00:00,2026-09-18T06:55:36.743+00:00,True,13,13.0,,13.0,297607.108709,298394.654565,298394.654672,22953.43497476923,55.772485,297607.108709,82523.15928473014,119100.2778236,65.62882133333333,10.79976514250623,0.04356646408077052,63,64,,True,True,,43,87.6246207195492
256,2026-09-18T06:50:38.837+00:00,2026-09-18T06:55:37.752+00:00,2026-09-18T06:55:38.890+00:00,False,20,19.0,,19.0,298915.139241,300053.079721,300053.079856,15002.6539928,0.03428,298915.139241,66826.06706769147,15038.6064442,59.89160421052632,17.43396821535835,0.0633221295967596,63,64,,True,False,Request timeout: 300.0s exceeded,70,87.6246207195492
257,2026-09-18T06:50:39.206+00:00,2026-09-18T06:55:39.137+00:00,2026-09-18T06:55:39.266+00:00,False,4,3.0,,3.0,299931.468153,300060.391801,300060.391901,75015.09797525,0.04932,299931.468153,149944.2498624888,254951.64329295003,42.974549333333336,37.20580810275672,0.009997987345126176,63,64,,True,False,Request timeout: 300.0s exceeded,11,87.6246207195492
258,2026-09-18T06:50:39.668+00:00,2026-09-18T06:55:39.766+00:00,2026-09-18T06:55:39.766+00:00,False,1,0.0,,0.0,300098.638575,300098.638575,300098.638575,300098.638575,300098.638575,300098.638575,nan,300098.638575,nan,nan,0.0,63,64,,True,False,"HTTPConnectionPool(host='gpu03', port=9002): Read timed out.",0,87.6246207195492
259,2026-09-18T06:50:40.168+00:00,2026-09-18T06:55:40.159+00:00,2026-09-18T06:55:40.229+00:00,False,3,2.0,,2.0,299990.63394599996,300060.60079399997,300060.600825,100020.20027499998,0.03867,299990.63394599996,173179.47909051686,269998.56337229995,34.983424,49.419364839581334,0.006665320254334411,63,64,,True,False,Request timeout: 300.0s exceeded,10,87.6246207195492
260,2026-09-18T06:50:40.583+00:00,2026-09-18T06:55:40.520+00:00,2026-09-18T06:55:40.611+00:00,False,3,2.0,,2.0,299937.124125,300027.69871699996,300027.698665,100009.23288833332,0.04193,299937.124125,173142.63864772333,269952.46497349994,45.287296,63.98653386420215,0.006666051196448008,63,64,,True,False,Request timeout: 300.0s exceeded,5,87.6246207195492
261,2026-09-18T06:50:41.031+00:00,2026-09-18T06:55:41.125+00:00,2026-09-18T06:55:41.125+00:00,False,1,0.0,,0.0,300093.39539099997,300093.39539099997,300093.39539099997,300093.39539099997,300093.39539099997,300093.39539099997,nan,300093.39539099997,nan,nan,0.0,63,64,,True,False,"HTTPConnectionPool(host='gpu03', port=9002): Read timed out.",0,87.6246207195492
262,2026-09-18T06:50:41.548+00:00,2026-09-18T06:55:41.500+00:00,2026-09-18T06:55:41.615+00:00,False,3,2.0,,2.0,299952.51701099996,300067.23189099994,300067.231896,100022.41063199998,0.038119999999999994,299952.51701099996,173144.56059328985,269968.73298639996,57.35744,81.06172578887791,0.0066651729593936605,63,64,,True,False,Request timeout: 300.0s exceeded,3,87.6246207195492
263,2026-09-18T06:50:41.947+00:00,2026-09-18T06:55:41.834+00:00,2026-09-18T06:55:41.993+00:00,False,5,4.0,,4.0,299887.245273,300045.783257,300045.783115,60009.156622999995,0.041599,299887.245273,134095.93033744962,239921.7785878,39.634496,28.073061365930435,0.013331298832398043,63,64,,True,False,Request timeout: 300.0s exceeded,12,87.6246207195492
264,2026-09-18T06:50:42.420+00:00,2026-09-18T06:55:42.531+00:00,2026-09-18T06:55:42.531+00:00,False,1,0.0,,0.0,300111.154391,300111.154391,300111.154391,300111.154391,300111.154391,300111.154391,nan,300111.154391,nan,nan,0.0,63,64,,True,False,"HTTPConnectionPool(host='gpu03', port=9002): Read timed out.",0,87.6246207195492
265,2026-09-18T06:50:42.791+00:00,2026-09-18T06:55:42.748+00:00,2026-09-18T06:55:42.817+00:00,False,3,2.0,,2.0,299956.288262,300025.508102,300025.508172,100008.502724,0.09504,299956.288262,173159.8651461761,269967.57192280004,34.60992,48.81150190934788,0.006666099868148737,63,64,,True,False,Request timeout: 300.0s exceeded,10,87.6246207195492
266,2026-09-18T06:50:43.125+00:00,2026-09-18T06:55:42.980+00:00,2026-09-18T06:55:43.143+00:00,False,4,3.0,,3.0,299854.419945,300017.16247299995,300017.162419,75004.29060475,0.035588999999999996,299854.419945,149900.091300887,254889.78137955,54.24750933333333,47.7682575899411,0.009999427950292628,63,64,,True,False,Request timeout: 300.0s exceeded,9,87.6246207195492
267,2026-09-18T06:50:43.517+00:00,2026-09-18T06:55:43.624+00:00,2026-09-18T06:55:43.624+00:00,False,1,0.0,,0.0,300106.825311,300106.825311,300106.825311,300106.825311,300106.825311,300106.825311,nan,300106.825311,nan,nan,0.0,63,64,,True,False,"HTTPConnectionPool(host='gpu03', port=9002): Read timed out.",0,87.6246207195492
268,2026-09-18T06:50:43.957+00:00,2026-09-18T06:55:44.050+00:00,2026-09-18T06:55:44.050+00:00,False,1,0.0,,0.0,300092.720396,300092.720396,300092.720396,300092.720396,300092.720396,300092.720396,nan,300092.720396,nan,nan,0.0,63,64,,True,False,TTFT timeout: 300.0s exceeded (TTFT: 300.088s),0,87.6246207195492
269,2026-09-18T06:50:44.286+00:00,2026-09-18T06:55:44.252+00:00,2026-09-18T06:55:44.354+00:00,False,3,2.0,,2.0,299966.33887599997,300068.23890799994,300068.23908399994,100022.74636133332,0.03504,299966.33887599997,173156.23792718828,269979.89150519995,50.950016,72.00460433226664,0.0066651505913399725,63,64,,True,False,Request timeout: 300.0s exceeded,5,87.6246207195492
270,2026-09-18T06:50:44.703+00:00,2026-09-18T06:55:44.495+00:00,2026-09-18T06:55:45.817+00:00,False,23,22.0,,22.0,299792.33976099995,301114.05931299995,301114.059241,13091.915619173911,0.02422,299792.33976099995,62498.49965388146,92.7800581,60.07816145454545,18.98266915318344,0.07306201527153401,63,64,,True,False,Request timeout: 300.0s exceeded,116,87.6246207195492
271,2026-09-18T06:50:45.223+00:00,2026-09-18T06:55:45.536+00:00,2026-09-18T06:55:45.907+00:00,False,8,7.0,,7.0,300313.41306,300683.79795599997,300683.797985,37585.474748125,0.05135,300313.41306,106158.1214049638,195236.52890789998,52.912128,28.33237533019289,0.023280269996537466,63,64,,True,False,Request timeout: 300.0s exceeded,25,87.6246207195492
273,2026-09-18T06:50:46.000+00:00,2026-09-18T06:55:46.111+00:00,2026-09-18T06:55:46.111+00:00,False,1,0.0,,0.0,300110.738361,300110.738361,300110.738361,300110.738361,300110.738361,300110.738361,nan,300110.738361,nan,nan,0.0,63,64,,True,False,"HTTPConnectionPool(host='gpu03', port=9002): Read timed out.",0,87.6246207195492
274,2026-09-18T06:50:46.431+00:00,2026-09-18T06:55:46.719+00:00,2026-09-18T06:55:46.719+00:00,False,1,0.0,,0.0,300288.137938,300288.137938,300288.137938,300288.137938,300288.137938,300288.137938,nan,300288.137938,nan,nan,0.0,63,64,,True,False,"HTTPConnectionPool(host='gpu03', port=9002): Read timed out.",0,87.6246207195492
272,2026-09-18T06:50:45.648+00:00,2026-09-18T06:55:46.773+00:00,2026-09-18T06:55:46.773+00:00,False,1,0.0,,0.0,301124.992047,301124.992047,301124.992047,301124.992047,301124.992047,301124.992047,nan,301124.992047,nan,nan,0.0,63,64,,True,False,"HTTPConnectionPool(host='gpu03', port=9002): Read timed out.",0,87.6246207195492
275,2026-09-18T06:50:46.797+00:00,2026-09-18T06:55:46.897+00:00,2026-09-18T06:55:46.897+00:00,False,1,0.0,,0.0,300099.484522,300099.484522,300099.484522,300099.484522,300099.484522,300099.484522,nan,300099.484522,nan,nan,0.0,63,64,,True,False,"HTTPConnectionPool(host='gpu03', port=9002): Read timed out.",0,87.6246207195492
276,2026-09-18T06:50:47.102+00:00,2026-09-18T06:55:47.108+00:00,2026-09-18T06:55:47.289+00:00,False,3,2.0,,2.0,300006.228279,300186.506551,300186.506551,100062.16885033333,0.02146,300006.228279,173156.65825144053,270023.63113229995,90.139136,127.44557738334763,0.006662524651687538,63,64,,True,False,Request timeout: 300.0s exceeded,2,87.6246207195492
277,2026-09-18T06:50:47.593+00:00,2026-09-18T06:55:47.289+00:00,2026-09-18T06:55:47.593+00:00,True,6,6.0,,6.0,299695.941839,299999.820495,299999.82059899997,49999.97009983333,57.739281999999996,299695.941839,122325.54434360987,224787.92436925,60.7757312,2.805421470964247,0.02000001196700716,63,64,,True,True,,13,87.6246207195492
278,2026-09-18T06:50:47.959+00:00,2026-09-18T06:55:48.063+00:00,2026-09-18T06:55:48.063+00:00,False,1,0.0,,0.0,300104.429713,300104.429713,300104.429713,300104.429713,300104.429713,300104.429713,nan,300104.429713,nan,nan,0.0,63,64,,True,False,"HTTPConnectionPool(host='gpu03', port=9002): Read timed out.",0,87.6246207195492
279,2026-09-18T06:50:48.411+00:00,2026-09-18T06:55:48.517+00:00,2026-09-18T06:55:48.517+00:00,False,1,0.0,,0.0,300105.978239,300105.978239,300105.978239,300105.978239,300105.978239,300105.978239,nan,300105.978239,nan,nan,0.0,63,64,,True,False,"HTTPConnectionPool(host='gpu03', port=9002): Read timed out.",0,87.6246207195492
280,2026-09-18T06:50:48.789+00:00,2026-09-18T06:55:48.745+00:00,2026-09-18T06:55:48.815+00:00,False,3,2.0,,2.0,299956.30782,300025.980012,300025.979909,100008.65996966667,0.0211,299956.30782,173159.74596522437,269967.6421369,34.836096,49.235630213557826,0.0066660893830594505,63,64,,True,False,Request timeout: 300.0s exceeded,7,87.6246207195492
281,2026-09-18T06:50:49.092+00:00,2026-09-18T06:55:48.958+00:00,2026-09-18T06:55:49.106+00:00,False,4,3.0,,3.0,299865.95619199995,300014.40624,300014.4062939999,75003.60157349998,0.02389,299865.95619199995,149908.2410206689,254899.50785599995,49.48334933333334,45.524353393574536,0.009999519815058866,63,64,,True,False,Request timeout: 300.0s exceeded,9,87.6246207195492
282,2026-09-18T06:50:49.610+00:00,2026-09-18T06:55:49.744+00:00,2026-09-18T06:55:49.744+00:00,False,1,0.0,,0.0,300134.88340399996,300134.88340399996,300134.88340399996,300134.88340399996,300134.88340399996,300134.88340399996,nan,300134.88340399996,nan,nan,0.0,63,64,,True,False,TTFT timeout: 300.0s exceeded (TTFT: 300.083s),0,87.6246207195492
283,2026-09-18T06:50:50.134+00:00,2026-09-18T06:55:50.093+00:00,2026-09-18T06:55:50.165+00:00,False,3,2.0,,2.0,299959.46438,300031.222204,300031.222236,100010.407412,0.06962,299959.46438,173160.96649967314,269970.68676560005,35.878912,50.642331473487594,0.006665972912112931,63,64,,True,False,Request timeout: 300.0s exceeded,7,87.6246207195492
284,2026-09-18T06:50:50.467+00:00,2026-09-18T06:55:50.309+00:00,2026-09-18T06:55:50.516+00:00,False,5,4.0,,4.0,299842.401191,300049.087399,300049.087283,60009.8174566,0.03614,299842.401191,134070.49350205253,239888.5919674,51.671552,34.81209575410968,0.013331152028070893,63,64,,True,False,Request timeout: 300.0s exceeded,19,87.6246207195492
285,2026-09-18T06:50:50.993+00:00,2026-09-18T06:55:51.119+00:00,2026-09-18T06:55:51.119+00:00,False,1,0.0,,0.0,300126.394154,300126.394154,300126.394154,300126.394154,300126.394154,300126.394154,nan,300126.394154,nan,nan,0.0,63,64,,True,False,"HTTPConnectionPool(host='gpu03', port=9002): Read timed out.",0,87.6246207195492
286,2026-09-18T06:50:51.301+00:00,2026-09-18T06:55:51.330+00:00,2026-09-18T06:55:51.330+00:00,False,1,0.0,,0.0,300029.307899,300029.307899,300029.307899,300029.307899,300029.307899,300029.307899,nan,300029.307899,nan,nan,0.0,63,64,,True,False,"HTTPConnectionPool(host='gpu03', port=9002): Read timed out.",0,87.6246207195492
287,2026-09-18T06:50:51.662+00:00,2026-09-18T06:55:51.549+00:00,2026-09-18T06:55:51.680+00:00,False,4,3.0,,3.0,299886.972977,300017.604145,300017.604072,75004.401018,0.02278,299886.972977,149921.71951549093,254917.89193369998,43.54372266666667,46.830912178265386,0.009999413229598637,63,64,,True,False,Request timeout: 300.0s exceeded,7,87.6246207195492
288,2026-09-18T06:50:51.994+00:00,2026-09-18T06:55:52.042+00:00,2026-09-18T06:55:52.042+00:00,False,1,0.0,,0.0,300047.491248,300047.491248,300047.491248,300047.491248,300047.491248,300047.491248,nan,300047.491248,nan,nan,0.0,63,64,,True,False,"HTTPConnectionPool(host='gpu03', port=9002): Read timed out.",0,87.6246207195492
289,2026-09-18T06:50:52.513+00:00,2026-09-18T06:55:52.570+00:00,2026-09-18T06:55:52.570+00:00,False,1,0.0,,0.0,300056.766977,300056.766977,300056.766977,300056.766977,300056.766977,300056.766977,nan,300056.766977,nan,nan,0.0,63,64,,True,False,"HTTPConnectionPool(host='gpu03', port=9002): Read timed out.",0,87.6246207195492
290,2026-09-18T06:50:53.015+00:00,2026-09-18T06:55:52.818+00:00,2026-09-18T06:55:53.035+00:00,False,7,6.0,,6.0,299802.40984100004,300019.47659300006,300019.47649400006,42859.92521342858,0.05603,299802.40984100004,113300.98776086938,209882.83687310002,36.177792,22.321220094950725,0.019998701644758452,63,64,,True,False,Request timeout: 300.0s exceeded,17,87.6246207195492
