EXPERIMENT_TYPE,MODEL_USED,MIN_INPUT_TOKENS,MAX_INPUT_TOKENS,MIN_OUTPUT_TOKENS,MAX_OUTPUT_TOKENS,REQ_MIN,EVALUATION,DURATION,URL,GPU_COUNT,TOTAL_REQUESTS,SUCCESS_RATE,MEDIAN_PROMPT_TOKENS,MEDIAN_RESPONSE_TOKENS,JOB_ID,STAGE,RESPONSES_WITHIN_EXPECTED_INTERVAL,RESPONSES_OUTSIDE_EXPECTED_INTERVAL,AVG_TOKENS_PER_REQUEST,AVG_TOKENS_PER_RESPONSE,INPUT_TOKEN_VARIANCE,OUTPUT_TOKEN_VARIANCE,INPUT_TOKEN_PERCENTILES,OUTPUT_TOKEN_PERCENTILES,REQUEST_TOTAL_TOKEN_PERCENTILES,ADDITIVE_EXPECTED_PROPORTIONS,ADDITIVE_TRUE_PROPORTIONS,TERMINATION_REASON,BINARY_SEARCH_DISTANCE,BINARY_SEARCH_RELATIVE_DISTANCE,LARGEST_TRUE,SMALLEST_FALSE,FINISHED,WORKLOAD_MIX,ADDITIVE
MIT,meta-llama/Llama-3.1-8B-Instruct,,,,,3072.0,FALSE,120s,gpu03:9002,1,6157,83.31979860321586,19,81.039,72724,2,5983,173,854.879324,96.30242,52476.214851,57083.938752,"{""p50"":813.0,""p75"":911.0,""p90"":974.0,""p95"":984.0,""p99"":996.0}","{""p50"":44.0,""p75"":75.0,""p90"":94.0,""p95"":166.4,""p99"":1366.08}","{""p50"":872.0,""p75"":973.0,""p90"":1033.0,""p95"":1068.0,""p99"":1390.32}","{""600-1000:1-100"":0.941176,""1-100:1000-1500"":0.058824}","{""600-1000:1-100"":0.934059,""1-100:1000-1500"":0.065941}",,,,2048,4096,FALSE,"[(600-1000:1-100,0.941176),(1-100:1000-1500,0.058824)]",TRUE
